Node	LH_Vis_1	LH_Vis_2	LH_Vis_3	LH_Vis_4	LH_Vis_5	LH_Vis_6	LH_Vis_7	LH_Vis_8	LH_Vis_9	LH_SomMot_1	LH_SomMot_2	LH_SomMot_3	LH_SomMot_4	LH_SomMot_5	LH_SomMot_6	LH_DorsAttn_Post_1	LH_DorsAttn_Post_2	LH_DorsAttn_Post_3	LH_DorsAttn_Post_4	LH_DorsAttn_Post_5	LH_DorsAttn_Post_6	LH_DorsAttn_PrCv_1	LH_DorsAttn_FEF_1	LH_SalVentAttn_ParOper_1	LH_SalVentAttn_FrOperIns_1	LH_SalVentAttn_FrOperIns_2	LH_SalVentAttn_PFCl_1	LH_SalVentAttn_Med_1	LH_SalVentAttn_Med_2	LH_SalVentAttn_Med_3	LH_Limbic_OFC_1	LH_Limbic_TempPole_1	LH_Limbic_TempPole_2	LH_Cont_Par_1	LH_Cont_PFCl_1	LH_Cont_pCun_1	LH_Cont_Cing_1	LH_Default_Temp_1	LH_Default_Temp_2	LH_Default_Par_1	LH_Default_Par_2	LH_Default_PFC_1	LH_Default_PFC_2	LH_Default_PFC_3	LH_Default_PFC_4	LH_Default_PFC_5	LH_Default_PFC_6	LH_Default_PFC_7	LH_Default_pCunPCC_1	LH_Default_pCunPCC_2	RH_Vis_1	RH_Vis_2	RH_Vis_3	RH_Vis_4	RH_Vis_5	RH_Vis_6	RH_Vis_7	RH_Vis_8	RH_SomMot_1	RH_SomMot_2	RH_SomMot_3	RH_SomMot_4	RH_SomMot_5	RH_SomMot_6	RH_SomMot_7	RH_SomMot_8	RH_DorsAttn_Post_1	RH_DorsAttn_Post_2	RH_DorsAttn_Post_3	RH_DorsAttn_Post_4	RH_DorsAttn_Post_5	RH_DorsAttn_PrCv_1	RH_DorsAttn_FEF_1	RH_SalVentAttn_TempOccPar_1	RH_SalVentAttn_TempOccPar_2	RH_SalVentAttn_FrOperIns_1	RH_SalVentAttn_Med_1	RH_SalVentAttn_Med_2	RH_Limbic_OFC_1	RH_Limbic_TempPole_1	RH_Cont_Par_1	RH_Cont_Par_2	RH_Cont_PFCl_1	RH_Cont_PFCl_2	RH_Cont_PFCl_3	RH_Cont_PFCl_4	RH_Cont_Cing_1	RH_Cont_PFCmp_1	RH_Cont_pCun_1	RH_Default_Par_1	RH_Default_Temp_1	RH_Default_Temp_2	RH_Default_Temp_3	RH_Default_PFCv_1	RH_Default_PFCv_2	RH_Default_PFCdPFCm_1	RH_Default_PFCdPFCm_2	RH_Default_PFCdPFCm_3	RH_Default_pCunPCC_1	RH_Default_pCunPCC_2	LH-Pu	LH-Ca	LH-NAC	LH-EXA	LH-GPe	LH-GPi	LH-SNc_PBP_VTA	LH-RN	LH-SNr	LH-VeP	LH-HN	LH-HTH	LH-MN	LH-STH	RH-Pu	RH-Ca	RH-NAC	RH-EXA	RH-GPe	RH-GPi	RH-SNc_PBP_VTA	RH-RN	RH-SNr	RH-VeP	RH-HN	RH-HTH	RH-MN	RH-STH	LH-Pulvinar	LH-Anterior	LH-Medio_Dorsal	LH-Ventral_Latero_Dorsal	LH-Central_Lateral-Lateral_Posterior-Medial_Pulvinar	LH-Ventral_Anterior	LH-Ventral_Latero_Ventral	RH-Pulvinar	RH-Anterior	RH-Medio_Dorsal	RH-Ventral_Latero_Dorsal	RH-Central_Lateral-Lateral_Posterior-Medial_Pulvinar	RH-Ventral_Anterior	RH-Ventral_Latero_Ventral	LH_Hippocampus	LH_Amygdala	RH_Hippocampus	RH_Amygdala	Cerebellar_Region1	Cerebellar_Region2	Cerebellar_Region3	Cerebellar_Region4	Cerebellar_Region5	Cerebellar_Region6	Cerebellar_Region7	Cerebellar_Region8	Cerebellar_Region9	Cerebellar_Region10
LH_Vis_1	1.0	0.37066757678985596	0.5329138040542603	-0.1608063280582428	0.2686278522014618	0.43545523285865784	0.2057552933692932	0.17383475601673126	0.29083165526390076	0.27809789776802063	-0.1450422704219818	-0.060919202864170074	-0.15683303773403168	-0.16792850196361542	-0.2141885608434677	0.20432090759277344	0.10751715302467346	0.34350666403770447	-0.17399339377880096	0.3194124102592468	-0.1930980086326599	-0.03971647471189499	0.08563914895057678	-0.26539552211761475	0.27473121881484985	-0.12812069058418274	-0.25076115131378174	-0.2024279236793518	-0.036031294614076614	-0.1892918050289154	0.3822440803050995	0.0986916795372963	0.4871731400489807	-0.1759244054555893	0.23125401139259338	0.01729550212621689	-0.13378740847110748	0.5857483744621277	0.2799837589263916	0.06100831925868988	0.16313578188419342	0.41541624069213867	0.14355413615703583	0.20380017161369324	0.2507484555244446	0.016222191974520683	0.08290121704339981	0.41314080357551575	0.4774882197380066	0.3084380626678467	0.6803005337715149	0.4967118501663208	0.08565618842840195	0.07657976448535919	0.3000129759311676	0.5059496164321899	0.23964954912662506	0.263521671295166	0.09066534787416458	-0.017161116003990173	-0.14053255319595337	0.05417342856526375	0.1789664924144745	-0.2524126470088959	-0.24162736535072327	-0.16448549926280975	0.6474130749702454	0.08063645660877228	0.05465161055326462	0.22697772085666656	-0.10299241542816162	0.2080390602350235	0.11220701783895493	0.22638824582099915	-0.10423129796981812	-0.12441480159759521	0.08337295055389404	-0.16962388157844543	0.4181935787200928	0.129390686750412	0.07691740989685059	0.24903139472007751	0.19173206388950348	0.037340905517339706	-0.18080221116542816	0.19545160233974457	0.07683135569095612	0.12095840275287628	0.2792823612689972	0.27859699726104736	0.3269418478012085	0.28472524881362915	0.16384240984916687	0.08517670631408691	0.07880660891532898	0.21057283878326416	0.011419597081840038	0.27184703946113586	0.644947350025177	0.35814332962036133	0.24725545942783356	0.2291332185268402	0.4157097637653351	0.0729760080575943	0.04557206109166145	-0.2523800730705261	0.12781976163387299	0.2585904896259308	-0.14525233209133148	0.20411723852157593	0.06428612023591995	0.13522081077098846	0.6224561333656311	0.23117028176784515	0.15374170243740082	0.061571866273880005	0.15769170224666595	0.14542508125305176	-0.010063338093459606	-0.29198628664016724	-0.27273938059806824	-0.20241568982601166	0.02677718549966812	-0.09630628675222397	-0.21583372354507446	0.12665699422359467	0.48853957653045654	0.19374017417430878	0.11599701642990112	0.2657737135887146	0.082973912358284	-0.04467669874429703	-0.0956735834479332	0.05811399966478348	-0.08170910179615021	-0.01501062884926796	-0.16903315484523773	0.10006347298622131	0.02347302995622158	-0.21203580498695374	0.10320853441953659	-0.43474331498146057	0.5639449954032898	0.5818557143211365	0.41871511936187744	0.2820858657360077	-0.04172459617257118	-0.36756816506385803	-0.1252201497554779	-0.031067924574017525	0.1888512223958969	-0.18029490113258362	0.29081225395202637	0.1310112178325653	-0.12327105551958084	0.13529832661151886
LH_Vis_2	0.37066757678985596	1.0	0.6245666742324829	-0.0033199761528521776	0.5708659291267395	0.4538094699382782	0.6051524877548218	0.5561981201171875	0.520281195640564	0.44251370429992676	0.2662160098552704	0.25020068883895874	-0.01097603514790535	0.246769979596138	0.2619454562664032	0.5385711789131165	0.1438232809305191	0.5088033676147461	0.17755387723445892	0.3782039284706116	0.3012068271636963	-0.09366892278194427	0.22414469718933105	0.05592789128422737	0.5124529004096985	0.24298715591430664	0.09222321212291718	0.14427947998046875	0.175369992852211	0.2614157199859619	0.09859105199575424	0.44471487402915955	0.16279517114162445	0.17656314373016357	0.03127051517367363	-0.16230376064777374	-0.1957310289144516	0.4465012848377228	0.21671481430530548	0.21643784642219543	0.17510932683944702	0.2132013589143753	0.1569547951221466	-0.16189958155155182	-0.09218129515647888	0.1037989929318428	0.16700424253940582	0.10043487697839737	-0.025307005271315575	0.029061857610940933	0.3051266074180603	0.7621315717697144	0.5397297739982605	0.22845019400119781	0.37190815806388855	0.48032814264297485	0.6294587254524231	0.5164268612861633	0.12730789184570312	-0.1983068734407425	-0.369109183549881	-0.156820148229599	0.15884408354759216	-0.2945890426635742	-0.10161678493022919	0.1767559051513672	0.30266696214675903	-0.11424268782138824	0.27623170614242554	0.4284436106681824	0.3277316987514496	0.17864710092544556	0.291279137134552	0.18473128974437714	0.08473159372806549	0.20856449007987976	0.3966176211833954	0.4157198667526245	0.07564634084701538	0.1103074923157692	0.20655183494091034	0.11232428252696991	-0.1790798455476761	0.2821384370326996	0.16616852581501007	0.1874779760837555	0.1198185607790947	0.31609103083610535	0.4285178780555725	0.13374264538288116	0.1977282613515854	0.1270572543144226	0.20281612873077393	0.10546910017728806	0.16398940980434418	0.03424660861492157	0.13016819953918457	0.17131058871746063	0.05801090970635414	0.06211582198739052	0.18444925546646118	0.19344186782836914	0.23805516958236694	-0.3312443494796753	0.15496058762073517	-0.15307316184043884	0.21998099982738495	0.33335787057876587	0.020538289099931717	0.16051431000232697	0.16804637014865875	-0.08166107535362244	0.21568790078163147	-0.03078179620206356	0.03191051632165909	0.11927008628845215	-0.18599504232406616	-0.06834091246128082	0.10056164115667343	-0.3456932604312897	-0.2815909683704376	0.19295470416545868	-0.12059435993432999	0.13254889845848083	-0.059418678283691406	-0.14310401678085327	0.02423870377242565	0.18994131684303284	0.10203243792057037	0.04081662371754646	0.1415274292230606	0.22321189939975739	-0.028357381001114845	0.1810237467288971	0.1798376441001892	0.009525468572974205	-0.1616780012845993	-0.0714576467871666	-0.04015713930130005	0.08424396067857742	-0.0987623780965805	-0.2429450899362564	0.0015801774570718408	0.2021428942680359	-0.18479569256305695	0.060352008789777756	0.37243834137916565	0.05439622700214386	0.25286865234375	0.42830318212509155	0.38763347268104553	0.24000895023345947	0.3464149832725525	0.18335938453674316	0.08162703365087509	0.25312480330467224
LH_Vis_3	0.5329138040542603	0.6245666742324829	1.0	-0.4921323359012604	0.2964837849140167	0.8742789626121521	0.6914247274398804	0.7914503812789917	0.8843268156051636	0.633522629737854	0.32650792598724365	0.189539834856987	0.0564846396446228	0.06296463310718536	0.11622780561447144	0.1669718474149704	0.255900114774704	0.40874308347702026	0.044800370931625366	0.32059088349342346	0.12823094427585602	-0.25310635566711426	0.08183459937572479	0.10179827362298965	0.5580793023109436	0.1513492614030838	-0.10127931088209152	-0.0802420824766159	0.10338408499956131	0.05560837686061859	0.21106281876564026	0.15663990378379822	0.2209818959236145	-0.31242644786834717	-0.19251596927642822	-0.2685524523258209	-0.19652396440505981	0.37421491742134094	0.025347545742988586	0.04314463213086128	-0.11124219745397568	0.03217773512005806	0.00545306783169508	-0.08530450612306595	-0.0781564936041832	-0.13974618911743164	-0.19281050562858582	-0.06022757664322853	0.07434411346912384	-0.07937948405742645	0.28282079100608826	0.806056559085846	0.334379106760025	-0.20119839906692505	0.7658044099807739	0.8924845457077026	0.6724483370780945	0.8530550003051758	0.33491799235343933	0.13583454489707947	-0.16108500957489014	-0.014973155222833157	0.2823066711425781	0.005247435532510281	0.09604839980602264	0.11779413372278214	0.3095584213733673	0.18344205617904663	-0.030990876257419586	0.6005467772483826	0.23038798570632935	-0.03230840340256691	0.16572760045528412	0.2961069643497467	0.16459360718727112	0.2112790048122406	0.31716760993003845	0.1512152999639511	0.042943477630615234	0.18870805203914642	0.045706599950790405	-0.18635030090808868	-0.15978462994098663	-0.04458178952336311	-0.09868237376213074	-0.13238096237182617	-0.12200719863176346	0.023799477145075798	0.056375905871391296	-0.011666178703308105	0.023846831172704697	0.2489136904478073	0.2214418202638626	0.06166507676243782	0.08715172111988068	-0.01794748567044735	-0.15428516268730164	-0.18889501690864563	0.24739016592502594	-0.01302768848836422	0.15601372718811035	-0.10973228514194489	0.3683632016181946	-0.3337484300136566	0.10641582310199738	-0.42897555232048035	-0.1955675482749939	0.19463273882865906	-0.4308369755744934	0.16894932091236115	0.005270247347652912	-0.11952102929353714	0.4253707528114319	-0.01381773129105568	-0.024031898006796837	-0.12898404896259308	-0.03128061443567276	0.0631139948964119	-0.26007089018821716	-0.4027143716812134	-0.3253406882286072	0.16401822865009308	-0.19619916379451752	-0.0787309929728508	0.07472671568393707	-0.20017531514167786	0.3243170976638794	0.13774077594280243	-0.09636425226926804	-0.17689810693264008	-0.1523888260126114	-0.20946449041366577	-0.30883345007896423	-0.07094649970531464	-0.22881647944450378	-0.13712508976459503	-0.2915593385696411	-0.33321455121040344	-0.11438637226819992	-0.07405172288417816	-0.363357275724411	-0.3986937999725342	0.3077622950077057	0.45743846893310547	0.24694056808948517	0.2022148072719574	0.07525531947612762	-0.1339835375547409	-0.08482475578784943	0.10508037358522415	0.11957022547721863	-0.00906233862042427	0.232679545879364	0.08217158913612366	0.051381874829530716	0.04466027021408081
LH_Vis_4	-0.1608063280582428	-0.0033199761528521776	-0.4921323359012604	1.0	0.34690847992897034	-0.4288296401500702	-0.2239702045917511	-0.28206148743629456	-0.44214263558387756	-0.2982734739780426	-0.2220950573682785	-0.09180650860071182	-0.012244301848113537	-0.0713292583823204	0.02497170865535736	0.308451771736145	0.01950949802994728	-0.09388209879398346	0.007579389959573746	-0.1360308825969696	-0.010737662203609943	0.20027102530002594	-0.05365941673517227	-0.10573460161685944	-0.24503405392169952	-0.09311752766370773	0.07592187821865082	-0.18661808967590332	0.06457587331533432	0.041929636150598526	-0.09160060435533524	-0.1329943686723709	0.14472085237503052	0.2531132400035858	0.07005050778388977	0.16953331232070923	0.14438548684120178	-0.09026475995779037	-0.06069014593958855	0.025780830532312393	0.15690994262695312	-0.1058640256524086	-0.2562030255794525	0.061299171298742294	0.01840556040406227	0.006688447203487158	0.09652530401945114	0.06818164139986038	0.20432837307453156	0.25501373410224915	0.10407711565494537	-0.36172741651535034	0.14612643420696259	0.838702380657196	-0.4040428698062897	-0.4728573262691498	-0.04804084822535515	-0.3990689814090729	-0.26898956298828125	-0.2709229290485382	-0.06303366273641586	-0.023788247257471085	0.01389191672205925	-0.10967377573251724	-0.14785981178283691	-0.06447707861661911	0.13088975846767426	-0.15454454720020294	0.03393138572573662	-0.31406742334365845	-0.1648397147655487	0.07025930285453796	-0.08694931119680405	-0.04501919448375702	-0.02366603910923004	-0.24128873646259308	-0.11165530234575272	-0.13561372458934784	0.02438177540898323	-0.2554524838924408	-0.038787130266427994	0.21095013618469238	-0.04318661242723465	-0.028704045340418816	-0.03724640607833862	0.07489077001810074	0.18385960161685944	-0.17516393959522247	0.04422209411859512	0.04288544878363609	0.1911412626504898	-0.16332761943340302	-0.18598687648773193	-0.27569419145584106	-0.23249036073684692	-0.173857644200325	-0.052349112927913666	0.16741280257701874	0.13420796394348145	0.26048052310943604	-0.0691017359495163	0.02875225432217121	-0.2577611207962036	0.18441613018512726	-0.22584566473960876	0.2269567996263504	0.2964884340763092	0.07347085326910019	0.3100431263446808	-0.07477646321058273	-0.07297255843877792	-0.15074627101421356	-0.05676880106329918	-0.23827727138996124	-0.19013120234012604	-0.20129112899303436	-0.10989642143249512	-0.26871588826179504	0.2762739956378937	0.03865604102611542	0.2620266377925873	-0.15404753386974335	0.10255427658557892	0.17287148535251617	-0.2640102207660675	0.14146165549755096	-0.2494611144065857	-0.10906531661748886	0.18198232352733612	0.14429673552513123	0.15569022297859192	0.2976689636707306	0.04806271195411682	0.23720313608646393	0.04155658930540085	0.17448432743549347	-0.049837611615657806	0.18276558816432953	0.15565705299377441	-0.1365761160850525	0.18591898679733276	0.2860550284385681	-0.15662798285484314	-0.23095101118087769	-0.22979547083377838	-0.05240226164460182	0.16396407783031464	0.001292371773160994	0.2449629306793213	0.1851070523262024	0.11685602366924286	0.15224310755729675	0.10853808373212814	0.17996099591255188	0.07946420460939407	0.16393545269966125
LH_Vis_5	0.2686278522014618	0.5708659291267395	0.2964837849140167	0.34690847992897034	1.0	0.3931512236595154	0.27889397740364075	0.3485918641090393	0.2964012324810028	0.23466584086418152	0.308565616607666	0.33439695835113525	0.15298022329807281	0.31396281719207764	0.20569434762001038	0.39050573110580444	0.32967081665992737	0.2720917761325836	0.2125479131937027	0.22342051565647125	0.2308710515499115	0.1502446085214615	0.3561914265155792	0.23588567972183228	0.20095515251159668	-0.04396529495716095	-0.1603768765926361	-0.28223317861557007	0.16398030519485474	0.23641252517700195	0.057029206305742264	0.23648811876773834	0.2071274071931839	0.04330157861113548	-0.16701678931713104	-0.2821374237537384	-0.35316404700279236	0.4355393648147583	0.1158963143825531	0.14703360199928284	0.04388289153575897	-0.06642700731754303	-0.07567919045686722	-0.13144339621067047	-0.3307306468486786	-0.09947588294744492	-0.07513419538736343	-0.007583553437143564	0.0453333780169487	0.09820032119750977	0.10721808671951294	0.3006748557090759	0.20328748226165771	0.43802687525749207	0.44361579418182373	0.2912968695163727	0.33599671721458435	0.31329888105392456	-0.06183440983295441	-0.15533313155174255	-0.15816643834114075	0.05298583209514618	0.29139140248298645	-0.1960025429725647	-0.06230133771896362	0.056350745260715485	0.09076960384845734	-0.18502530455589294	-0.10525530576705933	0.09226784110069275	0.12139396369457245	0.11200946569442749	0.0683412030339241	0.0692027136683464	-0.044044893234968185	-0.111001156270504	0.039363693445920944	0.11399631947278976	-0.1436566263437271	0.11752866208553314	-0.04201582074165344	-0.1672099232673645	-0.3730166554450989	-0.04113456979393959	-0.22581465542316437	-0.11701951920986176	-0.08097438514232635	-0.22725629806518555	-0.05885150656104088	-0.09690053015947342	-0.017857898026704788	0.3052429258823395	0.0003132469719275832	-0.16235215961933136	-0.06791937351226807	-0.1916978359222412	-0.19181032478809357	-0.12684793770313263	0.14934620261192322	-0.07123161107301712	0.25665950775146484	-0.0404016450047493	0.03778520226478577	-0.2716173231601715	-0.06479723006486893	0.020844731479883194	-0.05209704861044884	0.028114182874560356	-0.2631020247936249	0.11783114820718765	0.10768022388219833	-0.05547440052032471	0.2559890151023865	-0.05111883208155632	0.05924972519278526	-0.17728324234485626	-0.1979493796825409	-0.3055470883846283	0.04919733107089996	-0.10091147571802139	-0.27979713678359985	-0.04680049791932106	-0.32952359318733215	0.19892998039722443	-0.28803279995918274	0.028523588553071022	-0.08438217639923096	0.08263079077005386	0.2803926169872284	-0.09192048013210297	-0.0004572389298118651	0.06346408277750015	-0.06879199296236038	-0.03340991958975792	-0.02023407071828842	0.052159182727336884	-0.34825825691223145	-0.07236378639936447	0.08657041192054749	-0.24949193000793457	-0.17474637925624847	-0.09730140119791031	-0.03559296578168869	-0.016329864040017128	-0.16712959110736847	0.038809873163700104	0.038615528494119644	-0.10440388321876526	0.005764305125921965	0.05621132627129555	-0.054373692721128464	-0.10283856838941574	0.086728036403656	-0.0856468454003334	-0.07354190200567245	-0.11243382841348648
LH_Vis_6	0.43545523285865784	0.4538094699382782	0.8742789626121521	-0.4288296401500702	0.3931512236595154	1.0	0.6426185965538025	0.7736337184906006	0.9047750234603882	0.519410252571106	0.4193687438964844	0.28641435503959656	0.14373157918453217	0.13892024755477905	0.13491639494895935	0.15310853719711304	0.320584237575531	0.3924052119255066	0.14843642711639404	0.24879226088523865	0.129523366689682	-0.14596085250377655	0.17560043931007385	0.16615672409534454	0.4340057075023651	0.03691974654793739	-0.25617891550064087	-0.21078506112098694	0.024324219673871994	0.018321208655834198	0.18205669522285461	0.12719027698040009	0.09704023599624634	-0.3055186867713928	-0.3015660345554352	-0.257699579000473	-0.21063263714313507	0.3320992887020111	0.009015443734824657	0.04122256487607956	-0.11990750581026077	-0.15788517892360687	-0.0881274864077568	0.01026926003396511	-0.22945208847522736	-0.1859782487154007	-0.1992756426334381	-0.10724915564060211	0.2081877589225769	-0.0007201494881883264	0.07826032489538193	0.5780975818634033	0.2133731245994568	-0.17132200300693512	0.8876816034317017	0.91254061460495	0.5908685922622681	0.8616535663604736	0.30161696672439575	0.2723793387413025	-0.0024861805140972137	0.02333010733127594	0.3756276071071625	0.16679728031158447	0.17030462622642517	0.022612309083342552	0.12131781876087189	0.159947469830513	-0.22844676673412323	0.4572620689868927	0.11982496827840805	-0.019467607140541077	0.04375915974378586	0.14246289432048798	0.04279562085866928	0.14935486018657684	0.17817771434783936	-0.004138178192079067	-0.14267131686210632	0.14956744015216827	-0.21863681077957153	-0.3882390856742859	-0.37038683891296387	-0.2511841356754303	-0.27391210198402405	-0.3044145405292511	-0.14577379822731018	-0.15758974850177765	-0.18402539193630219	-0.21702776849269867	-0.1917300820350647	0.24186384677886963	0.032995592802762985	-0.041417185217142105	-0.03868700563907623	-0.03285084292292595	-0.3018423318862915	-0.37808114290237427	0.2927650511264801	-0.060279425233602524	0.1361817866563797	-0.1775059700012207	0.17557018995285034	-0.3430135250091553	0.1423911601305008	-0.38148969411849976	-0.31888800859451294	0.11980177462100983	-0.4564438462257385	0.20814558863639832	-0.053107090294361115	-0.1883617341518402	0.31559497117996216	-0.024097805842757225	-0.016377437859773636	-0.234502375125885	-0.13506194949150085	-0.031736791133880615	-0.2838514447212219	-0.2715868055820465	-0.2513059675693512	0.02411430887877941	-0.2034342885017395	-0.01047828234732151	0.034634482115507126	-0.0895012691617012	0.3601861894130707	-0.007283157669007778	0.06473883986473083	-0.17924785614013672	-0.07615500688552856	-0.2603814899921417	-0.2872411906719208	-0.10182783007621765	-0.18177638947963715	-0.10219123959541321	-0.33671414852142334	-0.21774911880493164	-0.09671124815940857	-0.0934927761554718	-0.3769991099834442	-0.26762139797210693	0.2406146377325058	0.3013177216053009	0.1643340289592743	0.17474079132080078	0.0471670925617218	-0.1769641786813736	-0.1012248620390892	-0.010659188963472843	-0.06901593506336212	-0.15217635035514832	0.055592361837625504	-0.1001821756362915	-0.04694243147969246	-0.1423383355140686
LH_Vis_7	0.2057552933692932	0.6051524877548218	0.6914247274398804	-0.2239702045917511	0.27889397740364075	0.6426185965538025	1.0	0.7258052229881287	0.7448744177818298	0.6729817986488342	0.5542176961898804	0.41717711091041565	0.3942644000053406	0.35117101669311523	0.5337578654289246	0.4743880033493042	0.4454107880592346	0.6728671789169312	0.3515872359275818	0.45584017038345337	0.5446043610572815	-0.26715680956840515	0.3473050892353058	0.28508612513542175	0.5153456926345825	0.18246054649353027	0.103880375623703	0.0092241819947958	0.2792802155017853	0.2896677255630493	0.03348693624138832	0.3741704821586609	-0.008091784082353115	0.017387019470334053	-0.326698899269104	-0.20712284743785858	-0.11976317316293716	0.29762497544288635	0.0162199679762125	0.10195636004209518	0.12856297194957733	-0.23027004301548004	-0.0741347074508667	-0.11269824206829071	-0.14853638410568237	0.016647135838866234	-0.11483889818191528	-0.11667148768901825	0.08643736690282822	0.03149800002574921	0.03350336477160454	0.5224610567092896	0.7021833062171936	-0.0281659048050642	0.4793300926685333	0.6067240238189697	0.7048115730285645	0.6831936836242676	0.46520307660102844	0.2901013493537903	-0.018606262281537056	0.14337317645549774	0.3925975561141968	0.17391559481620789	0.3711322844028473	0.3742349445819855	0.2583446204662323	0.23024100065231323	0.14057286083698273	0.7394592761993408	0.4678136706352234	0.0340566448867321	0.27575987577438354	0.05956004559993744	0.21314182877540588	0.2997124493122101	0.4304436445236206	0.26243826746940613	-0.19596965610980988	0.16984015703201294	-0.07177984714508057	-0.1671328842639923	-0.34751057624816895	-0.001653384417295456	0.11230606585741043	-0.14323361217975616	0.0041428860276937485	-0.017628807574510574	0.1315068155527115	-0.0955316424369812	-0.07457713782787323	0.21380813419818878	0.05408727377653122	-0.020649373531341553	-0.05010857433080673	0.0056006344966590405	-0.10287655144929886	-0.10603366792201996	0.045116472989320755	0.009102498181164265	0.0717085599899292	-0.2284936159849167	0.134290412068367	-0.4002923369407654	0.12116709351539612	-0.2966386377811432	-0.07841990888118744	0.22955098748207092	-0.19856879115104675	0.007435809820890427	-0.2754822373390198	-0.3565170466899872	0.03216434270143509	-0.25993287563323975	-0.14324967563152313	-0.2676645815372467	-0.3198145627975464	-0.11215122789144516	-0.2327945977449417	-0.4662175178527832	-0.035772278904914856	0.09468180686235428	-0.11696237325668335	0.04847784340381622	0.043397773057222366	-0.25178834795951843	0.05839845538139343	-0.10245750844478607	-0.007047248538583517	-0.42463579773902893	-0.09695634990930557	-0.13901551067829132	-0.2399502843618393	-0.16387160122394562	-0.11172761023044586	0.010929062031209469	-0.35068628191947937	-0.33671486377716064	-0.26330238580703735	0.1351345181465149	-0.49542099237442017	-0.22963693737983704	0.1184949278831482	0.23123739659786224	0.06638502329587936	0.16686449944972992	0.3764101564884186	0.1641872674226761	0.1632900983095169	0.34916454553604126	0.14863744378089905	0.22029826045036316	0.07463996857404709	0.042338643223047256	0.045824725180864334	0.11598051339387894
LH_Vis_8	0.17383475601673126	0.5561981201171875	0.7914503812789917	-0.28206148743629456	0.3485918641090393	0.7736337184906006	0.7258052229881287	1.0	0.8634243607521057	0.5055729150772095	0.3191501498222351	0.16193443536758423	0.20504435896873474	0.08424554765224457	0.18892288208007812	0.10346991568803787	0.19851674139499664	0.4395289123058319	0.0960858166217804	0.17335443198680878	0.2053278088569641	-0.29074329137802124	0.01934673823416233	0.10872022807598114	0.3652880787849426	0.08416451513767242	-0.23412470519542694	-0.1858862340450287	0.05347548797726631	0.030876711010932922	0.040672894567251205	0.004311880562454462	0.1326642781496048	-0.2300412505865097	-0.38679733872413635	-0.2762524485588074	-0.15183758735656738	0.06819910556077957	-0.09051361680030823	0.0645495057106018	-0.12518587708473206	-0.308728963136673	-0.14064019918441772	-0.25745001435279846	-0.33890146017074585	-0.2891469895839691	-0.25338980555534363	-0.2599477171897888	-0.07534035295248032	-0.16362306475639343	0.029051199555397034	0.6684222221374512	0.4553534984588623	-0.12424588203430176	0.7203302383422852	0.7967841029167175	0.8076651692390442	0.9052909016609192	0.2867434024810791	0.16523543000221252	-0.11720646172761917	0.06376545876264572	0.2625950574874878	0.1309097558259964	0.22674831748008728	0.1164931207895279	0.13417866826057434	0.1621454954147339	-0.013757450506091118	0.6588432192802429	0.21986126899719238	-0.10183221846818924	0.0842597708106041	0.22610962390899658	0.18644481897354126	0.19342222809791565	0.2864018678665161	0.18486446142196655	-0.2567787170410156	0.13189707696437836	0.02469906397163868	-0.3053995966911316	-0.4097576141357422	-0.22249238193035126	-0.20060476660728455	-0.31139910221099854	-0.16496680676937103	-0.1651783287525177	-0.09500430524349213	-0.14636918902397156	-0.11131110042333603	0.10214711725711823	0.09291701018810272	-0.052513062953948975	-0.049087539315223694	-0.1572185456752777	-0.2791438698768616	-0.41279950737953186	0.03086169995367527	-0.1654326170682907	0.049469880759716034	-0.13002845644950867	0.17001457512378693	-0.2587602734565735	0.11770044267177582	-0.37210649251937866	-0.32108074426651	0.16826549172401428	-0.4352482557296753	0.1882457584142685	-0.10449905693531036	-0.2158820778131485	0.17234453558921814	-0.0764208510518074	-0.10470275580883026	-0.14905057847499847	-0.20879247784614563	0.07011827081441879	-0.3603821396827698	-0.2813545763492584	-0.25967225432395935	0.2629421353340149	-0.20239122211933136	0.06088875234127045	0.18132738769054413	-0.1548662632703781	0.08802236616611481	0.04961809515953064	-0.17890053987503052	-0.2919676899909973	-0.24901321530342102	-0.27850592136383057	-0.4132117033004761	-0.16994120180606842	-0.203363299369812	-0.04919591173529625	-0.24863962829113007	-0.37475860118865967	-0.21763227880001068	-0.0649704784154892	-0.42934373021125793	-0.322517454624176	0.014107843860983849	0.17917487025260925	0.046179987490177155	0.21401380002498627	0.0036782617680728436	-0.08948657661676407	-0.0483473539352417	0.07599057257175446	-0.05715705081820488	0.06689371913671494	0.1383359134197235	0.08349861949682236	0.2012852281332016	-0.07857424020767212
LH_Vis_9	0.29083165526390076	0.520281195640564	0.8843268156051636	-0.44214263558387756	0.2964012324810028	0.9047750234603882	0.7448744177818298	0.8634243607521057	1.0	0.6559837460517883	0.4076879918575287	0.33651503920555115	0.18662405014038086	0.17245657742023468	0.22057463228702545	0.1919923722743988	0.3322056531906128	0.4658103883266449	0.20836815237998962	0.2862769663333893	0.28941071033477783	-0.2596675455570221	0.14617910981178284	0.1922958493232727	0.42912185192108154	0.07681921869516373	-0.2133723497390747	-0.12445018440485	0.06061626970767975	0.13152112066745758	0.14042608439922333	0.1414598822593689	0.18907849490642548	-0.2320462465286255	-0.39511847496032715	-0.2586917579174042	-0.18354323506355286	0.24811463057994843	0.055292464792728424	0.13339929282665253	-0.07515772432088852	-0.14513204991817474	-0.12221584469079971	-0.17534711956977844	-0.3372376263141632	-0.26642605662345886	-0.19037942588329315	-0.2051902562379837	-0.03366997092962265	-0.15285979211330414	0.05485143885016441	0.6602649688720703	0.38454875349998474	-0.1903243362903595	0.7923846244812012	0.8998347520828247	0.683224618434906	0.9572575092315674	0.3918423354625702	0.2953014373779297	-0.026690179482102394	0.01929508149623871	0.3794906735420227	0.18397773802280426	0.2558823227882385	0.1590786576271057	0.15453152358531952	0.2409796118736267	-0.06711830198764801	0.6464365720748901	0.28163576126098633	-0.0641147643327713	0.19161316752433777	0.2096790075302124	0.1888149380683899	0.18625454604625702	0.2994331419467926	0.19261623919010162	-0.20561659336090088	0.09506767243146896	-0.05120866373181343	-0.29369208216667175	-0.4493964910507202	-0.19663922488689423	-0.22453799843788147	-0.27289703488349915	-0.1147836446762085	-0.11481592804193497	-0.07967683672904968	-0.1450214833021164	-0.09675925970077515	0.09161356836557388	0.16155241429805756	-0.04950055852532387	-0.08378081768751144	-0.18560396134853363	-0.33227238059043884	-0.3716825246810913	0.04348234832286835	-0.12465094774961472	0.10269813239574432	-0.17244896292686462	0.21978439390659332	-0.34613287448883057	0.16687677800655365	-0.4529300928115845	-0.27138274908065796	0.15172946453094482	-0.47263631224632263	0.1675671637058258	-0.09291929751634598	-0.20985004305839539	0.2901811897754669	-0.158530130982399	-0.020785793662071228	-0.24203862249851227	-0.15680009126663208	0.015647463500499725	-0.23748448491096497	-0.41570451855659485	-0.20587652921676636	0.13588547706604004	-0.2327941209077835	0.01667916029691696	0.1209847554564476	-0.1382196843624115	0.34111183881759644	-0.00520183565095067	-0.05556328967213631	-0.3299526274204254	-0.1416875571012497	-0.28222283720970154	-0.29347172379493713	-0.12393699586391449	-0.11263449490070343	-0.08392319083213806	-0.29742884635925293	-0.3657400608062744	-0.22680282592773438	-0.028364960104227066	-0.47435545921325684	-0.33003416657447815	0.09767019003629684	0.2801571488380432	0.06841163337230682	0.16439582407474518	0.12049911916255951	-0.11109980195760727	-0.06378061324357986	0.1023244634270668	0.07341643422842026	0.016926726326346397	0.15243969857692719	0.08806577324867249	0.12822020053863525	-0.0010927919065579772
LH_SomMot_1	0.27809789776802063	0.44251370429992676	0.633522629737854	-0.2982734739780426	0.23466584086418152	0.519410252571106	0.6729817986488342	0.5055729150772095	0.6559837460517883	1.0	0.47003811597824097	0.48931482434272766	0.4341243803501129	0.3484933376312256	0.3989885747432709	0.3995436728000641	0.505342960357666	0.44936004281044006	0.2631208598613739	0.44349226355552673	0.44223552942276	-0.15574447810649872	0.2928735911846161	0.324083149433136	0.6072916984558105	0.1822335422039032	-0.03041495755314827	0.00489041255787015	0.19299429655075073	0.4125012457370758	0.13849787414073944	0.3817010223865509	0.10340748727321625	-0.08716670423746109	-0.3726213276386261	-0.3596883714199066	-0.33309027552604675	0.3859284520149231	-0.031213518232107162	-0.07959462702274323	-0.21717724204063416	-0.0764349177479744	-0.19263218343257904	-0.315645307302475	-0.2531754970550537	-0.3436684310436249	-0.3611384332180023	-0.36729711294174194	-0.17041166126728058	-0.37054017186164856	0.11586175113916397	0.44050106406211853	0.40886053442955017	-0.017150525003671646	0.34734219312667847	0.5139871835708618	0.39806362986564636	0.5657310485839844	0.5095201134681702	0.2228522002696991	-0.09240659326314926	0.16284926235675812	0.4673534333705902	-0.011446617543697357	0.22251591086387634	0.3407589793205261	0.15288998186588287	0.2440858632326126	0.07422400265932083	0.5322632789611816	0.37790942192077637	0.08136887848377228	0.3882400393486023	-0.007242836523801088	0.2757761478424072	0.18720941245555878	0.3789462149143219	0.3465275466442108	-0.010945877991616726	0.07720440626144409	-0.06340058147907257	-0.23034091293811798	-0.33224865794181824	0.032610323280096054	-0.054340071976184845	-0.2094181925058365	-0.010469540022313595	-0.12071941792964935	0.04909196123480797	-0.20281562209129333	-0.06554649770259857	0.13563160598278046	0.11133615672588348	-0.13519011437892914	-0.1447381228208542	-0.3233731985092163	-0.3784603178501129	-0.1732647567987442	-0.08736111968755722	-0.2202473133802414	0.20409150421619415	-0.20203398168087006	0.2788952589035034	-0.3283699154853821	0.09674730896949768	-0.27635905146598816	-0.08178321272134781	0.17002971470355988	-0.4114437699317932	-0.003130850614979863	-0.2193637639284134	-0.35921603441238403	0.2341267466545105	-0.3343139886856079	-0.02740984410047531	-0.3617396056652069	-0.05259890854358673	-0.06955395638942719	-0.1924940049648285	-0.6541133522987366	-0.0048176986165344715	0.1442122608423233	-0.3081367611885071	0.1778818517923355	0.06173784285783768	-0.253647118806839	0.34932392835617065	-0.18217410147190094	-0.09068506211042404	-0.5550572276115417	-0.20789305865764618	-0.2148282825946808	-0.14780224859714508	-0.23121553659439087	-0.07846112549304962	-0.21149621903896332	-0.29988113045692444	-0.41656050086021423	-0.3116368055343628	-0.1170930564403534	-0.488150030374527	-0.4358958303928375	0.2611117362976074	0.27491891384124756	0.18673110008239746	0.2930702865123749	0.2306409776210785	-0.10178167372941971	-0.09144775569438934	0.1064503937959671	0.1147831454873085	-0.07915463298559189	-0.000715940841473639	-0.00355751090683043	-0.11379821598529816	0.04584674537181854
LH_SomMot_2	-0.1450422704219818	0.2662160098552704	0.32650792598724365	-0.2220950573682785	0.308565616607666	0.4193687438964844	0.5542176961898804	0.3191501498222351	0.4076879918575287	0.47003811597824097	1.0	0.684675931930542	0.5242148041725159	0.6711800694465637	0.6290420293807983	0.21181491017341614	0.5300394296646118	0.20504938066005707	0.5297460556030273	0.1821761578321457	0.5523240566253662	0.11115945130586624	0.4279051125049591	0.6098365783691406	0.4927717447280884	0.4309748709201813	0.3118799328804016	0.27729639410972595	0.30291372537612915	0.5664215087890625	-0.1421510875225067	0.366011381149292	-0.34209132194519043	-0.06513197720050812	-0.1862860471010208	-0.3314858675003052	-0.2515943646430969	0.1552407145500183	-0.15273049473762512	-0.01373525895178318	-0.16642948985099792	-0.24611635506153107	0.07863587886095047	-0.17161527276039124	-0.1739530861377716	0.17879489064216614	-0.18325002491474152	-0.15571972727775574	-0.1285107284784317	-0.09629455208778381	-0.2868594527244568	0.0983264222741127	0.332430899143219	-0.08263314515352249	0.4097274839878082	0.2699500620365143	0.23936857283115387	0.36191409826278687	0.4551454186439514	0.4413827955722809	0.2556208670139313	0.26075243949890137	0.4933151602745056	0.27527594566345215	0.40681174397468567	0.3857220411300659	-0.24288763105869293	0.0696258619427681	-0.08104997873306274	0.2227383852005005	0.2986612319946289	0.15186570584774017	0.11604277044534683	-0.01643393002450466	0.21881558001041412	0.46736887097358704	0.20569536089897156	0.29512640833854675	-0.2977043092250824	0.2956101894378662	-0.2600529193878174	-0.4440511465072632	-0.3421446979045868	0.0509178452193737	0.16135552525520325	-0.1991080939769745	-0.06458647549152374	-0.11899138242006302	-0.26077884435653687	-0.39952918887138367	-0.3772856891155243	0.49501833319664	-0.00576351722702384	0.022827306762337685	0.11470876634120941	-0.0779540166258812	-0.03964757174253464	-0.3168357014656067	-0.13708041608333588	-0.31419476866722107	0.3111315071582794	-0.21000976860523224	0.036048874258995056	-0.49754804372787476	0.1852634847164154	0.11111562699079514	-0.2940490245819092	0.167650505900383	-0.21323932707309723	0.06464595347642899	-0.2602955400943756	-0.19201770424842834	-0.24151769280433655	-0.11175369471311569	0.11276142299175262	-0.11570350080728531	-0.10454940050840378	-0.10582733899354935	-0.2530638873577118	-0.06756741553544998	0.03800729289650917	0.10786285996437073	-0.14289149641990662	0.20165033638477325	0.0457758791744709	-0.12824758887290955	-0.028223995119333267	-0.1000932976603508	0.13817045092582703	-0.37679174542427063	0.12067170441150665	0.038509123027324677	0.20898237824440002	-0.10920178890228271	0.09006978571414948	0.002842805813997984	-0.3089127242565155	-0.11202745884656906	-0.06363033503293991	0.2536207139492035	-0.4455028474330902	0.11162648350000381	0.005010325461626053	-0.0683693215250969	-0.0651826411485672	0.040295325219631195	0.18491815030574799	0.28630656003952026	-0.020274298265576363	0.10276978462934494	-0.18323016166687012	-0.06580770760774612	-0.2823012173175812	-0.3547743558883667	-0.2768750786781311	-0.250842422246933
LH_SomMot_3	-0.060919202864170074	0.25020068883895874	0.189539834856987	-0.09180650860071182	0.33439695835113525	0.28641435503959656	0.41717711091041565	0.16193443536758423	0.33651503920555115	0.48931482434272766	0.684675931930542	1.0	0.2900112569332123	0.7331157922744751	0.5044566988945007	0.30899786949157715	0.767916202545166	0.2001170963048935	0.7902510762214661	0.26980018615722656	0.6330631375312805	0.3620244562625885	0.6909830570220947	0.7332327365875244	0.4324258267879486	0.44283923506736755	0.23845936357975006	0.3394037187099457	0.35854586958885193	0.7562106847763062	0.24909651279449463	0.5208569169044495	-0.20663300156593323	0.03777970001101494	-0.23764963448047638	-0.3277636766433716	-0.31171903014183044	0.34613361954689026	-0.12478857487440109	-0.11466050148010254	-0.24037034809589386	-0.05248484015464783	0.0938330590724945	0.022509237751364708	-0.2451821267604828	0.08848288655281067	-0.2100263237953186	-0.2745489478111267	-0.1992271989583969	-0.17594626545906067	-0.1602562516927719	0.043608035892248154	0.23274964094161987	-0.052469924092292786	0.20954960584640503	0.1746511459350586	0.031323205679655075	0.2640793025493622	0.341464638710022	0.3786245584487915	0.378118097782135	-0.051298417150974274	0.24122199416160583	0.31126365065574646	0.48211267590522766	0.34676593542099	-0.21290014684200287	0.3354455232620239	-0.05576840043067932	0.17698103189468384	0.3929525315761566	0.4158773422241211	0.39251577854156494	-0.23435792326927185	0.4504989981651306	0.461337685585022	0.3577532470226288	0.5115978717803955	-0.19436851143836975	0.1703798770904541	-0.3383955955505371	-0.5065895915031433	-0.4642701745033264	0.05066419765353203	0.10360352694988251	-0.3170941472053528	-0.0565364770591259	-0.03541553020477295	-0.1705264300107956	-0.5002153515815735	-0.3565652072429657	0.3154188096523285	-0.20451666414737701	-0.06276712566614151	-0.09740360826253891	-0.21360069513320923	-0.2782307267189026	-0.2678185701370239	-0.20261073112487793	-0.37801694869995117	0.4910057783126831	-0.05887705460190773	-0.03760453313589096	-0.363605260848999	0.2323099821805954	0.01916569285094738	-0.14331230521202087	0.05213335156440735	-0.2723250687122345	-0.006705841515213251	-0.22081433236598969	-0.23017950356006622	-0.09641061723232269	-0.3190285563468933	0.3449564278125763	-0.12937594950199127	-0.21195058524608612	-0.2516307830810547	0.07589468359947205	-0.19469892978668213	0.11076030135154724	0.00649382034316659	-0.19291362166404724	0.28758174180984497	0.05709494650363922	-0.09420019388198853	0.19096754491329193	-0.13547328114509583	0.28841570019721985	-0.33977487683296204	0.2366326004266739	0.10194569081068039	0.28515884280204773	0.04408252239227295	0.37498074769973755	-0.015149097889661789	-0.19226668775081635	-0.0012810234911739826	-0.05473179742693901	0.28184956312179565	-0.36759400367736816	0.04651018604636192	-0.0783824548125267	-0.01141772698611021	-0.11696409434080124	-0.01789807714521885	0.26798340678215027	0.1777762919664383	-0.07099248468875885	0.10932756215333939	-0.1491873562335968	-0.06559883803129196	-0.4178577959537506	-0.3727094531059265	-0.27882441878318787	-0.20421338081359863
