Node	HIP-head-m-rh	HIP-head-l-rh	HIP-body-rh	HIP-tail-rh	THA-VPm-rh	THA-VPl-rh	THA-VAi-rh	THA-VAs-rh	THA-DAm-rh	THA-DAl-rh	PUT-VA-rh	PUT-DA-rh	PUT-VP-rh	PUT-DP-rh	CAU-VA-rh	CAU-DA-rh	CAU-body-rh	CAU-tail-rh	lAMY-rh	mAMY-rh	THA-DP-rh	NAc-shell-rh	NAc-core-rh	pGP-rh	aGP-rh	HIP-head-m-lh	HIP-head-l-l	HIP-body-l	HIP-tail-lh	THA-VPm-lh	THA-VPl-lh	THA-VAi-lh	THA-VAs-lh	THA-DAm-lh	THA-DAl-lh	PUT-VA-lh	PUT-DA-l	PUT-VP-lh	PUT-DP-lh	CAU-VA-lh	CAU-DA-lh	CAU-body-lh	CAU-tail-lh	lAMY-lh	mAMY-lh	THA-DP-lh	NAc-shell-lh	NAc-core-lh	pGP-lh	aGP-lh
HIP-head-m-rh	1.0	0.7591899037361145	0.48076707124710083	0.2673094570636749	-0.32632580399513245	-0.20255357027053833	-0.35729923844337463	0.24972543120384216	-0.21635249257087708	-0.1358948051929474	0.20578515529632568	0.010489297099411488	0.01675642654299736	-0.06547624617815018	-0.027186665683984756	0.20037607848644257	0.3128036558628082	0.25897637009620667	0.33296751976013184	0.0008664013002999127	0.10598964244127274	0.24187122285366058	0.24427303671836853	-0.2954382002353668	-0.22406145930290222	0.2928256690502167	0.2917918860912323	0.5434956550598145	0.5519525408744812	-0.28490227460861206	-0.29804036021232605	-0.192971870303154	-0.3698010742664337	0.02107096090912819	-0.07945166528224945	-0.0643952488899231	0.10912115126848221	-0.19450588524341583	-0.2632284164428711	-0.21674004197120667	0.2234494388103485	0.0385378897190094	0.10441652685403824	0.3712344169616699	0.06769514083862305	0.5259061455726624	0.08311126381158829	-0.03824029490351677	0.0493411123752594	-0.015812033787369728
HIP-head-l-rh	0.7591899037361145	1.0	0.4238787889480591	0.2637438476085663	-0.10979486256837845	-0.14511121809482574	-0.2911684513092041	0.23505954444408417	-0.16060827672481537	0.015316741541028023	-0.09411882609128952	-0.09520970284938812	0.05786969140172005	-0.06879184395074844	-0.20877745747566223	0.050755344331264496	0.1217217743396759	0.2585994601249695	0.25542548298835754	0.15067578852176666	0.15582633018493652	0.13293308019638062	-0.049781668931245804	-0.11202295869588852	-0.0655721053481102	0.3111400604248047	0.3274230360984802	0.5097500681877136	0.4956858158111572	-0.12405043840408325	-0.205613374710083	-0.24824054539203644	-0.3043411076068878	0.12208981812000275	0.08482254296541214	-0.32960522174835205	-0.07457361370325089	-0.027721896767616272	-0.18635985255241394	-0.24539947509765625	-0.024163318797945976	0.03211643919348717	0.2121969312429428	0.41580912470817566	0.17029817402362823	0.5169166326522827	-0.012612944468855858	-0.21116229891777039	-0.13800862431526184	0.056608062237501144
HIP-body-rh	0.48076707124710083	0.4238787889480591	1.0	0.24845430254936218	-0.13924306631088257	0.010686489753425121	0.1919165998697281	0.5922473073005676	0.23379085958003998	-0.006802713498473167	0.2077006697654724	0.06444113701581955	-0.2304811030626297	-0.11230659484863281	-0.04764069616794586	0.3012137711048126	0.4109557271003723	0.29947876930236816	0.37316828966140747	-0.2599925696849823	-0.10228008776903152	0.30797669291496277	0.5032733082771301	-0.09122533351182938	0.39632514119148254	0.21045227348804474	0.4109290540218353	0.72322678565979	0.5774261951446533	0.0539964884519577	-0.11313706636428833	0.2859533727169037	-0.05361384153366089	0.06340955197811127	-0.015240170992910862	0.1957046091556549	0.16387760639190674	-0.08188015967607498	-0.15000653266906738	0.10428443551063538	0.3311922252178192	0.2507542073726654	0.3041374087333679	0.35138818621635437	0.006144258659332991	0.2538106143474579	0.5784514546394348	0.3784415125846863	0.08329217880964279	-0.0020223334431648254
HIP-tail-rh	0.2673094570636749	0.2637438476085663	0.24845430254936218	1.0	0.03263949975371361	0.18182606995105743	0.0887245386838913	-0.04572170600295067	0.22087284922599792	0.18785454332828522	-0.026510754600167274	-0.01907852292060852	-0.0319557711482048	0.08741515874862671	-0.23109786212444305	-0.1410708725452423	0.11796097457408905	0.11170373857021332	-0.0011648716172203422	0.08392472565174103	0.4473772346973419	0.00847084354609251	0.05115066096186638	-0.27609261870384216	-0.1841740906238556	-0.13455064594745636	-0.11367928236722946	0.3232383131980896	0.6434104442596436	0.051360759884119034	0.10641356557607651	0.14697769284248352	-0.2333425134420395	0.3511204123497009	0.30223673582077026	0.03682654723525047	0.08174654841423035	0.1432849019765854	0.1625601202249527	-0.22709551453590393	0.11463627219200134	-0.03113381192088127	-0.3085503876209259	0.44106975197792053	0.0070816404186189175	0.46771520376205444	-0.03959375619888306	-0.06782622635364532	-0.0009578845929354429	-0.17140060663223267
THA-VPm-rh	-0.32632580399513245	-0.10979486256837845	-0.13924306631088257	0.03263949975371361	1.0	0.4339424669742584	0.24183602631092072	-0.2336963564157486	0.5112955570220947	0.42813876271247864	0.14325349032878876	0.23737184703350067	0.16084396839141846	0.3962545692920685	-0.050984010100364685	-0.0038529124576598406	0.11321397870779037	0.11751272529363632	-0.048609573394060135	0.24168924987316132	0.4819045066833496	0.09900989383459091	-0.05537563934922218	0.03472279757261276	0.007775124628096819	-0.30785784125328064	-0.14502526819705963	-0.34472304582595825	0.08036141097545624	0.4076334536075592	0.3483133912086487	-0.19272971153259277	0.05853426828980446	0.3790208399295807	0.21051228046417236	0.18453878164291382	0.3222121298313141	0.23175346851348877	0.31875887513160706	-0.056971512734889984	0.18858155608177185	0.23356296122074127	0.07204772531986237	-0.014561513438820839	0.5433444380760193	0.32082268595695496	-0.023002034053206444	0.1284734159708023	-0.2583704888820648	0.36302801966667175
THA-VPl-rh	-0.20255357027053833	-0.14511121809482574	0.010686489753425121	0.18182606995105743	0.4339424669742584	1.0	0.13911235332489014	-0.3530806601047516	0.4028738737106323	0.30666235089302063	-0.009075571782886982	-0.09314069896936417	-0.07323087751865387	0.0857003778219223	-0.06493066996335983	-0.12826809287071228	-0.09203458577394485	-0.2396848052740097	0.011186184361577034	0.026463687419891357	0.3918297290802002	0.15039946138858795	0.06751679629087448	0.11031496524810791	0.07671856135129929	-0.022213974967598915	-0.03134588897228241	-0.13915173709392548	0.10654640942811966	0.028181936591863632	0.10380244255065918	0.09906971454620361	-0.12574847042560577	0.22195549309253693	0.16188324987888336	0.058043256402015686	0.09554918855428696	0.0042448886670172215	0.2708401679992676	0.04745357856154442	0.007002233061939478	-0.2868655323982239	-0.31922146677970886	0.09097924828529358	-0.00960240513086319	0.16350965201854706	0.09878762811422348	0.06783759593963623	-0.16266706585884094	-0.18372000753879547
THA-VAi-rh	-0.35729923844337463	-0.2911684513092041	0.1919165998697281	0.0887245386838913	0.24183602631092072	0.13911235332489014	1.0	0.06901470571756363	0.46275919675827026	0.44498392939567566	0.11138325184583664	0.3513651192188263	0.03606898710131645	0.2624654173851013	0.11634379625320435	0.15495096147060394	0.4093197286128998	0.5645046830177307	-0.05869133397936821	-0.25423404574394226	0.293744295835495	0.05078090354800224	0.2021620124578476	0.12067998945713043	0.28804609179496765	-0.06340456753969193	0.18567322194576263	0.10148686170578003	0.03384462743997574	0.2364712804555893	0.40177980065345764	0.65022212266922	0.1254238784313202	0.2072228193283081	0.19983990490436554	0.4301691949367523	0.26369157433509827	0.44312167167663574	0.3407711386680603	0.13314512372016907	0.056534238159656525	0.40502312779426575	0.25435423851013184	-0.06703805923461914	-0.21694394946098328	-0.07024911046028137	0.24653011560440063	0.3209265470504761	0.17487910389900208	-0.20656020939350128
THA-VAs-rh	0.24972543120384216	0.23505954444408417	0.5922473073005676	-0.04572170600295067	-0.2336963564157486	-0.3530806601047516	0.06901470571756363	1.0	0.11427818983793259	0.03661353513598442	0.09239939600229263	0.027623120695352554	-0.10116324573755264	-0.17371192574501038	0.0434454083442688	0.26946786046028137	0.3107644021511078	0.1953285187482834	0.3499187231063843	-0.05021079629659653	-0.3952884078025818	0.04763474687933922	0.3677879571914673	-0.225022554397583	0.4314059913158417	-0.07054179906845093	0.10512675344944	0.5033219456672668	0.28749313950538635	0.13990095257759094	-0.2864011824131012	0.047561127692461014	0.17148427665233612	-0.08969997614622116	-0.03271649405360222	0.053740374743938446	0.02767045795917511	-0.28271985054016113	-0.3333658277988434	0.08337539434432983	0.3160463571548462	0.1631074696779251	0.23800873756408691	0.14073288440704346	0.03843133896589279	0.0581803023815155	0.2534836232662201	0.010809571482241154	-0.09454601258039474	0.0523240901529789
THA-DAm-rh	-0.21635249257087708	-0.16060827672481537	0.23379085958003998	0.22087284922599792	0.5112955570220947	0.4028738737106323	0.46275919675827026	0.11427818983793259	1.0	0.5120772123336792	0.20373286306858063	0.26102831959724426	-0.18053293228149414	0.21619775891304016	-0.09615709632635117	0.01071431115269661	0.41679951548576355	0.2740536630153656	0.23217028379440308	0.006075595039874315	0.37901437282562256	0.1179465726017952	0.2667268216609955	-0.27288517355918884	0.19675688445568085	-0.2915046513080597	0.030365440994501114	-0.14143207669258118	0.29465070366859436	0.28541237115859985	0.23598892986774445	0.4057447910308838	-0.061983492225408554	0.5971277356147766	0.3198700547218323	0.32516708970069885	0.34475117921829224	0.046998247504234314	0.30577176809310913	0.030872363597154617	0.17502759397029877	0.1317191869020462	-0.04056861251592636	0.18981361389160156	0.2524675130844116	0.3501855731010437	0.3017955720424652	0.25669726729393005	-0.2967522144317627	-0.046597667038440704
THA-DAl-rh	-0.1358948051929474	0.015316741541028023	-0.006802713498473167	0.18785454332828522	0.42813876271247864	0.30666235089302063	0.44498392939567566	0.03661353513598442	0.5120772123336792	1.0	0.07840459048748016	0.3216748833656311	0.4140431880950928	0.5268405675888062	-0.019834741950035095	0.03492044284939766	0.18245436251163483	0.3513548672199249	0.33888575434684753	0.25698360800743103	0.4087117314338684	0.08893643319606781	-0.053871795535087585	-0.12948079407215118	0.0847686231136322	-0.18773441016674042	0.12443512678146362	-0.1580374538898468	0.1290035843849182	0.3755156397819519	0.47679224610328674	0.0011491752229630947	-0.18879534304141998	0.2148026078939438	0.2975514531135559	0.10656420141458511	0.2853885591030121	0.5303756594657898	0.511572003364563	-0.1333799660205841	-0.030244911089539528	0.0729663074016571	0.09702512621879578	0.34796640276908875	0.2888885736465454	0.3135199248790741	0.08769866824150085	-0.10482405871152878	-0.09009154140949249	-0.05541609972715378
PUT-VA-rh	0.20578515529632568	-0.09411882609128952	0.2077006697654724	-0.026510754600167274	0.14325349032878876	-0.009075571782886982	0.11138325184583664	0.09239939600229263	0.20373286306858063	0.07840459048748016	1.0	0.740119457244873	0.17846941947937012	0.47574353218078613	0.660393238067627	0.6641092300415039	0.7095373868942261	0.4255034923553467	0.1722348928451538	-0.27918460965156555	0.05074739828705788	0.7709318399429321	0.7712613344192505	0.08425869792699814	0.048866063356399536	-0.26309657096862793	0.17275433242321014	-0.0036008418537676334	0.2650730609893799	-0.12012650072574615	0.18967373669147491	0.05657882243394852	0.07803242653608322	0.38439634442329407	0.07792571932077408	0.7928958535194397	0.6502131819725037	0.0868835598230362	0.29019975662231445	0.5168506503105164	0.7620084881782532	0.599852442741394	0.43309202790260315	-0.08842022716999054	0.02287844568490982	0.22284206748008728	0.5498144030570984	0.5456529855728149	0.548753023147583	0.45521488785743713
PUT-DA-rh	0.010489297099411488	-0.09520970284938812	0.06444113701581955	-0.01907852292060852	0.23737184703350067	-0.09314069896936417	0.3513651192188263	0.027623120695352554	0.26102831959724426	0.3216748833656311	0.740119457244873	1.0	0.5300699472427368	0.7999248504638672	0.6617787480354309	0.40873873233795166	0.7147672772407532	0.6787195801734924	0.1595994532108307	-0.016214951872825623	0.19639426469802856	0.5109072327613831	0.4623619616031647	0.058757100254297256	-0.010141155682504177	-0.15505772829055786	0.2867501974105835	-0.0631941482424736	0.11089056730270386	0.07585350424051285	0.3862050771713257	0.215570867061615	-0.03439478203654289	0.32096874713897705	0.026379261165857315	0.702994167804718	0.7876945734024048	0.4441399574279785	0.6528279781341553	0.47943705320358276	0.5416343808174133	0.6874269843101501	0.4931584298610687	-0.03039458766579628	0.17030274868011475	0.17147374153137207	0.38674476742744446	0.46153298020362854	0.5340596437454224	0.2713042199611664
PUT-VP-rh	0.01675642654299736	0.05786969140172005	-0.2304811030626297	-0.0319557711482048	0.16084396839141846	-0.07323087751865387	0.03606898710131645	-0.10116324573755264	-0.18053293228149414	0.4140431880950928	0.17846941947937012	0.5300699472427368	1.0	0.6271891593933105	0.3038428723812103	-0.10386001318693161	0.08463557809591293	0.23869463801383972	0.05757320299744606	0.41535013914108276	0.1283637434244156	0.029240259900689125	-0.17975294589996338	-0.003246751381084323	-0.2261001318693161	0.005389181897044182	0.09203316271305084	-0.2504822611808777	-0.1675007939338684	0.278123140335083	0.32050400972366333	-0.2014702558517456	-0.2814238369464874	-0.19110259413719177	-0.2659456133842468	0.1021631583571434	0.2436378300189972	0.5697980523109436	0.5249186754226685	0.1939975470304489	0.06492533534765244	0.22060677409172058	0.3206995129585266	0.06059909239411354	0.2799478769302368	0.037530649453401566	-0.1389561891555786	-0.07969563454389572	0.2651742696762085	0.12885978817939758
PUT-DP-rh	-0.06547624617815018	-0.06879184395074844	-0.11230659484863281	0.08741515874862671	0.3962545692920685	0.0857003778219223	0.2624654173851013	-0.17371192574501038	0.21619775891304016	0.5268405675888062	0.47574353218078613	0.7999248504638672	0.6271891593933105	1.0	0.3649357557296753	0.3193109631538391	0.40880048274993896	0.48694565892219543	0.18970948457717896	0.11938794702291489	0.26332327723503113	0.3294866681098938	0.14545579254627228	0.05590289831161499	-0.047309551388025284	-0.11167410761117935	0.24938257038593292	-0.12940150499343872	0.06437049806118011	0.16095596551895142	0.5923187136650085	-0.014609337784349918	-0.06890728324651718	0.22910945117473602	0.20545925199985504	0.447482168674469	0.7605770230293274	0.633931040763855	0.7351656556129456	0.18705695867538452	0.334856778383255	0.48425063490867615	0.30172377824783325	0.24569179117679596	0.2752525508403778	0.23019400238990784	0.19981203973293304	0.28236234188079834	0.39236578345298767	0.157006174325943
CAU-VA-rh	-0.027186665683984756	-0.20877745747566223	-0.04764069616794586	-0.23109786212444305	-0.050984010100364685	-0.06493066996335983	0.11634379625320435	0.0434454083442688	-0.09615709632635117	-0.019834741950035095	0.660393238067627	0.6617787480354309	0.3038428723812103	0.3649357557296753	1.0	0.46631115674972534	0.5218276381492615	0.3023185431957245	-0.025412436574697495	-0.005626743193715811	-0.13098777830600739	0.512660026550293	0.4894449710845947	0.26867300271987915	-0.008025450631976128	0.08753669261932373	0.3213214874267578	-0.07098692655563354	-0.15283852815628052	-0.16732648015022278	-0.0686185285449028	0.0745411291718483	0.22625170648097992	-0.018506942316889763	-0.24459195137023926	0.6496536731719971	0.4924453794956207	0.08202530443668365	0.3402990996837616	0.795046329498291	0.48012077808380127	0.5006026029586792	0.3555724024772644	-0.21438120305538177	-0.007131647784262896	-0.06570075452327728	0.35906359553337097	0.4683946669101715	0.4966471195220947	0.2885115444660187
CAU-DA-rh	0.20037607848644257	0.050755344331264496	0.3012137711048126	-0.1410708725452423	-0.0038529124576598406	-0.12826809287071228	0.15495096147060394	0.26946786046028137	0.01071431115269661	0.03492044284939766	0.6641092300415039	0.40873873233795166	-0.10386001318693161	0.3193109631538391	0.46631115674972534	1.0	0.5923479199409485	0.44895806908607483	0.2178926020860672	-0.4340093731880188	-0.1409081518650055	0.6105014681816101	0.6787214279174805	0.055107202380895615	0.2728393077850342	-0.00987239833921194	0.3382600247859955	0.31319576501846313	0.1701337993144989	-0.09179320931434631	0.15206436812877655	0.0043258569203317165	0.33880579471588135	0.1690254509449005	0.2486606240272522	0.5803395509719849	0.525273323059082	0.016696348786354065	0.005430239252746105	0.2981281280517578	0.6637450456619263	0.5492936372756958	0.5074027180671692	0.07313902676105499	-0.12020206451416016	0.16919824481010437	0.5370814800262451	0.4840996563434601	0.4911540150642395	0.28290772438049316
CAU-body-rh	0.3128036558628082	0.1217217743396759	0.4109557271003723	0.11796097457408905	0.11321397870779037	-0.09203458577394485	0.4093197286128998	0.3107644021511078	0.41679951548576355	0.18245436251163483	0.7095373868942261	0.7147672772407532	0.08463557809591293	0.40880048274993896	0.5218276381492615	0.5923479199409485	1.0	0.7902233600616455	0.1926218569278717	-0.2206704467535019	0.2367282509803772	0.4642753303050995	0.6819256544113159	-0.1920289397239685	0.05754275247454643	-0.11778656393289566	0.343445360660553	0.2756711542606354	0.44616636633872986	-0.029874039813876152	0.12815329432487488	0.4040965735912323	-0.009110504761338234	0.5103942155838013	0.10133090615272522	0.7344709634780884	0.7069399356842041	0.13279110193252563	0.27456170320510864	0.38798829913139343	0.6700929403305054	0.6660225987434387	0.43685299158096313	0.10936553031206131	0.0006073079421184957	0.41759389638900757	0.4258708357810974	0.5720083713531494	0.27317386865615845	0.12665916979312897
CAU-tail-rh	0.25897637009620667	0.2585994601249695	0.29947876930236816	0.11170373857021332	0.11751272529363632	-0.2396848052740097	0.5645046830177307	0.1953285187482834	0.2740536630153656	0.3513548672199249	0.4255034923553467	0.6787195801734924	0.23869463801383972	0.48694565892219543	0.3023185431957245	0.44895806908607483	0.7902233600616455	1.0	0.10298452526330948	-0.18204306066036224	0.3942728340625763	0.33074334263801575	0.3439919352531433	-0.0884949117898941	0.05903526768088341	-0.012310360558331013	0.4010971784591675	0.3572530746459961	0.3421548902988434	0.06805313378572464	0.30029231309890747	0.31778115034103394	-0.10368701815605164	0.3770155608654022	0.17668111622333527	0.4533389210700989	0.5352053642272949	0.44791144132614136	0.35893240571022034	0.09866555780172348	0.34422945976257324	0.6667293310165405	0.510276734828949	0.08347680419683456	-0.016699595376849174	0.357566237449646	0.23677180707454681	0.29673585295677185	0.3325662612915039	0.003816557815298438
lAMY-rh	0.33296751976013184	0.25542548298835754	0.37316828966140747	-0.0011648716172203422	-0.048609573394060135	0.011186184361577034	-0.05869133397936821	0.3499187231063843	0.23217028379440308	0.33888575434684753	0.1722348928451538	0.1595994532108307	0.05757320299744606	0.18970948457717896	-0.025412436574697495	0.2178926020860672	0.1926218569278717	0.10298452526330948	1.0	0.038866691291332245	-0.1685687154531479	0.21794883906841278	0.307040274143219	-0.17847363650798798	0.4078398048877716	-0.06547527760267258	0.03175006061792374	0.10795291513204575	0.27695611119270325	0.27791211009025574	0.15088188648223877	0.06114761903882027	-0.2844914495944977	-0.04840993881225586	-0.062345560640096664	-0.07009980082511902	0.2007632851600647	-0.07531198859214783	0.0933024138212204	-0.09489560127258301	0.07513730227947235	-0.020653946325182915	0.2084571272134781	0.4784340262413025	0.2056887149810791	0.1081700548529625	0.42898207902908325	-0.07981356233358383	0.013949812389910221	-0.026398221030831337
mAMY-rh	0.0008664013002999127	0.15067578852176666	-0.2599925696849823	0.08392472565174103	0.24168924987316132	0.026463687419891357	-0.25423404574394226	-0.05021079629659653	0.006075595039874315	0.25698360800743103	-0.27918460965156555	-0.016214951872825623	0.41535013914108276	0.11938794702291489	-0.005626743193715811	-0.4340093731880188	-0.2206704467535019	-0.18204306066036224	0.038866691291332245	1.0	0.09180677682161331	-0.3380564749240875	-0.5317215919494629	-0.16698914766311646	-0.46701642870903015	0.08177994936704636	-0.009138379245996475	-0.34538450837135315	-0.176420658826828	0.23851130902767181	-0.2653142511844635	-0.3476867377758026	-0.09962693601846695	-0.20321914553642273	-0.19877992570400238	-0.21239659190177917	-0.024481410160660744	0.002495285589247942	0.11682560294866562	-0.06636727601289749	-0.14476467669010162	-0.0819050744175911	-0.21560104191303253	0.20732979476451874	0.6678745150566101	0.1885879635810852	-0.3806200921535492	-0.25355762243270874	-0.38376566767692566	0.1870548278093338
THA-DP-rh	0.10598964244127274	0.15582633018493652	-0.10228008776903152	0.4473772346973419	0.4819045066833496	0.3918297290802002	0.293744295835495	-0.3952884078025818	0.37901437282562256	0.4087117314338684	0.05074739828705788	0.19639426469802856	0.1283637434244156	0.26332327723503113	-0.13098777830600739	-0.1409081518650055	0.2367282509803772	0.3942728340625763	-0.1685687154531479	0.09180677682161331	1.0	0.08091095834970474	-0.07537099719047546	-0.21105997264385223	-0.3250601589679718	-0.08402390778064728	-0.0853375643491745	-0.06365446001291275	0.38169628381729126	0.12268542498350143	0.1831357479095459	0.05471707135438919	-0.3809429407119751	0.4657261371612549	0.21219129860401154	0.07690632343292236	0.2513411343097687	0.2546232342720032	0.3539472222328186	-0.32433658838272095	0.013518715277314186	0.005884512793272734	-0.1395484060049057	0.018787629902362823	0.07546208798885345	0.6531826853752136	-0.2787347137928009	-0.06909007579088211	-0.050677478313446045	-0.14143569767475128
NAc-shell-rh	0.24187122285366058	0.13293308019638062	0.30797669291496277	0.00847084354609251	0.09900989383459091	0.15039946138858795	0.05078090354800224	0.04763474687933922	0.1179465726017952	0.08893643319606781	0.7709318399429321	0.5109072327613831	0.029240259900689125	0.3294866681098938	0.512660026550293	0.6105014681816101	0.4642753303050995	0.33074334263801575	0.21794883906841278	-0.3380564749240875	0.08091095834970474	1.0	0.6820164918899536	0.4053099453449249	0.2502857744693756	-0.08335631340742111	0.22726495563983917	0.23364712297916412	0.3404136002063751	-0.2620479166507721	0.06358228623867035	-0.07252893596887589	-0.02955542504787445	0.278423547744751	0.08516205847263336	0.5307688117027283	0.3658427298069	0.0493648536503315	0.24871128797531128	0.40297064185142517	0.5049778819084167	0.4156302809715271	0.4179430902004242	0.00870447512716055	-0.0011015755590051413	0.25551289319992065	0.66339111328125	0.371760755777359	0.5339044332504272	0.2979716360569
NAc-core-rh	0.24427303671836853	-0.049781668931245804	0.5032733082771301	0.05115066096186638	-0.05537563934922218	0.06751679629087448	0.2021620124578476	0.3677879571914673	0.2667268216609955	-0.053871795535087585	0.7712613344192505	0.4623619616031647	-0.17975294589996338	0.14545579254627228	0.4894449710845947	0.6787214279174805	0.6819256544113159	0.3439919352531433	0.307040274143219	-0.5317215919494629	-0.07537099719047546	0.6820164918899536	1.0	-0.02513524703681469	0.3768727481365204	-0.13020823895931244	0.16237568855285645	0.31167587637901306	0.44881486892700195	-0.07219376415014267	0.024588692933321	0.2919844686985016	0.07655999809503555	0.2999447286128998	0.004340673331171274	0.6699141263961792	0.45370808243751526	-0.2189333438873291	-0.035731688141822815	0.4431232213973999	0.7011614441871643	0.39890632033348083	0.3312743008136749	-0.021644923835992813	-0.16765856742858887	0.1222895085811615	0.6910242438316345	0.5460068583488464	0.3889632225036621	0.1581566035747528
pGP-rh	-0.2954382002353668	-0.11202295869588852	-0.09122533351182938	-0.27609261870384216	0.03472279757261276	0.11031496524810791	0.12067998945713043	-0.225022554397583	-0.27288517355918884	-0.12948079407215118	0.08425869792699814	0.058757100254297256	-0.003246751381084323	0.05590289831161499	0.26867300271987915	0.055107202380895615	-0.1920289397239685	-0.0884949117898941	-0.17847363650798798	-0.16698914766311646	-0.21105997264385223	0.4053099453449249	-0.02513524703681469	1.0	0.28567206859588623	0.014260545372962952	0.05961156636476517	0.038544949144124985	-0.23358725011348724	-0.2829049825668335	0.11175023764371872	-0.07767225056886673	0.25568312406539917	-0.12005776166915894	-0.03528888151049614	0.03399587422609329	-0.14175903797149658	0.26855769753456116	0.209580197930336	0.35154420137405396	-0.16055049002170563	0.17454159259796143	0.16336216032505035	-0.18700943887233734	-0.11396049708127975	-0.34943366050720215	0.29239773750305176	0.15724308788776398	0.2867704927921295	0.2365601509809494
aGP-rh	-0.22406145930290222	-0.0655721053481102	0.39632514119148254	-0.1841740906238556	0.007775124628096819	0.07671856135129929	0.28804609179496765	0.4314059913158417	0.19675688445568085	0.0847686231136322	0.048866063356399536	-0.010141155682504177	-0.2261001318693161	-0.047309551388025284	-0.008025450631976128	0.2728393077850342	0.05754275247454643	0.05903526768088341	0.4078398048877716	-0.46701642870903015	-0.3250601589679718	0.2502857744693756	0.3768727481365204	0.28567206859588623	1.0	-0.1316891610622406	-0.017270473763346672	0.31639108061790466	0.12374536693096161	0.2989545166492462	0.15207672119140625	0.24810275435447693	0.1791287511587143	-0.09364015609025955	-0.044030167162418365	0.0018238694174215198	-0.03295556828379631	-0.03446603938937187	-0.04691688343882561	0.17809678614139557	-0.005305454134941101	0.02546202391386032	0.26406022906303406	0.08117173612117767	-0.2253025323152542	-0.2649075388908386	0.47868451476097107	0.09769833087921143	0.09874279797077179	-0.03589639067649841
HIP-head-m-lh	0.2928256690502167	0.3111400604248047	0.21045227348804474	-0.13455064594745636	-0.30785784125328064	-0.022213974967598915	-0.06340456753969193	-0.07054179906845093	-0.2915046513080597	-0.18773441016674042	-0.26309657096862793	-0.15505772829055786	0.005389181897044182	-0.11167410761117935	0.08753669261932373	-0.00987239833921194	-0.11778656393289566	-0.012310360558331013	-0.06547527760267258	0.08177994936704636	-0.08402390778064728	-0.08335631340742111	-0.13020823895931244	0.014260545372962952	-0.1316891610622406	1.0	0.6442453265190125	0.2756403982639313	-0.17729084193706512	-0.2047034353017807	-0.34539851546287537	0.06632844358682632	0.03555119037628174	-0.4528045058250427	-0.2437334507703781	-0.08306867629289627	-0.03194695711135864	-0.05606590956449509	-0.178724467754364	0.0941680297255516	-0.20085409283638	-0.017661629244685173	0.09200464189052582	0.1902657300233841	0.026482651010155678	0.021130438894033432	0.12286671996116638	0.23652006685733795	0.0306360125541687	-0.22436904907226562
HIP-head-l-l	0.2917918860912323	0.3274230360984802	0.4109290540218353	-0.11367928236722946	-0.14502526819705963	-0.03134588897228241	0.18567322194576263	0.10512675344944	0.030365440994501114	0.12443512678146362	0.17275433242321014	0.2867501974105835	0.09203316271305084	0.24938257038593292	0.3213214874267578	0.3382600247859955	0.343445360660553	0.4010971784591675	0.03175006061792374	-0.009138379245996475	-0.0853375643491745	0.22726495563983917	0.16237568855285645	0.05961156636476517	-0.017270473763346672	0.6442453265190125	1.0	0.3428197205066681	-0.0023521941620856524	-0.2969333529472351	-0.0037431165110319853	0.13761885464191437	0.06431727111339569	-0.0034517308231443167	0.10351330786943436	0.28834134340286255	0.32937654852867126	0.26532742381095886	0.14200946688652039	0.34764552116394043	0.18509691953659058	0.41103124618530273	0.42029890418052673	0.34544429183006287	0.09565454721450806	0.15623123943805695	0.4033997356891632	0.4490284323692322	0.24616476893424988	0.0005315208691172302
HIP-body-l	0.5434956550598145	0.5097500681877136	0.72322678565979	0.3232383131980896	-0.34472304582595825	-0.13915173709392548	0.10148686170578003	0.5033219456672668	-0.14143207669258118	-0.1580374538898468	-0.0036008418537676334	-0.0631941482424736	-0.2504822611808777	-0.12940150499343872	-0.07098692655563354	0.31319576501846313	0.2756711542606354	0.3572530746459961	0.10795291513204575	-0.34538450837135315	-0.06365446001291275	0.23364712297916412	0.31167587637901306	0.038544949144124985	0.31639108061790466	0.2756403982639313	0.3428197205066681	1.0	0.5534827709197998	-0.20245249569416046	-0.19045203924179077	0.11134061217308044	0.023370102047920227	-0.019763648509979248	0.04624319076538086	0.009913530200719833	0.05931093543767929	-0.06417824327945709	-0.21401292085647583	-0.0926629975438118	0.16866718232631683	0.15316706895828247	0.08237636089324951	0.3458516597747803	-0.2133713662624359	0.2071709930896759	0.2586756646633148	0.12566335499286652	0.14585015177726746	-0.2392965406179428
HIP-tail-lh	0.5519525408744812	0.4956858158111572	0.5774261951446533	0.6434104442596436	0.08036141097545624	0.10654640942811966	0.03384462743997574	0.28749313950538635	0.29465070366859436	0.1290035843849182	0.2650730609893799	0.11089056730270386	-0.1675007939338684	0.06437049806118011	-0.15283852815628052	0.1701337993144989	0.44616636633872986	0.3421548902988434	0.27695611119270325	-0.176420658826828	0.38169628381729126	0.3404136002063751	0.44881486892700195	-0.23358725011348724	0.12374536693096161	-0.17729084193706512	-0.0023521941620856524	0.5534827709197998	1.0	0.0015156753361225128	0.03363665193319321	0.04708403721451759	-0.3994665741920471	0.5193562507629395	0.1554233282804489	0.15665480494499207	0.2370702028274536	-0.08000976592302322	-0.05843079835176468	-0.1860015094280243	0.3482591211795807	0.12564057111740112	0.012043766677379608	0.4380400478839874	0.036088746041059494	0.6056089401245117	0.18237006664276123	0.11516290158033371	-0.041748080402612686	-0.11680269241333008
THA-VPm-lh	-0.28490227460861206	-0.12405043840408325	0.0539964884519577	0.051360759884119034	0.4076334536075592	0.028181936591863632	0.2364712804555893	0.13990095257759094	0.28541237115859985	0.3755156397819519	-0.12012650072574615	0.07585350424051285	0.278123140335083	0.16095596551895142	-0.16732648015022278	-0.09179320931434631	-0.029874039813876152	0.06805313378572464	0.27791211009025574	0.23851130902767181	0.12268542498350143	-0.2620479166507721	-0.07219376415014267	-0.2829049825668335	0.2989545166492462	-0.2047034353017807	-0.2969333529472351	-0.20245249569416046	0.0015156753361225128	1.0	0.31093716621398926	0.037239838391542435	0.03689005598425865	-0.11933572590351105	-0.1573534607887268	-0.059558406472206116	0.07389605045318604	0.19009242951869965	0.13871698081493378	-0.12585537135601044	-0.0007527638226747513	-0.016913268715143204	0.09808349609375	0.06788484007120132	0.284851998090744	0.050804078578948975	-0.046939998865127563	-0.02927873656153679	-0.17481490969657898	0.0830305814743042
THA-VPl-lh	-0.29804036021232605	-0.205613374710083	-0.11313706636428833	0.10641356557607651	0.3483133912086487	0.10380244255065918	0.40177980065345764	-0.2864011824131012	0.23598892986774445	0.47679224610328674	0.18967373669147491	0.3862050771713257	0.32050400972366333	0.5923187136650085	-0.0686185285449028	0.15206436812877655	0.12815329432487488	0.30029231309890747	0.15088188648223877	-0.2653142511844635	0.1831357479095459	0.06358228623867035	0.024588692933321	0.11175023764371872	0.15207672119140625	-0.34539851546287537	-0.0037431165110319853	-0.19045203924179077	0.03363665193319321	0.31093716621398926	1.0	0.11542007327079773	-0.12878459692001343	0.3651905059814453	0.37050220370292664	0.15746204555034637	0.31237223744392395	0.7450268268585205	0.577438473701477	-0.03684726357460022	0.05954967439174652	0.2829020917415619	0.31915730237960815	0.21285980939865112	-1.6194280760828406e-05	-0.04632941633462906	0.16368551552295685	0.11535755544900894	0.2863132655620575	-0.003203917993232608
THA-VAi-lh	-0.192971870303154	-0.24824054539203644	0.2859533727169037	0.14697769284248352	-0.19272971153259277	0.09906971454620361	0.65022212266922	0.047561127692461014	0.4057447910308838	0.0011491752229630947	0.05657882243394852	0.215570867061615	-0.2014702558517456	-0.014609337784349918	0.0745411291718483	0.0043258569203317165	0.4040965735912323	0.31778115034103394	0.06114761903882027	-0.3476867377758026	0.05471707135438919	-0.07252893596887589	0.2919844686985016	-0.07767225056886673	0.24810275435447693	0.06632844358682632	0.13761885464191437	0.11134061217308044	0.04708403721451759	0.037239838391542435	0.11542007327079773	1.0	0.05168451741337776	0.19260676205158234	0.05086471140384674	0.3685441017150879	0.18896280229091644	0.07591292262077332	0.18195660412311554	0.25762757658958435	0.022347604855895042	0.19881737232208252	0.0944378525018692	-0.060045842081308365	-0.4305684566497803	-0.1797495037317276	0.32605722546577454	0.38984841108322144	0.1400064378976822	-0.33255520462989807
THA-VAs-lh	-0.3698010742664337	-0.3043411076068878	-0.05361384153366089	-0.2333425134420395	0.05853426828980446	-0.12574847042560577	0.1254238784313202	0.17148427665233612	-0.061983492225408554	-0.18879534304141998	0.07803242653608322	-0.03439478203654289	-0.2814238369464874	-0.06890728324651718	0.22625170648097992	0.33880579471588135	-0.009110504761338234	-0.10368701815605164	-0.2844914495944977	-0.09962693601846695	-0.3809429407119751	-0.02955542504787445	0.07655999809503555	0.25568312406539917	0.1791287511587143	0.03555119037628174	0.06431727111339569	0.023370102047920227	-0.3994665741920471	0.03689005598425865	-0.12878459692001343	0.05168451741337776	1.0	-0.11539599299430847	0.24941201508045197	0.2340109944343567	0.13185925781726837	-0.08482112735509872	-0.14396944642066956	0.27042704820632935	0.21453791856765747	0.21780507266521454	-0.04024123027920723	-0.21608521044254303	-0.05387309193611145	-0.24301588535308838	0.15810614824295044	0.3279989957809448	0.06940749287605286	0.42970505356788635
THA-DAm-lh	0.02107096090912819	0.12208981812000275	0.06340955197811127	0.3511204123497009	0.3790208399295807	0.22195549309253693	0.2072228193283081	-0.08969997614622116	0.5971277356147766	0.2148026078939438	0.38439634442329407	0.32096874713897705	-0.19110259413719177	0.22910945117473602	-0.018506942316889763	0.1690254509449005	0.5103942155838013	0.3770155608654022	-0.04840993881225586	-0.20321914553642273	0.4657261371612549	0.278423547744751	0.2999447286128998	-0.12005776166915894	-0.09364015609025955	-0.4528045058250427	-0.0034517308231443167	-0.019763648509979248	0.5193562507629395	-0.11933572590351105	0.3651905059814453	0.19260676205158234	-0.11539599299430847	1.0	0.5575947165489197	0.32239237427711487	0.3586769104003906	0.12456201016902924	0.28257206082344055	0.028880150988698006	0.3417935073375702	0.28492048382759094	0.06662612408399582	0.131540447473526	0.012208983302116394	0.45460987091064453	0.08896541595458984	0.1911771297454834	-0.033881984651088715	0.07333020865917206
THA-DAl-lh	-0.07945166528224945	0.08482254296541214	-0.015240170992910862	0.30223673582077026	0.21051228046417236	0.16188324987888336	0.19983990490436554	-0.03271649405360222	0.3198700547218323	0.2975514531135559	0.07792571932077408	0.026379261165857315	-0.2659456133842468	0.20545925199985504	-0.24459195137023926	0.2486606240272522	0.10133090615272522	0.17668111622333527	-0.062345560640096664	-0.19877992570400238	0.21219129860401154	0.08516205847263336	0.004340673331171274	-0.03528888151049614	-0.044030167162418365	-0.2437334507703781	0.10351330786943436	0.04624319076538086	0.1554233282804489	-0.1573534607887268	0.37050220370292664	0.05086471140384674	0.24941201508045197	0.5575947165489197	1.0	0.07335915416479111	0.18434777855873108	0.2623533010482788	0.18264855444431305	-0.24532681703567505	0.21033355593681335	0.14040260016918182	0.0016126326518133283	0.17613881826400757	-0.1337479054927826	0.29044219851493835	0.07681749016046524	-0.05374053493142128	0.09565497189760208	0.03004647232592106
PUT-VA-lh	-0.0643952488899231	-0.32960522174835205	0.1957046091556549	0.03682654723525047	0.18453878164291382	0.058043256402015686	0.4301691949367523	0.053740374743938446	0.32516708970069885	0.10656420141458511	0.7928958535194397	0.702994167804718	0.1021631583571434	0.447482168674469	0.6496536731719971	0.5803395509719849	0.7344709634780884	0.4533389210700989	-0.07009980082511902	-0.21239659190177917	0.07690632343292236	0.5307688117027283	0.6699141263961792	0.03399587422609329	0.0018238694174215198	-0.08306867629289627	0.28834134340286255	0.009913530200719833	0.15665480494499207	-0.059558406472206116	0.15746204555034637	0.3685441017150879	0.2340109944343567	0.32239237427711487	0.07335915416479111	1.0	0.6986549496650696	0.1504945158958435	0.3126920163631439	0.548406183719635	0.7390546798706055	0.6367201805114746	0.32833462953567505	-0.09832786023616791	-0.0029293084517121315	0.15183569490909576	0.5434736013412476	0.77582848072052	0.44940751791000366	0.22433307766914368
PUT-DA-l	0.10912115126848221	-0.07457361370325089	0.16387760639190674	0.08174654841423035	0.3222121298313141	0.09554918855428696	0.26369157433509827	0.02767045795917511	0.34475117921829224	0.2853885591030121	0.6502131819725037	0.7876945734024048	0.2436378300189972	0.7605770230293274	0.4924453794956207	0.525273323059082	0.7069399356842041	0.5352053642272949	0.2007632851600647	-0.024481410160660744	0.2513411343097687	0.3658427298069	0.45370808243751526	-0.14175903797149658	-0.03295556828379631	-0.03194695711135864	0.32937654852867126	0.05931093543767929	0.2370702028274536	0.07389605045318604	0.31237223744392395	0.18896280229091644	0.13185925781726837	0.3586769104003906	0.18434777855873108	0.6986549496650696	1.0	0.2627759873867035	0.5144661068916321	0.28955042362213135	0.6302943825721741	0.5537824034690857	0.25127723813056946	0.21216341853141785	0.19659236073493958	0.37243056297302246	0.32033079862594604	0.5795114040374756	0.3338262438774109	0.19151903688907623
PUT-VP-lh	-0.19450588524341583	-0.027721896767616272	-0.08188015967607498	0.1432849019765854	0.23175346851348877	0.0042448886670172215	0.44312167167663574	-0.28271985054016113	0.046998247504234314	0.5303756594657898	0.0868835598230362	0.4441399574279785	0.5697980523109436	0.633931040763855	0.08202530443668365	0.016696348786354065	0.13279110193252563	0.44791144132614136	-0.07531198859214783	0.002495285589247942	0.2546232342720032	0.0493648536503315	-0.2189333438873291	0.26855769753456116	-0.03446603938937187	-0.05606590956449509	0.26532742381095886	-0.06417824327945709	-0.08000976592302322	0.19009242951869965	0.7450268268585205	0.07591292262077332	-0.08482112735509872	0.12456201016902924	0.2623533010482788	0.1504945158958435	0.2627759873867035	1.0	0.7359086275100708	0.06367857754230499	-0.05876759812235832	0.33629029989242554	0.31567591428756714	0.20869337022304535	0.01150333508849144	0.05552571639418602	0.08030124753713608	0.12084511667490005	0.36846935749053955	0.018303709104657173
PUT-DP-lh	-0.2632284164428711	-0.18635985255241394	-0.15000653266906738	0.1625601202249527	0.31875887513160706	0.2708401679992676	0.3407711386680603	-0.3333658277988434	0.30577176809310913	0.511572003364563	0.29019975662231445	0.6528279781341553	0.5249186754226685	0.7351656556129456	0.3402990996837616	0.005430239252746105	0.27456170320510864	0.35893240571022034	0.0933024138212204	0.11682560294866562	0.3539472222328186	0.24871128797531128	-0.035731688141822815	0.209580197930336	-0.04691688343882561	-0.178724467754364	0.14200946688652039	-0.21401292085647583	-0.05843079835176468	0.13871698081493378	0.577438473701477	0.18195660412311554	-0.14396944642066956	0.28257206082344055	0.18264855444431305	0.3126920163631439	0.5144661068916321	0.7359086275100708	1.0	0.2548442482948303	0.10139413177967072	0.2582550644874573	0.13481631875038147	0.13959595561027527	0.0602455697953701	0.1404215544462204	0.1301848292350769	0.13290134072303772	0.39985162019729614	-0.0355721078813076
