Node	HIP-head-m-rh	HIP-head-l-rh	HIP-body-rh	HIP-tail-rh	THA-VPm-rh	THA-VPl-rh	THA-VAi-rh	THA-VAs-rh	THA-DAm-rh	THA-DAl-rh	PUT-VA-rh	PUT-DA-rh	PUT-VP-rh	PUT-DP-rh	CAU-VA-rh	CAU-DA-rh	CAU-body-rh	CAU-tail-rh	lAMY-rh	mAMY-rh	THA-DP-rh	NAc-shell-rh	NAc-core-rh	pGP-rh	aGP-rh	HIP-head-m-lh	HIP-head-l-l	HIP-body-l	HIP-tail-lh	THA-VPm-lh	THA-VPl-lh	THA-VAi-lh	THA-VAs-lh	THA-DAm-lh	THA-DAl-lh	PUT-VA-lh	PUT-DA-l	PUT-VP-lh	PUT-DP-lh	CAU-VA-lh	CAU-DA-lh	CAU-body-lh	CAU-tail-lh	lAMY-lh	mAMY-lh	THA-DP-lh	NAc-shell-lh	NAc-core-lh	pGP-lh	aGP-lh
HIP-head-m-rh	1.0	-0.10385160893201828	0.04979893937706947	0.018254267051815987	-0.31187573075294495	-0.3211192190647125	-0.020284119993448257	0.13791251182556152	0.08735726773738861	-0.280199259519577	-0.2310292273759842	-0.20190605521202087	-0.3858790397644043	-0.26513269543647766	0.24579370021820068	-0.34309709072113037	-0.2789057791233063	0.04311075061559677	-0.2268056422472	-0.28509438037872314	0.2999131679534912	0.13829943537712097	-0.14315731823444366	-0.020691148936748505	-0.2743038833141327	-0.14508092403411865	0.2948492169380188	0.2399255335330963	0.2346438467502594	-0.36232104897499084	-0.2983945906162262	-0.2639416456222534	0.4219980835914612	-0.3195647895336151	-0.04337729513645172	-0.2202705591917038	-0.4322470426559448	-0.31207120418548584	-0.4216006100177765	0.1300511360168457	-0.15654954314231873	0.12046335637569427	-0.2009527087211609	0.30021896958351135	-0.22322097420692444	-0.11136800050735474	-0.01737675629556179	-0.053664397448301315	-0.19059514999389648	-0.1350124180316925
HIP-head-l-rh	-0.10385160893201828	1.0	0.3156839907169342	0.38523200154304504	0.575143575668335	0.09790512919425964	-0.12850894033908844	-0.15015532076358795	-0.34477925300598145	0.11764451861381531	-0.10318266600370407	0.04886125400662422	0.05399399995803833	0.13918258249759674	-0.33071279525756836	0.32809311151504517	0.0907149389386177	-0.23742461204528809	0.5068241357803345	0.6352317929267883	-0.22689156234264374	0.06305164843797684	-0.1553807258605957	-0.3094709813594818	0.18262863159179688	0.2576967775821686	0.06145729497075081	-0.0843905583024025	0.2006012499332428	0.42970770597457886	0.573838472366333	0.33772552013397217	-0.3220771253108978	0.4123462438583374	-0.020097995176911354	0.03147091716527939	0.3027500808238983	0.37958788871765137	0.19584538042545319	-0.2424686998128891	0.013329840265214443	-0.17709963023662567	-0.057082176208496094	-0.07227674126625061	0.24335946142673492	-0.03568074852228165	0.011242970824241638	-0.12214965373277664	-0.21714463829994202	0.5078984498977661
HIP-body-rh	0.04979893937706947	0.3156839907169342	1.0	0.23183207213878632	0.09105205535888672	-0.04056280478835106	0.017121529206633568	0.04382653534412384	0.13548606634140015	-0.04467453807592392	-0.11496904492378235	-0.17237146198749542	-0.241884246468544	-0.03779296204447746	-0.23561139404773712	0.12052250653505325	-0.14215455949306488	0.1078386977314949	0.20111142098903656	-0.09103735536336899	0.21532878279685974	0.12214906513690948	-0.13940797746181488	-0.1885233372449875	0.08150090277194977	0.02267974615097046	0.38070160150527954	0.23177072405815125	0.41972678899765015	0.2316945642232895	0.115481436252594	0.22776475548744202	0.0010220309486612678	0.14990170300006866	0.10893744230270386	-0.05425475537776947	0.006058414466679096	0.03673221915960312	0.051943253725767136	-0.1512620747089386	-0.1447032392024994	-0.017473548650741577	-0.1526825875043869	-0.003884244943037629	0.005590203683823347	-0.0002755713649094105	-0.05841219052672386	0.05897190794348717	0.14416910707950592	0.1795681118965149
HIP-tail-rh	0.018254267051815987	0.38523200154304504	0.23183207213878632	1.0	0.4465482831001282	0.06029995158314705	-0.2543412744998932	-0.3564020097255707	-0.19279806315898895	0.10049282014369965	-0.14148838818073273	-0.12083952128887177	0.08957308530807495	0.07537200301885605	-0.41231584548950195	0.08141636103391647	-0.26740407943725586	-0.24697089195251465	0.3200620114803314	0.20441527664661407	0.20546607673168182	0.09741301834583282	-0.07337111234664917	-0.12975353002548218	0.11960024386644363	-0.012348402291536331	0.3174978196620941	0.4533887505531311	0.42523521184921265	0.39185431599617004	0.28707757592201233	0.19435986876487732	-0.3359874486923218	0.23838989436626434	-0.2587195038795471	-0.20852956175804138	-0.16375845670700073	-0.10600005835294724	-0.08893153816461563	-0.3217076063156128	-0.33950063586235046	-0.36598581075668335	-0.2390856295824051	0.04067094996571541	0.08299514651298523	0.21615159511566162	0.05997409671545029	-0.19103820621967316	-0.03602652996778488	0.1588999181985855
THA-VPm-rh	-0.31187573075294495	0.575143575668335	0.09105205535888672	0.4465482831001282	1.0	0.27027636766433716	0.02032901719212532	-0.29396653175354004	-0.1539977490901947	0.2075367420911789	-0.03408092260360718	-0.00030764206894673407	0.22096453607082367	0.09391691535711288	-0.31793519854545593	0.3072984218597412	0.05642472580075264	-0.25864365696907043	0.3592465817928314	0.5800931453704834	-0.06251351535320282	0.032826513051986694	-0.047366153448820114	-0.12253159284591675	0.1036297157406807	0.20489715039730072	-0.06136855110526085	0.02039222978055477	0.14053292572498322	0.6107736825942993	0.5599600672721863	0.4411436915397644	-0.5231585502624512	0.4172384738922119	-0.05462646484375	-0.024418510496616364	0.25238439440727234	0.2617324888706207	0.18404880166053772	-0.1935690939426422	-0.1311935931444168	-0.3140254020690918	0.04331137239933014	-0.06840135902166367	0.2668873965740204	0.22543461620807648	0.04987969622015953	-0.10986199975013733	-0.2007007747888565	0.37212663888931274
THA-VPl-rh	-0.3211192190647125	0.09790512919425964	-0.04056280478835106	0.06029995158314705	0.27027636766433716	1.0	0.2500682473182678	-0.08922861516475677	0.05991881340742111	0.42219966650009155	0.18636475503444672	-0.015261449851095676	0.2087816298007965	0.1748475432395935	0.062590092420578	0.3033755123615265	0.4663313031196594	0.02318553999066353	0.12454061210155487	0.34638068079948425	-0.12436313927173615	-0.1876121163368225	0.09142643958330154	0.2634409964084625	0.3603164255619049	0.14685246348381042	-0.1616266369819641	-0.06996163725852966	-0.06786774098873138	0.38708052039146423	0.2212541550397873	0.2391200065612793	-0.31460681557655334	0.2563178241252899	0.11406538635492325	0.2519908845424652	0.15324240922927856	0.23219560086727142	0.3625357747077942	0.13910315930843353	0.11961515992879868	0.1329331248998642	0.27931228280067444	-0.3320968747138977	0.3368540406227112	0.5046156048774719	0.09220632910728455	-0.1047457903623581	0.11193317919969559	0.048506833612918854
THA-VAi-rh	-0.020284119993448257	-0.12850894033908844	0.017121529206633568	-0.2543412744998932	0.02032901719212532	0.2500682473182678	1.0	0.5425820350646973	0.5030836462974548	0.4322090446949005	0.2132900506258011	0.12960508465766907	0.3020564019680023	-0.03945697844028473	0.4189754128456116	0.25660720467567444	0.38986194133758545	0.3555164039134979	-0.029810797423124313	0.08795351535081863	0.25314822793006897	-0.01030744519084692	0.27135562896728516	0.2275610864162445	0.3212125897407532	-0.13578423857688904	-0.2353512942790985	-0.22938664257526398	-0.19647087156772614	0.08254516124725342	0.11235824227333069	0.37622758746147156	0.27874380350112915	0.4022723138332367	0.5443505048751831	0.2600768208503723	0.3267711400985718	0.33623006939888	0.3278794288635254	0.33778688311576843	0.38444265723228455	0.3721722662448883	0.32129842042922974	-0.05368313938379288	-0.07279348373413086	0.13147906959056854	0.0006874278769828379	0.24515362083911896	0.09170922636985779	0.2446524202823639
THA-VAs-rh	0.13791251182556152	-0.15015532076358795	0.04382653534412384	-0.3564020097255707	-0.29396653175354004	-0.08922861516475677	0.5425820350646973	1.0	0.4422290325164795	0.31322163343429565	0.12445083260536194	0.061644814908504486	0.1937294900417328	-0.03953328728675842	0.22214804589748383	0.17013028264045715	0.3782813847064972	0.5078112483024597	0.1361435502767563	0.05236659571528435	0.1655399203300476	0.02198658138513565	0.13649451732635498	0.09247986227273941	0.24245917797088623	-0.23908795416355133	-0.20110832154750824	-0.21424029767513275	-0.0694291964173317	-0.15043878555297852	0.0301225408911705	0.12079121917486191	0.52182936668396	0.0769834816455841	0.3690411150455475	0.22202707827091217	0.16278903186321259	0.2550033628940582	0.26315319538116455	0.3519037067890167	0.36329522728919983	0.39501410722732544	0.2737247049808502	0.2135539948940277	-0.3090228736400604	-0.1178240105509758	-0.008785393089056015	0.1310708373785019	0.13711363077163696	0.07949955016374588
THA-DAm-rh	0.08735726773738861	-0.34477925300598145	0.13548606634140015	-0.19279806315898895	-0.1539977490901947	0.05991881340742111	0.5030836462974548	0.4422290325164795	1.0	0.5170555114746094	0.10894706100225449	0.07380212843418121	0.2841704785823822	0.18543127179145813	0.2696523368358612	-0.02851485088467598	0.24695757031440735	0.3531406819820404	-0.3369256854057312	-0.32491570711135864	0.23447106778621674	-0.11142421513795853	0.17922601103782654	0.457601934671402	0.06531815975904465	-0.14438827335834503	-0.184861958026886	-0.028764868155121803	-0.2609153389930725	0.15840895473957062	-0.14370445907115936	0.06121058762073517	0.2964472770690918	0.19594883918762207	0.6019503474235535	-0.16624216735363007	0.04612436890602112	0.0818559005856514	0.21576088666915894	0.27833354473114014	0.05980615317821503	0.06715337932109833	0.26580092310905457	0.07382451742887497	-0.19543665647506714	-0.10811765491962433	0.0414934866130352	0.07562820613384247	0.1299210488796234	-0.10969224572181702
THA-DAl-rh	-0.280199259519577	0.11764451861381531	-0.04467453807592392	0.10049282014369965	0.2075367420911789	0.42219966650009155	0.4322090446949005	0.31322163343429565	0.5170555114746094	1.0	0.10022102296352386	0.13972938060760498	0.5072358846664429	0.22220076620578766	0.12961246073246002	0.5242611169815063	0.5327780842781067	0.41326645016670227	0.19731047749519348	0.2998659610748291	0.046367742121219635	-0.3929471969604492	0.12175636738538742	0.31062203645706177	0.13709767162799835	-0.04502522572875023	-0.33707019686698914	-0.26501187682151794	-0.22484928369522095	0.4957410395145416	0.41255027055740356	0.343965619802475	-0.04960038885474205	0.5551703572273254	0.5631729364395142	-0.08781847357749939	0.2099386751651764	0.4146592617034912	0.3130173683166504	0.21541374921798706	0.2738381326198578	0.2139832079410553	0.47655120491981506	0.09717811644077301	-0.12111276388168335	-0.011647460050880909	-0.06298936158418655	0.02449147030711174	0.014484376646578312	0.18154898285865784
PUT-VA-rh	-0.2310292273759842	-0.10318266600370407	-0.11496904492378235	-0.14148838818073273	-0.03408092260360718	0.18636475503444672	0.2132900506258011	0.12445083260536194	0.10894706100225449	0.10022102296352386	1.0	0.5877445936203003	0.44308382272720337	0.34605738520622253	0.3002498149871826	0.467151939868927	0.2716856002807617	0.2169853150844574	-0.0005739539046771824	0.06941487640142441	-0.08299937099218369	0.35034459829330444	0.5420897006988525	0.07279045134782791	0.13274724781513214	-0.0026148089673370123	-0.34222927689552307	0.13914987444877625	-0.031959373503923416	0.16783003509044647	-0.04996507987380028	0.01397547498345375	0.006779694929718971	0.2641511559486389	0.25277021527290344	0.622234046459198	0.410715252161026	0.23449528217315674	0.34269046783447266	0.2905418872833252	0.44333964586257935	0.06776822358369827	0.12420728802680969	-0.34992316365242004	0.1317732036113739	0.18276377022266388	0.2996591031551361	0.4514332413673401	0.11661286652088165	-0.04961128160357475
PUT-DA-rh	-0.20190605521202087	0.04886125400662422	-0.17237146198749542	-0.12083952128887177	-0.00030764206894673407	-0.015261449851095676	0.12960508465766907	0.061644814908504486	0.07380212843418121	0.13972938060760498	0.5877445936203003	1.0	0.5691324472427368	0.6010445356369019	-0.013482584618031979	0.21320606768131256	0.1905493140220642	0.10577591508626938	0.1636798232793808	0.0604790598154068	-0.06673772633075714	0.05844802409410477	0.28548604249954224	-0.05887508764863014	-0.18854255974292755	-0.42513206601142883	-0.4236868619918823	-0.07953678071498871	-0.1284300684928894	0.1572917401790619	0.3380782902240753	0.17798340320587158	0.2202947586774826	0.17042970657348633	0.3165137469768524	0.21935227513313293	0.6469099521636963	0.4872545301914215	0.41235610842704773	-0.16164946556091309	0.22527338564395905	-0.15005527436733246	-0.02265196293592453	-0.10808078199625015	-0.05939379334449768	-0.33609819412231445	-0.11906342953443527	0.06372808665037155	0.35724541544914246	-0.06387509405612946
PUT-VP-rh	-0.3858790397644043	0.05399399995803833	-0.241884246468544	0.08957308530807495	0.22096453607082367	0.2087816298007965	0.3020564019680023	0.1937294900417328	0.2841704785823822	0.5072358846664429	0.44308382272720337	0.5691324472427368	1.0	0.5798094868659973	0.007804640103131533	0.3012910783290863	0.4767705798149109	0.1449250876903534	0.01813708245754242	0.14056940376758575	-0.06620460748672485	-0.06203131750226021	0.1106443926692009	0.06985829025506973	0.1923031508922577	-0.3202570378780365	-0.39071500301361084	-0.07619047164916992	-0.2729147970676422	0.3680714964866638	0.3096691071987152	0.220859095454216	-0.022512191906571388	0.36311131715774536	0.45662450790405273	0.2024080753326416	0.5547430515289307	0.6657757759094238	0.5446475148200989	-0.013111582957208157	0.2428254932165146	-0.10078115016222	0.43796372413635254	-0.17257317900657654	0.075668565928936	0.040665168315172195	-0.09075542539358139	-0.1414688378572464	0.07446062564849854	0.04785352945327759
PUT-DP-rh	-0.26513269543647766	0.13918258249759674	-0.03779296204447746	0.07537200301885605	0.09391691535711288	0.1748475432395935	-0.03945697844028473	-0.03953328728675842	0.18543127179145813	0.22220076620578766	0.34605738520622253	0.6010445356369019	0.5798094868659973	1.0	-0.23496834933757782	0.0911579430103302	0.30951863527297974	0.06399769335985184	0.13858981430530548	0.09521086513996124	-0.13111549615859985	-0.147963747382164	-0.027895702049136162	-0.012203939259052277	-0.003288207808509469	-0.24449032545089722	-0.4070141613483429	-0.06044498085975647	-0.030489198863506317	0.428602933883667	0.20743125677108765	0.12093190848827362	-0.22436659038066864	0.049030330032110214	0.12944503128528595	0.04370676353573799	0.562335193157196	0.3430149555206299	0.6091437935829163	-0.3557948172092438	-0.1560676097869873	-0.4132208228111267	0.06224248558282852	-0.19721174240112305	0.08351193368434906	-0.13332754373550415	-0.1858632117509842	-0.29468658566474915	0.274574875831604	-0.17760711908340454
CAU-VA-rh	0.24579370021820068	-0.33071279525756836	-0.23561139404773712	-0.41231584548950195	-0.31793519854545593	0.062590092420578	0.4189754128456116	0.22214804589748383	0.2696523368358612	0.12961246073246002	0.3002498149871826	-0.013482584618031979	0.007804640103131533	-0.23496834933757782	1.0	0.2278180569410324	0.33322882652282715	0.33547303080558777	-0.48243823647499084	-0.22689583897590637	0.07660850882530212	-0.020788157358765602	0.34127509593963623	0.18868030607700348	-0.06938184797763824	-0.009589611552655697	-0.12986068427562714	-0.11938291043043137	-0.25651979446411133	-0.17275361716747284	-0.313363641500473	-0.22291092574596405	0.25698861479759216	0.06578412652015686	0.35901153087615967	0.13897931575775146	-0.06600473076105118	-0.014308115467429161	-0.08323986083269119	0.6935206651687622	0.47503823041915894	0.486089289188385	0.30509114265441895	-0.15098120272159576	-0.1037333682179451	0.09459944069385529	-0.046659838408231735	0.26391398906707764	-0.11160258948802948	-0.051666516810655594
CAU-DA-rh	-0.34309709072113037	0.32809311151504517	0.12052250653505325	0.08141636103391647	0.3072984218597412	0.3033755123615265	0.25660720467567444	0.17013028264045715	-0.02851485088467598	0.5242611169815063	0.467151939868927	0.21320606768131256	0.3012910783290863	0.0911579430103302	0.2278180569410324	1.0	0.5130068063735962	0.4064628779888153	0.3186891973018646	0.5342214107513428	-0.05080946162343025	-0.16151048243045807	0.282651424407959	-0.04658570885658264	0.1421990543603897	0.10968437790870667	-0.2286120504140854	-0.049845870584249496	0.13794101774692535	0.42694681882858276	0.47909867763519287	0.2953217327594757	-0.1513294130563736	0.5238215923309326	0.2830457389354706	0.3573112487792969	0.3128855526447296	0.42375046014785767	0.2591879069805145	0.3303817808628082	0.6025087237358093	0.3751591145992279	0.4305185079574585	-0.03513704612851143	0.12557879090309143	0.06582686305046082	-0.03642760589718819	0.35227397084236145	-0.04984070733189583	0.34454742074012756
CAU-body-rh	-0.2789057791233063	0.0907149389386177	-0.14215455949306488	-0.26740407943725586	0.05642472580075264	0.4663313031196594	0.38986194133758545	0.3782813847064972	0.24695757031440735	0.5327780842781067	0.2716856002807617	0.1905493140220642	0.4767705798149109	0.30951863527297974	0.33322882652282715	0.5130068063735962	1.0	0.5645589232444763	0.0933651477098465	0.3710399866104126	-0.0501735657453537	-0.4406946003437042	0.05647707358002663	0.2909320294857025	0.2737524211406708	-0.09080582112073898	-0.46583259105682373	-0.47570714354515076	-0.17271646857261658	0.3267403542995453	0.1747874766588211	0.1327284425497055	-0.084243044257164	0.24749505519866943	0.3792085349559784	0.2758793532848358	0.4439072906970978	0.6200879812240601	0.5834711194038391	0.3443673253059387	0.42623475193977356	0.44963058829307556	0.6400750875473022	-0.2680673599243164	0.1949472576379776	0.14231574535369873	-0.20090657472610474	-0.13303768634796143	0.09429606795310974	0.12620142102241516
CAU-tail-rh	0.04311075061559677	-0.23742461204528809	0.1078386977314949	-0.24697089195251465	-0.25864365696907043	0.02318553999066353	0.3555164039134979	0.5078112483024597	0.3531406819820404	0.41326645016670227	0.2169853150844574	0.10577591508626938	0.1449250876903534	0.06399769335985184	0.33547303080558777	0.4064628779888153	0.5645589232444763	1.0	0.1250331699848175	0.04582756757736206	0.2933023273944855	-0.29759934544563293	0.1772782951593399	0.3224795460700989	-0.04490596801042557	-0.23260512948036194	-0.25801849365234375	-0.2332271784543991	0.12810227274894714	0.1519785225391388	0.0018661841750144958	0.10971692949533463	0.17132273316383362	0.10547720640897751	0.24272003769874573	0.15706652402877808	0.132751002907753	0.21250048279762268	0.20350268483161926	0.3975523114204407	0.3573272228240967	0.5402788519859314	0.4364328682422638	0.12542414665222168	-0.2942558526992798	-0.11620638519525528	-0.19266586005687714	0.10056363791227341	0.10815882682800293	0.05871743708848953
lAMY-rh	-0.2268056422472	0.5068241357803345	0.20111142098903656	0.3200620114803314	0.3592465817928314	0.12454061210155487	-0.029810797423124313	0.1361435502767563	-0.3369256854057312	0.19731047749519348	-0.0005739539046771824	0.1636798232793808	0.01813708245754242	0.13858981430530548	-0.48243823647499084	0.3186891973018646	0.0933651477098465	0.1250331699848175	1.0	0.6127738952636719	0.05013290420174599	-0.06657794862985611	0.015813933685421944	-0.14213553071022034	0.036348890513181686	0.011681786738336086	-0.1304878443479538	-0.133682519197464	0.36713582277297974	0.30449411273002625	0.509878396987915	0.4931715726852417	-0.14505773782730103	0.31081682443618774	-0.1293545365333557	0.12416620552539825	0.32407090067863464	0.2988303601741791	0.29463672637939453	-0.28074654936790466	0.033289775252342224	0.02581743523478508	-0.2022641897201538	0.0741036981344223	-0.06283436715602875	0.014291110448539257	0.04208756238222122	0.0004358423757366836	0.08285371959209442	0.3261990547180176
mAMY-rh	-0.28509438037872314	0.6352317929267883	-0.09103735536336899	0.20441527664661407	0.5800931453704834	0.34638068079948425	0.08795351535081863	0.05236659571528435	-0.32491570711135864	0.2998659610748291	0.06941487640142441	0.0604790598154068	0.14056940376758575	0.09521086513996124	-0.22689583897590637	0.5342214107513428	0.3710399866104126	0.04582756757736206	0.6127738952636719	1.0	-0.08835103362798691	-0.17598970234394073	0.012348097749054432	-0.054308004677295685	0.2378028780221939	0.2603136897087097	-0.18302427232265472	-0.2421124428510666	0.18448062241077423	0.4093172252178192	0.6125497221946716	0.39075276255607605	-0.31851041316986084	0.3733377456665039	-0.10083693265914917	0.2601712942123413	0.375379353761673	0.39256221055984497	0.23632393777370453	-0.027088681235909462	0.18629670143127441	0.11428653448820114	0.19961608946323395	0.06647178530693054	0.20288202166557312	0.1042073518037796	0.043315183371305466	-0.02990976721048355	-0.1526644080877304	0.399493008852005
THA-DP-rh	0.2999131679534912	-0.22689156234264374	0.21532878279685974	0.20546607673168182	-0.06251351535320282	-0.12436313927173615	0.25314822793006897	0.1655399203300476	0.23447106778621674	0.046367742121219635	-0.08299937099218369	-0.06673772633075714	-0.06620460748672485	-0.13111549615859985	0.07660850882530212	-0.05080946162343025	-0.0501735657453537	0.2933023273944855	0.05013290420174599	-0.08835103362798691	1.0	-0.025289015844464302	0.10344090312719345	0.19957058131694794	-0.079126738011837	-0.2823159396648407	0.1330731064081192	0.24576428532600403	0.40000393986701965	0.06071126088500023	-0.06735139340162277	0.33498910069465637	0.2075401097536087	0.012937976978719234	0.14213411509990692	-0.08981068432331085	-0.17453481256961823	-0.1418280005455017	-0.055140670388936996	0.09506818652153015	-0.23874136805534363	-0.028327936306595802	-0.14877265691757202	0.12546534836292267	-0.2731231153011322	0.18758590519428253	-0.19508422911167145	-0.07177019864320755	0.20954422652721405	-0.06623940169811249
NAc-shell-rh	0.13829943537712097	0.06305164843797684	0.12214906513690948	0.09741301834583282	0.032826513051986694	-0.1876121163368225	-0.01030744519084692	0.02198658138513565	-0.11142421513795853	-0.3929471969604492	0.35034459829330444	0.05844802409410477	-0.06203131750226021	-0.147963747382164	-0.020788157358765602	-0.16151048243045807	-0.4406946003437042	-0.29759934544563293	-0.06657794862985611	-0.17598970234394073	-0.025289015844464302	1.0	0.3267132043838501	-0.09969931840896606	0.264753133058548	0.07606358081102371	0.23165400326251984	0.3619632124900818	0.15566851198673248	-0.12261993438005447	-0.12436382472515106	0.019537411630153656	0.10424739867448807	0.11212717741727829	-0.060064490884542465	0.3199946880340576	-0.048421505838632584	-0.17798975110054016	-0.1493084728717804	0.027139058336615562	0.024182995781302452	-0.23570343852043152	-0.2952030599117279	-0.30156418681144714	-0.05245262011885643	0.1674136221408844	0.43571436405181885	0.303732305765152	-0.05471624806523323	0.12079312652349472
NAc-core-rh	-0.14315731823444366	-0.1553807258605957	-0.13940797746181488	-0.07337111234664917	-0.047366153448820114	0.09142643958330154	0.27135562896728516	0.13649451732635498	0.17922601103782654	0.12175636738538742	0.5420897006988525	0.28548604249954224	0.1106443926692009	-0.027895702049136162	0.34127509593963623	0.282651424407959	0.05647707358002663	0.1772782951593399	0.015813933685421944	0.012348097749054432	0.10344090312719345	0.3267132043838501	1.0	0.3229452669620514	0.06558738648891449	0.1496896594762802	-0.1715223640203476	0.0863804891705513	-0.0769156962633133	-0.050777368247509	-0.09531848877668381	0.05538291484117508	0.1419392079114914	0.3365841805934906	0.21693000197410583	0.35025665163993835	0.04709794744849205	-0.08381729573011398	0.053281269967556	0.3590559959411621	0.38495317101478577	0.10242149978876114	-0.20423130691051483	-0.23455281555652618	-0.24871020019054413	0.10111617296934128	0.3125459849834442	0.34293368458747864	0.1350031942129135	0.07961864024400711
pGP-rh	-0.020691148936748505	-0.3094709813594818	-0.1885233372449875	-0.12975353002548218	-0.12253159284591675	0.2634409964084625	0.2275610864162445	0.09247986227273941	0.457601934671402	0.31062203645706177	0.07279045134782791	-0.05887508764863014	0.06985829025506973	-0.012203939259052277	0.18868030607700348	-0.04658570885658264	0.2909320294857025	0.3224795460700989	-0.14213553071022034	-0.054308004677295685	0.19957058131694794	-0.09969931840896606	0.3229452669620514	1.0	0.11388879269361496	0.12349545210599899	-0.19888173043727875	-0.189833402633667	-0.03803456574678421	0.11622379720211029	-0.2201453000307083	0.022204644978046417	0.044692907482385635	0.0749555453658104	0.20084521174430847	0.029956456273794174	-0.08758518099784851	-0.10192690789699554	0.07807565480470657	0.18943238258361816	0.040584858506917953	0.14201898872852325	0.14627166092395782	-0.06596428155899048	-0.05950022116303444	0.08239036053419113	0.044184859842061996	0.12781189382076263	-0.0542595200240612	-0.12676435708999634
aGP-rh	-0.2743038833141327	0.18262863159179688	0.08150090277194977	0.11960024386644363	0.1036297157406807	0.3603164255619049	0.3212125897407532	0.24245917797088623	0.06531815975904465	0.13709767162799835	0.13274724781513214	-0.18854255974292755	0.1923031508922577	-0.003288207808509469	-0.06938184797763824	0.1421990543603897	0.2737524211406708	-0.04490596801042557	0.036348890513181686	0.2378028780221939	-0.079126738011837	0.264753133058548	0.06558738648891449	0.11388879269361496	1.0	0.24069109559059143	0.018544908612966537	-0.05674481391906738	-0.01756686344742775	0.16506946086883545	-0.007142713759094477	0.18979512155056	-0.06540755927562714	0.2780408561229706	0.05568202584981918	0.2847333550453186	0.15202827751636505	0.17720426619052887	0.28290504217147827	0.01968320459127426	0.1955745965242386	0.06663545966148376	0.2044523060321808	-0.24559654295444489	0.34545794129371643	0.3308771550655365	0.34192901849746704	0.022774487733840942	0.08024992793798447	0.18084590137004852
HIP-head-m-lh	-0.14508092403411865	0.2576967775821686	0.02267974615097046	-0.012348402291536331	0.20489715039730072	0.14685246348381042	-0.13578423857688904	-0.23908795416355133	-0.14438827335834503	-0.04502522572875023	-0.0026148089673370123	-0.42513206601142883	-0.3202570378780365	-0.24449032545089722	-0.009589611552655697	0.10968437790870667	-0.09080582112073898	-0.23260512948036194	0.011681786738336086	0.2603136897087097	-0.2823159396648407	0.07606358081102371	0.1496896594762802	0.12349545210599899	0.24069109559059143	1.0	0.11250828951597214	-0.11166810989379883	-0.029548896476626396	0.09638593345880508	-0.21032662689685822	-0.22705984115600586	-0.4057095944881439	0.010776102542877197	-0.1649828404188156	0.10213647037744522	-0.17133107781410217	-0.23236814141273499	-0.0071166930720210075	0.11022955179214478	0.01663438230752945	-0.027017762884497643	-0.11501903831958771	-0.1032826155424118	0.32003188133239746	0.28114017844200134	0.5405210852622986	0.16442640125751495	-0.4128343462944031	0.0793587937951088
HIP-head-l-l	0.2948492169380188	0.06145729497075081	0.38070160150527954	0.3174978196620941	-0.06136855110526085	-0.1616266369819641	-0.2353512942790985	-0.20110832154750824	-0.184861958026886	-0.33707019686698914	-0.34222927689552307	-0.4236868619918823	-0.39071500301361084	-0.4070141613483429	-0.12986068427562714	-0.2286120504140854	-0.46583259105682373	-0.25801849365234375	-0.1304878443479538	-0.18302427232265472	0.1330731064081192	0.23165400326251984	-0.1715223640203476	-0.19888173043727875	0.018544908612966537	0.11250828951597214	1.0	0.5361179113388062	0.21009264886379242	-0.12766538560390472	-0.14521139860153198	-0.21938550472259521	0.048226576298475266	-0.11831571161746979	-0.23045115172863007	-0.1738828420639038	-0.39095184206962585	-0.26941871643066406	-0.3804420828819275	0.01329351868480444	-0.23873670399188995	-0.010869931429624557	-0.17390498518943787	0.14984728395938873	0.2280898541212082	0.20032747089862823	-0.020240630954504013	0.011409163475036621	-0.17793463170528412	0.12472490966320038
HIP-body-l	0.2399255335330963	-0.0843905583024025	0.23177072405815125	0.4533887505531311	0.02039222978055477	-0.06996163725852966	-0.22938664257526398	-0.21424029767513275	-0.028764868155121803	-0.26501187682151794	0.13914987444877625	-0.07953678071498871	-0.07619047164916992	-0.06044498085975647	-0.11938291043043137	-0.049845870584249496	-0.47570714354515076	-0.2332271784543991	-0.133682519197464	-0.2421124428510666	0.24576428532600403	0.3619632124900818	0.0863804891705513	-0.189833402633667	-0.05674481391906738	-0.11166810989379883	0.5361179113388062	1.0	0.29749253392219543	0.02198953367769718	-0.09283271431922913	-0.06373286247253418	0.0399145744740963	0.012335476465523243	-0.24461287260055542	-0.07639892399311066	-0.4098869860172272	-0.3063209354877472	-0.26343807578086853	0.07249569892883301	-0.23825491964817047	-0.22777320444583893	-0.16212378442287445	0.06576228886842728	0.06439803540706635	0.2348475605249405	0.16528278589248657	0.061486806720495224	-0.01869162544608116	-0.13646367192268372
HIP-tail-lh	0.2346438467502594	0.2006012499332428	0.41972678899765015	0.42523521184921265	0.14053292572498322	-0.06786774098873138	-0.19647087156772614	-0.0694291964173317	-0.2609153389930725	-0.22484928369522095	-0.031959373503923416	-0.1284300684928894	-0.2729147970676422	-0.030489198863506317	-0.25651979446411133	0.13794101774692535	-0.17271646857261658	0.12810227274894714	0.36713582277297974	0.18448062241077423	0.40000393986701965	0.15566851198673248	-0.0769156962633133	-0.03803456574678421	-0.01756686344742775	-0.029548896476626396	0.21009264886379242	0.29749253392219543	1.0	0.17742343246936798	0.14191241562366486	0.13243301212787628	-0.23088465631008148	-0.1286301165819168	-0.2841380834579468	0.08440897613763809	-0.1561913788318634	-0.2064114212989807	-0.10874012857675552	-0.20729169249534607	-0.26186302304267883	-0.11945191025733948	-0.3239515423774719	0.01670839823782444	-0.1250150352716446	0.15984418988227844	-0.13700301945209503	-0.015838202089071274	0.13872061669826508	0.10431217402219772
THA-VPm-lh	-0.36232104897499084	0.42970770597457886	0.2316945642232895	0.39185431599617004	0.6107736825942993	0.38708052039146423	0.08254516124725342	-0.15043878555297852	0.15840895473957062	0.4957410395145416	0.16783003509044647	0.1572917401790619	0.3680714964866638	0.428602933883667	-0.17275361716747284	0.42694681882858276	0.3267403542995453	0.1519785225391388	0.30449411273002625	0.4093172252178192	0.06071126088500023	-0.12261993438005447	-0.050777368247509	0.11622379720211029	0.16506946086883545	0.09638593345880508	-0.12766538560390472	0.02198953367769718	0.17742343246936798	1.0	0.4466666877269745	0.3792819678783417	-0.502345860004425	0.436784565448761	0.15830554068088531	-0.088472381234169	0.34282079339027405	0.3760862648487091	0.3912390470504761	-0.09972704201936722	-0.19038759171962738	-0.2128993272781372	0.19465868175029755	-0.19102653861045837	0.22731256484985352	0.16534298658370972	0.051530640572309494	-0.08179805427789688	-0.023790597915649414	0.21747896075248718
THA-VPl-lh	-0.2983945906162262	0.573838472366333	0.115481436252594	0.28707757592201233	0.5599600672721863	0.2212541550397873	0.11235824227333069	0.0301225408911705	-0.14370445907115936	0.41255027055740356	-0.04996507987380028	0.3380782902240753	0.3096691071987152	0.20743125677108765	-0.313363641500473	0.47909867763519287	0.1747874766588211	0.0018661841750144958	0.509878396987915	0.6125497221946716	-0.06735139340162277	-0.12436382472515106	-0.09531848877668381	-0.2201453000307083	-0.007142713759094477	-0.21032662689685822	-0.14521139860153198	-0.09283271431922913	0.14191241562366486	0.4466666877269745	1.0	0.5935815572738647	-0.07663996517658234	0.4701954126358032	0.13468755781650543	-0.029220519587397575	0.40718334913253784	0.5210837125778198	0.17078600823879242	-0.24610485136508942	0.13080626726150513	-0.07677216082811356	0.17224088311195374	0.1344103217124939	-0.07303260266780853	-0.260756254196167	-0.3203514814376831	-0.07406237721443176	0.19800567626953125	0.4679710566997528
THA-VAi-lh	-0.2639416456222534	0.33772552013397217	0.22776475548744202	0.19435986876487732	0.4411436915397644	0.2391200065612793	0.37622758746147156	0.12079121917486191	0.06121058762073517	0.343965619802475	0.01397547498345375	0.17798340320587158	0.220859095454216	0.12093190848827362	-0.22291092574596405	0.2953217327594757	0.1327284425497055	0.10971692949533463	0.4931715726852417	0.39075276255607605	0.33498910069465637	0.019537411630153656	0.05538291484117508	0.022204644978046417	0.18979512155056	-0.22705984115600586	-0.21938550472259521	-0.06373286247253418	0.13243301212787628	0.3792819678783417	0.5935815572738647	1.0	0.0015121173346415162	0.6232746839523315	0.2994292676448822	0.1178290992975235	0.4377445876598358	0.3426256775856018	0.2784028649330139	-0.17798319458961487	0.0891888365149498	-0.03660916909575462	0.06310717761516571	0.05445093661546707	-0.14499594271183014	0.01879912242293358	-0.14505958557128906	0.06824681907892227	0.16372050344944	0.4369664192199707
THA-VAs-lh	0.4219980835914612	-0.3220771253108978	0.0010220309486612678	-0.3359874486923218	-0.5231585502624512	-0.31460681557655334	0.27874380350112915	0.52182936668396	0.2964472770690918	-0.04960038885474205	0.006779694929718971	0.2202947586774826	-0.022512191906571388	-0.22436659038066864	0.25698861479759216	-0.1513294130563736	-0.084243044257164	0.17132273316383362	-0.14505773782730103	-0.31851041316986084	0.2075401097536087	0.10424739867448807	0.1419392079114914	0.044692907482385635	-0.06540755927562714	-0.4057095944881439	0.048226576298475266	0.0399145744740963	-0.23088465631008148	-0.502345860004425	-0.07663996517658234	0.0015121173346415162	1.0	0.007628743536770344	0.35308700799942017	-0.09028937667608261	-0.057798124849796295	0.1014094278216362	-0.18930649757385254	0.19357085227966309	0.25494179129600525	0.3835587799549103	0.025244494900107384	0.3223384618759155	-0.35062772035598755	-0.390678733587265	-0.0261831134557724	0.15027226507663727	0.19152092933654785	-0.17518983781337738
THA-DAm-lh	-0.3195647895336151	0.4123462438583374	0.14990170300006866	0.23838989436626434	0.4172384738922119	0.2563178241252899	0.4022723138332367	0.0769834816455841	0.19594883918762207	0.5551703572273254	0.2641511559486389	0.17042970657348633	0.36311131715774536	0.049030330032110214	0.06578412652015686	0.5238215923309326	0.24749505519866943	0.10547720640897751	0.31081682443618774	0.3733377456665039	0.012937976978719234	0.11212717741727829	0.3365841805934906	0.0749555453658104	0.2780408561229706	0.010776102542877197	-0.11831571161746979	0.012335476465523243	-0.1286301165819168	0.436784565448761	0.4701954126358032	0.6232746839523315	0.007628743536770344	1.0	0.49865463376045227	0.15726904571056366	0.30417925119400024	0.42313364148139954	0.16738839447498322	0.21407516300678253	0.3481513559818268	0.1572282910346985	0.2307429015636444	-0.19351136684417725	0.0159097071737051	0.09448221325874329	0.11528259515762329	0.273159384727478	-0.03937432914972305	0.4645370543003082
THA-DAl-lh	-0.04337729513645172	-0.020097995176911354	0.10893744230270386	-0.2587195038795471	-0.05462646484375	0.11406538635492325	0.5443505048751831	0.3690411150455475	0.6019503474235535	0.5631729364395142	0.25277021527290344	0.3165137469768524	0.45662450790405273	0.12944503128528595	0.35901153087615967	0.2830457389354706	0.3792085349559784	0.24272003769874573	-0.1293545365333557	-0.10083693265914917	0.14213411509990692	-0.060064490884542465	0.21693000197410583	0.20084521174430847	0.05568202584981918	-0.1649828404188156	-0.23045115172863007	-0.24461287260055542	-0.2841380834579468	0.15830554068088531	0.13468755781650543	0.2994292676448822	0.35308700799942017	0.49865463376045227	1.0	0.06045620143413544	0.33235663175582886	0.513574481010437	0.3153814673423767	0.30741044878959656	0.33334335684776306	0.2648499011993408	0.30775490403175354	-0.18309111893177032	-0.14823880791664124	-0.058143116533756256	-0.0485503152012825	0.20419977605342865	0.08323898911476135	0.10010378807783127
PUT-VA-lh	-0.2202705591917038	0.03147091716527939	-0.05425475537776947	-0.20852956175804138	-0.024418510496616364	0.2519908845424652	0.2600768208503723	0.22202707827091217	-0.16624216735363007	-0.08781847357749939	0.622234046459198	0.21935227513313293	0.2024080753326416	0.04370676353573799	0.13897931575775146	0.3573112487792969	0.2758793532848358	0.15706652402877808	0.12416620552539825	0.2601712942123413	-0.08981068432331085	0.3199946880340576	0.35025665163993835	0.029956456273794174	0.2847333550453186	0.10213647037744522	-0.1738828420639038	-0.07639892399311066	0.08440897613763809	-0.088472381234169	-0.029220519587397575	0.1178290992975235	-0.09028937667608261	0.15726904571056366	0.06045620143413544	1.0	0.40026727318763733	0.17101968824863434	0.31694239377975464	0.32792583107948303	0.5382986664772034	0.23123319447040558	0.16419106721878052	-0.3444572389125824	0.22912901639938354	0.34740132093429565	0.14707301557064056	0.45972415804862976	0.03520709648728371	0.24477632343769073
PUT-DA-l	-0.4322470426559448	0.3027500808238983	0.006058414466679096	-0.16375845670700073	0.25238439440727234	0.15324240922927856	0.3267711400985718	0.16278903186321259	0.04612436890602112	0.2099386751651764	0.410715252161026	0.6469099521636963	0.5547430515289307	0.562335193157196	-0.06600473076105118	0.3128855526447296	0.4439072906970978	0.132751002907753	0.32407090067863464	0.375379353761673	-0.17453481256961823	-0.048421505838632584	0.04709794744849205	-0.08758518099784851	0.15202827751636505	-0.17133107781410217	-0.39095184206962585	-0.4098869860172272	-0.1561913788318634	0.34282079339027405	0.40718334913253784	0.4377445876598358	-0.057798124849796295	0.30417925119400024	0.33235663175582886	0.40026727318763733	1.0	0.7032501697540283	0.706581711769104	-0.2062845230102539	0.3387390375137329	0.006654185242950916	0.22361239790916443	-0.14943033456802368	0.19325637817382812	-0.09197396039962769	-0.14208437502384186	0.053049735724925995	0.14375725388526917	0.27440640330314636
PUT-VP-lh	-0.31207120418548584	0.37958788871765137	0.03673221915960312	-0.10600005835294724	0.2617324888706207	0.23219560086727142	0.33623006939888	0.2550033628940582	0.0818559005856514	0.4146592617034912	0.23449528217315674	0.4872545301914215	0.6657757759094238	0.3430149555206299	-0.014308115467429161	0.42375046014785767	0.6200879812240601	0.21250048279762268	0.2988303601741791	0.39256221055984497	-0.1418280005455017	-0.17798975110054016	-0.08381729573011398	-0.10192690789699554	0.17720426619052887	-0.23236814141273499	-0.26941871643066406	-0.3063209354877472	-0.2064114212989807	0.3760862648487091	0.5210837125778198	0.3426256775856018	0.1014094278216362	0.42313364148139954	0.513574481010437	0.17101968824863434	0.7032501697540283	1.0	0.5717676281929016	0.031654007732868195	0.36764150857925415	0.260071724653244	0.5040232539176941	-0.16584716737270355	0.20907171070575714	-0.02998187020421028	-0.1281822919845581	-0.09692490100860596	0.04422035440802574	0.30416977405548096
PUT-DP-lh	-0.4216006100177765	0.19584538042545319	0.051943253725767136	-0.08893153816461563	0.18404880166053772	0.3625357747077942	0.3278794288635254	0.26315319538116455	0.21576088666915894	0.3130173683166504	0.34269046783447266	0.41235610842704773	0.5446475148200989	0.6091437935829163	-0.08323986083269119	0.2591879069805145	0.5834711194038391	0.20350268483161926	0.29463672637939453	0.23632393777370453	-0.055140670388936996	-0.1493084728717804	0.053281269967556	0.07807565480470657	0.28290504217147827	-0.0071166930720210075	-0.3804420828819275	-0.26343807578086853	-0.10874012857675552	0.3912390470504761	0.17078600823879242	0.2784028649330139	-0.18930649757385254	0.16738839447498322	0.3153814673423767	0.31694239377975464	0.706581711769104	0.5717676281929016	1.0	-0.0945601835846901	0.140531525015831	-0.07301846146583557	0.2305440902709961	-0.30562880635261536	0.26530763506889343	0.22583867609500885	-0.014850015752017498	-0.18196414411067963	0.13039390742778778	0.0035605544690042734
