Node	DMN_LABEL_1	Vis_LABEL_2	FP_LABEL_3	Aud_LABEL_4	Tpole_LABEL_5	PMN_LABEL_6	PON_LABEL_7	MTL_LABEL_8	PON_LABEL_9	CO_LABEL_10	Sal_LABEL_11	CO_LABEL_12	SMd_LABEL_13	SMl_LABEL_14	DAN_LABEL_15	DMN_LABEL_16	CO_LABEL_17	DMN_LABEL_18	VAN_LABEL_19	CO_LABEL_20	CO_LABEL_21	Sal_LABEL_22	DAN_LABEL_23	PMN_LABEL_24	DAN_LABEL_25	DMN_LABEL_26	DMN_LABEL_27	DMN_LABEL_28	Vis_LABEL_29	FP_LABEL_30	Aud_LABEL_31	Tpole_LABEL_32	PMN_LABEL_33	PON_LABEL_34	MTL_LABEL_35	CO_LABEL_36	Sal_LABEL_37	CO_LABEL_38	SMd_LABEL_39	SMl_LABEL_40	DAN_LABEL_41	CO_LABEL_42	VAN_LABEL_43	CO_LABEL_44	CO_LABEL_45	Sal_LABEL_46	DAN_LABEL_47	PMN_LABEL_48	DAN_LABEL_49	DMN_LABEL_50	FP_LABEL_51	DMN_LABEL_52	DMN_LABEL_53	PON_LABEL_54	DMN_LABEL_55	Tpole_LABEL_56	Tpole_LABEL_57	Sal_LABEL_58	Sal_LABEL_59	SMd_LABEL_60	DAN_LABEL_61	FP_LABEL_62	DMN_LABEL_63	FP_LABEL_64	FP_LABEL_65	SMd_LABEL_66	SMl_LABEL_67	SMd_LABEL_68	DMN_LABEL_69	DAN_LABEL_70	DMN_LABEL_71	FP_LABEL_72	SMd_LABEL_73	SMl_LABEL_74	MTL_LABEL_75	MTL_LABEL_76	CO_LABEL_77	CO_LABEL_78	Vis_LABEL_79	Vis_LABEL_80
DMN_LABEL_1	1.0	-0.3106217086315155	-0.17080157995224	-0.3404788672924042	0.3087749183177948	0.7510446906089783	0.30800363421440125	n/a	0.02402953989803791	-0.4197598993778229	0.047297608107328415	-0.35509252548217773	-0.0948229506611824	-0.002004092326387763	-0.30006369948387146	0.8189453482627869	-0.3407638370990753	0.4016374349594116	0.3345423638820648	-0.18613767623901367	-0.5929104685783386	0.15252447128295898	-0.1324334442615509	0.547130286693573	-0.16551809012889862	0.6053012609481812	0.719828724861145	0.5107660293579102	-0.33610618114471436	-0.13657525181770325	-0.313613623380661	0.34985727071762085	0.8533148169517517	0.4489174783229828	n/a	-0.47251656651496887	-0.02790033258497715	-0.27110183238983154	0.12149345129728317	-0.15908512473106384	-0.28768613934516907	-0.45032456517219543	-0.017801987007260323	-0.19564825296401978	-0.38032037019729614	0.28491121530532837	-0.2233380377292633	0.44389399886131287	-0.24151450395584106	0.6609403491020203	-0.14373883605003357	0.3420370817184448	0.43106555938720703	-0.14889749884605408	0.5791332125663757	0.15171648561954498	0.21342916786670685	-0.022150486707687378	-0.050769589841365814	0.07737599313259125	-0.24040870368480682	-0.04593915492296219	0.11068800091743469	0.1798747330904007	0.3533528447151184	0.11043556034564972	0.005864610429853201	0.02500586025416851	0.5599194169044495	-0.30702105164527893	0.3059588670730591	0.41405078768730164	-0.19303055107593536	-0.14099887013435364	-0.08655744045972824	0.07451874017715454	-0.036860305815935135	-0.4066407084465027	-0.2882499694824219	0.09285478293895721
Vis_LABEL_2	-0.3106217086315155	1.0	-0.2649071514606476	-0.10998687148094177	-0.1732882708311081	-0.5514219403266907	0.21240997314453125	n/a	0.016296470537781715	-0.2460942417383194	-0.07884994894266129	-0.13430644571781158	-0.16402414441108704	0.04743930697441101	-0.048532452434301376	-0.0578751266002655	0.2997061610221863	0.11330492049455643	-0.03996521234512329	-0.02544066682457924	0.23183618485927582	0.11463955044746399	0.27070990204811096	-0.2080230414867401	0.04028668254613876	0.07851807773113251	-0.18794400990009308	-0.20069004595279694	0.9048106074333191	-0.2941434979438782	-0.2048511654138565	-0.429537296295166	-0.43224185705184937	0.0969056785106659	n/a	-0.21171070635318756	-0.19392849504947662	-0.13089004158973694	-0.22430294752120972	0.2074083685874939	-0.16616667807102203	-0.06426014751195908	-0.2303990125656128	0.12634195387363434	-0.14960813522338867	-0.154464989900589	-0.06119626760482788	-0.31892842054367065	0.004805832635611296	-0.20037250220775604	-0.16949044167995453	-0.2946920096874237	-0.3817639946937561	0.02960510551929474	0.0174847561866045	-0.1876833736896515	-0.21260356903076172	-0.11424888670444489	-0.19811338186264038	-0.20490221679210663	-0.021205324679613113	0.040543459355831146	-0.31847235560417175	-0.19621235132217407	0.043375398963689804	-0.10001986473798752	0.2967173755168915	-0.17307120561599731	0.09609658271074295	0.06758737564086914	-0.3449833393096924	-0.2489491105079651	-0.09289801865816116	0.20264680683612823	-0.3021395206451416	-0.42463529109954834	-0.14803080260753632	-0.11941339075565338	0.34864187240600586	0.43152862787246704
FP_LABEL_3	-0.17080157995224	-0.2649071514606476	1.0	0.18662697076797485	-0.004076972138136625	-0.04816850274801254	-0.3170502483844757	n/a	-0.26272913813591003	0.12216293066740036	-0.337798148393631	0.010759551078081131	0.33105477690696716	-0.0643216222524643	0.5603798627853394	-0.2163177728652954	-0.06165500357747078	-0.2583053410053253	0.04523661732673645	-0.13177913427352905	-0.015758398920297623	0.02984817512333393	-0.31142282485961914	-0.029592134058475494	0.0689481645822525	-0.05135442316532135	-0.06004559248685837	0.17146579921245575	-0.26540330052375793	0.7635951042175293	0.1347605586051941	-0.14480231702327728	0.033730167895555496	-0.30363166332244873	n/a	0.018742473796010017	-0.05138786882162094	-0.031978756189346313	0.2125493884086609	-0.1692051887512207	0.3705001175403595	0.16323553025722504	0.029828259721398354	-0.17822325229644775	-0.0011444552801549435	0.11527259647846222	-0.07215680181980133	0.2231903225183487	0.1489299088716507	-0.23242072761058807	0.36542731523513794	0.22342413663864136	0.07984649389982224	-0.3069390058517456	-0.07479768246412277	-0.004045114852488041	-0.00917939655482769	-0.10766427218914032	0.17283771932125092	0.40634211897850037	0.2501935064792633	0.39224928617477417	-0.17629460990428925	0.5886743664741516	-0.061876215040683746	0.2749392092227936	0.16861474514007568	0.2722032368183136	-0.06577566266059875	0.18354599177837372	0.008555744774639606	0.4194050431251526	0.2228751927614212	0.005645941477268934	0.30134326219558716	0.2135515660047531	0.14215555787086487	-0.011716368608176708	0.03567858040332794	-0.24099789559841156
Aud_LABEL_4	-0.3404788672924042	-0.10998687148094177	0.18662697076797485	1.0	0.3376101553440094	0.024086588993668556	-0.01106358040124178	n/a	0.3326849043369293	0.5790683031082153	0.42454639077186584	0.4075385630130768	0.4948655068874359	0.4608498513698578	0.07657348364591599	-0.36135774850845337	0.18535195291042328	-0.044770777225494385	0.021689696237444878	0.5802886486053467	0.6491997241973877	0.2295675426721573	-0.38640016317367554	-0.07162638008594513	0.1106482520699501	-0.29977947473526	-0.09792842715978622	-0.3076539933681488	-0.25686022639274597	-0.051442377269268036	0.8964748382568359	0.3496045172214508	-0.10027258843183517	-0.1473616510629654	n/a	0.5529302358627319	0.3371289074420929	0.14141076803207397	0.15221162140369415	0.15302088856697083	-0.16469526290893555	0.37254586815834045	0.3724882900714874	0.5626500844955444	0.7096214890480042	0.1972413957118988	-0.33326607942581177	-0.2554914653301239	0.019228637218475342	-0.4738228917121887	-0.14712071418762207	-0.06945505738258362	0.016891267150640488	0.33776384592056274	-0.06797927618026733	0.48184895515441895	0.3070653975009918	0.3607726991176605	0.4758300483226776	0.4041997492313385	0.4941842555999756	0.21288613975048065	-0.31848785281181335	0.025632355362176895	-0.3796568512916565	0.16283446550369263	0.09583598375320435	0.3204805254936218	-0.18529438972473145	0.1298603117465973	-0.15794026851654053	-0.01652909815311432	0.37601882219314575	0.0741928443312645	0.4915592074394226	0.4840314984321594	0.5228219628334045	0.4369324743747711	0.14255303144454956	-0.06145705655217171
Tpole_LABEL_5	0.3087749183177948	-0.1732882708311081	-0.004076972138136625	0.3376101553440094	1.0	0.3838927447795868	0.0038844028022140265	n/a	0.25312599539756775	0.09122622758150101	0.22444789111614227	0.10344010591506958	0.03002365678548813	0.27756133675575256	-0.0571662038564682	0.29131656885147095	0.013013019226491451	0.30525484681129456	0.43057242035865784	0.3416348397731781	0.06154214218258858	0.08827574551105499	-0.2745008170604706	0.13678324222564697	0.19728295505046844	0.1635587513446808	0.45758146047592163	0.1491004377603531	-0.20375390350818634	-0.18873505294322968	0.20302242040634155	0.5597321391105652	0.3685877025127411	0.17683418095111847	n/a	0.05544646456837654	0.2391815185546875	0.1805555671453476	-0.10780421644449234	0.14520783722400665	-0.07761687785387039	0.06007248908281326	0.2202790379524231	0.1825227290391922	0.14269553124904633	0.09681423008441925	-0.1693756878376007	-0.0299485195428133	0.16632485389709473	0.14980658888816833	-0.3423612117767334	-0.0451585091650486	0.20212504267692566	0.22089949250221252	0.4089934825897217	0.47995102405548096	0.4748627841472626	0.38028597831726074	0.4347454011440277	0.06234647333621979	0.070677749812603	0.005180608481168747	-0.02072199620306492	-0.1208886206150055	-0.07916997373104095	0.05905323475599289	0.16858480870723724	0.26202306151390076	0.38335707783699036	0.04575536027550697	-0.005997844971716404	0.16761775314807892	0.2519654333591461	0.12394554167985916	0.2182391732931137	0.4268972873687744	0.40282779932022095	0.2048671543598175	-0.2348281592130661	0.02736476995050907
PMN_LABEL_6	0.7510446906089783	-0.5514219403266907	-0.04816850274801254	0.024086588993668556	0.3838927447795868	1.0	0.23345080018043518	n/a	0.08249010145664215	-0.06131262704730034	0.21996630728244781	-0.17077317833900452	0.08615180850028992	0.19428706169128418	-0.22171224653720856	0.4685862362384796	-0.23784928023815155	0.15137046575546265	0.11052019149065018	0.13777506351470947	-0.30699777603149414	0.21506302058696747	-0.27599814534187317	0.7089753746986389	-0.063723124563694	0.3397892415523529	0.4663255512714386	0.13891220092773438	-0.5062308311462402	-0.01369314081966877	0.044974010437726974	0.3831969201564789	0.8940871953964233	0.40041983127593994	n/a	-0.2075497955083847	0.1971931755542755	-0.1368633508682251	0.16453365981578827	-0.09777871519327164	-0.3151547908782959	-0.20288924872875214	0.18610721826553345	0.05191933363676071	-0.0866774320602417	0.3777618408203125	-0.15116383135318756	0.5742360353469849	-0.1374114751815796	0.4687470495700836	-0.15185070037841797	0.2997279167175293	0.4135218858718872	-0.05249352380633354	0.2845626175403595	0.3081081807613373	0.30652013421058655	0.17220205068588257	0.2239682823419571	0.1794423907995224	0.001026779180392623	-0.04995669424533844	0.0659310519695282	0.15917550027370453	0.05820441246032715	0.09194863587617874	-0.1962752342224121	0.25650790333747864	0.2886132597923279	-0.18162794411182404	0.11816494166851044	0.3314172327518463	0.061165183782577515	-0.060910310596227646	0.1773330718278885	0.3555394411087036	0.26443058252334595	-0.06793983280658722	-0.3566291332244873	0.06124015152454376
PON_LABEL_7	0.30800363421440125	0.21240997314453125	-0.3170502483844757	-0.01106358040124178	0.0038844028022140265	0.23345080018043518	1.0	n/a	0.6651422381401062	-0.08050773292779922	0.3166297674179077	0.009152442216873169	0.04028378054499626	0.03513189032673836	-0.13787755370140076	0.3404390513896942	0.1823795884847641	0.09200555831193924	0.055723194032907486	0.07887502014636993	0.04717449098825455	0.17050516605377197	0.1727888584136963	0.49183347821235657	0.08092071115970612	0.41451436281204224	0.28747639060020447	-0.18696168065071106	0.05916209891438484	-0.43627700209617615	-0.10774580389261246	0.08543507754802704	0.28037548065185547	0.8528147339820862	n/a	-0.14234071969985962	0.17961275577545166	-0.03101680427789688	-0.1660555899143219	0.0032539607491344213	-0.2694128155708313	-0.07037346810102463	-0.1415567249059677	0.21371199190616608	-0.01075250655412674	0.08527910709381104	-0.18817798793315887	0.18644678592681885	-0.15681716799736023	0.2051824927330017	-0.2803604006767273	-0.04609718173742294	-0.07195871323347092	0.4978044927120209	0.08890356123447418	0.1604643315076828	0.15734916925430298	0.010011812672019005	0.13177165389060974	0.04483001306653023	0.11513061076402664	-0.04166775941848755	-0.17707771062850952	-0.07338782399892807	-0.1570585072040558	-0.24128438532352448	-0.18369841575622559	0.21170362830162048	0.3128182291984558	0.07638465613126755	0.018725654110312462	0.013062247075140476	-0.09787647426128387	-0.13477151095867157	0.2618478834629059	0.1296791285276413	-0.03423183038830757	-0.05963941663503647	-0.06565394252538681	0.458859920501709
MTL_LABEL_8	n/a	n/a	n/a	n/a	n/a	n/a	n/a	1.0	n/a	n/a	n/a	n/a	n/a	n/a	n/a	n/a	n/a	n/a	n/a	n/a	n/a	n/a	n/a	n/a	n/a	n/a	n/a	n/a	n/a	n/a	n/a	n/a	n/a	n/a	n/a	n/a	n/a	n/a	n/a	n/a	n/a	n/a	n/a	n/a	n/a	n/a	n/a	n/a	n/a	n/a	n/a	n/a	n/a	n/a	n/a	n/a	n/a	n/a	n/a	n/a	n/a	n/a	n/a	n/a	n/a	n/a	n/a	n/a	n/a	n/a	n/a	n/a	n/a	n/a	n/a	n/a	n/a	n/a	n/a	n/a
PON_LABEL_9	0.02402953989803791	0.016296470537781715	-0.26272913813591003	0.3326849043369293	0.25312599539756775	0.08249010145664215	0.6651422381401062	n/a	1.0	0.3217271566390991	0.32120686769485474	0.4344242811203003	0.026811683550477028	0.04155770316720009	-0.10663194954395294	0.04567232355475426	0.2284894436597824	0.04638759419322014	0.08455565571784973	0.16597144305706024	0.2285541445016861	0.008642248809337616	0.07716622203588486	0.14614233374595642	0.18023273348808289	0.04007180407643318	0.21207165718078613	-0.15392903983592987	-0.13385602831840515	-0.343014121055603	0.27965641021728516	0.29735031723976135	0.045504823327064514	0.5456126928329468	n/a	0.2944885492324829	0.19913922250270844	0.27730661630630493	-0.186704620718956	-0.0758104920387268	0.016500018537044525	0.2059607207775116	0.014020194299519062	0.33428654074668884	0.4393067955970764	-0.11835800856351852	-0.12753993272781372	-0.18515530228614807	0.03789737448096275	-0.09294203668832779	-0.24394004046916962	-0.2271883487701416	-0.061426758766174316	0.8379590511322021	-0.08110886067152023	0.43067413568496704	0.20634804666042328	0.10030338168144226	0.29036128520965576	0.10145993530750275	0.2569409906864166	0.09217589348554611	-0.1978047788143158	-0.1886637806892395	-0.31258252263069153	-0.19619348645210266	-0.2642098069190979	0.15333735942840576	0.20434536039829254	0.12478737533092499	0.1299070119857788	-0.14038723707199097	-0.060544703155756	-0.27257487177848816	0.5139753818511963	0.4377302825450897	0.2261263132095337	0.3065069913864136	-0.05351615324616432	0.2793065905570984
CO_LABEL_10	-0.4197598993778229	-0.2460942417383194	0.12216293066740036	0.5790683031082153	0.09122622758150101	-0.06131262704730034	-0.08050773292779922	n/a	0.3217271566390991	1.0	0.11802341043949127	0.6413819789886475	0.3574562072753906	0.21236057579517365	0.25694918632507324	-0.5033466219902039	0.3096808195114136	-0.1914568394422531	-0.4065985381603241	0.34592756628990173	0.5889735817909241	-0.21402981877326965	-0.012267764657735825	-0.18776282668113708	0.26395657658576965	-0.5111438035964966	-0.2002132534980774	-0.3000379502773285	-0.20053520798683167	-0.045831818133592606	0.5714748501777649	0.1495925337076187	-0.2737168073654175	-0.16880153119564056	n/a	0.832642674446106	0.1752357929944992	0.4580402374267578	-0.04688024893403053	0.11513040214776993	0.30128908157348633	0.4684017300605774	-0.00625755125656724	0.25545498728752136	0.6645367741584778	-0.2919275164604187	0.1936803162097931	-0.25028640031814575	0.2879753112792969	-0.5244674682617188	-0.19390976428985596	-0.2750854790210724	-0.24398592114448547	0.47820234298706055	-0.3800763189792633	0.26341110467910767	-0.13890913128852844	0.15279307961463928	0.08015508204698563	0.1643296331167221	0.39679503440856934	-0.005924936383962631	-0.2149919867515564	-0.11780450493097305	-0.4400098919868469	-0.05751248449087143	-0.17075631022453308	0.3285970687866211	-0.37467220425605774	0.34269824624061584	-0.1930599957704544	0.03397452458739281	0.34639930725097656	0.10581706464290619	0.2842184901237488	0.26367154717445374	0.5499048829078674	0.3733905553817749	-0.04338151961565018	-0.2035343199968338
Sal_LABEL_11	0.047297608107328415	-0.07884994894266129	-0.337798148393631	0.42454639077186584	0.22444789111614227	0.21996630728244781	0.3166297674179077	n/a	0.32120686769485474	0.11802341043949127	1.0	0.12267003208398819	0.38744741678237915	0.34535282850265503	-0.20717866718769073	-0.012986519373953342	0.10274340957403183	-0.04172510281205177	0.14510874450206757	0.38060322403907776	0.3341042101383209	0.5208410620689392	-0.11611572653055191	0.2518264055252075	0.11097853630781174	0.022990455850958824	0.12738168239593506	-0.3598180115222931	-0.2584810256958008	-0.4390714168548584	0.44475311040878296	0.4716934561729431	0.07614410668611526	0.22571323812007904	n/a	0.17296995222568512	0.6875391602516174	-0.12950456142425537	0.15219581127166748	0.22951529920101166	-0.38268980383872986	0.0628611296415329	0.05702335387468338	0.43652039766311646	0.3893834352493286	0.3758748769760132	-0.2199595868587494	-0.06966498494148254	-0.08288245648145676	-0.026189085096120834	-0.2236291766166687	-0.08696283400058746	0.07937373965978622	0.24694979190826416	0.10774119943380356	0.29472023248672485	0.2888769805431366	0.4783283770084381	0.4636295437812805	0.20342999696731567	0.24825483560562134	-0.06937756389379501	-0.13600976765155792	-0.20358061790466309	-0.12154707312583923	-0.026067541912198067	0.043001558631658554	0.19661422073841095	0.07075490057468414	0.08600592613220215	0.030247075483202934	-0.16137591004371643	0.12714257836341858	0.0520515963435173	0.16034339368343353	0.30066534876823425	0.1507856249809265	0.1067158579826355	0.012615441344678402	0.061462853103876114
CO_LABEL_12	-0.35509252548217773	-0.13430644571781158	0.010759551078081131	0.4075385630130768	0.10344010591506958	-0.17077317833900452	0.009152442216873169	n/a	0.4344242811203003	0.6413819789886475	0.12267003208398819	1.0	0.3351048529148102	0.12776264548301697	0.22581106424331665	-0.4758928120136261	0.29686757922172546	-0.14441777765750885	-0.266073077917099	0.17228613793849945	0.4289683699607849	-0.30268412828445435	-0.014398197643458843	-0.2159080058336258	0.2209378331899643	-0.3555229604244232	-0.14232730865478516	-0.21736004948616028	-0.2273089438676834	-0.08147372305393219	0.4387795627117157	0.04500305652618408	-0.3738846778869629	-0.06813167780637741	n/a	0.776475727558136	0.1200718879699707	0.773454487323761	-0.10970570147037506	0.11932830512523651	0.38347581028938293	0.5588357448577881	-0.06629155576229095	0.324185848236084	0.5584676861763	-0.44232290983200073	0.024733860045671463	-0.3677975833415985	0.23220105469226837	-0.5061483979225159	-0.20770509541034698	-0.2837102711200714	-0.28442275524139404	0.4413236379623413	-0.37135520577430725	0.09160427004098892	0.03653089702129364	0.1330719292163849	0.1275523453950882	-0.0425577349960804	0.20152288675308228	-0.1705038696527481	-0.058473531156778336	-0.13614749908447266	-0.4338126480579376	-0.2425607442855835	-0.20639024674892426	0.12794415652751923	-0.18584001064300537	0.2042568176984787	-0.07919345796108246	-0.14946606755256653	0.19662927091121674	-0.04592140391469002	0.3584236800670624	0.31903114914894104	0.33180007338523865	0.38347944617271423	-0.06102702021598816	0.08345352113246918
SMd_LABEL_13	-0.0948229506611824	-0.16402414441108704	0.33105477690696716	0.4948655068874359	0.03002365678548813	0.08615180850028992	0.04028378054499626	n/a	0.026811683550477028	0.3574562072753906	0.38744741678237915	0.3351048529148102	1.0	0.4372255206108093	0.42885106801986694	-0.21425051987171173	0.21580681204795837	-0.12116504460573196	-0.11822351068258286	0.15714550018310547	0.3152259588241577	0.244573175907135	-0.10309020429849625	0.07894466072320938	0.22471261024475098	-0.08527444303035736	-0.12797681987285614	-0.2640726566314697	-0.2922001779079437	-0.0008446905994787812	0.39967480301856995	0.151363804936409	-0.018633602187037468	-0.05135902017354965	n/a	0.3002762198448181	0.25647833943367004	0.06810808926820755	0.3019978404045105	0.2789260149002075	-0.027388866990804672	0.19348366558551788	-0.20960862934589386	0.1522161364555359	0.22607308626174927	0.08707153052091599	-0.1762397140264511	-0.04220275580883026	0.10089197754859924	-0.24991102516651154	-0.18611791729927063	0.18535789847373962	-0.08655276149511337	-0.09513706713914871	-0.14457401633262634	0.2292300909757614	0.055043675005435944	0.3038792014122009	0.18883773684501648	0.391398549079895	0.4183117151260376	0.11301686614751816	-0.44242581725120544	0.2297021597623825	-0.26340451836586	0.028273912146687508	0.2169647365808487	0.5142141580581665	0.014915787614881992	0.2903765141963959	-0.1495736539363861	0.18845024704933167	0.5194147825241089	0.340462863445282	0.15570679306983948	0.1737436056137085	0.23731720447540283	-0.10061143338680267	-0.04379816725850105	-0.11161576211452484
SMl_LABEL_14	-0.002004092326387763	0.04743930697441101	-0.0643216222524643	0.4608498513698578	0.27756133675575256	0.19428706169128418	0.03513189032673836	n/a	0.04155770316720009	0.21236057579517365	0.34535282850265503	0.12776264548301697	0.4372255206108093	1.0	-0.016856644302606583	-0.011751414276659489	-0.008405204862356186	0.2434612363576889	0.039101313799619675	0.2955683171749115	0.39080798625946045	0.2536294758319855	-0.09046804159879684	0.10128872841596603	-0.01695319451391697	0.028857631608843803	-0.0029150154441595078	-0.15342481434345245	0.028014877811074257	-0.24719689786434174	0.3707617223262787	0.2019767463207245	0.08633977174758911	-0.006480527576059103	n/a	0.13035257160663605	0.21121329069137573	0.12587113678455353	-0.020137645304203033	0.7679958343505859	-0.3464066982269287	0.0775524452328682	0.1757567971944809	0.28159698843955994	0.21728821098804474	0.058754272758960724	-0.14156045019626617	-0.16649694740772247	0.11131290346384048	-0.0548471175134182	-0.24879193305969238	-0.1123737171292305	-0.13732638955116272	0.04803464189171791	0.015953239053487778	0.10946471244096756	0.25684723258018494	0.20976901054382324	0.09298044443130493	-0.00467061810195446	0.14252926409244537	-0.20285405218601227	-0.3087000548839569	-0.194362610578537	-0.09026386588811874	-0.18190081417560577	0.21963344514369965	0.13677707314491272	-0.129147469997406	-0.11726491898298264	-0.3871336281299591	-0.04986456036567688	0.22392235696315765	0.577630877494812	0.07284775376319885	0.19638967514038086	0.12811312079429626	-0.03737887367606163	0.1433911770582199	0.3363775312900543
DAN_LABEL_15	-0.30006369948387146	-0.048532452434301376	0.5603798627853394	0.07657348364591599	-0.0571662038564682	-0.22171224653720856	-0.13787755370140076	n/a	-0.10663194954395294	0.25694918632507324	-0.20717866718769073	0.22581106424331665	0.42885106801986694	-0.016856644302606583	1.0	-0.3613935708999634	0.5175954103469849	-0.36440712213516235	-0.2918030619621277	0.0404159277677536	0.08642163127660751	-0.3428128659725189	0.30483874678611755	-0.05158953368663788	0.6146417856216431	-0.20425079762935638	-0.2685169577598572	-0.27885425090789795	-0.017575370147824287	0.15613697469234467	-0.10902751237154007	-0.12610188126564026	-0.2509593367576599	-0.17657528817653656	n/a	0.11671318858861923	-0.05242212861776352	0.2569076120853424	-0.23994189500808716	0.08140774071216583	0.6608208417892456	0.5223677754402161	-0.4079873561859131	-0.031166821718215942	-0.04081686958670616	-0.3367346227169037	0.45708298683166504	0.03932403773069382	0.6674925088882446	-0.2599368691444397	-0.2767978608608246	-0.11910957843065262	-0.2344409078359604	-0.07343468815088272	-0.3048010766506195	0.003451322438195348	-0.049142420291900635	0.06308647245168686	-0.06686118990182877	0.09691056609153748	0.5733696222305298	0.20581094920635223	-0.20025885105133057	0.2074693739414215	-0.2734813690185547	-0.28328633308410645	0.06885116547346115	0.42489880323410034	-0.004824955947697163	0.6436376571655273	-0.1922875940799713	0.20539332926273346	0.474959135055542	0.3814142346382141	0.13097386062145233	0.06459002941846848	0.22202107310295105	-0.12051784247159958	-0.16805420815944672	0.0005123434821143746
DMN_LABEL_16	0.8189453482627869	-0.0578751266002655	-0.2163177728652954	-0.36135774850845337	0.29131656885147095	0.4685862362384796	0.3404390513896942	n/a	0.04567232355475426	-0.5033466219902039	-0.012986519373953342	-0.4758928120136261	-0.21425051987171173	-0.011751414276659489	-0.3613935708999634	1.0	-0.242686927318573	0.640346348285675	0.4047933518886566	-0.0959574431180954	-0.38766422867774963	0.1661301702260971	-0.019753891974687576	0.3549625873565674	-0.197892427444458	0.556910514831543	0.6679794192314148	0.6272711753845215	-0.04968112334609032	-0.22223427891731262	-0.39299196004867554	0.27985599637031555	0.6520816683769226	0.5084600448608398	n/a	-0.5660302639007568	-0.08337268233299255	-0.3759221136569977	-0.053136274218559265	-0.059703242033720016	-0.3965917229652405	-0.5079989433288574	0.04170212149620056	-0.24813145399093628	-0.3811548948287964	0.35007086396217346	-0.2634364068508148	0.31459277868270874	-0.3244010806083679	0.8185552358627319	-0.11345221102237701	0.26506736874580383	0.294233113527298	-0.06879409402608871	0.7733184099197388	0.11692354083061218	0.18502330780029297	-0.16110818088054657	-0.11699671298265457	-0.0167690496891737	-0.2853681445121765	-0.00042127142660319805	0.0004570249584503472	0.06895861029624939	0.34889400005340576	0.02360694296658039	0.017475763335824013	-0.12639756500720978	0.5066365599632263	-0.37788522243499756	0.20163683593273163	0.23524267971515656	-0.3202359974384308	-0.18643315136432648	-0.1663914918899536	-0.09651470929384232	-0.20686723291873932	-0.3985399007797241	-0.14316505193710327	0.14768745005130768
CO_LABEL_17	-0.3407638370990753	0.2997061610221863	-0.06165500357747078	0.18535195291042328	0.013013019226491451	-0.23784928023815155	0.1823795884847641	n/a	0.2284894436597824	0.3096808195114136	0.10274340957403183	0.29686757922172546	0.21580681204795837	-0.008405204862356186	0.5175954103469849	-0.242686927318573	1.0	-0.02196417562663555	-0.4757235050201416	0.5089015364646912	0.4000425338745117	-0.20803624391555786	0.4488178789615631	-0.11623383313417435	0.6120968461036682	-0.1243409588932991	-0.2507210075855255	-0.4866963028907776	0.27838683128356934	-0.43642139434814453	-0.04702024906873703	0.0928255245089531	-0.36762362718582153	0.0716715008020401	n/a	0.19823229312896729	-0.05108768492937088	0.2172834724187851	-0.5354557633399963	0.15664644539356232	0.235463485121727	0.6956385970115662	-0.3296405076980591	0.25723862648010254	0.19061587750911713	-0.32752424478530884	0.3370697796344757	-0.2621268630027771	0.5806564092636108	-0.29016873240470886	-0.6178447008132935	-0.18826448917388916	-0.5517039895057678	0.24699485301971436	-0.1296045035123825	0.18454571068286896	0.015187487937510014	0.14303436875343323	0.03751843422651291	-0.11591055989265442	0.47155052423477173	-0.09170093387365341	-0.2755518853664398	-0.1665513515472412	-0.43137434124946594	-0.4425733983516693	-0.20809441804885864	0.2483641803264618	-0.057079389691352844	0.6000769734382629	-0.28295496106147766	-0.18415388464927673	0.41104501485824585	0.23256054520606995	0.08419720828533173	-0.10789229720830917	0.3026833236217499	0.05390673875808716	0.049673207104206085	0.2598295211791992
DMN_LABEL_18	0.4016374349594116	0.11330492049455643	-0.2583053410053253	-0.044770777225494385	0.30525484681129456	0.15137046575546265	0.09200555831193924	n/a	0.04638759419322014	-0.1914568394422531	-0.04172510281205177	-0.14441777765750885	-0.12116504460573196	0.2434612363576889	-0.36440712213516235	0.640346348285675	-0.02196417562663555	1.0	0.2519367039203644	0.11828996986150742	-0.05565932020545006	0.07130829244852066	0.031174931675195694	-0.10804201662540436	-0.21291770040988922	0.3081200420856476	0.4728015959262848	0.49572956562042236	0.16624797880649567	-0.2946138083934784	-0.11289060860872269	0.21518057584762573	0.2581609785556793	0.19823287427425385	n/a	-0.1787017434835434	-0.20553307235240936	-0.046725817024707794	-0.16877450048923492	0.3126380741596222	-0.39850130677223206	-0.2065882831811905	0.20125572383403778	-0.196574866771698	-0.1612907499074936	0.055090539157390594	-0.16112926602363586	-0.12603288888931274	-0.16696175932884216	0.3671911954879761	-0.17282216250896454	0.1878054291009903	-0.20169402658939362	-0.008195984177291393	0.6316081881523132	0.13391196727752686	0.20652060210704803	0.028282402083277702	-0.13019882142543793	-0.2253785878419876	-0.3224680721759796	-0.22573503851890564	-0.20010477304458618	-0.25123798847198486	0.059537842869758606	-0.12445423007011414	-0.05494141951203346	-0.2576427757740021	0.16724933683872223	-0.41713452339172363	-0.0953875258564949	0.04741714149713516	-0.19590632617473602	-0.10779301822185516	-0.10310005396604538	-0.1976500004529953	0.06749111413955688	-0.09773576259613037	0.1381598263978958	0.28277355432510376
VAN_LABEL_19	0.3345423638820648	-0.03996521234512329	0.04523661732673645	0.021689696237444878	0.43057242035865784	0.11052019149065018	0.055723194032907486	n/a	0.08455565571784973	-0.4065985381603241	0.14510874450206757	-0.266073077917099	-0.11822351068258286	0.039101313799619675	-0.2918030619621277	0.4047933518886566	-0.4757235050201416	0.2519367039203644	1.0	-0.08010400086641312	-0.24552085995674133	0.2891731560230255	-0.28611549735069275	0.15027573704719543	-0.26511895656585693	0.27924230694770813	0.3580915927886963	0.4224271774291992	-0.17112085223197937	0.1072809249162674	0.08039387315511703	0.347962886095047	0.31983959674835205	0.15777797996997833	n/a	-0.3271821141242981	0.12065473198890686	-0.17754918336868286	0.21553532779216766	-0.13906241953372955	-0.22869765758514404	-0.35409116744995117	0.4308997094631195	-0.08347461372613907	-0.1462402492761612	0.3579792082309723	-0.3713645339012146	0.15410028398036957	-0.30993402004241943	0.41023528575897217	0.15877294540405273	0.11016953736543655	0.5287686586380005	-0.05687401443719864	0.47769275307655334	0.20459800958633423	0.2942689061164856	0.0601172000169754	0.28056931495666504	0.18460021913051605	-0.1330631822347641	0.21427494287490845	-0.020111914724111557	0.10898742824792862	0.34747838973999023	0.31313997507095337	0.3701397180557251	-0.027601176872849464	0.3711926341056824	-0.3079528212547302	0.1880255937576294	0.07514818757772446	-0.18281877040863037	-0.1689056158065796	0.2163441926240921	0.2814667522907257	-0.06045869365334511	-0.008620197884738445	-0.028520088642835617	-0.01891500875353813
CO_LABEL_20	-0.18613767623901367	-0.02544066682457924	-0.13177913427352905	0.5802886486053467	0.3416348397731781	0.13777506351470947	0.07887502014636993	n/a	0.16597144305706024	0.34592756628990173	0.38060322403907776	0.17228613793849945	0.15714550018310547	0.2955683171749115	0.0404159277677536	-0.0959574431180954	0.5089015364646912	0.11828996986150742	-0.08010400086641312	1.0	0.6131235361099243	0.18324504792690277	-0.023719850927591324	0.1669502705335617	0.30450639128685	-0.23672761023044586	-0.11404389888048172	-0.36990493535995483	-0.051053669303655624	-0.34323275089263916	0.4319780766963959	0.39241477847099304	0.011640166863799095	0.026596330106258392	n/a	0.21995724737644196	0.2543230354785919	0.044138357043266296	-0.23913507163524628	0.15137410163879395	-0.230505108833313	0.4217252731323242	0.33613497018814087	0.4861382842063904	0.4808553159236908	0.24377909302711487	-0.02212219312787056	0.002139022806659341	0.17773061990737915	-0.10633599013090134	-0.43182969093322754	-0.18401025235652924	-0.09386565536260605	0.2179182469844818	0.14523950219154358	0.4152145981788635	0.22375045716762543	0.15669366717338562	0.4163517951965332	0.07821205258369446	0.44438716769218445	0.003723885864019394	-0.15468284487724304	-0.12525853514671326	-0.2858157753944397	-0.11273246258497238	-0.1557747721672058	0.28789904713630676	-0.17993472516536713	0.28056657314300537	-0.42582544684410095	-0.151762455701828	0.39162057638168335	0.17531834542751312	0.29768508672714233	0.22419899702072144	0.38545605540275574	0.27745190262794495	0.05143212899565697	0.10260983556509018
CO_LABEL_21	-0.5929104685783386	0.23183618485927582	-0.015758398920297623	0.6491997241973877	0.06154214218258858	-0.30699777603149414	0.04717449098825455	n/a	0.2285541445016861	0.5889735817909241	0.3341042101383209	0.4289683699607849	0.3152259588241577	0.39080798625946045	0.08642163127660751	-0.38766422867774963	0.4000425338745117	-0.05565932020545006	-0.24552085995674133	0.6131235361099243	1.0	0.10442199558019638	-0.07648726552724838	-0.13641305267810822	0.1483078896999359	-0.3558623790740967	-0.24787896871566772	-0.36470043659210205	0.19110934436321259	-0.14217832684516907	0.5540249347686768	-0.0030113656539469957	-0.4023820757865906	-0.09336771070957184	n/a	0.5239217281341553	0.3640557527542114	0.20389172434806824	-0.1295238584280014	0.3332090973854065	-0.07343235611915588	0.39465150237083435	0.1528095304965973	0.4655141234397888	0.6637215614318848	0.034021228551864624	-0.12017480283975601	-0.2849012613296509	0.09782787412405014	-0.4437735974788666	-0.11016987264156342	-0.3267112970352173	-0.2888637185096741	0.3379633128643036	-0.09409711509943008	0.16597577929496765	0.04902011528611183	0.04387626051902771	0.19730402529239655	0.02984248846769333	0.30252164602279663	-0.006567036733031273	-0.2648363709449768	-0.1942969113588333	-0.44932591915130615	-0.13134874403476715	-0.007546653971076012	0.10998555272817612	-0.45119234919548035	0.20304708182811737	-0.4531405568122864	-0.2424725592136383	0.20652969181537628	0.1721813678741455	0.2192789763212204	0.12106520682573318	0.2650904953479767	0.30309435725212097	0.1979626715183258	0.10099054127931595
Sal_LABEL_22	0.15252447128295898	0.11463955044746399	0.02984817512333393	0.2295675426721573	0.08827574551105499	0.21506302058696747	0.17050516605377197	n/a	0.008642248809337616	-0.21402981877326965	0.5208410620689392	-0.30268412828445435	0.244573175907135	0.2536294758319855	-0.3428128659725189	0.1661301702260971	-0.20803624391555786	0.07130829244852066	0.2891731560230255	0.18324504792690277	0.10442199558019638	1.0	-0.3551599383354187	0.24430020153522491	-0.19443845748901367	0.18293815851211548	0.13498759269714355	-0.01688005030155182	-0.011666743084788322	0.016175584867596626	0.24499782919883728	0.128460094332695	0.2887309193611145	0.18007440865039825	n/a	-0.2345259189605713	0.4470330774784088	-0.5598312020301819	0.37467923760414124	0.050773102790117264	-0.5305736064910889	-0.4011266529560089	0.130986750125885	0.14190465211868286	0.13738377392292023	0.7648647427558899	-0.5407634377479553	0.12888751924037933	-0.42538219690322876	0.05886107310652733	0.23055599629878998	0.043714530766010284	0.1899106204509735	-0.11790008842945099	0.30631858110427856	0.09243714809417725	-0.013927982188761234	0.0881970077753067	0.44497987627983093	0.3644827902317047	0.05471198260784149	0.2934580147266388	-0.3112470507621765	0.2918521761894226	0.37150365114212036	0.4139975607395172	0.299773633480072	0.1221841350197792	0.17224161326885223	-0.10887693613767624	-0.06700378656387329	0.13265706598758698	-0.10149028152227402	0.015954064205288887	-0.024198001250624657	0.06452091038227081	-0.02837778627872467	-0.041729725897312164	0.09099330008029938	0.006164006423205137
DAN_LABEL_23	-0.1324334442615509	0.27070990204811096	-0.31142282485961914	-0.38640016317367554	-0.2745008170604706	-0.27599814534187317	0.1727888584136963	n/a	0.07716622203588486	-0.012267764657735825	-0.11611572653055191	-0.014398197643458843	-0.10309020429849625	-0.09046804159879684	0.30483874678611755	-0.019753891974687576	0.4488178789615631	0.031174931675195694	-0.28611549735069275	-0.023719850927591324	-0.07648726552724838	-0.3551599383354187	1.0	-0.0699257105588913	0.5582452416419983	-0.03869961202144623	-0.19594159722328186	-0.23219721019268036	0.3588312864303589	-0.4067418873310089	-0.4761365056037903	-0.10855139791965485	-0.2864481806755066	0.040370918810367584	n/a	-0.10790193825960159	-0.2513468265533447	0.0795041024684906	-0.40711137652397156	0.1380673050880432	0.2900426387786865	0.1476939469575882	-0.45354512333869934	-0.20377138257026672	-0.2292216718196869	-0.4109934866428375	0.7674665451049805	-0.046531952917575836	0.5271062850952148	0.07748772203922272	-0.39203622937202454	-0.29202327132225037	-0.3861364424228668	0.12244898080825806	-0.19431866705417633	-0.055452246218919754	-0.20305924117565155	-0.1575489193201065	-0.3484002947807312	-0.30844295024871826	0.15270830690860748	-0.14420978724956512	-0.05906239524483681	-0.2854463756084442	-0.09106115251779556	-0.5108626484870911	-0.24667774140834808	0.02490389533340931	-0.02594432421028614	0.3495176434516907	-0.2688944339752197	-0.22772659361362457	0.11060011386871338	0.18471045792102814	-0.15724864602088928	-0.25609785318374634	-0.27576950192451477	-0.15221571922302246	-0.07156919687986374	0.23240548372268677
PMN_LABEL_24	0.547130286693573	-0.2080230414867401	-0.029592134058475494	-0.07162638008594513	0.13678324222564697	0.7089753746986389	0.49183347821235657	n/a	0.14614233374595642	-0.18776282668113708	0.2518264055252075	-0.2159080058336258	0.07894466072320938	0.10128872841596603	-0.05158953368663788	0.3549625873565674	-0.11623383313417435	-0.10804201662540436	0.15027573704719543	0.1669502705335617	-0.13641305267810822	0.24430020153522491	-0.0699257105588913	1.0	0.010433788411319256	0.36946260929107666	0.27829691767692566	-0.08714599162340164	-0.267183393239975	-0.04003572091460228	-0.09322565793991089	0.17632260918617249	0.701248288154602	0.5106174945831299	n/a	-0.3395751416683197	0.2169712781906128	-0.2288881242275238	0.1425948292016983	-0.19136931002140045	-0.24401436746120453	-0.11795133352279663	0.05683959275484085	0.08601126074790955	-0.10611473768949509	0.40831899642944336	-0.07501482963562012	0.7750563025474548	-0.1432424932718277	0.4171951115131378	-0.14498193562030792	0.14141099154949188	0.3659275472164154	-0.027092283591628075	0.20350463688373566	0.18491755425930023	0.1512994021177292	-0.06610072404146194	0.22485408186912537	0.27829456329345703	0.24133871495723724	0.14202143251895905	-0.07139671593904495	0.2908649742603302	0.02943163737654686	0.07225946336984634	-0.08544716238975525	0.3520641326904297	0.2759399116039276	0.0336398147046566	-0.08197616040706635	0.24756304919719696	0.06074024364352226	-0.02970624342560768	0.20349670946598053	0.25424957275390625	0.007158841006457806	-0.2635226845741272	-0.27850982546806335	0.2691119313240051
DAN_LABEL_25	-0.16551809012889862	0.04028668254613876	0.0689481645822525	0.1106482520699501	0.19728295505046844	-0.063723124563694	0.08092071115970612	n/a	0.18023273348808289	0.26395657658576965	0.11097853630781174	0.2209378331899643	0.22471261024475098	-0.01695319451391697	0.6146417856216431	-0.197892427444458	0.6120968461036682	-0.21291770040988922	-0.26511895656585693	0.30450639128685	0.1483078896999359	-0.19443845748901367	0.5582452416419983	0.010433788411319256	1.0	-0.14635123312473297	-0.03733711317181587	-0.3795502185821533	0.07689857482910156	-0.2409905642271042	-0.12227664887905121	0.06210353597998619	-0.11009099334478378	0.042193517088890076	n/a	0.07314986735582352	0.11195895820856094	0.11894035339355469	-0.4463598132133484	0.04242308810353279	0.4783208966255188	0.34650832414627075	-0.41720253229141235	0.13581107556819916	0.009462757967412472	-0.24954897165298462	0.587182343006134	0.0009609957924112678	0.8181357979774475	-0.1663954108953476	-0.5769934058189392	-0.37506067752838135	-0.20355544984340668	0.24959805607795715	-0.19388139247894287	0.3113420605659485	0.030549677088856697	0.1772979497909546	0.1364317685365677	-0.09373510628938675	0.5161936283111572	0.12898428738117218	-0.09585648775100708	-0.11357136070728302	-0.2557384967803955	-0.4312354624271393	-0.1519928276538849	0.4560978412628174	0.15201792120933533	0.7097554802894592	-0.32145950198173523	0.047408267855644226	0.5115153789520264	0.2795892357826233	0.10935305058956146	0.14836199581623077	0.18353083729743958	0.046229876577854156	-0.34520092606544495	0.04005696624517441
