Node	DMN_LABEL_1	Vis_LABEL_2	FP_LABEL_3	Aud_LABEL_4	Tpole_LABEL_5	PMN_LABEL_6	PON_LABEL_7	MTL_LABEL_8	PON_LABEL_9	CO_LABEL_10	Sal_LABEL_11	CO_LABEL_12	SMd_LABEL_13	SMl_LABEL_14	DAN_LABEL_15	DMN_LABEL_16	CO_LABEL_17	DMN_LABEL_18	VAN_LABEL_19	CO_LABEL_20	CO_LABEL_21	Sal_LABEL_22	DAN_LABEL_23	PMN_LABEL_24	DAN_LABEL_25	DMN_LABEL_26	DMN_LABEL_27	DMN_LABEL_28	Vis_LABEL_29	FP_LABEL_30	Aud_LABEL_31	Tpole_LABEL_32	PMN_LABEL_33	PON_LABEL_34	MTL_LABEL_35	CO_LABEL_36	Sal_LABEL_37	CO_LABEL_38	SMd_LABEL_39	SMl_LABEL_40	DAN_LABEL_41	CO_LABEL_42	VAN_LABEL_43	CO_LABEL_44	CO_LABEL_45	Sal_LABEL_46	DAN_LABEL_47	PMN_LABEL_48	DAN_LABEL_49	DMN_LABEL_50	FP_LABEL_51	DMN_LABEL_52	DMN_LABEL_53	PON_LABEL_54	DMN_LABEL_55	Tpole_LABEL_56	Tpole_LABEL_57	Sal_LABEL_58	Sal_LABEL_59	SMd_LABEL_60	DAN_LABEL_61	FP_LABEL_62	DMN_LABEL_63	FP_LABEL_64	FP_LABEL_65	SMd_LABEL_66	SMl_LABEL_67	SMd_LABEL_68	DMN_LABEL_69	DAN_LABEL_70	DMN_LABEL_71	FP_LABEL_72	SMd_LABEL_73	SMl_LABEL_74	MTL_LABEL_75	MTL_LABEL_76	CO_LABEL_77	CO_LABEL_78	Vis_LABEL_79	Vis_LABEL_80
DMN_LABEL_1	1.0	-0.2775319814682007	-0.5051063895225525	-0.6204525828361511	0.26666122674942017	0.2005343735218048	0.19249176979064941	n/a	-0.0725395679473877	-0.5135153532028198	0.10808165371417999	-0.4572935104370117	-0.5946845412254333	-0.2711816728115082	-0.23142729699611664	0.8701616525650024	-0.4334276616573334	0.820939838886261	0.1663813292980194	-0.2888990640640259	-0.6207752227783203	0.29023462533950806	-0.48961296677589417	-0.01943480409681797	-0.16192175447940826	0.7938826680183411	0.7914036512374878	0.3388737440109253	-0.29146865010261536	-0.07982101291418076	-0.5604522228240967	-0.036311957985162735	0.265409916639328	0.26835575699806213	n/a	-0.5909252762794495	0.46661391854286194	-0.5322426557540894	-0.6108893156051636	-0.31136730313301086	-0.27180150151252747	-0.4961554706096649	-0.0386493057012558	-0.18640926480293274	-0.5345789790153503	0.1902555674314499	-0.5021097660064697	0.028113137930631638	-0.2714102864265442	0.6741907596588135	0.25003981590270996	0.47650158405303955	0.7267014980316162	0.005793231539428234	0.7594229578971863	0.1324055939912796	0.10235075652599335	0.178304523229599	0.30005791783332825	-0.2993670403957367	-0.1260259747505188	-0.13652591407299042	0.6350611448287964	0.383472204208374	-0.10174891352653503	-0.20945987105369568	-0.22792348265647888	-0.21920523047447205	0.6178873777389526	-0.12582728266716003	0.6774493455886841	-0.057826921343803406	-0.17397011816501617	-0.19891498982906342	0.2973436117172241	0.36910194158554077	-0.27584943175315857	-0.2517451345920563	0.1331666260957718	0.15224072337150574
Vis_LABEL_2	-0.2775319814682007	1.0	-0.04474184662103653	0.12194297462701797	-0.16563047468662262	-0.29911720752716064	-0.0028602697420865297	n/a	-0.33853399753570557	0.15580220520496368	-0.3496076166629791	0.2825481593608856	0.3370317220687866	-0.10313968360424042	0.31438133120536804	-0.341593474149704	0.08986272662878036	-0.4357413947582245	-0.28737545013427734	-0.15638467669487	0.08689697086811066	-0.07508708536624908	0.20805557072162628	-0.16701507568359375	0.051166608929634094	-0.22749491035938263	-0.27939853072166443	-0.437823086977005	0.9358978867530823	-0.24884960055351257	0.018766922876238823	-0.12908901274204254	-0.42698192596435547	-0.11738421022891998	n/a	0.23534227907657623	-0.4248899817466736	0.26184746623039246	0.26257139444351196	-0.09860455989837646	0.05913021042943001	0.016099117696285248	0.026251832023262978	0.01516480091959238	0.1402246654033661	-0.09809160232543945	0.1333680897951126	-0.39009687304496765	0.02051185630261898	-0.33884042501449585	-0.11941482126712799	0.05592893809080124	-0.3558056056499481	-0.33002468943595886	-0.30129554867744446	-0.03728786110877991	0.07336463034152985	-0.41255703568458557	-0.5425956845283508	0.12103849649429321	-0.054920222610235214	-0.03887948766350746	-0.1522204875946045	0.05927971005439758	-0.25975361466407776	0.24502263963222504	0.16170921921730042	0.18103069067001343	-0.0921473577618599	0.30539754033088684	-0.1283213347196579	0.009952752850949764	0.4100686013698578	0.3347581923007965	-0.23227719962596893	-0.23572196066379547	-0.12770019471645355	0.17586301267147064	0.2005331665277481	0.24586966633796692
FP_LABEL_3	-0.5051063895225525	-0.04474184662103653	1.0	0.5173757076263428	-0.34938451647758484	0.06677106767892838	-0.25198569893836975	n/a	0.17803920805454254	0.4362632632255554	-0.23391056060791016	0.3798631429672241	0.33485284447669983	0.10215874761343002	0.524052083492279	-0.5696606040000916	0.4624791741371155	-0.48319941759109497	-0.21902669966220856	0.08793726563453674	0.5293068885803223	-0.5820937156677246	0.7046357989311218	0.1495496779680252	0.48190903663635254	-0.5549394488334656	-0.515794038772583	-0.022352097555994987	0.038805458694696426	0.003398275701329112	0.4615980088710785	0.02647850289940834	-0.37914910912513733	-0.3126513361930847	n/a	0.46985310316085815	-0.5684919357299805	0.53477942943573	0.33152493834495544	0.16074132919311523	0.6725995540618896	0.4763459861278534	-0.23642776906490326	0.20385105907917023	0.2905556857585907	-0.37581488490104675	0.6123353242874146	0.06685991585254669	0.5622934103012085	-0.6072737574577332	-0.5696485042572021	-0.38944151997566223	-0.701784074306488	0.1136661246418953	-0.7262879014015198	-0.19177982211112976	-0.149009108543396	-0.13765139877796173	-0.3963056206703186	0.3177850544452667	-0.03495608642697334	0.16410930454730988	-0.6518998146057129	-0.7185562252998352	-0.10738952457904816	-0.2394813895225525	0.11128115653991699	0.13513779640197754	-0.4407724142074585	0.08368830382823944	-0.6214099526405334	-0.1808064728975296	-0.28831589221954346	0.15454569458961487	-0.18421901762485504	-0.3220526874065399	0.18037910759449005	0.1634913831949234	0.07664462178945541	-0.16374531388282776
Aud_LABEL_4	-0.6204525828361511	0.12194297462701797	0.5173757076263428	1.0	-0.10647378861904144	-0.116129070520401	-0.1039871796965599	n/a	0.020674090832471848	0.4560975134372711	-0.2991446256637573	0.41462600231170654	0.6411405801773071	0.4013287425041199	0.1943354308605194	-0.6773552298545837	0.4897536337375641	-0.5241316556930542	-0.17457649111747742	0.3020404279232025	0.5997620224952698	-0.5640115737915039	0.2339497208595276	-0.023185215890407562	0.060064204037189484	-0.6086680889129639	-0.6663197875022888	-0.4185256063938141	0.1254933774471283	0.15807685256004333	0.8857970833778381	0.1841421276330948	-0.3355748951435089	-0.17879006266593933	n/a	0.6072083115577698	-0.4960610568523407	0.5310655236244202	0.6987826228141785	0.4240052402019501	0.20265725255012512	0.5440014004707336	-0.2484300583600998	0.37832406163215637	0.5878835320472717	-0.4111221432685852	0.24731270968914032	-0.025760892778635025	0.16761355102062225	-0.6365686655044556	-0.34963953495025635	-0.35523486137390137	-0.531843900680542	-0.04641348496079445	-0.7194278836250305	0.02987523190677166	-0.04487534984946251	-0.19918487966060638	-0.3437539339065552	0.19395485520362854	0.06130722537636757	0.18843600153923035	-0.6189196109771729	-0.6285331845283508	-0.19672662019729614	0.04898080602288246	0.1648787260055542	0.10247747600078583	-0.43856585025787354	-0.12290363758802414	-0.659179151058197	-0.3038986027240753	0.03562700375914574	0.07807978242635727	-0.09129754453897476	-0.1973457932472229	0.11797019839286804	0.08162481337785721	-0.07672066241502762	0.1184808537364006
Tpole_LABEL_5	0.26666122674942017	-0.16563047468662262	-0.34938451647758484	-0.10647378861904144	1.0	0.2887173295021057	0.004994469229131937	n/a	-0.25349199771881104	-0.24745315313339233	0.14543569087982178	-0.3635249435901642	-0.228922039270401	0.023676980286836624	-0.3970887362957001	0.2970546782016754	-0.16114284098148346	0.5132535696029663	0.5917511582374573	-0.07483374327421188	-0.09188561141490936	0.19173799455165863	-0.5937982201576233	-0.23787066340446472	-0.11207335442304611	0.3604447841644287	0.26297950744628906	0.03873709216713905	-0.19436489045619965	0.006155992858111858	-0.1408829391002655	0.6476098895072937	0.36758044362068176	0.017218926921486855	n/a	-0.2726742923259735	0.2041676938533783	-0.3811897337436676	-0.13885727524757385	-0.01209510862827301	-0.09798334538936615	-0.131942480802536	0.23092550039291382	-0.11418188363313675	-0.10050796717405319	0.09632247686386108	-0.45560377836227417	-0.08271528780460358	-0.12888525426387787	0.2644204795360565	0.10571590811014175	0.07393521815538406	0.4746900796890259	-0.20984888076782227	0.32241126894950867	0.6643352508544922	0.4243403375148773	0.45417463779449463	0.4885105788707733	-0.07325395196676254	0.00966988131403923	-0.003787499852478504	0.38005051016807556	0.19560720026493073	0.004234315361827612	0.09941623359918594	-0.006169876083731651	-0.47360318899154663	0.25661900639533997	-0.5729590654373169	0.34799936413764954	0.2633248269557953	0.0003821341088041663	-0.17506638169288635	0.514946460723877	0.4122767150402069	0.034503672271966934	-0.09243273735046387	0.0776214674115181	0.25193291902542114
PMN_LABEL_6	0.2005343735218048	-0.29911720752716064	0.06677106767892838	-0.116129070520401	0.2887173295021057	1.0	0.22601304948329926	n/a	0.25783950090408325	-0.1442384272813797	-0.05915052816271782	-0.14309661090373993	0.021582890301942825	-0.1286221742630005	-0.20961864292621613	0.09739317744970322	-0.14303205907344818	0.2081376165151596	0.19234219193458557	-0.333993136882782	-0.13988864421844482	-0.1209062933921814	-0.19158229231834412	0.5214256644248962	0.011008495464920998	0.06723116338253021	0.19150914251804352	0.09037231653928757	-0.20506131649017334	0.1221691444516182	0.020324615761637688	0.25065505504608154	0.7135558724403381	0.303768515586853	n/a	-0.2728138267993927	0.10231132805347443	-0.26216158270835876	0.021022338420152664	-0.1308513879776001	0.03320955112576485	-0.06879293918609619	0.14168903231620789	-0.04755498096346855	-0.18243606388568878	0.010519200004637241	-0.14947520196437836	0.6168580055236816	0.06481073796749115	0.06409658491611481	-0.15400579571723938	-0.036260392516851425	0.13107554614543915	0.22958609461784363	0.07891421765089035	0.19878597557544708	0.1421654224395752	0.14522604644298553	0.08153777569532394	-0.09857332706451416	0.20666544139385223	-0.030806293711066246	0.10671419650316238	-0.09256027638912201	0.11149618774652481	-0.18611688911914825	-0.11642173677682877	-0.16419604420661926	0.10213832557201385	-0.2619056701660156	0.13446013629436493	0.12152882665395737	-0.1555885672569275	-0.25807902216911316	0.23234528303146362	0.16229462623596191	0.03461390733718872	-0.00238682865165174	0.04316398873925209	-0.039603739976882935
PON_LABEL_7	0.19249176979064941	-0.0028602697420865297	-0.25198569893836975	-0.1039871796965599	0.004994469229131937	0.22601304948329926	1.0	n/a	0.46795639395713806	-0.11788563430309296	-0.04834611713886261	0.08186790347099304	0.03284647315740585	0.06697683036327362	-0.2946101129055023	0.1489160805940628	-0.20825012028217316	-0.018196286633610725	-0.2449864000082016	-0.08964771032333374	-0.26490193605422974	-0.04141705110669136	-0.16858679056167603	0.5231419205665588	-0.2743835151195526	0.1942283660173416	0.06751661002635956	-0.10795211791992188	-0.07901842892169952	-0.14791065454483032	-0.06714978069067001	-0.08756370842456818	0.2093891054391861	0.9367072582244873	n/a	-0.12672452628612518	-0.004514732863754034	-0.1531589925289154	0.07610391825437546	0.09010722488164902	-0.22493286430835724	-0.2602461576461792	0.2835533916950226	-0.2159392386674881	-0.2625519633293152	-0.05414452776312828	-0.2580384314060211	0.32927191257476807	-0.3133784532546997	0.34481680393218994	-0.20101451873779297	0.047942571341991425	-0.061442576348781586	0.46883633732795715	0.047248274087905884	0.06548013538122177	0.23867246508598328	-0.07388685643672943	-0.02284402586519718	-0.06015750765800476	-0.24244390428066254	-0.19420400261878967	0.14145541191101074	0.0824391171336174	0.011673040688037872	0.2999075949192047	0.18559828400611877	-0.22409707307815552	-0.005229372996836901	0.06866498291492462	0.2813569903373718	-0.048007477074861526	0.31785503029823303	-0.022641343995928764	-0.13529475033283234	0.03127594664692879	0.16443125903606415	0.22223755717277527	0.19713781774044037	0.05819760262966156
MTL_LABEL_8	n/a	n/a	n/a	n/a	n/a	n/a	n/a	1.0	n/a	n/a	n/a	n/a	n/a	n/a	n/a	n/a	n/a	n/a	n/a	n/a	n/a	n/a	n/a	n/a	n/a	n/a	n/a	n/a	n/a	n/a	n/a	n/a	n/a	n/a	n/a	n/a	n/a	n/a	n/a	n/a	n/a	n/a	n/a	n/a	n/a	n/a	n/a	n/a	n/a	n/a	n/a	n/a	n/a	n/a	n/a	n/a	n/a	n/a	n/a	n/a	n/a	n/a	n/a	n/a	n/a	n/a	n/a	n/a	n/a	n/a	n/a	n/a	n/a	n/a	n/a	n/a	n/a	n/a	n/a	n/a
PON_LABEL_9	-0.0725395679473877	-0.33853399753570557	0.17803920805454254	0.020674090832471848	-0.25349199771881104	0.25783950090408325	0.46795639395713806	n/a	1.0	0.170109823346138	-0.11305403709411621	0.2567892074584961	0.21918262541294098	0.04778987914323807	-0.3071942925453186	-0.11164776980876923	-0.009627950377762318	-0.22443029284477234	-0.4201407730579376	0.07861118763685226	-0.032908305525779724	-0.24019764363765717	0.14173521101474762	0.599326491355896	0.015529240481555462	-0.11521486937999725	-0.07884805649518967	-0.058573052287101746	-0.37529152631759644	-0.004051066003739834	0.11736326664686203	-0.19735796749591827	0.05576956272125244	0.48353418707847595	n/a	0.18878988921642303	-0.11371675133705139	0.14962823688983917	0.1715242564678192	0.08115910738706589	0.07610955834388733	0.01786721870303154	-0.04144369065761566	-0.05332658812403679	-0.06290781497955322	-0.14454743266105652	0.1546638160943985	0.5446397662162781	0.1513647586107254	-0.020588083192706108	-0.3980857729911804	-0.12911877036094666	-0.25816452503204346	0.7934526801109314	-0.17490652203559875	-0.2407391369342804	-0.0032104491256177425	-0.08451259136199951	-0.12457285821437836	-0.050929825752973557	0.08059974014759064	-0.09273479133844376	-0.03861745446920395	-0.22857387363910675	0.22919008135795593	-0.16977836191654205	-0.002668989822268486	-0.16861318051815033	-0.13766951858997345	0.15020528435707092	-0.017766758799552917	-0.10155858099460602	0.07380987703800201	-0.30997133255004883	-0.3007982075214386	-0.32294511795043945	0.3379225432872772	0.28126683831214905	0.00695042684674263	-0.30222925543785095
CO_LABEL_10	-0.5135153532028198	0.15580220520496368	0.4362632632255554	0.4560975134372711	-0.24745315313339233	-0.1442384272813797	-0.11788563430309296	n/a	0.170109823346138	1.0	0.0514737144112587	0.7397035956382751	0.4562511444091797	0.11283087730407715	0.4221303164958954	-0.6572719812393188	0.7983942627906799	-0.5796083211898804	-0.30626043677330017	0.24732407927513123	0.8106655478477478	-0.282894492149353	0.4593479633331299	-0.1430077701807022	0.00666961632668972	-0.6205510497093201	-0.5044854879379272	-0.5283401012420654	0.13088248670101166	-0.34802761673927307	0.4455713927745819	-0.006707511842250824	-0.3371175229549408	-0.12338825315237045	n/a	0.858545184135437	-0.43648654222488403	0.8687348365783691	0.3189210593700409	0.1791636049747467	0.2630922496318817	0.7824807167053223	-0.06578527390956879	0.5098597407341003	0.7544927000999451	-0.10980125516653061	0.46736517548561096	-0.27392396330833435	0.16834114491939545	-0.6615886688232422	-0.5666348934173584	-0.3185727596282959	-0.5080845355987549	0.1372951716184616	-0.6448854804039001	-0.19534242153167725	-0.27930790185928345	-0.12894093990325928	-0.40553009510040283	0.3789961636066437	0.25973230600357056	-0.1451379358768463	-0.567395806312561	-0.3204006254673004	-0.20825129747390747	0.1642758995294571	0.46088647842407227	0.2587469518184662	-0.40783727169036865	0.2730983793735504	-0.5868846774101257	-0.1512608379125595	0.13331545889377594	0.24607540667057037	-0.10491909086704254	-0.4182394742965698	0.33258846402168274	0.11294543743133545	-0.11440647393465042	-0.37413477897644043
Sal_LABEL_11	0.10808165371417999	-0.3496076166629791	-0.23391056060791016	-0.2991446256637573	0.14543569087982178	-0.05915052816271782	-0.04834611713886261	n/a	-0.11305403709411621	0.0514737144112587	1.0	-0.15337854623794556	-0.5176598429679871	-0.2124844789505005	-0.2108183205127716	0.18930236995220184	0.05738077685236931	0.14381735026836395	0.3922753632068634	0.19459082186222076	0.16132929921150208	0.7279189229011536	-0.1143312156200409	-0.2210037261247635	-0.1159324124455452	0.06364534050226212	0.12219122052192688	-0.061256539076566696	-0.385201096534729	-0.2128627747297287	-0.22624081373214722	0.23990266025066376	0.28207239508628845	0.07872535288333893	n/a	-0.08721376210451126	0.7149194478988647	-0.11897280812263489	-0.4940676689147949	-0.22285397350788116	-0.17552684247493744	0.04417293518781662	0.377416729927063	0.10609161108732224	0.1333513706922531	0.7019567489624023	-0.006455602124333382	-0.12624910473823547	-0.17185738682746887	0.2858201563358307	0.1824798583984375	-0.009037145413458347	0.31439125537872314	-0.04881073907017708	0.2936190962791443	0.007005868945270777	-0.3535638153553009	0.5046510696411133	0.5794116258621216	-0.03208030015230179	0.1632665991783142	-0.1252136379480362	0.09338294714689255	0.4491754472255707	-0.01867637224495411	0.1787058413028717	0.11794696003198624	-0.040974847972393036	-0.016686715185642242	-0.03047574684023857	0.03749976307153702	0.33169278502464294	-0.19282810389995575	-0.03109453059732914	0.26177433133125305	0.16510696709156036	-0.0344436839222908	-0.16071125864982605	-0.11934566497802734	-0.32537728548049927
CO_LABEL_12	-0.4572935104370117	0.2825481593608856	0.3798631429672241	0.41462600231170654	-0.3635249435901642	-0.14309661090373993	0.08186790347099304	n/a	0.2567892074584961	0.7397035956382751	-0.15337854623794556	1.0	0.5029217600822449	0.06268347054719925	0.35107091069221497	-0.5740893483161926	0.5443729162216187	-0.6006356477737427	-0.5577172636985779	-0.04289652034640312	0.4773329198360443	-0.3176253139972687	0.4545327425003052	0.08443960547447205	-0.15562176704406738	-0.662291944026947	-0.4162953495979309	-0.4357999861240387	0.254098504781723	-0.33253616094589233	0.2996373474597931	-0.13047844171524048	-0.43357720971107483	0.017209330573678017	n/a	0.7946978807449341	-0.4822751581668854	0.8309532999992371	0.3778820037841797	0.14333893358707428	0.24825561046600342	0.5358099937438965	-0.2659924328327179	0.10602986812591553	0.4415018558502197	-0.2390577793121338	0.384378582239151	-0.209555983543396	0.06530999392271042	-0.6077268719673157	-0.4647115170955658	-0.42330777645111084	-0.5012423992156982	0.16449008882045746	-0.5998898148536682	-0.30335310101509094	-0.15086700022220612	-0.13849852979183197	-0.46603426337242126	0.5678922533988953	0.20293806493282318	-0.11695436388254166	-0.3836180865764618	-0.24248576164245605	-0.155187726020813	0.17671777307987213	0.5881839990615845	0.36869290471076965	-0.33554524183273315	0.3850977122783661	-0.32162192463874817	-0.08745648711919785	0.220236673951149	0.27449414134025574	-0.3217397630214691	-0.3939230740070343	0.3893122971057892	0.20715923607349396	0.06727409362792969	-0.34395167231559753
SMd_LABEL_13	-0.5946845412254333	0.3370317220687866	0.33485284447669983	0.6411405801773071	-0.228922039270401	0.021582890301942825	0.03284647315740585	n/a	0.21918262541294098	0.4562511444091797	-0.5176598429679871	0.5029217600822449	1.0	0.39733827114105225	0.16429106891155243	-0.6368114948272705	0.36324912309646606	-0.5847952961921692	-0.42072033882141113	0.05623210594058037	0.3612718880176544	-0.5991000533103943	0.1904161423444748	0.1872318536043167	-0.09440486878156662	-0.5876976847648621	-0.578336775302887	-0.4506671130657196	0.3693574368953705	0.06369280815124512	0.5584649443626404	-0.13595367968082428	-0.2560647428035736	-0.02351410500705242	n/a	0.49354788661003113	-0.633722722530365	0.48391804099082947	0.8800430297851562	0.43212592601776123	0.10949578136205673	0.3605198860168457	-0.2119348645210266	0.22295787930488586	0.32461121678352356	-0.5105992555618286	0.22700366377830505	0.10594921559095383	0.10698813945055008	-0.5424221158027649	-0.42578062415122986	-0.25571587681770325	-0.48618581891059875	0.14341826736927032	-0.5893474221229553	-0.10558218508958817	0.012126349844038486	-0.5034101009368896	-0.6185480356216431	0.11397156864404678	0.08127866685390472	0.03666957467794418	-0.5407506823539734	-0.5194668769836426	-0.22605517506599426	0.06894022226333618	0.12516900897026062	0.31075531244277954	-0.27416372299194336	0.11559052020311356	-0.5693817734718323	-0.2615663707256317	0.23203666508197784	0.0907779410481453	-0.3075253963470459	-0.32292303442955017	0.13480569422245026	0.21511225402355194	-0.12097892165184021	-0.0038949709851294756
SMl_LABEL_14	-0.2711816728115082	-0.10313968360424042	0.10215874761343002	0.4013287425041199	0.023676980286836624	-0.1286221742630005	0.06697683036327362	n/a	0.04778987914323807	0.11283087730407715	-0.2124844789505005	0.06268347054719925	0.39733827114105225	1.0	0.013337215408682823	-0.3078451454639435	0.16271044313907623	-0.19980387389659882	-0.06979568302631378	0.02448892779648304	0.12441694736480713	-0.3620334565639496	-0.08821548521518707	-0.07761748135089874	-0.21017716825008392	-0.23915967345237732	-0.22710397839546204	-0.08335855603218079	-0.02814837545156479	0.37000587582588196	0.4555269181728363	-0.01227527391165495	-0.016330458223819733	0.0033937571570277214	n/a	0.15245921909809113	-0.1435796171426773	0.10226275771856308	0.47826796770095825	0.9637928605079651	0.03335486724972725	0.2094026654958725	-0.07687187194824219	0.12832720577716827	0.18306228518486023	-0.3374895453453064	0.1103050708770752	0.12477821856737137	-0.17878706753253937	-0.11103283613920212	-0.03520757332444191	-0.1382334977388382	-0.09076846390962601	0.037016820162534714	-0.17033198475837708	-0.15997770428657532	0.01778453029692173	-0.12504024803638458	-0.06874652206897736	0.04163210839033127	-0.19309884309768677	0.1627703309059143	-0.46077343821525574	-0.4328039586544037	0.036210186779499054	0.11455109715461731	-0.04122838005423546	0.014537859708070755	-0.2565637528896332	-0.08196921646595001	-0.3487028479576111	-0.43491408228874207	0.2905956208705902	0.1097310483455658	0.042126577347517014	0.14073225855827332	0.008700534701347351	-0.22001700103282928	-0.21428975462913513	0.13671992719173431
DAN_LABEL_15	-0.23142729699611664	0.31438133120536804	0.524052083492279	0.1943354308605194	-0.3970887362957001	-0.20961864292621613	-0.2946101129055023	n/a	-0.3071942925453186	0.4221303164958954	-0.2108183205127716	0.35107091069221497	0.16429106891155243	0.013337215408682823	1.0	-0.3644771873950958	0.5781803727149963	-0.3526621162891388	-0.1488167643547058	-0.04823755845427513	0.39233532547950745	-0.25672176480293274	0.6974688172340393	-0.12317609786987305	0.3662792146205902	-0.39739662408828735	-0.2952411472797394	-0.0818285122513771	0.4419126808643341	-0.4143427312374115	0.1889580935239792	-0.15895448625087738	-0.40687060356140137	-0.37007638812065125	n/a	0.32906267046928406	-0.521847665309906	0.5375757217407227	0.1408817023038864	0.07688100636005402	0.5762915015220642	0.5158565044403076	-0.08200771361589432	0.24340000748634338	0.2804982662200928	-0.09946301579475403	0.5633485913276672	-0.33787885308265686	0.3474082350730896	-0.4390271008014679	-0.31432950496673584	-0.268266886472702	-0.43980872631073	-0.14862053096294403	-0.49008333683013916	-0.14772650599479675	-0.06098295375704765	-0.13251060247421265	-0.4457024037837982	0.47146984934806824	-0.1421252191066742	-0.2805961072444916	-0.4770623743534088	-0.2707846462726593	-0.34713029861450195	0.14387203752994537	0.2849613130092621	0.387921005487442	-0.14750444889068604	0.25174614787101746	-0.4431428611278534	-0.1440635323524475	-0.09848950803279877	0.5054671168327332	-0.19469094276428223	-0.22695733606815338	0.03979216143488884	0.01619838923215866	0.09118157625198364	-0.10304594784975052
DMN_LABEL_16	0.8701616525650024	-0.341593474149704	-0.5696606040000916	-0.6773552298545837	0.2970546782016754	0.09739317744970322	0.1489160805940628	n/a	-0.11164776980876923	-0.6572719812393188	0.18930236995220184	-0.5740893483161926	-0.6368114948272705	-0.3078451454639435	-0.3644771873950958	1.0	-0.6239071488380432	0.9013445973396301	0.29183271527290344	-0.20372545719146729	-0.7167120575904846	0.4531528651714325	-0.5556447505950928	-0.006835943553596735	-0.24993714690208435	0.8256129622459412	0.7812067270278931	0.553621232509613	-0.36307382583618164	0.026574397459626198	-0.6464001536369324	-0.01568019762635231	0.2501577138900757	0.23851075768470764	n/a	-0.692129909992218	0.5119439363479614	-0.6707671284675598	-0.6295126080513	-0.3154311180114746	-0.34330159425735474	-0.6479867100715637	-0.010975940153002739	-0.3682222366333008	-0.6570524573326111	0.29259368777275085	-0.5488404631614685	0.014320144429802895	-0.32021012902259827	0.7931972146034241	0.48265448212623596	0.3635840117931366	0.7747716903686523	-0.07485244423151016	0.8391716480255127	0.10341240465641022	0.133755162358284	0.19661253690719604	0.44936203956604004	-0.3661867678165436	-0.2125711590051651	-0.13954606652259827	0.6937350630760193	0.4761698246002197	0.0347931906580925	-0.2120828628540039	-0.30803555250167847	-0.19005216658115387	0.5765817761421204	-0.25901851058006287	0.7170743942260742	0.1508261263370514	-0.21329651772975922	-0.22699862718582153	0.24893486499786377	0.3951677978038788	-0.20793087780475616	-0.14989840984344482	0.1571589708328247	0.10256843268871307
CO_LABEL_17	-0.4334276616573334	0.08986272662878036	0.4624791741371155	0.4897536337375641	-0.16114284098148346	-0.14303205907344818	-0.20825012028217316	n/a	-0.009627950377762318	0.7983942627906799	0.05738077685236931	0.5443729162216187	0.36324912309646606	0.16271044313907623	0.5781803727149963	-0.6239071488380432	1.0	-0.4972471594810486	-0.08524076640605927	0.17807544767856598	0.8250188827514648	-0.2629780173301697	0.4616656005382538	-0.14818623661994934	0.14107637107372284	-0.5911009907722473	-0.5633559823036194	-0.5411205887794495	0.09476280957460403	-0.3103281259536743	0.43382149934768677	0.10467030853033066	-0.2631739377975464	-0.1968732327222824	n/a	0.7200735807418823	-0.3904867470264435	0.7938621640205383	0.29125872254371643	0.1786171942949295	0.37176406383514404	0.9235435724258423	0.07878433912992477	0.7104366421699524	0.7934990525245667	-0.036187659949064255	0.445229172706604	-0.19707924127578735	0.205255925655365	-0.5172498822212219	-0.4461880326271057	-0.3507824242115021	-0.3773123323917389	0.08943001180887222	-0.6195565462112427	0.010024158284068108	-0.29294463992118835	-0.13664846122264862	-0.3840790092945099	0.4194663465023041	0.11347149312496185	-0.29504409432411194	-0.5909085869789124	-0.3063083291053772	-0.3549751043319702	0.25110355019569397	0.533306360244751	0.2622118890285492	-0.32385069131851196	0.07307475060224533	-0.6331226825714111	-0.21037328243255615	0.07815580815076828	0.29595082998275757	-0.054206814616918564	-0.33191460371017456	0.07590001821517944	-0.12729831039905548	-0.0782538577914238	-0.12956814467906952
DMN_LABEL_18	0.820939838886261	-0.4357413947582245	-0.48319941759109497	-0.5241316556930542	0.5132535696029663	0.2081376165151596	-0.018196286633610725	n/a	-0.22443029284477234	-0.5796083211898804	0.14381735026836395	-0.6006356477737427	-0.5847952961921692	-0.19980387389659882	-0.3526621162891388	0.9013445973396301	-0.4972471594810486	1.0	0.47539982199668884	-0.19434599578380585	-0.5408323407173157	0.3442800045013428	-0.653527557849884	-0.15487410128116608	-0.17789998650550842	0.77365642786026	0.7579902410507202	0.5554769039154053	-0.4420345723628998	0.1364157795906067	-0.4898664057254791	0.18228191137313843	0.3326193690299988	0.07102646678686142	n/a	-0.634935736656189	0.45566970109939575	-0.6437403559684753	-0.5769178867340088	-0.22508828341960907	-0.2894134819507599	-0.47339385747909546	-0.05316050723195076	-0.2159148007631302	-0.5071146488189697	0.17897622287273407	-0.6160531044006348	-0.027546802535653114	-0.28093022108078003	0.6533559560775757	0.4451967477798462	0.3149644434452057	0.8167012333869934	-0.15894922614097595	0.7773760557174683	0.23327969014644623	0.20105041563510895	0.2928310036659241	0.509154736995697	-0.3726133108139038	-0.1363770067691803	-0.019075285643339157	0.5977157354354858	0.2881380617618561	0.03675978258252144	-0.2943374216556549	-0.3525538742542267	-0.23957538604736328	0.5687119364738464	-0.44362151622772217	0.6157945990562439	0.06649864464998245	-0.2946670949459076	-0.273167222738266	0.4661674499511719	0.5349137783050537	-0.23797295987606049	-0.26843270659446716	0.04723947495222092	0.15997888147830963
VAN_LABEL_19	0.1663813292980194	-0.28737545013427734	-0.21902669966220856	-0.17457649111747742	0.5917511582374573	0.19234219193458557	-0.2449864000082016	n/a	-0.4201407730579376	-0.30626043677330017	0.3922753632068634	-0.5577172636985779	-0.42072033882141113	-0.06979568302631378	-0.1488167643547058	0.29183271527290344	-0.08524076640605927	0.47539982199668884	1.0	-0.046556293964385986	-0.021026628091931343	0.41512808203697205	-0.3850299119949341	-0.17929372191429138	8.361901564057916e-05	0.22753264009952545	0.12664076685905457	0.19837480783462524	-0.23732922971248627	0.04198966175317764	-0.13936947286128998	0.46953147649765015	0.42333829402923584	-0.15243129432201385	n/a	-0.4118798077106476	0.39218446612358093	-0.43228116631507874	-0.2846868336200714	-0.12436266243457794	-0.1458050161600113	-0.042885784059762955	0.4003662168979645	0.054202500730752945	-0.08185232430696487	0.28137123584747314	-0.3313593864440918	-0.04032125696539879	-0.1010618582367897	0.2480190098285675	0.34741830825805664	-0.08899915218353271	0.42926305532455444	-0.2263210266828537	0.2568780183792114	0.3452780246734619	0.1721741110086441	0.41605496406555176	0.4805282652378082	-0.29321905970573425	-0.064527727663517	-0.08060021698474884	0.20975565910339355	0.26203930377960205	-0.03683556988835335	-0.016057543456554413	-0.21704164147377014	-0.3404836058616638	0.2360425442457199	-0.4879300892353058	0.17756254971027374	0.32635498046875	-0.22782403230667114	-0.2439056634902954	0.510504424571991	0.3676850497722626	-0.23596416413784027	-0.27037644386291504	-0.18554866313934326	0.18956147134304047
CO_LABEL_20	-0.2888990640640259	-0.15638467669487	0.08793726563453674	0.3020404279232025	-0.07483374327421188	-0.333993136882782	-0.08964771032333374	n/a	0.07861118763685226	0.24732407927513123	0.19459082186222076	-0.04289652034640312	0.05623210594058037	0.02448892779648304	-0.04823755845427513	-0.20372545719146729	0.17807544767856598	-0.19434599578380585	-0.046556293964385986	1.0	0.33412712812423706	0.0214912761002779	0.10081931948661804	-0.3132473826408386	0.2287474125623703	-0.1963013857603073	-0.24355748295783997	-0.10304991155862808	-0.20118270814418793	0.05933553725481033	0.2944432199001312	-0.021496469154953957	-0.16584530472755432	-0.049277596175670624	n/a	0.23075821995735168	0.01990504562854767	0.10404534637928009	0.06698370724916458	0.03164403885602951	0.019946565851569176	0.1405559480190277	0.11934667080640793	0.1833876073360443	0.332834929227829	0.1306484043598175	0.15434496104717255	-0.14661581814289093	0.1822308748960495	-0.10847298800945282	-0.002013501012697816	-0.13016018271446228	-0.1787450611591339	0.05535479635000229	-0.1410292685031891	0.039296992123126984	-0.11535175889730453	0.03665060177445412	0.20484773814678192	0.0037265392020344734	0.1781371831893921	0.10549835115671158	-0.319723516702652	-0.1292373239994049	0.07709943503141403	0.03934484347701073	-0.050720151513814926	0.07071516662836075	-0.11926122009754181	-0.07993248850107193	-0.4078601896762848	-0.23398837447166443	-0.1638566106557846	-0.05096357688307762	-0.10616075992584229	-0.08758091926574707	0.1340939849615097	0.20186558365821838	-0.18918485939502716	-0.11176455020904541
CO_LABEL_21	-0.6207752227783203	0.08689697086811066	0.5293068885803223	0.5997620224952698	-0.09188561141490936	-0.13988864421844482	-0.26490193605422974	n/a	-0.032908305525779724	0.8106655478477478	0.16132929921150208	0.4773329198360443	0.3612718880176544	0.12441694736480713	0.39233532547950745	-0.7167120575904846	0.8250188827514648	-0.5408323407173157	-0.021026628091931343	0.33412712812423706	1.0	-0.21663951873779297	0.4229007065296173	-0.24850575625896454	0.2266227751970291	-0.6192498803138733	-0.6058537364006042	-0.541297435760498	0.05314452573657036	-0.14629879593849182	0.5320294499397278	0.15204624831676483	-0.26628321409225464	-0.3087828457355499	n/a	0.7908421754837036	-0.35507166385650635	0.7505496144294739	0.2831360697746277	0.16059349477291107	0.3139978051185608	0.8341508507728577	0.007933974266052246	0.638306200504303	0.8963391184806824	-0.06245889142155647	0.4030638337135315	-0.25412288308143616	0.2762679159641266	-0.6991766095161438	-0.4791344702243805	-0.28078794479370117	-0.5221974849700928	0.008888897486031055	-0.7095663547515869	-0.019100232049822807	-0.22087408602237701	-0.030142134055495262	-0.2707667946815491	0.3591904044151306	0.19420145452022552	-0.012374958954751492	-0.6510263681411743	-0.42402294278144836	-0.24406413733959198	0.19083017110824585	0.4054977595806122	0.18237647414207458	-0.42051568627357483	0.01729397475719452	-0.6865656971931458	-0.10932166129350662	0.05539627745747566	0.21374894678592682	-0.014588912948966026	-0.2804398536682129	0.12416177242994308	0.008497651666402817	-0.07251540571451187	-0.15453407168388367
Sal_LABEL_22	0.29023462533950806	-0.07508708536624908	-0.5820937156677246	-0.5640115737915039	0.19173799455165863	-0.1209062933921814	-0.04141705110669136	n/a	-0.24019764363765717	-0.282894492149353	0.7279189229011536	-0.3176253139972687	-0.5991000533103943	-0.3620334565639496	-0.25672176480293274	0.4531528651714325	-0.2629780173301697	0.3442800045013428	0.41512808203697205	0.0214912761002779	-0.21663951873779297	1.0	-0.2727958858013153	-0.25408726930618286	-0.12814517319202423	0.3198048770427704	0.396292120218277	0.13389557600021362	-0.13457448780536652	-0.19620759785175323	-0.5469337701797485	0.027542326599359512	0.2605985105037689	0.034691013395786285	n/a	-0.3318139314651489	0.6902268528938293	-0.38110679388046265	-0.6058700084686279	-0.37609729170799255	-0.27105942368507385	-0.25790342688560486	0.3133625388145447	-0.16428449749946594	-0.14755848050117493	0.8333343863487244	-0.21879278123378754	-0.25042492151260376	-0.22712314128875732	0.3941103518009186	0.5188570618629456	0.15974357724189758	0.5015901327133179	-0.2559087574481964	0.5164850950241089	0.028261391445994377	-0.1900971233844757	0.4030756652355194	0.5096080899238586	-0.09791377931833267	-0.02614729478955269	-0.21368198096752167	0.405444860458374	0.7405011057853699	0.11360754817724228	0.12891623377799988	-0.06513078510761261	-0.04484875500202179	0.27589818835258484	-0.11075957864522934	0.4237816631793976	0.43044015765190125	-0.0324271060526371	-0.14362844824790955	0.22995853424072266	0.2800332307815552	-0.21739985048770905	-0.1822277158498764	0.062156789004802704	-0.10242583602666855
DAN_LABEL_23	-0.48961296677589417	0.20805557072162628	0.7046357989311218	0.2339497208595276	-0.5937982201576233	-0.19158229231834412	-0.16858679056167603	n/a	0.14173521101474762	0.4593479633331299	-0.1143312156200409	0.4545327425003052	0.1904161423444748	-0.08821548521518707	0.6974688172340393	-0.5556447505950928	0.4616656005382538	-0.653527557849884	-0.3850299119949341	0.10081931948661804	0.4229007065296173	-0.2727958858013153	1.0	0.19097444415092468	0.4496297836303711	-0.5314018130302429	-0.45608216524124146	-0.0608832947909832	0.2926924228668213	-0.3486611843109131	0.22083236277103424	-0.2993033528327942	-0.4390247166156769	-0.2598319947719574	n/a	0.4444030821323395	-0.5149694681167603	0.6327829360961914	0.15329283475875854	-0.03272521495819092	0.5883411765098572	0.47010523080825806	-0.01300598494708538	0.1711377501487732	0.2577316462993622	-0.07361089438199997	0.8797661662101746	-0.03732097148895264	0.46655306220054626	-0.5084368586540222	-0.45568546652793884	-0.3480071723461151	-0.776944637298584	0.187549889087677	-0.6715371608734131	-0.26295343041419983	-0.1414029598236084	-0.18889039754867554	-0.46116071939468384	0.4571574926376343	-0.04111632704734802	-0.1660340428352356	-0.529309093952179	-0.30567821860313416	-0.08876416087150574	-0.0025200825184583664	0.21281899511814117	0.2175976037979126	-0.3764156997203827	0.39965951442718506	-0.4639587700366974	-0.043304864317178726	-0.04454542323946953	0.28489866852760315	-0.36142048239707947	-0.48029255867004395	0.24006876349449158	0.27863895893096924	0.2560124397277832	-0.19154804944992065
PMN_LABEL_24	-0.01943480409681797	-0.16701507568359375	0.1495496779680252	-0.023185215890407562	-0.23787066340446472	0.5214256644248962	0.5231419205665588	n/a	0.599326491355896	-0.1430077701807022	-0.2210037261247635	0.08443960547447205	0.1872318536043167	-0.07761748135089874	-0.12317609786987305	-0.006835943553596735	-0.14818623661994934	-0.15487410128116608	-0.17929372191429138	-0.3132473826408386	-0.24850575625896454	-0.25408726930618286	0.19097444415092468	1.0	-0.08995193243026733	-0.07888700813055038	-0.1267276555299759	0.1045699492096901	-0.09838297963142395	-0.02208266779780388	0.07007817924022675	-0.07928387820720673	0.27460959553718567	0.5493922233581543	n/a	-0.1662176549434662	-0.17318375408649445	-0.029788216575980186	0.2700779438018799	-0.054128095507621765	-0.0062304772436618805	-0.09722913056612015	0.12650148570537567	-0.15362979471683502	-0.31545865535736084	-0.12041881680488586	0.10199788212776184	0.8029096126556396	0.0025410125963389874	0.13750971853733063	-0.2449568808078766	-0.2653612494468689	-0.24299122393131256	0.6304147243499756	-0.1848207265138626	-0.08004777133464813	0.16440679132938385	-0.22248783707618713	-0.24830733239650726	-0.08015697449445724	-0.09535116702318192	-0.31645849347114563	0.03439958766102791	-0.0994647741317749	0.10267048329114914	-0.08744897693395615	0.009618500247597694	-0.17282429337501526	-0.009110482409596443	0.12897954881191254	0.07789377123117447	0.04341297596693039	-0.026128817349672318	-0.25918063521385193	-0.26149511337280273	-0.19658644497394562	0.19551199674606323	0.3201271891593933	0.14642558991909027	-0.04049494117498398
DAN_LABEL_25	-0.16192175447940826	0.051166608929634094	0.48190903663635254	0.060064204037189484	-0.11207335442304611	0.011008495464920998	-0.2743835151195526	n/a	0.015529240481555462	0.00666961632668972	-0.1159324124455452	-0.15562176704406738	-0.09440486878156662	-0.21017716825008392	0.3662792146205902	-0.24993714690208435	0.14107637107372284	-0.17789998650550842	8.361901564057916e-05	0.2287474125623703	0.2266227751970291	-0.12814517319202423	0.4496297836303711	-0.08995193243026733	1.0	-0.179167702794075	-0.19479988515377045	0.09860691428184509	0.07151404023170471	-0.04667714238166809	0.142489492893219	0.10152842104434967	-0.2145501971244812	-0.28796103596687317	n/a	0.07512970268726349	-0.21459060907363892	0.02234075963497162	-0.04839234799146652	-0.22921502590179443	0.678925096988678	0.1756146401166916	-0.05602235719561577	0.15692666172981262	0.07808841019868851	0.029999444261193275	0.3720839023590088	-0.02396257221698761	0.8268998265266418	-0.2859010696411133	-0.3184888958930969	-0.06252504140138626	-0.37963593006134033	0.10821551084518433	-0.30833831429481506	0.12038452178239822	0.10960983484983444	0.14176815748214722	0.009075980633497238	0.12185303866863251	-0.04152137041091919	0.23383605480194092	-0.27322638034820557	-0.40884655714035034	0.08936894685029984	-0.24558663368225098	-0.16691207885742188	0.024964381009340286	-0.038197025656700134	0.01690262369811535	-0.29702216386795044	-0.04296005517244339	-0.26607248187065125	0.08595293015241623	0.016868451610207558	0.05055583640933037	0.09249483048915863	0.17021535336971283	0.06593070924282074	0.07517732679843903
