Node	LH_Vis_1	LH_Vis_2	LH_Vis_3	LH_Vis_4	LH_Vis_5	LH_Vis_6	LH_Vis_7	LH_Vis_8	LH_Vis_9	LH_SomMot_1	LH_SomMot_2	LH_SomMot_3	LH_SomMot_4	LH_SomMot_5	LH_SomMot_6	LH_DorsAttn_Post_1	LH_DorsAttn_Post_2	LH_DorsAttn_Post_3	LH_DorsAttn_Post_4	LH_DorsAttn_Post_5	LH_DorsAttn_Post_6	LH_DorsAttn_PrCv_1	LH_DorsAttn_FEF_1	LH_SalVentAttn_ParOper_1	LH_SalVentAttn_FrOperIns_1	LH_SalVentAttn_FrOperIns_2	LH_SalVentAttn_PFCl_1	LH_SalVentAttn_Med_1	LH_SalVentAttn_Med_2	LH_SalVentAttn_Med_3	LH_Limbic_OFC_1	LH_Limbic_TempPole_1	LH_Limbic_TempPole_2	LH_Cont_Par_1	LH_Cont_PFCl_1	LH_Cont_pCun_1	LH_Cont_Cing_1	LH_Default_Temp_1	LH_Default_Temp_2	LH_Default_Par_1	LH_Default_Par_2	LH_Default_PFC_1	LH_Default_PFC_2	LH_Default_PFC_3	LH_Default_PFC_4	LH_Default_PFC_5	LH_Default_PFC_6	LH_Default_PFC_7	LH_Default_pCunPCC_1	LH_Default_pCunPCC_2	RH_Vis_1	RH_Vis_2	RH_Vis_3	RH_Vis_4	RH_Vis_5	RH_Vis_6	RH_Vis_7	RH_Vis_8	RH_SomMot_1	RH_SomMot_2	RH_SomMot_3	RH_SomMot_4	RH_SomMot_5	RH_SomMot_6	RH_SomMot_7	RH_SomMot_8	RH_DorsAttn_Post_1	RH_DorsAttn_Post_2	RH_DorsAttn_Post_3	RH_DorsAttn_Post_4	RH_DorsAttn_Post_5	RH_DorsAttn_PrCv_1	RH_DorsAttn_FEF_1	RH_SalVentAttn_TempOccPar_1	RH_SalVentAttn_TempOccPar_2	RH_SalVentAttn_FrOperIns_1	RH_SalVentAttn_Med_1	RH_SalVentAttn_Med_2	RH_Limbic_OFC_1	RH_Limbic_TempPole_1	RH_Cont_Par_1	RH_Cont_Par_2	RH_Cont_PFCl_1	RH_Cont_PFCl_2	RH_Cont_PFCl_3	RH_Cont_PFCl_4	RH_Cont_Cing_1	RH_Cont_PFCmp_1	RH_Cont_pCun_1	RH_Default_Par_1	RH_Default_Temp_1	RH_Default_Temp_2	RH_Default_Temp_3	RH_Default_PFCv_1	RH_Default_PFCv_2	RH_Default_PFCdPFCm_1	RH_Default_PFCdPFCm_2	RH_Default_PFCdPFCm_3	RH_Default_pCunPCC_1	RH_Default_pCunPCC_2	LH-Pu	LH-Ca	LH-NAC	LH-EXA	LH-GPe	LH-GPi	LH-SNc_PBP_VTA	LH-RN	LH-SNr	LH-VeP	LH-HN	LH-HTH	LH-MN	LH-STH	RH-Pu	RH-Ca	RH-NAC	RH-EXA	RH-GPe	RH-GPi	RH-SNc_PBP_VTA	RH-RN	RH-SNr	RH-VeP	RH-HN	RH-HTH	RH-MN	RH-STH	LH-Pulvinar	LH-Anterior	LH-Medio_Dorsal	LH-Ventral_Latero_Dorsal	LH-Central_Lateral-Lateral_Posterior-Medial_Pulvinar	LH-Ventral_Anterior	LH-Ventral_Latero_Ventral	RH-Pulvinar	RH-Anterior	RH-Medio_Dorsal	RH-Ventral_Latero_Dorsal	RH-Central_Lateral-Lateral_Posterior-Medial_Pulvinar	RH-Ventral_Anterior	RH-Ventral_Latero_Ventral	LH_Hippocampus	LH_Amygdala	RH_Hippocampus	RH_Amygdala	Cerebellar_Region1	Cerebellar_Region2	Cerebellar_Region3	Cerebellar_Region4	Cerebellar_Region5	Cerebellar_Region6	Cerebellar_Region7	Cerebellar_Region8	Cerebellar_Region9	Cerebellar_Region10
LH_Vis_1	1.0	0.377611368894577	0.5278091430664062	-0.34247735142707825	0.1807011216878891	0.38315367698669434	0.0537785179913044	-0.5579841136932373	0.2554915249347687	0.5450588464736938	0.533637523651123	0.5338727235794067	0.4156261384487152	0.10931677371263504	0.2664169371128082	0.41468164324760437	0.18024678528308868	0.12673218548297882	0.10526673495769501	0.30192458629608154	0.10596044361591339	0.532161295413971	0.15095315873622894	0.33844098448753357	0.645909309387207	0.49083611369132996	0.3375979959964752	0.4066252112388611	0.41304242610931396	0.35183772444725037	0.14093486964702606	0.001362873357720673	0.17122387886047363	0.13445159792900085	0.21799586713314056	0.38905012607574463	0.49163493514060974	0.08925761282444	0.46446093916893005	0.20590785145759583	0.39201414585113525	0.2642490565776825	0.10078303515911102	0.23182113468647003	-0.20278705656528473	0.16316454112529755	0.1708008199930191	0.10526013374328613	0.6158618330955505	0.5374337434768677	0.3555816113948822	0.44733721017837524	0.18230611085891724	0.00343321543186903	0.3839147090911865	0.6114301085472107	-0.030756423249840736	-0.4149850904941559	0.3511841893196106	0.018843643367290497	0.15481093525886536	0.01411203108727932	0.15133529901504517	-0.31142285466194153	-0.08354418724775314	0.12534499168395996	0.2906286418437958	-0.22383756935596466	0.15381312370300293	0.2031361311674118	0.180989071726799	-0.02652212418615818	-0.23548419773578644	0.45209330320358276	0.15047650039196014	0.21980257332324982	0.5021144151687622	0.20630382001399994	0.019199203699827194	0.3777567148208618	0.15833353996276855	0.33993005752563477	0.02882406860589981	0.10199755430221558	0.1843690276145935	0.19803497195243835	0.46715977787971497	0.2971646189689636	0.4340116083621979	0.4829275608062744	-0.10679792612791061	-0.17043623328208923	0.19204068183898926	0.23128437995910645	0.2368815839290619	0.28342434763908386	0.12582187354564667	0.10880935192108154	0.5107688903808594	0.5653753876686096	0.3118003010749817	0.05982567369937897	0.17003180086612701	0.3040439188480377	0.28149503469467163	-0.08219791948795319	0.3968293368816376	0.24604658782482147	0.047694943845272064	-0.08805444836616516	-0.04567249119281769	0.14019443094730377	-0.04329640045762062	0.19618742167949677	-0.06454107165336609	0.05757606774568558	0.07617948204278946	-0.03327194228768349	-0.11789637804031372	-0.21721158921718597	-0.0342312715947628	-0.2176297903060913	-0.4766397178173065	-0.05570157244801521	0.14660802483558655	0.28643521666526794	0.04985654726624489	-0.2951725423336029	0.5235528945922852	0.41970744729042053	0.4677673876285553	0.5014832019805908	0.5439462065696716	0.4250626266002655	0.4173019826412201	0.43321841955184937	0.023493168875575066	-0.09910469502210617	0.46941861510276794	0.364406943321228	0.42651572823524475	-0.057383619248867035	0.6225908398628235	0.2347584366798401	0.31909382343292236	0.40203359723091125	0.5704553127288818	0.5567761659622192	0.28249022364616394	0.519770622253418	0.31073129177093506	0.5142682194709778	0.11927691847085953	-0.4713040292263031	-0.40735992789268494	-0.3887408971786499
LH_Vis_2	0.377611368894577	1.0	0.5330459475517273	-0.0013081382494419813	0.5840055346488953	0.4965610206127167	0.5946130752563477	-0.3556821644306183	0.167194664478302	0.45620399713516235	0.5570460557937622	0.4870721399784088	0.2315991222858429	0.2810463309288025	0.1838391125202179	0.5791367292404175	0.32501301169395447	0.2937697172164917	0.539728581905365	0.20137663185596466	0.2948545515537262	0.5157567262649536	0.3797542154788971	0.3676339089870453	0.470153272151947	0.5404417514801025	0.2741970121860504	0.3433932065963745	0.4777797758579254	0.3808607757091522	-0.2553873360157013	-0.196908637881279	0.04090702533721924	0.35601869225502014	0.2260439097881317	0.3858706057071686	0.43291765451431274	-0.09374263882637024	0.26568397879600525	0.16975091397762299	0.20599065721035004	0.0801578238606453	-0.2485789954662323	-0.2690320312976837	-0.3998550474643707	0.043996650725603104	0.2604347765445709	0.09161797165870667	0.2570516765117645	0.3820807635784149	0.2991860508918762	0.792670488357544	0.3138256371021271	0.45335856080055237	0.7599950432777405	0.5270100831985474	0.09276671707630157	-0.26328811049461365	0.20447774231433868	0.26991862058639526	0.38796111941337585	-0.06930322200059891	0.22048720717430115	0.10370663553476334	0.36476990580558777	0.18949459493160248	0.4684942364692688	0.2119332253932953	0.4212210178375244	0.42437851428985596	0.23204106092453003	0.4209633767604828	0.2304995208978653	0.09335819631814957	0.2693789303302765	0.263905793428421	0.33551204204559326	0.38685324788093567	-0.14264068007469177	-0.05955106019973755	0.28843361139297485	0.30442243814468384	-0.15562905371189117	0.3536721169948578	0.02044004201889038	0.2292301207780838	0.47827380895614624	0.3988925516605377	0.4466768205165863	0.3783646821975708	-0.35810762643814087	-0.41065266728401184	0.03391113504767418	0.35113197565078735	0.2724018692970276	-0.07395260781049728	0.011038783006370068	-0.1268591433763504	0.14583776891231537	0.3400372266769409	0.3621837794780731	0.49822425842285156	0.2582652270793915	0.07879211753606796	0.16245540976524353	-0.45498332381248474	0.3873741030693054	0.10813581943511963	0.1220737025141716	-0.25332704186439514	-0.459950715303421	0.33081191778182983	0.1774214208126068	0.3752140402793884	0.13762852549552917	0.40817388892173767	-0.1242365837097168	-0.17992620170116425	-0.054602738469839096	-0.48611608147621155	-0.2588888108730316	0.04879872128367424	-0.5112334489822388	0.012006119824945927	0.060435693711042404	-0.050022825598716736	0.19479210674762726	-0.4247179627418518	0.39363011717796326	0.20133726298809052	0.389095664024353	0.5859501361846924	0.1868021935224533	0.2893664836883545	0.025732697919011116	0.026286717504262924	0.05180522799491882	-0.05438317358493805	0.3591485321521759	0.08124180138111115	0.4527023732662201	0.0030470804776996374	0.28791543841362	0.19033598899841309	-0.006989514920860529	0.31948623061180115	0.6162784099578857	0.3746502101421356	0.18615645170211792	0.5226339101791382	0.5490779280662537	0.5375800728797913	0.053421907126903534	-0.5642433166503906	-0.4688579738140106	-0.38273099064826965
LH_Vis_3	0.5278091430664062	0.5330459475517273	1.0	-0.36783596873283386	0.2131408154964447	0.8310456275939941	0.5328009128570557	-0.3199786841869354	0.6278966069221497	0.47705456614494324	0.5872940421104431	0.5043097734451294	0.3340464234352112	0.3876389265060425	0.21887275576591492	0.5024327635765076	0.15125945210456848	0.3638856112957001	0.3509400188922882	0.419482946395874	0.16685324907302856	0.663205623626709	0.46420642733573914	0.5470978021621704	0.5642725229263306	0.669600784778595	0.46531644463539124	0.4876609742641449	0.6256674528121948	0.5891101956367493	-0.18241041898727417	-0.3727726340293884	0.1954001635313034	0.41454482078552246	0.6048269867897034	0.578326940536499	0.6127117276191711	-0.1772567331790924	0.3351652920246124	0.23875601589679718	0.5258129835128784	0.32786858081817627	-0.15634766221046448	0.12248934805393219	-0.2387206107378006	0.22439490258693695	0.3199112117290497	0.4286845922470093	0.5305280685424805	0.5521374344825745	0.24346116185188293	0.4710306227207184	-0.03618704900145531	-0.15460509061813354	0.6250033974647522	0.8463600873947144	-0.11263870447874069	-0.17108656466007233	0.30621573328971863	-0.14349433779716492	0.11013822257518768	-0.12040448188781738	0.12718024849891663	-0.3267669677734375	0.044783156365156174	0.05757769197225571	0.46495115756988525	-0.20963844656944275	0.32264086604118347	0.40963801741600037	0.3091467320919037	0.1152990311384201	-0.10115425288677216	0.49216291308403015	0.2018081694841385	0.17324446141719818	0.4909511208534241	0.2874288558959961	-0.12673260271549225	-0.1513325273990631	0.3572532832622528	0.28407591581344604	-0.026640908792614937	0.2651847302913666	0.24585871398448944	0.3290725648403168	0.4780450165271759	0.5423596501350403	0.5741884112358093	0.4629819393157959	-0.40047726035118103	-0.5305706262588501	-0.15155550837516785	0.18422766029834747	0.3601118326187134	0.17247769236564636	0.09686563909053802	0.14664505422115326	0.45926210284233093	0.49164602160453796	0.3087763488292694	0.3788752555847168	-0.23200513422489166	0.25144946575164795	0.13356263935565948	-0.38055768609046936	0.5104577541351318	0.10449464619159698	-0.10194703936576843	-0.12394525855779648	0.042604830116033554	0.02026183530688286	0.08626744896173477	0.27301618456840515	-0.14331333339214325	0.14399011433124542	-0.31419432163238525	-0.08334949612617493	0.15112677216529846	-0.5844933986663818	-0.17620262503623962	-0.060092393308877945	-0.5457262396812439	-0.13126620650291443	0.04713926464319229	0.043726593255996704	0.13517965376377106	-0.24301449954509735	0.4971642792224884	0.4647088050842285	0.7135064601898193	0.6453238725662231	0.6479877233505249	0.3466670513153076	0.40263888239860535	-0.09871869534254074	0.0802883431315422	0.05463624745607376	0.5683184862136841	0.2457883507013321	0.6644786596298218	-0.22403021156787872	0.28489968180656433	0.06835100799798965	-0.1427835077047348	-0.013394052162766457	0.42580634355545044	0.41082873940467834	-0.005941483192145824	0.532601535320282	0.36087271571159363	0.4179297089576721	0.0019753894302994013	-0.5152733325958252	-0.4430572986602783	-0.5677902698516846
LH_Vis_4	-0.34247735142707825	-0.0013081382494419813	-0.36783596873283386	1.0	0.3757195770740509	-0.16993330419063568	-0.13198474049568176	0.2528436481952667	-0.16644413769245148	-0.3689921498298645	-0.4704459011554718	-0.318779855966568	-0.17637823522090912	-0.04330454394221306	-0.17400255799293518	-0.01918168179690838	-0.06199663504958153	-0.34861087799072266	-0.1163029596209526	-0.211781308054924	-0.29279911518096924	-0.3846473693847656	-0.14073626697063446	-0.4301472008228302	-0.4862385094165802	-0.415773868560791	-0.07807161659002304	-0.2559313476085663	-0.22003675997257233	-0.11339441686868668	0.1958385556936264	0.2645235061645508	0.13660618662834167	-0.11337551474571228	-0.18045252561569214	-0.1797717809677124	-0.2146802544593811	0.11312421411275864	-0.1405603438615799	-0.24905472993850708	-0.20496532320976257	-0.10947557538747787	-0.0006131103145889938	-0.0652087852358818	0.1586853265762329	-0.06365446746349335	-0.0548742413520813	-0.22329379618167877	-0.19358037412166595	-0.11159861087799072	-0.044753655791282654	-0.041620973497629166	0.20001748204231262	0.7033861875534058	-0.19545678794384003	-0.27653759717941284	0.25963371992111206	0.2901247441768646	-0.2777659595012665	-0.13345551490783691	-0.07091590762138367	0.0713917464017868	-0.020662009716033936	0.06271107494831085	0.04858366400003433	-0.09587341547012329	-0.12020353972911835	0.064254991710186	-0.10129030793905258	-0.08365273475646973	-0.14025838673114777	-0.13091188669204712	0.03736979514360428	-0.08648170530796051	-0.2903638780117035	-0.43458107113838196	-0.2072490006685257	-0.23516397178173065	0.07785022258758545	-0.0315181165933609	0.05626039579510689	-0.015473161824047565	0.16435420513153076	-0.36416810750961304	-0.015286227688193321	-0.191053107380867	-0.10210282355546951	-0.283743679523468	-0.04820842295885086	-0.053809866309165955	0.2979421317577362	0.07465486228466034	-0.013332069851458073	-0.18543843924999237	-0.271797776222229	-0.02666655369102955	-0.08221297711133957	-0.017064010724425316	-0.2082958221435547	-0.12248905748128891	-0.12830306589603424	-0.180365189909935	0.038912154734134674	-0.438305139541626	-0.04417109861969948	0.08239895850419998	-0.2551330626010895	0.07074794918298721	-0.08470943570137024	0.02748560905456543	-0.05056587606668472	-0.3364661633968353	-0.2902841866016388	0.05697738006711006	0.027661753818392754	0.03952840343117714	-0.08946974575519562	-0.08087778091430664	-0.06862425059080124	0.09878863394260406	0.06504251062870026	0.05295538902282715	0.30631765723228455	-0.20384205877780914	0.008337147533893585	-0.14743514358997345	-0.11072744429111481	0.2623170018196106	-0.34064146876335144	-0.5440976619720459	-0.4079548120498657	-0.5010596513748169	-0.4069903492927551	-0.38536882400512695	-0.5187000036239624	0.10099148750305176	-0.33741500973701477	-0.1743294894695282	-0.2877848744392395	-0.2606448531150818	-0.3100825548171997	0.04418377950787544	-0.4839276075363159	-0.369811087846756	-0.21095621585845947	-0.3340667188167572	-0.3015154302120209	-0.2882804870605469	0.11444444954395294	-0.18437200784683228	-0.12322579324245453	-0.35547348856925964	0.5322390198707581	0.666989803314209	0.4163297116756439	0.5635232329368591
LH_Vis_5	0.1807011216878891	0.5840055346488953	0.2131408154964447	0.3757195770740509	1.0	0.2882023751735687	0.15792334079742432	-0.1638500690460205	0.2773514986038208	0.1661207675933838	0.3162584900856018	0.23046772181987762	0.11726104468107224	0.06197812408208847	0.22230389714241028	0.12673816084861755	0.15152420103549957	-0.03215155750513077	0.2857277989387512	0.411111980676651	0.14866991341114044	0.08468212932348251	0.18508461117744446	0.08397691696882248	0.142278254032135	0.16262589395046234	0.20580977201461792	0.19039516150951385	0.31511086225509644	0.21447958052158356	-0.08199762552976608	0.11470246315002441	-0.17777028679847717	0.0779154971241951	-0.09933367371559143	0.4007345139980316	0.2803148329257965	0.24417118728160858	0.09616448730230331	-0.28303512930870056	0.007227142341434956	-0.06822170317173004	-0.1426384449005127	-0.07033669203519821	-0.19172126054763794	-0.02157309465110302	-0.04700298234820366	-0.16047587990760803	0.2158675640821457	0.2190442830324173	0.21216930449008942	0.48002004623413086	0.17812800407409668	0.6196486949920654	0.47061917185783386	0.3313314616680145	0.3200523257255554	0.008625934831798077	0.24455700814723969	0.2620399296283722	0.30218207836151123	0.03880903869867325	0.17337317764759064	-0.02491597644984722	0.09106269478797913	0.08942189812660217	0.20437413454055786	-0.10306321829557419	0.03843582794070244	0.20297081768512726	0.19866013526916504	0.05834004282951355	0.23160040378570557	-0.0027630534023046494	0.1113012284040451	-0.09973611682653427	0.34537169337272644	0.3499632179737091	-0.16277310252189636	-0.06272939592599869	0.06430818885564804	-0.006024418398737907	-0.03581470251083374	-0.10034194588661194	0.14642412960529327	-0.04220272973179817	0.21606096625328064	0.20493455231189728	0.363860547542572	0.17814451456069946	-0.18576981127262115	-0.23284998536109924	0.24359537661075592	0.057559605687856674	0.023797521367669106	0.03879430890083313	0.012346531264483929	-0.02738729491829872	0.13309817016124725	0.1779157668352127	0.16334779560565948	0.07876833528280258	0.03676486760377884	-0.1596524864435196	-0.07833707332611084	-0.1458822637796402	0.1404396891593933	0.19472166895866394	0.21117323637008667	0.09164224565029144	-0.30678561329841614	0.06032800301909447	-0.10641533881425858	0.2629534602165222	0.028944360092282295	0.05091476812958717	-0.17995589971542358	-0.29031842947006226	-0.2260974496603012	-0.423642635345459	-0.08625799417495728	0.021934248507022858	-0.2640245854854584	-0.32684755325317383	0.19704337418079376	-0.09287357330322266	-0.1119525283575058	0.10617715120315552	0.15641427040100098	-0.06883631646633148	0.0017752244602888823	0.024316634982824326	-0.011611320078372955	0.005068427417427301	-0.20340874791145325	0.1581108421087265	-0.18998976051807404	-0.25765156745910645	0.14873448014259338	-0.08129309862852097	0.08089548349380493	-0.009288125671446323	0.07734761387109756	-0.25509294867515564	0.04392024874687195	0.12806633114814758	0.304691880941391	0.10017731040716171	0.3421373963356018	0.275179386138916	0.2999987304210663	0.06972776353359222	0.24181070923805237	0.026030151173472404	-0.22974519431591034	0.06631375849246979
LH_Vis_6	0.38315367698669434	0.4965610206127167	0.8310456275939941	-0.16993330419063568	0.2882023751735687	1.0	0.4848124086856842	-0.25783923268318176	0.7216191291809082	0.33540788292884827	0.4730847477912903	0.41193780303001404	0.284947007894516	0.385294109582901	0.11202345043420792	0.4023739695549011	0.14458096027374268	0.3323224186897278	0.36140933632850647	0.48362991213798523	0.19614794850349426	0.5726736187934875	0.4329283535480499	0.48618531227111816	0.5067575573921204	0.6180508732795715	0.5253168940544128	0.4264506697654724	0.5943578481674194	0.5539497137069702	0.02045876532793045	-0.2533544898033142	0.17227737605571747	0.2061873972415924	0.6133603453636169	0.6008618474006653	0.5346385836601257	-0.2243146300315857	0.22774672508239746	0.21598809957504272	0.44625818729400635	0.44556862115859985	-0.09061998873949051	0.0986306294798851	-0.3066519796848297	0.2532700300216675	0.19840671122074127	0.4589216113090515	0.5724000930786133	0.498294860124588	0.3046038746833801	0.4796552062034607	-0.07686400413513184	-0.047827236354351044	0.7342857718467712	0.8184040784835815	-0.015596333891153336	-0.10458438098430634	0.19202366471290588	-0.07309927046298981	0.28336989879608154	-0.03232736513018608	0.1812099665403366	-0.29571297764778137	0.10448168963193893	-0.04490136355161667	0.5005912780761719	-0.22952526807785034	0.229609414935112	0.36204585433006287	0.25683218240737915	0.14498455822467804	-0.10472407191991806	0.4643121361732483	0.18543440103530884	0.27118924260139465	0.5161953568458557	0.2246117889881134	-0.0630786120891571	-0.11064325273036957	0.2824084162712097	0.08385321497917175	0.06384806334972382	0.23503956198692322	0.3509562909603119	0.1455887109041214	0.35046184062957764	0.5295481085777283	0.47923800349235535	0.4745498597621918	-0.37853097915649414	-0.4359542727470398	-0.1834757924079895	0.28225865960121155	0.2934236228466034	0.20120684802532196	-0.024285171180963516	0.00044758038711734116	0.4956209361553192	0.46542859077453613	0.3676518201828003	0.40353432297706604	-0.17089040577411652	-0.05148141458630562	0.22879411280155182	-0.39655911922454834	0.3561737835407257	0.20414015650749207	-0.10685193538665771	-0.09755487740039825	-0.06956037133932114	0.1347392052412033	0.07167356461286545	0.42500412464141846	0.0788470134139061	0.20405139029026031	-0.20532691478729248	-0.1384054571390152	-0.06784826517105103	-0.6010990738868713	-0.11959470063447952	-0.05752383917570114	-0.4174256920814514	-0.18332315981388092	-0.11091460287570953	0.1055668443441391	0.16553756594657898	-0.10459374636411667	0.41875094175338745	0.22379101812839508	0.666924238204956	0.535742461681366	0.5184808969497681	0.38433340191841125	0.22050176560878754	-0.03853999450802803	-0.08758234977722168	0.09257769584655762	0.34036654233932495	0.22503861784934998	0.5821856260299683	-0.2627599239349365	0.051164623349905014	0.0582222156226635	-0.20215675234794617	-0.07729865610599518	0.34267333149909973	0.3183218836784363	0.03132219240069389	0.3631705343723297	0.1460959017276764	0.2425956428050995	0.017211126163601875	-0.3390035331249237	-0.27383342385292053	-0.5074148178100586
LH_Vis_7	0.0537785179913044	0.5946130752563477	0.5328009128570557	-0.13198474049568176	0.15792334079742432	0.4848124086856842	1.0	0.13164229691028595	0.3394981920719147	0.2566407024860382	0.35435596108436584	0.2639209032058716	0.13993553817272186	0.1930139809846878	-0.0013306868495419621	0.573253870010376	0.12145467847585678	0.6301895976066589	0.454635888338089	0.24128641188144684	0.24575534462928772	0.4792003929615021	0.3346961438655853	0.35999077558517456	0.21951591968536377	0.38065409660339355	0.1002442017197609	0.09746868908405304	0.3846064805984497	0.16191422939300537	-0.4941737949848175	-0.42552629113197327	0.14133840799331665	0.4788387417793274	0.3265792429447174	0.4644920825958252	0.26357582211494446	-0.23273129761219025	0.0762091651558876	0.25587597489356995	0.25819090008735657	-0.061491869390010834	-0.4671992063522339	-0.3895595073699951	-0.31666868925094604	-0.20164279639720917	0.19732637703418732	0.21260274946689606	0.05491727963089943	0.20036597549915314	0.06830992549657822	0.4885857403278351	0.2320716381072998	0.08812573552131653	0.5879387855529785	0.4770929217338562	0.23623768985271454	0.06459543108940125	0.05602763593196869	0.02068963460624218	0.10644779354333878	-0.032639916986227036	0.26310405135154724	0.10610215365886688	0.27678683400154114	0.03737726807594299	0.5089563131332397	0.15254464745521545	0.5429680943489075	0.678286612033844	0.3127058148384094	0.3234066367149353	0.14210523664951324	0.1429058462381363	0.26277825236320496	0.07199567556381226	0.29124709963798523	0.15946941077709198	-0.2678169310092926	-0.4374113082885742	0.4122565984725952	0.27717381715774536	-0.3136797249317169	0.28646495938301086	-0.1589280366897583	0.1217086985707283	0.3113829791545868	0.2819496989250183	0.43677014112472534	0.18868215382099152	-0.6125683188438416	-0.6187395453453064	-0.41425660252571106	0.03826736658811569	0.16120798885822296	-0.30700787901878357	-0.19136014580726624	-0.17219796776771545	0.0854995995759964	0.1354316771030426	0.09193243831396103	0.4049379527568817	-0.20413446426391602	0.21026693284511566	0.0793459415435791	-0.47715625166893005	0.47877082228660583	-0.04959603771567345	0.08126950263977051	-0.276342511177063	-0.2765982449054718	0.19685861468315125	0.10429573804140091	0.29348093271255493	-0.06664428114891052	0.27310124039649963	-0.23825399577617645	0.17152723670005798	0.3338134288787842	-0.5753719210624695	-0.2555451989173889	0.04327482730150223	-0.5017086863517761	-0.008775446563959122	0.01158796064555645	-0.23328572511672974	0.2548621594905853	-0.2559540569782257	0.22991099953651428	0.26302072405815125	0.44516217708587646	0.5147645473480225	0.13689860701560974	0.3030822277069092	-0.056394681334495544	-0.3821023404598236	0.30651307106018066	0.14539878070354462	0.3523235619068146	0.16705608367919922	0.3647337555885315	-0.10557278990745544	-0.008759621530771255	0.08171319216489792	-0.3355906307697296	0.18395869433879852	0.34416747093200684	0.1832800954580307	0.0015644439263269305	0.2577612102031708	0.40879037976264954	0.40259984135627747	-0.13445088267326355	-0.48424410820007324	-0.32225486636161804	-0.34601590037345886
LH_Vis_8	-0.5579841136932373	-0.3556821644306183	-0.3199786841869354	0.2528436481952667	-0.1638500690460205	-0.25783923268318176	0.13164229691028595	1.0	0.21976646780967712	-0.6396819353103638	-0.6541463732719421	-0.6504344344139099	-0.5562586188316345	-0.24750442802906036	-0.44821593165397644	-0.355959415435791	-0.4308728277683258	0.2012040764093399	-0.2829419672489166	-0.1323838084936142	-0.21326035261154175	-0.4636280834674835	-0.409250944852829	-0.4563782215118408	-0.6091756820678711	-0.5714758634567261	-0.4150349199771881	-0.5669392943382263	-0.26397404074668884	-0.5524744391441345	0.007794434670358896	0.06877968460321426	0.019457483664155006	-0.15596988797187805	-0.23966164886951447	-0.18603551387786865	-0.42648252844810486	-0.17559479176998138	-0.582528293132782	-0.17644977569580078	-0.4814629554748535	-0.15393735468387604	-0.09545738995075226	-0.22043688595294952	0.2274647057056427	-0.35891658067703247	-0.3115336000919342	-0.13061685860157013	-0.5003334283828735	-0.632034182548523	-0.016151443123817444	-0.19257433712482452	0.038285866379737854	-0.09340716153383255	-0.16130584478378296	-0.3085878789424896	0.5433031916618347	0.8114083409309387	-0.32386958599090576	-0.27899473905563354	-0.47025132179260254	-0.11235459893941879	-0.19917014241218567	0.03772590681910515	-0.30370333790779114	-0.3390835225582123	-0.02906106598675251	-0.00388307380490005	-0.08679163455963135	0.044461172074079514	-0.12960880994796753	0.0531957671046257	-0.0035424416419118643	-0.1254432052373886	-0.22441233694553375	-0.2615416944026947	-0.27360841631889343	-0.39612168073654175	0.11698019504547119	-0.43663695454597473	0.003417747328057885	-0.3400696814060211	0.01990276575088501	-0.21092413365840912	-0.2438487410545349	-0.23940105736255646	-0.32340773940086365	-0.33384302258491516	-0.3066231310367584	-0.38627076148986816	0.017974181100726128	0.0394156239926815	-0.25907450914382935	-0.3432384431362152	-0.2457771748304367	-0.3655284643173218	-0.31214675307273865	-0.12314581871032715	-0.22510525584220886	-0.5477336049079895	-0.2132779061794281	-0.0674896091222763	-0.17281252145767212	0.023047735914587975	0.01529283169656992	0.1334283947944641	-0.19569028913974762	-0.234347864985466	-0.022276977077126503	0.12948720157146454	0.19379471242427826	-0.05851757526397705	-0.059108227491378784	-0.13306757807731628	0.0183380376547575	-0.21273575723171234	0.21133100986480713	0.492836594581604	0.36758673191070557	0.3779107332229614	0.13416153192520142	0.05930432304739952	0.3184477388858795	0.055731151252985	0.06047875061631203	-0.12111487239599228	-0.10932788252830505	0.41995012760162354	-0.4080744683742523	-0.12107234448194504	-0.29813557863235474	-0.34565603733062744	-0.41449281573295593	-0.24094311892986298	-0.3351021707057953	-0.22310663759708405	0.2183970957994461	0.34168577194213867	-0.3803870379924774	0.01800759881734848	-0.306097149848938	-0.02268303371965885	-0.5175238847732544	-0.18758897483348846	-0.21990053355693817	-0.19977936148643494	-0.46547627449035645	-0.37464022636413574	0.013044945895671844	-0.6684295535087585	-0.11926925927400589	-0.36938968300819397	0.1006343886256218	0.46531936526298523	0.5072137117385864	0.3648631274700165
LH_Vis_9	0.2554915249347687	0.167194664478302	0.6278966069221497	-0.16644413769245148	0.2773514986038208	0.7216191291809082	0.3394981920719147	0.21976646780967712	1.0	0.09670793265104294	0.17163927853107452	0.10423353314399719	0.10342629998922348	0.14670301973819733	0.03373081237077713	0.037529509514570236	-0.0442810133099556	0.34406331181526184	0.08432771265506744	0.5793728232383728	0.07603199779987335	0.2391946017742157	0.08684462308883667	0.2937072515487671	0.20700703561306	0.23505555093288422	0.23299181461334229	0.13028687238693237	0.4942883253097534	0.265730082988739	-0.03356805816292763	-0.11169437319040298	0.029711389914155006	-0.004332743119448423	0.24249285459518433	0.5592883229255676	0.4079097807407379	-0.10861051827669144	-0.009291516616940498	0.023887159302830696	0.18566907942295074	0.20761343836784363	-0.12977562844753265	0.08122926950454712	-0.17226329445838928	0.03269283100962639	-0.08018805086612701	0.2038118839263916	0.39363861083984375	0.21524745225906372	0.2575286626815796	0.2609032690525055	-0.17457939684391022	-0.1622648686170578	0.5698035359382629	0.6942068338394165	0.3127787411212921	0.4174794554710388	0.2102922946214676	-0.1854904145002365	0.012041477486491203	0.04311756417155266	0.13230544328689575	-0.3737989366054535	-0.22265088558197021	-0.1701691895723343	0.351439505815506	-0.42172056436538696	-0.026175204664468765	0.24616079032421112	0.23894169926643372	0.01666625216603279	-0.14305099844932556	0.2948024272918701	0.17550432682037354	0.07664016634225845	0.5101000070571899	0.12047495692968369	-0.05001732334494591	-0.27487289905548096	0.11512275040149689	-0.21810318529605865	0.021634317934513092	-0.07978065311908722	0.24658417701721191	-0.10643108934164047	0.11531702429056168	0.25053009390830994	0.28491804003715515	0.2428305447101593	-0.3092525005340576	-0.3875768482685089	-0.2279244065284729	-0.0902794823050499	0.12769846618175507	0.02019086852669716	-0.1655457764863968	-0.08828182518482208	0.3992200791835785	0.22907692193984985	0.15391814708709717	0.14398916065692902	-0.30269065499305725	0.046117428690195084	0.03755601495504379	-0.16519226133823395	0.2551710903644562	0.04328255355358124	-0.066643625497818	0.08032412081956863	0.27300506830215454	0.010836150497198105	-0.0610782764852047	0.18313530087471008	-0.0723966509103775	-0.09289590269327164	-0.10556838661432266	0.13268567621707916	0.10349736362695694	-0.29854121804237366	-0.08118370175361633	-0.1250731199979782	-0.29816722869873047	-0.1461113691329956	0.15953697264194489	0.07020508497953415	-0.13051635026931763	0.15607087314128876	0.33867257833480835	0.25007131695747375	0.40683603286743164	0.27749818563461304	0.367802232503891	0.23725561797618866	0.16453072428703308	0.018844731152057648	0.10052613168954849	0.1396903097629547	0.19233810901641846	0.2914619743824005	0.4056192636489868	-0.27782532572746277	0.013704168610274792	-0.17295077443122864	-0.08111222833395004	-0.03477606177330017	0.16041390597820282	0.13502901792526245	0.20832596719264984	0.03137145936489105	0.06232518330216408	0.017498761415481567	0.09132813662290573	-0.07805509120225906	-0.09733923524618149	-0.3055513799190521
LH_SomMot_1	0.5450588464736938	0.45620399713516235	0.47705456614494324	-0.3689921498298645	0.1661207675933838	0.33540788292884827	0.2566407024860382	-0.6396819353103638	0.09670793265104294	1.0	0.7840394973754883	0.7733765840530396	0.7440581917762756	0.08571293205022812	0.623913049697876	0.5610889196395874	0.3498227596282959	0.11867159605026245	0.24274547398090363	0.2451539933681488	0.2616848647594452	0.502709150314331	0.37769877910614014	0.6261889338493347	0.48342692852020264	0.48344480991363525	0.212083101272583	0.38361939787864685	0.4755989611148834	0.48792600631713867	-0.423137366771698	-0.2993879020214081	-0.02220958285033703	0.2601211667060852	0.14373508095741272	0.41954532265663147	0.5030785799026489	0.3635435998439789	0.7164263725280762	0.507979154586792	0.48791876435279846	-0.19308805465698242	-0.3062816262245178	0.017555205151438713	-0.3271923363208771	0.041656747460365295	0.3435327112674713	0.04267294332385063	0.4403570294380188	0.5682995319366455	-0.03077789954841137	0.3730684518814087	0.010099439881742	-0.03352243825793266	0.3371877074241638	0.46578556299209595	-0.30110564827919006	-0.4971616864204407	0.6313837170600891	0.14323991537094116	0.5198432207107544	0.3125087320804596	0.5106052160263062	-0.09623698890209198	0.21537624299526215	0.40626072883605957	0.21711105108261108	-0.1998847872018814	0.12996944785118103	0.24756452441215515	0.2252660095691681	0.06241000443696976	-0.07843463867902756	0.2067454308271408	0.27594995498657227	0.17421333491802216	0.4768446385860443	0.3900999426841736	-0.31609779596328735	-0.036441024392843246	-0.04056977480649948	0.3114376366138458	-0.34506115317344666	0.25971540808677673	-0.0034966645762324333	0.19667552411556244	0.24324588477611542	0.2596748471260071	0.27293920516967773	0.3485587239265442	-0.3272068500518799	-0.4468173384666443	0.0686081051826477	0.1274813860654831	0.20821012556552887	0.07886631041765213	0.07867706567049026	-0.053271520882844925	0.1746024638414383	0.44010066986083984	0.12206423282623291	0.001565455342642963	-0.01008851733058691	0.04213101416826248	0.004347765352576971	-0.16016116738319397	0.4066883623600006	0.0016234222566708922	0.16642118990421295	-0.20798180997371674	-0.02959468401968479	0.14197735488414764	0.08941006660461426	0.22578954696655273	-0.17632144689559937	0.048668812960386276	-0.25030577182769775	-0.3529902398586273	-0.1579596996307373	-0.48647966980934143	-0.172831192612648	-0.0016724119195714593	-0.4499587118625641	-0.064849853515625	0.15704502165317535	-0.00789476465433836	0.09509254992008209	-0.4889146685600281	0.4530690908432007	0.21786993741989136	0.39785343408584595	0.45081189274787903	0.4422766864299774	0.4716789722442627	0.37044599652290344	-0.023414283990859985	-0.01041689794510603	-0.32835152745246887	0.35806623101234436	0.06678859144449234	0.3560590445995331	-0.0686345249414444	0.45451050996780396	0.13556110858917236	-0.16213944554328918	0.1569206863641739	0.4473016560077667	0.20969711244106293	-0.0914299339056015	0.6783899664878845	0.15899628400802612	0.31239789724349976	-0.25804486870765686	-0.6972009539604187	-0.8325956463813782	-0.524252712726593
LH_SomMot_2	0.533637523651123	0.5570460557937622	0.5872940421104431	-0.4704459011554718	0.3162584900856018	0.4730847477912903	0.35435596108436584	-0.6541463732719421	0.17163927853107452	0.7840394973754883	1.0	0.7614850401878357	0.6606178283691406	0.19346418976783752	0.695491373538971	0.48008227348327637	0.32829955220222473	0.32915571331977844	0.42310863733291626	0.5562649965286255	0.5790423154830933	0.5094508528709412	0.6118114590644836	0.749299168586731	0.6510334610939026	0.594882607460022	0.2068004012107849	0.4424816370010376	0.5953477025032043	0.4803733825683594	-0.4512241780757904	-0.47006914019584656	-0.07580935955047607	0.35430392622947693	0.16622143983840942	0.6343585848808289	0.5318230986595154	0.07053910940885544	0.42353591322898865	0.2684341371059418	0.5497956871986389	-0.08555050939321518	-0.41473448276519775	-0.024341976270079613	-0.48148471117019653	-0.055180780589580536	0.1907949000597	0.2071496546268463	0.551217794418335	0.6630672216415405	-0.08416253328323364	0.4116152226924896	0.05521106347441673	-0.0656403973698616	0.5225493907928467	0.5791992545127869	-0.189469575881958	-0.559185266494751	0.6078673601150513	0.3708552420139313	0.5108997225761414	0.2504449188709259	0.4403811991214752	-0.1028061956167221	0.3125077784061432	0.592006504535675	0.420169860124588	-0.07507913559675217	0.32562148571014404	0.38390934467315674	0.549906849861145	0.04150427132844925	0.22075197100639343	0.1999627947807312	0.5346479415893555	0.2817635238170624	0.611312985420227	0.5396101474761963	-0.397119402885437	-0.07197120040655136	0.12587696313858032	0.3611890375614166	-0.4182880222797394	0.23369450867176056	-0.02824111096560955	0.18607376515865326	0.4222202003002167	0.41498276591300964	0.5531054139137268	0.4308614730834961	-0.44331488013267517	-0.454369455575943	0.06994324177503586	0.2244289219379425	0.2664099335670471	0.10870121419429779	0.014523395337164402	0.01474912278354168	0.3641397953033447	0.5730190277099609	0.23177096247673035	0.10454755276441574	-0.05357557162642479	0.19144202768802643	0.03397050499916077	-0.34943002462387085	0.49555206298828125	0.1777864396572113	0.19320973753929138	-0.16527105867862701	-0.25075459480285645	0.24742062389850616	0.15069162845611572	0.2283513844013214	-0.0703982263803482	0.1113496869802475	-0.21366095542907715	-0.2532070577144623	-0.0608038492500782	-0.6763005256652832	-0.12617430090904236	0.13031838834285736	-0.4791390299797058	-0.06635700166225433	0.11099614948034286	0.042418040335178375	0.27843591570854187	-0.4451676607131958	0.5314437747001648	0.3526526391506195	0.5655641555786133	0.6162922382354736	0.5259976983070374	0.5596707463264465	0.446171373128891	0.029924806207418442	0.12409272789955139	-0.08588380366563797	0.5501647591590881	0.18868893384933472	0.4454284608364105	-0.03860724717378616	0.4269474148750305	0.19204892218112946	-0.10373770445585251	0.21226060390472412	0.6031928658485413	0.48261353373527527	-0.007266472093760967	0.6262362003326416	0.2747249901294708	0.48575446009635925	-0.2565634250640869	-0.7542102932929993	-0.7022561430931091	-0.6201663017272949
LH_SomMot_3	0.5338727235794067	0.4870721399784088	0.5043097734451294	-0.318779855966568	0.23046772181987762	0.41193780303001404	0.2639209032058716	-0.6504344344139099	0.10423353314399719	0.7733765840530396	0.7614850401878357	1.0	0.7136430740356445	0.3357868492603302	0.39507898688316345	0.5864571332931519	0.5717549324035645	0.21216866374015808	0.49052461981773376	0.31561774015426636	0.3456830382347107	0.6960196495056152	0.5774942636489868	0.6798267960548401	0.6482443809509277	0.5972768664360046	0.43434956669807434	0.6209758520126343	0.4038085341453552	0.5465786457061768	-0.29635125398635864	-0.2923871576786041	0.05439114570617676	0.3237104117870331	0.33258649706840515	0.33315449953079224	0.44694632291793823	0.2311035841703415	0.6147336959838867	0.3689177334308624	0.5538052916526794	0.003006171202287078	-0.1669374406337738	0.07828520238399506	-0.3084414005279541	0.23745736479759216	0.41939741373062134	0.291680246591568	0.46438029408454895	0.5583683848381042	0.03286684677004814	0.3745095431804657	0.20871169865131378	0.032869622111320496	0.4524778425693512	0.514666736125946	-0.24717479944229126	-0.5398024916648865	0.3799455761909485	0.287872314453125	0.5815410017967224	0.20929719507694244	0.4068671762943268	-0.020228149369359016	0.2895283102989197	0.27680838108062744	0.23175615072250366	0.02151782065629959	0.19417031109333038	0.2123652994632721	0.1756172478199005	0.10687782615423203	0.16060030460357666	0.22609560191631317	0.30313608050346375	0.2259652465581894	0.41902101039886475	0.642022430896759	-0.2942638397216797	0.07485120743513107	0.041370972990989685	0.1753925085067749	-0.28480497002601624	0.375029981136322	0.11268249899148941	0.24878406524658203	0.3589476943016052	0.4333953261375427	0.3605564534664154	0.2814345359802246	-0.3043316900730133	-0.38213497400283813	0.23535224795341492	0.23190084099769592	0.3289671838283539	0.12351104617118835	0.22284191846847534	-0.018931539729237556	0.23961956799030304	0.49535754323005676	0.23052391409873962	0.10945497453212738	-0.04319174215197563	-0.01482394989579916	-0.0004161681863479316	-0.24408525228500366	0.3436526954174042	0.1874663084745407	0.21091105043888092	-0.0916009172797203	-0.007833577692508698	0.16385851800441742	0.21859262883663177	0.4406651258468628	-0.06333546340465546	0.07362432032823563	-0.2725948393344879	-0.3643403947353363	-0.25047171115875244	-0.5752529501914978	-0.1399109661579132	0.21063977479934692	-0.45596978068351746	-0.13894587755203247	0.03946271166205406	0.06618201732635498	0.24703364074230194	-0.3153848946094513	0.40312835574150085	0.20555874705314636	0.5894882678985596	0.49794307351112366	0.3596775531768799	0.4193909168243408	0.39953967928886414	-0.13474833965301514	-0.014668290503323078	-0.16929323971271515	0.3610021471977234	0.08538144826889038	0.27609530091285706	-0.1623092144727707	0.3790668249130249	0.16342498362064362	-0.07532419264316559	0.26843076944351196	0.4056204855442047	0.32486361265182495	-0.193385511636734	0.5947043299674988	0.06458402425050735	0.28788208961486816	-0.31931182742118835	-0.6239686608314514	-0.5598185658454895	-0.4201069176197052
