Node	DMN_LABEL_1	Vis_LABEL_2	FP_LABEL_3	Aud_LABEL_4	Tpole_LABEL_5	PMN_LABEL_6	PON_LABEL_7	MTL_LABEL_8	PON_LABEL_9	CO_LABEL_10	Sal_LABEL_11	CO_LABEL_12	SMd_LABEL_13	SMl_LABEL_14	DAN_LABEL_15	DMN_LABEL_16	CO_LABEL_17	DMN_LABEL_18	VAN_LABEL_19	CO_LABEL_20	CO_LABEL_21	Sal_LABEL_22	DAN_LABEL_23	PMN_LABEL_24	DAN_LABEL_25	DMN_LABEL_26	DMN_LABEL_27	DMN_LABEL_28	Vis_LABEL_29	FP_LABEL_30	Aud_LABEL_31	Tpole_LABEL_32	PMN_LABEL_33	PON_LABEL_34	MTL_LABEL_35	CO_LABEL_36	Sal_LABEL_37	CO_LABEL_38	SMd_LABEL_39	SMl_LABEL_40	DAN_LABEL_41	CO_LABEL_42	VAN_LABEL_43	CO_LABEL_44	CO_LABEL_45	Sal_LABEL_46	DAN_LABEL_47	PMN_LABEL_48	DAN_LABEL_49	DMN_LABEL_50	FP_LABEL_51	DMN_LABEL_52	DMN_LABEL_53	PON_LABEL_54	DMN_LABEL_55	Tpole_LABEL_56	Tpole_LABEL_57	Sal_LABEL_58	Sal_LABEL_59	SMd_LABEL_60	DAN_LABEL_61	FP_LABEL_62	DMN_LABEL_63	FP_LABEL_64	FP_LABEL_65	SMd_LABEL_66	SMl_LABEL_67	SMd_LABEL_68	DMN_LABEL_69	DAN_LABEL_70	DMN_LABEL_71	FP_LABEL_72	SMd_LABEL_73	SMl_LABEL_74	MTL_LABEL_75	MTL_LABEL_76	CO_LABEL_77	CO_LABEL_78	Vis_LABEL_79	Vis_LABEL_80
DMN_LABEL_1	1.0	-0.2358221709728241	-0.47035130858421326	0.1519860029220581	0.018384071066975594	0.5968830585479736	0.2714349329471588	n/a	-0.026235923171043396	-0.038384195417165756	0.2094750851392746	-0.0568460151553154	0.08172149211168289	0.14699994027614594	-0.2919504940509796	0.678920328617096	-0.09329712390899658	0.3892754316329956	0.3429885506629944	-0.02970508486032486	-0.1343044638633728	-0.04292496293783188	-0.5461833477020264	0.17222848534584045	-0.17322245240211487	0.11137238144874573	0.3884221613407135	0.06284797191619873	-0.16976723074913025	-0.11875718086957932	0.12201975286006927	0.0032393604051321745	0.5769087076187134	0.03647003322839737	-0.2527446150779724	0.00911553855985403	0.18037539720535278	0.13699619472026825	0.09035242348909378	0.02621491253376007	-0.4315928518772125	-0.1357741355895996	0.26826488971710205	0.07012979686260223	-0.34840673208236694	0.002490808255970478	-0.40148457884788513	0.5875334143638611	-0.3067759871482849	0.6725583076477051	-0.09018354117870331	0.06601571291685104	0.2588484287261963	0.11565785109996796	0.339980810880661	0.278408020734787	0.16861848533153534	0.016478488221764565	0.30982211232185364	0.2065674066543579	0.21096865832805634	0.007999385707080364	-0.3230447471141815	-0.11326608806848526	-0.25576677918434143	0.17143744230270386	-0.019373327493667603	0.2773524224758148	0.47285860776901245	0.2325792759656906	-0.3051232695579529	-0.22870582342147827	0.13762980699539185	0.04599383845925331	0.3605027198791504	0.6284587383270264	-0.00470975786447525	-0.06383968144655228	0.30181267857551575	-0.23189698159694672
Vis_LABEL_2	-0.2358221709728241	1.0	-0.12021778523921967	-0.43182700872421265	-0.3706289827823639	-0.17107732594013214	0.16809339821338654	n/a	0.21249188482761383	-0.077385313808918	-0.09583082050085068	-0.16575884819030762	-0.4497320353984833	-0.18431708216667175	-0.09680328518152237	-0.44116446375846863	-0.3043075203895569	-0.04726105183362961	-0.021818429231643677	-0.07823587954044342	0.0536649264395237	0.10610158741474152	0.32539570331573486	0.37660545110702515	0.16831724345684052	-0.14450408518314362	-0.5171136260032654	-0.37531936168670654	0.9221604466438293	-0.16446605324745178	-0.5326858162879944	-0.2435918152332306	-0.2557792365550995	0.17870406806468964	0.02334650047123432	-0.021579142659902573	-0.15809524059295654	-0.2728125751018524	-0.4145521819591522	-0.251578688621521	0.22436995804309845	-0.32436901330947876	-0.14370426535606384	0.0669407844543457	-0.19172358512878418	0.17893435060977936	0.44150272011756897	-0.21309785544872284	0.41911691427230835	-0.41047394275665283	0.19306571781635284	0.030383596196770668	-0.29692038893699646	-0.01620487868785858	-0.4259103536605835	-0.09710869193077087	0.21886271238327026	-0.2988143563270569	0.017531314864754677	-0.08095353096723557	0.2981890141963959	0.08960843831300735	-0.1477893441915512	0.22466593980789185	0.045092854648828506	-0.02125636674463749	0.19568510353565216	0.11226553469896317	-0.08553437143564224	0.03922826796770096	-0.12873049080371857	0.13078369200229645	0.08885622769594193	-0.1738675981760025	-0.17632925510406494	-0.39192432165145874	-0.23402050137519836	-0.36891478300094604	0.22725839912891388	0.2671702206134796
FP_LABEL_3	-0.47035130858421326	-0.12021778523921967	1.0	-0.028551651164889336	-0.21354080736637115	-0.31004491448402405	-0.0065026176162064075	n/a	0.17586977779865265	0.024961329996585846	-0.10222555696964264	0.06391886621713638	0.42619702219963074	0.02913696877658367	0.39455556869506836	-0.05576425418257713	0.36938393115997314	-0.3627936542034149	-0.2962273359298706	0.1404227614402771	0.17967292666435242	-0.1557016670703888	0.4609316885471344	0.10066082328557968	0.261890172958374	-0.04557383805513382	0.1462261825799942	0.27731677889823914	-0.1429576575756073	0.4575475752353668	-0.013796366751194	-0.07866344600915909	-0.3586942255496979	0.23467117547988892	0.33299076557159424	-0.16003969311714172	-0.23594801127910614	-0.09084518998861313	0.2006056159734726	0.09012801945209503	0.5036951303482056	0.31122106313705444	-0.20279516279697418	-0.09721162170171738	0.11348575353622437	-0.06708671897649765	0.29348593950271606	-0.3432176113128662	0.15596753358840942	-0.25224459171295166	0.08010129630565643	-0.030519332736730576	-0.16025924682617188	0.020795730873942375	-0.14434604346752167	0.10437695682048798	0.09431082755327225	0.3344198167324066	-0.039544761180877686	0.04862787947058678	0.10720054060220718	0.1716092824935913	-0.005613074172288179	0.12951037287712097	-0.119285948574543	-0.0345580093562603	-0.13742662966251373	0.014928335323929787	-0.3482614755630493	0.05361175909638405	0.13243168592453003	0.33992519974708557	-0.01092145498842001	0.03553057089447975	-0.1997382491827011	-0.13110820949077606	0.2159268856048584	0.008823378942906857	-0.35382869839668274	0.2728382349014282
Aud_LABEL_4	0.1519860029220581	-0.43182700872421265	-0.028551651164889336	1.0	-0.04901795834302902	-0.08071836829185486	0.1080121099948883	n/a	0.07105442136526108	0.30684033036231995	0.31458237767219543	0.16295728087425232	0.19059929251670837	0.5674436092376709	0.037676721811294556	0.1388966590166092	0.42375776171684265	0.1119363084435463	0.3837149441242218	0.26121529936790466	0.42958879470825195	0.16624249517917633	-0.39880597591400146	-0.4017466604709625	-0.11629737168550491	0.10278981924057007	0.28794583678245544	0.14641141891479492	-0.39929139614105225	-0.07474064081907272	0.6708354949951172	0.07452817261219025	-0.10207900404930115	0.0032183185685425997	0.10036839544773102	0.23831336200237274	0.229482501745224	0.20641501247882843	0.19537779688835144	0.46229150891304016	-0.2015680968761444	0.2480631172657013	0.1290532797574997	0.2826760709285736	0.32081112265586853	-0.09634731709957123	-0.45804575085639954	-0.015601369552314281	-0.17821943759918213	0.24301178753376007	0.031719870865345	0.03995532914996147	-0.14943529665470123	0.17738239467144012	0.18305464088916779	-0.02896762453019619	-0.008687886409461498	0.19058409333229065	0.05086144804954529	0.35869866609573364	-0.02686457894742489	0.0641518235206604	-0.25817951560020447	0.10983917862176895	0.0012115645222365856	0.008668209426105022	0.26824045181274414	0.15768475830554962	0.1416020393371582	0.22144250571727753	-0.34402456879615784	0.1875196397304535	0.3440282344818115	0.1696062982082367	0.2129986584186554	0.28133106231689453	0.12050890177488327	-0.3032679557800293	-0.060966856777668	0.042721446603536606
Tpole_LABEL_5	0.018384071066975594	-0.3706289827823639	-0.21354080736637115	-0.04901795834302902	1.0	0.07851170003414154	-0.3340078890323639	n/a	-0.3194160759449005	-0.18769103288650513	-0.1421467363834381	-0.1443134844303131	-0.0897870659828186	-0.0971166342496872	-0.1591860055923462	0.043964091688394547	-0.2323080450296402	0.6135452389717102	0.2417505830526352	-0.4661451578140259	-0.013630839064717293	0.11595848202705383	-0.23772795498371124	-0.39393168687820435	-0.17940488457679749	0.07181084156036377	0.13603363931179047	0.34116560220718384	-0.38576340675354004	0.08585002273321152	-0.06567396968603134	0.12811747193336487	0.24174271523952484	-0.2509201765060425	0.10329145193099976	-0.3083092272281647	0.11280882358551025	0.06079823523759842	-0.20384334027767181	-0.13739782571792603	-0.38960355520248413	-0.19215139746665955	0.19916348159313202	-0.3908161520957947	0.05212392285466194	0.04489195719361305	-0.27084484696388245	0.1622294783592224	-0.4127182960510254	-0.012891306541860104	0.35538822412490845	-0.07889308035373688	-0.010256306268274784	-0.039370346814394	0.406332790851593	-0.04525446146726608	-0.1107238158583641	-0.22757945954799652	-0.07686150074005127	-0.15324722230434418	-0.18451844155788422	-0.3268943428993225	0.11492238938808441	-0.042024627327919006	0.22505614161491394	-0.18601897358894348	-0.2929023504257202	-0.025375092402100563	-0.055126309394836426	-0.36808064579963684	-0.048734553158283234	-0.10647520422935486	-0.27667534351348877	-0.2071206271648407	0.32671186327934265	0.13891105353832245	0.17171239852905273	0.20146030187606812	-0.07737820595502853	-0.13237270712852478
PMN_LABEL_6	0.5968830585479736	-0.17107732594013214	-0.31004491448402405	-0.08071836829185486	0.07851170003414154	1.0	-0.08982881158590317	n/a	-0.08198095858097076	-0.03765573352575302	-0.18588772416114807	-0.06251242011785507	0.04558471962809563	-0.2154906839132309	-0.17036183178424835	0.4583582878112793	-0.1431320458650589	0.0994102731347084	0.13825686275959015	-0.03881338983774185	-0.29943960905075073	-0.12756729125976562	-0.23820173740386963	0.5202495455741882	-0.011324599385261536	-0.13722343742847443	0.1723317801952362	0.10192041099071503	-0.0595022514462471	0.048802316188812256	-0.0018683495000004768	0.15281860530376434	0.7521942257881165	-0.08407360315322876	-0.164422869682312	-0.13166473805904388	0.14509408175945282	-0.014787597581744194	0.12081512808799744	-0.22634543478488922	-0.2744084596633911	-0.10892649739980698	0.22882109880447388	-0.09793607890605927	-0.2656214237213135	0.1605488508939743	-0.20004600286483765	0.7341976165771484	-0.23360180854797363	0.43963509798049927	-0.1521012932062149	-0.260018527507782	0.20130570232868195	-0.05411633849143982	0.26235586404800415	0.30342045426368713	0.01578732393682003	-0.0774344727396965	-0.040102336555719376	0.17788945138454437	0.12072896212339401	-0.013141591101884842	-0.22181811928749084	0.13980944454669952	-0.23939388990402222	0.21298278868198395	-0.10505861788988113	0.19082090258598328	0.32125014066696167	0.17502804100513458	-0.03734159469604492	-0.15266768634319305	-0.20541387796401978	-0.05679970234632492	0.08540201932191849	0.2992919683456421	-0.2872467339038849	0.04816880449652672	0.18556401133537292	-0.2569231688976288
PON_LABEL_7	0.2714349329471588	0.16809339821338654	-0.0065026176162064075	0.1080121099948883	-0.3340078890323639	-0.08982881158590317	1.0	n/a	0.4104909598827362	-0.08774050325155258	0.3931542932987213	-0.0295134037733078	0.04754384234547615	0.40715327858924866	-0.05177203565835953	0.22553853690624237	0.11382979899644852	-0.009919331409037113	-0.027947671711444855	0.20561876893043518	0.29066240787506104	0.1904849112033844	0.07283969223499298	0.2812294065952301	-0.1587299257516861	-0.25604623556137085	0.15357178449630737	-0.13184110820293427	0.22649675607681274	-0.19121378660202026	-0.012138438411056995	-0.021861830726265907	-0.06228063628077507	0.7925370335578918	0.12473367899656296	0.06416534632444382	0.16766786575317383	-0.10302674770355225	-0.02597019635140896	0.2402401864528656	0.06522493064403534	-0.033530980348587036	0.2526938319206238	0.497394859790802	-0.06479398906230927	0.10412893444299698	0.21198426187038422	-0.08998740464448929	0.04209621250629425	0.20153416693210602	0.01267454493790865	-0.12797234952449799	-0.19818653166294098	0.40087416768074036	-0.040320321917533875	0.09944241493940353	0.34800058603286743	0.24528734385967255	0.23425042629241943	0.22100822627544403	0.2625342905521393	0.10030261427164078	-0.20016194880008698	0.025361917912960052	-0.3560396730899811	0.1024387925863266	0.06986868381500244	0.20518478751182556	0.17926213145256042	0.2893889248371124	-0.28927627205848694	-0.002621471881866455	0.3214651048183441	0.0468796081840992	-0.0802963599562645	0.21737568080425262	-0.24484804272651672	-0.18387119472026825	0.25296828150749207	0.11141535639762878
MTL_LABEL_8	n/a	n/a	n/a	n/a	n/a	n/a	n/a	1.0	n/a	n/a	n/a	n/a	n/a	n/a	n/a	n/a	n/a	n/a	n/a	n/a	n/a	n/a	n/a	n/a	n/a	n/a	n/a	n/a	n/a	n/a	n/a	n/a	n/a	n/a	n/a	n/a	n/a	n/a	n/a	n/a	n/a	n/a	n/a	n/a	n/a	n/a	n/a	n/a	n/a	n/a	n/a	n/a	n/a	n/a	n/a	n/a	n/a	n/a	n/a	n/a	n/a	n/a	n/a	n/a	n/a	n/a	n/a	n/a	n/a	n/a	n/a	n/a	n/a	n/a	n/a	n/a	n/a	n/a	n/a	n/a
PON_LABEL_9	-0.026235923171043396	0.21249188482761383	0.17586977779865265	0.07105442136526108	-0.3194160759449005	-0.08198095858097076	0.4104909598827362	n/a	1.0	0.00838354229927063	0.02396561950445175	0.013098631985485554	0.2821867763996124	0.12051883339881897	0.2624305188655853	0.09204471856355667	0.07521188259124756	-0.1276252418756485	-0.03579472005367279	0.11193510890007019	0.13406464457511902	-0.07377341389656067	0.3018260598182678	0.11505813896656036	0.503189742565155	-0.3757496178150177	0.16117312014102936	0.09140675514936447	0.1811343878507614	0.005678173620253801	-0.15446797013282776	0.11111748963594437	-0.19999684393405914	0.4181567132472992	0.3508511185646057	-0.08200538158416748	0.07109935581684113	-0.28369140625	0.14078600704669952	0.024529801681637764	0.28102198243141174	0.05595450848340988	0.03482337296009064	0.1832314282655716	-0.028383687138557434	0.19230853021144867	0.2991984784603119	-0.24900740385055542	0.3580358624458313	0.2418396770954132	-0.04548725485801697	-0.3305598497390747	-0.2156156450510025	0.4394230246543884	0.044923681765794754	0.30195674300193787	0.24045081436634064	0.3732943832874298	0.09671942889690399	0.4075029492378235	0.5583958029747009	0.42257365584373474	-0.44512560963630676	0.27941185235977173	-0.10730452835559845	0.45526227355003357	0.033666156232357025	0.5441533327102661	0.19186000525951385	0.33735784888267517	-0.3980942666530609	0.5134617686271667	0.46999379992485046	0.159589946269989	0.10652150213718414	0.24198701977729797	-0.3866118788719177	-0.39577022194862366	0.24216945469379425	0.02959463745355606
CO_LABEL_10	-0.038384195417165756	-0.077385313808918	0.024961329996585846	0.30684033036231995	-0.18769103288650513	-0.03765573352575302	-0.08774050325155258	n/a	0.00838354229927063	1.0	0.29622408747673035	0.44570618867874146	0.1158008947968483	0.3689008951187134	0.14775387942790985	0.001814568298868835	0.4380761682987213	-0.29083600640296936	-0.023438341915607452	0.5035260915756226	0.4719485342502594	0.24312883615493774	-0.0696917250752449	-0.14245735108852386	-0.17594203352928162	-0.11159754544496536	0.09068039804697037	-0.2462761253118515	-0.13859333097934723	-0.23903483152389526	0.23298923671245575	-0.12683327496051788	-0.2179594188928604	-0.19111588597297668	-0.18123367428779602	0.6948097944259644	0.37069666385650635	0.4069499969482422	0.07627693563699722	0.45606234669685364	0.006175861228257418	0.5362673401832581	-0.21619099378585815	0.34958189725875854	0.6009409427642822	0.1168314665555954	-0.17207282781600952	-0.23987527191638947	0.06688771396875381	0.080364890396595	-0.04507751017808914	-0.047524552792310715	-0.09778892993927002	-0.1567486673593521	-0.02240166999399662	0.21106193959712982	0.17515021562576294	0.21358411014080048	-0.03255368024110794	0.17305022478103638	0.1349216103553772	0.1640726625919342	-0.17850875854492188	0.1655130237340927	-0.020370660349726677	0.028018023818731308	0.2819485366344452	0.05136459320783615	0.2528243064880371	0.265267938375473	-0.14015936851501465	0.27864399552345276	0.23179806768894196	0.19258399307727814	-0.13373832404613495	-0.05454136058688164	0.12545326352119446	-0.02400165982544422	-0.03546939417719841	0.028510402888059616
Sal_LABEL_11	0.2094750851392746	-0.09583082050085068	-0.10222555696964264	0.31458237767219543	-0.1421467363834381	-0.18588772416114807	0.3931542932987213	n/a	0.02396561950445175	0.29622408747673035	1.0	-0.20603923499584198	-0.10482079535722733	0.32641369104385376	-0.33389517664909363	0.32203322649002075	0.06370136886835098	0.13178472220897675	0.25935098528862	0.2642515003681183	0.26828646659851074	0.48700276017189026	-0.379498690366745	-0.16464288532733917	-0.425312876701355	0.2588362991809845	0.4111868739128113	-0.10312812775373459	-0.20377318561077118	-0.31800371408462524	0.2415938824415207	-0.3531148433685303	-0.19124673306941986	0.04446497559547424	0.0679570809006691	0.20311781764030457	0.3678680658340454	0.31668660044670105	-0.03679569810628891	0.29696977138519287	-0.34585294127464294	0.03307844698429108	0.10960261523723602	0.250942587852478	0.17361260950565338	0.2420566976070404	-0.3438057601451874	-0.21361427009105682	-0.15529485046863556	0.2515978217124939	0.16352738440036774	0.3200646638870239	-0.247052401304245	0.20239600539207458	0.17107129096984863	-0.07098586112260818	0.3164958953857422	0.2995258867740631	0.5765562057495117	0.2331756204366684	0.003089590696617961	0.1936342418193817	-0.22949281334877014	0.04848372936248779	-0.06171264871954918	-0.27364107966423035	0.03642052412033081	0.0660436749458313	0.08898703753948212	0.05413632094860077	-0.35442444682121277	-0.2011774182319641	0.3365015983581543	-0.12479767948389053	0.07742617279291153	0.14524012804031372	0.12475120276212692	-0.0031080918852239847	-0.020934028550982475	0.21796761453151703
CO_LABEL_12	-0.0568460151553154	-0.16575884819030762	0.06391886621713638	0.16295728087425232	-0.1443134844303131	-0.06251242011785507	-0.0295134037733078	n/a	0.013098631985485554	0.44570618867874146	-0.20603923499584198	1.0	0.2362346053123474	0.15056362748146057	0.28652551770210266	-0.10261145234107971	0.35944199562072754	-0.46299758553504944	-0.26279205083847046	0.5001357793807983	0.19533175230026245	-0.14525870978832245	0.26509758830070496	0.0022960533387959003	-0.03239141404628754	-0.35389310121536255	-0.14663803577423096	-0.3102527856826782	-0.1389160454273224	-0.21110713481903076	0.28345000743865967	0.22998127341270447	-0.10191605240106583	0.025784220546483994	-0.30720096826553345	0.5627837181091309	0.21823590993881226	0.3634388744831085	0.22532451152801514	0.18816997110843658	0.3092271089553833	0.6004952192306519	-0.4197537302970886	0.3188031315803528	0.4503297805786133	-0.14433211088180542	0.27177751064300537	-0.12874720990657806	0.12428595870733261	-0.1135464683175087	-0.3767499625682831	-0.2611577808856964	0.2513597905635834	-0.24319352209568024	-0.35102134943008423	0.011303556151688099	-0.11307276040315628	0.21052417159080505	-0.3145848512649536	-0.012304960750043392	0.019033176824450493	-0.013030844740569592	0.2517183721065521	-0.1267595887184143	0.07269012928009033	0.3418230712413788	0.13934451341629028	-0.11855224519968033	0.10778701305389404	0.14477455615997314	0.3710150122642517	0.10732647031545639	-0.12800098955631256	0.26610493659973145	-0.3016558885574341	-0.15087001025676727	0.0666315034031868	0.3146396279335022	0.08722331374883652	-0.24947811663150787
SMd_LABEL_13	0.08172149211168289	-0.4497320353984833	0.42619702219963074	0.19059929251670837	-0.0897870659828186	0.04558471962809563	0.04754384234547615	n/a	0.2821867763996124	0.1158008947968483	-0.10482079535722733	0.2362346053123474	1.0	0.12589150667190552	0.657982349395752	0.14601381123065948	0.5710026621818542	-0.2615179419517517	-0.2770594656467438	0.22125943005084991	0.029084952548146248	-0.2931751310825348	0.22904662787914276	-0.036523956805467606	0.2886754870414734	0.10744612663984299	0.3187006115913391	0.10565203428268433	-0.38217005133628845	0.13730698823928833	0.13187848031520844	0.18968817591667175	-0.07873838394880295	0.1333390176296234	0.019922973588109016	0.03649521246552467	-0.22690482437610626	0.23282486200332642	0.7023913860321045	0.15856829285621643	0.4690980911254883	0.59028160572052	-0.07611602544784546	0.15832969546318054	0.11926095187664032	-0.2197529822587967	0.11878342181444168	-0.13790276646614075	0.11400271207094193	0.19925855100154877	-0.40031206607818604	0.06653206795454025	0.17447234690189362	0.06370235979557037	-0.005861991550773382	0.4634595513343811	-0.00016607764700893313	0.47048863768577576	0.03360200673341751	0.28644850850105286	0.19843608140945435	0.1738852709531784	-0.07376362383365631	-0.22920678555965424	-0.366642028093338	0.41865840554237366	-0.006670226342976093	0.23078103363513947	0.23219797015190125	0.3576189875602722	0.042319804430007935	0.2679753005504608	0.3024218678474426	0.46733883023262024	-0.05687663331627846	0.3742418587207794	0.30772635340690613	0.22417588531970978	-0.17591984570026398	0.13209959864616394
SMl_LABEL_14	0.14699994027614594	-0.18431708216667175	0.02913696877658367	0.5674436092376709	-0.0971166342496872	-0.2154906839132309	0.40715327858924866	n/a	0.12051883339881897	0.3689008951187134	0.32641369104385376	0.15056362748146057	0.12589150667190552	1.0	-0.04604668170213699	0.1046251580119133	0.44466549158096313	0.08175007253885269	0.14000584185123444	0.29562222957611084	0.5784605741500854	0.2568107843399048	-0.2439688742160797	-0.21658162772655487	-0.24672117829322815	0.0372585766017437	0.2557748258113861	0.021767498925328255	-0.24580048024654388	-0.05382198467850685	0.3078993260860443	0.03153136000037193	-0.23395608365535736	0.43758103251457214	0.062249813228845596	0.31162962317466736	0.12680624425411224	0.09400711953639984	-0.007173361722379923	0.9253553748130798	-0.11293468624353409	0.18892058730125427	0.04723115637898445	0.28495389223098755	0.23062764108181	-0.1964961439371109	-0.22663505375385284	-0.10837405920028687	-0.22380301356315613	0.14187434315681458	0.16625139117240906	0.10273704677820206	-0.24633349478244781	0.2891182005405426	0.1509406715631485	0.027692338451743126	0.2599678337574005	0.07158869504928589	-0.01573873497545719	0.19184616208076477	0.25637203454971313	0.03444702923297882	-0.28169700503349304	0.13810604810714722	-0.21564103662967682	0.056236136704683304	0.3274976909160614	0.09078273922204971	0.04529844969511032	0.218274787068367	-0.4226644039154053	0.25495558977127075	0.20606577396392822	0.389021098613739	0.06516455858945847	0.2741858959197998	0.0583462193608284	-0.3668399155139923	0.030602796003222466	-0.022922281175851822
DAN_LABEL_15	-0.2919504940509796	-0.09680328518152237	0.39455556869506836	0.037676721811294556	-0.1591860055923462	-0.17036183178424835	-0.05177203565835953	n/a	0.2624305188655853	0.14775387942790985	-0.33389517664909363	0.28652551770210266	0.657982349395752	-0.04604668170213699	1.0	-0.205717995762825	0.6312758326530457	-0.34673774242401123	-0.37350964546203613	0.22882185876369476	0.15863001346588135	-0.2924703359603882	0.642868161201477	0.004558801185339689	0.5718873739242554	-0.21941813826560974	0.008766485378146172	-0.08028682321310043	-0.039065275341272354	0.10605999082326889	0.062351420521736145	0.26261088252067566	-0.26338836550712585	0.043241582810878754	0.06919166445732117	0.0961969792842865	-0.33191198110580444	-0.016913315281271935	0.55662602186203	0.016804909333586693	0.8313734531402588	0.6046545505523682	-0.2489008903503418	0.2064342498779297	0.2783341407775879	-0.171494722366333	0.5255398154258728	-0.3469267189502716	0.5422290563583374	-0.1727391630411148	-0.3747708797454834	-0.1987011730670929	-0.03888443857431412	-0.11304181069135666	-0.152162104845047	0.2785031497478485	-0.009554615244269371	0.26801761984825134	-0.2901950478553772	0.2655484080314636	0.16092990338802338	0.22563716769218445	0.030797556042671204	-0.058190617710351944	-0.13787256181240082	0.5179224610328674	0.2604145109653473	0.285146564245224	-0.11360269039869308	0.21505379676818848	0.13327530026435852	0.3972656726837158	0.23442575335502625	0.38665735721588135	-0.2829538583755493	-0.14225652813911438	0.1354491412639618	0.07764814049005508	-0.035217735916376114	0.21309171617031097
DMN_LABEL_16	0.678920328617096	-0.44116446375846863	-0.05576425418257713	0.1388966590166092	0.043964091688394547	0.4583582878112793	0.22553853690624237	n/a	0.09204471856355667	0.001814568298868835	0.32203322649002075	-0.10261145234107971	0.14601381123065948	0.1046251580119133	-0.205717995762825	1.0	-0.14789697527885437	0.2035616636276245	0.16759274899959564	-0.11410009860992432	-0.24529993534088135	-0.17661181092262268	-0.29430508613586426	0.07267558574676514	-0.08006461709737778	0.06138148158788681	0.8072044849395752	0.4820479452610016	-0.41159147024154663	0.18765273690223694	0.18067938089370728	-0.08030165731906891	0.37196603417396545	0.06192925199866295	0.0295308455824852	-0.14654181897640228	0.2534968852996826	0.08532725274562836	0.0053460909985005856	0.05504123121500015	-0.3171873092651367	-0.13274522125720978	0.2368723303079605	-0.18209192156791687	-0.2595219612121582	0.011801622807979584	-0.27299538254737854	0.3575282692909241	-0.3326590955257416	0.8294180035591125	-0.10836834460496902	-0.07525932788848877	0.2168460637331009	0.29618018865585327	0.5675487518310547	0.14072172343730927	0.07799281924962997	0.3803620934486389	0.46910855174064636	0.23031820356845856	0.21133123338222504	0.17954042553901672	-0.2932869493961334	0.07789025455713272	-0.27646732330322266	0.009763667359948158	-0.303352952003479	0.25966504216194153	0.16218791902065277	0.21732959151268005	-0.2935168147087097	-0.20926538109779358	0.02870176173746586	-0.06853695213794708	0.26288631558418274	0.58823561668396	0.0255877785384655	0.0347306914627552	0.1477840691804886	-0.3010798990726471
CO_LABEL_17	-0.09329712390899658	-0.3043075203895569	0.36938393115997314	0.42375776171684265	-0.2323080450296402	-0.1431320458650589	0.11382979899644852	n/a	0.07521188259124756	0.4380761682987213	0.06370136886835098	0.35944199562072754	0.5710026621818542	0.44466549158096313	0.6312758326530457	-0.14789697527885437	1.0	-0.2861518859863281	-0.1151585802435875	0.6029545068740845	0.5649886727333069	0.05621742829680443	0.17620228230953217	-0.09682761877775192	0.1505981832742691	-0.07028521597385406	0.10128508508205414	-0.21073506772518158	-0.32150915265083313	-0.15589269995689392	0.3581086993217468	0.1321544498205185	-0.29221248626708984	0.09648184478282928	-0.11435925960540771	0.3567732274532318	-0.11961450427770615	0.14944808185100555	0.5595124959945679	0.4647984504699707	0.48157739639282227	0.8151916265487671	-0.17371219396591187	0.43508225679397583	0.49944204092025757	-0.10031004995107651	0.0893847644329071	-0.29387256503105164	0.28060272336006165	-0.10518388450145721	-0.26499640941619873	-0.001026153564453125	-0.20065011084079742	-0.07457800954580307	-0.22703000903129578	0.3263856768608093	0.24375343322753906	0.29055362939834595	-0.23732256889343262	0.4224177598953247	0.15422679483890533	0.24069248139858246	-0.15339712798595428	0.0036140938755124807	-0.09835433214902878	0.34158506989479065	0.41397011280059814	0.20709264278411865	0.056866154074668884	0.3526041507720947	-0.06105126813054085	0.34357163310050964	0.2785080373287201	0.5431665182113647	-0.12636931240558624	0.052570898085832596	0.1966804713010788	-0.06853316724300385	-0.07982081174850464	0.2325514256954193
DMN_LABEL_18	0.3892754316329956	-0.04726105183362961	-0.3627936542034149	0.1119363084435463	0.6135452389717102	0.0994102731347084	-0.009919331409037113	n/a	-0.1276252418756485	-0.29083600640296936	0.13178472220897675	-0.46299758553504944	-0.2615179419517517	0.08175007253885269	-0.34673774242401123	0.2035616636276245	-0.2861518859863281	1.0	0.583323061466217	-0.5676330924034119	0.1143038272857666	0.2532404959201813	-0.4597243070602417	-0.23091518878936768	-0.14096534252166748	0.2673571705818176	0.17065075039863586	0.2727106809616089	-0.07476101815700531	0.04716358333826065	-0.09269338846206665	-0.16879788041114807	0.2349984347820282	-0.09970147162675858	0.13360550999641418	-0.3153637647628784	-0.05417679250240326	-0.13962747156620026	-0.3880563974380493	-0.10340230166912079	-0.54653400182724	-0.4821409583091736	0.33332452178001404	-0.305960476398468	-0.31358298659324646	0.016212018206715584	-0.38085874915122986	0.29507923126220703	-0.3918130099773407	0.16030558943748474	0.5225235223770142	0.18124710023403168	-0.19698257744312286	0.2239408940076828	0.45873719453811646	-0.006306512281298637	0.085021011531353	-0.36405062675476074	0.2154359668493271	0.018109546974301338	0.14300668239593506	-0.1404906064271927	-0.29240864515304565	0.10274871438741684	0.13635247945785522	-0.2422502487897873	-0.12881110608577728	0.25436878204345703	0.06173263490200043	-0.19073599576950073	-0.5019252300262451	-0.06107398495078087	0.06807197630405426	-0.3269725739955902	0.5465282201766968	0.2910626232624054	0.0722031369805336	-0.32499635219573975	0.13018052279949188	-0.08346729725599289
VAN_LABEL_19	0.3429885506629944	-0.021818429231643677	-0.2962273359298706	0.3837149441242218	0.2417505830526352	0.13825686275959015	-0.027947671711444855	n/a	-0.03579472005367279	-0.023438341915607452	0.25935098528862	-0.26279205083847046	-0.2770594656467438	0.14000584185123444	-0.37350964546203613	0.16759274899959564	-0.1151585802435875	0.583323061466217	1.0	-0.1584005355834961	0.3617299497127533	0.2779912054538727	-0.5697142481803894	-0.21993662416934967	-0.04378380998969078	0.21376675367355347	0.14612062275409698	0.13418222963809967	-0.16359463334083557	-0.24423274397850037	0.09957250207662582	-0.4883266091346741	-0.012568025849759579	-0.15315935015678406	0.1426381915807724	-0.23553763329982758	0.16634340584278107	0.17784437537193298	-0.1535605937242508	0.016801686957478523	-0.48916345834732056	-0.26480337977409363	0.3871883451938629	-0.08621401339769363	-0.03741752356290817	0.26149362325668335	-0.5543650984764099	0.10418955236673355	-0.13375435769557953	0.17207977175712585	0.4653734564781189	0.150765523314476	-0.40640169382095337	0.25592857599258423	0.1973017007112503	0.03151767700910568	0.3583295941352844	-0.200189471244812	0.21613405644893646	0.44026312232017517	0.2064286172389984	0.3150457441806793	-0.5906397700309753	0.42426225543022156	0.012385361827909946	-0.13828037679195404	0.15757519006729126	0.5010289549827576	0.20287322998046875	-0.010647788643836975	-0.5964888334274292	0.17313647270202637	0.3084401786327362	-0.10329777002334595	0.5137350559234619	0.26118674874305725	0.04016629233956337	-0.2952590882778168	-0.03541649878025055	-0.051320504397153854
CO_LABEL_20	-0.02970508486032486	-0.07823587954044342	0.1404227614402771	0.26121529936790466	-0.4661451578140259	-0.03881338983774185	0.20561876893043518	n/a	0.11193510890007019	0.5035260915756226	0.2642515003681183	0.5001357793807983	0.22125943005084991	0.29562222957611084	0.22882185876369476	-0.11410009860992432	0.6029545068740845	-0.5676330924034119	-0.1584005355834961	1.0	0.37648168206214905	0.24301962554454803	0.07042201608419418	0.10178374499082565	-0.03169340640306473	-0.3022974133491516	-0.06246541813015938	-0.5023477077484131	-0.08048686385154724	-0.3596848249435425	0.3128434121608734	0.22969505190849304	-0.12004762887954712	0.11249258369207382	-0.18186713755130768	0.5435576438903809	0.23412777483463287	0.20347529649734497	0.42998313903808594	0.362064391374588	0.2790810167789459	0.6844577193260193	-0.3045547604560852	0.5528456568717957	0.5773237347602844	0.18234972655773163	0.07473986595869064	-0.21162518858909607	0.24654711782932281	-0.12137597054243088	-0.28089696168899536	-0.17121484875679016	-0.04820127412676811	-0.1766985058784485	-0.34839096665382385	0.14949943125247955	0.3404081165790558	0.275861531496048	-0.18522784113883972	0.29399263858795166	0.003163483226671815	0.18100561201572418	-0.04715226590633392	0.060211557894945145	-0.04834264516830444	0.41411325335502625	0.31463032960891724	0.023160384967923164	0.06276644766330719	0.2123814821243286	0.1282002031803131	0.06658092886209488	0.07500249892473221	0.31016403436660767	-0.22788062691688538	-0.11674738675355911	-0.07052289694547653	0.09727990627288818	0.010254958644509315	0.1569831222295761
CO_LABEL_21	-0.1343044638633728	0.0536649264395237	0.17967292666435242	0.42958879470825195	-0.013630839064717293	-0.29943960905075073	0.29066240787506104	n/a	0.13406464457511902	0.4719485342502594	0.26828646659851074	0.19533175230026245	0.029084952548146248	0.5784605741500854	0.15863001346588135	-0.24529993534088135	0.5649886727333069	0.1143038272857666	0.3617299497127533	0.37648168206214905	1.0	0.4842489957809448	-0.03855234757065773	-0.18041501939296722	-0.03551547974348068	-0.1671733409166336	-0.05746832117438316	-0.1591184437274933	-0.04647884517908096	-0.19585870206356049	0.055207982659339905	-0.2673337161540985	-0.4021453559398651	0.23977236449718475	0.20419147610664368	0.28467047214508057	0.1956811249256134	0.03438354656100273	-0.019323114305734634	0.48063725233078003	0.1163821890950203	0.33421435952186584	-0.06989070028066635	0.40140247344970703	0.6059919595718384	0.23091310262680054	-0.09351786226034164	-0.37075483798980713	0.13416044414043427	-0.2613827884197235	0.4102416932582855	-0.05837070569396019	-0.657926619052887	0.1278601884841919	-0.1343408077955246	0.172017902135849	0.48199188709259033	0.11037798225879669	-0.095271535217762	0.435732364654541	0.3083140552043915	0.3055325746536255	-0.44227686524391174	0.453008234500885	-0.02893812768161297	0.09417955577373505	0.3069702386856079	0.3306863009929657	0.13556599617004395	0.14624875783920288	-0.4947841167449951	0.5230209827423096	0.31525933742523193	0.09177078306674957	0.09871463477611542	-0.024962984025478363	0.02810647524893284	-0.31477707624435425	0.013556938618421555	0.21177728474140167
Sal_LABEL_22	-0.04292496293783188	0.10610158741474152	-0.1557016670703888	0.16624249517917633	0.11595848202705383	-0.12756729125976562	0.1904849112033844	n/a	-0.07377341389656067	0.24312883615493774	0.48700276017189026	-0.14525870978832245	-0.2931751310825348	0.2568107843399048	-0.2924703359603882	-0.17661181092262268	0.05621742829680443	0.2532404959201813	0.2779912054538727	0.24301962554454803	0.4842489957809448	1.0	-0.35016417503356934	-0.07491966336965561	-0.34015095233917236	-0.14233723282814026	-0.09624110162258148	-0.3260389566421509	0.04013332724571228	-0.45495542883872986	0.04257035627961159	-0.1459776908159256	-0.0468800850212574	0.04864836856722832	-0.026882315054535866	0.1553564965724945	0.29919400811195374	0.05329842492938042	-0.1355920433998108	0.19619998335838318	-0.35557544231414795	0.04138794541358948	0.027591783553361893	0.44244179129600525	0.28198879957199097	0.5656814575195312	-0.26692911982536316	-0.1283470094203949	-0.1530751734972	-0.1894119530916214	0.44910383224487305	-0.01657339558005333	-0.3089260458946228	-0.08389356732368469	0.01568027026951313	0.07973866909742355	0.49523094296455383	-0.18405750393867493	-0.02367475815117359	0.040761157870292664	-0.08335373550653458	-0.0938650369644165	-0.07619615644216537	0.18897373974323273	0.2881771922111511	-0.0926709994673729	0.08799014985561371	-0.053111083805561066	0.09891890734434128	-0.19000005722045898	-0.18571241199970245	-0.003252604976296425	-0.0026340868789702654	-0.19317032396793365	0.019414445385336876	-0.27872371673583984	-0.09986621141433716	-0.07979868352413177	0.10680553317070007	0.07636421173810959
DAN_LABEL_23	-0.5461833477020264	0.32539570331573486	0.4609316885471344	-0.39880597591400146	-0.23772795498371124	-0.23820173740386963	0.07283969223499298	n/a	0.3018260598182678	-0.0696917250752449	-0.379498690366745	0.26509758830070496	0.22904662787914276	-0.2439688742160797	0.642868161201477	-0.29430508613586426	0.17620228230953217	-0.4597243070602417	-0.5697142481803894	0.07042201608419418	-0.03855234757065773	-0.35016417503356934	1.0	0.30602461099624634	0.4135547876358032	-0.3056565821170807	-0.19851680099964142	-0.1605977565050125	0.3621978759765625	0.1682763397693634	-0.25149106979370117	0.12259695678949356	-0.32569247484207153	0.2924743592739105	0.1124291867017746	-0.0019244936993345618	-0.3771122992038727	-0.1907506287097931	0.05846434459090233	-0.20637255907058716	0.8092663884162903	0.27798980474472046	-0.2760187089443207	-0.005846877582371235	0.06159140542149544	-0.14669126272201538	0.9226342439651489	-0.36683419346809387	0.503544807434082	-0.390249103307724	-0.2402166724205017	-0.22664286196231842	-0.09960627555847168	0.03782901167869568	-0.32205361127853394	-0.004666975699365139	-0.0713251456618309	0.18322284519672394	-0.3004891276359558	-0.034946370869874954	0.22313159704208374	0.11823432147502899	0.1979093849658966	0.02314225398004055	-0.14221663773059845	0.25246790051460266	-0.04582856968045235	0.045481231063604355	-0.35122939944267273	0.09947876632213593	0.30248215794563293	0.19285927712917328	-0.09241871535778046	0.05455421656370163	-0.5507251620292664	-0.3974723517894745	-0.16280759871006012	0.08598736673593521	0.04470451548695564	0.1584184318780899
PMN_LABEL_24	0.17222848534584045	0.37660545110702515	0.10066082328557968	-0.4017466604709625	-0.39393168687820435	0.5202495455741882	0.2812294065952301	n/a	0.11505813896656036	-0.14245735108852386	-0.16464288532733917	0.0022960533387959003	-0.036523956805467606	-0.21658162772655487	0.004558801185339689	0.07267558574676514	-0.09682761877775192	-0.23091518878936768	-0.21993662416934967	0.10178374499082565	-0.18041501939296722	-0.07491966336965561	0.30602461099624634	1.0	0.07103662937879562	-0.3029870390892029	-0.19182607531547546	-0.21488817036151886	0.4912925660610199	0.11262835562229156	-0.25595059990882874	0.02287125587463379	0.38854092359542847	0.36522313952445984	-0.0983876958489418	-0.0852125734090805	-0.08503986895084381	-0.09059879183769226	-0.04439043998718262	-0.20328423380851746	0.1800207942724228	-0.10472266376018524	-0.013930472545325756	0.11623650789260864	-0.3059771955013275	0.13177962601184845	0.414447546005249	0.4373881220817566	0.06479514390230179	-0.014465941116213799	-0.06428558379411697	-0.23333323001861572	-0.03942146524786949	-0.05071382224559784	-0.17938661575317383	0.1565312147140503	0.10225630551576614	-0.12598462402820587	-0.07696981728076935	0.05330628901720047	0.29633280634880066	0.04197939857840538	-0.11888501048088074	0.19320562481880188	-0.24571725726127625	0.22567614912986755	0.10068689286708832	0.17540746927261353	-0.019774869084358215	0.18724247813224792	0.12133155763149261	-0.00514032831415534	-0.18018829822540283	-0.10449866950511932	-0.3714035153388977	-0.14535397291183472	-0.3825761675834656	-0.0002799770445562899	0.23379887640476227	0.07103464007377625
DAN_LABEL_25	-0.17322245240211487	0.16831724345684052	0.261890172958374	-0.11629737168550491	-0.17940488457679749	-0.011324599385261536	-0.1587299257516861	n/a	0.503189742565155	-0.17594203352928162	-0.425312876701355	-0.03239141404628754	0.2886754870414734	-0.24672117829322815	0.5718873739242554	-0.08006461709737778	0.1505981832742691	-0.14096534252166748	-0.04378380998969078	-0.03169340640306473	-0.03551547974348068	-0.34015095233917236	0.4135547876358032	0.07103662937879562	1.0	-0.24886508285999298	-0.024901630356907845	0.24704374372959137	0.12286928296089172	0.24309584498405457	-0.19865748286247253	0.11583016812801361	-0.1879410594701767	0.051304686814546585	0.28463074564933777	-0.33439311385154724	-0.2575124204158783	-0.3996816873550415	0.2813757061958313	-0.1921081244945526	0.5998146533966064	0.09983544051647186	-0.1455131322145462	-0.0977870523929596	-0.083223357796669	0.015746185556054115	0.3865841031074524	-0.20555555820465088	0.5856041312217712	-0.04188636317849159	-0.15837731957435608	-0.2959202229976654	-0.10686694085597992	0.07558001577854156	-0.03764328360557556	0.13456514477729797	0.11322154849767685	0.0876452848315239	-0.13111776113510132	0.3151697516441345	0.37574073672294617	0.4229436218738556	-0.33212125301361084	0.29521501064300537	-0.05332336574792862	0.5975993871688843	0.2040756195783615	0.5152324438095093	-0.14620327949523926	0.07703521102666855	-0.18585315346717834	0.5045987367630005	0.13261425495147705	0.30743688344955444	0.11618608236312866	-0.015290291048586369	-0.15962901711463928	-0.19360551238059998	0.04186107590794563	0.03923425078392029
