Node	HIP-head-m-rh	HIP-head-l-rh	HIP-body-rh	HIP-tail-rh	THA-VPm-rh	THA-VPl-rh	THA-VAi-rh	THA-VAs-rh	THA-DAm-rh	THA-DAl-rh	PUT-VA-rh	PUT-DA-rh	PUT-VP-rh	PUT-DP-rh	CAU-VA-rh	CAU-DA-rh	CAU-body-rh	CAU-tail-rh	lAMY-rh	mAMY-rh	THA-DP-rh	NAc-shell-rh	NAc-core-rh	pGP-rh	aGP-rh	HIP-head-m-lh	HIP-head-l-l	HIP-body-l	HIP-tail-lh	THA-VPm-lh	THA-VPl-lh	THA-VAi-lh	THA-VAs-lh	THA-DAm-lh	THA-DAl-lh	PUT-VA-lh	PUT-DA-l	PUT-VP-lh	PUT-DP-lh	CAU-VA-lh	CAU-DA-lh	CAU-body-lh	CAU-tail-lh	lAMY-lh	mAMY-lh	THA-DP-lh	NAc-shell-lh	NAc-core-lh	pGP-lh	aGP-lh
HIP-head-m-rh	1.0	0.6801283359527588	0.5983018279075623	0.2740435004234314	-0.12333661317825317	-0.2558111846446991	-0.3669084310531616	-0.06584371626377106	-0.1968451291322708	0.0011573106748983264	-0.2039995938539505	0.09242279082536697	0.0532100647687912	0.2006957232952118	0.189175084233284	0.21599537134170532	0.1318243443965912	0.16739782691001892	0.3727174699306488	0.2760884463787079	-0.03088250569999218	-0.282897025346756	-0.21763280034065247	-0.026182232424616814	0.0924307107925415	0.7946880459785461	0.5122261047363281	0.2875719666481018	0.0742751881480217	-0.21785388886928558	-0.17119604349136353	-0.22702762484550476	-0.32915982604026794	-0.20249956846237183	-0.32679077982902527	0.3621697723865509	0.15226390957832336	-0.03170888498425484	-0.038684215396642685	0.19604717195034027	0.17061735689640045	-0.031423646956682205	-0.07256557792425156	0.08794695138931274	0.3552342653274536	0.14240500330924988	-0.15233981609344482	-0.09274624288082123	-0.12064898759126663	0.4984477758407593
HIP-head-l-rh	0.6801283359527588	1.0	0.6077343225479126	0.4362297058105469	-0.25530189275741577	-0.28680288791656494	-0.33970630168914795	0.10074590891599655	0.025970276445150375	0.18707503378391266	-0.2840977609157562	-0.06665865331888199	0.030809011310338974	0.08639895170927048	0.042803213000297546	0.16398422420024872	0.11853459477424622	0.16824062168598175	-0.145372211933136	-0.028583625331521034	0.04597228765487671	-0.2750031054019928	-0.13659797608852386	-0.0466751754283905	0.174021914601326	0.44597524404525757	0.38538241386413574	0.2815350294113159	0.12509536743164062	-0.2502269446849823	-0.08159449696540833	-0.33791622519493103	-0.20160098373889923	-0.08431385457515717	-0.05014151707291603	0.23769570887088776	-0.06962349265813828	-0.10265982896089554	-0.20485854148864746	0.1881394237279892	0.10561889410018921	-0.0732053592801094	0.020228877663612366	-0.05125156044960022	-0.02849343977868557	0.05866790935397148	-0.17209245264530182	-0.08127559721469879	-0.062423016875982285	0.38840991258621216
HIP-body-rh	0.5983018279075623	0.6077343225479126	1.0	0.6765321493148804	-0.10202966630458832	-0.20604075491428375	-0.24486984312534332	0.16321656107902527	-0.05350131168961525	0.11580479890108109	-0.195108562707901	-0.06587335467338562	0.2027754783630371	0.053980324417352676	0.06803172081708908	0.254057914018631	0.15542612969875336	0.27128586173057556	-0.009978124871850014	0.1311470866203308	0.14027589559555054	-0.3245660364627838	-0.23607075214385986	0.05944671854376793	0.2268369197845459	0.4051651358604431	0.6169184446334839	0.1878073364496231	0.2259257584810257	-0.1860535591840744	-0.03613001108169556	-0.1971307396888733	-0.14778238534927368	-0.07823245972394943	-0.16346661746501923	0.26709723472595215	-0.016500869765877724	0.41761672496795654	0.27779310941696167	0.08525305241346359	0.25616732239723206	-0.02321706898510456	-0.0728105828166008	-0.08880628645420074	0.04880824685096741	-0.02703912928700447	-0.04310952499508858	-0.04667395353317261	-0.25300803780555725	0.3860025107860565
HIP-tail-rh	0.2740435004234314	0.4362297058105469	0.6765321493148804	1.0	-0.10414811968803406	0.051803719252347946	-0.029898857697844505	0.22981567680835724	0.19188065826892853	0.18738386034965515	-0.09553638845682144	-0.05572459101676941	0.11443300545215607	-0.0805225670337677	0.042066607624292374	0.04321886599063873	0.1802227646112442	0.18206503987312317	-0.1359560191631317	-0.10046827793121338	0.17752420902252197	-0.04626996070146561	-0.04843796417117119	-0.028001803904771805	0.25049659609794617	0.20043303072452545	0.5011886954307556	0.1775951087474823	0.49814656376838684	-0.06436485052108765	0.11696580797433853	-0.06845775246620178	0.09697268158197403	0.02475372888147831	0.055603981018066406	0.12506203353405	-0.043077077716588974	0.38546496629714966	0.2525094747543335	0.1262264847755432	0.22738328576087952	0.11081703752279282	0.028082918375730515	-0.05900293588638306	-0.12070006877183914	0.012063578702509403	0.022756202146410942	0.0188173595815897	-0.2896979749202728	0.1941082626581192
THA-VPm-rh	-0.12333661317825317	-0.25530189275741577	-0.10202966630458832	-0.10414811968803406	1.0	0.5490500926971436	0.34297633171081543	0.15023735165596008	0.20658259093761444	0.22799375653266907	0.37796205282211304	0.43616533279418945	0.3549998104572296	0.29641225934028625	0.19709019362926483	0.21036633849143982	0.23623539507389069	0.3856325149536133	0.12909890711307526	-0.07330356538295746	0.4849278926849365	0.055669721215963364	0.14625592529773712	0.35662204027175903	0.31964176893234253	0.1378459483385086	0.009200505912303925	-0.1852686107158661	-0.03360282629728317	0.44798117876052856	0.47931545972824097	0.3150193989276886	-0.08192743360996246	0.1599833369255066	0.126702681183815	-0.03365412354469299	0.14030227065086365	0.034200672060251236	0.19637586176395416	-0.041161246597766876	0.2683935761451721	0.19188761711120605	0.2462393343448639	-0.06670981645584106	0.1565568745136261	0.27913588285446167	0.250343382358551	-0.0647762343287468	0.251403272151947	-0.02702130749821663
THA-VPl-rh	-0.2558111846446991	-0.28680288791656494	-0.20604075491428375	0.051803719252347946	0.5490500926971436	1.0	0.48715588450431824	0.3375621438026428	0.532697856426239	0.29788607358932495	0.3234078288078308	0.45225152373313904	0.3779991865158081	0.18046587705612183	0.3254106044769287	0.1222822368144989	0.3573063910007477	0.3787291347980499	0.05032093822956085	0.08823538571596146	0.3502393364906311	0.3179723024368286	0.2962631583213806	0.31999605894088745	0.39021584391593933	-0.058478593826293945	-0.0721542239189148	-0.047239068895578384	0.19033588469028473	0.22127403318881989	0.5374767780303955	0.42657336592674255	0.35237017273902893	0.3429848849773407	0.4657895267009735	0.16213390231132507	0.3786904215812683	0.21920464932918549	0.3915939927101135	0.12127061933279037	0.3341527581214905	0.46312135457992554	0.42323583364486694	-0.08930274099111557	0.23737962543964386	0.19891367852687836	0.28060001134872437	0.06790104508399963	0.15131741762161255	0.06147618591785431
THA-VAi-rh	-0.3669084310531616	-0.33970630168914795	-0.24486984312534332	-0.029898857697844505	0.34297633171081543	0.48715588450431824	1.0	0.44619908928871155	0.6559411883354187	0.07912831753492355	0.34098291397094727	0.35666438937187195	0.27101123332977295	0.09300103783607483	0.32149481773376465	0.06298314034938812	0.4621477723121643	0.3941343426704407	-0.08509581536054611	-0.29604363441467285	0.1738087683916092	0.35661086440086365	0.5346375703811646	0.39977309107780457	0.43573132157325745	-0.25180870294570923	-0.1196921318769455	0.022153010591864586	0.03890010342001915	0.5666202306747437	0.600505530834198	0.7927892208099365	0.4887044429779053	0.633478581905365	0.5278651118278503	0.11185095459222794	0.10514120012521744	0.31080394983291626	0.44561341404914856	0.2865454852581024	0.28882497549057007	0.39053329825401306	0.46303585171699524	0.058765314519405365	0.05343117192387581	0.22379110753536224	0.43228790163993835	0.27136150002479553	-0.09013326466083527	0.19727091491222382
THA-VAs-rh	-0.06584371626377106	0.10074590891599655	0.16321656107902527	0.22981567680835724	0.15023735165596008	0.3375621438026428	0.44619908928871155	1.0	0.7379176020622253	0.4032798409461975	0.1354304552078247	0.20801497995853424	0.3090325891971588	0.19400447607040405	0.33268600702285767	0.44003745913505554	0.6838710904121399	0.6322035789489746	-0.39983102679252625	-0.17330946028232574	0.13030964136123657	0.06537080556154251	0.4022885262966156	0.22582381963729858	0.36788102984428406	-0.055667828768491745	0.0031646951101720333	0.050156768411397934	0.2087121456861496	0.05101795867085457	0.2983745336532593	0.21639759838581085	0.614517331123352	0.38149476051330566	0.5810979604721069	0.29645341634750366	0.11836985498666763	0.26282989978790283	0.38751524686813354	0.4758239686489105	0.6118191480636597	0.5886707901954651	0.48347654938697815	-0.45683592557907104	0.03126082569360733	-0.09992639720439911	0.1262674629688263	0.2976818084716797	-0.18829751014709473	0.33739185333251953
THA-DAm-rh	-0.1968451291322708	0.025970276445150375	-0.05350131168961525	0.19188065826892853	0.20658259093761444	0.532697856426239	0.6559411883354187	0.7379176020622253	1.0	0.3580024540424347	0.21190164983272552	0.26832401752471924	0.058319542557001114	0.1363714188337326	0.3283904790878296	0.2405230551958084	0.6032813787460327	0.5450435876846313	-0.3109939396381378	-0.2617020308971405	0.29322829842567444	0.25963833928108215	0.4961279034614563	0.19427694380283356	0.5216221809387207	-0.14755189418792725	-0.09604679048061371	0.010465231724083424	0.13525216281414032	0.3406100273132324	0.38334664702415466	0.416494756937027	0.5251560807228088	0.5897824764251709	0.7899670600891113	0.3314548432826996	0.12137816101312637	0.18002039194107056	0.3123106062412262	0.48073047399520874	0.46569374203681946	0.5831251740455627	0.5937960147857666	-0.3001231849193573	-0.05320390313863754	0.06605789810419083	0.19996193051338196	0.17707033455371857	0.07157590240240097	0.36214110255241394
THA-DAl-rh	0.0011573106748983264	0.18707503378391266	0.11580479890108109	0.18738386034965515	0.22799375653266907	0.29788607358932495	0.07912831753492355	0.4032798409461975	0.3580024540424347	1.0	-0.059530191123485565	0.033734750002622604	0.21855761110782623	0.4050859808921814	-0.2561173439025879	0.02150498330593109	0.150696262717247	0.36647117137908936	-0.22284647822380066	-0.06430783122777939	0.19945986568927765	-0.13661843538284302	-0.21841979026794434	0.26129889488220215	0.19168002903461456	-0.0133042111992836	0.02027689851820469	-0.050165705382823944	0.08528690785169601	-0.01377545390278101	0.23036648333072662	0.05960042402148247	0.1099781021475792	0.33429035544395447	0.486086905002594	0.1091969683766365	0.21787767112255096	0.10019081085920334	0.05955653265118599	-0.13288360834121704	0.0064782798290252686	0.17204459011554718	0.17681561410427094	-0.32951653003692627	-0.21497827768325806	0.058575354516506195	-0.24113993346691132	-0.3036857843399048	0.22029158473014832	0.21127775311470032
PUT-VA-rh	-0.2039995938539505	-0.2840977609157562	-0.195108562707901	-0.09553638845682144	0.37796205282211304	0.3234078288078308	0.34098291397094727	0.1354304552078247	0.21190164983272552	-0.059530191123485565	1.0	0.5415773391723633	0.2669523060321808	0.1760469228029251	0.3486102819442749	0.42976564168930054	0.5469770431518555	0.3276923596858978	0.2660452425479889	0.10080686956644058	0.05333639308810234	0.5383665561676025	0.6297323107719421	0.1644216626882553	0.23790735006332397	-0.16282595694065094	-0.11834042519330978	-0.5532616972923279	-0.08108098804950714	0.25038862228393555	0.22061750292778015	0.29038313031196594	0.2468344271183014	0.07365494221448898	0.06173788383603096	0.45770636200904846	0.4546508193016052	0.07609687000513077	0.09727005660533905	0.14187347888946533	0.3065612018108368	0.2642812430858612	0.3373788595199585	-0.11706237494945526	0.06512704491615295	-0.08778040111064911	0.4321984052658081	0.45163121819496155	0.06306587159633636	-0.0877150148153305
PUT-DA-rh	0.09242279082536697	-0.06665865331888199	-0.06587335467338562	-0.05572459101676941	0.43616533279418945	0.45225152373313904	0.35666438937187195	0.20801497995853424	0.26832401752471924	0.033734750002622604	0.5415773391723633	1.0	0.5338151454925537	0.6367878913879395	0.40391066670417786	0.38886356353759766	0.5256235003471375	0.4865371584892273	0.2572067081928253	0.17809487879276276	0.07035652548074722	0.21561045944690704	0.35983750224113464	0.08793353289365768	0.4051574170589447	0.24325451254844666	-0.03862937539815903	-0.008836312219500542	0.03349391743540764	0.248063325881958	0.33185192942619324	0.48834532499313354	0.12850041687488556	0.14116179943084717	0.17846417427062988	0.5398910641670227	0.6662116050720215	0.08430416136980057	0.3656645715236664	0.17458727955818176	0.31554940342903137	0.3312913775444031	0.3501836955547333	-0.055221281945705414	0.4521072506904602	0.002233990468084812	0.43893349170684814	0.276652991771698	0.03147655352950096	0.18919114768505096
PUT-VP-rh	0.0532100647687912	0.030809011310338974	0.2027754783630371	0.11443300545215607	0.3549998104572296	0.3779991865158081	0.27101123332977295	0.3090325891971588	0.058319542557001114	0.21855761110782623	0.2669523060321808	0.5338151454925537	1.0	0.42319563031196594	0.32275301218032837	0.40507858991622925	0.3337366580963135	0.5681572556495667	0.09984731674194336	0.2606581747531891	0.02566477470099926	0.05760737136006355	0.12076905369758606	0.1986575871706009	0.23121494054794312	0.1773039698600769	0.09441766142845154	-0.07892214506864548	0.2016667276620865	-0.037382110953330994	0.310939759016037	0.4497568607330322	0.2523057460784912	0.1515396386384964	0.08276953548192978	0.21530801057815552	0.4359917640686035	0.2721492648124695	0.4112664759159088	0.11564357578754425	0.24840420484542847	0.2884063720703125	0.2894703447818756	-0.0759444609284401	0.2065613865852356	-0.05129007622599602	0.44224047660827637	0.3406621515750885	-0.2628885507583618	0.04357041418552399
PUT-DP-rh	0.2006957232952118	0.08639895170927048	0.053980324417352676	-0.0805225670337677	0.29641225934028625	0.18046587705612183	0.09300103783607483	0.19400447607040405	0.1363714188337326	0.4050859808921814	0.1760469228029251	0.6367878913879395	0.42319563031196594	1.0	0.0017967615276575089	0.22119833528995514	0.18793678283691406	0.3874583840370178	0.1249922588467598	0.18022841215133667	-0.03464404493570328	-0.2326006293296814	-0.060922909528017044	0.07372239977121353	0.2184356302022934	0.21350182592868805	0.022979458793997765	0.0794801339507103	-0.028897611424326897	0.10322235524654388	0.16165947914123535	0.28307560086250305	-0.03871627524495125	0.22343499958515167	0.2606826722621918	0.3883794844150543	0.5766836404800415	0.003208794165402651	0.2975296378135681	-0.04317743703722954	0.09331347048282623	0.12010536342859268	0.2133859097957611	-0.14165863394737244	0.2823346257209778	-0.0018151173135265708	0.04418965429067612	0.005263845901936293	-0.0022732873912900686	0.31757891178131104
CAU-VA-rh	0.189175084233284	0.042803213000297546	0.06803172081708908	0.042066607624292374	0.19709019362926483	0.3254106044769287	0.32149481773376465	0.33268600702285767	0.3283904790878296	-0.2561173439025879	0.3486102819442749	0.40391066670417786	0.32275301218032837	0.0017967615276575089	1.0	0.6979355216026306	0.5683217644691467	0.4439273476600647	0.24355179071426392	0.21280242502689362	0.17027324438095093	0.22900134325027466	0.5683342218399048	0.05485967919230461	0.20778995752334595	0.2979406714439392	0.3110678791999817	-0.04220911115407944	-0.15311506390571594	-0.07435571402311325	0.19788646697998047	0.28523749113082886	0.2258262187242508	-0.07843733578920364	-0.0964096188545227	0.36686262488365173	0.16693928837776184	0.04544210061430931	0.2453635185956955	0.5856050252914429	0.6746178269386292	0.5200128555297852	0.43006569147109985	0.08958277106285095	0.4494418799877167	-0.10645755380392075	0.369456022977829	0.4764292240142822	-0.3053579032421112	0.00988712627440691
CAU-DA-rh	0.21599537134170532	0.16398422420024872	0.254057914018631	0.04321886599063873	0.21036633849143982	0.1222822368144989	0.06298314034938812	0.44003745913505554	0.2405230551958084	0.02150498330593109	0.42976564168930054	0.38886356353759766	0.40507858991622925	0.22119833528995514	0.6979355216026306	1.0	0.6017948389053345	0.6690185070037842	0.1661546677350998	0.3330804109573364	0.020287174731492996	-0.05805434286594391	0.42051416635513306	0.06231563910841942	0.11370830237865448	0.2678911089897156	0.18426953256130219	-0.21409505605697632	-0.10578732192516327	-0.2932908535003662	0.03856689855456352	0.1285419762134552	0.2566640377044678	-0.03498953580856323	0.01528916135430336	0.446647584438324	0.34127646684646606	0.044480688869953156	0.21592415869235992	0.4395437240600586	0.7343214750289917	0.5912002325057983	0.5031409859657288	-0.12347698211669922	0.38820314407348633	-0.20624814927577972	0.1861097663640976	0.47258350253105164	-0.17468824982643127	-0.0033546683844178915
CAU-body-rh	0.1318243443965912	0.11853459477424622	0.15542612969875336	0.1802227646112442	0.23623539507389069	0.3573063910007477	0.4621477723121643	0.6838710904121399	0.6032813787460327	0.150696262717247	0.5469770431518555	0.5256235003471375	0.3337366580963135	0.18793678283691406	0.5683217644691467	0.6017948389053345	1.0	0.6888753771781921	-0.03331539034843445	-0.04675237834453583	0.1752169132232666	0.36755871772766113	0.6641173958778381	0.17137862741947174	0.4638170003890991	0.07517535239458084	-0.009064991027116776	-0.0592963807284832	0.16094568371772766	0.15450336039066315	0.36820608377456665	0.3291548490524292	0.5242853164672852	0.23581184446811676	0.28497111797332764	0.588384211063385	0.30172088742256165	0.08981078863143921	0.25956204533576965	0.4419177174568176	0.5834755897521973	0.5480887293815613	0.4916319251060486	-0.2502995729446411	0.16847755014896393	0.024402618408203125	0.3678045868873596	0.4083835482597351	0.06551682949066162	0.31331712007522583
CAU-tail-rh	0.16739782691001892	0.16824062168598175	0.27128586173057556	0.18206503987312317	0.3856325149536133	0.3787291347980499	0.3941343426704407	0.6322035789489746	0.5450435876846313	0.36647117137908936	0.3276923596858978	0.4865371584892273	0.5681572556495667	0.3874583840370178	0.4439273476600647	0.6690185070037842	0.6888753771781921	1.0	0.014420576393604279	0.09671089053153992	0.12039528787136078	-0.020444074645638466	0.3864344358444214	0.3143298327922821	0.4149708151817322	0.22336341440677643	0.09732044488191605	-0.05992957577109337	0.14203493297100067	0.09415421634912491	0.34015223383903503	0.37596726417541504	0.3724752366542816	0.30796054005622864	0.43045440316200256	0.3978639543056488	0.3883773684501648	0.21113379299640656	0.35144543647766113	0.38856109976768494	0.5833930373191833	0.5915490388870239	0.5671525597572327	-0.2179226279258728	0.2388714849948883	0.05624169856309891	0.23182153701782227	0.27633199095726013	-0.03331909328699112	0.3920743763446808
lAMY-rh	0.3727174699306488	-0.145372211933136	-0.009978124871850014	-0.1359560191631317	0.12909890711307526	0.05032093822956085	-0.08509581536054611	-0.39983102679252625	-0.3109939396381378	-0.22284647822380066	0.2660452425479889	0.2572067081928253	0.09984731674194336	0.1249922588467598	0.24355179071426392	0.1661546677350998	-0.03331539034843445	0.014420576393604279	1.0	0.627997100353241	-0.009616133756935596	0.0526096485555172	-0.0008566731703467667	-0.09705463796854019	-0.07781267166137695	0.3103500306606293	0.21003830432891846	-0.09733308851718903	-0.03991630673408508	0.016580818220973015	-0.07125325500965118	0.17765448987483978	-0.3016429841518402	-0.18041838705539703	-0.48264971375465393	0.20505347847938538	0.33430466055870056	-0.02408912591636181	0.007772153243422508	-0.11885819584131241	0.02708328515291214	-0.009082349017262459	-0.07423412054777145	0.3790398836135864	0.45224136114120483	0.2381770759820938	0.011984961107373238	0.10426710546016693	-0.045508213341236115	0.03136163204908371
mAMY-rh	0.2760884463787079	-0.028583625331521034	0.1311470866203308	-0.10046827793121338	-0.07330356538295746	0.08823538571596146	-0.29604363441467285	-0.17330946028232574	-0.2617020308971405	-0.06430783122777939	0.10080686956644058	0.17809487879276276	0.2606581747531891	0.18022841215133667	0.21280242502689362	0.3330804109573364	-0.04675237834453583	0.09671089053153992	0.627997100353241	1.0	-0.12260495871305466	-0.11942828446626663	-0.16157957911491394	-0.22838784754276276	-0.21377649903297424	0.28082990646362305	0.18635377287864685	-0.05151130631566048	0.056187793612480164	-0.30500170588493347	-0.23267608880996704	0.012679417617619038	-0.08496635407209396	-0.16209225356578827	-0.2822161614894867	0.2658967971801758	0.4443412721157074	0.06130419671535492	0.1193392276763916	-0.01524172630161047	0.14620864391326904	0.15805503726005554	-0.0003137915628030896	0.182989701628685	0.4025440812110901	0.039096977561712265	-0.05793195962905884	0.20477521419525146	-0.06431157886981964	-0.11820908635854721
THA-DP-rh	-0.03088250569999218	0.04597228765487671	0.14027589559555054	0.17752420902252197	0.4849278926849365	0.3502393364906311	0.1738087683916092	0.13030964136123657	0.29322829842567444	0.19945986568927765	0.05333639308810234	0.07035652548074722	0.02566477470099926	-0.03464404493570328	0.17027324438095093	0.020287174731492996	0.1752169132232666	0.12039528787136078	-0.009616133756935596	-0.12260495871305466	1.0	-0.01332702487707138	0.09663781523704529	0.2066221684217453	0.5260536074638367	-0.012477712705731392	0.11986115574836731	0.02025236189365387	-0.015294646844267845	0.21538665890693665	0.11612038314342499	0.06378764659166336	-0.21763190627098083	0.17805664241313934	0.09943638741970062	-0.05939571186900139	-0.0810759961605072	0.08969133347272873	0.03657100722193718	-0.026715915650129318	0.19464227557182312	0.15869133174419403	0.22751465439796448	-0.19852221012115479	-0.06715653836727142	0.3867802321910858	-0.14830732345581055	-0.11858880519866943	0.20004598796367645	0.10784871876239777
NAc-shell-rh	-0.282897025346756	-0.2750031054019928	-0.3245660364627838	-0.04626996070146561	0.055669721215963364	0.3179723024368286	0.35661086440086365	0.06537080556154251	0.25963833928108215	-0.13661843538284302	0.5383665561676025	0.21561045944690704	0.05760737136006355	-0.2326006293296814	0.22900134325027466	-0.05805434286594391	0.36755871772766113	-0.020444074645638466	0.0526096485555172	-0.11942828446626663	-0.01332702487707138	1.0	0.625992476940155	-0.13789457082748413	0.26812657713890076	-0.16503553092479706	-0.1509660929441452	-0.19765770435333252	0.15434637665748596	0.2055947333574295	0.20417873561382294	0.16137585043907166	0.4134950041770935	-0.051554180681705475	0.045201584696769714	0.2416069507598877	0.0831461027264595	-0.010065407492220402	-0.033839914947748184	0.0409109890460968	-0.0691874697804451	0.015266085974872112	0.012961496599018574	-0.0388658381998539	-0.16698341071605682	-0.1344069540500641	0.4941086173057556	0.3000105619430542	0.15537631511688232	-0.14593330025672913
NAc-core-rh	-0.21763280034065247	-0.13659797608852386	-0.23607075214385986	-0.04843796417117119	0.14625592529773712	0.2962631583213806	0.5346375703811646	0.4022885262966156	0.4961279034614563	-0.21841979026794434	0.6297323107719421	0.35983750224113464	0.12076905369758606	-0.060922909528017044	0.5683342218399048	0.42051416635513306	0.6641173958778381	0.3864344358444214	-0.0008566731703467667	-0.16157957911491394	0.09663781523704529	0.625992476940155	1.0	0.10591600090265274	0.40321165323257446	-0.19871969521045685	-0.14748676121234894	-0.18513123691082	0.045304760336875916	0.16274365782737732	0.2152046114206314	0.27996519207954407	0.5078949332237244	0.11971823126077652	0.2182067483663559	0.2899203896522522	0.14302431046962738	0.06883759796619415	0.09422213584184647	0.42700305581092834	0.41858458518981934	0.42289942502975464	0.45549771189689636	-0.057261090725660324	0.09823156893253326	-0.03879237920045853	0.36732250452041626	0.5859882235527039	-0.03687945008277893	0.04041982814669609
pGP-rh	-0.026182232424616814	-0.0466751754283905	0.05944671854376793	-0.028001803904771805	0.35662204027175903	0.31999605894088745	0.39977309107780457	0.22582381963729858	0.19427694380283356	0.26129889488220215	0.1644216626882553	0.08793353289365768	0.1986575871706009	0.07372239977121353	0.05485967919230461	0.06231563910841942	0.17137862741947174	0.3143298327922821	-0.09705463796854019	-0.22838784754276276	0.2066221684217453	-0.13789457082748413	0.10591600090265274	1.0	0.29898837208747864	-0.08942940086126328	0.03247147798538208	-0.10031002759933472	-0.13571655750274658	0.21660101413726807	0.5186567306518555	0.3223133981227875	-0.09106887876987457	0.38160544633865356	0.2762857973575592	-0.034396424889564514	0.22259505093097687	0.30825668573379517	0.2680143415927887	0.20153218507766724	0.24527277052402496	0.2309381067752838	0.2075352519750595	0.02185426838696003	0.0830298364162445	0.2270573228597641	0.1144302561879158	0.07963237911462784	-0.0379742868244648	0.39398178458213806
aGP-rh	0.0924307107925415	0.174021914601326	0.2268369197845459	0.25049659609794617	0.31964176893234253	0.39021584391593933	0.43573132157325745	0.36788102984428406	0.5216221809387207	0.19168002903461456	0.23790735006332397	0.4051574170589447	0.23121494054794312	0.2184356302022934	0.20778995752334595	0.11370830237865448	0.4638170003890991	0.4149708151817322	-0.07781267166137695	-0.21377649903297424	0.5260536074638367	0.26812657713890076	0.40321165323257446	0.29898837208747864	1.0	0.10977813601493835	0.06992306560277939	0.08048956096172333	0.25204309821128845	0.3196921944618225	0.2908618748188019	0.25438880920410156	0.11410754919052124	0.2647610008716583	0.3551355004310608	0.23102040588855743	0.1866522878408432	0.2757200002670288	0.25152361392974854	0.11321628838777542	0.24262124300003052	0.15340809524059296	0.31514880061149597	-0.3570660650730133	0.03789112716913223	0.22995293140411377	0.01483192015439272	0.01826520636677742	0.14593134820461273	0.5014442205429077
HIP-head-m-lh	0.7946880459785461	0.44597524404525757	0.4051651358604431	0.20043303072452545	0.1378459483385086	-0.058478593826293945	-0.25180870294570923	-0.055667828768491745	-0.14755189418792725	-0.0133042111992836	-0.16282595694065094	0.24325451254844666	0.1773039698600769	0.21350182592868805	0.2979406714439392	0.2678911089897156	0.07517535239458084	0.22336341440677643	0.3103500306606293	0.28082990646362305	-0.012477712705731392	-0.16503553092479706	-0.19871969521045685	-0.08942940086126328	0.10977813601493835	1.0	0.5261402130126953	0.35585594177246094	0.15610738098621368	-0.20867814123630524	-0.0707840695977211	-0.1466398686170578	-0.2772332727909088	-0.30638134479522705	-0.285027414560318	0.19802440702915192	0.1319187730550766	-0.08966346830129623	0.0492321141064167	0.1530793011188507	0.25298792123794556	0.05586443096399307	-0.09508468955755234	0.12487415969371796	0.41370847821235657	0.12115605175495148	-0.029005082324147224	-0.13736474514007568	-0.040080346167087555	0.23103760182857513
HIP-head-l-l	0.5122261047363281	0.38538241386413574	0.6169184446334839	0.5011886954307556	0.009200505912303925	-0.0721542239189148	-0.1196921318769455	0.0031646951101720333	-0.09604679048061371	0.02027689851820469	-0.11834042519330978	-0.03862937539815903	0.09441766142845154	0.022979458793997765	0.3110678791999817	0.18426953256130219	-0.009064991027116776	0.09732044488191605	0.21003830432891846	0.18635377287864685	0.11986115574836731	-0.1509660929441452	-0.14748676121234894	0.03247147798538208	0.06992306560277939	0.5261402130126953	1.0	0.3403560519218445	0.02757052518427372	-0.14797939360141754	0.026520028710365295	-0.12480085343122482	-0.21222615242004395	-0.21614781022071838	-0.3139835000038147	0.12817583978176117	-0.04402361437678337	0.3710780441761017	0.2908002436161041	0.05680783465504646	0.30178102850914	-0.00399972777813673	-0.08653765916824341	0.17663677036762238	0.16491983830928802	-0.01008461881428957	-0.015980197116732597	-0.07895801961421967	-0.3782232701778412	0.14916017651557922
HIP-body-l	0.2875719666481018	0.2815350294113159	0.1878073364496231	0.1775951087474823	-0.1852686107158661	-0.047239068895578384	0.022153010591864586	0.050156768411397934	0.010465231724083424	-0.050165705382823944	-0.5532616972923279	-0.008836312219500542	-0.07892214506864548	0.0794801339507103	-0.04220911115407944	-0.21409505605697632	-0.0592963807284832	-0.05992957577109337	-0.09733308851718903	-0.05151130631566048	0.02025236189365387	-0.19765770435333252	-0.18513123691082	-0.10031002759933472	0.08048956096172333	0.35585594177246094	0.3403560519218445	1.0	0.3569567799568176	-0.09054349362850189	0.13341151177883148	-0.00685697328299284	0.019518688321113586	0.08730769157409668	0.023640962317585945	-0.1905461847782135	-0.1480184644460678	0.04469575360417366	0.18447160720825195	-0.011138621717691422	0.0007234600489027798	-0.05424036458134651	-0.14604850113391876	0.18806029856204987	0.16779540479183197	0.38594505190849304	-0.16008052229881287	-0.16788350045681	-0.0380544438958168	0.15471777319908142
HIP-tail-lh	0.0742751881480217	0.12509536743164062	0.2259257584810257	0.49814656376838684	-0.03360282629728317	0.19033588469028473	0.03890010342001915	0.2087121456861496	0.13525216281414032	0.08528690785169601	-0.08108098804950714	0.03349391743540764	0.2016667276620865	-0.028897611424326897	-0.15311506390571594	-0.10578732192516327	0.16094568371772766	0.14203493297100067	-0.03991630673408508	0.056187793612480164	-0.015294646844267845	0.15434637665748596	0.045304760336875916	-0.13571655750274658	0.25204309821128845	0.15610738098621368	0.02757052518427372	0.3569567799568176	1.0	0.007002014666795731	0.1416032612323761	0.05832882970571518	0.316820353269577	0.1745256781578064	0.14603963494300842	-0.07755797356367111	0.11369609832763672	0.22238416969776154	0.22738182544708252	0.021841153502464294	0.01218186505138874	0.11096040159463882	-0.012599990703165531	-0.07072453200817108	-0.11296243220567703	0.31823599338531494	0.03632078319787979	0.10505072772502899	0.009935017675161362	0.0878242552280426
THA-VPm-lh	-0.21785388886928558	-0.2502269446849823	-0.1860535591840744	-0.06436485052108765	0.44798117876052856	0.22127403318881989	0.5666202306747437	0.05101795867085457	0.3406100273132324	-0.01377545390278101	0.25038862228393555	0.248063325881958	-0.037382110953330994	0.10322235524654388	-0.07435571402311325	-0.2932908535003662	0.15450336039066315	0.09415421634912491	0.016580818220973015	-0.30500170588493347	0.21538665890693665	0.2055947333574295	0.16274365782737732	0.21660101413726807	0.3196921944618225	-0.20867814123630524	-0.14797939360141754	-0.09054349362850189	0.007002014666795731	1.0	0.49772530794143677	0.5269414782524109	-0.0333903469145298	0.4742976129055023	0.29651179909706116	0.12010917067527771	0.013826350681483746	0.12027890980243683	0.11922347545623779	-0.0036381299141794443	-0.14736245572566986	-0.09115877002477646	0.08245299011468887	0.04645518958568573	-0.15748563408851624	0.22611327469348907	0.3575146496295929	-0.07288768887519836	0.12586022913455963	0.22370542585849762
THA-VPl-lh	-0.17119604349136353	-0.08159449696540833	-0.03613001108169556	0.11696580797433853	0.47931545972824097	0.5374767780303955	0.600505530834198	0.2983745336532593	0.38334664702415466	0.23036648333072662	0.22061750292778015	0.33185192942619324	0.310939759016037	0.16165947914123535	0.19788646697998047	0.03856689855456352	0.36820608377456665	0.34015223383903503	-0.07125325500965118	-0.23267608880996704	0.11612038314342499	0.20417873561382294	0.2152046114206314	0.5186567306518555	0.2908618748188019	-0.0707840695977211	0.026520028710365295	0.13341151177883148	0.1416032612323761	0.49772530794143677	1.0	0.5393732786178589	0.1811031848192215	0.38345593214035034	0.2833790183067322	0.11457006633281708	0.1813666969537735	0.12856626510620117	0.3310545086860657	0.08045671880245209	0.14369554817676544	0.12800820171833038	0.06200114265084267	0.1759960800409317	0.11867974698543549	0.21563446521759033	0.4758771061897278	0.12005060166120529	0.10523555427789688	0.16223593056201935
THA-VAi-lh	-0.22702762484550476	-0.33791622519493103	-0.1971307396888733	-0.06845775246620178	0.3150193989276886	0.42657336592674255	0.7927892208099365	0.21639759838581085	0.416494756937027	0.05960042402148247	0.29038313031196594	0.48834532499313354	0.4497568607330322	0.28307560086250305	0.28523749113082886	0.1285419762134552	0.3291548490524292	0.37596726417541504	0.17765448987483978	0.012679417617619038	0.06378764659166336	0.16137585043907166	0.27996519207954407	0.3223133981227875	0.25438880920410156	-0.1466398686170578	-0.12480085343122482	-0.00685697328299284	0.05832882970571518	0.5269414782524109	0.5393732786178589	1.0	0.3145776391029358	0.6363347172737122	0.40025827288627625	0.26755937933921814	0.39402449131011963	0.2569229006767273	0.5262916088104248	0.2630501389503479	0.20164750516414642	0.43776121735572815	0.4856031537055969	0.20736171305179596	0.19591325521469116	0.20924556255340576	0.5656347870826721	0.3273061215877533	-0.1261139065027237	0.16589614748954773
THA-VAs-lh	-0.32915982604026794	-0.20160098373889923	-0.14778238534927368	0.09697268158197403	-0.08192743360996246	0.35237017273902893	0.4887044429779053	0.614517331123352	0.5251560807228088	0.1099781021475792	0.2468344271183014	0.12850041687488556	0.2523057460784912	-0.03871627524495125	0.2258262187242508	0.2566640377044678	0.5242853164672852	0.3724752366542816	-0.3016429841518402	-0.08496635407209396	-0.21763190627098083	0.4134950041770935	0.5078949332237244	-0.09106887876987457	0.11410754919052124	-0.2772332727909088	-0.21222615242004395	0.019518688321113586	0.316820353269577	-0.0333903469145298	0.1811031848192215	0.3145776391029358	1.0	0.3707693815231323	0.5019657015800476	0.14939826726913452	0.1273253858089447	0.24135515093803406	0.3305753767490387	0.2847195863723755	0.32640746235847473	0.48452720046043396	0.4991888105869293	-0.1811874806880951	-0.012837385758757591	-0.06597412377595901	0.2638799548149109	0.35815444588661194	-0.13066239655017853	-0.05198432505130768
THA-DAm-lh	-0.20249956846237183	-0.08431385457515717	-0.07823245972394943	0.02475372888147831	0.1599833369255066	0.3429848849773407	0.633478581905365	0.38149476051330566	0.5897824764251709	0.33429035544395447	0.07365494221448898	0.14116179943084717	0.1515396386384964	0.22343499958515167	-0.07843733578920364	-0.03498953580856323	0.23581184446811676	0.30796054005622864	-0.18041838705539703	-0.16209225356578827	0.17805664241313934	-0.051554180681705475	0.11971823126077652	0.38160544633865356	0.2647610008716583	-0.30638134479522705	-0.21614781022071838	0.08730769157409668	0.1745256781578064	0.4742976129055023	0.38345593214035034	0.6363347172737122	0.3707693815231323	1.0	0.7389617562294006	0.11285709589719772	0.2728027105331421	0.3378030061721802	0.35372117161750793	0.26918840408325195	0.08883798122406006	0.3833675682544708	0.5608511567115784	-0.09338153898715973	-0.14421346783638	0.3466123044490814	0.16316255927085876	0.17389751970767975	-0.060989703983068466	0.3249532878398895
THA-DAl-lh	-0.32679077982902527	-0.05014151707291603	-0.16346661746501923	0.055603981018066406	0.126702681183815	0.4657895267009735	0.5278651118278503	0.5810979604721069	0.7899670600891113	0.486086905002594	0.06173788383603096	0.17846417427062988	0.08276953548192978	0.2606826722621918	-0.0964096188545227	0.01528916135430336	0.28497111797332764	0.43045440316200256	-0.48264971375465393	-0.2822161614894867	0.09943638741970062	0.045201584696769714	0.2182067483663559	0.2762857973575592	0.3551355004310608	-0.285027414560318	-0.3139835000038147	0.023640962317585945	0.14603963494300842	0.29651179909706116	0.2833790183067322	0.40025827288627625	0.5019657015800476	0.7389617562294006	1.0	0.16859064996242523	0.26033690571784973	0.2397320568561554	0.28790438175201416	0.32695868611335754	0.1972636580467224	0.4705389142036438	0.5623228549957275	-0.3711755573749542	-0.18276938796043396	0.028222238644957542	0.07176217436790466	0.06862882524728775	0.11414498090744019	0.2973605990409851
PUT-VA-lh	0.3621697723865509	0.23769570887088776	0.26709723472595215	0.12506203353405	-0.03365412354469299	0.16213390231132507	0.11185095459222794	0.29645341634750366	0.3314548432826996	0.1091969683766365	0.45770636200904846	0.5398910641670227	0.21530801057815552	0.3883794844150543	0.36686262488365173	0.446647584438324	0.588384211063385	0.3978639543056488	0.20505347847938538	0.2658967971801758	-0.05939571186900139	0.2416069507598877	0.2899203896522522	-0.034396424889564514	0.23102040588855743	0.19802440702915192	0.12817583978176117	-0.1905461847782135	-0.07755797356367111	0.12010917067527771	0.11457006633281708	0.26755937933921814	0.14939826726913452	0.11285709589719772	0.16859064996242523	1.0	0.5529268980026245	0.05522153154015541	0.18088534474372864	0.3385540544986725	0.3473868668079376	0.3070512115955353	0.28998804092407227	-0.20933812856674194	0.2670278549194336	-0.2706814706325531	0.3906139135360718	0.327881783246994	-0.01077254954725504	0.4130151569843292
PUT-DA-l	0.15226390957832336	-0.06962349265813828	-0.016500869765877724	-0.043077077716588974	0.14030227065086365	0.3786904215812683	0.10514120012521744	0.11836985498666763	0.12137816101312637	0.21787767112255096	0.4546508193016052	0.6662116050720215	0.4359917640686035	0.5766836404800415	0.16693928837776184	0.34127646684646606	0.30172088742256165	0.3883773684501648	0.33430466055870056	0.4443412721157074	-0.0810759961605072	0.0831461027264595	0.14302431046962738	0.22259505093097687	0.1866522878408432	0.1319187730550766	-0.04402361437678337	-0.1480184644460678	0.11369609832763672	0.013826350681483746	0.1813666969537735	0.39402449131011963	0.1273253858089447	0.2728027105331421	0.26033690571784973	0.5529268980026245	1.0	0.2832687795162201	0.419175922870636	0.20195314288139343	0.21380823850631714	0.40723180770874023	0.3481843173503876	-0.06867124140262604	0.3842225968837738	-0.03274604678153992	0.23644600808620453	0.3674046993255615	-0.09858552366495132	0.22327940165996552
PUT-VP-lh	-0.03170888498425484	-0.10265982896089554	0.41761672496795654	0.38546496629714966	0.034200672060251236	0.21920464932918549	0.31080394983291626	0.26282989978790283	0.18002039194107056	0.10019081085920334	0.07609687000513077	0.08430416136980057	0.2721492648124695	0.003208794165402651	0.04544210061430931	0.044480688869953156	0.08981078863143921	0.21113379299640656	-0.02408912591636181	0.06130419671535492	0.08969133347272873	-0.010065407492220402	0.06883759796619415	0.30825668573379517	0.2757200002670288	-0.08966346830129623	0.3710780441761017	0.04469575360417366	0.22238416969776154	0.12027890980243683	0.12856626510620117	0.2569229006767273	0.24135515093803406	0.3378030061721802	0.2397320568561554	0.05522153154015541	0.2832687795162201	1.0	0.7406738996505737	0.14592453837394714	0.2684321701526642	0.283590167760849	0.24142423272132874	-0.07720378786325455	0.07219605892896652	-0.06843236088752747	0.0802440494298935	0.11941192299127579	-0.4877990484237671	0.19159449636936188
PUT-DP-lh	-0.038684215396642685	-0.20485854148864746	0.27779310941696167	0.2525094747543335	0.19637586176395416	0.3915939927101135	0.44561341404914856	0.38751524686813354	0.3123106062412262	0.05955653265118599	0.09727005660533905	0.3656645715236664	0.4112664759159088	0.2975296378135681	0.2453635185956955	0.21592415869235992	0.25956204533576965	0.35144543647766113	0.007772153243422508	0.1193392276763916	0.03657100722193718	-0.033839914947748184	0.09422213584184647	0.2680143415927887	0.25152361392974854	0.0492321141064167	0.2908002436161041	0.18447160720825195	0.22738182544708252	0.11922347545623779	0.3310545086860657	0.5262916088104248	0.3305753767490387	0.35372117161750793	0.28790438175201416	0.18088534474372864	0.419175922870636	0.7406738996505737	1.0	0.28464868664741516	0.4484257996082306	0.4824711084365845	0.3373083174228668	0.009179309941828251	0.2888658940792084	-0.00671604136005044	0.35841619968414307	0.24529361724853516	-0.4062441289424896	0.20773319900035858
