Node	DMN_LABEL_1	Vis_LABEL_2	FP_LABEL_3	Aud_LABEL_4	Tpole_LABEL_5	PMN_LABEL_6	PON_LABEL_7	MTL_LABEL_8	PON_LABEL_9	CO_LABEL_10	Sal_LABEL_11	CO_LABEL_12	SMd_LABEL_13	SMl_LABEL_14	DAN_LABEL_15	DMN_LABEL_16	CO_LABEL_17	DMN_LABEL_18	VAN_LABEL_19	CO_LABEL_20	CO_LABEL_21	Sal_LABEL_22	DAN_LABEL_23	PMN_LABEL_24	DAN_LABEL_25	DMN_LABEL_26	DMN_LABEL_27	DMN_LABEL_28	Vis_LABEL_29	FP_LABEL_30	Aud_LABEL_31	Tpole_LABEL_32	PMN_LABEL_33	PON_LABEL_34	MTL_LABEL_35	CO_LABEL_36	Sal_LABEL_37	CO_LABEL_38	SMd_LABEL_39	SMl_LABEL_40	DAN_LABEL_41	CO_LABEL_42	VAN_LABEL_43	CO_LABEL_44	CO_LABEL_45	Sal_LABEL_46	DAN_LABEL_47	PMN_LABEL_48	DAN_LABEL_49	DMN_LABEL_50	FP_LABEL_51	DMN_LABEL_52	DMN_LABEL_53	PON_LABEL_54	DMN_LABEL_55	Tpole_LABEL_56	Tpole_LABEL_57	Sal_LABEL_58	Sal_LABEL_59	SMd_LABEL_60	DAN_LABEL_61	FP_LABEL_62	DMN_LABEL_63	FP_LABEL_64	FP_LABEL_65	SMd_LABEL_66	SMl_LABEL_67	SMd_LABEL_68	DMN_LABEL_69	DAN_LABEL_70	DMN_LABEL_71	FP_LABEL_72	SMd_LABEL_73	SMl_LABEL_74	MTL_LABEL_75	MTL_LABEL_76	CO_LABEL_77	CO_LABEL_78	Vis_LABEL_79	Vis_LABEL_80
DMN_LABEL_1	1.0	-0.3423866629600525	-0.4186054468154907	-0.34728989005088806	0.05465630814433098	0.3651341497898102	0.37963318824768066	n/a	0.04007235914468765	-0.2370317280292511	0.48155689239501953	-0.2982841730117798	-0.3678191900253296	-0.04903707280755043	0.09897293150424957	0.7182607054710388	-0.39995208382606506	0.7699864506721497	-0.006213985849171877	-0.3349543809890747	-0.4614686369895935	0.16411526501178741	-0.005868295673280954	0.38394543528556824	-0.25579124689102173	0.5364580154418945	0.35064181685447693	0.18610885739326477	-0.3720148801803589	-0.5570760369300842	-0.3572331368923187	0.058925628662109375	0.29491177201271057	0.3742425739765167	n/a	-0.30913859605789185	-0.05932382121682167	-0.2422156184911728	-0.19178429245948792	-0.013883374631404877	-0.28894948959350586	-0.2814943492412567	-0.14035335183143616	-0.2582072615623474	-0.4537290036678314	0.4255945384502411	-0.10330409556627274	0.29598188400268555	-0.4568568766117096	0.36210474371910095	-0.19510947167873383	0.3949325680732727	0.4982091188430786	0.1635063886642456	0.5279409885406494	0.12552495300769806	0.15614522993564606	-0.2210012525320053	-0.3326238989830017	-0.0791611447930336	-0.24021469056606293	-0.24124638736248016	0.45206162333488464	-0.08726313710212708	-0.22131377458572388	-0.2155473381280899	0.09969247877597809	-0.07670705765485764	0.4611397981643677	-0.08019088208675385	0.4262653887271881	-0.14748360216617584	-0.30162447690963745	0.0635664314031601	0.22866548597812653	0.19899599254131317	-0.007389334496110678	-0.3854880630970001	0.07059033960103989	-0.23322317004203796
Vis_LABEL_2	-0.3423866629600525	1.0	-0.009529314935207367	0.24940569698810577	-0.1186595931649208	-0.02021426148712635	-0.34511497616767883	n/a	0.2710385024547577	0.4125232398509979	-0.06316976994276047	0.29024529457092285	0.15915252268314362	0.05457707867026329	0.1676543802022934	-0.3101002275943756	0.29817691445350647	-0.36527353525161743	-0.15306590497493744	0.035432882606983185	0.3964962959289551	0.009894578717648983	0.3275403380393982	-0.190407395362854	0.3041049838066101	-0.6133482456207275	0.13475418090820312	-0.3289850950241089	0.9428277611732483	-0.1010609045624733	0.2622300088405609	0.13256122171878815	0.0934835821390152	-0.23315301537513733	n/a	0.4758143126964569	0.047417785972356796	0.24425837397575378	0.14246948063373566	-0.08205609023571014	-0.02131967805325985	0.4247254729270935	0.01903514191508293	0.32342997193336487	0.38234829902648926	-0.0771368145942688	0.4329160153865814	-0.011175653897225857	0.019515659660100937	-0.3523566722869873	-0.4273510277271271	-0.6257920265197754	-0.43882668018341064	0.22221699357032776	-0.4350820481777191	-0.14888544380664825	0.04016980901360512	0.4198770225048065	0.1843135803937912	0.2042877972126007	0.4026404321193695	-0.17419539391994476	-0.23059426248073578	-0.2547331750392914	-0.11763419955968857	-0.01692924275994301	-0.056687142699956894	0.3305622935295105	-0.03949236124753952	0.23823751509189606	-0.28281283378601074	-0.19805380702018738	0.20958968997001648	-0.01802479662001133	-0.26377391815185547	-0.18559415638446808	0.20334851741790771	0.2656876742839813	0.33897459506988525	0.27231365442276
FP_LABEL_3	-0.4186054468154907	-0.009529314935207367	1.0	-0.08903996646404266	-0.1334170401096344	-0.17568594217300415	-0.3590252995491028	n/a	-0.20111532509326935	-0.2808787524700165	-0.2756519317626953	0.06882596015930176	0.02736126258969307	-0.3760128617286682	-0.13965508341789246	-0.36252257227897644	-0.0643448755145073	-0.48734113574028015	-0.08300077170133591	0.01347674336284399	0.1725309193134308	-0.10363057255744934	0.07675348967313766	-0.27205586433410645	0.27695977687835693	-0.01910325139760971	-0.44444021582603455	-0.07860502600669861	-0.006558912806212902	0.3659021258354187	-0.02378152497112751	-0.28302618861198425	-0.1254950910806656	-0.4181962013244629	n/a	-0.19130109250545502	-0.3030944764614105	-0.02533847652375698	0.09682150930166245	-0.2688910663127899	0.42147567868232727	0.012586822733283043	0.1021447405219078	0.062024399638175964	0.11262575536966324	-0.3606352210044861	0.09309364855289459	-0.28190284967422485	0.43840593099594116	-0.5148332715034485	0.07928447425365448	-0.11801876127719879	-0.379544734954834	-0.3397290110588074	-0.4079117774963379	-0.025330252945423126	-0.2224554866552353	0.1848306953907013	0.393797367811203	-0.062184467911720276	-0.0727401003241539	0.04804600775241852	-0.6801397800445557	-0.01924562267959118	0.29797887802124023	0.07457462698221207	-0.0793858990073204	-0.23252125084400177	-0.37435010075569153	0.22451704740524292	-0.46350476145744324	0.2122269719839096	0.06937279552221298	-0.2948172688484192	-0.2032259702682495	-0.2261398583650589	-0.16700895130634308	0.17084795236587524	0.0010068673873320222	0.0001097799904528074
Aud_LABEL_4	-0.34728989005088806	0.24940569698810577	-0.08903996646404266	1.0	-0.17577163875102997	0.055377379059791565	-0.03955981135368347	n/a	0.38405874371528625	0.29277780652046204	-0.08441570401191711	0.12294891476631165	0.23753966391086578	0.18306413292884827	0.09994243830442429	-0.42794328927993774	0.4269616901874542	-0.33158400654792786	0.038036540150642395	0.3571743965148926	0.5162653923034668	0.28292590379714966	0.007809027563780546	0.05852566659450531	0.26795414090156555	-0.3526463508605957	-0.2301049530506134	-0.4583842158317566	0.35426953434944153	0.1764124184846878	0.9071799516677856	-0.16919054090976715	0.036357998847961426	0.0187113955616951	n/a	0.24345408380031586	0.024707218632102013	0.08167301118373871	0.2674292325973511	0.15907320380210876	0.15526928007602692	0.3578338027000427	0.2666982114315033	0.11246894299983978	0.35490721464157104	-0.21321293711662292	0.15755541622638702	0.1161334365606308	0.02286289632320404	-0.2984781563282013	0.04249586910009384	-0.3416188359260559	-0.3096676468849182	0.2086656093597412	-0.40550369024276733	0.1522219479084015	0.01162642240524292	0.25557461380958557	-0.054493118077516556	0.1621432602405548	0.17446653544902802	0.1748368889093399	-0.14209365844726562	-0.050064168870449066	0.1426166594028473	0.190111443400383	0.14426042139530182	0.14774341881275177	-0.23688264191150665	-0.027473175898194313	-0.22749218344688416	-0.02739691734313965	0.23539158701896667	0.381298691034317	-0.19062894582748413	-0.21986660361289978	0.2923277020454407	0.207376629114151	0.12236414849758148	0.3379696011543274
Tpole_LABEL_5	0.05465630814433098	-0.1186595931649208	-0.1334170401096344	-0.17577163875102997	1.0	0.16687288880348206	0.02426258474588394	n/a	-0.015374459326267242	0.3600509464740753	0.3294755816459656	0.2274237871170044	0.10198726505041122	0.1948271542787552	-0.01625165157020092	-0.032584626227617264	0.24692410230636597	-0.03165276721119881	-0.1320129632949829	0.16884416341781616	0.19352185726165771	0.20983575284481049	0.15094919502735138	0.1865590363740921	0.27820223569869995	0.007602302823215723	0.43911781907081604	0.1633618175983429	-0.03530226647853851	-0.358678936958313	-0.15582621097564697	0.8631342649459839	-0.030975012108683586	-0.01892208866775036	n/a	0.22810445725917816	0.254752516746521	0.3040693998336792	-0.11190555989742279	0.22819723188877106	-0.25760510563850403	0.2220766246318817	-0.3386637568473816	0.5387530326843262	0.15372289717197418	0.2318510115146637	0.07890021055936813	0.0203271321952343	-0.10921522974967957	-0.10376573354005814	-0.24955272674560547	-0.25875335931777954	-0.21842129528522491	0.16252203285694122	-0.12965549528598785	0.4021957814693451	0.625067949295044	-0.2307351976633072	-0.08969932049512863	-0.3971976041793823	-0.017325058579444885	-0.23869554698467255	-0.030742160975933075	-0.4358091652393341	-0.3156709372997284	-0.29743286967277527	-0.08828584104776382	-0.5361183285713196	0.32701173424720764	0.1641998142004013	-0.336392879486084	0.0678841769695282	-0.051465652883052826	-0.09430890530347824	0.2622646987438202	0.28037282824516296	-0.2980240285396576	-0.22413916885852814	-0.10350582003593445	0.009191284887492657
PMN_LABEL_6	0.3651341497898102	-0.02021426148712635	-0.17568594217300415	0.055377379059791565	0.16687288880348206	1.0	0.2564490735530853	n/a	0.4410681426525116	0.18127097189426422	0.20505104959011078	0.09274198859930038	-0.05533056706190109	-0.27120256423950195	0.024225113913416862	0.24110187590122223	-0.13897621631622314	0.08590742945671082	-0.18421809375286102	-0.055592164397239685	-0.06746531277894974	0.16664940118789673	0.3701138198375702	0.8619652986526489	0.20548221468925476	-0.007473895326256752	0.21638694405555725	-0.12531568109989166	0.0005846424610354006	-0.3399863839149475	-0.009669830091297626	0.15270167589187622	0.8444637656211853	0.19156885147094727	n/a	-0.024181893095374107	0.1882828176021576	0.04229133203625679	0.09221655875444412	-0.24228517711162567	-0.17323991656303406	0.10520753264427185	-0.2640681862831116	0.16815167665481567	-0.04376685246825218	0.073415108025074	0.29053008556365967	0.6516705751419067	-0.06686332821846008	0.005860107950866222	-0.32790908217430115	-0.20513758063316345	-0.02668134495615959	0.40250125527381897	-0.1389971226453781	0.16538135707378387	0.17810191214084625	-0.13644331693649292	-0.052550606429576874	-0.15346798300743103	0.03271185979247093	-0.23843726515769958	0.0117316460236907	-0.4857037365436554	-0.36491701006889343	0.0466989241540432	-0.10322894155979156	-0.11536538600921631	0.11369514465332031	0.03937765955924988	-0.11461492627859116	-0.21596622467041016	-0.07689320296049118	-0.09524452686309814	0.07583903521299362	0.22158648073673248	-0.005073533393442631	0.03840088099241257	0.0472007654607296	-0.18182113766670227
PON_LABEL_7	0.37963318824768066	-0.34511497616767883	-0.3590252995491028	-0.03955981135368347	0.02426258474588394	0.2564490735530853	1.0	n/a	0.456490159034729	0.01897069625556469	0.303104966878891	-0.1828160434961319	-0.21119414269924164	0.10626529902219772	-0.03764825686812401	0.3183439075946808	-0.1822904497385025	0.41409003734588623	0.1939343363046646	-0.10600846260786057	-0.2691023051738739	0.1154058501124382	0.0970185250043869	0.5019286274909973	-0.025377029553055763	0.3815811276435852	0.16180561482906342	-0.07327233999967575	-0.34597691893577576	-0.11277449876070023	-0.015864090994000435	-0.01585281826555729	0.21962608397006989	0.9534990787506104	n/a	-0.2573341727256775	0.09300803393125534	-0.15507172048091888	-0.014822208322584629	0.1994214653968811	-0.24859900772571564	-0.2625546455383301	-0.003784226020798087	-0.29131338000297546	-0.3027579188346863	0.18536782264709473	-0.11805221438407898	0.5269623398780823	-0.06449419260025024	0.20632848143577576	0.07753796130418777	0.16831867396831512	0.422428697347641	0.5435135960578918	0.20008818805217743	0.024381665512919426	0.1400015950202942	-0.040944844484329224	-0.314594030380249	0.05425054952502251	-0.0011725251097232103	-0.2902073860168457	0.16584956645965576	0.1122690960764885	-0.09071309864521027	-0.0862174928188324	0.22576434910297394	0.07748554646968842	0.07884668558835983	-0.1996975839138031	0.21669964492321014	-0.2347887009382248	-0.3270309567451477	0.1756419688463211	0.5072556138038635	0.5760079622268677	0.1445252001285553	-0.10133599489927292	-0.018996041268110275	0.04159396514296532
MTL_LABEL_8	n/a	n/a	n/a	n/a	n/a	n/a	n/a	1.0	n/a	n/a	n/a	n/a	n/a	n/a	n/a	n/a	n/a	n/a	n/a	n/a	n/a	n/a	n/a	n/a	n/a	n/a	n/a	n/a	n/a	n/a	n/a	n/a	n/a	n/a	n/a	n/a	n/a	n/a	n/a	n/a	n/a	n/a	n/a	n/a	n/a	n/a	n/a	n/a	n/a	n/a	n/a	n/a	n/a	n/a	n/a	n/a	n/a	n/a	n/a	n/a	n/a	n/a	n/a	n/a	n/a	n/a	n/a	n/a	n/a	n/a	n/a	n/a	n/a	n/a	n/a	n/a	n/a	n/a	n/a	n/a
PON_LABEL_9	0.04007235914468765	0.2710385024547577	-0.20111532509326935	0.38405874371528625	-0.015374459326267242	0.4410681426525116	0.456490159034729	n/a	1.0	0.44507068395614624	0.18310028314590454	0.07543715834617615	0.0106141222640872	0.0190874096006155	0.16818515956401825	-0.03685468062758446	0.18763381242752075	-0.056474898010492325	-0.10377371311187744	0.10144506394863129	0.14822135865688324	0.28782597184181213	0.37127628922462463	0.4714614450931549	0.34082263708114624	-0.22484441101551056	0.16001808643341064	-0.4143085479736328	0.29784590005874634	-0.12409549206495285	0.37484002113342285	0.09882241487503052	0.3679419755935669	0.5091912150382996	n/a	0.13830877840518951	0.16586977243423462	0.017933422699570656	0.16965936124324799	0.0004220477130729705	-0.20382505655288696	0.2688245177268982	-0.05874687060713768	0.017726870253682137	0.17505291104316711	0.03201747313141823	0.25512316823005676	0.5102894306182861	0.06055058538913727	-0.17957983911037445	-0.2583550810813904	-0.3171522617340088	-0.02779848501086235	0.8928737640380859	-0.26171475648880005	0.17156077921390533	0.08708324283361435	0.06928539276123047	-0.14589126408100128	0.10909933596849442	0.29846692085266113	-0.21986380219459534	-0.09918360412120819	-0.2107003629207611	-0.05718589201569557	0.0984070897102356	0.07471120357513428	0.07138875871896744	-0.23365402221679688	-0.018042810261249542	-0.1445237249135971	-0.21745312213897705	-0.008287626318633556	0.1833578646183014	0.3307400643825531	0.31877610087394714	0.11605710536241531	0.09873519092798233	0.13139458000659943	0.1054992526769638
CO_LABEL_10	-0.2370317280292511	0.4125232398509979	-0.2808787524700165	0.29277780652046204	0.3600509464740753	0.18127097189426422	0.01897069625556469	n/a	0.44507068395614624	1.0	0.11359746754169464	0.6173926591873169	0.37006711959838867	0.3150736093521118	0.25228050351142883	-0.3444278836250305	0.6647568941116333	-0.27137476205825806	-0.15095257759094238	0.4330267012119293	0.6242908239364624	0.20093345642089844	0.41317495703697205	0.1214078739285469	0.30387386679649353	-0.641808032989502	0.25277870893478394	-0.4036217927932739	0.4489578902721405	-0.21828752756118774	0.3190784156322479	0.33927789330482483	0.15695253014564514	0.09199870377779007	n/a	0.7025237679481506	0.42914295196533203	0.6205713152885437	0.3160037100315094	0.1566806584596634	-0.23105956614017487	0.5976904034614563	-0.08301641792058945	0.5707001090049744	0.6688129305839539	0.005523195024579763	0.40540626645088196	0.2529259920120239	0.04760032892227173	-0.2742806077003479	-0.42585334181785583	-0.5453497767448425	-0.3914196491241455	0.5116898417472839	-0.34838342666625977	0.05153150483965874	0.09710443019866943	0.2337028682231903	0.236146479845047	0.11035752296447754	0.516655445098877	-0.07306857407093048	-0.10725104808807373	-0.19863128662109375	-0.42005839943885803	0.005782773718237877	-0.062294792383909225	0.09000500291585922	-0.008786337450146675	0.3927850127220154	-0.2814387083053589	-0.22224070131778717	0.23372189700603485	0.2087455838918686	0.26997026801109314	0.3353586196899414	0.08036306500434875	0.05491257831454277	0.10918645560741425	0.03621452674269676
Sal_LABEL_11	0.48155689239501953	-0.06316976994276047	-0.2756519317626953	-0.08441570401191711	0.3294755816459656	0.20505104959011078	0.303104966878891	n/a	0.18310028314590454	0.11359746754169464	1.0	0.10405462235212326	-0.09492956101894379	-0.0547352209687233	-0.017044369131326675	0.5224974751472473	-0.21235567331314087	0.4155484139919281	0.03349031135439873	-0.06056181713938713	-0.033454641699790955	0.6618983149528503	0.10655365139245987	0.2686890959739685	0.07345693558454514	0.2031102180480957	0.7166571617126465	0.21960560977458954	-0.02409462444484234	-0.38335150480270386	-0.1279839724302292	0.31894975900650024	0.18496820330619812	0.28323233127593994	n/a	0.00860545877367258	0.45932620763778687	-0.2190510481595993	-0.05622700974345207	0.014764061197638512	-0.41325733065605164	-0.19953756034374237	-0.02832666039466858	-0.023020656779408455	-0.051160991191864014	0.6246545910835266	-0.060905393213033676	0.2065214365720749	-0.33974751830101013	0.1955549567937851	-0.234879270195961	-0.14650624990463257	0.2014523446559906	0.25443705916404724	0.190289705991745	0.13890843093395233	0.19408656656742096	0.13046254217624664	-0.10522216558456421	0.003508735680952668	-0.06429393589496613	-0.2879694104194641	0.16215835511684418	-0.19271071255207062	-0.04558805003762245	-0.271034836769104	0.08299940079450607	-0.11187489330768585	0.424536794424057	-0.14812622964382172	0.08186569064855576	-0.016019297763705254	-0.3357730209827423	-0.07022017985582352	0.07025613635778427	0.13068807125091553	0.014617649838328362	-0.5135478377342224	0.07570555061101913	0.1774052232503891
CO_LABEL_12	-0.2982841730117798	0.29024529457092285	0.06882596015930176	0.12294891476631165	0.2274237871170044	0.09274198859930038	-0.1828160434961319	n/a	0.07543715834617615	0.6173926591873169	0.10405462235212326	1.0	0.22028514742851257	-0.0453706830739975	0.09509795904159546	-0.22457951307296753	0.5051358342170715	-0.3443237543106079	-0.30705195665359497	0.2860921621322632	0.5259585380554199	0.14816886186599731	0.3321021795272827	0.09749087691307068	0.18991823494434357	-0.5018777847290039	0.33812397718429565	-0.05052953585982323	0.26310285925865173	-0.14759668707847595	0.04124121367931366	0.0982298031449318	0.11372751742601395	-0.14834144711494446	n/a	0.5205166935920715	0.40798965096473694	0.5944225192070007	0.1066015362739563	-0.08034760504961014	-0.1720399260520935	0.41335681080818176	-0.13081404566764832	0.5031718015670776	0.5534742474555969	0.023974604904651642	0.16054242849349976	0.17508649826049805	0.12584324181079865	-0.12203105539083481	-0.35514625906944275	-0.39883217215538025	-0.3939943015575409	0.1657036691904068	-0.223514124751091	-0.12337838858366013	-0.12473495304584503	0.2172631025314331	0.32971030473709106	0.0015465669566765428	0.49554792046546936	-0.0882560983300209	-0.14753767848014832	-0.14836764335632324	-0.27618327736854553	-0.15536704659461975	-0.26319801807403564	-0.027577068656682968	0.05393248423933983	0.5849144458770752	-0.22337692975997925	-0.0861716940999031	0.007493477314710617	-0.18250763416290283	-0.09363821893930435	-0.013108322396874428	0.11818306148052216	-0.0835665836930275	0.12740664184093475	-0.05430609732866287
SMd_LABEL_13	-0.3678191900253296	0.15915252268314362	0.02736126258969307	0.23753966391086578	0.10198726505041122	-0.05533056706190109	-0.21119414269924164	n/a	0.0106141222640872	0.37006711959838867	-0.09492956101894379	0.22028514742851257	1.0	0.3394419550895691	0.5121005177497864	-0.5532826781272888	0.5612383484840393	-0.40969938039779663	-0.1349005550146103	0.538868248462677	0.28624776005744934	-0.10685226321220398	0.4524930715560913	-0.24921803176403046	0.428423672914505	-0.5990902185440063	-0.004612205550074577	-0.4754294455051422	0.17428912222385406	-0.12902486324310303	0.35954466462135315	0.2161446213722229	-0.1769193410873413	-0.16275939345359802	n/a	0.31826746463775635	0.09856583923101425	0.4620799124240875	0.6936908960342407	0.13360927999019623	0.14781534671783447	0.4029490053653717	-0.05169619247317314	0.4038330912590027	0.38953036069869995	-0.07250729203224182	0.32236620783805847	-0.2979319095611572	0.4497358798980713	-0.35592371225357056	-0.43090108036994934	-0.17153848707675934	-0.15268681943416595	-0.017850736156105995	-0.06487402319908142	0.21228528022766113	0.18429504334926605	0.21009278297424316	0.22662419080734253	0.2905048727989197	0.27407076954841614	-0.00883257295936346	-0.255567729473114	-0.15657809376716614	-0.03992743790149689	0.40193650126457214	0.13511255383491516	0.4279022812843323	-0.3386124074459076	0.03312402963638306	-0.22888793051242828	-0.05460011214017868	0.5633530616760254	0.15279658138751984	-0.05404122546315193	-0.0017822597874328494	0.17827607691287994	0.1532207578420639	-0.46688970923423767	-0.029075073078274727
SMl_LABEL_14	-0.04903707280755043	0.05457707867026329	-0.3760128617286682	0.18306413292884827	0.1948271542787552	-0.27120256423950195	0.10626529902219772	n/a	0.0190874096006155	0.3150736093521118	-0.0547352209687233	-0.0453706830739975	0.3394419550895691	1.0	0.1724916696548462	-0.1936298906803131	0.5156435370445251	0.008852029219269753	0.05245690420269966	0.3221813440322876	0.20436550676822662	-0.02603652887046337	0.01949688419699669	-0.27163180708885193	0.03627792000770569	-0.17780287563800812	0.03287693113088608	-0.161148801445961	0.09277966618537903	-0.18109039962291718	0.17085427045822144	0.27502530813217163	-0.2587985694408417	0.21010619401931763	n/a	0.36979013681411743	0.05407008156180382	0.3971099257469177	0.19337205588817596	0.9034700393676758	-0.11011391878128052	0.3441413640975952	-0.04902443289756775	0.1621459424495697	0.22529973089694977	0.06627669930458069	0.05681478604674339	-0.16715823113918304	-0.06742558628320694	-0.04123419150710106	-0.13297785818576813	-0.06223791837692261	0.07141806930303574	0.0992017537355423	0.14699001610279083	0.06524951010942459	0.2646893262863159	-0.0682767704129219	-0.15516741573810577	0.15202274918556213	0.12969228625297546	-0.025449927896261215	0.06382542848587036	0.05106893926858902	-0.1239352896809578	0.24697595834732056	0.5787583589553833	0.2575892210006714	0.007015994284301996	-0.03278426080942154	0.07841023802757263	0.008656644262373447	0.4808673560619354	0.743710458278656	0.02873958647251129	0.058210987597703934	0.22677527368068695	0.23922869563102722	-0.20095466077327728	0.04209176078438759
DAN_LABEL_15	0.09897293150424957	0.1676543802022934	-0.13965508341789246	0.09994243830442429	-0.01625165157020092	0.024225113913416862	-0.03764825686812401	n/a	0.16818515956401825	0.25228050351142883	-0.017044369131326675	0.09509795904159546	0.5121005177497864	0.1724916696548462	1.0	-0.18737967312335968	0.3130302429199219	0.05358821898698807	-0.19165077805519104	0.22078479826450348	0.05501415953040123	-0.17782944440841675	0.675969123840332	-0.07581858336925507	0.41325926780700684	-0.31043386459350586	0.17512524127960205	-0.46108245849609375	0.20514893531799316	-0.46874892711639404	0.29911258816719055	0.07443199306726456	-0.15252435207366943	0.003607038175687194	n/a	0.19396264851093292	-0.15367789566516876	0.3510310649871826	0.551286518573761	-0.05880400910973549	0.372547447681427	0.2149154096841812	-0.11054738610982895	0.224807471036911	0.0700450912117958	-0.08514776080846786	0.4864179491996765	-0.24039913713932037	0.23506250977516174	-0.20337851345539093	-0.5194827914237976	-0.06516999006271362	0.04252542927861214	0.21029315888881683	0.07909201085567474	0.30328649282455444	0.20147481560707092	0.24525907635688782	0.028837677091360092	0.5003135204315186	0.3199809491634369	-0.1452711522579193	0.13895845413208008	-0.3167766034603119	-0.3766704499721527	0.024621687829494476	0.21451085805892944	0.4432261884212494	-0.13855521380901337	0.09617487341165543	0.11389593034982681	-0.03199189901351929	0.09010627120733261	0.16616326570510864	0.036416199058294296	0.02212277427315712	0.08718738704919815	-0.023673415184020996	-0.3373602330684662	-0.15428929030895233
DMN_LABEL_16	0.7182607054710388	-0.3101002275943756	-0.36252257227897644	-0.42794328927993774	-0.032584626227617264	0.24110187590122223	0.3183439075946808	n/a	-0.03685468062758446	-0.3444278836250305	0.5224974751472473	-0.22457951307296753	-0.5532826781272888	-0.1936298906803131	-0.18737967312335968	1.0	-0.6739787459373474	0.666743278503418	0.16326816380023956	-0.4861616790294647	-0.5611730217933655	0.23522521555423737	-0.20002904534339905	0.42243027687072754	-0.4469168186187744	0.5183877944946289	0.39471763372421265	0.557284414768219	-0.35305020213127136	-0.25217488408088684	-0.5270398855209351	-0.03186110779643059	0.3157317042350769	0.2603566348552704	n/a	-0.39747354388237	0.15890584886074066	-0.5152338743209839	-0.38212138414382935	-0.11767276376485825	-0.42770081758499146	-0.5801467299461365	-0.06001274287700653	-0.4186694920063019	-0.5757055878639221	0.48700150847435	-0.3726261854171753	0.3333284556865692	-0.5566736459732056	0.7031864523887634	0.08921884745359421	0.29722848534584045	0.4489213824272156	0.033252473920583725	0.4511341154575348	-0.13523611426353455	-0.02136523462831974	-0.18694226443767548	-0.3016650974750519	-0.17107756435871124	-0.33513301610946655	-0.12339098006486893	0.5170126557350159	0.08431854099035263	-0.04950477182865143	-0.263488233089447	0.042752161622047424	-0.10119044035673141	0.4462461471557617	-0.2852712869644165	0.5298774838447571	-0.10083522647619247	-0.4673430621623993	-0.15676558017730713	-0.0024604550562798977	0.009402189403772354	-0.019745564088225365	-0.43855780363082886	0.07512683421373367	-0.030707916244864464
CO_LABEL_17	-0.39995208382606506	0.29817691445350647	-0.0643448755145073	0.4269616901874542	0.24692410230636597	-0.13897621631622314	-0.1822904497385025	n/a	0.18763381242752075	0.6647568941116333	-0.21235567331314087	0.5051358342170715	0.5612383484840393	0.5156435370445251	0.3130302429199219	-0.6739787459373474	1.0	-0.4314873516559601	-0.2535274922847748	0.6475341320037842	0.6318475008010864	-0.08578778058290482	0.37295815348625183	-0.2360093593597412	0.4310804605484009	-0.5556670427322388	-0.016062218695878983	-0.47724559903144836	0.36488401889801025	-0.12089187651872635	0.4366382360458374	0.2466484159231186	-0.16212697327136993	-0.06425926089286804	n/a	0.6028013229370117	0.07847879827022552	0.7833738327026367	0.3284549415111542	0.36893537640571594	0.04408533498644829	0.8359768390655518	-0.1275099664926529	0.6203651428222656	0.6614288091659546	-0.2729615271091461	0.4205824136734009	-0.1371452510356903	0.3513524830341339	-0.47811105847358704	-0.38165971636772156	-0.35785600543022156	-0.36280959844589233	0.2420279085636139	-0.2629159986972809	0.17759066820144653	0.1493680328130722	0.10441997647285461	0.1066877469420433	0.10354064404964447	0.5275686979293823	0.0660376101732254	-0.26064538955688477	-0.14994370937347412	-0.08890485018491745	0.2329566329717636	0.1050884872674942	0.09944268316030502	-0.10311641544103622	0.38478660583496094	-0.31787192821502686	-0.05204807594418526	0.47511041164398193	0.39720815420150757	0.08174989372491837	0.09016431868076324	0.1631811410188675	0.3269634246826172	-0.11856114119291306	0.08765899389982224
DMN_LABEL_18	0.7699864506721497	-0.36527353525161743	-0.48734113574028015	-0.33158400654792786	-0.03165276721119881	0.08590742945671082	0.41409003734588623	n/a	-0.056474898010492325	-0.27137476205825806	0.4155484139919281	-0.3443237543106079	-0.40969938039779663	0.008852029219269753	0.05358821898698807	0.666743278503418	-0.4314873516559601	1.0	0.03785211592912674	-0.4060615003108978	-0.4077436029911041	0.004369642119854689	-0.20548143982887268	0.1479843109846115	-0.2696268856525421	0.6400445699691772	0.30547061562538147	0.21895533800125122	-0.35834357142448425	-0.40705612301826477	-0.3456231653690338	-0.010183150880038738	0.016537532210350037	0.4013696312904358	n/a	-0.2310834676027298	-0.11989111453294754	-0.305982381105423	-0.19749154150485992	0.06126413494348526	-0.13858453929424286	-0.45069435238838196	-0.16164711117744446	-0.37586793303489685	-0.4574103355407715	0.25553447008132935	-0.18240639567375183	0.026022663339972496	-0.44591984152793884	0.47005364298820496	0.03329688683152199	0.5156819224357605	0.7206904888153076	0.06294920295476913	0.5977896451950073	0.0395548976957798	0.09607656300067902	-0.26792699098587036	-0.41026872396469116	0.1380758136510849	-0.17774899303913116	-0.14924518764019012	0.6179009079933167	0.04748930782079697	-0.15397855639457703	-0.16788776218891144	0.25097912549972534	0.016775254160165787	0.5185072422027588	-0.30899035930633545	0.7067485451698303	-0.020247094333171844	-0.3570154905319214	0.214140385389328	0.22888168692588806	0.07885860651731491	0.11815303564071655	-0.2816799283027649	0.08915340155363083	-0.12263491749763489
VAN_LABEL_19	-0.006213985849171877	-0.15306590497493744	-0.08300077170133591	0.038036540150642395	-0.1320129632949829	-0.18421809375286102	0.1939343363046646	n/a	-0.10377371311187744	-0.15095257759094238	0.03349031135439873	-0.30705195665359497	-0.1349005550146103	0.05245690420269966	-0.19165077805519104	0.16326816380023956	-0.2535274922847748	0.03785211592912674	1.0	-0.26836806535720825	-0.33001822233200073	-0.05913626402616501	-0.34485554695129395	-0.09675619006156921	-0.3046717941761017	0.16748329997062683	-0.1205015704035759	0.06009114906191826	-0.186655193567276	0.2885230481624603	0.12870687246322632	-0.2609505355358124	-0.11293822526931763	0.11655160039663315	n/a	-0.38009902834892273	-0.05167650803923607	-0.4448632299900055	-0.22114011645317078	0.01283756922930479	-0.11950626224279404	-0.3730107843875885	0.7933951616287231	-0.24199530482292175	-0.4216966927051544	-0.06201420724391937	-0.39972028136253357	-0.04942532256245613	-0.18553857505321503	0.05510011315345764	0.3681640923023224	0.034555304795503616	-0.13725560903549194	-0.21984177827835083	-0.13005313277244568	-0.2380937784910202	-0.11500681191682816	0.19254352152347565	0.08366785943508148	-0.16609179973602295	-0.4670288860797882	-0.026827938854694366	-0.010014424100518227	0.34966376423835754	0.177964985370636	-0.27728208899497986	-0.05313747748732567	0.06268815696239471	0.14161424338817596	-0.15440446138381958	0.2777235805988312	-0.08302762359380722	0.009765426628291607	0.001583899138495326	0.10195636749267578	-0.004437906201928854	-0.060266103595495224	-0.0403832383453846	-0.08835223317146301	0.19208000600337982
CO_LABEL_20	-0.3349543809890747	0.035432882606983185	0.01347674336284399	0.3571743965148926	0.16884416341781616	-0.055592164397239685	-0.10600846260786057	n/a	0.10144506394863129	0.4330267012119293	-0.06056181713938713	0.2860921621322632	0.538868248462677	0.3221813440322876	0.22078479826450348	-0.4861616790294647	0.6475341320037842	-0.4060615003108978	-0.26836806535720825	1.0	0.48700016736984253	0.1263294667005539	0.3646889925003052	-0.06043035909533501	0.3909130394458771	-0.47492989897727966	-0.07538726180791855	-0.35989493131637573	0.1095752939581871	-0.029799479991197586	0.3733114004135132	0.11531487852334976	-0.012452633120119572	-0.06704501062631607	n/a	0.268903523683548	0.2645866870880127	0.5540575385093689	0.4176765978336334	0.21560215950012207	0.0788697749376297	0.4386950731277466	-0.23612721264362335	0.5125873684883118	0.4938185513019562	0.04060925915837288	0.3056119978427887	0.019015289843082428	0.4246585965156555	-0.19195258617401123	-0.30508121848106384	-0.15193554759025574	-0.14906902611255646	0.06628929078578949	-0.08999314159154892	0.18061473965644836	0.12199465930461884	0.24194681644439697	0.2963951826095581	0.1143258661031723	0.2295321226119995	0.13342271745204926	-0.1487535536289215	-0.1320267915725708	0.017001984640955925	0.22481411695480347	0.20589521527290344	0.015523109585046768	-0.22637729346752167	0.22916169464588165	-0.35681185126304626	-0.01687917485833168	0.19013117253780365	0.21183979511260986	-0.030564920976758003	0.07563173025846481	-0.014340421184897423	-0.05857248976826668	-0.22287774085998535	0.019516633823513985
CO_LABEL_21	-0.4614686369895935	0.3964962959289551	0.1725309193134308	0.5162653923034668	0.19352185726165771	-0.06746531277894974	-0.2691023051738739	n/a	0.14822135865688324	0.6242908239364624	-0.033454641699790955	0.5259585380554199	0.28624776005744934	0.20436550676822662	0.05501415953040123	-0.5611730217933655	0.6318475008010864	-0.4077436029911041	-0.33001822233200073	0.48700016736984253	1.0	0.3201878070831299	0.26173076033592224	-0.13867923617362976	0.4898868799209595	-0.45084214210510254	-0.08135105669498444	-0.44744232296943665	0.5159111618995667	-0.10482197254896164	0.4666500687599182	0.13767923414707184	-0.07055637985467911	-0.22048348188400269	n/a	0.6935232281684875	0.07806988060474396	0.5904524922370911	0.36985155940055847	0.22711828351020813	0.07660731673240662	0.6303118467330933	-0.09224680811166763	0.5423161387443542	0.8554575443267822	-0.21616001427173615	0.4513559937477112	-0.054027266800403595	0.11014514416456223	-0.49034956097602844	-0.3274584412574768	-0.5365808010101318	-0.5098331570625305	0.1546018272638321	-0.5149734616279602	0.20185106992721558	0.14230790734291077	0.29189667105674744	0.24071596562862396	0.17092184722423553	0.42187678813934326	-0.026856889948248863	-0.32712623476982117	-0.25202426314353943	-0.08646105229854584	0.19856907427310944	0.08447705954313278	-0.04452018439769745	-0.10118331760168076	0.28166356682777405	-0.5104355812072754	-0.139320969581604	0.164381206035614	0.26728734374046326	-0.10477836430072784	-0.07280313968658447	0.2667914927005768	0.2495124340057373	0.2656228244304657	0.15193942189216614
Sal_LABEL_22	0.16411526501178741	0.009894578717648983	-0.10363057255744934	0.28292590379714966	0.20983575284481049	0.16664940118789673	0.1154058501124382	n/a	0.28782597184181213	0.20093345642089844	0.6618983149528503	0.14816886186599731	-0.10685226321220398	-0.02603652887046337	-0.17782944440841675	0.23522521555423737	-0.08578778058290482	0.004369642119854689	-0.05913626402616501	0.1263294667005539	0.3201878070831299	1.0	-0.012218666262924671	0.276041179895401	0.08319234102964401	-0.026471316814422607	0.3849719762802124	0.11721490323543549	0.07132503390312195	-0.15913766622543335	0.20269249379634857	0.18628478050231934	0.18211916089057922	0.14233949780464172	n/a	0.18358224630355835	0.4951273202896118	-0.11980585008859634	0.050171785056591034	0.08221924304962158	-0.41512712836265564	-0.040621791034936905	0.0801541730761528	-0.02122628130018711	0.3204065263271332	0.6150335073471069	-0.08601876348257065	0.32140645384788513	-0.36932724714279175	0.062247298657894135	-0.11400604993104935	-0.25220349431037903	-0.09480439871549606	0.2901948392391205	-0.08445251733064651	0.1586489975452423	0.13649746775627136	0.0976303368806839	-0.03560420498251915	-0.08533553779125214	-0.18553265929222107	-0.14315485954284668	-0.04052306339144707	-0.08739924430847168	0.11539541184902191	-0.033969979733228683	0.02080398239195347	-0.2137645184993744	0.03328462690114975	-0.07300330698490143	-0.22823557257652283	-0.1302875578403473	-0.3020356595516205	-0.018119096755981445	-0.04451308026909828	-0.0017417314229533076	0.05896192789077759	-0.3640133738517761	0.17375284433364868	0.20196275413036346
DAN_LABEL_23	-0.005868295673280954	0.3275403380393982	0.07675348967313766	0.007809027563780546	0.15094919502735138	0.3701138198375702	0.0970185250043869	n/a	0.37127628922462463	0.41317495703697205	0.10655365139245987	0.3321021795272827	0.4524930715560913	0.01949688419699669	0.675969123840332	-0.20002904534339905	0.37295815348625183	-0.20548143982887268	-0.34485554695129395	0.3646889925003052	0.26173076033592224	-0.012218666262924671	1.0	0.2558709681034088	0.6558166146278381	-0.36716464161872864	0.2916247546672821	-0.44111087918281555	0.3716884255409241	-0.46965664625167847	0.15772756934165955	0.1804160326719284	0.2673635184764862	0.09997757524251938	n/a	0.2504945695400238	0.07984913885593414	0.4808899760246277	0.544044017791748	-0.11169508099555969	0.13782106339931488	0.41635751724243164	-0.3213768005371094	0.4798073172569275	0.27214786410331726	-0.0355335958302021	0.7482169270515442	0.14343202114105225	0.40917035937309265	-0.3769822120666504	-0.7260529398918152	-0.40223026275634766	-0.18778154253959656	0.4306431710720062	-0.17566803097724915	0.2930312752723694	0.29204148054122925	0.3303065001964569	0.17582707107067108	0.2863679528236389	0.4431561529636383	-0.3014787435531616	-0.2618221342563629	-0.5404048562049866	-0.3016689121723175	0.06747888773679733	0.11865948140621185	0.24294431507587433	-0.05379800498485565	0.26122891902923584	-0.2868804633617401	-0.21527007222175598	0.02044510841369629	-0.027080582454800606	0.013752148486673832	0.21858902275562286	0.11484508216381073	0.13582614064216614	-0.16216017305850983	-0.004296238999813795
PMN_LABEL_24	0.38394543528556824	-0.190407395362854	-0.27205586433410645	0.05852566659450531	0.1865590363740921	0.8619652986526489	0.5019286274909973	n/a	0.4714614450931549	0.1214078739285469	0.2686890959739685	0.09749087691307068	-0.24921803176403046	-0.27163180708885193	-0.07581858336925507	0.42243027687072754	-0.2360093593597412	0.1479843109846115	-0.09675619006156921	-0.06043035909533501	-0.13867923617362976	0.276041179895401	0.2558709681034088	1.0	0.05966741219162941	0.1562955528497696	0.264442503452301	0.02105781063437462	-0.15938811004161835	-0.2607949376106262	-0.04199305176734924	0.11937278509140015	0.7733612656593323	0.41029253602027893	n/a	-0.1470201164484024	0.2629498541355133	-0.08458395302295685	-0.09811307489871979	-0.1715274602174759	-0.3055722415447235	-0.07042249292135239	-0.24025008082389832	0.03451305255293846	-0.18230365216732025	0.18680264055728912	0.0548345148563385	0.8214669227600098	-0.15575706958770752	0.23282940685749054	-0.1422141194343567	-0.1189863383769989	0.03912262246012688	0.4645288586616516	-0.08591245859861374	0.0857071802020073	0.1584337204694748	-0.12798988819122314	-0.17284038662910461	-0.2779587507247925	-0.01812712475657463	-0.24504202604293823	0.1465432345867157	-0.3298002779483795	-0.3067048192024231	-0.1166120246052742	-0.11157514154911041	-0.20642617344856262	0.14110195636749268	-0.03881079703569412	-0.03380721062421799	-0.26115360856056213	-0.3396552503108978	-0.14725261926651	0.08922882378101349	0.24244961142539978	0.013225718401372433	-0.1376613974571228	0.006184220779687166	-0.10488100349903107
DAN_LABEL_25	-0.25579124689102173	0.3041049838066101	0.27695977687835693	0.26795414090156555	0.27820223569869995	0.20548221468925476	-0.025377029553055763	n/a	0.34082263708114624	0.30387386679649353	0.07345693558454514	0.18991823494434357	0.428423672914505	0.03627792000770569	0.41325926780700684	-0.4469168186187744	0.4310804605484009	-0.2696268856525421	-0.3046717941761017	0.3909130394458771	0.4898868799209595	0.08319234102964401	0.6558166146278381	0.05966741219162941	1.0	-0.27939438819885254	0.0832773745059967	-0.534853994846344	0.41887664794921875	-0.3140292763710022	0.3443734645843506	0.31023308634757996	0.07452442497015	-0.029483547434210777	n/a	0.29744455218315125	-0.09377036243677139	0.4130132794380188	0.5138435363769531	0.03752356767654419	0.29270920157432556	0.4907655417919159	-0.2744041085243225	0.5891451239585876	0.397320419549942	-0.21596388518810272	0.6478685140609741	-0.11679723858833313	0.5110806822776794	-0.6028532981872559	-0.5579769611358643	-0.5010804533958435	-0.2981458604335785	0.3405308425426483	-0.42528045177459717	0.44663161039352417	0.4979393482208252	0.2753717005252838	0.1339094191789627	0.260540634393692	0.3483771085739136	-0.324838250875473	-0.4246307909488678	-0.538176417350769	-0.025825167074799538	0.193431556224823	0.2121983915567398	0.03008735552430153	-0.1636914312839508	0.06518442928791046	-0.4293402135372162	-0.13525258004665375	0.059149280190467834	0.09757474809885025	-0.025645380839705467	0.015373540110886097	0.09587664902210236	0.23197384178638458	-0.06526873260736465	0.15488936007022858
