Node	LH_Vis_1	LH_Vis_2	LH_Vis_3	LH_Vis_4	LH_Vis_5	LH_Vis_6	LH_Vis_7	LH_Vis_8	LH_Vis_9	LH_SomMot_1	LH_SomMot_2	LH_SomMot_3	LH_SomMot_4	LH_SomMot_5	LH_SomMot_6	LH_DorsAttn_Post_1	LH_DorsAttn_Post_2	LH_DorsAttn_Post_3	LH_DorsAttn_Post_4	LH_DorsAttn_Post_5	LH_DorsAttn_Post_6	LH_DorsAttn_PrCv_1	LH_DorsAttn_FEF_1	LH_SalVentAttn_ParOper_1	LH_SalVentAttn_FrOperIns_1	LH_SalVentAttn_FrOperIns_2	LH_SalVentAttn_PFCl_1	LH_SalVentAttn_Med_1	LH_SalVentAttn_Med_2	LH_SalVentAttn_Med_3	LH_Limbic_OFC_1	LH_Limbic_TempPole_1	LH_Limbic_TempPole_2	LH_Cont_Par_1	LH_Cont_PFCl_1	LH_Cont_pCun_1	LH_Cont_Cing_1	LH_Default_Temp_1	LH_Default_Temp_2	LH_Default_Par_1	LH_Default_Par_2	LH_Default_PFC_1	LH_Default_PFC_2	LH_Default_PFC_3	LH_Default_PFC_4	LH_Default_PFC_5	LH_Default_PFC_6	LH_Default_PFC_7	LH_Default_pCunPCC_1	LH_Default_pCunPCC_2	RH_Vis_1	RH_Vis_2	RH_Vis_3	RH_Vis_4	RH_Vis_5	RH_Vis_6	RH_Vis_7	RH_Vis_8	RH_SomMot_1	RH_SomMot_2	RH_SomMot_3	RH_SomMot_4	RH_SomMot_5	RH_SomMot_6	RH_SomMot_7	RH_SomMot_8	RH_DorsAttn_Post_1	RH_DorsAttn_Post_2	RH_DorsAttn_Post_3	RH_DorsAttn_Post_4	RH_DorsAttn_Post_5	RH_DorsAttn_PrCv_1	RH_DorsAttn_FEF_1	RH_SalVentAttn_TempOccPar_1	RH_SalVentAttn_TempOccPar_2	RH_SalVentAttn_FrOperIns_1	RH_SalVentAttn_Med_1	RH_SalVentAttn_Med_2	RH_Limbic_OFC_1	RH_Limbic_TempPole_1	RH_Cont_Par_1	RH_Cont_Par_2	RH_Cont_PFCl_1	RH_Cont_PFCl_2	RH_Cont_PFCl_3	RH_Cont_PFCl_4	RH_Cont_Cing_1	RH_Cont_PFCmp_1	RH_Cont_pCun_1	RH_Default_Par_1	RH_Default_Temp_1	RH_Default_Temp_2	RH_Default_Temp_3	RH_Default_PFCv_1	RH_Default_PFCv_2	RH_Default_PFCdPFCm_1	RH_Default_PFCdPFCm_2	RH_Default_PFCdPFCm_3	RH_Default_pCunPCC_1	RH_Default_pCunPCC_2	LH-Pu	LH-Ca	LH-NAC	LH-EXA	LH-GPe	LH-GPi	LH-SNc_PBP_VTA	LH-RN	LH-SNr	LH-VeP	LH-HN	LH-HTH	LH-MN	LH-STH	RH-Pu	RH-Ca	RH-NAC	RH-EXA	RH-GPe	RH-GPi	RH-SNc_PBP_VTA	RH-RN	RH-SNr	RH-VeP	RH-HN	RH-HTH	RH-MN	RH-STH	LH-Pulvinar	LH-Anterior	LH-Medio_Dorsal	LH-Ventral_Latero_Dorsal	LH-Central_Lateral-Lateral_Posterior-Medial_Pulvinar	LH-Ventral_Anterior	LH-Ventral_Latero_Ventral	RH-Pulvinar	RH-Anterior	RH-Medio_Dorsal	RH-Ventral_Latero_Dorsal	RH-Central_Lateral-Lateral_Posterior-Medial_Pulvinar	RH-Ventral_Anterior	RH-Ventral_Latero_Ventral	LH_Hippocampus	LH_Amygdala	RH_Hippocampus	RH_Amygdala	Cerebellar_Region1	Cerebellar_Region2	Cerebellar_Region3	Cerebellar_Region4	Cerebellar_Region5	Cerebellar_Region6	Cerebellar_Region7	Cerebellar_Region8	Cerebellar_Region9	Cerebellar_Region10
LH_Vis_1	1.0	0.3206130266189575	0.46223655343055725	0.11840284615755081	0.25280410051345825	0.3856337368488312	0.22543279826641083	0.2712097764015198	0.42437630891799927	0.2346183806657791	0.32047638297080994	0.27951374650001526	0.1562938690185547	0.1489008367061615	0.033078692853450775	0.3966452181339264	0.2709946632385254	0.4356054961681366	0.14704884588718414	0.3276032507419586	0.2225041389465332	-0.2007172405719757	0.06033395975828171	-0.15280023217201233	0.11085738986730576	0.01837867870926857	0.15203601121902466	0.364143431186676	0.3814837634563446	-0.07490772753953934	0.21902546286582947	0.3017602562904358	0.11261258274316788	-0.1082841232419014	-0.24717627465724945	0.39870768785476685	0.37328872084617615	0.13263267278671265	-0.10893409699201584	-0.1327308863401413	-0.15845157206058502	0.2588137686252594	-0.20047824084758759	0.12505537271499634	-0.16362614929676056	-0.06490969657897949	-0.31355521082878113	0.2675141394138336	0.48263734579086304	0.12519153952598572	0.8512604236602783	0.3934679627418518	0.30398324131965637	0.08845123648643494	0.306659460067749	0.4770914614200592	0.4094092547893524	0.2998488247394562	0.3067032992839813	0.32401198148727417	0.36325541138648987	0.06296645849943161	-0.04464356601238251	0.16330747306346893	0.21719755232334137	-0.004523585084825754	0.09841766953468323	0.24909564852714539	-0.216521218419075	0.08918960392475128	0.29261887073516846	0.1053972840309143	0.21095553040504456	0.011520679108798504	0.3102632462978363	0.15317527949810028	0.4211506247520447	0.14218159019947052	-0.010718213394284248	0.3553890585899353	-0.2792096436023712	-0.26251786947250366	-0.15777264535427094	-0.17957475781440735	0.15368536114692688	-0.3797473609447479	0.29164987802505493	0.1744459718465805	0.4231584370136261	0.0089515196159482	-0.024878613650798798	0.16570986807346344	-0.11504389345645905	-0.07381213456392288	-0.36950021982192993	0.0483555942773819	-0.12437916547060013	0.03240079805254936	0.5444258451461792	0.18935473263263702	0.22607319056987762	-0.07926759868860245	0.06857442110776901	0.10741959512233734	0.07772935181856155	-0.20089904963970184	-0.08456190675497055	-0.08397543430328369	0.2614591121673584	-0.09810200333595276	0.14323009550571442	0.09907114505767822	0.12355049699544907	0.33314889669418335	0.288208544254303	-0.2161300927400589	0.40488630533218384	-0.022250499576330185	0.13181941211223602	0.15034978091716766	0.17583397030830383	0.09609365463256836	-0.3100951015949249	0.256364107131958	0.12719324231147766	0.32874372601509094	0.08973316103219986	0.16624455153942108	0.21790528297424316	0.296748548746109	0.28325802087783813	0.3722037672996521	0.4278511703014374	0.013799148611724377	0.269910991191864	0.4149029850959778	-0.06969429552555084	0.3061537742614746	0.48494890332221985	0.2200869768857956	0.07976292073726654	0.16706641018390656	0.3908780515193939	0.39346715807914734	0.3857520818710327	0.35086217522621155	0.4408634305000305	0.3031612038612366	0.3997868597507477	0.4952743649482727	-0.22384756803512573	-0.03020036220550537	-0.06801298260688782	-0.10171829909086227	-0.294566810131073	0.20347310602664948
LH_Vis_2	0.3206130266189575	1.0	0.7878331542015076	0.6066485643386841	0.7415432333946228	0.543432354927063	-0.0019236765801906586	0.7392588257789612	0.755767822265625	-0.0813758596777916	0.2841165363788605	0.3407776653766632	0.057102419435977936	0.4279223680496216	0.4217514991760254	0.15859092772006989	0.35855385661125183	0.3133399188518524	-0.0009921257151290774	0.23714224994182587	0.35595670342445374	-0.20133213698863983	-0.16392236948013306	0.0949578732252121	-0.11662331223487854	0.21218344569206238	0.16581130027770996	0.19391217827796936	0.36699432134628296	0.348359078168869	-0.10637065768241882	-0.048351727426052094	-0.31106680631637573	-0.01598939672112465	-0.409510999917984	-0.1908223032951355	-0.09952248632907867	-0.2818002700805664	-0.18260414898395538	-0.29825717210769653	-0.43575888872146606	-0.06388485431671143	-0.35622987151145935	-0.37813159823417664	-0.44843029975891113	-0.18523402512073517	-0.5361006855964661	-0.028693638741970062	-0.29819178581237793	-0.36839020252227783	0.28523749113082886	0.8226481676101685	0.3188096284866333	0.4597354829311371	0.7239217162132263	0.4921794533729553	0.6310456395149231	0.8062984943389893	0.007934018969535828	0.2411760836839676	0.4134874939918518	-0.20973889529705048	0.3172321915626526	0.29389408230781555	0.347562700510025	0.3123367428779602	-0.5008370876312256	0.05864344537258148	-0.0447552315890789	0.25349196791648865	0.41318103671073914	0.04682948440313339	0.17688755691051483	-0.2918371558189392	0.41975560784339905	0.3527926504611969	0.520173192024231	0.4692651927471161	-0.4610433876514435	0.09199900925159454	-0.0173479150980711	-0.3850724697113037	-0.3717370927333832	-0.19625654816627502	0.3254786431789398	-0.385476678609848	0.062459368258714676	0.17984722554683685	-0.009739977307617664	-0.24732108414173126	-0.523780107498169	-0.22893103957176208	-0.2049947828054428	-0.32751259207725525	-0.28766900300979614	-0.48001721501350403	-0.21396808326244354	-0.35772237181663513	-0.22856703400611877	-0.37951770424842834	0.15013323724269867	0.21567405760288239	-0.16665877401828766	0.46905553340911865	-0.05547542870044708	-0.06303638219833374	0.0773647278547287	0.19875019788742065	0.17402419447898865	-0.1047869548201561	-0.12314532697200775	-0.20992566645145416	-0.14815448224544525	0.0824330598115921	0.17318660020828247	0.17644435167312622	0.12496162205934525	0.23745670914649963	0.3184957206249237	0.028818879276514053	0.3405623137950897	0.3501660227775574	-0.04059278964996338	0.061523836106061935	-0.250865638256073	-0.12143266201019287	-0.2371964007616043	0.18476197123527527	0.0865994244813919	0.2652040123939514	0.2979443371295929	0.2852071523666382	-0.0715903788805008	0.21205106377601624	-0.020014706999063492	0.14955392479896545	0.07124873250722885	0.09675154834985733	0.31115251779556274	0.36059901118278503	0.2643260061740875	0.2592812776565552	-0.3241637349128723	-0.07282183319330215	-0.13546380400657654	-0.007949371822178364	0.36600375175476074	0.411670982837677	0.16492649912834167	0.26371070742607117	-0.20473000407218933	0.1327616274356842	-0.32957813143730164	-0.36772823333740234	-0.40047401189804077	-0.13009637594223022
LH_Vis_3	0.46223655343055725	0.7878331542015076	1.0	0.4083994925022125	0.7680814266204834	0.7405304312705994	-0.11823824793100357	0.6742614507675171	0.8822218179702759	0.21534420549869537	0.29154014587402344	0.3076731860637665	0.05903933197259903	0.3342127203941345	0.1909424066543579	0.0419166274368763	0.2976360023021698	0.2967243790626526	-0.12126102298498154	0.3078538179397583	0.1430218666791916	-0.021836917847394943	-0.0838376060128212	0.3349068760871887	0.13530996441841125	0.3866739869117737	0.32769671082496643	0.40612542629241943	0.29019689559936523	0.4546110928058624	-0.017281316220760345	-0.06472094357013702	-0.33899179100990295	-0.11024356633424759	-0.27951496839523315	0.012362648732960224	-0.057762037962675095	-0.23532022535800934	-0.1482478678226471	-0.037232108414173126	-0.27043333649635315	0.14062313735485077	-0.23651738464832306	-0.41882622241973877	-0.2645251154899597	-0.15965570509433746	-0.44146794080734253	0.06458248943090439	-0.13884985446929932	-0.2718948423862457	0.4766547977924347	0.9036051630973816	0.1318429559469223	0.3755352795124054	0.8614436984062195	0.7471301555633545	0.637764036655426	0.8791151642799377	0.2805134057998657	0.15524324774742126	0.4079650938510895	-0.16174960136413574	0.29827776551246643	0.4070533215999603	0.15747584402561188	0.1715787649154663	-0.4722260534763336	-0.05375243350863457	-0.1914234161376953	0.2511265277862549	0.3035321533679962	0.30961713194847107	0.19448624551296234	0.002675818745046854	0.4664432406425476	0.44556474685668945	0.5259786248207092	0.4956158697605133	-0.41202446818351746	0.07100775837898254	0.011162393726408482	-0.31515491008758545	-0.1898234486579895	-0.16867421567440033	0.40535539388656616	-0.3020879030227661	0.13510742783546448	0.28173908591270447	0.27397850155830383	-0.22177045047283173	-0.5358309149742126	-0.13173314929008484	-0.11807500571012497	-0.3078885078430176	-0.15346577763557434	-0.4577169120311737	-0.2555939853191376	-0.25969448685646057	-0.04625049978494644	-0.34846219420433044	0.19827334582805634	0.21603870391845703	0.04036935791373253	0.35189685225486755	-0.04146780073642731	-0.06719280034303665	0.037522681057453156	0.02534651942551136	0.13398955762386322	-0.266370952129364	0.030798165127635002	-0.09219417721033096	-0.2107076197862625	0.16220170259475708	0.2773965895175934	0.11077914386987686	0.1646626889705658	0.20013169944286346	0.25526902079582214	0.008984451182186604	0.23665636777877808	0.21673527359962463	-0.26719504594802856	0.2851913571357727	0.04571717232465744	-0.0021458598785102367	-0.17177976667881012	0.17093192040920258	0.34771186113357544	0.28848007321357727	0.3650238811969757	0.1725713312625885	0.09963599592447281	0.28297293186187744	0.21165379881858826	0.36550626158714294	0.058648932725191116	0.17611393332481384	0.3484870493412018	0.4122364819049835	0.24468298256397247	0.20834504067897797	-0.2460530698299408	-0.03666811063885689	-0.13848179578781128	-0.014766993001103401	0.3185868263244629	0.27670589089393616	0.26048731803894043	0.313829243183136	-0.1177467331290245	0.18932554125785828	-0.18093885481357574	-0.3691401779651642	-0.42076048254966736	-0.04134915769100189
LH_Vis_4	0.11840284615755081	0.6066485643386841	0.4083994925022125	1.0	0.5968424677848816	0.5439068675041199	0.16150686144828796	0.5814063549041748	0.48919522762298584	0.10190402716398239	0.26767638325691223	0.268156498670578	0.013806005008518696	0.3754726052284241	0.33397242426872253	0.2418794333934784	0.08754952251911163	0.22430162131786346	-0.10041428357362747	-0.04183294624090195	0.027274059131741524	-0.050680018961429596	-0.12216532975435257	0.15691916644573212	-0.0870601013302803	0.09412606805562973	-0.16037431359291077	0.13563662767410278	-0.012580657377839088	0.3128838539123535	0.050424106419086456	0.0918184444308281	0.03947330266237259	-0.032926179468631744	-0.17584864795207977	-0.22341594099998474	-0.16627174615859985	-0.0007062845397740602	0.0715751051902771	-0.03404394909739494	-0.2230614721775055	0.04086687043309212	-0.07016122341156006	-0.19439493119716644	-0.3577324450016022	-0.027353623881936073	-0.22095422446727753	-0.13526205718517303	-0.29385292530059814	-0.2576027512550354	0.005202570930123329	0.41676947474479675	0.248927041888237	0.8293601870536804	0.5308393239974976	0.43619921803474426	0.4390489161014557	0.5221187472343445	0.14383816719055176	0.16213248670101166	0.30074813961982727	-0.1696312427520752	0.44369855523109436	0.2466140240430832	0.03519713506102562	0.2081173211336136	-0.44501110911369324	-0.1097322627902031	0.01942342333495617	0.22550633549690247	0.04089280590415001	0.0426425077021122	-0.07178749889135361	-0.14797191321849823	0.13441871106624603	0.12437188625335693	0.13037873804569244	0.2734616994857788	-0.20479676127433777	0.09921484440565109	-0.08649303764104843	-0.41896992921829224	-0.44525840878486633	-0.3412257134914398	-0.12746429443359375	-0.23182502388954163	-0.18882040679454803	-0.08469908684492111	-0.18793193995952606	-0.15417072176933289	-0.3114331066608429	0.06053422391414642	0.01638048142194748	-0.18555735051631927	-0.1349799931049347	-0.48555269837379456	-0.19274921715259552	-0.4484202265739441	-0.19983670115470886	-0.38085129857063293	0.2295486479997635	0.2513021230697632	-0.20908521115779877	0.3524845242500305	-0.0042680916376411915	-0.1640382558107376	0.34431612491607666	0.4056856632232666	0.3375604748725891	-0.10505972057580948	-0.0877344012260437	-0.13617348670959473	0.027733372524380684	-0.06586597859859467	0.06721010059118271	-0.07288071513175964	0.19592943787574768	0.09603647142648697	0.036707162857055664	-0.1057061031460762	0.3721332848072052	0.22128517925739288	0.08121398091316223	0.11380116641521454	-0.22148418426513672	-0.10180549323558807	-0.2061157077550888	0.007917341776192188	0.07037067413330078	0.022676968947052956	0.11176371574401855	0.4327089190483093	-0.13175129890441895	0.19162017107009888	0.10352298617362976	0.36342382431030273	-0.06694675981998444	0.028668291866779327	0.3279432952404022	-0.038338515907526016	0.38917678594589233	0.18637041747570038	-0.3251695930957794	-0.03778177499771118	-0.3337223529815674	0.011452758684754372	0.24248968064785004	0.3504360020160675	0.28119808435440063	0.1602724939584732	-0.2934688925743103	0.16834717988967896	-0.2757824659347534	-0.06004907935857773	-0.17433181405067444	-0.09996504336595535
LH_Vis_5	0.25280410051345825	0.7415432333946228	0.7680814266204834	0.5968424677848816	1.0	0.7678110003471375	-0.09219910949468613	0.5435789227485657	0.7179355025291443	0.08461827039718628	0.33039912581443787	0.2281809002161026	0.09588783234357834	0.4425390362739563	0.33771857619285583	0.09618638455867767	0.28814026713371277	0.17307835817337036	-0.10488685220479965	0.1274377852678299	0.09578956663608551	0.12242170423269272	-0.11702454090118408	0.36082109808921814	-0.01790199987590313	0.3414965569972992	0.17877237498760223	0.24598856270313263	0.13140684366226196	0.4695306122303009	-0.12369545549154282	-0.18374891579151154	-0.25860732793807983	0.04576700180768967	-0.2658543586730957	-0.2673468291759491	-0.2750418186187744	-0.18058311939239502	-0.07157906889915466	0.003235887736082077	-0.3207392692565918	-0.10304781049489975	-0.20523567497730255	-0.42937740683555603	-0.4443228244781494	-0.1971176713705063	-0.4453239440917969	-0.09789815545082092	-0.26739758253097534	-0.43411949276924133	0.23292119801044464	0.6872250437736511	0.2624436318874359	0.5255449414253235	0.8602427244186401	0.718390941619873	0.4628922641277313	0.7761070132255554	0.1608368158340454	0.12514418363571167	0.39181116223335266	-0.13840921223163605	0.4020053744316101	0.4827854633331299	0.17891453206539154	0.2845170497894287	-0.4860072433948517	-0.03126528114080429	-0.02253982238471508	0.24298065900802612	0.15304987132549286	0.3092518448829651	0.28374120593070984	-0.08103431761264801	0.3773161470890045	0.30739840865135193	0.3627249300479889	0.5490726232528687	-0.43863245844841003	-0.10377278178930283	0.10469269752502441	-0.34090372920036316	-0.3254145085811615	-0.16831417381763458	0.3818562626838684	-0.25734445452690125	-0.0681038573384285	0.1713384985923767	0.047575172036886215	-0.26497045159339905	-0.5546711087226868	-0.10949789732694626	-0.02867986634373665	-0.4501630663871765	-0.22572793066501617	-0.49815016984939575	-0.30734655261039734	-0.3870868682861328	-0.13508577644824982	-0.49395304918289185	0.30066782236099243	0.45303109288215637	0.04035362973809242	0.4262278974056244	0.08432101458311081	-0.17353250086307526	-0.09578670561313629	0.1490851193666458	0.14202193915843964	-0.16513028740882874	-0.004246618133038282	0.040546074509620667	-0.006377462763339281	-0.18003632128238678	0.33037975430488586	0.2842032313346863	0.12165578454732895	0.16182832419872284	0.19167552888393402	-0.13473352789878845	0.1077418252825737	0.2459179162979126	-0.16951771080493927	0.2445981651544571	-0.3078782856464386	0.055177684873342514	-0.1776256412267685	0.31747016310691833	0.2167828381061554	0.19786837697029114	0.23301388323307037	0.2450133115053177	-0.030712997540831566	0.24026355147361755	0.12609001994132996	0.29721033573150635	0.0005019144155085087	0.08776974678039551	0.2508452534675598	0.10498455911874771	0.22472931444644928	0.33952784538269043	-0.40075209736824036	-0.20801712572574615	-0.18382574617862701	-0.17452774941921234	0.451740026473999	0.4583277702331543	0.3829067349433899	0.43807297945022583	-0.07142111659049988	0.36232465505599976	-0.22804832458496094	-0.2561401426792145	-0.280874103307724	0.1013593077659607
LH_Vis_6	0.3856337368488312	0.543432354927063	0.7405304312705994	0.5439068675041199	0.7678110003471375	1.0	-0.13909713923931122	0.4147358536720276	0.735685408115387	0.3011363744735718	0.44303327798843384	0.36681509017944336	0.2634263336658478	0.4078781306743622	0.22776277363300323	0.07384544610977173	0.2585746943950653	0.21133555471897125	-0.031118350103497505	-0.05090736970305443	0.07390830665826797	0.13568100333213806	-0.06697699427604675	0.40398088097572327	0.07361748069524765	0.3573932945728302	0.14354313910007477	0.45090627670288086	-0.030817754566669464	0.5396371483802795	0.13242441415786743	-0.13655969500541687	-0.1227898895740509	-0.06302347034215927	-0.07838181406259537	-0.21621666848659515	-0.29773005843162537	-0.09758365154266357	-0.0739346370100975	-0.019643554463982582	-0.2445935606956482	0.15791019797325134	-0.06055788695812225	-0.236050084233284	-0.19174130260944366	-0.06304315477609634	-0.2287706881761551	-0.10594820231199265	-0.06928664445877075	-0.3871605396270752	0.38594678044319153	0.6072432398796082	0.16239844262599945	0.5841643214225769	0.8336430191993713	0.9432882070541382	0.33576592803001404	0.6675237417221069	0.32243889570236206	0.3085575997829437	0.5184537172317505	0.06027359515428543	0.5499218702316284	0.5606845021247864	0.14506305754184723	0.18335773050785065	-0.45357200503349304	-0.013553657568991184	-0.013743710704147816	0.3041177988052368	0.08142528682947159	0.4134853184223175	0.18279911577701569	-0.07037777453660965	0.28889787197113037	0.20338690280914307	0.21798273921012878	0.5039700269699097	-0.24325352907180786	-0.023593710735440254	0.062471311539411545	-0.22503028810024261	-0.1684035062789917	-0.1262449026107788	0.19641996920108795	-0.12045653164386749	-0.12754346430301666	0.20596832036972046	0.07378533482551575	-0.22250986099243164	-0.35957714915275574	0.02992670051753521	0.021707186475396156	-0.2580854296684265	-0.09766119718551636	-0.3262519836425781	-0.19415421783924103	-0.26571106910705566	0.08484504371881485	-0.39892318844795227	0.40647462010383606	0.333906352519989	-0.0645105317234993	0.41863924264907837	0.1797197014093399	-0.16865167021751404	0.006815947592258453	0.016954464837908745	0.11425036936998367	-0.24937216937541962	0.2071220725774765	0.25064146518707275	0.03880787268280983	0.06320365518331528	0.44674453139305115	0.008901799097657204	0.12326838821172714	0.028653236106038094	0.0779351145029068	-0.13777956366539001	0.13023504614830017	0.13581062853336334	-0.449302613735199	0.28773075342178345	-0.06442804634571075	0.2415739744901657	0.018572064116597176	0.2428772896528244	0.37973231077194214	0.11744758486747742	0.3454979360103607	0.33878839015960693	0.003984376322478056	0.32429003715515137	0.28320395946502686	0.44247663021087646	-0.04006323963403702	0.20412692427635193	0.2688498795032501	0.05319686233997345	0.24692246317863464	0.2729130983352661	-0.16913212835788727	-0.04359021410346031	-0.12059063464403152	0.012939856387674809	0.538222074508667	0.47833654284477234	0.6013169288635254	0.559747576713562	0.11347872018814087	0.5796621441841125	0.024088798090815544	-0.04521046578884125	0.01726873405277729	0.2724824547767639
LH_Vis_7	0.22543279826641083	-0.0019236765801906586	-0.11823824793100357	0.16150686144828796	-0.09219910949468613	-0.13909713923931122	1.0	0.2257944792509079	0.03372538462281227	0.053564392030239105	-0.02426418475806713	-0.06553778052330017	0.06788252294063568	-0.12218750268220901	-0.09602890908718109	0.48535940051078796	-0.025207465514540672	0.22022028267383575	-0.011058744043111801	0.09377827495336533	0.07698428630828857	0.08598297089338303	0.01840263605117798	-0.22776640951633453	0.18991021811962128	-0.1992950737476349	-0.36521291732788086	-0.14787359535694122	0.12218018621206284	-0.4251079857349396	0.2716914415359497	0.3005305826663971	0.4939456880092621	-0.058044858276844025	0.10552694648504257	0.12194540351629257	0.31653913855552673	0.5152846574783325	0.15031902492046356	0.40310153365135193	0.20823436975479126	0.09014880657196045	0.26684048771858215	0.29162922501564026	-0.2330792248249054	0.12080647796392441	-0.07225994765758514	-0.08089862763881683	0.18844610452651978	0.5233548283576965	0.21092277765274048	-0.04301014170050621	0.16511736810207367	0.13981302082538605	-0.14062654972076416	-0.09202583134174347	0.41549840569496155	-0.045379992574453354	0.05057552456855774	-0.06829775869846344	-0.09072375297546387	0.08103688806295395	-0.004208521917462349	-0.0037074873689562082	0.09325423091650009	-0.17203527688980103	0.4525887370109558	0.09254240989685059	-0.04788285493850708	0.15627707540988922	0.11491497606039047	-0.02011823281645775	0.034883249551057816	0.4093013405799866	0.0004148617445025593	-0.17280292510986328	0.08642765879631042	-0.18191303312778473	0.2236451506614685	0.1517295390367508	-0.4325447678565979	-0.42734864354133606	-0.5274967551231384	-0.4456883668899536	-0.3241438865661621	-0.38709020614624023	0.0609271265566349	-0.5835041999816895	0.02564091794192791	-0.0025739131961017847	0.10862050950527191	0.2994776964187622	-0.08742550015449524	-0.0807899758219719	-0.09958098083734512	-0.08360481262207031	-0.23164068162441254	-0.1649230271577835	0.205267995595932	0.3375411331653595	0.07768098264932632	-0.08125365525484085	-0.12324822694063187	-0.2371903955936432	0.0775623619556427	-0.246012344956398	-0.09440485388040543	-0.033717166632413864	-0.17474675178527832	-0.10927105695009232	0.17821846902370453	-0.28457871079444885	0.17969021201133728	-0.25234726071357727	-0.0754382386803627	-0.1715623438358307	0.5084623694419861	-0.18340744078159332	-0.26637178659439087	0.11727733910083771	0.13378851115703583	-0.21511155366897583	-0.2736607491970062	0.13662996888160706	0.05600050836801529	0.19642136991024017	0.055613577365875244	-0.061220161616802216	0.07549593597650528	-0.0011436870554462075	-0.07604987919330597	-0.058867182582616806	0.2932268977165222	-0.2344566136598587	0.26560157537460327	0.06354010105133057	0.1152038648724556	-0.2581428587436676	-0.08407425880432129	-0.0925268679857254	0.11460886150598526	-0.03033447451889515	0.2666493058204651	0.315066933631897	0.11400891840457916	0.252722829580307	0.1283029168844223	0.15543566644191742	0.26479658484458923	0.05858486145734787	-0.3218192756175995	-0.28627967834472656	-0.07977665215730667	0.23980934917926788	-0.18650837242603302	-0.1558520495891571
LH_Vis_8	0.2712097764015198	0.7392588257789612	0.6742614507675171	0.5814063549041748	0.5435789227485657	0.4147358536720276	0.2257944792509079	1.0	0.706329882144928	0.11256763339042664	0.11888089030981064	0.09105698019266129	-0.17896637320518494	0.18079841136932373	0.09963005781173706	0.26338618993759155	0.07891710847616196	0.3591495156288147	-0.175392284989357	0.18335454165935516	-0.07139785587787628	-0.025711974129080772	-0.233220636844635	0.038131408393383026	0.05070948973298073	0.26028603315353394	-0.06133722513914108	0.04983264580368996	0.1346774399280548	0.15444107353687286	0.08139805495738983	-0.12286525964736938	-0.2421184927225113	0.14026890695095062	-0.052640095353126526	0.002279337728396058	0.059325750917196274	-0.22610288858413696	-0.2391592264175415	0.00419590575620532	-0.08617406338453293	0.08726620674133301	-0.12950925529003143	-0.33572307229042053	-0.3248181641101837	-0.21256589889526367	-0.275339275598526	-0.15354210138320923	-0.30905020236968994	-0.0889308825135231	0.2636748254299164	0.7674558758735657	0.20480898022651672	0.5289753079414368	0.6135197877883911	0.37662240862846375	0.7890953421592712	0.7899358868598938	0.1459091603755951	0.006145237945020199	0.16149625182151794	-0.33593448996543884	0.24774512648582458	0.3560909330844879	0.041068144142627716	0.0897652879357338	-0.4064946472644806	-0.21330960094928741	0.011676670052111149	0.44720369577407837	0.11226772516965866	0.186555877327919	-0.1088508814573288	0.002115788636729121	0.24882706999778748	0.2957604229450226	0.2614119052886963	0.20082150399684906	-0.23295706510543823	-0.001758843893185258	-0.030409345403313637	-0.3629243075847626	-0.42509177327156067	-0.2907724380493164	-0.02506350167095661	-0.2823611795902252	0.15787315368652344	-0.08431829512119293	0.03927118331193924	-0.19010230898857117	-0.40185362100601196	-0.23537689447402954	-0.2755388021469116	-0.17281347513198853	-0.09442873299121857	-0.47867947816848755	-0.3112121820449829	-0.4736787974834442	-0.24106143414974213	-0.16109797358512878	0.018882721662521362	0.0939808040857315	-0.19231127202510834	0.24209876358509064	-0.20521120727062225	0.05962959676980972	0.18735450506210327	0.09252087771892548	0.17170904576778412	-0.1703338921070099	0.058660924434661865	-0.383786678314209	-0.2310459315776825	-0.013825821690261364	-0.08882754296064377	-0.07782129943370819	0.33043980598449707	0.0760817900300026	-0.01563609577715397	-0.011783159337937832	0.2331417053937912	0.2921558916568756	-0.03791326284408569	0.2110670804977417	-0.06554058939218521	-0.2086353749036789	-0.38087496161460876	0.018251344561576843	0.27567043900489807	0.14653950929641724	0.2074647694826126	0.15079964697360992	0.07226207107305527	0.20776624977588654	0.19594132900238037	0.22127610445022583	0.08383744955062866	-0.016800537705421448	0.3534198999404907	0.2714007496833801	0.24184758961200714	0.08259530365467072	-0.2720038890838623	0.01574222929775715	-0.19711586833000183	0.049234479665756226	0.18761876225471497	0.17856165766716003	0.18633820116519928	-0.001609701314009726	-0.36102622747421265	-0.08718091994524002	-0.3682663142681122	-0.4076337218284607	-0.44515374302864075	-0.39640432596206665
LH_Vis_9	0.42437630891799927	0.755767822265625	0.8822218179702759	0.48919522762298584	0.7179355025291443	0.735685408115387	0.03372538462281227	0.706329882144928	1.0	0.2319226711988449	0.32125571370124817	0.28623971343040466	0.11567987501621246	0.40544453263282776	0.27835971117019653	0.1401393860578537	0.34274613857269287	0.3386596143245697	-0.15838061273097992	0.34749796986579895	0.22763733565807343	0.031212959438562393	0.03383771330118179	0.35375165939331055	0.2562676966190338	0.39957761764526367	0.3001919090747833	0.3365424871444702	0.36827021837234497	0.4483621418476105	-0.07521189749240875	-0.0471426360309124	-0.2703564167022705	0.006616346538066864	-0.27910906076431274	-0.024066640064120293	-0.03677267208695412	-0.2359001785516739	-0.1718292236328125	0.013459603302180767	-0.27636778354644775	0.047779154032468796	-0.25499531626701355	-0.4696812033653259	-0.3914296329021454	-0.21903540194034576	-0.43253135681152344	0.06104178726673126	-0.24461334943771362	-0.23798726499080658	0.39280396699905396	0.8079994916915894	0.09043622016906738	0.4169546961784363	0.8342953324317932	0.7348830699920654	0.6300862431526184	0.923568069934845	0.3054254353046417	0.11262533813714981	0.3582526445388794	-0.155752032995224	0.4248713552951813	0.495274156332016	0.1960963010787964	0.2579755187034607	-0.42736729979515076	-0.09305080771446228	-0.11616139113903046	0.3242553770542145	0.34959542751312256	0.23615264892578125	0.26338088512420654	0.09273374825716019	0.46103888750076294	0.4344029426574707	0.5815300941467285	0.4923192262649536	-0.438793808221817	-0.04550990089774132	-0.012033872306346893	-0.37548115849494934	-0.33422043919563293	-0.2558218538761139	0.37137115001678467	-0.345665842294693	0.14208321273326874	0.15482699871063232	0.25016748905181885	-0.22439482808113098	-0.5840134024620056	-0.11328701674938202	-0.15242139995098114	-0.48102858662605286	-0.2989938259124756	-0.5762193202972412	-0.3940240144729614	-0.32667917013168335	-0.12780526280403137	-0.3446589708328247	0.24049651622772217	0.26534825563430786	-0.0698152482509613	0.288913756608963	-0.0016373461112380028	-0.17532189190387726	0.07650619000196457	0.01829247549176216	0.2104075849056244	-0.16179852187633514	-0.009217466227710247	-0.09773140400648117	-0.21760293841362	0.050743043422698975	0.23206932842731476	0.1275469958782196	0.29444894194602966	0.20140032470226288	0.1267939656972885	0.0855608582496643	0.27537280321121216	0.2829050123691559	-0.27525871992111206	0.24763530492782593	-0.05138259381055832	-0.051277294754981995	-0.17233943939208984	0.08984140306711197	0.3330821692943573	0.2624666094779968	0.2573769986629486	0.20618338882923126	0.04795973002910614	0.3249165713787079	0.18379345536231995	0.3629528880119324	0.18812614679336548	0.09814416617155075	0.24923638999462128	0.38071054220199585	0.3512340486049652	0.20705798268318176	-0.28694987297058105	0.048386141657829285	-0.1275867372751236	0.028190888464450836	0.3541821539402008	0.4195249080657959	0.3653820753097534	0.3529733419418335	-0.17295950651168823	0.27112913131713867	-0.23930616676807404	-0.30892226099967957	-0.3523174822330475	-0.08309319615364075
LH_SomMot_1	0.2346183806657791	-0.0813758596777916	0.21534420549869537	0.10190402716398239	0.08461827039718628	0.3011363744735718	0.053564392030239105	0.11256763339042664	0.2319226711988449	1.0	0.4450797438621521	0.3471228778362274	0.15824934840202332	0.2723762094974518	0.12390567362308502	0.17690753936767578	0.1386190503835678	0.017790473997592926	0.08593393117189407	0.0282011479139328	-0.1664879024028778	0.32757049798965454	0.012506665661931038	0.5557820200920105	0.6476902961730957	0.3438494801521301	0.014909807592630386	0.11539151519536972	-0.014427239075303078	0.11116328090429306	-0.026991883292794228	-0.10245917737483978	-0.2152332067489624	0.07783656567335129	-0.0034514646977186203	0.11908973008394241	-0.040525708347558975	-0.18130937218666077	-0.08782150596380234	0.39009982347488403	-0.22512833774089813	0.10151936858892441	-0.08986122161149979	-0.3596517741680145	-0.14778828620910645	-0.4206044375896454	-0.16770419478416443	-0.09894498437643051	0.035956233739852905	-0.11297851800918579	0.1070508286356926	0.24345725774765015	0.15270349383354187	0.26621389389038086	0.3192675709724426	0.35532474517822266	0.06684941798448563	0.18391922116279602	0.9099744558334351	0.2750979959964752	0.28442177176475525	0.11378990113735199	0.32463380694389343	0.3416719138622284	0.11176925152540207	0.2044973075389862	-0.22847473621368408	0.027651730924844742	0.30303478240966797	0.3346490263938904	-0.11937020719051361	0.5203392505645752	0.05814555287361145	0.37878942489624023	0.36370745301246643	0.2687344253063202	0.0289152804762125	0.12357158213853836	-0.06189742311835289	-0.11998971551656723	0.23830287158489227	-0.0017600160790607333	0.07593509554862976	0.23254697024822235	0.004999606404453516	0.15310703217983246	0.001638755900785327	0.020195480436086655	0.15674026310443878	-0.21122097969055176	-0.13456769287586212	0.14001484215259552	0.20683519542217255	-0.1295899748802185	0.15153302252292633	-0.2324935495853424	-0.3848715126514435	-0.15762008726596832	0.06285014748573303	-0.21934352815151215	0.4430493116378784	0.053550273180007935	0.1903379112482071	-0.09234333783388138	0.0717545673251152	0.048780571669340134	-0.02767823077738285	-0.3443079888820648	0.06161847710609436	0.06781051307916641	0.4069746732711792	0.02747434750199318	-0.1391325742006302	0.1499609500169754	0.3559277653694153	0.01246330700814724	0.09251708537340164	-0.050728850066661835	-0.03675996512174606	0.03591987118124962	-0.13689400255680084	-0.08811470121145248	-0.29918840527534485	0.4457260072231293	0.46660977602005005	0.007818273268640041	-0.26664260029792786	-0.09481549263000488	0.25571194291114807	0.14972491562366486	0.059209369122982025	0.22911344468593597	0.23421421647071838	0.13947871327400208	0.40697118639945984	0.5251612067222595	0.22883746027946472	0.10905476659536362	0.15502798557281494	-0.050677403807640076	0.28329601883888245	0.0657925233244896	0.01967443898320198	0.25512418150901794	-0.11910709738731384	0.11535231024026871	0.24070310592651367	0.284479558467865	0.4052373468875885	0.23808692395687103	0.15087048709392548	0.2879672646522522	0.10623142868280411	-0.1679968386888504	-0.00951287243515253	0.10210472345352173
LH_SomMot_2	0.32047638297080994	0.2841165363788605	0.29154014587402344	0.26767638325691223	0.33039912581443787	0.44303327798843384	-0.02426418475806713	0.11888089030981064	0.32125571370124817	0.4450797438621521	1.0	0.7597290277481079	0.5485121607780457	0.7298834919929504	0.5443524718284607	0.2682077884674072	0.6027652621269226	0.2334335446357727	0.4604036211967468	-0.013908655382692814	0.4816795289516449	0.03111194260418415	-0.17083530128002167	0.22149406373500824	0.36343997716903687	0.49642181396484375	-0.051737699657678604	0.33403486013412476	0.23051007091999054	0.16800765693187714	-0.06021978706121445	0.05809488520026207	-0.24596667289733887	0.008153804577887058	-0.47573384642601013	-0.32086291909217834	-0.30995121598243713	-0.1698867678642273	-0.2567720413208008	-0.22125594317913055	-0.6215184330940247	0.1657186895608902	-0.3324911594390869	-0.18059761822223663	-0.4230760931968689	-0.24760033190250397	-0.6312693953514099	-0.17309410870075226	-0.13339471817016602	-0.4094795286655426	0.24195033311843872	0.2732661962509155	0.2313682585954666	0.3275952935218811	0.4419269561767578	0.4861118197441101	0.11254823952913284	0.31564638018608093	0.5635960698127747	0.830996036529541	0.7057900428771973	0.2999201714992523	0.5208876132965088	0.4984862804412842	0.5658616423606873	0.41940978169441223	-0.24198703467845917	0.41707953810691833	0.06103277578949928	0.1557110846042633	0.38075098395347595	0.17725305259227753	0.3668614327907562	0.0007596528739668429	0.4523639678955078	0.5116637945175171	0.2660943865776062	0.49461108446121216	-0.029895076528191566	0.18264444172382355	-0.12939080595970154	-0.32599255442619324	-0.16051647067070007	-0.08711820840835571	0.14408741891384125	-0.28823861479759216	-0.34049150347709656	0.16308090090751648	-0.16125546395778656	-0.25063297152519226	-0.3062082529067993	0.006951749790459871	0.02208878844976425	-0.06006380543112755	-0.14590154588222504	-0.218960240483284	-0.14064453542232513	-0.24150729179382324	-0.017716888338327408	-0.33521008491516113	0.4962767958641052	0.24406905472278595	0.09905188530683517	0.350435733795166	0.1536424458026886	-0.35377055406570435	0.06610486656427383	0.14293605089187622	0.1800069361925125	-0.13655641674995422	0.13130183517932892	0.25775784254074097	0.2920583486557007	0.05609050393104553	0.3982405662536621	0.1319303959608078	0.14633877575397491	0.17306029796600342	0.12535883486270905	0.03704703599214554	0.23862700164318085	0.10398466885089874	-0.14027370512485504	-0.04510892555117607	0.02692229673266411	0.2595631182193756	0.10829704254865646	0.08812820166349411	-0.08608883619308472	0.5209429860115051	0.42544442415237427	0.6716069579124451	0.00870280060917139	0.48432832956314087	0.06199587509036064	0.2835822105407715	0.22859840095043182	0.3755760192871094	0.485645055770874	0.13317953050136566	0.4015018045902252	0.5446322560310364	-0.08146317303180695	0.38989225029945374	-0.11045433580875397	0.43552613258361816	0.552087128162384	0.5914527773857117	0.43883568048477173	0.4588000476360321	-0.0705653727054596	0.2649609446525574	0.05351230502128601	-0.1431403011083603	-0.17083895206451416	0.1513231098651886
LH_SomMot_3	0.27951374650001526	0.3407776653766632	0.3076731860637665	0.268156498670578	0.2281809002161026	0.36681509017944336	-0.06553778052330017	0.09105698019266129	0.28623971343040466	0.3471228778362274	0.7597290277481079	1.0	0.6475818753242493	0.64790278673172	0.5213007926940918	0.09600338339805603	0.5914449095726013	0.12934118509292603	0.28901755809783936	0.0074655842036008835	0.5327559113502502	-0.12911544740200043	-0.11814478784799576	0.3224427103996277	0.21137389540672302	0.38421159982681274	0.07284361869096756	0.3706676661968231	0.24649831652641296	0.2828041613101959	0.0753113329410553	0.2482631653547287	-0.22643022239208221	-0.23916640877723694	-0.4872948229312897	-0.28256750106811523	-0.30716127157211304	-0.23680786788463593	-0.24359026551246643	-0.3445222079753876	-0.5945660471916199	0.17345018684864044	-0.4360674023628235	-0.18500113487243652	-0.39782965183258057	-0.13916409015655518	-0.48440590500831604	-0.09965356439352036	-0.1476525366306305	-0.3838600814342499	0.2802378535270691	0.3611818850040436	0.15991654992103577	0.3191222548484802	0.3526109457015991	0.39416196942329407	0.1869947612285614	0.28810355067253113	0.38129013776779175	0.7891766428947449	0.872877299785614	0.4018673598766327	0.6529738306999207	0.31735455989837646	0.4184032678604126	0.3426875174045563	-0.2721838355064392	0.32154080271720886	-0.052207548171281815	0.1110864132642746	0.4595261812210083	0.12668539583683014	0.2700011730194092	-0.10156439989805222	0.6437946557998657	0.5063262581825256	0.3544143736362457	0.6401873230934143	-0.021925680339336395	0.4585820138454437	-0.09917736053466797	-0.32647955417633057	-0.19478146731853485	-0.05450756475329399	0.29536259174346924	-0.23007997870445251	-0.2899320125579834	0.2099003791809082	-0.13072453439235687	-0.24653057754039764	-0.3550892770290375	-0.01447279378771782	-0.11899075657129288	0.09774335473775864	-0.12829405069351196	-0.27245962619781494	-0.0399724505841732	-0.1644025295972824	-0.02524460107088089	-0.35036441683769226	0.4933049976825714	0.023985041305422783	0.09139510244131088	0.4421527087688446	0.13323138654232025	-0.1313028186559677	0.2160789519548416	0.2298397421836853	0.107624851167202	-0.03697528690099716	0.033109214156866074	0.16155827045440674	0.20645999908447266	0.22860018908977509	0.4425894320011139	0.050631843507289886	0.1689680516719818	0.1395656317472458	0.16526347398757935	0.03769495338201523	0.39098384976387024	0.20981758832931519	-0.1101589947938919	-0.011905270628631115	0.1571505069732666	0.16604924201965332	0.10817486047744751	-0.028125720098614693	-0.22124281525611877	0.4488409757614136	0.45651164650917053	0.6189801096916199	-0.11837276071310043	0.3784990608692169	0.1150582805275917	0.2997150421142578	0.14960145950317383	0.45054498314857483	0.4636451005935669	0.2555907070636749	0.3359465003013611	0.5550351738929749	-0.024021098390221596	0.3687942922115326	-0.08236214518547058	0.46998482942581177	0.5360238552093506	0.5443307757377625	0.2815250754356384	0.2935337424278259	-0.0395246185362339	0.23913565278053284	-0.02023252099752426	-0.205521360039711	-0.2671923041343689	0.011455834843218327
