Node	DMN_LABEL_1	Vis_LABEL_2	FP_LABEL_3	Aud_LABEL_4	Tpole_LABEL_5	PMN_LABEL_6	PON_LABEL_7	MTL_LABEL_8	PON_LABEL_9	CO_LABEL_10	Sal_LABEL_11	CO_LABEL_12	SMd_LABEL_13	SMl_LABEL_14	DAN_LABEL_15	DMN_LABEL_16	CO_LABEL_17	DMN_LABEL_18	VAN_LABEL_19	CO_LABEL_20	CO_LABEL_21	Sal_LABEL_22	DAN_LABEL_23	PMN_LABEL_24	DAN_LABEL_25	DMN_LABEL_26	DMN_LABEL_27	DMN_LABEL_28	Vis_LABEL_29	FP_LABEL_30	Aud_LABEL_31	Tpole_LABEL_32	PMN_LABEL_33	PON_LABEL_34	MTL_LABEL_35	CO_LABEL_36	Sal_LABEL_37	CO_LABEL_38	SMd_LABEL_39	SMl_LABEL_40	DAN_LABEL_41	CO_LABEL_42	VAN_LABEL_43	CO_LABEL_44	CO_LABEL_45	Sal_LABEL_46	DAN_LABEL_47	PMN_LABEL_48	DAN_LABEL_49	DMN_LABEL_50	FP_LABEL_51	DMN_LABEL_52	DMN_LABEL_53	PON_LABEL_54	DMN_LABEL_55	Tpole_LABEL_56	Tpole_LABEL_57	Sal_LABEL_58	Sal_LABEL_59	SMd_LABEL_60	DAN_LABEL_61	FP_LABEL_62	DMN_LABEL_63	FP_LABEL_64	FP_LABEL_65	SMd_LABEL_66	SMl_LABEL_67	SMd_LABEL_68	DMN_LABEL_69	DAN_LABEL_70	DMN_LABEL_71	FP_LABEL_72	SMd_LABEL_73	SMl_LABEL_74	MTL_LABEL_75	MTL_LABEL_76	CO_LABEL_77	CO_LABEL_78	Vis_LABEL_79	Vis_LABEL_80
DMN_LABEL_1	1.0	-0.14161446690559387	0.0744403526186943	-0.21250173449516296	0.04116405174136162	0.291314959526062	0.21527962386608124	n/a	-0.103904590010643	-0.3181008994579315	-0.2244860678911209	-0.2740978002548218	0.28182774782180786	0.019445838406682014	-0.18968847393989563	0.747544527053833	-0.4503237307071686	0.4743897020816803	0.3850930333137512	-0.38770052790641785	-0.4440455734729767	-0.25645750761032104	-0.22068877518177032	0.21758240461349487	-0.31494635343551636	0.5020820498466492	0.5579869151115417	0.4369009733200073	-0.2065410166978836	-0.15905648469924927	-0.14590278267860413	0.3140122592449188	0.22831442952156067	-0.05607898160815239	n/a	-0.39215314388275146	-0.16538770496845245	-0.3264279365539551	-0.06628983467817307	-0.012058786116540432	-0.35384148359298706	-0.621110200881958	0.09124530106782913	-0.3253006339073181	-0.4349583685398102	-0.25333884358406067	-0.2280752956867218	0.0523119792342186	-0.3604631721973419	0.706559419631958	-0.2722170054912567	-0.31780362129211426	0.3739003539085388	-0.13946422934532166	0.3988920748233795	0.008938334882259369	-0.0872018113732338	-0.10526388138532639	0.04107418283820152	-0.3025340139865875	-0.5000766515731812	-0.022043433040380478	0.11907872557640076	-0.020012637600302696	-0.2773589491844177	-0.019194960594177246	-0.2713015675544739	-0.030406778678297997	0.2438761442899704	-0.32114964723587036	0.17680624127388	-0.048914190381765366	0.2240648865699768	0.0051245978102087975	-0.14667120575904846	-0.13895796239376068	-0.22679679095745087	-0.08317096531391144	-0.17654891312122345	-0.1603596955537796
Vis_LABEL_2	-0.14161446690559387	1.0	0.14996716380119324	0.1898127794265747	0.08274545520544052	0.2699691355228424	0.6088012456893921	n/a	0.5656894445419312	0.16740037500858307	0.3665544092655182	-0.10261278599500656	0.09494572877883911	-0.06826304644346237	0.2298065423965454	-0.07540276646614075	-0.08550488203763962	0.04691707715392113	-0.1298893243074417	0.016376661136746407	0.11306888610124588	0.23969492316246033	0.3852831721305847	0.13054679334163666	0.5048929452896118	0.15582036972045898	0.016273226588964462	0.16473521292209625	0.9322405457496643	0.19580435752868652	0.28056326508522034	-0.01975034549832344	0.31647759675979614	0.5084948539733887	n/a	0.17532138526439667	0.41569340229034424	-0.10541731864213943	-0.10923141241073608	-0.15588116645812988	0.31729841232299805	-0.08190014213323593	0.22738760709762573	0.29767853021621704	0.22296667098999023	0.12645350396633148	0.3587425947189331	0.30289915204048157	0.3346247971057892	-0.3058062791824341	0.39541947841644287	-0.1674525886774063	0.000505299773067236	0.49638575315475464	0.34320294857025146	0.190549835562706	-0.0491555891931057	0.3087981045246124	0.209711492061615	0.06406261771917343	0.46708616614341736	0.08379563689231873	-0.13978257775306702	0.18273840844631195	0.41582682728767395	0.2844001054763794	0.05668124184012413	-0.015438179485499859	-0.27068790793418884	0.20869621634483337	-0.6217113733291626	0.1982705444097519	0.15604984760284424	0.273194819688797	-0.09058878570795059	0.25296398997306824	0.10045896470546722	0.2804149389266968	0.44704100489616394	0.649516224861145
FP_LABEL_3	0.0744403526186943	0.14996716380119324	1.0	0.12218660861253738	0.1302146166563034	0.5306323170661926	0.12102522701025009	n/a	-0.0014838115312159061	0.06305381655693054	0.09283073991537094	-0.09957510232925415	0.2009209543466568	0.13211505115032196	-0.14302565157413483	0.165460005402565	-0.16213105618953705	-0.059131525456905365	0.1312711238861084	-0.018706150352954865	0.1065804660320282	-0.24233190715312958	-0.1321333795785904	0.5934768915176392	0.047994572669267654	-0.08679953962564468	0.12386932969093323	0.537765622138977	0.2579558193683624	0.35767224431037903	0.22066695988178253	0.07957320660352707	0.4449377954006195	0.03917662426829338	n/a	-0.001902577467262745	0.027779527008533478	-0.2013477385044098	-0.12931030988693237	0.1787671446800232	0.1652880758047104	-0.29481685161590576	-0.22072243690490723	-0.01999889314174652	0.19401134550571442	-0.2049953043460846	-0.10608543455600739	0.35914748907089233	-0.054952170699834824	0.04271873086690903	0.2240741103887558	-0.20220842957496643	-0.11899247765541077	0.07547873258590698	0.32416778802871704	0.15384861826896667	-0.07073010504245758	0.1420540064573288	0.11990787833929062	-0.06611815094947815	-0.34747496247291565	-0.13012973964214325	-0.02373177744448185	-0.023372091352939606	0.1321127712726593	-0.15771514177322388	0.19584031403064728	-0.11095582693815231	4.798558074980974e-05	-0.36307111382484436	-0.095037542283535	0.20942403376102448	0.10424862802028656	-0.004275165963917971	-0.04593786969780922	-0.006375281140208244	0.012907756492495537	-0.054164040833711624	0.07696948945522308	-0.009519546292722225
Aud_LABEL_4	-0.21250173449516296	0.1898127794265747	0.12218660861253738	1.0	0.5006476640701294	0.041252754628658295	0.25957190990448	n/a	0.35561779141426086	0.5241439938545227	0.3503905236721039	0.2745715379714966	-0.05471942201256752	0.37821364402770996	0.09500563889741898	-0.00888221524655819	0.24466358125209808	0.26999273896217346	0.2652415931224823	0.6125749349594116	0.5296383500099182	0.39757850766181946	-0.12575529515743256	-0.05449207127094269	0.40983846783638	0.17620480060577393	0.16446898877620697	0.001937184832058847	0.1494482010602951	0.049433931708335876	0.8695349097251892	0.04413413628935814	-0.05120766535401344	0.1865198165178299	n/a	0.3407824635505676	0.21976414322853088	0.06801296025514603	-0.054433126002550125	0.456294983625412	0.06372719258069992	0.32567447423934937	-0.1371304839849472	0.208871990442276	0.5011322498321533	0.2624671161174774	-0.22700168192386627	-0.13950015604496002	-0.122535839676857	-0.23075425624847412	0.16542372107505798	0.2956746220588684	0.08469928801059723	0.40146759152412415	0.21210068464279175	0.17551109194755554	0.05581488832831383	0.6009566783905029	0.5122019648551941	0.21855434775352478	0.19333632290363312	-0.059649426490068436	-0.29437360167503357	0.09456519782543182	-0.08189371228218079	0.15388524532318115	0.240859255194664	0.04610772430896759	0.042453691363334656	-0.21207763254642487	-0.20286859571933746	0.09426521509885788	-0.28564995527267456	-0.2398691177368164	0.21981561183929443	-0.021483244374394417	0.5729957222938538	0.26330772042274475	0.270058274269104	-0.00890839472413063
Tpole_LABEL_5	0.04116405174136162	0.08274545520544052	0.1302146166563034	0.5006476640701294	1.0	0.11211464554071426	0.16712996363639832	n/a	0.0694577768445015	0.1077854335308075	0.14667679369449615	0.17260758578777313	-0.17697058618068695	0.32154324650764465	-0.08334170281887054	0.30871620774269104	0.026683971285820007	0.5583050847053528	0.31006699800491333	0.2754393219947815	0.023629993200302124	0.06594806164503098	-0.180846706032753	-0.06698527187108994	0.09714292734861374	0.3078140318393707	0.4949093163013458	0.21658746898174286	-0.010147035121917725	0.009827682748436928	0.49128320813179016	0.2760692238807678	0.15030017495155334	0.03186840936541557	n/a	0.1123424619436264	0.20476104319095612	-0.07316017895936966	-0.055483587086200714	0.5055270791053772	-0.030802519991993904	-0.11672074347734451	-0.32766127586364746	0.24220462143421173	0.018084153532981873	0.004877051804214716	-0.34406793117523193	-0.2787782847881317	-0.2543882727622986	0.027921322733163834	-0.044686973094940186	0.30852842330932617	0.42700815200805664	0.04367831349372864	0.37584325671195984	0.02275572158396244	0.11745298653841019	0.40890955924987793	0.426310658454895	-0.06399782001972198	-0.17953169345855713	-0.08861929178237915	0.22911329567432404	-0.04106360301375389	-0.2453698068857193	0.14257612824440002	0.3225013017654419	0.011246047914028168	-0.04106014966964722	-0.3271849453449249	0.1705661118030548	0.23426558077335358	-0.28435590863227844	-0.2459096908569336	0.33684268593788147	0.020214011892676353	0.2605800926685333	0.26307564973831177	0.17505685985088348	-0.06859300285577774
PMN_LABEL_6	0.291314959526062	0.2699691355228424	0.5306323170661926	0.041252754628658295	0.11211464554071426	1.0	0.4226173758506775	n/a	0.22152893245220184	-0.03270437568426132	0.23778440058231354	-0.23261137306690216	0.13905087113380432	-0.03647541627287865	-0.3981350362300873	0.08881908655166626	-0.34948042035102844	-0.0930636078119278	-0.08835234493017197	-0.08772320300340652	-0.0716300755739212	0.030134042724967003	-0.38314980268478394	0.8621618151664734	0.1175219714641571	-0.0019333417294546962	-0.011085855774581432	0.5320369005203247	0.2923506796360016	0.2829412519931793	0.11427027732133865	0.2045900970697403	0.8845517039299011	0.29062607884407043	n/a	-0.09318718314170837	0.2218809425830841	-0.4699682891368866	-0.20530036091804504	-0.08900708705186844	-0.16258420050144196	-0.4001076817512512	-0.14262831211090088	-0.09753025323152542	0.1125098466873169	0.1128796935081482	-0.21725869178771973	0.7603299021720886	-0.15449289977550507	0.18024010956287384	0.5081964135169983	-0.1852961629629135	-0.11757104843854904	0.08676708489656448	0.35120007395744324	0.17111222445964813	-0.05378781631588936	0.175320103764534	0.20750190317630768	-0.07912181317806244	-0.3106901943683624	-0.12278280407190323	-0.012265310622751713	0.12443976104259491	0.19877152144908905	0.1854270100593567	0.0934581384062767	-0.09314080327749252	0.015192018821835518	-0.487038791179657	-0.22289443016052246	-0.024927563965320587	0.15377795696258545	-0.003444185946136713	0.12510685622692108	0.1333049088716507	0.04088358208537102	-0.1851324588060379	-0.043042223900556564	0.25975552201271057
PON_LABEL_7	0.21527962386608124	0.6088012456893921	0.12102522701025009	0.25957190990448	0.16712996363639832	0.4226173758506775	1.0	n/a	0.5548131465911865	0.047349993139505386	0.250081866979599	-0.08929360657930374	0.03145319223403931	0.19832704961299896	-0.11522719264030457	0.2520519196987152	-0.3820110261440277	0.15195928514003754	-0.11793579906225204	-0.02603764459490776	-0.015429549850523472	0.15634822845458984	0.007157664746046066	0.24832743406295776	0.12176749110221863	0.33032169938087463	0.14123639464378357	0.4185994863510132	0.4644467532634735	-0.022757461294531822	0.26772525906562805	0.17282529175281525	0.3677714467048645	0.7655925750732422	n/a	-0.04895612597465515	0.29372361302375793	-0.3024057149887085	-0.1695670634508133	0.06264278292655945	-0.15545375645160675	-0.31044474244117737	0.026396369561553	0.08240853995084763	0.05218283087015152	0.09017280489206314	-0.049633778631687164	0.40549635887145996	-0.04871482774615288	0.13114231824874878	0.2778318226337433	-0.10773482918739319	0.1626240760087967	0.4003177881240845	0.5328074097633362	0.25803714990615845	-0.07154536247253418	0.29058563709259033	0.2761043310165405	-0.07029461860656738	0.1215830072760582	-0.1271963119506836	-0.20284618437290192	0.1588917076587677	0.22502033412456512	0.20557425916194916	0.1848536878824234	-0.17522160708904266	-0.017036424949765205	-0.2493959367275238	-0.39524179697036743	-0.034095555543899536	-0.08358114957809448	0.04540346935391426	0.06173368915915489	0.13878080248832703	0.08542510122060776	0.11356894671916962	0.06601998209953308	0.3274856209754944
MTL_LABEL_8	n/a	n/a	n/a	n/a	n/a	n/a	n/a	1.0	n/a	n/a	n/a	n/a	n/a	n/a	n/a	n/a	n/a	n/a	n/a	n/a	n/a	n/a	n/a	n/a	n/a	n/a	n/a	n/a	n/a	n/a	n/a	n/a	n/a	n/a	n/a	n/a	n/a	n/a	n/a	n/a	n/a	n/a	n/a	n/a	n/a	n/a	n/a	n/a	n/a	n/a	n/a	n/a	n/a	n/a	n/a	n/a	n/a	n/a	n/a	n/a	n/a	n/a	n/a	n/a	n/a	n/a	n/a	n/a	n/a	n/a	n/a	n/a	n/a	n/a	n/a	n/a	n/a	n/a	n/a	n/a
PON_LABEL_9	-0.103904590010643	0.5656894445419312	-0.0014838115312159061	0.35561779141426086	0.0694577768445015	0.22152893245220184	0.5548131465911865	n/a	1.0	0.17873884737491608	0.38125672936439514	0.045828040689229965	0.060044679790735245	0.18129821121692657	0.26410359144210815	-0.019206421449780464	-0.1663714349269867	0.15105406939983368	-0.13989508152008057	0.05850696563720703	0.05263395607471466	0.45652318000793457	0.37209394574165344	0.010630731470882893	0.5906947255134583	0.22150485217571259	0.012415182776749134	0.050605978816747665	0.5026664733886719	0.25951656699180603	0.2675643563270569	0.11990109086036682	0.12611134350299835	0.4923195540904999	n/a	0.13386528193950653	0.4181942045688629	-0.13179391622543335	0.031185386702418327	0.006714398507028818	0.1823415458202362	-0.13569679856300354	0.25992512702941895	0.10062661021947861	0.25432199239730835	0.2917618751525879	0.3330216407775879	0.23901838064193726	0.264479398727417	-0.16036689281463623	0.4426616430282593	0.028881000354886055	0.10322766751050949	0.6893385648727417	0.3448161482810974	0.30666059255599976	0.16623076796531677	0.31530797481536865	0.2040613889694214	0.24888445436954498	0.332722932100296	0.10926281660795212	-0.0981379896402359	0.24788275361061096	0.1471315622329712	0.2075645625591278	-0.12614551186561584	0.08136463910341263	-0.3074794113636017	-0.008538909256458282	-0.4175528287887573	0.14036838710308075	-0.12027556449174881	-0.055865444242954254	0.10551466792821884	0.43510302901268005	0.24281132221221924	0.20241637527942657	0.07002923637628555	0.25052762031555176
CO_LABEL_10	-0.3181008994579315	0.16740037500858307	0.06305381655693054	0.5241439938545227	0.1077854335308075	-0.03270437568426132	0.047349993139505386	n/a	0.17873884737491608	1.0	0.40796852111816406	0.6093634963035583	0.3763115108013153	0.06894852221012115	0.4016687870025635	-0.31139829754829407	0.6219564080238342	-0.15452320873737335	0.05189044773578644	0.5351281762123108	0.78095543384552	0.23421572148799896	0.19139832258224487	-0.014010428451001644	0.36308717727661133	-0.13907095789909363	-0.1585165411233902	-0.2707407772541046	0.27025294303894043	0.1366010308265686	0.5384488701820374	0.12478286027908325	-0.09822016954421997	0.011948314495384693	n/a	0.7500047087669373	0.25909894704818726	0.43582236766815186	0.30336666107177734	0.20398616790771484	0.29511624574661255	0.5426289439201355	-0.026842543855309486	0.23776818811893463	0.648743748664856	0.2793712019920349	0.03204024210572243	-0.03512643277645111	0.008777791634202003	-0.385407954454422	0.2521209120750427	-0.2650431990623474	-0.10021327435970306	0.14030607044696808	-0.242313414812088	-0.10071162134408951	-0.2256578952074051	0.2170780897140503	0.25786158442497253	0.44042161107063293	0.38522645831108093	0.2091863453388214	-0.384142130613327	-0.0951201319694519	-0.10465671122074127	0.14586782455444336	0.19251394271850586	0.4698386788368225	-0.15737460553646088	0.1221746951341629	-0.3788023293018341	0.10978000611066818	0.002419194672256708	-0.05844064801931381	0.01846121996641159	-0.01461918093264103	0.44089576601982117	0.38128533959388733	0.23392267525196075	0.08919008821249008
Sal_LABEL_11	-0.2244860678911209	0.3665544092655182	0.09283073991537094	0.3503905236721039	0.14667679369449615	0.23778440058231354	0.250081866979599	n/a	0.38125672936439514	0.40796852111816406	1.0	0.2511204779148102	-0.15086066722869873	-0.17720571160316467	0.198189839720726	-0.24750979244709015	0.2483195811510086	-0.004233431536704302	-0.006225479766726494	0.4589468836784363	0.5928182005882263	0.7518364191055298	-0.1274365931749344	0.20042434334754944	0.4253219962120056	0.16758506000041962	-0.05364155024290085	-0.037595052272081375	0.37841907143592834	0.1761632114648819	0.3207639753818512	0.09574464708566666	0.22784502804279327	0.12047497183084488	n/a	0.5706226229667664	0.8170667290687561	0.06780574470758438	0.016142509877681732	-0.19153328239917755	0.25320830941200256	0.28103047609329224	0.09947974234819412	0.4039766490459442	0.7068569660186768	0.6500815749168396	-0.04808756336569786	0.27688395977020264	0.03000457026064396	-0.3831638991832733	0.5742981433868408	0.062021393328905106	-0.2173832505941391	0.31561192870140076	0.00945833045989275	0.12799276411533356	-0.0031418909784406424	0.5666996836662292	0.509588897228241	0.3265139162540436	0.44369974732398987	0.15980644524097443	-0.36004969477653503	0.22339975833892822	0.33429181575775146	0.38169604539871216	0.0600883848965168	0.1352875679731369	-0.32757726311683655	0.13350561261177063	-0.31934991478919983	0.08860434591770172	-0.05697043240070343	0.057397231459617615	0.3158482015132904	0.3164277672767639	0.5777072310447693	0.5616636872291565	0.43154969811439514	0.27286458015441895
CO_LABEL_12	-0.2740978002548218	-0.10261278599500656	-0.09957510232925415	0.2745715379714966	0.17260758578777313	-0.23261137306690216	-0.08929360657930374	n/a	0.045828040689229965	0.6093634963035583	0.2511204779148102	1.0	0.18926025927066803	0.062474802136421204	0.22606652975082397	-0.11807011812925339	0.4201996922492981	0.1055465042591095	0.1653912514448166	0.5088238716125488	0.5571445822715759	0.134209543466568	0.0880119651556015	-0.317496120929718	0.047120627015829086	-0.09634079039096832	-0.1262015402317047	-0.12348885834217072	-0.057853952050209045	0.07363316416740417	0.28036972880363464	-0.03255779296159744	-0.2803976237773895	-0.2730042040348053	n/a	0.6269697546958923	0.2266608476638794	0.5801551342010498	0.35312920808792114	0.2260744273662567	0.12463895976543427	0.448624849319458	-0.12444718927145004	0.3375680446624756	0.4173969030380249	0.19328193366527557	-0.15349678695201874	-0.288425087928772	-0.12961611151695251	-0.23817935585975647	0.058947525918483734	0.03922070190310478	0.13556747138500214	-0.2109331637620926	-0.2193235605955124	-0.23971782624721527	-0.011471647769212723	0.09908058494329453	0.25600123405456543	0.25164321064949036	0.25418487191200256	0.30138838291168213	-0.06018131971359253	0.003670798148959875	-0.11619030684232712	-0.057929471135139465	0.04045644402503967	0.36142468452453613	-0.23582151532173157	0.042633067816495895	0.06395202875137329	0.06437010318040848	-0.19909435510635376	-0.3363570272922516	0.008509228937327862	-0.09059958159923553	0.29841113090515137	0.24822267889976501	-0.043186455965042114	-0.06576990336179733
SMd_LABEL_13	0.28182774782180786	0.09494572877883911	0.2009209543466568	-0.05471942201256752	-0.17697058618068695	0.13905087113380432	0.03145319223403931	n/a	0.060044679790735245	0.3763115108013153	-0.15086066722869873	0.18926025927066803	1.0	0.033756911754608154	0.3917112648487091	0.14554163813591003	-0.033036720007658005	-0.0037303681019693613	-0.12943513691425323	-0.13352259993553162	0.048853799700737	-0.2604328691959381	0.28540730476379395	0.12743979692459106	0.2198849618434906	0.08263009786605835	0.14464940130710602	-0.019719218835234642	0.21680137515068054	0.20798586308956146	0.04795391485095024	0.09418249875307083	0.09091302007436752	-0.10643112659454346	n/a	0.15290780365467072	-0.24455738067626953	0.10154999792575836	0.42763009667396545	0.11568319797515869	0.2856505215167999	-0.12634077668190002	0.336212694644928	-0.2209502011537552	-0.047413747757673264	-0.26097458600997925	0.2658787667751312	0.0676642507314682	0.22468426823616028	0.1670457422733307	-0.006874309852719307	-0.58370041847229	0.236325204372406	-0.01576431840658188	0.13254033029079437	-0.0017666647909209132	0.025913195684552193	-0.14031368494033813	-0.044330209493637085	0.3018433451652527	-0.048425011336803436	0.15653769671916962	0.04622591286897659	-0.2964678108692169	-0.12556904554367065	-0.10863976925611496	-0.2844359874725342	0.48410046100616455	-0.030027370899915695	0.027933524921536446	-0.3508986532688141	0.16519661247730255	0.4918655753135681	0.08835594356060028	-0.311204195022583	-0.038817696273326874	-0.04072900861501694	0.060210734605789185	-0.06538373231887817	0.16644582152366638
SMl_LABEL_14	0.019445838406682014	-0.06826304644346237	0.13211505115032196	0.37821364402770996	0.32154324650764465	-0.03647541627287865	0.19832704961299896	n/a	0.18129821121692657	0.06894852221012115	-0.17720571160316467	0.062474802136421204	0.033756911754608154	1.0	-0.10995122045278549	0.30840474367141724	-0.1532151699066162	0.2825269103050232	0.026155689731240273	0.04950348287820816	0.041500844061374664	-0.12085635960102081	-0.04735853523015976	-0.10111428797245026	-0.07886424660682678	0.2836948335170746	0.34183597564697266	0.1169811487197876	-0.1517624408006668	-0.4178260862827301	0.32676881551742554	0.1856003701686859	-0.20886830985546112	0.07283661514520645	n/a	-0.16577443480491638	-0.17578476667404175	0.09961195290088654	0.1500183790922165	0.8749865293502808	-0.3378658890724182	-0.11126501113176346	-0.18031081557273865	-0.20736202597618103	-0.10673251748085022	-0.23999595642089844	-0.31395411491394043	-0.2854672372341156	-0.26892736554145813	0.06182814761996269	-0.2562495768070221	0.15786492824554443	0.27410387992858887	0.20826776325702667	0.29921215772628784	0.29518476128578186	0.2188224196434021	0.15436279773712158	-0.0009689432336017489	0.0619085431098938	-0.23492829501628876	-0.28201228380203247	-0.2118654102087021	-0.30974289774894714	-0.5022836923599243	-0.23745548725128174	0.34060049057006836	-0.05759263411164284	0.1530195027589798	-0.3865785300731659	-0.03437253460288048	-0.19574202597141266	-0.4342699348926544	0.04297301918268204	0.3775857090950012	0.09098806977272034	-0.021516690030694008	0.07465990632772446	-0.17886413633823395	-0.08221545815467834
DAN_LABEL_15	-0.18968847393989563	0.2298065423965454	-0.14302565157413483	0.09500563889741898	-0.08334170281887054	-0.3981350362300873	-0.11522719264030457	n/a	0.26410359144210815	0.4016687870025635	0.198189839720726	0.22606652975082397	0.3917112648487091	-0.10995122045278549	1.0	-0.10251552611589432	0.37900927662849426	0.11094038188457489	-0.04875717684626579	0.07540810108184814	0.277003675699234	0.18595466017723083	0.7246471047401428	-0.4371853470802307	0.5748754143714905	0.15479080379009247	0.0878637358546257	-0.4113790690898895	0.29763659834861755	0.2664802074432373	0.10768990218639374	0.03812812268733978	-0.3858010470867157	-0.002921299310401082	n/a	0.43366938829421997	0.14188329875469208	0.3711946904659271	0.4547000229358673	-0.0759461298584938	0.7285996675491333	0.30148547887802124	0.4817851781845093	0.1942104697227478	0.26729416847229004	0.09114944189786911	0.6020538806915283	-0.32036617398262024	0.5643385052680969	-0.2973178029060364	0.033183492720127106	-0.21836811304092407	0.16799604892730713	0.27097395062446594	0.02640351466834545	-0.08286476880311966	-0.052987005561590195	0.09842635691165924	0.03758343309164047	0.43736112117767334	0.4363623857498169	0.410390704870224	0.024834614247083664	0.029661376029253006	0.09010367840528488	0.12336654216051102	-0.1764323115348816	0.3962413966655731	-0.26138365268707275	0.5141658782958984	-0.2487034946680069	0.549560546875	0.27963730692863464	0.20928718149662018	-0.13344602286815643	0.23785006999969482	0.1629728078842163	0.45722657442092896	0.37564027309417725	0.12088709324598312
DMN_LABEL_16	0.747544527053833	-0.07540276646614075	0.165460005402565	-0.00888221524655819	0.30871620774269104	0.08881908655166626	0.2520519196987152	n/a	-0.019206421449780464	-0.31139829754829407	-0.24750979244709015	-0.11807011812925339	0.14554163813591003	0.30840474367141724	-0.10251552611589432	1.0	-0.473138689994812	0.7330263257026672	0.44450148940086365	-0.1848285049200058	-0.35794639587402344	-0.25409263372421265	-0.0842856764793396	-0.05422160029411316	-0.2662094831466675	0.6947962641716003	0.7649932503700256	0.5473342537879944	-0.18461604416370392	-0.12908348441123962	-0.02894398756325245	0.27612224221229553	0.014652498997747898	-0.051222994923591614	n/a	-0.41746023297309875	-0.215910404920578	-0.2800307273864746	-0.04841512814164162	0.3425731062889099	-0.27969980239868164	-0.5920419692993164	-0.1673276573419571	-0.25803250074386597	-0.40273040533065796	-0.4095016121864319	-0.2479635328054428	-0.24133065342903137	-0.22987638413906097	0.618171751499176	-0.4129661023616791	-0.06094396114349365	0.4488990902900696	-0.10272640734910965	0.6512765288352966	0.14530953764915466	0.017156610265374184	0.09915878623723984	0.1959524005651474	-0.34038493037223816	-0.4697404205799103	0.06319008022546768	0.07418505847454071	-0.005159878637641668	-0.28047534823417664	-0.11092125624418259	-0.0693790465593338	-0.14781473577022552	0.18808838725090027	-0.43832477927207947	0.18050184845924377	-0.003880052827298641	-0.1347247064113617	-0.10575637221336365	-0.036710720509290695	-0.13435102999210358	-0.11523427814245224	0.006548043806105852	-0.1255187690258026	-0.26995837688446045
CO_LABEL_17	-0.4503237307071686	-0.08550488203763962	-0.16213105618953705	0.24466358125209808	0.026683971285820007	-0.34948042035102844	-0.3820110261440277	n/a	-0.1663714349269867	0.6219564080238342	0.2483195811510086	0.4201996922492981	-0.033036720007658005	-0.1532151699066162	0.37900927662849426	-0.473138689994812	1.0	-0.1726875603199005	0.079507976770401	0.5870607495307922	0.5908993482589722	0.20893311500549316	0.19113200902938843	-0.19770629703998566	0.1616181880235672	-0.33333197236061096	-0.24675564467906952	-0.5900323987007141	-0.03506084531545639	0.013085538521409035	0.21232786774635315	-0.09670383483171463	-0.23908598721027374	-0.2474447637796402	n/a	0.6564165353775024	0.19364649057388306	0.5437343716621399	0.1772651970386505	-0.0477248877286911	0.32730796933174133	0.7168351411819458	0.047469813376665115	0.3997768759727478	0.4717024564743042	0.2225908786058426	0.06050039455294609	-0.2179938703775406	0.04149247705936432	-0.4575648903846741	0.011253931559622288	-0.05202430114150047	-0.16197532415390015	-0.24351826310157776	-0.5438210368156433	-0.17926107347011566	-0.282391220331192	0.12383582442998886	0.10645989328622818	0.35946735739707947	0.4500047564506531	0.18460460007190704	-0.12654535472393036	0.1655493676662445	-0.18978233635425568	0.13842903077602386	0.08759201318025589	0.42736220359802246	-0.23891040682792664	0.4350939989089966	-0.05599332973361015	0.21617306768894196	0.12507480382919312	0.0024895414244383574	0.039479002356529236	-0.025867028161883354	0.1440567821264267	0.23949827253818512	0.2979901134967804	0.011239874176681042
DMN_LABEL_18	0.4743897020816803	0.04691707715392113	-0.059131525456905365	0.26999273896217346	0.5583050847053528	-0.0930636078119278	0.15195928514003754	n/a	0.15105406939983368	-0.15452320873737335	-0.004233431536704302	0.1055465042591095	-0.0037303681019693613	0.2825269103050232	0.11094038188457489	0.7330263257026672	-0.1726875603199005	1.0	0.5337889194488525	0.09961986541748047	-0.16883815824985504	0.03439445421099663	0.04926992580294609	-0.28213557600975037	0.06129324808716774	0.6873330473899841	0.6892508864402771	0.20306219160556793	-0.1359851062297821	-0.1418016403913498	0.24613329768180847	0.2177809327840805	-0.10078391432762146	-0.0839974507689476	n/a	-0.1222313717007637	0.0544169582426548	-0.1640985757112503	0.03396978974342346	0.35898905992507935	-0.08827833831310272	-0.2740340828895569	-0.11685854196548462	-0.019584055989980698	-0.190774604678154	-0.08083254098892212	-0.19711525738239288	-0.4359922409057617	-0.12299177050590515	0.38129884004592896	-0.3324219584465027	0.2315557897090912	0.640052080154419	0.07222681492567062	0.5109618902206421	0.005231584422290325	0.17942816019058228	0.3486907482147217	0.4476236402988434	-0.17879995703697205	-0.17306968569755554	0.13788743317127228	0.3015434443950653	0.17476530373096466	-0.318163126707077	0.07351170480251312	-0.050845466554164886	-0.03192570060491562	0.012098874896764755	-0.24709025025367737	0.2982387840747833	0.18955707550048828	-0.14888451993465424	-0.18032114207744598	0.11008448898792267	-0.041233450174331665	0.011986526660621166	0.2270953506231308	0.1436101645231247	-0.11901411414146423
VAN_LABEL_19	0.3850930333137512	-0.1298893243074417	0.1312711238861084	0.2652415931224823	0.31006699800491333	-0.08835234493017197	-0.11793579906225204	n/a	-0.13989508152008057	0.05189044773578644	-0.006225479766726494	0.1653912514448166	-0.12943513691425323	0.026155689731240273	-0.04875717684626579	0.44450148940086365	0.079507976770401	0.5337889194488525	1.0	0.10276983678340912	0.03682545945048332	-0.07304371148347855	-0.05193883553147316	-0.1837635189294815	-0.15216052532196045	0.2657773494720459	0.4198034405708313	0.29932844638824463	-0.17041084170341492	-0.0701560378074646	0.292922705411911	0.1473870724439621	-0.12707427144050598	-0.27705317735671997	n/a	0.032429952174425125	0.086468406021595	-0.028881553560495377	-0.22193193435668945	0.12978173792362213	-0.11536778509616852	-0.09706862270832062	-0.16807711124420166	0.06315693259239197	0.013788261450827122	-0.06317930668592453	-0.30730757117271423	-0.4267789125442505	-0.2623567581176758	0.15333637595176697	-0.2593003511428833	0.008883913047611713	0.09758835285902023	0.005291322711855173	0.11244197189807892	-0.2289794385433197	-0.17909109592437744	0.14456988871097565	0.25221559405326843	-0.42626816034317017	-0.1504145860671997	0.18068180978298187	-0.01156657561659813	0.1308131366968155	-0.20024287700653076	0.10611438751220703	0.03140787035226822	-0.16371886432170868	0.02982306107878685	-0.13367557525634766	0.2756471335887909	0.10868775099515915	-0.07366703450679779	-0.19660405814647675	-0.11234952509403229	-0.2507123351097107	0.10830791294574738	0.1308162808418274	0.12815868854522705	-0.33006080985069275
CO_LABEL_20	-0.38770052790641785	0.016376661136746407	-0.018706150352954865	0.6125749349594116	0.2754393219947815	-0.08772320300340652	-0.02603764459490776	n/a	0.05850696563720703	0.5351281762123108	0.4589468836784363	0.5088238716125488	-0.13352259993553162	0.04950348287820816	0.07540810108184814	-0.1848285049200058	0.5870607495307922	0.09961986541748047	0.10276983678340912	1.0	0.6657687425613403	0.4612898826599121	-0.16117633879184723	-0.013499412685632706	0.2442961484193802	0.03620053827762604	-0.09758908301591873	-0.21077802777290344	0.015966033563017845	0.059253741055727005	0.4709765315055847	-0.1292065531015396	-0.04317416623234749	-0.12687477469444275	n/a	0.6016372442245483	0.2730225622653961	0.2331078201532364	0.12884819507598877	0.153306782245636	0.16850584745407104	0.5761018395423889	-0.21428434550762177	0.5061176419258118	0.6158503293991089	0.28584930300712585	-0.20685672760009766	-0.04444484785199165	-0.08489289879798889	-0.4147557318210602	0.21210528910160065	0.35993409156799316	-0.10060691088438034	-0.1026739552617073	-0.17971837520599365	0.13056322932243347	-0.10190940648317337	0.5094864964485168	0.5579395890235901	0.4117412269115448	0.2734980285167694	0.09304913878440857	-0.17424802482128143	0.11892860382795334	-0.06761958450078964	0.1648433953523636	0.13468769192695618	0.29388555884361267	-0.2532765567302704	0.020850902423262596	-0.05196093022823334	-0.007866175845265388	-0.2606299817562103	-0.3084891438484192	0.3428499698638916	-0.04241488501429558	0.49483010172843933	0.2743072211742401	0.31081995368003845	0.040531229227781296
CO_LABEL_21	-0.4440455734729767	0.11306888610124588	0.1065804660320282	0.5296383500099182	0.023629993200302124	-0.0716300755739212	-0.015429549850523472	n/a	0.05263395607471466	0.78095543384552	0.5928182005882263	0.5571445822715759	0.048853799700737	0.041500844061374664	0.277003675699234	-0.35794639587402344	0.5908993482589722	-0.16883815824985504	0.03682545945048332	0.6657687425613403	1.0	0.3594812750816345	-0.0025010360404849052	0.013905475847423077	0.26727116107940674	-0.10912131518125534	-0.29376184940338135	-0.22678887844085693	0.18463243544101715	0.04174632579088211	0.5339528322219849	0.04316667094826698	-0.17694924771785736	-0.0393308661878109	n/a	0.7207221984863281	0.3264920115470886	0.4553701877593994	0.1994522660970688	0.15346737205982208	0.2522372603416443	0.7047255635261536	-0.14038881659507751	0.3069096505641937	0.857390820980072	0.35695260763168335	-0.11283301562070847	-0.008600080385804176	-0.0022243389394134283	-0.4882791340351105	0.21282339096069336	-0.025042884051799774	-0.26533353328704834	0.11576398462057114	-0.3126792013645172	-0.09467411041259766	-0.10521434992551804	0.37433889508247375	0.34393608570098877	0.45580005645751953	0.4416472911834717	0.08038638532161713	-0.5036553740501404	0.0017068536253646016	0.08828331530094147	0.08109227567911148	0.28639182448387146	0.2991478443145752	-0.04774348437786102	0.14202386140823364	-0.23880839347839355	-0.03268345445394516	-0.1425887644290924	-0.021891877055168152	0.21657438576221466	0.11350663751363754	0.48398953676223755	0.42866453528404236	0.3654325306415558	0.08084498345851898
Sal_LABEL_22	-0.25645750761032104	0.23969492316246033	-0.24233190715312958	0.39757850766181946	0.06594806164503098	0.030134042724967003	0.15634822845458984	n/a	0.45652318000793457	0.23421572148799896	0.7518364191055298	0.134209543466568	-0.2604328691959381	-0.12085635960102081	0.18595466017723083	-0.25409263372421265	0.20893311500549316	0.03439445421099663	-0.07304371148347855	0.4612898826599121	0.3594812750816345	1.0	-0.11855398863554001	-0.047276031225919724	0.532879114151001	0.25675472617149353	-0.12356670200824738	-0.16397713124752045	0.20473380386829376	0.14710605144500732	0.22311672568321228	-0.029222335666418076	0.017938178032636642	0.14236241579055786	n/a	0.2853059768676758	0.615664541721344	-0.05313142016530037	-0.16592542827129364	-0.25430506467819214	0.20839932560920715	0.25880709290504456	0.16405443847179413	0.4007996916770935	0.5206570029258728	0.8115748763084412	0.06989486515522003	0.13702605664730072	0.1148296669125557	-0.4066236913204193	0.584926426410675	0.3717372417449951	-0.2681352198123932	0.40481916069984436	0.011192336678504944	0.27508896589279175	0.046122677624225616	0.5141059756278992	0.46014124155044556	0.28167444467544556	0.459804892539978	0.2168051302433014	-0.31962233781814575	0.2819969058036804	0.26479870080947876	0.24129487574100494	-0.13653649389743805	0.0800015777349472	-0.3430180251598358	0.13173221051692963	-0.2445015013217926	0.050236474722623825	-0.1410820633172989	-0.004487750586122274	0.3052017390727997	0.2618584632873535	0.5680028796195984	0.3452534079551697	0.3352265954017639	0.21304640173912048
DAN_LABEL_23	-0.22068877518177032	0.3852831721305847	-0.1321333795785904	-0.12575529515743256	-0.180846706032753	-0.38314980268478394	0.007157664746046066	n/a	0.37209394574165344	0.19139832258224487	-0.1274365931749344	0.0880119651556015	0.28540730476379395	-0.04735853523015976	0.7246471047401428	-0.0842856764793396	0.19113200902938843	0.04926992580294609	-0.05193883553147316	-0.16117633879184723	-0.0025010360404849052	-0.11855398863554001	1.0	-0.4262043833732605	0.4216146171092987	-0.04317517578601837	-0.05208790302276611	-0.3242548704147339	0.41744232177734375	0.25807252526283264	-0.015453018248081207	-0.06357535719871521	-0.3360738158226013	0.10979904234409332	n/a	0.18182608485221863	-0.033211853355169296	0.23740160465240479	0.3205451965332031	-0.08986903727054596	0.599560022354126	0.11066889017820358	0.4000881612300873	0.10821687430143356	-0.027303889393806458	-0.15702085196971893	0.778749942779541	-0.22350066900253296	0.660101592540741	-0.23891378939151764	-0.042055875062942505	-0.2961767613887787	0.17224349081516266	0.29788386821746826	-0.012460247613489628	-0.15285640954971313	-0.11945810914039612	-0.2450203001499176	-0.2687697112560272	0.19369161128997803	0.37147486209869385	0.3672489523887634	0.14992836117744446	0.04602398723363876	0.02139129489660263	0.028270473703742027	-0.1416892409324646	0.250398725271225	-0.3448930084705353	0.49454617500305176	-0.2623479664325714	0.44008442759513855	0.19239288568496704	0.17464275658130646	-0.2688007056713104	0.2008460909128189	-0.19903220236301422	0.18077276647090912	0.17540036141872406	0.1337861865758896
PMN_LABEL_24	0.21758240461349487	0.13054679334163666	0.5934768915176392	-0.05449207127094269	-0.06698527187108994	0.8621618151664734	0.24832743406295776	n/a	0.010630731470882893	-0.014010428451001644	0.20042434334754944	-0.317496120929718	0.12743979692459106	-0.10111428797245026	-0.4371853470802307	-0.05422160029411316	-0.19770629703998566	-0.28213557600975037	-0.1837635189294815	-0.013499412685632706	0.013905475847423077	-0.047276031225919724	-0.4262043833732605	1.0	0.01008731871843338	-0.18631698191165924	-0.12285755574703217	0.36667123436927795	0.20320327579975128	0.21455314755439758	0.010281022638082504	0.07103822380304337	0.8180732131004333	0.12165170162916183	n/a	-0.028146343305706978	0.08888933807611465	-0.40021631121635437	-0.19622072577476501	-0.15080900490283966	-0.1106569841504097	-0.2577170133590698	-0.15842635929584503	-0.1458820104598999	0.14552822709083557	0.06443040817975998	-0.1969618946313858	0.8388130068778992	-0.15031324326992035	0.15538904070854187	0.463172048330307	-0.258611261844635	-0.2500777244567871	-0.046188101172447205	0.07504245638847351	0.17323262989521027	-0.133632630109787	0.07889518141746521	0.10233192890882492	0.009835055097937584	-0.3539377450942993	-0.2076876163482666	-0.0516926646232605	0.09111373126506805	0.18696169555187225	0.11489412933588028	0.11321438103914261	-0.03996988758444786	0.014466621913015842	-0.4026363790035248	-0.18943053483963013	-0.056807927787303925	0.2147725224494934	0.04412076994776726	0.12701401114463806	0.05880150571465492	-0.02267705649137497	-0.18808019161224365	0.0013792059617117047	0.1834401786327362
DAN_LABEL_25	-0.31494635343551636	0.5048929452896118	0.047994572669267654	0.40983846783638	0.09714292734861374	0.1175219714641571	0.12176749110221863	n/a	0.5906947255134583	0.36308717727661133	0.4253219962120056	0.047120627015829086	0.2198849618434906	-0.07886424660682678	0.5748754143714905	-0.2662094831466675	0.1616181880235672	0.06129324808716774	-0.15216052532196045	0.2442961484193802	0.26727116107940674	0.532879114151001	0.4216146171092987	0.01008731871843338	1.0	0.09833865612745285	-0.06713853031396866	-0.17677083611488342	0.5445124506950378	0.4869195818901062	0.34833812713623047	-0.03341237083077431	0.10349221527576447	0.21270889043807983	n/a	0.28984498977661133	0.2771981358528137	-0.022899681702256203	0.04218389093875885	-0.11549686640501022	0.6636793613433838	0.19278939068317413	0.27504676580429077	0.22669382393360138	0.41888299584388733	0.45853421092033386	0.5124466419219971	0.1427832692861557	0.6142641305923462	-0.37720227241516113	0.5368406772613525	0.06387124210596085	-0.030813610181212425	0.5801491737365723	0.18050530552864075	0.11911197751760483	0.16306541860103607	0.37176379561424255	0.33096519112586975	0.35375580191612244	0.42221882939338684	0.28616395592689514	-0.03575789928436279	0.13233023881912231	0.26232171058654785	0.18899109959602356	-0.04413682594895363	0.28664109110832214	-0.3393932282924652	0.17332220077514648	-0.47271424531936646	0.4309639632701874	0.18015919625759125	0.10330116748809814	0.03456636890769005	0.2576393485069275	0.3522532880306244	0.3347187638282776	0.38118040561676025	0.32573795318603516
