../../.git/annex/objects/V9/23/SHA256E-s2556883--29f17f810c524cf8b8ebec41cdeb3ed547a91f1ab84e20bc347db2ea9b032b12.tsv/SHA256E-s2556883--29f17f810c524cf8b8ebec41cdeb3ed547a91f1ab84e20bc347db2ea9b032b12.tsv