Node	HIP-head-m-rh	HIP-head-l-rh	HIP-body-rh	HIP-tail-rh	THA-VPm-rh	THA-VPl-rh	THA-VAi-rh	THA-VAs-rh	THA-DAm-rh	THA-DAl-rh	PUT-VA-rh	PUT-DA-rh	PUT-VP-rh	PUT-DP-rh	CAU-VA-rh	CAU-DA-rh	CAU-body-rh	CAU-tail-rh	lAMY-rh	mAMY-rh	THA-DP-rh	NAc-shell-rh	NAc-core-rh	pGP-rh	aGP-rh	HIP-head-m-lh	HIP-head-l-l	HIP-body-l	HIP-tail-lh	THA-VPm-lh	THA-VPl-lh	THA-VAi-lh	THA-VAs-lh	THA-DAm-lh	THA-DAl-lh	PUT-VA-lh	PUT-DA-l	PUT-VP-lh	PUT-DP-lh	CAU-VA-lh	CAU-DA-lh	CAU-body-lh	CAU-tail-lh	lAMY-lh	mAMY-lh	THA-DP-lh	NAc-shell-lh	NAc-core-lh	pGP-lh	aGP-lh
HIP-head-m-rh	1.0	0.529131293296814	0.2963750660419464	0.5789238214492798	0.08415341377258301	0.4122929275035858	0.084820955991745	-0.17251120507717133	0.1841195672750473	0.008242219686508179	-0.2328021228313446	0.5213180184364319	0.29825887084007263	0.22868841886520386	0.29467934370040894	0.5292554497718811	0.31807196140289307	-0.327044814825058	0.23469455540180206	0.5850655436515808	0.259016215801239	-0.05418447032570839	-0.38315150141716003	-0.07344789803028107	0.018048571422696114	0.36285150051116943	0.4208635091781616	0.14010487496852875	0.6568682789802551	0.5475839972496033	0.5063256025314331	-0.025296460837125778	-0.30840134620666504	0.06207413971424103	-0.4264611601829529	-0.18885613977909088	0.4910854399204254	0.5365052223205566	0.34985506534576416	0.3311413526535034	0.408851683139801	0.2648577392101288	-0.03586079180240631	0.37905070185661316	0.40576043725013733	0.33489423990249634	0.030779896304011345	-0.051970310509204865	0.32093048095703125	-0.02568439394235611
HIP-head-l-rh	0.529131293296814	1.0	0.6113325953483582	0.390889436006546	-0.027873458340764046	0.5779693126678467	0.1485811024904251	-0.4032682180404663	0.3286987543106079	-0.17455945909023285	-0.16602416336536407	0.6606398820877075	0.35618093609809875	0.23264756798744202	0.3085722029209137	0.4853633940219879	0.15414878726005554	-0.24149943888187408	0.3721613585948944	0.5270059704780579	0.11415939033031464	0.3474839925765991	-0.10728088021278381	-0.16170957684516907	0.12822642922401428	0.17269913852214813	0.3745640218257904	0.300171822309494	0.45538797974586487	0.43851256370544434	0.5563229918479919	0.13861742615699768	-0.32934683561325073	-0.15369448065757751	-0.44650471210479736	0.010021666996181011	0.6246551275253296	0.702802836894989	0.30734333395957947	0.3498046100139618	0.3491726815700531	-0.009281783364713192	0.1955912858247757	0.4337092339992523	0.2868554890155792	0.20554986596107483	0.41002869606018066	0.21611955761909485	0.26115721464157104	0.016627561300992966
HIP-body-rh	0.2963750660419464	0.6113325953483582	1.0	0.48219913244247437	-0.38313838839530945	0.2710789144039154	-0.11372115463018417	-0.5549402236938477	0.16150236129760742	-0.310468852519989	-0.1442425400018692	0.47764313220977783	0.10258907079696655	0.11637799441814423	0.07952279597520828	0.2811583876609802	-0.09436609596014023	-0.13345864415168762	0.1079203262925148	0.32973513007164	0.03830444812774658	0.31017932295799255	0.07674409449100494	-0.42695173621177673	-0.20852676033973694	0.29688432812690735	0.061259523034095764	0.33612892031669617	0.4042806029319763	0.3207554519176483	0.006894792430102825	-0.24184808135032654	-0.43010395765304565	-0.5316706299781799	-0.4971858561038971	0.20041000843048096	0.3419400453567505	0.42090553045272827	-0.08909793198108673	0.19267962872982025	0.23987753689289093	0.020650938153266907	0.32991230487823486	0.40023815631866455	0.22519299387931824	0.24196957051753998	0.34171628952026367	0.24463091790676117	0.2413376271724701	-0.35032495856285095
HIP-tail-rh	0.5789238214492798	0.390889436006546	0.48219913244247437	1.0	-0.06574077904224396	0.2812495529651642	-0.02699073776602745	-0.15201343595981598	0.16271570324897766	-0.18699486553668976	-0.4785129725933075	0.4535042345523834	0.26213106513023376	0.3779291808605194	-0.06699471920728683	0.23487655818462372	0.2728569209575653	-0.2592080235481262	0.2323015034198761	0.4979252219200134	0.3912490904331207	0.025081750005483627	-0.2905018925666809	-0.3553832769393921	-0.22285369038581848	0.5001150369644165	0.12065006792545319	0.13169942796230316	0.6627755165100098	0.2948165237903595	0.0662788599729538	-0.013390458188951015	-0.0006903932080604136	-0.23800502717494965	-0.5091190338134766	-0.22012197971343994	0.07545977830886841	0.273226797580719	-0.0449494831264019	-0.04943893477320671	-0.06439638137817383	0.32155612111091614	-0.19696994125843048	0.11914875358343124	0.4652153551578522	0.25251731276512146	-0.21200211346149445	-0.3263686001300812	0.0578295923769474	-0.41399261355400085
THA-VPm-rh	0.08415341377258301	-0.027873458340764046	-0.38313838839530945	-0.06574077904224396	1.0	0.4180355966091156	0.32141193747520447	0.4319290220737457	0.10756513476371765	0.0356939360499382	-0.08037631213665009	-0.2070838361978531	0.4562191069126129	0.2751905024051666	0.0844895988702774	0.004472116939723492	0.523834228515625	0.10941066592931747	0.34592026472091675	0.0937805101275444	0.4134276509284973	-0.11751654744148254	-0.0285030547529459	0.17199449241161346	-0.046550411731004715	0.20756515860557556	-0.005568130873143673	0.055944107472896576	0.09477482736110687	0.4830516278743744	0.41623640060424805	0.4599744975566864	0.594096839427948	0.3083101511001587	0.31389713287353516	-0.15100598335266113	-0.13089172542095184	-0.06102431192994118	0.4613267481327057	-0.07614437490701675	-0.1347029060125351	0.23912595212459564	0.00792332086712122	0.17785491049289703	0.3340979814529419	0.036588285118341446	-0.13863018155097961	-0.12922170758247375	-0.22157743573188782	0.17522402107715607
THA-VPl-rh	0.4122929275035858	0.5779693126678467	0.2710789144039154	0.2812495529651642	0.4180355966091156	1.0	0.43021050095558167	-0.07523197680711746	0.37774693965911865	-0.46949419379234314	-0.5313093662261963	0.5206297636032104	0.7695786356925964	0.3919299244880676	0.06269723922014236	0.18441224098205566	0.4627639055252075	-0.4381389021873474	0.5069087743759155	0.7011903524398804	0.44467902183532715	-0.11336586624383926	-0.4415399134159088	0.09042816609144211	-0.16755181550979614	0.2505302131175995	0.1446373164653778	-0.0062058004550635815	0.5024566650390625	0.542449414730072	0.703350305557251	0.4365399479866028	0.07552336901426315	0.07895639538764954	-0.28000521659851074	-0.311644971370697	0.2722336947917938	0.41337573528289795	0.5094351768493652	-0.11711842566728592	0.025428250432014465	0.11717812716960907	-0.022986633703112602	0.41884398460388184	0.3919956088066101	0.13386455178260803	0.01944013126194477	-0.13094528019428253	-0.24232909083366394	-0.32269054651260376
THA-VAi-rh	0.084820955991745	0.1485811024904251	-0.11372115463018417	-0.02699073776602745	0.32141193747520447	0.43021050095558167	1.0	0.46656957268714905	0.6803508400917053	0.20635510981082916	-0.29432567954063416	0.1568593680858612	0.5282340049743652	0.2824574112892151	0.10083852708339691	-0.006541466806083918	0.43312644958496094	-0.04229185730218887	0.31303033232688904	0.05220285430550575	0.4294690489768982	-0.24775709211826324	-0.15223009884357452	0.2921271324157715	-0.2634162902832031	0.06726276129484177	0.46685779094696045	0.15951184928417206	0.1684560924768448	0.16530267894268036	0.38177430629730225	0.7092185616493225	0.3246849775314331	0.498381644487381	0.10616590082645416	-0.27724984288215637	-0.04056620970368385	0.09484556317329407	0.6278169751167297	0.01807454787194729	0.11173199862241745	0.15204547345638275	-0.10489527136087418	0.35621368885040283	0.17626143991947174	0.14070913195610046	-0.044951096177101135	-0.16488780081272125	-0.48535653948783875	0.019283926114439964
THA-VAs-rh	-0.17251120507717133	-0.4032682180404663	-0.5549402236938477	-0.15201343595981598	0.4319290220737457	-0.07523197680711746	0.46656957268714905	1.0	0.12182436883449554	0.17079100012779236	-0.004696196410804987	-0.26487377285957336	0.20060263574123383	0.2845415771007538	0.06685822457075119	-0.20695583522319794	0.5867844223976135	0.3360450267791748	0.27081677317619324	-0.05608854442834854	0.36698824167251587	-0.3902558982372284	-0.07870686799287796	0.39638063311576843	-0.0445907786488533	0.1549035757780075	0.22063134610652924	0.16930648684501648	-0.18424199521541595	-0.06533709913492203	-0.04614976793527603	0.5784074068069458	0.820015549659729	0.6616814732551575	0.5335272550582886	-0.20820853114128113	-0.3649425506591797	-0.4986592233181	0.35320645570755005	-0.12828326225280762	-0.20113520324230194	0.46312570571899414	-0.10107604414224625	-0.14263246953487396	0.12809458374977112	-0.142928346991539	-0.4256272315979004	-0.4345637261867523	-0.5585275888442993	0.22708505392074585
THA-DAm-rh	0.1841195672750473	0.3286987543106079	0.16150236129760742	0.16271570324897766	0.10756513476371765	0.37774693965911865	0.6803508400917053	0.12182436883449554	1.0	0.29299402236938477	-0.3569570481777191	0.34206581115722656	0.38990846276283264	0.39942020177841187	-0.07801932096481323	0.17459017038345337	0.282196044921875	0.030269313603639603	0.08676712960004807	0.26443761587142944	0.542762279510498	-0.07281643152236938	-0.1002274826169014	-0.04021817818284035	-0.34822866320610046	0.33943015336990356	0.46440643072128296	0.014212468639016151	0.30437058210372925	0.10848286002874374	0.38989540934562683	0.5656028985977173	0.15907780826091766	0.32529309391975403	-0.31609225273132324	-0.35787829756736755	-0.09286224842071533	0.22714917361736298	0.37411850690841675	-0.12480912357568741	-0.10577086359262466	-0.04702312499284744	-0.021028604358434677	0.29695284366607666	0.44644179940223694	0.44321566820144653	-0.040234968066215515	-0.219484344124794	-0.31693583726882935	-0.20211650431156158
THA-DAl-rh	0.008242219686508179	-0.17455945909023285	-0.310468852519989	-0.18699486553668976	0.0356939360499382	-0.46949419379234314	0.20635510981082916	0.17079100012779236	0.29299402236938477	1.0	0.1968740075826645	-0.19136935472488403	-0.32601767778396606	-0.2117215096950531	0.003163238987326622	0.09036605060100555	-0.2179686576128006	0.1675897240638733	-0.49392184615135193	-0.5043069124221802	-0.01824764348566532	0.05651715025305748	0.1241731196641922	-0.12581086158752441	0.20208489894866943	0.06877639144659042	0.3422470688819885	-0.06177999824285507	-0.03517962619662285	-0.252585232257843	-0.003829018212854862	0.14840203523635864	-0.006288554053753614	0.36043912172317505	0.11339851468801498	-0.11380484700202942	-0.13339939713478088	0.07541719824075699	-0.06280958652496338	0.16427896916866302	0.042405810207128525	-0.19275887310504913	-0.21188583970069885	0.004573022946715355	-0.021564368158578873	0.36071574687957764	0.015075024217367172	-0.0667007714509964	0.25095492601394653	0.37393707036972046
PUT-VA-rh	-0.2328021228313446	-0.16602416336536407	-0.1442425400018692	-0.4785129725933075	-0.08037631213665009	-0.5313093662261963	-0.29432567954063416	-0.004696196410804987	-0.3569570481777191	0.1968740075826645	1.0	-0.29501163959503174	-0.568184494972229	-0.3336106836795807	0.4525601863861084	0.11595850437879562	-0.19335803389549255	0.49789488315582275	-0.19139504432678223	-0.42073068022727966	-0.4542701244354248	0.37652787566185	0.725710928440094	0.08096583932638168	0.3188078999519348	-0.29782524704933167	-0.03643852472305298	0.1720782220363617	-0.530897855758667	-0.2436782270669937	-0.39877015352249146	-0.35625165700912476	-0.14594997465610504	-0.14141108095645905	0.3445003926753998	0.6292886137962341	0.18423955142498016	-0.2097829282283783	-0.04825959727168083	0.5011424422264099	0.3785935044288635	-0.046559445559978485	0.5460466742515564	-0.05013231560587883	-0.18814638257026672	-0.21332775056362152	0.43524208664894104	0.592136561870575	0.17780716717243195	0.5082272887229919
PUT-DA-rh	0.5213180184364319	0.6606398820877075	0.47764313220977783	0.4535042345523834	-0.2070838361978531	0.5206297636032104	0.1568593680858612	-0.26487377285957336	0.34206581115722656	-0.19136935472488403	-0.29501163959503174	1.0	0.43244490027427673	0.22666794061660767	0.31059232354164124	0.4991026222705841	0.20741011202335358	-0.4400844871997833	0.28203675150871277	0.6130553483963013	0.25752076506614685	0.2338407337665558	-0.4090724587440491	-0.18536049127578735	0.26322922110557556	0.3588491380214691	0.35708552598953247	-0.12935084104537964	0.6571487188339233	0.06194516271352768	0.4999326169490814	0.19429023563861847	-0.2624148726463318	0.024340417236089706	-0.6106520295143127	-0.2714642286300659	0.5429990291595459	0.6574180126190186	0.2541329562664032	0.15458378195762634	0.26841357350349426	0.11750850081443787	0.04499001428484917	0.2911207675933838	0.3509858548641205	0.23586684465408325	0.27288877964019775	-0.1435704380273819	0.11893945932388306	-0.31412386894226074
PUT-VP-rh	0.29825887084007263	0.35618093609809875	0.10258907079696655	0.26213106513023376	0.4562191069126129	0.7695786356925964	0.5282340049743652	0.20060263574123383	0.38990846276283264	-0.32601767778396606	-0.568184494972229	0.43244490027427673	1.0	0.6507967710494995	0.036923740059137344	0.12577705085277557	0.5762197375297546	-0.2101130187511444	0.6852865219116211	0.5423372387886047	0.4635688066482544	-0.20656543970108032	-0.4703252911567688	0.22272494435310364	-0.23825715482234955	0.34389233589172363	0.11575423926115036	-0.046736765652894974	0.4171653389930725	0.47759222984313965	0.5877728462219238	0.6061572432518005	0.3380346894264221	0.22324316203594208	-0.08251660317182541	-0.447710782289505	0.10798695683479309	0.3064699172973633	0.5579214096069336	-0.21945004165172577	-0.06375749409198761	0.2612495422363281	-0.11318692564964294	0.47225406765937805	0.4276965260505676	0.2353520393371582	-0.1722581535577774	-0.35576316714286804	-0.24616694450378418	-0.3043709993362427
PUT-DP-rh	0.22868841886520386	0.23264756798744202	0.11637799441814423	0.3779291808605194	0.2751905024051666	0.3919299244880676	0.2824574112892151	0.2845415771007538	0.39942020177841187	-0.2117215096950531	-0.3336106836795807	0.22666794061660767	0.6507967710494995	1.0	0.034227095544338226	0.20707902312278748	0.6255035996437073	0.32154983282089233	0.6318110823631287	0.3833467960357666	0.5307291746139526	-0.11117835342884064	-0.18450699746608734	0.1898181438446045	-0.36048367619514465	0.498156875371933	0.1568012535572052	0.12763363122940063	0.21103887259960175	0.4272010326385498	0.19117771089076996	0.5376075506210327	0.473881334066391	0.08182491362094879	-0.10434543341398239	-0.2780619263648987	0.004418909549713135	-0.0515860840678215	0.4362403452396393	-0.17145320773124695	-0.14747805893421173	0.5260154604911804	0.09695254266262054	0.40659666061401367	0.6516783237457275	0.2842290997505188	-0.3408414125442505	-0.387500137090683	-0.21395474672317505	-0.19038471579551697
CAU-VA-rh	0.29467934370040894	0.3085722029209137	0.07952279597520828	-0.06699471920728683	0.0844895988702774	0.06269723922014236	0.10083852708339691	0.06685822457075119	-0.07801932096481323	0.003163238987326622	0.4525601863861084	0.31059232354164124	0.036923740059137344	0.034227095544338226	1.0	0.7441567182540894	0.4055291414260864	0.1256546527147293	0.2356898933649063	0.029958846047520638	-0.16828104853630066	0.25938528776168823	0.2936168313026428	-0.020427295938134193	0.4124363362789154	-0.10367658734321594	0.1342216283082962	0.34614288806915283	0.06626079976558685	0.2791012227535248	0.17894954979419708	0.031453847885131836	-0.07585152238607407	-0.022281670942902565	-0.12105942517518997	0.5056663751602173	0.6524285674095154	0.2571846544742584	0.5141832828521729	0.8403425216674805	0.7919738292694092	0.368165522813797	0.5066883563995361	0.1769895851612091	0.05560269206762314	-0.3270822763442993	0.5117470622062683	0.5001325607299805	0.20211632549762726	0.4830334484577179
CAU-DA-rh	0.5292554497718811	0.4853633940219879	0.2811583876609802	0.23487655818462372	0.004472116939723492	0.18441224098205566	-0.006541466806083918	-0.20695583522319794	0.17459017038345337	0.09036605060100555	0.11595850437879562	0.4991026222705841	0.12577705085277557	0.20707902312278748	0.7441567182540894	1.0	0.3198992908000946	-0.10948581248521805	0.06841480731964111	0.2195361703634262	-0.1028905138373375	0.26436153054237366	0.0567038431763649	-0.41403257846832275	0.2000495195388794	0.24281005561351776	0.07260988652706146	0.15910592675209045	0.42434948682785034	0.3705423176288605	0.29484134912490845	0.03173618018627167	-0.2472202181816101	-0.15617237985134125	-0.5628939867019653	0.17929264903068542	0.5950022339820862	0.5439950823783875	0.31984585523605347	0.5817033648490906	0.6243879199028015	0.304119735956192	0.26952749490737915	0.2690606415271759	0.2589808702468872	0.03512115031480789	0.3605949282646179	0.26713287830352783	0.37897977232933044	0.1494402289390564
CAU-body-rh	0.31807196140289307	0.15414878726005554	-0.09436609596014023	0.2728569209575653	0.523834228515625	0.4627639055252075	0.43312644958496094	0.5867844223976135	0.282196044921875	-0.2179686576128006	-0.19335803389549255	0.20741011202335358	0.5762197375297546	0.6255035996437073	0.4055291414260864	0.3198992908000946	1.0	0.13559086620807648	0.5574846267700195	0.4430379569530487	0.5387857556343079	-0.24112574756145477	-0.12831276655197144	0.23378321528434753	-0.13074687123298645	0.3840872347354889	0.22079434990882874	0.29474079608917236	0.22846411168575287	0.48609378933906555	0.24805748462677002	0.6037470698356628	0.6178305745124817	0.2965640127658844	-0.0382569283246994	-0.07003376632928848	0.13469207286834717	-0.12282256782054901	0.6845264434814453	0.11460963636636734	0.11727412790060043	0.760884165763855	0.20148557424545288	0.27268677949905396	0.5719425678253174	-0.14452102780342102	-0.19488227367401123	-0.2434638887643814	-0.3859059512615204	0.02311336249113083
CAU-tail-rh	-0.327044814825058	-0.24149943888187408	-0.13345864415168762	-0.2592080235481262	0.10941066592931747	-0.4381389021873474	-0.04229185730218887	0.3360450267791748	0.030269313603639603	0.1675897240638733	0.49789488315582275	-0.4400844871997833	-0.2101130187511444	0.32154983282089233	0.1256546527147293	-0.10948581248521805	0.13559086620807648	1.0	0.15462686121463776	-0.38034212589263916	0.10872671008110046	0.24889755249023438	0.5997791290283203	0.33355581760406494	-0.13189047574996948	-0.03649342432618141	0.08618303388357162	0.3832196295261383	-0.5301414132118225	-0.00461851479485631	-0.3234662115573883	0.04788913577795029	0.34136149287223816	0.08286458998918533	0.41473060846328735	0.34060922265052795	-0.1665465384721756	-0.5411711931228638	0.13813360035419464	0.1740710735321045	-0.016193972900509834	0.22978675365447998	0.5703341364860535	-0.008322972804307938	0.1610182523727417	-0.027621207758784294	0.044119104743003845	0.18449373543262482	-0.10355010628700256	0.363030344247818
lAMY-rh	0.23469455540180206	0.3721613585948944	0.1079203262925148	0.2323015034198761	0.34592026472091675	0.5069087743759155	0.31303033232688904	0.27081677317619324	0.08676712960004807	-0.49392184615135193	-0.19139504432678223	0.28203675150871277	0.6852865219116211	0.6318110823631287	0.2356898933649063	0.06841480731964111	0.5574846267700195	0.15462686121463776	1.0	0.4506760835647583	0.389445960521698	-0.08702211827039719	-0.17768757045269012	0.37506380677223206	-0.0656217560172081	0.1751614362001419	0.17038370668888092	0.24071626365184784	0.14706146717071533	0.4660400152206421	0.3453488349914551	0.44084396958351135	0.36693432927131653	0.12137223780155182	0.09322574734687805	-0.09906315058469772	0.25042828917503357	0.10057217627763748	0.5806697010993958	0.06703060865402222	0.0861557126045227	0.40095943212509155	0.19888006150722504	0.382675439119339	0.34429270029067993	-0.07569675147533417	-0.11845465004444122	-0.13236071169376373	-0.13415630161762238	0.06065800040960312
mAMY-rh	0.5850655436515808	0.5270059704780579	0.32973513007164	0.4979252219200134	0.0937805101275444	0.7011903524398804	0.05220285430550575	-0.05608854442834854	0.26443761587142944	-0.5043069124221802	-0.42073068022727966	0.6130553483963013	0.5423372387886047	0.3833467960357666	0.029958846047520638	0.2195361703634262	0.4430379569530487	-0.38034212589263916	0.4506760835647583	1.0	0.41853243112564087	-0.15713325142860413	-0.47906693816185	0.0199227724224329	-0.07911084592342377	0.44712865352630615	0.23950080573558807	-0.05025649443268776	0.523417055606842	0.35253047943115234	0.4763966202735901	0.17891933023929596	0.02241695113480091	0.07181034982204437	-0.37736785411834717	-0.30181998014450073	0.23241998255252838	0.34674790501594543	0.27269071340560913	-0.13479971885681152	-0.05718434602022171	0.16590777039527893	-0.00459822453558445	0.2623519003391266	0.5350381135940552	0.16248719394207	-0.12689189612865448	-0.26256170868873596	-0.11909607797861099	-0.3660387694835663
THA-DP-rh	0.259016215801239	0.11415939033031464	0.03830444812774658	0.3912490904331207	0.4134276509284973	0.44467902183532715	0.4294690489768982	0.36698824167251587	0.542762279510498	-0.01824764348566532	-0.4542701244354248	0.25752076506614685	0.4635688066482544	0.5307291746139526	-0.16828104853630066	-0.1028905138373375	0.5387857556343079	0.10872671008110046	0.389445960521698	0.41853243112564087	1.0	-0.2189757227897644	-0.31584632396698	0.20737828314304352	-0.16948406398296356	0.5499070882797241	0.4898683428764343	0.014031585305929184	0.36363956332206726	0.26474902033805847	0.33029013872146606	0.6011995673179626	0.5017179250717163	0.38992440700531006	-0.12368103861808777	-0.4011757969856262	-0.16955827176570892	-0.11729975789785385	0.37198755145072937	-0.22846779227256775	-0.33599424362182617	0.345425546169281	0.050100959837436676	0.19232967495918274	0.6497817635536194	0.24839456379413605	-0.3366153836250305	-0.514797031879425	-0.3701596260070801	-0.1840967833995819
NAc-shell-rh	-0.05418447032570839	0.3474839925765991	0.31017932295799255	0.025081750005483627	-0.11751654744148254	-0.11336586624383926	-0.24775709211826324	-0.3902558982372284	-0.07281643152236938	0.05651715025305748	0.37652787566185	0.2338407337665558	-0.20656543970108032	-0.11117835342884064	0.25938528776168823	0.26436153054237366	-0.24112574756145477	0.24889755249023438	-0.08702211827039719	-0.15713325142860413	-0.2189757227897644	1.0	0.5491977334022522	-0.26402875781059265	0.2252538800239563	-0.14882324635982513	-0.03338566794991493	0.16877423226833344	0.035445619374513626	-0.06065824627876282	-0.010644913651049137	-0.3468913435935974	-0.2974831163883209	-0.25238561630249023	-0.0558747760951519	0.3346860706806183	0.2827085852622986	0.23130814731121063	-0.11615477502346039	0.3192407786846161	0.26223668456077576	-0.08915987610816956	0.5142773985862732	0.010655255056917667	0.005133169237524271	0.0560762919485569	0.768888533115387	0.5387819409370422	0.3003200888633728	0.006935677491128445
NAc-core-rh	-0.38315150141716003	-0.10728088021278381	0.07674409449100494	-0.2905018925666809	-0.0285030547529459	-0.4415399134159088	-0.15223009884357452	-0.07870686799287796	-0.1002274826169014	0.1241731196641922	0.725710928440094	-0.4090724587440491	-0.4703252911567688	-0.18450699746608734	0.2936168313026428	0.0567038431763649	-0.12831276655197144	0.5997791290283203	-0.17768757045269012	-0.47906693816185	-0.31584632396698	0.5491977334022522	1.0	-0.11833945661783218	-0.08008318394422531	-0.3146619498729706	-0.20184314250946045	0.37191328406333923	-0.5293033123016357	-0.07865001261234283	-0.510741651058197	-0.34980812668800354	-0.00795276090502739	-0.3488176167011261	0.25539106130599976	0.6819395422935486	-0.07323336601257324	-0.32866862416267395	-0.14325641095638275	0.35046079754829407	0.18881924450397491	-0.07005442678928375	0.6300234198570251	-0.08199774473905563	-0.11942261457443237	-0.2241203933954239	0.4755077064037323	0.6868945956230164	0.001258542644791305	0.24997478723526
pGP-rh	-0.07344789803028107	-0.16170957684516907	-0.42695173621177673	-0.3553832769393921	0.17199449241161346	0.09042816609144211	0.2921271324157715	0.39638063311576843	-0.04021817818284035	-0.12581086158752441	0.08096583932638168	-0.18536049127578735	0.22272494435310364	0.1898181438446045	-0.020427295938134193	-0.41403257846832275	0.23378321528434753	0.33355581760406494	0.37506380677223206	0.0199227724224329	0.20737828314304352	-0.26402875781059265	-0.11833945661783218	1.0	0.0565832257270813	-0.27954792976379395	0.37002307176589966	0.1250910460948944	-0.41451525688171387	-0.02730855904519558	0.15031419694423676	0.3384802043437958	0.20805597305297852	0.49918103218078613	0.5318485498428345	-0.170505553483963	0.008254330605268478	-0.38067036867141724	0.4281829595565796	-0.028941350057721138	-0.06895396113395691	0.0465393140912056	0.12019713968038559	0.05594261735677719	-0.03201701119542122	-0.10652241855859756	-0.1973206102848053	-0.11022162437438965	-0.30811771750450134	0.2914104461669922
aGP-rh	0.018048571422696114	0.12822642922401428	-0.20852676033973694	-0.22285369038581848	-0.046550411731004715	-0.16755181550979614	-0.2634162902832031	-0.0445907786488533	-0.34822866320610046	0.20208489894866943	0.3188078999519348	0.26322922110557556	-0.23825715482234955	-0.36048367619514465	0.4124363362789154	0.2000495195388794	-0.13074687123298645	-0.13189047574996948	-0.0656217560172081	-0.07911084592342377	-0.16948406398296356	0.2252538800239563	-0.08008318394422531	0.0565832257270813	1.0	-0.18217889964580536	0.20685577392578125	-0.0747692883014679	0.034430600702762604	-0.23200643062591553	0.20295299589633942	0.008778505958616734	-0.13048793375492096	0.2606823444366455	0.08374734967947006	0.128070667386055	0.49253755807876587	0.2785508334636688	0.045795559883117676	0.39560067653656006	0.23749187588691711	-0.06692337244749069	0.034697216004133224	-0.14073798060417175	-0.2143443375825882	-0.22926174104213715	0.3023744821548462	0.10464973002672195	0.4744715094566345	0.5327625870704651
HIP-head-m-lh	0.36285150051116943	0.17269913852214813	0.29688432812690735	0.5001150369644165	0.20756515860557556	0.2505302131175995	0.06726276129484177	0.1549035757780075	0.33943015336990356	0.06877639144659042	-0.29782524704933167	0.3588491380214691	0.34389233589172363	0.498156875371933	-0.10367658734321594	0.24281005561351776	0.3840872347354889	-0.03649342432618141	0.1751614362001419	0.44712865352630615	0.5499070882797241	-0.14882324635982513	-0.3146619498729706	-0.27954792976379395	-0.18217889964580536	1.0	0.24967342615127563	-0.07353440672159195	0.5311253070831299	0.19300350546836853	0.08888141810894012	0.3607071042060852	0.27757591009140015	0.05382304638624191	-0.387807160615921	-0.3745311498641968	-0.06204827129840851	0.14191988110542297	0.06096263229846954	-0.24741710722446442	-0.22151753306388855	0.37759748101234436	-0.061020322144031525	0.3981330096721649	0.6967037916183472	0.47284451127052307	-0.3429202735424042	-0.531911313533783	-0.01822127215564251	-0.35067760944366455
HIP-head-l-l	0.4208635091781616	0.3745640218257904	0.061259523034095764	0.12065006792545319	-0.005568130873143673	0.1446373164653778	0.46685779094696045	0.22063134610652924	0.46440643072128296	0.3422470688819885	-0.03643852472305298	0.35708552598953247	0.11575423926115036	0.1568012535572052	0.1342216283082962	0.07260988652706146	0.22079434990882874	0.08618303388357162	0.17038370668888092	0.23950080573558807	0.4898683428764343	-0.03338566794991493	-0.20184314250946045	0.37002307176589966	0.20685577392578125	0.24967342615127563	1.0	0.18078824877738953	0.18751156330108643	0.04035915061831474	0.33615410327911377	0.4082981050014496	-0.04568115249276161	0.49457064270973206	-0.030550794675946236	-0.2431875467300415	0.21933138370513916	0.17572525143623352	0.38310784101486206	0.22103659808635712	0.1346752941608429	0.09965422004461288	0.12192460149526596	0.3291551172733307	0.3460918664932251	0.3853892982006073	0.028456028550863266	-0.19330862164497375	-0.07323629409074783	0.20730692148208618
HIP-body-l	0.14010487496852875	0.300171822309494	0.33612892031669617	0.13169942796230316	0.055944107472896576	-0.0062058004550635815	0.15951184928417206	0.16930648684501648	0.014212468639016151	-0.06177999824285507	0.1720782220363617	-0.12935084104537964	-0.046736765652894974	0.12763363122940063	0.34614288806915283	0.15910592675209045	0.29474079608917236	0.3832196295261383	0.24071626365184784	-0.05025649443268776	0.014031585305929184	0.16877423226833344	0.37191328406333923	0.1250910460948944	-0.0747692883014679	-0.07353440672159195	0.18078824877738953	1.0	0.006080650258809328	0.46170997619628906	-0.0281995702534914	0.017569350078701973	0.07460802793502808	0.040483154356479645	0.21830035746097565	0.43258336186408997	0.3096444010734558	-0.010845485143363476	0.3191380798816681	0.4895865023136139	0.3627343475818634	0.34478795528411865	0.41759780049324036	0.20457299053668976	0.041142042726278305	-0.14349986612796783	0.23519276082515717	0.3844788074493408	0.0683264508843422	0.417947381734848
HIP-tail-lh	0.6568682789802551	0.45538797974586487	0.4042806029319763	0.6627755165100098	0.09477482736110687	0.5024566650390625	0.1684560924768448	-0.18424199521541595	0.30437058210372925	-0.03517962619662285	-0.530897855758667	0.6571487188339233	0.4171653389930725	0.21103887259960175	0.06626079976558685	0.42434948682785034	0.22846411168575287	-0.5301414132118225	0.14706146717071533	0.523417055606842	0.36363956332206726	0.035445619374513626	-0.5293033123016357	-0.41451525688171387	0.034430600702762604	0.5311253070831299	0.18751156330108643	0.006080650258809328	1.0	0.40165552496910095	0.5328959822654724	0.13596147298812866	-0.12866248190402985	0.11205121129751205	-0.5435672998428345	-0.27985239028930664	0.3584117293357849	0.6761841177940369	0.25577908754348755	0.053635548800230026	0.19419080018997192	0.27536413073539734	-0.23240263760089874	0.35247576236724854	0.40359941124916077	0.347618043422699	0.09082411974668503	-0.23215225338935852	0.2544143497943878	-0.28605401515960693
THA-VPm-lh	0.5475839972496033	0.43851256370544434	0.3207554519176483	0.2948165237903595	0.4830516278743744	0.542449414730072	0.16530267894268036	-0.06533709913492203	0.10848286002874374	-0.252585232257843	-0.2436782270669937	0.06194516271352768	0.47759222984313965	0.4272010326385498	0.2791012227535248	0.3705423176288605	0.48609378933906555	-0.00461851479485631	0.4660400152206421	0.35253047943115234	0.26474902033805847	-0.06065824627876282	-0.07865001261234283	-0.02730855904519558	-0.23200643062591553	0.19300350546836853	0.04035915061831474	0.46170997619628906	0.40165552496910095	1.0	0.44904273748397827	0.10837220400571823	0.06710579991340637	-0.1083029955625534	-0.09758033603429794	0.15619727969169617	0.3629314601421356	0.28712013363838196	0.5302581191062927	0.30551788210868835	0.3333112597465515	0.4175410270690918	0.25637349486351013	0.5039235949516296	0.330732136964798	0.07314804196357727	0.09214269369840622	0.1857927292585373	0.19707955420017242	0.11452750116586685
THA-VPl-lh	0.5063256025314331	0.5563229918479919	0.006894792430102825	0.0662788599729538	0.41623640060424805	0.703350305557251	0.38177430629730225	-0.04614976793527603	0.38989540934562683	-0.003829018212854862	-0.39877015352249146	0.4999326169490814	0.5877728462219238	0.19117771089076996	0.17894954979419708	0.29484134912490845	0.24805748462677002	-0.3234662115573883	0.3453488349914551	0.4763966202735901	0.33029013872146606	-0.010644913651049137	-0.510741651058197	0.15031419694423676	0.20295299589633942	0.08888141810894012	0.33615410327911377	-0.0281995702534914	0.5328959822654724	0.44904273748397827	1.0	0.3978590965270996	-0.055533044040203094	0.4379439949989319	-0.17500023543834686	-0.34477731585502625	0.42782074213027954	0.6288065910339355	0.5891779065132141	0.14274203777313232	0.20158271491527557	-0.058524638414382935	-0.11907480657100677	0.28434908390045166	0.20870248973369598	0.2560499608516693	0.17642179131507874	-0.08307869732379913	0.11555439233779907	0.11121515929698944
THA-VAi-lh	-0.025296460837125778	0.13861742615699768	-0.24184808135032654	-0.013390458188951015	0.4599744975566864	0.4365399479866028	0.7092185616493225	0.5784074068069458	0.5656028985977173	0.14840203523635864	-0.35625165700912476	0.19429023563861847	0.6061572432518005	0.5376075506210327	0.031453847885131836	0.03173618018627167	0.6037470698356628	0.04788913577795029	0.44084396958351135	0.17891933023929596	0.6011995673179626	-0.3468913435935974	-0.34980812668800354	0.3384802043437958	0.008778505958616734	0.3607071042060852	0.4082981050014496	0.017569350078701973	0.13596147298812866	0.10837220400571823	0.3978590965270996	1.0	0.6183146238327026	0.5779772996902466	0.06303032487630844	-0.47494274377822876	-0.03167065978050232	0.0015291867312043905	0.5845130681991577	-0.17616556584835052	-0.20495189726352692	0.2942184805870056	-0.15958480536937714	0.30011865496635437	0.37510642409324646	0.09889526665210724	-0.34470993280410767	-0.5179672837257385	-0.3749670684337616	0.0873163491487503
THA-VAs-lh	-0.30840134620666504	-0.32934683561325073	-0.43010395765304565	-0.0006903932080604136	0.594096839427948	0.07552336901426315	0.3246849775314331	0.820015549659729	0.15907780826091766	-0.006288554053753614	-0.14594997465610504	-0.2624148726463318	0.3380346894264221	0.473881334066391	-0.07585152238607407	-0.2472202181816101	0.6178305745124817	0.34136149287223816	0.36693432927131653	0.02241695113480091	0.5017179250717163	-0.2974831163883209	-0.00795276090502739	0.20805597305297852	-0.13048793375492096	0.27757591009140015	-0.04568115249276161	0.07460802793502808	-0.12866248190402985	0.06710579991340637	-0.055533044040203094	0.6183146238327026	1.0	0.4001697301864624	0.4239605665206909	-0.19774869084358215	-0.45322683453559875	-0.5059980154037476	0.2505078911781311	-0.3129350543022156	-0.46058130264282227	0.4332185983657837	-0.08683386445045471	-0.13453412055969238	0.2838626503944397	-0.14327819645404816	-0.4728541672229767	-0.4789252281188965	-0.5389856100082397	0.04246772080659866
THA-DAm-lh	0.06207413971424103	-0.15369448065757751	-0.5316706299781799	-0.23800502717494965	0.3083101511001587	0.07895639538764954	0.498381644487381	0.6616814732551575	0.32529309391975403	0.36043912172317505	-0.14141108095645905	0.024340417236089706	0.22324316203594208	0.08182491362094879	-0.022281670942902565	-0.15617237985134125	0.2965640127658844	0.08286458998918533	0.12137223780155182	0.07181034982204437	0.38992440700531006	-0.25238561630249023	-0.3488176167011261	0.49918103218078613	0.2606823444366455	0.05382304638624191	0.49457064270973206	0.040483154356479645	0.11205121129751205	-0.1083029955625534	0.4379439949989319	0.5779772996902466	0.4001697301864624	1.0	0.40532833337783813	-0.4094527065753937	-0.03581513464450836	-0.0309150367975235	0.47949469089508057	-0.04932909831404686	-0.1055017039179802	0.10408295691013336	-0.23047758638858795	-0.05421258509159088	0.03092978522181511	0.11041812598705292	-0.17016850411891937	-0.36141037940979004	-0.20345966517925262	0.335248738527298
THA-DAl-lh	-0.4264611601829529	-0.44650471210479736	-0.4971858561038971	-0.5091190338134766	0.31389713287353516	-0.28000521659851074	0.10616590082645416	0.5335272550582886	-0.31609225273132324	0.11339851468801498	0.3445003926753998	-0.6106520295143127	-0.08251660317182541	-0.10434543341398239	-0.12105942517518997	-0.5628939867019653	-0.0382569283246994	0.41473060846328735	0.09322574734687805	-0.37736785411834717	-0.12368103861808777	-0.0558747760951519	0.25539106130599976	0.5318485498428345	0.08374734967947006	-0.387807160615921	-0.030550794675946236	0.21830035746097565	-0.5435672998428345	-0.09758033603429794	-0.17500023543834686	0.06303032487630844	0.4239605665206909	0.40532833337783813	1.0	0.08069362491369247	-0.28267383575439453	-0.4669628441333771	0.06339556723833084	-0.05736595019698143	-0.1880432665348053	-0.06040804088115692	0.021760666742920876	-0.15057678520679474	-0.32885095477104187	-0.11218232661485672	-0.07965677231550217	0.05652972683310509	-0.19198456406593323	0.3987906873226166
PUT-VA-lh	-0.18885613977909088	0.010021666996181011	0.20041000843048096	-0.22012197971343994	-0.15100598335266113	-0.311644971370697	-0.27724984288215637	-0.20820853114128113	-0.35787829756736755	-0.11380484700202942	0.6292886137962341	-0.2714642286300659	-0.447710782289505	-0.2780619263648987	0.5056663751602173	0.17929264903068542	-0.07003376632928848	0.34060922265052795	-0.09906315058469772	-0.30181998014450073	-0.4011757969856262	0.3346860706806183	0.6819395422935486	-0.170505553483963	0.128070667386055	-0.3745311498641968	-0.2431875467300415	0.43258336186408997	-0.27985239028930664	0.15619727969169617	-0.34477731585502625	-0.47494274377822876	-0.19774869084358215	-0.4094527065753937	0.08069362491369247	1.0	0.33828243613243103	-0.08444821834564209	0.05776580423116684	0.6508243083953857	0.5667398571968079	0.16322219371795654	0.5983924269676208	0.027300935238599777	-0.15687760710716248	-0.4767732620239258	0.5787657499313354	0.813041627407074	0.24083299934864044	0.4379052221775055
PUT-DA-l	0.4910854399204254	0.6246551275253296	0.3419400453567505	0.07545977830886841	-0.13089172542095184	0.2722336947917938	-0.04056620970368385	-0.3649425506591797	-0.09286224842071533	-0.13339939713478088	0.18423955142498016	0.5429990291595459	0.10798695683479309	0.004418909549713135	0.6524285674095154	0.5950022339820862	0.13469207286834717	-0.1665465384721756	0.25042828917503357	0.23241998255252838	-0.16955827176570892	0.2827085852622986	-0.07323336601257324	0.008254330605268478	0.49253755807876587	-0.06204827129840851	0.21933138370513916	0.3096444010734558	0.3584117293357849	0.3629314601421356	0.42782074213027954	-0.03167065978050232	-0.45322683453559875	-0.03581513464450836	-0.28267383575439453	0.33828243613243103	1.0	0.6301356554031372	0.4922219216823578	0.7155541181564331	0.7658527493476868	0.2420976758003235	0.3166711628437042	0.4265880286693573	0.03365141525864601	-0.12004194408655167	0.5578489303588867	0.4367963671684265	0.5838443040847778	0.3826056718826294
PUT-VP-lh	0.5365052223205566	0.702802836894989	0.42090553045272827	0.273226797580719	-0.06102431192994118	0.41337573528289795	0.09484556317329407	-0.4986592233181	0.22714917361736298	0.07541719824075699	-0.2097829282283783	0.6574180126190186	0.3064699172973633	-0.0515860840678215	0.2571846544742584	0.5439950823783875	-0.12282256782054901	-0.5411711931228638	0.10057217627763748	0.34674790501594543	-0.11729975789785385	0.23130814731121063	-0.32866862416267395	-0.38067036867141724	0.2785508334636688	0.14191988110542297	0.17572525143623352	-0.010845485143363476	0.6761841177940369	0.28712013363838196	0.6288065910339355	0.0015291867312043905	-0.5059980154037476	-0.0309150367975235	-0.4669628441333771	-0.08444821834564209	0.6301356554031372	1.0	0.21953481435775757	0.306425005197525	0.4273344576358795	-0.17467865347862244	-0.14970669150352478	0.41546064615249634	0.08732325583696365	0.35875123739242554	0.4063504934310913	0.15597690641880035	0.5473093390464783	0.007689414545893669
PUT-DP-lh	0.34985506534576416	0.30734333395957947	-0.08909793198108673	-0.0449494831264019	0.4613267481327057	0.5094351768493652	0.6278169751167297	0.35320645570755005	0.37411850690841675	-0.06280958652496338	-0.04825959727168083	0.2541329562664032	0.5579214096069336	0.4362403452396393	0.5141832828521729	0.31984585523605347	0.6845264434814453	0.13813360035419464	0.5806697010993958	0.27269071340560913	0.37198755145072937	-0.11615477502346039	-0.14325641095638275	0.4281829595565796	0.045795559883117676	0.06096263229846954	0.38310784101486206	0.3191380798816681	0.25577908754348755	0.5302581191062927	0.5891779065132141	0.5845130681991577	0.2505078911781311	0.47949469089508057	0.06339556723833084	0.05776580423116684	0.4922219216823578	0.21953481435775757	1.0	0.430190771818161	0.4893404543399811	0.49315938353538513	0.26917678117752075	0.5034001469612122	0.33058783411979675	-0.07933437079191208	0.1817515343427658	0.10000132769346237	-0.09553057700395584	0.35572731494903564
