Node	HIP-head-m-rh	HIP-head-l-rh	HIP-body-rh	HIP-tail-rh	THA-VPm-rh	THA-VPl-rh	THA-VAi-rh	THA-VAs-rh	THA-DAm-rh	THA-DAl-rh	PUT-VA-rh	PUT-DA-rh	PUT-VP-rh	PUT-DP-rh	CAU-VA-rh	CAU-DA-rh	CAU-body-rh	CAU-tail-rh	lAMY-rh	mAMY-rh	THA-DP-rh	NAc-shell-rh	NAc-core-rh	pGP-rh	aGP-rh	HIP-head-m-lh	HIP-head-l-l	HIP-body-l	HIP-tail-lh	THA-VPm-lh	THA-VPl-lh	THA-VAi-lh	THA-VAs-lh	THA-DAm-lh	THA-DAl-lh	PUT-VA-lh	PUT-DA-l	PUT-VP-lh	PUT-DP-lh	CAU-VA-lh	CAU-DA-lh	CAU-body-lh	CAU-tail-lh	lAMY-lh	mAMY-lh	THA-DP-lh	NAc-shell-lh	NAc-core-lh	pGP-lh	aGP-lh
HIP-head-m-rh	1.0	0.008636332117021084	0.40229010581970215	0.0721348375082016	-0.043492864817380905	0.08789794147014618	0.2640855312347412	-0.09415644407272339	0.18595653772354126	-0.1657484918832779	-0.27149778604507446	-0.330649197101593	-0.2105870544910431	-0.13755683600902557	0.02019238844513893	-0.009670781902968884	0.02580709382891655	-0.09839213639497757	0.23027560114860535	0.3458133637905121	-0.13038651645183563	-0.24601534008979797	0.10832055658102036	-0.1881808489561081	0.10444711893796921	0.18543972074985504	0.14755046367645264	0.3966013491153717	0.019125908613204956	-0.0016513461014255881	-0.0287904255092144	0.22111302614212036	0.020496441051363945	0.17626799643039703	-0.057656243443489075	-0.3232991695404053	-0.3027459383010864	-0.1586606204509735	-0.019855935126543045	0.21503351628780365	-0.1311952769756317	0.14190883934497833	0.034311652183532715	-0.10194990038871765	0.2949892580509186	0.13230352103710175	-0.20017598569393158	0.34442538022994995	-0.5426884293556213	-0.2177523374557495
HIP-head-l-rh	0.008636332117021084	1.0	0.04488638415932655	0.15031075477600098	-0.08360377699136734	0.23992164433002472	0.10591389983892441	-0.18856868147850037	0.1398441046476364	0.25595009326934814	0.26924899220466614	0.10340285301208496	0.292779803276062	0.2526973783969879	0.29947414994239807	0.10309457033872604	-0.07238197326660156	0.08772040158510208	0.2668614983558655	0.36477240920066833	0.21420332789421082	-0.059545017778873444	-0.10324408113956451	-0.05299427732825279	-0.3336476981639862	0.0470333956182003	0.2480865865945816	0.33077913522720337	0.16575749218463898	0.3379327356815338	0.34583836793899536	0.040948472917079926	-0.2858341336250305	0.13905423879623413	0.19019918143749237	0.07473161816596985	0.20008721947669983	0.11938096582889557	0.14846691489219666	-0.05515110865235329	-0.03189375251531601	-0.1414402276277542	0.009417411871254444	0.1930389255285263	0.14744384586811066	0.0629388839006424	-0.11579569429159164	-0.1615772396326065	-0.07024119049310684	0.23220698535442352
HIP-body-rh	0.40229010581970215	0.04488638415932655	1.0	0.15527662634849548	-0.05333518981933594	0.09895598143339157	0.10127190500497818	0.27236291766166687	0.27351903915405273	-0.05628102645277977	0.13902315497398376	0.013465369120240211	0.17805564403533936	0.22329755127429962	0.1745474636554718	0.1074439138174057	0.2097546011209488	0.09373676031827927	0.18158212304115295	0.38551944494247437	-0.05450575053691864	-0.0019676312804222107	0.1103040874004364	-0.3315957486629486	-0.039929501712322235	-0.03251786157488823	0.500015377998352	0.6513432264328003	0.2730672359466553	0.10162296146154404	0.055515509098768234	0.043562546372413635	0.21593394875526428	-0.0495997816324234	0.10887449234724045	0.07239686697721481	0.029498359188437462	0.19077609479427338	0.14192450046539307	0.14165976643562317	-0.0512518547475338	-0.03601637855172157	0.04156552255153656	0.29487404227256775	0.45657458901405334	0.11851608008146286	-0.08272054046392441	0.5019651055335999	-0.27419838309288025	0.20368126034736633
HIP-tail-rh	0.0721348375082016	0.15031075477600098	0.15527662634849548	1.0	0.16225996613502502	-0.12832674384117126	-0.12036438286304474	0.04256414249539375	0.2802360951900482	-0.05365186557173729	0.0788036659359932	0.20974783599376678	0.38375410437583923	0.0554744116961956	0.2627151310443878	-0.08535388112068176	0.20139454305171967	-0.009945126250386238	0.15214134752750397	0.25424233078956604	0.28753727674484253	0.004374020732939243	-0.1871715486049652	0.0841510221362114	-0.28943267464637756	-0.2787318825721741	0.31474918127059937	0.22288066148757935	0.2911296486854553	0.22301939129829407	-0.041649285703897476	-0.06762213259935379	-0.29266005754470825	-0.11549507826566696	-0.05739150568842888	-0.06714373826980591	0.046332355588674545	0.1591516137123108	-0.08460510522127151	0.24595358967781067	-0.17743384838104248	0.0883762389421463	0.23416729271411896	0.08905178308486938	-0.017258981242775917	0.21430356800556183	-0.0009457272244617343	0.07845699042081833	0.08513835072517395	-0.1163019984960556
THA-VPm-rh	-0.043492864817380905	-0.08360377699136734	-0.05333518981933594	0.16225996613502502	1.0	-0.21550579369068146	0.2819705903530121	0.2355577051639557	0.18969710171222687	0.013071742840111256	-0.013757213950157166	-0.12797561287879944	0.1715995967388153	-0.21531395614147186	0.023743629455566406	-0.09505956619977951	0.00883739348500967	-0.0913446918129921	-0.006704797502607107	0.07351765036582947	0.16783982515335083	0.03395834192633629	-0.051222898066043854	0.1529662013053894	0.32519808411598206	0.013004176318645477	0.03566787764430046	-0.18909688293933868	0.08746443688869476	0.34762999415397644	0.041519708931446075	0.16336201131343842	-0.02091476321220398	0.04506659880280495	-0.10127636790275574	0.03279215097427368	-0.23871655762195587	-0.07700923085212708	-0.3245270550251007	-0.037596896290779114	0.03273618221282959	0.24366143345832825	0.07614004611968994	-0.022136470302939415	0.18196804821491241	0.043518904596567154	-0.0696454644203186	-0.2132398784160614	0.29070448875427246	-0.21403279900550842
THA-VPl-rh	0.08789794147014618	0.23992164433002472	0.09895598143339157	-0.12832674384117126	-0.21550579369068146	1.0	0.13082656264305115	-0.2229577600955963	-0.13439226150512695	0.057798609137535095	0.07664129137992859	0.037478476762771606	0.19926464557647705	0.09682723879814148	-0.03431416675448418	0.11468135565519333	-0.18078984320163727	-0.12068679183721542	0.10816431790590286	0.11568765342235565	0.17364953458309174	-0.061806581914424896	0.0920269638299942	-0.12626992166042328	-0.12841163575649261	-0.004416909534484148	-0.052312757819890976	0.017179720103740692	0.006120806559920311	-0.00607356196269393	0.12449288368225098	0.13913054764270782	-0.1392349749803543	0.009955809451639652	0.04788081720471382	-0.07652471214532852	0.0006076519493944943	0.14609049260616302	-0.07494369894266129	-0.000682222715113312	0.06263694912195206	-0.32157954573631287	-0.15914931893348694	0.18978653848171234	0.20943881571292877	-0.03993089869618416	-0.17536363005638123	0.0671900063753128	0.08513272553682327	0.25456318259239197
THA-VAi-rh	0.2640855312347412	0.10591389983892441	0.10127190500497818	-0.12036438286304474	0.2819705903530121	0.13082656264305115	1.0	0.1923827826976776	0.3846302032470703	0.3904374837875366	-0.10604553669691086	-0.10708238929510117	0.0028248541057109833	-0.10729561001062393	-0.0676984041929245	0.1123044341802597	-0.08421432971954346	-0.0038337057922035456	-0.21410046517848969	0.40017515420913696	0.218476340174675	0.03526932746171951	-0.03236590698361397	-0.12248577922582626	0.2528982162475586	0.14842118322849274	-0.018589340150356293	0.1071743294596672	-0.11867249757051468	0.45426347851753235	0.3890870213508606	0.69083571434021	0.16301900148391724	0.5687675476074219	0.35166460275650024	-0.05955472216010094	-0.13490277528762817	0.19698762893676758	-0.03574664890766144	-0.12487038224935532	-0.04935633763670921	-0.10790816694498062	-0.0767039805650711	-0.19193938374519348	0.2871743440628052	0.2311588078737259	-0.32560262084007263	-0.15261073410511017	0.04294440522789955	0.07157309353351593
THA-VAs-rh	-0.09415644407272339	-0.18856868147850037	0.27236291766166687	0.04256414249539375	0.2355577051639557	-0.2229577600955963	0.1923827826976776	1.0	0.016386257484555244	0.32490646839141846	0.3494857847690582	0.3226284384727478	0.16359487175941467	0.09330897033214569	0.08506514132022858	0.35248273611068726	0.5299376845359802	0.13429681956768036	-0.061624690890312195	-0.19485753774642944	0.048996370285749435	0.17701546847820282	0.30424487590789795	0.30972984433174133	0.21768677234649658	-0.011692337691783905	0.07178297638893127	0.15700313448905945	0.04307697340846062	0.20763984322547913	-0.04379545524716377	0.2923395037651062	0.7005214095115662	-0.03737182170152664	0.5127326250076294	0.33066827058792114	0.24313752353191376	0.13742834329605103	-0.04933420941233635	0.2537936568260193	0.3180431127548218	0.3432820439338684	0.4140986502170563	-0.26774725317955017	-0.25506818294525146	0.23834319412708282	0.12467298656702042	0.14768165349960327	0.14642678201198578	0.27437323331832886
THA-DAm-rh	0.18595653772354126	0.1398441046476364	0.27351903915405273	0.2802360951900482	0.18969710171222687	-0.13439226150512695	0.3846302032470703	0.016386257484555244	1.0	0.18074922263622284	-0.16243714094161987	-0.276340514421463	0.1436639130115509	-0.1033807247877121	0.18155650794506073	-0.03587863966822624	-0.23754774034023285	0.029309110715985298	-0.010845303535461426	0.2765442430973053	0.34310775995254517	0.059023551642894745	0.06604083627462387	-0.21779781579971313	-0.02706756442785263	-0.29625189304351807	0.16537734866142273	0.31205907464027405	0.15682445466518402	0.160615935921669	0.21624310314655304	0.29187875986099243	-0.13489460945129395	0.47854626178741455	0.16127541661262512	-0.031234631314873695	-0.1972770094871521	0.1252460479736328	-0.04282430559396744	-0.11811605095863342	-0.3612338900566101	-0.24057088792324066	-0.019045373424887657	0.20767167210578918	0.45118939876556396	0.28684622049331665	0.01729775220155716	0.026103593409061432	0.08085501939058304	0.1578446924686432
THA-DAl-rh	-0.1657484918832779	0.25595009326934814	-0.05628102645277977	-0.05365186557173729	0.013071742840111256	0.057798609137535095	0.3904374837875366	0.32490646839141846	0.18074922263622284	1.0	0.08911974728107452	0.08600664883852005	0.37893223762512207	0.1022820770740509	-0.01128980703651905	0.02699834294617176	0.012764915823936462	-0.08071000128984451	0.02432769350707531	0.026586182415485382	0.4927715063095093	-0.002481994219124317	-0.017489401623606682	0.04995730519294739	0.0667656660079956	-0.023749668151140213	0.11631021648645401	0.20728857815265656	0.03371365740895271	0.36754727363586426	0.43567129969596863	0.2326735407114029	0.22283770143985748	0.2517189681529999	0.3621600568294525	0.13587196171283722	0.03606485575437546	0.23894467949867249	-0.1549360454082489	-0.06020698323845863	0.05643307790160179	0.008641043677926064	0.023718703538179398	-0.1987980157136917	-0.01681811548769474	0.5303621888160706	0.16292639076709747	-0.27473369240760803	-0.011733351275324821	0.25540393590927124
PUT-VA-rh	-0.27149778604507446	0.26924899220466614	0.13902315497398376	0.0788036659359932	-0.013757213950157166	0.07664129137992859	-0.10604553669691086	0.3494857847690582	-0.16243714094161987	0.08911974728107452	1.0	0.618565022945404	0.42614537477493286	0.6042023301124573	0.299910306930542	0.4808831214904785	0.5093328952789307	0.44894206523895264	0.14909902215003967	0.0014804995153099298	0.22951292991638184	0.35591933131217957	0.2978346049785614	0.049679066985845566	0.03975973650813103	-0.17586126923561096	0.2803392708301544	0.15251241624355316	0.19595612585544586	0.10652218759059906	0.0031116181053221226	-0.1621149331331253	0.024712225422263145	-0.16754677891731262	0.43227845430374146	0.7748097777366638	0.6796242594718933	0.3838808536529541	0.4161298871040344	0.29078924655914307	0.35070231556892395	-0.01797506958246231	0.18707485496997833	0.09970756620168686	-0.0725461021065712	0.0057702683843672276	0.055764589458703995	0.08434949070215225	0.26172539591789246	0.3673778474330902
PUT-DA-rh	-0.330649197101593	0.10340285301208496	0.013465369120240211	0.20974783599376678	-0.12797561287879944	0.037478476762771606	-0.10708238929510117	0.3226284384727478	-0.276340514421463	0.08600664883852005	0.618565022945404	1.0	0.47920581698417664	0.6478763222694397	0.258143812417984	0.47934913635253906	0.6735735535621643	0.3546813726425171	0.15075501799583435	0.02752988040447235	0.25800976157188416	0.21032586693763733	0.07023752480745316	0.12349855154752731	-0.20272651314735413	-0.11386216431856155	0.12306589633226395	0.02763747051358223	0.27957162261009216	0.17754961550235748	-0.09342809021472931	-0.014438359066843987	0.20933352410793304	-0.1276593655347824	0.35222095251083374	0.4922695457935333	0.7522072196006775	0.5404698848724365	0.5192620158195496	0.26054659485816956	0.3779233992099762	0.07722065597772598	0.31210076808929443	0.08755531162023544	-0.16207575798034668	0.05669914186000824	0.042692508548498154	0.0659482404589653	0.195795938372612	0.24972671270370483
PUT-VP-rh	-0.2105870544910431	0.292779803276062	0.17805564403533936	0.38375410437583923	0.1715995967388153	0.19926464557647705	0.0028248541057109833	0.16359487175941467	0.1436639130115509	0.37893223762512207	0.42614537477493286	0.47920581698417664	1.0	0.5967639684677124	0.2524053454399109	0.26494893431663513	0.2597126066684723	0.17527490854263306	0.1809043437242508	0.14552214741706848	0.6805423498153687	0.15035519003868103	0.08418560028076172	0.07045973092317581	-0.17282572388648987	-0.3950921893119812	0.4262157082557678	0.07493719458580017	0.30976158380508423	0.4747934937477112	0.24781054258346558	0.0811920017004013	0.0026845259126275778	0.07145655900239944	0.20318759977817535	0.4260517656803131	0.3913285434246063	0.6106777191162109	0.1601165235042572	0.2700295150279999	0.26528850197792053	0.12661439180374146	0.3109973669052124	0.2487097978591919	0.1658836454153061	0.3407266438007355	0.1539931744337082	0.011614598333835602	0.26531675457954407	0.20326730608940125
PUT-DP-rh	-0.13755683600902557	0.2526973783969879	0.22329755127429962	0.0554744116961956	-0.21531395614147186	0.09682723879814148	-0.10729561001062393	0.09330897033214569	-0.1033807247877121	0.1022820770740509	0.6042023301124573	0.6478763222694397	0.5967639684677124	1.0	0.18496479094028473	0.5173625349998474	0.47572749853134155	0.34764406085014343	0.11341161280870438	0.28632059693336487	0.30795618891716003	0.22811093926429749	0.07196415215730667	-0.12829473614692688	-0.18384212255477905	-0.09540825337171555	0.4573899209499359	0.19318091869354248	0.2968907058238983	0.35174840688705444	0.13713043928146362	-0.05507311224937439	0.12413983047008514	-0.03526005893945694	0.2796689569950104	0.5129101872444153	0.7660694122314453	0.6199984550476074	0.6719578504562378	0.40853041410446167	0.42357534170150757	0.16925778985023499	0.2355445921421051	0.3003237843513489	0.119383804500103	0.06119641661643982	0.11011360585689545	0.12790879607200623	0.08057446777820587	0.3486131727695465
CAU-VA-rh	0.02019238844513893	0.29947414994239807	0.1745474636554718	0.2627151310443878	0.023743629455566406	-0.03431416675448418	-0.0676984041929245	0.08506514132022858	0.18155650794506073	-0.01128980703651905	0.299910306930542	0.258143812417984	0.2524053454399109	0.18496479094028473	1.0	0.22403351962566376	0.4273252785205841	0.4991350471973419	0.08270839601755142	0.22283421456813812	0.1355772614479065	0.23624271154403687	0.13047973811626434	0.3051780164241791	0.09303657710552216	-0.1423197239637375	0.2817031741142273	0.26256805658340454	0.09235909581184387	0.1611214280128479	-0.1221952959895134	0.031196558848023415	-0.17954178154468536	-0.05513155460357666	-0.043474916368722916	0.28633609414100647	0.3732230067253113	-0.07396474480628967	0.10976888984441757	0.26033759117126465	0.17391623556613922	0.178991436958313	0.4027736186981201	0.22617749869823456	-0.027647273615002632	-0.25078147649765015	0.07286535948514938	0.13681267201900482	-0.1576213240623474	-0.04052820801734924
CAU-DA-rh	-0.009670781902968884	0.10309457033872604	0.1074439138174057	-0.08535388112068176	-0.09505956619977951	0.11468135565519333	0.1123044341802597	0.35248273611068726	-0.03587863966822624	0.02699834294617176	0.4808831214904785	0.47934913635253906	0.26494893431663513	0.5173625349998474	0.22403351962566376	1.0	0.5179252624511719	0.4717017710208893	-0.11667025834321976	-0.08375351130962372	0.22481676936149597	0.43419545888900757	0.47130173444747925	0.2624630033969879	0.17622795701026917	0.03525442257523537	0.1736588031053543	0.0604865625500679	0.08114179968833923	0.15988996624946594	-0.07881786674261093	0.0380575992166996	0.4273087680339813	0.07290691882371902	0.33859583735466003	0.4597965180873871	0.6129242181777954	0.2625581622123718	0.5989130139350891	0.3860261142253876	0.6502138376235962	0.34748297929763794	0.3923885226249695	-0.16460981965065002	-0.0666721761226654	-0.06647595763206482	0.1518619954586029	0.052311934530735016	0.1204066276550293	0.31215599179267883
CAU-body-rh	0.02580709382891655	-0.07238197326660156	0.2097546011209488	0.20139454305171967	0.00883739348500967	-0.18078984320163727	-0.08421432971954346	0.5299376845359802	-0.23754774034023285	0.012764915823936462	0.5093328952789307	0.6735735535621643	0.2597126066684723	0.47572749853134155	0.4273252785205841	0.5179252624511719	1.0	0.5264454483985901	0.10912207514047623	0.03622850403189659	0.0797567218542099	0.09416315704584122	0.12042755633592606	0.3163209855556488	0.1082531213760376	-0.07825464010238647	0.16935418546199799	0.10439341515302658	0.003702388145029545	0.166970357298851	-0.3270481824874878	0.02181250788271427	0.3243580162525177	-0.17676196992397308	0.20446570217609406	0.38989701867103577	0.6160277128219604	0.24935322999954224	0.3324199318885803	0.40696385502815247	0.3992362320423126	0.5525072813034058	0.6009097099304199	-0.06583832204341888	-0.21221314370632172	0.05592237785458565	0.03927593305706978	0.16988055408000946	-0.0824713185429573	0.07722635567188263
CAU-tail-rh	-0.09839213639497757	0.08772040158510208	0.09373676031827927	-0.009945126250386238	-0.0913446918129921	-0.12068679183721542	-0.0038337057922035456	0.13429681956768036	0.029309110715985298	-0.08071000128984451	0.44894206523895264	0.3546813726425171	0.17527490854263306	0.34764406085014343	0.4991350471973419	0.4717017710208893	0.5264454483985901	1.0	-0.0869332030415535	-0.05360333248972893	0.058762919157743454	0.24175740778446198	0.16921156644821167	0.19874311983585358	0.08573774993419647	-0.07261552661657333	-0.0005641482421196997	0.007127232383936644	-0.06091007962822914	0.031458813697099686	-0.34418079257011414	-0.07964764535427094	0.10161224007606506	-0.018492521718144417	0.01107737049460411	0.42008358240127563	0.4694945216178894	0.19988161325454712	0.3638882637023926	0.24471814930438995	0.1868474930524826	0.2564532458782196	0.5248888731002808	0.02885567955672741	-0.12209298461675644	-0.15582042932510376	0.09969546645879745	-0.05140984430909157	-0.046963226050138474	0.025047436356544495
lAMY-rh	0.23027560114860535	0.2668614983558655	0.18158212304115295	0.15214134752750397	-0.006704797502607107	0.10816431790590286	-0.21410046517848969	-0.061624690890312195	-0.010845303535461426	0.02432769350707531	0.14909902215003967	0.15075501799583435	0.1809043437242508	0.11341161280870438	0.08270839601755142	-0.11667025834321976	0.10912207514047623	-0.0869332030415535	1.0	0.16467583179473877	0.247038334608078	-0.2993665039539337	0.14233927428722382	-0.23984435200691223	-0.12210852652788162	-0.15869933366775513	-0.010788540355861187	0.16557452082633972	0.22398175299167633	-0.06319153308868408	-0.055181123316287994	-0.13531139492988586	-0.14901931583881378	-0.25503936409950256	0.07537678629159927	0.07158448547124863	-0.04079665616154671	0.19921377301216125	0.02236391231417656	-0.008462666533887386	-0.14091330766677856	-0.061987970024347305	0.010173564776778221	0.431521475315094	0.19650374352931976	0.20417259633541107	0.022030357271432877	0.3883449137210846	-0.12811298668384552	-0.12644147872924805
mAMY-rh	0.3458133637905121	0.36477240920066833	0.38551944494247437	0.25424233078956604	0.07351765036582947	0.11568765342235565	0.40017515420913696	-0.19485753774642944	0.2765442430973053	0.026586182415485382	0.0014804995153099298	0.02752988040447235	0.14552214741706848	0.28632059693336487	0.22283421456813812	-0.08375351130962372	0.03622850403189659	-0.05360333248972893	0.16467583179473877	1.0	0.017843030393123627	-0.12319610267877579	-0.3305749297142029	-0.3576643764972687	0.004224968142807484	0.07752644270658493	0.3896407186985016	0.35431861877441406	0.2832517623901367	0.37967997789382935	0.25267693400382996	0.2679527997970581	-0.2599520981311798	0.16060975193977356	-0.020184431225061417	-0.1345069259405136	0.10944025963544846	0.19081859290599823	0.1487385779619217	0.0724957063794136	-0.10142047703266144	-0.08588460832834244	-0.20680713653564453	0.3434615433216095	0.5098026394844055	-0.10158812254667282	-0.3341330587863922	0.07266706228256226	-0.14951537549495697	-0.0213021170347929
THA-DP-rh	-0.13038651645183563	0.21420332789421082	-0.05450575053691864	0.28753727674484253	0.16783982515335083	0.17364953458309174	0.218476340174675	0.048996370285749435	0.34310775995254517	0.4927715063095093	0.22951292991638184	0.25800976157188416	0.6805423498153687	0.30795618891716003	0.1355772614479065	0.22481676936149597	0.0797567218542099	0.058762919157743454	0.247038334608078	0.017843030393123627	1.0	0.1616886854171753	0.23060375452041626	0.09279356896877289	-0.07111901044845581	-0.475694864988327	0.2331676036119461	-0.01817888393998146	0.11100692301988602	0.4130142033100128	0.33738282322883606	0.18904352188110352	-0.12650740146636963	0.27785196900367737	0.2398003488779068	0.3716931939125061	0.21224018931388855	0.4573793113231659	0.040054988116025925	0.07392903417348862	0.16578413546085358	0.022941604256629944	0.17122016847133636	0.19045183062553406	0.11101537197828293	0.532457172870636	0.15862804651260376	0.0328647717833519	0.17602244019508362	0.07325512915849686
NAc-shell-rh	-0.24601534008979797	-0.059545017778873444	-0.0019676312804222107	0.004374020732939243	0.03395834192633629	-0.061806581914424896	0.03526932746171951	0.17701546847820282	0.059023551642894745	-0.002481994219124317	0.35591933131217957	0.21032586693763733	0.15035519003868103	0.22811093926429749	0.23624271154403687	0.43419545888900757	0.09416315704584122	0.24175740778446198	-0.2993665039539337	-0.12319610267877579	0.1616886854171753	1.0	0.4598793685436249	0.14425954222679138	0.1409996896982193	0.20853058993816376	0.178761288523674	0.08600868284702301	0.23274587094783783	-0.008614622056484222	-0.004862769041210413	-0.023459017276763916	0.1688842624425888	0.08502273261547089	0.14860060811042786	0.6016345024108887	0.4461548626422882	0.05104964226484299	0.1962963044643402	0.22912071645259857	0.5459800958633423	0.09426628798246384	0.22135211527347565	-0.08972761034965515	-0.10002773255109787	-0.2001538872718811	0.4748915731906891	0.2225532829761505	0.195125550031662	0.08613701909780502
NAc-core-rh	0.10832055658102036	-0.10324408113956451	0.1103040874004364	-0.1871715486049652	-0.051222898066043854	0.0920269638299942	-0.03236590698361397	0.30424487590789795	0.06604083627462387	-0.017489401623606682	0.2978346049785614	0.07023752480745316	0.08418560028076172	0.07196415215730667	0.13047973811626434	0.47130173444747925	0.12042755633592606	0.16921156644821167	0.14233927428722382	-0.3305749297142029	0.23060375452041626	0.4598793685436249	1.0	0.18763379752635956	0.18079832196235657	-0.14816057682037354	0.0423755869269371	0.07961253076791763	0.17189083993434906	-0.22809165716171265	-0.1804855763912201	0.06776656955480576	0.3817029595375061	0.10183343291282654	0.2167767435312271	0.4607764184474945	0.15655289590358734	-0.013095471076667309	0.11130134761333466	0.19981853663921356	0.3603842854499817	0.06229656562209129	0.25339099764823914	0.01880798488855362	-0.14029847085475922	-0.045588817447423935	0.31837791204452515	0.5403075218200684	0.07103054970502853	0.14497452974319458
pGP-rh	-0.1881808489561081	-0.05299427732825279	-0.3315957486629486	0.0841510221362114	0.1529662013053894	-0.12626992166042328	-0.12248577922582626	0.30972984433174133	-0.21779781579971313	0.04995730519294739	0.049679066985845566	0.12349855154752731	0.07045973092317581	-0.12829473614692688	0.3051780164241791	0.2624630033969879	0.3163209855556488	0.19874311983585358	-0.23984435200691223	-0.3576643764972687	0.09279356896877289	0.14425954222679138	0.18763379752635956	1.0	0.3694491386413574	-0.05094447359442711	-0.03272757679224014	-0.1963902711868286	-0.30537888407707214	0.011776432394981384	-0.222639262676239	0.02948053926229477	0.17202654480934143	-0.12057256698608398	-0.002000599168241024	0.10888191312551498	0.18635646998882294	-0.23138011991977692	-0.25052645802497864	0.08997657895088196	0.2983667552471161	0.5017195343971252	0.4842210114002228	-0.35974541306495667	-0.4670405089855194	-0.1623668223619461	0.19449080526828766	-0.15507541596889496	0.17068907618522644	-0.1231750026345253
aGP-rh	0.10444711893796921	-0.3336476981639862	-0.039929501712322235	-0.28943267464637756	0.32519808411598206	-0.12841163575649261	0.2528982162475586	0.21768677234649658	-0.02706756442785263	0.0667656660079956	0.03975973650813103	-0.20272651314735413	-0.17282572388648987	-0.18384212255477905	0.09303657710552216	0.17622795701026917	0.1082531213760376	0.08573774993419647	-0.12210852652788162	0.004224968142807484	-0.07111901044845581	0.1409996896982193	0.18079832196235657	0.3694491386413574	1.0	0.15220794081687927	-0.012588595040142536	-0.05267670750617981	-0.21189314126968384	-0.06905979663133621	-0.15389074385166168	0.04246516525745392	0.19367451965808868	-0.06260324269533157	-0.018513960763812065	0.13359029591083527	-0.0505431592464447	-0.21499216556549072	-0.14438019692897797	-0.04092350974678993	0.19795812666416168	0.34186825156211853	0.007122302893549204	-0.3277631103992462	0.08153723180294037	-0.20839351415634155	0.09966384619474411	-0.08005105704069138	0.15439917147159576	-0.14630982279777527
HIP-head-m-lh	0.18543972074985504	0.0470333956182003	-0.03251786157488823	-0.2787318825721741	0.013004176318645477	-0.004416909534484148	0.14842118322849274	-0.011692337691783905	-0.29625189304351807	-0.023749668151140213	-0.17586126923561096	-0.11386216431856155	-0.3950921893119812	-0.09540825337171555	-0.1423197239637375	0.03525442257523537	-0.07825464010238647	-0.07261552661657333	-0.15869933366775513	0.07752644270658493	-0.475694864988327	0.20853058993816376	-0.14816057682037354	-0.05094447359442711	0.15220794081687927	1.0	-0.11862245202064514	0.10674159228801727	-0.006670954637229443	-0.02373105101287365	-0.02346871979534626	-0.0587690994143486	0.1729559749364853	-0.07996563613414764	-0.07906675338745117	-0.222278892993927	-0.08180631697177887	-0.22239120304584503	0.03683165833353996	-0.023818716406822205	0.17639096081256866	0.2058527171611786	-0.08807798475027084	-0.3200441598892212	0.0972508043050766	-0.24939754605293274	0.14265769720077515	-0.16872823238372803	-0.2475155144929886	0.0028920702170580626
HIP-head-l-l	0.14755046367645264	0.2480865865945816	0.500015377998352	0.31474918127059937	0.03566787764430046	-0.052312757819890976	-0.018589340150356293	0.07178297638893127	0.16537734866142273	0.11631021648645401	0.2803392708301544	0.12306589633226395	0.4262157082557678	0.4573899209499359	0.2817031741142273	0.1736588031053543	0.16935418546199799	-0.0005641482421196997	-0.010788540355861187	0.3896407186985016	0.2331676036119461	0.178761288523674	0.0423755869269371	-0.03272757679224014	-0.012588595040142536	-0.11862245202064514	1.0	0.5461320877075195	0.3347240388393402	0.33068209886550903	0.23585517704486847	-0.06717075407505035	-0.013687527738511562	-0.10359736531972885	-0.02458231709897518	0.2058771252632141	0.26659566164016724	0.12528441846370697	0.1907166689634323	0.18008257448673248	0.2822655141353607	0.09663347154855728	-0.055745258927345276	0.14275497198104858	0.25065043568611145	0.12975695729255676	0.04143238812685013	0.15438790619373322	-0.22473429143428802	0.07085729390382767
HIP-body-l	0.3966013491153717	0.33077913522720337	0.6513432264328003	0.22288066148757935	-0.18909688293933868	0.017179720103740692	0.1071743294596672	0.15700313448905945	0.31205907464027405	0.20728857815265656	0.15251241624355316	0.02763747051358223	0.07493719458580017	0.19318091869354248	0.26256805658340454	0.0604865625500679	0.10439341515302658	0.007127232383936644	0.16557452082633972	0.35431861877441406	-0.01817888393998146	0.08600868284702301	0.07961253076791763	-0.1963902711868286	-0.05267670750617981	0.10674159228801727	0.5461320877075195	1.0	0.33824262022972107	0.10382764041423798	0.13422034680843353	-0.07164657115936279	0.126335009932518	0.0360008105635643	0.24028921127319336	0.0723976194858551	0.14048312604427338	0.027369773015379906	0.13922257721424103	0.0890778973698616	-0.1479450762271881	-0.1295771598815918	0.02942025288939476	0.030446404591202736	0.2925814688205719	0.1932898908853531	0.019337177276611328	0.29634568095207214	-0.3450920581817627	0.27724501490592957
HIP-tail-lh	0.019125908613204956	0.16575749218463898	0.2730672359466553	0.2911296486854553	0.08746443688869476	0.006120806559920311	-0.11867249757051468	0.04307697340846062	0.15682445466518402	0.03371365740895271	0.19595612585544586	0.27957162261009216	0.30976158380508423	0.2968907058238983	0.09235909581184387	0.08114179968833923	0.003702388145029545	-0.06091007962822914	0.22398175299167633	0.2832517623901367	0.11100692301988602	0.23274587094783783	0.17189083993434906	-0.30537888407707214	-0.21189314126968384	-0.006670954637229443	0.3347240388393402	0.33824262022972107	1.0	-0.04514152556657791	0.048813968896865845	-0.15764065086841583	0.11779682338237762	-0.15700483322143555	-0.10877922177314758	0.13432013988494873	0.1659456491470337	0.17121446132659912	0.2193879932165146	0.2653179466724396	0.11484672874212265	-0.1301601678133011	-0.09778911620378494	0.25245293974876404	0.16062499582767487	-0.006120083853602409	0.19213561713695526	0.2921189069747925	0.08168376982212067	0.016843434423208237
THA-VPm-lh	-0.0016513461014255881	0.3379327356815338	0.10162296146154404	0.22301939129829407	0.34762999415397644	-0.00607356196269393	0.45426347851753235	0.20763984322547913	0.160615935921669	0.36754727363586426	0.10652218759059906	0.17754961550235748	0.4747934937477112	0.35174840688705444	0.1611214280128479	0.15988996624946594	0.166970357298851	0.031458813697099686	-0.06319153308868408	0.37967997789382935	0.4130142033100128	-0.008614622056484222	-0.22809165716171265	0.011776432394981384	-0.06905979663133621	-0.02373105101287365	0.33068209886550903	0.10382764041423798	-0.04514152556657791	1.0	0.45004135370254517	0.45181381702423096	0.03480573371052742	0.38700762391090393	0.3170813322067261	0.17553600668907166	0.21086467802524567	0.40167492628097534	0.06760942935943604	0.03603987768292427	0.15808822214603424	0.17496132850646973	0.1995094120502472	0.09611943364143372	0.12844912707805634	0.35327935218811035	-0.2493077665567398	-0.16288022696971893	0.06385502219200134	0.09551650285720825
THA-VPl-lh	-0.0287904255092144	0.34583836793899536	0.055515509098768234	-0.041649285703897476	0.041519708931446075	0.12449288368225098	0.3890870213508606	-0.04379545524716377	0.21624310314655304	0.43567129969596863	0.0031116181053221226	-0.09342809021472931	0.24781054258346558	0.13713043928146362	-0.1221952959895134	-0.07881786674261093	-0.3270481824874878	-0.34418079257011414	-0.055181123316287994	0.25267693400382996	0.33738282322883606	-0.004862769041210413	-0.1804855763912201	-0.222639262676239	-0.15389074385166168	-0.02346871979534626	0.23585517704486847	0.13422034680843353	0.048813968896865845	0.45004135370254517	1.0	0.3441404402256012	-0.14357787370681763	0.49057918787002563	0.3367865979671478	0.05320219323039055	-0.05464304983615875	0.21762309968471527	0.03314388543367386	-0.15896157920360565	-0.004956845194101334	-0.2371191531419754	-0.36039862036705017	0.10352196544408798	0.2400885820388794	0.2821132242679596	-0.3609957695007324	-0.16788899898529053	0.000318202655762434	0.23541001975536346
THA-VAi-lh	0.22111302614212036	0.040948472917079926	0.043562546372413635	-0.06762213259935379	0.16336201131343842	0.13913054764270782	0.69083571434021	0.2923395037651062	0.29187875986099243	0.2326735407114029	-0.1621149331331253	-0.014438359066843987	0.0811920017004013	-0.05507311224937439	0.031196558848023415	0.0380575992166996	0.02181250788271427	-0.07964764535427094	-0.13531139492988586	0.2679527997970581	0.18904352188110352	-0.023459017276763916	0.06776656955480576	0.02948053926229477	0.04246516525745392	-0.0587690994143486	-0.06717075407505035	-0.07164657115936279	-0.15764065086841583	0.45181381702423096	0.3441404402256012	1.0	0.25958868861198425	0.5766710638999939	0.4188879728317261	0.0026292153634130955	-0.05577068030834198	0.09925150126218796	-0.10865598917007446	-0.054727520793676376	0.06210555508732796	0.03413085266947746	0.09320008754730225	0.014868469908833504	0.03200969472527504	0.22979998588562012	-0.27716267108917236	0.11005137115716934	0.10614710301160812	-0.014123442582786083
THA-VAs-lh	0.020496441051363945	-0.2858341336250305	0.21593394875526428	-0.29266005754470825	-0.02091476321220398	-0.1392349749803543	0.16301900148391724	0.7005214095115662	-0.13489460945129395	0.22283770143985748	0.024712225422263145	0.20933352410793304	0.0026845259126275778	0.12413983047008514	-0.17954178154468536	0.4273087680339813	0.3243580162525177	0.10161224007606506	-0.14901931583881378	-0.2599520981311798	-0.12650740146636963	0.1688842624425888	0.3817029595375061	0.17202654480934143	0.19367451965808868	0.1729559749364853	-0.013687527738511562	0.126335009932518	0.11779682338237762	0.03480573371052742	-0.14357787370681763	0.25958868861198425	1.0	0.051903363317251205	0.36088764667510986	0.1558285802602768	0.1963951587677002	0.061016276478767395	0.13887952268123627	0.19637371599674225	0.3936554491519928	0.3352587819099426	0.3508998155593872	-0.26137015223503113	-0.29027503728866577	0.10581833124160767	0.2410374879837036	0.2192031294107437	0.014312042854726315	0.18991759419441223
THA-DAm-lh	0.17626799643039703	0.13905423879623413	-0.0495997816324234	-0.11549507826566696	0.04506659880280495	0.009955809451639652	0.5687675476074219	-0.03737182170152664	0.47854626178741455	0.2517189681529999	-0.16754677891731262	-0.1276593655347824	0.07145655900239944	-0.03526005893945694	-0.05513155460357666	0.07290691882371902	-0.17676196992397308	-0.018492521718144417	-0.25503936409950256	0.16060975193977356	0.27785196900367737	0.08502273261547089	0.10183343291282654	-0.12057256698608398	-0.06260324269533157	-0.07996563613414764	-0.10359736531972885	0.0360008105635643	-0.15700483322143555	0.38700762391090393	0.49057918787002563	0.5766710638999939	0.051903363317251205	1.0	0.3976249396800995	0.13628993928432465	-0.05748546123504639	0.2016138881444931	-0.0008628341602161527	-0.25170356035232544	-0.08688133955001831	-0.21130874752998352	-0.019005240872502327	0.011099440045654774	0.1835586577653885	0.3327215909957886	-0.30372878909111023	-0.06966974586248398	-0.04191382974386215	0.23771513998508453
THA-DAl-lh	-0.057656243443489075	0.19019918143749237	0.10887449234724045	-0.05739150568842888	-0.10127636790275574	0.04788081720471382	0.35166460275650024	0.5127326250076294	0.16127541661262512	0.3621600568294525	0.43227845430374146	0.35222095251083374	0.20318759977817535	0.2796689569950104	-0.043474916368722916	0.33859583735466003	0.20446570217609406	0.01107737049460411	0.07537678629159927	-0.020184431225061417	0.2398003488779068	0.14860060811042786	0.2167767435312271	-0.002000599168241024	-0.018513960763812065	-0.07906675338745117	-0.02458231709897518	0.24028921127319336	-0.10877922177314758	0.3170813322067261	0.3367865979671478	0.4188879728317261	0.36088764667510986	0.3976249396800995	1.0	0.4437270760536194	0.3553912937641144	0.39250439405441284	0.24868988990783691	0.005859500728547573	0.04678149148821831	-0.120425745844841	0.11911213397979736	-0.04350820556282997	-0.020781204104423523	0.28349971771240234	-0.0697980523109436	0.10557802021503448	0.29733800888061523	0.5793575048446655
PUT-VA-lh	-0.3232991695404053	0.07473161816596985	0.07239686697721481	-0.06714373826980591	0.03279215097427368	-0.07652471214532852	-0.05955472216010094	0.33066827058792114	-0.031234631314873695	0.13587196171283722	0.7748097777366638	0.4922695457935333	0.4260517656803131	0.5129101872444153	0.28633609414100647	0.4597965180873871	0.38989701867103577	0.42008358240127563	0.07158448547124863	-0.1345069259405136	0.3716931939125061	0.6016345024108887	0.4607764184474945	0.10888191312551498	0.13359029591083527	-0.222278892993927	0.2058771252632141	0.0723976194858551	0.13432013988494873	0.17553600668907166	0.05320219323039055	0.0026292153634130955	0.1558285802602768	0.13628993928432465	0.4437270760536194	1.0	0.6185821890830994	0.3371169865131378	0.3033551573753357	0.1201053187251091	0.4731363356113434	0.035233478993177414	0.2860844135284424	0.12286119908094406	-0.12123717367649078	0.125904843211174	0.24468868970870972	0.26060765981674194	0.23771385848522186	0.1794896423816681
PUT-DA-l	-0.3027459383010864	0.20008721947669983	0.029498359188437462	0.046332355588674545	-0.23871655762195587	0.0006076519493944943	-0.13490277528762817	0.24313752353191376	-0.1972770094871521	0.03606485575437546	0.6796242594718933	0.7522072196006775	0.3913285434246063	0.7660694122314453	0.3732230067253113	0.6129242181777954	0.6160277128219604	0.4694945216178894	-0.04079665616154671	0.10944025963544846	0.21224018931388855	0.4461548626422882	0.15655289590358734	0.18635646998882294	-0.0505431592464447	-0.08180631697177887	0.26659566164016724	0.14048312604427338	0.1659456491470337	0.21086467802524567	-0.05464304983615875	-0.05577068030834198	0.1963951587677002	-0.05748546123504639	0.3553912937641144	0.6185821890830994	1.0	0.3817414343357086	0.5879407525062561	0.3886083960533142	0.5133516192436218	0.1855524480342865	0.366668701171875	0.1539904922246933	-0.15164650976657867	-0.14335815608501434	0.1588599532842636	0.07048791646957397	0.1803107112646103	0.36273008584976196
PUT-VP-lh	-0.1586606204509735	0.11938096582889557	0.19077609479427338	0.1591516137123108	-0.07700923085212708	0.14609049260616302	0.19698762893676758	0.13742834329605103	0.1252460479736328	0.23894467949867249	0.3838808536529541	0.5404698848724365	0.6106777191162109	0.6199984550476074	-0.07396474480628967	0.2625581622123718	0.24935322999954224	0.19988161325454712	0.19921377301216125	0.19081859290599823	0.4573793113231659	0.05104964226484299	-0.013095471076667309	-0.23138011991977692	-0.21499216556549072	-0.22239120304584503	0.12528441846370697	0.027369773015379906	0.17121446132659912	0.40167492628097534	0.21762309968471527	0.09925150126218796	0.061016276478767395	0.2016138881444931	0.39250439405441284	0.3371169865131378	0.3817414343357086	1.0	0.33031320571899414	0.12810008227825165	0.049850184470415115	-0.13020610809326172	0.19584240019321442	0.28227585554122925	0.2545815706253052	0.37713927030563354	-0.08915845304727554	0.09305549412965775	0.3038398027420044	0.3873046934604645
PUT-DP-lh	-0.019855935126543045	0.14846691489219666	0.14192450046539307	-0.08460510522127151	-0.3245270550251007	-0.07494369894266129	-0.03574664890766144	-0.04933420941233635	-0.04282430559396744	-0.1549360454082489	0.4161298871040344	0.5192620158195496	0.1601165235042572	0.6719578504562378	0.10976888984441757	0.5989130139350891	0.3324199318885803	0.3638882637023926	0.02236391231417656	0.1487385779619217	0.040054988116025925	0.1962963044643402	0.11130134761333466	-0.25052645802497864	-0.14438019692897797	0.03683165833353996	0.1907166689634323	0.13922257721424103	0.2193879932165146	0.06760942935943604	0.03314388543367386	-0.10865598917007446	0.13887952268123627	-0.0008628341602161527	0.24868988990783691	0.3033551573753357	0.5879407525062561	0.33031320571899414	1.0	0.23848167061805725	0.24860692024230957	0.06600157171487808	0.09431669861078262	0.1249302327632904	0.11200776696205139	-0.15480364859104156	0.04170261323451996	0.09186698496341705	0.04144548252224922	0.2450651377439499
