Node	HIP-head-m-rh	HIP-head-l-rh	HIP-body-rh	HIP-tail-rh	THA-VPm-rh	THA-VPl-rh	THA-VAi-rh	THA-VAs-rh	THA-DAm-rh	THA-DAl-rh	PUT-VA-rh	PUT-DA-rh	PUT-VP-rh	PUT-DP-rh	CAU-VA-rh	CAU-DA-rh	CAU-body-rh	CAU-tail-rh	lAMY-rh	mAMY-rh	THA-DP-rh	NAc-shell-rh	NAc-core-rh	pGP-rh	aGP-rh	HIP-head-m-lh	HIP-head-l-l	HIP-body-l	HIP-tail-lh	THA-VPm-lh	THA-VPl-lh	THA-VAi-lh	THA-VAs-lh	THA-DAm-lh	THA-DAl-lh	PUT-VA-lh	PUT-DA-l	PUT-VP-lh	PUT-DP-lh	CAU-VA-lh	CAU-DA-lh	CAU-body-lh	CAU-tail-lh	lAMY-lh	mAMY-lh	THA-DP-lh	NAc-shell-lh	NAc-core-lh	pGP-lh	aGP-lh
HIP-head-m-rh	1.0	0.3971499800682068	0.28377866744995117	0.5885317325592041	0.0771479457616806	-0.08579713851213455	0.032714758068323135	-0.030286269262433052	0.20050109922885895	-0.015547472983598709	0.15531675517559052	0.1651555746793747	-0.012286964803934097	0.04442586749792099	0.25486451387405396	0.1825227588415146	0.2051030546426773	0.05863405764102936	0.2782917320728302	0.5440229773521423	0.08296255767345428	0.12550239264965057	0.11190782487392426	-0.3564774692058563	0.02924657240509987	0.47189974784851074	0.17402780055999756	0.24256327748298645	0.4108908772468567	0.05155796930193901	0.14963069558143616	0.17961186170578003	-0.2470322996377945	0.11565932631492615	0.0962260514497757	0.012192501686513424	0.0076179420575499535	0.1408257931470871	0.11037919670343399	0.19612543284893036	0.21669837832450867	0.08138074725866318	0.1260753870010376	0.25507742166519165	0.40171852707862854	0.027620399370789528	-0.030924469232559204	0.2633645534515381	-0.18830549716949463	-0.2999230921268463
HIP-head-l-rh	0.3971499800682068	1.0	0.304415762424469	0.28847867250442505	-0.11346765607595444	-0.1919398009777069	-0.22887873649597168	-0.2126559466123581	-0.2042008489370346	-0.07093517482280731	-0.2033829241991043	-0.28269192576408386	-0.46431830525398254	-0.4948403835296631	0.05218416452407837	-0.01832122541964054	-0.22050228714942932	-0.3253358006477356	0.0016272118082270026	0.14547643065452576	-0.11227646470069885	0.16371425986289978	-0.14245717227458954	-0.293989896774292	-0.26542848348617554	0.1510741263628006	0.15593262016773224	0.1428225040435791	0.08453045040369034	-0.358549565076828	-0.03801850602030754	-0.17538931965827942	-0.270366907119751	-0.03401873633265495	-0.31878602504730225	-0.28959745168685913	-0.39449945092201233	-0.4503360986709595	-0.45691609382629395	0.0052453638054430485	0.21087683737277985	-0.21479922533035278	-0.2839483916759491	0.2783662974834442	0.10819656401872635	0.052819713950157166	0.11231011897325516	0.22184880077838898	-0.10230546444654465	-0.2525084316730499
HIP-body-rh	0.28377866744995117	0.304415762424469	1.0	0.06904494762420654	-0.12367209792137146	-0.4343818426132202	-0.25168144702911377	-0.2229425311088562	-0.1745116263628006	-0.11632207781076431	0.029092278331518173	0.10369963198900223	-0.3240145742893219	-0.2357449233531952	0.21930617094039917	0.24547266960144043	0.1548604965209961	0.12148571014404297	0.06365757435560226	0.10043846815824509	-0.044615816324949265	0.08675216883420944	-0.02907029539346695	-0.20414108037948608	-0.11190078407526016	-0.09810519963502884	0.26975882053375244	0.30850768089294434	0.1452808529138565	-0.28925633430480957	-0.2851596772670746	-0.1320582926273346	0.025829562917351723	-0.19622734189033508	-0.1831507831811905	0.10173135995864868	0.01421243418008089	-0.2540828585624695	-0.11979009211063385	0.2992509603500366	0.3571268320083618	0.3098427355289459	0.028730278834700584	0.1400074064731598	0.2522794008255005	0.0059545463882386684	0.04974746331572533	0.15838633477687836	-0.09268724918365479	-0.31752508878707886
HIP-tail-rh	0.5885317325592041	0.28847867250442505	0.06904494762420654	1.0	0.05963210016489029	-0.036397114396095276	-0.015205701813101768	-0.05022469907999039	0.2825012505054474	0.25768810510635376	-0.15442967414855957	-0.10641219466924667	-0.043194737285375595	-0.04829332232475281	-0.035107895731925964	-0.05692850053310394	-0.00955914705991745	-0.07939448207616806	0.15982088446617126	0.13995054364204407	0.23700003325939178	-0.21244390308856964	-0.1619529277086258	-0.16567696630954742	-0.03677748888731003	0.3718453049659729	0.06162190064787865	0.4103308916091919	0.4835287928581238	-0.1252356916666031	0.22759754955768585	0.12477503716945648	-0.44617989659309387	0.10006459057331085	0.022008396685123444	-0.3120431900024414	-0.18640728294849396	0.022558890283107758	-0.08458124846220016	-0.1383160650730133	-0.05778634175658226	-0.15585611760616302	-0.018030382692813873	-0.008939361199736595	0.1565219908952713	0.04495636746287346	-0.17807868123054504	-0.11713007092475891	0.016801785677671432	-0.24457718431949615
THA-VPm-rh	0.0771479457616806	-0.11346765607595444	-0.12367209792137146	0.05963210016489029	1.0	0.49310797452926636	0.22908152639865875	0.0167989581823349	0.4689408242702484	0.4194951057434082	0.03057478368282318	0.16795317828655243	0.36678048968315125	0.3718431293964386	-0.17928378283977509	0.029766131192445755	0.03118683025240898	-0.06417042016983032	-0.07502978295087814	0.043858032673597336	0.36666157841682434	0.13759467005729675	0.07967347651720047	0.5274513363838196	0.09909507632255554	0.12653306126594543	-0.20042502880096436	0.03965459391474724	0.18892282247543335	0.3069669008255005	0.5868517160415649	0.1467542052268982	-0.07857871800661087	0.39103981852531433	0.28421688079833984	0.198567733168602	0.19342395663261414	0.33106327056884766	0.28579413890838623	-0.033466871827840805	-0.1829843521118164	-0.13012605905532837	-0.0041090999729931355	-0.015070619061589241	0.16249321401119232	0.38730400800704956	0.17771011590957642	0.21973957121372223	-0.011015031486749649	0.08067227154970169
THA-VPl-rh	-0.08579713851213455	-0.1919398009777069	-0.4343818426132202	-0.036397114396095276	0.49310797452926636	1.0	0.34513580799102783	0.30037230253219604	0.49203822016716003	0.45151257514953613	0.13237380981445312	0.1801709234714508	0.39645835757255554	0.2513890862464905	-0.11583096534013748	0.06364025920629501	0.1653205305337906	-0.03347019478678703	-0.019189076498150826	0.03555029630661011	0.23662598431110382	0.055446188896894455	0.17179353535175323	0.3598453998565674	0.04472409561276436	0.07571404427289963	-0.5299229025840759	-0.348255455493927	-0.17432236671447754	0.19037370383739471	0.5056808590888977	0.14284685254096985	0.022476188838481903	0.3378133773803711	0.33437579870224	0.24537548422813416	0.1036447286605835	0.2229510247707367	0.20080021023750305	-0.04727686569094658	-0.17739908397197723	-0.1362399160861969	0.09902290999889374	-0.2034655213356018	-0.13156268000602722	0.3573840856552124	0.031424105167388916	-0.002706485101953149	-0.10132839530706406	0.11919872462749481
THA-VAi-rh	0.032714758068323135	-0.22887873649597168	-0.25168144702911377	-0.015205701813101768	0.22908152639865875	0.34513580799102783	1.0	0.7107126712799072	0.5700387954711914	0.22882391512393951	0.45982977747917175	0.47380319237709045	0.29993677139282227	0.40675950050354004	0.2735292613506317	0.2968975007534027	0.4957268536090851	0.4491810202598572	-0.07731250673532486	0.1652996838092804	0.18139831721782684	0.11355380713939667	0.43514284491539	0.09957795590162277	0.26669615507125854	0.02802310511469841	-0.19625361263751984	-0.08794298768043518	0.1083061695098877	0.21568167209625244	0.23733696341514587	0.5520275831222534	0.4399636387825012	0.5276376008987427	0.4385300874710083	0.43460437655448914	0.2676471769809723	0.41526103019714355	0.5087702870368958	0.36446237564086914	0.15224871039390564	0.2690737247467041	0.48093381524086	-0.21575488150119781	-0.032551977783441544	-0.14435811340808868	0.24743595719337463	0.24907919764518738	-0.13128332793712616	0.3992607891559601
THA-VAs-rh	-0.030286269262433052	-0.2126559466123581	-0.2229425311088562	-0.05022469907999039	0.0167989581823349	0.30037230253219604	0.7107126712799072	1.0	0.5089871883392334	0.23821598291397095	0.5356212854385376	0.6006661057472229	0.4781201183795929	0.46508023142814636	0.40946656465530396	0.4098573625087738	0.5206615328788757	0.5080837607383728	-0.005306639708578587	0.11510230600833893	-0.1704179048538208	0.14138095080852509	0.42908599972724915	0.027205655351281166	0.2265051305294037	0.030610382556915283	-0.18151502311229706	-0.2781636118888855	-0.12001854926347733	0.12604543566703796	-0.02985212206840515	0.5627456903457642	0.6228472590446472	0.5231314301490784	0.3794030547142029	0.5456916093826294	0.3643195927143097	0.41682466864585876	0.47121894359588623	0.4308749735355377	0.1996283233165741	0.3757779598236084	0.6249459981918335	-0.03209756687283516	-0.14628614485263824	-0.2853790819644928	0.2293063849210739	0.27173903584480286	-0.08805447816848755	0.26276490092277527
THA-DAm-rh	0.20050109922885895	-0.2042008489370346	-0.1745116263628006	0.2825012505054474	0.4689408242702484	0.49203822016716003	0.5700387954711914	0.5089871883392334	1.0	0.6043200492858887	0.13382725417613983	0.27262821793556213	0.5330454707145691	0.33228644728660583	0.10477729141712189	0.05534663423895836	0.2155020534992218	0.10092882066965103	0.12253203243017197	0.23935379087924957	0.3845241665840149	-0.015831738710403442	0.07493343204259872	0.33741751313209534	0.06830989569425583	0.2238423377275467	-0.15969029068946838	0.19258888065814972	0.23720943927764893	0.25345417857170105	0.5135559439659119	0.3661368787288666	0.10374417155981064	0.6602489352226257	0.5778189301490784	0.18444694578647614	0.09150434285402298	0.4083886444568634	0.24157091975212097	0.19913354516029358	-0.11422856897115707	0.019785651937127113	0.19824348390102386	0.10863053798675537	0.12595714628696442	0.3431658446788788	0.046075306832790375	0.1472797840833664	-0.0647355392575264	-0.005338191520422697
THA-DAl-rh	-0.015547472983598709	-0.07093517482280731	-0.11632207781076431	0.25768810510635376	0.4194951057434082	0.45151257514953613	0.22882391512393951	0.23821598291397095	0.6043200492858887	1.0	-0.025142492726445198	0.09802510589361191	0.424430787563324	0.18179643154144287	-0.16864369809627533	0.033741287887096405	0.09303522109985352	0.019661398604512215	-0.13620294630527496	-0.02381785959005356	0.37999701499938965	-0.17333370447158813	-0.09638887643814087	0.36269840598106384	-0.026162656024098396	0.2862709164619446	-0.09865330159664154	0.3157210350036621	0.1814049482345581	0.02711155079305172	0.4937485158443451	0.18870514631271362	-0.015395767986774445	0.46108439564704895	0.5401025414466858	0.08790212124586105	0.19714893400669098	0.3878841698169708	0.21264395117759705	-0.05708886310458183	0.05671239271759987	0.013829054310917854	0.19353023171424866	-0.13891592621803284	-0.05380119010806084	0.4636440873146057	-0.05442051962018013	-0.07018166035413742	0.28847524523735046	0.15931904315948486
PUT-VA-rh	0.15531675517559052	-0.2033829241991043	0.029092278331518173	-0.15442967414855957	0.03057478368282318	0.13237380981445312	0.45982977747917175	0.5356212854385376	0.13382725417613983	-0.025142492726445198	1.0	0.7977221012115479	0.329499751329422	0.48136696219444275	0.6722444295883179	0.7427886724472046	0.7344828844070435	0.6137349605560303	0.16495703160762787	0.23248913884162903	-0.06475469470024109	0.39362332224845886	0.6838695406913757	-0.2160957306623459	0.25439512729644775	0.11536674201488495	-0.1742505580186844	-0.2589414715766907	-0.050114210695028305	0.22443582117557526	-0.1011936217546463	0.4499838352203369	0.44147419929504395	0.2530064880847931	0.1768639236688614	0.7554324269294739	0.5225053429603577	0.3307477533817291	0.5772833228111267	0.35836145281791687	0.3270964026451111	0.4402046203613281	0.5352056622505188	-0.14445455372333527	0.129210963845253	-0.14063969254493713	0.30523034930229187	0.40719109773635864	0.04161722958087921	0.12129810452461243
PUT-DA-rh	0.1651555746793747	-0.28269192576408386	0.10369963198900223	-0.10641219466924667	0.16795317828655243	0.1801709234714508	0.47380319237709045	0.6006661057472229	0.27262821793556213	0.09802510589361191	0.7977221012115479	1.0	0.5496010780334473	0.7165447473526001	0.5822497606277466	0.5967522859573364	0.7704125642776489	0.6495734453201294	0.09341523051261902	0.17254884541034698	-0.08733582496643066	0.15361768007278442	0.530710756778717	-0.017325008288025856	0.2963472306728363	0.08453132957220078	-0.1774226725101471	-0.24755573272705078	-0.11892338842153549	0.16035202145576477	-0.17099863290786743	0.45936062932014465	0.44552308320999146	0.26776522397994995	0.2133764922618866	0.707872748374939	0.5868445634841919	0.4839882254600525	0.7422897815704346	0.34225791692733765	0.2039019912481308	0.4531160593032837	0.592485785484314	-0.13411004841327667	0.04651537910103798	-0.12647119164466858	0.10368506610393524	0.31871187686920166	-0.12686854600906372	0.04587593302130699
PUT-VP-rh	-0.012286964803934097	-0.46431830525398254	-0.3240145742893219	-0.043194737285375595	0.36678048968315125	0.39645835757255554	0.29993677139282227	0.4781201183795929	0.5330454707145691	0.424430787563324	0.329499751329422	0.5496010780334473	1.0	0.7884218096733093	0.03818611800670624	0.0771491602063179	0.18115223944187164	0.16912706196308136	0.09470941871404648	0.16221672296524048	0.054061878472566605	-0.1864176094532013	0.20496253669261932	0.44029876589775085	0.04291747137904167	0.2966429889202118	-0.09294260293245316	-0.12019366025924683	-0.01956319622695446	0.5269019603729248	0.1860918253660202	0.3513238728046417	0.17132379114627838	0.4791688024997711	0.5740982890129089	0.34518253803253174	0.37788209319114685	0.7441300749778748	0.6620329022407532	-0.045623134821653366	-0.2684374749660492	-0.02733774110674858	0.23891346156597137	0.10609223693609238	0.1042710542678833	0.10227465629577637	-0.15057902038097382	-0.016375238075852394	0.19913239777088165	0.07259843498468399
PUT-DP-rh	0.04442586749792099	-0.4948403835296631	-0.2357449233531952	-0.04829332232475281	0.3718431293964386	0.2513890862464905	0.40675950050354004	0.46508023142814636	0.33228644728660583	0.18179643154144287	0.48136696219444275	0.7165447473526001	0.7884218096733093	1.0	0.16186434030532837	0.2907068133354187	0.4138225018978119	0.4951803386211395	0.06875226646661758	0.12462328374385834	0.055629320442676544	-0.10630553215742111	0.3743419051170349	0.2562401592731476	0.17081528902053833	0.23709766566753387	-0.04724480211734772	-0.1568959802389145	-0.019374441355466843	0.4325246512889862	0.02728073112666607	0.4610441327095032	0.31030920147895813	0.3892677128314972	0.4004841446876526	0.47859427332878113	0.5632227063179016	0.7653329372406006	0.8255507349967957	0.03726037219166756	-0.07136040180921555	0.20869770646095276	0.4098602831363678	-0.06547976285219193	0.11591923236846924	-0.044142987579107285	-0.06997636705636978	0.15254858136177063	0.048527151346206665	0.057443514466285706
CAU-VA-rh	0.25486451387405396	0.05218416452407837	0.21930617094039917	-0.035107895731925964	-0.17928378283977509	-0.11583096534013748	0.2735292613506317	0.40946656465530396	0.10477729141712189	-0.16864369809627533	0.6722444295883179	0.5822497606277466	0.03818611800670624	0.16186434030532837	1.0	0.6313913464546204	0.6752704977989197	0.44775137305259705	0.16733796894550323	0.31790459156036377	-0.3236776888370514	0.3206028342247009	0.45358583331108093	-0.3413214385509491	0.20198965072631836	0.13512025773525238	0.02722121961414814	-0.11252234876155853	-0.11116638779640198	0.05090351402759552	-0.24976862967014313	0.321809321641922	0.35424989461898804	0.1447441726922989	0.04475000128149986	0.603373646736145	0.1648728996515274	0.08709081262350082	0.21128836274147034	0.592516303062439	0.4344511330127716	0.5570228099822998	0.4276827871799469	0.1506684571504593	0.09525500237941742	-0.27237728238105774	0.32180601358413696	0.5045182108879089	-0.24012356996536255	-0.12366035580635071
CAU-DA-rh	0.1825227588415146	-0.01832122541964054	0.24547266960144043	-0.05692850053310394	0.029766131192445755	0.06364025920629501	0.2968975007534027	0.4098573625087738	0.05534663423895836	0.033741287887096405	0.7427886724472046	0.5967522859573364	0.0771491602063179	0.2907068133354187	0.6313913464546204	1.0	0.7974511981010437	0.602999746799469	0.017299508675932884	0.11053359508514404	-0.08484760671854019	0.4104895293712616	0.7265866994857788	-0.28002679347991943	0.21235474944114685	0.16392864286899567	-0.028071725741028786	-0.14553193747997284	-0.06840316951274872	-0.03568066284060478	-0.07240688800811768	0.37598246335983276	0.3370652496814728	0.14750026166439056	0.08704102784395218	0.6681976914405823	0.4709189832210541	0.2551312744617462	0.4531601667404175	0.3645859658718109	0.5425336956977844	0.5305692553520203	0.5430607795715332	-0.007507911883294582	-0.035855621099472046	-0.08792608231306076	0.4486328661441803	0.6117563247680664	0.12959980964660645	0.025250278413295746
CAU-body-rh	0.2051030546426773	-0.22050228714942932	0.1548604965209961	-0.00955914705991745	0.03118683025240898	0.1653205305337906	0.4957268536090851	0.5206615328788757	0.2155020534992218	0.09303522109985352	0.7344828844070435	0.7704125642776489	0.18115223944187164	0.4138225018978119	0.6752704977989197	0.7974511981010437	1.0	0.7612050771713257	0.026248978450894356	0.16659259796142578	-0.01997917890548706	0.25702428817749023	0.6306643486022949	-0.23635292053222656	0.35125473141670227	0.12044700980186462	-0.18451477587223053	-0.20968621969223022	-0.10283901542425156	-0.011558414436876774	-0.0856831818819046	0.3904995620250702	0.4206947386264801	0.12972398102283478	0.15798746049404144	0.6949083209037781	0.44293099641799927	0.31067612767219543	0.5582892298698425	0.4029311239719391	0.3781985938549042	0.5931983590126038	0.7011485695838928	-0.22768864035606384	-0.04657876864075661	-0.10480964928865433	0.2745217978954315	0.43851354718208313	-0.1970595270395279	0.06090189516544342
CAU-tail-rh	0.05863405764102936	-0.3253358006477356	0.12148571014404297	-0.07939448207616806	-0.06417042016983032	-0.03347019478678703	0.4491810202598572	0.5080837607383728	0.10092882066965103	0.019661398604512215	0.6137349605560303	0.6495734453201294	0.16912706196308136	0.4951803386211395	0.44775137305259705	0.602999746799469	0.7612050771713257	1.0	-0.027362145483493805	-0.028974497690796852	0.01924646459519863	0.2535443603992462	0.5331790447235107	-0.134242981672287	0.37813350558280945	-0.0645560696721077	0.00475787790492177	-0.09261563420295715	-0.0056900097988545895	-0.08184279501438141	-0.13486282527446747	0.29839885234832764	0.5495503544807434	0.12871117889881134	0.24567310512065887	0.579127848148346	0.4778625965118408	0.3645676374435425	0.5223425030708313	0.44309964776039124	0.4080943167209625	0.6627218723297119	0.7545977234840393	-0.16310621798038483	-0.021818649023771286	-0.2422495186328888	0.127557635307312	0.35953736305236816	-0.1097005158662796	0.1944671869277954
lAMY-rh	0.2782917320728302	0.0016272118082270026	0.06365757435560226	0.15982088446617126	-0.07502978295087814	-0.019189076498150826	-0.07731250673532486	-0.005306639708578587	0.12253203243017197	-0.13620294630527496	0.16495703160762787	0.09341523051261902	0.09470941871404648	0.06875226646661758	0.16733796894550323	0.017299508675932884	0.026248978450894356	-0.027362145483493805	1.0	0.4967992603778839	0.06672225147485733	0.1652459353208542	-0.010172618553042412	-0.11402961611747742	-0.29773959517478943	0.1554148644208908	0.025483762845396996	0.02008686773478985	0.11799530684947968	0.23976446688175201	-0.01457326952368021	-0.008764521218836308	-0.0017479183152318	0.02019546926021576	0.14652736485004425	0.06695672869682312	0.06108848378062248	-0.020055720582604408	0.025166893377900124	0.07605824619531631	-0.0007251120405271649	-0.03832535445690155	-0.11242908239364624	0.26126641035079956	0.6016074419021606	-0.0018165510846301913	-0.057767488062381744	0.09478512406349182	-0.05447240173816681	-0.1353267878293991
mAMY-rh	0.5440229773521423	0.14547643065452576	0.10043846815824509	0.13995054364204407	0.043858032673597336	0.03555029630661011	0.1652996838092804	0.11510230600833893	0.23935379087924957	-0.02381785959005356	0.23248913884162903	0.17254884541034698	0.16221672296524048	0.12462328374385834	0.31790459156036377	0.11053359508514404	0.16659259796142578	-0.028974497690796852	0.4967992603778839	1.0	0.03457668423652649	0.20799854397773743	0.2606002986431122	-0.28967857360839844	-0.18466617166996002	0.48074957728385925	-0.0019015289144590497	0.10513775795698166	0.06121942773461342	0.2564520835876465	0.09737453609704971	0.05765766277909279	0.03135351836681366	0.10722671449184418	0.31500598788261414	0.1259748637676239	0.019129334017634392	0.14108645915985107	0.11511176824569702	0.2257944643497467	0.11691877990961075	0.04053612798452377	0.06721989810466766	0.37569573521614075	0.5523641109466553	0.021074865013360977	0.051501721143722534	0.21880431473255157	-0.19016337394714355	-0.08865102380514145
THA-DP-rh	0.08296255767345428	-0.11227646470069885	-0.044615816324949265	0.23700003325939178	0.36666157841682434	0.23662598431110382	0.18139831721782684	-0.1704179048538208	0.3845241665840149	0.37999701499938965	-0.06475469470024109	-0.08733582496643066	0.054061878472566605	0.055629320442676544	-0.3236776888370514	-0.08484760671854019	-0.01997917890548706	0.01924646459519863	0.06672225147485733	0.03457668423652649	1.0	-0.09682399779558182	0.020916301757097244	0.27981889247894287	0.07593202590942383	0.05577655881643295	-0.10139665752649307	0.19667313992977142	0.3081004023551941	-0.06480545550584793	0.6075568199157715	-0.18561646342277527	-0.3953889310359955	0.11556994915008545	0.22219997644424438	-0.20335111021995544	-0.1862717717885971	0.08893102407455444	-0.04456530883908272	-0.37464386224746704	-0.23378659784793854	-0.3375369608402252	-0.19878408312797546	-0.18391332030296326	0.15437066555023193	0.6506601572036743	-0.1958581656217575	-0.08239950984716415	0.16356144845485687	0.13554830849170685
NAc-shell-rh	0.12550239264965057	0.16371425986289978	0.08675216883420944	-0.21244390308856964	0.13759467005729675	0.055446188896894455	0.11355380713939667	0.14138095080852509	-0.015831738710403442	-0.17333370447158813	0.39362332224845886	0.15361768007278442	-0.1864176094532013	-0.10630553215742111	0.3206028342247009	0.4104895293712616	0.25702428817749023	0.2535443603992462	0.1652459353208542	0.20799854397773743	-0.09682399779558182	1.0	0.37271612882614136	-0.18008938431739807	-0.01005722489207983	0.00944216176867485	-0.04388817027211189	-0.13939408957958221	0.09598882496356964	-0.1034899577498436	0.2080441564321518	-0.06066519394516945	0.2336851805448532	-0.05333642661571503	-0.013847025111317635	0.4270089268684387	0.06891442835330963	-0.19546957314014435	-0.05484906956553459	0.3965981602668762	0.33496129512786865	0.1641359031200409	0.20040957629680634	0.12179075926542282	0.09361428767442703	-0.09248869866132736	0.6545162796974182	0.5865830183029175	-0.21551957726478577	0.17617881298065186
NAc-core-rh	0.11190782487392426	-0.14245717227458954	-0.02907029539346695	-0.1619529277086258	0.07967347651720047	0.17179353535175323	0.43514284491539	0.42908599972724915	0.07493343204259872	-0.09638887643814087	0.6838695406913757	0.530710756778717	0.20496253669261932	0.3743419051170349	0.45358583331108093	0.7265866994857788	0.6306643486022949	0.5331790447235107	-0.010172618553042412	0.2606002986431122	0.020916301757097244	0.37271612882614136	1.0	-0.2189684957265854	0.13168925046920776	0.04317506402730942	-0.16313020884990692	-0.2935263216495514	-0.30450108647346497	0.05050528421998024	0.11201890558004379	0.2674904763698578	0.33691251277923584	0.15555709600448608	0.13985635340213776	0.48706313967704773	0.30782467126846313	0.33299070596694946	0.48156875371932983	0.18268384039402008	0.2511805593967438	0.3196859061717987	0.4864415228366852	0.021587025374174118	-0.03943464532494545	-0.11313991993665695	0.32008764147758484	0.5674154162406921	0.13647042214870453	0.13025127351284027
pGP-rh	-0.3564774692058563	-0.293989896774292	-0.20414108037948608	-0.16567696630954742	0.5274513363838196	0.3598453998565674	0.09957795590162277	0.027205655351281166	0.33741751313209534	0.36269840598106384	-0.2160957306623459	-0.017325008288025856	0.44029876589775085	0.2562401592731476	-0.3413214385509491	-0.28002679347991943	-0.23635292053222656	-0.134242981672287	-0.11402961611747742	-0.28967857360839844	0.27981889247894287	-0.18008938431739807	-0.2189684957265854	1.0	0.031578291207551956	-0.16786523163318634	-0.07474426925182343	0.002855297876521945	-0.016879495233297348	0.36379435658454895	0.4388691782951355	0.03219272568821907	0.02045155130326748	0.29234665632247925	0.42744144797325134	0.0820818692445755	0.00031145004322752357	0.31983092427253723	0.14620326459407806	-0.09032638370990753	-0.30918750166893005	-0.21194827556610107	-0.07959519326686859	-0.05142674967646599	0.0752914547920227	0.3425901532173157	-0.15277953445911407	-0.16468991339206696	0.18227441608905792	0.11749498546123505
aGP-rh	0.02924657240509987	-0.26542848348617554	-0.11190078407526016	-0.03677748888731003	0.09909507632255554	0.04472409561276436	0.26669615507125854	0.2265051305294037	0.06830989569425583	-0.026162656024098396	0.25439512729644775	0.2963472306728363	0.04291747137904167	0.17081528902053833	0.20198965072631836	0.21235474944114685	0.35125473141670227	0.37813350558280945	-0.29773959517478943	-0.18466617166996002	0.07593202590942383	-0.01005722489207983	0.13168925046920776	0.031578291207551956	1.0	-0.03738480806350708	-0.05376652255654335	-0.26837363839149475	0.09938055276870728	-0.01591392047703266	0.07251255959272385	0.15335713326931	0.036560121923685074	-0.06173471361398697	0.01777258887887001	0.20806364715099335	0.25229141116142273	0.25714802742004395	0.213316410779953	0.17135508358478546	0.08158250898122787	0.21207022666931152	0.3794194459915161	-0.17997846007347107	-0.35691192746162415	-0.16597849130630493	0.0826880931854248	-0.02873191051185131	-0.09392441064119339	0.19436754286289215
HIP-head-m-lh	0.47189974784851074	0.1510741263628006	-0.09810519963502884	0.3718453049659729	0.12653306126594543	0.07571404427289963	0.02802310511469841	0.030610382556915283	0.2238423377275467	0.2862709164619446	0.11536674201488495	0.08453132957220078	0.2966429889202118	0.23709766566753387	0.13512025773525238	0.16392864286899567	0.12044700980186462	-0.0645560696721077	0.1554148644208908	0.48074957728385925	0.05577655881643295	0.00944216176867485	0.04317506402730942	-0.16786523163318634	-0.03738480806350708	1.0	0.15069206058979034	0.20279574394226074	0.2645875811576843	0.23430325090885162	0.2960086762905121	0.13330614566802979	-0.23177501559257507	0.07094632834196091	0.24412128329277039	0.01917571946978569	0.08082099258899689	0.3752646744251251	0.13140513002872467	-0.08049318194389343	0.06005089730024338	-0.16205094754695892	0.09577194601297379	0.18636971712112427	0.25595077872276306	0.2193029224872589	0.05323072150349617	0.1771853268146515	0.2518036663532257	0.013000113889575005
HIP-head-l-l	0.17402780055999756	0.15593262016773224	0.26975882053375244	0.06162190064787865	-0.20042502880096436	-0.5299229025840759	-0.19625361263751984	-0.18151502311229706	-0.15969029068946838	-0.09865330159664154	-0.1742505580186844	-0.1774226725101471	-0.09294260293245316	-0.04724480211734772	0.02722121961414814	-0.028071725741028786	-0.18451477587223053	0.00475787790492177	0.025483762845396996	-0.0019015289144590497	-0.10139665752649307	-0.04388817027211189	-0.16313020884990692	-0.07474426925182343	-0.05376652255654335	0.15069206058979034	1.0	0.4538848102092743	0.33912530541419983	-0.037114765495061874	-0.06947074830532074	-0.013063495047390461	-0.04160979017615318	-0.022314591333270073	-0.01604597084224224	-0.11156880855560303	0.008468477986752987	0.09917506575584412	-0.040742214769124985	0.13353568315505981	0.182733416557312	0.14261974394321442	0.03296315670013428	0.40413928031921387	0.1594545841217041	-0.13181164860725403	-0.053487833589315414	0.07366558164358139	0.14120878279209137	-0.09412392228841782
HIP-body-l	0.24256327748298645	0.1428225040435791	0.30850768089294434	0.4103308916091919	0.03965459391474724	-0.348255455493927	-0.08794298768043518	-0.2781636118888855	0.19258888065814972	0.3157210350036621	-0.2589414715766907	-0.24755573272705078	-0.12019366025924683	-0.1568959802389145	-0.11252234876155853	-0.14553193747997284	-0.20968621969223022	-0.09261563420295715	0.02008686773478985	0.10513775795698166	0.19667313992977142	-0.13939408957958221	-0.2935263216495514	0.002855297876521945	-0.26837363839149475	0.20279574394226074	0.4538848102092743	1.0	0.48797106742858887	-0.016614755615592003	0.13600116968154907	0.022248752415180206	-0.13504065573215485	0.18410363793373108	0.25515246391296387	-0.22969672083854675	-0.0356975756585598	0.027865039184689522	-0.15449723601341248	0.1437177062034607	0.1925097405910492	0.0891454890370369	-0.0446268767118454	0.14869551360607147	0.3062567114830017	0.13795818388462067	-0.10605264455080032	-0.05298303812742233	0.18501558899879456	-0.09611308574676514
HIP-tail-lh	0.4108908772468567	0.08453045040369034	0.1452808529138565	0.4835287928581238	0.18892282247543335	-0.17432236671447754	0.1083061695098877	-0.12001854926347733	0.23720943927764893	0.1814049482345581	-0.050114210695028305	-0.11892338842153549	-0.01956319622695446	-0.019374441355466843	-0.11116638779640198	-0.06840316951274872	-0.10283901542425156	-0.0056900097988545895	0.11799530684947968	0.06121942773461342	0.3081004023551941	0.09598882496356964	-0.30450108647346497	-0.016879495233297348	0.09938055276870728	0.2645875811576843	0.33912530541419983	0.48797106742858887	1.0	0.09826821088790894	0.1851344257593155	-0.03033972717821598	-0.2858855128288269	0.07832375913858414	0.16558697819709778	-0.062156643718481064	-0.011755530722439289	0.0653744786977768	-0.02542862296104431	0.03469476103782654	0.011887315660715103	-0.10015169531106949	-0.028035398572683334	0.0814141109585762	0.21716216206550598	-0.003581911325454712	0.0798952579498291	-0.1465672105550766	-0.06244711950421333	0.1320921778678894
THA-VPm-lh	0.05155796930193901	-0.358549565076828	-0.28925633430480957	-0.1252356916666031	0.3069669008255005	0.19037370383739471	0.21568167209625244	0.12604543566703796	0.25345417857170105	0.02711155079305172	0.22443582117557526	0.16035202145576477	0.5269019603729248	0.4325246512889862	0.05090351402759552	-0.03568066284060478	-0.011558414436876774	-0.08184279501438141	0.23976446688175201	0.2564520835876465	-0.06480545550584793	-0.1034899577498436	0.05050528421998024	0.36379435658454895	-0.01591392047703266	0.23430325090885162	-0.037114765495061874	-0.016614755615592003	0.09826821088790894	1.0	0.15487097203731537	0.3735042214393616	0.2465219348669052	0.3738904595375061	0.46524739265441895	0.3138505518436432	0.2845486104488373	0.4854050874710083	0.4075263738632202	0.09495028853416443	-0.2053844928741455	0.011054310947656631	0.05578901246190071	0.10464580357074738	0.4500736892223358	-0.03931812196969986	-0.0424056202173233	-0.019129298627376556	0.10400863736867905	-0.02481882832944393
THA-VPl-lh	0.14963069558143616	-0.03801850602030754	-0.2851596772670746	0.22759754955768585	0.5868517160415649	0.5056808590888977	0.23733696341514587	-0.02985212206840515	0.5135559439659119	0.4937485158443451	-0.1011936217546463	-0.17099863290786743	0.1860918253660202	0.02728073112666607	-0.24976862967014313	-0.07240688800811768	-0.0856831818819046	-0.13486282527446747	-0.01457326952368021	0.09737453609704971	0.6075568199157715	0.2080441564321518	0.11201890558004379	0.4388691782951355	0.07251255959272385	0.2960086762905121	-0.06947074830532074	0.13600116968154907	0.1851344257593155	0.15487097203731537	1.0	0.00716638145968318	-0.256300687789917	0.28693971037864685	0.42116937041282654	-0.0381624773144722	-0.12873226404190063	0.27434974908828735	-0.021657532081007957	-0.13912327587604523	-0.1318989396095276	-0.30790001153945923	-0.00295551517046988	-0.0215536467730999	0.07963263243436813	0.5333221554756165	0.11979035288095474	0.2041628658771515	0.2335849106311798	0.16336172819137573
THA-VAi-lh	0.17961186170578003	-0.17538931965827942	-0.1320582926273346	0.12477503716945648	0.1467542052268982	0.14284685254096985	0.5520275831222534	0.5627456903457642	0.3661368787288666	0.18870514631271362	0.4499838352203369	0.45936062932014465	0.3513238728046417	0.4610441327095032	0.321809321641922	0.37598246335983276	0.3904995620250702	0.29839885234832764	-0.008764521218836308	0.05765766277909279	-0.18561646342277527	-0.06066519394516945	0.2674904763698578	0.03219272568821907	0.15335713326931	0.13330614566802979	-0.013063495047390461	0.022248752415180206	-0.03033972717821598	0.3735042214393616	0.00716638145968318	1.0	0.4105077087879181	0.6005725264549255	0.3323592245578766	0.48865777254104614	0.5309433937072754	0.5250867605209351	0.6312475800514221	0.43772298097610474	0.3767179846763611	0.500296413898468	0.46344032883644104	-0.22560587525367737	0.11622625589370728	-0.25150227546691895	0.21739926934242249	0.3099566400051117	0.15161341428756714	-0.00624522240832448
THA-VAs-lh	-0.2470322996377945	-0.270366907119751	0.025829562917351723	-0.44617989659309387	-0.07857871800661087	0.022476188838481903	0.4399636387825012	0.6228472590446472	0.10374417155981064	-0.015395767986774445	0.44147419929504395	0.44552308320999146	0.17132379114627838	0.31030920147895813	0.35424989461898804	0.3370652496814728	0.4206947386264801	0.5495503544807434	-0.0017479183152318	0.03135351836681366	-0.3953889310359955	0.2336851805448532	0.33691251277923584	0.02045155130326748	0.036560121923685074	-0.23177501559257507	-0.04160979017615318	-0.13504065573215485	-0.2858855128288269	0.2465219348669052	-0.256300687789917	0.4105077087879181	1.0	0.29122376441955566	0.2754550576210022	0.6360613703727722	0.55345219373703	0.22326751053333282	0.40491247177124023	0.6135904788970947	0.3826777935028076	0.6489418148994446	0.6411140561103821	-0.03736432269215584	0.009315000846982002	-0.3748330771923065	0.2640499472618103	0.3378329575061798	-0.1272042691707611	0.1700514703989029
THA-DAm-lh	0.11565932631492615	-0.03401873633265495	-0.19622734189033508	0.10006459057331085	0.39103981852531433	0.3378133773803711	0.5276376008987427	0.5231314301490784	0.6602489352226257	0.46108439564704895	0.2530064880847931	0.26776522397994995	0.4791688024997711	0.3892677128314972	0.1447441726922989	0.14750026166439056	0.12972398102283478	0.12871117889881134	0.02019546926021576	0.10722671449184418	0.11556994915008545	-0.05333642661571503	0.15555709600448608	0.29234665632247925	-0.06173471361398697	0.07094632834196091	-0.022314591333270073	0.18410363793373108	0.07832375913858414	0.3738904595375061	0.28693971037864685	0.6005725264549255	0.29122376441955566	1.0	0.5883821845054626	0.26798561215400696	0.20410166680812836	0.45355838537216187	0.36287838220596313	0.27383148670196533	0.07788345217704773	0.17741675674915314	0.21406109631061554	0.21570245921611786	0.21988967061042786	0.15085694193840027	0.09018262475728989	0.28941550850868225	0.06398193538188934	-0.13868288695812225
THA-DAl-lh	0.0962260514497757	-0.31878602504730225	-0.1831507831811905	0.022008396685123444	0.28421688079833984	0.33437579870224	0.4385300874710083	0.3794030547142029	0.5778189301490784	0.5401025414466858	0.1768639236688614	0.2133764922618866	0.5740982890129089	0.4004841446876526	0.04475000128149986	0.08704102784395218	0.15798746049404144	0.24567310512065887	0.14652736485004425	0.31500598788261414	0.22219997644424438	-0.013847025111317635	0.13985635340213776	0.42744144797325134	0.01777258887887001	0.24412128329277039	-0.01604597084224224	0.25515246391296387	0.16558697819709778	0.46524739265441895	0.42116937041282654	0.3323592245578766	0.2754550576210022	0.5883821845054626	1.0	0.3604868948459625	0.24552789330482483	0.6663773655891418	0.4364118278026581	0.34132590889930725	0.15590037405490875	0.23940393328666687	0.37782251834869385	0.18274758756160736	0.32088080048561096	0.08128414303064346	-0.07593122869729996	0.1339990645647049	0.16944104433059692	0.18591155111789703
PUT-VA-lh	0.012192501686513424	-0.28959745168685913	0.10173135995864868	-0.3120431900024414	0.198567733168602	0.24537548422813416	0.43460437655448914	0.5456916093826294	0.18444694578647614	0.08790212124586105	0.7554324269294739	0.707872748374939	0.34518253803253174	0.47859427332878113	0.603373646736145	0.6681976914405823	0.6949083209037781	0.579127848148346	0.06695672869682312	0.1259748637676239	-0.20335111021995544	0.4270089268684387	0.48706313967704773	0.0820818692445755	0.20806364715099335	0.01917571946978569	-0.11156880855560303	-0.22969672083854675	-0.062156643718481064	0.3138505518436432	-0.0381624773144722	0.48865777254104614	0.6360613703727722	0.26798561215400696	0.3604868948459625	1.0	0.6140244007110596	0.4129956066608429	0.614754855632782	0.6163989305496216	0.4828416109085083	0.6406574845314026	0.6608933806419373	-0.15673157572746277	0.09175150096416473	-0.18649107217788696	0.441758394241333	0.47805020213127136	-0.10808796435594559	0.23066291213035583
PUT-DA-l	0.0076179420575499535	-0.39449945092201233	0.01421243418008089	-0.18640728294849396	0.19342395663261414	0.1036447286605835	0.2676471769809723	0.3643195927143097	0.09150434285402298	0.19714893400669098	0.5225053429603577	0.5868445634841919	0.37788209319114685	0.5632227063179016	0.1648728996515274	0.4709189832210541	0.44293099641799927	0.4778625965118408	0.06108848378062248	0.019129334017634392	-0.1862717717885971	0.06891442835330963	0.30782467126846313	0.00031145004322752357	0.25229141116142273	0.08082099258899689	0.008468477986752987	-0.0356975756585598	-0.011755530722439289	0.2845486104488373	-0.12873226404190063	0.5309433937072754	0.55345219373703	0.20410166680812836	0.24552789330482483	0.6140244007110596	1.0	0.534256637096405	0.7456557750701904	0.3061463534832001	0.433539479970932	0.5433916449546814	0.6139395236968994	-0.18949578702449799	-0.052723873406648636	-0.16479159891605377	0.2433314323425293	0.2501676082611084	0.17498570680618286	0.19755500555038452
PUT-VP-lh	0.1408257931470871	-0.4503360986709595	-0.2540828585624695	0.022558890283107758	0.33106327056884766	0.2229510247707367	0.41526103019714355	0.41682466864585876	0.4083886444568634	0.3878841698169708	0.3307477533817291	0.4839882254600525	0.7441300749778748	0.7653329372406006	0.08709081262350082	0.2551312744617462	0.31067612767219543	0.3645676374435425	-0.020055720582604408	0.14108645915985107	0.08893102407455444	-0.19546957314014435	0.33299070596694946	0.31983092427253723	0.25714802742004395	0.3752646744251251	0.09917506575584412	0.027865039184689522	0.0653744786977768	0.4854050874710083	0.27434974908828735	0.5250867605209351	0.22326751053333282	0.45355838537216187	0.6663773655891418	0.4129956066608429	0.534256637096405	1.0	0.7678918242454529	0.11532273888587952	0.08849046379327774	0.2993113696575165	0.5428300499916077	0.015622319653630257	0.09616011381149292	-0.01137166004627943	-0.10449381917715073	0.17947663366794586	0.3416333496570587	0.17564913630485535
PUT-DP-lh	0.11037919670343399	-0.45691609382629395	-0.11979009211063385	-0.08458124846220016	0.28579413890838623	0.20080021023750305	0.5087702870368958	0.47121894359588623	0.24157091975212097	0.21264395117759705	0.5772833228111267	0.7422897815704346	0.6620329022407532	0.8255507349967957	0.21128836274147034	0.4531601667404175	0.5582892298698425	0.5223425030708313	0.025166893377900124	0.11511176824569702	-0.04456530883908272	-0.05484906956553459	0.48156875371932983	0.14620326459407806	0.213316410779953	0.13140513002872467	-0.040742214769124985	-0.15449723601341248	-0.02542862296104431	0.4075263738632202	-0.021657532081007957	0.6312475800514221	0.40491247177124023	0.36287838220596313	0.4364118278026581	0.614754855632782	0.7456557750701904	0.7678918242454529	1.0	0.19293220341205597	0.19102811813354492	0.4239366948604584	0.558255136013031	-0.1913987249135971	0.07278534024953842	-0.19172464311122894	0.0689484179019928	0.2242823839187622	0.10102224349975586	0.1621067076921463
