Node	DMN_LABEL_1	Vis_LABEL_2	FP_LABEL_3	Aud_LABEL_4	Tpole_LABEL_5	PMN_LABEL_6	PON_LABEL_7	MTL_LABEL_8	PON_LABEL_9	CO_LABEL_10	Sal_LABEL_11	CO_LABEL_12	SMd_LABEL_13	SMl_LABEL_14	DAN_LABEL_15	DMN_LABEL_16	CO_LABEL_17	DMN_LABEL_18	VAN_LABEL_19	CO_LABEL_20	CO_LABEL_21	Sal_LABEL_22	DAN_LABEL_23	PMN_LABEL_24	DAN_LABEL_25	DMN_LABEL_26	DMN_LABEL_27	DMN_LABEL_28	Vis_LABEL_29	FP_LABEL_30	Aud_LABEL_31	Tpole_LABEL_32	PMN_LABEL_33	PON_LABEL_34	MTL_LABEL_35	CO_LABEL_36	Sal_LABEL_37	CO_LABEL_38	SMd_LABEL_39	SMl_LABEL_40	DAN_LABEL_41	CO_LABEL_42	VAN_LABEL_43	CO_LABEL_44	CO_LABEL_45	Sal_LABEL_46	DAN_LABEL_47	PMN_LABEL_48	DAN_LABEL_49	DMN_LABEL_50	FP_LABEL_51	DMN_LABEL_52	DMN_LABEL_53	PON_LABEL_54	DMN_LABEL_55	Tpole_LABEL_56	Tpole_LABEL_57	Sal_LABEL_58	Sal_LABEL_59	SMd_LABEL_60	DAN_LABEL_61	FP_LABEL_62	DMN_LABEL_63	FP_LABEL_64	FP_LABEL_65	SMd_LABEL_66	SMl_LABEL_67	SMd_LABEL_68	DMN_LABEL_69	DAN_LABEL_70	DMN_LABEL_71	FP_LABEL_72	SMd_LABEL_73	SMl_LABEL_74	MTL_LABEL_75	MTL_LABEL_76	CO_LABEL_77	CO_LABEL_78	Vis_LABEL_79	Vis_LABEL_80
DMN_LABEL_1	1.0	-0.020655279979109764	0.1884135901927948	-0.32705551385879517	-0.24344712495803833	0.6319513320922852	0.073594830930233	n/a	-0.24400003254413605	-0.15903694927692413	0.1901530921459198	-0.32217836380004883	-0.1474207490682602	-0.3002873659133911	-0.16926200687885284	0.7505548596382141	-0.2870073914527893	0.4365566074848175	0.5281333327293396	-0.37327247858047485	-0.2242843359708786	0.5429434180259705	-0.16735748946666718	0.4120841920375824	-0.4430586099624634	0.41134554147720337	0.6655890941619873	0.6069155931472778	-0.018907606601715088	0.27615317702293396	-0.21489329636096954	-0.2401583343744278	0.46581482887268066	0.13154342770576477	n/a	0.020840102806687355	0.16252870857715607	-0.10153975337743759	0.1057596281170845	-0.15996290743350983	0.027969956398010254	-0.23438750207424164	-0.13267959654331207	-0.27315554022789	-0.1390598863363266	0.16202937066555023	-0.28126809000968933	0.34958943724632263	-0.27783504128456116	0.302337110042572	0.43591827154159546	0.2843295931816101	0.19183999300003052	-0.2658592164516449	0.43928641080856323	-0.3644794225692749	-0.4198552668094635	0.3640058934688568	0.4130619764328003	0.19100885093212128	-0.3398202657699585	0.032325226813554764	0.27682361006736755	0.40369871258735657	0.4022102653980255	0.23084886372089386	0.21386413276195526	0.12150903791189194	0.5988637804985046	-0.019307050853967667	0.5239439606666565	0.48557382822036743	0.08346989005804062	0.18517783284187317	-0.221652552485466	-0.14841456711292267	-0.12148716300725937	-0.09873505681753159	0.2333029955625534	0.11334717273712158
Vis_LABEL_2	-0.020655279979109764	1.0	-0.22695448994636536	-0.3428318500518799	-0.11200693994760513	-0.07723890244960785	-0.1623300015926361	n/a	-0.28638896346092224	-0.020241381600499153	-0.0021336041390895844	-0.06726348400115967	-0.14329837262630463	-0.1342078298330307	-0.376970499753952	-0.05564635246992111	-0.21453586220741272	-0.08138527721166611	0.19699780642986298	-0.2073090523481369	-0.23378343880176544	-0.031096599996089935	0.487316757440567	0.33753278851509094	-0.10116122663021088	0.11002319306135178	0.2956817150115967	0.026700038462877274	0.9752606749534607	-0.32432320713996887	-0.3151109516620636	-0.28475791215896606	-0.06746798008680344	-0.2324291318655014	n/a	-0.05783163383603096	-0.07367900013923645	-0.07423187047243118	-0.07360687851905823	-0.053673163056373596	-0.2995549440383911	-0.29488396644592285	-0.16904684901237488	-0.17547442018985748	-0.23401670157909393	-0.2071569710969925	0.2942073345184326	0.012597461231052876	-0.02337014488875866	-0.5341938138008118	-0.3429347574710846	-0.21666313707828522	-0.2245960384607315	-0.19482752680778503	0.007842288352549076	-0.24197211861610413	-0.20629042387008667	0.12797024846076965	-0.13047803938388824	-0.08499379456043243	-0.12109296768903732	0.10653751343488693	-0.14753419160842896	0.010754820890724659	-0.2319236546754837	-0.0843975692987442	0.13992804288864136	0.07793045789003372	0.1130380854010582	0.11195512115955353	-0.12272284924983978	0.03082985058426857	0.04811627045273781	0.19100047647953033	-0.16471488773822784	-0.14863546192646027	-0.2925713360309601	-0.35743454098701477	0.6007342338562012	0.6258679032325745
FP_LABEL_3	0.1884135901927948	-0.22695448994636536	1.0	0.003322035539895296	0.1961381435394287	0.10337946563959122	0.07734175771474838	n/a	0.14847539365291595	-0.49063268303871155	-0.29420408606529236	-0.4272773265838623	-0.30654752254486084	0.06618224084377289	0.308651864528656	0.23218882083892822	-0.3233067989349365	0.23989258706569672	0.07305929809808731	-0.2336694896221161	-0.136572927236557	0.19743846356868744	-0.5916454792022705	-0.04971947893500328	-0.11801756918430328	0.17474722862243652	0.14680689573287964	0.5012598037719727	-0.21209155023097992	0.7557686567306519	0.04847028851509094	0.0641104206442833	0.043743621557950974	0.18993015587329865	n/a	-0.2676245868206024	-0.2271026372909546	-0.3888155519962311	0.015534968115389347	0.08837706595659256	0.33794108033180237	-0.38405653834342957	-0.058559026569128036	-0.26144614815711975	-0.1611064225435257	0.02507793717086315	-0.4467194080352783	0.22679449617862701	-0.25565671920776367	0.25899097323417664	0.6116326451301575	0.12120141834020615	0.17688755691051483	0.16046489775180817	0.16824151575565338	0.07248047739267349	-0.17144832015037537	0.08809655904769897	-0.09982898831367493	-0.027386458590626717	-0.3223714828491211	0.006537863053381443	-0.08766559511423111	0.20516490936279297	0.10522986948490143	0.0405331552028656	-0.19140353798866272	-0.29333266615867615	0.002058441285043955	-0.3213016092777252	0.19640497863292694	0.5249366164207458	-0.3530636727809906	-0.5060524344444275	0.12359268963336945	0.09429174661636353	0.3185746371746063	-0.08084212988615036	0.04571262001991272	0.1288599818944931
Aud_LABEL_4	-0.32705551385879517	-0.3428318500518799	0.003322035539895296	1.0	-0.14431509375572205	-0.05208183825016022	0.2278338074684143	n/a	0.43303897976875305	0.5779274702072144	0.17174312472343445	0.5828653573989868	0.31351277232170105	0.6544729471206665	0.1488139033317566	-0.27219364047050476	0.21314579248428345	-0.25739991664886475	-0.13154146075248718	0.6973726153373718	0.6020431518554688	-0.08885306864976883	-0.14813128113746643	-0.11273304373025894	0.14632518589496613	-0.173834890127182	-0.3182317614555359	-0.5679612755775452	-0.3767966032028198	-0.07508665323257446	0.8591765761375427	0.0292167067527771	0.10293533653020859	0.1637529730796814	n/a	0.43589016795158386	0.3516431450843811	0.354790061712265	-0.05340413749217987	0.4262115955352783	0.009125120006501675	0.29722708463668823	0.40753260254859924	0.7065595984458923	0.5248871445655823	0.3453609347343445	-0.06560424715280533	0.09789741784334183	0.09799639880657196	0.1299320012331009	-0.08937317878007889	-0.23601225018501282	-0.1669904887676239	0.2835094630718231	-0.08543352037668228	0.36614513397216797	0.2650718092918396	-0.20054657757282257	0.10629785060882568	0.09626194834709167	0.45424744486808777	-0.03688866272568703	-0.5289639234542847	-0.17457009851932526	-0.07912196964025497	-0.10571260750293732	-0.0009057715069502592	0.172123521566391	-0.18069244921207428	0.22641582787036896	-0.5950625538825989	-0.2980620563030243	-0.013819266110658646	0.0003806434979196638	0.1984742283821106	0.13582970201969147	0.37102216482162476	0.31436511874198914	-0.36210063099861145	-0.29383689165115356
Tpole_LABEL_5	-0.24344712495803833	-0.11200693994760513	0.1961381435394287	-0.14431509375572205	1.0	-0.2895925045013428	-0.05329993739724159	n/a	0.10825657844543457	-0.4494935870170593	-0.2540462613105774	-0.2518821060657501	-0.4144372344017029	-0.035191163420677185	0.1835278868675232	0.13834790885448456	-0.10684122145175934	0.40779539942741394	-0.20255491137504578	-0.09641452878713608	-0.2741401195526123	-0.20861637592315674	-0.2576510012149811	-0.39382949471473694	0.0438399538397789	0.17361927032470703	-0.07818468660116196	0.18851204216480255	-0.032899755984544754	0.060182541608810425	-0.18973113596439362	0.7855597734451294	-0.2279234677553177	-0.05762869119644165	n/a	-0.490869402885437	-0.25632286071777344	-0.35601672530174255	-0.41890689730644226	-0.0308231133967638	-0.13437388837337494	-0.24060791730880737	0.0233757346868515	-0.1719605028629303	-0.4107688069343567	-0.03324635326862335	-0.13164526224136353	-0.2453099638223648	-0.15320831537246704	0.3459742069244385	0.06977801024913788	0.31706568598747253	0.4848935604095459	0.15046127140522003	0.2417350858449936	0.34543880820274353	0.36741337180137634	-0.11842863261699677	-0.3853365480899811	-0.5090528726577759	-0.3868902623653412	-0.3826824426651001	0.309692919254303	-0.4208751320838928	-0.3187388777732849	-0.4331100285053253	-0.5132596492767334	-0.6172102093696594	-0.12861128151416779	-0.46749550104141235	0.30700621008872986	-0.06487452983856201	-0.3661021590232849	-0.30302491784095764	0.4244086444377899	0.22349369525909424	0.16038911044597626	0.09488643705844879	0.0796782448887825	0.02788056991994381
PMN_LABEL_6	0.6319513320922852	-0.07723890244960785	0.10337946563959122	-0.05208183825016022	-0.2895925045013428	1.0	0.16898125410079956	n/a	-0.1555338203907013	0.06968247890472412	0.3833184838294983	-0.00344454706646502	-0.006361814681440592	-0.05121297016739845	0.12437622994184494	0.3069189786911011	-0.10499881207942963	0.08856954425573349	0.20610776543617249	-0.0498332642018795	0.04814660921692848	0.3302067816257477	-0.014123971574008465	0.7025232315063477	-0.0707409530878067	0.2842344045639038	0.35825836658477783	0.2875201106071472	-0.0461692251265049	0.14699622988700867	0.07050230354070663	-0.33830147981643677	0.8172111511230469	0.16204673051834106	n/a	0.14693129062652588	0.3336656987667084	0.027051392942667007	0.099476158618927	-0.05076379328966141	0.14204387366771698	-0.08452512323856354	-0.1976632922887802	0.08167189359664917	0.01733430102467537	0.014836140908300877	-0.00729776406660676	0.7081167697906494	-0.10799363255500793	0.022427085787057877	0.07031800597906113	-0.1467486321926117	-0.14687038958072662	-0.21546311676502228	-0.07865075767040253	-0.2739230990409851	-0.3632449209690094	0.3410637378692627	0.21327194571495056	0.09288044273853302	-0.2765214741230011	-0.11096934229135513	-0.08991873264312744	0.03747745603322983	-0.022391054779291153	0.07502017915248871	0.0728851929306984	-0.04388102889060974	0.10858868807554245	-0.18242475390434265	0.13145436346530914	0.10644716769456863	-0.0378451943397522	0.04247857257723808	-0.06781560182571411	-0.05069855600595474	0.15043500065803528	0.02755054272711277	-0.13981594145298004	-0.2489803284406662
PON_LABEL_7	0.073594830930233	-0.1623300015926361	0.07734175771474838	0.2278338074684143	-0.05329993739724159	0.16898125410079956	1.0	n/a	0.679707944393158	-0.02562994509935379	0.12039313465356827	-0.039854612201452255	0.205686554312706	0.09875571727752686	-0.19720177352428436	0.15224002301692963	-0.10777808725833893	0.10926800221204758	-0.026480169966816902	0.017632458359003067	-0.11657392978668213	-0.14275744557380676	-0.18466313183307648	0.06003045663237572	-0.2516854703426361	0.4631245732307434	0.01204249169677496	-0.170103058218956	-0.17323963344097137	0.0642668604850769	0.11711379140615463	0.1283292919397354	0.34228312969207764	0.9224976897239685	n/a	-0.13347694277763367	0.10879506170749664	-0.30114173889160156	-0.09169039130210876	-0.08254042267799377	-0.16496559977531433	-0.14979307353496552	0.054093729704618454	-0.009701287373900414	-0.16477802395820618	0.04429525136947632	-0.1390991061925888	0.3149373233318329	-0.17278854548931122	0.40021413564682007	-0.022526532411575317	0.17469151318073273	0.19051353633403778	0.5822364091873169	0.1271623820066452	0.21134646236896515	0.05644369497895241	-0.2009439617395401	-0.13392800092697144	-0.12143971025943756	0.00812175590544939	-0.2887413203716278	-0.11753372102975845	-0.1085992082953453	-0.19551916420459747	-0.14591941237449646	-0.08960344642400742	0.03269285708665848	0.01348427776247263	-0.03851985186338425	-0.13068507611751556	-0.10451801866292953	0.10806138068437576	-0.0175461582839489	0.375056654214859	0.4384887218475342	-0.08799635618925095	-0.12699292600154877	-0.004217963200062513	-0.03563345596194267
MTL_LABEL_8	n/a	n/a	n/a	n/a	n/a	n/a	n/a	1.0	n/a	n/a	n/a	n/a	n/a	n/a	n/a	n/a	n/a	n/a	n/a	n/a	n/a	n/a	n/a	n/a	n/a	n/a	n/a	n/a	n/a	n/a	n/a	n/a	n/a	n/a	n/a	n/a	n/a	n/a	n/a	n/a	n/a	n/a	n/a	n/a	n/a	n/a	n/a	n/a	n/a	n/a	n/a	n/a	n/a	n/a	n/a	n/a	n/a	n/a	n/a	n/a	n/a	n/a	n/a	n/a	n/a	n/a	n/a	n/a	n/a	n/a	n/a	n/a	n/a	n/a	n/a	n/a	n/a	n/a	n/a	n/a
PON_LABEL_9	-0.24400003254413605	-0.28638896346092224	0.14847539365291595	0.43303897976875305	0.10825657844543457	-0.1555338203907013	0.679707944393158	n/a	1.0	0.013912700116634369	0.058565109968185425	0.08711401373147964	0.0949963703751564	0.2493176907300949	-0.11872483044862747	-0.11028187721967697	0.027832308784127235	0.008890246041119099	-0.2996094822883606	0.2193399965763092	0.07437317818403244	-0.3525051474571228	-0.2576069235801697	-0.2782890200614929	-0.021832790225744247	0.3523627519607544	-0.19269470870494843	-0.2683340311050415	-0.3160994052886963	0.03612193092703819	0.21773631870746613	0.2167474627494812	-0.025151006877422333	0.655613899230957	n/a	-0.14741669595241547	0.037869494408369064	-0.24474750459194183	-0.20305895805358887	0.0052713495679199696	-0.2196582406759262	-0.06255131959915161	0.07407727092504501	0.16767394542694092	0.0038283111061900854	-0.006186652462929487	-0.10445686429738998	-0.04646081104874611	-0.13395333290100098	0.3084007799625397	-0.02469215914607048	0.140421062707901	0.15330439805984497	0.7987533211708069	0.12052255123853683	0.3388969302177429	0.2802068293094635	-0.3222138285636902	-0.2873574495315552	-0.2055126428604126	0.19661307334899902	-0.23500017821788788	-0.26881176233291626	-0.18720775842666626	-0.247740238904953	-0.277724951505661	-0.2787356376647949	-0.16362811625003815	-0.24135132133960724	-0.058861106634140015	-0.24983419477939606	-0.22611291706562042	-0.09250171482563019	-0.20993071794509888	0.4927471876144409	0.4123815894126892	0.05766969919204712	-0.006835341453552246	-0.1550660878419876	-0.1387053281068802
CO_LABEL_10	-0.15903694927692413	-0.020241381600499153	-0.49063268303871155	0.5779274702072144	-0.4494935870170593	0.06968247890472412	-0.02562994509935379	n/a	0.013912700116634369	1.0	0.3565111458301544	0.7153374552726746	0.4438340961933136	0.3015068471431732	0.02269270271062851	-0.20990438759326935	0.2814023494720459	-0.3596700131893158	0.08003218472003937	0.5505322217941284	0.6526231169700623	0.02325674146413803	0.36962729692459106	0.11445316672325134	0.23688499629497528	-0.3088146150112152	-0.14583811163902283	-0.46982020139694214	-0.03922130912542343	-0.5418628454208374	0.5355749726295471	-0.3075137436389923	0.12144839763641357	-0.12413769960403442	n/a	0.8272477984428406	0.4586171507835388	0.6692512631416321	0.07817652821540833	0.24591977894306183	0.0475190207362175	0.40625694394111633	0.3447294235229492	0.6640240550041199	0.6947481036186218	0.09442543983459473	0.32683417201042175	0.05926451459527016	0.3135494589805603	-0.14977383613586426	-0.4844202995300293	-0.27604958415031433	-0.33244505524635315	-0.00907614640891552	-0.1971001774072647	-0.08273626118898392	-0.02734573557972908	0.03956543281674385	0.2824755609035492	0.1801261156797409	0.5667852759361267	-0.06303240358829498	-0.32369184494018555	-0.08541751652956009	0.07325060665607452	0.041028738021850586	0.29820793867111206	0.5357193350791931	0.029984816908836365	0.46251529455184937	-0.5239333510398865	-0.30664148926734924	0.3405866324901581	0.39758431911468506	-0.2101937085390091	-0.14552125334739685	0.16883927583694458	0.38626834750175476	-0.23738384246826172	-0.13647639751434326
Sal_LABEL_11	0.1901530921459198	-0.0021336041390895844	-0.29420408606529236	0.17174312472343445	-0.2540462613105774	0.3833184838294983	0.12039313465356827	n/a	0.058565109968185425	0.3565111458301544	1.0	0.2452891319990158	0.15146632492542267	-0.22993631660938263	0.013727197423577309	0.16303949058055878	0.2887592911720276	0.07417325675487518	0.01210810337215662	0.35734623670578003	0.4268227815628052	0.4475717842578888	0.22206386923789978	0.3905259966850281	0.004939241334795952	0.2302531898021698	0.2027781456708908	-0.20177306234836578	-0.04576326161623001	-0.21638697385787964	0.08347033709287643	-0.23565727472305298	0.3483300507068634	0.03588632866740227	n/a	0.1475926637649536	0.8388713598251343	0.15448740124702454	-0.007453334052115679	-0.37783685326576233	-0.22711682319641113	0.16608594357967377	-0.17825065553188324	0.4144885838031769	0.2039981186389923	0.2779305577278137	0.028625160455703735	0.2737235128879547	-0.05268130078911781	-0.10133963078260422	-0.18197816610336304	-0.2680678069591522	-0.18187804520130157	-0.1531216949224472	-0.11633598804473877	0.015384836122393608	-0.05364643409848213	0.3712674677371979	0.10169709473848343	0.022815583273768425	0.10292966663837433	-0.09942631423473358	-0.3341018557548523	-0.04579102247953415	-0.2979550063610077	0.03153606504201889	-0.10926301032304764	0.184876948595047	0.0012429466005414724	0.1308773308992386	-0.17406007647514343	-0.27453988790512085	0.08831658214330673	0.1368197500705719	0.16364696621894836	0.1754906177520752	0.07115412503480911	-0.044580210000276566	-0.2575765550136566	-0.3606579899787903
CO_LABEL_12	-0.32217836380004883	-0.06726348400115967	-0.4272773265838623	0.5828653573989868	-0.2518821060657501	-0.00344454706646502	-0.039854612201452255	n/a	0.08711401373147964	0.7153374552726746	0.2452891319990158	1.0	0.2610604763031006	0.38422560691833496	0.0634850412607193	-0.39533933997154236	0.34370189905166626	-0.35524865984916687	-0.32766759395599365	0.7060869932174683	0.5476609468460083	-0.12973716855049133	0.18878291547298431	0.06709402799606323	0.23322533071041107	-0.25779640674591064	-0.26430264115333557	-0.5803561210632324	-0.10065392404794693	-0.34904664754867554	0.45827746391296387	-0.1103857010602951	0.11085283011198044	-0.1088346317410469	n/a	0.47969725728034973	0.2919962704181671	0.5925751328468323	-0.023134758695960045	0.22250133752822876	-0.08310788869857788	0.37882381677627563	0.18288464844226837	0.6583389043807983	0.539616048336029	0.14181768894195557	0.21100983023643494	0.019974235445261	0.13228121399879456	-0.25676238536834717	-0.33494552969932556	-0.2880105972290039	-0.297896146774292	0.00010058717452920973	-0.2283249795436859	0.20076830685138702	0.24761973321437836	-0.15849873423576355	0.030607815831899643	0.04099809378385544	0.40287089347839355	0.17812153697013855	-0.2899825870990753	-0.17435294389724731	0.025434505194425583	0.04710531234741211	0.26179492473602295	0.2626388370990753	-0.2054106742143631	0.2989703118801117	-0.4991552233695984	-0.4409024715423584	0.18637621402740479	0.38447636365890503	0.13122278451919556	0.020944714546203613	0.01511340867727995	0.2592391073703766	-0.26166895031929016	-0.2417708933353424
SMd_LABEL_13	-0.1474207490682602	-0.14329837262630463	-0.30654752254486084	0.31351277232170105	-0.4144372344017029	-0.006361814681440592	0.205686554312706	n/a	0.0949963703751564	0.4438340961933136	0.15146632492542267	0.2610604763031006	1.0	0.2722626030445099	-0.15306615829467773	-0.25084224343299866	0.2845778465270996	-0.3001857101917267	-0.0919482484459877	0.23388031125068665	0.2641974985599518	-0.04846455156803131	0.03751828521490097	-0.2028382420539856	0.07784130424261093	-0.2404843270778656	-0.18764452636241913	-0.3857080042362213	-0.17544043064117432	-0.17398867011070251	0.2944076657295227	-0.21376022696495056	0.018241632729768753	0.2418818175792694	n/a	0.30272161960601807	0.11742716282606125	0.08165954053401947	0.3072205185890198	0.09352228790521622	0.09269113838672638	0.3195647597312927	0.1287778615951538	0.1604524552822113	0.2926095724105835	0.027605677023530006	-0.030801106244325638	-0.11626728624105453	0.25749945640563965	-0.1573231816291809	-0.3043172061443329	-0.27213332056999207	-0.35431116819381714	0.031319621950387955	-0.22845430672168732	-0.04003638029098511	-0.0030578935984522104	0.07333642244338989	0.20482885837554932	0.31529879570007324	0.41797298192977905	0.17004092037677765	-0.24008090794086456	0.0489126481115818	0.000949606706853956	0.17122173309326172	0.2909187972545624	0.7154215574264526	-0.00473862374201417	0.4216717779636383	-0.35031813383102417	-0.2069242298603058	0.7157297730445862	0.2796342074871063	-0.05503571778535843	0.034991830587387085	-0.023544244468212128	-0.01729028858244419	-0.16258768737316132	-0.14036476612091064
SMl_LABEL_14	-0.3002873659133911	-0.1342078298330307	0.06618224084377289	0.6544729471206665	-0.035191163420677185	-0.05121297016739845	0.09875571727752686	n/a	0.2493176907300949	0.3015068471431732	-0.22993631660938263	0.38422560691833496	0.2722626030445099	1.0	0.0056811305694282055	-0.3456699848175049	0.055173493921756744	-0.34842297434806824	-0.1471530795097351	0.4955075681209564	0.3412438929080963	-0.23680272698402405	-0.12314343452453613	-0.12451999634504318	0.14030905067920685	-0.3024282157421112	-0.43610692024230957	-0.4427271783351898	-0.1771191507577896	-0.02639947459101677	0.695778489112854	-0.0009980738395825028	-0.023914599791169167	0.07540986686944962	n/a	0.2628729045391083	-0.0026611958164721727	0.16476097702980042	0.04517440125346184	0.8484309315681458	0.01341797225177288	0.07935919612646103	0.40306445956230164	0.4330174922943115	0.34454774856567383	0.1999388337135315	-0.0325973704457283	0.018401745706796646	0.034461718052625656	0.08390220999717712	-0.08867546170949936	-0.2207249402999878	-0.2816428542137146	0.20648373663425446	-0.0886218473315239	0.2556227445602417	0.1295398771762848	-0.18623873591423035	0.046958256512880325	0.12997177243232727	0.22671960294246674	0.009273833595216274	-0.35625746846199036	-0.3218832314014435	-0.10230454802513123	-0.0960247814655304	0.13939489424228668	0.0519859679043293	-0.34017428755760193	0.1274607926607132	-0.529814600944519	-0.3732922673225403	-0.036871254444122314	0.034734565764665604	0.11151044070720673	-0.08503968268632889	0.24139893054962158	0.2509709298610687	-0.1591113656759262	-0.12079701572656631
DAN_LABEL_15	-0.16926200687885284	-0.376970499753952	0.308651864528656	0.1488139033317566	0.1835278868675232	0.12437622994184494	-0.19720177352428436	n/a	-0.11872483044862747	0.02269270271062851	0.013727197423577309	0.0634850412607193	-0.15306615829467773	0.0056811305694282055	1.0	-0.15431320667266846	0.26728230714797974	0.03437208756804466	-0.07390453666448593	0.15169329941272736	0.11031772941350937	-0.06259497255086899	0.12171626091003418	0.07185295224189758	0.566439688205719	-0.2850480079650879	-0.2020309567451477	0.044783733785152435	-0.34564685821533203	0.11010991781949997	0.2882918417453766	0.23446618020534515	0.16047723591327667	-0.12373316287994385	n/a	0.028819356113672256	0.07665880769491196	0.1137290894985199	0.12723621726036072	-0.05404720827937126	0.4595049321651459	0.2555325925350189	0.14554761350154877	0.2343789041042328	0.07628577202558517	0.09488131105899811	0.22520262002944946	0.1640833169221878	0.3591061532497406	0.11085893213748932	0.12785759568214417	-0.08002371340990067	0.12144175916910172	0.0007718559354543686	-0.20134501159191132	0.2337948977947235	0.05040615424513817	0.0515175461769104	0.033952344208955765	0.018019570037722588	0.1893002837896347	-0.13456566631793976	0.046597693115472794	-0.17987796664237976	-0.07573189586400986	0.044847987592220306	-0.24616143107414246	-0.27772256731987	-0.4028255343437195	-0.12093905359506607	-0.047440607100725174	-0.04731664061546326	-0.31965699791908264	-0.21751666069030762	0.008958975784480572	0.11959073692560196	0.5817610025405884	0.5651108026504517	-0.4078017771244049	-0.3796716332435608
DMN_LABEL_16	0.7505548596382141	-0.05564635246992111	0.23218882083892822	-0.27219364047050476	0.13834790885448456	0.3069189786911011	0.15224002301692963	n/a	-0.11028187721967697	-0.20990438759326935	0.16303949058055878	-0.39533933997154236	-0.25084224343299866	-0.3456699848175049	-0.15431320667266846	1.0	-0.31637662649154663	0.7888971567153931	0.5182453393936157	-0.3935312032699585	-0.19553428888320923	0.5257003903388977	-0.249458447098732	0.12516969442367554	-0.3270692229270935	0.5031358599662781	0.7648562788963318	0.6230954527854919	-0.017091451212763786	0.15712040662765503	-0.26332399249076843	0.051406875252723694	0.18829216063022614	0.14587949216365814	n/a	-0.11195193231105804	0.10744433104991913	-0.2814359962940216	-0.17630894482135773	-0.21833465993404388	-0.07926666736602783	-0.35547903180122375	-0.08246950805187225	-0.25291988253593445	-0.2588612139225006	0.0577719621360302	-0.3831634223461151	0.16829723119735718	-0.2521463930606842	0.5300799608230591	0.32908210158348083	0.4049184024333954	0.499307245016098	-0.12012719362974167	0.6012451648712158	-0.11105530709028244	-0.32808658480644226	0.3674752712249756	0.30185410380363464	-0.08335386961698532	-0.35469692945480347	-0.1564103066921234	0.26161274313926697	0.21956269443035126	0.214093416929245	0.01296814065426588	-0.03872796148061752	0.0469813197851181	0.6611274480819702	-0.08900729566812515	0.5851558446884155	0.4763115644454956	0.047119785100221634	0.07271550595760345	0.0168289877474308	0.023325525224208832	-0.09494297206401825	-0.14986418187618256	0.377491295337677	0.22478343546390533
CO_LABEL_17	-0.2870073914527893	-0.21453586220741272	-0.3233067989349365	0.21314579248428345	-0.10684122145175934	-0.10499881207942963	-0.10777808725833893	n/a	0.027832308784127235	0.2814023494720459	0.2887592911720276	0.34370189905166626	0.2845778465270996	0.055173493921756744	0.26728230714797974	-0.31637662649154663	1.0	-0.22955523431301117	-0.3345268964767456	0.49372366070747375	0.46123620867729187	-0.09933988004922867	0.29471322894096375	0.047858938574790955	0.5377359390258789	-0.43166202306747437	-0.32753297686576843	-0.41445213556289673	-0.26308420300483704	-0.30895787477493286	0.14966975152492523	-0.0531134232878685	-0.10756242275238037	-0.11253002285957336	n/a	0.04561510682106018	0.1898534893989563	0.25295764207839966	-0.09303828328847885	-0.19997267425060272	-0.11495784670114517	0.8201456069946289	-0.16494575142860413	0.3905406594276428	0.3450499475002289	0.06860437989234924	0.17170771956443787	-0.07044456899166107	0.5177713632583618	-0.21316194534301758	-0.4016065001487732	-0.4748323857784271	-0.29239821434020996	-0.07639559358358383	-0.4197436273097992	0.17186447978019714	0.3650256097316742	-0.1475837677717209	-0.011587078683078289	-0.05849399045109749	0.5530907511711121	0.21993301808834076	0.01700696162879467	-0.002342801308259368	-0.21962061524391174	0.007966255769133568	0.14909730851650238	0.16528235375881195	-0.3706798255443573	0.3736414313316345	-0.16695471107959747	-0.3024856746196747	0.3475351929664612	0.41869619488716125	0.19320298731327057	0.11861918121576309	0.060412291437387466	0.11040682345628738	-0.2582780718803406	-0.4124346375465393
DMN_LABEL_18	0.4365566074848175	-0.08138527721166611	0.23989258706569672	-0.25739991664886475	0.40779539942741394	0.08856954425573349	0.10926800221204758	n/a	0.008890246041119099	-0.3596700131893158	0.07417325675487518	-0.35524865984916687	-0.3001857101917267	-0.34842297434806824	0.03437208756804466	0.7888971567153931	-0.22955523431301117	1.0	0.27313753962516785	-0.3057412803173065	-0.2913129925727844	0.23003222048282623	-0.2792322337627411	-0.06956090033054352	-0.13081344962120056	0.5845486521720886	0.5986359715461731	0.5002984404563904	-0.036990102380514145	0.12218478322029114	-0.32820674777030945	0.34264659881591797	0.06695596873760223	0.12087761610746384	n/a	-0.34461233019828796	-0.06641296297311783	-0.4570562541484833	-0.1813228726387024	-0.2978377640247345	-0.1462089866399765	-0.3423999845981598	-0.19021958112716675	-0.28686609864234924	-0.4126853048801422	-0.023106353357434273	-0.32316580414772034	-0.0045628962107002735	-0.1366277039051056	0.48126164078712463	0.28856244683265686	0.45472952723503113	0.671541154384613	0.0068301428109407425	0.5960959196090698	0.22649778425693512	-0.11518941819667816	0.14582931995391846	-0.017339743673801422	-0.15345247089862823	-0.34072408080101013	-0.12666836380958557	0.3180221915245056	0.040597103536129	0.0311618372797966	0.03022455796599388	-0.1890799105167389	-0.14940357208251953	0.4172121584415436	-0.23526710271835327	0.6119786500930786	0.3836161196231842	-0.08271003514528275	-0.04352521523833275	0.2913532853126526	0.26759687066078186	-0.0807628184556961	-0.20332109928131104	0.3764784038066864	0.14774419367313385
VAN_LABEL_19	0.5281333327293396	0.19699780642986298	0.07305929809808731	-0.13154146075248718	-0.20255491137504578	0.20610776543617249	-0.026480169966816902	n/a	-0.2996094822883606	0.08003218472003937	0.01210810337215662	-0.32766759395599365	-0.0919482484459877	-0.1471530795097351	-0.07390453666448593	0.5182453393936157	-0.3345268964767456	0.27313753962516785	1.0	-0.35295096039772034	-0.16692328453063965	0.4752357602119446	0.11398787796497345	0.3027781844139099	-0.245746448636055	0.12007732689380646	0.448105126619339	0.426025390625	0.16652211546897888	-0.07060220092535019	-0.05731024220585823	-0.16350887715816498	0.24206426739692688	-0.07114887982606888	n/a	0.2986065447330475	0.15467706322669983	0.11609793454408646	0.13776561617851257	0.06037714704871178	0.16770941019058228	-0.21201126277446747	0.4223354160785675	-0.2023252695798874	0.014766362495720387	0.25553786754608154	0.02341916225850582	0.30028122663497925	0.02454712614417076	0.2703344225883484	0.22349894046783447	0.2937762439250946	0.23484623432159424	-0.29666668176651	0.3906974196434021	-0.3757583796977997	-0.4937349855899811	0.2228304147720337	0.5292322039604187	0.19907355308532715	-0.031941626220941544	-0.18305915594100952	0.09770990908145905	0.1821761578321457	0.36697354912757874	0.15923607349395752	0.18810570240020752	0.22423863410949707	0.5089572072029114	0.04799675568938255	0.16477328538894653	0.2999853491783142	0.04385761171579361	0.11693098396062851	-0.5444114804267883	-0.3325941562652588	-0.003037011483684182	0.08889909833669662	0.2903610169887543	0.3159756064414978
CO_LABEL_20	-0.37327247858047485	-0.2073090523481369	-0.2336694896221161	0.6973726153373718	-0.09641452878713608	-0.0498332642018795	0.017632458359003067	n/a	0.2193399965763092	0.5505322217941284	0.35734623670578003	0.7060869932174683	0.23388031125068665	0.4955075681209564	0.15169329941272736	-0.3935312032699585	0.49372366070747375	-0.3057412803173065	-0.35295096039772034	1.0	0.760569155216217	-0.012430123053491116	0.000815866282209754	0.04003646597266197	0.1823522299528122	-0.2779397666454315	-0.43815773725509644	-0.6815845370292664	-0.2548225224018097	-0.206307515501976	0.5713251233100891	-0.03442085161805153	0.053912203758955	-0.05801449343562126	n/a	0.31343862414360046	0.44492632150650024	0.42645546793937683	-0.14568281173706055	0.2829441726207733	-0.10657671093940735	0.4728856384754181	0.12936528027057648	0.8552416563034058	0.5900129675865173	0.24617576599121094	-0.013784595765173435	0.08414429426193237	0.09195277839899063	-0.06787420809268951	-0.26367905735969543	-0.4606976807117462	-0.3137568235397339	0.03646370768547058	-0.29266899824142456	0.4290674924850464	0.40222862362861633	-0.09468041360378265	-0.04191387817263603	-0.047285132110118866	0.40659281611442566	0.03576580807566643	-0.40972471237182617	-0.20408055186271667	-0.18707147240638733	-0.08086109906435013	0.04574298486113548	0.13924811780452728	-0.34245896339416504	0.22383759915828705	-0.5731666088104248	-0.4268815815448761	0.08557021617889404	0.2122357040643692	0.34003448486328125	0.14999742805957794	0.2981262803077698	0.22191429138183594	-0.30302608013153076	-0.3045271039009094
CO_LABEL_21	-0.2242843359708786	-0.23378343880176544	-0.136572927236557	0.6020431518554688	-0.2741401195526123	0.04814660921692848	-0.11657392978668213	n/a	0.07437317818403244	0.6526231169700623	0.4268227815628052	0.5476609468460083	0.2641974985599518	0.3412438929080963	0.11031772941350937	-0.19553428888320923	0.46123620867729187	-0.2913129925727844	-0.16692328453063965	0.760569155216217	1.0	0.2214350700378418	-0.03862711414694786	0.08379237353801727	0.161180317401886	-0.29906657338142395	-0.24655188620090485	-0.4172077476978302	-0.2593458890914917	-0.13621580600738525	0.45072314143180847	-0.3146195709705353	-0.022160323336720467	-0.21001000702381134	n/a	0.5559569001197815	0.5952154994010925	0.5550363063812256	-0.23391184210777283	0.1795782446861267	0.06694948673248291	0.43266114592552185	0.06674902141094208	0.7392821907997131	0.8246355652809143	0.10229969024658203	-0.10841521620750427	0.1167350634932518	0.08524168282747269	-0.1382349282503128	-0.2631412148475647	-0.5565448999404907	-0.4918338358402252	-0.1770389825105667	-0.367827832698822	0.20923008024692535	0.26981160044670105	0.19406738877296448	0.12905704975128174	-0.08297047019004822	0.36054718494415283	0.026802869513630867	-0.511958122253418	-0.009187031537294388	-0.1075420156121254	-0.11043890565633774	0.057910073548555374	0.31883811950683594	-0.19069133698940277	0.2379537969827652	-0.4910361170768738	-0.2050216943025589	0.21549491584300995	0.09565794467926025	0.08953366428613663	-0.04350661858916283	0.2545677721500397	0.14842036366462708	-0.2985871732234955	-0.2425650805234909
Sal_LABEL_22	0.5429434180259705	-0.031096599996089935	0.19743846356868744	-0.08885306864976883	-0.20861637592315674	0.3302067816257477	-0.14275744557380676	n/a	-0.3525051474571228	0.02325674146413803	0.4475717842578888	-0.12973716855049133	-0.04846455156803131	-0.23680272698402405	-0.06259497255086899	0.5257003903388977	-0.09933988004922867	0.23003222048282623	0.4752357602119446	-0.012430123053491116	0.2214350700378418	1.0	-0.22851362824440002	0.35289204120635986	-0.33254480361938477	0.1325671523809433	0.48453837633132935	0.3873865604400635	-0.07123033702373505	0.22818534076213837	-0.09224844723939896	-0.2757536470890045	0.2869578003883362	-0.15140409767627716	n/a	0.13916346430778503	0.5029814839363098	0.0740857794880867	-0.02854655310511589	-0.16938038170337677	0.12774622440338135	-0.14704027771949768	0.04966858774423599	0.06005741283297539	0.16462154686450958	0.4608055353164673	-0.37941697239875793	0.35126638412475586	-0.2518622577190399	0.08050242066383362	0.3697848916053772	0.03278291970491409	0.04673268273472786	-0.5080496072769165	0.23172588646411896	-0.26728177070617676	-0.292155921459198	0.5162976980209351	0.49748799204826355	0.05441516637802124	-0.24273069202899933	0.02541693113744259	-0.03730662912130356	0.31272274255752563	0.30917978286743164	0.1314138025045395	0.027585169300436974	0.24315322935581207	0.41240110993385315	0.0055664232932031155	0.22039566934108734	0.29495036602020264	0.15679191052913666	0.037418484687805176	-0.17838642001152039	-0.14254063367843628	-0.05590737611055374	-0.1440809816122055	0.10691492259502411	0.011247687973082066
DAN_LABEL_23	-0.16735748946666718	0.487316757440567	-0.5916454792022705	-0.14813128113746643	-0.2576510012149811	-0.014123971574008465	-0.18466313183307648	n/a	-0.2576069235801697	0.36962729692459106	0.22206386923789978	0.18878291547298431	0.03751828521490097	-0.12314343452453613	0.12171626091003418	-0.249458447098732	0.29471322894096375	-0.2792322337627411	0.11398787796497345	0.000815866282209754	-0.03862711414694786	-0.22851362824440002	1.0	0.35261601209640503	0.4930616319179535	-0.31561991572380066	-0.06688203662633896	-0.2589886486530304	0.4690250754356384	-0.6925724148750305	-0.015097474679350853	-0.24190181493759155	-0.0005056906375102699	-0.23886844515800476	n/a	0.20453383028507233	0.09327587485313416	0.24757371842861176	0.15702195465564728	-0.10284579545259476	-0.09059033542871475	0.3037262558937073	0.04394231736660004	0.17655321955680847	0.02069110795855522	-0.14624620974063873	0.8118207454681396	-0.000576598453335464	0.5520594716072083	-0.3397667407989502	-0.5903543829917908	-0.2599716782569885	-0.2071840614080429	-0.035054199397563934	-0.2512255609035492	-0.1782277226448059	-0.15800198912620544	-0.005442585330456495	0.0753500759601593	0.09436381608247757	0.4483574330806732	-0.026844430714845657	0.008988132700324059	-0.16640400886535645	-0.22537195682525635	0.0217578262090683	0.10477054864168167	0.12988066673278809	-0.16727249324321747	0.4161071479320526	-0.2741391062736511	-0.32417696714401245	0.048844870179891586	0.31239408254623413	-0.2742263078689575	-0.10221170634031296	0.030141670256853104	0.2464815080165863	0.04827424883842468	0.03756176307797432
PMN_LABEL_24	0.4120841920375824	0.33753278851509094	-0.04971947893500328	-0.11273304373025894	-0.39382949471473694	0.7025232315063477	0.06003045663237572	n/a	-0.2782890200614929	0.11445316672325134	0.3905259966850281	0.06709402799606323	-0.2028382420539856	-0.12451999634504318	0.07185295224189758	0.12516969442367554	0.047858938574790955	-0.06956090033054352	0.3027781844139099	0.04003646597266197	0.08379237353801727	0.35289204120635986	0.35261601209640503	1.0	-0.03700638934969902	0.12380298227071762	0.30919012427330017	0.1246057078242302	0.3225529193878174	-0.1378755122423172	-0.030874179676175117	-0.45761603116989136	0.6847746968269348	-0.031889431178569794	n/a	0.168659046292305	0.35873329639434814	0.17355357110500336	-0.04768267273902893	-0.09305479377508163	0.015113387256860733	0.09492366760969162	-0.16553477942943573	0.13835641741752625	0.07337500900030136	0.026404911652207375	0.19729818403720856	0.8201961517333984	-0.00877048633992672	-0.27280834317207336	-0.08912727981805801	-0.36383453011512756	-0.2855282723903656	-0.3074363172054291	-0.20395316183567047	-0.251414954662323	-0.2620289921760559	0.16711297631263733	0.1234179362654686	-0.03670096397399902	-0.11089839786291122	-0.04059799760580063	-0.17518910765647888	-0.052131619304418564	-0.17840969562530518	0.009846771135926247	0.14537841081619263	-0.039281513541936874	0.05745919793844223	-0.07239419966936111	-0.014189230278134346	0.020190658047795296	-0.11600625514984131	0.1663028597831726	-0.13634513318538666	-0.11605396121740341	0.030187517404556274	-0.07955515384674072	0.10813865065574646	-0.020621126517653465
DAN_LABEL_25	-0.4430586099624634	-0.10116122663021088	-0.11801756918430328	0.14632518589496613	0.0438399538397789	-0.0707409530878067	-0.2516854703426361	n/a	-0.021832790225744247	0.23688499629497528	0.004939241334795952	0.23322533071041107	0.07784130424261093	0.14030905067920685	0.566439688205719	-0.3270692229270935	0.5377359390258789	-0.13081344962120056	-0.245746448636055	0.1823522299528122	0.161180317401886	-0.33254480361938477	0.4930616319179535	-0.03700638934969902	1.0	-0.4756508469581604	-0.3210546374320984	-0.21578089892864227	-0.0769801065325737	-0.3373951017856598	0.22495009005069733	-0.017881348729133606	-0.0962623804807663	-0.24515318870544434	n/a	0.022366786375641823	-0.15750564634799957	0.06432660669088364	0.06331182271242142	-0.006519601214677095	0.17043901979923248	0.3814321458339691	0.017983244732022285	0.28407350182533264	0.0715942531824112	-0.21005508303642273	0.5875641703605652	-0.07894077152013779	0.7744505405426025	-0.1664290726184845	-0.40661025047302246	-0.29343047738075256	-0.09763630479574203	0.1357017606496811	-0.42436107993125916	0.07665086537599564	-0.02655750699341297	-0.10862608999013901	-0.03448520228266716	-8.164125756593421e-05	0.4953829050064087	0.10776891559362411	-0.0349125862121582	-0.20211322605609894	-0.21950925886631012	-0.07111984491348267	-0.11473856121301651	-0.07925035804510117	-0.4866245985031128	0.22538064420223236	-0.2816714942455292	-0.22089727222919464	-0.05851971358060837	0.04707391560077667	0.08928408473730087	0.048397086560726166	0.2747032940387726	0.31370627880096436	-0.2555796504020691	-0.3754333555698395
