Node	LH_Vis_1	LH_Vis_2	LH_Vis_3	LH_Vis_4	LH_Vis_5	LH_Vis_6	LH_Vis_7	LH_Vis_8	LH_Vis_9	LH_SomMot_1	LH_SomMot_2	LH_SomMot_3	LH_SomMot_4	LH_SomMot_5	LH_SomMot_6	LH_DorsAttn_Post_1	LH_DorsAttn_Post_2	LH_DorsAttn_Post_3	LH_DorsAttn_Post_4	LH_DorsAttn_Post_5	LH_DorsAttn_Post_6	LH_DorsAttn_PrCv_1	LH_DorsAttn_FEF_1	LH_SalVentAttn_ParOper_1	LH_SalVentAttn_FrOperIns_1	LH_SalVentAttn_FrOperIns_2	LH_SalVentAttn_PFCl_1	LH_SalVentAttn_Med_1	LH_SalVentAttn_Med_2	LH_SalVentAttn_Med_3	LH_Limbic_OFC_1	LH_Limbic_TempPole_1	LH_Limbic_TempPole_2	LH_Cont_Par_1	LH_Cont_PFCl_1	LH_Cont_pCun_1	LH_Cont_Cing_1	LH_Default_Temp_1	LH_Default_Temp_2	LH_Default_Par_1	LH_Default_Par_2	LH_Default_PFC_1	LH_Default_PFC_2	LH_Default_PFC_3	LH_Default_PFC_4	LH_Default_PFC_5	LH_Default_PFC_6	LH_Default_PFC_7	LH_Default_pCunPCC_1	LH_Default_pCunPCC_2	RH_Vis_1	RH_Vis_2	RH_Vis_3	RH_Vis_4	RH_Vis_5	RH_Vis_6	RH_Vis_7	RH_Vis_8	RH_SomMot_1	RH_SomMot_2	RH_SomMot_3	RH_SomMot_4	RH_SomMot_5	RH_SomMot_6	RH_SomMot_7	RH_SomMot_8	RH_DorsAttn_Post_1	RH_DorsAttn_Post_2	RH_DorsAttn_Post_3	RH_DorsAttn_Post_4	RH_DorsAttn_Post_5	RH_DorsAttn_PrCv_1	RH_DorsAttn_FEF_1	RH_SalVentAttn_TempOccPar_1	RH_SalVentAttn_TempOccPar_2	RH_SalVentAttn_FrOperIns_1	RH_SalVentAttn_Med_1	RH_SalVentAttn_Med_2	RH_Limbic_OFC_1	RH_Limbic_TempPole_1	RH_Cont_Par_1	RH_Cont_Par_2	RH_Cont_PFCl_1	RH_Cont_PFCl_2	RH_Cont_PFCl_3	RH_Cont_PFCl_4	RH_Cont_Cing_1	RH_Cont_PFCmp_1	RH_Cont_pCun_1	RH_Default_Par_1	RH_Default_Temp_1	RH_Default_Temp_2	RH_Default_Temp_3	RH_Default_PFCv_1	RH_Default_PFCv_2	RH_Default_PFCdPFCm_1	RH_Default_PFCdPFCm_2	RH_Default_PFCdPFCm_3	RH_Default_pCunPCC_1	RH_Default_pCunPCC_2	LH-Pu	LH-Ca	LH-NAC	LH-EXA	LH-GPe	LH-GPi	LH-SNc_PBP_VTA	LH-RN	LH-SNr	LH-VeP	LH-HN	LH-HTH	LH-MN	LH-STH	RH-Pu	RH-Ca	RH-NAC	RH-EXA	RH-GPe	RH-GPi	RH-SNc_PBP_VTA	RH-RN	RH-SNr	RH-VeP	RH-HN	RH-HTH	RH-MN	RH-STH	LH-Pulvinar	LH-Anterior	LH-Medio_Dorsal	LH-Ventral_Latero_Dorsal	LH-Central_Lateral-Lateral_Posterior-Medial_Pulvinar	LH-Ventral_Anterior	LH-Ventral_Latero_Ventral	RH-Pulvinar	RH-Anterior	RH-Medio_Dorsal	RH-Ventral_Latero_Dorsal	RH-Central_Lateral-Lateral_Posterior-Medial_Pulvinar	RH-Ventral_Anterior	RH-Ventral_Latero_Ventral	LH_Hippocampus	LH_Amygdala	RH_Hippocampus	RH_Amygdala	Cerebellar_Region1	Cerebellar_Region2	Cerebellar_Region3	Cerebellar_Region4	Cerebellar_Region5	Cerebellar_Region6	Cerebellar_Region7	Cerebellar_Region8	Cerebellar_Region9	Cerebellar_Region10
LH_Vis_1	1.0	-0.026729390025138855	0.7271327972412109	-0.5004257559776306	-0.3892212510108948	0.3094213306903839	0.4141227900981903	0.10675150901079178	0.45130467414855957	0.05920494347810745	0.2328825742006302	0.3131309449672699	0.04787178710103035	-0.29983583092689514	0.09197446703910828	0.2599219083786011	0.2985275089740753	0.4773656129837036	0.24623353779315948	0.22328519821166992	0.32235056161880493	-0.4704897701740265	0.39582356810569763	0.08655832707881927	0.1851775050163269	0.02691478654742241	-0.0817405954003334	-0.0670844092965126	0.43303948640823364	-0.18244971334934235	0.08722269535064697	0.14354117214679718	-0.0020808521658182144	-0.10613586753606796	-0.39992278814315796	0.5754945278167725	0.2652426064014435	0.5115170478820801	0.3168097734451294	0.20753173530101776	0.6308367252349854	0.027122627943754196	-0.20426033437252045	0.4652230143547058	-0.2592724561691284	0.187632218003273	0.2862664461135864	0.38447174429893494	0.8115460276603699	0.6384103894233704	0.7722164392471313	0.4529676139354706	0.0007028914988040924	-0.4227266311645508	-0.06683465838432312	0.4443109929561615	0.1596638262271881	0.10337618738412857	0.32165876030921936	0.43103188276290894	0.26204538345336914	-0.17534126341342926	-0.10598131269216537	-0.09060584008693695	0.03853847458958626	-0.055063359439373016	0.7024317383766174	0.27897709608078003	0.26229870319366455	0.44654908776283264	0.08719714730978012	-0.34637752175331116	0.3223450183868408	0.5858317613601685	0.2677611708641052	0.3494720757007599	0.08395601809024811	-0.23521077632904053	0.004349336959421635	0.633651852607727	-0.2646569609642029	0.2229902297258377	-0.36163079738616943	-0.49642467498779297	-0.0948084220290184	0.018594324588775635	0.4648277759552002	0.05967245623469353	0.5786373019218445	0.5009126663208008	0.5784627199172974	0.7498366832733154	0.3715667426586151	0.060977596789598465	0.22382991015911102	0.5096825957298279	0.30788013339042664	0.32249346375465393	0.8404070138931274	0.6919513940811157	0.07405714690685272	0.15191762149333954	0.1873096525669098	0.2554798424243927	-0.028987493366003036	0.1352628618478775	0.2111463099718094	-0.1577691286802292	0.14416390657424927	0.43494486808776855	0.3125371038913727	0.18264737725257874	-0.3050442934036255	0.16485194861888885	0.3279820382595062	-0.21329514682292938	0.11836660653352737	-0.4150739014148712	0.12503677606582642	-0.09643398225307465	0.15150122344493866	-0.04018860682845116	-0.07284251600503922	0.32768234610557556	0.27691519260406494	-0.35592585802078247	0.005708133336156607	0.22859114408493042	0.23560009896755219	0.3458496332168579	0.13197289407253265	0.20017194747924805	0.23682335019111633	-0.15825849771499634	-0.03806793689727783	0.43205663561820984	0.02476334013044834	-0.21820642054080963	0.12355523556470871	0.4058697819709778	0.089852474629879	0.5853371620178223	0.5699378848075867	0.44842529296875	0.32762694358825684	0.44840508699417114	0.15713250637054443	0.04122172296047211	0.36855244636535645	-0.13884875178337097	0.12289251387119293	0.028634153306484222	0.06453932821750641	-0.43136224150657654	-0.26623842120170593	-0.09042954444885254
LH_Vis_2	-0.026729390025138855	1.0	0.22562165558338165	0.5859440565109253	0.7131929397583008	0.11647528409957886	0.6126692891120911	0.8172358274459839	0.12727227807044983	0.2223479449748993	-0.010714264586567879	-0.05372215062379837	-0.018090108409523964	-0.2238999456167221	-0.23082976043224335	0.6316288709640503	-0.4004126191139221	0.3800850212574005	-0.10099785774946213	0.12660551071166992	0.2143355756998062	0.009096343070268631	-0.1758401095867157	0.14961780607700348	0.016757162287831306	-0.08014136552810669	-0.48176735639572144	-0.18326734006404877	0.23844584822654724	-0.3288601338863373	-0.469107061624527	0.2292397916316986	0.4124870300292969	0.09425956010818481	-0.2927902638912201	0.032437440007925034	-0.10208560526371002	-0.44497472047805786	-0.05499570071697235	0.31622955203056335	-0.12089528143405914	-0.08296996355056763	-0.3491096794605255	-0.2662268579006195	-0.35612139105796814	-0.5273838639259338	-0.4143843650817871	-0.273761123418808	-0.023960117250680923	-0.1556679606437683	0.31232231855392456	0.7195141315460205	0.7043302655220032	0.6235030889511108	0.5211582183837891	0.044121719896793365	0.7823873162269592	0.5162238478660583	0.002473859116435051	-0.3112722337245941	-0.12099218368530273	0.03146215155720711	0.27274981141090393	-0.4828960597515106	-0.23059973120689392	-0.20025403797626495	0.38145801424980164	-0.2988032102584839	0.14042098820209503	0.30662640929222107	0.048643503338098526	0.08074655383825302	-0.24924935400485992	0.0019697356037795544	-0.006676859222352505	-0.09576589614152908	-0.09943735599517822	0.00906073022633791	-0.625592827796936	-0.4318394064903259	0.005982998758554459	0.05201776698231697	-0.3622071146965027	-0.25277814269065857	-0.31860482692718506	-0.20858150720596313	0.05382569134235382	-0.22848519682884216	0.11385952681303024	-0.02122926525771618	-0.12846319377422333	-0.27116087079048157	-0.10062217712402344	-0.2318219095468521	-0.3361978530883789	-0.1355682909488678	-0.5204365253448486	-0.17266592383384705	0.09146258980035782	0.009295498952269554	-0.3357532322406769	0.24327273666858673	-0.027243351563811302	-0.007174188271164894	-0.18438494205474854	-0.18177346885204315	-0.5015829801559448	-0.2836719751358032	-0.47707560658454895	0.38576823472976685	0.19019310176372528	0.020075801759958267	0.06678029149770737	0.07381520420312881	-0.3032437562942505	0.29647037386894226	-0.28238916397094727	-0.08462531119585037	0.1612800508737564	0.22901761531829834	0.06373453140258789	0.46166571974754333	-0.2222178876399994	0.07990580052137375	-0.09396269917488098	0.08977682143449783	0.32161033153533936	0.11453220993280411	-0.007263990584760904	-0.4374520778656006	-0.4164375960826874	-0.2898799180984497	-0.4289374351501465	-0.17038357257843018	-0.17618514597415924	0.06515045464038849	-0.17653723061084747	0.00517084077000618	-0.24117279052734375	-0.04519497975707054	-0.2660720944404602	-0.326714426279068	-0.26362040638923645	-0.10576343536376953	0.2993212938308716	-0.030717281624674797	-0.23284533619880676	0.3485654890537262	0.19243618845939636	0.21296006441116333	0.14398199319839478	0.30214300751686096	0.31007739901542664	0.19296613335609436	0.35926124453544617	0.18932020664215088
LH_Vis_3	0.7271327972412109	0.22562165558338165	1.0	-0.47459596395492554	-0.2624022364616394	0.6596805453300476	0.518437385559082	0.47144412994384766	0.8169770836830139	0.20307140052318573	0.22588373720645905	0.11472094804048538	0.08918637037277222	-0.20871472358703613	0.15786832571029663	0.3314689099788666	0.26476946473121643	0.6478063464164734	0.21261021494865417	0.43334734439849854	0.5781051516532898	-0.20170637965202332	0.5981966853141785	0.3705452084541321	0.06709159910678864	0.024259407073259354	-0.04776839166879654	0.04716426879167557	0.5432197451591492	-0.02787861041724682	0.14069585502147675	0.08557151257991791	-0.018782716244459152	-0.07715794444084167	-0.3568648099899292	0.42637649178504944	0.13070568442344666	0.3850206434726715	0.23855113983154297	0.4608750641345978	0.4551869034767151	-0.1503475308418274	-0.2780840992927551	0.21647317707538605	-0.3301617503166199	0.02357396110892296	0.1094561293721199	0.23915956914424896	0.7195900082588196	0.4295463263988495	0.5420897006988525	0.6523116230964661	0.20085693895816803	-0.33193105459213257	0.07852908223867416	0.7728274464607239	0.40477195382118225	0.5922795534133911	0.179092675447464	0.30864784121513367	0.4529021978378296	-0.15182200074195862	0.15174180269241333	-0.09518535435199738	0.17381715774536133	0.01926325261592865	0.697467565536499	0.2951801121234894	0.5507718324661255	0.6937798857688904	0.3039913475513458	-0.14435437321662903	0.45432624220848083	0.6419403553009033	0.39000341296195984	0.26013168692588806	0.2861643433570862	0.07370691001415253	-0.09251042455434799	0.3240051567554474	-0.09524072706699371	0.1322355419397354	-0.412299245595932	-0.4617788791656494	-0.03653784096240997	-0.06348399817943573	0.346052348613739	0.055810555815696716	0.5046486854553223	0.3189160227775574	0.4465780556201935	0.6739103198051453	0.15940217673778534	-0.14860373735427856	0.08014405518770218	0.2103899121284485	0.07638809084892273	0.139114111661911	0.6564605832099915	0.49166417121887207	-0.13095203042030334	0.10652626305818558	-0.11550948768854141	0.3137781620025635	-0.20585395395755768	-0.03479110449552536	0.043057020753622055	-0.46295031905174255	-0.06515177339315414	0.45434245467185974	0.4835295081138611	0.012035016901791096	-0.19019386172294617	-0.0969952717423439	0.049363087862730026	-0.21026156842708588	-0.039405230432748795	-0.25358331203460693	0.19593389332294464	-0.10336359590291977	0.07810286432504654	-0.025266176089644432	-0.3114989399909973	0.3283965587615967	0.0990518108010292	-0.4074662923812866	0.2698415219783783	-0.09725019335746765	-0.013734238222241402	0.24356546998023987	-0.09975489974021912	0.12015915662050247	0.1733643114566803	-0.3123466372489929	0.08808334916830063	0.24061688780784607	0.16689056158065796	-0.18772199749946594	-0.06647489964962006	0.39662984013557434	-0.06711625307798386	0.32178956270217896	0.271970272064209	0.13677360117435455	0.2916916608810425	0.25180450081825256	0.25663235783576965	0.1958535760641098	0.4332510232925415	0.025318963453173637	0.18110620975494385	0.11633455008268356	0.00956964585930109	-0.4473346769809723	-0.17561112344264984	-0.32972902059555054
LH_Vis_4	-0.5004257559776306	0.5859440565109253	-0.47459596395492554	1.0	0.8796077966690063	-0.2621685266494751	0.11706031858921051	0.4055691063404083	-0.44197195768356323	-0.17179036140441895	-0.30208706855773926	-0.06185021251440048	-0.1568489670753479	-0.12150614708662033	-0.39193248748779297	0.3058978319168091	-0.7105196714401245	-0.01342639047652483	-0.41799506545066833	-0.09189380705356598	-0.1852070391178131	0.16996824741363525	-0.4857373535633087	-0.1531507670879364	-0.05872148275375366	-0.07281801104545593	-0.35850635170936584	-0.2731499969959259	-0.18778827786445618	-0.4064432382583618	-0.6024786233901978	0.19074411690235138	0.4564056992530823	-0.026466071605682373	-0.06638429313898087	-0.3369676470756531	-0.27792227268218994	-0.8085926175117493	-0.29913127422332764	-0.20400887727737427	-0.4735240638256073	0.1241750717163086	-0.0727473571896553	-0.40194040536880493	-0.1387183666229248	-0.4554288983345032	-0.43846410512924194	-0.4631027579307556	-0.5025545358657837	-0.48044806718826294	-0.004395963624119759	0.13436762988567352	0.49226343631744385	0.8985714912414551	0.3315405547618866	-0.3989470601081848	0.428791880607605	-0.025479789823293686	-0.2961675822734833	-0.5601441860198975	-0.4517674744129181	0.18462826311588287	0.20447885990142822	-0.37902581691741943	-0.5404653549194336	-0.34893038868904114	-0.13634328544139862	-0.5296207070350647	-0.2431347817182541	-0.08946610987186432	-0.1843794733285904	0.18826985359191895	-0.5018688440322876	-0.38697245717048645	-0.2695825397968292	-0.28406646847724915	-0.376577764749527	-0.048696570098400116	-0.552886426448822	-0.44096630811691284	-0.021846767514944077	-0.24868133664131165	-0.1065143570303917	0.1214325949549675	-0.21719558537006378	-0.09730447083711624	-0.27012544870376587	-0.28354308009147644	-0.32486486434936523	-0.3086259663105011	-0.4628017544746399	-0.6089654564857483	-0.19891725480556488	-0.08575044572353363	-0.19800125062465668	-0.29352131485939026	-0.4806004762649536	-0.25442662835121155	-0.3698424994945526	-0.37476593255996704	-0.09122853726148605	0.13190801441669464	0.0721416026353836	-0.39053356647491455	0.14359812438488007	-0.07569759339094162	-0.5459933280944824	-0.03169459104537964	-0.3398020565509796	0.07864581048488617	-0.1335178017616272	0.18418554961681366	0.21709266304969788	0.25023534893989563	-0.21135647594928741	0.420280396938324	-0.12215430289506912	0.23645609617233276	0.009969967417418957	0.183881476521492	-0.04969761520624161	0.46439507603645325	0.21896305680274963	-0.262614905834198	-0.014253194443881512	0.48510321974754333	0.12460604310035706	0.2247871607542038	0.06299985945224762	-0.42194676399230957	-0.29947420954704285	-0.1587328165769577	-0.42494311928749084	0.1049874797463417	0.010964516550302505	-0.032588087022304535	-0.24247333407402039	0.18906168639659882	-0.045019980520009995	-0.28554049134254456	-0.06123892962932587	-0.4113631248474121	-0.3693690896034241	-0.11656561493873596	0.0780058354139328	-0.10769923031330109	-0.47202324867248535	0.32377007603645325	-0.06626763939857483	0.3064320683479309	0.007719798479229212	0.31074783205986023	0.3538591265678406	0.6475300788879395	0.6417297720909119	0.5356700420379639
LH_Vis_5	-0.3892212510108948	0.7131929397583008	-0.2624022364616394	0.8796077966690063	1.0	0.06344776600599289	0.1256353259086609	0.5008766651153564	-0.17629791796207428	-0.00891776941716671	-0.20917174220085144	-0.20708870887756348	-0.22197185456752777	-0.015306730754673481	-0.23111730813980103	0.39199674129486084	-0.561191976070404	0.0038124830462038517	-0.2649644613265991	-0.011905592866241932	-0.05343879759311676	0.11408689618110657	-0.42380771040916443	-0.010959086939692497	-0.023742875084280968	-0.08913278579711914	-0.31797322630882263	-0.1325630396604538	-0.028153076767921448	-0.4355131685733795	-0.5343828797340393	0.18572333455085754	0.4512217938899994	0.11769494414329529	-0.05537949129939079	-0.15500031411647797	-0.1594342291355133	-0.7785924673080444	-0.28401610255241394	-0.0055174026638269424	-0.3642515242099762	0.002760161878541112	-0.20827525854110718	-0.3747141361236572	-0.2065129578113556	-0.4804694950580597	-0.41294771432876587	-0.34627434611320496	-0.30008846521377563	-0.38555699586868286	0.014177747070789337	0.28277787566185	0.5127862095832825	0.9146663546562195	0.6574153900146484	-0.16503389179706573	0.49692845344543457	0.21222712099552155	-0.21657733619213104	-0.5619195699691772	-0.40155112743377686	0.04706471785902977	0.0998200848698616	-0.4005196988582611	-0.4302235245704651	-0.20950065553188324	-0.0297857616096735	-0.5495028495788574	-0.21486397087574005	-0.08277267962694168	-0.03926113247871399	0.12825573980808258	-0.4373406767845154	-0.27913030982017517	-0.3075253367424011	-0.27859482169151306	-0.21628408133983612	0.028956513851881027	-0.5498577356338501	-0.5755196809768677	0.0103366794064641	-0.12550079822540283	-0.1722298264503479	-0.0058120801113545895	-0.18677271902561188	-0.12322843819856644	-0.1553937941789627	-0.20270897448062897	-0.12512455880641937	-0.19660168886184692	-0.31524690985679626	-0.528629720211029	-0.20222623646259308	-0.11565903574228287	-0.2394222468137741	-0.2909733057022095	-0.4902207851409912	-0.12054038792848587	-0.1728229820728302	-0.2691553235054016	-0.10408517718315125	0.28866472840309143	0.058804549276828766	-0.3133787214756012	0.18991580605506897	-0.19457022845745087	-0.6094717979431152	-0.08962082862854004	-0.48184022307395935	0.18015357851982117	-0.04905741289258003	0.010919619351625443	0.2942432761192322	0.2573656439781189	-0.24487292766571045	0.5113481283187866	-0.20372362434864044	0.2054981142282486	0.06672687828540802	0.21385440230369568	0.06418239325284958	0.4832565486431122	-0.026448208838701248	-0.009216731414198875	-0.06518431007862091	0.41072553396224976	0.3566689193248749	0.24722713232040405	0.04871277138590813	-0.5210297703742981	-0.28321969509124756	-0.07502840459346771	-0.5053067803382874	0.16165994107723236	0.04166996851563454	0.01490277610719204	-0.23234927654266357	0.1759146749973297	0.0498926155269146	-0.2226426899433136	0.02310924604535103	-0.40174758434295654	-0.4287444055080414	-0.20536036789417267	0.1304345726966858	-0.1250322163105011	-0.3592735230922699	0.3404940068721771	-0.042352572083473206	0.31027504801750183	0.23302514851093292	0.3455967307090759	0.4742646813392639	0.5768953561782837	0.6468505859375	0.4631207585334778
LH_Vis_6	0.3094213306903839	0.11647528409957886	0.6596805453300476	-0.2621685266494751	0.06344776600599289	1.0	0.17152836918830872	0.3511335849761963	0.8513069748878479	0.36337196826934814	0.1099352315068245	-0.1094362810254097	-0.03650243952870369	0.05701788514852524	0.22150881588459015	0.10500930994749069	0.27139800786972046	0.2216586321592331	0.08078019320964813	0.17609544098377228	0.3161693513393402	0.014231896959245205	0.38336482644081116	0.29860547184944153	0.15429893136024475	0.07062367349863052	0.09918980300426483	0.249348446726799	0.23956726491451263	-0.16240248084068298	0.14613008499145508	0.28700944781303406	0.0428243950009346	0.011272752657532692	0.040889982134103775	0.2482394278049469	0.05357065424323082	0.21033942699432373	0.13082924485206604	0.2993854582309723	0.28092437982559204	0.10520622134208679	-0.06889519840478897	0.19062252342700958	-0.21951518952846527	-0.03723818063735962	0.09771960973739624	0.297458291053772	0.4800572991371155	0.1493835598230362	0.14930376410484314	0.31391894817352295	0.05229432135820389	-0.08681074529886246	0.4635635316371918	0.8704504370689392	0.13246555626392365	0.6606672406196594	0.14955149590969086	0.11772200465202332	0.3918318748474121	-0.21081964671611786	0.018495893105864525	0.008890431374311447	0.17935381829738617	0.08000537753105164	0.299198180437088	0.12365048378705978	0.3143951892852783	0.30138319730758667	0.2382882982492447	-0.009635700844228268	0.21306778490543365	0.44224298000335693	0.10105916857719421	0.10158678889274597	0.22634795308113098	0.12371629476547241	-0.11048553138971329	-0.010266373865306377	-0.12875574827194214	0.04444761201739311	-0.25498849153518677	-0.20105086266994476	0.15244799852371216	0.048726584762334824	0.09116321057081223	0.17953263223171234	0.3228030204772949	0.25775569677352905	0.3299718499183655	0.45877954363822937	-0.029614051803946495	0.04000797122716904	0.19684354960918427	0.12446895241737366	0.004486911930143833	0.2597750723361969	0.38219431042671204	0.1629159301519394	0.11311118304729462	0.37940680980682373	-0.26698386669158936	-0.012418210506439209	0.310780793428421	-0.16920217871665955	-0.05778941884636879	-0.16382557153701782	-0.06741876155138016	0.4075983762741089	0.29059138894081116	-0.02761152945458889	0.33930760622024536	0.07803754508495331	0.08633971959352493	0.21865549683570862	-0.09561078995466232	0.012440359219908714	0.27721327543258667	-0.2699643671512604	0.026364803314208984	0.1110236868262291	-0.15672269463539124	0.19299614429473877	0.109366275370121	-0.05761103704571724	0.6324858069419861	0.019145196303725243	0.04261571168899536	0.12210998684167862	0.037582702934741974	0.2186928540468216	0.06526323407888412	-0.056869782507419586	0.3929251432418823	0.18434599041938782	0.1744893193244934	0.0838969275355339	0.199746772646904	0.3742219805717468	0.19522914290428162	0.16018904745578766	-0.009715313091874123	-0.16999220848083496	0.12706227600574493	-0.02863680012524128	0.027649445459246635	0.0902705043554306	0.043958500027656555	0.20586155354976654	0.11298108845949173	-0.02426169440150261	-0.08027005940675735	-0.2322309911251068	-0.023630138486623764	-0.18450292944908142
LH_Vis_7	0.4141227900981903	0.6126692891120911	0.518437385559082	0.11706031858921051	0.1256353259086609	0.17152836918830872	1.0	0.7465408444404602	0.4327256977558136	0.18337544798851013	0.038413628935813904	0.13627111911773682	0.09228847920894623	-0.23260971903800964	-0.11704971641302109	0.5644270777702332	-0.1600346714258194	0.5768307447433472	0.156144917011261	0.22567352652549744	0.3591039478778839	-0.32059144973754883	0.16479641199111938	0.06516415625810623	-0.061484046280384064	-0.33102360367774963	-0.5128046274185181	-0.34724992513656616	0.280473530292511	-0.1978081613779068	-0.28404971957206726	0.3137558400630951	0.40993428230285645	-0.04472411796450615	-0.5627097487449646	0.31029725074768066	-0.06790110468864441	0.10920950770378113	0.3129725456237793	0.2818135619163513	0.31103187799453735	-0.023692995309829712	-0.2532200217247009	0.04086613655090332	-0.35624960064888	-0.32163020968437195	-0.2790693938732147	-0.04609150439500809	0.3709985017776489	0.24581974744796753	0.5430217385292053	0.7405278086662292	0.571428120136261	0.08841373771429062	0.07164230942726135	0.2367435097694397	0.6238031387329102	0.46324485540390015	0.08094999194145203	0.06586993485689163	0.14225079119205475	-0.10343272238969803	0.18409349024295807	-0.34261637926101685	-0.075657419860363	-0.22156941890716553	0.5793017745018005	-0.004651755094528198	0.4209335148334503	0.5739368200302124	0.08651818335056305	-0.183865487575531	-0.0337376594543457	0.20959801971912384	-0.041236188262701035	-0.08205536007881165	-0.19341014325618744	-0.32078421115875244	-0.49635788798332214	0.04204047471284866	-0.28948551416397095	0.17182470858097076	-0.4458015561103821	-0.547784149646759	-0.49568837881088257	-0.23750372231006622	0.2091868668794632	-0.3081887662410736	0.34785494208335876	0.1960611194372177	0.18092884123325348	0.18077851831912994	0.09350337833166122	-0.16591185331344604	-0.2538670003414154	0.13361448049545288	-0.3411822021007538	-0.14783337712287903	0.3472544848918915	0.3687613010406494	-0.34620463848114014	0.1521838903427124	0.057081256061792374	0.07685849070549011	-0.17180021107196808	-0.05130089819431305	-0.23880329728126526	-0.311343252658844	-0.2159997820854187	0.368213027715683	0.19311976432800293	0.23548950254917145	-0.02823943831026554	-0.043383777141571045	-0.12416491657495499	0.012121995911002159	-0.08123046904802322	-0.17084035277366638	0.3388783633708954	0.005999153014272451	0.03211827203631401	0.363905668258667	-0.06252829730510712	0.21572063863277435	0.15451529622077942	-0.15516895055770874	0.2197064757347107	0.0790826678276062	0.08110035210847855	-0.013259151950478554	-0.2848202884197235	-0.2922467887401581	-0.12450449913740158	-0.27723798155784607	-0.23987920582294464	0.168700709939003	-0.040792886167764664	0.009979897178709507	-0.22354042530059814	0.18927636742591858	-0.23893949389457703	-0.09440955519676208	0.12916693091392517	0.10877489298582077	0.3756062984466553	-0.021993299946188927	9.661601507104933e-05	0.3663846552371979	0.5011840462684631	0.15542705357074738	0.08548387885093689	0.2578462064266205	0.17715446650981903	0.01712462678551674	0.12282481044530869	0.10079360753297806
LH_Vis_8	0.10675150901079178	0.8172358274459839	0.47144412994384766	0.4055691063404083	0.5008766651153564	0.3511335849761963	0.7465408444404602	1.0	0.46351808309555054	0.12179303169250488	0.01634758897125721	-0.009009568020701408	0.0750509575009346	-0.18963979184627533	-0.1693001687526703	0.5853312015533447	-0.3830850422382355	0.6093480587005615	-0.038243185728788376	0.33298107981681824	0.37192225456237793	0.0049866484478116035	0.053171172738075256	0.05098598077893257	-0.0565020814538002	-0.14707732200622559	-0.3543933928012848	-0.11182105541229248	0.26219722628593445	-0.3837747573852539	-0.4456627070903778	0.2005554735660553	0.27298277616500854	-0.03372927010059357	-0.3483360707759857	0.1976693570613861	-0.09320728480815887	-0.29752734303474426	0.02350238524377346	0.20236380398273468	0.027045102789998055	-0.010181944817304611	-0.35557588934898376	-0.11611253768205643	-0.5143769383430481	-0.3595864474773407	-0.2904129922389984	-0.12595853209495544	0.19470566511154175	0.03165317326784134	0.38358986377716064	0.7993173003196716	0.6807577013969421	0.4532400369644165	0.4224396049976349	0.24839374423027039	0.8808385133743286	0.7009708881378174	-0.033946286886930466	-0.10104873776435852	0.1907636821269989	0.0882347896695137	0.44368693232536316	-0.28450965881347656	-0.10905107855796814	-0.18712174892425537	0.4972144365310669	-0.06946725398302078	0.3719214200973511	0.6273553967475891	0.16220441460609436	0.15433697402477264	-0.04554716497659683	0.10969768464565277	0.06267224252223969	0.007615331094712019	-0.005664338357746601	0.06537081301212311	-0.664736807346344	-0.24592097103595734	-0.07995270192623138	0.09084746986627579	-0.5544429421424866	-0.2763344645500183	-0.17934206128120422	-0.0728624239563942	0.08620540052652359	-0.10617523640394211	0.2828563153743744	0.07463067770004272	0.03415092080831528	-0.007161688059568405	-0.09403625875711441	-0.10152878612279892	-0.18795305490493774	-0.026870761066675186	-0.38852381706237793	-0.07431266456842422	0.18718574941158295	0.17225518822669983	-0.3927597999572754	0.06594589352607727	-0.19457782804965973	0.007807261776179075	-0.16178205609321594	-0.19294974207878113	-0.4942784011363983	-0.5023261308670044	-0.3555264174938202	0.33398035168647766	0.1759854555130005	0.11763530969619751	0.10062841325998306	-0.025320477783679962	-0.19703595340251923	0.16371513903141022	-0.31905290484428406	0.11414728313684464	0.34208032488822937	0.12373773008584976	0.033262018114328384	0.3060961067676544	-0.22745032608509064	0.09442747384309769	-0.09228808432817459	0.05607876181602478	0.3957509994506836	-0.03774869441986084	-0.047384750097990036	-0.29841458797454834	-0.4829050600528717	-0.15052713453769684	-0.2523767054080963	-0.3131716549396515	-0.012770368717610836	0.13295497000217438	-0.002109122695401311	-0.0024988879449665546	-0.11076847463846207	0.10353882610797882	-0.18583159148693085	-0.270876944065094	-0.26808834075927734	-0.17166398465633392	0.33485835790634155	-0.07301080226898193	-0.03197546303272247	0.5342043042182922	0.3997761607170105	0.23102743923664093	0.13984689116477966	0.44465458393096924	0.2744273245334625	0.21178913116455078	0.38718873262405396	0.05381515249609947
LH_Vis_9	0.45130467414855957	0.12727227807044983	0.8169770836830139	-0.44197195768356323	-0.17629791796207428	0.8513069748878479	0.4327256977558136	0.46351808309555054	1.0	0.38889047503471375	0.30271509289741516	-0.038600217550992966	0.13917215168476105	0.049750082194805145	0.341202974319458	0.17311562597751617	0.32193049788475037	0.4047081470489502	0.26280853152275085	0.33670908212661743	0.502671480178833	-0.10014275461435318	0.49677786231040955	0.2746824324131012	0.04352326691150665	-0.06598163396120071	0.10975544154644012	0.261127233505249	0.433267205953598	-0.01713775098323822	0.160407155752182	0.14937391877174377	-0.049178361892700195	0.025076186284422874	-0.1725882738828659	0.45234188437461853	0.20818562805652618	0.40417107939720154	0.32257673144340515	0.3898620307445526	0.4645812213420868	-0.02850961871445179	-0.1612069010734558	0.2563016414642334	-0.32122260332107544	0.0844612792134285	0.16931453347206116	0.369813472032547	0.666454017162323	0.3992365598678589	0.24361929297447205	0.49304500222206116	0.18546363711357117	-0.2956552505493164	0.23129796981811523	0.8253164887428284	0.28478699922561646	0.697754979133606	0.27366456389427185	0.36498719453811646	0.5985682606697083	-0.12903879582881927	0.12271542847156525	0.11763712018728256	0.39711815118789673	0.21760967373847961	0.4610823690891266	0.37754520773887634	0.5205608010292053	0.4983764886856079	0.35539817810058594	0.017049413174390793	0.3862011432647705	0.5148128867149353	0.19352924823760986	0.12104257941246033	0.37059056758880615	0.13608045876026154	-0.09883763641119003	0.11793707311153412	-0.0621194951236248	0.21222218871116638	-0.38322561979293823	-0.34323710203170776	0.09731657803058624	0.058291226625442505	0.3095730245113373	0.1960172802209854	0.5021879076957703	0.35941651463508606	0.4443170130252838	0.5422412157058716	0.11354700475931168	0.027423499152064323	0.084422767162323	0.18128402531147003	0.07132179290056229	0.228793203830719	0.4913366734981537	0.42223942279815674	-0.058393727988004684	0.1914423108100891	-0.2616455852985382	0.22095511853694916	0.05330508202314377	-0.20065921545028687	-0.0036699650809168816	-0.33790940046310425	0.023701893165707588	0.285016804933548	0.3655555844306946	-0.0822063535451889	0.13029582798480988	-0.11341933161020279	0.07060252875089645	0.015457273460924625	-0.1520135998725891	-0.06862271577119827	0.3688306212425232	-0.1803760677576065	-0.04163312539458275	-0.11053667962551117	-0.3426278829574585	0.3784739077091217	0.03461404889822006	-0.30123206973075867	0.4614768922328949	-0.1694590300321579	-0.12287328392267227	0.16876736283302307	0.038623254746198654	0.14332176744937897	0.1897210329771042	-0.17406094074249268	0.2729283273220062	0.21067705750465393	0.3522292673587799	0.03382958844304085	0.11213263869285583	0.46019285917282104	0.10661470144987106	0.12301760166883469	0.038334280252456665	-0.15388695895671844	0.17074041068553925	-0.07441417872905731	0.3013720214366913	0.14532950520515442	0.2617635428905487	0.07179230451583862	0.17659631371498108	0.06428974121809006	-0.06145549565553665	-0.33319464325904846	-0.1415501981973648	-0.3727307915687561
LH_SomMot_1	0.05920494347810745	0.2223479449748993	0.20307140052318573	-0.17179036140441895	-0.00891776941716671	0.36337196826934814	0.18337544798851013	0.12179303169250488	0.38889047503471375	1.0	0.6166846752166748	0.2792128324508667	0.48385027050971985	0.18466751277446747	0.47096821665763855	0.14366301894187927	0.1806371957063675	-0.1794046014547348	-0.04082496091723442	-0.15784843266010284	-0.07729592174291611	0.1185247078537941	-0.16894149780273438	0.21958772838115692	0.3821409344673157	0.04694947972893715	0.16605621576309204	0.3648715913295746	0.18712973594665527	0.08716870099306107	0.29939162731170654	0.1863974779844284	0.03437197580933571	0.15618261694908142	0.21943582594394684	0.19473174214363098	0.2694564759731293	0.2725701928138733	0.26639077067375183	0.3851902186870575	0.2400527447462082	0.08377565443515778	0.16014613211154938	0.3110639154911041	-0.16172678768634796	0.1068359985947609	0.13817352056503296	0.4034980833530426	0.20952005684375763	0.15743927657604218	-0.02029409445822239	0.18104971945285797	0.18235504627227783	-0.014862390235066414	0.24648423492908478	0.25753334164619446	0.061085645109415054	0.3652188181877136	0.6575373411178589	0.2916486859321594	0.4240000545978546	0.19959188997745514	0.30235782265663147	0.2602059245109558	0.4437307119369507	0.5044125914573669	0.14831440150737762	0.19510355591773987	-0.11237779259681702	-0.1595040112733841	-0.11727913469076157	0.128299281001091	-0.1643792986869812	0.13130302727222443	-0.05422760173678398	0.01267415750771761	0.14078982174396515	0.15698270499706268	0.013427811674773693	-0.22438944876194	-0.030533360317349434	0.2759667932987213	-0.17209139466285706	-0.07092239707708359	0.09649157524108887	0.05255459249019623	0.23185782134532928	0.20352602005004883	0.23958337306976318	0.20829084515571594	0.07958825677633286	-0.057149432599544525	0.05682326853275299	0.10348927974700928	0.08603065460920334	0.31201449036598206	0.05410703644156456	0.3184816241264343	0.16935494542121887	0.1548854112625122	0.1772678941488266	0.48687660694122314	-0.2723369598388672	0.233123779296875	0.16163523495197296	-0.15960165858268738	0.1651890128850937	0.17619076371192932	0.018472975119948387	0.2859703600406647	0.035325437784194946	-0.07552492618560791	0.09803314507007599	0.17650075256824493	0.07025786489248276	0.39747920632362366	0.1001359075307846	0.0037131300196051598	0.22184720635414124	-0.14804653823375702	-0.015346402302384377	-0.006635473109781742	-0.24298402667045593	0.10229805111885071	-0.4123132526874542	-0.1734495759010315	0.20993995666503906	0.131411612033844	0.0004052366712130606	-0.11777634918689728	0.19633178412914276	0.057257842272520065	0.02303248830139637	0.24646416306495667	0.19251924753189087	0.17147864401340485	0.10247442126274109	0.004385288804769516	0.12495820969343185	-0.012090209871530533	-0.034749023616313934	-0.20605698227882385	0.08815418183803558	-0.17277149856090546	-0.037987589836120605	-0.08507639169692993	0.09967345744371414	-0.26075538992881775	-0.19907602667808533	0.16894802451133728	0.016592413187026978	-0.22313523292541504	-0.12155894935131073	-0.2728798985481262	-0.2615170180797577	-0.24525724351406097
LH_SomMot_2	0.2328825742006302	-0.010714264586567879	0.22588373720645905	-0.30208706855773926	-0.20917174220085144	0.1099352315068245	0.038413628935813904	0.01634758897125721	0.30271509289741516	0.6166846752166748	1.0	0.5812505483627319	0.5586411356925964	0.12794093787670135	0.6066043376922607	-0.04714197665452957	0.08982495963573456	-0.11094804108142853	0.05571695417165756	0.04574495553970337	0.11788743734359741	0.008276605978608131	-0.1409650593996048	0.12426712363958359	0.38104039430618286	0.2738281786441803	0.5360933542251587	0.5221535563468933	0.4100234806537628	0.21069025993347168	0.24962541460990906	-0.31430405378341675	-0.46678870916366577	-0.20124724507331848	-0.009367757476866245	0.2898000180721283	0.45276176929473877	0.23480567336082458	0.22501236200332642	0.18760891258716583	0.3044545650482178	-0.039598140865564346	-0.0008304628427140415	0.4484817087650299	-0.22533680498600006	0.5433183908462524	0.43212413787841797	0.46002891659736633	0.3952194154262543	0.4439258575439453	0.14524737000465393	0.16348333656787872	0.0937962606549263	-0.20021118223667145	-0.07076448202133179	0.1460874080657959	0.2135801464319229	0.027122190222144127	0.6866366863250732	0.5798996686935425	0.598814845085144	0.5469474792480469	0.40731140971183777	0.49134111404418945	0.4650956988334656	0.7020352482795715	0.24528750777244568	0.5049622654914856	-0.1710769236087799	-0.10309097170829773	-0.0890020802617073	0.2693744897842407	0.08611472696065903	0.3322502672672272	0.3493814468383789	0.2586219608783722	0.39737188816070557	0.42712798714637756	0.2045147866010666	0.06651123613119125	0.18893738090991974	0.2075640857219696	-0.2050272524356842	-0.00417510187253356	0.38723209500312805	0.3145419955253601	0.450674444437027	0.4493328034877777	0.30209052562713623	0.2689649164676666	0.11516695469617844	0.07033462077379227	0.3404293358325958	0.10246023535728455	0.16654208302497864	0.3821035921573639	0.48075219988822937	0.4342656135559082	0.3444839119911194	0.4349603056907654	0.22084610164165497	0.05385006219148636	-0.062055330723524094	0.6214309334754944	-0.08504433184862137	-0.2536284923553467	0.28006282448768616	-0.0594790019094944	0.27722907066345215	0.059992510825395584	0.047331053763628006	-0.12537702918052673	-0.2552211880683899	0.09362544119358063	0.3032021224498749	0.06924273073673248	0.10629890114068985	0.13951896131038666	0.26165664196014404	0.21258705854415894	-0.03664708882570267	-0.5219579935073853	-0.44539153575897217	0.28568434715270996	-0.37365320324897766	-0.3899196982383728	-0.12395524233579636	-0.12203002721071243	-0.18328633904457092	0.05579572543501854	0.43241414427757263	0.3089883327484131	0.3244866132736206	0.13698479533195496	0.268380731344223	0.3866773843765259	0.3711911737918854	-0.02356679178774357	0.2738155424594879	0.03831874951720238	0.09554304927587509	-0.039462726563215256	0.20349295437335968	-0.08834971487522125	0.07609368860721588	0.027820002287626266	0.4412926733493805	-0.059716109186410904	0.052420806139707565	-0.06427661329507828	0.17448928952217102	0.14724385738372803	0.02127399481832981	-0.33148762583732605	-0.19784097373485565	-0.23393113911151886
LH_SomMot_3	0.3131309449672699	-0.05372215062379837	0.11472094804048538	-0.06185021251440048	-0.20708870887756348	-0.1094362810254097	0.13627111911773682	-0.009009568020701408	-0.038600217550992966	0.2792128324508667	0.5812505483627319	1.0	0.5019301772117615	-0.03477584198117256	0.11275854706764221	0.023387320339679718	-0.1995728462934494	-0.03658656030893326	-0.26953402161598206	-0.1559632420539856	-0.1366330236196518	0.05552614852786064	-0.22046621143817902	-0.02011645957827568	0.6557263135910034	0.34336063265800476	0.21074412763118744	0.03720526769757271	0.09392332285642624	0.04759503901004791	0.24521392583847046	0.03841225057840347	-0.22161714732646942	-0.6000025272369385	-0.05911021679639816	-0.05996693670749664	-0.006986119318753481	0.2590371072292328	0.053686950355768204	-0.0784446969628334	0.07687527686357498	0.2665470838546753	0.3192601501941681	0.41737741231918335	-0.024246105924248695	0.4198604226112366	0.2795180380344391	0.21892540156841278	0.1762026697397232	0.24314837157726288	0.33137306571006775	0.015363975428044796	0.08238917589187622	-0.0932043194770813	-0.38116058707237244	-0.005464534275233746	0.1334265172481537	-0.3311668634414673	0.27552616596221924	0.2721881568431854	0.30108124017715454	0.5307347178459167	0.5471241474151611	0.2408069223165512	-0.06638610363006592	0.10149901360273361	0.12444036453962326	0.18420633673667908	-0.36179763078689575	-0.1305168867111206	-0.5357279181480408	0.03210803493857384	-0.29985788464546204	0.15481659770011902	0.3331294655799866	0.21650154888629913	-0.2345733642578125	0.11843740195035934	0.2564747929573059	0.42083269357681274	-0.3165225088596344	-0.2675737142562866	-0.07230436056852341	0.051895588636398315	0.14308801293373108	0.09842796623706818	0.020990537479519844	0.05701605975627899	-0.10979888588190079	-0.04382297024130821	-0.22933189570903778	0.13199888169765472	0.12619982659816742	-0.0002015561331063509	0.3258015215396881	0.4280274212360382	0.38925901055336	0.17090685665607452	0.14121142029762268	0.25313180685043335	0.32900017499923706	0.0445050485432148	0.167404443025589	0.275208055973053	-0.043126001954078674	0.21013124287128448	0.2721897065639496	0.02015843614935875	0.3054543435573578	0.1878262758255005	-0.13052679598331451	0.5354447960853577	-0.10567189753055573	0.300993949174881	0.302388072013855	-0.050365105271339417	0.27308329939842224	0.16608716547489166	0.004350684117525816	0.019786043092608452	-0.047929733991622925	-0.1659136414527893	0.018981153145432472	-0.17657500505447388	-0.0687226876616478	-0.04454627260565758	-0.02065173350274563	0.11481430381536484	0.20196551084518433	0.24304740130901337	0.2991798520088196	0.15457595884799957	0.42171210050582886	0.0056014773435890675	0.330926775932312	0.4261000454425812	-0.07735811918973923	-0.1046757847070694	0.19149135053157806	-0.07787613570690155	0.11578530073165894	0.16451391577720642	0.6178441047668457	0.43483826518058777	0.22003322839736938	0.23099417984485626	0.12720267474651337	-0.08303406089544296	0.18024083971977234	0.2630422115325928	-0.10521645843982697	0.02870354801416397	-0.09851283580064774	-0.2460605651140213	-0.21049755811691284	-0.023078279569745064
