Node	DMN_LABEL_1	Vis_LABEL_2	FP_LABEL_3	Aud_LABEL_4	Tpole_LABEL_5	PMN_LABEL_6	PON_LABEL_7	MTL_LABEL_8	PON_LABEL_9	CO_LABEL_10	Sal_LABEL_11	CO_LABEL_12	SMd_LABEL_13	SMl_LABEL_14	DAN_LABEL_15	DMN_LABEL_16	CO_LABEL_17	DMN_LABEL_18	VAN_LABEL_19	CO_LABEL_20	CO_LABEL_21	Sal_LABEL_22	DAN_LABEL_23	PMN_LABEL_24	DAN_LABEL_25	DMN_LABEL_26	DMN_LABEL_27	DMN_LABEL_28	Vis_LABEL_29	FP_LABEL_30	Aud_LABEL_31	Tpole_LABEL_32	PMN_LABEL_33	PON_LABEL_34	MTL_LABEL_35	CO_LABEL_36	Sal_LABEL_37	CO_LABEL_38	SMd_LABEL_39	SMl_LABEL_40	DAN_LABEL_41	CO_LABEL_42	VAN_LABEL_43	CO_LABEL_44	CO_LABEL_45	Sal_LABEL_46	DAN_LABEL_47	PMN_LABEL_48	DAN_LABEL_49	DMN_LABEL_50	FP_LABEL_51	DMN_LABEL_52	DMN_LABEL_53	PON_LABEL_54	DMN_LABEL_55	Tpole_LABEL_56	Tpole_LABEL_57	Sal_LABEL_58	Sal_LABEL_59	SMd_LABEL_60	DAN_LABEL_61	FP_LABEL_62	DMN_LABEL_63	FP_LABEL_64	FP_LABEL_65	SMd_LABEL_66	SMl_LABEL_67	SMd_LABEL_68	DMN_LABEL_69	DAN_LABEL_70	DMN_LABEL_71	FP_LABEL_72	SMd_LABEL_73	SMl_LABEL_74	MTL_LABEL_75	MTL_LABEL_76	CO_LABEL_77	CO_LABEL_78	Vis_LABEL_79	Vis_LABEL_80
DMN_LABEL_1	1.0	-0.08046219497919083	-0.6705949902534485	-0.13968244194984436	0.3550978899002075	0.2848896086215973	0.5457110404968262	n/a	0.1348785161972046	-0.24618315696716309	-0.08382797241210938	-0.29297569394111633	-0.06394577026367188	-0.017891984432935715	-0.3416127860546112	0.46216192841529846	-0.10659159719944	0.5700185298919678	0.327685683965683	-0.3463566303253174	-0.5601053237915039	-0.2955433428287506	-0.49652647972106934	0.3074493408203125	-0.5040239691734314	0.39315468072891235	0.6035774946212769	0.7493606209754944	-0.04591234400868416	-0.5725796818733215	-0.09303320199251175	0.31173884868621826	0.05071697384119034	0.20901085436344147	n/a	-0.23170407116413116	-0.35292285680770874	-0.3694375455379486	0.15954400599002838	-0.07424071431159973	-0.4850615859031677	-0.20481440424919128	0.4050161838531494	-0.4686700999736786	-0.5457673668861389	-0.302878737449646	-0.5865558981895447	-0.2678007185459137	-0.6343117952346802	-0.058856479823589325	-0.38953760266304016	0.2174968421459198	-0.1315133273601532	-0.2677253186702728	0.3342542350292206	0.04781943932175636	0.11355512589216232	0.034637365490198135	-0.2373792976140976	0.2091742753982544	-0.40151649713516235	-0.09605218470096588	0.19042734801769257	-0.015626482665538788	-0.19741353392601013	0.10322298109531403	0.42182105779647827	-0.06001019477844238	0.5896954536437988	-0.2686278522014618	0.5700645446777344	0.15750497579574585	-0.09253978729248047	0.01317357923835516	0.09702832251787186	0.06126873940229416	-0.21090058982372284	-0.42042917013168335	-0.07702606171369553	-0.17921096086502075
Vis_LABEL_2	-0.08046219497919083	1.0	-0.017423413693904877	0.3554992079734802	-0.13222573697566986	-0.42374202609062195	-0.1940969079732895	n/a	-0.08426406234502792	0.26591581106185913	-0.11233405768871307	0.02132202684879303	-0.18883471190929413	0.03491409122943878	0.2498721480369568	-0.39412081241607666	-0.048226602375507355	-0.12368245422840118	0.20163004100322723	-0.010709121823310852	0.026805581524968147	-0.16199210286140442	0.34394600987434387	-0.47240883111953735	0.11862185597419739	0.21658097207546234	0.15199962258338928	-0.18551850318908691	0.9239983558654785	-0.19891299307346344	0.349913090467453	-0.15359114110469818	-0.42682045698165894	-0.2322809398174286	n/a	0.132338285446167	-0.09800460934638977	0.013749046251177788	-0.16473603248596191	0.009294922463595867	0.30368340015411377	0.10278882831335068	0.17860595881938934	0.1937565803527832	0.06743981689214706	0.03594573587179184	0.29359525442123413	-0.44891202449798584	0.18048006296157837	-0.5224119424819946	-0.3083561062812805	0.28327271342277527	0.2770653963088989	-0.1198083683848381	-0.21970829367637634	-0.13550503551959991	0.03608377277851105	0.22758053243160248	0.20690612494945526	-0.05765070021152496	0.43490174412727356	-0.37764737010002136	-0.3955637514591217	-0.22596117854118347	-0.36987942457199097	-0.09663248807191849	-0.21254363656044006	-0.01238513458520174	-0.18017995357513428	0.38022586703300476	-0.21048036217689514	0.06747891753911972	0.012973594479262829	0.09686350077390671	0.13349924981594086	-0.03063056617975235	0.21172268688678741	0.3225221633911133	0.43408796191215515	0.4872760772705078
FP_LABEL_3	-0.6705949902534485	-0.017423413693904877	1.0	0.17998963594436646	-0.17665840685367584	-0.02693903259932995	-0.35167884826660156	n/a	-0.12184110283851624	0.27746468782424927	0.1188032478094101	0.39660611748695374	-0.018614308908581734	0.061660073697566986	0.4657738506793976	-0.22746028006076813	0.11468203365802765	-0.1632317304611206	-0.38574668765068054	0.56526780128479	0.6675516963005066	0.3930399715900421	0.38013413548469543	-0.04941663518548012	0.45393791794776917	-0.06238226592540741	-0.3743991255760193	-0.5429456233978271	-0.04873309284448624	0.5049607157707214	0.1691254824399948	-0.18580397963523865	0.05853435769677162	-0.2675563097000122	n/a	0.29645487666130066	0.31329625844955444	0.48935356736183167	-0.20612889528274536	0.08864804357290268	0.4308924674987793	0.28552937507629395	-0.48389995098114014	0.5576173663139343	0.6418231725692749	0.25404345989227295	0.34638774394989014	0.18983247876167297	0.527868390083313	-0.03144759312272072	0.02874387428164482	-0.05898601934313774	0.2806655168533325	0.37461626529693604	-0.5253313779830933	-0.0403963066637516	0.17141816020011902	-0.12422661483287811	-0.06855322420597076	-0.2830391228199005	0.17360533773899078	-0.2275477647781372	-0.2610943019390106	-0.022814542055130005	-0.062319569289684296	-0.2990361452102661	-0.4269471764564514	-0.1121446043252945	-0.2834030091762543	0.20483899116516113	-0.3887433111667633	-0.08118317276239395	-0.056226249784231186	-0.02964673936367035	0.1971047818660736	0.36147332191467285	0.2511250972747803	0.1413920521736145	0.10544932633638382	-0.13260608911514282
Aud_LABEL_4	-0.13968244194984436	0.3554992079734802	0.17998963594436646	1.0	-0.31529128551483154	-0.36826619505882263	-0.19775238633155823	n/a	0.053971413522958755	0.25420036911964417	-0.11893634498119354	0.061609722673892975	0.06250926107168198	0.09365544468164444	0.112501360476017	-0.2875698506832123	0.15318988263607025	-0.06308905780315399	0.08006836473941803	0.39035212993621826	0.34618374705314636	-0.14569565653800964	0.05987713858485222	-0.535762369632721	0.235362246632576	0.2492002546787262	-0.1853320300579071	-0.03462842479348183	0.37888166308403015	-0.019970877096056938	0.8911869525909424	-0.1297025978565216	-0.4795343577861786	-0.24272213876247406	n/a	0.20634348690509796	-0.056349556893110275	0.29237493872642517	0.08279868960380554	0.1269725114107132	0.10691557824611664	0.22292642295360565	-0.09547492861747742	0.39958712458610535	0.39730745553970337	-0.1044347882270813	0.016170509159564972	-0.4093014597892761	0.2929608225822449	-0.3992680609226227	-0.1710088849067688	0.26419511437416077	0.17639192938804626	0.052592720836400986	-0.5626046657562256	-0.25373926758766174	0.16709093749523163	0.24072487652301788	0.3803192675113678	0.1806611567735672	0.30995774269104004	-0.12648460268974304	-0.5260639786720276	0.14559480547904968	0.03933824598789215	-0.0032003221567720175	-0.2666606903076172	0.24875226616859436	0.019183676689863205	0.05839710682630539	-0.09567760676145554	0.17353633046150208	0.1313038170337677	-0.10730350017547607	0.14140145480632782	0.17888064682483673	0.5024324059486389	0.2881503701210022	0.4561057686805725	0.12405644357204437
Tpole_LABEL_5	0.3550978899002075	-0.13222573697566986	-0.17665840685367584	-0.31529128551483154	1.0	-0.03311546891927719	0.2966335713863373	n/a	0.2851192355155945	-0.06678356975317001	0.15650217235088348	-0.04323892295360565	0.15048496425151825	-0.4043809473514557	0.07886064797639847	0.07256904244422913	-0.07974763214588165	0.06409909576177597	-0.06202995032072067	-0.249505415558815	-0.3260207772254944	0.05589848384261131	-0.08203404396772385	0.11097155511379242	-0.18460588157176971	0.19137956202030182	0.27175283432006836	0.18140941858291626	-0.1711617112159729	-0.36774373054504395	-0.21325372159481049	0.6592953205108643	-0.08349473774433136	0.24376140534877777	n/a	-0.21298804879188538	0.0037935529835522175	-0.21346427500247955	0.020426351577043533	-0.4752870798110962	-0.07352480292320251	-0.21643365919589996	0.04490537568926811	-0.3998260796070099	-0.5066611766815186	-0.03692273050546646	-0.24602462351322174	-0.14706124365329742	-0.5569586753845215	-0.12928467988967896	-0.0005058639799244702	0.21624025702476501	-0.49439775943756104	0.13836131989955902	0.2710956335067749	0.35977327823638916	0.14767718315124512	0.18449607491493225	-0.14306797087192535	0.17048801481723785	-0.20616361498832703	-0.17276296019554138	0.13575442135334015	-0.29091528058052063	-0.29803702235221863	0.02933047153055668	-0.16014698147773743	-0.1334763467311859	0.18877917528152466	0.23044300079345703	0.37977612018585205	-0.25325798988342285	0.0036015096120536327	-0.5466313362121582	-0.0962018370628357	0.08860306441783905	-0.07193513959646225	-0.03963427618145943	-0.022493910044431686	-0.08946291357278824
PMN_LABEL_6	0.2848896086215973	-0.42374202609062195	-0.02693903259932995	-0.36826619505882263	-0.03311546891927719	1.0	0.3561897575855255	n/a	0.07187675684690475	-0.10565066337585449	0.24798892438411713	-0.08844020962715149	-0.22761505842208862	0.03383921831846237	-0.25254955887794495	0.46526217460632324	0.084141805768013	0.2853001356124878	-0.09699457138776779	0.05006454885005951	-0.02730518765747547	0.28364402055740356	-0.14614267647266388	0.7925926446914673	-0.08163923770189285	-0.14278878271579742	0.22778108716011047	0.17249932885169983	-0.36262404918670654	0.00294480356387794	-0.3661300837993622	-0.06479668617248535	0.7155152559280396	0.2255660742521286	n/a	-0.12809401750564575	0.30066975951194763	-0.2157304883003235	-0.014672263525426388	0.06494267284870148	-0.4647315442562103	-0.15403099358081818	-0.13543204963207245	-0.10067418217658997	-0.13517072796821594	0.10658814758062363	-0.33649441599845886	0.5850344896316528	-0.2518826425075531	0.2482699751853943	-0.0984322652220726	-0.30663949251174927	0.05036076530814171	-0.28327274322509766	0.12370648235082626	0.1963660567998886	0.01903730444610119	-0.3199538588523865	-0.30126550793647766	-0.023096082732081413	-0.28494787216186523	0.1530298888683319	0.1920371800661087	0.07528837770223618	-0.058043304830789566	-0.043551359325647354	0.3968797028064728	-0.08089062571525574	0.13349199295043945	-0.20220188796520233	0.15900863707065582	0.10079770535230637	-0.04611588642001152	0.24574324488639832	0.2511027455329895	0.10864496976137161	-0.23205676674842834	-0.3171728253364563	-0.23791542649269104	-0.26873987913131714
PON_LABEL_7	0.5457110404968262	-0.1940969079732895	-0.35167884826660156	-0.19775238633155823	0.2966335713863373	0.3561897575855255	1.0	n/a	0.6364318132400513	-0.2732776403427124	0.02360120788216591	-0.1459149867296219	-0.15664415061473846	-0.15333452820777893	-0.2300914227962494	0.3137601912021637	0.16246603429317474	0.23230478167533875	-0.04529852420091629	-0.16353602707386017	-0.3488604426383972	-0.15007972717285156	-0.005564018152654171	0.4770596921443939	-0.06151365116238594	0.17279039323329926	0.3959551155567169	0.4333251416683197	-0.09251803159713745	-0.4631759226322174	-0.14586423337459564	0.23192209005355835	0.07440201938152313	0.7813058495521545	n/a	-0.2352006435394287	-0.2169870138168335	-0.35226982831954956	0.008657838217914104	-0.20442719757556915	-0.4700162410736084	0.008414368145167828	-0.05207075551152229	-0.19644424319267273	-0.5004186630249023	-0.23963305354118347	-0.3104088306427002	0.0715700015425682	-0.4388376772403717	-0.1723005324602127	-0.41252997517585754	0.09043203294277191	-0.217373326420784	0.0957188606262207	0.06854937970638275	0.23787358403205872	0.28736254572868347	-0.10680089145898819	-0.2771074175834656	0.17314258217811584	-0.11099357903003693	-0.0032773464918136597	0.016789302229881287	-0.05236970633268356	-0.20890899002552032	0.14957548677921295	0.3113691210746765	0.10256239026784897	0.24527917802333832	-0.05544104427099228	0.2857467830181122	0.25672948360443115	0.08605586737394333	-0.0948028713464737	0.2347058802843094	0.2515389025211334	-0.12636466324329376	-0.3173964321613312	-0.004428805783390999	-0.2091066539287567
MTL_LABEL_8	n/a	n/a	n/a	n/a	n/a	n/a	n/a	1.0	n/a	n/a	n/a	n/a	n/a	n/a	n/a	n/a	n/a	n/a	n/a	n/a	n/a	n/a	n/a	n/a	n/a	n/a	n/a	n/a	n/a	n/a	n/a	n/a	n/a	n/a	n/a	n/a	n/a	n/a	n/a	n/a	n/a	n/a	n/a	n/a	n/a	n/a	n/a	n/a	n/a	n/a	n/a	n/a	n/a	n/a	n/a	n/a	n/a	n/a	n/a	n/a	n/a	n/a	n/a	n/a	n/a	n/a	n/a	n/a	n/a	n/a	n/a	n/a	n/a	n/a	n/a	n/a	n/a	n/a	n/a	n/a
PON_LABEL_9	0.1348785161972046	-0.08426406234502792	-0.12184110283851624	0.053971413522958755	0.2851192355155945	0.07187675684690475	0.6364318132400513	n/a	1.0	-0.08530246466398239	-0.014887976460158825	0.0962221622467041	0.011437381617724895	-0.22551120817661285	0.019286401569843292	0.03446149453520775	0.20697714388370514	-0.012345059774816036	-0.15036731958389282	0.009614524431526661	-0.12774573266506195	-0.056285560131073	0.18136656284332275	0.25040581822395325	0.28892791271209717	0.031176839023828506	0.21018445491790771	0.14018435776233673	0.051851026713848114	-0.3435634970664978	0.028642375022172928	0.3690568506717682	-0.1638479232788086	0.5304704308509827	n/a	-0.049420252442359924	-0.07673408091068268	-0.127497136592865	-0.004003813024610281	-0.24249248206615448	-0.24577298760414124	0.0783502459526062	-0.10062588006258011	0.14504314959049225	-0.3014223575592041	-0.30875298380851746	-0.1210450828075409	0.03265576437115669	-0.1323094218969345	-0.345010370016098	-0.2491035759449005	0.05964064225554466	-0.052755068987607956	0.2157890647649765	-0.19170744717121124	0.32102179527282715	0.3376995921134949	0.07061760127544403	0.025023242458701134	0.215002179145813	0.1797720491886139	0.09338198602199554	-0.2593272924423218	-0.10607670247554779	-0.13903768360614777	0.18478000164031982	0.16915541887283325	0.36039191484451294	0.015793588012456894	0.15897437930107117	0.01416101586073637	0.149308443069458	0.25085732340812683	-0.3359832465648651	0.33808210492134094	0.2721991539001465	0.2219928801059723	-0.01693776063621044	-0.012164101004600525	-0.002488159341737628
CO_LABEL_10	-0.24618315696716309	0.26591581106185913	0.27746468782424927	0.25420036911964417	-0.06678356975317001	-0.10565066337585449	-0.2732776403427124	n/a	-0.08530246466398239	1.0	0.04079633206129074	0.586484968662262	0.24095766246318817	-0.042536661028862	0.24192693829536438	-0.5933451056480408	0.5266281962394714	-0.39026179909706116	-0.2003786712884903	0.39038214087486267	0.6434151530265808	0.023817306384444237	0.29697927832603455	-0.34292274713516235	0.20016548037528992	0.13767282664775848	-0.14894133806228638	-0.31417393684387207	0.2595307230949402	-0.16355732083320618	0.318643718957901	0.09821630269289017	-0.17452138662338257	-0.31725314259529114	n/a	0.6755034327507019	0.19936524331569672	0.29187360405921936	-0.153606116771698	-0.004486585967242718	-0.037333209067583084	0.4581717252731323	-0.11480047553777695	0.47144052386283875	0.46949994564056396	0.2679148316383362	0.10128868371248245	-0.22413571178913116	0.034024178981781006	-0.49708643555641174	-0.24880000948905945	0.17015522718429565	0.11318591237068176	-0.04301157593727112	-0.34369930624961853	-0.11630205810070038	0.15081636607646942	-0.30834314227104187	0.04475074261426926	0.14762909710407257	0.12113235145807266	-0.21911843121051788	-0.01950502209365368	-0.26510655879974365	-0.2731242775917053	-0.10776101797819138	-0.28823819756507874	0.27785518765449524	-0.27506309747695923	0.31564369797706604	-0.28155720233917236	-0.06674794107675552	0.22443008422851562	-0.039385873824357986	-0.04876900464296341	-0.08113852888345718	0.4996598958969116	0.4512496888637543	-0.1860095113515854	-0.08297839015722275
Sal_LABEL_11	-0.08382797241210938	-0.11233405768871307	0.1188032478094101	-0.11893634498119354	0.15650217235088348	0.24798892438411713	0.02360120788216591	n/a	-0.014887976460158825	0.04079633206129074	1.0	-0.2095712274312973	-0.07694044709205627	-0.15052762627601624	0.030460551381111145	0.109225794672966	-0.2430098056793213	-0.04044865816831589	-0.1630944460630417	-0.08472854644060135	0.01681489869952202	0.7632242441177368	0.06042879819869995	0.2027658373117447	0.04977330565452576	-0.3257320821285248	0.036900024861097336	-0.005184928420931101	-0.13565431535243988	0.015111473388969898	-0.23789244890213013	0.02483208291232586	0.14674128592014313	0.13608039915561676	n/a	-0.38764816522598267	0.7095723152160645	-0.17114263772964478	-0.47770926356315613	-0.0668690875172615	0.11260002851486206	-0.3255350887775421	0.007380921859294176	-0.02160319872200489	-0.05008234828710556	0.4705136716365814	0.003084849566221237	0.09766171127557755	-0.0736118033528328	0.08476222306489944	0.11043782532215118	-0.3059302270412445	-0.16382047533988953	0.05665653198957443	0.07377550005912781	0.23313158750534058	0.1843428760766983	0.3545083999633789	0.08499713987112045	-0.15472117066383362	0.002579831052571535	-0.1072491854429245	-0.01250411570072174	0.01666433922946453	0.018359502777457237	-0.43416929244995117	-0.2165028303861618	-0.04114462062716484	0.09940701723098755	0.15504968166351318	-0.16433817148208618	-0.03265881538391113	-0.027910856530070305	-0.12414169311523438	0.3576953113079071	0.015773119404911995	0.04353245347738266	0.1520920991897583	-0.19779320061206818	-0.0712893158197403
CO_LABEL_12	-0.29297569394111633	0.02132202684879303	0.39660611748695374	0.061609722673892975	-0.04323892295360565	-0.08844020962715149	-0.1459149867296219	n/a	0.0962221622467041	0.586484968662262	-0.2095712274312973	1.0	0.2761201560497284	0.15849970281124115	0.26147955656051636	-0.4242354929447174	0.4766124188899994	-0.20443162322044373	-0.3843178451061249	0.499137282371521	0.508272111415863	-0.01752057485282421	0.22842378914356232	-0.17762668430805206	0.19331519305706024	0.12690842151641846	-0.19794028997421265	-0.2454652041196823	0.13615164160728455	0.03287215903401375	0.1244768276810646	0.08159050345420837	-0.07628452032804489	-0.24778464436531067	n/a	0.6826110482215881	-0.019994180649518967	0.5913203954696655	-0.0941467210650444	0.14758864045143127	0.0451546274125576	0.5168318152427673	-0.2765918970108032	0.4580574929714203	0.4178927540779114	0.0094232726842165	0.1536599099636078	-0.06087329238653183	0.15948349237442017	-0.25877267122268677	-0.3150540888309479	0.165102019906044	0.17067044973373413	0.21249113976955414	-0.3572676479816437	-0.041946835815906525	0.09769713133573532	-0.475528359413147	-0.2609376311302185	-0.08120766282081604	-0.11727935075759888	-0.1893189549446106	0.126177117228508	-0.29107028245925903	-0.1359776109457016	-0.14572498202323914	-0.08810341358184814	0.16610805690288544	-0.2401551604270935	0.23139835894107819	-0.20607532560825348	0.01232917606830597	0.16761839389801025	0.021202409639954567	-0.09710356593132019	0.03236256167292595	0.37147125601768494	0.19185975193977356	-0.2291320562362671	-0.0856519341468811
SMd_LABEL_13	-0.06394577026367188	-0.18883471190929413	-0.018614308908581734	0.06250926107168198	0.15048496425151825	-0.22761505842208862	-0.15664415061473846	n/a	0.011437381617724895	0.24095766246318817	-0.07694044709205627	0.2761201560497284	1.0	-0.08085036277770996	0.20385931432247162	-0.4038505256175995	0.09278837591409683	-0.2508394420146942	-0.09471844881772995	0.01683402620255947	-0.09707393497228622	-0.09523466229438782	-0.07080194354057312	-0.31428784132003784	0.11852476745843887	0.12611281871795654	-0.3529387414455414	0.012429983355104923	-0.10734716802835464	-0.13420452177524567	-0.015697116032242775	0.25373488664627075	-0.16234147548675537	-0.08134455978870392	n/a	0.1593511402606964	-0.07230614125728607	0.33378490805625916	0.002199518494307995	-0.06512145698070526	0.1909720003604889	0.24464498460292816	0.02134845219552517	-0.13083137571811676	-0.013460448943078518	-0.07756093889474869	-0.04111527279019356	-0.2810889482498169	0.17099036276340485	-0.18677251040935516	0.07130847126245499	0.13848933577537537	-0.08076804131269455	0.08197089284658432	-0.15603122115135193	-0.21467140316963196	-0.08187975734472275	-0.07274463772773743	0.16885097324848175	0.20509260892868042	-0.16742150485515594	-0.018058961257338524	0.1742730736732483	-0.09287447482347488	0.2626146674156189	0.026579761877655983	-0.201205775141716	0.5325517058372498	0.08338695019483566	0.3068619668483734	0.043505050241947174	-0.047395575791597366	0.7061176300048828	-0.3166053593158722	-0.24238544702529907	0.0543869286775589	0.23874899744987488	0.09807195514440536	-0.2863391935825348	-0.24290044605731964
SMl_LABEL_14	-0.017891984432935715	0.03491409122943878	0.061660073697566986	0.09365544468164444	-0.4043809473514557	0.03383921831846237	-0.15333452820777893	n/a	-0.22551120817661285	-0.042536661028862	-0.15052762627601624	0.15849970281124115	-0.08085036277770996	1.0	-0.3738817870616913	0.19948787987232208	-0.24396280944347382	0.41335922479629517	0.22303442656993866	0.027313876897096634	0.07596519589424133	-0.03296994790434837	-0.43652647733688354	0.013987742364406586	-0.37575119733810425	0.16424717009067535	0.003043102566152811	0.1305052936077118	0.055890075862407684	0.18124154210090637	0.07576151937246323	-0.2738697826862335	0.1229696124792099	-0.1966630220413208	n/a	0.19910219311714172	-0.12145315855741501	0.3407309651374817	-0.0561070516705513	0.9563082456588745	-0.010629451833665371	-0.03313697874546051	0.20752567052841187	0.13617929816246033	0.3401244282722473	-0.11447316408157349	-0.18930406868457794	-0.023333124816417694	0.24020086228847504	0.2128312736749649	-0.09387446194887161	0.13159365952014923	0.30465367436408997	0.05909103900194168	-0.11444935202598572	-0.032337162643671036	-0.1835872232913971	-0.11583828181028366	-0.08781231194734573	-0.4312404990196228	-0.28676795959472656	-0.15339836478233337	0.1001134142279625	-0.07939133048057556	0.2057092934846878	-0.2932193875312805	0.4818059504032135	-0.20925244688987732	0.035430628806352615	-0.29761427640914917	-0.0557866133749485	-0.014602849259972572	-0.20393969118595123	0.49850496649742126	0.04704291746020317	0.003747249022126198	0.055292870849370956	-0.05767025798559189	-0.08657856285572052	-0.16864429414272308
DAN_LABEL_15	-0.3416127860546112	0.2498721480369568	0.4657738506793976	0.112501360476017	0.07886064797639847	-0.25254955887794495	-0.2300914227962494	n/a	0.019286401569843292	0.24192693829536438	0.030460551381111145	0.26147955656051636	0.20385931432247162	-0.3738817870616913	1.0	-0.28905436396598816	0.25589972734451294	-0.3430054485797882	-0.003980787470936775	0.30101433396339417	0.22068199515342712	0.12276944518089294	0.7120344638824463	-0.2112361639738083	0.6750790476799011	-0.04824412614107132	-0.17383776605129242	-0.3694189786911011	0.15926030278205872	-0.05241475626826286	0.13231539726257324	-0.07644468545913696	-0.22348468005657196	-0.1090075746178627	n/a	0.0381656251847744	-0.008110268972814083	0.07117296010255814	0.06382261216640472	-0.3748128414154053	0.47945940494537354	0.39566147327423096	-0.16206128895282745	0.22983285784721375	0.10358264297246933	0.012171166017651558	0.44523870944976807	-0.22662444412708282	0.30123502016067505	-0.3313927948474884	-0.1465853452682495	-0.051226042211055756	0.02981674298644066	0.11453674733638763	-0.30382823944091797	-0.13460835814476013	0.2184264212846756	0.08003152161836624	0.036166343837976456	0.144435852766037	0.298069030046463	-0.2507431209087372	-0.37405309081077576	-0.1547490507364273	-0.2778393030166626	0.1069287657737732	-0.42200177907943726	0.24093477427959442	0.003256184747442603	0.43274304270744324	-0.2606542408466339	-0.09557623416185379	0.15042337775230408	-0.11466706544160843	0.08609609305858612	0.2634405493736267	0.20542022585868835	0.15504181385040283	0.02997528202831745	0.19291211664676666
DMN_LABEL_16	0.46216192841529846	-0.39412081241607666	-0.22746028006076813	-0.2875698506832123	0.07256904244422913	0.46526217460632324	0.3137601912021637	n/a	0.03446149453520775	-0.5933451056480408	0.109225794672966	-0.4242354929447174	-0.4038505256175995	0.19948787987232208	-0.28905436396598816	1.0	-0.3281582295894623	0.6914304494857788	0.3543470501899719	-0.34824275970458984	-0.39943093061447144	0.11217990517616272	-0.38277989625930786	0.6558846831321716	-0.3289616107940674	-0.02198975719511509	0.49414172768592834	0.6090931296348572	-0.43579554557800293	-0.0031494065187871456	-0.27456724643707275	-0.16759687662124634	0.30760422348976135	0.21199895441532135	n/a	-0.48343876004219055	-0.09898072481155396	-0.4107920229434967	0.20013397932052612	0.12193245440721512	-0.2752382457256317	-0.39225849509239197	0.15623034536838531	-0.3547934889793396	-0.3625622093677521	-0.2802009582519531	-0.35720786452293396	0.22770020365715027	-0.3039756119251251	0.530751645565033	0.06569364666938782	-0.1563539355993271	-0.12340649962425232	-0.12340845912694931	0.4206823706626892	0.16954872012138367	-0.02499869465827942	0.2550710141658783	-0.2047230750322342	-0.11039581894874573	-0.35311707854270935	0.14306077361106873	-0.002360925078392029	0.24365001916885376	0.03286265581846237	0.11444573849439621	0.5386140942573547	-0.4107730984687805	0.3512741029262543	-0.43512123823165894	0.3154977858066559	0.0007346282945945859	-0.5421197414398193	0.25539180636405945	0.22687014937400818	0.20728616416454315	-0.3944292962551117	-0.57004314661026	-0.011580788530409336	-0.1869255006313324
CO_LABEL_17	-0.10659159719944	-0.048226602375507355	0.11468203365802765	0.15318988263607025	-0.07974763214588165	0.084141805768013	0.16246603429317474	n/a	0.20697714388370514	0.5266281962394714	-0.2430098056793213	0.4766124188899994	0.09278837591409683	-0.24396280944347382	0.25589972734451294	-0.3281582295894623	1.0	-0.39149704575538635	-0.16178178787231445	0.5754793882369995	0.5100637674331665	-0.3032982647418976	0.424002081155777	-0.08779784291982651	0.4079309105873108	0.061816681176424026	-0.07909946143627167	-0.10144734382629395	-0.05459542199969292	-0.3656264841556549	0.3221135139465332	0.0008200788870453835	-0.1390540897846222	0.020529979839920998	n/a	0.42850548028945923	-0.1122080460190773	-0.052661679685115814	0.4065820276737213	-0.24701496958732605	-0.4131087362766266	0.7973832488059998	-0.35380876064300537	0.3335166871547699	0.22236944735050201	-0.03647857904434204	-0.030230773612856865	-0.0942147895693779	-0.15169697999954224	-0.5209894180297852	-0.36298811435699463	0.03133092820644379	-0.0729527473449707	-0.16630308330059052	-0.3297143578529358	0.011538012884557247	0.27329021692276	-0.4577474296092987	-0.2118730992078781	0.602557361125946	0.11002172529697418	0.0892380103468895	-0.07563450932502747	-0.13673418760299683	-0.391422301530838	0.47157564759254456	-0.011874593794345856	0.44938620924949646	-0.17121633887290955	0.2114412933588028	-0.018325310200452805	0.03456277772784233	0.3022747337818146	0.04605523869395256	0.06119673699140549	0.08465232700109482	0.3337446451187134	0.15097452700138092	-0.0570480115711689	-0.10419866442680359
DMN_LABEL_18	0.5700185298919678	-0.12368245422840118	-0.1632317304611206	-0.06308905780315399	0.06409909576177597	0.2853001356124878	0.23230478167533875	n/a	-0.012345059774816036	-0.39026179909706116	-0.04044865816831589	-0.20443162322044373	-0.2508394420146942	0.41335922479629517	-0.3430054485797882	0.6914304494857788	-0.39149704575538635	1.0	0.3545982539653778	-0.15835826098918915	-0.27648457884788513	-0.0488220751285553	-0.6126126050949097	0.4340873062610626	-0.3698905110359192	0.37519803643226624	0.534559428691864	0.5989081263542175	-0.1381671279668808	-0.07180295139551163	-0.07200674712657928	0.013470946811139584	0.23647630214691162	-0.011749283410608768	n/a	-0.12786747515201569	-0.1655694842338562	-0.06459515541791916	-0.07045391201972961	0.35836467146873474	-0.24247433245182037	-0.33452731370925903	0.33957910537719727	-0.1498706042766571	-0.09986836463212967	-0.1922856867313385	-0.5411453247070312	0.03096119686961174	-0.18271736800670624	0.2933741509914398	-0.20585019886493683	0.13184723258018494	0.29823070764541626	-0.04709639400243759	0.17411379516124725	0.11277461796998978	0.09376049786806107	0.0978596955537796	-0.21759997308254242	-0.23649534583091736	-0.4181775152683258	-0.03561016917228699	-0.09795606136322021	0.0443781316280365	-0.03664705157279968	-0.18528428673744202	0.44166508316993713	-0.467674195766449	0.33682915568351746	-0.44943171739578247	0.37017640471458435	0.028231048956513405	-0.3889099955558777	0.15792809426784515	0.22221027314662933	0.25449901819229126	-0.1507909595966339	-0.4135929346084595	-0.02036195434629917	-0.20357434451580048
VAN_LABEL_19	0.327685683965683	0.20163004100322723	-0.38574668765068054	0.08006836473941803	-0.06202995032072067	-0.09699457138776779	-0.04529852420091629	n/a	-0.15036731958389282	-0.2003786712884903	-0.1630944460630417	-0.3843178451061249	-0.09471844881772995	0.22303442656993866	-0.003980787470936775	0.3543470501899719	-0.16178178787231445	0.3545982539653778	1.0	-0.3003999888896942	-0.2746652066707611	-0.41184499859809875	-0.2172769159078598	0.010162388905882835	0.014903591014444828	0.2920950651168823	0.3668479025363922	0.3584893047809601	-0.007052793633192778	-0.36213281750679016	0.09547898918390274	-0.2138647437095642	-0.11825589090585709	-0.11021964251995087	n/a	-0.17041532695293427	-0.39050620794296265	-0.27190902829170227	0.3388879895210266	0.08545909076929092	-0.16848669946193695	-0.12668924033641815	0.5511741638183594	-0.18748056888580322	-0.2603527009487152	-0.32179754972457886	-0.33925503492355347	-0.28055790066719055	0.03938262537121773	-0.0885869711637497	-0.09182829409837723	0.1911592036485672	-0.004794437438249588	-0.3593299090862274	0.15660014748573303	-0.01819324679672718	-0.19030088186264038	0.36019113659858704	0.3136785924434662	0.15813805162906647	0.010834574699401855	0.11486753076314926	-0.2892003059387207	-0.03156791254878044	-0.03149254992604256	0.32444989681243896	0.255254328250885	-0.18489670753479004	0.2137482911348343	-0.26581457257270813	0.18335683643817902	-0.035770997405052185	-0.1617317795753479	0.14545588195323944	-0.07587199658155441	-0.041169941425323486	0.10016051679849625	-0.037456214427948	0.025899816304445267	0.03245577961206436
CO_LABEL_20	-0.3463566303253174	-0.010709121823310852	0.56526780128479	0.39035212993621826	-0.249505415558815	0.05006454885005951	-0.16353602707386017	n/a	0.009614524431526661	0.39038214087486267	-0.08472854644060135	0.499137282371521	0.01683402620255947	0.027313876897096634	0.30101433396339417	-0.34824275970458984	0.5754793882369995	-0.15835826098918915	-0.3003999888896942	1.0	0.6878939270973206	0.024239549413323402	0.2561274766921997	-0.16582374274730682	0.4365391731262207	0.10080982744693756	-0.29514315724372864	-0.24258378148078918	0.032356519252061844	0.07256919890642166	0.5303415656089783	-0.13857291638851166	-0.03585142642259598	-0.3003745973110199	n/a	0.4247410297393799	0.024253269657492638	0.35110214352607727	0.11653651297092438	0.08622901141643524	-0.05796918645501137	0.5255316495895386	-0.39289191365242004	0.5163583159446716	0.5895997881889343	0.023145882412791252	0.05419129878282547	-0.009716049768030643	0.21967819333076477	-0.35799238085746765	-0.3253691494464874	0.041351281106472015	0.24756678938865662	0.05778147280216217	-0.6564982533454895	0.028337519615888596	0.2516559064388275	-0.3127182722091675	-0.11876309663057327	0.19302663207054138	0.17941448092460632	-0.03482929989695549	-0.2923005521297455	-0.027336882427334785	-0.1340104639530182	0.04905278608202934	-0.10436467081308365	0.19640691578388214	-0.18037454783916473	0.09602881968021393	-0.06260418146848679	0.13583600521087646	0.16448280215263367	0.09021700918674469	0.3371814489364624	0.3378910720348358	0.44729796051979065	0.10747823864221573	0.07046674191951752	-0.05505027621984482
CO_LABEL_21	-0.5601053237915039	0.026805581524968147	0.6675516963005066	0.34618374705314636	-0.3260207772254944	-0.02730518765747547	-0.3488604426383972	n/a	-0.12774573266506195	0.6434151530265808	0.01681489869952202	0.508272111415863	-0.09707393497228622	0.07596519589424133	0.22068199515342712	-0.39943093061447144	0.5100637674331665	-0.27648457884788513	-0.2746652066707611	0.6878939270973206	1.0	0.17984269559383392	0.3196767270565033	-0.2162230759859085	0.3751983344554901	-0.020741157233715057	-0.3465060889720917	-0.4490535855293274	-0.0038009481504559517	0.23494568467140198	0.4160832464694977	-0.1271238625049591	-0.0749792754650116	-0.3323490619659424	n/a	0.6376287937164307	0.2795089781284332	0.4062824249267578	-0.06263422220945358	0.15199148654937744	-0.021539170295000076	0.4286457300186157	-0.4106611907482147	0.75190269947052	0.8054540753364563	0.3113732635974884	0.16049142181873322	0.08151628077030182	0.2996780276298523	-0.24214521050453186	-0.1099449172616005	0.004097886849194765	0.24398520588874817	0.14016903936862946	-0.5882339477539062	-0.0796833410859108	0.19978414475917816	-0.3284904658794403	-0.09159194678068161	-0.013197570107877254	0.2079189121723175	-0.08442610502243042	-0.21353094279766083	-0.01621129736304283	-0.17688800394535065	-0.12212125211954117	-0.34217944741249084	0.01219085045158863	-0.3399721384048462	0.1377926468849182	-0.35294753313064575	-0.01646469347178936	-0.03060462698340416	0.02574135549366474	0.1265111267566681	0.0625394657254219	0.4358941912651062	0.3365166485309601	-0.008328558877110481	-0.08921744674444199
Sal_LABEL_22	-0.2955433428287506	-0.16199210286140442	0.3930399715900421	-0.14569565653800964	0.05589848384261131	0.28364402055740356	-0.15007972717285156	n/a	-0.056285560131073	0.023817306384444237	0.7632242441177368	-0.01752057485282421	-0.09523466229438782	-0.03296994790434837	0.12276944518089294	0.11217990517616272	-0.3032982647418976	-0.0488220751285553	-0.41184499859809875	0.024239549413323402	0.17984269559383392	1.0	0.12663303315639496	0.20578591525554657	-0.0008899267995730042	-0.4632112383842468	-0.09033111482858658	-0.19444260001182556	-0.13225379586219788	0.38036903738975525	-0.283695250749588	-0.028200479224324226	0.2613162100315094	-0.00017605850007385015	n/a	-0.25424009561538696	0.7758572697639465	0.004891015589237213	-0.4515126049518585	0.06587287783622742	0.33288639783859253	-0.27265697717666626	-0.2668648958206177	0.06802020221948624	0.18650801479816437	0.5367501378059387	0.24702052772045135	0.23301658034324646	0.06167161837220192	0.31179821491241455	0.25831517577171326	-0.38035663962364197	-0.035202667117118835	0.20602856576442719	0.061384666711091995	0.14032304286956787	0.050871968269348145	0.18293549120426178	-0.11669208854436874	-0.36060988903045654	0.010100485756993294	-0.17192493379116058	0.02821003459393978	0.03187106177210808	-0.017883500084280968	-0.49587881565093994	-0.2738049030303955	-0.08623620867729187	-0.010070822201669216	0.20507098734378815	-0.30911117792129517	-0.19826126098632812	-0.12364396452903748	-0.06464222818613052	0.3407495617866516	0.0993497371673584	-0.07621864974498749	-0.01872757449746132	-0.15191707015037537	-0.011769425123929977
DAN_LABEL_23	-0.49652647972106934	0.34394600987434387	0.38013413548469543	0.05987713858485222	-0.08203404396772385	-0.14614267647266388	-0.005564018152654171	n/a	0.18136656284332275	0.29697927832603455	0.06042879819869995	0.22842378914356232	-0.07080194354057312	-0.43652647733688354	0.7120344638824463	-0.38277989625930786	0.424002081155777	-0.6126126050949097	-0.2172769159078598	0.2561274766921997	0.3196767270565033	0.12663303315639496	1.0	-0.17762140929698944	0.6609472036361694	-0.2986794710159302	-0.21449197828769684	-0.5090042352676392	0.30663302540779114	-0.04690231382846832	0.10790198296308517	-0.21057257056236267	-0.2627938985824585	0.1603795439004898	n/a	0.04975779354572296	0.09440794587135315	-0.08327730000019073	0.04124973714351654	-0.4133705198764801	0.2645012140274048	0.4082399904727936	-0.3645641803741455	0.2820458710193634	0.0736771672964096	0.04583961144089699	0.660053014755249	-0.027467045933008194	0.20546530187129974	-0.390421062707901	-0.09833832830190659	-0.21496395766735077	-0.06622975319623947	0.08427301049232483	-0.29376256465911865	-0.022268706932663918	0.185611292719841	-0.01871471107006073	0.020055584609508514	0.2299390584230423	0.5260875225067139	-0.07347181439399719	-0.3055911362171173	-0.07300231605768204	-0.29337096214294434	0.17073188722133636	-0.33402422070503235	0.3156358599662781	-0.28728005290031433	0.5569605827331543	-0.36919069290161133	0.05861764773726463	0.1389109492301941	-0.028593525290489197	0.09019798040390015	0.06441471725702286	0.15643566846847534	0.32672759890556335	0.13325050473213196	0.25711968541145325
PMN_LABEL_24	0.3074493408203125	-0.47240883111953735	-0.04941663518548012	-0.535762369632721	0.11097155511379242	0.7925926446914673	0.4770596921443939	n/a	0.25040581822395325	-0.34292274713516235	0.2027658373117447	-0.17762668430805206	-0.31428784132003784	0.013987742364406586	-0.2112361639738083	0.6558846831321716	-0.08779784291982651	0.4340873062610626	0.010162388905882835	-0.16582374274730682	-0.2162230759859085	0.20578591525554657	-0.17762140929698944	1.0	-0.049194809049367905	-0.15751086175441742	0.358913779258728	0.168889120221138	-0.46201857924461365	-0.00923010054975748	-0.5293413996696472	-0.051605235785245895	0.7013121247291565	0.4468241333961487	n/a	-0.21772970259189606	0.16228823363780975	-0.3507523536682129	-0.08637098222970963	0.0019188218284398317	-0.37606194615364075	-0.23187562823295593	0.03214653953909874	-0.1445639431476593	-0.2618834376335144	-0.00048265926307067275	-0.34840211272239685	0.6637442708015442	-0.23079723119735718	0.3596845865249634	-0.05475618317723274	-0.3390318751335144	0.10160030424594879	-0.0934455618262291	0.28427547216415405	0.16087356209754944	0.020023763179779053	-0.14260320365428925	-0.2950911223888397	-0.10728394985198975	-0.31912365555763245	0.09151200205087662	0.1383443921804428	-0.07902278751134872	-0.1290026307106018	-0.010015511885285378	0.44063401222229004	-0.2426612228155136	0.09525250643491745	-0.3553696870803833	0.059378206729888916	-0.041400037705898285	-0.23700159788131714	0.23038946092128754	0.2533106207847595	0.25067052245140076	-0.3066788613796234	-0.4075597822666168	-0.2711702287197113	-0.2666394114494324
DAN_LABEL_25	-0.5040239691734314	0.11862185597419739	0.45393791794776917	0.235362246632576	-0.18460588157176971	-0.08163923770189285	-0.06151365116238594	n/a	0.28892791271209717	0.20016548037528992	0.04977330565452576	0.19331519305706024	0.11852476745843887	-0.37575119733810425	0.6750790476799011	-0.3289616107940674	0.4079309105873108	-0.3698905110359192	0.014903591014444828	0.4365391731262207	0.3751983344554901	-0.0008899267995730042	0.6609472036361694	-0.049194809049367905	1.0	-0.12381887435913086	-0.2886620759963989	-0.43785762786865234	0.0445704348385334	-0.06159890443086624	0.20699895918369293	-0.21420374512672424	-0.0835535079240799	0.07667579501867294	n/a	0.09025559574365616	0.041951682418584824	0.08996239304542542	0.029468219727277756	-0.34279540181159973	0.1345585584640503	0.4070097804069519	-0.18793562054634094	0.49165818095207214	0.18828971683979034	-0.006917079910635948	0.2446967512369156	0.07725568115711212	0.5085469484329224	-0.3969624936580658	-0.16440200805664062	-0.10683387517929077	0.21074004471302032	0.12264246493577957	-0.4946998059749603	-0.010921688750386238	0.18041133880615234	0.0385795459151268	0.2761257588863373	0.23423434793949127	0.5123871564865112	0.09906190633773804	-0.5223730206489563	-0.005206305533647537	-0.1186017394065857	0.17697396874427795	-0.33991721272468567	0.2903405725955963	-0.2309032827615738	0.27540579438209534	-0.35361671447753906	0.051910337060689926	0.2809394598007202	-0.09292355179786682	0.2130204737186432	0.2667517066001892	0.4288797080516815	0.3397658169269562	0.035382091999053955	0.08577378839254379
DMN_LABEL_26	0.39315468072891235	0.21658097207546234	-0.06238226592540741	0.2492002546787262	0.19137956202030182	-0.14278878271579742	0.17279039323329926	n/a	0.031176839023828506	0.13767282664775848	-0.3257320821285248	0.12690842151641846	0.12611281871795654	0.16424717009067535	-0.04824412614107132	-0.02198975719511509	0.061816681176424026	0.37519803643226624	0.2920950651168823	0.10080982744693756	-0.020741157233715057	-0.4632112383842468	-0.2986794710159302	-0.15751086175441742	-0.12381887435913086	1.0	0.34471407532691956	0.32521915435791016	0.1754930317401886	-0.3859824538230896	0.28938284516334534	0.26749667525291443	-0.14397287368774414	-0.14660008251667023	n/a	0.19151461124420166	-0.33180874586105347	0.1347537338733673	0.08319582045078278	0.05510745570063591	-0.24344465136528015	0.054502714425325394	0.22689518332481384	0.05918138846755028	-0.039364803582429886	-0.16410797834396362	-0.5055829882621765	-0.4109300374984741	-0.09615527093410492	-0.4028738737106323	-0.5312435030937195	0.8136082887649536	0.14467604458332062	0.006049902178347111	-0.25885307788848877	-0.13466179370880127	0.16611599922180176	-0.014560236595571041	0.12908881902694702	-0.08253270387649536	-0.19903066754341125	-0.3131573498249054	-0.12850746512413025	-0.2546265423297882	-0.24147547781467438	-0.11298515647649765	0.0007220791885629296	-0.16284948587417603	0.2688244581222534	0.03847656399011612	0.3728107511997223	0.15861082077026367	0.04353182017803192	-0.15282145142555237	-0.04392950236797333	0.19163848459720612	0.18844887614250183	-0.033128589391708374	0.17545382678508759	-0.04066634923219681
DMN_LABEL_27	0.6035774946212769	0.15199962258338928	-0.3743991255760193	-0.1853320300579071	0.27175283432006836	0.22778108716011047	0.3959551155567169	n/a	0.21018445491790771	-0.14894133806228638	0.036900024861097336	-0.19794028997421265	-0.3529387414455414	0.003043102566152811	-0.17383776605129242	0.49414172768592834	-0.07909946143627167	0.534559428691864	0.3668479025363922	-0.29514315724372864	-0.3465060889720917	-0.09033111482858658	-0.21449197828769684	0.358913779258728	-0.2886620759963989	0.34471407532691956	1.0	0.4810757339000702	0.11863800138235092	-0.32508665323257446	-0.18436452746391296	0.21704892814159393	0.06784217059612274	0.13187284767627716	n/a	-0.13320457935333252	-0.04250573739409447	-0.45505717396736145	-0.07537566125392914	-0.10157217085361481	-0.29432371258735657	-0.10752096027135849	0.31524187326431274	-0.19024623930454254	-0.38711243867874146	0.003137643914669752	-0.2766174376010895	-0.10150998085737228	-0.39833542704582214	-0.08039887994527817	-0.3484344780445099	0.07025827467441559	-0.07745599001646042	-0.23258376121520996	0.447474867105484	0.05704769864678383	-0.009445172734558582	0.2094539850950241	-0.07116872072219849	-0.02258656546473503	-0.18616940081119537	-0.11851055175065994	-0.10272233933210373	-0.31110960245132446	-0.38045042753219604	-0.018106993287801743	0.2804776728153229	-0.22235655784606934	0.26209646463394165	-0.0325169637799263	0.17428289353847504	-0.11582072079181671	-0.2226990908384323	-0.07428710907697678	0.21844984591007233	0.165887713432312	-0.06008637696504593	-0.20322676002979279	0.11627954989671707	0.21314029395580292
DMN_LABEL_28	0.7493606209754944	-0.18551850318908691	-0.5429456233978271	-0.03462842479348183	0.18140941858291626	0.17249932885169983	0.4333251416683197	n/a	0.14018435776233673	-0.31417393684387207	-0.005184928420931101	-0.2454652041196823	0.012429983355104923	0.1305052936077118	-0.3694189786911011	0.6090931296348572	-0.10144734382629395	0.5989081263542175	0.3584893047809601	-0.24258378148078918	-0.4490535855293274	-0.19444260001182556	-0.5090042352676392	0.168889120221138	-0.43785762786865234	0.32521915435791016	0.4810757339000702	1.0	-0.1388869732618332	-0.4508959650993347	0.02711542136967182	0.10461366921663284	-0.1345968097448349	0.09128134697675705	n/a	-0.3214291036128998	-0.3672732412815094	-0.2430153340101242	0.23735873401165009	0.05687588080763817	-0.39622965455055237	-0.1811755746603012	0.27528631687164307	-0.3769543766975403	-0.41884368658065796	-0.4377555549144745	-0.5158494114875793	-0.3673642575740814	-0.46515101194381714	0.02230200730264187	-0.26343977451324463	0.206923246383667	-0.2163282334804535	-0.21356217563152313	0.19361864030361176	0.21145224571228027	0.1199905276298523	0.17081959545612335	-0.16047722101211548	0.14344072341918945	-0.3844890296459198	0.07370283454656601	0.0739397332072258	0.2318781167268753	0.037070341408252716	0.15488778054714203	0.49586787819862366	-0.0897064134478569	0.5251139402389526	-0.23544543981552124	0.6456102132797241	0.22778993844985962	-0.12875783443450928	0.059180762618780136	0.22085213661193848	0.13073663413524628	-0.10565248131752014	-0.5143362879753113	-0.054755713790655136	-0.24712435901165009
Vis_LABEL_29	-0.04591234400868416	0.9239983558654785	-0.04873309284448624	0.37888166308403015	-0.1711617112159729	-0.36262404918670654	-0.09251803159713745	n/a	0.051851026713848114	0.2595307230949402	-0.13565431535243988	0.13615164160728455	-0.10734716802835464	0.055890075862407684	0.15926030278205872	-0.43579554557800293	-0.05459542199969292	-0.1381671279668808	-0.007052793633192778	0.032356519252061844	-0.0038009481504559517	-0.13225379586219788	0.30663302540779114	-0.46201857924461365	0.0445704348385334	0.1754930317401886	0.11863800138235092	-0.1388869732618332	1.0	-0.12828519940376282	0.343378484249115	-0.0641414150595665	-0.42987528443336487	-0.17388837039470673	n/a	0.18630199134349823	-0.07992805540561676	0.11768719553947449	-0.29310572147369385	0.06329924613237381	0.28452378511428833	0.09479957818984985	0.12405581027269363	0.20871073007583618	0.05698373541235924	0.005948700942099094	0.3525635600090027	-0.399158239364624	0.1755916029214859	-0.5016613006591797	-0.33530357480049133	0.2270621657371521	0.2987314462661743	-0.10029152035713196	-0.2719435691833496	-0.10332011431455612	0.08476193249225616	0.09696464240550995	0.14426031708717346	-0.11197330802679062	0.36842626333236694	-0.3295431137084961	-0.33554911613464355	-0.18438200652599335	-0.24244745075702667	-0.17988446354866028	-0.13325268030166626	0.1116146445274353	-0.19022925198078156	0.4217134118080139	-0.192775160074234	0.2216925173997879	0.10624761134386063	0.09080992639064789	0.158151775598526	-0.015543804503977299	0.17272718250751495	0.2851220369338989	0.42141589522361755	0.48501941561698914
FP_LABEL_30	-0.5725796818733215	-0.19891299307346344	0.5049607157707214	-0.019970877096056938	-0.36774373054504395	0.00294480356387794	-0.4631759226322174	n/a	-0.3435634970664978	-0.16355732083320618	0.015111473388969898	0.03287215903401375	-0.13420452177524567	0.18124154210090637	-0.05241475626826286	-0.0031494065187871456	-0.3656264841556549	-0.07180295139551163	-0.36213281750679016	0.07256919890642166	0.23494568467140198	0.38036903738975525	-0.04690231382846832	-0.00923010054975748	-0.06159890443086624	-0.3859824538230896	-0.32508665323257446	-0.4508959650993347	-0.12828519940376282	1.0	-0.17046116292476654	-0.17050392925739288	0.3097952604293823	-0.20721612870693207	n/a	0.09996901452541351	0.4011455178260803	0.3373071253299713	-0.32038870453834534	0.2607779800891876	0.543181300163269	-0.16410642862319946	-0.23510386049747467	0.19484856724739075	0.47166869044303894	0.4051640033721924	0.5171961188316345	0.5444411635398865	0.5276150107383728	0.65589439868927	0.6316543221473694	-0.35509419441223145	0.2131628394126892	0.1562177836894989	0.068799689412117	-0.14326007664203644	-0.27652207016944885	-0.0718478262424469	0.06352736800909042	-0.5532890558242798	0.017284801229834557	0.17889852821826935	0.04586054012179375	0.1888420581817627	0.44597360491752625	-0.31391921639442444	-0.17882081866264343	-0.21554528176784515	-0.3330833613872528	-0.15087813138961792	-0.4729606509208679	-0.1532442420721054	-0.18593908846378326	0.04945980757474899	-0.18262754380702972	-0.046248067170381546	-0.2416122853755951	-0.056431375443935394	0.07698408514261246	0.1614120602607727
Aud_LABEL_31	-0.09303320199251175	0.349913090467453	0.1691254824399948	0.8911869525909424	-0.21325372159481049	-0.3661300837993622	-0.14586423337459564	n/a	0.028642375022172928	0.318643718957901	-0.23789244890213013	0.1244768276810646	-0.015697116032242775	0.07576151937246323	0.13231539726257324	-0.27456724643707275	0.3221135139465332	-0.07200674712657928	0.09547898918390274	0.5303415656089783	0.4160832464694977	-0.283695250749588	0.10790198296308517	-0.5293413996696472	0.20699895918369293	0.28938284516334534	-0.18436452746391296	0.02711542136967182	0.343378484249115	-0.17046116292476654	1.0	-0.16596373915672302	-0.4967448115348816	-0.2490456998348236	n/a	0.2641632854938507	-0.2496250718832016	0.22123707830905914	0.26798170804977417	0.07575353235006332	-0.03191695362329483	0.3145120143890381	-0.131942480802536	0.3334641456604004	0.34893161058425903	-0.25404679775238037	-0.03809778764843941	-0.4554513990879059	0.12297291308641434	-0.4795425236225128	-0.2707342803478241	0.3323388695716858	0.048423975706100464	0.0416814349591732	-0.5854452252388	-0.12437059730291367	0.20355740189552307	0.15327051281929016	0.23255358636379242	0.33184686303138733	0.27639538049697876	-0.12234785407781601	-0.5112465023994446	0.13248993456363678	-0.07265043258666992	0.1738128513097763	-0.16312330961227417	0.15707223117351532	0.011624091304838657	0.03148558735847473	0.07135593146085739	0.18873457610607147	0.029933393001556396	-0.013721631839871407	0.1719011515378952	0.24132679402828217	0.5124794840812683	0.24653814733028412	0.42635858058929443	0.08174272626638412
Tpole_LABEL_32	0.31173884868621826	-0.15359114110469818	-0.18580397963523865	-0.1297025978565216	0.6592953205108643	-0.06479668617248535	0.23192209005355835	n/a	0.3690568506717682	0.09821630269289017	0.02483208291232586	0.08159050345420837	0.25373488664627075	-0.2738697826862335	-0.07644468545913696	-0.16759687662124634	0.0008200788870453835	0.013470946811139584	-0.2138647437095642	-0.13857291638851166	-0.1271238625049591	-0.028200479224324226	-0.21057257056236267	-0.051605235785245895	-0.21420374512672424	0.26749667525291443	0.21704892814159393	0.10461366921663284	-0.0641414150595665	-0.17050392925739288	-0.16596373915672302	1.0	-0.12540394067764282	0.16726338863372803	n/a	0.10961338132619858	0.11107245832681656	0.02289264090359211	-0.15323632955551147	-0.24053913354873657	-0.11630003154277802	-0.13073980808258057	0.05982610210776329	-0.10832914710044861	-0.23602963984012604	0.10547372698783875	-0.23186315596103668	-0.09024807065725327	-0.354722797870636	-0.16893884539604187	0.003123866394162178	0.26884377002716064	-0.14804698526859283	0.13450832664966583	0.08597259223461151	0.14471501111984253	0.2969655394554138	-0.08515038341283798	-0.07611823827028275	0.08959373831748962	-0.10862777382135391	-0.09452033042907715	0.09508334845304489	-0.21169549226760864	-0.12744790315628052	-0.09581828862428665	-0.15516935288906097	0.2355785369873047	0.2062123715877533	0.2749839127063751	0.131679967045784	-0.04248400405049324	0.29315873980522156	-0.6000378131866455	-0.05134724825620651	-0.015916503965854645	0.07253193110227585	0.032280921936035156	-0.09118080884218216	0.011856726370751858
PMN_LABEL_33	0.05071697384119034	-0.42682045698165894	0.05853435769677162	-0.4795343577861786	-0.08349473774433136	0.7155152559280396	0.07440201938152313	n/a	-0.1638479232788086	-0.17452138662338257	0.14674128592014313	-0.07628452032804489	-0.16234147548675537	0.1229696124792099	-0.22348468005657196	0.30760422348976135	-0.1390540897846222	0.23647630214691162	-0.11825589090585709	-0.03585142642259598	-0.0749792754650116	0.2613162100315094	-0.2627938985824585	0.7013121247291565	-0.0835535079240799	-0.14397287368774414	0.06784217059612274	-0.1345968097448349	-0.42987528443336487	0.3097952604293823	-0.4967448115348816	-0.12540394067764282	1.0	0.17316780984401703	n/a	-0.10590806603431702	0.37325912714004517	-0.1587623506784439	-0.18626990914344788	0.15319424867630005	-0.21655745804309845	-0.21332994103431702	0.030609698966145515	-0.14439500868320465	-0.02743947133421898	0.35147860646247864	-0.21924301981925964	0.7713717818260193	0.0013114236062392592	0.525561511516571	0.15272513031959534	-0.2756158709526062	0.1778261661529541	-0.12436182051897049	0.2928614616394043	0.00477204192429781	-0.2761343717575073	-0.24397669732570648	-0.03892207145690918	-0.3029826879501343	-0.3118917942047119	0.11441247910261154	0.31443852186203003	-0.13424812257289886	0.019821573048830032	-0.220939040184021	0.23022118210792542	-0.2567276358604431	-0.03612835705280304	-0.35478106141090393	-0.09921342879533768	-0.14918750524520874	-0.14821992814540863	0.3005087375640869	-0.016928644850850105	0.03943540155887604	-0.3234104514122009	-0.15219652652740479	-0.27734169363975525	-0.0778113603591919
PON_LABEL_34	0.20901085436344147	-0.2322809398174286	-0.2675563097000122	-0.24272213876247406	0.24376140534877777	0.2255660742521286	0.7813058495521545	n/a	0.5304704308509827	-0.31725314259529114	0.13608039915561676	-0.24778464436531067	-0.08134455978870392	-0.1966630220413208	-0.1090075746178627	0.21199895441532135	0.020529979839920998	-0.011749283410608768	-0.11021964251995087	-0.3003745973110199	-0.3323490619659424	-0.00017605850007385015	0.1603795439004898	0.4468241333961487	0.07667579501867294	-0.14660008251667023	0.13187284767627716	0.09128134697675705	-0.17388837039470673	-0.20721612870693207	-0.2490456998348236	0.16726338863372803	0.17316780984401703	1.0	n/a	-0.3032205402851105	-0.0409051850438118	-0.37770184874534607	-0.11084896326065063	-0.16988499462604523	-0.19549016654491425	-0.09209741652011871	-0.009481318295001984	-0.20682911574840546	-0.4144267439842224	-0.09570908546447754	-0.04444233700633049	0.30601778626441956	-0.2354946732521057	0.05727196857333183	-0.04378184303641319	-0.14257855713367462	-0.22258538007736206	0.2631971836090088	0.17109237611293793	0.07885552197694778	0.13580405712127686	0.03957588970661163	-0.07904666662216187	0.11137127131223679	0.06676162034273148	0.015200162306427956	0.01081307977437973	-0.02535426989197731	-0.05694660171866417	0.09449216723442078	0.16398191452026367	0.1584889441728592	0.10251616686582565	0.016972027719020844	-0.01910811848938465	0.17384180426597595	0.08807031065225601	-0.039827119559049606	0.11611340939998627	0.16464152932167053	-0.17058289051055908	-0.10219788551330566	-0.002155926078557968	-0.07627121359109879
MTL_LABEL_35	n/a	n/a	n/a	n/a	n/a	n/a	n/a	n/a	n/a	n/a	n/a	n/a	n/a	n/a	n/a	n/a	n/a	n/a	n/a	n/a	n/a	n/a	n/a	n/a	n/a	n/a	n/a	n/a	n/a	n/a	n/a	n/a	n/a	n/a	1.0	n/a	n/a	n/a	n/a	n/a	n/a	n/a	n/a	n/a	n/a	n/a	n/a	n/a	n/a	n/a	n/a	n/a	n/a	n/a	n/a	n/a	n/a	n/a	n/a	n/a	n/a	n/a	n/a	n/a	n/a	n/a	n/a	n/a	n/a	n/a	n/a	n/a	n/a	n/a	n/a	n/a	n/a	n/a	n/a	n/a
CO_LABEL_36	-0.23170407116413116	0.132338285446167	0.29645487666130066	0.20634348690509796	-0.21298804879188538	-0.12809401750564575	-0.2352006435394287	n/a	-0.049420252442359924	0.6755034327507019	-0.38764816522598267	0.6826110482215881	0.1593511402606964	0.19910219311714172	0.0381656251847744	-0.48343876004219055	0.42850548028945923	-0.12786747515201569	-0.17041532695293427	0.4247410297393799	0.6376287937164307	-0.25424009561538696	0.04975779354572296	-0.21772970259189606	0.09025559574365616	0.19151461124420166	-0.13320457935333252	-0.3214291036128998	0.18630199134349823	0.09996901452541351	0.2641632854938507	0.10961338132619858	-0.10590806603431702	-0.3032205402851105	n/a	1.0	-0.08399475365877151	0.6054955720901489	-0.08097510784864426	0.22382357716560364	-0.0018880937714129686	0.4671473801136017	-0.1467645913362503	0.5727735161781311	0.6387073397636414	0.08123333752155304	0.085091732442379	0.026934847235679626	0.24426455795764923	-0.28080621361732483	-0.2153577208518982	0.16403885185718536	0.31455591320991516	0.09430982917547226	-0.3369966149330139	-0.22196778655052185	0.0787012055516243	-0.5243367552757263	-0.13904930651187897	0.039266642183065414	0.030695805326104164	-0.037588585168123245	-0.04507105052471161	-0.13138709962368011	-0.10206535458564758	-0.013091584667563438	-0.10591121017932892	0.13019120693206787	-0.40258359909057617	0.03192947432398796	-0.24667491018772125	0.03145072981715202	0.14350469410419464	-0.010899977758526802	-0.2064235508441925	-0.10951748490333557	0.4798274636268616	0.24934116005897522	-0.12420278787612915	-0.09213924407958984
Sal_LABEL_37	-0.35292285680770874	-0.09800460934638977	0.31329625844955444	-0.056349556893110275	0.0037935529835522175	0.30066975951194763	-0.2169870138168335	n/a	-0.07673408091068268	0.19936524331569672	0.7095723152160645	-0.019994180649518967	-0.07230614125728607	-0.12145315855741501	-0.008110268972814083	-0.09898072481155396	-0.1122080460190773	-0.1655694842338562	-0.39050620794296265	0.024253269657492638	0.2795089781284332	0.7758572697639465	0.09440794587135315	0.16228823363780975	0.041951682418584824	-0.33180874586105347	-0.04250573739409447	-0.3672732412815094	-0.07992805540561676	0.4011455178260803	-0.2496250718832016	0.11107245832681656	0.37325912714004517	-0.0409051850438118	n/a	-0.08399475365877151	1.0	-0.09111625701189041	-0.505250096321106	-0.007269726134836674	0.16338412463665009	-0.17958402633666992	-0.16054992377758026	0.1699431836605072	0.2435523420572281	0.8073208332061768	0.17661918699741364	0.4000985622406006	0.11673508584499359	0.2161562144756317	0.36279621720314026	-0.34227779507637024	0.08304616808891296	-0.056082263588905334	0.06880059093236923	0.07697881758213043	0.04111919179558754	0.0830148309469223	0.14570654928684235	-0.26238515973091125	-0.010183013044297695	-0.022279778495430946	0.01056645531207323	-0.1716633141040802	-0.06221621111035347	-0.47109782695770264	-0.3381044268608093	0.02649828791618347	-0.2143699824810028	0.23239997029304504	-0.4656330943107605	-0.25783103704452515	0.052849315106868744	-0.16640810668468475	0.14317430555820465	-0.0359935536980629	-0.02255832776427269	0.27882522344589233	-0.13891497254371643	0.16545051336288452
CO_LABEL_38	-0.3694375455379486	0.013749046251177788	0.48935356736183167	0.29237493872642517	-0.21346427500247955	-0.2157304883003235	-0.35226982831954956	n/a	-0.127497136592865	0.29187360405921936	-0.17114263772964478	0.5913203954696655	0.33378490805625916	0.3407309651374817	0.07117296010255814	-0.4107920229434967	-0.052661679685115814	-0.06459515541791916	-0.27190902829170227	0.35110214352607727	0.4062824249267578	0.004891015589237213	-0.08327730000019073	-0.3507523536682129	0.08996239304542542	0.1347537338733673	-0.45505717396736145	-0.2430153340101242	0.11768719553947449	0.3373071253299713	0.22123707830905914	0.02289264090359211	-0.1587623506784439	-0.37770184874534607	n/a	0.6054955720901489	-0.09111625701189041	1.0	-0.17990906536579132	0.37054532766342163	0.34220826625823975	0.14302638173103333	-0.2232385128736496	0.4523746073246002	0.5465639233589172	-0.08852598816156387	0.12321528792381287	-0.05430755391716957	0.4918542206287384	-0.08783981204032898	-0.1091744676232338	0.23256926238536835	0.23494896292686462	0.3924592435359955	-0.49149733781814575	-0.14421847462654114	-0.001902801333926618	-0.2522291839122772	-0.015956681221723557	-0.28993862867355347	-0.0005866895662620664	-0.11659800261259079	-0.01770327053964138	0.19207219779491425	0.3454291820526123	-0.31729933619499207	-0.24403342604637146	0.01819753460586071	-0.11082343757152557	0.06419450044631958	-0.10463500767946243	0.19450442492961884	0.17905431985855103	-0.11010520160198212	-0.17081908881664276	-0.07163859158754349	0.4448122978210449	0.16493962705135345	0.009971355088055134	-0.22074030339717865
SMd_LABEL_39	0.15954400599002838	-0.16473603248596191	-0.20612889528274536	0.08279868960380554	0.020426351577043533	-0.014672263525426388	0.008657838217914104	n/a	-0.004003813024610281	-0.153606116771698	-0.47770926356315613	-0.0941467210650444	0.002199518494307995	-0.0561070516705513	0.06382261216640472	0.20013397932052612	0.4065820276737213	-0.07045391201972961	0.3388879895210266	0.11653651297092438	-0.06263422220945358	-0.4515126049518585	0.04124973714351654	-0.08637098222970963	0.029468219727277756	0.08319582045078278	-0.07537566125392914	0.23735873401165009	-0.29310572147369385	-0.32038870453834534	0.26798170804977417	-0.15323632955551147	-0.18626990914344788	-0.11084896326065063	n/a	-0.08097510784864426	-0.505250096321106	-0.17990906536579132	1.0	-0.15484800934791565	-0.29728010296821594	0.28967204689979553	-0.08423790335655212	-0.21456941962242126	-0.18470145761966705	-0.5486997961997986	-0.19178734719753265	-0.22883835434913635	-0.22334346175193787	-0.08597169816493988	-0.01830342598259449	0.17498838901519775	-0.29649704694747925	-0.21467579901218414	0.022289518266916275	0.052760835736989975	-0.03751650080084801	-0.005616199690848589	-0.06572370231151581	0.5884082913398743	0.007954146713018417	0.2284913808107376	-0.05316093564033508	0.24377046525478363	-0.08948791027069092	0.7675907015800476	0.27562716603279114	0.1675386279821396	0.21873094141483307	-0.14001800119876862	0.3821805715560913	-0.008638150058686733	-0.01432276051491499	0.10239991545677185	-0.12134051322937012	-0.028271986171603203	0.02729170210659504	-0.23137050867080688	0.04700031131505966	-0.07734867185354233
SMl_LABEL_40	-0.07424071431159973	0.009294922463595867	0.08864804357290268	0.1269725114107132	-0.4752870798110962	0.06494267284870148	-0.20442719757556915	n/a	-0.24249248206615448	-0.004486585967242718	-0.0668690875172615	0.14758864045143127	-0.06512145698070526	0.9563082456588745	-0.3748128414154053	0.12193245440721512	-0.24701496958732605	0.35836467146873474	0.08545909076929092	0.08622901141643524	0.15199148654937744	0.06587287783622742	-0.4133705198764801	0.0019188218284398317	-0.34279540181159973	0.05510745570063591	-0.10157217085361481	0.05687588080763817	0.06329924613237381	0.2607779800891876	0.07575353235006332	-0.24053913354873657	0.15319424867630005	-0.16988499462604523	n/a	0.22382357716560364	-0.007269726134836674	0.37054532766342163	-0.15484800934791565	1.0	0.029787229374051094	-0.06470171362161636	0.20288950204849243	0.21808107197284698	0.44745954871177673	-0.020959462970495224	-0.12384393811225891	0.04890526086091995	0.2805382311344147	0.24467158317565918	-0.04118786007165909	0.03155476599931717	0.40823453664779663	0.07854211330413818	-0.15942947566509247	-0.08823565393686295	-0.12556123733520508	-0.16166163980960846	-0.10546724498271942	-0.45329412817955017	-0.20712381601333618	-0.15006501972675323	0.10149648785591125	-0.000770048180129379	0.25786593556404114	-0.3764106035232544	0.4516700804233551	-0.12212073802947998	0.03227502852678299	-0.2722691595554352	-0.12763293087482452	0.05811756104230881	-0.1451781690120697	0.5289959907531738	0.12861046195030212	-0.022574516013264656	0.047607507556676865	-0.021884692832827568	-0.11578745394945145	-0.14448325335979462
DAN_LABEL_41	-0.4850615859031677	0.30368340015411377	0.4308924674987793	0.10691557824611664	-0.07352480292320251	-0.4647315442562103	-0.4700162410736084	n/a	-0.24577298760414124	-0.037333209067583084	0.11260002851486206	0.0451546274125576	0.1909720003604889	-0.010629451833665371	0.47945940494537354	-0.2752382457256317	-0.4131087362766266	-0.24247433245182037	-0.16848669946193695	-0.05796918645501137	-0.021539170295000076	0.33288639783859253	0.2645012140274048	-0.37606194615364075	0.1345585584640503	-0.24344465136528015	-0.29432371258735657	-0.39622965455055237	0.28452378511428833	0.543181300163269	-0.03191695362329483	-0.11630003154277802	-0.21655745804309845	-0.19549016654491425	n/a	-0.0018880937714129686	0.16338412463665009	0.34220826625823975	-0.29728010296821594	0.029787229374051094	1.0	-0.009601227007806301	-0.04604217782616615	0.09305916726589203	0.26547515392303467	0.21056458353996277	0.6906601786613464	-0.10036150366067886	0.5661392211914062	0.16901923716068268	0.3833765983581543	-0.12675608694553375	0.12070970237255096	0.29889655113220215	-0.028661072254180908	-0.21383802592754364	-0.10114889591932297	0.25850075483322144	0.1371123045682907	-0.36434683203697205	0.23278318345546722	-0.2204609215259552	-0.17203515768051147	0.02554226852953434	0.20842933654785156	-0.23709431290626526	-0.4127761423587799	0.01237863302230835	-0.18197254836559296	0.2253289371728897	-0.44341859221458435	-0.1691756546497345	0.04381711408495903	-0.108747698366642	-0.09588698297739029	0.06093405932188034	-0.006273339502513409	0.019175244495272636	0.12413987517356873	0.2803019881248474
CO_LABEL_42	-0.20481440424919128	0.10278882831335068	0.28552937507629395	0.22292642295360565	-0.21643365919589996	-0.15403099358081818	0.008414368145167828	n/a	0.0783502459526062	0.4581717252731323	-0.3255350887775421	0.5168318152427673	0.24464498460292816	-0.03313697874546051	0.39566147327423096	-0.39225849509239197	0.7973832488059998	-0.33452731370925903	-0.12668924033641815	0.5255316495895386	0.4286457300186157	-0.27265697717666626	0.4082399904727936	-0.23187562823295593	0.4070097804069519	0.054502714425325394	-0.10752096027135849	-0.1811755746603012	0.09479957818984985	-0.16410642862319946	0.3145120143890381	-0.13073980808258057	-0.21332994103431702	-0.09209741652011871	n/a	0.4671473801136017	-0.17958402633666992	0.14302638173103333	0.28967204689979553	-0.06470171362161636	-0.009601227007806301	1.0	-0.22905826568603516	0.3439156413078308	0.3715888559818268	-0.019240060821175575	0.21495553851127625	-0.23087412118911743	0.19079524278640747	-0.45428311824798584	-0.3480125665664673	0.011409709230065346	0.0898679792881012	-0.027919605374336243	-0.33513766527175903	-0.14780740439891815	0.06424689292907715	-0.35891345143318176	-0.17188481986522675	0.41945725679397583	0.09107264876365662	-0.04086722806096077	-0.14973855018615723	-0.2036629170179367	-0.310403436422348	0.32399776577949524	-0.06633765250444412	0.4590577781200409	-0.15342502295970917	0.28362536430358887	-0.2416364997625351	-0.08113636076450348	0.3326486051082611	0.11569109559059143	0.03752988204360008	0.27021917700767517	0.3850575089454651	0.14472180604934692	-0.01639239490032196	-0.08082812279462814
VAN_LABEL_43	0.4050161838531494	0.17860595881938934	-0.48389995098114014	-0.09547492861747742	0.04490537568926811	-0.13543204963207245	-0.05207075551152229	n/a	-0.10062588006258011	-0.11480047553777695	0.007380921859294176	-0.2765918970108032	0.02134845219552517	0.20752567052841187	-0.16206128895282745	0.15623034536838531	-0.35380876064300537	0.33957910537719727	0.5511741638183594	-0.39289191365242004	-0.4106611907482147	-0.2668648958206177	-0.3645641803741455	0.03214653953909874	-0.18793562054634094	0.22689518332481384	0.31524187326431274	0.27528631687164307	0.12405581027269363	-0.23510386049747467	-0.131942480802536	0.05982610210776329	0.030609698966145515	-0.009481318295001984	n/a	-0.1467645913362503	-0.16054992377758026	-0.2232385128736496	-0.08423790335655212	0.20288950204849243	-0.04604217782616615	-0.22905826568603516	1.0	-0.1957876980304718	-0.2544674873352051	-0.07103016972541809	-0.22208020091056824	-0.17763261497020721	0.001860330463387072	0.06300661712884903	-0.03068816289305687	0.08279737830162048	0.2387942522764206	-0.3253401517868042	0.28463014960289	-0.005033581051975489	-0.22323180735111237	0.23511281609535217	0.29360470175743103	-0.10581686347723007	-0.22475165128707886	-0.03130235895514488	0.01203408557921648	-0.1663651019334793	0.06411246210336685	-0.11299069225788116	0.3283538818359375	-0.13694022595882416	0.2615355849266052	-0.2361576110124588	0.01280911359935999	0.0019418740412220359	-0.12740592658519745	0.2195456475019455	-0.06020945683121681	-0.10610504448413849	-0.04808584973216057	0.11923538893461227	-0.2590978145599365	0.19404533505439758
CO_LABEL_44	-0.4686700999736786	0.1937565803527832	0.5576173663139343	0.39958712458610535	-0.3998260796070099	-0.10067418217658997	-0.19644424319267273	n/a	0.14504314959049225	0.47144052386283875	-0.02160319872200489	0.4580574929714203	-0.13083137571811676	0.13617929816246033	0.22983285784721375	-0.3547934889793396	0.3335166871547699	-0.1498706042766571	-0.18748056888580322	0.5163583159446716	0.75190269947052	0.06802020221948624	0.2820458710193634	-0.1445639431476593	0.49165818095207214	0.05918138846755028	-0.19024623930454254	-0.3769543766975403	0.20871073007583618	0.19484856724739075	0.3334641456604004	-0.10832914710044861	-0.14439500868320465	-0.20682911574840546	n/a	0.5727735161781311	0.1699431836605072	0.4523746073246002	-0.21456941962242126	0.21808107197284698	0.09305916726589203	0.3439156413078308	-0.1957876980304718	1.0	0.7207010984420776	0.21473351120948792	0.1643819659948349	0.042017266154289246	0.5213586091995239	-0.31644269824028015	-0.24385398626327515	0.08942516893148422	0.4629296362400055	0.2655157446861267	-0.5560216307640076	-0.15010640025138855	0.24832645058631897	-0.1772008240222931	0.04635222256183624	-0.21664784848690033	0.3134952783584595	-0.15911933779716492	-0.33421847224235535	-0.03677147999405861	-0.10085607320070267	-0.25074630975723267	-0.26258641481399536	0.03409706801176071	-0.24735616147518158	0.07156921178102493	-0.44378384947776794	0.020876850932836533	0.012991580180823803	-0.016476087272167206	0.23784486949443817	0.1513550877571106	0.4959453344345093	0.2726189196109772	0.015243257395923138	-0.012741846963763237
CO_LABEL_45	-0.5457673668861389	0.06743981689214706	0.6418231725692749	0.39730745553970337	-0.5066611766815186	-0.13517072796821594	-0.5004186630249023	n/a	-0.3014223575592041	0.46949994564056396	-0.05008234828710556	0.4178927540779114	-0.013460448943078518	0.3401244282722473	0.10358264297246933	-0.3625622093677521	0.22236944735050201	-0.09986836463212967	-0.2603527009487152	0.5895997881889343	0.8054540753364563	0.18650801479816437	0.0736771672964096	-0.2618834376335144	0.18828971683979034	-0.039364803582429886	-0.38711243867874146	-0.41884368658065796	0.05698373541235924	0.47166869044303894	0.34893161058425903	-0.23602963984012604	-0.02743947133421898	-0.4144267439842224	n/a	0.6387073397636414	0.2435523420572281	0.5465639233589172	-0.18470145761966705	0.44745954871177673	0.26547515392303467	0.3715888559818268	-0.2544674873352051	0.7207010984420776	1.0	0.33530882000923157	0.24333904683589935	0.07774829119443893	0.5202450156211853	-0.022579152137041092	0.043232616037130356	-0.04702582210302353	0.47884806990623474	0.1868496984243393	-0.4702063202857971	-0.2651970088481903	0.0521465465426445	-0.2736281752586365	-0.07222989201545715	-0.21210458874702454	0.14135804772377014	-0.08554913103580475	-0.13749052584171295	0.06416420638561249	0.046042557805776596	-0.29350683093070984	-0.22635790705680847	-0.0156065933406353	-0.32651352882385254	-0.032020848244428635	-0.39671382308006287	-0.05912964791059494	-0.039187878370285034	0.15301065146923065	0.0837002545595169	0.0550631508231163	0.3742489218711853	0.20850399136543274	-0.031813424080610275	-0.14740777015686035
Sal_LABEL_46	-0.302878737449646	0.03594573587179184	0.25404345989227295	-0.1044347882270813	-0.03692273050546646	0.10658814758062363	-0.23963305354118347	n/a	-0.30875298380851746	0.2679148316383362	0.4705136716365814	0.0094232726842165	-0.07756093889474869	-0.11447316408157349	0.012171166017651558	-0.2802009582519531	-0.03647857904434204	-0.1922856867313385	-0.32179754972457886	0.023145882412791252	0.3113732635974884	0.5367501378059387	0.04583961144089699	-0.00048265926307067275	-0.006917079910635948	-0.16410797834396362	0.003137643914669752	-0.4377555549144745	0.005948700942099094	0.4051640033721924	-0.25404679775238037	0.10547372698783875	0.35147860646247864	-0.09570908546447754	n/a	0.08123333752155304	0.8073208332061768	-0.08852598816156387	-0.5486997961997986	-0.020959462970495224	0.21056458353996277	-0.019240060821175575	-0.07103016972541809	0.21473351120948792	0.33530882000923157	1.0	0.20538869500160217	0.2991650104522705	0.1341649740934372	0.17231078445911407	0.27323636412620544	-0.2572799026966095	0.10505284368991852	-0.03812427446246147	0.15899650752544403	-0.146184504032135	-0.11461057513952255	-0.08881902694702148	0.06293546408414841	-0.33449989557266235	-0.06591475754976273	-0.1543983370065689	0.14377960562705994	-0.3523799479007721	-0.17694388329982758	-0.495868057012558	-0.48206859827041626	-0.12512022256851196	-0.24783439934253693	0.15064893662929535	-0.47722381353378296	-0.41450315713882446	0.013236721977591515	-0.12047210335731506	-0.08703868836164474	-0.13035577535629272	-0.10874959826469421	0.2500339150428772	-0.09143996238708496	0.23596228659152985
DAN_LABEL_47	-0.5865558981895447	0.29359525442123413	0.34638774394989014	0.016170509159564972	-0.24602462351322174	-0.33649441599845886	-0.3104088306427002	n/a	-0.1210450828075409	0.10128868371248245	0.003084849566221237	0.1536599099636078	-0.04111527279019356	-0.18930406868457794	0.44523870944976807	-0.35720786452293396	-0.030230773612856865	-0.5411453247070312	-0.33925503492355347	0.05419129878282547	0.16049142181873322	0.24702052772045135	0.660053014755249	-0.34840211272239685	0.2446967512369156	-0.5055829882621765	-0.2766174376010895	-0.5158494114875793	0.3525635600090027	0.5171961188316345	-0.03809778764843941	-0.23186315596103668	-0.21924301981925964	-0.04444233700633049	n/a	0.085091732442379	0.17661918699741364	0.12321528792381287	-0.19178734719753265	-0.12384393811225891	0.6906601786613464	0.21495553851127625	-0.22208020091056824	0.1643819659948349	0.24333904683589935	0.20538869500160217	1.0	0.07493539154529572	0.44335323572158813	0.0945049598813057	0.33141082525253296	-0.38346245884895325	-0.004294451791793108	0.10173612087965012	0.0019054249860346317	-0.11025835573673248	-0.1308555155992508	0.015443423762917519	0.057727862149477005	-0.16514185070991516	0.40122127532958984	0.0565209686756134	-0.10260593146085739	0.058376140892505646	0.1430542916059494	-0.05453920736908913	-0.280319482088089	0.17274272441864014	-0.393878698348999	0.3871678411960602	-0.5241071581840515	-0.05056813359260559	0.03649424389004707	0.027164766564965248	-0.1229277104139328	-0.08450878411531448	-0.06427963078022003	0.18311618268489838	0.11494400352239609	0.4065459966659546
PMN_LABEL_48	-0.2678007185459137	-0.44891202449798584	0.18983247876167297	-0.4093014597892761	-0.14706124365329742	0.5850344896316528	0.0715700015425682	n/a	0.03265576437115669	-0.22413571178913116	0.09766171127557755	-0.06087329238653183	-0.2810889482498169	-0.023333124816417694	-0.22662444412708282	0.22770020365715027	-0.0942147895693779	0.03096119686961174	-0.28055790066719055	-0.009716049768030643	0.08151628077030182	0.23301658034324646	-0.027467045933008194	0.6637442708015442	0.07725568115711212	-0.4109300374984741	-0.10150998085737228	-0.3673642575740814	-0.399158239364624	0.5444411635398865	-0.4554513990879059	-0.09024807065725327	0.7713717818260193	0.30601778626441956	n/a	0.026934847235679626	0.4000985622406006	-0.05430755391716957	-0.22883835434913635	0.04890526086091995	-0.10036150366067886	-0.23087412118911743	-0.17763261497020721	0.042017266154289246	0.07774829119443893	0.2991650104522705	0.07493539154529572	1.0	0.14926543831825256	0.5671941637992859	0.40228021144866943	-0.4791358709335327	0.16223406791687012	-0.0021486019250005484	0.1958135962486267	0.05869259685277939	-0.17640845477581024	-0.26637256145477295	-0.035752154886722565	-0.24877145886421204	-0.05675168335437775	0.3635844588279724	0.1391099989414215	0.04043349623680115	0.20226424932479858	-0.07691243290901184	0.1503562331199646	-0.18335916101932526	-0.3463500738143921	-0.2769232988357544	-0.28526777029037476	-0.0522318109869957	-0.13106749951839447	0.15664958953857422	-0.09113874286413193	-0.05591893941164017	-0.28559696674346924	-0.06328344345092773	-0.14395898580551147	-0.007558220997452736
DAN_LABEL_49	-0.6343117952346802	0.18048006296157837	0.527868390083313	0.2929608225822449	-0.5569586753845215	-0.2518826425075531	-0.4388376772403717	n/a	-0.1323094218969345	0.034024178981781006	-0.0736118033528328	0.15948349237442017	0.17099036276340485	0.24020086228847504	0.30123502016067505	-0.3039756119251251	-0.15169697999954224	-0.18271736800670624	0.03938262537121773	0.21967819333076477	0.2996780276298523	0.06167161837220192	0.20546530187129974	-0.23079723119735718	0.5085469484329224	-0.09615527093410492	-0.39833542704582214	-0.46515101194381714	0.1755916029214859	0.5276150107383728	0.12297291308641434	-0.354722797870636	0.0013114236062392592	-0.2354946732521057	n/a	0.24426455795764923	0.11673508584499359	0.4918542206287384	-0.22334346175193787	0.2805382311344147	0.5661392211914062	0.19079524278640747	0.001860330463387072	0.5213586091995239	0.5202450156211853	0.1341649740934372	0.44335323572158813	0.14926543831825256	1.0	0.05524187535047531	0.16987141966819763	-0.033845290541648865	0.48712918162345886	0.20028288662433624	-0.3804185688495636	-0.24321752786636353	-0.16736629605293274	0.03888898715376854	0.37154895067214966	-0.3529582619667053	0.2923941910266876	0.10154471546411514	-0.3365042805671692	0.09046684205532074	0.37562817335128784	-0.21067827939987183	-0.2241252213716507	0.08265901356935501	-0.3034336566925049	0.06871160864830017	-0.5817828178405762	0.007342041935771704	0.17067213356494904	0.09212178736925125	-0.01099083200097084	0.16849856078624725	0.31872838735580444	0.2269376516342163	-0.0006666991976089776	0.1551419347524643
DMN_LABEL_50	-0.058856479823589325	-0.5224119424819946	-0.03144759312272072	-0.3992680609226227	-0.12928467988967896	0.2482699751853943	-0.1723005324602127	n/a	-0.345010370016098	-0.49708643555641174	0.08476222306489944	-0.25877267122268677	-0.18677251040935516	0.2128312736749649	-0.3313927948474884	0.530751645565033	-0.5209894180297852	0.2933741509914398	-0.0885869711637497	-0.35799238085746765	-0.24214521050453186	0.31179821491241455	-0.390421062707901	0.3596845865249634	-0.3969624936580658	-0.4028738737106323	-0.08039887994527817	0.02230200730264187	-0.5016613006591797	0.65589439868927	-0.4795425236225128	-0.16893884539604187	0.525561511516571	0.05727196857333183	n/a	-0.28080621361732483	0.2161562144756317	-0.08783981204032898	-0.08597169816493988	0.24467158317565918	0.16901923716068268	-0.45428311824798584	0.06300661712884903	-0.31644269824028015	-0.022579152137041092	0.17231078445911407	0.0945049598813057	0.5671941637992859	0.05524187535047531	1.0	0.6688536405563354	-0.39311981201171875	-0.025088388472795486	0.06499257683753967	0.5719683170318604	-0.01029738038778305	-0.34748268127441406	0.006531482562422752	-0.12245494872331619	-0.42468059062957764	-0.3321986496448517	0.31812378764152527	0.3614449203014374	0.28341007232666016	0.4643278121948242	-0.1352887600660324	0.22679144144058228	-0.38759538531303406	-0.01692887209355831	-0.48550426959991455	-0.09428410232067108	-0.1732242852449417	-0.4426981508731842	0.2298678159713745	-0.25515228509902954	-0.17887131869792938	-0.5800948739051819	-0.3401647210121155	-0.20416873693466187	-0.009898921474814415
FP_LABEL_51	-0.38953760266304016	-0.3083561062812805	0.02874387428164482	-0.1710088849067688	-0.0005058639799244702	-0.0984322652220726	-0.41252997517585754	n/a	-0.2491035759449005	-0.24880000948905945	0.11043782532215118	-0.3150540888309479	0.07130847126245499	-0.09387446194887161	-0.1465853452682495	0.06569364666938782	-0.36298811435699463	-0.20585019886493683	-0.09182829409837723	-0.3253691494464874	-0.1099449172616005	0.25831517577171326	-0.09833832830190659	-0.05475618317723274	-0.16440200805664062	-0.5312435030937195	-0.3484344780445099	-0.26343977451324463	-0.33530357480049133	0.6316543221473694	-0.2707342803478241	0.003123866394162178	0.15272513031959534	-0.04378184303641319	n/a	-0.2153577208518982	0.36279621720314026	-0.1091744676232338	-0.01830342598259449	-0.04118786007165909	0.3833765983581543	-0.3480125665664673	-0.03068816289305687	-0.24385398626327515	0.043232616037130356	0.27323636412620544	0.33141082525253296	0.40228021144866943	0.16987141966819763	0.6688536405563354	1.0	-0.4057876765727997	-0.155890092253685	-0.037025533616542816	0.4047703146934509	0.052451953291893005	-0.28369036316871643	0.169947549700737	0.2026832550764084	-0.10541625320911407	0.017223641276359558	0.4441831707954407	0.17639784514904022	0.22368037700653076	0.4748159646987915	0.08615770190954208	-0.11071369051933289	-0.048279233276844025	-0.3079507350921631	-0.1721741408109665	-0.23581953346729279	-0.2918967604637146	-0.07626471668481827	-0.1468859165906906	-0.3865640461444855	-0.3160274922847748	-0.3554672598838806	-0.004876907914876938	-0.11284903436899185	0.09519484639167786
DMN_LABEL_52	0.2174968421459198	0.28327271342277527	-0.05898601934313774	0.26419511437416077	0.21624025702476501	-0.30663949251174927	0.09043203294277191	n/a	0.05964064225554466	0.17015522718429565	-0.3059302270412445	0.165102019906044	0.13848933577537537	0.13159365952014923	-0.051226042211055756	-0.1563539355993271	0.03133092820644379	0.13184723258018494	0.1911592036485672	0.041351281106472015	0.004097886849194765	-0.38035663962364197	-0.21496395766735077	-0.3390318751335144	-0.10683387517929077	0.8136082887649536	0.07025827467441559	0.206923246383667	0.2270621657371521	-0.35509419441223145	0.3323388695716858	0.26884377002716064	-0.2756158709526062	-0.14257855713367462	n/a	0.16403885185718536	-0.34227779507637024	0.23256926238536835	0.17498838901519775	0.03155476599931717	-0.12675608694553375	0.011409709230065346	0.08279737830162048	0.08942516893148422	-0.04702582210302353	-0.2572799026966095	-0.38346245884895325	-0.4791358709335327	-0.033845290541648865	-0.39311981201171875	-0.4057876765727997	1.0	0.05568015202879906	0.13090737164020538	-0.28797224164009094	-0.0037405374459922314	0.22091911733150482	0.05590248480439186	0.1285121887922287	-0.0890989899635315	0.011441577225923538	-0.28143495321273804	-0.15722014009952545	-0.06287985295057297	-0.1702534556388855	-0.03100769966840744	-0.13035044074058533	-0.09332598745822906	0.19295550882816315	0.1322835236787796	0.2657134234905243	0.1845923811197281	0.07047609239816666	-0.20562981069087982	-0.04069049656391144	0.13389113545417786	0.2681984603404999	0.008081497624516487	0.17103509604930878	-0.054002389311790466
DMN_LABEL_53	-0.1315133273601532	0.2770653963088989	0.2806655168533325	0.17639192938804626	-0.49439775943756104	0.05036076530814171	-0.217373326420784	n/a	-0.052755068987607956	0.11318591237068176	-0.16382047533988953	0.17067044973373413	-0.08076804131269455	0.30465367436408997	0.02981674298644066	-0.12340649962425232	-0.0729527473449707	0.29823070764541626	-0.004794437438249588	0.24756678938865662	0.24398520588874817	-0.035202667117118835	-0.06622975319623947	0.10160030424594879	0.21074004471302032	0.14467604458332062	-0.07745599001646042	-0.2163282334804535	0.2987314462661743	0.2131628394126892	0.048423975706100464	-0.14804698526859283	0.1778261661529541	-0.22258538007736206	n/a	0.31455591320991516	0.08304616808891296	0.23494896292686462	-0.29649704694747925	0.40823453664779663	0.12070970237255096	0.0898679792881012	0.2387942522764206	0.4629296362400055	0.47884806990623474	0.10505284368991852	-0.004294451791793108	0.16223406791687012	0.48712918162345886	-0.025088388472795486	-0.155890092253685	0.05568015202879906	1.0	-0.08146250993013382	-0.35212400555610657	-0.1963023692369461	0.17907331883907318	-0.26292940974235535	-0.012841730378568172	-0.3193773627281189	0.110844187438488	-0.11745607852935791	-0.24144744873046875	-0.0919300839304924	-0.06275571137666702	-0.29486170411109924	0.12253808975219727	0.008475301787257195	-0.18154247105121613	-0.11947543174028397	-0.34913522005081177	0.1499042809009552	0.0516238659620285	0.366865873336792	0.29378366470336914	0.21881955862045288	0.12317660450935364	0.013514154590666294	-0.10581480711698532	0.06613247841596603
PON_LABEL_54	-0.2677253186702728	-0.1198083683848381	0.37461626529693604	0.052592720836400986	0.13836131989955902	-0.28327274322509766	0.0957188606262207	n/a	0.2157890647649765	-0.04301157593727112	0.05665653198957443	0.21249113976955414	0.08197089284658432	0.05909103900194168	0.11453674733638763	-0.12340845912694931	-0.16630308330059052	-0.04709639400243759	-0.3593299090862274	0.05778147280216217	0.14016903936862946	0.20602856576442719	0.08427301049232483	-0.0934455618262291	0.12264246493577957	0.006049902178347111	-0.23258376121520996	-0.21356217563152313	-0.10029152035713196	0.1562177836894989	0.0416814349591732	0.13450832664966583	-0.12436182051897049	0.2631971836090088	n/a	0.09430982917547226	-0.056082263588905334	0.3924592435359955	-0.21467579901218414	0.07854211330413818	0.29889655113220215	-0.027919605374336243	-0.3253401517868042	0.2655157446861267	0.1868496984243393	-0.03812427446246147	0.10173612087965012	-0.0021486019250005484	0.20028288662433624	0.06499257683753967	-0.037025533616542816	0.13090737164020538	-0.08146250993013382	1.0	-0.13036760687828064	-0.1566755175590515	0.038464803248643875	0.14942528307437897	-0.08770465105772018	-0.2721431255340576	0.21148352324962616	-0.27891138195991516	-0.018111448734998703	0.03386034071445465	0.0801721140742302	-0.29448220133781433	-0.29479169845581055	-0.1013912707567215	0.052768729627132416	0.11087408661842346	-0.12618517875671387	-0.01789500191807747	-0.11916669458150864	-0.22715497016906738	0.0159682035446167	0.15842801332473755	0.15244603157043457	0.06682896614074707	0.0956084206700325	-0.1955104023218155
DMN_LABEL_55	0.3342542350292206	-0.21970829367637634	-0.5253313779830933	-0.5626046657562256	0.2710956335067749	0.12370648235082626	0.06854937970638275	n/a	-0.19170744717121124	-0.34369930624961853	0.07377550005912781	-0.3572676479816437	-0.15603122115135193	-0.11444935202598572	-0.30382823944091797	0.4206823706626892	-0.3297143578529358	0.17411379516124725	0.15660014748573303	-0.6564982533454895	-0.5882339477539062	0.061384666711091995	-0.29376256465911865	0.28427547216415405	-0.4946998059749603	-0.25885307788848877	0.447474867105484	0.19361864030361176	-0.2719435691833496	0.068799689412117	-0.5854452252388	0.08597259223461151	0.2928614616394043	0.17109237611293793	n/a	-0.3369966149330139	0.06880059093236923	-0.49149733781814575	0.022289518266916275	-0.15942947566509247	-0.028661072254180908	-0.33513766527175903	0.28463014960289	-0.5560216307640076	-0.4702063202857971	0.15899650752544403	0.0019054249860346317	0.1958135962486267	-0.3804185688495636	0.5719683170318604	0.4047703146934509	-0.28797224164009094	-0.35212400555610657	-0.13036760687828064	1.0	0.010239868424832821	-0.39780059456825256	0.15039879083633423	-0.07991502434015274	-0.05239037796854973	-0.2473263293504715	0.20335625112056732	0.4291672706604004	-0.05966992676258087	0.07133961468935013	0.09407877922058105	0.18965069949626923	-0.24173709750175476	0.08230548352003098	-0.2715795338153839	0.07886972278356552	-0.36494824290275574	-0.28790539503097534	-0.003556272480636835	-0.333414763212204	-0.30636733770370483	-0.49590152502059937	-0.22347067296504974	-0.18066532909870148	0.1508999615907669
Tpole_LABEL_56	0.04781943932175636	-0.13550503551959991	-0.0403963066637516	-0.25373926758766174	0.35977327823638916	0.1963660567998886	0.23787358403205872	n/a	0.32102179527282715	-0.11630205810070038	0.23313158750534058	-0.041946835815906525	-0.21467140316963196	-0.032337162643671036	-0.13460835814476013	0.16954872012138367	0.011538012884557247	0.11277461796998978	-0.01819324679672718	0.028337519615888596	-0.0796833410859108	0.14032304286956787	-0.022268706932663918	0.16087356209754944	-0.010921688750386238	-0.13466179370880127	0.05704769864678383	0.21145224571228027	-0.10332011431455612	-0.14326007664203644	-0.12437059730291367	0.14471501111984253	0.00477204192429781	0.07885552197694778	n/a	-0.22196778655052185	0.07697881758213043	-0.14421847462654114	0.052760835736989975	-0.08823565393686295	-0.21383802592754364	-0.14780740439891815	-0.005033581051975489	-0.15010640025138855	-0.2651970088481903	-0.146184504032135	-0.11025835573673248	0.05869259685277939	-0.24321752786636353	-0.01029738038778305	0.052451953291893005	-0.0037405374459922314	-0.1963023692369461	-0.1566755175590515	0.010239868424832821	1.0	0.2904551327228546	-0.039176058024168015	-0.15586398541927338	0.061317525804042816	-0.02207598090171814	0.3238583207130432	-0.049772780388593674	0.05086078867316246	-0.020063605159521103	0.1350409984588623	0.23977434635162354	-0.1328514963388443	-0.19818323850631714	-0.008744393475353718	0.297922283411026	0.07297679036855698	-0.1309535950422287	-0.07385503500699997	0.1585015058517456	-0.034546833485364914	-0.04992615059018135	-0.03934855759143829	-0.14250628650188446	-0.14301352202892303
Tpole_LABEL_57	0.11355512589216232	0.03608377277851105	0.17141816020011902	0.16709093749523163	0.14767718315124512	0.01903730444610119	0.28736254572868347	n/a	0.3376995921134949	0.15081636607646942	0.1843428760766983	0.09769713133573532	-0.08187975734472275	-0.1835872232913971	0.2184264212846756	-0.02499869465827942	0.27329021692276	0.09376049786806107	-0.19030088186264038	0.2516559064388275	0.19978414475917816	0.050871968269348145	0.185611292719841	0.020023763179779053	0.18041133880615234	0.16611599922180176	-0.009445172734558582	0.1199905276298523	0.08476193249225616	-0.27652207016944885	0.20355740189552307	0.2969655394554138	-0.2761343717575073	0.13580405712127686	n/a	0.0787012055516243	0.04111919179558754	-0.001902801333926618	-0.03751650080084801	-0.12556123733520508	-0.10114889591932297	0.06424689292907715	-0.22323180735111237	0.24832645058631897	0.0521465465426445	-0.11461057513952255	-0.1308555155992508	-0.17640845477581024	-0.16736629605293274	-0.34748268127441406	-0.28369036316871643	0.22091911733150482	0.17907331883907318	0.038464803248643875	-0.39780059456825256	0.2904551327228546	1.0	-0.16966411471366882	-0.2746719419956207	0.17985449731349945	0.14482513070106506	-0.1162758469581604	-0.30125391483306885	0.1291985809803009	-0.257284551858902	0.07758114486932755	-0.05817060172557831	0.23077775537967682	0.00041270742076449096	0.10272860527038574	0.13950224220752716	0.33379560708999634	0.12184964120388031	-0.12152476608753204	0.4128827750682831	0.18719252943992615	0.12639673054218292	-0.12107978016138077	-0.01219874992966652	-0.15967777371406555
Sal_LABEL_58	0.034637365490198135	0.22758053243160248	-0.12422661483287811	0.24072487652301788	0.18449607491493225	-0.3199538588523865	-0.10680089145898819	n/a	0.07061760127544403	-0.30834314227104187	0.3545083999633789	-0.475528359413147	-0.07274463772773743	-0.11583828181028366	0.08003152161836624	0.2550710141658783	-0.4577474296092987	0.0978596955537796	0.36019113659858704	-0.3127182722091675	-0.3284904658794403	0.18293549120426178	-0.01871471107006073	-0.14260320365428925	0.0385795459151268	-0.014560236595571041	0.2094539850950241	0.17081959545612335	0.09696464240550995	-0.0718478262424469	0.15327051281929016	-0.08515038341283798	-0.24397669732570648	0.03957588970661163	n/a	-0.5243367552757263	0.0830148309469223	-0.2522291839122772	-0.005616199690848589	-0.16166163980960846	0.25850075483322144	-0.35891345143318176	0.23511281609535217	-0.1772008240222931	-0.2736281752586365	-0.08881902694702148	0.015443423762917519	-0.26637256145477295	0.03888898715376854	0.006531482562422752	0.169947549700737	0.05590248480439186	-0.26292940974235535	0.14942528307437897	0.15039879083633423	-0.039176058024168015	-0.16966411471366882	1.0	0.5626559853553772	-6.759985262760893e-05	0.25448909401893616	-0.1285320371389389	-0.37469810247421265	0.07660159468650818	0.02070027031004429	-0.05172887444496155	-0.17998144030570984	-0.11321354657411575	0.24295926094055176	0.10519466549158096	-0.04961561784148216	-0.10077434778213501	-0.17945173382759094	-0.26803016662597656	0.19656889140605927	0.14417479932308197	0.11796220391988754	0.13154713809490204	0.32270166277885437	0.19824311137199402
Sal_LABEL_59	-0.2373792976140976	0.20690612494945526	-0.06855322420597076	0.3803192675113678	-0.14306797087192535	-0.30126550793647766	-0.2771074175834656	n/a	0.025023242458701134	0.04475074261426926	0.08499713987112045	-0.2609376311302185	0.16885097324848175	-0.08781231194734573	0.036166343837976456	-0.2047230750322342	-0.2118730992078781	-0.21759997308254242	0.3136785924434662	-0.11876309663057327	-0.09159194678068161	-0.11669208854436874	0.020055584609508514	-0.2950911223888397	0.2761257588863373	0.12908881902694702	-0.07116872072219849	-0.16047722101211548	0.14426031708717346	0.06352736800909042	0.23255358636379242	-0.07611823827028275	-0.03892207145690918	-0.07904666662216187	n/a	-0.13904930651187897	0.14570654928684235	-0.015956681221723557	-0.06572370231151581	-0.10546724498271942	0.1371123045682907	-0.17188481986522675	0.29360470175743103	0.04635222256183624	-0.07222989201545715	0.06293546408414841	0.057727862149477005	-0.035752154886722565	0.37154895067214966	-0.12245494872331619	0.2026832550764084	0.1285121887922287	-0.012841730378568172	-0.08770465105772018	-0.07991502434015274	-0.15586398541927338	-0.2746719419956207	0.5626559853553772	1.0	-0.0014597957488149405	0.28383615612983704	0.09520883858203888	-0.30901676416397095	-0.03193949535489082	0.22906626760959625	-0.0528067909181118	-0.23400598764419556	0.14365725219249725	-0.11107368767261505	0.0764564499258995	-0.22615784406661987	-0.00044937984785065055	0.16607770323753357	-0.21334224939346313	-0.13661831617355347	-0.05304141342639923	0.33456581830978394	0.47571325302124023	0.2119332253932953	0.34438762068748474
SMd_LABEL_60	0.2091742753982544	-0.05765070021152496	-0.2830391228199005	0.1806611567735672	0.17048801481723785	-0.023096082732081413	0.17314258217811584	n/a	0.215002179145813	0.14762909710407257	-0.15472117066383362	-0.08120766282081604	0.20509260892868042	-0.4312404990196228	0.144435852766037	-0.11039581894874573	0.602557361125946	-0.23649534583091736	0.15813805162906647	0.19302663207054138	-0.013197570107877254	-0.36060988903045654	0.2299390584230423	-0.10728394985198975	0.23423434793949127	-0.08253270387649536	-0.02258656546473503	0.14344072341918945	-0.11197330802679062	-0.5532890558242798	0.33184686303138733	0.08959373831748962	-0.3029826879501343	0.11137127131223679	n/a	0.039266642183065414	-0.26238515973091125	-0.28993862867355347	0.5884082913398743	-0.45329412817955017	-0.36434683203697205	0.41945725679397583	-0.10581686347723007	-0.21664784848690033	-0.21210458874702454	-0.33449989557266235	-0.16514185070991516	-0.24877145886421204	-0.3529582619667053	-0.42468059062957764	-0.10541625320911407	-0.0890989899635315	-0.3193773627281189	-0.2721431255340576	-0.05239037796854973	0.061317525804042816	0.17985449731349945	-6.759985262760893e-05	-0.0014597957488149405	1.0	0.14190563559532166	0.3056575059890747	-0.19655607640743256	0.1496647745370865	-0.2132291942834854	0.7346348762512207	0.04844803735613823	0.5218372344970703	0.007974482141435146	0.11228480190038681	0.2649465501308441	0.06074598804116249	0.32188528776168823	-0.14995750784873962	0.016977546736598015	0.01181103102862835	0.27560436725616455	0.1138581857085228	0.024408476427197456	-0.10854922980070114
DAN_LABEL_61	-0.40151649713516235	0.43490174412727356	0.17360533773899078	0.30995774269104004	-0.20616361498832703	-0.28494787216186523	-0.11099357903003693	n/a	0.1797720491886139	0.12113235145807266	0.002579831052571535	-0.11727935075759888	-0.16742150485515594	-0.28676795959472656	0.298069030046463	-0.35311707854270935	0.11002172529697418	-0.4181775152683258	0.010834574699401855	0.17941448092460632	0.2079189121723175	0.010100485756993294	0.5260875225067139	-0.31912365555763245	0.5123871564865112	-0.19903066754341125	-0.18616940081119537	-0.3844890296459198	0.36842626333236694	0.017284801229834557	0.27639538049697876	-0.10862777382135391	-0.3118917942047119	0.06676162034273148	n/a	0.030695805326104164	-0.010183013044297695	-0.0005866895662620664	0.007954146713018417	-0.20712381601333618	0.23278318345546722	0.09107264876365662	-0.22475165128707886	0.3134952783584595	0.14135804772377014	-0.06591475754976273	0.40122127532958984	-0.05675168335437775	0.2923941910266876	-0.3321986496448517	0.017223641276359558	0.011441577225923538	0.110844187438488	0.21148352324962616	-0.2473263293504715	-0.02207598090171814	0.14482513070106506	0.25448909401893616	0.28383615612983704	0.14190563559532166	1.0	0.0941631868481636	-0.5285841822624207	0.20005564391613007	-0.07777088135480881	0.21431365609169006	-0.28362664580345154	0.2783547639846802	-0.28460001945495605	0.3241703510284424	-0.28975942730903625	0.23285476863384247	0.15842589735984802	-0.07006046921014786	0.24705150723457336	-0.033818334341049194	0.2609963119029999	0.26055580377578735	0.37680768966674805	0.22170795500278473
FP_LABEL_62	-0.09605218470096588	-0.37764737010002136	-0.2275477647781372	-0.12648460268974304	-0.17276296019554138	0.1530298888683319	-0.0032773464918136597	n/a	0.09338198602199554	-0.21911843121051788	-0.1072491854429245	-0.1893189549446106	-0.018058961257338524	-0.15339836478233337	-0.2507431209087372	0.14306077361106873	0.0892380103468895	-0.03561016917228699	0.11486753076314926	-0.03482929989695549	-0.08442610502243042	-0.17192493379116058	-0.07347181439399719	0.09151200205087662	0.09906190633773804	-0.3131573498249054	-0.11851055175065994	0.07370283454656601	-0.3295431137084961	0.17889852821826935	-0.12234785407781601	-0.09452033042907715	0.11441247910261154	0.015200162306427956	n/a	-0.037588585168123245	-0.022279778495430946	-0.11659800261259079	0.2284913808107376	-0.15006501972675323	-0.2204609215259552	-0.04086722806096077	-0.03130235895514488	-0.15911933779716492	-0.08554913103580475	-0.1543983370065689	0.0565209686756134	0.3635844588279724	0.10154471546411514	0.31812378764152527	0.4441831707954407	-0.28143495321273804	-0.11745607852935791	-0.27891138195991516	0.20335625112056732	0.3238583207130432	-0.1162758469581604	-0.1285320371389389	0.09520883858203888	0.3056575059890747	0.0941631868481636	1.0	-0.026844553649425507	0.4565536081790924	0.5343922972679138	0.4604746401309967	0.29989510774612427	0.10431946814060211	-0.2993336319923401	-0.24732543528079987	0.12076054513454437	0.10290977358818054	0.07831624150276184	-0.04363519325852394	-0.25264930725097656	-0.2581290900707245	-0.08627048879861832	-0.02212137170135975	-0.2110203504562378	-0.07237878441810608
DMN_LABEL_63	0.19042734801769257	-0.3955637514591217	-0.2610943019390106	-0.5260639786720276	0.13575442135334015	0.1920371800661087	0.016789302229881287	n/a	-0.2593272924423218	-0.01950502209365368	-0.01250411570072174	0.126177117228508	0.1742730736732483	0.1001134142279625	-0.37405309081077576	-0.002360925078392029	-0.07563450932502747	-0.09795606136322021	-0.2892003059387207	-0.2923005521297455	-0.21353094279766083	0.02821003459393978	-0.3055911362171173	0.1383443921804428	-0.5223730206489563	-0.12850746512413025	-0.10272233933210373	0.0739397332072258	-0.33554911613464355	0.04586054012179375	-0.5112465023994446	0.09508334845304489	0.31443852186203003	0.01081307977437973	n/a	-0.04507105052471161	0.01056645531207323	-0.01770327053964138	-0.05316093564033508	0.10149648785591125	-0.17203515768051147	-0.14973855018615723	0.01203408557921648	-0.33421847224235535	-0.13749052584171295	0.14377960562705994	-0.10260593146085739	0.1391099989414215	-0.3365042805671692	0.3614449203014374	0.17639784514904022	-0.15722014009952545	-0.24144744873046875	-0.018111448734998703	0.4291672706604004	-0.049772780388593674	-0.30125391483306885	-0.37469810247421265	-0.30901676416397095	-0.19655607640743256	-0.5285841822624207	-0.026844553649425507	1.0	-0.12857948243618011	0.20766527950763702	-0.21850073337554932	0.1525883972644806	-0.14720533788204193	0.09710225462913513	-0.24368716776371002	0.2147808074951172	-0.21373869478702545	-0.02385740354657173	0.08705415576696396	-0.4187154471874237	-0.44516634941101074	-0.4365863502025604	-0.1692589372396469	-0.4648806154727936	-0.23652148246765137
FP_LABEL_64	-0.015626482665538788	-0.22596117854118347	-0.022814542055130005	0.14559480547904968	-0.29091528058052063	0.07528837770223618	-0.05236970633268356	n/a	-0.10607670247554779	-0.26510655879974365	0.01666433922946453	-0.29107028245925903	-0.09287447482347488	-0.07939133048057556	-0.1547490507364273	0.24365001916885376	-0.13673418760299683	0.0443781316280365	-0.03156791254878044	-0.027336882427334785	-0.01621129736304283	0.03187106177210808	-0.07300231605768204	-0.07902278751134872	-0.005206305533647537	-0.2546265423297882	-0.31110960245132446	0.2318781167268753	-0.18438200652599335	0.1888420581817627	0.13248993456363678	-0.21169549226760864	-0.13424812257289886	-0.02535426989197731	n/a	-0.13138709962368011	-0.1716633141040802	0.19207219779491425	0.24377046525478363	-0.000770048180129379	0.02554226852953434	-0.2036629170179367	-0.1663651019334793	-0.03677147999405861	0.06416420638561249	-0.3523799479007721	0.058376140892505646	0.04043349623680115	0.09046684205532074	0.28341007232666016	0.22368037700653076	-0.06287985295057297	-0.0919300839304924	0.03386034071445465	-0.05966992676258087	0.05086078867316246	0.1291985809803009	0.07660159468650818	-0.03193949535489082	0.1496647745370865	0.20005564391613007	0.4565536081790924	-0.12857948243618011	1.0	0.4918014109134674	0.1996520310640335	0.08180757611989975	0.014796593226492405	0.1210097074508667	-0.18630163371562958	0.25553596019744873	0.5033629536628723	-0.12446267902851105	0.06000243127346039	0.09119255095720291	-0.1550893485546112	-0.023767676204442978	-0.18904316425323486	0.11603869497776031	-0.2235269844532013
FP_LABEL_65	-0.19741353392601013	-0.36987942457199097	-0.062319569289684296	0.03933824598789215	-0.29803702235221863	-0.058043304830789566	-0.20890899002552032	n/a	-0.13903768360614777	-0.2731242775917053	0.018359502777457237	-0.1359776109457016	0.2626146674156189	0.2057092934846878	-0.2778393030166626	0.03286265581846237	-0.391422301530838	-0.03664705157279968	-0.03149254992604256	-0.1340104639530182	-0.17688800394535065	-0.017883500084280968	-0.29337096214294434	-0.1290026307106018	-0.1186017394065857	-0.24147547781467438	-0.38045042753219604	0.037070341408252716	-0.24244745075702667	0.44597360491752625	-0.07265043258666992	-0.12744790315628052	0.019821573048830032	-0.05694660171866417	n/a	-0.10206535458564758	-0.06221621111035347	0.3454291820526123	-0.08948791027069092	0.25786593556404114	0.20842933654785156	-0.310403436422348	0.06411246210336685	-0.10085607320070267	0.046042557805776596	-0.17694388329982758	0.1430542916059494	0.20226424932479858	0.37562817335128784	0.4643278121948242	0.4748159646987915	-0.1702534556388855	-0.06275571137666702	0.0801721140742302	0.07133961468935013	-0.020063605159521103	-0.257284551858902	0.02070027031004429	0.22906626760959625	-0.2132291942834854	-0.07777088135480881	0.5343922972679138	0.20766527950763702	0.4918014109134674	1.0	-0.07514221221208572	0.15797126293182373	0.03812113031744957	0.013217980973422527	-0.2891189455986023	0.02626895159482956	0.18248501420021057	0.16400384902954102	-0.042235687375068665	-0.27544304728507996	-0.1992049217224121	-0.045988865196704865	-0.04699990153312683	-0.2130822241306305	-0.1285519301891327
SMd_LABEL_66	0.10322298109531403	-0.09663248807191849	-0.2990361452102661	-0.0032003221567720175	0.02933047153055668	-0.043551359325647354	0.14957548677921295	n/a	0.18478000164031982	-0.10776101797819138	-0.43416929244995117	-0.14572498202323914	0.026579761877655983	-0.2932193875312805	0.1069287657737732	0.11444573849439621	0.47157564759254456	-0.18528428673744202	0.32444989681243896	0.04905278608202934	-0.12212125211954117	-0.49587881565093994	0.17073188722133636	-0.010015511885285378	0.17697396874427795	-0.11298515647649765	-0.018106993287801743	0.15488778054714203	-0.17988446354866028	-0.31391921639442444	0.1738128513097763	-0.09581828862428665	-0.220939040184021	0.09449216723442078	n/a	-0.013091584667563438	-0.47109782695770264	-0.31729933619499207	0.7675907015800476	-0.3764106035232544	-0.23709431290626526	0.32399776577949524	-0.11299069225788116	-0.25074630975723267	-0.29350683093070984	-0.495868057012558	-0.05453920736908913	-0.07691243290901184	-0.21067827939987183	-0.1352887600660324	0.08615770190954208	-0.03100769966840744	-0.29486170411109924	-0.29448220133781433	0.09407877922058105	0.1350409984588623	0.07758114486932755	-0.05172887444496155	-0.0528067909181118	0.7346348762512207	0.21431365609169006	0.4604746401309967	-0.21850073337554932	0.1996520310640335	-0.07514221221208572	1.0	0.24508722126483917	0.33481696248054504	-0.11701015383005142	-0.12984657287597656	0.20617179572582245	0.022145597264170647	0.1455097794532776	0.023389268666505814	-0.11066629737615585	-0.04138222336769104	-0.01897367462515831	-0.23973184823989868	0.06083443760871887	0.004464094992727041
SMl_LABEL_67	0.42182105779647827	-0.21254363656044006	-0.4269471764564514	-0.2666606903076172	-0.16014698147773743	0.3968797028064728	0.3113691210746765	n/a	0.16915541887283325	-0.28823819756507874	-0.2165028303861618	-0.08810341358184814	-0.201205775141716	0.4818059504032135	-0.42200177907943726	0.5386140942573547	-0.011874593794345856	0.44166508316993713	0.255254328250885	-0.10436467081308365	-0.34217944741249084	-0.2738049030303955	-0.33402422070503235	0.44063401222229004	-0.33991721272468567	0.0007220791885629296	0.2804776728153229	0.49586787819862366	-0.13325268030166626	-0.17882081866264343	-0.16312330961227417	-0.15516935288906097	0.23022118210792542	0.16398191452026367	n/a	-0.10591121017932892	-0.3381044268608093	-0.24403342604637146	0.27562716603279114	0.4516700804233551	-0.4127761423587799	-0.06633765250444412	0.3283538818359375	-0.26258641481399536	-0.22635790705680847	-0.48206859827041626	-0.280319482088089	0.1503562331199646	-0.2241252213716507	0.22679144144058228	-0.11071369051933289	-0.13035044074058533	0.12253808975219727	-0.29479169845581055	0.18965069949626923	0.23977434635162354	-0.05817060172557831	-0.17998144030570984	-0.23400598764419556	0.04844803735613823	-0.28362664580345154	0.29989510774612427	0.1525883972644806	0.08180757611989975	0.15797126293182373	0.24508722126483917	1.0	0.006578512955456972	0.14133822917938232	-0.3967890739440918	0.2920537292957306	0.2029525190591812	-0.1710205078125	0.556606650352478	0.17882922291755676	0.04980161413550377	-0.240773543715477	-0.37140753865242004	-0.2704974114894867	-0.14876292645931244
SMd_LABEL_68	-0.06001019477844238	-0.01238513458520174	-0.1121446043252945	0.24875226616859436	-0.1334763467311859	-0.08089062571525574	0.10256239026784897	n/a	0.36039191484451294	0.27785518765449524	-0.04114462062716484	0.16610805690288544	0.5325517058372498	-0.20925244688987732	0.24093477427959442	-0.4107730984687805	0.44938620924949646	-0.467674195766449	-0.18489670753479004	0.19640691578388214	0.01219085045158863	-0.08623620867729187	0.3156358599662781	-0.2426612228155136	0.2903405725955963	-0.16284948587417603	-0.22235655784606934	-0.0897064134478569	0.1116146445274353	-0.21554528176784515	0.15707223117351532	0.2355785369873047	-0.2567276358604431	0.1584889441728592	n/a	0.13019120693206787	0.02649828791618347	0.01819753460586071	0.1675386279821396	-0.12212073802947998	0.01237863302230835	0.4590577781200409	-0.13694022595882416	0.03409706801176071	-0.0156065933406353	-0.12512022256851196	0.17274272441864014	-0.18335916101932526	0.08265901356935501	-0.38759538531303406	-0.048279233276844025	-0.09332598745822906	0.008475301787257195	-0.1013912707567215	-0.24173709750175476	-0.1328514963388443	0.23077775537967682	-0.11321354657411575	0.14365725219249725	0.5218372344970703	0.2783547639846802	0.10431946814060211	-0.14720533788204193	0.014796593226492405	0.03812113031744957	0.33481696248054504	0.006578512955456972	1.0	0.016470899805426598	0.37754619121551514	-0.2391972690820694	0.2106882631778717	0.7467333674430847	-0.14043357968330383	0.13480205833911896	0.06127356365323067	0.3185993432998657	0.1334601193666458	-0.12412725389003754	0.02597389742732048
DMN_LABEL_69	0.5896954536437988	-0.18017995357513428	-0.2834030091762543	0.019183676689863205	0.18877917528152466	0.13349199295043945	0.24527917802333832	n/a	0.015793588012456894	-0.27506309747695923	0.09940701723098755	-0.2401551604270935	0.08338695019483566	0.035430628806352615	0.003256184747442603	0.3512741029262543	-0.17121633887290955	0.33682915568351746	0.2137482911348343	-0.18037454783916473	-0.3399721384048462	-0.010070822201669216	-0.28728005290031433	0.09525250643491745	-0.2309032827615738	0.2688244581222534	0.26209646463394165	0.5251139402389526	-0.19022925198078156	-0.3330833613872528	0.011624091304838657	0.2062123715877533	-0.03612835705280304	0.10251616686582565	n/a	-0.40258359909057617	-0.2143699824810028	-0.11082343757152557	0.21873094141483307	0.03227502852678299	-0.18197254836559296	-0.15342502295970917	0.2615355849266052	-0.24735616147518158	-0.32651352882385254	-0.24783439934253693	-0.393878698348999	-0.3463500738143921	-0.3034336566925049	-0.01692887209355831	-0.3079507350921631	0.19295550882816315	-0.18154247105121613	0.052768729627132416	0.08230548352003098	-0.19818323850631714	0.00041270742076449096	0.24295926094055176	-0.11107368767261505	0.007974482141435146	-0.28460001945495605	-0.2993336319923401	0.09710225462913513	0.1210097074508667	0.013217980973422527	-0.11701015383005142	0.14133822917938232	0.016470899805426598	1.0	-0.04246807470917702	0.35523879528045654	0.10011160373687744	0.005093907006084919	-0.06042899191379547	0.2099131941795349	0.21218964457511902	-0.0682322233915329	-0.2965239882469177	-0.05145807936787605	-0.15605217218399048
DAN_LABEL_70	-0.2686278522014618	0.38022586703300476	0.20483899116516113	0.05839710682630539	0.23044300079345703	-0.20220188796520233	-0.05544104427099228	n/a	0.15897437930107117	0.31564369797706604	0.15504968166351318	0.23139835894107819	0.3068619668483734	-0.29761427640914917	0.43274304270744324	-0.43512123823165894	0.2114412933588028	-0.44943171739578247	-0.26581457257270813	0.09602881968021393	0.1377926468849182	0.20507098734378815	0.5569605827331543	-0.3553696870803833	0.27540579438209534	0.03847656399011612	-0.0325169637799263	-0.23544543981552124	0.4217134118080139	-0.15087813138961792	0.03148558735847473	0.2749839127063751	-0.35478106141090393	0.016972027719020844	n/a	0.03192947432398796	0.23239997029304504	0.06419450044631958	-0.14001800119876862	-0.2722691595554352	0.2253289371728897	0.28362536430358887	-0.2361576110124588	0.07156921178102493	-0.032020848244428635	0.15064893662929535	0.3871678411960602	-0.2769232988357544	0.06871160864830017	-0.48550426959991455	-0.1721741408109665	0.1322835236787796	-0.11947543174028397	0.11087408661842346	-0.2715795338153839	-0.008744393475353718	0.10272860527038574	0.10519466549158096	0.0764564499258995	0.11228480190038681	0.3241703510284424	-0.24732543528079987	-0.24368716776371002	-0.18630163371562958	-0.2891189455986023	-0.12984657287597656	-0.3967890739440918	0.37754619121551514	-0.04246807470917702	1.0	-0.17720063030719757	0.07135067135095596	0.4103722870349884	-0.26437491178512573	0.13915294408798218	0.1338646113872528	0.2504495084285736	0.370622843503952	0.24802768230438232	0.20427122712135315
DMN_LABEL_71	0.5700645446777344	-0.21048036217689514	-0.3887433111667633	-0.09567760676145554	0.37977612018585205	0.15900863707065582	0.2857467830181122	n/a	0.01416101586073637	-0.28155720233917236	-0.16433817148208618	-0.20607532560825348	0.043505050241947174	-0.0557866133749485	-0.2606542408466339	0.3154977858066559	-0.018325310200452805	0.37017640471458435	0.18335683643817902	-0.06260418146848679	-0.35294753313064575	-0.30911117792129517	-0.36919069290161133	0.059378206729888916	-0.35361671447753906	0.3728107511997223	0.17428289353847504	0.6456102132797241	-0.192775160074234	-0.4729606509208679	0.07135593146085739	0.131679967045784	-0.09921342879533768	-0.01910811848938465	n/a	-0.24667491018772125	-0.4656330943107605	-0.10463500767946243	0.3821805715560913	-0.12763293087482452	-0.44341859221458435	-0.2416364997625351	0.01280911359935999	-0.44378384947776794	-0.39671382308006287	-0.47722381353378296	-0.5241071581840515	-0.28526777029037476	-0.5817828178405762	-0.09428410232067108	-0.23581953346729279	0.2657134234905243	-0.34913522005081177	-0.12618517875671387	0.07886972278356552	0.297922283411026	0.13950224220752716	-0.04961561784148216	-0.22615784406661987	0.2649465501308441	-0.28975942730903625	0.12076054513454437	0.2147808074951172	0.25553596019744873	0.02626895159482956	0.20617179572582245	0.2920537292957306	-0.2391972690820694	0.35523879528045654	-0.17720063030719757	1.0	0.2365497350692749	-0.11247072368860245	-0.06670375913381577	-0.052473582327365875	-0.09598801285028458	-0.18076613545417786	-0.34334516525268555	0.09508959203958511	-0.33158978819847107
FP_LABEL_72	0.15750497579574585	0.06747891753911972	-0.08118317276239395	0.17353633046150208	-0.25325798988342285	0.10079770535230637	0.25672948360443115	n/a	0.149308443069458	-0.06674794107675552	-0.03265881538391113	0.01232917606830597	-0.047395575791597366	-0.014602849259972572	-0.09557623416185379	0.0007346282945945859	0.03456277772784233	0.028231048956513405	-0.035770997405052185	0.13583600521087646	-0.01646469347178936	-0.19826126098632812	0.05861764773726463	-0.041400037705898285	0.051910337060689926	0.15861082077026367	-0.11582072079181671	0.22778993844985962	0.2216925173997879	-0.1532442420721054	0.18873457610607147	-0.04248400405049324	-0.14918750524520874	0.17384180426597595	n/a	0.03145072981715202	-0.25783103704452515	0.19450442492961884	-0.008638150058686733	0.05811756104230881	-0.1691756546497345	-0.08113636076450348	0.0019418740412220359	0.020876850932836533	-0.05912964791059494	-0.41450315713882446	-0.05056813359260559	-0.0522318109869957	0.007342041935771704	-0.1732242852449417	-0.2918967604637146	0.1845923811197281	0.1499042809009552	-0.01789500191807747	-0.36494824290275574	0.07297679036855698	0.33379560708999634	-0.10077434778213501	-0.00044937984785065055	0.06074598804116249	0.23285476863384247	0.10290977358818054	-0.21373869478702545	0.5033629536628723	0.18248501420021057	0.022145597264170647	0.2029525190591812	0.2106882631778717	0.10011160373687744	0.07135067135095596	0.2365497350692749	1.0	0.0660843774676323	0.2207089364528656	0.2532247304916382	-0.06629321724176407	0.07985217869281769	-0.020776603370904922	0.196651890873909	-0.08114172518253326
SMd_LABEL_73	-0.09253978729248047	0.012973594479262829	-0.056226249784231186	0.1313038170337677	0.0036015096120536327	-0.04611588642001152	0.08605586737394333	n/a	0.25085732340812683	0.22443008422851562	-0.027910856530070305	0.16761839389801025	0.7061176300048828	-0.20393969118595123	0.15042337775230408	-0.5421197414398193	0.3022747337818146	-0.3889099955558777	-0.1617317795753479	0.16448280215263367	-0.03060462698340416	-0.12364396452903748	0.1389109492301941	-0.23700159788131714	0.2809394598007202	0.04353182017803192	-0.2226990908384323	-0.12875783443450928	0.10624761134386063	-0.18593908846378326	0.029933393001556396	0.29315873980522156	-0.14821992814540863	0.08807031065225601	n/a	0.14350469410419464	0.052849315106868744	0.17905431985855103	-0.01432276051491499	-0.1451781690120697	0.04381711408495903	0.3326486051082611	-0.12740592658519745	0.012991580180823803	-0.039187878370285034	0.013236721977591515	0.03649424389004707	-0.13106749951839447	0.17067213356494904	-0.4426981508731842	-0.07626471668481827	0.07047609239816666	0.0516238659620285	-0.11916669458150864	-0.28790539503097534	-0.1309535950422287	0.12184964120388031	-0.17945173382759094	0.16607770323753357	0.32188528776168823	0.15842589735984802	0.07831624150276184	-0.02385740354657173	-0.12446267902851105	0.16400384902954102	0.1455097794532776	-0.1710205078125	0.7467333674430847	0.005093907006084919	0.4103722870349884	-0.11247072368860245	0.0660843774676323	1.0	-0.3544965982437134	0.02727649174630642	0.09310314804315567	0.330426424741745	0.12298409640789032	-0.15987282991409302	-0.0295602735131979
SMl_LABEL_74	0.01317357923835516	0.09686350077390671	-0.02964673936367035	-0.10730350017547607	-0.5466313362121582	0.24574324488639832	-0.0948028713464737	n/a	-0.3359832465648651	-0.039385873824357986	-0.12414169311523438	0.021202409639954567	-0.3166053593158722	0.49850496649742126	-0.11466706544160843	0.25539180636405945	0.04605523869395256	0.15792809426784515	0.14545588195323944	0.09021700918674469	0.02574135549366474	-0.06464222818613052	-0.028593525290489197	0.23038946092128754	-0.09292355179786682	-0.15282145142555237	-0.07428710907697678	0.059180762618780136	0.09080992639064789	0.04945980757474899	-0.013721631839871407	-0.6000378131866455	0.3005087375640869	-0.039827119559049606	n/a	-0.010899977758526802	-0.16640810668468475	-0.11010520160198212	0.10239991545677185	0.5289959907531738	-0.108747698366642	0.11569109559059143	0.2195456475019455	-0.016476087272167206	0.15301065146923065	-0.12047210335731506	0.027164766564965248	0.15664958953857422	0.09212178736925125	0.2298678159713745	-0.1468859165906906	-0.20562981069087982	0.366865873336792	-0.22715497016906738	-0.003556272480636835	-0.07385503500699997	-0.12152476608753204	-0.26803016662597656	-0.21334224939346313	-0.14995750784873962	-0.07006046921014786	-0.04363519325852394	0.08705415576696396	0.06000243127346039	-0.042235687375068665	0.023389268666505814	0.556606650352478	-0.14043357968330383	-0.06042899191379547	-0.26437491178512573	-0.06670375913381577	0.2207089364528656	-0.3544965982437134	1.0	0.1820814162492752	-0.00611732667312026	-0.238372340798378	-0.1817651093006134	-0.0616978220641613	-0.006522605661302805
MTL_LABEL_75	0.09702832251787186	0.13349924981594086	0.1971047818660736	0.14140145480632782	-0.0962018370628357	0.2511027455329895	0.2347058802843094	n/a	0.33808210492134094	-0.04876900464296341	0.3576953113079071	-0.09710356593132019	-0.24238544702529907	0.04704291746020317	0.08609609305858612	0.22687014937400818	0.06119673699140549	0.22221027314662933	-0.07587199658155441	0.3371814489364624	0.1265111267566681	0.3407495617866516	0.09019798040390015	0.2533106207847595	0.2130204737186432	-0.04392950236797333	0.21844984591007233	0.22085213661193848	0.158151775598526	-0.18262754380702972	0.1719011515378952	-0.05134724825620651	-0.016928644850850105	0.11611340939998627	n/a	-0.2064235508441925	0.14317430555820465	-0.17081908881664276	-0.12134051322937012	0.12861046195030212	-0.09588698297739029	0.03752988204360008	-0.06020945683121681	0.23784486949443817	0.0837002545595169	-0.08703868836164474	-0.1229277104139328	-0.09113874286413193	-0.01099083200097084	-0.25515228509902954	-0.3865640461444855	-0.04069049656391144	0.29378366470336914	0.0159682035446167	-0.333414763212204	0.1585015058517456	0.4128827750682831	0.19656889140605927	-0.13661831617355347	0.016977546736598015	0.24705150723457336	-0.25264930725097656	-0.4187154471874237	0.09119255095720291	-0.27544304728507996	-0.11066629737615585	0.17882922291755676	0.13480205833911896	0.2099131941795349	0.13915294408798218	-0.052473582327365875	0.2532247304916382	0.02727649174630642	0.1820814162492752	1.0	0.5758153796195984	0.22572945058345795	-0.1805204600095749	0.12207023799419403	-0.0052108424715697765
MTL_LABEL_76	0.06126873940229416	-0.03063056617975235	0.36147332191467285	0.17888064682483673	0.08860306441783905	0.10864496976137161	0.2515389025211334	n/a	0.2721991539001465	-0.08113852888345718	0.015773119404911995	0.03236256167292595	0.0543869286775589	0.003747249022126198	0.2634405493736267	0.20728616416454315	0.08465232700109482	0.25449901819229126	-0.041169941425323486	0.3378910720348358	0.0625394657254219	0.0993497371673584	0.06441471725702286	0.25067052245140076	0.2667517066001892	0.19163848459720612	0.165887713432312	0.13073663413524628	-0.015543804503977299	-0.046248067170381546	0.24132679402828217	-0.015916503965854645	0.03943540155887604	0.16464152932167053	n/a	-0.10951748490333557	-0.0359935536980629	-0.07163859158754349	-0.028271986171603203	-0.022574516013264656	0.06093405932188034	0.27021917700767517	-0.10610504448413849	0.1513550877571106	0.0550631508231163	-0.13035577535629272	-0.08450878411531448	-0.05591893941164017	0.16849856078624725	-0.17887131869792938	-0.3160274922847748	0.13389113545417786	0.21881955862045288	0.15842801332473755	-0.30636733770370483	-0.034546833485364914	0.18719252943992615	0.14417479932308197	-0.05304141342639923	0.01181103102862835	-0.033818334341049194	-0.2581290900707245	-0.44516634941101074	-0.1550893485546112	-0.1992049217224121	-0.04138222336769104	0.04980161413550377	0.06127356365323067	0.21218964457511902	0.1338646113872528	-0.09598801285028458	-0.06629321724176407	0.09310314804315567	-0.00611732667312026	0.5758153796195984	1.0	0.23789654672145844	-0.2326650619506836	0.11642632633447647	-0.09895530343055725
CO_LABEL_77	-0.21090058982372284	0.21172268688678741	0.2511250972747803	0.5024324059486389	-0.07193513959646225	-0.23205676674842834	-0.12636466324329376	n/a	0.2219928801059723	0.4996598958969116	0.04353245347738266	0.37147125601768494	0.23874899744987488	0.055292870849370956	0.20542022585868835	-0.3944292962551117	0.3337446451187134	-0.1507909595966339	0.10016051679849625	0.44729796051979065	0.4358941912651062	-0.07621864974498749	0.15643566846847534	-0.3066788613796234	0.4288797080516815	0.18844887614250183	-0.06008637696504593	-0.10565248131752014	0.17272718250751495	-0.2416122853755951	0.5124794840812683	0.07253193110227585	-0.3234104514122009	-0.17058289051055908	n/a	0.4798274636268616	-0.02255832776427269	0.4448122978210449	0.02729170210659504	0.047607507556676865	-0.006273339502513409	0.3850575089454651	-0.04808584973216057	0.4959453344345093	0.3742489218711853	-0.10874959826469421	-0.06427963078022003	-0.28559696674346924	0.31872838735580444	-0.5800948739051819	-0.3554672598838806	0.2681984603404999	0.12317660450935364	0.15244603157043457	-0.49590152502059937	-0.04992615059018135	0.12639673054218292	0.11796220391988754	0.33456581830978394	0.27560436725616455	0.2609963119029999	-0.08627048879861832	-0.4365863502025604	-0.023767676204442978	-0.045988865196704865	-0.01897367462515831	-0.240773543715477	0.3185993432998657	-0.0682322233915329	0.2504495084285736	-0.18076613545417786	0.07985217869281769	0.330426424741745	-0.238372340798378	0.22572945058345795	0.23789654672145844	1.0	0.44621822237968445	0.011170033365488052	-0.0744900107383728
CO_LABEL_78	-0.42042917013168335	0.3225221633911133	0.1413920521736145	0.2881503701210022	-0.03963427618145943	-0.3171728253364563	-0.3173964321613312	n/a	-0.01693776063621044	0.4512496888637543	0.1520920991897583	0.19185975193977356	0.09807195514440536	-0.05767025798559189	0.15504181385040283	-0.57004314661026	0.15097452700138092	-0.4135929346084595	-0.037456214427948	0.10747823864221573	0.3365166485309601	-0.01872757449746132	0.32672759890556335	-0.4075597822666168	0.3397658169269562	-0.033128589391708374	-0.20322676002979279	-0.5143362879753113	0.2851220369338989	-0.056431375443935394	0.24653814733028412	0.032280921936035156	-0.15219652652740479	-0.10219788551330566	n/a	0.24934116005897522	0.27882522344589233	0.16493962705135345	-0.23137050867080688	-0.021884692832827568	0.019175244495272636	0.14472180604934692	0.11923538893461227	0.2726189196109772	0.20850399136543274	0.2500339150428772	0.18311618268489838	-0.06328344345092773	0.2269376516342163	-0.3401647210121155	-0.004876907914876938	0.008081497624516487	0.013514154590666294	0.06682896614074707	-0.22347067296504974	-0.03934855759143829	-0.12107978016138077	0.13154713809490204	0.47571325302124023	0.1138581857085228	0.26055580377578735	-0.02212137170135975	-0.1692589372396469	-0.18904316425323486	-0.04699990153312683	-0.23973184823989868	-0.37140753865242004	0.1334601193666458	-0.2965239882469177	0.370622843503952	-0.34334516525268555	-0.020776603370904922	0.12298409640789032	-0.1817651093006134	-0.1805204600095749	-0.2326650619506836	0.44621822237968445	1.0	0.08914349228143692	0.2350003570318222
Vis_LABEL_79	-0.07702606171369553	0.43408796191215515	0.10544932633638382	0.4561057686805725	-0.022493910044431686	-0.23791542649269104	-0.004428805783390999	n/a	-0.012164101004600525	-0.1860095113515854	-0.19779320061206818	-0.2291320562362671	-0.2863391935825348	-0.08657856285572052	0.02997528202831745	-0.011580788530409336	-0.0570480115711689	-0.02036195434629917	0.025899816304445267	0.07046674191951752	-0.008328558877110481	-0.15191707015037537	0.13325050473213196	-0.2711702287197113	0.035382091999053955	0.17545382678508759	0.11627954989671707	-0.054755713790655136	0.42141589522361755	0.07698408514261246	0.42635858058929443	-0.09118080884218216	-0.27734169363975525	-0.002155926078557968	n/a	-0.12420278787612915	-0.13891497254371643	0.009971355088055134	0.04700031131505966	-0.11578745394945145	0.12413987517356873	-0.01639239490032196	-0.2590978145599365	0.015243257395923138	-0.031813424080610275	-0.09143996238708496	0.11494400352239609	-0.14395898580551147	-0.0006666991976089776	-0.20416873693466187	-0.11284903436899185	0.17103509604930878	-0.10581480711698532	0.0956084206700325	-0.18066532909870148	-0.14250628650188446	-0.01219874992966652	0.32270166277885437	0.2119332253932953	0.024408476427197456	0.37680768966674805	-0.2110203504562378	-0.4648806154727936	0.11603869497776031	-0.2130822241306305	0.06083443760871887	-0.2704974114894867	-0.12412725389003754	-0.05145807936787605	0.24802768230438232	0.09508959203958511	0.196651890873909	-0.15987282991409302	-0.0616978220641613	0.12207023799419403	0.11642632633447647	0.011170033365488052	0.08914349228143692	1.0	0.30935296416282654
Vis_LABEL_80	-0.17921096086502075	0.4872760772705078	-0.13260608911514282	0.12405644357204437	-0.08946291357278824	-0.26873987913131714	-0.2091066539287567	n/a	-0.002488159341737628	-0.08297839015722275	-0.0712893158197403	-0.0856519341468811	-0.24290044605731964	-0.16864429414272308	0.19291211664676666	-0.1869255006313324	-0.10419866442680359	-0.20357434451580048	0.03245577961206436	-0.05505027621984482	-0.08921744674444199	-0.011769425123929977	0.25711968541145325	-0.2666394114494324	0.08577378839254379	-0.04066634923219681	0.21314029395580292	-0.24712435901165009	0.48501941561698914	0.1614120602607727	0.08174272626638412	0.011856726370751858	-0.0778113603591919	-0.07627121359109879	n/a	-0.09213924407958984	0.16545051336288452	-0.22074030339717865	-0.07734867185354233	-0.14448325335979462	0.2803019881248474	-0.08082812279462814	0.19404533505439758	-0.012741846963763237	-0.14740777015686035	0.23596228659152985	0.4065459966659546	-0.007558220997452736	0.1551419347524643	-0.009898921474814415	0.09519484639167786	-0.054002389311790466	0.06613247841596603	-0.1955104023218155	0.1508999615907669	-0.14301352202892303	-0.15967777371406555	0.19824311137199402	0.34438762068748474	-0.10854922980070114	0.22170795500278473	-0.07237878441810608	-0.23652148246765137	-0.2235269844532013	-0.1285519301891327	0.004464094992727041	-0.14876292645931244	0.02597389742732048	-0.15605217218399048	0.20427122712135315	-0.33158978819847107	-0.08114172518253326	-0.0295602735131979	-0.006522605661302805	-0.0052108424715697765	-0.09895530343055725	-0.0744900107383728	0.2350003570318222	0.30935296416282654	1.0
