Node	HIP-head-m-rh	HIP-head-l-rh	HIP-body-rh	HIP-tail-rh	THA-VPm-rh	THA-VPl-rh	THA-VAi-rh	THA-VAs-rh	THA-DAm-rh	THA-DAl-rh	PUT-VA-rh	PUT-DA-rh	PUT-VP-rh	PUT-DP-rh	CAU-VA-rh	CAU-DA-rh	CAU-body-rh	CAU-tail-rh	lAMY-rh	mAMY-rh	THA-DP-rh	NAc-shell-rh	NAc-core-rh	pGP-rh	aGP-rh	HIP-head-m-lh	HIP-head-l-l	HIP-body-l	HIP-tail-lh	THA-VPm-lh	THA-VPl-lh	THA-VAi-lh	THA-VAs-lh	THA-DAm-lh	THA-DAl-lh	PUT-VA-lh	PUT-DA-l	PUT-VP-lh	PUT-DP-lh	CAU-VA-lh	CAU-DA-lh	CAU-body-lh	CAU-tail-lh	lAMY-lh	mAMY-lh	THA-DP-lh	NAc-shell-lh	NAc-core-lh	pGP-lh	aGP-lh
HIP-head-m-rh	1.0	0.3859516978263855	0.27195388078689575	0.20826485753059387	0.39104917645454407	0.37922173738479614	0.2547342777252197	0.06442073732614517	0.049091264605522156	0.0881873220205307	-0.09439349919557571	-0.18476396799087524	-0.06093158945441246	-0.052289415150880814	-0.17042019963264465	-0.38953086733818054	0.0628274455666542	0.061543501913547516	-0.021260812878608704	0.02669057808816433	0.10319273173809052	-0.24686691164970398	-0.35123196244239807	0.15813244879245758	-0.2998502254486084	0.5947887897491455	0.38078686594963074	0.08452356606721878	0.09612896293401718	-0.35032227635383606	-0.005085010081529617	-0.09501039236783981	-0.04795081168413162	0.11965183168649673	-0.14136086404323578	-0.10777624696493149	-0.23996278643608093	-0.26036351919174194	-0.2776585519313812	-0.16928887367248535	-0.23518173396587372	-0.10625844448804855	0.15589271485805511	-0.07289682328701019	0.03210686892271042	-0.04192245751619339	-0.29483285546302795	-0.35494527220726013	-0.1019609197974205	-0.06010276824235916
HIP-head-l-rh	0.3859516978263855	1.0	0.4354437291622162	0.35046476125717163	0.38756734132766724	0.21650734543800354	0.05581062287092209	0.016505790874361992	0.2786494195461273	0.22958160936832428	0.06200969219207764	0.1106891930103302	0.09692016243934631	0.05180210620164871	0.011644468642771244	0.028433755040168762	0.02832438237965107	0.1613113135099411	-0.10071446001529694	-0.08568474650382996	0.3343597948551178	0.02108508162200451	-0.1921396553516388	0.04978179186582565	-0.052676670253276825	0.32321056723594666	0.2683613896369934	0.24762319028377533	0.387617290019989	0.09600307047367096	-0.10671409219503403	-0.08825480937957764	-0.0472373440861702	0.21520820260047913	0.08853926509618759	0.021706663072109222	0.01801266334950924	0.14376290142536163	-0.03726549074053764	-0.024039244279265404	-0.00366760091856122	-0.13636822998523712	0.09260962158441544	-0.005933016072958708	0.06249082460999489	0.20260609686374664	-0.07499527186155319	-0.14597991108894348	0.005574902053922415	0.06938297301530838
HIP-body-rh	0.27195388078689575	0.4354437291622162	1.0	0.46363183856010437	0.26136067509651184	0.16835735738277435	0.2512097656726837	0.03136897087097168	0.33000901341438293	0.11939216405153275	0.13806304335594177	0.16194137930870056	0.04808426275849342	0.07108529657125473	0.012556464411318302	0.004060895182192326	0.24954162538051605	0.2891773581504822	-0.14240007102489471	-0.27716267108917236	0.018011653795838356	0.13535861670970917	-0.04153955727815628	-0.09683988243341446	-0.035810694098472595	0.35668593645095825	0.06278251856565475	0.3014550805091858	0.46902894973754883	0.1425175666809082	0.17951565980911255	0.2119031846523285	-0.05625627934932709	0.218877375125885	0.1436360627412796	0.0814490020275116	0.09731066226959229	0.05682368949055672	0.013702630065381527	0.07294059544801712	0.07116598635911942	0.06437375396490097	0.03322955220937729	0.0750281810760498	-0.09073943644762039	0.12352194637060165	0.14708878099918365	-0.042999982833862305	-0.09018085151910782	0.20882180333137512
HIP-tail-rh	0.20826485753059387	0.35046476125717163	0.46363183856010437	1.0	0.4470754861831665	0.37501442432403564	0.3569132387638092	0.1941184252500534	0.3279242217540741	0.1621318757534027	0.09539809077978134	0.08072035014629364	0.10483481734991074	0.04864513874053955	-0.014666879549622536	0.056212592869997025	0.18340691924095154	0.21723225712776184	-0.0051348390989005566	-0.24975311756134033	0.41869401931762695	0.021860316395759583	0.03268376365303993	0.22174125909805298	-0.07132289558649063	0.21974270045757294	0.1360967755317688	0.34833788871765137	0.5015065670013428	0.1902240663766861	-0.0880124643445015	0.25688666105270386	0.017997944727540016	0.2240758091211319	0.13194775581359863	0.051752690225839615	0.031668104231357574	0.11788934469223022	0.07833010703325272	-0.12977491319179535	0.029011495411396027	0.01844934932887554	0.1132265254855156	0.19932185113430023	0.033255450427532196	0.2503788471221924	0.19725191593170166	0.027657300233840942	-0.06188298016786575	-0.028179336339235306
THA-VPm-rh	0.39104917645454407	0.38756734132766724	0.26136067509651184	0.4470754861831665	1.0	0.6564658880233765	0.31244415044784546	0.14011724293231964	0.37272098660469055	0.3743313252925873	-0.08842930942773819	0.05395609140396118	0.059966929256916046	0.015526155941188335	-0.24738049507141113	-0.06671471148729324	0.09940167516469955	0.06796739250421524	-0.032639581710100174	-0.21672323346138	0.2760452628135681	-0.2632651627063751	-0.2138572484254837	0.39750319719314575	0.12118051201105118	0.24677902460098267	-0.009343958459794521	-0.02527308464050293	0.12648238241672516	0.06594282388687134	0.029697731137275696	0.11167023330926895	0.10161910951137543	0.25621312856674194	0.14372380077838898	-0.049375344067811966	-0.0691368356347084	0.09184584021568298	-0.06783181428909302	-0.19821800291538239	-0.15232156217098236	0.004256476182490587	0.029562778770923615	0.05253373086452484	-0.008587184362113476	-0.1139448806643486	-0.03841332346200943	-0.157121941447258	0.13249513506889343	0.1687149554491043
THA-VPl-rh	0.37922173738479614	0.21650734543800354	0.16835735738277435	0.37501442432403564	0.6564658880233765	1.0	0.43983423709869385	0.13553059101104736	0.33721956610679626	0.34910979866981506	-0.010016468353569508	0.077804796397686	0.07421506196260452	-0.04251551628112793	-0.3258594870567322	-0.05627141520380974	0.11800231039524078	0.20029906928539276	-0.19000108540058136	-0.33164680004119873	0.17327892780303955	-0.18837851285934448	-0.3333659768104553	0.36122843623161316	0.10956831276416779	0.056086935102939606	0.10076267272233963	-0.21116389334201813	0.21929576992988586	0.02169599011540413	0.10284324735403061	0.09918522089719772	0.06591488420963287	0.21738620102405548	0.26889491081237793	-0.15481995046138763	-0.1570269763469696	-0.04805394634604454	-0.10857086628675461	-0.24548862874507904	-0.11244134604930878	0.1299460530281067	0.0671265572309494	-0.07376320660114288	-0.28656283020973206	-0.23178140819072723	-0.2614349126815796	-0.3123977482318878	0.03112664446234703	0.12157701700925827
THA-VAi-rh	0.2547342777252197	0.05581062287092209	0.2512097656726837	0.3569132387638092	0.31244415044784546	0.43983423709869385	1.0	0.562777578830719	0.43109801411628723	0.38833218812942505	0.21355590224266052	0.1395794153213501	0.05739845708012581	-0.04723489284515381	0.15576331317424774	0.08093374222517014	0.458626389503479	0.550657331943512	-0.4166570007801056	-0.3875935971736908	0.5228295922279358	0.15358437597751617	-0.018558431416749954	0.3079523742198944	0.22304488718509674	-0.15919242799282074	0.05971309915184975	-0.23166216909885406	0.2843201160430908	0.11677080392837524	0.3325215280056	0.42678338289260864	0.20949195325374603	0.4109507203102112	0.566432535648346	0.05689707770943642	-0.0396612323820591	0.03325933590531349	-0.03691451996564865	0.15383252501487732	0.08402565121650696	0.37812936305999756	0.4486582279205322	-0.19928602874279022	-0.28705862164497375	0.08105728775262833	0.11319879442453384	-0.050852905958890915	0.08605333417654037	0.054001979529857635
THA-VAs-rh	0.06442073732614517	0.016505790874361992	0.03136897087097168	0.1941184252500534	0.14011724293231964	0.13553059101104736	0.562777578830719	1.0	0.4840516746044159	0.4738427698612213	0.32361900806427	0.02167232520878315	0.2152278572320938	-0.02690483257174492	0.3306202292442322	0.20861974358558655	0.5295670032501221	0.3148854970932007	-0.4640945792198181	-0.28996121883392334	0.3783548176288605	0.1730046272277832	0.2510794997215271	0.26317325234413147	-0.0093001713976264	-0.1691707819700241	-0.1418294906616211	-0.055515557527542114	0.22451962530612946	0.240267813205719	0.31033530831336975	0.2645465135574341	0.6050966382026672	0.46283501386642456	0.6636791825294495	0.16019763052463531	-0.13412915170192719	0.15944035351276398	-0.04764711484313011	0.3229012191295624	0.1287425011396408	0.2882132828235626	0.286756306886673	-0.3439754843711853	-0.1820748746395111	0.11686894297599792	0.13051794469356537	0.14501447975635529	0.048792339861392975	-0.08883760869503021
THA-DAm-rh	0.049091264605522156	0.2786494195461273	0.33000901341438293	0.3279242217540741	0.37272098660469055	0.33721956610679626	0.43109801411628723	0.4840516746044159	1.0	0.6822747588157654	0.21096168458461761	0.12312932312488556	0.07120905816555023	-0.17260980606079102	-0.09467726200819016	0.19728554785251617	0.19954544305801392	0.135959193110466	-0.44689980149269104	-0.29236578941345215	0.4509736895561218	0.13599590957164764	0.07904089242219925	0.05795653164386749	0.11633767932653427	-0.015639735385775566	-0.12840116024017334	0.268690824508667	0.41363194584846497	0.1599520891904831	0.17448949813842773	-0.021154893562197685	0.2944474220275879	0.6744311451911926	0.6344746351242065	0.10521676391363144	-0.06908494234085083	0.053361810743808746	-0.16324250400066376	0.03938452526926994	-0.10700421780347824	-0.004335741978138685	-0.03793863207101822	-0.3593141436576843	-0.22156937420368195	0.05606953799724579	0.20849516987800598	0.16032172739505768	0.1085425540804863	0.04062638431787491
THA-DAl-rh	0.0881873220205307	0.22958160936832428	0.11939216405153275	0.1621318757534027	0.3743313252925873	0.34910979866981506	0.38833218812942505	0.4738427698612213	0.6822747588157654	1.0	0.23648250102996826	0.29823681712150574	0.1952897608280182	-0.0347856804728508	-0.03363272547721863	0.18526598811149597	0.29448917508125305	0.27140557765960693	-0.35707810521125793	-0.34152287244796753	0.3952237069606781	-0.0008344209636561573	0.05980350449681282	0.13589385151863098	0.09285593032836914	-0.04654912278056145	-0.15567010641098022	0.0011467618169263005	0.1770755797624588	0.03245919570326805	0.2700570523738861	0.07385482639074326	0.33660396933555603	0.5135490298271179	0.676643431186676	0.20143075287342072	0.059224825352430344	0.21101659536361694	0.013135652057826519	0.14821214973926544	0.009984992444515228	0.1884043663740158	0.1783527433872223	-0.38406869769096375	-0.4002813696861267	0.06600603461265564	0.08195540308952332	0.14472445845603943	0.26051416993141174	0.09231352061033249
PUT-VA-rh	-0.09439349919557571	0.06200969219207764	0.13806304335594177	0.09539809077978134	-0.08842930942773819	-0.010016468353569508	0.21355590224266052	0.32361900806427	0.21096168458461761	0.23648250102996826	1.0	0.6946549415588379	0.49409401416778564	0.49387577176094055	0.3889749348163605	0.6498730778694153	0.631968080997467	0.3951459527015686	-0.2264305204153061	-0.03639702871441841	0.06965538114309311	0.4947085678577423	0.5246447324752808	0.27392056584358215	0.1719515025615692	-0.1745731085538864	-0.11542906612157822	-0.15674614906311035	0.10278485715389252	0.21475809812545776	0.14580045640468597	0.18014784157276154	0.3323749303817749	0.16049286723136902	0.3828689455986023	0.8321589827537537	0.5382470488548279	0.41311314702033997	0.3040897250175476	0.47547420859336853	0.5635949373245239	0.4604879319667816	0.3799286186695099	-0.11820339411497116	0.06756243109703064	0.008648539893329144	0.34635311365127563	0.4794318974018097	-0.003315797308459878	-0.01720263808965683
PUT-DA-rh	-0.18476396799087524	0.1106891930103302	0.16194137930870056	0.08072035014629364	0.05395609140396118	0.077804796397686	0.1395794153213501	0.02167232520878315	0.12312932312488556	0.29823681712150574	0.6946549415588379	1.0	0.5396245718002319	0.7193402051925659	0.18045759201049805	0.5079100131988525	0.5124762654304504	0.4746460020542145	0.050809480249881744	-0.05936218053102493	0.12547478079795837	0.12403512001037598	0.18408893048763275	0.25814303755760193	0.2881317138671875	-0.1149110347032547	-0.1599671095609665	-0.16320832073688507	-0.012668238952755928	0.2762828469276428	0.15102121233940125	0.22686676681041718	0.06308931857347488	0.04310321435332298	0.272836834192276	0.6527299284934998	0.8347641229629517	0.628497302532196	0.6726224422454834	0.3867686092853546	0.5601360201835632	0.5184217691421509	0.49348360300064087	0.08088064193725586	-0.03483567014336586	0.0296526737511158	0.1296989470720291	0.20472104847431183	0.17385312914848328	0.13227994740009308
PUT-VP-rh	-0.06093158945441246	0.09692016243934631	0.04808426275849342	0.10483481734991074	0.059966929256916046	0.07421506196260452	0.05739845708012581	0.2152278572320938	0.07120905816555023	0.1952897608280182	0.49409401416778564	0.5396245718002319	1.0	0.702739417552948	0.0072449869476258755	0.16485810279846191	0.30556759238243103	0.21227675676345825	0.03147207573056221	-0.19341237843036652	0.1311841458082199	0.02088533714413643	0.0009488629293628037	0.4747926592826843	0.018664708361029625	-0.13133661448955536	-0.18626414239406586	-0.07800468802452087	-0.04037608578801155	0.3282953202724457	0.2494576871395111	0.05764691159129143	0.22238896787166595	0.18275968730449677	0.1758091002702713	0.4937690198421478	0.5777225494384766	0.7185465097427368	0.6538586020469666	0.09270654618740082	0.29545465111732483	0.24574941396713257	0.40237167477607727	-0.023468121886253357	-0.04809482395648956	0.0799136608839035	0.05188523232936859	0.05790146812796593	0.4274258613586426	0.10019370913505554
PUT-DP-rh	-0.052289415150880814	0.05180210620164871	0.07108529657125473	0.04864513874053955	0.015526155941188335	-0.04251551628112793	-0.04723489284515381	-0.02690483257174492	-0.17260980606079102	-0.0347856804728508	0.49387577176094055	0.7193402051925659	0.702739417552948	1.0	0.09417141228914261	0.24135279655456543	0.3359479308128357	0.2739024758338928	0.19008499383926392	0.0029706847853958607	0.040630042552948	-0.012685473076999187	0.013910042122006416	0.44236665964126587	0.08856511861085892	0.0035862333606928587	-0.04475175961852074	-0.15324446558952332	-0.13327030837535858	0.18512514233589172	0.21562319993972778	0.20853453874588013	0.1614234894514084	-0.1541406512260437	-0.05121682956814766	0.5420820116996765	0.7443276047706604	0.6904881596565247	0.7494249939918518	0.2412833422422409	0.4320278465747833	0.3618561327457428	0.45807158946990967	0.1498751938343048	0.05198235437273979	-0.01579381711781025	-0.054021794348955154	0.09177952259778976	0.23305706679821014	0.06381894648075104
CAU-VA-rh	-0.17042019963264465	0.011644468642771244	0.012556464411318302	-0.014666879549622536	-0.24738049507141113	-0.3258594870567322	0.15576331317424774	0.3306202292442322	-0.09467726200819016	-0.03363272547721863	0.3889749348163605	0.18045759201049805	0.0072449869476258755	0.09417141228914261	1.0	0.49585095047950745	0.6020638346672058	0.40009281039237976	-0.038705550134181976	0.05542057007551193	0.03662886470556259	0.448114812374115	0.5856960415840149	-0.06375186145305634	0.0844225361943245	-0.0899653211236	-0.03422865271568298	-0.07424765825271606	0.16611021757125854	0.3388064503669739	0.18563973903656006	0.46322038769721985	0.36774030327796936	0.0033531233202666044	0.21358747780323029	0.21641021966934204	0.17881879210472107	0.1159185841679573	0.08859053254127502	0.8040076494216919	0.5510467290878296	0.55251544713974	0.4796338975429535	0.06154880300164223	0.13902366161346436	0.2957206964492798	0.3381568193435669	0.3612048029899597	-0.10522417724132538	-0.06055039167404175
CAU-DA-rh	-0.38953086733818054	0.028433755040168762	0.004060895182192326	0.056212592869997025	-0.06671471148729324	-0.05627141520380974	0.08093374222517014	0.20861974358558655	0.19728554785251617	0.18526598811149597	0.6498730778694153	0.5079100131988525	0.16485810279846191	0.24135279655456543	0.49585095047950745	1.0	0.5357939004898071	0.3575165271759033	-0.1033002957701683	0.037214893847703934	0.07371766865253448	0.5376099944114685	0.5150635242462158	0.07144972681999207	0.26638063788414	-0.2892071604728699	-0.1416649967432022	-0.18029211461544037	0.13821274042129517	0.39598456025123596	0.017546528950333595	0.25521352887153625	0.38554903864860535	0.053582798689603806	0.3649836778640747	0.5902289748191833	0.38584235310554504	0.3147120177745819	0.23764470219612122	0.5706337094306946	0.636469841003418	0.527609646320343	0.2344864457845688	0.12350456416606903	0.24213668704032898	-0.08343987911939621	0.3473016917705536	0.6201415061950684	-0.0662449523806572	0.07231708616018295
CAU-body-rh	0.0628274455666542	0.02832438237965107	0.24954162538051605	0.18340691924095154	0.09940167516469955	0.11800231039524078	0.458626389503479	0.5295670032501221	0.19954544305801392	0.29448917508125305	0.631968080997467	0.5124762654304504	0.30556759238243103	0.3359479308128357	0.6020638346672058	0.5357939004898071	1.0	0.7108069062232971	-0.20466753840446472	-0.2479580193758011	0.1299232393503189	0.25801846385002136	0.3622199594974518	0.3185919523239136	0.10930041968822479	-0.12310664355754852	-0.12879931926727295	-0.23938453197479248	0.1375848799943924	0.2640504539012909	0.27431344985961914	0.4405912160873413	0.4670761823654175	0.15938341617584229	0.46174946427345276	0.4542498290538788	0.33325517177581787	0.3346732258796692	0.20610910654067993	0.6842269897460938	0.6453773975372314	0.7621151804924011	0.7006462216377258	-0.07843386381864548	-0.14239399135112762	0.1492307037115097	0.24406424164772034	0.30558905005455017	-0.033352892845869064	0.010778822004795074
CAU-tail-rh	0.061543501913547516	0.1613113135099411	0.2891773581504822	0.21723225712776184	0.06796739250421524	0.20029906928539276	0.550657331943512	0.3148854970932007	0.135959193110466	0.27140557765960693	0.3951459527015686	0.4746460020542145	0.21227675676345825	0.2739024758338928	0.40009281039237976	0.3575165271759033	0.7108069062232971	1.0	-0.16344431042671204	-0.3976709246635437	0.26980462670326233	0.10477431863546371	0.06496661901473999	0.07951043546199799	0.31537795066833496	-0.05534250661730766	0.16577154397964478	-0.21601924300193787	0.19328229129314423	0.20673441886901855	0.3359374403953552	0.5399592518806458	0.18472252786159515	0.10873347520828247	0.4195033311843872	0.18122118711471558	0.31845539808273315	0.2957521080970764	0.30537959933280945	0.39385131001472473	0.4210304617881775	0.6734492182731628	0.7010535597801208	0.08866158872842789	-0.20400255918502808	0.31373831629753113	0.032333407551050186	-0.04623548313975334	0.02935444749891758	0.3002273738384247
lAMY-rh	-0.021260812878608704	-0.10071446001529694	-0.14240007102489471	-0.0051348390989005566	-0.032639581710100174	-0.19000108540058136	-0.4166570007801056	-0.4640945792198181	-0.44689980149269104	-0.35707810521125793	-0.2264305204153061	0.050809480249881744	0.03147207573056221	0.19008499383926392	-0.038705550134181976	-0.1033002957701683	-0.20466753840446472	-0.16344431042671204	1.0	0.5269574522972107	-0.307497501373291	-0.19007770717144012	-0.1403561681509018	-0.026093674823641777	-0.08856949210166931	0.2408851981163025	0.1306728720664978	0.12579670548439026	-0.26594769954681396	0.10900557041168213	-0.24989205598831177	0.050505951046943665	-0.22971323132514954	-0.21249043941497803	-0.4329330623149872	-0.14854660630226135	0.17244598269462585	0.09923461824655533	0.24397757649421692	-0.08380268514156342	0.1901247650384903	-0.07259469479322433	-0.048748329281806946	0.750571072101593	0.5243263840675354	-0.024009397253394127	-0.0068611884489655495	-0.10258238762617111	0.09371016919612885	0.01066949125379324
mAMY-rh	0.02669057808816433	-0.08568474650382996	-0.27716267108917236	-0.24975311756134033	-0.21672323346138	-0.33164680004119873	-0.3875935971736908	-0.28996121883392334	-0.29236578941345215	-0.34152287244796753	-0.03639702871441841	-0.05936218053102493	-0.19341237843036652	0.0029706847853958607	0.05542057007551193	0.037214893847703934	-0.2479580193758011	-0.3976709246635437	0.5269574522972107	1.0	-0.19812646508216858	0.08475784957408905	0.1637466847896576	-0.18799170851707458	-0.18545818328857422	0.20321175456047058	0.25218522548675537	-0.059150952845811844	-0.33321523666381836	-0.13560645282268524	-0.4215851426124573	-0.15832798182964325	-0.037340521812438965	-0.004275777842849493	-0.29579228162765503	0.0008306882227770984	0.048181015998125076	-0.2188393473625183	-0.05625367537140846	0.009559075348079205	0.06501290947198868	-0.1938396543264389	-0.17374397814273834	0.31915298104286194	0.6671594381332397	-0.26821160316467285	-0.02029317244887352	0.08417089283466339	-0.06824488192796707	-0.11870749294757843
THA-DP-rh	0.10319273173809052	0.3343597948551178	0.018011653795838356	0.41869401931762695	0.2760452628135681	0.17327892780303955	0.5228295922279358	0.3783548176288605	0.4509736895561218	0.3952237069606781	0.06965538114309311	0.12547478079795837	0.1311841458082199	0.040630042552948	0.03662886470556259	0.07371766865253448	0.1299232393503189	0.26980462670326233	-0.307497501373291	-0.19812646508216858	1.0	-0.06895744055509567	-0.012463423423469067	0.21173374354839325	0.008642978966236115	-0.11601080000400543	0.15944311022758484	0.07575300335884094	0.34759217500686646	0.029402846470475197	-0.07044441252946854	-0.034998662769794464	0.005306167062371969	0.3042503893375397	0.2922426462173462	1.4045256648387294e-05	-0.05292673781514168	0.12625649571418762	0.05750418081879616	-0.01705249957740307	-0.10021814703941345	0.058737870305776596	0.3100629448890686	-0.26470303535461426	-0.17996913194656372	0.403789758682251	-0.036252859979867935	-0.034097421914339066	0.1491411328315735	-0.16933131217956543
NAc-shell-rh	-0.24686691164970398	0.02108508162200451	0.13535861670970917	0.021860316395759583	-0.2632651627063751	-0.18837851285934448	0.15358437597751617	0.1730046272277832	0.13599590957164764	-0.0008344209636561573	0.4947085678577423	0.12403512001037598	0.02088533714413643	-0.012685473076999187	0.448114812374115	0.5376099944114685	0.25801846385002136	0.10477431863546371	-0.19007770717144012	0.08475784957408905	-0.06895744055509567	1.0	0.6340482234954834	-0.061777371913194656	0.3463382422924042	-0.1881367266178131	-0.15149660408496857	-0.038074418902397156	0.1267881691455841	0.09929216653108597	0.10723265260457993	0.24495117366313934	0.28972846269607544	0.11374007165431976	0.21598844230175018	0.4575175642967224	0.17418967187404633	0.0526747889816761	-0.056393448263406754	0.38099730014801025	0.38387203216552734	0.17523491382598877	0.013094572350382805	-0.007831140421330929	0.2173040509223938	-0.1649259626865387	0.6330450773239136	0.6677100658416748	-0.19529137015342712	0.04216519370675087
NAc-core-rh	-0.35123196244239807	-0.1921396553516388	-0.04153955727815628	0.03268376365303993	-0.2138572484254837	-0.3333659768104553	-0.018558431416749954	0.2510794997215271	0.07904089242219925	0.05980350449681282	0.5246447324752808	0.18408893048763275	0.0009488629293628037	0.013910042122006416	0.5856960415840149	0.5150635242462158	0.3622199594974518	0.06496661901473999	-0.1403561681509018	0.1637466847896576	-0.012463423423469067	0.6340482234954834	1.0	-0.10342442244291306	0.13632246851921082	-0.14679813385009766	-0.15755385160446167	0.08242571353912354	0.05068809166550636	0.15398764610290527	0.048423971980810165	0.296739399433136	0.3212628662586212	-0.007681482471525669	0.1361837089061737	0.41210025548934937	0.12764085829257965	0.036730166524648666	-0.040307510644197464	0.5039688348770142	0.4238065779209137	0.28290072083473206	0.07151918858289719	-0.04760289937257767	0.163978710770607	0.10460159927606583	0.6981335282325745	0.7282326221466064	-0.09507948160171509	-0.20039139688014984
pGP-rh	0.15813244879245758	0.04978179186582565	-0.09683988243341446	0.22174125909805298	0.39750319719314575	0.36122843623161316	0.3079523742198944	0.26317325234413147	0.05795653164386749	0.13589385151863098	0.27392056584358215	0.25814303755760193	0.4747926592826843	0.44236665964126587	-0.06375186145305634	0.07144972681999207	0.3185919523239136	0.07951043546199799	-0.026093674823641777	-0.18799170851707458	0.21173374354839325	-0.061777371913194656	-0.10342442244291306	1.0	0.008727926760911942	-0.2597547769546509	-0.25419119000434875	-0.25592929124832153	-0.07952158153057098	0.19258113205432892	0.16255028545856476	0.1412869691848755	0.31033962965011597	0.22906047105789185	0.20005172491073608	0.2781378924846649	0.22073054313659668	0.44348928332328796	0.31445279717445374	0.08703842759132385	0.2726089060306549	0.2208705097436905	0.3094443082809448	-0.07423519343137741	-0.05951930955052376	-0.02151387929916382	-0.00019591374439187348	0.053481873124837875	0.40689677000045776	-0.024092257022857666
aGP-rh	-0.2998502254486084	-0.052676670253276825	-0.035810694098472595	-0.07132289558649063	0.12118051201105118	0.10956831276416779	0.22304488718509674	-0.0093001713976264	0.11633767932653427	0.09285593032836914	0.1719515025615692	0.2881317138671875	0.018664708361029625	0.08856511861085892	0.0844225361943245	0.26638063788414	0.10930041968822479	0.31537795066833496	-0.08856949210166931	-0.18545818328857422	0.008642978966236115	0.3463382422924042	0.13632246851921082	0.008727926760911942	1.0	-0.2617347240447998	-0.03938554972410202	-0.12573440372943878	-0.14352978765964508	0.020712075755000114	0.30035069584846497	0.20710685849189758	0.08205252885818481	0.05029134079813957	0.26516780257225037	0.1077577993273735	0.30949145555496216	0.1543487310409546	0.19153647124767303	0.13973894715309143	0.061684317886829376	0.31248173117637634	0.12331190705299377	0.11587433516979218	-0.027911359444260597	-0.18392154574394226	0.28888845443725586	0.1732388138771057	0.08063588291406631	0.4619012773036957
HIP-head-m-lh	0.5947887897491455	0.32321056723594666	0.35668593645095825	0.21974270045757294	0.24677902460098267	0.056086935102939606	-0.15919242799282074	-0.1691707819700241	-0.015639735385775566	-0.04654912278056145	-0.1745731085538864	-0.1149110347032547	-0.13133661448955536	0.0035862333606928587	-0.0899653211236	-0.2892071604728699	-0.12310664355754852	-0.05534250661730766	0.2408851981163025	0.20321175456047058	-0.11601080000400543	-0.1881367266178131	-0.14679813385009766	-0.2597547769546509	-0.2617347240447998	1.0	0.33997994661331177	0.40405699610710144	0.09934993088245392	-0.1656007468700409	-0.04941277578473091	0.08221857994794846	-0.08438985794782639	0.01674126647412777	-0.25902384519577026	-0.14664629101753235	-0.03879950940608978	-0.14318837225437164	-0.07567255944013596	-0.13926653563976288	-0.2509606182575226	-0.19351404905319214	-0.06364473700523376	0.19303466379642487	0.31333646178245544	0.08142052590847015	-0.16819079220294952	-0.30261725187301636	-0.13976554572582245	0.07418189197778702
HIP-head-l-l	0.38078686594963074	0.2683613896369934	0.06278251856565475	0.1360967755317688	-0.009343958459794521	0.10076267272233963	0.05971309915184975	-0.1418294906616211	-0.12840116024017334	-0.15567010641098022	-0.11542906612157822	-0.1599671095609665	-0.18626414239406586	-0.04475175961852074	-0.03422865271568298	-0.1416649967432022	-0.12879931926727295	0.16577154397964478	0.1306728720664978	0.25218522548675537	0.15944311022758484	-0.15149660408496857	-0.15755385160446167	-0.25419119000434875	-0.03938554972410202	0.33997994661331177	1.0	0.19598180055618286	0.13791334629058838	-0.19860461354255676	-0.13032232224941254	0.027533164247870445	-0.027091626077890396	-0.10574795305728912	-0.1799079179763794	-0.22934077680110931	-0.20929861068725586	-0.3671008050441742	-0.18091242015361786	-0.1943361461162567	-0.21172447502613068	0.004369983449578285	0.16189628839492798	0.06671425700187683	0.18966872990131378	0.07592301070690155	-0.2893996834754944	-0.2866995632648468	-0.18319155275821686	-0.018139740452170372
HIP-body-l	0.08452356606721878	0.24762319028377533	0.3014550805091858	0.34833788871765137	-0.02527308464050293	-0.21116389334201813	-0.23166216909885406	-0.055515557527542114	0.268690824508667	0.0011467618169263005	-0.15674614906311035	-0.16320832073688507	-0.07800468802452087	-0.15324446558952332	-0.07424765825271606	-0.18029211461544037	-0.23938453197479248	-0.21601924300193787	0.12579670548439026	-0.059150952845811844	0.07575300335884094	-0.038074418902397156	0.08242571353912354	-0.25592929124832153	-0.12573440372943878	0.40405699610710144	0.19598180055618286	1.0	0.40645304322242737	0.12728212773799896	-0.10210084915161133	-0.10936548560857773	-0.14729882776737213	0.1394035965204239	-0.16442906856536865	-0.12709423899650574	-0.14868900179862976	-0.12260023504495621	-0.09677036106586456	-0.10116039216518402	-0.16766981780529022	-0.2828313112258911	-0.28080329298973083	0.03046543151140213	0.09829752892255783	0.4103396534919739	0.19862230122089386	-0.03329262509942055	-0.06705176830291748	-0.2510928213596344
HIP-tail-lh	0.09612896293401718	0.387617290019989	0.46902894973754883	0.5015065670013428	0.12648238241672516	0.21929576992988586	0.2843201160430908	0.22451962530612946	0.41363194584846497	0.1770755797624588	0.10278485715389252	-0.012668238952755928	-0.04037608578801155	-0.13327030837535858	0.16611021757125854	0.13821274042129517	0.1375848799943924	0.19328229129314423	-0.26594769954681396	-0.33321523666381836	0.34759217500686646	0.1267881691455841	0.05068809166550636	-0.07952158153057098	-0.14352978765964508	0.09934993088245392	0.13791334629058838	0.40645304322242737	1.0	0.4338882863521576	-0.0306190587580204	0.05748854950070381	-0.03401746228337288	0.2913898825645447	0.2384691834449768	-0.05189904570579529	-0.19669285416603088	-0.04873845353722572	-0.17858892679214478	0.048275113105773926	0.09451117366552353	-0.00300662056542933	-0.04569537565112114	-0.024797920137643814	-0.15653136372566223	0.38703465461730957	0.09275545179843903	-0.06560850143432617	-0.07141304016113281	-0.1253177523612976
THA-VPm-lh	-0.35032227635383606	0.09600307047367096	0.1425175666809082	0.1902240663766861	0.06594282388687134	0.02169599011540413	0.11677080392837524	0.240267813205719	0.1599520891904831	0.03245919570326805	0.21475809812545776	0.2762828469276428	0.3282953202724457	0.18512514233589172	0.3388064503669739	0.39598456025123596	0.2640504539012909	0.20673441886901855	0.10900557041168213	-0.13560645282268524	0.029402846470475197	0.09929216653108597	0.15398764610290527	0.19258113205432892	0.020712075755000114	-0.1656007468700409	-0.19860461354255676	0.12728212773799896	0.4338882863521576	1.0	0.22695064544677734	0.4598045349121094	0.24589383602142334	0.3124518394470215	0.3698376417160034	0.061645328998565674	0.23853878676891327	0.493007630109787	0.3909468948841095	0.33826369047164917	0.44920554757118225	0.3136073052883148	0.14300458133220673	0.2640897333621979	0.10065080970525742	0.3529026508331299	0.2156200110912323	-0.008769297040998936	0.27052444219589233	0.05612173676490784
THA-VPl-lh	-0.005085010081529617	-0.10671409219503403	0.17951565980911255	-0.0880124643445015	0.029697731137275696	0.10284324735403061	0.3325215280056	0.31033530831336975	0.17448949813842773	0.2700570523738861	0.14580045640468597	0.15102121233940125	0.2494576871395111	0.21562319993972778	0.18563973903656006	0.017546528950333595	0.27431344985961914	0.3359374403953552	-0.24989205598831177	-0.4215851426124573	-0.07044441252946854	0.10723265260457993	0.048423971980810165	0.16255028545856476	0.30035069584846497	-0.04941277578473091	-0.13032232224941254	-0.10210084915161133	-0.0306190587580204	0.22695064544677734	1.0	0.5721395611763	0.4779147803783417	0.19050303101539612	0.46563440561294556	0.1025991141796112	0.273978054523468	0.36916086077690125	0.3291083574295044	0.29382580518722534	0.09547773003578186	0.39694294333457947	0.3181512653827667	-0.15358373522758484	-0.3379631042480469	0.0469333790242672	0.10210596024990082	0.033480361104011536	0.3378432095050812	0.3978520333766937
THA-VAi-lh	-0.09501039236783981	-0.08825480937957764	0.2119031846523285	0.25688666105270386	0.11167023330926895	0.09918522089719772	0.42678338289260864	0.2645465135574341	-0.021154893562197685	0.07385482639074326	0.18014784157276154	0.22686676681041718	0.05764691159129143	0.20853453874588013	0.46322038769721985	0.25521352887153625	0.4405912160873413	0.5399592518806458	0.050505951046943665	-0.15832798182964325	-0.034998662769794464	0.24495117366313934	0.296739399433136	0.1412869691848755	0.20710685849189758	0.08221857994794846	0.027533164247870445	-0.10936548560857773	0.05748854950070381	0.4598045349121094	0.5721395611763	1.0	0.4280843436717987	0.0991310402750969	0.3582865595817566	0.04695016145706177	0.2830362021923065	0.2905840575695038	0.35270869731903076	0.41603323817253113	0.39624401926994324	0.5737448930740356	0.4595962166786194	0.2505129277706146	-0.006300009321421385	0.22559714317321777	0.25554049015045166	0.06660526245832443	0.08206649124622345	0.2724234461784363
THA-VAs-lh	-0.04795081168413162	-0.0472373440861702	-0.05625627934932709	0.017997944727540016	0.10161910951137543	0.06591488420963287	0.20949195325374603	0.6050966382026672	0.2944474220275879	0.33660396933555603	0.3323749303817749	0.06308931857347488	0.22238896787166595	0.1614234894514084	0.36774030327796936	0.38554903864860535	0.4670761823654175	0.18472252786159515	-0.22971323132514954	-0.037340521812438965	0.005306167062371969	0.28972846269607544	0.3212628662586212	0.31033962965011597	0.08205252885818481	-0.08438985794782639	-0.027091626077890396	-0.14729882776737213	-0.03401746228337288	0.24589383602142334	0.4779147803783417	0.4280843436717987	1.0	0.4424300491809845	0.5540103316307068	0.262926310300827	0.09445858001708984	0.21897733211517334	0.0837208703160286	0.5245333909988403	0.3326200246810913	0.47475528717041016	0.3462466299533844	-0.19965030252933502	0.01706118881702423	-0.09884107857942581	0.18933336436748505	0.3969193398952484	0.1741645187139511	0.20684321224689484
THA-DAm-lh	0.11965183168649673	0.21520820260047913	0.218877375125885	0.2240758091211319	0.25621312856674194	0.21738620102405548	0.4109507203102112	0.46283501386642456	0.6744311451911926	0.5135490298271179	0.16049286723136902	0.04310321435332298	0.18275968730449677	-0.1541406512260437	0.0033531233202666044	0.053582798689603806	0.15938341617584229	0.10873347520828247	-0.21249043941497803	-0.004275777842849493	0.3042503893375397	0.11374007165431976	-0.007681482471525669	0.22906047105789185	0.05029134079813957	0.01674126647412777	-0.10574795305728912	0.1394035965204239	0.2913898825645447	0.3124518394470215	0.19050303101539612	0.0991310402750969	0.4424300491809845	1.0	0.6432375907897949	0.05261590704321861	0.023332392796874046	0.10243895649909973	0.006085593719035387	0.19137020409107208	0.05518636852502823	0.09492477774620056	0.08761834353208542	-0.13723118603229523	0.009830955415964127	0.15015330910682678	0.1773577332496643	0.009562446735799313	0.337479829788208	0.25525960326194763
THA-DAl-lh	-0.14136086404323578	0.08853926509618759	0.1436360627412796	0.13194775581359863	0.14372380077838898	0.26889491081237793	0.566432535648346	0.6636791825294495	0.6344746351242065	0.676643431186676	0.3828689455986023	0.272836834192276	0.1758091002702713	-0.05121682956814766	0.21358747780323029	0.3649836778640747	0.46174946427345276	0.4195033311843872	-0.4329330623149872	-0.29579228162765503	0.2922426462173462	0.21598844230175018	0.1361837089061737	0.20005172491073608	0.26516780257225037	-0.25902384519577026	-0.1799079179763794	-0.16442906856536865	0.2384691834449768	0.3698376417160034	0.46563440561294556	0.3582865595817566	0.5540103316307068	0.6432375907897949	1.0	0.13773001730442047	0.1168697327375412	0.3037712574005127	0.12594714760780334	0.3415891230106354	0.16293425858020782	0.370498925447464	0.2683084011077881	-0.3086656928062439	-0.32044845819473267	0.09509585797786713	0.10029827058315277	0.12189450114965439	0.2439313530921936	0.2781526446342468
PUT-VA-lh	-0.10777624696493149	0.021706663072109222	0.0814490020275116	0.051752690225839615	-0.049375344067811966	-0.15481995046138763	0.05689707770943642	0.16019763052463531	0.10521676391363144	0.20143075287342072	0.8321589827537537	0.6527299284934998	0.4937690198421478	0.5420820116996765	0.21641021966934204	0.5902289748191833	0.4542498290538788	0.18122118711471558	-0.14854660630226135	0.0008306882227770984	1.4045256648387294e-05	0.4575175642967224	0.41210025548934937	0.2781378924846649	0.1077577993273735	-0.14664629101753235	-0.22934077680110931	-0.12709423899650574	-0.05189904570579529	0.061645328998565674	0.1025991141796112	0.04695016145706177	0.262926310300827	0.05261590704321861	0.13773001730442047	1.0	0.6482187509536743	0.4539705514907837	0.35774990916252136	0.36965295672416687	0.5238038301467896	0.306552916765213	0.2627614438533783	-0.07635651528835297	0.18074974417686462	-0.16278986632823944	0.3879541754722595	0.6104020476341248	0.025097573176026344	-0.023655790835618973
PUT-DA-l	-0.23996278643608093	0.01801266334950924	0.09731066226959229	0.031668104231357574	-0.0691368356347084	-0.1570269763469696	-0.0396612323820591	-0.13412915170192719	-0.06908494234085083	0.059224825352430344	0.5382470488548279	0.8347641229629517	0.5777225494384766	0.7443276047706604	0.17881879210472107	0.38584235310554504	0.33325517177581787	0.31845539808273315	0.17244598269462585	0.048181015998125076	-0.05292673781514168	0.17418967187404633	0.12764085829257965	0.22073054313659668	0.30949145555496216	-0.03879950940608978	-0.20929861068725586	-0.14868900179862976	-0.19669285416603088	0.23853878676891327	0.273978054523468	0.2830362021923065	0.09445858001708984	0.023332392796874046	0.1168697327375412	0.6482187509536743	1.0	0.7203112244606018	0.8290632963180542	0.3253074586391449	0.4611469805240631	0.38755086064338684	0.43673110008239746	0.20561879873275757	0.1423199474811554	-0.016478843986988068	0.20205610990524292	0.21759776771068573	0.2662241756916046	0.3513835370540619
PUT-VP-lh	-0.26036351919174194	0.14376290142536163	0.05682368949055672	0.11788934469223022	0.09184584021568298	-0.04805394634604454	0.03325933590531349	0.15944035351276398	0.053361810743808746	0.21101659536361694	0.41311314702033997	0.628497302532196	0.7185465097427368	0.6904881596565247	0.1159185841679573	0.3147120177745819	0.3346732258796692	0.2957521080970764	0.09923461824655533	-0.2188393473625183	0.12625649571418762	0.0526747889816761	0.036730166524648666	0.44348928332328796	0.1543487310409546	-0.14318837225437164	-0.3671008050441742	-0.12260023504495621	-0.04873845353722572	0.493007630109787	0.36916086077690125	0.2905840575695038	0.21897733211517334	0.10243895649909973	0.3037712574005127	0.4539705514907837	0.7203112244606018	1.0	0.7891463041305542	0.23013800382614136	0.4085995852947235	0.25956231355667114	0.3454759120941162	0.12114788591861725	0.017501289024949074	0.10563267767429352	0.12802867591381073	0.12672291696071625	0.5119174122810364	0.19690880179405212
PUT-DP-lh	-0.2776585519313812	-0.03726549074053764	0.013702630065381527	0.07833010703325272	-0.06783181428909302	-0.10857086628675461	-0.03691451996564865	-0.04764711484313011	-0.16324250400066376	0.013135652057826519	0.3040897250175476	0.6726224422454834	0.6538586020469666	0.7494249939918518	0.08859053254127502	0.23764470219612122	0.20610910654067993	0.30537959933280945	0.24397757649421692	-0.05625367537140846	0.05750418081879616	-0.056393448263406754	-0.040307510644197464	0.31445279717445374	0.19153647124767303	-0.07567255944013596	-0.18091242015361786	-0.09677036106586456	-0.17858892679214478	0.3909468948841095	0.3291083574295044	0.35270869731903076	0.0837208703160286	0.006085593719035387	0.12594714760780334	0.35774990916252136	0.8290632963180542	0.7891463041305542	1.0	0.2089988738298416	0.3357692062854767	0.37143009901046753	0.3940473198890686	0.2316734343767166	0.03596998378634453	0.15680521726608276	0.02677324414253235	-0.007543680723756552	0.42052218317985535	0.34825849533081055
