Node	DMN_LABEL_1	Vis_LABEL_2	FP_LABEL_3	Aud_LABEL_4	Tpole_LABEL_5	PMN_LABEL_6	PON_LABEL_7	MTL_LABEL_8	PON_LABEL_9	CO_LABEL_10	Sal_LABEL_11	CO_LABEL_12	SMd_LABEL_13	SMl_LABEL_14	DAN_LABEL_15	DMN_LABEL_16	CO_LABEL_17	DMN_LABEL_18	VAN_LABEL_19	CO_LABEL_20	CO_LABEL_21	Sal_LABEL_22	DAN_LABEL_23	PMN_LABEL_24	DAN_LABEL_25	DMN_LABEL_26	DMN_LABEL_27	DMN_LABEL_28	Vis_LABEL_29	FP_LABEL_30	Aud_LABEL_31	Tpole_LABEL_32	PMN_LABEL_33	PON_LABEL_34	MTL_LABEL_35	CO_LABEL_36	Sal_LABEL_37	CO_LABEL_38	SMd_LABEL_39	SMl_LABEL_40	DAN_LABEL_41	CO_LABEL_42	VAN_LABEL_43	CO_LABEL_44	CO_LABEL_45	Sal_LABEL_46	DAN_LABEL_47	PMN_LABEL_48	DAN_LABEL_49	DMN_LABEL_50	FP_LABEL_51	DMN_LABEL_52	DMN_LABEL_53	PON_LABEL_54	DMN_LABEL_55	Tpole_LABEL_56	Tpole_LABEL_57	Sal_LABEL_58	Sal_LABEL_59	SMd_LABEL_60	DAN_LABEL_61	FP_LABEL_62	DMN_LABEL_63	FP_LABEL_64	FP_LABEL_65	SMd_LABEL_66	SMl_LABEL_67	SMd_LABEL_68	DMN_LABEL_69	DAN_LABEL_70	DMN_LABEL_71	FP_LABEL_72	SMd_LABEL_73	SMl_LABEL_74	MTL_LABEL_75	MTL_LABEL_76	CO_LABEL_77	CO_LABEL_78	Vis_LABEL_79	Vis_LABEL_80
DMN_LABEL_1	1.0	-0.1470756083726883	-0.4505254924297333	0.14503751695156097	0.09065162390470505	-0.052971918135881424	0.5869715809822083	n/a	0.1588975489139557	-0.21027758717536926	-0.10151755809783936	-0.321037232875824	-0.008586246520280838	0.41348978877067566	-0.6480528116226196	0.7445296049118042	-0.674370527267456	0.7136507034301758	-0.009407899342477322	-0.5145089030265808	-0.7661227583885193	-0.0752796158194542	-0.38219693303108215	0.1279715895652771	-0.4727441668510437	0.5621262192726135	0.7096263766288757	0.7625207304954529	-0.1987365484237671	-0.45163384079933167	-0.29671451449394226	-0.1757589876651764	0.42030084133148193	0.5448559522628784	n/a	-0.49527186155319214	-0.02214069478213787	-0.4690624475479126	-0.2656172215938568	0.39097368717193604	-0.6242507100105286	-0.634300947189331	-0.2950587272644043	-0.5958032011985779	-0.8265184164047241	-0.031186336651444435	-0.4560946822166443	-0.009419268928468227	-0.550460934638977	0.5223016142845154	0.16139471530914307	0.42804864048957825	0.5774189233779907	0.15510770678520203	0.7221372723579407	-0.33711883425712585	-0.14227062463760376	0.044691458344459534	0.035971205681562424	-0.26855021715164185	0.06423425674438477	-0.2175651490688324	0.5941712856292725	0.008565817028284073	-0.06602544337511063	-0.47873011231422424	0.1645580530166626	-0.37997227907180786	-0.07059185951948166	-0.026652494445443153	0.5076673030853271	0.14351437985897064	-0.4382075369358063	0.15427346527576447	0.40029388666152954	0.5589144229888916	-0.34594616293907166	-0.3310336172580719	-0.3223799169063568	-0.023184290155768394
Vis_LABEL_2	-0.1470756083726883	1.0	-0.4870123863220215	-0.6668233871459961	0.2124517858028412	-0.5319731831550598	0.23282194137573242	n/a	0.2567650079727173	0.002035461599007249	-0.43011564016342163	0.17429117858409882	-0.141043558716774	-0.22069157660007477	0.07725993543863297	-0.5267645716667175	-0.03253958001732826	-0.360058456659317	-0.28154194355010986	0.19626188278198242	-0.07293429970741272	-0.0027914762031286955	0.47060146927833557	-0.5428672432899475	0.13563178479671478	-0.3780253529548645	-0.3634037971496582	-0.385589063167572	0.8871341347694397	-0.4033130705356598	-0.40116631984710693	0.20882777869701385	-0.34165823459625244	0.08656338602304459	n/a	0.11795889586210251	-0.42931002378463745	-0.006262572947889566	-0.4615171551704407	-0.21542498469352722	0.4632728397846222	0.03075725957751274	0.3882250487804413	0.16726519167423248	-0.04577049985527992	-0.22519879043102264	0.46893739700317383	-0.31347179412841797	0.3461430072784424	-0.4655191898345947	-0.510716438293457	-0.14994776248931885	-0.2794349789619446	0.32048794627189636	-0.23725664615631104	0.31206214427948	-0.010724922642111778	-0.5051218867301941	-0.3544698655605316	0.19849880039691925	0.5533894300460815	-0.3102184534072876	-0.30915939807891846	-0.13403649628162384	-0.10342290997505188	-0.07626838982105255	-0.056886401027441025	0.20113974809646606	-0.5595625042915344	0.41965946555137634	-0.44804346561431885	-0.23873485624790192	-0.19527150690555573	-0.001581593998707831	0.06995653361082077	-0.06673654913902283	-0.042984489351511	0.042699262499809265	0.47984397411346436	0.4130682349205017
FP_LABEL_3	-0.4505254924297333	-0.4870123863220215	1.0	0.4049026072025299	-0.40091216564178467	0.4277578890323639	-0.45649799704551697	n/a	-0.453803688287735	0.29226064682006836	0.553758442401886	-0.21930436789989471	-0.19564329087734222	-0.07446033507585526	0.36224132776260376	-0.11036915332078934	0.4269188344478607	-0.2947514057159424	0.09776312857866287	0.13592176139354706	0.6703125834465027	0.00475437892600894	-0.10244489461183548	0.4041893780231476	0.194210484623909	-0.12313970178365707	-0.1197638139128685	-0.19649122655391693	-0.5122805237770081	0.7215006351470947	0.5447476506233215	-0.2759779691696167	0.2203788161277771	-0.2644900977611542	n/a	0.22688166797161102	0.36789166927337646	0.11864360421895981	0.32138949632644653	-0.06805861741304398	0.3161756694316864	0.21255867183208466	-0.07133233547210693	0.2618892788887024	0.5332005023956299	0.17405149340629578	-0.09002486616373062	0.28762170672416687	0.17161180078983307	-0.06461940705776215	0.5745363831520081	-0.2207789421081543	-0.36879095435142517	-0.4003218114376068	-0.026263805106282234	0.03483889624476433	-0.24248281121253967	0.36331722140312195	0.240518718957901	-0.1665840744972229	-0.312853068113327	0.39920663833618164	-0.1682591289281845	0.06430096179246902	0.23401056230068207	0.09675659239292145	-0.055964432656764984	-0.09390436857938766	0.36778953671455383	-0.4377887547016144	-0.05457758530974388	0.1313021034002304	0.19053569436073303	0.011506310664117336	-0.10652033984661102	-0.16918160021305084	0.07919841259717941	0.35787421464920044	-0.21292570233345032	-0.19120734930038452
Aud_LABEL_4	0.14503751695156097	-0.6668233871459961	0.4049026072025299	1.0	-0.32046186923980713	0.5723322033882141	-0.2899840176105499	n/a	-0.41485103964805603	0.1943647265434265	0.48207274079322815	-0.2515980899333954	0.11789924651384354	0.5210217237472534	-0.09481559693813324	0.465172678232193	0.13148397207260132	0.2446381002664566	0.17969268560409546	-0.17963004112243652	0.13618052005767822	0.04469221457839012	-0.2754034399986267	0.49181681871414185	-0.11462964862585068	0.02206890471279621	0.5107325315475464	0.2635428011417389	-0.6578860282897949	0.36646607518196106	0.7104158997535706	-0.36500775814056396	0.38216066360473633	-0.1468449980020523	n/a	-0.00926948618143797	0.5173271894454956	-0.04316375032067299	0.41755369305610657	0.5149222016334534	-0.3348773121833801	0.09321079403162003	-0.31721818447113037	0.11556065082550049	0.019412051886320114	0.2778679430484772	-0.39722272753715515	0.3134481906890869	-0.2517198920249939	0.43511950969696045	0.4187881648540497	-0.22897161543369293	0.19475823640823364	-0.2711319327354431	0.3540719747543335	-0.15934328734874725	-0.19025208055973053	0.21554554998874664	0.08630558103322983	-0.1226472556591034	-0.4375177025794983	-0.05092150345444679	-0.02939656190574169	-0.16833741962909698	-0.11888536065816879	-0.08313557505607605	-0.1239500567317009	-0.13977788388729095	0.1471032053232193	-0.5964806079864502	0.052083201706409454	0.13841603696346283	-0.05042308196425438	0.2625429630279541	-0.07044557482004166	-0.03654644265770912	-0.37414222955703735	-0.15667282044887543	-0.5783672332763672	-0.3550764322280884
Tpole_LABEL_5	0.09065162390470505	0.2124517858028412	-0.40091216564178467	-0.32046186923980713	1.0	-0.32276660203933716	0.15506920218467712	n/a	0.19256366789340973	-0.6594366431236267	-0.4294283390045166	0.07130096107721329	-0.3287406265735626	-0.3306478261947632	-0.12924711406230927	0.12175767123699188	-0.292267769575119	0.32741236686706543	0.30177953839302063	0.2783786356449127	-0.27930688858032227	0.2538129389286041	-0.027662906795740128	-0.07449375092983246	-0.10924200713634491	0.13254566490650177	-0.12008802592754364	0.041880346834659576	0.21176092326641083	-0.24371108412742615	-0.3509523868560791	0.7946980595588684	-0.21025119721889496	-0.04655081033706665	n/a	-0.3535245656967163	-0.49151474237442017	-0.12475041300058365	-0.22093212604522705	-0.29421016573905945	-0.1956821084022522	-0.16781365871429443	0.21875770390033722	0.08169154822826385	-0.15887917578220367	-0.08247769623994827	0.057241346687078476	0.031907565891742706	-0.07959086447954178	0.1611018031835556	-0.3250657320022583	0.35677340626716614	0.3692276179790497	0.04691346734762192	-0.18391259014606476	0.3932848572731018	0.6112561821937561	-0.08238235861063004	0.1416858583688736	0.1676049679517746	0.4118078947067261	0.24263396859169006	-0.008188084699213505	0.20718297362327576	0.041008979082107544	0.1688477247953415	-0.11569768190383911	0.0726006031036377	0.10379712283611298	0.44094040989875793	-0.009476782754063606	0.1643962413072586	-0.2763203978538513	-0.2824707329273224	0.2586917579174042	0.09626751393079758	-0.02015007473528385	-0.05194070562720299	0.2692374885082245	0.19557417929172516
PMN_LABEL_6	-0.052971918135881424	-0.5319731831550598	0.4277578890323639	0.5723322033882141	-0.32276660203933716	1.0	-0.21915283799171448	n/a	-0.03814755380153656	0.17034533619880676	0.23798826336860657	-0.2508123517036438	-0.22088831663131714	-0.017613479867577553	0.028476880863308907	0.1813552975654602	0.23645661771297455	-0.00512720225378871	0.08601906150579453	0.06555259972810745	0.08360546827316284	-0.3395659327507019	-0.054386790841817856	0.813112199306488	0.18702907860279083	0.10982341319322586	0.2022632658481598	0.12940645217895508	-0.46746572852134705	0.31663018465042114	0.3685627281665802	-0.2652537226676941	0.6587594747543335	-0.08481042087078094	n/a	0.01960592158138752	0.5077476501464844	0.029902728274464607	0.27209314703941345	-0.05046790838241577	-0.149647057056427	0.22669968008995056	-0.26023346185684204	0.06322789937257767	-0.008823974058032036	-0.23927368223667145	0.04957921802997589	0.5861334800720215	0.09843172132968903	0.2597350776195526	0.32634633779525757	-0.027677036821842194	-0.01011073961853981	-0.04064948111772537	0.2502393126487732	-0.17579497396945953	-0.28093546628952026	0.2886268198490143	0.11288244277238846	-0.067203089594841	-0.2366485297679901	0.01212422177195549	0.025391407310962677	-0.1428840011358261	-0.22133179008960724	-0.19243814051151276	-0.13728490471839905	-0.2106524556875229	0.14430440962314606	-0.36109659075737	0.11832708865404129	-0.15126390755176544	-0.11633919924497604	-0.2785663902759552	0.03751413896679878	-0.0718395784497261	-0.2867219150066376	-0.08873674273490906	-0.12288462370634079	-0.2629937529563904
PON_LABEL_7	0.5869715809822083	0.23282194137573242	-0.45649799704551697	-0.2899840176105499	0.15506920218467712	-0.21915283799171448	1.0	n/a	0.6305118799209595	-0.18673846125602722	-0.35700738430023193	0.03923835605382919	-0.06134512647986412	-0.007169597782194614	-0.3761177062988281	0.10988083481788635	-0.5047253966331482	0.1242244616150856	-0.44813987612724304	-0.20094162225723267	-0.6393107175827026	-0.36359864473342896	-0.050508733838796616	-0.16701236367225647	-0.1273747682571411	0.4710184633731842	0.1547258198261261	0.4664929211139679	0.20105493068695068	-0.47225555777549744	-0.4454576075077057	0.14389833807945251	0.23442286252975464	0.9251922965049744	n/a	-0.1408752053976059	-0.3420480787754059	-0.17246021330356598	-0.44361159205436707	-0.012846284545958042	-0.2000073790550232	-0.40829211473464966	-0.22795313596725464	-0.4838738441467285	-0.6155660152435303	-0.4139276146888733	-0.03702903538942337	-0.2634097635746002	-0.013288674876093864	-0.10401617735624313	-0.14679262042045593	0.4488668143749237	-0.01273153442889452	0.5526382327079773	0.3438758850097656	-0.16003865003585815	0.07658223062753677	-0.0023013451136648655	0.02893548458814621	-0.15382976830005646	0.379759281873703	-0.31235432624816895	0.357450008392334	-0.02507125400006771	0.014434857293963432	-0.25529953837394714	0.2411176860332489	-0.2618009150028229	-0.15330487489700317	0.3829551637172699	0.3813192844390869	0.07827237248420715	-0.3002481460571289	0.030017033219337463	0.605877161026001	0.6582321524620056	-0.22214604914188385	-0.050955187529325485	0.1673988699913025	0.18137364089488983
MTL_LABEL_8	n/a	n/a	n/a	n/a	n/a	n/a	n/a	1.0	n/a	n/a	n/a	n/a	n/a	n/a	n/a	n/a	n/a	n/a	n/a	n/a	n/a	n/a	n/a	n/a	n/a	n/a	n/a	n/a	n/a	n/a	n/a	n/a	n/a	n/a	n/a	n/a	n/a	n/a	n/a	n/a	n/a	n/a	n/a	n/a	n/a	n/a	n/a	n/a	n/a	n/a	n/a	n/a	n/a	n/a	n/a	n/a	n/a	n/a	n/a	n/a	n/a	n/a	n/a	n/a	n/a	n/a	n/a	n/a	n/a	n/a	n/a	n/a	n/a	n/a	n/a	n/a	n/a	n/a	n/a	n/a
PON_LABEL_9	0.1588975489139557	0.2567650079727173	-0.453803688287735	-0.41485103964805603	0.19256366789340973	-0.03814755380153656	0.6305118799209595	n/a	1.0	-0.10561641305685043	-0.37914809584617615	0.1820187121629715	-0.09341113269329071	-0.2506334185600281	0.14335337281227112	-0.21712717413902283	-0.08854954689741135	-0.1460990458726883	-0.36478227376937866	0.04698041453957558	-0.38851016759872437	-0.5424606800079346	0.3148728013038635	-0.16205690801143646	0.38428181409835815	0.3171592652797699	-0.2216143012046814	0.17793157696723938	0.4117899239063263	-0.5334613919258118	-0.5489712953567505	0.24098195135593414	-0.06883211433887482	0.6606771349906921	n/a	0.13233758509159088	-0.22119994461536407	0.1813829392194748	-0.30099543929100037	-0.2471093237400055	-0.06698687374591827	0.025748347863554955	-0.1485709398984909	-0.26586320996284485	-0.3533134162425995	-0.5590742826461792	0.4273338317871094	-0.43580910563468933	0.41731321811676025	-0.417936235666275	-0.5906401872634888	0.31671497225761414	-0.24986353516578674	0.7728978395462036	-0.13457414507865906	-0.1367509514093399	0.08797510713338852	-0.31710001826286316	-0.2790304720401764	0.09833578020334244	0.2653135657310486	-0.325029581785202	0.05039222911000252	-0.14849086105823517	-0.12506915628910065	0.014674068428575993	0.13248121738433838	-0.16916847229003906	-0.19085785746574402	0.46387800574302673	0.09638603031635284	-0.33250823616981506	-0.047136273235082626	-0.12164933234453201	0.3211856186389923	0.19039103388786316	-0.08086590468883514	-0.16201074421405792	0.501166820526123	0.38639336824417114
CO_LABEL_10	-0.21027758717536926	0.002035461599007249	0.29226064682006836	0.1943647265434265	-0.6594366431236267	0.17034533619880676	-0.18673846125602722	n/a	-0.10561641305685043	1.0	0.4329376816749573	0.2016717791557312	0.427847295999527	0.007034444250166416	0.23968324065208435	-0.16063395142555237	0.5933049321174622	-0.2786741256713867	0.003930994309484959	-0.041503842920064926	0.4614970088005066	-0.2527643144130707	0.14411890506744385	-0.06108438968658447	0.23724772036075592	-0.23788286745548248	0.016840726137161255	-0.3497070372104645	-0.0465342178940773	0.024755457416176796	0.3557523488998413	-0.4696139395236969	0.013687115162611008	-0.0013009834801778197	n/a	0.7074514627456665	0.3907618820667267	0.40041008591651917	0.3454533815383911	-0.044782254844903946	0.11305161565542221	0.49548524618148804	0.23649629950523376	0.2659624218940735	0.34712186455726624	0.1525234431028366	0.026550740003585815	-0.09167192876338959	0.1591246873140335	-0.22518813610076904	-0.053175557404756546	-0.3996967077255249	-0.3161611258983612	0.027435267344117165	0.002780733397230506	-0.08278187364339828	-0.45845696330070496	-0.1138024851679802	-0.512445867061615	0.17709900438785553	-0.24901966750621796	-0.2760975956916809	-0.22772938013076782	-0.4192195534706116	-0.4463370144367218	-0.014206288382411003	-0.07977104187011719	0.07357052713632584	-0.15499339997768402	-0.3088971674442291	-0.16270732879638672	-0.2060830444097519	0.31016698479652405	0.10826370120048523	-0.16457512974739075	-0.1776045858860016	0.09604992717504501	0.21044963598251343	-0.150251105427742	-0.17000019550323486
Sal_LABEL_11	-0.10151755809783936	-0.43011564016342163	0.553758442401886	0.48207274079322815	-0.4294283390045166	0.23798826336860657	-0.35700738430023193	n/a	-0.37914809584617615	0.4329376816749573	1.0	-0.35951361060142517	0.022916080430150032	0.28409603238105774	0.006232914514839649	0.181229367852211	0.18425650894641876	-0.021767105907201767	0.3202134966850281	-0.29871079325675964	0.4636991620063782	0.39230120182037354	-0.3917166590690613	0.06856338679790497	-0.16771425306797028	0.12542687356472015	0.36329174041748047	-0.08608570694923401	-0.31342649459838867	0.2808290719985962	0.4719495177268982	-0.41138508915901184	0.15102918446063995	-0.16482049226760864	n/a	0.3146470785140991	0.7929767966270447	-0.12295622378587723	0.11239893734455109	0.3394522964954376	-0.11899349093437195	-0.012124341912567616	0.022713707759976387	0.0363156720995903	0.27921074628829956	0.6146268844604492	-0.44329091906547546	0.059221476316452026	-0.25637659430503845	0.010867212899029255	0.37649402022361755	-0.122194305062294	-0.0820588618516922	-0.22377130389213562	0.09632112830877304	-0.23555053770542145	-0.2184654027223587	0.17501217126846313	0.058043595403432846	-0.33074742555618286	-0.4811117351055145	-0.08648540824651718	-0.12371755391359329	-0.33506062626838684	-0.11673471331596375	-0.24553172290325165	0.10008755326271057	-0.08044472336769104	0.06471256911754608	-0.46707653999328613	0.05765866860747337	0.14559750258922577	0.12868645787239075	0.4168356955051422	-0.05794155225157738	-0.1096552163362503	-0.013327149674296379	-0.03882933035492897	-0.3376850485801697	-0.08160407841205597
CO_LABEL_12	-0.321037232875824	0.17429117858409882	-0.21930436789989471	-0.2515980899333954	0.07130096107721329	-0.2508123517036438	0.03923835605382919	n/a	0.1820187121629715	0.2016717791557312	-0.35951361060142517	1.0	0.5466824173927307	-0.36656394600868225	0.26650211215019226	-0.2888508141040802	0.398406058549881	-0.2835639417171478	-0.11419843137264252	0.3677021265029907	0.13757751882076263	-0.23284664750099182	0.28784480690956116	-0.22047653794288635	0.2373027354478836	-0.16569702327251434	-0.44091033935546875	-0.2644312083721161	0.21412393450737	-0.12609590590000153	0.048515599220991135	0.4367041289806366	-0.3900882303714752	-0.03282354772090912	n/a	0.3759669065475464	-0.48253217339515686	0.8358105421066284	0.3475461006164551	-0.38673895597457886	0.01734512485563755	0.580078661441803	0.2071286141872406	0.3476320505142212	0.3311147689819336	-0.1394009292125702	0.3102487325668335	-0.2429891973733902	0.2894727885723114	-0.3119724690914154	-0.4677805006504059	-0.17494316399097443	-0.18643400073051453	0.12773704528808594	-0.5016019940376282	0.36296194791793823	0.48818981647491455	-0.06176126375794411	-0.25546959042549133	0.3826178312301636	0.1517147272825241	0.02183464914560318	-0.20612995326519012	-0.049689240753650665	-0.017665933817625046	0.5404670834541321	-0.0976431593298912	0.2613855302333832	0.09318225830793381	0.23023609817028046	-0.1619216799736023	0.07437785714864731	0.47672924399375916	-0.3269229531288147	-0.06625403463840485	-0.013741228729486465	0.46717366576194763	0.26231205463409424	0.2463971972465515	-0.07233407348394394
SMd_LABEL_13	-0.008586246520280838	-0.141043558716774	-0.19564329087734222	0.11789924651384354	-0.3287406265735626	-0.22088831663131714	-0.06134512647986412	n/a	-0.09341113269329071	0.427847295999527	0.022916080430150032	0.5466824173927307	1.0	0.21909964084625244	-0.0575406439602375	0.05816207081079483	0.22238200902938843	0.0018126674694940448	-0.0927908793091774	-0.024303527548909187	0.0727802962064743	-0.032742906361818314	-0.16298535466194153	-0.3055759370326996	-0.0923207476735115	-0.07976143807172775	0.12413899600505829	-0.06616589426994324	-0.13848018646240234	-0.10470376908779144	0.20334210991859436	-0.19842231273651123	-0.3072669506072998	-0.06136780604720116	n/a	0.32641351222991943	-0.0036873193457722664	0.35212957859039307	0.36985620856285095	0.15934306383132935	-0.1887429803609848	0.28526705503463745	-0.06873811036348343	0.06784284859895706	0.22302676737308502	0.23304201662540436	-0.2704784572124481	-0.2649889290332794	-0.17310914397239685	-0.038895729929208755	-0.10458026826381683	-0.29912909865379333	-0.003719428088515997	-0.09646326303482056	-0.07198977470397949	0.005151801742613316	0.12078288197517395	-0.11817443370819092	-0.2351887822151184	0.23166652023792267	-0.33521124720573425	-0.10459405183792114	-0.020933981984853745	-0.12376359105110168	-0.1839367151260376	0.20320256054401398	0.25615158677101135	0.3001861274242401	-0.05343563109636307	-0.21738019585609436	0.03313243016600609	-0.03591010719537735	0.6667648553848267	0.23395398259162903	-0.1951121836900711	-0.005314739886671305	0.2574090361595154	0.0027552349492907524	-0.18592578172683716	-0.20002096891403198
SMl_LABEL_14	0.41348978877067566	-0.22069157660007477	-0.07446033507585526	0.5210217237472534	-0.3306478261947632	-0.017613479867577553	-0.007169597782194614	n/a	-0.2506334185600281	0.007034444250166416	0.28409603238105774	-0.36656394600868225	0.21909964084625244	1.0	-0.2738809883594513	0.3762962520122528	-0.3927042484283447	0.31323596835136414	-0.05831471458077431	-0.6064466238021851	-0.2682800590991974	0.17239950597286224	-0.22305862605571747	-0.10876729339361191	-0.39828726649284363	-0.08636201918125153	0.6361802816390991	0.41727006435394287	-0.22359853982925415	-0.006050864700227976	0.12252126634120941	-0.5943664312362671	0.0755947008728981	0.054126426577568054	n/a	-0.22738617658615112	0.33682262897491455	-0.4147820472717285	-0.08476679772138596	0.9743342995643616	-0.1358097791671753	-0.4274417757987976	-0.49761465191841125	-0.3927881419658661	-0.30111944675445557	0.23506049811840057	-0.43857407569885254	-0.14437107741832733	-0.37772420048713684	0.18059243261814117	0.3146582841873169	-0.2962770164012909	0.1821191906929016	-0.06458370387554169	0.34356260299682617	-0.3880724310874939	-0.20684443414211273	-0.041730284690856934	-0.016012972220778465	-0.2853504419326782	-0.45314013957977295	-0.29719188809394836	0.13802872598171234	-0.1235673651099205	-0.06449445337057114	-0.3624178469181061	0.1126934289932251	-0.24234087765216827	-0.28541243076324463	-0.4874382019042969	0.0745772048830986	0.10618259757757187	-0.133493572473526	0.7329819798469543	-0.1949482411146164	-0.017999345436692238	-0.49727585911750793	-0.42977651953697205	-0.4451944828033447	-0.13518637418746948
DAN_LABEL_15	-0.6480528116226196	0.07725993543863297	0.36224132776260376	-0.09481559693813324	-0.12924711406230927	0.028476880863308907	-0.3761177062988281	n/a	0.14335337281227112	0.23968324065208435	0.006232914514839649	0.26650211215019226	-0.0575406439602375	-0.2738809883594513	1.0	-0.591359555721283	0.7024545073509216	-0.5629202723503113	-0.18964874744415283	0.38992124795913696	0.6393899917602539	-0.19230298697948456	0.6248790621757507	-0.07142007350921631	0.7378549575805664	-0.47869884967803955	-0.6830580234527588	-0.5041362047195435	0.07054781168699265	0.23901526629924774	0.05868668481707573	0.00392019422724843	-0.45620444416999817	-0.19658412039279938	n/a	0.47861945629119873	-0.11796838045120239	0.5936523675918579	0.45249876379966736	-0.27712178230285645	0.5872820615768433	0.6268099546432495	0.0341593474149704	0.4870605170726776	0.622758150100708	-0.1413073092699051	0.5584885478019714	-0.26048821210861206	0.6272011399269104	-0.5005104541778564	-0.305862694978714	-0.4170859456062317	-0.5504667162895203	0.2829703092575073	-0.5193700790405273	0.17416438460350037	0.009810795076191425	-0.33779987692832947	-0.44479429721832275	0.4167584776878357	-0.041362568736076355	0.1966516524553299	-0.4605184495449066	0.06069989502429962	0.15348626673221588	0.6121588349342346	-0.11995842307806015	0.0702248141169548	0.06483353674411774	0.045174624770879745	-0.5022203922271729	-0.3127475082874298	0.2817199230194092	-0.11572150141000748	-0.3000514805316925	-0.47704631090164185	0.18585316836833954	0.13552510738372803	0.21630269289016724	-0.041476909071207047
DMN_LABEL_16	0.7445296049118042	-0.5267645716667175	-0.11036915332078934	0.465172678232193	0.12175767123699188	0.1813552975654602	0.10988083481788635	n/a	-0.21712717413902283	-0.16063395142555237	0.181229367852211	-0.2888508141040802	0.05816207081079483	0.3762962520122528	-0.591359555721283	1.0	-0.45799705386161804	0.8808977603912354	0.4451894462108612	-0.4833546280860901	-0.4384036660194397	0.16020317375659943	-0.5384262204170227	0.42848557233810425	-0.5347288250923157	0.4556456208229065	0.7936564087867737	0.6530014872550964	-0.49861016869544983	-0.12319812923669815	0.06992629170417786	-0.14672301709651947	0.37888145446777344	0.11177603155374527	n/a	-0.45760977268218994	0.17682529985904694	-0.3899877667427063	0.057615745812654495	0.3347082734107971	-0.7828450798988342	-0.4246950149536133	-0.26782315969467163	-0.3645721971988678	-0.49272871017456055	0.2027745097875595	-0.6106748580932617	0.28746894001960754	-0.6606292128562927	0.7736154794692993	0.391733318567276	0.23307889699935913	0.7275420427322388	-0.21270383894443512	0.5454745888710022	-0.2531009614467621	-0.07965009659528732	0.31298232078552246	0.09550632536411285	-0.15188056230545044	-0.24642810225486755	0.164725661277771	0.37732207775115967	0.07678800821304321	-0.07176440209150314	-0.29624950885772705	0.08079471439123154	-0.19828087091445923	0.31321874260902405	-0.3266354203224182	0.4018784761428833	0.3712063729763031	-0.22030480206012726	0.1310228705406189	0.11310017108917236	0.22144727408885956	-0.29943519830703735	-0.33069899678230286	-0.5860679745674133	-0.22870872914791107
CO_LABEL_17	-0.674370527267456	-0.03253958001732826	0.4269188344478607	0.13148397207260132	-0.292267769575119	0.23645661771297455	-0.5047253966331482	n/a	-0.08854954689741135	0.5933049321174622	0.18425650894641876	0.398406058549881	0.22238200902938843	-0.3927042484283447	0.7024545073509216	-0.45799705386161804	1.0	-0.5274754762649536	0.028319714590907097	0.5846295356750488	0.7963053584098816	-0.18824273347854614	0.40303006768226624	0.04938935488462448	0.7161594033241272	-0.3877168595790863	-0.46389198303222656	-0.6499626636505127	-0.05847283452749252	0.22723954916000366	0.43820491433143616	-0.050598178058862686	-0.29366961121559143	-0.35678112506866455	n/a	0.6585747599601746	0.08473309129476547	0.7041168808937073	0.5762100219726562	-0.4025585949420929	0.3472006916999817	0.9318324327468872	0.34972935914993286	0.6950296759605408	0.7533715963363647	0.08117035776376724	0.37296298146247864	-0.09845686703920364	0.5382359623908997	-0.38226383924484253	-0.2886285185813904	-0.4591505527496338	-0.5069096684455872	0.04642467573285103	-0.39954832196235657	0.30272579193115234	-0.09317616373300552	-0.18186268210411072	-0.4189148545265198	0.3939361274242401	-0.07933260500431061	0.03020511195063591	-0.5398476719856262	-0.2586788237094879	-0.2747724652290344	0.46819010376930237	-0.24609239399433136	0.27373456954956055	0.062447451055049896	-0.09868540614843369	-0.4275497496128082	-0.35639604926109314	0.4023064076900482	-0.2696734666824341	-0.322712779045105	-0.4584135413169861	0.3108042776584625	0.31116917729377747	0.10036533325910568	-0.13664670288562775
DMN_LABEL_18	0.7136507034301758	-0.360058456659317	-0.2947514057159424	0.2446381002664566	0.32741236686706543	-0.00512720225378871	0.1242244616150856	n/a	-0.1460990458726883	-0.2786741256713867	-0.021767105907201767	-0.2835639417171478	0.0018126674694940448	0.31323596835136414	-0.5629202723503113	0.8808977603912354	-0.5274754762649536	1.0	0.45804843306541443	-0.41178998351097107	-0.49678391218185425	0.24024543166160583	-0.5335615277290344	0.220787912607193	-0.5468285083770752	0.36852598190307617	0.6610316634178162	0.5216025114059448	-0.36205920577049255	-0.17087385058403015	-0.13847729563713074	-0.015391775406897068	0.23487161099910736	0.04492131993174553	n/a	-0.5186148285865784	0.02075965702533722	-0.4386160373687744	-0.02213715761899948	0.28086602687835693	-0.6666817665100098	-0.4663381278514862	-0.15508900582790375	-0.3508996367454529	-0.5051888823509216	0.2332899421453476	-0.5973924994468689	0.2545984983444214	-0.6855523586273193	0.7481465935707092	0.1982647329568863	0.2599188983440399	0.8351873159408569	-0.13580814003944397	0.4469413757324219	-0.2409399300813675	0.029402827844023705	0.2841099798679352	0.10436440259218216	-0.14029844105243683	-0.14816048741340637	0.21864217519760132	0.4250163435935974	0.23891669511795044	-0.0705738365650177	-0.22503219544887543	0.07927589863538742	-0.1677161604166031	0.24717867374420166	-0.20785804092884064	0.4242231547832489	0.348086953163147	-0.31309518218040466	0.05556836351752281	0.0465768501162529	0.12869778275489807	-0.17792227864265442	-0.4040680527687073	-0.5031359791755676	-0.27595531940460205
VAN_LABEL_19	-0.009407899342477322	-0.28154194355010986	0.09776312857866287	0.17969268560409546	0.30177953839302063	0.08601906150579453	-0.44813987612724304	n/a	-0.36478227376937866	0.003930994309484959	0.3202134966850281	-0.11419843137264252	-0.0927908793091774	-0.05831471458077431	-0.18964874744415283	0.4451894462108612	0.028319714590907097	0.45804843306541443	1.0	-0.06397002190351486	0.12328925728797913	0.455588161945343	-0.2302393615245819	0.19990882277488708	-0.25404250621795654	0.12479759007692337	0.2161119282245636	-0.1374392956495285	-0.12516701221466064	0.01633315160870552	0.2433505654335022	0.19267000257968903	-0.03694341704249382	-0.49123629927635193	n/a	-0.04510526731610298	0.3069482445716858	-0.11421336233615875	0.1451376974582672	-0.027555661275982857	-0.4428589344024658	0.04092157632112503	0.46575576066970825	0.08706154674291611	0.10914632678031921	0.4779529273509979	-0.20198528468608856	0.3406204283237457	-0.32242894172668457	0.3820191025733948	-0.0018750849412754178	0.09567353874444962	0.4926469027996063	-0.4460412561893463	-0.19824440777301788	0.04282461851835251	0.11005385220050812	0.2539466619491577	0.1131754070520401	0.04872719570994377	-0.2014419287443161	0.2622050940990448	-0.04861567169427872	-0.15044882893562317	-0.25071144104003906	0.05832638218998909	-0.18324019014835358	0.0991901308298111	0.37946614623069763	-0.24362677335739136	0.02856745757162571	0.20750926434993744	-0.020137155428528786	-0.08088331669569016	-0.23031963407993317	-0.26858842372894287	0.1361391693353653	-0.07913919538259506	-0.1325438767671585	-0.0007350622909143567
CO_LABEL_20	-0.5145089030265808	0.19626188278198242	0.13592176139354706	-0.17963004112243652	0.2783786356449127	0.06555259972810745	-0.20094162225723267	n/a	0.04698041453957558	-0.041503842920064926	-0.29871079325675964	0.3677021265029907	-0.024303527548909187	-0.6064466238021851	0.38992124795913696	-0.4833546280860901	0.5846295356750488	-0.41178998351097107	-0.06397002190351486	1.0	0.4168136417865753	-0.10096919536590576	0.22604306042194366	0.024076133966445923	0.5889204144477844	-0.1895553171634674	-0.49631017446517944	-0.5607168078422546	0.0843883827328682	0.09131823480129242	0.12615646421909332	0.42566823959350586	-0.21751625835895538	-0.29007411003112793	n/a	0.17138059437274933	-0.30472713708877563	0.45450523495674133	0.22385922074317932	-0.5901373028755188	0.3870488703250885	0.6078718900680542	0.4050396680831909	0.6440590023994446	0.4743221402168274	-0.09822501242160797	0.3558172285556793	0.0032791581470519304	0.5607050061225891	-0.33682486414909363	-0.3251884877681732	-0.12212421745061874	-0.3578028976917267	-0.017152752727270126	-0.30946823954582214	0.6448249816894531	0.2846824824810028	-0.10108689218759537	-0.033732302486896515	0.258819580078125	0.3960384726524353	0.18901169300079346	-0.36655616760253906	-0.015729647129774094	-0.05457403510808945	0.3147639334201813	-0.07241673767566681	0.16893261671066284	-0.05821665748953819	0.24166107177734375	-0.2771822214126587	-0.3041781783103943	0.1673574596643448	-0.5092776417732239	0.14355847239494324	-0.08838488906621933	0.29023799300193787	0.2571040689945221	0.4491051137447357	0.13379517197608948
CO_LABEL_21	-0.7661227583885193	-0.07293429970741272	0.6703125834465027	0.13618052005767822	-0.27930688858032227	0.08360546827316284	-0.6393107175827026	n/a	-0.38851016759872437	0.4614970088005066	0.4636991620063782	0.13757751882076263	0.0727802962064743	-0.2682800590991974	0.6393899917602539	-0.4384036660194397	0.7963053584098816	-0.49678391218185425	0.12328925728797913	0.4168136417865753	1.0	0.18668536841869354	0.16316188871860504	-0.046051979064941406	0.4266858398914337	-0.5122848749160767	-0.39461472630500793	-0.6639821529388428	-0.09491673856973648	0.5639986395835876	0.4939691424369812	-0.09559793025255203	-0.3307728171348572	-0.499719500541687	n/a	0.5464373230934143	0.1823914647102356	0.41710031032562256	0.4131738841533661	-0.2518768012523651	0.5101511478424072	0.6397640705108643	0.30787423253059387	0.7043894529342651	0.9135521054267883	0.3586398661136627	0.12108390033245087	0.010087057948112488	0.3443238437175751	-0.34229621291160583	0.0658465325832367	-0.5573407411575317	-0.49434760212898254	-0.17732685804367065	-0.404396116733551	0.3405930995941162	-0.048464953899383545	-0.06405344605445862	-0.1873079389333725	0.2218579649925232	-0.2234841138124466	0.2804579734802246	-0.650471031665802	-0.030763356015086174	0.02505870908498764	0.35973143577575684	-0.11939307302236557	0.29380127787590027	0.12057697027921677	-0.153500035405159	-0.5123895406723022	-0.02258770354092121	0.4004018008708954	-0.0013303260784596205	-0.3554629981517792	-0.5167820453643799	0.3363724946975708	0.34308552742004395	-0.07885750383138657	-0.15016508102416992
Sal_LABEL_22	-0.0752796158194542	-0.0027914762031286955	0.00475437892600894	0.04469221457839012	0.2538129389286041	-0.3395659327507019	-0.36359864473342896	n/a	-0.5424606800079346	-0.2527643144130707	0.39230120182037354	-0.23284664750099182	-0.032742906361818314	0.17239950597286224	-0.19230298697948456	0.16020317375659943	-0.18824273347854614	0.24024543166160583	0.455588161945343	-0.10096919536590576	0.18668536841869354	1.0	-0.4080979824066162	-0.2425827831029892	-0.43671756982803345	-0.059857916086912155	0.18786339461803436	-0.23889793455600739	-0.002189930062741041	0.18907037377357483	0.21519285440444946	0.1267019361257553	-0.17053626477718353	-0.4513695538043976	n/a	-0.12082846462726593	0.1938668042421341	-0.3475073277950287	-0.08881065994501114	0.2654995322227478	-0.020924998447299004	-0.23071949183940887	0.26244881749153137	0.21119534969329834	0.24088048934936523	0.7499063014984131	-0.45608675479888916	0.1144745871424675	-0.4454004466533661	0.18831254541873932	0.18704655766487122	0.013870946131646633	0.3238900899887085	-0.3637166917324066	-0.11021929234266281	0.06715063005685806	0.3309002220630646	0.1546967327594757	0.31839558482170105	-0.160905659198761	-0.0628286600112915	0.2136458158493042	-0.15007293224334717	0.07584203779697418	0.1247439906001091	-0.05463124439120293	0.09172847121953964	0.2519562542438507	0.07315799593925476	-0.13429223001003265	-0.08925153315067291	0.3878704607486725	-0.032621197402477264	0.22666844725608826	-0.16582554578781128	-0.18933993577957153	0.10556775331497192	-0.1563849151134491	-0.17193599045276642	-0.02395620569586754
DAN_LABEL_23	-0.38219693303108215	0.47060146927833557	-0.10244489461183548	-0.2754034399986267	-0.027662906795740128	-0.054386790841817856	-0.050508733838796616	n/a	0.3148728013038635	0.14411890506744385	-0.3917166590690613	0.28784480690956116	-0.16298535466194153	-0.22305862605571747	0.6248790621757507	-0.5384262204170227	0.40303006768226624	-0.5335615277290344	-0.2302393615245819	0.22604306042194366	0.16316188871860504	-0.4080979824066162	1.0	-0.15488691627979279	0.6285087466239929	-0.5282274484634399	-0.5952206254005432	-0.331935852766037	0.4364015758037567	-0.1432696282863617	-0.1872825175523758	0.07617181539535522	-0.41445353627204895	0.02243848703801632	n/a	0.24192745983600616	-0.35047218203544617	0.4332531988620758	0.08133968710899353	-0.26850587129592896	0.4584568440914154	0.4306187033653259	0.1650245040655136	0.24711357057094574	0.15005631744861603	-0.46942636370658875	0.9107500910758972	-0.2825242877006531	0.6634525656700134	-0.4179645776748657	-0.4945341944694519	-0.29058873653411865	-0.4087778329849243	0.40831458568573	-0.3735862374305725	0.20421552658081055	-0.14400699734687805	-0.4889233112335205	-0.5605042576789856	0.45122167468070984	0.2295370101928711	-0.15106502175331116	-0.36841368675231934	-0.11607035994529724	-0.11412004381418228	0.3388473689556122	-0.4224108159542084	-0.02531360276043415	-0.21228352189064026	0.3291829526424408	-0.6036465764045715	-0.4056963622570038	-0.09390712529420853	-0.22125451266765594	-0.28912410140037537	-0.361767441034317	-0.07638249546289444	0.08434193581342697	0.3337666988372803	0.2016136348247528
PMN_LABEL_24	0.1279715895652771	-0.5428672432899475	0.4041893780231476	0.49181681871414185	-0.07449375092983246	0.813112199306488	-0.16701236367225647	n/a	-0.16205690801143646	-0.06108438968658447	0.06856338679790497	-0.22047653794288635	-0.3055759370326996	-0.10876729339361191	-0.07142007350921631	0.42848557233810425	0.04938935488462448	0.220787912607193	0.19990882277488708	0.024076133966445923	-0.046051979064941406	-0.2425827831029892	-0.15488691627979279	1.0	0.033707279711961746	0.23909224569797516	0.21123163402080536	0.3276771008968353	-0.5290124416351318	0.2816679775714874	0.2935470640659332	-0.11025538295507431	0.7175080180168152	-0.07493703067302704	n/a	-0.21411341428756714	0.25947070121765137	-0.05810707062482834	0.2739488184452057	-0.1448611617088318	-0.3131549656391144	0.05084503814578056	-0.2692216634750366	0.009818941354751587	-0.10496204346418381	-0.2872091829776764	-0.060142140835523605	0.6889966726303101	-0.037821270525455475	0.48881322145462036	0.4583160877227783	0.13137924671173096	0.18866726756095886	-0.20771421492099762	0.268419086933136	-0.13088612258434296	-0.17202633619308472	0.4346320629119873	0.24043230712413788	-0.003459614235907793	-0.11517999321222305	0.2598903179168701	0.14721813797950745	0.07548709958791733	0.038207218050956726	-0.07579978555440903	-0.1327919363975525	-0.09852244704961777	0.45500171184539795	-0.3564991354942322	0.21620941162109375	0.11536925286054611	-0.10621321946382523	-0.33940374851226807	0.1000075563788414	0.06059664860367775	-0.2823443114757538	0.02069074474275112	-0.17471125721931458	-0.28091371059417725
DAN_LABEL_25	-0.4727441668510437	0.13563178479671478	0.194210484623909	-0.11462964862585068	-0.10924200713634491	0.18702907860279083	-0.1273747682571411	n/a	0.38428181409835815	0.23724772036075592	-0.16771425306797028	0.2373027354478836	-0.0923207476735115	-0.39828726649284363	0.7378549575805664	-0.5347288250923157	0.7161594033241272	-0.5468285083770752	-0.25404250621795654	0.5889204144477844	0.4266858398914337	-0.43671756982803345	0.6285087466239929	0.033707279711961746	1.0	-0.23394013941287994	-0.5083224773406982	-0.4093949496746063	0.09720032662153244	-0.07939452677965164	-0.019379422068595886	0.012879280373454094	-0.25281602144241333	0.012599737383425236	n/a	0.42302408814430237	-0.11842755228281021	0.5472894906997681	0.23003385961055756	-0.41803112626075745	0.46598759293556213	0.6777645945549011	0.12777766585350037	0.4159826934337616	0.4007302224636078	-0.3427296578884125	0.6246379613876343	-0.35451194643974304	0.8739468455314636	-0.5691912770271301	-0.45734280347824097	-0.25633707642555237	-0.6600522398948669	0.4174637794494629	-0.3697507679462433	0.18426631391048431	-0.11569969356060028	-0.23431921005249023	-0.43503329157829285	0.3120531141757965	0.23768968880176544	-0.04911940172314644	-0.44880083203315735	-0.1320754885673523	-0.15081095695495605	0.3384707570075989	-0.12312199920415878	0.06396914273500443	-0.013631015084683895	0.23178018629550934	-0.3341424763202667	-0.45779573917388916	0.1804262399673462	-0.2919425070285797	-0.08914955705404282	-0.3049144446849823	0.07573249191045761	0.22229404747486115	0.4617820382118225	0.10376716405153275
