Node	DMN_LABEL_1	Vis_LABEL_2	FP_LABEL_3	Aud_LABEL_4	Tpole_LABEL_5	PMN_LABEL_6	PON_LABEL_7	MTL_LABEL_8	PON_LABEL_9	CO_LABEL_10	Sal_LABEL_11	CO_LABEL_12	SMd_LABEL_13	SMl_LABEL_14	DAN_LABEL_15	DMN_LABEL_16	CO_LABEL_17	DMN_LABEL_18	VAN_LABEL_19	CO_LABEL_20	CO_LABEL_21	Sal_LABEL_22	DAN_LABEL_23	PMN_LABEL_24	DAN_LABEL_25	DMN_LABEL_26	DMN_LABEL_27	DMN_LABEL_28	Vis_LABEL_29	FP_LABEL_30	Aud_LABEL_31	Tpole_LABEL_32	PMN_LABEL_33	PON_LABEL_34	MTL_LABEL_35	CO_LABEL_36	Sal_LABEL_37	CO_LABEL_38	SMd_LABEL_39	SMl_LABEL_40	DAN_LABEL_41	CO_LABEL_42	VAN_LABEL_43	CO_LABEL_44	CO_LABEL_45	Sal_LABEL_46	DAN_LABEL_47	PMN_LABEL_48	DAN_LABEL_49	DMN_LABEL_50	FP_LABEL_51	DMN_LABEL_52	DMN_LABEL_53	PON_LABEL_54	DMN_LABEL_55	Tpole_LABEL_56	Tpole_LABEL_57	Sal_LABEL_58	Sal_LABEL_59	SMd_LABEL_60	DAN_LABEL_61	FP_LABEL_62	DMN_LABEL_63	FP_LABEL_64	FP_LABEL_65	SMd_LABEL_66	SMl_LABEL_67	SMd_LABEL_68	DMN_LABEL_69	DAN_LABEL_70	DMN_LABEL_71	FP_LABEL_72	SMd_LABEL_73	SMl_LABEL_74	MTL_LABEL_75	MTL_LABEL_76	CO_LABEL_77	CO_LABEL_78	Vis_LABEL_79	Vis_LABEL_80
DMN_LABEL_1	1.0	-0.22734306752681732	-0.5448669195175171	-0.10145699977874756	0.18469145894050598	0.19577163457870483	0.1769697070121765	n/a	-0.14950434863567352	-0.08337666094303131	-0.20037387311458588	0.17478080093860626	0.06629066914319992	0.07819180190563202	0.00819843914359808	0.713049054145813	-0.3294188380241394	0.5131405591964722	0.16357308626174927	-0.3042326271533966	-0.5049565434455872	0.024509243667125702	-0.06362053751945496	0.4029279053211212	-0.29952746629714966	0.6254588961601257	0.443866491317749	0.43997129797935486	-0.10973725467920303	-0.6464875936508179	-0.11329951137304306	0.27721643447875977	0.1376046985387802	0.12641215324401855	n/a	-0.16442225873470306	-0.14211997389793396	-0.1909833699464798	-0.32559943199157715	0.018452873453497887	-0.11552657186985016	-0.16717112064361572	0.06275180727243423	-0.29305002093315125	-0.38450711965560913	0.058483317494392395	-0.0763661339879036	0.07249347120523453	-0.29556724429130554	0.23976682126522064	-0.3405422270298004	0.5673270225524902	0.32413262128829956	-0.13240987062454224	0.19344432651996613	0.12591856718063354	-0.08603618294000626	-0.2926986515522003	-0.3860042989253998	-0.24263237416744232	-0.06619223207235336	-0.5152689814567566	0.3368403911590576	-0.37379834055900574	-0.11938507854938507	-0.2848671078681946	-0.020763423293828964	-0.19382433593273163	-0.0909121185541153	-0.01704263687133789	0.2576058506965637	-0.05989586561918259	-0.07688400149345398	-0.28098803758621216	0.23720073699951172	0.09672404080629349	-0.12977883219718933	-0.341607004404068	-0.10839056968688965	0.16728949546813965
Vis_LABEL_2	-0.22734306752681732	1.0	0.020872410386800766	0.18774928152561188	-0.08541331440210342	-0.14898566901683807	0.03739642724394798	n/a	0.21642589569091797	0.04251670092344284	-0.23986418545246124	-0.12704037129878998	-0.14966678619384766	-0.2543129324913025	0.05352836847305298	-0.2466132640838623	-0.05937269330024719	-0.2360684871673584	-0.4041553735733032	-0.1683647632598877	-0.1482636034488678	-0.3664785921573639	0.172084242105484	-0.13798660039901733	0.035175736993551254	-0.21512332558631897	-0.2741685211658478	-0.1889498084783554	0.9553790092468262	0.019762910902500153	0.16864505410194397	-0.15826863050460815	-0.040902070701122284	0.028696607798337936	n/a	-0.08807963877916336	-0.0032953659538179636	0.10786323249340057	-0.16496285796165466	-0.28037384152412415	-0.04271106794476509	-0.07887611538171768	-0.4399379789829254	-0.37724870443344116	-0.03386036679148674	-0.3141574561595917	0.20770080387592316	0.0419250950217247	-0.04121862351894379	-0.05098416283726692	0.14225777983665466	-0.05891985818743706	-0.04821104183793068	0.06856308877468109	-0.11375577002763748	-0.298412561416626	-0.3635491728782654	-0.17611560225486755	-0.19391405582427979	-0.004797493107616901	0.3260441720485687	0.3266328275203705	-0.1954680234193802	0.3053908050060272	0.058685582131147385	-0.14096544682979584	-0.3535269796848297	0.1282002478837967	0.004213415086269379	0.24192406237125397	-0.24874848127365112	0.052773963660001755	0.06447265297174454	-0.018322469666600227	-0.2105148881673813	-0.1550508439540863	0.1273350864648819	-0.04691554233431816	0.5070012211799622	0.22391897439956665
FP_LABEL_3	-0.5448669195175171	0.020872410386800766	1.0	0.0748065784573555	-0.07783105969429016	0.1721998006105423	-0.1916036307811737	n/a	0.017189502716064453	-0.023870564997196198	0.4639192819595337	-0.2936735451221466	-0.08409678936004639	-0.03232134133577347	0.012228685431182384	-0.5546442270278931	0.1375141590833664	-0.35447803139686584	0.05579916015267372	0.38643643260002136	0.47451525926589966	-0.0729801133275032	0.11588124930858612	0.011074799112975597	0.24210380017757416	-0.22537276148796082	-0.17377613484859467	-0.245572030544281	-0.09411763399839401	0.5146729946136475	-0.11301475018262863	-0.328268438577652	0.09789711236953735	-0.16767989099025726	n/a	-0.029865873977541924	0.11208740621805191	-0.01932663843035698	-0.01718016155064106	-0.11626587808132172	0.23880566656589508	-0.039471693336963654	-0.046494003385305405	0.0940895602107048	0.17378763854503632	-0.2179737687110901	0.001921850605867803	0.08196821063756943	0.3448076844215393	-0.4226948916912079	0.37638843059539795	-0.3750738203525543	-0.4838944375514984	-0.09557413309812546	0.16569457948207855	0.10786902904510498	0.10876279324293137	0.4072341024875641	0.2465493232011795	0.11541807651519775	-0.317959189414978	0.3212319314479828	-0.35178080201148987	0.11568247526884079	-0.03815273568034172	0.09734222292900085	0.014542595483362675	-0.10840427875518799	0.29283493757247925	-0.13263122737407684	-0.04641388729214668	0.004141353070735931	-0.0078166164457798	-0.17256362736225128	0.2937101125717163	0.05905713886022568	0.0005584364989772439	0.2250918596982956	0.014857946895062923	-0.007401835173368454
Aud_LABEL_4	-0.10145699977874756	0.18774928152561188	0.0748065784573555	1.0	0.18693149089813232	0.34582191705703735	0.12679283320903778	n/a	0.21352316439151764	-0.12089017778635025	-0.3262755572795868	-0.2119441032409668	-0.24490872025489807	0.20439918339252472	-0.4393124580383301	-0.017933938652276993	-0.07555120438337326	0.08888275921344757	-0.31955528259277344	0.26046326756477356	-0.10746410489082336	-0.17038775980472565	-0.42230910062789917	0.29118722677230835	-0.3556414544582367	0.11164295673370361	-0.32713669538497925	-0.08410698920488358	0.122332364320755	0.45698267221450806	0.8105370998382568	0.25682467222213745	0.48774468898773193	0.06449287384748459	n/a	-0.21363148093223572	0.053278058767318726	-0.24693216383457184	-0.18006549775600433	0.1600380539894104	-0.287131667137146	0.052939191460609436	-0.19757157564163208	0.14558792114257812	0.05713864415884018	-0.06150325760245323	-0.36907991766929626	0.48310205340385437	-0.15270967781543732	0.4663814902305603	0.47692200541496277	0.1976042538881302	0.27852052450180054	0.13368336856365204	-0.020594174042344093	0.0538489893078804	-0.5075005292892456	0.14534078538417816	0.26698848605155945	-0.03652266412973404	-0.11865367740392685	0.4301303029060364	0.26211532950401306	0.5123617649078369	0.45313239097595215	-0.19110704958438873	-0.2960921823978424	0.12701037526130676	0.26237744092941284	-0.1638024002313614	0.10272544622421265	0.1571487933397293	-0.23315109312534332	-0.0787544921040535	0.22138984501361847	0.16524091362953186	-0.22146210074424744	-0.3678814470767975	0.05099623277783394	-0.03131961077451706
Tpole_LABEL_5	0.18469145894050598	-0.08541331440210342	-0.07783105969429016	0.18693149089813232	1.0	0.24383828043937683	-0.18473108112812042	n/a	-0.16915009915828705	0.03754379227757454	-0.3211766481399536	0.0010606009745970368	0.059893496334552765	0.1984526515007019	-0.035518281161785126	0.20452773571014404	-0.05560404062271118	0.4729148745536804	0.09127446264028549	0.22907954454421997	-0.12247010320425034	-0.24023495614528656	-0.17352290451526642	0.30290085077285767	-0.1481301337480545	-0.10173297673463821	0.06468277424573898	-0.1296769082546234	-0.09588354825973511	-0.05683206021785736	0.17304493486881256	0.6597795486450195	0.20762847363948822	-0.24090047180652618	n/a	0.055770616978406906	-0.1949326992034912	-0.0992984026670456	-0.11026971787214279	0.0870945006608963	-0.20953504741191864	0.04187342897057533	0.2699722647666931	0.22469739615917206	-0.05441321060061455	-0.026374487206339836	-0.2211865484714508	0.3068523108959198	-0.11641575396060944	0.38069552183151245	-0.1574806123971939	0.11152060329914093	0.39775747060775757	-0.09834235906600952	0.03612135350704193	0.337018758058548	0.07919594645500183	0.00706688454374671	-0.11293907463550568	-0.0586681142449379	-0.36684057116508484	-0.1726440191268921	0.4189533591270447	0.052621129900217056	0.25709477066993713	-0.12544192373752594	-0.031760722398757935	0.055615223944187164	0.08213178813457489	0.06430017948150635	0.34909194707870483	0.008110866881906986	-0.11744586378335953	0.23636262118816376	-0.09360314160585403	-0.07633134722709656	-0.23392772674560547	-0.1396530270576477	-0.24767141044139862	0.22836527228355408
PMN_LABEL_6	0.19577163457870483	-0.14898566901683807	0.1721998006105423	0.34582191705703735	0.24383828043937683	1.0	-0.012885178439319134	n/a	0.0034599194768816233	0.25070157647132874	0.1559564769268036	0.09486282616853714	0.37988752126693726	-0.06259360909461975	0.09828698635101318	-0.11020676046609879	0.2703176736831665	0.03459564223885536	-0.07455359399318695	0.44695040583610535	0.3333286643028259	0.06873103231191635	-0.2231300324201584	0.7762797474861145	-0.11414944380521774	0.10809802263975143	-0.31258389353752136	-0.32357507944107056	-0.19887037575244904	0.2969665229320526	0.41252726316452026	0.07027648389339447	0.8440520167350769	0.0037844099570065737	n/a	0.33640122413635254	0.4328797161579132	0.1144757941365242	0.12050861865282059	-0.18946772813796997	0.07607215642929077	0.3662755489349365	-0.04362144693732262	0.21176232397556305	0.43095746636390686	0.01644650101661682	-0.2364611029624939	0.8037518262863159	0.07282550632953644	0.05921938270330429	0.014733659103512764	0.011548182927072048	-0.08846256881952286	-0.10423853993415833	0.03633797541260719	0.21731197834014893	-0.3112183213233948	0.14157703518867493	0.1648881882429123	0.35091468691825867	-0.35753947496414185	-0.17498145997524261	-0.19569355249404907	-0.09080615639686584	0.16513511538505554	0.30009403824806213	0.055424969643354416	0.32259401679039	-0.05586586892604828	-0.2736606001853943	-0.12499069422483444	-0.20862361788749695	0.26514101028442383	-0.06005897372961044	0.25144317746162415	0.12776830792427063	-0.010587447322905064	-0.06738433241844177	-0.2299952507019043	0.1587587147951126
PON_LABEL_7	0.1769697070121765	0.03739642724394798	-0.1916036307811737	0.12679283320903778	-0.18473108112812042	-0.012885178439319134	1.0	n/a	0.7868191599845886	-0.36348026990890503	0.02317923493683338	-0.3866731822490692	-0.22424449026584625	0.07010719925165176	-0.1398455947637558	0.054290544241666794	-0.15779061615467072	-0.16204670071601868	-0.05692239850759506	-0.12190552800893784	-0.3342312276363373	-0.2976978123188019	0.09972016513347626	0.18455363810062408	-0.00040403258753940463	0.48530375957489014	-0.070356085896492	0.43894514441490173	0.03238585963845253	-0.10558438301086426	-0.07907820492982864	0.05765026435256004	0.2202387899160385	0.9598817825317383	n/a	-0.4205297529697418	-0.07728783786296844	-0.46507397294044495	-0.32034918665885925	-0.029983948916196823	-0.12743611633777618	-0.2946884036064148	-0.08248281478881836	-0.3304862976074219	-0.4405234158039093	-0.2853538990020752	0.06015770137310028	0.1604650616645813	-0.25236788392066956	0.07496596872806549	0.06768327951431274	0.2917032539844513	-0.04820965230464935	0.6054447293281555	0.08243368566036224	-0.06481218338012695	0.13091041147708893	0.020274460315704346	-0.0117877759039402	-0.1678391993045807	0.4123506247997284	0.13899600505828857	0.20090360939502716	0.29207706451416016	0.24898159503936768	-0.22272327542304993	0.052525490522384644	-0.14412818849086761	0.13976722955703735	-0.042573217302560806	0.05212683230638504	-0.03954323008656502	-0.13771849870681763	-0.1344802975654602	0.2922860085964203	0.2667180001735687	-0.3525981307029724	-0.2942049205303192	0.36620664596557617	-0.09916321188211441
MTL_LABEL_8	n/a	n/a	n/a	n/a	n/a	n/a	n/a	1.0	n/a	n/a	n/a	n/a	n/a	n/a	n/a	n/a	n/a	n/a	n/a	n/a	n/a	n/a	n/a	n/a	n/a	n/a	n/a	n/a	n/a	n/a	n/a	n/a	n/a	n/a	n/a	n/a	n/a	n/a	n/a	n/a	n/a	n/a	n/a	n/a	n/a	n/a	n/a	n/a	n/a	n/a	n/a	n/a	n/a	n/a	n/a	n/a	n/a	n/a	n/a	n/a	n/a	n/a	n/a	n/a	n/a	n/a	n/a	n/a	n/a	n/a	n/a	n/a	n/a	n/a	n/a	n/a	n/a	n/a	n/a	n/a
PON_LABEL_9	-0.14950434863567352	0.21642589569091797	0.017189502716064453	0.21352316439151764	-0.16915009915828705	0.0034599194768816233	0.7868191599845886	n/a	1.0	-0.19045685231685638	-0.047729846090078354	-0.36411425471305847	-0.1873997300863266	0.13462220132350922	-0.1587515026330948	-0.2072458416223526	0.02153822034597397	-0.3463444411754608	-0.17224934697151184	0.04056568071246147	-0.17194074392318726	-0.47118517756462097	0.1252795159816742	0.10047388076782227	0.11505892127752304	0.21515709161758423	-0.26694685220718384	0.20849592983722687	0.1782544106245041	0.1867394596338272	0.0388067327439785	-0.06092517077922821	0.23407024145126343	0.747481107711792	n/a	-0.2719099521636963	-0.05110963433980942	-0.3002314567565918	-0.22562533617019653	0.06486716866493225	-0.18736162781715393	-0.13603466749191284	-0.051628608256578445	-0.190461665391922	-0.25836020708084106	-0.41774097084999084	0.09852831810712814	0.2054349035024643	-0.1489141285419464	0.05257755517959595	0.15653273463249207	0.019257115200161934	-0.17331497371196747	0.7981838583946228	0.061399005353450775	0.023604843765497208	0.0982222855091095	-0.07120657712221146	-0.054864801466464996	-0.13339637219905853	0.39166364073753357	0.2533350884914398	0.020903460681438446	0.3843706250190735	0.2632142901420593	-0.19955015182495117	0.049759648740291595	-0.09528462588787079	0.1977381706237793	-0.03218596801161766	-0.0748586431145668	-0.0036959133576601744	-0.14778518676757812	-0.03620293363928795	0.1485917717218399	0.13514699041843414	-0.33354365825653076	-0.2066902071237564	0.352581262588501	-0.06805190443992615
CO_LABEL_10	-0.08337666094303131	0.04251670092344284	-0.023870564997196198	-0.12089017778635025	0.03754379227757454	0.25070157647132874	-0.36348026990890503	n/a	-0.19045685231685638	1.0	-0.01226624846458435	0.7259830236434937	0.6959697008132935	-0.303043007850647	0.3584555387496948	-0.22562547028064728	0.7235727906227112	-0.2030801624059677	-0.39459896087646484	0.18429329991340637	0.602635383605957	-0.0167322289198637	-0.19387413561344147	0.3121958374977112	-0.11291975528001785	-0.31323954463005066	-0.37453216314315796	-0.45274215936660767	-0.01240828912705183	0.24503333866596222	0.20594522356987	-0.03452695533633232	0.0385628379881382	-0.3100219666957855	n/a	0.8701761960983276	0.35204875469207764	0.7549805641174316	0.5401831269264221	-0.2551265358924866	-0.03693189099431038	0.7740355730056763	-0.12533868849277496	0.3642957806587219	0.7636427283287048	-0.027495037764310837	-0.11777015775442123	0.28244131803512573	-0.10625313967466354	-0.19139286875724792	-0.2681055963039398	-0.3081667721271515	-0.20777882635593414	-0.1231364980340004	-0.31605514883995056	-0.024784918874502182	-0.18298855423927307	-0.12282127141952515	-0.02296312525868416	0.558154821395874	-0.16717101633548737	-0.14124196767807007	-0.3749922215938568	-0.2951299548149109	-0.10996945202350616	0.6019302010536194	0.12223606556653976	0.6715646386146545	-0.379118949174881	-0.15929876267910004	-0.5087386965751648	-0.17803062498569489	0.6582486033439636	0.31180185079574585	-0.5641455054283142	-0.35761091113090515	0.4041878283023834	0.33922332525253296	-0.04574795067310333	0.13207823038101196
Sal_LABEL_11	-0.20037387311458588	-0.23986418545246124	0.4639192819595337	-0.3262755572795868	-0.3211766481399536	0.1559564769268036	0.02317923493683338	n/a	-0.047729846090078354	-0.01226624846458435	1.0	-0.23441572487354279	0.07032249122858047	0.05883060768246651	0.13327130675315857	-0.3532668352127075	0.1803559809923172	-0.35915568470954895	0.3413715958595276	0.3318072557449341	0.49759694933891296	0.51055908203125	0.17000144720077515	-0.029300907626748085	0.31920409202575684	-0.05955897271633148	-0.09323842823505402	-0.2000458836555481	-0.2662832736968994	0.13310183584690094	-0.3743314743041992	-0.4890885055065155	0.16494809091091156	0.07176491618156433	n/a	0.09552596509456635	0.5296451449394226	-0.0639851987361908	0.07865708321332932	-0.001270665554329753	0.33512088656425476	-0.022575976327061653	0.19815799593925476	0.11357542872428894	0.19184090197086334	0.27634602785110474	0.13829685747623444	-0.0060994429513812065	0.3435995280742645	-0.5615686178207397	0.004269339609891176	-0.4252718389034271	-0.5520731806755066	-0.08811777085065842	-0.023180944845080376	-0.14965450763702393	0.2894499599933624	0.43240830302238464	0.20750711858272552	0.2691159248352051	-0.06543785333633423	0.04768216237425804	-0.5158765316009521	-0.17109011113643646	-0.4142175614833832	0.37873217463493347	0.3816492557525635	0.053432315587997437	-0.17321442067623138	-0.2494508922100067	-0.35433289408683777	-0.07386936992406845	0.2741452753543854	0.03708914667367935	0.2813211977481842	0.25838741660118103	0.12364829331636429	0.4043680727481842	-0.02702786959707737	-0.24819456040859222
CO_LABEL_12	0.17478080093860626	-0.12704037129878998	-0.2936735451221466	-0.2119441032409668	0.0010606009745970368	0.09486282616853714	-0.3866731822490692	n/a	-0.36411425471305847	0.7259830236434937	-0.23441572487354279	1.0	0.5640192627906799	-0.21021316945552826	0.2970563471317291	-0.005538722965866327	0.36538165807724	-0.03489339351654053	-0.2318718135356903	0.012923247180879116	0.24416039884090424	0.06178992986679077	-0.10704774409532547	0.18858124315738678	-0.1608978509902954	-0.08713342994451523	-0.17227189242839813	-0.19358521699905396	-0.10734003037214279	-0.08967281877994537	0.08477438241243362	0.1410994976758957	-0.18842917680740356	-0.32745248079299927	n/a	0.6669657230377197	0.09925766289234161	0.691865861415863	0.31635504961013794	-0.13720494508743286	0.03729783371090889	0.5243681073188782	-0.008288859389722347	0.30261263251304626	0.4468812942504883	0.07832657545804977	-0.03684460371732712	0.019552577286958694	-0.08357095718383789	-0.13377276062965393	-0.42277634143829346	0.060577064752578735	-0.025359483435750008	-0.26562854647636414	-0.2759895622730255	-0.0656975582242012	-0.19085636734962463	-0.267744779586792	-0.004265366587787867	0.17903229594230652	-0.1675790399312973	-0.3678041994571686	-0.08426859974861145	-0.41770845651626587	-0.10268927365541458	0.29361698031425476	0.03263618052005768	0.29529303312301636	-0.40490826964378357	-0.011096087284386158	-0.2552160620689392	-0.19259388744831085	0.3359219431877136	0.11561799049377441	-0.4859267771244049	-0.2382003515958786	0.39168691635131836	0.21165986359119415	-0.15741586685180664	0.11032901704311371
SMd_LABEL_13	0.06629066914319992	-0.14966678619384766	-0.08409678936004639	-0.24490872025489807	0.059893496334552765	0.37988752126693726	-0.22424449026584625	n/a	-0.1873997300863266	0.6959697008132935	0.07032249122858047	0.5640192627906799	1.0	-0.3607586622238159	0.45628803968429565	-0.13775362074375153	0.5467890501022339	-0.15010163187980652	-0.1315750777721405	0.054265160113573074	0.529255211353302	0.0783400759100914	-0.047171447426080704	0.3745754361152649	0.08563193678855896	-0.1871391385793686	-0.2543979585170746	-0.36230626702308655	-0.1613064408302307	0.04832038655877113	0.060033317655324936	-0.11367672681808472	0.14482295513153076	-0.14295165240764618	n/a	0.7660177946090698	0.30753326416015625	0.5941697359085083	0.5755350589752197	-0.37719547748565674	0.16392409801483154	0.5937505960464478	-0.001273922505788505	0.2159155309200287	0.6486338376998901	-0.08865146338939667	-0.03049224242568016	0.33593639731407166	0.14018800854682922	-0.1943134367465973	-0.28528061509132385	-0.3347626328468323	-0.23620572686195374	-0.1637754738330841	-0.24886110424995422	0.07616005092859268	-0.0749044194817543	-0.1272660344839096	-0.06259440630674362	0.5455681681632996	-0.2488473653793335	-0.24052222073078156	-0.46583983302116394	-0.45767590403556824	-0.09906871616840363	0.5576907396316528	0.09859220683574677	0.5922819972038269	-0.4226810336112976	-0.14416201412677765	-0.4935585856437683	-0.12849561870098114	0.7665743231773376	0.1222928836941719	-0.37821483612060547	-0.26215583086013794	0.21134056150913239	0.257347971200943	-0.24965114891529083	0.20071111619472504
SMl_LABEL_14	0.07819180190563202	-0.2543129324913025	-0.03232134133577347	0.20439918339252472	0.1984526515007019	-0.06259360909461975	0.07010719925165176	n/a	0.13462220132350922	-0.303043007850647	0.05883060768246651	-0.21021316945552826	-0.3607586622238159	1.0	-0.37834617495536804	0.11237164586782455	-0.35589781403541565	0.14023619890213013	0.25440606474876404	0.2964988350868225	-0.21040596067905426	0.03818381950259209	-0.09387721121311188	-0.06696516275405884	-0.08833759278059006	-0.029448004439473152	0.14497621357440948	0.2601187229156494	-0.18576151132583618	-0.030306624248623848	-0.04527978599071503	0.2523238956928253	0.05254277214407921	-0.0067887757904827595	n/a	-0.43091312050819397	-0.23909494280815125	-0.431421160697937	-0.4211854040622711	0.9484719038009644	-0.24028737843036652	-0.3420017957687378	0.5077075362205505	0.1473693549633026	-0.39353519678115845	0.29370543360710144	-0.11849220097064972	-0.01115468144416809	-0.03630607947707176	0.19928428530693054	0.09078481048345566	0.01668689213693142	0.0905420333147049	0.1858544498682022	0.20787376165390015	0.31463509798049927	0.31390130519866943	0.062435541301965714	-0.0929182693362236	-0.5050011277198792	-0.1439344882965088	0.1327589750289917	0.48702695965766907	0.17785082757472992	0.13363413512706757	-0.32106518745422363	0.31825679540634155	-0.2743473947048187	0.36375120282173157	-0.03356604650616646	0.3425780236721039	0.10716471076011658	-0.4569641947746277	0.20101985335350037	0.32224205136299133	0.14564993977546692	-0.42571017146110535	-0.226655051112175	-0.40969058871269226	-0.18626883625984192
DAN_LABEL_15	0.00819843914359808	0.05352836847305298	0.012228685431182384	-0.4393124580383301	-0.035518281161785126	0.09828698635101318	-0.1398455947637558	n/a	-0.1587515026330948	0.3584555387496948	0.13327130675315857	0.2970563471317291	0.45628803968429565	-0.37834617495536804	1.0	-0.17756059765815735	0.5567932724952698	-0.2439313530921936	-0.2317565381526947	0.017224812880158424	0.289213627576828	0.01249021477997303	0.6594943404197693	0.21163421869277954	0.6943453550338745	-0.2559005618095398	-0.12067315727472305	-0.47535237669944763	0.07890348881483078	-0.11431591212749481	-0.15148302912712097	-0.10670062899589539	-0.10379878431558609	-0.03302648290991783	n/a	0.4334900677204132	0.270572304725647	0.5128223896026611	0.26394203305244446	-0.36879244446754456	0.7281677722930908	0.4549630582332611	-0.19181670248508453	0.060805968940258026	0.3652763366699219	0.04651333764195442	0.6344060301780701	0.11171584576368332	0.4223334491252899	-0.27610158920288086	-0.5169910192489624	-0.26219409704208374	-0.32037535309791565	-0.18442875146865845	-0.2872859835624695	-0.15298333764076233	0.08710532635450363	-0.24285277724266052	-0.08325709402561188	0.3534284234046936	0.08078446984291077	-0.33965444564819336	-0.4430520832538605	-0.5114099979400635	-0.26831626892089844	0.4231221377849579	0.18880590796470642	0.377231240272522	-0.4038136303424835	0.18353848159313202	-0.35113197565078735	-0.4925265908241272	0.449756920337677	-0.013595773838460445	-0.2911299467086792	-0.34920254349708557	0.19491048157215118	0.10945923626422882	0.06513935327529907	0.27074211835861206
DMN_LABEL_16	0.713049054145813	-0.2466132640838623	-0.5546442270278931	-0.017933938652276993	0.20452773571014404	-0.11020676046609879	0.054290544241666794	n/a	-0.2072458416223526	-0.22562547028064728	-0.3532668352127075	-0.005538722965866327	-0.13775362074375153	0.11237164586782455	-0.17756059765815735	1.0	-0.41465502977371216	0.7872262001037598	0.05057384818792343	-0.5134139657020569	-0.6433438062667847	0.09014787524938583	-0.21786721050739288	0.11217673122882843	-0.36880841851234436	0.5605884790420532	0.6923296451568604	0.47185730934143066	-0.11111615598201752	-0.4908416271209717	-0.007190406322479248	0.34573894739151	-0.08005479723215103	-0.02374725043773651	n/a	-0.3276655375957489	-0.24987082183361053	-0.33794206380844116	-0.31134048104286194	0.1315249651670456	-0.336616188287735	-0.3052642047405243	-0.040837038308382034	-0.26771411299705505	-0.4424269199371338	0.19131691753864288	-0.21576924622058868	-0.1327274888753891	-0.4145830273628235	0.6314496397972107	-0.07559552788734436	0.549235463142395	0.7096784114837646	-0.049242593348026276	0.3761124610900879	0.002156664850190282	-0.014061102643609047	-0.2483047991991043	-0.1643802523612976	-0.3547685742378235	0.044675637036561966	-0.2593473792076111	0.4755670726299286	-0.22439377009868622	-0.1609780639410019	-0.3659491240978241	-0.23439016938209534	-0.2027234584093094	0.043442096561193466	0.06968813389539719	0.3531520962715149	0.13196462392807007	-0.20635858178138733	-0.10218001902103424	0.18705680966377258	0.10313323885202408	-0.22957435250282288	-0.4446578919887543	-0.16587407886981964	0.011365951970219612
CO_LABEL_17	-0.3294188380241394	-0.05937269330024719	0.1375141590833664	-0.07555120438337326	-0.05560404062271118	0.2703176736831665	-0.15779061615467072	n/a	0.02153822034597397	0.7235727906227112	0.1803559809923172	0.36538165807724	0.5467890501022339	-0.35589781403541565	0.5567932724952698	-0.41465502977371216	1.0	-0.39973127841949463	-0.42452359199523926	0.37534159421920776	0.7228080034255981	0.05000211298465729	0.11682313680648804	0.31578823924064636	0.2972385287284851	-0.35867294669151306	-0.5226571559906006	-0.7171795964241028	-0.12552954256534576	0.438565731048584	0.2723659873008728	-0.1544005125761032	0.12326160818338394	-0.04095877334475517	n/a	0.7594895958900452	0.5750297904014587	0.6083849668502808	0.6179575324058533	-0.29769638180732727	0.28775647282600403	0.8997502326965332	-0.15531635284423828	0.4622519016265869	0.8046266436576843	0.00144269282463938	0.21514111757278442	0.37001657485961914	0.1639317274093628	-0.24231788516044617	-0.3332270681858063	-0.44028905034065247	-0.374133437871933	0.08729355037212372	-0.517193078994751	-0.06277487426996231	-0.056895848363637924	0.07131420075893402	0.15783827006816864	0.6961916089057922	-0.052248671650886536	-0.029850639402866364	-0.5154173374176025	-0.24175480008125305	-0.1233724057674408	0.6942951083183289	0.2830813229084015	0.6450903415679932	-0.47979167103767395	-0.09950432926416397	-0.5141584277153015	-0.3043535351753235	0.6053754687309265	0.30075034499168396	-0.4166678190231323	-0.3065808117389679	0.2510918974876404	0.30190593004226685	0.08572233468294144	0.03576121851801872
DMN_LABEL_18	0.5131405591964722	-0.2360684871673584	-0.35447803139686584	0.08888275921344757	0.4729148745536804	0.03459564223885536	-0.16204670071601868	n/a	-0.3463444411754608	-0.2030801624059677	-0.35915568470954895	-0.03489339351654053	-0.15010163187980652	0.14023619890213013	-0.2439313530921936	0.7872262001037598	-0.39973127841949463	1.0	0.15974237024784088	-0.27261191606521606	-0.4469488263130188	0.06170931085944176	-0.34689345955848694	0.06052200496196747	-0.4087097942829132	0.3332883417606354	0.5015074610710144	0.27008262276649475	-0.17434220016002655	-0.28101786971092224	0.11238023638725281	0.46512043476104736	0.08156644552946091	-0.24678927659988403	n/a	-0.18691378831863403	-0.23131661117076874	-0.22966521978378296	-0.2028602510690689	0.11326992511749268	-0.31097227334976196	-0.2080615609884262	0.046849388629198074	-0.0951448455452919	-0.2534036934375763	0.19295860826969147	-0.32563042640686035	-0.012066347524523735	-0.25094059109687805	0.6229710578918457	0.04631521925330162	0.4391164779663086	0.7561920881271362	-0.13369028270244598	0.32770857214927673	0.22084200382232666	-0.02586984634399414	-0.04600301384925842	-0.04238372668623924	-0.279776394367218	-0.2838563024997711	-0.15933959186077118	0.48842427134513855	-0.07081209123134613	0.07103527337312698	-0.336529940366745	-0.20812632143497467	-0.19769220054149628	0.21836385130882263	0.029307745397090912	0.5029234290122986	0.10326573252677917	-0.18984568119049072	-0.05395791307091713	0.256557434797287	0.17847006022930145	-0.14976586401462555	-0.28500795364379883	-0.3937544524669647	0.042899757623672485
VAN_LABEL_19	0.16357308626174927	-0.4041553735733032	0.05579916015267372	-0.31955528259277344	0.09127446264028549	-0.07455359399318695	-0.05692239850759506	n/a	-0.17224934697151184	-0.39459896087646484	0.3413715958595276	-0.2318718135356903	-0.1315750777721405	0.25440606474876404	-0.2317565381526947	0.05057384818792343	-0.42452359199523926	0.15974237024784088	1.0	0.11027251183986664	-0.08730626851320267	0.28479570150375366	-0.06370701640844345	-0.26534077525138855	0.039928846061229706	0.04380812868475914	0.31322914361953735	0.3164690434932709	-0.37583979964256287	-0.43402358889579773	-0.49175065755844116	-0.11224111914634705	-0.03443649411201477	-0.07941179722547531	n/a	-0.2284589558839798	-0.2416425347328186	-0.25093144178390503	-0.060704782605171204	0.18492746353149414	-0.005840402562171221	-0.40002989768981934	0.7272416949272156	0.035375259816646576	-0.33278700709342957	0.19428646564483643	-0.11612138152122498	-0.3561408519744873	0.15420228242874146	-0.32001328468322754	-0.17299115657806396	-0.17327633500099182	-0.12975521385669708	-0.14783617854118347	0.05604767054319382	0.1769832819700241	0.36800915002822876	0.18458475172519684	-0.24444220960140228	-0.18810802698135376	-0.20196162164211273	-0.3391112983226776	0.027532901614904404	-0.17571352422237396	-0.10520542412996292	-0.09903066605329514	0.260764479637146	-0.40379685163497925	0.16545456647872925	0.15255875885486603	0.3231707513332367	0.022135160863399506	-0.16476956009864807	-0.12821224331855774	0.26727309823036194	0.24629448354244232	-0.06311818957328796	0.2904413640499115	-0.3374616205692291	-0.18417319655418396
CO_LABEL_20	-0.3042326271533966	-0.1683647632598877	0.38643643260002136	0.26046326756477356	0.22907954454421997	0.44695040583610535	-0.12190552800893784	n/a	0.04056568071246147	0.18429329991340637	0.3318072557449341	0.012923247180879116	0.054265160113573074	0.2964988350868225	0.017224812880158424	-0.5134139657020569	0.37534159421920776	-0.27261191606521606	0.11027251183986664	1.0	0.5520807504653931	0.17233902215957642	-0.04770325869321823	0.20256775617599487	0.12920452654361725	-0.2869850695133209	-0.4644608795642853	-0.4461933970451355	-0.23170022666454315	0.3988102972507477	0.25617876648902893	0.028974512591958046	0.37508994340896606	-0.10496703535318375	n/a	0.22776469588279724	0.34074515104293823	0.11125130206346512	0.10257133841514587	0.25020021200180054	0.11925234645605087	0.3478968143463135	0.3988977372646332	0.6418799757957458	0.37588974833488464	0.2563174366950989	-0.036060549318790436	0.3334910571575165	0.29266685247421265	-0.21655704081058502	-0.08928252756595612	-0.2814117670059204	-0.2843455672264099	0.016991935670375824	-0.2114475667476654	0.18755154311656952	0.068366639316082	0.48601508140563965	0.17301088571548462	0.13240788877010345	-0.3325180113315582	0.040506668388843536	-0.12473060935735703	0.04128364473581314	0.16561941802501678	0.22622938454151154	0.3136610984802246	0.14567703008651733	-0.005287100560963154	-0.2585223317146301	-0.08072419464588165	-0.08008834719657898	0.029645811766386032	0.17821133136749268	0.17695379257202148	0.15869440138339996	-0.08186972886323929	0.18596932291984558	-0.2585088908672333	-0.21948449313640594
CO_LABEL_21	-0.5049565434455872	-0.1482636034488678	0.47451525926589966	-0.10746410489082336	-0.12247010320425034	0.3333286643028259	-0.3342312276363373	n/a	-0.17194074392318726	0.602635383605957	0.49759694933891296	0.24416039884090424	0.529255211353302	-0.21040596067905426	0.289213627576828	-0.6433438062667847	0.7228080034255981	-0.4469488263130188	-0.08730626851320267	0.5520807504653931	1.0	0.271990031003952	-0.04604475945234299	0.13011084496974945	0.21200963854789734	-0.541499137878418	-0.5063000917434692	-0.6146647930145264	-0.27581754326820374	0.5175389051437378	0.11051993817090988	-0.32465657591819763	0.1482161283493042	-0.24019064009189606	n/a	0.7090407609939575	0.5591481924057007	0.5346007347106934	0.59218829870224	-0.19092407822608948	0.2707984745502472	0.6382552981376648	0.10100869089365005	0.49922841787338257	0.8318671584129333	0.12368372082710266	-0.02558319643139839	0.2724067270755768	0.2818083167076111	-0.48480433225631714	-0.06772436946630478	-0.5904759764671326	-0.5329675674438477	-0.11999204009771347	-0.3860425651073456	0.013081803917884827	-0.0001935229665832594	0.41349777579307556	0.29506877064704895	0.6610555052757263	-0.3468615412712097	0.09534379094839096	-0.613045871257782	-0.14252838492393494	-0.08782035857439041	0.6946542263031006	0.28177812695503235	0.5068932175636292	-0.2435753345489502	-0.2680830955505371	-0.4856642186641693	-0.14668363332748413	0.611840546131134	0.2751758098602295	-0.20900046825408936	-0.16969460248947144	0.33910059928894043	0.5142326951026917	-0.16056108474731445	-0.14069561660289764
Sal_LABEL_22	0.024509243667125702	-0.3664785921573639	-0.0729801133275032	-0.17038775980472565	-0.24023495614528656	0.06873103231191635	-0.2976978123188019	n/a	-0.47118517756462097	-0.0167322289198637	0.51055908203125	0.06178992986679077	0.0783400759100914	0.03818381950259209	0.01249021477997303	0.09014787524938583	0.05000211298465729	0.06170931085944176	0.28479570150375366	0.17233902215957642	0.271990031003952	1.0	-0.07685870677232742	-0.12278875708580017	0.07274005562067032	-0.06506531685590744	0.08753061294555664	-0.1869918406009674	-0.30606481432914734	-0.07473544031381607	-0.09101448953151703	-0.3083825409412384	-0.004001890774816275	-0.23383350670337677	n/a	0.143501877784729	0.4969070851802826	0.08330244570970535	0.1954449713230133	0.12483745813369751	0.26684755086898804	0.0686272382736206	0.22197788953781128	0.32903245091438293	0.20727334916591644	0.7465910315513611	0.005734934005886316	-0.11427471786737442	0.3304784297943115	-0.19297145307064056	-0.15070833265781403	-0.20235134661197662	-0.09333838522434235	-0.3748772144317627	-0.15268559753894806	-0.1981412172317505	-0.04531720280647278	0.3670960068702698	0.2702919840812683	0.16776707768440247	-0.03508773073554039	-0.13508003950119019	-0.24409936368465424	-0.25385546684265137	-0.3513208031654358	0.31883886456489563	0.2288699895143509	0.05418725311756134	-0.2997599244117737	-0.07262634485960007	-0.1219940334558487	0.09883605688810349	0.2111562043428421	0.1828804761171341	0.15964946150779724	0.19898566603660583	0.17348483204841614	0.2441713660955429	-0.2859947383403778	-0.2351740598678589
DAN_LABEL_23	-0.06362053751945496	0.172084242105484	0.11588124930858612	-0.42230910062789917	-0.17352290451526642	-0.2231300324201584	0.09972016513347626	n/a	0.1252795159816742	-0.19387413561344147	0.17000144720077515	-0.10704774409532547	-0.047171447426080704	-0.09387721121311188	0.6594943404197693	-0.21786721050739288	0.11682313680648804	-0.34689345955848694	-0.06370701640844345	-0.04770325869321823	-0.04604475945234299	-0.07685870677232742	1.0	-0.13096243143081665	0.8725391030311584	-0.15848512947559357	0.06585666537284851	-0.20382289588451385	0.24833430349826813	-0.2094774693250656	-0.38018685579299927	-0.24316805601119995	-0.3111417889595032	0.14428454637527466	n/a	-0.1350506693124771	0.038184404373168945	0.06693549454212189	-0.1640416830778122	-0.0987621545791626	0.7104283571243286	-0.07329488545656204	-0.1223389059305191	-0.2531394064426422	-0.16962946951389313	-0.07926973700523376	0.9120440483093262	-0.21734637022018433	0.530103325843811	-0.3698904514312744	-0.3495292663574219	-0.1727052927017212	-0.3917044401168823	0.06886878609657288	-0.13063636422157288	-0.17733979225158691	0.2622310519218445	-0.20558632910251617	-0.14291831851005554	-0.09988383203744888	0.26543915271759033	-0.14656081795692444	-0.29883742332458496	-0.2537603974342346	-0.3177013695240021	-0.055636003613471985	0.12935422360897064	-0.17741261422634125	-0.15434712171554565	0.30572041869163513	-0.06273585557937622	-0.27164751291275024	-0.09687452763319016	-0.136361226439476	0.05306960642337799	-0.08668061345815659	-0.11169146746397018	-0.09212104231119156	0.27299803495407104	0.1539653092622757
PMN_LABEL_24	0.4029279053211212	-0.13798660039901733	0.011074799112975597	0.29118722677230835	0.30290085077285767	0.7762797474861145	0.18455363810062408	n/a	0.10047388076782227	0.3121958374977112	-0.029300907626748085	0.18858124315738678	0.3745754361152649	-0.06696516275405884	0.21163421869277954	0.11217673122882843	0.31578823924064636	0.06052200496196747	-0.26534077525138855	0.20256775617599487	0.13011084496974945	-0.12278875708580017	-0.13096243143081665	1.0	-0.16423176229000092	0.3122154474258423	-0.3016631603240967	-0.19519487023353577	-0.15628553926944733	0.18326716125011444	0.32961440086364746	0.2530859410762787	0.6974049210548401	0.20147916674613953	n/a	0.2701300084590912	0.31879591941833496	0.06601904332637787	-0.011422264389693737	-0.18139120936393738	0.04413308948278427	0.36411112546920776	-0.14340002834796906	0.11836090683937073	0.25116556882858276	-0.14316147565841675	-0.1467360109090805	0.8425613045692444	-0.15052752196788788	0.17517730593681335	-0.10068362951278687	0.16696925461292267	-0.0630171149969101	-0.006534710060805082	-0.05289330706000328	0.09938328713178635	-0.23612971603870392	0.00723422272130847	0.054370131343603134	0.2582956850528717	-0.24392808973789215	-0.1403411626815796	0.023490488529205322	-0.10131075233221054	0.231708824634552	0.1994112730026245	0.07006369531154633	0.3356935381889343	-0.1162615716457367	-0.1816600263118744	-0.052077095955610275	-0.2754557430744171	0.23857475817203522	-0.015685737133026123	0.09912228584289551	0.032789260149002075	-0.14810055494308472	-0.22765231132507324	-0.031269531697034836	0.25762277841567993
DAN_LABEL_25	-0.29952746629714966	0.035175736993551254	0.24210380017757416	-0.3556414544582367	-0.1481301337480545	-0.11414944380521774	-0.00040403258753940463	n/a	0.11505892127752304	-0.11291975528001785	0.31920409202575684	-0.1608978509902954	0.08563193678855896	-0.08833759278059006	0.6943453550338745	-0.36880841851234436	0.2972385287284851	-0.4087097942829132	0.039928846061229706	0.12920452654361725	0.21200963854789734	0.07274005562067032	0.8725391030311584	-0.16423176229000092	1.0	-0.35213544964790344	-0.05162109062075615	-0.3881121873855591	0.06249304115772247	-0.030461205169558525	-0.2750380337238312	-0.3476303517818451	-0.19848032295703888	0.07022569328546524	n/a	0.03474200516939163	0.198887899518013	0.1497764140367508	0.0728096067905426	-0.09881141781806946	0.7821910977363586	0.08413223922252655	0.02416672185063362	-0.02277209609746933	0.0699547603726387	0.062374331057071686	0.8328636884689331	-0.12872104346752167	0.7164506316184998	-0.4018968641757965	-0.32431215047836304	-0.4548720121383667	-0.47318634390830994	0.08052310347557068	-0.22487704455852509	-0.16794976592063904	0.24183568358421326	-0.06660422682762146	-0.011357135139405727	0.13501305878162384	0.1817522794008255	-0.13087737560272217	-0.471954882144928	-0.237253800034523	-0.3152925968170166	0.19538021087646484	0.2200855314731598	-0.016413835808634758	-0.16699786484241486	0.30041414499282837	-0.17235451936721802	-0.3283333480358124	0.06852414458990097	-0.03565236181020737	-0.00952997338026762	-0.14388594031333923	-0.025498468428850174	0.10958349704742432	0.08812117576599121	0.05887956917285919
