Node	LH_Vis_1	LH_Vis_2	LH_Vis_3	LH_Vis_4	LH_Vis_5	LH_Vis_6	LH_Vis_7	LH_Vis_8	LH_Vis_9	LH_SomMot_1	LH_SomMot_2	LH_SomMot_3	LH_SomMot_4	LH_SomMot_5	LH_SomMot_6	LH_DorsAttn_Post_1	LH_DorsAttn_Post_2	LH_DorsAttn_Post_3	LH_DorsAttn_Post_4	LH_DorsAttn_Post_5	LH_DorsAttn_Post_6	LH_DorsAttn_PrCv_1	LH_DorsAttn_FEF_1	LH_SalVentAttn_ParOper_1	LH_SalVentAttn_FrOperIns_1	LH_SalVentAttn_FrOperIns_2	LH_SalVentAttn_PFCl_1	LH_SalVentAttn_Med_1	LH_SalVentAttn_Med_2	LH_SalVentAttn_Med_3	LH_Limbic_OFC_1	LH_Limbic_TempPole_1	LH_Limbic_TempPole_2	LH_Cont_Par_1	LH_Cont_PFCl_1	LH_Cont_pCun_1	LH_Cont_Cing_1	LH_Default_Temp_1	LH_Default_Temp_2	LH_Default_Par_1	LH_Default_Par_2	LH_Default_PFC_1	LH_Default_PFC_2	LH_Default_PFC_3	LH_Default_PFC_4	LH_Default_PFC_5	LH_Default_PFC_6	LH_Default_PFC_7	LH_Default_pCunPCC_1	LH_Default_pCunPCC_2	RH_Vis_1	RH_Vis_2	RH_Vis_3	RH_Vis_4	RH_Vis_5	RH_Vis_6	RH_Vis_7	RH_Vis_8	RH_SomMot_1	RH_SomMot_2	RH_SomMot_3	RH_SomMot_4	RH_SomMot_5	RH_SomMot_6	RH_SomMot_7	RH_SomMot_8	RH_DorsAttn_Post_1	RH_DorsAttn_Post_2	RH_DorsAttn_Post_3	RH_DorsAttn_Post_4	RH_DorsAttn_Post_5	RH_DorsAttn_PrCv_1	RH_DorsAttn_FEF_1	RH_SalVentAttn_TempOccPar_1	RH_SalVentAttn_TempOccPar_2	RH_SalVentAttn_FrOperIns_1	RH_SalVentAttn_Med_1	RH_SalVentAttn_Med_2	RH_Limbic_OFC_1	RH_Limbic_TempPole_1	RH_Cont_Par_1	RH_Cont_Par_2	RH_Cont_PFCl_1	RH_Cont_PFCl_2	RH_Cont_PFCl_3	RH_Cont_PFCl_4	RH_Cont_Cing_1	RH_Cont_PFCmp_1	RH_Cont_pCun_1	RH_Default_Par_1	RH_Default_Temp_1	RH_Default_Temp_2	RH_Default_Temp_3	RH_Default_PFCv_1	RH_Default_PFCv_2	RH_Default_PFCdPFCm_1	RH_Default_PFCdPFCm_2	RH_Default_PFCdPFCm_3	RH_Default_pCunPCC_1	RH_Default_pCunPCC_2	LH-Pu	LH-Ca	LH-NAC	LH-EXA	LH-GPe	LH-GPi	LH-SNc_PBP_VTA	LH-RN	LH-SNr	LH-VeP	LH-HN	LH-HTH	LH-MN	LH-STH	RH-Pu	RH-Ca	RH-NAC	RH-EXA	RH-GPe	RH-GPi	RH-SNc_PBP_VTA	RH-RN	RH-SNr	RH-VeP	RH-HN	RH-HTH	RH-MN	RH-STH	LH-Pulvinar	LH-Anterior	LH-Medio_Dorsal	LH-Ventral_Latero_Dorsal	LH-Central_Lateral-Lateral_Posterior-Medial_Pulvinar	LH-Ventral_Anterior	LH-Ventral_Latero_Ventral	RH-Pulvinar	RH-Anterior	RH-Medio_Dorsal	RH-Ventral_Latero_Dorsal	RH-Central_Lateral-Lateral_Posterior-Medial_Pulvinar	RH-Ventral_Anterior	RH-Ventral_Latero_Ventral	LH_Hippocampus	LH_Amygdala	RH_Hippocampus	RH_Amygdala	Cerebellar_Region1	Cerebellar_Region2	Cerebellar_Region3	Cerebellar_Region4	Cerebellar_Region5	Cerebellar_Region6	Cerebellar_Region7	Cerebellar_Region8	Cerebellar_Region9	Cerebellar_Region10
LH_Vis_1	1.0	0.2877231240272522	0.3568907082080841	-0.0325288251042366	0.14592759311199188	0.551912784576416	0.12421261519193649	0.09115138649940491	0.4762411415576935	0.11262161284685135	0.11767919361591339	-0.02148381806910038	0.1407654881477356	0.2020260989665985	0.22071988880634308	0.18926531076431274	-0.002639437559992075	-0.013120798394083977	0.20426617562770844	0.10960166901350021	0.20229680836200714	-0.03705054149031639	-0.047588177025318146	-0.2661462724208832	0.03072977624833584	0.016639666631817818	-0.3493608832359314	0.14561501145362854	0.16030079126358032	0.15564316511154175	0.061145178973674774	0.3630712628364563	-0.05240993574261665	-0.1509285718202591	0.030092542991042137	-0.10495395213365555	0.15889084339141846	0.40091294050216675	0.03632757440209389	0.15881164371967316	-0.06418361514806747	0.25301051139831543	-0.03198154270648956	0.20375320315361023	-0.20274141430854797	0.015804704278707504	-0.17818880081176758	-0.11603763699531555	0.45506083965301514	0.2319113165140152	0.6793186664581299	0.2902686893939972	-0.0742233395576477	0.01632746309041977	0.18470515310764313	0.40101104974746704	-0.07123768329620361	0.0951346904039383	0.07250326871871948	0.20128019154071808	0.23374046385288239	0.1545318216085434	0.08915931731462479	0.28780272603034973	0.22155016660690308	0.23614685237407684	0.23525981605052948	0.25289052724838257	-0.08379889279603958	-0.14391429722309113	0.07277671992778778	-0.029892820864915848	-0.02893052063882351	-0.1102159321308136	-0.060780782252550125	-0.14251825213432312	-0.05220635607838631	0.05332861468195915	0.06899034231901169	0.253818541765213	-0.38685715198516846	-0.11069696396589279	-0.3779918849468231	-0.019083039835095406	-0.32394933700561523	-0.08284163475036621	0.06159067526459694	-0.04880861937999725	0.07376939803361893	-0.13137459754943848	-0.040224120020866394	0.22910813987255096	0.14274150133132935	0.011789030395448208	-0.12181377410888672	0.16168071329593658	-0.11794322729110718	-0.11668150126934052	0.533964991569519	0.3140881657600403	0.2156432420015335	0.09673125296831131	0.22319816052913666	-0.029557155445218086	0.4443444311618805	-0.30166658759117126	0.05685140937566757	0.06447101384401321	-0.0038887355476617813	-0.10815587639808655	0.27275174856185913	0.1336156725883484	-0.04695264622569084	0.1333390325307846	0.28312554955482483	0.11039550602436066	0.14954951405525208	0.0329974889755249	-0.03563342243432999	0.06949082016944885	0.061653777956962585	0.10041692852973938	0.28983303904533386	0.2287224680185318	0.212438702583313	-0.07229452580213547	0.022400502115488052	-0.01763409934937954	0.13778705894947052	0.0685359463095665	0.35268667340278625	0.21419575810432434	0.34883373975753784	-0.0014618919230997562	0.017651645466685295	0.03770463913679123	-0.13848118484020233	0.24405522644519806	0.20536144077777863	0.09980612993240356	0.08805988729000092	-0.05204033479094505	0.31814318895339966	-0.3241015672683716	0.5280337333679199	-0.06497713923454285	0.14696314930915833	0.1753789484500885	-0.08332321792840958	0.22509561479091644	-0.41579243540763855	-0.13764849305152893	-0.21974368393421173	-0.21417652070522308	-0.19331221282482147	-0.1770738959312439
LH_Vis_2	0.2877231240272522	1.0	0.8115714192390442	0.5595412254333496	0.521175742149353	0.5285302996635437	0.7113938331604004	0.5933787822723389	0.3790300786495209	0.46244484186172485	0.42034995555877686	0.30521416664123535	0.27613139152526855	0.5039288401603699	0.4844687879085541	0.11133027076721191	0.2510652542114258	0.26354464888572693	0.11613057553768158	0.4338526725769043	0.5154610276222229	0.2967618703842163	0.026730559766292572	0.35659152269363403	0.3456074595451355	0.17772549390792847	-0.40750211477279663	-0.27304860949516296	0.47750744223594666	-0.058729324489831924	-0.3287564516067505	-0.05963567644357681	-0.4142598807811737	-0.10835327953100204	-0.5586345791816711	-0.5677011013031006	-0.5481414198875427	-0.15054616332054138	0.1417514532804489	0.5553548336029053	-0.5004016160964966	-0.3167576193809509	-0.4538874626159668	-0.41386228799819946	-0.6689701676368713	-0.4922249913215637	-0.550095796585083	-0.6630139350891113	-0.31697019934654236	-0.35752353072166443	0.6347996592521667	0.783366858959198	0.5918818712234497	0.3710850477218628	0.19114910066127777	0.6367254853248596	0.6050089597702026	0.5943449139595032	0.4129412770271301	0.27493056654930115	0.3074526786804199	0.24235855042934418	0.4696536660194397	0.3336433470249176	0.2964847981929779	0.5291078090667725	0.3247319161891937	0.1352940946817398	0.3186793327331543	0.32151880860328674	0.4347131848335266	0.3653697371482849	0.1719142198562622	0.638317883014679	0.3813113868236542	0.203469917178154	0.32512184977531433	0.18504229187965393	-0.15030843019485474	-0.001518203760497272	-0.004539754241704941	-0.19732235372066498	-0.47322943806648254	0.03625893592834473	-0.1385427713394165	0.002549949334934354	-0.38207492232322693	-0.36282163858413696	-0.3413189947605133	-0.16041922569274902	-0.35603487491607666	0.21899151802062988	0.48123547434806824	-0.39437660574913025	0.021306322887539864	-0.41629061102867126	-0.33870965242385864	-0.4510400891304016	-0.21121759712696075	-0.28908777236938477	0.12329941987991333	-0.36531001329421997	0.023424014449119568	-0.0006367440219037235	-0.172007754445076	0.12063293904066086	0.08269345015287399	0.3998979926109314	-0.07103420794010162	0.17234984040260315	-0.2394886612892151	-0.13912956416606903	-0.07460544258356094	-0.17222382128238678	0.12729361653327942	-0.24344402551651	0.20067083835601807	-0.516099214553833	-0.07480037957429886	-0.06845461577177048	0.21695297956466675	0.07013878971338272	-0.21560844779014587	0.18955491483211517	-0.07948118448257446	0.22788751125335693	-0.13900361955165863	-0.18775352835655212	0.25670626759529114	-0.2473662793636322	0.03633875399827957	-0.16322681307792664	0.17789091169834137	-0.46360310912132263	0.13716112077236176	0.20151734352111816	-0.4097919762134552	-0.06437065452337265	0.2751077711582184	0.22056744992733002	-0.044803403317928314	0.3311823308467865	-0.16681122779846191	-0.24669545888900757	0.027760254219174385	0.1812388151884079	0.505777895450592	0.13633930683135986	-0.048400722444057465	0.0210163202136755	0.05853120982646942	-0.26195278763771057	-0.19726912677288055	-0.35800260305404663	-0.5269604921340942	-0.4039309322834015
LH_Vis_3	0.3568907082080841	0.8115714192390442	1.0	0.2498047947883606	0.5989617705345154	0.731348991394043	0.5400096774101257	0.6001991629600525	0.5882465839385986	0.47014257311820984	0.4300963580608368	0.31699138879776	0.28680619597435	0.47067633271217346	0.41291680932044983	0.13568636775016785	0.12566009163856506	0.267189085483551	0.03938288241624832	0.4121064841747284	0.4204997718334198	0.2587486207485199	-0.016409212723374367	0.3557674288749695	0.3306044042110443	0.2351689487695694	-0.3202381432056427	-0.10194797068834305	0.47643253207206726	0.06401730328798294	-0.24303986132144928	-0.08869483321905136	-0.38857001066207886	0.03721657395362854	-0.3576781153678894	-0.4694734215736389	-0.4678178131580353	-0.144354909658432	0.06661555916070938	0.5358689427375793	-0.38413625955581665	-0.19472670555114746	-0.31350183486938477	-0.3278084695339203	-0.5635837316513062	-0.3668431341648102	-0.3400711417198181	-0.5294385552406311	-0.24455279111862183	-0.30792826414108276	0.6879530549049377	0.7779721021652222	0.47768205404281616	0.1315574198961258	0.2796066701412201	0.7860587239265442	0.5089718103408813	0.6219304203987122	0.455903559923172	0.3127937912940979	0.36498063802719116	0.26130232214927673	0.4270098805427551	0.3348539471626282	0.2936403751373291	0.4549536108970642	0.21439272165298462	0.06576979905366898	0.21837696433067322	0.20169171690940857	0.3105463981628418	0.284444123506546	0.04156581312417984	0.5595319867134094	0.3269786536693573	0.15925657749176025	0.3289216160774231	0.1862204521894455	-0.14242087304592133	-0.08127550780773163	-0.018028102815151215	-0.24903762340545654	-0.4261353313922882	-0.012506070546805859	-0.1997949182987213	-0.12732160091400146	-0.3843853175640106	-0.2763982117176056	-0.33297547698020935	-0.24107985198497772	-0.4948747158050537	0.16580049693584442	0.41087618470191956	-0.34018346667289734	-0.07733406871557236	-0.3561554253101349	-0.38546353578567505	-0.4774371385574341	-0.13764339685440063	-0.25761014223098755	0.11141513288021088	-0.3221859037876129	-0.014792378060519695	-0.003651547245681286	-0.23220416903495789	0.08310388028621674	0.07060132920742035	0.3290543854236603	-0.11731098592281342	0.24207879602909088	-0.1578916758298874	-0.1142255887389183	-0.15356358885765076	-0.09024715423583984	0.15566638112068176	-0.17931389808654785	0.15520548820495605	-0.3769359588623047	-0.16431500017642975	-0.20575407147407532	0.22782842814922333	0.15771128237247467	-0.37970200181007385	0.14373338222503662	-0.14304707944393158	0.16262231767177582	-0.08948332071304321	-0.17647133767604828	0.16628757119178772	-0.2578710913658142	0.019393282011151314	-0.20492884516716003	0.20696258544921875	-0.44007858633995056	0.1789231300354004	0.04900328814983368	-0.36603522300720215	-0.1315673589706421	0.25632399320602417	0.1270843893289566	-0.12189134955406189	0.22609925270080566	-0.1606166660785675	-0.4380902349948883	0.03845805674791336	0.17586073279380798	0.37316715717315674	0.1481809765100479	-0.20792622864246368	-0.1416199803352356	-0.12413147836923599	-0.3221827745437622	-0.33608371019363403	-0.3775600492954254	-0.5118627548217773	-0.529190719127655
LH_Vis_4	-0.0325288251042366	0.5595412254333496	0.2498047947883606	1.0	0.2579745948314667	-0.0046903048641979694	0.5220361351966858	0.5208008289337158	-0.049315016716718674	0.242550790309906	0.2473820149898529	0.21211594343185425	0.2439107894897461	0.4278947114944458	0.33538469672203064	-0.06977606564760208	0.3566288650035858	0.21666182577610016	0.19591493904590607	0.23297518491744995	0.2797631323337555	0.4024891257286072	0.12814950942993164	0.4131883680820465	0.36213138699531555	0.2504156231880188	-0.26254141330718994	-0.2926197350025177	0.28735414147377014	-0.19255618751049042	-0.5687041878700256	-0.2191547006368637	-0.5978794693946838	-0.1756744533777237	-0.4687342047691345	-0.43991342186927795	-0.5579232573509216	-0.29232466220855713	0.0164477601647377	0.18772044777870178	-0.6802690029144287	-0.4194650650024414	-0.5757942795753479	-0.5968889594078064	-0.5604735016822815	-0.6366086602210999	-0.7014014720916748	-0.6985081434249878	-0.4617282450199127	-0.5165648460388184	0.18823933601379395	0.4113283157348633	0.6349191665649414	0.6810774803161621	0.06907115131616592	0.12318521738052368	0.6879019737243652	0.4316909909248352	0.12487182021141052	0.09482574462890625	0.2873395085334778	0.2309926152229309	0.4746091365814209	0.2821180820465088	0.15854904055595398	0.3227137327194214	0.07026974111795425	0.18057745695114136	0.5099204778671265	0.5250151753425598	0.6050605773925781	0.5024175047874451	0.3799489140510559	0.46533578634262085	0.5611131191253662	0.47984251379966736	0.37296262383461	0.31236377358436584	-0.4012499153614044	-0.2139628529548645	0.19920170307159424	-0.2610396146774292	-0.278293251991272	0.25426432490348816	0.16215260326862335	0.15897773206233978	-0.2361118197441101	-0.3155767321586609	-0.2971227467060089	-0.16771483421325684	-0.43828168511390686	0.056748297065496445	0.06949152052402496	-0.4067371189594269	0.07474766671657562	-0.6434664130210876	-0.4629874527454376	-0.4840298295021057	-0.3996989130973816	-0.4932608902454376	0.11417261511087418	-0.29358527064323425	0.0900992900133133	0.08148045837879181	-0.15986190736293793	0.1001727432012558	-0.06849701702594757	0.4932277798652649	0.09649042785167694	0.15650060772895813	-0.14593197405338287	-0.31239885091781616	0.010297512635588646	-0.35075631737709045	0.1624121069908142	-0.14602915942668915	0.22584159672260284	-0.2883557975292206	0.0798141211271286	0.07181300967931747	0.04259485751390457	-0.19963166117668152	-0.14519116282463074	0.06824468076229095	0.15519894659519196	0.2185787409543991	0.06575380265712738	-0.1449795514345169	0.1725708395242691	-0.08500458300113678	-0.05244126170873642	0.016303595155477524	0.022496281191706657	-0.25589635968208313	-0.010061420500278473	0.07684049755334854	-0.35237744450569153	-0.014190621674060822	0.3775618076324463	0.09532445669174194	0.17885391414165497	0.272346556186676	-0.23642976582050323	0.11777421087026596	-0.24164187908172607	-0.004463333170861006	0.3423927128314972	-0.01751629076898098	-0.009534075856208801	0.194437637925148	0.15810467302799225	-0.20865513384342194	-0.23425018787384033	-0.46063724160194397	-0.46734270453453064	-0.402965784072876
LH_Vis_5	0.14592759311199188	0.521175742149353	0.5989617705345154	0.2579745948314667	1.0	0.6976165175437927	0.42406314611434937	0.44008877873420715	0.2961652874946594	0.3362993597984314	0.299923300743103	0.110854871571064	0.18685047328472137	0.5322969555854797	0.44546592235565186	0.15207839012145996	0.15337666869163513	0.11712673306465149	0.1156206727027893	0.25610363483428955	0.42039480805397034	0.359096884727478	0.36286765336990356	0.042681749910116196	0.2494444102048874	0.18490289151668549	-0.23334941267967224	0.02091463841497898	0.3210688829421997	0.3479776084423065	-0.2604641318321228	0.09348488599061966	-0.23598293960094452	0.050388120114803314	-0.1357087641954422	-0.533858597278595	-0.48397359251976013	-0.3147829473018646	-0.18554139137268066	0.10633354634046555	-0.6152451038360596	-0.27078720927238464	-0.13367542624473572	-0.3580392301082611	-0.4407617449760437	-0.3718976378440857	-0.16065992414951324	-0.5574355125427246	-0.39597946405410767	-0.43308788537979126	0.4932522773742676	0.5110989212989807	0.4115036725997925	0.26897141337394714	0.7668200731277466	0.5906433463096619	0.3399750888347626	0.49109983444213867	0.2718473970890045	0.22750142216682434	0.2615143060684204	0.16482046246528625	0.46580249071121216	0.4627375304698944	0.30194395780563354	0.4375164806842804	-0.20318137109279633	0.04347604885697365	0.23324643075466156	0.11395204812288284	0.37556928396224976	0.24860049784183502	0.2205977737903595	0.22085194289684296	0.09653850644826889	0.20479677617549896	0.1318870633840561	0.36016055941581726	-0.31042125821113586	0.07406124472618103	0.0138853145763278	-0.3822930157184601	-0.3814779222011566	0.0723053440451622	-0.1433442234992981	-0.11425559967756271	-0.44547998905181885	-0.23122873902320862	-0.5633969902992249	-0.6322697997093201	-0.2742336690425873	0.07928885519504547	0.11473459750413895	-0.3444308936595917	-0.07644636929035187	-0.41712528467178345	-0.41596925258636475	-0.5434930920600891	-0.3616146147251129	-0.39028358459472656	0.23848265409469604	0.00726725347340107	0.22964468598365784	0.1506156623363495	-0.026850253343582153	0.22652271389961243	-0.013495612889528275	0.17388206720352173	-0.04346314072608948	0.09708327054977417	-0.17719298601150513	-0.32929491996765137	-0.13572901487350464	-0.22902733087539673	0.18802569806575775	0.009776678867638111	-0.0871848315000534	-0.1778799295425415	0.1368633359670639	-0.07823392748832703	0.13570012152194977	0.04642292857170105	-0.3119537830352783	0.11168467253446579	-0.059408824890851974	0.2943665087223053	-0.06573337316513062	0.20245854556560516	-0.05283494293689728	-0.2372053563594818	0.1660206913948059	0.004349415190517902	0.30116868019104004	-0.03972918912768364	0.16660037636756897	-0.0798380970954895	-0.2509625554084778	0.2922433912754059	0.5834416747093201	0.17299993336200714	0.18873365223407745	0.2970322370529175	0.03716835007071495	-0.22531960904598236	0.2620337903499603	0.19293221831321716	0.4655817747116089	0.37990573048591614	0.13328079879283905	0.19331704080104828	-0.023428041487932205	0.07478446513414383	-0.4531097114086151	-0.3578980267047882	-0.1597924530506134	-0.37573930621147156
LH_Vis_6	0.551912784576416	0.5285302996635437	0.731348991394043	-0.0046903048641979694	0.6976165175437927	1.0	0.3989311158657074	0.3471801280975342	0.7365196347236633	0.13113167881965637	0.2646331489086151	0.03611529618501663	0.15088455379009247	0.3535493016242981	0.31475576758384705	0.11161083728075027	-0.18205887079238892	0.0008432434988208115	-0.02572004869580269	0.16889093816280365	0.2900046408176422	0.0953911542892456	-0.05435194447636604	-0.14560505747795105	0.10957413166761398	0.15209068357944489	-0.3369160294532776	0.23288707435131073	0.3432783782482147	0.28960081934928894	-0.10135219991207123	0.17489895224571228	-0.1344747543334961	0.05356775224208832	-0.0016437709564343095	-0.22801877558231354	-0.10627955943346024	-0.041408270597457886	-0.1483006477355957	0.2640267014503479	-0.2212965190410614	0.08116117864847183	-0.03504159674048424	0.016655927523970604	-0.3593471646308899	-0.07283790409564972	-0.04723457992076874	-0.27752599120140076	0.10288858413696289	0.012442536652088165	0.6968051195144653	0.6600117683410645	0.26148226857185364	0.09082776308059692	0.648052453994751	0.8781737089157104	0.2508049011230469	0.5631231665611267	0.22067031264305115	0.24055199325084686	0.16770252585411072	0.13343699276447296	0.2179253101348877	0.3904808759689331	0.2549017667770386	0.34267759323120117	0.11653279513120651	0.019452502951025963	-0.05978189781308174	-0.1487450748682022	0.030313784256577492	0.025036951526999474	-0.15045224130153656	0.17915791273117065	-0.0973743423819542	-0.012135683558881283	0.024595240131020546	0.13365326821804047	-0.2126978188753128	0.13641682267189026	-0.3170250654220581	-0.34534522891044617	-0.5396113395690918	-0.17567050457000732	-0.4288889467716217	-0.23295173048973083	-0.17851455509662628	-0.12782053649425507	-0.21681064367294312	-0.44503501057624817	-0.19899460673332214	0.1522093117237091	0.21507664024829865	-0.20019467175006866	-0.13316664099693298	-0.07182719558477402	-0.31843599677085876	-0.4252493977546692	0.12109155207872391	0.05127228423953056	0.26495736837387085	0.03239654749631882	0.1301780492067337	0.10026625543832779	0.06295232474803925	0.08170536160469055	0.03860890492796898	0.08829955011606216	-0.045186176896095276	0.16896747052669525	0.1500241607427597	0.04283114895224571	-0.2240670770406723	-0.009639959782361984	0.15326422452926636	0.0706620141863823	0.15847615897655487	-0.11769425868988037	-0.044441498816013336	-0.058295417577028275	-0.04871458560228348	0.07554184645414352	-0.19603221118450165	0.1687847077846527	0.026259319856762886	0.02013471908867359	-0.07700231671333313	0.023367635905742645	0.13224764168262482	-0.17125777900218964	0.2243257761001587	-0.0900135412812233	0.2966582179069519	-0.09292492270469666	0.10974113643169403	-0.014516587369143963	-0.19735097885131836	0.22258706390857697	0.24908149242401123	0.10356632620096207	0.05063524842262268	0.03263315558433533	0.24297893047332764	-0.5063832998275757	0.407518208026886	-0.016596224159002304	0.3018227219581604	0.20857632160186768	-0.02230692468583584	0.040418840944767	-0.36835575103759766	-0.0777038037776947	-0.27131521701812744	-0.1806117594242096	-0.21583211421966553	-0.3246631622314453
LH_Vis_7	0.12421261519193649	0.7113938331604004	0.5400096774101257	0.5220361351966858	0.42406314611434937	0.3989311158657074	1.0	0.5029464364051819	0.2472691833972931	0.3651476502418518	0.42831990122795105	0.32201215624809265	0.4029945135116577	0.56917804479599	0.5739176869392395	0.14981746673583984	0.15835097432136536	0.20662398636341095	0.19063207507133484	0.25973549485206604	0.6507376432418823	0.07583626359701157	0.020448865368962288	0.15467135608196259	0.003411801066249609	-0.08192583173513412	-0.48118507862091064	-0.39578282833099365	0.22765590250492096	-0.08966700732707977	-0.4329254627227783	0.043492693454027176	-0.2553657293319702	-0.09695673733949661	-0.6003263592720032	-0.5304097533226013	-0.5113154053688049	0.009909383952617645	0.3039686977863312	0.6776918768882751	-0.3910529613494873	-0.40040090680122375	-0.4317440688610077	-0.2632652819156647	-0.463247686624527	-0.3203558027744293	-0.5075660347938538	-0.5456552505493164	-0.28876805305480957	-0.22828610241413116	0.47239160537719727	0.537588894367218	0.6289294362068176	0.5042431354522705	0.06988699734210968	0.5515860915184021	0.5613346099853516	0.4472668468952179	0.39144960045814514	0.4023764431476593	0.24969974160194397	0.3391684591770172	0.4842134118080139	0.4650954604148865	0.4793245196342468	0.5828980803489685	0.4072096347808838	0.15502431988716125	0.17079398036003113	0.15325789153575897	0.29994091391563416	0.0558316707611084	0.03075840324163437	0.6957055926322937	0.14302612841129303	-0.0769316777586937	0.010123814456164837	-0.00886472873389721	-0.25155922770500183	0.09235372394323349	-0.1860605627298355	-0.2542576193809509	-0.48910757899284363	-0.2727527320384979	-0.2885996401309967	-0.2401200830936432	-0.5006436109542847	-0.5719098448753357	-0.461379736661911	-0.18644864857196808	-0.18265660107135773	0.23055697977542877	0.5848103761672974	-0.5003128051757812	-0.17273665964603424	-0.32515230774879456	-0.2229466736316681	-0.40839165449142456	-0.2398364245891571	-0.2004851996898651	0.03174016997218132	-0.2919808328151703	0.14052905142307281	-0.10127321630716324	-0.03240247815847397	0.12554305791854858	-0.10712238401174545	0.22250397503376007	-0.25759464502334595	0.38415154814720154	-0.2427235245704651	-0.18764910101890564	-0.12515686452388763	-0.3037280738353729	-0.07637213170528412	-0.378911554813385	0.35272327065467834	-0.3143642842769623	0.035022933036088943	-0.12421004474163055	-0.06518664956092834	-0.08120854198932648	-0.13585685193538666	0.17230921983718872	0.032019395381212234	0.29934942722320557	-0.15444305539131165	-0.12191271036863327	0.21142683923244476	-0.29628512263298035	-0.26775839924812317	-0.36352452635765076	0.11492738127708435	-0.5167723894119263	0.1566123217344284	0.15564298629760742	-0.35120370984077454	-0.1338856965303421	0.18304692208766937	0.05190740525722504	-0.27065879106521606	0.2797996401786804	-0.053110480308532715	0.060963843017816544	0.11855772137641907	0.3328533470630646	0.1823846846818924	-0.11026813834905624	-0.2968752682209015	-0.06986784189939499	-0.2289290726184845	-0.40570375323295593	-0.12843164801597595	-0.11771098524332047	-0.2776810824871063	-0.29217419028282166
LH_Vis_8	0.09115138649940491	0.5933787822723389	0.6001991629600525	0.5208008289337158	0.44008877873420715	0.3471801280975342	0.5029464364051819	1.0	0.24486100673675537	0.1810256838798523	0.10038229823112488	-0.004115374758839607	0.16416840255260468	0.3665272891521454	0.13984818756580353	0.17631492018699646	0.21838147938251495	0.5879785418510437	0.012900850735604763	0.3073078989982605	0.22205288708209991	0.40930235385894775	0.16357314586639404	0.383695513010025	0.1944117695093155	0.1555130034685135	-0.34424835443496704	-0.3458220958709717	0.15577027201652527	-0.16300435364246368	-0.21196681261062622	-0.34412768483161926	-0.6768155694007874	0.08299266546964645	-0.3096185624599457	-0.6010010242462158	-0.7044511437416077	-0.43716588616371155	-0.2551555931568146	0.2546982169151306	-0.6008878946304321	-0.5540410876274109	-0.34534284472465515	-0.5183407068252563	-0.4233936667442322	-0.5986489057540894	-0.5368518829345703	-0.6727930903434753	-0.43289968371391296	-0.5489420294761658	0.46374958753585815	0.6129010915756226	0.6231592893600464	0.12949293851852417	0.18492156267166138	0.5390414595603943	0.841556966304779	0.74695885181427	0.04981739819049835	-0.07507810741662979	0.1089920848608017	0.09645282477140427	0.3816436529159546	0.2627132833003998	0.13074766099452972	0.21206669509410858	0.24231530725955963	-0.11183587461709976	0.422162801027298	0.6084614992141724	0.46800628304481506	0.4826028048992157	0.3581133484840393	0.31927651166915894	0.38235923647880554	0.286237508058548	0.454536110162735	0.25344374775886536	-0.08701907843351364	-0.22513499855995178	0.2161324918270111	-0.142730712890625	-0.2188798487186432	0.32561659812927246	-0.04090982675552368	0.18455564975738525	-0.5130456686019897	-0.3898705542087555	-0.4312167167663574	-0.2062266618013382	-0.5614489316940308	-0.211238831281662	-0.04745020344853401	-0.22742153704166412	0.023342706263065338	-0.4972645044326782	-0.4651554226875305	-0.5274268984794617	-0.25361257791519165	-0.5055331587791443	0.013880413956940174	-0.3881658911705017	0.20268292725086212	0.035730935633182526	-0.25195643305778503	-0.013192879036068916	-0.15422387421131134	0.377550333738327	0.11645832657814026	0.3015839159488678	-0.0925503671169281	-0.36611855030059814	0.041151441633701324	-0.19054163992404938	0.08795860409736633	-0.2270621806383133	0.22636404633522034	-0.25649911165237427	-0.1439606100320816	-0.05966654792428017	0.14572970569133759	0.035523995757102966	-0.20657852292060852	-0.05870260298252106	-0.19443458318710327	-0.019887270405888557	0.07105893641710281	-0.31377434730529785	0.11978309601545334	-0.1829320639371872	-0.26100632548332214	0.00045591688831336796	-0.03713599964976311	-0.3597643971443176	-0.1107703298330307	-0.16679200530052185	-0.3855733871459961	-0.2355283945798874	0.3113434612751007	-0.113489530980587	0.13572682440280914	0.23120230436325073	-0.21320174634456635	-0.22082003951072693	-0.22173747420310974	0.035419758409261703	0.32662561535835266	0.045754387974739075	-0.0021661841310560703	-0.1887187957763672	0.1675792932510376	-0.3035823404788971	-0.16870667040348053	-0.4713976979255676	-0.660914957523346	-0.6535581946372986
LH_Vis_9	0.4762411415576935	0.3790300786495209	0.5882465839385986	-0.049315016716718674	0.2961652874946594	0.7365196347236633	0.2472691833972931	0.24486100673675537	1.0	-0.08908173441886902	-0.0018091994570568204	-0.07977994531393051	-0.08259372413158417	-0.00943491980433464	-0.022727321833372116	-0.1919383853673935	-0.3602588474750519	-0.09360810369253159	-0.27138665318489075	0.2105872929096222	-0.058195680379867554	-0.13978905975818634	-0.3512483537197113	-0.004070980474352837	0.056563738733530045	0.13587120175361633	-0.07035819441080093	0.2490912526845932	0.3780161142349243	0.07597220689058304	-0.08568739891052246	0.031811218708753586	-0.2536373436450958	-0.12330459803342819	-0.09902726858854294	0.19166862964630127	0.1751302033662796	0.10409658402204514	-0.1625097543001175	0.3375084400177002	0.05426665022969246	0.20048221945762634	-0.23411524295806885	0.1652003973722458	-0.2695362865924835	0.07411690801382065	-0.15101580321788788	-0.017817724496126175	0.35689446330070496	0.2998273968696594	0.5569485425949097	0.4770062267780304	-0.029470324516296387	-0.068370521068573	0.2504534125328064	0.6242672801017761	0.14720900356769562	0.5478823184967041	-0.01971188373863697	-0.07123704999685287	-0.033410683274269104	-0.07398556917905807	-0.06651510298252106	-0.03332458809018135	-0.1004001572728157	-0.02265716716647148	0.3553731441497803	-0.16651487350463867	-0.22199343144893646	-0.08940594643354416	-0.050461072474718094	0.013159477151930332	-0.2684459388256073	0.13579244911670685	0.018910204991698265	-0.020391058176755905	0.20485977828502655	0.09496361762285233	-0.1279708296060562	0.05918435379862785	-0.32679787278175354	-0.18771347403526306	-0.47785598039627075	-0.1897815316915512	-0.2726503908634186	-0.1988779455423355	0.24087996780872345	-0.014062337577342987	0.29748398065567017	-0.023949051275849342	-0.3238435387611389	0.03739599883556366	0.160377636551857	-0.15986786782741547	-0.27724170684814453	0.09036345779895782	-0.2066057324409485	-0.1693197786808014	0.4251308739185333	0.30462273955345154	0.23422949016094208	0.12222661077976227	-0.12019698321819305	0.17349037528038025	0.023826230317354202	-0.037085749208927155	0.06933428347110748	-0.03355150669813156	-0.05720706656575203	0.12138629704713821	0.2310386300086975	0.2116198092699051	-0.24264517426490784	0.20900359749794006	0.23205360770225525	0.13971909880638123	0.28226760029792786	-0.07124681025743484	-0.06208163872361183	-0.0017331752460449934	-0.06198487803339958	0.08375260978937149	-0.02310248091816902	0.19114886224269867	0.08055921643972397	-0.02123112790286541	-0.13451986014842987	-0.0006762276752851903	0.03085217997431755	0.022349752485752106	0.1345200389623642	-0.012203209102153778	0.13603021204471588	-0.032552968710660934	-0.11243754625320435	0.05350317806005478	0.014072196558117867	0.10231070965528488	0.02163722738623619	-0.0018271100707352161	0.08670512586832047	-0.16013413667678833	-0.04627924785017967	-0.5406745672225952	0.1199282705783844	-0.19812479615211487	0.1768721491098404	0.007875106297433376	-0.033611394464969635	-0.03577052801847458	-0.22723661363124847	-0.01674364134669304	0.035175494849681854	0.06349989771842957	-0.20350389182567596	-0.16193370521068573
LH_SomMot_1	0.11262161284685135	0.46244484186172485	0.47014257311820984	0.242550790309906	0.3362993597984314	0.13113167881965637	0.3651476502418518	0.1810256838798523	-0.08908173441886902	1.0	0.6687787175178528	0.6863098740577698	0.47497957944869995	0.5470941662788391	0.6333335638046265	0.2533215582370758	0.5606480836868286	0.12401672452688217	0.38068392872810364	0.34419769048690796	0.49502816796302795	0.33987393975257874	0.27946242690086365	0.45177504420280457	0.5132728815078735	0.41114094853401184	-0.1976025104522705	-0.10089806467294693	0.41686081886291504	0.10506411641836166	-0.380592942237854	0.0632973164319992	-0.2270362377166748	-0.11671526730060577	-0.4454971253871918	-0.5601931214332581	-0.408786803483963	0.05864708125591278	0.23014353215694427	0.31770622730255127	-0.49090781807899475	-0.11882901936769485	-0.3497779071331024	-0.3172459602355957	-0.5502113699913025	-0.3270820379257202	-0.34012657403945923	-0.48614996671676636	-0.4005136787891388	-0.41822895407676697	0.2619437575340271	0.2534063756465912	0.2525925636291504	0.13003908097743988	0.06831856071949005	0.2575377821922302	0.15692926943302155	0.02274315617978573	0.8390655517578125	0.5851723551750183	0.7198357582092285	0.48654285073280334	0.6401112079620361	0.4473167359828949	0.34919118881225586	0.5892011523246765	-0.06521298736333847	0.35875198245048523	0.30060601234436035	0.11281703412532806	0.37529969215393066	0.336676687002182	0.2971518635749817	0.557952344417572	0.4841025173664093	0.3350832462310791	0.2837653160095215	0.3682232201099396	-0.1814320981502533	-0.11804579943418503	0.17127002775669098	-0.21031418442726135	-0.22968441247940063	0.030938956886529922	0.10475523769855499	-0.08084914833307266	-0.3267214000225067	-0.12425942718982697	-0.45126965641975403	-0.20771974325180054	-0.20160521566867828	0.2365172803401947	0.4972850978374481	-0.1704101860523224	-0.007412124425172806	-0.33706095814704895	-0.09749677777290344	-0.2000306248664856	-0.41643857955932617	-0.35036125779151917	0.21527855098247528	-0.24356816709041595	0.12923407554626465	-0.009088152088224888	0.06121227517724037	0.03263561800122261	0.0671924501657486	0.2770085036754608	-0.34202009439468384	-0.07013634592294693	-0.36857107281684875	-0.1551634818315506	0.03715410828590393	-0.13502921164035797	0.2710816562175751	-0.009951775893568993	-0.026990478858351707	-0.2650410234928131	0.16891758143901825	0.046155896037817	0.31734219193458557	0.06560616195201874	-0.33807119727134705	0.24628125131130219	0.0927373617887497	0.34921500086784363	-0.07150007784366608	-0.04289428889751434	0.23425772786140442	-0.1938117891550064	0.06221773475408554	-0.09481599926948547	0.3088687062263489	-0.35538557171821594	0.42441555857658386	0.1849398910999298	-0.4104368984699249	-0.0038469908758997917	0.3441675007343292	0.1958393156528473	-0.24367685616016388	0.4003318250179291	-0.11646493524312973	0.11842438578605652	-0.029034852981567383	0.32572969794273376	0.40884676575660706	0.28301095962524414	-0.1540585309267044	0.2488708198070526	0.011561991646885872	-0.1959478110074997	-0.47683843970298767	-0.3844371438026428	-0.30686789751052856	-0.13114222884178162
LH_SomMot_2	0.11767919361591339	0.42034995555877686	0.4300963580608368	0.2473820149898529	0.299923300743103	0.2646331489086151	0.42831990122795105	0.10038229823112488	-0.0018091994570568204	0.6687787175178528	1.0	0.8740026950836182	0.7033946514129639	0.661760151386261	0.7708601355552673	0.47268131375312805	0.5059369802474976	0.14703519642353058	0.44276297092437744	0.3380194306373596	0.6901661157608032	0.2444174736738205	0.03086034208536148	0.4150027334690094	0.5481696128845215	0.3768853545188904	-0.3814104497432709	0.008734134957194328	0.48143887519836426	0.018198974430561066	-0.4929368197917938	0.24389900267124176	-0.026980262249708176	0.09892214834690094	-0.3301631212234497	-0.4348427355289459	-0.2755647599697113	0.1024504005908966	0.26876941323280334	0.33677253127098083	-0.32905375957489014	-0.025802822783589363	-0.2259838879108429	-0.29217153787612915	-0.5618671178817749	-0.2935500741004944	-0.2897721529006958	-0.4231833219528198	-0.23189441859722137	-0.26579350233078003	0.30800509452819824	0.27932506799697876	0.30695730447769165	0.1297108232975006	0.22679710388183594	0.35518184304237366	0.08838290721178055	0.022471478208899498	0.816334068775177	0.8811877369880676	0.7654814720153809	0.6772086024284363	0.538998007774353	0.664398193359375	0.5772459506988525	0.7033092975616455	0.0367741622030735	0.4880053699016571	0.24149495363235474	-0.01301304716616869	0.3064157962799072	0.06754107028245926	0.0058454954996705055	0.6379140019416809	0.3640083968639374	0.18488763272762299	0.09660577028989792	0.137034073472023	-0.43684205412864685	-0.002903687534853816	-0.049896977841854095	-0.2824211120605469	-0.5271556973457336	-0.21086186170578003	-0.24688251316547394	-0.33741915225982666	-0.3608761131763458	-0.29261472821235657	-0.50262451171875	-0.3737221956253052	-0.2172989398241043	0.5141386985778809	0.4903821647167206	-0.33584198355674744	-0.19121824204921722	-0.3571126163005829	-0.3042704463005066	-0.4361889958381653	-0.2657531499862671	-0.25611913204193115	0.043722186237573624	-0.35193800926208496	-0.01341425534337759	-0.08967449516057968	-0.0011657066643238068	0.3269557058811188	0.39314916729927063	0.39148250222206116	-0.0457923449575901	0.08641744405031204	-0.0624372772872448	0.061846084892749786	-0.12236083298921585	-0.01709582284092903	-0.032041244208812714	-0.17101140320301056	0.09869930148124695	-0.16173073649406433	0.1669491082429886	0.24366170167922974	0.12494535744190216	-0.11214398592710495	-0.34969955682754517	0.2092004120349884	0.10379732400178909	0.49283722043037415	0.030742276459932327	0.01794450543820858	0.3822828233242035	-0.1887717992067337	0.16737084090709686	-0.19843652844429016	0.47206225991249084	-0.35368114709854126	0.5621307492256165	0.2599331736564636	-0.2448100447654724	0.09567444026470184	0.19346670806407928	0.40464624762535095	-0.22819754481315613	0.48453429341316223	-0.009150361642241478	0.1874082386493683	0.07959766685962677	0.4017227292060852	0.35424357652664185	0.3427806794643402	-0.33657726645469666	0.32574501633644104	-0.29159069061279297	-0.26054197549819946	-0.5008187294006348	-0.30487707257270813	-0.1902388036251068	-0.16196279227733612
LH_SomMot_3	-0.02148381806910038	0.30521416664123535	0.31699138879776	0.21211594343185425	0.110854871571064	0.03611529618501663	0.32201215624809265	-0.004115374758839607	-0.07977994531393051	0.6863098740577698	0.8740026950836182	1.0	0.5146427750587463	0.44989654421806335	0.6173043251037598	0.3786701560020447	0.5899747014045715	0.1871742159128189	0.4550030827522278	0.42643043398857117	0.6321123242378235	0.2891908884048462	0.1390358805656433	0.5860223174095154	0.5915435552597046	0.39109286665916443	-0.18280942738056183	-0.02004295587539673	0.4831218719482422	0.03691353276371956	-0.4233645498752594	0.2382085770368576	-0.04422997683286667	0.014478358440101147	-0.29794955253601074	-0.3425642251968384	-0.2137061208486557	0.24129869043827057	0.39411893486976624	0.44575875997543335	-0.2136334478855133	-0.04207025095820427	-0.2345513552427292	-0.2804900109767914	-0.5250973105430603	-0.23771196603775024	-0.25285518169403076	-0.26428428292274475	-0.21958914399147034	-0.22045660018920898	0.13140764832496643	0.14659497141838074	0.1329076588153839	0.0354255773127079	-0.045024070888757706	0.12275580316781998	-0.0329897478222847	-0.15962451696395874	0.7474172115325928	0.8015039563179016	0.7980014085769653	0.506546676158905	0.40419864654541016	0.44968631863594055	0.4317716956138611	0.5347966551780701	0.0509011335670948	0.49171945452690125	0.21616117656230927	0.004187236074358225	0.3565467298030853	0.08849325031042099	0.048957183957099915	0.6236186623573303	0.4988197684288025	0.23982462286949158	0.1782558560371399	0.16653919219970703	-0.3688519299030304	-0.04224921390414238	0.01965911313891411	-0.24645176529884338	-0.44086581468582153	-0.2276560515165329	-0.10774195194244385	-0.37123748660087585	-0.272884726524353	-0.2926112711429596	-0.39862528443336487	-0.18279607594013214	-0.23089993000030518	0.5221071243286133	0.5445947051048279	-0.3579776883125305	-0.27575844526290894	-0.3617771565914154	-0.25268763303756714	-0.3140166103839874	-0.26120489835739136	-0.21342051029205322	0.022922948002815247	-0.32611164450645447	-0.06683416664600372	-0.12980911135673523	0.019006699323654175	0.18710564076900482	0.2912842035293579	0.3145814538002014	-0.0847071185708046	-0.1292838454246521	-0.14086055755615234	0.05293445661664009	-0.09900643676519394	-0.00460301386192441	-0.07764932513237	-0.22494569420814514	0.0906304270029068	-0.23422159254550934	0.1699623465538025	0.1663566678762436	0.24140550196170807	-0.12150140851736069	-0.33355504274368286	0.09885536879301071	0.13867205381393433	0.5088633298873901	0.05120997875928879	-0.011748161166906357	0.33335351943969727	-0.13490039110183716	0.06523092091083527	-0.21754653751850128	0.30921974778175354	-0.2626240849494934	0.5267055630683899	0.2787076234817505	-0.24917441606521606	-0.06870059669017792	0.08670175075531006	0.3278551399707794	-0.24247968196868896	0.3416987657546997	-0.11217357963323593	0.3510226607322693	-0.05868632718920708	0.5086631178855896	0.3373616337776184	0.21538951992988586	-0.3678550124168396	0.20083363354206085	-0.25388485193252563	-0.2925334572792053	-0.4554390013217926	-0.22649405896663666	-0.16272561252117157	-0.1688108593225479
