Node	HIP-head-m-rh	HIP-head-l-rh	HIP-body-rh	HIP-tail-rh	THA-VPm-rh	THA-VPl-rh	THA-VAi-rh	THA-VAs-rh	THA-DAm-rh	THA-DAl-rh	PUT-VA-rh	PUT-DA-rh	PUT-VP-rh	PUT-DP-rh	CAU-VA-rh	CAU-DA-rh	CAU-body-rh	CAU-tail-rh	lAMY-rh	mAMY-rh	THA-DP-rh	NAc-shell-rh	NAc-core-rh	pGP-rh	aGP-rh	HIP-head-m-lh	HIP-head-l-l	HIP-body-l	HIP-tail-lh	THA-VPm-lh	THA-VPl-lh	THA-VAi-lh	THA-VAs-lh	THA-DAm-lh	THA-DAl-lh	PUT-VA-lh	PUT-DA-l	PUT-VP-lh	PUT-DP-lh	CAU-VA-lh	CAU-DA-lh	CAU-body-lh	CAU-tail-lh	lAMY-lh	mAMY-lh	THA-DP-lh	NAc-shell-lh	NAc-core-lh	pGP-lh	aGP-lh
HIP-head-m-rh	1.0	0.6940814852714539	0.24562042951583862	0.12364846467971802	-0.11713913083076477	-0.4786112308502197	-0.037741176784038544	0.30134057998657227	0.00378445815294981	0.020916704088449478	-0.6015939712524414	-0.31105053424835205	0.20513169467449188	-0.16362693905830383	0.2727430760860443	-0.3076556324958801	0.08511464297771454	-0.16320055723190308	0.6154765486717224	0.7691268920898438	0.12368392944335938	0.32054224610328674	0.15003043413162231	-0.39422157406806946	-0.3746337890625	0.5583057403564453	0.6733100414276123	0.22228629887104034	0.19307897984981537	0.04392259567975998	-0.1413460671901703	-0.032786622643470764	0.420569509267807	-0.020580407232046127	0.08447227627038956	-0.3084799647331238	-0.09697166830301285	0.39547446370124817	0.3520442247390747	0.079188272356987	-0.0871075913310051	-0.09169458597898483	-0.08391134440898895	0.5502212643623352	0.090821273624897	0.157877117395401	0.2070942223072052	0.22755677998065948	0.3761419653892517	0.16558413207530975
HIP-head-l-rh	0.6940814852714539	1.0	0.3158460855484009	0.3651800751686096	0.08057394623756409	-0.35768142342567444	-0.05798367038369179	0.09189344197511673	-0.07164920121431351	0.037570297718048096	-0.3154754042625427	-0.285647451877594	0.29524216055870056	0.05810042843222618	-0.026429692283272743	-0.4893176257610321	-0.08870420604944229	-0.10426930338144302	0.5598186254501343	0.7191757559776306	0.20736536383628845	0.34448307752609253	0.18684828281402588	-0.10625889897346497	-0.27398252487182617	0.5228502154350281	0.5719186663627625	0.22064489126205444	0.33789879083633423	0.05799369513988495	-0.022305961698293686	0.15216384828090668	0.14095193147659302	0.0003187120018992573	0.10765646398067474	-0.35601380467414856	-0.2565215528011322	0.35552775859832764	0.10785651206970215	-0.04670777916908264	-0.11907467991113663	-0.09453865885734558	-0.061640556901693344	0.3985476493835449	-0.05490590259432793	0.2558915913105011	0.32908928394317627	0.14125138521194458	0.3337162435054779	0.04897785186767578
HIP-body-rh	0.24562042951583862	0.3158460855484009	1.0	0.5202413201332092	-0.04744481295347214	-0.16453967988491058	-0.1983986347913742	-0.23917554318904877	0.09660769253969193	0.051939137279987335	-0.2155926376581192	-0.3003421723842621	0.08383337408304214	-0.27671146392822266	-0.34991395473480225	-0.23808181285858154	-0.3816361427307129	-0.480793297290802	0.2570857107639313	0.2854883372783661	0.16553062200546265	0.40794992446899414	0.20289793610572815	-0.237032949924469	-0.2758733928203583	0.2398049384355545	0.3430738151073456	0.4637731611728668	0.4047020673751831	0.02731158398091793	-0.25232458114624023	-0.18636485934257507	-0.12620165944099426	-0.3783392310142517	-0.3411361873149872	-0.03175237402319908	-0.14016476273536682	0.011571528390049934	-0.08126872777938843	-0.3390904366970062	-0.35059258341789246	-0.5323427319526672	-0.46676185727119446	0.09167533367872238	0.27328070998191833	0.13775993883609772	0.17522591352462769	0.10066618025302887	0.038792189210653305	0.13912749290466309
HIP-tail-rh	0.12364846467971802	0.3651800751686096	0.5202413201332092	1.0	-0.005700339563190937	0.044945262372493744	-0.019584529101848602	-0.10113128274679184	0.07431622594594955	0.12175140529870987	0.017749445512890816	-0.45198574662208557	-0.0005260436446405947	-0.22580896317958832	0.07506147772073746	0.04725184664130211	-0.07524192333221436	-0.2876676321029663	0.023439398035407066	0.11952953040599823	-0.08464864641427994	0.4071578085422516	0.5211671590805054	0.04696241021156311	0.11608393490314484	0.05512062832713127	0.17519831657409668	0.14051170647144318	0.5429551005363464	0.06400959193706512	-0.5414037704467773	0.03742433711886406	0.071132130920887	0.05146945267915726	-0.12231756001710892	-0.13251017034053802	-0.49436652660369873	-0.1707247644662857	-0.35607603192329407	-0.11922119557857513	-0.0840071439743042	-0.14727851748466492	-0.14521723985671997	-0.14039191603660583	0.23272916674613953	0.12196879833936691	0.34830060601234436	0.26063552498817444	0.13568316400051117	-0.24480697512626648
THA-VPm-rh	-0.11713913083076477	0.08057394623756409	-0.04744481295347214	-0.005700339563190937	1.0	-0.005379107780754566	0.1156289204955101	0.1344389170408249	0.21600493788719177	0.06419140100479126	0.43901482224464417	0.4008479118347168	0.24661071598529816	0.38327234983444214	-0.08633926510810852	0.05263429135084152	0.06652233004570007	-0.039479125291109085	-0.13581736385822296	-0.24011006951332092	-0.10948069393634796	0.07687299698591232	0.022422000765800476	0.3968062698841095	0.0308515802025795	-0.23130545020103455	0.09825383871793747	-0.026408711448311806	0.24622318148612976	0.4803427457809448	0.2743135392665863	0.18766537308692932	-0.10098721086978912	0.3824319541454315	0.3184969127178192	0.32819926738739014	0.1071542352437973	0.1416582465171814	-0.059309061616659164	-0.013615370728075504	-0.4632115662097931	-0.08647114783525467	0.045585960149765015	0.07753269374370575	0.13838867843151093	0.0791197419166565	0.13867464661598206	-0.14233432710170746	0.025490114465355873	0.3698684275150299
THA-VPl-rh	-0.4786112308502197	-0.35768142342567444	-0.16453967988491058	0.044945262372493744	-0.005379107780754566	1.0	0.08893236517906189	-0.12421289086341858	0.20249071717262268	0.0022540739737451077	0.10591509938240051	0.012139583006501198	0.13513410091400146	0.08445239812135696	-0.32926085591316223	-0.012597551569342613	-0.013418867252767086	0.1465950906276703	-0.4843899607658386	-0.2765065133571625	0.1257627308368683	-0.23260831832885742	-0.14541150629520416	0.14908765256404877	0.4417264759540558	-0.15026108920574188	-0.3625684380531311	-0.0835210382938385	-0.08539562672376633	-0.06960776448249817	-0.1597360372543335	0.12806664407253265	-0.18079477548599243	0.002726375125348568	-0.07741162925958633	0.12633676826953888	-0.0779459998011589	-0.3779037892818451	-0.11530840396881104	-0.15396544337272644	0.01166430115699768	-0.17966826260089874	-0.24269898235797882	-0.31250354647636414	-0.3146412670612335	-0.06862718611955643	-0.28884264826774597	0.07644834369421005	-0.31627652049064636	0.03761513903737068
THA-VAi-rh	-0.037741176784038544	-0.05798367038369179	-0.1983986347913742	-0.019584529101848602	0.1156289204955101	0.08893236517906189	1.0	0.4244772493839264	0.2962333858013153	0.4586317539215088	0.15674087405204773	0.20453612506389618	0.11974353343248367	0.40631550550460815	0.27176496386528015	0.2682420611381531	0.2697863280773163	0.2954834997653961	0.07299098372459412	-0.009311881847679615	-0.07339673489332199	-0.21365198493003845	0.2936900556087494	0.20418860018253326	0.11624674499034882	-0.4923818111419678	-0.19553601741790771	-0.20522372424602509	-0.06808792799711227	0.45506423711776733	0.4522705078125	0.4079856276512146	0.297165185213089	0.6777150630950928	0.6610984206199646	0.12403047829866409	0.07191748917102814	0.2341829389333725	0.21171540021896362	0.1926671862602234	0.09779153764247894	0.313301682472229	0.4459749162197113	-0.0628775879740715	0.3241945803165436	0.25685861706733704	-0.17530876398086548	0.07563874125480652	0.06135505065321922	0.23609331250190735
THA-VAs-rh	0.30134057998657227	0.09189344197511673	-0.23917554318904877	-0.10113128274679184	0.1344389170408249	-0.12421289086341858	0.4244772493839264	1.0	0.40848982334136963	0.4671686887741089	-0.04063057899475098	0.19367575645446777	0.20159979164600372	0.3691657781600952	0.503669023513794	0.014929338358342648	0.6126824617385864	0.3982011377811432	0.08698827028274536	0.15892164409160614	-0.1733735203742981	-0.19588229060173035	0.13066130876541138	0.028603916987776756	-0.1516042798757553	-0.14180846512317657	0.20423094928264618	-0.09155707061290741	-0.12731119990348816	0.28284648060798645	0.09823517501354218	0.08979810029268265	0.4372168481349945	0.3318251073360443	0.5836829543113708	0.06133754551410675	0.24924877285957336	0.3414648175239563	0.532651424407959	0.5281310677528381	0.03545325994491577	0.448873370885849	0.5335637927055359	0.1489650458097458	0.21861740946769714	-0.17396803200244904	-0.1611119508743286	-0.16464091837406158	-0.004176664631813765	0.11472628265619278
THA-DAm-rh	0.00378445815294981	-0.07164920121431351	0.09660769253969193	0.07431622594594955	0.21600493788719177	0.20249071717262268	0.2962333858013153	0.40848982334136963	1.0	0.5421863794326782	0.2956194281578064	0.29649803042411804	0.3163563907146454	0.3250928521156311	0.12918654084205627	0.2728365957736969	0.5266497135162354	0.43001365661621094	-0.17144687473773956	-0.1096823439002037	-0.032771795988082886	0.25527840852737427	0.10935427993535995	0.06819764524698257	-0.0031509841792285442	-0.17772285640239716	-0.09617392718791962	0.034918226301670074	0.22781991958618164	0.31138932704925537	0.03945040702819824	0.119684599339962	-0.11326899379491806	0.12729212641716003	0.1944141983985901	0.2850809097290039	0.26236262917518616	-0.09235778450965881	0.21628214418888092	0.05296706035733223	-0.0676497146487236	-0.03288808465003967	0.1117667406797409	-0.13146096467971802	0.04844646900892258	-0.16820746660232544	-0.17407526075839996	0.16363878548145294	-0.2298400104045868	0.0075513822957873344
THA-DAl-rh	0.020916704088449478	0.037570297718048096	0.051939137279987335	0.12175140529870987	0.06419140100479126	0.0022540739737451077	0.4586317539215088	0.4671686887741089	0.5421863794326782	1.0	0.1488676816225052	0.20570141077041626	0.2632981836795807	0.3079407215118408	0.3819889724254608	0.20115216076374054	0.36508065462112427	0.32244032621383667	0.083123117685318	0.00858448725193739	-0.2739088833332062	0.1627626270055771	0.3754596412181854	0.04740137234330177	-0.15223029255867004	-0.417020708322525	-0.08762938529253006	-0.13434019684791565	0.061785731464624405	0.12253434211015701	0.12523521482944489	-0.015491282567381859	-0.09044083952903748	0.18711915612220764	0.38546276092529297	0.10210604220628738	0.10372565686702728	0.036602552980184555	0.14946168661117554	0.18141870200634003	0.04002411663532257	0.11040051281452179	0.2712947130203247	-0.19184918701648712	0.07436005771160126	-0.0978301465511322	-0.13951969146728516	0.138335183262825	-0.2257937490940094	-0.11820320039987564
PUT-VA-rh	-0.6015939712524414	-0.3154754042625427	-0.2155926376581192	0.017749445512890816	0.43901482224464417	0.10591509938240051	0.15674087405204773	-0.04063057899475098	0.2956194281578064	0.1488676816225052	1.0	0.5358396172523499	-0.025703253224492073	0.44723042845726013	0.15726909041404724	0.4952247440814972	0.3577874004840851	0.3834840655326843	-0.4162609577178955	-0.5786244869232178	-0.2555241584777832	0.04221177473664284	0.09447145462036133	0.39965569972991943	0.18409289419651031	-0.44255125522613525	-0.34027737379074097	-0.09737087786197662	0.1349896341562271	0.23491153120994568	0.28264451026916504	0.180215984582901	-0.33104994893074036	0.3167344331741333	0.23463039100170135	0.4805237650871277	0.26721706986427307	-0.05949409678578377	-0.16129137575626373	0.22691968083381653	0.24135413765907288	0.30626940727233887	0.3989892303943634	-0.32334017753601074	0.2204533815383911	-0.010003005154430866	0.027951829135417938	0.03535659611225128	-0.23496030271053314	-0.1319434493780136
PUT-DA-rh	-0.31105053424835205	-0.285647451877594	-0.3003421723842621	-0.45198574662208557	0.4008479118347168	0.012139583006501198	0.20453612506389618	0.19367575645446777	0.29649803042411804	0.20570141077041626	0.5358396172523499	1.0	0.31406357884407043	0.7158353924751282	0.045924413949251175	0.21706949174404144	0.3709302246570587	0.5077480673789978	-0.1251935064792633	-0.32059362530708313	-0.022206656634807587	-0.09571606665849686	-0.15463216602802277	0.3171897530555725	0.09472527354955673	-0.35961028933525085	-0.34643495082855225	-0.22712109982967377	-0.25204014778137207	0.1244872435927391	0.42177751660346985	-0.005981549620628357	-0.2894015610218048	0.30411964654922485	0.2651750147342682	0.38821476697921753	0.7597982287406921	0.3192928731441498	0.3251553773880005	0.12493805587291718	0.05934528261423111	0.1551184505224228	0.2320716381072998	-0.07704594731330872	0.05481322854757309	-0.08111884444952011	-0.16903245449066162	-0.11540285497903824	-0.057697050273418427	0.18056076765060425
PUT-VP-rh	0.20513169467449188	0.29524216055870056	0.08383337408304214	-0.0005260436446405947	0.24661071598529816	0.13513410091400146	0.11974353343248367	0.20159979164600372	0.3163563907146454	0.2632981836795807	-0.025703253224492073	0.31406357884407043	1.0	0.45832371711730957	-0.04552508145570755	-0.24867874383926392	0.08354350179433823	0.027397559955716133	0.12183737754821777	0.23757754266262054	0.22457432746887207	0.3560820519924164	-0.07407434284687042	0.06982182711362839	0.05085943266749382	0.05212574079632759	0.139914408326149	0.06381319463253021	-0.06975150853395462	0.15518714487552643	0.11135153472423553	-0.02006695792078972	-0.2624460458755493	0.08497942984104156	0.11274261772632599	-0.08013827353715897	0.25579598546028137	0.510490357875824	0.3584786653518677	-0.19954365491867065	-0.2847442626953125	-0.24299131333827972	-0.11515729129314423	0.27921509742736816	-0.117337666451931	0.2534543573856354	-0.024586938321590424	0.1285686045885086	-0.13593314588069916	0.38220855593681335
PUT-DP-rh	-0.16362693905830383	0.05810042843222618	-0.27671146392822266	-0.22580896317958832	0.38327234983444214	0.08445239812135696	0.40631550550460815	0.3691657781600952	0.3250928521156311	0.3079407215118408	0.44723042845726013	0.7158353924751282	0.45832371711730957	1.0	0.04701940715312958	-0.11681854724884033	0.2716367244720459	0.41820189356803894	-0.04794026538729668	0.0007956894114613533	-0.1359257847070694	-0.15133829414844513	0.15800300240516663	0.35089558362960815	0.24632582068443298	-0.1649426966905594	-0.13783133029937744	-0.11541169881820679	-0.10121165961027145	0.3472343683242798	0.3277899920940399	0.25465384125709534	-0.11176355183124542	0.3856583833694458	0.4961380660533905	0.3843187093734741	0.6317209601402283	0.35233649611473083	0.5359166860580444	0.3556174635887146	0.017099294811487198	0.21209274232387543	0.32489269971847534	0.04347676783800125	0.022297034040093422	-0.023692183196544647	-0.002660307800397277	-0.05086352303624153	-0.060903824865818024	0.19936949014663696
CAU-VA-rh	0.2727430760860443	-0.026429692283272743	-0.34991395473480225	0.07506147772073746	-0.08633926510810852	-0.32926085591316223	0.27176496386528015	0.503669023513794	0.12918654084205627	0.3819889724254608	0.15726909041404724	0.045924413949251175	-0.04552508145570755	0.04701940715312958	1.0	0.462462842464447	0.5992040634155273	0.2637035846710205	0.10702797770500183	0.05039956048130989	-0.2750239372253418	0.02811271883547306	0.3787217438220978	-0.2356407791376114	-0.10755542665719986	-0.24994847178459167	-0.03381311148405075	-0.270553320646286	-0.13395006954669952	0.04184592887759209	-0.11221565306186676	-0.07941979914903641	0.3324420750141144	0.33985626697540283	0.41854551434516907	0.04075109586119652	0.07816920429468155	0.23535031080245972	0.26593413949012756	0.5454471707344055	0.4851888418197632	0.5605663657188416	0.6014697551727295	-0.02333228476345539	0.21199476718902588	0.05538519099354744	0.007901267148554325	0.28884345293045044	0.23736034333705902	-0.2728883922100067
CAU-DA-rh	-0.3076556324958801	-0.4893176257610321	-0.23808181285858154	0.04725184664130211	0.05263429135084152	-0.012597551569342613	0.2682420611381531	0.014929338358342648	0.2728365957736969	0.20115216076374054	0.4952247440814972	0.21706949174404144	-0.24867874383926392	-0.11681854724884033	0.462462842464447	1.0	0.5405406951904297	0.3849683701992035	-0.3666538596153259	-0.5460399985313416	-0.15546877682209015	0.10906210541725159	0.12453927844762802	0.14895856380462646	-0.026869207620620728	-0.519609808921814	-0.4079664349555969	-0.13429036736488342	0.049389731138944626	0.1326139122247696	0.14142021536827087	0.05718770995736122	-0.01952352747321129	0.2867855429649353	0.12407495826482773	0.1764027625322342	0.06121411547064781	-0.15573135018348694	-0.2796388864517212	0.13756370544433594	0.31046462059020996	0.3706268072128296	0.3970807194709778	-0.3202628791332245	0.2879578173160553	0.012621235102415085	-0.02083660289645195	0.17685401439666748	-0.05391823872923851	-0.21967820823192596
CAU-body-rh	0.08511464297771454	-0.08870420604944229	-0.3816361427307129	-0.07524192333221436	0.06652233004570007	-0.013418867252767086	0.2697863280773163	0.6126824617385864	0.5266497135162354	0.36508065462112427	0.3577874004840851	0.3709302246570587	0.08354350179433823	0.2716367244720459	0.5992040634155273	0.5405406951904297	1.0	0.7855225205421448	-0.1156749501824379	-0.0938972681760788	-0.17477963864803314	0.10489112883806229	0.09058813005685806	0.09688672423362732	-0.14128176867961884	-0.22682376205921173	-0.08999607712030411	-0.11420536786317825	-0.04087409749627113	0.19623203575611115	0.0977587178349495	0.1921011507511139	0.16742146015167236	0.2854515314102173	0.4291415512561798	0.18216665089130402	0.3234931230545044	0.15963736176490784	0.26920729875564575	0.48181381821632385	0.439924031496048	0.6067607402801514	0.6357979774475098	-0.1298786848783493	0.11048918962478638	-0.22189931571483612	-0.02303064800798893	0.2108185887336731	-0.08834756910800934	-0.1854175478219986
CAU-tail-rh	-0.16320055723190308	-0.10426930338144302	-0.480793297290802	-0.2876676321029663	-0.039479125291109085	0.1465950906276703	0.2954834997653961	0.3982011377811432	0.43001365661621094	0.32244032621383667	0.3834840655326843	0.5077480673789978	0.027397559955716133	0.41820189356803894	0.2637035846710205	0.3849683701992035	0.7855225205421448	1.0	-0.16966602206230164	-0.1421395093202591	0.012039558961987495	-0.13674713671207428	-0.07744017243385315	0.15066902339458466	-0.11424575746059418	-0.20559023320674896	-0.30574965476989746	-0.10805997997522354	-0.1391962617635727	0.012063940055668354	0.3010771572589874	0.21973979473114014	-0.03339583799242973	0.21763187646865845	0.3616454601287842	0.14454783499240875	0.4073895514011383	0.0706096887588501	0.25946325063705444	0.3726056218147278	0.49125322699546814	0.5625140070915222	0.5863239169120789	-0.15010061860084534	-0.07485935091972351	-0.18637371063232422	-0.15827913582324982	0.0819891020655632	-0.11532396078109741	-0.21290361881256104
lAMY-rh	0.6154765486717224	0.5598186254501343	0.2570857107639313	0.023439398035407066	-0.13581736385822296	-0.4843899607658386	0.07299098372459412	0.08698827028274536	-0.17144687473773956	0.083123117685318	-0.4162609577178955	-0.1251935064792633	0.12183737754821777	-0.04794026538729668	0.10702797770500183	-0.3666538596153259	-0.1156749501824379	-0.16966602206230164	1.0	0.7817215323448181	0.13854898512363434	0.27450257539749146	0.25924405455589294	-0.3055954575538635	-0.49521875381469727	0.20038609206676483	0.4106675386428833	-0.028722943738102913	0.003592015476897359	-0.09728069603443146	0.05649645999073982	0.03359201177954674	0.25776299834251404	0.04055246338248253	0.2795346975326538	-0.06506280601024628	0.03556668385863304	0.37642210721969604	0.2667584717273712	-0.015072586946189404	0.04130931943655014	-0.12337301671504974	0.035719133913517	0.2959294319152832	0.07430138438940048	0.2351960837841034	0.11308363825082779	0.3382521867752075	0.3082125782966614	0.2166825383901596
mAMY-rh	0.7691268920898438	0.7191757559776306	0.2854883372783661	0.11952953040599823	-0.24011006951332092	-0.2765065133571625	-0.009311881847679615	0.15892164409160614	-0.1096823439002037	0.00858448725193739	-0.5786244869232178	-0.32059362530708313	0.23757754266262054	0.0007956894114613533	0.05039956048130989	-0.5460399985313416	-0.0938972681760788	-0.1421395093202591	0.7817215323448181	1.0	0.16018293797969818	0.21858945488929749	0.2901034653186798	-0.3454613983631134	-0.3219594657421112	0.555303692817688	0.5913292765617371	0.2025970071554184	0.13228558003902435	-0.11785351485013962	-0.11196208000183105	0.10839851200580597	0.291191965341568	-0.1605415791273117	0.16613461077213287	-0.12040042877197266	-0.0062422980554401875	0.3472919166088104	0.4131578207015991	0.10370080173015594	0.02213137410581112	-0.15600143373012543	-0.08075924217700958	0.43688085675239563	-0.014792749658226967	0.16076534986495972	0.24462011456489563	0.3392777144908905	0.27819299697875977	0.20422394573688507
THA-DP-rh	0.12368392944335938	0.20736536383628845	0.16553062200546265	-0.08464864641427994	-0.10948069393634796	0.1257627308368683	-0.07339673489332199	-0.1733735203742981	-0.032771795988082886	-0.2739088833332062	-0.2555241584777832	-0.022206656634807587	0.22457432746887207	-0.1359257847070694	-0.2750239372253418	-0.15546877682209015	-0.17477963864803314	0.012039558961987495	0.13854898512363434	0.16018293797969818	1.0	-0.02010194957256317	-0.5058106780052185	-0.4862815737724304	-0.3515849709510803	0.014858273789286613	-0.21128730475902557	-0.08064385503530502	-0.21930129826068878	-0.07803908735513687	0.0930110365152359	-0.1197204515337944	-0.030500909313559532	-0.11532996594905853	0.02296292781829834	-0.2937721908092499	-0.008867188356816769	0.15605974197387695	0.1250169575214386	-0.35846593976020813	-0.2056323140859604	-0.26956498622894287	-0.1411471962928772	0.3095785081386566	-0.046782780438661575	0.42666974663734436	-0.3610951602458954	-0.03220392018556595	0.3046536445617676	0.2534555494785309
NAc-shell-rh	0.32054224610328674	0.34448307752609253	0.40794992446899414	0.4071578085422516	0.07687299698591232	-0.23260831832885742	-0.21365198493003845	-0.19588229060173035	0.25527840852737427	0.1627626270055771	0.04221177473664284	-0.09571606665849686	0.3560820519924164	-0.15133829414844513	0.02811271883547306	0.10906210541725159	0.10489112883806229	-0.13674713671207428	0.27450257539749146	0.21858945488929749	-0.02010194957256317	1.0	0.2793205678462982	0.019077228382229805	-0.10639327764511108	0.11681827902793884	0.3313092589378357	0.23972046375274658	0.5382699370384216	0.1260930597782135	-0.09462681412696838	0.018827898427844048	-0.15074817836284637	-0.046214014291763306	-0.1276378482580185	0.03134465217590332	-0.10999737679958344	0.10752679407596588	-0.1646788865327835	-0.2840798497200012	-0.13395091891288757	-0.27446362376213074	-0.13586018979549408	0.09008147567510605	0.03813083842396736	0.23265022039413452	0.41809263825416565	0.5264555811882019	-0.1290084272623062	0.034801874309778214
NAc-core-rh	0.15003043413162231	0.18684828281402588	0.20289793610572815	0.5211671590805054	0.022422000765800476	-0.14541150629520416	0.2936900556087494	0.13066130876541138	0.10935427993535995	0.3754596412181854	0.09447145462036133	-0.15463216602802277	-0.07407434284687042	0.15800300240516663	0.3787217438220978	0.12453927844762802	0.09058813005685806	-0.07744017243385315	0.25924405455589294	0.2901034653186798	-0.5058106780052185	0.2793205678462982	1.0	0.09181096404790878	0.1838955134153366	-0.07881982624530792	0.1704554557800293	0.11218970268964767	0.43828681111335754	0.19143998622894287	-0.27922794222831726	0.16215939819812775	0.24870236217975616	0.28470322489738464	0.2599661946296692	0.3049210011959076	-0.04120798781514168	-0.04327858239412308	0.06884410232305527	0.32354217767715454	0.2248486429452896	0.13493289053440094	0.23617367446422577	-0.17070475220680237	0.24223333597183228	0.18806584179401398	0.5986195802688599	0.5648682713508606	0.11191679537296295	-0.20698918402194977
pGP-rh	-0.39422157406806946	-0.10625889897346497	-0.237032949924469	0.04696241021156311	0.3968062698841095	0.14908765256404877	0.20418860018253326	0.028603916987776756	0.06819764524698257	0.04740137234330177	0.39965569972991943	0.3171897530555725	0.06982182711362839	0.35089558362960815	-0.2356407791376114	0.14895856380462646	0.09688672423362732	0.15066902339458466	-0.3055954575538635	-0.3454613983631134	-0.4862815737724304	0.019077228382229805	0.09181096404790878	1.0	0.42953360080718994	-0.10088285803794861	0.0865434780716896	0.1275687962770462	0.32685720920562744	0.23292410373687744	0.3479813039302826	0.4395291805267334	-0.13830162584781647	0.3427574634552002	-0.006850007455796003	0.15344403684139252	0.010769445449113846	-0.0022961909417062998	-0.34179139137268066	0.016919227316975594	-0.1352573037147522	0.19753873348236084	0.08904489874839783	-0.14008523523807526	0.07466212660074234	-0.1781960427761078	0.2842249870300293	-0.30498072504997253	-0.3331034183502197	0.07458748668432236
aGP-rh	-0.3746337890625	-0.27398252487182617	-0.2758733928203583	0.11608393490314484	0.0308515802025795	0.4417264759540558	0.11624674499034882	-0.1516042798757553	-0.0031509841792285442	-0.15223029255867004	0.18409289419651031	0.09472527354955673	0.05085943266749382	0.24632582068443298	-0.10755542665719986	-0.026869207620620728	-0.14128176867961884	-0.11424575746059418	-0.49521875381469727	-0.3219594657421112	-0.3515849709510803	-0.10639327764511108	0.1838955134153366	0.42953360080718994	1.0	-0.03426947072148323	-0.23353275656700134	-0.1364564299583435	0.08912777155637741	0.04461656138300896	-0.17498856782913208	0.08278754353523254	-0.09423427283763885	0.2101404070854187	-0.21383485198020935	0.12264828383922577	-0.0524311363697052	-0.18490134179592133	-0.1263287216424942	-0.11549092829227448	0.05364377051591873	-0.061230454593896866	-0.213333398103714	-0.3013886511325836	-0.21442332863807678	-0.054165203124284744	0.1680138260126114	0.017515119165182114	-0.12535299360752106	-0.11560618877410889
HIP-head-m-lh	0.5583057403564453	0.5228502154350281	0.2398049384355545	0.05512062832713127	-0.23130545020103455	-0.15026108920574188	-0.4923818111419678	-0.14180846512317657	-0.17772285640239716	-0.417020708322525	-0.44255125522613525	-0.35961028933525085	0.05212574079632759	-0.1649426966905594	-0.24994847178459167	-0.519609808921814	-0.22682376205921173	-0.20559023320674896	0.20038609206676483	0.555303692817688	0.014858273789286613	0.11681827902793884	-0.07881982624530792	-0.10088285803794861	-0.03426947072148323	1.0	0.682950496673584	0.5946432948112488	0.281425416469574	-0.3100266456604004	-0.26284149289131165	-0.11965654045343399	-0.02130260318517685	-0.46772056818008423	-0.47996872663497925	-0.29058951139450073	-0.12475945800542831	0.12836788594722748	0.11669016629457474	-0.044112566858530045	-0.010311831720173359	-0.20828649401664734	-0.42011693120002747	0.41434282064437866	-0.2017524540424347	-0.07684194296598434	0.31301188468933105	-0.054008882492780685	0.15230460464954376	-0.06485872715711594
HIP-head-l-l	0.6733100414276123	0.5719186663627625	0.3430738151073456	0.17519831657409668	0.09825383871793747	-0.3625684380531311	-0.19553601741790771	0.20423094928264618	-0.09617392718791962	-0.08762938529253006	-0.34027737379074097	-0.34643495082855225	0.139914408326149	-0.13783133029937744	-0.03381311148405075	-0.4079664349555969	-0.08999607712030411	-0.30574965476989746	0.4106675386428833	0.5913292765617371	-0.21128730475902557	0.3313092589378357	0.1704554557800293	0.0865434780716896	-0.23353275656700134	0.682950496673584	1.0	0.6405200958251953	0.5370177626609802	0.04415372014045715	-0.02116752415895462	0.10480362921953201	0.2516591250896454	-0.09195178747177124	-0.06716591864824295	-0.07940513640642166	-0.16491325199604034	0.3847736716270447	0.12173867970705032	0.12340660393238068	-0.24083131551742554	-0.09342610836029053	-0.1481780707836151	0.5721688270568848	0.2148752063512802	0.06407114118337631	0.40503382682800293	-0.05395534262061119	0.037979692220687866	0.25477826595306396
HIP-body-l	0.22228629887104034	0.22064489126205444	0.4637731611728668	0.14051170647144318	-0.026408711448311806	-0.0835210382938385	-0.20522372424602509	-0.09155707061290741	0.034918226301670074	-0.13434019684791565	-0.09737087786197662	-0.22712109982967377	0.06381319463253021	-0.11541169881820679	-0.270553320646286	-0.13429036736488342	-0.11420536786317825	-0.10805997997522354	-0.028722943738102913	0.2025970071554184	-0.08064385503530502	0.23972046375274658	0.11218970268964767	0.1275687962770462	-0.1364564299583435	0.5946432948112488	0.6405200958251953	1.0	0.5432880520820618	0.0443110391497612	0.028303826227784157	0.018785385414958	-0.03148530051112175	-0.23422512412071228	-0.31205883622169495	0.007994093932211399	-0.00285893096588552	0.2236592024564743	0.06818631291389465	0.07816742360591888	-0.126170352101326	-0.03255738317966461	-0.14556938409805298	0.42140281200408936	0.2654152810573578	0.20270736515522003	0.4427908957004547	-0.07027199119329453	-0.05277714505791664	0.03748631104826927
HIP-tail-lh	0.19307897984981537	0.33789879083633423	0.4047020673751831	0.5429551005363464	0.24622318148612976	-0.08539562672376633	-0.06808792799711227	-0.12731119990348816	0.22781991958618164	0.061785731464624405	0.1349896341562271	-0.25204014778137207	-0.06975150853395462	-0.10121165961027145	-0.13395006954669952	0.049389731138944626	-0.04087409749627113	-0.1391962617635727	0.003592015476897359	0.13228558003902435	-0.21930129826068878	0.5382699370384216	0.43828681111335754	0.32685720920562744	0.08912777155637741	0.281425416469574	0.5370177626609802	0.5432880520820618	1.0	0.2917097806930542	-0.048341281712055206	0.30177563428878784	0.1349090188741684	0.15422675013542175	-0.11370503902435303	0.22148947417736053	-0.26407626271247864	-0.04781551659107208	-0.24428801238536835	0.009389144368469715	-0.20778639614582062	-0.14099305868148804	-0.12114454805850983	0.1706484854221344	0.29673004150390625	0.19351445138454437	0.5401342511177063	0.16800148785114288	-0.05249752476811409	0.04207677021622658
THA-VPm-lh	0.04392259567975998	0.05799369513988495	0.02731158398091793	0.06400959193706512	0.4803427457809448	-0.06960776448249817	0.45506423711776733	0.28284648060798645	0.31138932704925537	0.12253434211015701	0.23491153120994568	0.1244872435927391	0.15518714487552643	0.3472343683242798	0.04184592887759209	0.1326139122247696	0.19623203575611115	0.012063940055668354	-0.09728069603443146	-0.11785351485013962	-0.07803908735513687	0.1260930597782135	0.19143998622894287	0.23292410373687744	0.04461656138300896	-0.3100266456604004	0.04415372014045715	0.0443110391497612	0.2917097806930542	1.0	0.3417209982872009	0.5696741938591003	0.46377280354499817	0.590747594833374	0.47156819701194763	0.3769455850124359	0.15491598844528198	0.21453548967838287	0.23467755317687988	0.2988523840904236	-0.25127100944519043	0.24120479822158813	0.3539331555366516	0.11761517822742462	0.32952457666397095	0.2700116038322449	0.15164679288864136	0.022807393223047256	-0.019203132018446922	0.3598783612251282
THA-VPl-lh	-0.1413460671901703	-0.022305961698293686	-0.25232458114624023	-0.5414037704467773	0.2743135392665863	-0.1597360372543335	0.4522705078125	0.09823517501354218	0.03945040702819824	0.12523521482944489	0.28264451026916504	0.42177751660346985	0.11135153472423553	0.3277899920940399	-0.11221565306186676	0.14142021536827087	0.0977587178349495	0.3010771572589874	0.05649645999073982	-0.11196208000183105	0.0930110365152359	-0.09462681412696838	-0.27922794222831726	0.3479813039302826	-0.17498856782913208	-0.26284149289131165	-0.02116752415895462	0.028303826227784157	-0.048341281712055206	0.3417209982872009	1.0	0.3745169937610626	-0.01412443071603775	0.3442442715167999	0.41342833638191223	0.1603478491306305	0.2621164619922638	0.36865100264549255	0.08365079760551453	0.05906324461102486	-0.06249164789915085	0.22239837050437927	0.3351445496082306	0.14926281571388245	0.16093705594539642	0.21613654494285583	-0.16717858612537384	-0.2653231918811798	-0.08952442556619644	0.38204243779182434
THA-VAi-lh	-0.032786622643470764	0.15216384828090668	-0.18636485934257507	0.03742433711886406	0.18766537308692932	0.12806664407253265	0.4079856276512146	0.08979810029268265	0.119684599339962	-0.015491282567381859	0.180215984582901	-0.005981549620628357	-0.02006695792078972	0.25465384125709534	-0.07941979914903641	0.05718770995736122	0.1921011507511139	0.21973979473114014	0.03359201177954674	0.10839851200580597	-0.1197204515337944	0.018827898427844048	0.16215939819812775	0.4395291805267334	0.08278754353523254	-0.11965654045343399	0.10480362921953201	0.018785385414958	0.30177563428878784	0.5696741938591003	0.3745169937610626	1.0	0.4345734417438507	0.47859421372413635	0.4108378291130066	0.31316637992858887	0.05234465375542641	0.05250244960188866	0.004395852331072092	0.3505292236804962	-0.027452519163489342	0.3147726058959961	0.35322999954223633	0.09584958851337433	0.17896343767642975	0.07877428084611893	0.20788519084453583	0.09394080936908722	-0.10993161052465439	0.24543310701847076
THA-VAs-lh	0.420569509267807	0.14095193147659302	-0.12620165944099426	0.071132130920887	-0.10098721086978912	-0.18079477548599243	0.297165185213089	0.4372168481349945	-0.11326899379491806	-0.09044083952903748	-0.33104994893074036	-0.2894015610218048	-0.2624460458755493	-0.11176355183124542	0.3324420750141144	-0.01952352747321129	0.16742146015167236	-0.03339583799242973	0.25776299834251404	0.291191965341568	-0.030500909313559532	-0.15074817836284637	0.24870236217975616	-0.13830162584781647	-0.09423427283763885	-0.02130260318517685	0.2516591250896454	-0.03148530051112175	0.1349090188741684	0.46377280354499817	-0.01412443071603775	0.4345734417438507	1.0	0.514164388179779	0.4022168517112732	0.1643100380897522	0.015846269205212593	0.2405056357383728	0.3637697100639343	0.5494125485420227	0.08012009412050247	0.4103543758392334	0.405902236700058	0.28203287720680237	0.38812294602394104	0.2080855518579483	0.10083960741758347	0.08558779209852219	0.27165696024894714	0.222158282995224
THA-DAm-lh	-0.020580407232046127	0.0003187120018992573	-0.3783392310142517	0.05146945267915726	0.3824319541454315	0.002726375125348568	0.6777150630950928	0.3318251073360443	0.12729212641716003	0.18711915612220764	0.3167344331741333	0.30411964654922485	0.08497942984104156	0.3856583833694458	0.33985626697540283	0.2867855429649353	0.2854515314102173	0.21763187646865845	0.04055246338248253	-0.1605415791273117	-0.11532996594905853	-0.046214014291763306	0.28470322489738464	0.3427574634552002	0.2101404070854187	-0.46772056818008423	-0.09195178747177124	-0.23422512412071228	0.15422675013542175	0.590747594833374	0.3442442715167999	0.47859421372413635	0.514164388179779	1.0	0.6046152710914612	0.24800947308540344	0.10768736153841019	0.3497641384601593	0.15196485817432404	0.32029014825820923	0.07795140147209167	0.45496490597724915	0.5340915322303772	0.09985651075839996	0.38674211502075195	0.4202471971511841	0.032892677932977676	0.12335152924060822	0.09784068167209625	0.2816106081008911
THA-DAl-lh	0.08447227627038956	0.10765646398067474	-0.3411361873149872	-0.12231756001710892	0.3184969127178192	-0.07741162925958633	0.6610984206199646	0.5836829543113708	0.1944141983985901	0.38546276092529297	0.23463039100170135	0.2651750147342682	0.11274261772632599	0.4961380660533905	0.41854551434516907	0.12407495826482773	0.4291415512561798	0.3616454601287842	0.2795346975326538	0.16613461077213287	0.02296292781829834	-0.1276378482580185	0.2599661946296692	-0.006850007455796003	-0.21383485198020935	-0.47996872663497925	-0.06716591864824295	-0.31205883622169495	-0.11370503902435303	0.47156819701194763	0.41342833638191223	0.4108378291130066	0.4022168517112732	0.6046152710914612	1.0	0.3350681662559509	0.24588020145893097	0.30447378754615784	0.3994799256324768	0.4953811764717102	0.08697760105133057	0.41170522570610046	0.6736235022544861	0.06814813613891602	0.24620628356933594	0.2121124267578125	-0.07599557191133499	0.14333508908748627	0.19457291066646576	0.200807124376297
PUT-VA-lh	-0.3084799647331238	-0.35601380467414856	-0.03175237402319908	-0.13251017034053802	0.32819926738739014	0.12633676826953888	0.12403047829866409	0.06133754551410675	0.2850809097290039	0.10210604220628738	0.4805237650871277	0.38821476697921753	-0.08013827353715897	0.3843187093734741	0.04075109586119652	0.1764027625322342	0.18216665089130402	0.14454783499240875	-0.06506280601024628	-0.12040042877197266	-0.2937721908092499	0.03134465217590332	0.3049210011959076	0.15344403684139252	0.12264828383922577	-0.29058951139450073	-0.07940513640642166	0.007994093932211399	0.22148947417736053	0.3769455850124359	0.1603478491306305	0.31316637992858887	0.1643100380897522	0.24800947308540344	0.3350681662559509	1.0	0.5944472551345825	0.05254349485039711	0.3323788642883301	0.4604496955871582	0.12125757336616516	0.10566732287406921	0.23257529735565186	-0.14129778742790222	0.2521750032901764	-0.022619759663939476	0.1263042539358139	0.21944072842597961	-0.08345429599285126	0.22606733441352844
PUT-DA-l	-0.09697166830301285	-0.2565215528011322	-0.14016476273536682	-0.49436652660369873	0.1071542352437973	-0.0779459998011589	0.07191748917102814	0.24924877285957336	0.26236262917518616	0.10372565686702728	0.26721706986427307	0.7597982287406921	0.25579598546028137	0.6317209601402283	0.07816920429468155	0.06121411547064781	0.3234931230545044	0.4073895514011383	0.03556668385863304	-0.0062422980554401875	-0.008867188356816769	-0.10999737679958344	-0.04120798781514168	0.010769445449113846	-0.0524311363697052	-0.12475945800542831	-0.16491325199604034	-0.00285893096588552	-0.26407626271247864	0.15491598844528198	0.2621164619922638	0.05234465375542641	0.015846269205212593	0.10768736153841019	0.24588020145893097	0.5944472551345825	1.0	0.4055865705013275	0.6903020739555359	0.4317389726638794	0.14852745831012726	0.20086714625358582	0.27572101354599	0.11549690365791321	0.16723263263702393	-0.09003127366304398	-0.048327844589948654	0.014166928827762604	-0.00937072653323412	0.23085740208625793
PUT-VP-lh	0.39547446370124817	0.35552775859832764	0.011571528390049934	-0.1707247644662857	0.1416582465171814	-0.3779037892818451	0.2341829389333725	0.3414648175239563	-0.09235778450965881	0.036602552980184555	-0.05949409678578377	0.3192928731441498	0.510490357875824	0.35233649611473083	0.23535031080245972	-0.15573135018348694	0.15963736176490784	0.0706096887588501	0.37642210721969604	0.3472919166088104	0.15605974197387695	0.10752679407596588	-0.04327858239412308	-0.0022961909417062998	-0.18490134179592133	0.12836788594722748	0.3847736716270447	0.2236592024564743	-0.04781551659107208	0.21453548967838287	0.36865100264549255	0.05250244960188866	0.2405056357383728	0.3497641384601593	0.30447378754615784	0.05254349485039711	0.4055865705013275	1.0	0.5836045145988464	0.2453867495059967	0.028086211532354355	0.26079925894737244	0.26965028047561646	0.5475879907608032	0.3198113441467285	0.4366021454334259	0.06165127828717232	-0.0843839943408966	0.2649345099925995	0.42344754934310913
PUT-DP-lh	0.3520442247390747	0.10785651206970215	-0.08126872777938843	-0.35607603192329407	-0.059309061616659164	-0.11530840396881104	0.21171540021896362	0.532651424407959	0.21628214418888092	0.14946168661117554	-0.16129137575626373	0.3251553773880005	0.3584786653518677	0.5359166860580444	0.26593413949012756	-0.2796388864517212	0.26920729875564575	0.25946325063705444	0.2667584717273712	0.4131578207015991	0.1250169575214386	-0.1646788865327835	0.06884410232305527	-0.34179139137268066	-0.1263287216424942	0.11669016629457474	0.12173867970705032	0.06818631291389465	-0.24428801238536835	0.23467755317687988	0.08365079760551453	0.004395852331072092	0.3637697100639343	0.15196485817432404	0.3994799256324768	0.3323788642883301	0.6903020739555359	0.5836045145988464	1.0	0.5247393846511841	0.1345721185207367	0.22950385510921478	0.31140416860580444	0.3793191909790039	0.1013341173529625	0.11275780200958252	-0.13407716155052185	0.09708473086357117	0.17964911460876465	0.3206477463245392
