Node	HIP-head-m-rh	HIP-head-l-rh	HIP-body-rh	HIP-tail-rh	THA-VPm-rh	THA-VPl-rh	THA-VAi-rh	THA-VAs-rh	THA-DAm-rh	THA-DAl-rh	PUT-VA-rh	PUT-DA-rh	PUT-VP-rh	PUT-DP-rh	CAU-VA-rh	CAU-DA-rh	CAU-body-rh	CAU-tail-rh	lAMY-rh	mAMY-rh	THA-DP-rh	NAc-shell-rh	NAc-core-rh	pGP-rh	aGP-rh	HIP-head-m-lh	HIP-head-l-l	HIP-body-l	HIP-tail-lh	THA-VPm-lh	THA-VPl-lh	THA-VAi-lh	THA-VAs-lh	THA-DAm-lh	THA-DAl-lh	PUT-VA-lh	PUT-DA-l	PUT-VP-lh	PUT-DP-lh	CAU-VA-lh	CAU-DA-lh	CAU-body-lh	CAU-tail-lh	lAMY-lh	mAMY-lh	THA-DP-lh	NAc-shell-lh	NAc-core-lh	pGP-lh	aGP-lh
HIP-head-m-rh	1.0	0.6581279039382935	-0.0625804215669632	0.02073083259165287	0.03656003251671791	0.07762971520423889	0.4740625321865082	0.0804271548986435	0.03408477455377579	0.14444714784622192	0.21638070046901703	0.4522968828678131	0.05120451748371124	0.05837228521704674	0.5068879127502441	0.4864007234573364	0.3891502916812897	0.16536125540733337	-0.13692371547222137	0.18004605174064636	0.08706337958574295	0.4666820168495178	0.28319162130355835	-0.56158047914505	-0.003176924306899309	0.13459809124469757	-0.011438844725489616	-0.10587981343269348	-0.44818785786628723	-0.06460031121969223	-0.09720077365636826	0.42533615231513977	0.3430817425251007	0.23826532065868378	-0.08776780217885971	0.211099773645401	0.2914888858795166	0.1450859159231186	0.15976576507091522	0.3813597559928894	0.2918448746204376	0.3217727839946747	0.16105222702026367	-0.19675785303115845	0.0965743437409401	0.20564423501491547	0.05321963131427765	0.47062593698501587	0.008247626014053822	0.01609470695257187
HIP-head-l-rh	0.6581279039382935	1.0	0.239426851272583	0.2552761137485504	0.01659376174211502	-0.009586907923221588	0.3323333263397217	0.04791400581598282	-0.0009840662823989987	0.04696699231863022	0.2559739351272583	0.43606457114219666	-0.06624975055456161	-0.19060347974300385	0.48568689823150635	0.3237334191799164	0.22767101228237152	0.030346350744366646	0.015169915743172169	0.23939934372901917	-0.04333137348294258	0.5273492336273193	0.2756727933883667	-0.4258849024772644	-0.2485400140285492	0.033734872937202454	0.023997440934181213	0.11303741484880447	-0.18889786303043365	-0.009453069418668747	-0.040551356971263885	0.42904457449913025	0.31459084153175354	0.38070470094680786	0.09116054326295853	-0.08850767463445663	0.055953629314899445	0.2961888909339905	0.010665953159332275	0.2033521980047226	0.19450360536575317	0.3088907301425934	0.12871918082237244	-0.0381549634039402	0.20428790152072906	0.32902446389198303	0.09932299703359604	0.3639846444129944	0.2478240728378296	-0.1512453854084015
HIP-body-rh	-0.0625804215669632	0.239426851272583	1.0	0.4975356459617615	-0.3593795895576477	0.0162990503013134	-0.08568281680345535	-0.05811326205730438	0.06772986054420471	0.21553318202495575	0.12370700389146805	-0.1421012133359909	0.10616858303546906	-0.08452078700065613	-0.10183339565992355	-0.05029068887233734	-0.078684002161026	-0.1032126247882843	0.0742972269654274	0.34919866919517517	0.1301122009754181	0.1385054737329483	0.20433440804481506	-0.0337505079805851	-0.38406461477279663	0.1365559846162796	0.048191674053668976	0.6258921027183533	0.3688565790653229	0.008417373523116112	0.19516794383525848	-0.05204319581389427	0.2024935781955719	-0.07861340045928955	0.23579932749271393	-0.19702838361263275	-0.1519836187362671	0.2821359932422638	-0.0060034641064703465	-0.20229816436767578	-0.09670524299144745	-0.06404213607311249	-0.18216773867607117	-0.05383899807929993	0.25097498297691345	-0.026409052312374115	-0.1859707534313202	0.061578333377838135	0.1756965070962906	-0.3224569261074066
HIP-tail-rh	0.02073083259165287	0.2552761137485504	0.4975356459617615	1.0	-0.04567812755703926	-0.010913411155343056	-0.2137555181980133	-0.3882845640182495	-0.3576350510120392	0.1292312890291214	0.01320770476013422	-0.12623107433319092	0.027125366032123566	-0.0421576164662838	-0.17209936678409576	-0.3056238293647766	-0.5701627731323242	-0.5658993721008301	0.10394801199436188	0.2893531918525696	0.20939496159553528	0.17969444394111633	-0.0014463135739788413	-0.10066015273332596	-0.20037078857421875	-0.2966289818286896	0.28256505727767944	0.5733407139778137	0.5063027739524841	0.17090655863285065	0.3312644958496094	-0.024430951103568077	-0.00800198782235384	0.04849108308553696	-0.04673265293240547	0.03563207387924194	-0.015638122335076332	0.3065812587738037	0.08483507484197617	-0.5919857621192932	-0.4181312322616577	-0.3690524697303772	-0.4505784511566162	0.021223360672593117	0.37163832783699036	0.3591691255569458	-0.19547057151794434	-0.1065959632396698	0.19022877514362335	-0.3953629732131958
THA-VPm-rh	0.03656003251671791	0.01659376174211502	-0.3593795895576477	-0.04567812755703926	1.0	-0.16054318845272064	0.3366466164588928	-0.17867375910282135	-0.23753952980041504	-0.5228263735771179	0.07535386085510254	0.09745970368385315	-0.21084889769554138	0.029810408130288124	0.051790885627269745	-0.19072729349136353	-0.28738442063331604	-0.23330461978912354	0.3699898421764374	-0.15820898115634918	-0.05488922446966171	-0.26699215173721313	-0.20174072682857513	0.0958213210105896	0.12796060740947723	-0.09519590437412262	0.24255025386810303	-0.20979775488376617	-0.14537230134010315	0.4125167429447174	0.19921830296516418	0.29093506932258606	-0.11630811542272568	0.315083771944046	0.12012782692909241	0.3861057758331299	0.03743790462613106	-0.29064807295799255	-0.09324943274259567	-0.044383786618709564	-0.21662253141403198	-0.19664952158927917	-0.24778106808662415	0.41752609610557556	0.0266934372484684	0.40753671526908875	0.34199440479278564	-0.19084599614143372	0.005495251156389713	-0.05885757505893707
THA-VPl-rh	0.07762971520423889	-0.009586907923221588	0.0162990503013134	-0.010913411155343056	-0.16054318845272064	1.0	0.15317291021347046	0.11965573579072952	0.28070226311683655	0.38603994250297546	-0.1979847103357315	0.04415480047464371	0.5975281596183777	0.536442220211029	-0.11501436680555344	0.2520870268344879	0.13480207324028015	-0.13071896135807037	0.17874695360660553	0.011956778354942799	0.4352908730506897	0.012544983066618443	-0.009361188858747482	0.08306191861629486	0.46701526641845703	0.10111913830041885	0.08085071295499802	-0.06153075397014618	0.028759749606251717	-0.3443164825439453	-0.3406180143356323	0.2209443300962448	0.11630278825759888	0.16883668303489685	0.026273980736732483	-0.026858964934945107	0.03271826356649399	0.021803084760904312	-0.22475841641426086	0.12082115560770035	0.2917555272579193	0.2127080261707306	-0.0648963674902916	0.27281618118286133	-0.22572655975818634	0.04930455610156059	-0.20422746241092682	0.1949104368686676	-0.13121329247951508	0.022951075807213783
THA-VAi-rh	0.4740625321865082	0.3323333263397217	-0.08568281680345535	-0.2137555181980133	0.3366466164588928	0.15317291021347046	1.0	0.38413962721824646	0.15020181238651276	0.12035103887319565	0.3053344488143921	0.3893149793148041	-0.20212839543819427	0.09829096496105194	0.3301407992839813	0.27783045172691345	0.29285290837287903	0.010821022093296051	0.3377359211444855	0.2628244459629059	0.11875937134027481	0.2533949017524719	0.3003230392932892	-0.215016171336174	0.02645791508257389	0.14869588613510132	-0.0008191537344828248	-0.24682453274726868	-0.3813753128051758	0.20339787006378174	0.33851879835128784	0.7338601350784302	0.5536614060401917	0.5941294431686401	0.25160935521125793	0.4397643804550171	0.25251591205596924	0.22733747959136963	0.17690017819404602	0.31651854515075684	0.21882276237010956	0.18074218928813934	0.043792132288217545	0.23544326424598694	0.025287598371505737	0.3759174048900604	0.04699509218335152	0.3315941393375397	-0.04536778852343559	-0.013087164610624313
THA-VAs-rh	0.0804271548986435	0.04791400581598282	-0.05811326205730438	-0.3882845640182495	-0.17867375910282135	0.11965573579072952	0.38413962721824646	1.0	0.44688814878463745	0.5246480107307434	0.50363689661026	0.42792579531669617	0.00818366464227438	0.02156783454120159	0.21629495918750763	0.3079659342765808	0.3437599241733551	0.5346825122833252	-0.16473481059074402	0.09641339629888535	-0.03846791386604309	0.23342591524124146	0.4349539577960968	0.10815691202878952	0.039489444345235825	0.054181016981601715	-0.4719681739807129	-0.15592189133167267	-0.2884746491909027	-0.27191871404647827	0.008875517174601555	0.1670757234096527	0.398433119058609	0.23411260545253754	0.31195831298828125	0.30854666233062744	0.3898763656616211	0.21841555833816528	0.2289644181728363	0.271882027387619	0.2784167528152466	0.41814398765563965	0.3377256989479065	-0.16791222989559174	0.025339636951684952	-0.26602253317832947	-0.16332991421222687	0.253290593624115	-0.3255685269832611	-0.175924614071846
THA-DAm-rh	0.03408477455377579	-0.0009840662823989987	0.06772986054420471	-0.3576350510120392	-0.23753952980041504	0.28070226311683655	0.15020181238651276	0.44688814878463745	1.0	0.17284061014652252	0.06919541209936142	0.26241153478622437	0.15528762340545654	0.15913698077201843	0.2444402128458023	0.44329512119293213	0.5238664150238037	0.4626013934612274	-0.3102656304836273	-0.29287269711494446	0.18111582100391388	0.041416846215724945	0.3024507462978363	0.11169886589050293	-0.07106618583202362	0.28542107343673706	-0.39513903856277466	0.10908206552267075	-0.037474095821380615	-0.06620442122220993	-0.21255670487880707	-0.00021686156105715781	0.13204652070999146	0.006273607723414898	0.09203817695379257	-0.23276448249816895	-0.19083023071289062	0.03911715745925903	-0.21807736158370972	0.42671486735343933	0.49798816442489624	0.3983258903026581	0.2733232378959656	-0.18175306916236877	-0.5119451284408569	-0.20038409531116486	-0.20830368995666504	0.17941994965076447	-0.17245356738567352	0.06986454874277115
THA-DAl-rh	0.14444714784622192	0.04696699231863022	0.21553318202495575	0.1292312890291214	-0.5228263735771179	0.38603994250297546	0.12035103887319565	0.5246480107307434	0.17284061014652252	1.0	0.3043343126773834	0.2326921671628952	0.1734391301870346	0.1165555790066719	0.10399667173624039	0.33893725275993347	0.22506903111934662	0.2346639186143875	-0.09734901040792465	0.26606303453445435	0.20963439345359802	0.44690588116645813	0.33621910214424133	-0.30028778314590454	0.06309176236391068	-0.05926628038287163	-0.2669692933559418	0.1342248171567917	0.02110200747847557	-0.36319443583488464	0.09437523782253265	0.06298265606164932	0.4505930542945862	0.1527228057384491	0.26633933186531067	0.14436301589012146	0.43845438957214355	0.2359851747751236	0.378907173871994	0.09528003633022308	0.22209252417087555	0.34635284543037415	0.275577574968338	-0.13038229942321777	0.1337469518184662	-0.18214355409145355	-0.2035048007965088	0.4380178153514862	-0.10888198018074036	-0.1903514862060547
PUT-VA-rh	0.21638070046901703	0.2559739351272583	0.12370700389146805	0.01320770476013422	0.07535386085510254	-0.1979847103357315	0.3053344488143921	0.50363689661026	0.06919541209936142	0.3043343126773834	1.0	0.7107303142547607	-0.06537886708974838	-0.04771410673856735	0.5407893657684326	0.5255258083343506	0.1871507614850998	0.4486595392227173	-0.29483655095100403	0.22507964074611664	-0.1257897913455963	0.33309462666511536	0.4101470708847046	-0.23161716759204865	-0.45738473534584045	-0.011265253648161888	-0.1511862426996231	0.19985516369342804	-0.28464385867118835	-0.2564926743507385	0.2955467700958252	0.2311418056488037	0.31034570932388306	0.15651847422122955	0.3709314167499542	0.49504783749580383	0.5487372279167175	-0.03108333982527256	0.5025286078453064	0.3328065276145935	0.2809183597564697	0.4156460464000702	0.18979613482952118	-0.21270890533924103	0.3172655999660492	-0.13337786495685577	0.2436901479959488	0.3117288649082184	0.17572322487831116	-0.43897947669029236
PUT-DA-rh	0.4522968828678131	0.43606457114219666	-0.1421012133359909	-0.12623107433319092	0.09745970368385315	0.04415480047464371	0.3893149793148041	0.42792579531669617	0.26241153478622437	0.2326921671628952	0.7107303142547607	1.0	0.23173177242279053	0.21987031400203705	0.5938471555709839	0.6715366840362549	0.36318883299827576	0.45167380571365356	-0.3426743745803833	0.048600390553474426	0.16585619747638702	0.3543548285961151	0.2571024000644684	-0.27688080072402954	-0.16128882765769958	0.11689520627260208	-0.19329193234443665	-0.007559598423540592	-0.471923291683197	-0.15638910233974457	0.04593002796173096	0.486828088760376	0.27256906032562256	0.430990993976593	0.12307164818048477	0.3839277923107147	0.49283653497695923	0.043870650231838226	0.3611350953578949	0.46981242299079895	0.4709278643131256	0.5992544293403625	0.16421565413475037	-0.1637093424797058	0.1373765617609024	0.17128300666809082	0.11599171906709671	0.29773280024528503	0.25855252146720886	-0.29024943709373474
PUT-VP-rh	0.05120451748371124	-0.06624975055456161	0.10616858303546906	0.027125366032123566	-0.21084889769554138	0.5975281596183777	-0.20212839543819427	0.00818366464227438	0.15528762340545654	0.1734391301870346	-0.06537886708974838	0.23173177242279053	1.0	0.7122525572776794	-0.253788024187088	0.16527007520198822	-0.04234783723950386	0.09455136209726334	-0.21290403604507446	-0.050324536859989166	0.5514137148857117	-0.2384442836046219	-0.20288333296775818	0.12094210088253021	0.4181322157382965	0.10345800220966339	-0.01636776141822338	0.09015834331512451	0.06451039761304855	-0.2698419392108917	-0.48131370544433594	0.02216666378080845	-0.08877928555011749	-0.04721484333276749	-0.13937833905220032	0.051156219094991684	0.26307713985443115	0.012614191509783268	-0.018088338896632195	0.011180030182003975	0.1252952367067337	0.17100784182548523	-0.30129989981651306	-0.07268818467855453	-0.01509398128837347	-0.04196751490235329	-0.23941996693611145	-0.2041277140378952	-0.10392952710390091	-0.06825325638055801
PUT-DP-rh	0.05837228521704674	-0.19060347974300385	-0.08452078700065613	-0.0421576164662838	0.029810408130288124	0.536442220211029	0.09829096496105194	0.02156783454120159	0.15913698077201843	0.1165555790066719	-0.04771410673856735	0.21987031400203705	0.7122525572776794	1.0	-0.22857055068016052	0.14010682702064514	-0.034003473818302155	-0.10283084958791733	-0.13799673318862915	-0.0919715017080307	0.5618258118629456	-0.3995248079299927	-0.2271784245967865	-0.03873489424586296	0.4904728829860687	0.09747438877820969	-0.023293951526284218	-0.09053066372871399	0.08048555999994278	-0.0799570083618164	-0.2271115928888321	0.27040258049964905	0.08482445776462555	0.12105909734964371	-0.017597248777747154	0.28635454177856445	0.3714371621608734	0.09344524890184402	0.17640888690948486	0.023230908438563347	-0.030037103220820427	-0.02711762860417366	-0.3558741807937622	0.17842969298362732	-0.06462200731039047	0.12171205878257751	-0.1800697296857834	-0.21520237624645233	-0.1640305519104004	0.10622117668390274
CAU-VA-rh	0.5068879127502441	0.48568689823150635	-0.10183339565992355	-0.17209936678409576	0.051790885627269745	-0.11501436680555344	0.3301407992839813	0.21629495918750763	0.2444402128458023	0.10399667173624039	0.5407893657684326	0.5938471555709839	-0.253788024187088	-0.22857055068016052	1.0	0.7052574157714844	0.6371065974235535	0.37785089015960693	-0.23042593896389008	0.11428181827068329	-0.35211867094039917	0.6340145468711853	0.5485513210296631	-0.47753360867500305	-0.4224779009819031	0.12427136301994324	-0.24367591738700867	-0.07041431218385696	-0.4678348898887634	-0.12234096974134445	0.16793659329414368	0.3214748799800873	0.36324542760849	0.2550812065601349	0.15040354430675507	0.07618213444948196	0.141757994890213	-0.03498391807079315	0.2187766283750534	0.6745073795318604	0.5191484689712524	0.6532259583473206	0.5524221062660217	-0.14785121381282806	-0.004927927628159523	0.01267909724265337	0.34006571769714355	0.5711261630058289	0.3203636109828949	-0.1438700556755066
CAU-DA-rh	0.4864007234573364	0.3237334191799164	-0.05029068887233734	-0.3056238293647766	-0.19072729349136353	0.2520870268344879	0.27783045172691345	0.3079659342765808	0.44329512119293213	0.33893725275993347	0.5255258083343506	0.6715366840362549	0.16527007520198822	0.14010682702064514	0.7052574157714844	1.0	0.6931445598602295	0.5127815008163452	-0.31432044506073	0.019126981496810913	-0.029215672984719276	0.3924534022808075	0.31840193271636963	-0.4749661684036255	-0.239183247089386	0.28906217217445374	-0.1565348505973816	0.026501497253775597	-0.3708551228046417	-0.42639005184173584	-0.09534991532564163	0.3008938133716583	0.30360424518585205	0.14821958541870117	0.11142344027757645	0.044205017387866974	0.2714543342590332	-0.14168541133403778	0.17990738153457642	0.8060512542724609	0.6877686381340027	0.7296220660209656	0.45044997334480286	-0.14854131639003754	-0.13162466883659363	-0.18258161842823029	0.1925109624862671	0.6530666351318359	0.16622227430343628	-0.034130364656448364
CAU-body-rh	0.3891502916812897	0.22767101228237152	-0.078684002161026	-0.5701627731323242	-0.28738442063331604	0.13480207324028015	0.29285290837287903	0.3437599241733551	0.5238664150238037	0.22506903111934662	0.1871507614850998	0.36318883299827576	-0.04234783723950386	-0.034003473818302155	0.6371065974235535	0.6931445598602295	1.0	0.5838608145713806	-0.2508329749107361	-0.16033248603343964	-0.09161738306283951	0.31362396478652954	0.36778777837753296	-0.31907597184181213	-0.1394231915473938	0.37442323565483093	-0.4295767545700073	-0.31206080317497253	-0.4691247045993805	-0.35308852791786194	-0.2785474956035614	0.2620634138584137	0.47676244378089905	0.07152228057384491	0.20231476426124573	-0.12465771287679672	0.007338772527873516	0.01755647547543049	0.08418924361467361	0.8085787296295166	0.6248900890350342	0.6987535953521729	0.6781777739524841	-0.16522398591041565	-0.29795050621032715	-0.3157164454460144	0.09585161507129669	0.5769833326339722	0.037273913621902466	0.1487084925174713
CAU-tail-rh	0.16536125540733337	0.030346350744366646	-0.1032126247882843	-0.5658993721008301	-0.23330461978912354	-0.13071896135807037	0.010821022093296051	0.5346825122833252	0.4626013934612274	0.2346639186143875	0.4486595392227173	0.45167380571365356	0.09455136209726334	-0.10283084958791733	0.37785089015960693	0.5127815008163452	0.5838608145713806	1.0	-0.40959370136260986	-0.1528869867324829	-0.1527232974767685	0.1511320024728775	0.29719823598861694	-0.05785082280635834	-0.09577323496341705	0.23269343376159668	-0.39410102367401123	-0.07067327946424484	-0.33412906527519226	-0.3189416825771332	-0.32770487666130066	-0.16066479682922363	0.10040989518165588	-0.1880175918340683	0.14366692304611206	0.0175781212747097	0.2532757818698883	-0.22800253331661224	0.20413969457149506	0.6271753907203674	0.5515050888061523	0.6680604219436646	0.571077823638916	-0.37564224004745483	-0.1481325775384903	-0.533321738243103	0.011800444684922695	0.2770049273967743	0.02466903254389763	0.07712704688310623
lAMY-rh	-0.13692371547222137	0.015169915743172169	0.0742972269654274	0.10394801199436188	0.3699898421764374	0.17874695360660553	0.3377359211444855	-0.16473481059074402	-0.3102656304836273	-0.09734901040792465	-0.29483655095100403	-0.3426743745803833	-0.21290403604507446	-0.13799673318862915	-0.23042593896389008	-0.31432044506073	-0.2508329749107361	-0.40959370136260986	1.0	0.38133448362350464	-0.10904514789581299	-0.03398595005273819	0.008319292217493057	0.14025825262069702	0.3193325698375702	0.07275684177875519	0.41622281074523926	-0.03846493735909462	0.1554795205593109	0.2406143993139267	0.22561024129390717	0.20788000524044037	-0.0017506161238998175	0.23649701476097107	0.09659779071807861	0.02980133704841137	-0.29089489579200745	-0.004100879188627005	-0.3506681025028229	-0.1206456646323204	-0.17544831335544586	-0.2931428849697113	-0.25109198689460754	0.7026373744010925	0.048797525465488434	0.3183981776237488	0.13383038341999054	0.037939317524433136	-0.05358608067035675	0.11796750873327255
mAMY-rh	0.18004605174064636	0.23939934372901917	0.34919866919517517	0.2893531918525696	-0.15820898115634918	0.011956778354942799	0.2628244459629059	0.09641339629888535	-0.29287269711494446	0.26606303453445435	0.22507964074611664	0.048600390553474426	-0.050324536859989166	-0.0919715017080307	0.11428181827068329	0.019126981496810913	-0.16033248603343964	-0.1528869867324829	0.38133448362350464	1.0	-0.15052491426467896	0.4778347611427307	0.4569186866283417	-0.19896914064884186	-0.008373305201530457	0.05090131610631943	0.19217544794082642	0.20206588506698608	-0.07857594639062881	-0.0754610151052475	0.3665718734264374	0.18731507658958435	0.03663532808423042	0.020907169207930565	-0.1788119524717331	0.28176355361938477	-0.026834575459361076	0.17932015657424927	-0.004162783268839121	-0.07550135254859924	0.06447245925664902	-0.08064716309309006	-0.1789827197790146	0.10225459188222885	0.4010906517505646	0.2215338796377182	0.14467041194438934	0.17124798893928528	0.08398094773292542	-0.01416989229619503
THA-DP-rh	0.08706337958574295	-0.04333137348294258	0.1301122009754181	0.20939496159553528	-0.05488922446966171	0.4352908730506897	0.11875937134027481	-0.03846791386604309	0.18111582100391388	0.20963439345359802	-0.1257897913455963	0.16585619747638702	0.5514137148857117	0.5618258118629456	-0.35211867094039917	-0.029215672984719276	-0.09161738306283951	-0.1527232974767685	-0.10904514789581299	-0.15052491426467896	1.0	-0.289546936750412	-0.39022669196128845	0.009438950568437576	0.2934923768043518	-0.17020516097545624	-0.14086344838142395	0.06640993803739548	0.1328989714384079	0.040159691125154495	-0.10024390369653702	0.3481147587299347	0.21568071842193604	0.26088470220565796	0.09590663760900497	0.15376247465610504	0.19094091653823853	0.10735877603292465	0.1690799444913864	-0.1859234869480133	-0.046962920576334	-0.06192830577492714	-0.3215436339378357	0.09358802437782288	-0.011115786619484425	0.27599483728408813	-0.36444130539894104	-0.19956576824188232	0.039712246507406235	-0.08768948167562485
NAc-shell-rh	0.4666820168495178	0.5273492336273193	0.1385054737329483	0.17969444394111633	-0.26699215173721313	0.012544983066618443	0.2533949017524719	0.23342591524124146	0.041416846215724945	0.44690588116645813	0.33309462666511536	0.3543548285961151	-0.2384442836046219	-0.3995248079299927	0.6340145468711853	0.3924534022808075	0.31362396478652954	0.1511320024728775	-0.03398595005273819	0.4778347611427307	-0.289546936750412	1.0	0.7135019302368164	-0.39891788363456726	-0.25291457772254944	-0.06526408344507217	-0.11444345116615295	0.032558172941207886	-0.3523508608341217	-0.049810536205768585	0.23990985751152039	0.15197691321372986	0.2580079138278961	0.2364562451839447	-0.09868710488080978	0.05309511348605156	0.07464897632598877	0.21303412318229675	0.19580696523189545	0.30321580171585083	0.4822368323802948	0.4866842031478882	0.39007365703582764	-0.3003191351890564	0.10549566894769669	0.19468531012535095	0.13146820664405823	0.6734873652458191	0.27588388323783875	-0.058405086398124695
NAc-core-rh	0.28319162130355835	0.2756727933883667	0.20433440804481506	-0.0014463135739788413	-0.20174072682857513	-0.009361188858747482	0.3003230392932892	0.4349539577960968	0.3024507462978363	0.33621910214424133	0.4101470708847046	0.2571024000644684	-0.20288333296775818	-0.2271784245967865	0.5485513210296631	0.31840193271636963	0.36778777837753296	0.29719823598861694	0.008319292217493057	0.4569186866283417	-0.39022669196128845	0.7135019302368164	1.0	-0.10437998920679092	-0.17762021720409393	0.20887231826782227	-0.17965032160282135	0.05109493434429169	-0.33618733286857605	-0.060492485761642456	0.16657906770706177	0.014657607302069664	0.19971169531345367	-0.043297287076711655	0.05386672168970108	0.1835385411977768	-0.025152336806058884	0.25433841347694397	0.06369760632514954	0.37382906675338745	0.4108337163925171	0.28421467542648315	0.21823428571224213	-0.2655409574508667	-0.02635180577635765	-0.011017371900379658	0.208487868309021	0.47304704785346985	-0.07001736015081406	-0.016912776976823807
pGP-rh	-0.56158047914505	-0.4258849024772644	-0.0337505079805851	-0.10066015273332596	0.0958213210105896	0.08306191861629486	-0.215016171336174	0.10815691202878952	0.11169886589050293	-0.30028778314590454	-0.23161716759204865	-0.27688080072402954	0.12094210088253021	-0.03873489424586296	-0.47753360867500305	-0.4749661684036255	-0.31907597184181213	-0.05785082280635834	0.14025825262069702	-0.19896914064884186	0.009438950568437576	-0.39891788363456726	-0.10437998920679092	1.0	0.19529320299625397	0.09475243091583252	0.12607817351818085	-0.082966148853302	0.08417703956365585	-0.010740336962044239	-0.21021369099617004	-0.19091902673244476	-0.3192295432090759	-0.1153482124209404	-0.08888359367847443	0.023514408618211746	-0.3128192722797394	0.06791574507951736	-0.44040191173553467	-0.33625900745391846	-0.19392865896224976	-0.2516174614429474	-0.22374914586544037	0.06807824969291687	0.00010535176988923922	-0.04476078227162361	-0.06733369827270508	-0.42559218406677246	-0.32493022084236145	-0.1283939927816391
aGP-rh	-0.003176924306899309	-0.2485400140285492	-0.38406461477279663	-0.20037078857421875	0.12796060740947723	0.46701526641845703	0.02645791508257389	0.039489444345235825	-0.07106618583202362	0.06309176236391068	-0.45738473534584045	-0.16128882765769958	0.4181322157382965	0.4904728829860687	-0.4224779009819031	-0.239183247089386	-0.1394231915473938	-0.09577323496341705	0.3193325698375702	-0.008373305201530457	0.2934923768043518	-0.25291457772254944	-0.17762021720409393	0.19529320299625397	1.0	-0.09579737484455109	0.03834062069654465	-0.41159558296203613	-0.033030007034540176	0.0588548369705677	-0.3860117793083191	0.022467391565442085	-0.17248913645744324	0.07541980594396591	-0.21568405628204346	0.12249511480331421	0.06161452829837799	-0.07539167255163193	-0.16857218742370605	-0.08655737340450287	-0.03454309329390526	-0.11985287815332413	-0.2515358030796051	0.2826865315437317	-0.1895679086446762	0.22735664248466492	-0.15405888855457306	-0.18882524967193604	-0.41368770599365234	0.4799180328845978
HIP-head-m-lh	0.13459809124469757	0.033734872937202454	0.1365559846162796	-0.2966289818286896	-0.09519590437412262	0.10111913830041885	0.14869588613510132	0.054181016981601715	0.28542107343673706	-0.05926628038287163	-0.011265253648161888	0.11689520627260208	0.10345800220966339	0.09747438877820969	0.12427136301994324	0.28906217217445374	0.37442323565483093	0.23269343376159668	0.07275684177875519	0.05090131610631943	-0.17020516097545624	-0.06526408344507217	0.20887231826782227	0.09475243091583252	-0.09579737484455109	1.0	0.29369452595710754	0.15850457549095154	-0.11377763748168945	-0.14286215603351593	-0.199837788939476	0.09053651243448257	-0.021379021927714348	-0.13010725378990173	-0.044626351445913315	-0.13789096474647522	-0.19246132671833038	0.2091096192598343	-0.330808162689209	0.3594042956829071	0.10431159287691116	0.05990109220147133	-0.0002115275274263695	0.14451296627521515	0.054505202919244766	-0.18989118933677673	0.14252163469791412	0.0634227991104126	-0.04919255152344704	-0.04184916242957115
HIP-head-l-l	-0.011438844725489616	0.023997440934181213	0.048191674053668976	0.28256505727767944	0.24255025386810303	0.08085071295499802	-0.0008191537344828248	-0.4719681739807129	-0.39513903856277466	-0.2669692933559418	-0.1511862426996231	-0.19329193234443665	-0.01636776141822338	-0.023293951526284218	-0.24367591738700867	-0.1565348505973816	-0.4295767545700073	-0.39410102367401123	0.41622281074523926	0.19217544794082642	-0.14086344838142395	-0.11444345116615295	-0.17965032160282135	0.12607817351818085	0.03834062069654465	0.29369452595710754	1.0	0.2901671230792999	0.2621122896671295	0.11424588412046432	0.04363054782152176	0.02870914340019226	-0.3509023189544678	-0.03455611318349838	-0.26358041167259216	-0.0196999404579401	-0.18883095681667328	-0.016146713867783546	-0.33163565397262573	-0.19796167314052582	-0.19762730598449707	-0.3608314096927643	-0.4522179663181305	0.36544764041900635	0.20883120596408844	0.2587853670120239	0.30552181601524353	-0.1191992536187172	0.1444554477930069	0.07154785841703415
HIP-body-l	-0.10587981343269348	0.11303741484880447	0.6258921027183533	0.5733407139778137	-0.20979775488376617	-0.06153075397014618	-0.24682453274726868	-0.15592189133167267	0.10908206552267075	0.1342248171567917	0.19985516369342804	-0.007559598423540592	0.09015834331512451	-0.09053066372871399	-0.07041431218385696	0.026501497253775597	-0.31206080317497253	-0.07067327946424484	-0.03846493735909462	0.20206588506698608	0.06640993803739548	0.032558172941207886	0.05109493434429169	-0.082966148853302	-0.41159558296203613	0.15850457549095154	0.2901671230792999	1.0	0.6373387575149536	0.03567633405327797	0.20663982629776	-0.3154769539833069	-0.22025732696056366	-0.2684822082519531	0.02837080880999565	-0.2946944832801819	-0.12856197357177734	0.0822373777627945	-0.09483251720666885	-0.24000152945518494	-0.11669253557920456	-0.2156483232975006	-0.2769840955734253	0.05387057736515999	0.2747679054737091	-0.031738363206386566	-0.1553167700767517	-0.17628273367881775	0.2606299817562103	-0.34691792726516724
HIP-tail-lh	-0.44818785786628723	-0.18889786303043365	0.3688565790653229	0.5063027739524841	-0.14537230134010315	0.028759749606251717	-0.3813753128051758	-0.2884746491909027	-0.037474095821380615	0.02110200747847557	-0.28464385867118835	-0.471923291683197	0.06451039761304855	0.08048555999994278	-0.4678348898887634	-0.3708551228046417	-0.4691247045993805	-0.33412906527519226	0.1554795205593109	-0.07857594639062881	0.1328989714384079	-0.3523508608341217	-0.33618733286857605	0.08417703956365585	-0.033030007034540176	-0.11377763748168945	0.2621122896671295	0.6373387575149536	1.0	0.16287153959274292	0.06904549896717072	-0.35652777552604675	-0.1511261910200119	-0.20163099467754364	0.059943780303001404	-0.4102630615234375	-0.1536632478237152	0.13797293603420258	-0.10592538118362427	-0.4423034191131592	-0.4454774260520935	-0.403528094291687	-0.26529157161712646	0.2913350462913513	0.09274177253246307	-0.06353732198476791	-0.3373761773109436	-0.3558763265609741	0.05953184887766838	-0.03955570235848427
THA-VPm-lh	-0.06460031121969223	-0.009453069418668747	0.008417373523116112	0.17090655863285065	0.4125167429447174	-0.3443164825439453	0.20339787006378174	-0.27191871404647827	-0.06620442122220993	-0.36319443583488464	-0.2564926743507385	-0.15638910233974457	-0.2698419392108917	-0.0799570083618164	-0.12234096974134445	-0.42639005184173584	-0.35308852791786194	-0.3189416825771332	0.2406143993139267	-0.0754610151052475	0.040159691125154495	-0.049810536205768585	-0.060492485761642456	-0.010740336962044239	0.0588548369705677	-0.14286215603351593	0.11424588412046432	0.03567633405327797	0.16287153959274292	1.0	0.5037044882774353	0.07637665420770645	-0.014283581636846066	0.35100483894348145	-0.038960203528404236	0.005630744621157646	-0.15037645399570465	0.07725227624177933	0.055225446820259094	-0.2897927463054657	-0.3616712987422943	-0.33839234709739685	-0.3739526867866516	0.037681348621845245	-0.13061760365962982	0.6102933287620544	-0.05363450199365616	-0.3068300485610962	0.10392119735479355	0.16965480148792267
THA-VPl-lh	-0.09720077365636826	-0.040551356971263885	0.19516794383525848	0.3312644958496094	0.19921830296516418	-0.3406180143356323	0.33851879835128784	0.008875517174601555	-0.21255670487880707	0.09437523782253265	0.2955467700958252	0.04593002796173096	-0.48131370544433594	-0.2271115928888321	0.16793659329414368	-0.09534991532564163	-0.2785474956035614	-0.32770487666130066	0.22561024129390717	0.3665718734264374	-0.10024390369653702	0.23990985751152039	0.16657906770706177	-0.21021369099617004	-0.3860117793083191	-0.199837788939476	0.04363054782152176	0.20663982629776	0.06904549896717072	0.5037044882774353	1.0	0.22286777198314667	0.28741520643234253	0.36637967824935913	0.18259486556053162	0.3256414532661438	0.12695330381393433	0.13532540202140808	0.35249361395835876	-0.24901553988456726	-0.2704876959323883	-0.22834865748882294	-0.22110410034656525	0.05223854258656502	0.2282627373933792	0.35676297545433044	0.09518437087535858	0.052293531596660614	0.2501092255115509	-0.33560478687286377
THA-VAi-lh	0.42533615231513977	0.42904457449913025	-0.05204319581389427	-0.024430951103568077	0.29093506932258606	0.2209443300962448	0.7338601350784302	0.1670757234096527	-0.00021686156105715781	0.06298265606164932	0.2311418056488037	0.486828088760376	0.02216666378080845	0.27040258049964905	0.3214748799800873	0.3008938133716583	0.2620634138584137	-0.16066479682922363	0.20788000524044037	0.18731507658958435	0.3481147587299347	0.15197691321372986	0.014657607302069664	-0.19091902673244476	0.022467391565442085	0.09053651243448257	0.02870914340019226	-0.3154769539833069	-0.35652777552604675	0.07637665420770645	0.22286777198314667	1.0	0.6318352222442627	0.7979515194892883	0.24687212705612183	0.4578409492969513	0.24617180228233337	0.3037753701210022	0.19594509899616241	0.21556305885314941	0.03077222779393196	0.26833996176719666	0.013177827931940556	0.34018784761428833	0.2041490077972412	0.5043029189109802	0.11433714628219604	0.2670450210571289	0.1306624412536621	-0.14327064156532288
THA-VAs-lh	0.3430817425251007	0.31459084153175354	0.2024935781955719	-0.00800198782235384	-0.11630811542272568	0.11630278825759888	0.5536614060401917	0.398433119058609	0.13204652070999146	0.4505930542945862	0.31034570932388306	0.27256906032562256	-0.08877928555011749	0.08482445776462555	0.36324542760849	0.30360424518585205	0.47676244378089905	0.10040989518165588	-0.0017506161238998175	0.03663532808423042	0.21568071842193604	0.2580079138278961	0.19971169531345367	-0.3192295432090759	-0.17248913645744324	-0.021379021927714348	-0.3509023189544678	-0.22025732696056366	-0.1511261910200119	-0.014283581636846066	0.28741520643234253	0.6318352222442627	1.0	0.6069080233573914	0.5622982382774353	0.28173452615737915	0.4326159358024597	0.4519256055355072	0.4982154965400696	0.24243594706058502	0.00021216746245045215	0.4043521583080292	0.3296775817871094	-0.02955951914191246	0.106733538210392	0.032088883221149445	-0.12649165093898773	0.4465300440788269	-0.01834203489124775	-0.26731109619140625
THA-DAm-lh	0.23826532065868378	0.38070470094680786	-0.07861340045928955	0.04849108308553696	0.315083771944046	0.16883668303489685	0.5941294431686401	0.23411260545253754	0.006273607723414898	0.1527228057384491	0.15651847422122955	0.430990993976593	-0.04721484333276749	0.12105909734964371	0.2550812065601349	0.14821958541870117	0.07152228057384491	-0.1880175918340683	0.23649701476097107	0.020907169207930565	0.26088470220565796	0.2364562451839447	-0.043297287076711655	-0.1153482124209404	0.07541980594396591	-0.13010725378990173	-0.03455611318349838	-0.2684822082519531	-0.20163099467754364	0.35100483894348145	0.36637967824935913	0.7979515194892883	0.6069080233573914	1.0	0.2509447932243347	0.29238346219062805	0.2983691692352295	0.3256528079509735	0.2510666847229004	0.06430049985647202	-0.03451322391629219	0.2982740104198456	0.020046159625053406	0.24821259081363678	0.13210529088974	0.6006700992584229	-0.007818646728992462	0.24026812613010406	0.11605104804039001	-0.17815709114074707
THA-DAl-lh	-0.08776780217885971	0.09116054326295853	0.23579932749271393	-0.04673265293240547	0.12012782692909241	0.026273980736732483	0.25160935521125793	0.31195831298828125	0.09203817695379257	0.26633933186531067	0.3709314167499542	0.12307164818048477	-0.13937833905220032	-0.017597248777747154	0.15040354430675507	0.11142344027757645	0.20231476426124573	0.14366692304611206	0.09659779071807861	-0.1788119524717331	0.09590663760900497	-0.09868710488080978	0.05386672168970108	-0.08888359367847443	-0.21568405628204346	-0.044626351445913315	-0.26358041167259216	0.02837080880999565	0.059943780303001404	-0.038960203528404236	0.18259486556053162	0.24687212705612183	0.5622982382774353	0.2509447932243347	1.0	0.1399870365858078	0.24116510152816772	-0.0651816725730896	0.26362866163253784	0.0830041840672493	-0.18646660447120667	0.17399360239505768	0.2701150178909302	0.2538321018218994	0.10517295449972153	-0.16098825633525848	0.07223040610551834	0.11155159026384354	0.0626044049859047	-0.3599780201911926
PUT-VA-lh	0.211099773645401	-0.08850767463445663	-0.19702838361263275	0.03563207387924194	0.3861057758331299	-0.026858964934945107	0.4397643804550171	0.30854666233062744	-0.23276448249816895	0.14436301589012146	0.49504783749580383	0.3839277923107147	0.051156219094991684	0.28635454177856445	0.07618213444948196	0.044205017387866974	-0.12465771287679672	0.0175781212747097	0.02980133704841137	0.28176355361938477	0.15376247465610504	0.05309511348605156	0.1835385411977768	0.023514408618211746	0.12249511480331421	-0.13789096474647522	-0.0196999404579401	-0.2946944832801819	-0.4102630615234375	0.005630744621157646	0.3256414532661438	0.4578409492969513	0.28173452615737915	0.29238346219062805	0.1399870365858078	1.0	0.5261666178703308	0.012516357004642487	0.41748476028442383	-0.040852054953575134	-0.09194713085889816	0.018887216225266457	-0.17242634296417236	-0.034529849886894226	0.27339738607406616	0.19846069812774658	0.21675865352153778	0.09136351197957993	-0.15444213151931763	-0.23011770844459534
PUT-DA-l	0.2914888858795166	0.055953629314899445	-0.1519836187362671	-0.015638122335076332	0.03743790462613106	0.03271826356649399	0.25251591205596924	0.3898763656616211	-0.19083023071289062	0.43845438957214355	0.5487372279167175	0.49283653497695923	0.26307713985443115	0.3714371621608734	0.141757994890213	0.2714543342590332	0.007338772527873516	0.2532757818698883	-0.29089489579200745	-0.026834575459361076	0.19094091653823853	0.07464897632598877	-0.025152336806058884	-0.3128192722797394	0.06161452829837799	-0.19246132671833038	-0.18883095681667328	-0.12856197357177734	-0.1536632478237152	-0.15037645399570465	0.12695330381393433	0.24617180228233337	0.4326159358024597	0.2983691692352295	0.24116510152816772	0.5261666178703308	1.0	0.15004578232765198	0.7917465567588806	0.11351071298122406	-0.0176808163523674	0.2964083254337311	0.07413556426763535	-0.15799206495285034	0.34069564938545227	-0.09145353734493256	-0.10655095428228378	0.1470644772052765	-0.018309660255908966	-0.31168803572654724
PUT-VP-lh	0.1450859159231186	0.2961888909339905	0.2821359932422638	0.3065812587738037	-0.29064807295799255	0.021803084760904312	0.22733747959136963	0.21841555833816528	0.03911715745925903	0.2359851747751236	-0.03108333982527256	0.043870650231838226	0.012614191509783268	0.09344524890184402	-0.03498391807079315	-0.14168541133403778	0.01755647547543049	-0.22800253331661224	-0.004100879188627005	0.17932015657424927	0.10735877603292465	0.21303412318229675	0.25433841347694397	0.06791574507951736	-0.07539167255163193	0.2091096192598343	-0.016146713867783546	0.0822373777627945	0.13797293603420258	0.07725227624177933	0.13532540202140808	0.3037753701210022	0.4519256055355072	0.3256528079509735	-0.0651816725730896	0.012516357004642487	0.15004578232765198	1.0	0.1546807736158371	-0.21411430835723877	-0.2514970898628235	-0.11946745216846466	-0.15356707572937012	-0.07182822376489639	0.296822190284729	0.2102184146642685	-0.28725409507751465	0.003948393277823925	-0.13476601243019104	-0.22551213204860687
PUT-DP-lh	0.15976576507091522	0.010665953159332275	-0.0060034641064703465	0.08483507484197617	-0.09324943274259567	-0.22475841641426086	0.17690017819404602	0.2289644181728363	-0.21807736158370972	0.378907173871994	0.5025286078453064	0.3611350953578949	-0.018088338896632195	0.17640888690948486	0.2187766283750534	0.17990738153457642	0.08418924361467361	0.20413969457149506	-0.3506681025028229	-0.004162783268839121	0.1690799444913864	0.19580696523189545	0.06369760632514954	-0.44040191173553467	-0.16857218742370605	-0.330808162689209	-0.33163565397262573	-0.09483251720666885	-0.10592538118362427	0.055225446820259094	0.35249361395835876	0.19594509899616241	0.4982154965400696	0.2510666847229004	0.26362866163253784	0.41748476028442383	0.7917465567588806	0.1546807736158371	1.0	0.1167973130941391	-0.022522293031215668	0.2476605772972107	0.14912928640842438	-0.24537746608257294	0.3280951976776123	-0.014594963751733303	-0.08410215377807617	0.16441640257835388	0.267040491104126	-0.176115021109581
