Node	DMN_LABEL_1	Vis_LABEL_2	FP_LABEL_3	Aud_LABEL_4	Tpole_LABEL_5	PMN_LABEL_6	PON_LABEL_7	MTL_LABEL_8	PON_LABEL_9	CO_LABEL_10	Sal_LABEL_11	CO_LABEL_12	SMd_LABEL_13	SMl_LABEL_14	DAN_LABEL_15	DMN_LABEL_16	CO_LABEL_17	DMN_LABEL_18	VAN_LABEL_19	CO_LABEL_20	CO_LABEL_21	Sal_LABEL_22	DAN_LABEL_23	PMN_LABEL_24	DAN_LABEL_25	DMN_LABEL_26	DMN_LABEL_27	DMN_LABEL_28	Vis_LABEL_29	FP_LABEL_30	Aud_LABEL_31	Tpole_LABEL_32	PMN_LABEL_33	PON_LABEL_34	MTL_LABEL_35	CO_LABEL_36	Sal_LABEL_37	CO_LABEL_38	SMd_LABEL_39	SMl_LABEL_40	DAN_LABEL_41	CO_LABEL_42	VAN_LABEL_43	CO_LABEL_44	CO_LABEL_45	Sal_LABEL_46	DAN_LABEL_47	PMN_LABEL_48	DAN_LABEL_49	DMN_LABEL_50	FP_LABEL_51	DMN_LABEL_52	DMN_LABEL_53	PON_LABEL_54	DMN_LABEL_55	Tpole_LABEL_56	Tpole_LABEL_57	Sal_LABEL_58	Sal_LABEL_59	SMd_LABEL_60	DAN_LABEL_61	FP_LABEL_62	DMN_LABEL_63	FP_LABEL_64	FP_LABEL_65	SMd_LABEL_66	SMl_LABEL_67	SMd_LABEL_68	DMN_LABEL_69	DAN_LABEL_70	DMN_LABEL_71	FP_LABEL_72	SMd_LABEL_73	SMl_LABEL_74	MTL_LABEL_75	MTL_LABEL_76	CO_LABEL_77	CO_LABEL_78	Vis_LABEL_79	Vis_LABEL_80
DMN_LABEL_1	1.0	-0.21921557188034058	-0.45779213309288025	-0.01910349912941456	0.14597855508327484	0.22210735082626343	0.3051708936691284	n/a	0.032895278185606	-0.4666057527065277	0.26920950412750244	-0.1883883774280548	0.002673075068742037	0.1435120850801468	-0.5708995461463928	0.5460415482521057	-0.25374096632003784	0.4965031147003174	0.061019863933324814	-0.2478727102279663	-0.5664597153663635	-0.17304658889770508	-0.6115348935127258	0.09109610319137573	-0.6495206356048584	0.7882786989212036	0.49035024642944336	0.44917774200439453	-0.16298635303974152	-0.21050433814525604	0.06363950669765472	0.17487767338752747	-0.03689897060394287	0.2557847797870636	n/a	-0.5976384282112122	0.3336578905582428	-0.27604058384895325	-0.03186386823654175	0.17226752638816833	-0.5209974050521851	-0.22932006418704987	-0.002387381624430418	-0.3215574026107788	-0.5059471130371094	0.03811534866690636	-0.4777936339378357	0.02864629589021206	-0.4656050503253937	0.5527693629264832	-0.473966509103775	0.5591725707054138	0.4809786081314087	0.20396173000335693	0.4851008653640747	-0.1980849951505661	0.07920230180025101	-0.010970519855618477	0.023460503667593002	-0.1452919840812683	-0.5009040236473083	-0.337191641330719	0.22744013369083405	-0.2109055370092392	0.05963023379445076	-0.16250328719615936	0.0002620174491312355	-0.05774661526083946	0.3508952260017395	-0.343343585729599	0.42873722314834595	-0.14370214939117432	-0.27130627632141113	0.12952250242233276	-0.009568863548338413	0.2271874099969864	-0.27453896403312683	-0.18859297037124634	-0.19535669684410095	-0.2244998812675476
Vis_LABEL_2	-0.21921557188034058	1.0	-0.2991977632045746	-0.22200219333171844	-0.2406221181154251	0.020176131278276443	0.33978861570358276	n/a	-0.14951978623867035	0.04859326779842377	-0.1861930787563324	-0.05945683643221855	0.07094961404800415	-0.3097905218601227	-0.09325646609067917	-0.2719729542732239	-0.0563143715262413	-0.43741610646247864	-0.1383267492055893	0.1237117350101471	0.07780706137418747	0.15026380121707916	0.14053750038146973	0.2341362088918686	0.08907950669527054	-0.3125206530094147	-0.42761194705963135	-0.22151009738445282	0.9238088130950928	-0.024476803839206696	-0.3240322172641754	-0.05639629065990448	0.22066064178943634	0.3166482150554657	n/a	0.3290241062641144	-0.18708840012550354	0.11765279620885849	-0.1620314121246338	-0.3198152780532837	0.2359425574541092	0.04546384513378143	0.0540473647415638	-0.065104179084301	0.08808059245347977	0.23686964809894562	0.09605048596858978	0.19404783844947815	0.08105889707803726	-0.0780283659696579	0.15345200896263123	-0.22357524931430817	-0.3293004631996155	-0.10730592906475067	-0.3974432647228241	-0.2589864134788513	-0.3917233645915985	-0.24203698337078094	-0.06962907314300537	-0.30688491463661194	0.03229916840791702	-0.20363900065422058	0.021224521100521088	-0.046232592314481735	-0.27778974175453186	-0.16158658266067505	-0.3363346457481384	-0.06458085030317307	-0.38638368248939514	0.032256171107292175	-0.2717404365539551	-0.29010263085365295	-0.06832119822502136	-0.2086164951324463	-0.07549982517957687	-0.1515878438949585	-0.16337235271930695	-0.07086566835641861	0.310578316450119	0.3987155258655548
FP_LABEL_3	-0.45779213309288025	-0.2991977632045746	1.0	-0.31933289766311646	0.17782513797283173	0.2641390860080719	-0.10797705501317978	n/a	0.17063240706920624	-0.02706315368413925	0.1488429456949234	-0.20624572038650513	-0.4986230731010437	-0.2706865966320038	0.5285828113555908	-0.03195327892899513	-0.3605521619319916	-0.037045206874608994	-0.06312384456396103	-0.094875268638134	-0.038994334638118744	0.3066060245037079	0.29857367277145386	0.16154363751411438	0.2045598179101944	-0.3037321865558624	0.15547975897789001	0.07803013920783997	-0.2115122228860855	0.7595586776733398	-0.21656060218811035	0.06517604738473892	0.1083332747220993	-0.025581443682312965	n/a	0.03436678275465965	0.21880728006362915	-0.28586670756340027	-0.4173682630062103	-0.3102140724658966	0.10893532633781433	-0.3435909152030945	-0.1821870356798172	-0.09905131161212921	0.03634165972471237	0.29003167152404785	0.02435907907783985	0.1995769441127777	0.20451252162456512	-0.3589823246002197	0.25399163365364075	-0.08080883324146271	-0.18214870989322662	-0.020662231370806694	0.10588715970516205	0.4383745491504669	0.28364798426628113	0.26369521021842957	-0.028741614893078804	-0.08385337144136429	0.15052449703216553	0.7106621265411377	0.03575292229652405	0.47180360555648804	-0.12711700797080994	0.0870259553194046	0.01736854948103428	-0.07394196093082428	-0.018546244129538536	0.1450473517179489	0.1683795154094696	0.6301054358482361	0.08577074855566025	-0.006341664120554924	0.31104961037635803	-0.009679291397333145	0.3142060339450836	0.02195162884891033	0.2703711688518524	0.11080119013786316
Aud_LABEL_4	-0.01910349912941456	-0.22200219333171844	-0.31933289766311646	1.0	-0.2192220836877823	-0.11858987808227539	-0.23908762633800507	n/a	-0.26891541481018066	0.36588841676712036	0.11389563977718353	0.4017045795917511	0.3831403851509094	0.28677910566329956	-0.21797388792037964	-0.18404878675937653	0.4707300364971161	-0.07441360503435135	0.1464824676513672	0.035027969628572464	0.28965312242507935	-0.038606178015470505	-0.08731602132320404	-0.1128934919834137	-0.10008592158555984	0.021019425243139267	-0.08119374513626099	-0.17286475002765656	-0.3241512179374695	-0.4160000681877136	0.8751005530357361	-0.09419093281030655	0.014414476230740547	-0.31696125864982605	n/a	0.1457921266555786	-0.07377352565526962	0.26324841380119324	0.5241124033927917	0.3566267788410187	-0.032754603773355484	0.37949639558792114	0.06665506213903427	0.1877034604549408	0.3229174017906189	-0.31486302614212036	0.07355709373950958	-0.14606943726539612	-0.08593026548624039	-0.2106488198041916	-0.13873885571956635	-0.03035026602447033	-0.18818829953670502	-0.3312194347381592	-0.09982617944478989	-0.15843838453292847	-0.07050871849060059	0.05745358765125275	0.06466980278491974	0.28573933243751526	-0.05787154287099838	-0.2633509039878845	-0.2787403166294098	-0.2662701904773712	0.11263909190893173	0.037418872117996216	0.23801852762699127	0.27982205152511597	0.033783260732889175	-0.02088697999715805	-0.1278722584247589	-0.09258938580751419	-0.17489589750766754	-0.37091994285583496	-0.12446843832731247	0.06201935559511185	-0.07014241814613342	0.10359027981758118	-0.377763032913208	-0.19050440192222595
Tpole_LABEL_5	0.14597855508327484	-0.2406221181154251	0.17782513797283173	-0.2192220836877823	1.0	-0.03291674330830574	0.024090906605124474	n/a	0.14416860044002533	0.13614565134048462	0.09973491728305817	-0.171270489692688	-0.13741600513458252	0.065080426633358	0.1854955106973648	0.2733021080493927	-0.11796872317790985	0.37726321816444397	0.3291207253932953	0.03611714020371437	0.0206720270216465	0.04726238548755646	0.11977990716695786	-0.24313415586948395	-0.0009525076020509005	0.27814579010009766	0.1741160750389099	0.18477192521095276	-0.28353577852249146	0.03540473058819771	-0.1563139110803604	0.5135133266448975	-0.2686379551887512	-0.03915265575051308	n/a	-0.04008336365222931	0.020518355071544647	-0.13850905001163483	-0.30130231380462646	0.0036779213696718216	-0.09610562771558762	-0.19766834378242493	0.03428511321544647	-0.08232317119836807	0.015610769391059875	-0.054874829947948456	-0.057377059012651443	-0.22128885984420776	0.1468016654253006	0.05465082824230194	0.25513285398483276	0.0015956034185364842	0.22039131820201874	0.2274346798658371	-0.02484874241054058	0.08262261748313904	0.24751822650432587	-0.1138722226023674	-0.10156319290399551	-0.14040637016296387	-0.040299706161022186	0.12898196280002594	0.014046906493604183	0.08654586970806122	-0.04594980180263519	0.13029716908931732	0.1073533371090889	0.015220577828586102	0.16608890891075134	0.14226344227790833	0.13208936154842377	0.08171184360980988	0.04983602464199066	0.19270531833171844	0.11020812392234802	0.17873837053775787	-0.05348507687449455	-0.08048118650913239	0.0768246203660965	0.07182669639587402
PMN_LABEL_6	0.22210735082626343	0.020176131278276443	0.2641390860080719	-0.11858987808227539	-0.03291674330830574	1.0	0.3249736726284027	n/a	0.15171438455581665	-0.18102742731571198	0.5044307112693787	-0.2039656937122345	-0.39549851417541504	-0.47909271717071533	-0.09697125107049942	-0.09183701872825623	-0.5017984509468079	-0.21100349724292755	-0.3217649757862091	-0.3011895418167114	-0.45110687613487244	0.4697032868862152	-0.12104014307260513	0.8265531063079834	-0.32691529393196106	0.015480546280741692	0.2174708992242813	0.05239246413111687	0.21325643360614777	0.4570586681365967	-0.024312220513820648	0.19628366827964783	0.7354637980461121	0.45617154240608215	n/a	-0.054674725979566574	0.503289520740509	-0.3339937627315521	-0.3341095447540283	-0.4156833291053772	-0.22076478600502014	-0.30106785893440247	-0.3125780522823334	-0.3255094289779663	-0.32089245319366455	0.5339478254318237	-0.23164650797843933	0.7441017627716064	-0.28201043605804443	-0.2733610272407532	-0.21673278510570526	0.24497584998607635	-0.3692399859428406	-0.08668605983257294	0.1880369484424591	0.25066787004470825	0.02236497774720192	0.3254219889640808	0.1972639560699463	-0.27423545718193054	-0.24928534030914307	0.3223583400249481	0.22191153466701508	0.358794242143631	-0.028034528717398643	0.024492502212524414	-0.21238744258880615	-0.040230248123407364	0.039281997829675674	-0.08850886672735214	0.5143155455589294	0.3319229781627655	-0.17889586091041565	-0.01064076367765665	0.3772115707397461	0.2699705958366394	-0.03592931479215622	0.16812598705291748	0.043049875646829605	-0.06149943917989731
PON_LABEL_7	0.3051708936691284	0.33978861570358276	-0.10797705501317978	-0.23908762633800507	0.024090906605124474	0.3249736726284027	1.0	n/a	0.3681073784828186	-0.16415740549564362	0.44870221614837646	0.033705513924360275	0.0013765387702733278	-0.17146600782871246	-0.5898987650871277	0.0591544471681118	-0.26381373405456543	0.003876477014273405	-0.20971062779426575	-0.20312345027923584	-0.33916276693344116	0.40273624658584595	-0.3706238567829132	0.34786257147789	-0.4684433937072754	0.2589226961135864	0.15248268842697144	0.09501376748085022	0.4111042320728302	0.12007451802492142	-0.20793762803077698	0.011949954554438591	0.20233844220638275	0.8507946133613586	n/a	-0.15411804616451263	0.454267680644989	0.007084771990776062	-0.3741694986820221	-0.10297270119190216	-0.5333924889564514	-0.22551633417606354	-0.2669602036476135	-0.28157466650009155	-0.3495142161846161	0.3497459292411804	-0.4864663779735565	0.23549705743789673	-0.47507473826408386	0.009556799195706844	-0.3461814522743225	0.2007560133934021	-0.08884811401367188	0.5390799641609192	0.12312178313732147	-0.11380946636199951	-0.3198578655719757	0.06664625555276871	-0.2626025080680847	-0.3243466913700104	-0.3420017659664154	-0.0905274748802185	-0.07933361083269119	-0.1423659771680832	-0.1364566832780838	-0.22499600052833557	-0.1962965875864029	0.19787193834781647	-0.10790329426527023	-0.0927496999502182	0.08834461867809296	-0.09164459258317947	-0.1682616025209427	0.11445567011833191	0.0822591632604599	0.34893515706062317	-0.29343506693840027	-0.26352784037590027	0.12346046417951584	0.19244110584259033
MTL_LABEL_8	n/a	n/a	n/a	n/a	n/a	n/a	n/a	1.0	n/a	n/a	n/a	n/a	n/a	n/a	n/a	n/a	n/a	n/a	n/a	n/a	n/a	n/a	n/a	n/a	n/a	n/a	n/a	n/a	n/a	n/a	n/a	n/a	n/a	n/a	n/a	n/a	n/a	n/a	n/a	n/a	n/a	n/a	n/a	n/a	n/a	n/a	n/a	n/a	n/a	n/a	n/a	n/a	n/a	n/a	n/a	n/a	n/a	n/a	n/a	n/a	n/a	n/a	n/a	n/a	n/a	n/a	n/a	n/a	n/a	n/a	n/a	n/a	n/a	n/a	n/a	n/a	n/a	n/a	n/a	n/a
PON_LABEL_9	0.032895278185606	-0.14951978623867035	0.17063240706920624	-0.26891541481018066	0.14416860044002533	0.15171438455581665	0.3681073784828186	n/a	1.0	0.0748588889837265	0.32521894574165344	-0.003732057521119714	-0.15154986083507538	-0.14433391392230988	-0.2241511046886444	-0.17970655858516693	-0.037948887795209885	-0.07404958456754684	-0.3203909695148468	0.08318723738193512	-0.19432565569877625	0.3659953474998474	-0.031215719878673553	0.08006060123443604	-0.09835706651210785	0.11949703842401505	0.09034591913223267	-0.07947757095098495	-0.07423445582389832	0.043391745537519455	-0.2684776484966278	-0.13437849283218384	-0.006274736486375332	0.3958274722099304	n/a	-0.09264161437749863	0.21091102063655853	0.06357699632644653	-0.22776614129543304	-0.14181602001190186	-0.39554211497306824	-0.06684721261262894	-0.13662050664424896	0.10223495960235596	-0.23783643543720245	0.25273868441581726	-0.12489335983991623	0.11900866031646729	-0.18911881744861603	-0.062209032475948334	-0.2188328057527542	-0.0654170885682106	-0.07619913667440414	0.5984363555908203	0.06331802159547806	0.12492895126342773	0.07114707678556442	0.2709278464317322	0.0020684401970356703	-0.20652665197849274	0.05630107223987579	0.08669314533472061	0.01749691553413868	0.23859068751335144	0.20206604897975922	0.32096555829048157	-0.1980937272310257	-0.06930822134017944	-0.005331108346581459	0.26768210530281067	0.2184249311685562	0.12453396618366241	0.11247900128364563	0.23413269221782684	0.020098520442843437	0.13268603384494781	0.10164325684309006	0.045905210077762604	0.049316518008708954	-0.09430842846632004
CO_LABEL_10	-0.4666057527065277	0.04859326779842377	-0.02706315368413925	0.36588841676712036	0.13614565134048462	-0.18102742731571198	-0.16415740549564362	n/a	0.0748588889837265	1.0	0.018092406913638115	0.5684767961502075	0.3032724857330322	-0.05437694117426872	0.14689677953720093	-0.5665451288223267	0.5736165642738342	-0.3972585201263428	-0.12453778833150864	0.2886742949485779	0.7245467305183411	0.25361424684524536	0.33203360438346863	-0.06495579332113266	0.3011379539966583	-0.3978499472141266	-0.45405030250549316	-0.5912336111068726	0.004284122493118048	-0.2684381306171417	0.3236655294895172	0.04657571017742157	0.0864526703953743	-0.12477552890777588	n/a	0.6710203289985657	-0.3237145245075226	0.5268917083740234	0.18574175238609314	-0.02948767878115177	0.24328376352787018	0.4881408214569092	0.04641706496477127	0.3526935577392578	0.5464981198310852	-0.07485905289649963	0.3678329586982727	-0.01594243198633194	0.15306144952774048	-0.27423885464668274	0.20230063796043396	-0.5141507387161255	-0.3312092125415802	-0.03432807698845863	-0.4185788035392761	0.006454044487327337	-0.05234659090638161	-0.008587554097175598	0.19745241105556488	0.17698782682418823	0.32718485593795776	-0.07731568813323975	-0.4166695773601532	0.06515616923570633	0.23891869187355042	0.24967247247695923	0.1500483602285385	0.23801234364509583	-0.14148613810539246	0.37495100498199463	-0.432723730802536	-0.07959671318531036	0.3068930208683014	-0.11670300364494324	-0.023657498881220818	-0.1370735466480255	-0.09314688295125961	0.2062520980834961	-0.13024741411209106	-0.041246794164180756
Sal_LABEL_11	0.26920950412750244	-0.1861930787563324	0.1488429456949234	0.11389563977718353	0.09973491728305817	0.5044307112693787	0.44870221614837646	n/a	0.32521894574165344	0.018092406913638115	1.0	0.07316479086875916	-0.3732997477054596	-0.22921402752399445	-0.39397552609443665	0.05439954623579979	-0.24560236930847168	0.13091996312141418	-0.1924731731414795	-0.381974458694458	-0.40256139636039734	0.5038248300552368	-0.38955530524253845	0.33010080456733704	-0.55193692445755	0.39591166377067566	0.5304107069969177	0.20083285868167877	-0.10098671168088913	0.18415199220180511	0.12738142907619476	-0.03263230621814728	0.28066486120224	0.43013980984687805	n/a	-0.21267327666282654	0.7661008238792419	-0.18762975931167603	-0.405418336391449	-0.2744094729423523	-0.5448423624038696	-0.2854160964488983	-0.401418000459671	-0.43529725074768066	-0.46616095304489136	0.38693371415138245	-0.454793244600296	0.20752187073230743	-0.49943283200263977	-0.19333207607269287	-0.3454936444759369	0.39699357748031616	-0.05399416759610176	0.3030219078063965	0.46729201078414917	0.0696154311299324	-0.041007451713085175	0.37062206864356995	-0.052891455590724945	-0.49197983741760254	-0.5811948776245117	0.04338226094841957	0.15985962748527527	0.09927481412887573	-0.12830907106399536	-0.05524396896362305	-0.3617713749408722	-0.06082184985280037	0.02431308664381504	-0.14831075072288513	0.5431376099586487	0.1435103565454483	-0.5195063352584839	-0.12066810578107834	0.4775589108467102	0.369056761264801	-0.3043656647205353	-0.03992674499750137	0.01420985721051693	-0.17799143493175507
CO_LABEL_12	-0.1883883774280548	-0.05945683643221855	-0.20624572038650513	0.4017045795917511	-0.171270489692688	-0.2039656937122345	0.033705513924360275	n/a	-0.003732057521119714	0.5684767961502075	0.07316479086875916	1.0	0.531738817691803	0.3043246269226074	-0.2170354127883911	-0.37396007776260376	0.4512779116630554	-0.3030983805656433	-0.06296656280755997	-0.17113849520683289	0.48789843916893005	0.19177815318107605	-0.12225604802370071	0.004944934509694576	-0.07128136605024338	-0.14530327916145325	-0.26522296667099	-0.4623623788356781	-0.02185501717031002	-0.37088119983673096	0.341246634721756	-0.19786541163921356	0.035655077546834946	-0.009033044800162315	n/a	0.2749898135662079	-0.2637510299682617	0.7183865904808044	0.3902951180934906	0.3927910029888153	-0.08219455927610397	0.414645254611969	-0.05900762975215912	0.1287941038608551	0.262246310710907	-0.2627727687358856	-0.048007939010858536	-0.004067085683345795	-0.318462997674942	-0.16396085917949677	-0.3618016242980957	-0.2462984025478363	-0.2866062819957733	0.03330470994114876	-0.2375715672969818	-0.20954854786396027	-0.13692203164100647	0.10063856840133667	0.03119835816323757	0.3355989456176758	0.03783576935529709	-0.2257634997367859	-0.5818454027175903	-0.12700818479061127	0.38323846459388733	-0.19629989564418793	0.19536370038986206	0.5323020815849304	-0.06848105043172836	0.0935104638338089	-0.39506030082702637	-0.28555914759635925	0.15656599402427673	0.09248135983943939	0.032269466668367386	-0.12242421507835388	-0.14180074632167816	-0.05943795666098595	-0.2670382261276245	-0.0835798978805542
SMd_LABEL_13	0.002673075068742037	0.07094961404800415	-0.4986230731010437	0.3831403851509094	-0.13741600513458252	-0.39549851417541504	0.0013765387702733278	n/a	-0.15154986083507538	0.3032724857330322	-0.3732997477054596	0.531738817691803	1.0	0.42663970589637756	-0.26127997040748596	-0.08459384739398956	0.43624818325042725	-0.05482959374785423	0.24194298684597015	0.0514044463634491	0.3631550371646881	-0.2723980247974396	0.016645537689328194	-0.2527114152908325	0.10003834962844849	0.06899415701627731	-0.32083994150161743	-0.24030175805091858	-0.035695288330316544	-0.5862752795219421	0.21853379905223846	-0.16026794910430908	-0.2819601595401764	-0.20436888933181763	n/a	0.16177350282669067	-0.5365439653396606	0.533214271068573	0.6568020582199097	0.5428256988525391	0.0023784043733030558	0.36428987979888916	0.08938337117433548	0.2718047797679901	0.274423211812973	-0.4686163067817688	0.12293533980846405	-0.30373650789260864	0.03385035693645477	-0.0066739353351294994	-0.021338477730751038	-0.33196836709976196	-0.06123572960495949	-0.07126484811306	-0.4422764778137207	-0.3959414064884186	-0.19220736622810364	-0.23698817193508148	-0.1296723335981369	0.5219528675079346	0.3489910364151001	-0.22199741005897522	-0.5988044738769531	-0.3876095414161682	0.2567320764064789	-0.13075534999370575	0.3095744848251343	0.4870274066925049	0.04760025069117546	0.15570957958698273	-0.5436356067657471	-0.4520334005355835	0.46883198618888855	0.1495196670293808	-0.46328580379486084	-0.08977998048067093	-0.1966806948184967	-0.19120146334171295	-0.16877350211143494	-0.10837705433368683
SMl_LABEL_14	0.1435120850801468	-0.3097905218601227	-0.2706865966320038	0.28677910566329956	0.065080426633358	-0.47909271717071533	-0.17146600782871246	n/a	-0.14433391392230988	-0.05437694117426872	-0.22921402752399445	0.3043246269226074	0.42663970589637756	1.0	-0.21444034576416016	0.09167109429836273	0.4132615327835083	0.21328385174274445	0.2679412066936493	-0.05308113247156143	0.23781387507915497	-0.2945628762245178	-0.24340125918388367	-0.40830934047698975	-0.10674354434013367	0.2507410943508148	-0.025035206228494644	-0.053631026297807693	-0.4238584041595459	-0.31842586398124695	0.2722391188144684	-0.10542803257703781	-0.398799866437912	-0.32296237349510193	n/a	-0.22266624867916107	-0.2462569922208786	0.29141417145729065	0.3588520586490631	0.9444440007209778	-0.21837225556373596	0.2608674168586731	-0.009034552611410618	0.19144834578037262	0.19781523942947388	-0.4905543625354767	-0.15573471784591675	-0.3454814553260803	-0.1751253306865692	0.03421761468052864	-0.2887808680534363	0.0018979174783453345	0.1544199287891388	-0.028696168214082718	-0.08523254096508026	-0.1105203777551651	0.0781286284327507	-0.18350616097450256	-0.3001309037208557	0.38540908694267273	-0.026654358953237534	-0.14174407720565796	-0.42989039421081543	-0.3922606110572815	0.047571294009685516	-0.2442595213651657	0.3949858248233795	0.2696595788002014	0.09388908743858337	-0.2458808869123459	-0.324273943901062	-0.44889095425605774	0.001835295232012868	0.21631363034248352	-0.25399869680404663	0.09690416604280472	-0.017604151740670204	-0.18398992717266083	-0.12006498873233795	-0.11149010062217712
DAN_LABEL_15	-0.5708995461463928	-0.09325646609067917	0.5285828113555908	-0.21797388792037964	0.1854955106973648	-0.09697125107049942	-0.5898987650871277	n/a	-0.2241511046886444	0.14689677953720093	-0.39397552609443665	-0.2170354127883911	-0.26127997040748596	-0.21444034576416016	1.0	-0.0968567356467247	0.0040155742317438126	-0.13796673715114594	0.1303274929523468	0.15687264502048492	0.29292333126068115	-0.08909187465906143	0.7186936736106873	-0.13354948163032532	0.7681869864463806	-0.5281133651733398	-0.23446282744407654	-0.11261062324047089	-0.1135367602109909	0.29541662335395813	-0.20142856240272522	0.06788711249828339	0.004058459773659706	-0.4761352241039276	n/a	0.34566110372543335	-0.36322832107543945	-0.15988066792488098	-0.00379586243070662	-0.2710115909576416	0.70255047082901	-0.0016010651597753167	0.10923828929662704	0.11125633120536804	0.34885621070861816	-0.0975593775510788	0.582329273223877	-0.07072603702545166	0.779518723487854	-0.25040340423583984	0.6663129925727844	-0.2912152409553528	-0.1539955586194992	-0.4087475836277008	-0.2875792682170868	0.32400938868522644	0.2362210899591446	0.08718684315681458	0.2529693841934204	0.1385355442762375	0.45449474453926086	0.3710836172103882	0.049173206090927124	0.26109230518341064	-0.1680399775505066	0.20068873465061188	0.08807595074176788	-0.17077672481536865	0.0305948369204998	0.26891928911209106	-0.1385583132505417	0.45989519357681274	0.22448165714740753	0.030178653076291084	0.08917969465255737	-0.28587964177131653	0.3662944436073303	0.183890238404274	0.2699293792247772	0.08577457070350647
DMN_LABEL_16	0.5460415482521057	-0.2719729542732239	-0.03195327892899513	-0.18404878675937653	0.2733021080493927	-0.09183701872825623	0.0591544471681118	n/a	-0.17970655858516693	-0.5665451288223267	0.05439954623579979	-0.37396007776260376	-0.08459384739398956	0.09167109429836273	-0.0968567356467247	1.0	-0.41103947162628174	0.884543776512146	0.5409281253814697	-0.35363301634788513	-0.5717837810516357	-0.44216278195381165	-0.2255771905183792	-0.29076504707336426	-0.27838650345802307	0.688933789730072	0.6969572901725769	0.90583735704422	-0.3011356592178345	0.1322248876094818	-0.08820948004722595	0.02698979526758194	-0.4443289339542389	-0.057960957288742065	n/a	-0.7150207161903381	0.26521000266075134	-0.5964669585227966	-0.211756631731987	0.05410826578736305	-0.2016741782426834	-0.585364818572998	-0.13736529648303986	-0.5089083909988403	-0.5466681122779846	-0.19542749226093292	-0.3501055836677551	-0.3794703185558319	-0.024141039699316025	0.45118919014930725	-0.05316873639822006	0.5157052278518677	0.7008097171783447	0.1889912486076355	0.5298654437065125	-0.08957617729902267	-0.015671655535697937	-0.15788958966732025	-0.24305425584316254	-0.14706626534461975	-0.2951706051826477	0.07198478281497955	0.26873621344566345	-0.16675667464733124	-0.20972014963626862	-0.1388721615076065	0.04943406581878662	-0.13956929743289948	0.3437512516975403	-0.25180402398109436	0.42733386158943176	0.06951049715280533	-0.137445330619812	0.20070582628250122	0.1033669263124466	0.07904324680566788	-0.19851942360401154	-0.38829660415649414	0.05186734348535538	-0.08434463292360306
CO_LABEL_17	-0.25374096632003784	-0.0563143715262413	-0.3605521619319916	0.4707300364971161	-0.11796872317790985	-0.5017984509468079	-0.26381373405456543	n/a	-0.037948887795209885	0.5736165642738342	-0.24560236930847168	0.4512779116630554	0.43624818325042725	0.4132615327835083	0.0040155742317438126	-0.41103947162628174	1.0	-0.266981303691864	-0.16708390414714813	0.41548824310302734	0.7486123442649841	0.002967279637232423	0.2541380226612091	-0.23110876977443695	0.2596436142921448	-0.2852155864238739	-0.5570787191390991	-0.5741574764251709	-0.19755995273590088	-0.49298202991485596	0.4570102393627167	-0.2420893907546997	-0.11752859503030777	-0.26820316910743713	n/a	0.4851054251194	-0.470354288816452	0.6619436144828796	0.4437997341156006	0.39595264196395874	0.1987001597881317	0.87213534116745	0.12108753621578217	0.5949268341064453	0.6590330600738525	-0.44860872626304626	0.4605861306190491	-0.13674601912498474	0.08335243165493011	-0.12540866434574127	0.12701787054538727	-0.46187344193458557	-0.1552368551492691	-0.026153050363063812	-0.4685504138469696	-0.23235440254211426	-0.171800434589386	-0.07943715900182724	0.12803852558135986	0.3578352630138397	0.3397350311279297	-0.29776713252067566	-0.42072269320487976	-0.23727534711360931	0.2624868154525757	0.07719650864601135	0.2851908504962921	0.21253259479999542	-0.05904931202530861	0.2040686011314392	-0.567578136920929	-0.1262274533510208	0.2285844087600708	-0.10198607295751572	-0.42084842920303345	-0.15284164249897003	0.09038618206977844	0.12547346949577332	-0.3328445255756378	-0.1037166565656662
DMN_LABEL_18	0.4965031147003174	-0.43741610646247864	-0.037045206874608994	-0.07441360503435135	0.37726321816444397	-0.21100349724292755	0.003876477014273405	n/a	-0.07404958456754684	-0.3972585201263428	0.13091996312141418	-0.3030983805656433	-0.05482959374785423	0.21328385174274445	-0.13796673715114594	0.884543776512146	-0.266981303691864	1.0	0.5064030289649963	-0.3417017459869385	-0.4796494245529175	-0.4662684500217438	-0.21935075521469116	-0.4387543499469757	-0.24444074928760529	0.7533947229385376	0.7534953951835632	0.7823024392127991	-0.48239269852638245	0.047782912850379944	0.012457387521862984	0.015679029747843742	-0.5067307949066162	-0.14099107682704926	n/a	-0.684894323348999	0.31452760100364685	-0.5218042731285095	-0.2384026050567627	0.1553213745355606	-0.23533356189727783	-0.4962081015110016	-0.20271635055541992	-0.487735390663147	-0.5232463479042053	-0.27217769622802734	-0.3083842694759369	-0.5101175308227539	-0.05178910493850708	0.4035532772541046	-0.08753050118684769	0.49029240012168884	0.7659333944320679	0.26486602425575256	0.5940800309181213	0.06632650643587112	0.07504592835903168	-0.08306822925806046	-0.21834971010684967	-0.12180496752262115	-0.26954779028892517	0.029922641813755035	0.14085596799850464	-0.21072329580783844	-0.16158968210220337	-0.08225183188915253	0.13345034420490265	-0.09965891391038895	0.3892925977706909	-0.2009640485048294	0.37455475330352783	-0.05364439636468887	-0.11239735782146454	0.2054305076599121	0.14566956460475922	0.19040830433368683	-0.15277104079723358	-0.18470869958400726	0.001268965657800436	-0.22274291515350342
VAN_LABEL_19	0.061019863933324814	-0.1383267492055893	-0.06312384456396103	0.1464824676513672	0.3291207253932953	-0.3217649757862091	-0.20971062779426575	n/a	-0.3203909695148468	-0.12453778833150864	-0.1924731731414795	-0.06296656280755997	0.24194298684597015	0.2679412066936493	0.1303274929523468	0.5409281253814697	-0.16708390414714813	0.5064030289649963	1.0	-0.034851375967264175	-0.03671593591570854	-0.44863423705101013	0.007211656775325537	-0.5688587427139282	0.0017681618919596076	0.3391272723674774	0.2690945565700531	0.4670811593532562	-0.21730650961399078	-0.16448724269866943	0.027022594586014748	0.11810583621263504	-0.5888349413871765	-0.4116557240486145	n/a	-0.21012626588344574	-0.2260740101337433	-0.180942103266716	0.1717185229063034	0.2761947512626648	0.09982515871524811	-0.2989180088043213	0.25341567397117615	-0.11174814403057098	-0.0743555799126625	-0.3812039792537689	-0.07492721825838089	-0.6429452896118164	0.2468891441822052	0.0641731545329094	0.22693999111652374	0.022280720993876457	0.36096036434173584	-0.03893608599901199	-0.033477917313575745	-0.16178563237190247	0.006697531323879957	-0.3139406442642212	-0.32097041606903076	0.062181506305933	-0.1097370833158493	0.029734132811427116	-0.11390552669763565	-0.22927594184875488	-0.176078662276268	-0.12748369574546814	0.07787416130304337	-0.004033079836517572	0.1009739339351654	-0.09225376695394516	-0.0021598809398710728	-0.20364129543304443	-0.016572939231991768	0.038699060678482056	0.023835647851228714	-0.03096710704267025	-0.26056134700775146	-0.35870569944381714	0.11082883179187775	0.015026922337710857
CO_LABEL_20	-0.2478727102279663	0.1237117350101471	-0.094875268638134	0.035027969628572464	0.03611714020371437	-0.3011895418167114	-0.20312345027923584	n/a	0.08318723738193512	0.2886742949485779	-0.381974458694458	-0.17113849520683289	0.0514044463634491	-0.05308113247156143	0.15687264502048492	-0.35363301634788513	0.41548824310302734	-0.3417017459869385	-0.034851375967264175	1.0	0.5005233883857727	-0.04851927235722542	0.1921129673719406	-0.2679343521595001	0.23614859580993652	-0.3496563136577606	-0.5455659031867981	-0.3668349087238312	0.04064079001545906	-0.2930569648742676	0.023282956331968307	0.19300980865955353	-0.16308340430259705	-0.15594281256198883	n/a	0.4027247130870819	-0.36646872758865356	0.27358129620552063	0.20601966977119446	-0.06649410724639893	0.24110256135463715	0.47594156861305237	0.586090624332428	0.665503740310669	0.5378308892250061	0.028440114110708237	0.3455079197883606	-0.13204479217529297	0.21935828030109406	0.15512874722480774	0.3933199942111969	-0.38336053490638733	-0.0163199994713068	-0.03731993958353996	-0.3630998432636261	-0.09644536674022675	0.0803142860531807	-0.22452110052108765	0.18791860342025757	0.16765883564949036	0.2634637951850891	-0.11872126162052155	0.09807652980089188	-0.0930548906326294	0.07918702065944672	0.2702808380126953	0.07390543073415756	-0.22674033045768738	-0.3682209849357605	0.15044987201690674	-0.3733524680137634	-0.010620027780532837	0.1612066924571991	-0.19359149038791656	-0.3966275751590729	-0.22935886681079865	0.14846979081630707	0.13086463510990143	-0.15705938637256622	0.0004070473660249263
CO_LABEL_21	-0.5664597153663635	0.07780706137418747	-0.038994334638118744	0.28965312242507935	0.0206720270216465	-0.45110687613487244	-0.33916276693344116	n/a	-0.19432565569877625	0.7245467305183411	-0.40256139636039734	0.48789843916893005	0.3631550371646881	0.23781387507915497	0.29292333126068115	-0.5717837810516357	0.7486123442649841	-0.4796494245529175	-0.03671593591570854	0.5005233883857727	1.0	0.04318708926439285	0.3911181390285492	-0.23067696392536163	0.4325335621833801	-0.5714617371559143	-0.6919308304786682	-0.6936869621276855	-0.034747228026390076	-0.33168354630470276	0.2700890004634857	0.018128709867596626	-0.07294648140668869	-0.3403691351413727	n/a	0.7052052617073059	-0.6264523267745972	0.665088951587677	0.39218246936798096	0.2402847707271576	0.4411211609840393	0.7455731630325317	0.29516857862472534	0.6653321385383606	0.8666493892669678	-0.31464868783950806	0.49888572096824646	-0.12275588512420654	0.24568018317222595	-0.2395765334367752	0.31659746170043945	-0.6167615652084351	-0.2702796161174774	-0.15319468080997467	-0.618114709854126	-0.11718171089887619	-0.01224612444639206	-0.16318069398403168	0.14353007078170776	0.39946168661117554	0.3800880014896393	-0.08904453366994858	-0.5094135999679565	-0.09472789615392685	0.19435814023017883	0.00613756338134408	0.2886549234390259	0.31476327776908875	-0.2621125280857086	0.20418690145015717	-0.7478274703025818	-0.09748313575983047	0.31773295998573303	-0.12694472074508667	-0.24601870775222778	-0.17961721122264862	0.10532671213150024	0.1753210723400116	-0.19652633368968964	0.12789197266101837
Sal_LABEL_22	-0.17304658889770508	0.15026380121707916	0.3066060245037079	-0.038606178015470505	0.04726238548755646	0.4697032868862152	0.40273624658584595	n/a	0.3659953474998474	0.25361424684524536	0.5038248300552368	0.19177815318107605	-0.2723980247974396	-0.2945628762245178	-0.08909187465906143	-0.44216278195381165	0.002967279637232423	-0.4662684500217438	-0.44863423705101013	-0.04851927235722542	0.04318708926439285	1.0	0.01719687134027481	0.5104358792304993	-0.22012922167778015	-0.26064667105674744	-0.24426710605621338	-0.2715868353843689	0.25308528542518616	0.3590165078639984	-0.01655980944633484	0.06388962268829346	0.48924726247787476	0.4124959111213684	n/a	0.34038713574409485	0.27966609597206116	0.26261547207832336	-0.29480957984924316	-0.28331124782562256	-0.2357621043920517	0.1125681921839714	-0.15601466596126556	-0.014733375981450081	0.12743784487247467	0.6115719676017761	-0.10980618000030518	0.5417491793632507	-0.3004567325115204	-0.3939532935619354	0.01628592610359192	-0.29673221707344055	-0.5761123299598694	0.0852084755897522	-0.2193526178598404	0.03506990522146225	-0.11577457934617996	0.21083380281925201	0.013939840719103813	-0.3055197596549988	-0.08918581902980804	0.23463332653045654	-0.09876789152622223	0.46451571583747864	0.07338639348745346	0.04288936033844948	-0.2776968479156494	0.1441449075937271	-0.19883683323860168	0.2813487648963928	0.04550059884786606	0.2532573938369751	-0.13700059056282043	-0.1940050721168518	0.1473059207201004	0.06027654930949211	0.03237080201506615	0.03983502835035324	-0.008473389782011509	0.13974270224571228
DAN_LABEL_23	-0.6115348935127258	0.14053750038146973	0.29857367277145386	-0.08731602132320404	0.11977990716695786	-0.12104014307260513	-0.3706238567829132	n/a	-0.031215719878673553	0.33203360438346863	-0.38955530524253845	-0.12225604802370071	0.016645537689328194	-0.24340125918388367	0.7186936736106873	-0.2255771905183792	0.2541380226612091	-0.21935075521469116	0.007211656775325537	0.1921129673719406	0.3911181390285492	0.01719687134027481	1.0	-0.02195005677640438	0.7713017463684082	-0.5446755290031433	-0.41003358364105225	-0.2899836301803589	0.0430242158472538	0.15175603330135345	-0.1690642535686493	-0.019561078399419785	0.1078924760222435	-0.3332281708717346	n/a	0.5540276765823364	-0.3849949836730957	0.07819749414920807	0.015025977045297623	-0.22584648430347443	0.7387557625770569	0.194011390209198	-0.0531785674393177	0.1728941649198532	0.3960810899734497	-0.08193221688270569	0.8584182262420654	0.0396314337849617	0.7207764387130737	-0.3529626429080963	0.6201643347740173	-0.4487881362438202	-0.29690420627593994	-0.20015168190002441	-0.5516162514686584	0.08088871091604233	-0.1356840878725052	0.022025883197784424	0.1292724460363388	0.07945582270622253	0.6174352765083313	0.29810112714767456	-0.16157643496990204	0.3050604462623596	-0.1613321304321289	0.2329178899526596	0.10127226263284683	0.059912655502557755	-0.125731959939003	0.5299555659294128	-0.32802438735961914	0.4004618227481842	0.3474864065647125	-0.02882254309952259	-0.12861457467079163	-0.1165928766131401	0.14999030530452728	0.20847390592098236	0.1828572005033493	0.14064040780067444
PMN_LABEL_24	0.09109610319137573	0.2341362088918686	0.16154363751411438	-0.1128934919834137	-0.24313415586948395	0.8265531063079834	0.34786257147789	n/a	0.08006060123443604	-0.06495579332113266	0.33010080456733704	0.004944934509694576	-0.2527114152908325	-0.40830934047698975	-0.13354948163032532	-0.29076504707336426	-0.23110876977443695	-0.4387543499469757	-0.5688587427139282	-0.2679343521595001	-0.23067696392536163	0.5104358792304993	-0.02195005677640438	1.0	-0.27194511890411377	-0.19067154824733734	-0.0670475959777832	-0.23501628637313843	0.3935222923755646	0.44763466715812683	-0.03393597900867462	0.09791453927755356	0.8456781506538391	0.5359802842140198	n/a	0.14188185334205627	0.34506645798683167	-0.056268081068992615	-0.2581433057785034	-0.3397712707519531	-0.1137552261352539	-0.029158147051930428	-0.34264472126960754	-0.19891686737537384	-0.10555065423250198	0.4564974904060364	-0.08316187560558319	0.9420251846313477	-0.34472599625587463	-0.32201680541038513	-0.2163040041923523	0.11619008332490921	-0.5500673651695251	-0.0790298730134964	0.0018228788394480944	0.09511961787939072	-0.06575269997119904	0.3303438723087311	0.27792438864707947	-0.15756826102733612	-0.09497188776731491	0.21354389190673828	0.08092786371707916	0.35400134325027466	0.12164635956287384	-0.10049125552177429	-0.09788284450769424	0.09632900357246399	-0.04071364551782608	-0.012923217378556728	0.2092694491147995	0.29355892539024353	-0.07844635844230652	-0.01221917662769556	0.1492478996515274	0.10504322499036789	0.026561148464679718	0.120097316801548	-0.03155915066599846	-0.05608442798256874
DAN_LABEL_25	-0.6495206356048584	0.08907950669527054	0.2045598179101944	-0.10008592158555984	-0.0009525076020509005	-0.32691529393196106	-0.4684433937072754	n/a	-0.09835706651210785	0.3011379539966583	-0.55193692445755	-0.07128136605024338	0.10003834962844849	-0.10674354434013367	0.7681869864463806	-0.27838650345802307	0.2596436142921448	-0.24444074928760529	0.0017681618919596076	0.23614859580993652	0.4325335621833801	-0.22012922167778015	0.7713017463684082	-0.27194511890411377	1.0	-0.6071107387542725	-0.4409911036491394	-0.3277748227119446	-0.008533055894076824	-0.021151944994926453	-0.129500612616539	-0.187703475356102	-0.0707647055387497	-0.3928226828575134	n/a	0.4214321970939636	-0.5311433672904968	0.09063392132520676	0.17380471527576447	-0.1347689926624298	0.720803439617157	0.19079163670539856	0.04516216740012169	0.25316324830055237	0.3965374529361725	-0.3134039640426636	0.7375691533088684	-0.20929765701293945	0.8523840308189392	-0.24549487233161926	0.5512547492980957	-0.45935922861099243	-0.20299416780471802	-0.32035189867019653	-0.45722270011901855	0.2776028513908386	-0.04390118643641472	0.03364821523427963	0.17907004058361053	0.3256983757019043	0.6544086933135986	0.18655887246131897	-0.08042942732572556	0.0906970426440239	-0.09015599638223648	0.30252188444137573	0.14666180312633514	-0.021530797705054283	-0.036583710461854935	0.3851829171180725	-0.35682088136672974	0.15680232644081116	0.43770933151245117	0.05429067835211754	-0.0804116502404213	-0.23649396002292633	0.28669920563697815	0.1968870311975479	0.30945438146591187	0.13784794509410858
