Node	DMN_LABEL_1	Vis_LABEL_2	FP_LABEL_3	Aud_LABEL_4	Tpole_LABEL_5	PMN_LABEL_6	PON_LABEL_7	MTL_LABEL_8	PON_LABEL_9	CO_LABEL_10	Sal_LABEL_11	CO_LABEL_12	SMd_LABEL_13	SMl_LABEL_14	DAN_LABEL_15	DMN_LABEL_16	CO_LABEL_17	DMN_LABEL_18	VAN_LABEL_19	CO_LABEL_20	CO_LABEL_21	Sal_LABEL_22	DAN_LABEL_23	PMN_LABEL_24	DAN_LABEL_25	DMN_LABEL_26	DMN_LABEL_27	DMN_LABEL_28	Vis_LABEL_29	FP_LABEL_30	Aud_LABEL_31	Tpole_LABEL_32	PMN_LABEL_33	PON_LABEL_34	MTL_LABEL_35	CO_LABEL_36	Sal_LABEL_37	CO_LABEL_38	SMd_LABEL_39	SMl_LABEL_40	DAN_LABEL_41	CO_LABEL_42	VAN_LABEL_43	CO_LABEL_44	CO_LABEL_45	Sal_LABEL_46	DAN_LABEL_47	PMN_LABEL_48	DAN_LABEL_49	DMN_LABEL_50	FP_LABEL_51	DMN_LABEL_52	DMN_LABEL_53	PON_LABEL_54	DMN_LABEL_55	Tpole_LABEL_56	Tpole_LABEL_57	Sal_LABEL_58	Sal_LABEL_59	SMd_LABEL_60	DAN_LABEL_61	FP_LABEL_62	DMN_LABEL_63	FP_LABEL_64	FP_LABEL_65	SMd_LABEL_66	SMl_LABEL_67	SMd_LABEL_68	DMN_LABEL_69	DAN_LABEL_70	DMN_LABEL_71	FP_LABEL_72	SMd_LABEL_73	SMl_LABEL_74	MTL_LABEL_75	MTL_LABEL_76	CO_LABEL_77	CO_LABEL_78	Vis_LABEL_79	Vis_LABEL_80
DMN_LABEL_1	1.0	0.027006352320313454	-0.5683894157409668	-0.5196487307548523	0.08443963527679443	0.6930043697357178	0.7550404071807861	n/a	0.46524864435195923	-0.5992853045463562	-0.007668393198400736	-0.6417268514633179	0.0511096827685833	0.010348719544708729	-0.6045848727226257	0.8097724318504333	-0.5682869553565979	0.8177714943885803	-0.20262348651885986	-0.6630368232727051	-0.7033398747444153	-0.45059528946876526	-0.31188827753067017	0.48972001671791077	-0.5656716227531433	0.6126035451889038	0.7266849875450134	0.3853360414505005	0.12447584420442581	-0.7432752847671509	-0.32157525420188904	-0.22316423058509827	0.4475151002407074	0.6219542622566223	n/a	-0.5889351963996887	-0.08698789030313492	-0.6659769415855408	-0.1864689439535141	-0.011713715270161629	-0.6955811381340027	-0.5545045733451843	-0.33843743801116943	-0.21652072668075562	-0.6745628714561462	-0.2929426431655884	-0.35700172185897827	0.4353261888027191	-0.049120135605335236	0.6222097277641296	-0.5338037014007568	0.643278181552887	0.6225317120552063	-0.015844447538256645	0.18008661270141602	0.24166008830070496	-0.4829404354095459	-0.22025196254253387	-0.5859223008155823	0.06430844962596893	-0.1733233481645584	-0.27497345209121704	0.49249160289764404	-0.23743706941604614	-0.1376599669456482	0.08913787454366684	-0.08366432040929794	0.13567210733890533	0.4094150960445404	-0.09277355670928955	0.6854596138000488	0.04990730807185173	0.31446802616119385	0.09306710958480835	-0.02233974076807499	0.04145040735602379	-0.4648073613643646	-0.5919796228408813	-0.2745102047920227	0.06743022799491882
Vis_LABEL_2	0.027006352320313454	1.0	-0.2527957558631897	-0.3414457440376282	-0.1628773957490921	-0.3777269721031189	-0.045276254415512085	n/a	0.3516339957714081	-0.0274491123855114	0.16580325365066528	-0.17862780392169952	0.26064974069595337	0.3010294735431671	0.2556280493736267	-0.1803172081708908	-0.20099963247776031	-0.0004839777247980237	-0.24743549525737762	-0.2595718502998352	-0.15344856679439545	-0.058832425624132156	0.5376981496810913	-0.16733023524284363	0.2665887475013733	0.04756597802042961	0.04075970873236656	-0.09519541263580322	0.9112330079078674	-0.16369988024234772	-0.3648039698600769	-0.2689366638660431	-0.3295076787471771	-0.047831904143095016	n/a	-0.3383682668209076	0.035359784960746765	-0.3018728792667389	0.11419297009706497	0.30489107966423035	0.09207110852003098	-0.2798350751399994	-0.38365259766578674	-0.1833617389202118	-0.2519545555114746	0.06502271443605423	0.3731425702571869	-0.31003135442733765	0.37948381900787354	-0.1385338455438614	0.04189596325159073	0.006130526773631573	0.012631677091121674	0.293950617313385	-0.03886349871754646	-0.0244239903986454	-0.391457736492157	-0.24881768226623535	-0.2554812729358673	0.4868677258491516	0.2515605688095093	-0.0037634731270372868	-0.21468649804592133	0.004968917462974787	-0.2643885016441345	-0.19847805798053741	0.2776261270046234	-0.07717671245336533	0.12140685319900513	0.2970637381076813	-0.19449763000011444	-0.4074400067329407	0.0636785626411438	0.12716446816921234	0.12839986383914948	-0.14050355553627014	-0.22906719148159027	-0.20388570427894592	0.24253273010253906	0.05645876005291939
FP_LABEL_3	-0.5683894157409668	-0.2527957558631897	1.0	0.7000290751457214	0.14275841414928436	-0.2789175808429718	-0.4690188467502594	n/a	-0.38252609968185425	0.2675214409828186	-0.009940069168806076	0.2353273332118988	-0.28608572483062744	-0.2822394073009491	0.4386671185493469	-0.16315282881259918	0.3300033509731293	-0.33261701464653015	0.46833938360214233	0.41132983565330505	0.3565039038658142	0.3557799756526947	-0.2672862708568573	-0.259280264377594	0.41335901618003845	-0.3956441283226013	-0.2774091958999634	0.0245920829474926	-0.3179788887500763	0.6936198472976685	0.5869570374488831	0.1432853490114212	-0.21199534833431244	-0.42793652415275574	n/a	0.45538464188575745	-0.10494846105575562	0.2428470104932785	-0.10134827345609665	-0.2240338921546936	0.44863763451576233	0.27637386322021484	0.07294532656669617	0.2281714677810669	0.4255467653274536	-0.05902036651968956	-0.05235234647989273	-0.2977074086666107	-0.09762994945049286	-0.6877429485321045	0.40008828043937683	-0.6760034561157227	-0.5627702474594116	-0.0006558304303325713	-0.24102190136909485	0.07994867116212845	0.463667094707489	0.08429022878408432	0.6058945655822754	-0.30067628622055054	-0.060369912534952164	0.11900514364242554	-0.6014535427093506	-0.16070136427879333	-0.22030462324619293	0.11078330874443054	-0.07444041222333908	-0.0016996681224554777	-0.4317590892314911	-0.03876417130231857	-0.4716338813304901	0.08052769303321838	-0.42355531454086304	-0.27468234300613403	-0.09520981460809708	0.005048289895057678	0.6082183718681335	0.1596086621284485	0.006747171748429537	-0.2501783072948456
Aud_LABEL_4	-0.5196487307548523	-0.3414457440376282	0.7000290751457214	1.0	0.47798454761505127	-0.39948809146881104	-0.4733591377735138	n/a	-0.47947585582733154	0.43754279613494873	-0.001286430167965591	0.4865560531616211	-0.1154007539153099	-0.24916212260723114	0.46805310249328613	-0.2826234698295593	0.6184183359146118	-0.3911668360233307	0.5396702885627747	0.5379528999328613	0.6407637596130371	0.474240779876709	-0.3071780800819397	-0.27673840522766113	0.35721591114997864	-0.5055704712867737	-0.39225488901138306	-0.15847240388393402	-0.46567416191101074	0.6422325372695923	0.909886360168457	0.49339014291763306	-0.11754205822944641	-0.39933064579963684	n/a	0.5126242637634277	-0.09357496351003647	0.30029383301734924	0.13204820454120636	-0.22241608798503876	0.3862467110157013	0.527620255947113	0.2966025173664093	0.5659525394439697	0.7122648358345032	0.1851215660572052	-0.32355475425720215	-0.16829949617385864	-0.24860544502735138	-0.38080745935440063	0.23469847440719604	-0.604211688041687	-0.3966137170791626	-0.16245976090431213	-0.021668652072548866	0.27896371483802795	0.7158969044685364	0.003130278317257762	0.38296034932136536	-0.08442845195531845	-0.10241907089948654	0.1615717113018036	-0.7089305520057678	-0.34395262598991394	-0.34797409176826477	-0.09681609272956848	-0.4174804389476776	0.22784224152565002	-0.16859379410743713	-0.06806480884552002	-0.6269369721412659	-0.2434232532978058	-0.2828056514263153	-0.35291188955307007	-0.03643673658370972	0.11997389048337936	0.42792728543281555	0.12982355058193207	-0.1698281317949295	-0.32048797607421875
Tpole_LABEL_5	0.08443963527679443	-0.1628773957490921	0.14275841414928436	0.47798454761505127	1.0	0.008108756504952908	-0.25332969427108765	n/a	-0.3337337076663971	-0.023255469277501106	-0.20287121832370758	0.3800446093082428	0.08292653411626816	-0.03430762141942978	-0.026381267234683037	0.18877914547920227	0.29263198375701904	0.256428062915802	0.48501795530319214	-0.03006836585700512	0.26262998580932617	0.19258585572242737	-0.59549480676651	-0.2649048864841461	-0.11697620153427124	0.012734154239296913	0.061242856085300446	-0.014820322394371033	-0.282718300819397	0.0030523419845849276	0.4904804825782776	0.4832082986831665	0.061167072504758835	-0.18835271894931793	n/a	-0.06490481644868851	-0.24058878421783447	0.010809115134179592	-0.07583261281251907	-0.0489681139588356	-0.1744193434715271	0.18037594854831696	0.3334973454475403	0.3493327796459198	0.3330861032009125	0.13137629628181458	-0.703018307685852	-0.19638365507125854	-0.3319056034088135	0.22956427931785583	-0.2413577288389206	0.006439581513404846	0.27725350856781006	-0.3040916323661804	0.3322436809539795	0.4240660071372986	0.4144781827926636	0.03370511531829834	0.21657682955265045	-0.0757361575961113	-0.0823596939444542	0.03599279001355171	-0.1594308465719223	-0.4293704926967621	-0.20262180268764496	-0.15056584775447845	-0.4492613673210144	0.42701154947280884	0.3395727276802063	-0.16348983347415924	-0.25255128741264343	-0.24418751895427704	0.14315244555473328	-0.20057567954063416	0.18816223740577698	0.26218530535697937	0.02651984803378582	-0.10478627681732178	-0.29888564348220825	-0.1597646325826645
PMN_LABEL_6	0.6930043697357178	-0.3777269721031189	-0.2789175808429718	-0.39948809146881104	0.008108756504952908	1.0	0.6643195152282715	n/a	0.2485021948814392	-0.5596203207969666	-0.08405763655900955	-0.5430076718330383	-0.24530568718910217	-0.06386366486549377	-0.715519368648529	0.6379064321517944	-0.39488089084625244	0.5111080408096313	-0.26748126745224	-0.33073484897613525	-0.542125403881073	-0.34377041459083557	-0.38918596506118774	0.6764095425605774	-0.5267312526702881	0.4502919614315033	0.44712141156196594	0.3511349558830261	-0.20457789301872253	-0.432940810918808	-0.2842194437980652	-0.1547318398952484	0.661739706993103	0.5819424986839294	n/a	-0.3778829276561737	-0.02347249537706375	-0.30341631174087524	-0.42352476716041565	-0.13012529909610748	-0.5894457697868347	-0.3439507484436035	-0.25931015610694885	-0.20180398225784302	-0.48218002915382385	-0.38193878531455994	-0.2458227127790451	0.6351917386054993	-0.261761873960495	0.4915372133255005	-0.33259984850883484	0.45475056767463684	0.35567018389701843	-0.006914267782121897	-0.00478706881403923	-0.05910009145736694	-0.34845393896102905	-0.2384987473487854	-0.28964558243751526	-0.3300822079181671	-0.06618135422468185	0.02529017999768257	0.5829734802246094	-0.06851913034915924	0.2524717152118683	0.37257394194602966	0.09747756272554398	0.148603618144989	0.20238688588142395	-0.10520851612091064	0.7156818509101868	0.3563990890979767	0.24981193244457245	0.3140007257461548	-0.13768848776817322	0.23769745230674744	-0.1834428608417511	-0.4360005855560303	-0.32852843403816223	0.39322948455810547
PON_LABEL_7	0.7550404071807861	-0.045276254415512085	-0.4690188467502594	-0.4733591377735138	-0.25332969427108765	0.6643195152282715	1.0	n/a	0.6375574469566345	-0.3098549544811249	0.3803330361843109	-0.7006538510322571	-0.26343080401420593	-0.20398803055286407	-0.6595479249954224	0.5278021097183228	-0.5486658811569214	0.4523071348667145	-0.3302963674068451	-0.48050710558891296	-0.5896545648574829	-0.33892497420310974	-0.060074128210544586	0.7117182016372681	-0.49860823154449463	0.36520177125930786	0.49968597292900085	0.2857338488101959	0.12041391432285309	-0.5985747575759888	-0.4035625755786896	-0.10923285782337189	0.5326241850852966	0.9305463433265686	n/a	-0.38740819692611694	0.3189164698123932	-0.5273745656013489	-0.2825748324394226	-0.25011563301086426	-0.5646938681602478	-0.5026562809944153	-0.48072558641433716	-0.2937617599964142	-0.6639673709869385	-0.09531794488430023	-0.017952803522348404	0.693946123123169	-0.07809334993362427	0.46424105763435364	-0.31448373198509216	0.4091682732105255	0.46666067838668823	0.30664968490600586	0.217948317527771	0.14013899862766266	-0.5845818519592285	-0.20427465438842773	-0.6075677275657654	-0.00358106242492795	-0.0004905128735117614	-0.25579753518104553	0.45028018951416016	-0.18059253692626953	-0.1484876275062561	0.3283165395259857	-0.08130046725273132	-0.16179709136486053	0.1683638095855713	0.09158191829919815	0.7106937170028687	0.20067301392555237	0.17694957554340363	0.13894891738891602	-0.05619487538933754	0.04671087861061096	-0.44269970059394836	-0.577468991279602	-0.21331217885017395	0.16762447357177734
MTL_LABEL_8	n/a	n/a	n/a	n/a	n/a	n/a	n/a	1.0	n/a	n/a	n/a	n/a	n/a	n/a	n/a	n/a	n/a	n/a	n/a	n/a	n/a	n/a	n/a	n/a	n/a	n/a	n/a	n/a	n/a	n/a	n/a	n/a	n/a	n/a	n/a	n/a	n/a	n/a	n/a	n/a	n/a	n/a	n/a	n/a	n/a	n/a	n/a	n/a	n/a	n/a	n/a	n/a	n/a	n/a	n/a	n/a	n/a	n/a	n/a	n/a	n/a	n/a	n/a	n/a	n/a	n/a	n/a	n/a	n/a	n/a	n/a	n/a	n/a	n/a	n/a	n/a	n/a	n/a	n/a	n/a
PON_LABEL_9	0.46524864435195923	0.3516339957714081	-0.38252609968185425	-0.47947585582733154	-0.3337337076663971	0.2485021948814392	0.6375574469566345	n/a	1.0	-0.2841871678829193	0.4253808557987213	-0.7018097043037415	-0.09377165883779526	0.16397227346897125	-0.3131081461906433	0.2923649549484253	-0.6918075680732727	0.3687118589878082	-0.27573010325431824	-0.5503034591674805	-0.6515397429466248	-0.10114318877458572	0.11607688665390015	0.41931790113449097	-0.23345597088336945	0.24868249893188477	0.522822380065918	0.32767125964164734	0.41580209136009216	-0.5364370942115784	-0.4707934856414795	-0.23157238960266113	0.09375885128974915	0.6719791293144226	n/a	-0.5978487730026245	0.2608722150325775	-0.5706016421318054	-0.2194286286830902	0.27379995584487915	-0.32745611667633057	-0.7330207824707031	-0.46390005946159363	-0.11103115230798721	-0.743111252784729	0.06578847020864487	0.15795743465423584	0.34588754177093506	0.22962486743927002	0.18725639581680298	-0.2584802210330963	0.3031880855560303	0.11385716497898102	0.5402913093566895	0.03777487576007843	0.2565968632698059	-0.7460572719573975	-0.12999531626701355	-0.5347163081169128	0.0264087226241827	-0.05837871506810188	-0.4845373034477234	0.313850998878479	-0.2190685272216797	-0.29761427640914917	0.1416778266429901	0.1235373318195343	-0.3367343842983246	0.1537182629108429	0.32992181181907654	0.34905433654785156	-0.17746834456920624	0.4074712097644806	0.08176588267087936	-0.15645259618759155	-0.28670457005500793	-0.5084165334701538	-0.43924251198768616	-0.21140024065971375	0.10134328156709671
CO_LABEL_10	-0.5992853045463562	-0.0274491123855114	0.2675214409828186	0.43754279613494873	-0.023255469277501106	-0.5596203207969666	-0.3098549544811249	n/a	-0.2841871678829193	1.0	0.20591847598552704	0.5262075662612915	-0.07580486685037613	-0.15448370575904846	0.38821646571159363	-0.6024892926216125	0.5457310676574707	-0.6115993857383728	0.11004672944545746	0.581861138343811	0.7270268201828003	0.4122966229915619	0.34197482466697693	-0.13695427775382996	0.40698933601379395	-0.6468461155891418	-0.5552792549133301	-0.30412355065345764	-0.08489010483026505	0.3531877398490906	0.25685903429985046	0.2927543520927429	-0.2538122236728668	-0.20841366052627563	n/a	0.626980185508728	0.23906616866588593	0.45159584283828735	0.212631955742836	-0.12369143217802048	0.3386983871459961	0.44945475459098816	0.26085376739501953	0.1862398087978363	0.5360745787620544	0.5860769748687744	0.2974705994129181	-0.10561805218458176	-0.036951299756765366	-0.2384004443883896	0.12017256021499634	-0.5703181028366089	-0.19417180120944977	-0.002038785023614764	0.17672547698020935	0.012790638022124767	0.405487060546875	0.1131126657128334	0.16712862253189087	0.3318840265274048	0.20558194816112518	0.16621023416519165	-0.5104686617851257	-0.03351199999451637	-0.1808508336544037	0.0921386107802391	-0.258339524269104	0.06751887500286102	-0.1092720627784729	0.2301866114139557	-0.48424646258354187	-0.003304320853203535	-0.19420570135116577	-0.13783366978168488	0.10728756338357925	-0.046011265367269516	0.09234665334224701	0.2954264283180237	0.11691638827323914	-0.3001164197921753
Sal_LABEL_11	-0.007668393198400736	0.16580325365066528	-0.009940069168806076	-0.001286430167965591	-0.20287121832370758	-0.08405763655900955	0.3803330361843109	n/a	0.4253808557987213	0.20591847598552704	1.0	-0.17018984258174896	-0.5464493036270142	-0.3782888352870941	-0.04346710816025734	-0.27230414748191833	0.06726972758769989	-0.29683932662010193	-0.13466031849384308	-0.06051633134484291	0.06171143800020218	0.3670947253704071	0.2370363175868988	0.35134047269821167	0.10935691744089127	-0.35231518745422363	-0.21565859019756317	-0.349359393119812	0.13249070942401886	0.10257582366466522	-0.02711608074605465	0.12165196985006332	0.2532862722873688	0.48158156871795654	n/a	-0.023122798651456833	0.7131356596946716	-0.11853444576263428	-0.27290284633636475	-0.37542328238487244	0.17203901708126068	0.04126458987593651	-0.1406174600124359	0.12308412045240402	-0.0941689983010292	0.4402419924736023	0.34287557005882263	0.4052439033985138	-0.09615807980298996	-0.22132061421871185	0.36874547600746155	-0.24763263761997223	-0.0843174159526825	0.3392954468727112	-0.02237142063677311	0.08546727895736694	-0.26966407895088196	-0.0069160377606749535	-0.1854611337184906	0.09415227919816971	0.36782902479171753	-0.01581568457186222	-0.06413622945547104	-0.2224506288766861	-0.31496745347976685	0.38532450795173645	-0.07093913108110428	-0.33856916427612305	0.02394886314868927	0.3986162841320038	0.12570668756961823	-0.11874112486839294	0.019580092281103134	0.11704493314027786	-0.24711400270462036	-0.3553002178668976	-0.1086210235953331	-0.3479461073875427	-0.1722993105649948	0.24402819573879242
CO_LABEL_12	-0.6417268514633179	-0.17862780392169952	0.2353273332118988	0.4865560531616211	0.3800446093082428	-0.5430076718330383	-0.7006538510322571	n/a	-0.7018097043037415	0.5262075662612915	-0.17018984258174896	1.0	0.07431530207395554	-0.03069513663649559	0.43561846017837524	-0.5635268688201904	0.7385129928588867	-0.4793386459350586	0.18856723606586456	0.565316915512085	0.7883461713790894	0.44232019782066345	0.06227796524763107	-0.5687796473503113	0.4001995027065277	-0.5051315426826477	-0.5938736200332642	-0.41417747735977173	-0.3183022439479828	0.5512655973434448	0.3707333207130432	0.4419967234134674	-0.36496737599372864	-0.6054564714431763	n/a	0.5443477630615234	0.035842809826135635	0.7465884685516357	0.23519842326641083	-0.052331406623125076	0.4814806580543518	0.6923967599868774	0.5891574025154114	0.24110259115695953	0.7807576060295105	0.4620912969112396	-0.0470009371638298	-0.4112306237220764	-0.00282054441049695	-0.08631182461977005	0.20371364057064056	-0.45565474033355713	0.0036410484462976456	-0.28979840874671936	0.1364227533340454	-0.040540166199207306	0.7679138779640198	0.44325369596481323	0.5134076476097107	0.11969248950481415	0.23347464203834534	0.38294661045074463	-0.2868276834487915	0.17851221561431885	0.18647785484790802	-0.20951531827449799	-0.25247228145599365	0.28748735785484314	0.0137404166162014	-0.0488443560898304	-0.46655336022377014	-0.05865193530917168	-0.12102922797203064	-0.22297316789627075	0.15153096616268158	0.0909515991806984	0.2835697531700134	0.45921266078948975	0.13166293501853943	-0.17716655135154724
SMd_LABEL_13	0.0511096827685833	0.26064974069595337	-0.28608572483062744	-0.1154007539153099	0.08292653411626816	-0.24530568718910217	-0.26343080401420593	n/a	-0.09377165883779526	-0.07580486685037613	-0.5464493036270142	0.07431530207395554	1.0	0.6770898699760437	0.36711180210113525	0.0470295213162899	-0.02390374056994915	0.2063322216272354	0.20694908499717712	0.02633996680378914	0.016025345772504807	-0.45361945033073425	0.03999581187963486	-0.48233628273010254	0.06266437470912933	0.460927277803421	0.14466698467731476	0.052805256098508835	0.16829420626163483	-0.2648279368877411	-0.05246113985776901	-0.16992796957492828	-0.4372272491455078	-0.3405999541282654	n/a	-0.13186046481132507	-0.5854437947273254	-0.13209040462970734	0.641856849193573	0.6379695534706116	-0.03501170501112938	-0.0018231332069262862	-0.013800499029457569	0.1116652861237526	0.033819831907749176	-0.2579987943172455	-0.1383942812681198	-0.4963008165359497	0.2889932692050934	0.14242903888225555	-0.22446805238723755	0.40203094482421875	0.06169872358441353	-0.32797834277153015	0.1058707907795906	0.06898399442434311	0.012318016029894352	-0.18000075221061707	-0.20235739648342133	0.22596560418605804	-0.3732834756374359	-0.2216816395521164	-0.06749949604272842	0.25921517610549927	0.05028146132826805	-0.5406927466392517	0.039202697575092316	0.15967877209186554	0.11732777208089828	-0.3051614761352539	-0.2756936550140381	-0.23921605944633484	0.19731928408145905	0.14426739513874054	0.19961000978946686	0.15467755496501923	-0.13441744446754456	0.23343966901302338	0.3147416114807129	-0.2642330527305603
SMl_LABEL_14	0.010348719544708729	0.3010294735431671	-0.2822394073009491	-0.24916212260723114	-0.03430762141942978	-0.06386366486549377	-0.20398803055286407	n/a	0.16397227346897125	-0.15448370575904846	-0.3782888352870941	-0.03069513663649559	0.6770898699760437	1.0	0.3002907633781433	-0.06047511100769043	-0.19500111043453217	0.12920862436294556	-0.0014264618512243032	-0.041060976684093475	-0.08255743980407715	-0.3331054449081421	0.11723245680332184	-0.3492361903190613	0.0330917164683342	0.2809405028820038	0.10856569558382034	0.011713685467839241	0.280392050743103	-0.2643878757953644	-0.2755959630012512	-0.07046632468700409	-0.37521645426750183	-0.2189214825630188	n/a	-0.3138865530490875	-0.36374542117118835	0.0712830051779747	0.4223775267601013	0.9399824142456055	0.053843263536691666	-0.25712719559669495	-0.18465177714824677	-0.055008187890052795	-0.14288032054901123	-0.15420787036418915	0.04871179908514023	-0.42196404933929443	0.45303627848625183	0.12384633719921112	-0.17620253562927246	0.2683344781398773	-0.024975329637527466	0.021320942789316177	0.019407976418733597	0.06846588850021362	-0.20853377878665924	-0.2595563530921936	-0.22378771007061005	0.164625346660614	-0.0736352726817131	-0.24648895859718323	0.1160631999373436	0.16159869730472565	0.07527464628219604	-0.20656464993953705	0.4373912513256073	0.18802382051944733	0.18537935614585876	-0.16186444461345673	-0.05017312243580818	-0.3927479088306427	0.4146173596382141	0.38433659076690674	0.23226259648799896	0.21613112092018127	-0.3166755139827728	0.0811082273721695	-0.05822743475437164	-0.07491795718669891
DAN_LABEL_15	-0.6045848727226257	0.2556280493736267	0.4386671185493469	0.46805310249328613	-0.026381267234683037	-0.715519368648529	-0.6595479249954224	n/a	-0.3131081461906433	0.38821646571159363	-0.04346710816025734	0.43561846017837524	0.36711180210113525	0.3002907633781433	1.0	-0.5139339566230774	0.5474085211753845	-0.455869197845459	0.2150740772485733	0.51227867603302	0.5873579978942871	0.26174288988113403	0.32721811532974243	-0.5586987733840942	0.7586988806724548	-0.4165186583995819	-0.43257462978363037	-0.29645997285842896	0.05010167509317398	0.5573806166648865	0.44595232605934143	0.00952182337641716	-0.5569833517074585	-0.6858992576599121	n/a	0.3367851972579956	-0.2020384818315506	0.2724832594394684	0.46754753589630127	0.29949361085891724	0.7181752920150757	0.4303266406059265	0.08149870485067368	0.40108245611190796	0.5607478022575378	0.14019468426704407	0.21768206357955933	-0.5790575742721558	0.34762024879455566	-0.5659165978431702	0.37633591890335083	-0.566811740398407	-0.4948185682296753	-0.1444489061832428	-0.29238027334213257	0.1211010068655014	0.43158504366874695	-0.10023978352546692	0.21546897292137146	0.3703659474849701	0.03696492314338684	0.08744356781244278	-0.665726363658905	0.07298774272203445	-0.22131752967834473	-0.29780447483062744	0.056209828704595566	0.24840706586837769	-0.16829967498779297	0.03107043355703354	-0.6299816370010376	-0.37665438652038574	-0.1410834640264511	-0.003403468756005168	-0.09294334053993225	-0.13403064012527466	0.33550289273262024	0.28595104813575745	0.1881607472896576	-0.22496692836284637
DMN_LABEL_16	0.8097724318504333	-0.1803172081708908	-0.16315282881259918	-0.2826234698295593	0.18877914547920227	0.6379064321517944	0.5278021097183228	n/a	0.2923649549484253	-0.6024892926216125	-0.27230414748191833	-0.5635268688201904	0.0470295213162899	-0.06047511100769043	-0.5139339566230774	1.0	-0.5998055338859558	0.9097422361373901	0.06884481757879257	-0.6448093056678772	-0.6737970113754272	-0.3462000787258148	-0.6194712519645691	0.3056827485561371	-0.6173049211502075	0.6342267990112305	0.8308940529823303	0.6583171486854553	-0.09752796590328217	-0.5947957634925842	-0.0821695625782013	-0.22159947454929352	0.2383454293012619	0.3723706305027008	n/a	-0.4767686426639557	-0.3760192394256592	-0.6010148525238037	-0.222981795668602	-0.017485493794083595	-0.6568291187286377	-0.584632933139801	-0.2763998806476593	-0.18185865879058838	-0.5775087475776672	-0.42501744627952576	-0.578563928604126	0.19874706864356995	-0.1842857003211975	0.44320812821388245	-0.5601378083229065	0.5034443736076355	0.43762198090553284	-0.06164757162332535	0.13587172329425812	0.21707287430763245	-0.2747011184692383	-0.1415359079837799	-0.27587443590164185	-0.16169734299182892	-0.46353381872177124	-0.32332977652549744	0.3511151671409607	-0.23738449811935425	-0.1483239382505417	-0.07534496486186981	-0.26355329155921936	0.07074136286973953	0.1493576169013977	-0.25282466411590576	0.48267126083374023	0.1849062144756317	0.10102484375238419	-0.0989798977971077	-0.12859201431274414	0.05502680689096451	-0.302886426448822	-0.3755964934825897	-0.2546960115432739	-0.15918952226638794
CO_LABEL_17	-0.5682869553565979	-0.20099963247776031	0.3300033509731293	0.6184183359146118	0.29263198375701904	-0.39488089084625244	-0.5486658811569214	n/a	-0.6918075680732727	0.5457310676574707	0.06726972758769989	0.7385129928588867	-0.02390374056994915	-0.19500111043453217	0.5474085211753845	-0.5998055338859558	1.0	-0.6296952366828918	0.09590744972229004	0.7054221034049988	0.8657601475715637	0.4018130302429199	0.1904636174440384	-0.2482275515794754	0.6150197386741638	-0.5676145553588867	-0.6959301233291626	-0.47699785232543945	-0.3928071856498718	0.6553571224212646	0.5758728384971619	0.24910584092140198	-0.013183983974158764	-0.5124303102493286	n/a	0.5553126931190491	0.01169428601861	0.4753273129463196	0.15435649454593658	-0.2723996639251709	0.5609877109527588	0.9144835472106934	0.47637617588043213	0.5175779461860657	0.8565019965171814	0.3139054775238037	0.06391023844480515	-0.10636065900325775	-0.18660926818847656	-0.28482335805892944	0.37957316637039185	-0.5174785852432251	-0.2814861834049225	-0.47609782218933105	-0.1257050782442093	-0.03454042598605156	0.6622004508972168	0.018501678481698036	0.3182634115219116	0.24531584978103638	0.2581363618373871	0.4738842844963074	-0.48727327585220337	0.041153352707624435	0.09452679008245468	-0.01983090303838253	-0.22542139887809753	0.3882249891757965	0.05267374962568283	0.06746742129325867	-0.4781857430934906	-0.03038681298494339	-0.1299239993095398	0.052653707563877106	-0.13186615705490112	-0.025675350800156593	0.4012272357940674	0.23001506924629211	0.12031865864992142	0.08958430588245392
DMN_LABEL_18	0.8177714943885803	-0.0004839777247980237	-0.33261701464653015	-0.3911668360233307	0.256428062915802	0.5111080408096313	0.4523071348667145	n/a	0.3687118589878082	-0.6115993857383728	-0.29683932662010193	-0.4793386459350586	0.2063322216272354	0.12920862436294556	-0.455869197845459	0.9097422361373901	-0.6296952366828918	1.0	0.03893379867076874	-0.7036034464836121	-0.7019168734550476	-0.3563429117202759	-0.538111686706543	0.09310352802276611	-0.5653497576713562	0.6351997256278992	0.9306251406669617	0.6622220873832703	0.022729262709617615	-0.7000913619995117	-0.2151452600955963	-0.2117287665605545	0.11806398630142212	0.34710031747817993	n/a	-0.6222703456878662	-0.33234256505966187	-0.6246739625930786	-0.20376087725162506	0.18235112726688385	-0.7013119459152222	-0.6894288659095764	-0.16825824975967407	-0.2247186303138733	-0.6333878040313721	-0.30305659770965576	-0.6109798550605774	0.014904766343533993	-0.05610150471329689	0.5477515459060669	-0.6628596782684326	0.5839724540710449	0.5799137949943542	-0.0880105048418045	0.29037603735923767	0.3865537643432617	-0.31278303265571594	0.008109109476208687	-0.2719361484050751	-0.08968089520931244	-0.3757179081439972	-0.4011240303516388	0.45307454466819763	-0.24807056784629822	-0.08786867558956146	-0.08109934628009796	-0.19729845225811005	0.13883435726165771	0.3660692274570465	-0.16008734703063965	0.5110158920288086	0.09797437489032745	0.31969186663627625	-0.09020883589982986	-0.025940880179405212	-0.004387218970805407	-0.3681330978870392	-0.3307078182697296	-0.2822275757789612	-0.14002971351146698
VAN_LABEL_19	-0.20262348651885986	-0.24743549525737762	0.46833938360214233	0.5396702885627747	0.48501795530319214	-0.26748126745224	-0.3302963674068451	n/a	-0.27573010325431824	0.11004672944545746	-0.13466031849384308	0.18856723606586456	0.20694908499717712	-0.0014264618512243032	0.2150740772485733	0.06884481757879257	0.09590744972229004	0.03893379867076874	1.0	0.14462298154830933	0.17649970948696136	0.13402797281742096	-0.6180285811424255	-0.4753292500972748	-0.050548452883958817	0.027522554621100426	-0.025314543396234512	0.015200920403003693	-0.38419830799102783	0.14169244468212128	0.560039222240448	0.29396024346351624	-0.28983744978904724	-0.2752322852611542	n/a	0.22874349355697632	-0.3223475515842438	0.0952695831656456	0.08239496499300003	0.040529873222112656	0.06452129036188126	0.13194935023784637	0.26855379343032837	0.30580437183380127	0.26917025446891785	-0.005589609034359455	-0.43007907271385193	-0.4187174439430237	-0.3000462055206299	-0.23662005364894867	0.0804978609085083	-0.1078471839427948	-0.18954262137413025	-0.2912750244140625	0.16662515699863434	0.3313979506492615	0.29936665296554565	0.08196898549795151	0.22067289054393768	-0.3229582905769348	-0.4369683861732483	-0.29885485768318176	-0.3452153503894806	-0.313750296831131	-0.34039193391799927	-0.11965074390172958	-0.2869456112384796	-0.043437689542770386	-0.05758579447865486	-0.21751399338245392	-0.4405592679977417	-0.2041354924440384	-0.01001169253140688	-0.13650260865688324	0.055665262043476105	0.021421676501631737	0.19875355064868927	0.14739221334457397	-0.10261277854442596	-0.44810739159584045
CO_LABEL_20	-0.6630368232727051	-0.2595718502998352	0.41132983565330505	0.5379528999328613	-0.03006836585700512	-0.33073484897613525	-0.48050710558891296	n/a	-0.5503034591674805	0.581861138343811	-0.06051633134484291	0.565316915512085	0.02633996680378914	-0.041060976684093475	0.51227867603302	-0.6448093056678772	0.7054221034049988	-0.7036034464836121	0.14462298154830933	1.0	0.7350832223892212	0.25581857562065125	0.2375708967447281	-0.19132860004901886	0.6638123989105225	-0.45575910806655884	-0.6500771045684814	-0.33613675832748413	-0.3490044176578522	0.6467434763908386	0.39464089274406433	0.20657941699028015	-0.19990022480487823	-0.4433251619338989	n/a	0.714786171913147	0.04523022845387459	0.5544869899749756	0.29161566495895386	-0.09281280636787415	0.5334417819976807	0.7377848029136658	0.14624838531017303	0.2631405293941498	0.7283450365066528	0.13408781588077545	0.2618536651134491	-0.08099301904439926	0.07018905878067017	-0.2761160433292389	0.4209686815738678	-0.503657341003418	-0.31609225273132324	-0.17069031298160553	-0.09570666402578354	-0.1743510365486145	0.5428647398948669	0.06169808283448219	0.20829708874225616	-0.0018766674911603332	0.24471840262413025	0.37211549282073975	-0.4945444166660309	0.13961035013198853	0.1056101843714714	0.03293007239699364	0.12683437764644623	0.18266253173351288	-0.2626887559890747	-0.06066811829805374	-0.46732980012893677	0.02504887990653515	-0.2773788571357727	-0.03667173534631729	-0.04642009362578392	0.12463460117578506	0.527187168598175	0.24411913752555847	0.1365993171930313	0.06753483414649963
CO_LABEL_21	-0.7033398747444153	-0.15344856679439545	0.3565039038658142	0.6407637596130371	0.26262998580932617	-0.542125403881073	-0.5896545648574829	n/a	-0.6515397429466248	0.7270268201828003	0.06171143800020218	0.7883461713790894	0.016025345772504807	-0.08255743980407715	0.5873579978942871	-0.6737970113754272	0.8657601475715637	-0.7019168734550476	0.17649970948696136	0.7350832223892212	1.0	0.4262283146381378	0.20821580290794373	-0.31458666920661926	0.4993007779121399	-0.6579121351242065	-0.7635718584060669	-0.6020992994308472	-0.2516136169433594	0.6239465475082397	0.5558642745018005	0.4301040470600128	-0.15657678246498108	-0.5451579093933105	n/a	0.7077124714851379	0.12081218510866165	0.6487939357757568	0.36563315987586975	-0.1615568846464157	0.5518820285797119	0.8004530072212219	0.41100338101387024	0.3702792823314667	0.9290882349014282	0.4202224612236023	0.07790104299783707	-0.22444899380207062	-0.08619708567857742	-0.31515762209892273	0.3825785219669342	-0.6165306568145752	-0.2834343910217285	-0.22599434852600098	-0.04954303056001663	-0.11433038115501404	0.7188816070556641	0.0281108096241951	0.39035725593566895	0.27298179268836975	0.21861957013607025	0.35314249992370605	-0.5843608975410461	0.0715593621134758	-0.0441092774271965	-0.1290290802717209	-0.2277989685535431	0.2770909368991852	-0.17726901173591614	-0.09313919395208359	-0.6117162108421326	-0.17217767238616943	-0.3271765112876892	-0.049212031066417694	0.08307638764381409	0.1498994678258896	0.3606089651584625	0.41555655002593994	0.08026083558797836	-0.08138198405504227
Sal_LABEL_22	-0.45059528946876526	-0.058832425624132156	0.3557799756526947	0.474240779876709	0.19258585572242737	-0.34377041459083557	-0.33892497420310974	n/a	-0.10114318877458572	0.4122966229915619	0.3670947253704071	0.44232019782066345	-0.45361945033073425	-0.3331054449081421	0.26174288988113403	-0.3462000787258148	0.4018130302429199	-0.3563429117202759	0.13402797281742096	0.25581857562065125	0.4262283146381378	1.0	-0.03544130176305771	-0.04728834331035614	0.3471379280090332	-0.6568019390106201	-0.3331977427005768	-0.15112128853797913	-0.2262071967124939	0.44527342915534973	0.42981287837028503	0.31073784828186035	-0.16975130140781403	-0.22664332389831543	n/a	0.23193733394145966	0.27319684624671936	0.29327693581581116	-0.37380704283714294	-0.1682567149400711	0.2423689216375351	0.2791588008403778	0.40153127908706665	0.4046568274497986	0.40540626645088196	0.6483079195022583	-0.0026360705960541964	-0.014865069650113583	-0.27747634053230286	-0.35040998458862305	0.10479791462421417	-0.6788638830184937	-0.26104044914245605	0.07269158214330673	-0.2051231414079666	0.06871233880519867	0.43897879123687744	0.29967647790908813	0.33107414841651917	0.07993963360786438	0.13317938148975372	0.22724983096122742	-0.38728398084640503	-0.34844574332237244	-0.22194640338420868	0.0729914978146553	-0.25332850217819214	0.12332005798816681	0.08955973386764526	0.5398866534233093	-0.4007452130317688	-0.28717344999313354	-0.02099081687629223	-0.17696213722229004	-0.3924435079097748	-0.27431416511535645	0.21945667266845703	0.1636573225259781	-0.21978148818016052	0.004635792691260576
DAN_LABEL_23	-0.31188827753067017	0.5376981496810913	-0.2672862708568573	-0.3071780800819397	-0.59549480676651	-0.38918596506118774	-0.060074128210544586	n/a	0.11607688665390015	0.34197482466697693	0.2370363175868988	0.06227796524763107	0.03999581187963486	0.11723245680332184	0.32721811532974243	-0.6194712519645691	0.1904636174440384	-0.538111686706543	-0.6180285811424255	0.2375708967447281	0.20821580290794373	-0.03544130176305771	1.0	0.04395432770252228	0.5065839290618896	-0.29163017868995667	-0.4228894114494324	-0.3586353361606598	0.5282455086708069	0.12828809022903442	-0.41005468368530273	-0.23892438411712646	-0.13100311160087585	-0.06458990275859833	n/a	0.0945572629570961	0.30561819672584534	0.11848355084657669	0.23417262732982635	0.052352696657180786	0.43675696849823	0.1751689612865448	-0.21544751524925232	-0.18159465491771698	0.04005260765552521	0.17782281339168549	0.8228021860122681	-0.009547242894768715	0.49378275871276855	-0.1849498748779297	0.2924528121948242	-0.17660550773143768	-0.1583956480026245	0.27030691504478455	-0.14734098315238953	-0.3251494765281677	-0.22246913611888885	-0.13098010420799255	-0.1748540848493576	0.5434958934783936	0.5147578120231628	0.1958555281162262	-0.09837555140256882	0.3612931966781616	0.12818998098373413	0.009373555891215801	0.37515169382095337	-0.09567539393901825	-0.14740344882011414	0.27735796570777893	-0.08896744251251221	-0.029208946973085403	-0.11479569226503372	0.1391294002532959	0.053863562643527985	-0.1567031890153885	-0.032598432153463364	0.11246325075626373	0.4077507257461548	0.23070184886455536
PMN_LABEL_24	0.48972001671791077	-0.16733023524284363	-0.259280264377594	-0.27673840522766113	-0.2649048864841461	0.6764095425605774	0.7117182016372681	n/a	0.41931790113449097	-0.13695427775382996	0.35134047269821167	-0.5687796473503113	-0.48233628273010254	-0.3492361903190613	-0.5586987733840942	0.3056827485561371	-0.2482275515794754	0.09310352802276611	-0.4753292500972748	-0.19132860004901886	-0.31458666920661926	-0.04728834331035614	0.04395432770252228	1.0	-0.26273372769355774	0.05208545923233032	0.10918629169464111	0.1141895055770874	0.010347503237426281	-0.3165228068828583	-0.20102731883525848	-0.1959901750087738	0.687506377696991	0.6303555369377136	n/a	-0.17914725840091705	0.24712832272052765	-0.29833948612213135	-0.37153393030166626	-0.35777953267097473	-0.366693377494812	-0.2016967087984085	-0.34059494733810425	-0.058038223534822464	-0.35886332392692566	-0.02823798544704914	0.1720903515815735	0.9182262420654297	-0.21333125233650208	0.2419651299715042	-0.18011793494224548	0.1332041621208191	0.08764994144439697	0.2929339110851288	-0.20981702208518982	-0.1567419320344925	-0.39529556035995483	-0.37579667568206787	-0.4548129737377167	0.03673504665493965	0.07906550914049149	0.09262293577194214	0.25023356080055237	-0.17579494416713715	-0.0841154158115387	0.3776654303073883	0.02397666685283184	-0.00041392663842998445	-0.025327567011117935	0.1830408275127411	0.47502994537353516	0.1824607402086258	0.04390180855989456	0.18367406725883484	-0.24793322384357452	-0.002730787266045809	-0.189842090010643	-0.43095481395721436	-0.2436036765575409	0.3905491232872009
DAN_LABEL_25	-0.5656716227531433	0.2665887475013733	0.41335901618003845	0.35721591114997864	-0.11697620153427124	-0.5267312526702881	-0.49860823154449463	n/a	-0.23345597088336945	0.40698933601379395	0.10935691744089127	0.4001995027065277	0.06266437470912933	0.0330917164683342	0.7586988806724548	-0.6173049211502075	0.6150197386741638	-0.5653497576713562	-0.050548452883958817	0.6638123989105225	0.4993007779121399	0.3471379280090332	0.5065839290618896	-0.26273372769355774	1.0	-0.48466217517852783	-0.47944775223731995	-0.20897461473941803	0.03952547907829285	0.6009302139282227	0.2303321659564972	-0.10807283222675323	-0.3490438461303711	-0.49751102924346924	n/a	0.3161951005458832	0.016519365832209587	0.20706339180469513	0.11432318389415741	0.050226617604494095	0.694588303565979	0.5071103572845459	0.018245121464133263	0.2877083718776703	0.4739025831222534	0.2223014533519745	0.4602976441383362	-0.2531399428844452	0.3609364628791809	-0.4968034625053406	0.40485721826553345	-0.5936160683631897	-0.38738375902175903	-0.0666765570640564	-0.2838117778301239	0.054988790303468704	0.2933875024318695	0.010844947770237923	0.1288219839334488	0.3495621979236603	0.36078590154647827	0.24682976305484772	-0.5753383636474609	-0.007123484741896391	-0.13192611932754517	-0.005503755062818527	0.24660462141036987	0.25117671489715576	-0.06467612087726593	0.3079604506492615	-0.47917264699935913	-0.14799684286117554	-0.06763990223407745	-0.04137779027223587	-0.17630507051944733	-0.22745084762573242	0.49604299664497375	0.07373902946710587	0.23402759432792664	0.10758223384618759
