Node	DMN_LABEL_1	Vis_LABEL_2	FP_LABEL_3	Aud_LABEL_4	Tpole_LABEL_5	PMN_LABEL_6	PON_LABEL_7	MTL_LABEL_8	PON_LABEL_9	CO_LABEL_10	Sal_LABEL_11	CO_LABEL_12	SMd_LABEL_13	SMl_LABEL_14	DAN_LABEL_15	DMN_LABEL_16	CO_LABEL_17	DMN_LABEL_18	VAN_LABEL_19	CO_LABEL_20	CO_LABEL_21	Sal_LABEL_22	DAN_LABEL_23	PMN_LABEL_24	DAN_LABEL_25	DMN_LABEL_26	DMN_LABEL_27	DMN_LABEL_28	Vis_LABEL_29	FP_LABEL_30	Aud_LABEL_31	Tpole_LABEL_32	PMN_LABEL_33	PON_LABEL_34	MTL_LABEL_35	CO_LABEL_36	Sal_LABEL_37	CO_LABEL_38	SMd_LABEL_39	SMl_LABEL_40	DAN_LABEL_41	CO_LABEL_42	VAN_LABEL_43	CO_LABEL_44	CO_LABEL_45	Sal_LABEL_46	DAN_LABEL_47	PMN_LABEL_48	DAN_LABEL_49	DMN_LABEL_50	FP_LABEL_51	DMN_LABEL_52	DMN_LABEL_53	PON_LABEL_54	DMN_LABEL_55	Tpole_LABEL_56	Tpole_LABEL_57	Sal_LABEL_58	Sal_LABEL_59	SMd_LABEL_60	DAN_LABEL_61	FP_LABEL_62	DMN_LABEL_63	FP_LABEL_64	FP_LABEL_65	SMd_LABEL_66	SMl_LABEL_67	SMd_LABEL_68	DMN_LABEL_69	DAN_LABEL_70	DMN_LABEL_71	FP_LABEL_72	SMd_LABEL_73	SMl_LABEL_74	MTL_LABEL_75	MTL_LABEL_76	CO_LABEL_77	CO_LABEL_78	Vis_LABEL_79	Vis_LABEL_80
DMN_LABEL_1	1.0	0.23482316732406616	0.45024654269218445	-0.13337261974811554	-0.1959763616323471	-0.11863131076097488	0.25964611768722534	n/a	0.0422026701271534	-0.5535913705825806	0.1241414025425911	0.1559450626373291	0.053252194076776505	-0.012194006703794003	0.2519625723361969	0.6468385457992554	-0.24367833137512207	-0.15776073932647705	-0.06835267692804337	-0.49280911684036255	-0.199662983417511	-0.2484496682882309	-0.2181243747472763	-0.14140987396240234	-0.3864986002445221	-0.17583580315113068	0.04674062132835388	-0.3362816572189331	0.016964858397841454	-0.05486859753727913	-0.1621440351009369	-0.16032834351062775	0.05991486832499504	0.16803869605064392	n/a	-0.32621386647224426	-0.09921825677156448	0.037485890090465546	0.045085251331329346	-0.026272842660546303	0.0564766563475132	-0.12080318480730057	-0.006089931353926659	0.13384424149990082	-0.10208820551633835	-0.09200640022754669	-0.26470834016799927	0.2188485860824585	0.20531029999256134	0.3306131362915039	0.13527418673038483	-0.06230514124035835	-0.26404285430908203	0.01230437308549881	0.17083407938480377	0.27168911695480347	0.0856427475810051	0.14986632764339447	-0.1761837899684906	0.23320117592811584	-0.04580128192901611	-0.3045238256454468	-0.2271357774734497	-0.24837557971477509	-0.2416829615831375	0.04675518721342087	-0.11040299385786057	0.04076842963695526	-0.06349996477365494	0.32643577456474304	-0.3061545491218567	-0.4093917906284332	0.33479511737823486	-0.2572537660598755	0.26399046182632446	0.4434213638305664	-0.13978442549705505	0.29801511764526367	-0.14453643560409546	-0.18471387028694153
Vis_LABEL_2	0.23482316732406616	1.0	0.3251693546772003	-0.037427809089422226	0.22648707032203674	0.2956905663013458	0.4977729022502899	n/a	0.3405822515487671	-0.10561574250459671	0.06688138842582703	0.28249403834342957	-0.244358628988266	0.01409109216183424	0.14953848719596863	0.1625332534313202	-0.05502058193087578	0.2987176477909088	0.40697890520095825	-0.24345466494560242	0.03848464414477348	0.2686798572540283	0.4740298092365265	0.4971998333930969	0.31618446111679077	-0.21192647516727448	-0.1085527241230011	0.21588905155658722	0.8073194622993469	0.11866956204175949	-0.4039754271507263	-0.05407184734940529	-0.03996700420975685	0.11451780050992966	n/a	-0.17353157699108124	-0.011803769506514072	-0.05887512490153313	-0.23819294571876526	-0.32937192916870117	0.17467540502548218	0.01813243143260479	-0.1949680745601654	0.15368320047855377	0.13547880947589874	0.3624456226825714	0.33276253938674927	0.6208145022392273	0.26127225160598755	0.1754363775253296	0.3953235447406769	-0.3490476608276367	-0.0008393885218538344	-0.17809496819972992	-0.12608470022678375	0.4254343509674072	-0.0015240617794916034	-0.1382809579372406	0.29320600628852844	0.37365007400512695	-0.3491530418395996	-0.5635959506034851	-0.06077485904097557	-0.4547443389892578	0.22737878561019897	0.3203853666782379	-0.0665397122502327	-0.08756596595048904	-0.04171145707368851	0.10596837103366852	-0.37663352489471436	-0.39042720198631287	0.08641242980957031	0.19358772039413452	0.4340808391571045	0.2125702202320099	-0.27271801233291626	0.23116770386695862	0.3886079788208008	0.036625299602746964
FP_LABEL_3	0.45024654269218445	0.3251693546772003	1.0	0.28414005041122437	-0.08108752965927124	-0.07989609986543655	0.16766026616096497	n/a	0.2348467856645584	-0.04102835804224014	0.034947365522384644	0.16714708507061005	-0.012015579268336296	0.05313052237033844	0.07981757074594498	0.5852348208427429	0.041623804718256	-0.003933429252356291	0.1904047578573227	-0.34943389892578125	0.14174652099609375	-0.0004440991615410894	0.16997691988945007	-0.09480816125869751	-0.04378395155072212	-0.1219201609492302	-0.18190160393714905	0.1843445897102356	0.11817216128110886	0.057624638080596924	-0.1461135447025299	-0.086573526263237	-0.15682412683963776	0.12121573835611343	n/a	-0.09556904435157776	-0.27213379740715027	0.21409794688224792	0.14965815842151642	-0.11967793852090836	0.1134757325053215	0.29078635573387146	0.15699483454227448	0.34479057788848877	0.07925568521022797	-0.03344424441456795	0.1861075758934021	0.13966237008571625	0.4706578254699707	0.15382158756256104	-0.2095908373594284	-0.06819058209657669	0.15253053605556488	0.2667360305786133	-0.15937753021717072	0.07042358815670013	0.12085837125778198	0.05041210725903511	-0.2521935701370239	0.11889012157917023	-0.021463802084326744	-0.3333265483379364	-0.16199171543121338	-0.41946545243263245	-0.2069968283176422	0.3203877806663513	-0.02912423573434353	-0.17226102948188782	-0.0701061561703682	0.03373376280069351	-0.31853026151657104	-0.460823118686676	0.34205976128578186	-0.17794494330883026	0.2656523585319519	0.4092118442058563	0.249653622508049	-0.033325955271720886	0.10136303305625916	-0.0687059834599495
Aud_LABEL_4	-0.13337261974811554	-0.037427809089422226	0.28414005041122437	1.0	-0.04438132792711258	0.42714497447013855	0.05556761845946312	n/a	0.1745826154947281	0.5043389797210693	-0.026514017954468727	-0.14410150051116943	0.2709803879261017	0.5846010446548462	0.08638464659452438	0.32899215817451477	0.5731723308563232	0.27198755741119385	0.6620611548423767	0.47084707021713257	0.5399695634841919	0.14216375350952148	0.18930158019065857	-0.27448922395706177	0.47900494933128357	0.08515933901071548	-0.06714554131031036	0.3409711718559265	0.038375042378902435	-0.08748340606689453	0.4316502511501312	-0.16597196459770203	0.21295931935310364	-0.05078183859586716	n/a	0.5102114081382751	0.03908960893750191	0.2310543656349182	0.06972689181566238	0.18765297532081604	-0.04236080124974251	0.4550790786743164	0.41881218552589417	0.3839493691921234	0.11489716917276382	-0.11764270067214966	0.1287139356136322	-0.22162006795406342	0.1779073029756546	-0.047051504254341125	-0.320922315120697	0.061773452907800674	0.4646514058113098	0.3681604862213135	-0.3380078375339508	-0.2096269577741623	-0.055628348141908646	0.25234466791152954	0.018630923703312874	-0.4206314980983734	-0.1618504375219345	0.2123652845621109	0.45401814579963684	0.03166373819112778	0.14852117002010345	0.001759925507940352	0.07873076945543289	-0.04807676747441292	-0.20111453533172607	-0.638027012348175	0.30090567469596863	0.001611180603504181	-0.08740819245576859	0.00848268624395132	-0.013703652657568455	-0.06944268196821213	0.45272180438041687	-0.14178045094013214	0.13064271211624146	0.33114564418792725
Tpole_LABEL_5	-0.1959763616323471	0.22648707032203674	-0.08108752965927124	-0.04438132792711258	1.0	-0.0047468142583966255	0.28365904092788696	n/a	0.3759532570838928	0.15037159621715546	0.1641331911087036	0.06049255654215813	-0.322750449180603	0.031782105565071106	0.13922233879566193	-0.27250587940216064	-0.05448228865861893	0.6219450831413269	0.011472975835204124	0.23038561642169952	0.12747319042682648	0.5679939389228821	0.5258641242980957	0.558985710144043	0.2640276253223419	-0.18258121609687805	0.3446950316429138	0.05679013207554817	0.12269598245620728	0.3918779194355011	-0.35416239500045776	0.6721739172935486	0.05057888478040695	0.28231170773506165	n/a	-0.23075108230113983	0.32285276055336	-0.45432788133621216	-0.5738033056259155	-0.02425508201122284	0.2032439261674881	-0.028157932683825493	-0.3085446357727051	-0.43090346455574036	0.40709832310676575	0.20773930847644806	0.4127822816371918	0.45532503724098206	-0.0063512809574604034	0.27668723464012146	0.22482509911060333	-0.2480023354291916	0.22134913504123688	-0.3923804461956024	0.10423853248357773	0.3125411570072174	-0.001197229023091495	-0.1520143747329712	0.4876832067966461	0.4631541073322296	0.10402899235486984	0.03042982704937458	-0.09070225059986115	0.06431949883699417	0.22176770865917206	0.2322414219379425	-0.278511643409729	0.2394644170999527	0.13809053599834442	0.12049288302659988	-0.193742036819458	0.15914671123027802	-0.002724697347730398	-0.09838546812534332	-0.013345746323466301	-0.35915395617485046	-0.1479726880788803	-0.005760602653026581	0.17882941663265228	0.11702684313058853
PMN_LABEL_6	-0.11863131076097488	0.2956905663013458	-0.07989609986543655	0.42714497447013855	-0.0047468142583966255	1.0	0.46188628673553467	n/a	0.23106153309345245	0.16465097665786743	0.23478221893310547	-0.18605178594589233	0.15201810002326965	0.24952436983585358	0.2271750271320343	0.11341515183448792	0.3888116776943207	0.20519842207431793	0.45976296067237854	0.11931215971708298	0.11279373615980148	0.2925443947315216	0.3257116675376892	0.15794852375984192	0.5202186107635498	0.2198760211467743	-0.02761096879839897	0.16233506798744202	0.4519105553627014	0.1163717582821846	0.35068657994270325	-0.35842886567115784	0.6552251577377319	0.07880324870347977	n/a	0.2982407510280609	0.3394489884376526	-0.21316255629062653	0.13645067811012268	-0.2286175638437271	0.23433297872543335	0.17027200758457184	0.2277696132659912	0.33391547203063965	0.028980066999793053	0.03339963033795357	0.2587449252605438	0.3459850549697876	0.28121501207351685	0.2579013705253601	-0.05399851128458977	0.1664736121892929	0.24416036903858185	0.07965423166751862	-0.3566148579120636	-0.05574140325188637	0.15485431253910065	0.018855957314372063	0.48314645886421204	-0.03852386772632599	-0.21751300990581512	0.1684703230857849	0.6797375679016113	0.07935462892055511	0.4371453523635864	-0.06243414431810379	0.12395776808261871	0.0030753822065889835	-0.06301390379667282	-0.5145533084869385	0.33838117122650146	-0.007810737006366253	0.006174000445753336	0.26463207602500916	0.2645012140274048	-0.10221926122903824	-0.17638348042964935	0.13142935931682587	0.21830140054225922	0.2142014354467392
PON_LABEL_7	0.25964611768722534	0.4977729022502899	0.16766026616096497	0.05556761845946312	0.28365904092788696	0.46188628673553467	1.0	n/a	0.6804731488227844	-0.3775968551635742	0.40463390946388245	0.1530706137418747	-0.2934134304523468	-0.21209147572517395	0.6110515594482422	0.26408466696739197	0.16437989473342896	0.42208629846572876	0.3450675308704376	-0.24779237806797028	-0.056234538555145264	0.316652774810791	0.5363796353340149	0.2920650839805603	0.6139174103736877	-0.0480460524559021	0.3348267674446106	-0.05835709720849991	0.4538043737411499	0.36842358112335205	0.006447965744882822	0.09129104018211365	0.5165526866912842	0.7458149194717407	n/a	-0.3437410593032837	0.3052068054676056	-0.24023942649364471	-0.2610771954059601	-0.40431636571884155	0.45297953486442566	-0.06439834833145142	-0.2931519150733948	-0.013142911717295647	0.32331788539886475	0.03974592685699463	0.1874644160270691	0.6287232041358948	0.47549504041671753	0.7757115364074707	0.24055729806423187	-0.12135827541351318	0.11349605023860931	-0.28276190161705017	-0.16997051239013672	0.0934281125664711	0.34710952639579773	-0.19761696457862854	0.4099135398864746	0.5627407431602478	0.012289663776755333	-0.12217996269464493	0.2266392558813095	-0.021175727248191833	0.32288530468940735	-0.08477426320314407	-0.255367249250412	0.10264541953802109	0.3105342984199524	0.105096735060215	0.009647485800087452	-0.16985471546649933	0.028341589495539665	-0.06997354328632355	0.5635900497436523	-0.2146480530500412	-0.4272296130657196	0.18987968564033508	0.42445170879364014	0.05341171473264694
MTL_LABEL_8	n/a	n/a	n/a	n/a	n/a	n/a	n/a	1.0	n/a	n/a	n/a	n/a	n/a	n/a	n/a	n/a	n/a	n/a	n/a	n/a	n/a	n/a	n/a	n/a	n/a	n/a	n/a	n/a	n/a	n/a	n/a	n/a	n/a	n/a	n/a	n/a	n/a	n/a	n/a	n/a	n/a	n/a	n/a	n/a	n/a	n/a	n/a	n/a	n/a	n/a	n/a	n/a	n/a	n/a	n/a	n/a	n/a	n/a	n/a	n/a	n/a	n/a	n/a	n/a	n/a	n/a	n/a	n/a	n/a	n/a	n/a	n/a	n/a	n/a	n/a	n/a	n/a	n/a	n/a	n/a
PON_LABEL_9	0.0422026701271534	0.3405822515487671	0.2348467856645584	0.1745826154947281	0.3759532570838928	0.23106153309345245	0.6804731488227844	n/a	1.0	-0.293767511844635	0.2808685600757599	0.007513678632676601	-0.5906304717063904	-0.15785814821720123	0.5459597706794739	0.11160627007484436	0.23038925230503082	0.5445699095726013	0.25881412625312805	0.04769304394721985	0.2703705132007599	0.41279149055480957	0.45794910192489624	0.2383093535900116	0.6194525361061096	-0.1410798281431198	0.1625291109085083	0.0868101418018341	0.2692609429359436	0.43494075536727905	0.07570259273052216	0.48884379863739014	0.21062661707401276	0.6888589262962341	n/a	-0.40537407994270325	0.3041870594024658	-0.42611151933670044	-0.4375254213809967	-0.21799816191196442	0.26055586338043213	0.09719890356063843	-0.3985919654369354	-0.23257872462272644	0.5573328137397766	0.12865179777145386	0.06696100533008575	0.5680777430534363	0.4817351996898651	0.6710572242736816	0.1910446137189865	-0.09974390268325806	0.43665337562561035	-0.4066393971443176	-0.34266549348831177	0.12102289497852325	0.3676879107952118	-0.23853783309459686	0.24948568642139435	0.4951046407222748	-0.03751257434487343	-0.08573056757450104	0.2172030657529831	0.11729750782251358	0.4095231592655182	-0.2962006628513336	-0.4212532937526703	0.025028396397829056	0.3933393955230713	0.2444927990436554	-0.03690951690077782	0.07604887336492538	-0.11447788774967194	-0.1059841737151146	0.7004274725914001	-0.22923879325389862	-0.3361191749572754	0.17645110189914703	0.5611307621002197	0.2518865168094635
CO_LABEL_10	-0.5535913705825806	-0.10561574250459671	-0.04102835804224014	0.5043389797210693	0.15037159621715546	0.16465097665786743	-0.3775968551635742	n/a	-0.293767511844635	1.0	-0.049314238131046295	-0.14870703220367432	0.32653555274009705	0.478659987449646	-0.2831265330314636	-0.1875404268503189	0.16625769436359406	0.21541127562522888	0.21257394552230835	0.4446617662906647	0.33329254388809204	0.18786786496639252	0.24271252751350403	0.025033488869667053	0.07901225239038467	8.625632472103462e-05	-0.053943146020174026	0.49530988931655884	0.1225719079375267	-0.13715849816799164	0.07880887389183044	-0.16364049911499023	-0.04508145526051521	-0.385050892829895	n/a	0.7540439367294312	0.0503743514418602	0.18437667191028595	0.1420961171388626	0.20068702101707458	0.025992922484874725	0.39993083477020264	0.47146350145339966	0.2365884631872177	0.05501248687505722	0.12215296924114227	0.5033512711524963	-0.35330477356910706	-0.13586857914924622	-0.5104897618293762	-0.21581797301769257	-0.17987477779388428	0.22781260311603546	0.42546167969703674	-0.23835402727127075	-0.28127607703208923	-0.1117054745554924	0.2168506234884262	0.22604237496852875	-0.5015357136726379	-0.07987435162067413	0.14423808455467224	0.16270361840724945	-0.03431042656302452	0.00566874397918582	0.24760077893733978	0.23109793663024902	-0.10761277377605438	-0.3935109078884125	-0.6229853630065918	0.06672579795122147	0.06750991940498352	-0.017324648797512054	0.18649132549762726	-0.39045220613479614	-0.19708698987960815	0.47725504636764526	-0.20625895261764526	-0.02326914481818676	0.1948784440755844
Sal_LABEL_11	0.1241414025425911	0.06688138842582703	0.034947365522384644	-0.026514017954468727	0.1641331911087036	0.23478221893310547	0.40463390946388245	n/a	0.2808685600757599	-0.049314238131046295	1.0	-0.3301272988319397	-0.24245114624500275	-0.11180364340543747	0.45772725343704224	0.05635270103812218	0.03275279700756073	0.37922555208206177	0.033603984862565994	-0.047914035618305206	0.235465407371521	0.4858458936214447	0.1194988563656807	-0.11388196051120758	0.10804421454668045	-0.13155731558799744	0.5412161946296692	0.17457610368728638	0.13123902678489685	0.01052238792181015	0.09509474784135818	0.018953511491417885	0.2944886386394501	0.39777418971061707	n/a	0.08476486057043076	0.8039054870605469	-0.2498084157705307	0.00833521131426096	-0.33474934101104736	0.4045329988002777	-0.1882602721452713	0.04459284991025925	-0.07688537240028381	0.4470497965812683	0.40200912952423096	0.11610675603151321	0.21268635988235474	0.22351844608783722	0.42711248993873596	0.37950581312179565	-0.18835453689098358	-0.2195255607366562	-0.12207883596420288	0.02239757776260376	-0.05044803395867348	0.7521448731422424	0.14217403531074524	0.5934877395629883	0.2806519865989685	0.10300825536251068	-0.00966684427112341	0.2649773955345154	0.13970151543617249	0.32683470845222473	-0.03438809886574745	0.010549454018473625	-0.08785722404718399	0.1753053218126297	0.04686003550887108	0.030189169570803642	0.031422361731529236	-0.04316643252968788	0.17989729344844818	0.4754694700241089	-0.1242603212594986	-0.2736768424510956	0.5220668911933899	0.3647933304309845	0.18755021691322327
CO_LABEL_12	0.1559450626373291	0.28249403834342957	0.16714708507061005	-0.14410150051116943	0.06049255654215813	-0.18605178594589233	0.1530706137418747	n/a	0.007513678632676601	-0.14870703220367432	-0.3301272988319397	1.0	0.0958927795290947	-0.340569406747818	0.1277761310338974	0.2819993197917938	-0.11454010754823685	-0.01826353557407856	0.17160636186599731	-0.25654637813568115	-0.21249988675117493	-0.46225064992904663	-0.007034339010715485	0.1331464797258377	0.06181842088699341	-0.12384290993213654	-0.04687585309147835	-0.34218016266822815	0.04906050115823746	0.10735102742910385	-0.31577736139297485	0.055666301399469376	-0.0668187215924263	-0.019530577585101128	n/a	-0.3088136911392212	-0.4273295998573303	0.5296705961227417	-0.0835900530219078	-0.15574926137924194	-0.22669470310211182	-0.26308751106262207	-0.285314679145813	0.1502140611410141	-0.1966155469417572	-0.20908699929714203	-0.15495193004608154	0.05749187991023064	0.006497611757367849	0.0756654217839241	0.06244846433401108	-0.02869846485555172	0.13624556362628937	-0.11213117092847824	0.39735522866249084	0.2687869966030121	-0.4505235552787781	-0.2648963928222656	-0.3449810743331909	0.11307710409164429	-0.21475347876548767	-0.3389510214328766	-0.44843417406082153	-0.4759836196899414	-0.28981730341911316	0.237474262714386	-0.05083112791180611	-0.09474897384643555	-0.23649653792381287	0.07655639201402664	-0.3803529143333435	-0.34656473994255066	0.23420576751232147	-0.1616823375225067	-0.2316054403781891	0.10376302897930145	0.039469748735427856	-0.42799195647239685	-0.4269377291202545	-0.301405668258667
SMd_LABEL_13	0.053252194076776505	-0.244358628988266	-0.012015579268336296	0.2709803879261017	-0.322750449180603	0.15201810002326965	-0.2934134304523468	n/a	-0.5906304717063904	0.32653555274009705	-0.24245114624500275	0.0958927795290947	1.0	0.2411719411611557	-0.0610823892056942	0.2948256731033325	0.11249147355556488	-0.23251110315322876	0.028292341157794	-0.03305609151721001	-0.12214116752147675	-0.4122469127178192	-0.08549018949270248	-0.09019825607538223	-0.1877969205379486	0.365482896566391	-0.01899729296565056	-0.02999153546988964	-0.13073112070560455	-0.06702683120965958	0.20462721586227417	-0.5337810516357422	0.2284889817237854	-0.3587581515312195	n/a	0.3802524209022522	-0.1672918051481247	0.30819958448410034	0.6723458766937256	0.07806982845067978	-0.04157251864671707	0.07796181738376617	0.5371392369270325	0.3122478425502777	-0.4839027523994446	-0.3221253752708435	0.055271875113248825	-0.3881571888923645	-0.3358924984931946	-0.27097490429878235	-0.2181997448205948	0.22438406944274902	-0.21796450018882751	0.3521389961242676	0.26367059350013733	-0.17244291305541992	-0.35482341051101685	0.15611253678798676	-0.18414874374866486	-0.3358197510242462	0.13074372708797455	0.18701253831386566	0.12344340234994888	-0.04154558852314949	-0.25561290979385376	0.1534271240234375	0.33070677518844604	0.13187138736248016	-0.3279023766517639	-0.391889750957489	0.16573311388492584	-0.03169149160385132	0.1598764955997467	0.011018621735274792	-0.5494381189346313	0.02107500284910202	0.27412864565849304	-0.2637539505958557	-0.5301079154014587	-0.001680395333096385
SMl_LABEL_14	-0.012194006703794003	0.01409109216183424	0.05313052237033844	0.5846010446548462	0.031782105565071106	0.24952436983585358	-0.21209147572517395	n/a	-0.15785814821720123	0.478659987449646	-0.11180364340543747	-0.340569406747818	0.2411719411611557	1.0	-0.14612069725990295	0.03827310726046562	0.4133138954639435	0.1580263078212738	0.41244739294052124	0.5343366861343384	0.49737414717674255	0.176771342754364	0.10128999501466751	-0.03800765052437782	0.07407093793153763	-0.20456044375896454	-0.056834325194358826	0.2847746014595032	0.06658641993999481	-0.138010635972023	0.23655253648757935	-0.1561441719532013	-0.07728246599435806	-0.27358680963516235	n/a	0.640432596206665	0.0514792762696743	0.00817819032818079	0.013009022921323776	0.6362521648406982	0.05544060096144676	0.5056614875793457	0.3574194312095642	0.3653639256954193	0.10292727500200272	0.1663951724767685	0.23379898071289062	-0.16964833438396454	-0.26306092739105225	-0.4428888261318207	-0.10849632322788239	-0.28159648180007935	0.17938284575939178	0.19383473694324493	-0.2019374519586563	0.0608954094350338	-0.24461033940315247	0.37639474868774414	0.16125772893428802	-0.34587839245796204	0.021925680339336395	0.2184656262397766	0.2939958870410919	0.03408404812216759	0.1454111933708191	0.050214290618896484	0.173625186085701	0.18792478740215302	-0.20186686515808105	-0.3700161576271057	0.18345624208450317	0.10483384132385254	-0.15188005566596985	0.16664554178714752	-0.23028109967708588	0.05215062201023102	0.25785031914711	0.1659369319677353	0.018553603440523148	0.30559295415878296
DAN_LABEL_15	0.2519625723361969	0.14953848719596863	0.07981757074594498	0.08638464659452438	0.13922233879566193	0.2271750271320343	0.6110515594482422	n/a	0.5459597706794739	-0.2831265330314636	0.45772725343704224	0.1277761310338974	-0.0610823892056942	-0.14612069725990295	1.0	0.2594379484653473	0.36678653955459595	0.46932533383369446	0.3035092055797577	0.012052638456225395	0.15551938116550446	0.10963549464941025	0.34344831109046936	0.039098769426345825	0.405995637178421	-0.031101835891604424	0.479206919670105	-0.23206214606761932	0.1514614373445511	0.4457385540008545	0.27645060420036316	0.23528669774532318	0.41690894961357117	0.6107417941093445	n/a	-0.17757214605808258	0.5393903255462646	-0.16767019033432007	-0.17233683168888092	-0.1490963250398636	0.4741389751434326	0.13516995310783386	-0.11871057003736496	-0.04005898907780647	0.49961328506469727	0.05171852186322212	-0.016778606921434402	0.35334447026252747	0.18213799595832825	0.6997024416923523	0.49179530143737793	-0.06961110234260559	0.1051100417971611	-0.43773630261421204	0.10106081515550613	0.07202334702014923	0.29644766449928284	-0.019244026392698288	0.4067594110965729	0.5060850977897644	0.09187352657318115	-0.005302913952618837	0.259733647108078	0.12710648775100708	0.35141053795814514	-0.33656811714172363	-0.22790510952472687	0.228984072804451	0.3159911632537842	0.2576238811016083	0.03575631603598595	0.0892757698893547	-0.13894177973270416	-0.002657349221408367	0.44101113080978394	-0.41601264476776123	-0.4347245395183563	0.3502826392650604	0.13913165032863617	0.19522763788700104
DMN_LABEL_16	0.6468385457992554	0.1625332534313202	0.5852348208427429	0.32899215817451477	-0.27250587940216064	0.11341515183448792	0.26408466696739197	n/a	0.11160627007484436	-0.1875404268503189	0.05635270103812218	0.2819993197917938	0.2948256731033325	0.03827310726046562	0.2594379484653473	1.0	0.10083772242069244	-0.02873244136571884	0.22863465547561646	-0.2526187598705292	0.01890304684638977	-0.31072139739990234	-0.00452178530395031	-0.21546588838100433	-0.0555170513689518	0.03359810635447502	0.014549762941896915	-0.2755656838417053	-0.04084820672869682	-0.20406952500343323	0.05614626407623291	-0.354676753282547	0.04032601788640022	0.013495098799467087	n/a	-0.12588074803352356	-0.18994762003421783	0.22075368463993073	0.24360373616218567	-0.19371066987514496	-0.12007661163806915	-0.10647016018629074	0.12044587731361389	0.2445824295282364	-0.2598247230052948	-0.24757862091064453	-0.2186567783355713	0.007510642521083355	0.14080233871936798	0.2713722288608551	-0.13940325379371643	0.08245013654232025	-0.027267636731266975	0.20175430178642273	0.06692595779895782	0.22401970624923706	-0.06730493903160095	0.1895330399274826	-0.24875502288341522	-0.00653289956972003	-0.023659637197852135	-0.09191369265317917	0.09777677059173584	-0.12768778204917908	-0.05184859409928322	0.018241509795188904	0.11499869078397751	0.03433801978826523	-0.08674633502960205	-0.05270631983876228	-0.0074471295811235905	-0.310891717672348	0.12960761785507202	-0.061254244297742844	0.10134512186050415	0.44979000091552734	0.1887330561876297	0.027424544095993042	-0.1812867522239685	-0.021171826869249344
CO_LABEL_17	-0.24367833137512207	-0.05502058193087578	0.041623804718256	0.5731723308563232	-0.05448228865861893	0.3888116776943207	0.16437989473342896	n/a	0.23038925230503082	0.16625769436359406	0.03275279700756073	-0.11454010754823685	0.11249147355556488	0.4133138954639435	0.36678653955459595	0.10083772242069244	1.0	0.11972344666719437	0.5736750364303589	0.5857284069061279	0.6375479102134705	0.18544231355190277	0.3230188190937042	-0.06366308778524399	0.5882645845413208	0.03539951145648956	0.11382114887237549	-0.013235402293503284	-0.03494324907660484	0.13986939191818237	0.6702850461006165	0.05365631356835365	0.11745931208133698	0.10034758597612381	n/a	0.3817927837371826	0.252082884311676	0.0770859569311142	0.00023489116574637592	0.13338753581047058	0.17454105615615845	0.3677845299243927	-0.055365193635225296	0.2028125524520874	0.3031439185142517	0.15024960041046143	0.046631716191768646	0.05441587045788765	-0.18920153379440308	-0.003968108911067247	-0.0016518717166036367	0.035794779658317566	0.2373398393392563	-0.2707391381263733	-0.14590933918952942	0.06716819107532501	-0.11986950039863586	0.05712396278977394	0.12021581083536148	-0.04344640672206879	0.16237221658229828	0.3257938027381897	0.6242437958717346	0.3119870126247406	0.6180910468101501	-0.3611091077327728	0.10906925797462463	0.18138487637043	0.289704293012619	-0.234701007604599	0.4840069115161896	0.27945855259895325	-0.45496171712875366	0.3490654230117798	0.02946038916707039	-0.19393210113048553	0.023529240861535072	0.04001458361744881	0.13380101323127747	0.45743104815483093
DMN_LABEL_18	-0.15776073932647705	0.2987176477909088	-0.003933429252356291	0.27198755741119385	0.6219450831413269	0.20519842207431793	0.42208629846572876	n/a	0.5445699095726013	0.21541127562522888	0.37922555208206177	-0.01826353557407856	-0.23251110315322876	0.1580263078212738	0.46932533383369446	-0.02873244136571884	0.11972344666719437	1.0	0.41862067580223083	0.27186858654022217	0.34322115778923035	0.48046815395355225	0.46846216917037964	0.20248089730739594	0.5049196481704712	-0.33105042576789856	0.5507877469062805	0.33733582496643066	0.27477312088012695	0.30792364478111267	-0.08155849575996399	0.4292464554309845	0.0970272421836853	0.37194129824638367	n/a	0.01156219094991684	0.5041050910949707	-0.31292614340782166	-0.34849298000335693	0.052509330213069916	0.2975049316883087	0.19295251369476318	0.09559836238622665	-0.14201831817626953	0.49221891164779663	0.3417555093765259	0.30421507358551025	0.2857348620891571	0.09126938134431839	0.40796032547950745	0.3701481521129608	-0.4693920314311981	0.4352652430534363	-0.16563564538955688	0.08585882186889648	0.12501800060272217	0.27519649267196655	0.08629500865936279	0.5597987771034241	0.29762232303619385	0.03154914453625679	0.02669384889304638	0.1162196695804596	-0.08048974722623825	0.31747567653656006	0.09091886878013611	0.009435911662876606	0.17549099028110504	0.12606990337371826	-0.015737047418951988	-0.07199329137802124	0.2210582196712494	-0.2259064018726349	0.1888316571712494	0.22275599837303162	-0.42653778195381165	-0.10572677105665207	0.22596384584903717	0.26890718936920166	0.15694916248321533
VAN_LABEL_19	-0.06835267692804337	0.40697890520095825	0.1904047578573227	0.6620611548423767	0.011472975835204124	0.45976296067237854	0.3450675308704376	n/a	0.25881412625312805	0.21257394552230835	0.033603984862565994	0.17160636186599731	0.028292341157794	0.41244739294052124	0.3035092055797577	0.22863465547561646	0.5736750364303589	0.41862067580223083	1.0	0.43139776587486267	0.41390135884284973	0.14825163781642914	0.30840370059013367	-0.07992586493492126	0.6626884937286377	-0.2025163322687149	0.02569396421313286	0.24935626983642578	0.3197498619556427	0.07737687230110168	0.17594805359840393	-0.17414885759353638	0.15157507359981537	0.0405261367559433	n/a	0.35111039876937866	0.08606884628534317	0.29026874899864197	-0.10546763986349106	0.08653663098812103	0.05274469405412674	0.3572576344013214	0.1555221527814865	0.5203282833099365	0.1539033055305481	0.13935966789722443	0.1661849319934845	0.11389011889696121	0.15274183452129364	0.042452678084373474	0.014193507842719555	-0.21761749684810638	0.3756481409072876	0.09650099277496338	-0.10688482969999313	0.11590132862329483	-0.12478706240653992	0.08276540786027908	0.1642310470342636	-0.13120527565479279	-0.26670700311660767	-0.08492536842823029	0.26194506883621216	-0.30286532640457153	0.24205905199050903	0.13948242366313934	0.10284808278083801	-0.059505101293325424	-0.1678393930196762	-0.4385554790496826	0.016641976311802864	-0.12417414784431458	-0.15870407223701477	0.21083733439445496	0.07564590871334076	-0.08117187023162842	0.10945899039506912	-0.004813294392079115	0.09772036969661713	0.14881794154644012
CO_LABEL_20	-0.49280911684036255	-0.24345466494560242	-0.34943389892578125	0.47084707021713257	0.23038561642169952	0.11931215971708298	-0.24779237806797028	n/a	0.04769304394721985	0.4446617662906647	-0.047914035618305206	-0.25654637813568115	-0.03305609151721001	0.5343366861343384	0.012052638456225395	-0.2526187598705292	0.5857284069061279	0.27186858654022217	0.43139776587486267	1.0	0.6110777258872986	0.2609539330005646	0.1298850178718567	-0.061732545495033264	0.3756784498691559	-0.16301313042640686	0.10385764390230179	0.04539581760764122	-0.23056761920452118	-0.00923316739499569	0.33802831172943115	0.2041659653186798	-0.08894617855548859	-0.2186381220817566	n/a	0.4760870039463043	0.2643730640411377	-0.07185423374176025	-0.2658379375934601	0.42997491359710693	-0.1270514577627182	0.22780312597751617	-0.021815190091729164	-0.06356615573167801	0.22739562392234802	0.10976232588291168	0.05061102658510208	-0.1843317598104477	-0.4097314178943634	-0.3182370066642761	-0.027392491698265076	-0.1097676008939743	0.23155410587787628	-0.13031302392482758	-0.0014164171880111098	0.14250993728637695	-0.2609593868255615	0.1690453588962555	0.1922367960214615	-0.2920309007167816	0.05222859978675842	0.4260837435722351	0.3270342946052551	0.3142881393432617	0.3900177776813507	-0.18984320759773254	0.05236451327800751	0.17591789364814758	0.008582555688917637	-0.3053257465362549	0.2934440076351166	0.47885653376579285	-0.46908310055732727	0.25821995735168457	-0.2668241560459137	-0.24233204126358032	0.17281849682331085	0.014042383059859276	-0.008076701313257217	0.418462336063385
CO_LABEL_21	-0.199662983417511	0.03848464414477348	0.14174652099609375	0.5399695634841919	0.12747319042682648	0.11279373615980148	-0.056234538555145264	n/a	0.2703705132007599	0.33329254388809204	0.235465407371521	-0.21249988675117493	-0.12214116752147675	0.49737414717674255	0.15551938116550446	0.01890304684638977	0.6375479102134705	0.34322115778923035	0.41390135884284973	0.6110777258872986	1.0	0.34749385714530945	0.1964981108903885	-0.18203319609165192	0.3844340741634369	-0.11703045666217804	0.2464866191148758	0.2417580932378769	0.05714619904756546	-0.13301198184490204	0.4804893732070923	0.23186558485031128	-0.23824866116046906	0.06381668895483017	n/a	0.4112826883792877	0.38944095373153687	-0.00912742130458355	-0.0979040190577507	0.30260521173477173	0.14693187177181244	0.34834328293800354	0.05348588153719902	0.013812382705509663	0.5121486186981201	0.2753327190876007	0.06955117732286453	-0.06511040776968002	-0.1424393355846405	-0.10200606286525726	0.16821534931659698	-0.18562984466552734	0.25389811396598816	-0.1547970026731491	-0.07269971072673798	0.1517716944217682	0.015834158286452293	0.4281185269355774	0.19143640995025635	-0.031533047556877136	0.07856572419404984	0.1735161691904068	0.41280195116996765	0.21943026781082153	0.5255910754203796	-0.22799260914325714	0.06863905489444733	0.07042913883924484	0.21040049195289612	-0.11873379349708557	0.25827574729919434	0.255521684885025	-0.38208672404289246	0.3770504593849182	0.10471152514219284	-0.046247225254774094	0.3250868618488312	0.35349783301353455	0.3115386366844177	0.6239722967147827
Sal_LABEL_22	-0.2484496682882309	0.2686798572540283	-0.0004440991615410894	0.14216375350952148	0.5679939389228821	0.2925443947315216	0.316652774810791	n/a	0.41279149055480957	0.18786786496639252	0.4858458936214447	-0.46225064992904663	-0.4122469127178192	0.176771342754364	0.10963549464941025	-0.31072139739990234	0.18544231355190277	0.48046815395355225	0.14825163781642914	0.2609539330005646	0.34749385714530945	1.0	0.4697033166885376	0.1894904375076294	0.40419191122055054	-0.04649895429611206	0.3725510835647583	0.39831721782684326	0.3620269298553467	0.28356316685676575	0.02753935381770134	0.3651370406150818	0.10880762338638306	0.34490540623664856	n/a	0.1801409125328064	0.5724876523017883	-0.45082390308380127	-0.3491385877132416	-0.18433278799057007	0.5082486271858215	0.20377223193645477	-0.07910777628421783	-0.1586800217628479	0.652657151222229	0.4236549437046051	0.5753518342971802	0.46764665842056274	0.25724780559539795	0.2775963842868805	0.15020865201950073	-0.1257871836423874	0.01203148066997528	-0.12346123903989792	-0.1823047250509262	-0.038012269884347916	0.46869590878486633	0.03624088317155838	0.6466918587684631	0.3744901120662689	0.17898403108119965	0.12562339007854462	0.2049206644296646	0.13052180409431458	0.3891066312789917	0.16580365598201752	-0.08357039839029312	0.1546575427055359	0.2764422297477722	-0.1149226725101471	0.09499376267194748	0.12928406894207	-0.10133172571659088	0.15896743535995483	0.3475448191165924	-0.2960905432701111	-0.21340879797935486	0.3665201663970947	0.5404746532440186	0.3682266175746918
DAN_LABEL_23	-0.2181243747472763	0.4740298092365265	0.16997691988945007	0.18930158019065857	0.5258641242980957	0.3257116675376892	0.5363796353340149	n/a	0.45794910192489624	0.24271252751350403	0.1194988563656807	-0.007034339010715485	-0.08549018949270248	0.10128999501466751	0.34344831109046936	-0.00452178530395031	0.3230188190937042	0.46846216917037964	0.30840370059013367	0.1298850178718567	0.1964981108903885	0.4697033166885376	1.0	0.6479742527008057	0.5674604177474976	0.06139051914215088	0.172713965177536	0.2189449816942215	0.5320685505867004	0.41117727756500244	-0.07621414959430695	0.19396764039993286	0.16846656799316406	0.36229777336120605	n/a	-0.013810371048748493	0.2065320909023285	-0.36880403757095337	-0.2026122659444809	-0.2825772762298584	0.502203643321991	0.2725437581539154	-0.1996552050113678	-0.05809125304222107	0.3653845489025116	0.20986150205135345	0.7280741930007935	0.5593279004096985	0.11913695186376572	0.27563169598579407	0.1899002343416214	-0.20753417909145355	0.10983887314796448	-0.25227251648902893	-0.3075222074985504	0.12923358380794525	0.024146797135472298	-0.11970001459121704	0.5257287621498108	0.40825676918029785	0.1229214295744896	-0.04722500219941139	0.27978652715682983	0.11491477489471436	0.4499110281467438	0.050963837653398514	-0.19146262109279633	0.18834124505519867	0.2626854181289673	-0.051186464726924896	0.030179742723703384	0.05216798186302185	-0.1354527324438095	0.10250219702720642	0.16676299273967743	-0.35580480098724365	-0.16965503990650177	0.06432536989450455	0.4785205125808716	0.26483607292175293
PMN_LABEL_24	-0.14140987396240234	0.4971998333930969	-0.09480816125869751	-0.27448922395706177	0.558985710144043	0.15794852375984192	0.2920650839805603	n/a	0.2383093535900116	0.025033488869667053	-0.11388196051120758	0.1331464797258377	-0.09019825607538223	-0.03800765052437782	0.039098769426345825	-0.21546588838100433	-0.06366308778524399	0.20248089730739594	-0.07992586493492126	-0.061732545495033264	-0.18203319609165192	0.1894904375076294	0.6479742527008057	1.0	0.18044501543045044	-0.06852535158395767	-0.1310880482196808	0.05485918000340462	0.4307333528995514	0.4207979738712311	-0.4223659634590149	0.24775823950767517	0.09364403784275055	0.11483395844697952	n/a	-0.31486570835113525	-0.009629042819142342	-0.46858522295951843	-0.21737617254257202	-0.22135980427265167	0.13851699233055115	-0.10786951333284378	-0.4373670816421509	-0.27961012721061707	0.016141021624207497	0.2677803337574005	0.4428330063819885	0.613497257232666	-0.12040193378925323	0.031086521223187447	0.23252803087234497	-0.24807311594486237	-0.014663023874163628	-0.48076704144477844	-0.16882239282131195	0.3766629099845886	-0.19843290746212006	-0.48027393221855164	0.30227750539779663	0.35984745621681213	-0.09494319558143616	-0.28082698583602905	-0.012393705546855927	-0.003436458995565772	0.29662710428237915	0.11606544256210327	-0.31350088119506836	0.030690224841237068	0.02866264432668686	0.17501868307590485	-0.2863011062145233	0.02950301393866539	0.04589387774467468	0.0029808231629431248	0.05613167583942413	-0.1331060379743576	-0.409553200006485	-0.12645676732063293	0.24735510349273682	0.06970178335905075
DAN_LABEL_25	-0.3864986002445221	0.31618446111679077	-0.04378395155072212	0.47900494933128357	0.2640276253223419	0.5202186107635498	0.6139174103736877	n/a	0.6194525361061096	0.07901225239038467	0.10804421454668045	0.06181842088699341	-0.1877969205379486	0.07407093793153763	0.405995637178421	-0.0555170513689518	0.5882645845413208	0.5049196481704712	0.6626884937286377	0.3756784498691559	0.3844340741634369	0.40419191122055054	0.5674604177474976	0.18044501543045044	1.0	0.05440939590334892	0.23142942786216736	0.19016103446483612	0.3949224054813385	0.3258347809314728	0.3233288526535034	0.18238934874534607	0.366985023021698	0.46245184540748596	n/a	0.07747545093297958	0.2723945081233978	-0.06447363644838333	-0.2731415927410126	-0.1448667347431183	0.272421270608902	0.207333043217659	-0.1687725931406021	0.004408650100231171	0.37988147139549255	0.03355494141578674	0.23996415734291077	0.27360963821411133	0.2140308916568756	0.37506425380706787	0.07354859262704849	-0.049255698919296265	0.37094876170158386	-0.1988266557455063	-0.2186194360256195	-0.057760804891586304	0.10395260155200958	-0.15574783086776733	0.2867322266101837	0.19876931607723236	-0.037725336849689484	0.16172532737255096	0.43608132004737854	0.11160635948181152	0.47706741094589233	-0.1817035973072052	-0.12829162180423737	0.11342775076627731	0.27000313997268677	-0.26175129413604736	0.2961517572402954	0.1668531745672226	-0.30963122844696045	0.1405998170375824	0.297551691532135	-0.45338305830955505	-0.10945719480514526	-0.03747599571943283	0.43475428223609924	0.3941497206687927
