Node	DMN_LABEL_1	Vis_LABEL_2	FP_LABEL_3	Aud_LABEL_4	Tpole_LABEL_5	PMN_LABEL_6	PON_LABEL_7	MTL_LABEL_8	PON_LABEL_9	CO_LABEL_10	Sal_LABEL_11	CO_LABEL_12	SMd_LABEL_13	SMl_LABEL_14	DAN_LABEL_15	DMN_LABEL_16	CO_LABEL_17	DMN_LABEL_18	VAN_LABEL_19	CO_LABEL_20	CO_LABEL_21	Sal_LABEL_22	DAN_LABEL_23	PMN_LABEL_24	DAN_LABEL_25	DMN_LABEL_26	DMN_LABEL_27	DMN_LABEL_28	Vis_LABEL_29	FP_LABEL_30	Aud_LABEL_31	Tpole_LABEL_32	PMN_LABEL_33	PON_LABEL_34	MTL_LABEL_35	CO_LABEL_36	Sal_LABEL_37	CO_LABEL_38	SMd_LABEL_39	SMl_LABEL_40	DAN_LABEL_41	CO_LABEL_42	VAN_LABEL_43	CO_LABEL_44	CO_LABEL_45	Sal_LABEL_46	DAN_LABEL_47	PMN_LABEL_48	DAN_LABEL_49	DMN_LABEL_50	FP_LABEL_51	DMN_LABEL_52	DMN_LABEL_53	PON_LABEL_54	DMN_LABEL_55	Tpole_LABEL_56	Tpole_LABEL_57	Sal_LABEL_58	Sal_LABEL_59	SMd_LABEL_60	DAN_LABEL_61	FP_LABEL_62	DMN_LABEL_63	FP_LABEL_64	FP_LABEL_65	SMd_LABEL_66	SMl_LABEL_67	SMd_LABEL_68	DMN_LABEL_69	DAN_LABEL_70	DMN_LABEL_71	FP_LABEL_72	SMd_LABEL_73	SMl_LABEL_74	MTL_LABEL_75	MTL_LABEL_76	CO_LABEL_77	CO_LABEL_78	Vis_LABEL_79	Vis_LABEL_80
DMN_LABEL_1	1.0	0.25091248750686646	-0.5047237277030945	-0.2705693244934082	0.19061292707920074	-0.049135565757751465	-0.09159214049577713	n/a	0.011815632693469524	-0.2187475562095642	-0.46410661935806274	-0.1410309374332428	-0.28959590196609497	-0.3078642189502716	-0.19083353877067566	0.7633357644081116	-0.2923375070095062	0.4206008315086365	-0.1269962042570114	-0.34330445528030396	-0.43729400634765625	-0.6070824265480042	0.01000088918954134	0.10741828382015228	0.01945219561457634	0.5185471773147583	0.30586379766464233	0.45004117488861084	0.28538328409194946	-0.42316627502441406	-0.3758024573326111	-0.1975535750389099	-0.09566852450370789	-0.21563982963562012	n/a	-0.17005372047424316	-0.4718981385231018	-0.22272275388240814	-0.16894079744815826	-0.2749374210834503	-0.31726470589637756	-0.2560124695301056	-0.7653659582138062	-0.37839123606681824	-0.3838552236557007	-0.562252402305603	0.037029314786195755	-0.059479814022779465	-0.09122850000858307	0.6669461727142334	-0.5495039820671082	-0.07650242745876312	0.4872378706932068	-0.004917152691632509	-0.12310110777616501	-0.17531657218933105	-0.2447679191827774	-0.4008071720600128	-0.5287700891494751	0.0823669508099556	0.09837517887353897	-0.2532259523868561	0.3464950919151306	0.10770894587039948	-0.0441027507185936	0.3650721609592438	-0.06113753095269203	0.32635781168937683	0.5768592953681946	0.25668418407440186	0.4457343816757202	-0.19762888550758362	0.39339980483055115	-0.1481858342885971	-0.23737190663814545	-0.07205236703157425	-0.3204100430011749	-0.08461514115333557	-0.05218635872006416	-0.08117859065532684
Vis_LABEL_2	0.25091248750686646	1.0	-0.314142107963562	-0.20108401775360107	-0.0630631223320961	-0.15038031339645386	0.37586188316345215	n/a	0.22036954760551453	0.08605998754501343	-0.29808875918388367	0.18086718022823334	-0.5055742859840393	-0.37993738055229187	-0.041887275874614716	-0.024487610906362534	-0.17100264132022858	-0.21069099009037018	-0.12801896035671234	-0.01190939825028181	0.0055504171177744865	-0.2505652904510498	-0.06769105792045593	0.18174394965171814	0.09707499295473099	0.12327228486537933	-0.25302866101264954	-0.27141234278678894	0.947589099407196	-0.06578481942415237	-0.43232887983322144	-0.15534551441669464	0.05202990770339966	0.3349986970424652	n/a	0.05466031655669212	-0.2857774794101715	-0.08481024205684662	-0.5105108022689819	-0.47308939695358276	-0.17793704569339752	-0.13138249516487122	-0.25412246584892273	-0.4502809941768646	0.03829678148031235	-0.18318049609661102	-0.05367521569132805	0.06955357640981674	0.14788614213466644	0.12084677815437317	-0.19904091954231262	0.04874742031097412	0.2017906755208969	0.16434618830680847	-0.1449059695005417	-0.16840648651123047	-0.22672703862190247	-0.2964417338371277	-0.29255402088165283	-0.26330113410949707	0.11636976897716522	-0.2689454257488251	0.4925047755241394	0.08341899514198303	-0.006917419843375683	-0.1283191591501236	-0.30723342299461365	0.2897912561893463	0.2285790741443634	0.009944919496774673	0.046871062368154526	-0.4590775668621063	0.48137137293815613	0.10991360992193222	-0.39567503333091736	-0.18878915905952454	-0.07890670746564865	-0.1472291201353073	0.43442755937576294	0.3190004229545593
FP_LABEL_3	-0.5047237277030945	-0.314142107963562	1.0	-0.01019569206982851	-0.4141243100166321	0.25496751070022583	0.07780073583126068	n/a	0.013514649122953415	0.19785553216934204	0.3833252191543579	-0.11551877111196518	0.24145764112472534	0.1477493941783905	0.6646963953971863	-0.39855149388313293	0.29653576016426086	-0.26424646377563477	0.15211787819862366	0.348095566034317	0.15542490780353546	0.38577505946159363	0.30629000067710876	0.17197495698928833	0.2946614623069763	-0.38534489274024963	-0.13905146718025208	-0.17601598799228668	-0.4170175790786743	0.6594176888465881	0.04556570574641228	-0.1438170075416565	0.2031126320362091	0.03620467707514763	n/a	0.15545333921909332	0.4943707287311554	0.25220251083374023	0.37313225865364075	0.11693204939365387	0.5369462370872498	0.07894792407751083	0.3751485347747803	0.14635364711284637	0.20459198951721191	0.38271602988243103	0.30190256237983704	0.29706093668937683	0.21340195834636688	-0.2405797839164734	0.5915144681930542	-0.10772912949323654	-0.23681585490703583	-0.23270566761493683	0.16391058266162872	-0.1506578028202057	-0.24330729246139526	0.606440007686615	0.5411368012428284	0.10207696259021759	-0.011773993261158466	0.4995627999305725	-0.5569878220558167	0.06356244534254074	0.03120957314968109	0.013009149581193924	-0.010488268919289112	-0.5350348353385925	-0.29128792881965637	0.15593184530735016	-0.10594938695430756	0.38211435079574585	-0.26035913825035095	0.18153512477874756	0.038403335958719254	-0.001154957921244204	0.44323113560676575	0.3434459865093231	-0.10836285352706909	-0.046729132533073425
Aud_LABEL_4	-0.2705693244934082	-0.20108401775360107	-0.01019569206982851	1.0	0.523392915725708	-0.15390056371688843	-0.4104647934436798	n/a	-0.4301671087741852	0.444836288690567	0.04866797849535942	0.4290989339351654	0.33097949624061584	0.24172763526439667	-0.3121354579925537	-0.04520411416888237	0.537426233291626	-0.020650207996368408	0.27992063760757446	0.20486141741275787	0.5451245903968811	0.5706349611282349	-0.3659791052341461	-0.39611124992370605	-0.23519226908683777	-0.021497393026947975	0.04475073516368866	0.05609399452805519	-0.15587526559829712	-0.07963573187589645	0.7764554023742676	0.2777087688446045	-0.16275715827941895	-0.3369212746620178	n/a	0.40969476103782654	0.23913666605949402	0.3845532238483429	0.32928577065467834	0.3126552104949951	-0.11914823949337006	0.472139835357666	0.4003315567970276	0.5170259475708008	0.373389333486557	0.2849520146846771	-0.503285825252533	-0.2510715425014496	-0.2762535512447357	-0.10832928121089935	0.00858949776738882	0.3193889260292053	-0.16376356780529022	-0.24713964760303497	0.08502467721700668	0.3341866731643677	0.6852594614028931	0.13621217012405396	0.12089817225933075	-0.09403318166732788	-0.31436577439308167	-0.2612748146057129	-0.06022341176867485	-0.41806045174598694	0.16362951695919037	-0.13606727123260498	-0.0882425308227539	-0.1788705438375473	0.0676642432808876	-0.43299931287765503	-0.4285353124141693	-0.11644034832715988	-0.34606438875198364	-0.1505109816789627	0.011796001344919205	0.14515922963619232	0.07352487742900848	0.2818980813026428	-0.18568603694438934	0.22328796982765198
Tpole_LABEL_5	0.19061292707920074	-0.0630631223320961	-0.4141243100166321	0.523392915725708	1.0	-0.25201380252838135	-0.3372765779495239	n/a	-0.24973680078983307	0.19167983531951904	-0.2038869708776474	0.2415732741355896	0.15917794406414032	0.07929101586341858	-0.4740723967552185	0.3055930733680725	0.24952180683612823	0.16503502428531647	-0.03635736182332039	0.0817733108997345	0.16077099740505219	0.2406373918056488	-0.545909583568573	-0.3182922601699829	-0.2199552208185196	0.273777037858963	0.22566615045070648	0.3236144781112671	-0.017305878922343254	-0.42759883403778076	0.4139842391014099	0.5198992490768433	-0.3406631052494049	-0.35338643193244934	n/a	0.1793769896030426	-0.07765384763479233	0.1511051207780838	0.007002720143646002	0.17496106028556824	-0.4485115110874176	0.2083146721124649	-0.2690978944301605	0.14226838946342468	0.08091425895690918	-0.14041265845298767	-0.5023282170295715	-0.33422574400901794	-0.3324912190437317	0.23819699883460999	-0.32889434695243835	0.36378806829452515	0.21839550137519836	-0.06474564969539642	0.01361137256026268	0.3599725067615509	0.5654036998748779	-0.17258413136005402	-0.24237985908985138	-0.09080623090267181	-0.0695335641503334	-0.2785353362560272	0.20685061812400818	-0.33258411288261414	-0.021621642634272575	-0.056996699422597885	0.028229141607880592	-0.050812434405088425	0.1724192053079605	-0.31450456380844116	-0.04088546335697174	-0.05515335872769356	-0.1369836926460266	-0.18573199212551117	0.12332882732152939	0.1675775647163391	-0.06605945527553558	0.21518506109714508	-0.08406822383403778	0.2097020000219345
PMN_LABEL_6	-0.049135565757751465	-0.15038031339645386	0.25496751070022583	-0.15390056371688843	-0.25201380252838135	1.0	0.30324220657348633	n/a	-0.005142821464687586	0.08719810843467712	0.5359388589859009	-0.006128992885351181	-0.1769298017024994	-0.06643546372652054	0.3762696087360382	-0.04490860179066658	0.20758682489395142	-0.10137706249952316	-0.10393151640892029	0.044559162110090256	0.15071140229701996	0.0810563862323761	0.3321400582790375	0.7244890928268433	0.012916117906570435	-0.07635800540447235	-0.07357186079025269	-0.12062055617570877	-0.15830756723880768	0.15991567075252533	-0.039466507732868195	-0.05356641113758087	0.7066380381584167	0.2720670700073242	n/a	0.16807833313941956	0.5508327484130859	0.0675455629825592	-0.12481137365102768	-0.02028443105518818	0.3329322338104248	0.21590232849121094	0.15413644909858704	0.1722869724035263	0.35698315501213074	0.3464895486831665	0.3198612928390503	0.6749941110610962	0.11263766139745712	-0.09576236456632614	0.05264083296060562	-0.08925016969442368	-0.2829623818397522	-0.026507439091801643	0.05654527619481087	-0.10079644620418549	-0.035196274518966675	0.26691198348999023	0.5076026320457458	-0.07772400975227356	-0.060834288597106934	-0.1240825206041336	-0.09509996324777603	0.1354299634695053	0.11303100734949112	-0.20044755935668945	-0.041553471237421036	-0.017516467720270157	-0.2948567271232605	0.26711443066596985	0.049210552126169205	-0.13259027898311615	-0.061238545924425125	0.25488555431365967	-0.055345091968774796	-0.00654135225340724	0.3019329607486725	0.19400592148303986	-0.040135644376277924	-0.17918413877487183
PON_LABEL_7	-0.09159214049577713	0.37586188316345215	0.07780073583126068	-0.4104647934436798	-0.3372765779495239	0.30324220657348633	1.0	n/a	0.45832762122154236	-0.19131699204444885	0.052143875509500504	-0.04180077463388443	-0.3245958685874939	-0.12566503882408142	0.2040439248085022	-0.09052518755197525	-0.10431379079818726	-0.07935183495283127	-0.17355899512767792	0.1467432826757431	-0.23877723515033722	-0.13883109390735626	0.33675506711006165	0.2770998477935791	0.19550324976444244	0.25877466797828674	0.082406185567379	-0.1717536896467209	0.2245318740606308	0.21141189336776733	-0.4429641366004944	0.026753786951303482	0.2479405254125595	0.8394424319267273	n/a	-0.12569651007652283	0.15708184242248535	-0.15972042083740234	-0.1604580581188202	-0.18117588758468628	-0.04816153645515442	-0.25994935631752014	-0.05142887309193611	-0.3399156630039215	-0.03710399195551872	-0.03269563615322113	0.38024258613586426	0.20401908457279205	0.335727334022522	0.1254071444272995	0.26437774300575256	0.03317341208457947	0.013612180016934872	0.5858829021453857	0.35110610723495483	-0.36591094732284546	-0.4513311982154846	0.2539818584918976	0.3907569646835327	-0.09317043423652649	-0.011615771800279617	-0.025197390466928482	0.21325762569904327	0.3433697521686554	0.33308377861976624	-0.1315300315618515	-0.07228156924247742	0.0034283557906746864	-0.028483040630817413	0.2399960309267044	-0.01713893935084343	-0.35418227314949036	0.45097044110298157	0.4871155619621277	0.13472269475460052	0.3393879532814026	-0.01778126135468483	-0.2275286316871643	0.22181819379329681	0.0490880161523819
MTL_LABEL_8	n/a	n/a	n/a	n/a	n/a	n/a	n/a	1.0	n/a	n/a	n/a	n/a	n/a	n/a	n/a	n/a	n/a	n/a	n/a	n/a	n/a	n/a	n/a	n/a	n/a	n/a	n/a	n/a	n/a	n/a	n/a	n/a	n/a	n/a	n/a	n/a	n/a	n/a	n/a	n/a	n/a	n/a	n/a	n/a	n/a	n/a	n/a	n/a	n/a	n/a	n/a	n/a	n/a	n/a	n/a	n/a	n/a	n/a	n/a	n/a	n/a	n/a	n/a	n/a	n/a	n/a	n/a	n/a	n/a	n/a	n/a	n/a	n/a	n/a	n/a	n/a	n/a	n/a	n/a	n/a
PON_LABEL_9	0.011815632693469524	0.22036954760551453	0.013514649122953415	-0.4301671087741852	-0.24973680078983307	-0.005142821464687586	0.45832762122154236	n/a	1.0	-0.36008331179618835	-0.13927167654037476	-0.3085816204547882	-0.14165619015693665	-0.037405647337436676	0.35415780544281006	-0.13523247838020325	-0.2739715576171875	-0.08920656144618988	-0.3665921986103058	-0.07507415860891342	-0.3054153025150299	-0.12481053918600082	0.36956682801246643	0.17604531347751617	0.5216610431671143	-0.04994804412126541	0.16142112016677856	-0.15919700264930725	0.060266997665166855	0.09906421601772308	-0.4832260310649872	-0.11587173491716385	0.06129821389913559	0.41465628147125244	n/a	-0.3175220191478729	-0.16138486564159393	-0.5199282765388489	-0.18771950900554657	-0.14044080674648285	0.0003319912648294121	-0.36669862270355225	-0.21726594865322113	-0.46802425384521484	-0.29101407527923584	-0.10714931041002274	0.363307386636734	0.1121213361620903	0.09997928142547607	-0.0477331280708313	0.11331888288259506	-0.01136996503919363	0.04204690083861351	0.5371208786964417	0.13574784994125366	-0.17181552946567535	-0.49298858642578125	0.24385425448417664	0.1122732013463974	-0.4859989881515503	-0.28038421273231506	0.12355757504701614	-0.0068887402303516865	0.04994039982557297	0.13014541566371918	-0.2650964856147766	-0.2400585114955902	-0.030443420633673668	-0.22739823162555695	0.22955210506916046	-0.10622655600309372	-0.034430742263793945	-0.025531860068440437	0.20920969545841217	0.22667434811592102	-0.025726288557052612	-0.06710473448038101	-0.22443097829818726	0.27959561347961426	0.1421194225549698
CO_LABEL_10	-0.2187475562095642	0.08605998754501343	0.19785553216934204	0.444836288690567	0.19167983531951904	0.08719810843467712	-0.19131699204444885	n/a	-0.36008331179618835	1.0	0.32735246419906616	0.4653119444847107	0.2106730192899704	0.24947334825992584	0.04745177924633026	-0.3593510687351227	0.716507077217102	-0.553287923336029	-0.042188610881567	0.40930044651031494	0.7811910510063171	0.4540591537952423	-0.35613641142845154	0.0721774622797966	-0.045506708323955536	-0.2447960078716278	-0.24799427390098572	-0.1942153126001358	0.17801980674266815	0.014476294629275799	0.4510740637779236	0.34966564178466797	0.24576812982559204	-0.16215792298316956	n/a	0.8844209909439087	0.5022281408309937	0.5992968678474426	0.07691340148448944	0.1984003335237503	0.1403488665819168	0.684964656829834	0.26752397418022156	0.5366127490997314	0.8297235369682312	0.49276018142700195	-0.3622734546661377	0.2341582030057907	0.26716524362564087	-0.2658901810646057	-0.003723351750522852	0.28772255778312683	-0.18151365220546722	-0.16344912350177765	-0.17748183012008667	0.031216872856020927	0.47782716155052185	0.031341031193733215	0.25939807295799255	-0.1069381907582283	0.2662050724029541	-0.2678650915622711	0.04320148378610611	-0.2942350506782532	-0.10168438404798508	-0.005296326708048582	0.019188841804862022	-0.09503162652254105	0.0060917385853827	-0.010557425208389759	-0.4142681658267975	-0.2552814483642578	-0.023800183087587357	0.40695080161094666	-0.00421594362705946	0.0846429094672203	0.47192564606666565	0.3797093629837036	0.32909074425697327	0.3638356924057007
Sal_LABEL_11	-0.46410661935806274	-0.29808875918388367	0.3833252191543579	0.04866797849535942	-0.2038869708776474	0.5359388589859009	0.052143875509500504	n/a	-0.13927167654037476	0.32735246419906616	1.0	0.0637228712439537	0.20355883240699768	0.06614145636558533	0.12919865548610687	-0.3504965305328369	0.1819428950548172	-0.3213079273700714	-0.0002149415377061814	-0.0025374663528054953	0.29563164710998535	0.33500751852989197	-0.08305804431438446	0.45259392261505127	-0.332368403673172	-0.4071202874183655	-0.11504308134317398	-0.09031829982995987	-0.2185869663953781	0.21356889605522156	0.3249756395816803	0.002397342585027218	0.5161921381950378	0.29502031207084656	n/a	0.2253185212612152	0.7914144396781921	0.22878682613372803	0.15215544402599335	0.07888638228178024	0.4605027437210083	0.24418334662914276	0.35877475142478943	0.4376908540725708	0.38283830881118774	0.4630194306373596	0.060583245009183884	0.5189146995544434	0.1621503382921219	-0.46791163086891174	0.4252438247203827	-0.010011584497988224	-0.6747382879257202	0.02727566845715046	0.09861906617879868	-0.020414868369698524	0.16562671959400177	0.22391147911548615	0.5022736191749573	-0.05873085930943489	0.13757744431495667	0.07590518891811371	-0.1690869927406311	0.139448344707489	-0.06534074991941452	-0.16576507687568665	-0.07164079695940018	0.0379905141890049	-0.37329086661338806	-0.13514257967472076	-0.18833790719509125	0.0693652480840683	-0.26378053426742554	0.07734715193510056	0.14893914759159088	0.036438532173633575	0.3381752073764801	0.1664637327194214	0.12484797835350037	-0.018168501555919647
CO_LABEL_12	-0.1410309374332428	0.18086718022823334	-0.11551877111196518	0.4290989339351654	0.2415732741355896	-0.006128992885351181	-0.04180077463388443	n/a	-0.3085816204547882	0.4653119444847107	0.0637228712439537	1.0	0.38630348443984985	0.008459069766104221	-0.27787333726882935	-0.1980610340833664	0.3726431429386139	-0.34063389897346497	0.1765630841255188	0.35958245396614075	0.46158379316329956	0.32664409279823303	-0.26888445019721985	-0.042858485132455826	-0.17949043214321136	-0.09307460486888885	-0.2123907506465912	-0.17379768192768097	0.16234718263149261	0.1715998649597168	0.22100812196731567	0.22076570987701416	0.031545769423246384	0.03588443621993065	n/a	0.5434385538101196	0.202045738697052	0.7029843330383301	0.16005216538906097	-0.0732663944363594	-0.2576175928115845	0.2687908709049225	0.30362769961357117	0.2533073425292969	0.49316486716270447	0.4197576940059662	-0.30816343426704407	0.1468004435300827	-0.05458441004157066	-0.0984443873167038	-0.0744817927479744	0.4436744749546051	-0.0019134049070999026	0.05486762151122093	0.12767325341701508	0.2924489378929138	0.3417630195617676	-0.24778978526592255	0.0010359390871599317	-0.053883615881204605	-0.13607865571975708	-0.2045755237340927	0.15898941457271576	-0.20356853306293488	-0.05931153893470764	-0.33174121379852295	-0.10336592048406601	0.22729922831058502	-0.04149613156914711	-0.11596973240375519	-0.3308716416358948	-0.23229379951953888	0.12150321155786514	-0.034807827323675156	-0.11896652728319168	-0.051462117582559586	0.290740430355072	0.15107682347297668	0.20014791190624237	-0.0587322898209095
SMd_LABEL_13	-0.28959590196609497	-0.5055742859840393	0.24145764112472534	0.33097949624061584	0.15917794406414032	-0.1769298017024994	-0.3245958685874939	n/a	-0.14165619015693665	0.2106730192899704	0.20355883240699768	0.38630348443984985	1.0	0.49817797541618347	-0.0023030710872262716	-0.2182636559009552	0.32461750507354736	-0.20919746160507202	0.07783760875463486	0.2774694263935089	0.1996108442544937	0.4668566882610321	-0.18547342717647552	-0.1590164750814438	-0.04882093518972397	-0.24457962810993195	0.025750843808054924	0.09933842718601227	-0.4899824261665344	0.08942099660634995	0.4429996907711029	0.27154067158699036	-0.10272091627120972	-0.1348637193441391	n/a	0.3447413444519043	0.28152593970298767	0.5236425995826721	0.6535860300064087	0.4298666715621948	0.07755252718925476	0.25098609924316406	0.27026811242103577	0.46501147747039795	0.14329831302165985	0.37077122926712036	-0.15746119618415833	-0.0035327570512890816	-0.13108639419078827	-0.18815039098262787	0.12174953520298004	0.4566640257835388	-0.18076135218143463	-0.0023055714555084705	0.17079144716262817	0.43973174691200256	0.2490585893392563	0.05262498930096626	0.18252722918987274	-0.024949243292212486	-0.06377489119768143	0.12807506322860718	-0.40038126707077026	-0.3661622107028961	-0.22885408997535706	0.04066114500164986	0.1989172399044037	-0.15566815435886383	-0.19001087546348572	-0.19325751066207886	-0.39984771609306335	0.3196221888065338	-0.3207462728023529	-0.10594652593135834	0.2206096649169922	-0.017416514456272125	0.2914266884326935	0.29941418766975403	-0.09378909319639206	-0.126364603638649
SMl_LABEL_14	-0.3078642189502716	-0.37993738055229187	0.1477493941783905	0.24172763526439667	0.07929101586341858	-0.06643546372652054	-0.12566503882408142	n/a	-0.037405647337436676	0.24947334825992584	0.06614145636558533	0.008459069766104221	0.49817797541618347	1.0	0.12405788898468018	-0.15243877470493317	0.41884130239486694	0.05938011407852173	-0.2923181653022766	0.25315800309181213	0.4609251022338867	0.4894085228443146	-0.10384475439786911	-0.06435433030128479	0.2443629801273346	-0.12396059185266495	0.19425737857818604	0.217911496758461	-0.346992552280426	-0.3489546775817871	0.5430344343185425	0.33296623826026917	-0.09749622642993927	-0.073204405605793	n/a	0.3652944564819336	0.20443151891231537	0.2665393650531769	0.142297625541687	0.9434127807617188	0.33363020420074463	0.5733720660209656	0.2566342353820801	0.5313546061515808	0.39544862508773804	0.36794590950012207	-0.23499557375907898	-0.16960446536540985	0.1759185492992401	-0.17759226262569427	-0.11903329193592072	0.37636664509773254	-0.36818936467170715	-0.13739605247974396	-0.04429404437541962	0.486175537109375	0.41171807050704956	0.42260849475860596	0.35174375772476196	-0.07933440059423447	-0.0017030054004862905	0.02883092127740383	-0.19060064852237701	-0.566641628742218	-0.1456611454486847	-0.1416606605052948	0.5106473565101624	-0.47952067852020264	-0.20683538913726807	-0.1348223090171814	-0.1922459751367569	0.22803455591201782	-0.48105981945991516	0.3840765058994293	0.16434398293495178	-0.0014843179378658533	0.3822033107280731	0.41079503297805786	-0.1650831401348114	0.14494498074054718
DAN_LABEL_15	-0.19083353877067566	-0.041887275874614716	0.6646963953971863	-0.3121354579925537	-0.4740723967552185	0.3762696087360382	0.2040439248085022	n/a	0.35415780544281006	0.04745177924633026	0.12919865548610687	-0.27787333726882935	-0.0023030710872262716	0.12405788898468018	1.0	-0.3693746030330658	0.21693386137485504	-0.328134685754776	-0.08814690262079239	0.3597031831741333	0.05871058627963066	0.18117082118988037	0.5244070291519165	0.39728668332099915	0.6299906969070435	-0.39408090710639954	-0.23389235138893127	-0.23939397931098938	-0.1592063158750534	0.3693104684352875	-0.28152740001678467	-0.23945365846157074	0.3635447025299072	0.046436794102191925	n/a	0.17506814002990723	0.25053858757019043	-0.011034050956368446	0.04680005833506584	0.036040134727954865	0.5186623334884644	0.05199560895562172	0.16121292114257812	0.011004774831235409	0.150950089097023	0.28719112277030945	0.5154921412467957	0.40559566020965576	0.34787216782569885	-0.22522743046283722	0.1686546951532364	-0.010035081766545773	-0.13870000839233398	-0.2410729080438614	-0.1682930290699005	-0.10075120627880096	-0.37631145119667053	0.44682928919792175	0.41397595405578613	-0.2858542799949646	-0.061044272035360336	0.3452463150024414	-0.45435816049575806	-0.07119055837392807	-0.16442538797855377	-0.11526787281036377	-0.07185311615467072	-0.43271252512931824	-0.3440678119659424	0.20832403004169464	-0.05292754992842674	0.1278514713048935	-0.2575184404850006	0.2783031165599823	-0.057318929582834244	-0.2283855676651001	0.5166203379631042	0.42124080657958984	-0.04843621328473091	-0.027094658464193344
DMN_LABEL_16	0.7633357644081116	-0.024487610906362534	-0.39855149388313293	-0.04520411416888237	0.3055930733680725	-0.04490860179066658	-0.09052518755197525	n/a	-0.13523247838020325	-0.3593510687351227	-0.3504965305328369	-0.1980610340833664	-0.2182636559009552	-0.15243877470493317	-0.3693746030330658	1.0	-0.2729347348213196	0.7984397411346436	-0.0351586677134037	-0.4427255094051361	-0.4585263133049011	-0.5139400362968445	-0.0742994174361229	-0.09960262477397919	-0.17082564532756805	0.6313003897666931	0.6655356884002686	0.7507606744766235	0.023471323773264885	-0.4331861436367035	-0.14826057851314545	-0.15260018408298492	-0.32211190462112427	-0.20579062402248383	n/a	-0.320647269487381	-0.3382273316383362	-0.134669691324234	-0.07038456946611404	-0.04450860247015953	-0.30562183260917664	-0.26262566447257996	-0.6390925645828247	-0.2783624827861786	-0.4181468188762665	-0.5662725567817688	-0.06558798253536224	-0.3639621138572693	-0.17945246398448944	0.8343450427055359	-0.40007540583610535	-0.058920618146657944	0.38664987683296204	-0.014651802368462086	0.19996438920497894	-0.19667086005210876	-0.11478802561759949	-0.20230084657669067	-0.4375370442867279	0.25334054231643677	0.028814464807510376	-0.25684991478919983	0.39516115188598633	0.23475918173789978	0.1547660231590271	0.21669010818004608	-0.014180581085383892	0.13025036454200745	0.6461682319641113	0.06619688868522644	0.5243294835090637	-0.07247410714626312	0.21265503764152527	-0.2455005794763565	-0.043763667345047	0.13202549517154694	-0.4569092392921448	-0.1579919010400772	-0.33149558305740356	-0.14250364899635315
CO_LABEL_17	-0.2923375070095062	-0.17100264132022858	0.29653576016426086	0.537426233291626	0.24952180683612823	0.20758682489395142	-0.10431379079818726	n/a	-0.2739715576171875	0.716507077217102	0.1819428950548172	0.3726431429386139	0.32461750507354736	0.41884130239486694	0.21693386137485504	-0.2729347348213196	1.0	-0.373656302690506	-0.058975812047719955	0.6519660949707031	0.7092225551605225	0.5203589797019958	-0.17423342168331146	-0.006295856088399887	0.1683160364627838	-0.11245182156562805	-0.009193732403218746	-0.040585149079561234	-0.1669914573431015	0.11686163395643234	0.5186151266098022	0.4471380114555359	0.3040899336338043	-0.1612369418144226	n/a	0.7088186740875244	0.49175429344177246	0.4299134910106659	0.3387521803379059	0.3837341368198395	0.2677929699420929	0.7688345909118652	0.3378446102142334	0.6632142663002014	0.7577043771743774	0.4544016718864441	-0.18109801411628723	0.22281616926193237	0.19058729708194733	-0.08382786065340042	0.11035973578691483	0.5246270895004272	-0.18307876586914062	-0.19548046588897705	0.13609670102596283	0.1464456021785736	0.5130345821380615	0.2640410363674164	0.5045941472053528	-0.17064230144023895	0.032641664147377014	-0.10556292533874512	-0.1244869977235794	-0.3998430371284485	-0.14591611921787262	-0.13553431630134583	0.12897130846977234	-0.2819894552230835	-0.14553377032279968	-0.10515279322862625	-0.4927605986595154	-0.06384994834661484	-0.1958741992712021	0.3104079067707062	0.15477977693080902	0.3268234431743622	0.35189297795295715	0.48854267597198486	0.1700737476348877	0.3746209740638733
DMN_LABEL_18	0.4206008315086365	-0.21069099009037018	-0.26424646377563477	-0.020650207996368408	0.16503502428531647	-0.10137706249952316	-0.07935183495283127	n/a	-0.08920656144618988	-0.553287923336029	-0.3213079273700714	-0.34063389897346497	-0.20919746160507202	0.05938011407852173	-0.328134685754776	0.7984397411346436	-0.373656302690506	1.0	0.02059166133403778	-0.4575260877609253	-0.3650095462799072	-0.3558102548122406	0.20936860144138336	-0.2999711334705353	-0.07669881731271744	0.5375314354896545	0.6252740621566772	0.6090213060379028	-0.21350908279418945	-0.4112037420272827	-0.04920613020658493	-0.16399337351322174	-0.4513617753982544	-0.19460529088974	n/a	-0.5011588335037231	-0.40284326672554016	-0.2212418168783188	-0.15348821878433228	0.17798449099063873	-0.06553539633750916	-0.24208225309848785	-0.3704073429107666	-0.26322320103645325	-0.46056345105171204	-0.5475850701332092	0.13165603578090668	-0.5654133558273315	-0.23901721835136414	0.5937599539756775	-0.24539782106876373	-0.2120029777288437	0.1979351043701172	-0.06575901061296463	0.18601219356060028	0.04874639958143234	0.021701490506529808	0.06598201394081116	-0.37404516339302063	0.279697984457016	-0.1694740504026413	-0.10506605356931686	0.1988065242767334	0.06190406158566475	0.15243713557720184	0.09132211655378342	0.09591935575008392	-0.1492757499217987	0.3756815195083618	0.02284836769104004	0.5599786639213562	0.09582589566707611	0.024431198835372925	-0.2586999833583832	0.027458850294351578	0.10405277460813522	-0.4483049809932709	-0.2525426149368286	-0.4980583190917969	-0.19046062231063843
VAN_LABEL_19	-0.1269962042570114	-0.12801896035671234	0.15211787819862366	0.27992063760757446	-0.03635736182332039	-0.10393151640892029	-0.17355899512767792	n/a	-0.3665921986103058	-0.042188610881567	-0.0002149415377061814	0.1765630841255188	0.07783760875463486	-0.2923181653022766	-0.08814690262079239	-0.0351586677134037	-0.058975812047719955	0.02059166133403778	1.0	0.10864859074354172	-0.06844954937696457	0.08985619246959686	0.028014298528432846	-0.3220219910144806	-0.2648518979549408	0.0721055418252945	-0.1358027309179306	-0.13416622579097748	-0.15727569162845612	0.34096452593803406	0.11569507420063019	-0.20404306054115295	-0.19303974509239197	-0.2598379850387573	n/a	-0.11387062072753906	-0.06578066945075989	0.23409901559352875	0.23447342216968536	-0.21588756144046783	-0.20355214178562164	-0.23989741504192352	0.3927138149738312	-0.027606608346104622	-0.18953685462474823	0.017915204167366028	0.02376079559326172	-0.14951807260513306	-0.2519644796848297	-0.06459762156009674	0.2682064175605774	-0.033576659858226776	0.072592593729496	-0.2608463764190674	0.07721550762653351	-0.10119562596082687	-0.0262000672519207	-0.14976364374160767	-0.1218763142824173	0.3325435519218445	-0.31601908802986145	-0.014791663736104965	-0.019642332568764687	0.20628847181797028	0.08478040993213654	0.13767854869365692	0.01860007457435131	0.08068356662988663	0.06984815001487732	-0.2486533373594284	0.055739112198352814	-0.028607873246073723	0.03099878318607807	-0.3453001081943512	0.01596696302294731	-0.007506270427256823	-0.03681718930602074	-0.11205406486988068	-0.21095441281795502	-0.35113638639450073
CO_LABEL_20	-0.34330445528030396	-0.01190939825028181	0.348095566034317	0.20486141741275787	0.0817733108997345	0.044559162110090256	0.1467432826757431	n/a	-0.07507415860891342	0.40930044651031494	-0.0025374663528054953	0.35958245396614075	0.2774694263935089	0.25315800309181213	0.3597031831741333	-0.4427255094051361	0.6519660949707031	-0.4575260877609253	0.10864859074354172	1.0	0.4752879738807678	0.48274943232536316	-0.07072854787111282	-0.089912049472332	0.4315326511859894	-0.028129756450653076	-0.1505376249551773	-0.1804201900959015	-0.1223335936665535	0.26076996326446533	0.14569441974163055	0.4093872010707855	0.12374185025691986	-0.05981556698679924	n/a	0.5013439059257507	0.21629956364631653	0.35339537262916565	0.24976986646652222	0.2185754030942917	0.04348232224583626	0.3526136577129364	0.30385255813598633	0.3274546265602112	0.4687971770763397	0.3473190665245056	0.017026541754603386	0.12885615229606628	0.3006991744041443	-0.2249106466770172	0.06301756948232651	0.5692546367645264	0.07578297704458237	-0.09729320555925369	0.024460317566990852	0.16372084617614746	0.15658904612064362	0.21328377723693848	0.387678861618042	-0.1548018604516983	0.053072262555360794	0.2302006185054779	-0.16451789438724518	-0.34133410453796387	-0.27090612053871155	-0.18976721167564392	0.21859651803970337	-0.27941402792930603	-0.1366405487060547	-0.15378129482269287	-0.20562441647052765	-0.015560965985059738	-0.06682000309228897	0.2966381311416626	0.12272421270608902	0.17080803215503693	0.4851587414741516	0.4159846007823944	0.2519615590572357	0.15822607278823853
CO_LABEL_21	-0.43729400634765625	0.0055504171177744865	0.15542490780353546	0.5451245903968811	0.16077099740505219	0.15071140229701996	-0.23877723515033722	n/a	-0.3054153025150299	0.7811910510063171	0.29563164710998535	0.46158379316329956	0.1996108442544937	0.4609251022338867	0.05871058627963066	-0.4585263133049011	0.7092225551605225	-0.3650095462799072	-0.06844954937696457	0.4752879738807678	1.0	0.6290498375892639	-0.18319673836231232	0.019698509946465492	0.060697849839925766	-0.2986341416835785	-0.23803764581680298	-0.2630731165409088	0.05924755707383156	-0.07790528237819672	0.5543764233589172	0.36436694860458374	0.23672929406166077	-0.1889926642179489	n/a	0.7543467879295349	0.3896186947822571	0.48654642701148987	-0.1103866845369339	0.4043082892894745	0.31091904640197754	0.8008469939231873	0.5345480442047119	0.5936506986618042	0.8999349474906921	0.5703662037849426	-0.2747085392475128	0.14008170366287231	0.1482079029083252	-0.45307862758636475	-0.09441764652729034	0.36363643407821655	-0.33780500292778015	-0.25953447818756104	-0.19208449125289917	0.3899119198322296	0.6913123726844788	0.20290550589561462	0.31113335490226746	-0.3005957305431366	0.022962085902690887	-0.21667654812335968	0.011716931127011776	-0.5733333230018616	-0.2129332274198532	-0.35579296946525574	0.04682474955916405	-0.25202783942222595	-0.2172362208366394	-0.1783682405948639	-0.3397711217403412	-0.14972157776355743	-0.2949522137641907	0.3211897015571594	-0.04404590651392937	-0.025586547330021858	0.5281928181648254	0.3785947263240814	0.24752263724803925	0.33796069025993347
Sal_LABEL_22	-0.6070824265480042	-0.2505652904510498	0.38577505946159363	0.5706349611282349	0.2406373918056488	0.0810563862323761	-0.13883109390735626	n/a	-0.12481053918600082	0.4540591537952423	0.33500751852989197	0.32664409279823303	0.4668566882610321	0.4894085228443146	0.18117082118988037	-0.5139400362968445	0.5203589797019958	-0.3558102548122406	0.08985619246959686	0.48274943232536316	0.6290498375892639	1.0	-0.17888499796390533	-0.09904798865318298	0.0036525113973766565	-0.2702952027320862	-0.1343645602464676	-0.1457321047782898	-0.2788545489311218	0.1472584754228592	0.6391130685806274	0.3555854558944702	-0.01130756177008152	-0.06723176687955856	n/a	0.5238986015319824	0.5100314617156982	0.485915869474411	0.17605866491794586	0.493450403213501	0.20340369641780853	0.44752392172813416	0.47734448313713074	0.4931415021419525	0.5401091575622559	0.6072355508804321	-0.21890854835510254	0.02881491556763649	-0.2023554891347885	-0.4437340497970581	0.22747717797756195	0.3561220169067383	-0.3400878608226776	-0.21625743806362152	0.08158905804157257	0.43122661113739014	0.46531686186790466	0.4274149537086487	0.4378097653388977	-0.15970318019390106	-0.20005807280540466	0.07144137471914291	-0.38845038414001465	-0.40484094619750977	0.07821616530418396	-0.2641381621360779	0.12012027204036713	-0.4044911563396454	-0.4060863256454468	-0.3950912356376648	-0.42878982424736023	0.14721983671188354	-0.5144608616828918	0.11744889616966248	0.12214549630880356	-0.02795478329062462	0.4926842153072357	0.5017579793930054	-0.02596226893365383	0.1987512707710266
DAN_LABEL_23	0.01000088918954134	-0.06769105792045593	0.30629000067710876	-0.3659791052341461	-0.545909583568573	0.3321400582790375	0.33675506711006165	n/a	0.36956682801246643	-0.35613641142845154	-0.08305804431438446	-0.26888445019721985	-0.18547342717647552	-0.10384475439786911	0.5244070291519165	-0.0742994174361229	-0.17423342168331146	0.20936860144138336	0.028014298528432846	-0.07072854787111282	-0.18319673836231232	-0.17888499796390533	1.0	0.11066094040870667	0.43302711844444275	-0.04975861310958862	-0.012681418098509312	-0.22016187012195587	-0.21845056116580963	0.25323158502578735	-0.4504612386226654	-0.4087440073490143	0.11548493802547455	0.16733209788799286	n/a	-0.23076626658439636	-0.0759190246462822	-0.17502370476722717	-0.12418010830879211	-0.17581239342689514	0.33360594511032104	-0.18454918265342712	0.09004144370555878	-0.3199779689311981	-0.16831311583518982	-0.07387451827526093	0.8607537746429443	0.0847356989979744	0.04016425460577011	-0.028264598920941353	0.14715254306793213	-0.40719637274742126	0.018952522426843643	0.006558636669069529	0.021683525294065475	-0.02993115223944187	-0.3695792555809021	0.3369775712490082	0.13196656107902527	-0.107537642121315	-0.2800661325454712	0.13465675711631775	-0.3578155040740967	0.034674130380153656	0.036591317504644394	-0.08815482258796692	-0.17679446935653687	-0.298711359500885	-0.2572380006313324	0.5238185524940491	0.09467880427837372	-0.050086911767721176	0.08076528459787369	0.08596768975257874	0.0353827103972435	-0.041343044489622116	0.05034337565302849	-0.17283469438552856	-0.21163047850131989	-0.27057045698165894
PMN_LABEL_24	0.10741828382015228	0.18174394965171814	0.17197495698928833	-0.39611124992370605	-0.3182922601699829	0.7244890928268433	0.2770998477935791	n/a	0.17604531347751617	0.0721774622797966	0.45259392261505127	-0.042858485132455826	-0.1590164750814438	-0.06435433030128479	0.39728668332099915	-0.09960262477397919	-0.006295856088399887	-0.2999711334705353	-0.3220219910144806	-0.089912049472332	0.019698509946465492	-0.09904798865318298	0.11066094040870667	1.0	0.04777662456035614	-0.22673799097537994	-0.2659289538860321	-0.09622959792613983	0.18771050870418549	0.0731549933552742	-0.17082931101322174	-0.25059232115745544	0.7424821853637695	0.39752197265625	n/a	0.1227099671959877	0.4121505618095398	-0.04889778047800064	-0.22229722142219543	-0.1148316040635109	0.2965902090072632	0.14660035073757172	-0.054941654205322266	0.05553904175758362	0.24118748307228088	0.32844799757003784	0.09198327362537384	0.8201525807380676	0.26659661531448364	-0.16714870929718018	-0.06708976626396179	-0.09191317111253738	-0.3440040647983551	0.041054170578718185	-0.10899161547422409	-0.1037914901971817	-0.2660340666770935	0.033244356513023376	0.2893161475658417	-0.1201629489660263	0.1667003482580185	0.08403392136096954	-0.0372205525636673	0.0791592001914978	-0.06674814224243164	-0.1326739490032196	-0.054766859859228134	0.18940331041812897	-0.21808983385562897	0.25378307700157166	0.10231227427721024	0.028755702078342438	-0.03371090814471245	0.2041725516319275	-0.3812943696975708	-0.3281840682029724	0.3367788791656494	0.21445567905902863	0.1585397720336914	-0.06515968590974808
DAN_LABEL_25	0.01945219561457634	0.09707499295473099	0.2946614623069763	-0.23519226908683777	-0.2199552208185196	0.012916117906570435	0.19550324976444244	n/a	0.5216610431671143	-0.045506708323955536	-0.332368403673172	-0.17949043214321136	-0.04882093518972397	0.2443629801273346	0.6299906969070435	-0.17082564532756805	0.1683160364627838	-0.07669881731271744	-0.2648518979549408	0.4315326511859894	0.060697849839925766	0.0036525113973766565	0.43302711844444275	0.04777662456035614	1.0	-0.05281955376267433	0.05439960956573486	-0.17686578631401062	-0.08334163576364517	0.13543251156806946	-0.345289945602417	0.037406329065561295	0.07835054397583008	-0.04667116701602936	n/a	0.059304237365722656	-0.19765989482402802	-0.18637537956237793	-0.045376069843769073	0.17123901844024658	0.20732548832893372	0.04795851558446884	-0.026961931958794594	-0.22634494304656982	0.03628258407115936	0.007757760584354401	0.351033478975296	0.08060391992330551	0.46444737911224365	-0.020922714844346046	-0.07612296938896179	0.1866590529680252	0.17145463824272156	-0.005362992640584707	-0.125644713640213	-0.003985385876148939	-0.2686159014701843	0.3993147611618042	0.14554615318775177	-0.37501290440559387	-0.17490454018115997	0.25400322675704956	-0.11546352505683899	-0.39896440505981445	-0.1741952747106552	-0.18088851869106293	0.03187195211648941	-0.470488578081131	-0.06614012271165848	0.31830427050590515	0.03689286485314369	0.05930669233202934	-0.12345363199710846	0.4009288549423218	0.00211526732891798	-0.056544095277786255	0.2622584104537964	0.17700426280498505	0.12057051807641983	0.13795292377471924
