Node	DMN_LABEL_1	Vis_LABEL_2	FP_LABEL_3	Aud_LABEL_4	Tpole_LABEL_5	PMN_LABEL_6	PON_LABEL_7	MTL_LABEL_8	PON_LABEL_9	CO_LABEL_10	Sal_LABEL_11	CO_LABEL_12	SMd_LABEL_13	SMl_LABEL_14	DAN_LABEL_15	DMN_LABEL_16	CO_LABEL_17	DMN_LABEL_18	VAN_LABEL_19	CO_LABEL_20	CO_LABEL_21	Sal_LABEL_22	DAN_LABEL_23	PMN_LABEL_24	DAN_LABEL_25	DMN_LABEL_26	DMN_LABEL_27	DMN_LABEL_28	Vis_LABEL_29	FP_LABEL_30	Aud_LABEL_31	Tpole_LABEL_32	PMN_LABEL_33	PON_LABEL_34	MTL_LABEL_35	CO_LABEL_36	Sal_LABEL_37	CO_LABEL_38	SMd_LABEL_39	SMl_LABEL_40	DAN_LABEL_41	CO_LABEL_42	VAN_LABEL_43	CO_LABEL_44	CO_LABEL_45	Sal_LABEL_46	DAN_LABEL_47	PMN_LABEL_48	DAN_LABEL_49	DMN_LABEL_50	FP_LABEL_51	DMN_LABEL_52	DMN_LABEL_53	PON_LABEL_54	DMN_LABEL_55	Tpole_LABEL_56	Tpole_LABEL_57	Sal_LABEL_58	Sal_LABEL_59	SMd_LABEL_60	DAN_LABEL_61	FP_LABEL_62	DMN_LABEL_63	FP_LABEL_64	FP_LABEL_65	SMd_LABEL_66	SMl_LABEL_67	SMd_LABEL_68	DMN_LABEL_69	DAN_LABEL_70	DMN_LABEL_71	FP_LABEL_72	SMd_LABEL_73	SMl_LABEL_74	MTL_LABEL_75	MTL_LABEL_76	CO_LABEL_77	CO_LABEL_78	Vis_LABEL_79	Vis_LABEL_80
DMN_LABEL_1	1.0	0.0897640585899353	-0.35762444138526917	-0.48596370220184326	0.05569776892662048	0.29791924357414246	0.48236027359962463	n/a	0.02430250681936741	0.01627098210155964	0.25512975454330444	-0.3321751356124878	0.0159311443567276	-0.42410269379615784	0.1448640674352646	0.8219122886657715	-0.21986475586891174	0.15074272453784943	-0.11727291345596313	-0.2085675746202469	-0.38182955980300903	0.21472004055976868	0.09482952207326889	0.4378930628299713	0.13464757800102234	0.42852550745010376	0.4466765224933624	0.7146754264831543	0.0352543406188488	-0.2316000908613205	-0.3581605851650238	0.0059409840032458305	0.32917454838752747	0.40914902091026306	n/a	0.009326320141553879	0.4144343137741089	-0.26084569096565247	-0.08570413291454315	-0.43616828322410583	0.07074586302042007	-0.3148605227470398	-0.5285871624946594	-0.10244225710630417	-0.400348424911499	0.22949296236038208	0.07173165678977966	0.3278234004974365	0.05570736154913902	0.7136021256446838	-0.08047503978013992	0.1713886857032776	0.3009414076805115	0.1162620261311531	0.26155200600624084	0.022199904546141624	-0.03609524667263031	0.37282413244247437	0.5302844643592834	0.1160629540681839	0.22040964663028717	-0.04034476727247238	0.420501708984375	0.2571912407875061	0.16738583147525787	0.09512446075677872	-0.13619650900363922	0.11762940883636475	0.5524214506149292	0.41963478922843933	0.3725818991661072	-0.015130921266973019	0.13451865315437317	-0.22403472661972046	0.10800853371620178	0.3951881527900696	0.12281065434217453	0.24075479805469513	-0.1387183964252472	0.20242561399936676
Vis_LABEL_2	0.0897640585899353	1.0	0.19028913974761963	0.048885777592659	-0.5726528167724609	0.42927777767181396	0.46485888957977295	n/a	0.36978405714035034	0.27983030676841736	0.4538905918598175	0.05114123970270157	-0.06952724605798721	0.14728069305419922	0.20892198383808136	0.18497303128242493	0.11515688896179199	0.4171655774116516	0.34280532598495483	0.11256075650453568	-0.013227520510554314	0.38474172353744507	0.09157560020685196	0.3309996724128723	0.29765409231185913	-0.34556156396865845	0.18406032025814056	0.17572017014026642	0.9450202584266663	0.3740881085395813	0.15594185888767242	-0.4226519763469696	0.4929085671901703	0.38939476013183594	n/a	0.22661155462265015	0.38217028975486755	0.23806723952293396	0.04344858601689339	0.07277187705039978	0.14675065875053406	-0.16629475355148315	-0.0012447546469047666	-0.27073588967323303	0.04816725105047226	0.34505245089530945	0.058726344257593155	0.331098347902298	0.5908955931663513	0.14320975542068481	0.1955983191728592	-0.38231244683265686	0.19631172716617584	0.27147114276885986	0.22016967833042145	-0.24732060730457306	-0.23408538103103638	0.380624383687973	0.19245664775371552	0.044557467103004456	0.07438044250011444	0.5322587490081787	0.18647557497024536	0.5732575058937073	0.6508409976959229	0.2032010853290558	0.4347688853740692	0.13818208873271942	0.3163846433162689	0.2978525459766388	0.43214350938796997	0.5063686370849609	0.04034702107310295	0.3238183856010437	0.0602872297167778	0.36489903926849365	-0.018591729924082756	0.3452935218811035	0.013806669972836971	0.16739074885845184
FP_LABEL_3	-0.35762444138526917	0.19028913974761963	1.0	0.26920831203460693	-0.476776659488678	0.42056989669799805	-0.07763044536113739	n/a	0.061190247535705566	0.34120213985443115	0.3329845666885376	0.583734393119812	-0.019634341821074486	0.2567921280860901	0.1022583618760109	-0.43938398361206055	0.23634649813175201	-0.11524937301874161	0.068375363945961	0.2938072681427002	0.45864367485046387	0.2872767448425293	0.1624727100133896	0.22953853011131287	-0.19828644394874573	-0.5144075155258179	0.01889963448047638	-0.2062523514032364	0.19729197025299072	0.7863922715187073	0.18380007147789001	-0.3264616131782532	0.2000710815191269	-0.07997136563062668	n/a	0.23290640115737915	0.2731301486492157	0.5917533040046692	0.0566897876560688	0.22316160798072815	0.03432995826005936	0.11377564072608948	0.38226762413978577	-0.19927100837230682	0.3519214689731598	0.3422408103942871	0.08210519701242447	0.33597561717033386	-0.02397712506353855	-0.34478113055229187	0.5712441802024841	-0.2256781905889511	0.002298495266586542	-0.29199594259262085	0.2603992521762848	0.011843563057482243	-0.31233569979667664	0.10977381467819214	0.003896932117640972	0.2788711488246918	0.15193648636341095	0.4022963345050812	-0.30296605825424194	0.17411676049232483	0.13477034866809845	0.18474149703979492	0.19082386791706085	0.438022643327713	-0.16584275662899017	0.11432775855064392	-0.06957776844501495	0.339926153421402	0.3422248363494873	0.47396913170814514	-0.21247337758541107	-0.08058646321296692	-0.34495124220848083	0.11880304664373398	-0.04617047682404518	-0.28443244099617004
Aud_LABEL_4	-0.48596370220184326	0.048885777592659	0.26920831203460693	1.0	-0.06346529722213745	0.0926210954785347	0.18660840392112732	n/a	0.22923801839351654	0.5078099370002747	0.25487953424453735	0.5193066000938416	-0.07142314314842224	0.6150996088981628	-0.4218651354312897	-0.4467317759990692	0.589783787727356	0.12201844155788422	0.4530453383922577	0.3608541488647461	0.6294435262680054	0.32968422770500183	-0.4622747302055359	-0.05107830464839935	-0.360434889793396	-0.36737337708473206	-0.06256935000419617	-0.28063222765922546	0.12521691620349884	-0.022912640124559402	0.7565301060676575	-0.027735719457268715	-0.040419209748506546	0.1972520351409912	n/a	0.4208032786846161	0.13608288764953613	0.556795060634613	0.017322547733783722	0.593400239944458	-0.32197117805480957	0.4130646884441376	0.7728323936462402	0.4105495810508728	0.6902610659599304	0.21561230719089508	-0.3835037350654602	-0.10260208696126938	-0.11579446494579315	-0.385966420173645	0.0792958065867424	-0.17645476758480072	-0.2667427957057953	0.39149051904678345	-0.0676642656326294	-0.0026948368176817894	0.03686656057834625	0.1492060124874115	-0.0090034706518054	0.053767092525959015	-0.025621503591537476	0.1395021677017212	-0.4841305911540985	-0.2922428250312805	-0.11095574498176575	-0.059669867157936096	0.5318411588668823	-0.044724103063344955	-0.05784895643591881	-0.2455747425556183	-0.2872966527938843	0.038955289870500565	-0.024299534037709236	0.5295220017433167	-0.17639632523059845	0.11303433030843735	-0.10932766646146774	0.1259496510028839	-0.1825951784849167	-0.056474391371011734
Tpole_LABEL_5	0.05569776892662048	-0.5726528167724609	-0.476776659488678	-0.06346529722213745	1.0	-0.47391456365585327	-0.17482520639896393	n/a	-0.24098579585552216	-0.3259601294994354	-0.21769334375858307	-0.3806760609149933	-0.13243961334228516	-0.22934889793395996	-0.14135776460170746	0.10344983637332916	-0.2913236618041992	-0.12636028230190277	-0.37304142117500305	-0.4447944164276123	-0.10109588503837585	-0.11879466474056244	-0.16789044439792633	-0.3903961181640625	-0.2701704204082489	0.6676458716392517	0.033290307968854904	0.07586544007062912	-0.5515191555023193	-0.5376328229904175	-0.027873244136571884	0.7998020052909851	-0.3819669783115387	-0.132664754986763	n/a	-0.317318856716156	-0.22579193115234375	-0.4879000186920166	-0.2649373412132263	-0.17102409899234772	-0.12053810060024261	-0.23316434025764465	-0.19594697654247284	0.25895801186561584	-0.0962422713637352	-0.12532302737236023	-0.15460754930973053	-0.4222697615623474	-0.4616240859031677	0.12440335005521774	-0.20618952810764313	0.686407208442688	-0.12016494572162628	0.10141230374574661	-0.06718587875366211	0.34044569730758667	0.49800905585289	-0.2531385123729706	-0.06413530558347702	-0.25486356019973755	-0.2522549331188202	-0.6714725494384766	-0.3043227195739746	-0.5321139097213745	-0.5498124957084656	-0.4055044651031494	-0.42646878957748413	-0.4915063679218292	-0.3036502003669739	-0.34581878781318665	-0.5419816970825195	-0.4880853295326233	-0.33135291934013367	-0.5222800374031067	-0.018897758796811104	-0.154167041182518	0.004719247110188007	-0.23557277023792267	0.10758578032255173	0.013987726531922817
PMN_LABEL_6	0.29791924357414246	0.42927777767181396	0.42056989669799805	0.0926210954785347	-0.47391456365585327	1.0	0.4605101943016052	n/a	0.2688751518726349	0.5628638863563538	0.6219878196716309	0.3001655340194702	-0.06950189173221588	0.0827384665608406	0.04512834921479225	0.15760117769241333	0.22927697002887726	0.23481623828411102	0.14844539761543274	0.2141118198633194	0.277334988117218	0.5074341297149658	0.06614112108945847	0.7564877867698669	-0.08575105667114258	-0.32340100407600403	0.3327770531177521	0.2792815864086151	0.3689555823802948	0.39552944898605347	0.06350889056921005	-0.308242529630661	0.7701953053474426	0.41733643412590027	n/a	0.3949770927429199	0.6351478099822998	0.44821587204933167	0.1580655574798584	0.00477043678984046	-0.14947748184204102	0.07342816889286041	0.16307930648326874	-0.16441291570663452	0.1510395109653473	0.5485453605651855	-0.00704534025862813	0.7845646142959595	0.048399318009614944	0.10006582736968994	0.41930773854255676	-0.18060442805290222	0.09213776141405106	0.1422645002603531	0.3667672574520111	-0.08282782882452011	-0.26238179206848145	0.474230021238327	0.3946459889411926	0.3601589500904083	0.3518000841140747	0.48901259899139404	-0.007007978856563568	0.27812883257865906	0.37959080934524536	0.3157070577144623	0.27421674132347107	0.38217443227767944	0.42574429512023926	0.41322433948516846	0.2357686161994934	0.3136081099510193	0.34491974115371704	0.3984418511390686	0.03421258181333542	0.33326131105422974	-0.22740685939788818	0.2957659363746643	-0.028312819078564644	-0.06137954443693161
PON_LABEL_7	0.48236027359962463	0.46485888957977295	-0.07763044536113739	0.18660840392112732	-0.17482520639896393	0.4605101943016052	1.0	n/a	0.5086541175842285	0.4377007782459259	0.5152342319488525	0.12837117910385132	-0.17506729066371918	0.17473764717578888	0.056478824466466904	0.5083073973655701	0.15805579721927643	0.4218849241733551	0.19215311110019684	0.16061334311962128	0.09027665853500366	0.39663493633270264	-0.13006150722503662	0.5878053903579712	0.059817809611558914	-0.002006754744797945	0.44789788126945496	0.482993483543396	0.4155086576938629	-0.00972288940101862	0.13271987438201904	-0.15119630098342896	0.46264463663101196	0.9040492177009583	n/a	0.22055016458034515	0.5528188347816467	0.22698090970516205	-0.06570172309875488	0.11767055839300156	-0.09380589425563812	-0.1589164435863495	0.02707536518573761	-0.1562441736459732	0.09234901517629623	0.371734082698822	-0.1275588572025299	0.4860950708389282	0.253473699092865	0.5547261238098145	0.06676400452852249	0.04897556081414223	0.06906455010175705	0.6107407212257385	0.3058687448501587	-0.192110076546669	-0.18033619225025177	0.5939366817474365	0.34349000453948975	0.09882590174674988	0.2467813491821289	0.3224967420101166	-0.04427584633231163	0.26813507080078125	0.3656538128852844	0.008496559225022793	0.49296438694000244	-7.596030172862811e-06	0.5374791026115417	0.24813590943813324	0.19086380302906036	0.2547600567340851	-0.0685119777917862	0.3611612021923065	0.3972111642360687	0.7573607563972473	-0.1423100382089615	0.273165762424469	0.00034914829302579165	0.3070923984050751
MTL_LABEL_8	n/a	n/a	n/a	n/a	n/a	n/a	n/a	1.0	n/a	n/a	n/a	n/a	n/a	n/a	n/a	n/a	n/a	n/a	n/a	n/a	n/a	n/a	n/a	n/a	n/a	n/a	n/a	n/a	n/a	n/a	n/a	n/a	n/a	n/a	n/a	n/a	n/a	n/a	n/a	n/a	n/a	n/a	n/a	n/a	n/a	n/a	n/a	n/a	n/a	n/a	n/a	n/a	n/a	n/a	n/a	n/a	n/a	n/a	n/a	n/a	n/a	n/a	n/a	n/a	n/a	n/a	n/a	n/a	n/a	n/a	n/a	n/a	n/a	n/a	n/a	n/a	n/a	n/a	n/a	n/a
PON_LABEL_9	0.02430250681936741	0.36978405714035034	0.061190247535705566	0.22923801839351654	-0.24098579585552216	0.2688751518726349	0.5086541175842285	n/a	1.0	0.19548571109771729	0.2367311269044876	0.11714904755353928	0.05181931331753731	0.02364940010011196	0.3391294479370117	0.07953846454620361	-0.045694563537836075	0.132319375872612	0.32271724939346313	0.26659053564071655	0.06483091413974762	0.28433459997177124	0.09632518887519836	0.08522485941648483	0.2797069549560547	-0.15338821709156036	0.2843322455883026	0.22796492278575897	0.4179787039756775	0.21741221845149994	0.17416943609714508	-0.3670579195022583	0.20172227919101715	0.6118784546852112	n/a	0.03752131015062332	0.22195754945278168	0.20361240208148956	0.22124260663986206	0.008927577175199986	0.2686651647090912	-0.1376940757036209	0.12368575483560562	-0.24042025208473206	0.16040107607841492	0.11644144356250763	0.17375695705413818	0.04952899366617203	0.47152480483055115	0.09623206406831741	0.2412664145231247	0.0653463825583458	0.18551774322986603	0.523719847202301	0.150088369846344	-0.20411042869091034	-0.1144883930683136	0.36372479796409607	0.051630765199661255	-0.03106255643069744	0.06354380398988724	0.2610510289669037	-0.05330676585435867	0.16829097270965576	0.3353208899497986	-0.18982522189617157	0.10852769017219543	-0.045338984578847885	0.30540522933006287	-0.010148724541068077	0.08970295637845993	0.010975588113069534	-0.23100854456424713	0.11013306677341461	0.2954299747943878	0.26403385400772095	-0.19076427817344666	-0.046502210199832916	0.25642019510269165	0.29889973998069763
CO_LABEL_10	0.01627098210155964	0.27983030676841736	0.34120213985443115	0.5078099370002747	-0.3259601294994354	0.5628638863563538	0.4377007782459259	n/a	0.19548571109771729	1.0	0.7027409076690674	0.5403342247009277	-0.032137736678123474	0.36666470766067505	-0.2744043171405792	-0.03386959061026573	0.6247215270996094	0.31515902280807495	0.35398992896080017	0.5755518078804016	0.6447293758392334	0.6479519009590149	-0.30352461338043213	0.4543285369873047	-0.21411387622356415	-0.28257107734680176	0.17326620221138	0.1160808652639389	0.3117992579936981	0.10975455492734909	0.41542762517929077	-0.32195883989334106	0.5262455344200134	0.2689720690250397	n/a	0.7357470393180847	0.6657954454421997	0.6948436498641968	0.15872471034526825	0.2838619351387024	-0.24840953946113586	0.4028976857662201	0.45638349652290344	0.09821493923664093	0.5393755435943604	0.5527496337890625	-0.2445933222770691	0.41972917318344116	0.008862913586199284	-0.021391892805695534	0.06198136880993843	-0.2830023765563965	0.04797988384962082	0.30978313088417053	0.22146986424922943	-0.010522784665226936	-0.24490082263946533	0.42962485551834106	0.3314023017883301	0.35766416788101196	0.2718307375907898	0.5063742995262146	-0.2655946910381317	0.04888343811035156	0.12918590009212494	0.21072867512702942	0.5292344093322754	0.3111681044101715	0.3810267448425293	0.07984232902526855	0.11535272002220154	0.1679370105266571	0.25516414642333984	0.5259462594985962	-0.1625891774892807	0.3907639980316162	-0.1038236990571022	0.4425780475139618	-0.3060161769390106	-0.13072913885116577
Sal_LABEL_11	0.25512975454330444	0.4538905918598175	0.3329845666885376	0.25487953424453735	-0.21769334375858307	0.6219878196716309	0.5152342319488525	n/a	0.2367311269044876	0.7027409076690674	1.0	0.3111373484134674	-0.1436484307050705	0.2254512459039688	-0.03958515822887421	0.187666654586792	0.35214564204216003	0.3552456200122833	0.10420236736536026	0.17640091478824615	0.5631890892982483	0.7840530872344971	-0.07451269030570984	0.538182258605957	-0.12943974137306213	0.03439519926905632	0.5366816520690918	0.5294211506843567	0.48073485493659973	0.28832292556762695	0.18298718333244324	-0.15938392281532288	0.5451229214668274	0.3759900629520416	n/a	0.6130025386810303	0.9274700284004211	0.5701811909675598	-0.022862350568175316	0.12137476354837418	-0.08289085328578949	0.03376980498433113	0.18741115927696228	-0.042718879878520966	0.38281378149986267	0.8465980291366577	-0.09416142106056213	0.4458300471305847	0.15757355093955994	0.22224967181682587	0.35187628865242004	-0.015011114068329334	0.08357074856758118	0.27061590552330017	0.5839291214942932	0.09733183681964874	-0.012201101519167423	0.6285498142242432	0.4725099205970764	0.19925694167613983	0.19210021197795868	0.41098424792289734	-0.17949716746807098	0.18122369050979614	0.1608082801103592	0.10558774322271347	0.35075148940086365	0.13680650293827057	0.31872302293777466	0.2837579846382141	0.09694590419530869	0.3919811248779297	0.13562777638435364	0.3211917579174042	-0.22653330862522125	0.42608246207237244	-0.0896313339471817	0.6324660181999207	-0.2056571990251541	-0.055738940834999084
CO_LABEL_12	-0.3321751356124878	0.05114123970270157	0.583734393119812	0.5193066000938416	-0.3806760609149933	0.3001655340194702	0.12837117910385132	n/a	0.11714904755353928	0.5403342247009277	0.3111373484134674	1.0	0.025322051718831062	0.5690010786056519	-0.1417095959186554	-0.45469745993614197	0.5559362173080444	-0.0025518944021314383	0.25632813572883606	0.3531830310821533	0.6999714970588684	0.28487029671669006	-0.08704539388418198	0.2830337882041931	-0.20018398761749268	-0.4873678386211395	0.11206202208995819	-0.15884794294834137	0.13204312324523926	0.33028286695480347	0.28705793619155884	-0.3471650779247284	0.15519565343856812	0.114033542573452	n/a	0.4710081219673157	0.2713848650455475	0.8486425280570984	0.19063544273376465	0.4757111072540283	-0.09249399602413177	0.34841209650039673	0.5863928198814392	0.048127055168151855	0.5552988052368164	0.3017588257789612	-0.16719146072864532	0.25959935784339905	-0.07890129089355469	-0.3018135726451874	0.35270607471466064	-0.3021388649940491	-0.45228034257888794	0.13991369307041168	0.22890780866146088	-0.04352400079369545	-0.3464442491531372	0.21675734221935272	-0.02894093468785286	0.1436968445777893	-0.0007235558587126434	0.35520845651626587	-0.4142405390739441	-0.2463584989309311	-0.14980846643447876	0.031527817249298096	0.38541004061698914	0.10847391188144684	-0.10012958943843842	-0.15156078338623047	-0.15896303951740265	0.16285541653633118	0.12450145184993744	0.542807400226593	-0.1683512032032013	-0.04655792564153671	-0.03370952233672142	0.3339591920375824	0.026451025158166885	-0.04625668376684189
SMd_LABEL_13	0.0159311443567276	-0.06952724605798721	-0.019634341821074486	-0.07142314314842224	-0.13243961334228516	-0.06950189173221588	-0.17506729066371918	n/a	0.05181931331753731	-0.032137736678123474	-0.1436484307050705	0.025322051718831062	1.0	-0.17955322563648224	0.15326282382011414	0.1619834005832672	0.24309906363487244	0.04189238324761391	0.15508131682872772	0.35990190505981445	-0.09695404767990112	-0.245503768324852	0.11352388560771942	-0.15625058114528656	0.2272481620311737	-0.04824896529316902	-0.00832730159163475	0.024653391912579536	-0.07442374527454376	-0.153246209025383	-0.25035983324050903	-0.33509233593940735	-0.07839448750019073	-0.15352818369865417	n/a	0.14035558700561523	-0.20361435413360596	-0.07145921885967255	0.5506136417388916	-0.2356855571269989	0.25241854786872864	0.27194905281066895	-0.14355546236038208	0.10192020982503891	-0.20103678107261658	-0.3818390369415283	0.20345613360404968	-0.08798627555370331	0.1678590625524521	0.005906030535697937	-0.40829986333847046	-0.21506287157535553	0.3032851815223694	-0.06313720345497131	0.007089963182806969	0.0005812719464302063	0.161077082157135	-0.26831483840942383	-0.3149469196796417	0.2401236891746521	0.1314079910516739	0.30018454790115356	0.27927979826927185	0.22155655920505524	-0.01254280749708414	0.33446088433265686	-0.059967994689941406	0.2749691903591156	0.15352700650691986	0.036891549825668335	0.30176249146461487	0.04160143807530403	0.5205570459365845	-0.17598728835582733	-0.04741843044757843	-0.016431841999292374	-0.09891610592603683	-0.10450387001037598	-0.16006039083003998	-0.09621354937553406
SMl_LABEL_14	-0.42410269379615784	0.14728069305419922	0.2567921280860901	0.6150996088981628	-0.22934889793395996	0.0827384665608406	0.17473764717578888	n/a	0.02364940010011196	0.36666470766067505	0.2254512459039688	0.5690010786056519	-0.17955322563648224	1.0	-0.46906521916389465	-0.2944951057434082	0.5220603942871094	0.330500066280365	0.43013307452201843	0.1344807744026184	0.5561516880989075	0.060027170926332474	-0.5346320271492004	0.16475892066955566	-0.30557313561439514	-0.308095246553421	0.09935115277767181	-0.0961388647556305	0.23548252880573273	0.10959909111261368	0.4477759897708893	-0.0423169881105423	0.06919403374195099	0.1481696516275406	n/a	0.3194728493690491	0.08230604976415634	0.6261454820632935	-0.17206628620624542	0.9758428931236267	-0.3675716519355774	0.28641852736473083	0.74784255027771	0.11988721042871475	0.49816933274269104	0.19229887425899506	-0.5306564569473267	0.10370402783155441	0.005070127081125975	-0.1846727877855301	0.1368986964225769	-0.2624799907207489	-0.455280065536499	0.21165305376052856	0.11249686032533646	0.00794647354632616	-0.04967339336872101	0.11537747085094452	-0.13480621576309204	-0.12299133092164993	-0.22367265820503235	0.1271338015794754	-0.36667144298553467	-0.2773984968662262	-0.09216786921024323	-0.19186124205589294	0.7020937204360962	-0.17857800424098969	-0.1076793223619461	-0.2588965594768524	-0.202953040599823	0.23686185479164124	-0.227996826171875	0.7630651593208313	0.06960843503475189	0.15339483320713043	-0.03203496336936951	0.16129541397094727	0.006594663020223379	0.1739782691001892
DAN_LABEL_15	0.1448640674352646	0.20892198383808136	0.1022583618760109	-0.4218651354312897	-0.14135776460170746	0.04512834921479225	0.056478824466466904	n/a	0.3391294479370117	-0.2744043171405792	-0.03958515822887421	-0.1417095959186554	0.15326282382011414	-0.46906521916389465	1.0	-0.005980181507766247	-0.40933698415756226	-0.41859251260757446	-0.14328673481941223	0.005131135229021311	-0.19037526845932007	0.01224652212113142	0.7957114577293396	-0.0188332200050354	0.6674742102622986	0.011718399822711945	0.0042143152095377445	0.04975862801074982	0.13658732175827026	0.3635637164115906	-0.18605558574199677	-0.23341605067253113	0.02208787575364113	0.09334017336368561	n/a	-0.15766210854053497	-0.0030077998526394367	-0.1300102174282074	0.4485780894756317	-0.5110765695571899	0.8032503128051758	-0.29392847418785095	-0.427154004573822	-0.3955118954181671	-0.17936521768569946	-0.07573585957288742	0.8125641942024231	0.03427582234144211	0.5612190961837769	0.15824806690216064	0.2421073615550995	0.13999801874160767	0.13103936612606049	-0.020534075796604156	0.11968810856342316	-0.07982129603624344	0.05989612266421318	0.10736338794231415	0.06383447349071503	0.1846827268600464	0.34807899594306946	0.10876837372779846	0.18149231374263763	0.4064408838748932	0.2945401072502136	0.1798241138458252	-0.385743647813797	0.19383257627487183	-0.019300026819109917	0.27707698941230774	0.022531436756253242	0.2013193666934967	0.024590956047177315	-0.3540549576282501	0.29036983847618103	-0.04575866088271141	0.08633734285831451	0.04196636378765106	0.3646707534790039	0.25040435791015625
DMN_LABEL_16	0.8219122886657715	0.18497303128242493	-0.43938398361206055	-0.4467317759990692	0.10344983637332916	0.15760117769241333	0.5083073973655701	n/a	0.07953846454620361	-0.03386959061026573	0.187666654586792	-0.45469745993614197	0.1619834005832672	-0.2944951057434082	-0.005980181507766247	1.0	-0.20155960321426392	0.5081765651702881	-0.07400090247392654	-0.1679484099149704	-0.4947192668914795	0.020810209214687347	-0.13217709958553314	0.30053359270095825	0.07471844553947449	0.42945998907089233	0.4658856689929962	0.7247690558433533	0.13380271196365356	-0.2651396691799164	-0.3804759085178375	0.034362953156232834	0.278908371925354	0.4447825849056244	n/a	-0.1277538239955902	0.24210414290428162	-0.3955530524253845	-0.19766514003276825	-0.2839893698692322	-0.06532448530197144	-0.3909430503845215	-0.5315995812416077	-0.15519750118255615	-0.5148266553878784	0.06104438379406929	-0.11837923526763916	0.26511603593826294	0.09432262927293777	0.8193358778953552	-0.28462859988212585	0.14806832373142242	0.4872923791408539	0.1706181913614273	0.32114261388778687	-0.004464309196919203	-0.03047005645930767	0.15386781096458435	0.19893257319927216	0.007016701623797417	0.056951768696308136	0.03764422610402107	0.443382203578949	0.32384318113327026	0.187699094414711	0.052300404757261276	-0.00223593064583838	0.008651387877762318	0.5780885815620422	0.3286702334880829	0.44875672459602356	0.03638284280896187	0.10263945907354355	-0.16556526720523834	0.222658172249794	0.538526177406311	-0.11155696213245392	0.03228503465652466	-0.17429856956005096	0.1375608593225479
CO_LABEL_17	-0.21986475586891174	0.11515688896179199	0.23634649813175201	0.589783787727356	-0.2913236618041992	0.22927697002887726	0.15805579721927643	n/a	-0.045694563537836075	0.6247215270996094	0.35214564204216003	0.5559362173080444	0.24309906363487244	0.5220603942871094	-0.40933698415756226	-0.20155960321426392	1.0	0.3302266001701355	0.35415685176849365	0.39978301525115967	0.6604828834533691	0.22738482058048248	-0.41619670391082764	0.22156400978565216	-0.2847330868244171	-0.3020046055316925	0.05989837646484375	-0.032339584082365036	0.1720767468214035	-0.01610463112592697	0.2809334993362427	-0.31908226013183594	0.18888738751411438	0.08233001828193665	n/a	0.7192870378494263	0.22986537218093872	0.5478622317314148	0.28118711709976196	0.451462984085083	-0.39496585726737976	0.695676326751709	0.551466166973114	0.45293593406677246	0.5957624316215515	0.150982066988945	-0.404982328414917	0.16478025913238525	-0.09647013247013092	-0.2400730550289154	-0.10712377727031708	-0.44973552227020264	-0.20591717958450317	0.1880858987569809	0.14902153611183167	-0.2820124328136444	-0.10721146315336227	0.15941062569618225	-0.019634239375591278	0.08651638776063919	-0.06425540894269943	0.5026134848594666	-0.18478785455226898	-0.06180603802204132	-0.05316751450300217	0.30073657631874084	0.5647580623626709	0.1219639703631401	0.07281377166509628	-0.13727828860282898	0.10235736519098282	0.2847661077976227	0.2959250211715698	0.5008243918418884	-0.2123647779226303	0.17742988467216492	-0.015832429751753807	0.3410837650299072	-0.41005608439445496	-0.1267370581626892
DMN_LABEL_18	0.15074272453784943	0.4171655774116516	-0.11524937301874161	0.12201844155788422	-0.12636028230190277	0.23481623828411102	0.4218849241733551	n/a	0.132319375872612	0.31515902280807495	0.3552456200122833	-0.0025518944021314383	0.04189238324761391	0.330500066280365	-0.41859251260757446	0.5081765651702881	0.3302266001701355	1.0	0.25343450903892517	0.01851619966328144	0.00178514514118433	0.07226935774087906	-0.4981156587600708	0.22061829268932343	-0.22685973346233368	-0.08523371815681458	0.344312846660614	0.3792126774787903	0.4741479754447937	-0.00826216209679842	-0.0458204559981823	-0.1192426010966301	0.37421345710754395	0.32111185789108276	n/a	0.13782718777656555	0.2540803551673889	0.10550752282142639	-0.26044535636901855	0.29447585344314575	-0.4249472916126251	-0.08834470808506012	0.14246036112308502	-0.048360519111156464	-0.049185533076524734	0.19035841524600983	-0.5358591675758362	0.23868334293365479	0.0722145140171051	0.3333498537540436	-0.13205020129680634	-0.2749074399471283	0.2317257523536682	0.365171879529953	0.36361393332481384	-0.21102648973464966	-0.2216876894235611	0.15838471055030823	-0.03696291893720627	-0.07922302186489105	-0.18358483910560608	0.41524839401245117	0.21249178051948547	0.18480868637561798	0.205657958984375	0.013271485455334187	0.5132098197937012	-0.113527812063694	0.41765785217285156	0.08397864550352097	0.4491826593875885	0.3133622407913208	-0.01417873241007328	0.3357459306716919	0.00845512468367815	0.49448728561401367	-0.20351800322532654	0.10978930443525314	-0.24554744362831116	-0.04062886908650398
VAN_LABEL_19	-0.11727291345596313	0.34280532598495483	0.068375363945961	0.4530453383922577	-0.37304142117500305	0.14844539761543274	0.19215311110019684	n/a	0.32271724939346313	0.35398992896080017	0.10420236736536026	0.25632813572883606	0.15508131682872772	0.43013307452201843	-0.14328673481941223	-0.07400090247392654	0.35415685176849365	0.25343450903892517	1.0	0.354510098695755	0.16669237613677979	0.21723276376724243	-0.3393271565437317	-0.10106325894594193	0.19746705889701843	-0.3831436336040497	-0.03963330388069153	-0.11600719392299652	0.3987805247306824	-0.025357121601700783	0.35650575160980225	-0.40188905596733093	0.07444766908884048	0.1744196116924286	n/a	0.3156525790691376	0.015332897193729877	0.39512333273887634	0.2279970794916153	0.40137043595314026	-0.04587434232234955	0.06030861660838127	0.4746633768081665	0.056824106723070145	0.21987216174602509	0.039692472666502	-0.22079169750213623	-0.12979665398597717	0.34182190895080566	-0.19771823287010193	-0.09914512187242508	-0.4674748480319977	-0.0563584566116333	0.3387717008590698	-0.12893462181091309	-0.09358547627925873	-0.15398088097572327	0.15659217536449432	0.05068254843354225	0.007616134360432625	-0.09498914331197739	0.29859232902526855	0.017844991758465767	-0.0041133384220302105	0.1583438366651535	0.025074312463402748	0.4982013702392578	-0.012832866050302982	0.39690402150154114	-0.21317873895168304	0.20680363476276398	0.02570164017379284	-0.05419914424419403	0.43397560715675354	-0.0011108183534815907	0.28807371854782104	0.10915450751781464	0.24262262880802155	-0.08932389318943024	0.2948330044746399
CO_LABEL_20	-0.2085675746202469	0.11256075650453568	0.2938072681427002	0.3608541488647461	-0.4447944164276123	0.2141118198633194	0.16061334311962128	n/a	0.26659053564071655	0.5755518078804016	0.17640091478824615	0.3531830310821533	0.35990190505981445	0.1344807744026184	0.005131135229021311	-0.1679484099149704	0.39978301525115967	0.01851619966328144	0.354510098695755	1.0	0.36346909403800964	0.2074788361787796	-0.01698801852762699	0.16369351744651794	0.11104024201631546	-0.448539137840271	-0.21790039539337158	-0.2408052682876587	0.12493344396352768	0.06381639093160629	0.15665148198604584	-0.5364797115325928	0.28059452772140503	0.12116498500108719	n/a	0.4728994369506836	0.14839592576026917	0.43767067790031433	0.32740065455436707	0.09195350855588913	0.10948095470666885	0.3753780126571655	0.32915663719177246	0.11356882005929947	0.3326895833015442	0.03537057712674141	0.12303847819566727	0.24738001823425293	0.20800717175006866	-0.08215060085058212	-0.2655230760574341	-0.4025195837020874	0.18340635299682617	0.1823016107082367	-0.13041290640830994	-0.09885264188051224	-0.1944655328989029	0.13427764177322388	-0.07107245177030563	0.3347906768321991	0.4105285108089447	0.5161694884300232	0.009615764953196049	0.18143674731254578	0.19164779782295227	0.24276788532733917	0.34793177247047424	0.42513585090637207	0.3196066617965698	0.14981134235858917	0.1637018918991089	0.07905451208353043	0.3459712862968445	0.3464832603931427	0.027475154027342796	0.1645197570323944	-0.09185726195573807	0.08377494663000107	-0.2194092869758606	-0.07964102923870087
CO_LABEL_21	-0.38182955980300903	-0.013227520510554314	0.45864367485046387	0.6294435262680054	-0.10109588503837585	0.277334988117218	0.09027665853500366	n/a	0.06483091413974762	0.6447293758392334	0.5631890892982483	0.6999714970588684	-0.09695404767990112	0.5561516880989075	-0.19037526845932007	-0.4947192668914795	0.6604828834533691	0.00178514514118433	0.16669237613677979	0.36346909403800964	1.0	0.5120307803153992	-0.19997212290763855	0.1910785287618637	-0.31782689690589905	-0.14530374109745026	0.1537739485502243	-0.05596698448061943	0.07211191952228546	0.21058502793312073	0.3870525360107422	-0.07678356021642685	0.20105749368667603	0.051780734211206436	n/a	0.6712483763694763	0.41495347023010254	0.7297694087028503	0.15491388738155365	0.47951066493988037	-0.18238221108913422	0.44427919387817383	0.6264541745185852	0.2673231363296509	0.8273882269859314	0.495456337928772	-0.190678671002388	0.13983727991580963	-0.08811086416244507	-0.34494560956954956	0.32714229822158813	-0.06254222244024277	-0.42836564779281616	0.16090041399002075	0.26051387190818787	0.10535379499197006	0.09184904396533966	0.35671842098236084	0.09963636845350266	0.1270943582057953	-0.025508509948849678	0.2714787721633911	-0.556982696056366	-0.27542129158973694	-0.19702106714248657	0.03454753756523132	0.3699198067188263	-0.020412573590874672	-0.1996728628873825	-0.2132081389427185	-0.36240532994270325	0.19617615640163422	0.01648779585957527	0.45228344202041626	-0.2239290475845337	-0.01898750476539135	0.037983883172273636	0.41438356041908264	-0.04331114515662193	-0.035950228571891785
Sal_LABEL_22	0.21472004055976868	0.38474172353744507	0.2872767448425293	0.32968422770500183	-0.11879466474056244	0.5074341297149658	0.39663493633270264	n/a	0.28433459997177124	0.6479519009590149	0.7840530872344971	0.28487029671669006	-0.245503768324852	0.060027170926332474	0.01224652212113142	0.020810209214687347	0.22738482058048248	0.07226935774087906	0.21723276376724243	0.2074788361787796	0.5120307803153992	1.0	-0.028633378446102142	0.34629133343696594	-0.1664080172777176	0.008004749193787575	0.38263627886772156	0.3136043846607208	0.4055728316307068	0.20267756283283234	0.3480871617794037	-0.06860928237438202	0.5063644051551819	0.30805322527885437	n/a	0.5511961579322815	0.7747508883476257	0.49184903502464294	-0.018470466136932373	-0.021733617410063744	-0.02440796233713627	-0.02622460201382637	0.19211876392364502	0.15000464022159576	0.47590237855911255	0.8556728363037109	-0.033191535621881485	0.24271489679813385	0.08666098117828369	0.050122518092393875	0.404641330242157	0.011139567010104656	-0.07430987060070038	0.2928333878517151	0.3252095580101013	0.221059188246727	0.005544501356780529	0.6048636436462402	0.5735417604446411	0.20010791718959808	0.14542485773563385	0.1977093666791916	-0.30828097462654114	0.028649143874645233	0.14974921941757202	0.04895763099193573	0.22649292647838593	0.12605175375938416	0.2235228568315506	0.17180171608924866	-0.08453142642974854	0.10210058838129044	0.10569684952497482	0.20746754109859467	-0.26236867904663086	0.2597396671772003	0.0464218445122242	0.6313409209251404	-0.1132570430636406	0.037391871213912964
DAN_LABEL_23	0.09482952207326889	0.09157560020685196	0.1624727100133896	-0.4622747302055359	-0.16789044439792633	0.06614112108945847	-0.13006150722503662	n/a	0.09632518887519836	-0.30352461338043213	-0.07451269030570984	-0.08704539388418198	0.11352388560771942	-0.5346320271492004	0.7957114577293396	-0.13217709958553314	-0.41619670391082764	-0.4981156587600708	-0.3393271565437317	-0.01698801852762699	-0.19997212290763855	-0.028633378446102142	1.0	0.03257536515593529	0.5936974287033081	-0.0844249278306961	-0.1551131159067154	-0.06291800737380981	0.012243533506989479	0.32745328545570374	-0.2517416179180145	-0.20425590872764587	0.033787719905376434	-0.1077151745557785	n/a	-0.12927311658859253	0.05810077115893364	-0.08870349824428558	0.34046411514282227	-0.5808592438697815	0.7240158319473267	-0.1869017332792282	-0.4261484444141388	-0.31316423416137695	-0.27785515785217285	-0.011230270378291607	0.9148319363594055	0.07369247078895569	0.3507072329521179	-0.0024591211695224047	0.2278808355331421	0.0015389079926535487	-0.013216177932918072	-0.1687730848789215	0.024859866127371788	-0.0029020749498158693	-0.04158506914973259	0.04176199063658714	-0.003974567167460918	0.3102169334888458	0.4659779667854309	0.13070613145828247	0.295383483171463	0.3755239248275757	0.2050238996744156	0.23581303656101227	-0.4094597399234772	0.34390988945961	-0.13635165989398956	0.41239941120147705	0.035118862986564636	0.0783471018075943	0.228371724486351	-0.32536762952804565	0.04685468226671219	-0.17497824132442474	0.15495546162128448	0.11322479695081711	0.15862339735031128	-0.032898806035518646
PMN_LABEL_24	0.4378930628299713	0.3309996724128723	0.22953853011131287	-0.05107830464839935	-0.3903961181640625	0.7564877867698669	0.5878053903579712	n/a	0.08522485941648483	0.4543285369873047	0.538182258605957	0.2830337882041931	-0.15625058114528656	0.16475892066955566	-0.0188332200050354	0.30053359270095825	0.22156400978565216	0.22061829268932343	-0.10106325894594193	0.16369351744651794	0.1910785287618637	0.34629133343696594	0.03257536515593529	1.0	-0.13822895288467407	-0.1668996661901474	0.3150578439235687	0.36940664052963257	0.2531522810459137	0.1566390097141266	-0.057204924523830414	-0.1513485610485077	0.7267336845397949	0.4989011585712433	n/a	0.3465366065502167	0.6080855131149292	0.3705498278141022	-0.07269629836082458	0.0982348620891571	-0.12414385378360748	0.08411957323551178	0.05889841541647911	-0.06318075209856033	0.11209995299577713	0.48611417412757874	-0.08057377487421036	0.921427309513092	0.028429612517356873	0.35920870304107666	0.21439547836780548	-0.16586877405643463	-0.04079730436205864	0.18413151800632477	0.32045888900756836	-0.1559906154870987	-0.2759881913661957	0.4900226891040802	0.41630691289901733	0.21692749857902527	0.37343037128448486	0.28210532665252686	0.01483740471303463	0.23515993356704712	0.27681681513786316	0.1727658212184906	0.33578038215637207	0.27472731471061707	0.31184467673301697	0.48978251218795776	0.14701545238494873	0.36478349566459656	0.19482149183750153	0.35543185472488403	0.20974840223789215	0.35627371072769165	-0.0617467425763607	0.3286602795124054	0.029608529061079025	0.13402478396892548
DAN_LABEL_25	0.13464757800102234	0.29765409231185913	-0.19828644394874573	-0.360434889793396	-0.2701704204082489	-0.08575105667114258	0.059817809611558914	n/a	0.2797069549560547	-0.21411387622356415	-0.12943974137306213	-0.20018398761749268	0.2272481620311737	-0.30557313561439514	0.6674742102622986	0.07471844553947449	-0.2847330868244171	-0.22685973346233368	0.19746705889701843	0.11104024201631546	-0.31782689690589905	-0.1664080172777176	0.5936974287033081	-0.13822895288467407	1.0	-0.09441909939050674	-0.2143593430519104	-0.037134166806936264	0.2440503090620041	0.06539876759052277	-0.18602454662322998	-0.41992422938346863	-0.13269288837909698	0.018594393506646156	n/a	-0.1054409071803093	-0.08136233687400818	-0.11822901666164398	0.4505217969417572	-0.3547711670398712	0.6691915988922119	-0.1800319254398346	-0.3515404462814331	-0.4167805016040802	-0.3872189521789551	-0.24773308634757996	0.6743837594985962	-0.13066186010837555	0.7213340401649475	0.13302995264530182	-0.15709134936332703	-0.15651702880859375	0.1523781418800354	0.031416647136211395	-0.12455884367227554	-0.17741504311561584	-0.058001965284347534	-0.021404415369033813	-0.17296575009822845	0.12462795525789261	0.28646212816238403	0.24787992238998413	0.408086895942688	0.4177730083465576	0.31018564105033875	0.1549166440963745	-0.1910216361284256	0.12656208872795105	0.21243157982826233	0.1441485434770584	0.27324190735816956	0.12124670296907425	0.01622471585869789	-0.261688232421875	0.15776148438453674	0.1071215346455574	0.19412164390087128	0.1130451038479805	0.14656001329421997	0.28619813919067383
