Node	LH_Vis_1	LH_Vis_2	LH_Vis_3	LH_Vis_4	LH_Vis_5	LH_Vis_6	LH_Vis_7	LH_Vis_8	LH_Vis_9	LH_SomMot_1	LH_SomMot_2	LH_SomMot_3	LH_SomMot_4	LH_SomMot_5	LH_SomMot_6	LH_DorsAttn_Post_1	LH_DorsAttn_Post_2	LH_DorsAttn_Post_3	LH_DorsAttn_Post_4	LH_DorsAttn_Post_5	LH_DorsAttn_Post_6	LH_DorsAttn_PrCv_1	LH_DorsAttn_FEF_1	LH_SalVentAttn_ParOper_1	LH_SalVentAttn_FrOperIns_1	LH_SalVentAttn_FrOperIns_2	LH_SalVentAttn_PFCl_1	LH_SalVentAttn_Med_1	LH_SalVentAttn_Med_2	LH_SalVentAttn_Med_3	LH_Limbic_OFC_1	LH_Limbic_TempPole_1	LH_Limbic_TempPole_2	LH_Cont_Par_1	LH_Cont_PFCl_1	LH_Cont_pCun_1	LH_Cont_Cing_1	LH_Default_Temp_1	LH_Default_Temp_2	LH_Default_Par_1	LH_Default_Par_2	LH_Default_PFC_1	LH_Default_PFC_2	LH_Default_PFC_3	LH_Default_PFC_4	LH_Default_PFC_5	LH_Default_PFC_6	LH_Default_PFC_7	LH_Default_pCunPCC_1	LH_Default_pCunPCC_2	RH_Vis_1	RH_Vis_2	RH_Vis_3	RH_Vis_4	RH_Vis_5	RH_Vis_6	RH_Vis_7	RH_Vis_8	RH_SomMot_1	RH_SomMot_2	RH_SomMot_3	RH_SomMot_4	RH_SomMot_5	RH_SomMot_6	RH_SomMot_7	RH_SomMot_8	RH_DorsAttn_Post_1	RH_DorsAttn_Post_2	RH_DorsAttn_Post_3	RH_DorsAttn_Post_4	RH_DorsAttn_Post_5	RH_DorsAttn_PrCv_1	RH_DorsAttn_FEF_1	RH_SalVentAttn_TempOccPar_1	RH_SalVentAttn_TempOccPar_2	RH_SalVentAttn_FrOperIns_1	RH_SalVentAttn_Med_1	RH_SalVentAttn_Med_2	RH_Limbic_OFC_1	RH_Limbic_TempPole_1	RH_Cont_Par_1	RH_Cont_Par_2	RH_Cont_PFCl_1	RH_Cont_PFCl_2	RH_Cont_PFCl_3	RH_Cont_PFCl_4	RH_Cont_Cing_1	RH_Cont_PFCmp_1	RH_Cont_pCun_1	RH_Default_Par_1	RH_Default_Temp_1	RH_Default_Temp_2	RH_Default_Temp_3	RH_Default_PFCv_1	RH_Default_PFCv_2	RH_Default_PFCdPFCm_1	RH_Default_PFCdPFCm_2	RH_Default_PFCdPFCm_3	RH_Default_pCunPCC_1	RH_Default_pCunPCC_2	LH-Pu	LH-Ca	LH-NAC	LH-EXA	LH-GPe	LH-GPi	LH-SNc_PBP_VTA	LH-RN	LH-SNr	LH-VeP	LH-HN	LH-HTH	LH-MN	LH-STH	RH-Pu	RH-Ca	RH-NAC	RH-EXA	RH-GPe	RH-GPi	RH-SNc_PBP_VTA	RH-RN	RH-SNr	RH-VeP	RH-HN	RH-HTH	RH-MN	RH-STH	LH-Pulvinar	LH-Anterior	LH-Medio_Dorsal	LH-Ventral_Latero_Dorsal	LH-Central_Lateral-Lateral_Posterior-Medial_Pulvinar	LH-Ventral_Anterior	LH-Ventral_Latero_Ventral	RH-Pulvinar	RH-Anterior	RH-Medio_Dorsal	RH-Ventral_Latero_Dorsal	RH-Central_Lateral-Lateral_Posterior-Medial_Pulvinar	RH-Ventral_Anterior	RH-Ventral_Latero_Ventral	LH_Hippocampus	LH_Amygdala	RH_Hippocampus	RH_Amygdala	Cerebellar_Region1	Cerebellar_Region2	Cerebellar_Region3	Cerebellar_Region4	Cerebellar_Region5	Cerebellar_Region6	Cerebellar_Region7	Cerebellar_Region8	Cerebellar_Region9	Cerebellar_Region10
LH_Vis_1	1.0	0.29546070098876953	0.3853393793106079	-0.0056516388431191444	0.18876899778842926	0.2750993072986603	0.16048988699913025	0.3777945935726166	0.3119787573814392	0.3441581726074219	0.15858784317970276	0.16249710321426392	0.09157643467187881	-0.022685671225190163	-0.12191877514123917	0.18968385457992554	0.11487379670143127	0.13882951438426971	0.21814796328544617	-0.09476982057094574	-0.3333074450492859	0.2637955844402313	-0.12193416804075241	-0.05269308760762215	0.09247241914272308	0.17113181948661804	-0.10269942134618759	0.15933120250701904	-0.026679007336497307	0.01686445251107216	0.25388103723526	-0.019491326063871384	0.17149795591831207	-0.07760234922170639	0.09589583426713943	0.07279576361179352	0.21401101350784302	0.2975003123283386	0.22668105363845825	0.02011551521718502	0.05400631204247475	0.20543517172336578	0.18167206645011902	0.159891739487648	-0.06714360415935516	0.12928831577301025	0.15907685458660126	0.14323367178440094	0.48390519618988037	0.08113603293895721	0.579420268535614	0.4460498094558716	0.324748158454895	0.04166882485151291	0.307362824678421	0.38124385476112366	0.5196328163146973	0.36941319704055786	0.20139336585998535	0.18532384932041168	0.24396063387393951	0.09384427964687347	0.14675834774971008	0.07135920971632004	-0.0835166871547699	-0.05198236554861069	0.18148337304592133	0.10543858259916306	0.2700612545013428	0.21486696600914001	-0.2516275644302368	0.22360192239284515	-0.1952209621667862	-0.07335227727890015	-0.08022025972604752	0.14201970398426056	-0.01047100406140089	0.00730278342962265	0.07549585402011871	-0.07627224922180176	-0.03840427100658417	0.1494949609041214	0.20453733205795288	0.2368975579738617	-0.18029722571372986	0.07081709057092667	0.15670444071292877	0.18114997446537018	0.03557431697845459	0.11651816964149475	0.17797598242759705	0.01350365299731493	0.1618979573249817	0.24638327956199646	0.19112364947795868	0.1227138563990593	0.1477058082818985	0.3305667042732239	0.6449529528617859	0.2243819385766983	0.25175777077674866	0.2548450231552124	0.16715331375598907	-0.47651708126068115	-0.28834202885627747	-0.27678176760673523	0.4095107614994049	0.14106173813343048	0.25082409381866455	0.18907326459884644	0.05656081810593605	0.3862675130367279	0.05553317815065384	0.2190130352973938	0.25351428985595703	0.04621967673301697	0.42378267645835876	0.195630744099617	0.23173701763153076	-0.16106146574020386	0.16526472568511963	0.22040486335754395	0.0239760410040617	-0.039904359728097916	0.14654749631881714	0.311100035905838	0.18557409942150116	0.2702938914299011	0.25274187326431274	0.18771840631961823	0.37660473585128784	0.3940639793872833	0.18871758878231049	0.36338430643081665	0.3629547953605652	0.34032052755355835	0.10168957710266113	0.11586505174636841	0.2953418493270874	0.3728122413158417	0.34078383445739746	0.3199237585067749	0.4725365936756134	-0.1091655045747757	0.29179251194000244	-0.05676988139748573	-0.28335100412368774	-0.2996189296245575	0.011225530877709389	-0.22662681341171265	-0.08009228855371475	-0.20844677090644836	0.07909701764583588	-0.010714049451053143	-0.006713991519063711	-0.17310714721679688
LH_Vis_2	0.29546070098876953	1.0	0.672868013381958	0.317006379365921	0.7831628918647766	0.5986722111701965	0.6376696228981018	0.716602087020874	0.609943151473999	0.07176508754491806	0.08030407130718231	0.12480144947767258	0.05018371716141701	-0.03722182288765907	0.21089059114456177	0.6965792179107666	0.0729239359498024	0.24023981392383575	0.09771119058132172	0.030077321454882622	-0.1865212470293045	0.11989690363407135	0.014453236013650894	0.13773582875728607	-0.18118877708911896	0.05265418812632561	0.0012837770627811551	0.43731895089149475	0.11955396085977554	0.17696383595466614	-0.2636401355266571	-0.50058513879776	0.25420787930488586	0.34166571497917175	0.004282248672097921	0.29701170325279236	0.4339710474014282	0.1627846211194992	0.36201557517051697	0.22144238650798798	0.34923139214515686	0.1367398053407669	-0.08011264353990555	0.01769755408167839	0.11970315128564835	0.04941621422767639	0.28606194257736206	0.056952718645334244	0.4282855987548828	0.1755024641752243	0.145060732960701	0.8069907426834106	0.7401212453842163	0.4369737207889557	0.7816539406776428	0.5670338869094849	0.6810532808303833	0.6251425743103027	0.08651594072580338	0.21192951500415802	0.14662566781044006	-0.0353100411593914	0.08154988288879395	0.1689528226852417	-0.2081955522298813	0.2565935552120209	0.349287748336792	0.021978329867124557	0.3096700608730316	0.2560262084007263	-0.058132048696279526	0.04462957754731178	0.012348161078989506	0.10347092151641846	-0.011547657661139965	-0.14674635231494904	-0.004184666555374861	0.3240353465080261	-0.584658145904541	-0.5589359998703003	0.25707852840423584	0.4379948377609253	-0.10291963070631027	0.1469072550535202	0.04592010751366615	0.24285736680030823	0.3968425393104553	0.37476664781570435	0.37850475311279297	0.3337142765522003	0.3797213137149811	-0.4783574342727661	0.20528990030288696	-0.26850631833076477	-0.0722874104976654	0.10489387065172195	0.008676061406731606	0.08291252702474594	0.34944480657577515	0.2541232705116272	0.2995425760746002	0.27191826701164246	0.13331249356269836	-0.05849297344684601	0.045023221522569656	-0.1474137157201767	0.011187275871634483	0.4405995011329651	0.030725643038749695	0.15613235533237457	0.4538459777832031	-0.14198344945907593	-0.10268077254295349	-0.2563590109348297	0.18181616067886353	0.376975417137146	0.2946244478225708	-0.3007541596889496	0.4045698940753937	-0.2048397958278656	-0.16748636960983276	-0.08253713697195053	0.03947412967681885	-0.1915009319782257	0.03809663653373718	-0.1185050681233406	-0.24225260317325592	-0.11304087191820145	0.02397056296467781	-0.010239750146865845	0.48300471901893616	0.26031360030174255	0.32402053475379944	0.633402943611145	0.43122589588165283	0.3468087911605835	-0.10458787530660629	0.3390604853630066	0.6133453845977783	0.3644619286060333	0.6010137796401978	0.4124753475189209	0.13274474442005157	-0.39109471440315247	0.18285416066646576	-0.5500140190124512	0.29371556639671326	0.22350847721099854	0.6435361504554749	0.13671435415744781	0.5846972465515137	0.4941991865634918	0.5751397013664246	0.5110670924186707	0.49312564730644226	0.27987366914749146
LH_Vis_3	0.3853393793106079	0.672868013381958	1.0	-0.2046452760696411	0.6764925718307495	0.6553068161010742	0.40698471665382385	0.6348112225532532	0.6793027520179749	0.42041441798210144	0.5279379487037659	0.4889252781867981	0.5107851028442383	0.07390953600406647	0.21815568208694458	0.3253765106201172	0.26834163069725037	-0.12794160842895508	0.04539051651954651	-0.15477372705936432	-0.18900133669376373	0.28753161430358887	-0.03062092326581478	0.4683369994163513	0.10131790488958359	0.30154380202293396	0.16557078063488007	0.5699149370193481	0.24456721544265747	0.50113844871521	-0.12994280457496643	-0.46083864569664	0.2530292868614197	0.16671472787857056	0.17711111903190613	0.38363417983055115	0.5175188779830933	0.37638020515441895	0.5490701198577881	0.38339054584503174	0.14943088591098785	0.13681410253047943	0.13483966886997223	-0.12397265434265137	0.10454988479614258	0.17840470373630524	0.36317285895347595	-0.02765710838139057	0.5872036814689636	0.1146390289068222	0.15591663122177124	0.8703705072402954	0.48043063282966614	-0.04108304902911186	0.7238084077835083	0.6269719004631042	0.642458438873291	0.7183057069778442	0.301435261964798	0.5276169180870056	0.553435742855072	0.41076889634132385	0.4504830241203308	0.06651296466588974	-0.12039691209793091	-0.07671691477298737	0.051552433520555496	-0.051020924001932144	-0.07856389880180359	-0.10782399773597717	-0.21497637033462524	0.04926731437444687	-0.26193109154701233	0.26072272658348083	0.20629580318927765	0.037433721125125885	-0.09331652522087097	0.5276912450790405	-0.6013668775558472	-0.555809497833252	0.17685580253601074	0.09883686900138855	-0.19164708256721497	0.10564251989126205	0.060577377676963806	0.1767553687095642	0.3509061634540558	0.37543049454689026	0.22711056470870972	0.15721502900123596	0.062456704676151276	-0.2946086525917053	0.3574387729167938	-0.22629685699939728	-0.06355118006467819	0.03518851846456528	0.11559364199638367	-0.009840184822678566	0.4799562394618988	0.08108383417129517	0.3559626042842865	0.14359959959983826	0.23231180012226105	-0.09005608409643173	0.17965546250343323	-0.08874128758907318	0.1425812840461731	0.4917893707752228	0.22297847270965576	-0.028312265872955322	0.40155741572380066	-0.0010336999548599124	-0.2759801745414734	-0.132414311170578	0.19052265584468842	0.07109495997428894	0.2514193058013916	-0.17398153245449066	0.3065384030342102	0.09780342876911163	-0.03992481157183647	-0.08603088557720184	-0.3811820149421692	-0.20472033321857452	-0.2579890191555023	-0.15462739765644073	-0.21250315010547638	-0.37378719449043274	0.012265636585652828	0.06527061015367508	0.48591887950897217	0.13165618479251862	0.5965604186058044	0.6063128709793091	0.1634017825126648	0.03984718769788742	0.043794192373752594	0.35044968128204346	0.4191785752773285	0.12449222803115845	0.6004545092582703	0.2528829872608185	0.2360132336616516	-0.16210533678531647	0.3361624479293823	-0.4094413220882416	0.4271581768989563	0.32403695583343506	0.5440663695335388	0.2173549234867096	0.46818387508392334	0.3547424077987671	0.38966745138168335	0.3397301435470581	0.3065328896045685	0.16779305040836334
LH_Vis_4	-0.0056516388431191444	0.317006379365921	-0.2046452760696411	1.0	0.23798881471157074	-0.10303080826997757	0.3197331130504608	0.2829112708568573	-0.07124818116426468	-0.4308689832687378	-0.44054022431373596	-0.5676528215408325	-0.5096250176429749	-0.09698012471199036	-0.10203313827514648	0.3178659975528717	-0.4886719584465027	0.2539852261543274	-0.2831248342990875	-0.17801852524280548	-0.17881359159946442	-0.37781745195388794	-0.260244756937027	-0.6265131235122681	-0.4793440103530884	-0.5292640328407288	-0.4020397663116455	-0.1880255490541458	-0.41118985414505005	-0.46164748072624207	-0.17092111706733704	0.06262048333883286	-0.29725873470306396	-0.11279594898223877	-0.4187951385974884	-0.06112227588891983	-0.07130895555019379	0.11796773970127106	-0.0014954772777855396	-0.4640922248363495	0.34838321805000305	0.11986694484949112	-0.3003227710723877	0.2396724671125412	-0.1213841587305069	-0.10141824930906296	0.09882878512144089	-0.14354367554187775	0.006520008202642202	0.30702242255210876	0.1293995976448059	-0.0661054477095604	0.3343047499656677	0.8537393808364868	0.02779952436685562	-0.0890236496925354	0.16368384659290314	-0.0711049735546112	-0.2821614742279053	-0.34875988960266113	-0.5678716897964478	-0.5040455460548401	-0.4237644672393799	-0.08415210247039795	-0.3727928102016449	0.2324015498161316	0.2788289487361908	-0.19855189323425293	0.2173902988433838	0.24470800161361694	-0.10453855991363525	-0.28593361377716064	-0.05657770112156868	-0.391848623752594	-0.586212694644928	-0.36865687370300293	-0.108881376683712	-0.3904684782028198	0.07001806795597076	0.16617648303508759	-0.3263801038265228	0.20005983114242554	-0.013408306054770947	-0.2732066214084625	-0.22640636563301086	-0.10175282508134842	-0.0005621779710054398	-0.061172161251306534	-0.0009018030250445008	0.29691410064697266	0.30211952328681946	-0.0683741346001625	-0.3247484266757965	0.11870718747377396	0.013940802775323391	0.05289733409881592	-0.1387338936328888	0.023274598643183708	-0.010036778636276722	0.35393306612968445	-0.07306455820798874	0.17379945516586304	-0.25887683033943176	0.19203996658325195	-0.10617347806692123	0.08871790766716003	-0.15926072001457214	-0.2386637181043625	-0.23343107104301453	0.053220681846141815	-0.09241250902414322	-0.17310023307800293	0.036365214735269547	-0.3274282217025757	-0.02790052443742752	0.3376772701740265	-0.08245448768138885	-0.12134100496768951	-0.14580592513084412	-0.3577140271663666	-0.014158407226204872	-0.16701792180538177	0.48968857526779175	0.0529889240860939	0.11883192509412766	-0.1792079210281372	-0.019590115174651146	0.14670336246490479	-0.12168530374765396	-0.09305647760629654	-0.22686520218849182	0.03566998988389969	-0.3958684504032135	-0.1365145593881607	0.04551585391163826	0.24697245657444	0.17606288194656372	-0.1306518316268921	0.05333215743303299	0.0495743602514267	0.09118879586458206	0.09024477005004883	-0.16212904453277588	-0.24324950575828552	-0.24253688752651215	-0.140956312417984	-0.2711940407752991	-0.33803224563598633	0.022275550290942192	-0.17534416913986206	0.008438101038336754	0.007550974376499653	0.0994868129491806	0.2004004716873169	0.08993156999349594	0.12259761244058609
LH_Vis_5	0.18876899778842926	0.7831628918647766	0.6764925718307495	0.23798881471157074	1.0	0.48976147174835205	0.6459121704101562	0.6570667028427124	0.49705034494400024	-0.04565481096506119	-0.07580454647541046	0.06487227976322174	0.012402485124766827	0.1267649531364441	0.16755922138690948	0.6392397880554199	0.0025916772428900003	0.3088286519050598	0.10889267176389694	0.11095943301916122	-0.15715263783931732	0.041423238813877106	0.11073429137468338	0.10531064122915268	-0.3548218011856079	-0.1009586751461029	-0.010470335371792316	0.30397799611091614	0.02244611084461212	0.11430170387029648	-0.2995588779449463	-0.5787280797958374	0.3618921935558319	0.4476695954799652	-0.01807456836104393	0.2941201627254486	0.3854183852672577	0.058737363666296005	0.28748801350593567	0.20459727942943573	0.450382262468338	-0.05873209238052368	-0.17888447642326355	-0.033093612641096115	0.0574549175798893	-0.069774329662323	0.14240694046020508	0.07519582659006119	0.37819692492485046	0.22503851354122162	-0.06607430428266525	0.7247263789176941	0.6478082537651062	0.3597404658794403	0.6493806838989258	0.41846901178359985	0.6284598112106323	0.6437126994132996	-0.06704102456569672	0.07477600127458572	0.053429972380399704	-0.0496065691113472	-0.0011857720091938972	0.18775497376918793	-0.2580052614212036	0.15405282378196716	0.4679878056049347	0.0617428757250309	0.3012489378452301	0.3101089298725128	0.04691410809755325	0.015139984898269176	0.10055038332939148	0.19447940587997437	-0.028241677209734917	-0.3876948058605194	-0.10027443617582321	0.24857854843139648	-0.5417523980140686	-0.5929985046386719	0.31996792554855347	0.4684274196624756	-0.13744354248046875	0.10207505524158478	-0.025999726727604866	0.19022707641124725	0.3625274896621704	0.2226656675338745	0.4202297627925873	0.41430726647377014	0.4858839213848114	-0.550592303276062	0.16718228161334991	-0.27863094210624695	-0.17648042738437653	0.015627020969986916	-0.07067245990037918	-0.033686187118291855	0.23358486592769623	0.2740272283554077	0.10727639496326447	0.08106154948472977	0.14425739645957947	0.09707827121019363	-0.08039814978837967	-0.183366596698761	0.04251478239893913	0.46832698583602905	-0.008382447063922882	0.2504941523075104	0.2764001786708832	-0.15849566459655762	-0.05014669895172119	-0.35616904497146606	-0.03919500857591629	0.154837965965271	0.3060685098171234	-0.2021462470293045	0.18736235797405243	-0.18732182681560516	-0.23231428861618042	-0.22704263031482697	-0.028658801689743996	-0.38796526193618774	-0.1484675109386444	-0.2688075006008148	-0.1998339742422104	-0.12746749818325043	-0.18457619845867157	-0.06750255823135376	0.22212621569633484	0.23231153190135956	0.23636963963508606	0.47844886779785156	0.2635240852832794	0.21441106498241425	-0.047314416617155075	0.03729095309972763	0.5569050312042236	0.20757801830768585	0.4628407657146454	0.11116443574428558	0.198433056473732	-0.3106003999710083	0.14185847342014313	-0.4925197660923004	0.4022153913974762	0.34319382905960083	0.730128824710846	0.22831936180591583	0.7452142238616943	0.612067461013794	0.7210098505020142	0.65318763256073	0.6251186728477478	0.41982901096343994
LH_Vis_6	0.2750993072986603	0.5986722111701965	0.6553068161010742	-0.10303080826997757	0.48976147174835205	1.0	0.448280394077301	0.4956182837486267	0.8714776635169983	0.2358940839767456	0.16481007635593414	0.21838870644569397	0.410732239484787	-0.17477382719516754	0.04480809345841408	0.35730570554733276	0.0661662295460701	0.25967535376548767	0.017148254439234734	0.20779360830783844	-0.1865265816450119	0.4628431499004364	0.05123988538980484	0.34224843978881836	0.08384063839912415	0.3158847391605377	0.35067787766456604	0.3965688943862915	0.1713687777519226	0.3427360951900482	-0.23983034491539001	-0.5547144412994385	0.1620183289051056	0.3989717364311218	0.3758542537689209	0.4767740070819855	0.35640788078308105	0.0323064960539341	0.29357582330703735	0.3827891945838928	-0.004938459489494562	0.07385744154453278	0.13645756244659424	-0.11870985478162766	0.12315865606069565	0.20768223702907562	0.2004985511302948	0.15827235579490662	0.4055823087692261	0.10134192556142807	0.1275581568479538	0.623030960559845	0.47243809700012207	-0.10438884794712067	0.8504973649978638	0.9560551643371582	0.5107758045196533	0.6754477620124817	0.23317891359329224	0.30506736040115356	0.23906885087490082	0.35757505893707275	0.496387243270874	0.0355246402323246	0.018604058772325516	-0.08401486277580261	0.13649974763393402	-0.06492509692907333	0.2525406777858734	0.19392277300357819	-0.11577880382537842	0.4404778778553009	-0.08485256880521774	0.24366550147533417	0.14996591210365295	0.06395632028579712	-0.10274122655391693	0.32426223158836365	-0.68258136510849	-0.4663686752319336	0.3172281086444855	0.17636480927467346	0.06500522047281265	0.452632337808609	0.20704947412014008	0.4053879976272583	0.34903693199157715	0.34915220737457275	0.43784186244010925	0.041090987622737885	-0.120512455701828	-0.27722641825675964	0.17985598742961884	-0.23238472640514374	0.058529969304800034	0.10940948128700256	0.19782179594039917	0.21480894088745117	0.39837175607681274	0.12242910265922546	0.46272116899490356	0.46133720874786377	0.07379600405693054	-0.19522680342197418	-0.07551006227731705	-0.27003440260887146	0.2772226929664612	0.3612750470638275	0.37194180488586426	0.23645667731761932	0.18285439908504486	-0.025580717250704765	-0.24419188499450684	-0.054553959518671036	0.5250834226608276	0.3105117678642273	0.29037031531333923	-0.22451217472553253	0.42856672406196594	0.028538241982460022	0.05881236866116524	0.18816563487052917	-0.13148528337478638	0.04064753279089928	-0.04888398200273514	-0.06576455384492874	-0.17223431169986725	-0.16639241576194763	0.3325212299823761	-0.058382224291563034	0.41524824500083923	0.28077051043510437	0.44171735644340515	0.5227518677711487	0.27629604935646057	0.1599097102880478	-0.29915082454681396	0.2723500430583954	0.28563743829727173	0.12380862981081009	0.5039845108985901	0.2796550989151001	0.29554057121276855	-0.20079681277275085	0.18208295106887817	-0.38672640919685364	0.2504676282405853	0.1493198275566101	0.4800267815589905	0.26660263538360596	0.37806835770606995	0.4116000533103943	0.2937333583831787	0.1631973832845688	0.16934454441070557	0.1284891813993454
LH_Vis_7	0.16048988699913025	0.6376696228981018	0.40698471665382385	0.3197331130504608	0.6459121704101562	0.448280394077301	1.0	0.6455187201499939	0.5011761784553528	-0.07682138681411743	-0.06175602599978447	-0.15008069574832916	-0.054306309670209885	0.19198289513587952	0.44301676750183105	0.8140751719474792	-0.10819172114133835	0.4710676372051239	0.0878927931189537	0.258118212223053	0.13139528036117554	0.012367963790893555	0.09452416002750397	-0.023484330624341965	-0.37686920166015625	-0.2123049944639206	-0.08997493982315063	0.09860352426767349	0.11793873459100723	0.0001801081234589219	-0.4572279155254364	-0.5501328706741333	0.21371299028396606	0.25778675079345703	-0.06909839063882828	0.042663320899009705	0.06780533492565155	0.11378024518489838	0.3163265287876129	0.22616013884544373	0.26856574416160583	0.02605634741485119	-0.20134176313877106	0.010270955041050911	-0.027513913810253143	-0.05980512127280235	0.10246380418539047	-0.05263940244913101	0.23799626529216766	0.13686633110046387	0.06542066484689713	0.5523159503936768	0.847227156162262	0.37920477986335754	0.4429800510406494	0.4440721571445465	0.6590011119842529	0.5733292698860168	-0.007138758432120085	0.11324205249547958	-0.11068224906921387	-0.12127337604761124	0.046428509056568146	0.3092796206474304	0.06642784178256989	0.49993404746055603	0.624216616153717	0.09408330172300339	0.5153201818466187	0.4748757779598236	0.31713980436325073	0.0014931324403733015	0.23390182852745056	0.272694855928421	-0.027081849053502083	-0.33142468333244324	0.10833740234375	0.1609179824590683	-0.5355880856513977	-0.5542003512382507	0.15077213943004608	0.14298862218856812	-0.2721831202507019	0.03792527690529823	0.00506649911403656	-0.027002912014722824	-0.00011514346260810271	0.09382152557373047	0.16083163022994995	0.18239225447177887	0.3379424810409546	-0.3418683111667633	0.09676157683134079	-0.39016032218933105	-0.1915799081325531	-0.004871239885687828	-0.08843494206666946	-0.07521568238735199	0.0836372822523117	0.1105690598487854	0.22958709299564362	0.22593523561954498	0.03653359040617943	0.17506837844848633	-0.17798353731632233	-0.17599117755889893	-0.08105228841304779	0.24216532707214355	-0.24529825150966644	0.2608523666858673	0.22335194051265717	-0.14889533817768097	-0.033698681741952896	-0.37481436133384705	0.07372114062309265	0.274705171585083	0.20767050981521606	-0.2085704803466797	-0.004506317432969809	-0.15982386469841003	-0.20060871541500092	-0.37336790561676025	0.08153076469898224	-0.18417714536190033	-0.044145576655864716	-0.3289085328578949	-0.1197587251663208	-0.06472165882587433	-0.1568332314491272	-0.15603739023208618	0.07528100907802582	0.3405831456184387	0.10970605164766312	0.24234479665756226	0.2942917048931122	0.353148877620697	-0.06513816118240356	-0.015419499948620796	0.5286437273025513	0.21588027477264404	0.3198094069957733	0.03784528002142906	0.06867756694555283	-0.2960989773273468	0.05239776149392128	-0.42020341753959656	0.29801836609840393	0.16022959351539612	0.647736668586731	0.18811984360218048	0.6429851651191711	0.5875942707061768	0.6661229133605957	0.6236796379089355	0.5463090538978577	0.3628935217857361
LH_Vis_8	0.3777945935726166	0.716602087020874	0.6348112225532532	0.2829112708568573	0.6570667028427124	0.4956182837486267	0.6455187201499939	1.0	0.6171552538871765	0.11811071634292603	0.05560603365302086	0.03770792484283447	0.11559458076953888	0.041924405843019485	0.16650451719760895	0.6002131104469299	-0.03567099571228027	0.280715674161911	-0.0065914420410990715	-0.12929576635360718	-0.04428790509700775	0.09100742638111115	-0.03138311579823494	0.01891256310045719	-0.2966863512992859	-0.05139647051692009	-0.043260131031274796	0.17812471091747284	-0.10661762207746506	0.08573181182146072	-0.028292199596762657	-0.28059011697769165	0.29977887868881226	0.13251979649066925	0.052760232239961624	0.04650197923183441	0.09713815152645111	0.17165181040763855	0.3553454577922821	0.1339971274137497	0.17651645839214325	0.13086648285388947	0.10986586660146713	0.05556926131248474	0.13668972253799438	0.09032264351844788	0.27448320388793945	-0.023667095229029655	0.21577422320842743	-0.014200182631611824	0.32974520325660706	0.7418255805969238	0.6561698317527771	0.35161012411117554	0.6540540456771851	0.5488864779472351	0.871199369430542	0.8120610117912292	0.15752051770687103	0.10951240360736847	0.07041609287261963	0.057603321969509125	0.22222496569156647	0.11072185635566711	-0.13091114163398743	0.16242416203022003	0.22394198179244995	-0.031148636713624	0.2387268841266632	0.27632632851600647	-0.03153479844331741	0.01568586938083172	-0.11576347053050995	0.06009791046380997	-0.08194214850664139	-0.2018147110939026	-0.08826280385255814	0.19000981748104095	-0.3457537889480591	-0.3165786564350128	0.08444537967443466	0.1791483759880066	-0.01098407618701458	0.14208804070949554	0.027670716866850853	0.14792753756046295	0.024243107065558434	0.15447379648685455	0.0502229779958725	0.09805246442556381	0.22187000513076782	-0.2025725096464157	0.1191243827342987	-0.026599951088428497	0.07179153710603714	0.09990081936120987	0.027478165924549103	0.009523310698568821	0.17561879754066467	0.028975533321499825	0.2999129891395569	0.05020846426486969	0.07921262085437775	-0.17879794538021088	0.04789206013083458	-0.026263169944286346	0.02404937520623207	0.29065263271331787	-0.0691627562046051	0.04568422958254814	0.19954189658164978	-0.02341454289853573	-0.2779497504234314	-0.22422261536121368	0.08165176212787628	0.09233877062797546	0.0904790461063385	-0.2883893549442291	0.09092530608177185	-0.17519734799861908	-0.25733911991119385	-0.15058767795562744	-0.15483316779136658	-0.15782548487186432	-0.0930945947766304	-0.31979718804359436	-0.1856420934200287	-0.18479323387145996	-0.11824008077383041	-0.1743125021457672	0.19730328023433685	0.034551188349723816	0.03467467054724693	0.26493939757347107	0.2777457535266876	-0.00456062238663435	-0.20914267003536224	0.11725602298974991	0.2829238176345825	0.03435733541846275	0.3481144905090332	0.19097329676151276	-0.01932828314602375	-0.212007537484169	0.027738530188798904	-0.3043140769004822	0.02709123119711876	-0.06146441400051117	0.36187469959259033	0.07305397093296051	0.3260490894317627	0.2774164378643036	0.31037065386772156	0.31447356939315796	0.3363269567489624	0.20783978700637817
LH_Vis_9	0.3119787573814392	0.609943151473999	0.6793027520179749	-0.07124818116426468	0.49705034494400024	0.8714776635169983	0.5011761784553528	0.6171552538871765	1.0	0.16775961220264435	0.17605940997600555	0.15508894622325897	0.29573431611061096	0.021231388673186302	0.08405821025371552	0.40546706318855286	0.06366773694753647	0.2675549387931824	0.09061112999916077	0.2047429084777832	-0.11794175952672958	0.3557600975036621	0.08937670290470123	0.2600780725479126	-0.06619230657815933	0.2557864785194397	0.35841330885887146	0.4448227286338806	0.27043846249580383	0.31987476348876953	-0.19876016676425934	-0.5471268892288208	0.17667275667190552	0.29589420557022095	0.3474157154560089	0.4662540555000305	0.4562191963195801	0.13863754272460938	0.3473081886768341	0.268187940120697	0.1409970372915268	0.09764676541090012	0.1538163125514984	0.03254835307598114	0.23680557310581207	0.3054373264312744	0.3234189748764038	0.26219528913497925	0.41365498304367065	0.21111705899238586	0.2150508314371109	0.6667054295539856	0.5663648247718811	-0.09881557524204254	0.8005325198173523	0.8742717504501343	0.5845335125923157	0.7723653316497803	0.1764918863773346	0.318712443113327	0.20499978959560394	0.2259710431098938	0.42771318554878235	0.1874365359544754	0.11094141006469727	-0.0519745796918869	0.2079298198223114	0.07212834805250168	0.29987093806266785	0.20782588422298431	-0.03906974568963051	0.3032509684562683	-0.12536996603012085	0.1579996645450592	0.14570800960063934	-0.06073196604847908	0.007219651248306036	0.338209867477417	-0.5913621783256531	-0.4655836522579193	0.22630317509174347	0.17292796075344086	0.05852803587913513	0.38101711869239807	0.23809194564819336	0.39118728041648865	0.3651600778102875	0.4114285707473755	0.416518896818161	0.057343751192092896	0.02871977910399437	-0.2677164673805237	0.1706019639968872	-0.225978285074234	0.03906390815973282	0.19342435896396637	0.23496048152446747	0.25131648778915405	0.3712250888347626	0.1900482475757599	0.4507407546043396	0.39802002906799316	0.010508177801966667	-0.1205226257443428	-0.05655580386519432	-0.24982500076293945	0.19030575454235077	0.45038244128227234	0.22288376092910767	0.16069163382053375	0.18702398240566254	0.025805549696087837	-0.13428261876106262	0.009601598605513573	0.39924460649490356	0.31850308179855347	0.3410276472568512	-0.24845734238624573	0.37926286458969116	0.07626024633646011	-0.062485471367836	0.02964022196829319	-0.12866565585136414	0.005871468223631382	-0.06348072737455368	-0.08113491535186768	-0.15618838369846344	-0.22059881687164307	0.32266664505004883	-0.14942878484725952	0.39489588141441345	0.2591754198074341	0.5000906586647034	0.5263615846633911	0.34722408652305603	0.06274249404668808	-0.230646550655365	0.26020824909210205	0.3786334991455078	0.02572484128177166	0.44042786955833435	0.1526612788438797	0.17235049605369568	-0.22450900077819824	0.19114753603935242	-0.3191612958908081	0.26644203066825867	0.16756390035152435	0.5060139894485474	0.25967252254486084	0.4124881327152252	0.4211679995059967	0.3273753523826599	0.2608018219470978	0.3043991029262543	0.21902930736541748
LH_SomMot_1	0.3441581726074219	0.07176508754491806	0.42041441798210144	-0.4308689832687378	-0.04565481096506119	0.2358940839767456	-0.07682138681411743	0.11811071634292603	0.16775961220264435	1.0	0.641112208366394	0.6280490159988403	0.6514763832092285	-0.04227156937122345	0.16103889048099518	-0.06122665852308273	0.3902173340320587	-0.3032405376434326	0.10425060242414474	-0.17615853250026703	0.040693577378988266	0.6534735560417175	-0.02197583205997944	0.6369219422340393	0.6565335392951965	0.6303023099899292	0.2592572569847107	0.40143322944641113	0.2612845301628113	0.5626750588417053	0.12844574451446533	0.01151980645954609	0.25422826409339905	0.039990395307540894	0.4075351357460022	-0.09251613914966583	0.07796459645032883	0.10279550403356552	0.39536499977111816	0.5535615086555481	-0.4846220016479492	0.3773382306098938	0.5108732581138611	-0.2514628469944	0.03011651337146759	0.17111636698246002	0.23545262217521667	-0.11523587256669998	0.11293388158082962	-0.40493687987327576	0.2796194553375244	0.3764974772930145	0.05632045865058899	-0.3397902548313141	0.2226705551147461	0.2844691872596741	0.23429806530475616	0.2262129783630371	0.7250148057937622	0.4977599084377289	0.695676863193512	0.6119493842124939	0.5634763836860657	-0.018023766577243805	0.07936031371355057	-0.101902537047863	-0.2750748097896576	0.048450712114572525	-0.1592792570590973	-0.2125423103570938	-0.11746654659509659	0.3424598276615143	-0.13630059361457825	0.5047249794006348	0.39054739475250244	0.6563143134117126	-0.010440223850309849	0.46209022402763367	-0.13711760938167572	-0.0722801685333252	0.16288873553276062	-0.3546052575111389	-0.022053655236959457	0.2816254198551178	0.11692976206541061	0.10165748000144958	-0.2203066051006317	0.2619273364543915	-0.21365861594676971	-0.3660358786582947	-0.38266581296920776	0.1410684883594513	0.5665231943130493	0.015177780762314796	0.2454640418291092	-0.055116478353738785	0.10288916528224945	0.0007098698988556862	0.17919260263442993	-0.4335613548755646	0.3453902006149292	0.0994211733341217	0.1691293865442276	-0.2541113793849945	0.13712148368358612	0.0008997064433060586	0.18539053201675415	0.07423722743988037	0.1641286164522171	-0.08970628678798676	0.22472280263900757	0.1638847291469574	-0.097631074488163	0.21877115964889526	0.2802482843399048	-0.04292616620659828	-0.020002184435725212	0.14952224493026733	0.2720848321914673	0.033503457903862	0.05324287340044975	0.23085352778434753	-0.37596601247787476	0.11077255010604858	-0.18388554453849792	0.1479642391204834	-0.04568836838006973	-0.14146734774112701	0.16640330851078033	0.11673398315906525	0.47440749406814575	0.0262417234480381	0.30672332644462585	0.21152102947235107	0.0005976942484267056	-0.07317572832107544	-0.04941144585609436	0.28202804923057556	0.027126092463731766	0.056839875876903534	0.22865863144397736	0.27089178562164307	-0.10563064366579056	0.16497325897216797	0.11083512008190155	0.11379475146532059	0.041237108409404755	0.0745341032743454	-0.08119520545005798	0.05085033178329468	-0.16009065508842468	-0.13534849882125854	-0.17206045985221863	-0.2545616328716278	-0.20113009214401245	-0.2937617599964142
LH_SomMot_2	0.15858784317970276	0.08030407130718231	0.5279379487037659	-0.44054022431373596	-0.07580454647541046	0.16481007635593414	-0.06175602599978447	0.05560603365302086	0.17605940997600555	0.641112208366394	1.0	0.6987760663032532	0.6250280141830444	0.07720358669757843	0.24575145542621613	-0.1590079665184021	0.4551251530647278	-0.6184694170951843	0.10248935222625732	-0.3159373104572296	0.13859306275844574	0.20986326038837433	-0.22483980655670166	0.5836688876152039	0.5564137697219849	0.4721468687057495	0.11778388917446136	0.4506613612174988	0.4054812490940094	0.4879045784473419	-0.04704686626791954	0.014777978882193565	0.012096364051103592	-0.3001621663570404	0.08169945329427719	0.11146055161952972	0.24366410076618195	0.3440322279930115	0.4312717318534851	0.4648963510990143	-0.2774047553539276	0.20109322667121887	0.1963794231414795	-0.256702721118927	-0.03987008333206177	0.09696105867624283	0.24358966946601868	-0.31054526567459106	0.27366697788238525	-0.1799820512533188	0.21071872115135193	0.34082552790641785	-0.011736094951629639	-0.36798495054244995	0.11372551321983337	0.15918149054050446	0.1088208556175232	0.13938681781291962	0.6063427329063416	0.827471137046814	0.7878740429878235	0.5665392875671387	0.5261964797973633	0.041268330067396164	0.21454350650310516	-0.023471234366297722	-0.2885977029800415	0.07706914842128754	-0.46313682198524475	-0.5093657374382019	-0.03647972270846367	-0.12293048948049545	-0.3156140446662903	0.3351479172706604	0.5159429311752319	0.5469452738761902	0.18375617265701294	0.4604955315589905	-0.2620006501674652	-0.08604319393634796	-0.1544508934020996	-0.4605761766433716	-0.37420356273651123	-0.21426989138126373	0.007448847405612469	-0.1543075293302536	0.009563526138663292	0.1875535100698471	-0.1905996948480606	-0.2899355888366699	-0.33717232942581177	0.10237371176481247	0.36491653323173523	-0.25218185782432556	-0.12872347235679626	-0.16103500127792358	-0.022284161299467087	-0.22963117063045502	0.20931050181388855	-0.2661697566509247	0.26911962032318115	0.05037842318415642	0.20406368374824524	-0.09263847768306732	0.3180779218673706	0.17088104784488678	-0.14832434058189392	-0.015608320944011211	0.022844070568680763	-0.3073086440563202	0.2896265983581543	0.13444040715694427	-0.09348712116479874	0.046245139092206955	0.11118321120738983	0.007963048294186592	-0.03427252918481827	0.025843510404229164	0.141149640083313	0.28869062662124634	0.1796216517686844	-0.12360230088233948	-0.4371301829814911	0.20040148496627808	-0.1104419007897377	0.03047146089375019	0.021290171891450882	-0.28763145208358765	0.004854924511164427	0.2223113775253296	0.38921186327934265	-0.020668810233473778	0.44356682896614075	0.2212105542421341	-0.09454680979251862	-0.0059499735943973064	0.12236596643924713	0.45112931728363037	0.09347937256097794	0.07246389240026474	0.2150752693414688	0.268586128950119	0.029774516820907593	0.15384097397327423	0.2769029438495636	0.032963063567876816	0.343700647354126	0.2218821495771408	0.030648259446024895	0.14250481128692627	-0.02992120571434498	-0.03266330808401108	-0.09928392618894577	-0.12617792189121246	-0.15566299855709076	-0.13414883613586426
LH_SomMot_3	0.16249710321426392	0.12480144947767258	0.4889252781867981	-0.5676528215408325	0.06487227976322174	0.21838870644569397	-0.15008069574832916	0.03770792484283447	0.15508894622325897	0.6280490159988403	0.6987760663032532	1.0	0.6216607689857483	0.16953296959400177	0.1335558444261551	-0.10299558937549591	0.7882087826728821	-0.37430495023727417	0.40668460726737976	-0.14099058508872986	0.1351023018360138	0.5352004766464233	0.20415817201137543	0.746175229549408	0.6341782808303833	0.6865589618682861	0.3802921175956726	0.5627039670944214	0.24871720373630524	0.7245534062385559	0.12945620715618134	-0.053797923028469086	0.3011991083621979	0.1612910032272339	0.3564167320728302	0.21835826337337494	0.30859628319740295	0.08826234191656113	0.2981279790401459	0.4978767931461334	-0.19646933674812317	0.17022919654846191	0.30261072516441345	-0.19877341389656067	0.1412302553653717	0.19049425423145294	0.24431897699832916	0.08597353845834732	0.23565751314163208	-0.19175131618976593	-0.048345502465963364	0.35103264451026917	-0.079437755048275	-0.374809205532074	0.21766452491283417	0.18301115930080414	0.0755671039223671	0.166129007935524	0.33858048915863037	0.6527074575424194	0.868090033531189	0.5217533707618713	0.46431252360343933	0.24065499007701874	0.17704419791698456	-0.20570945739746094	-0.27890050411224365	0.276638388633728	-0.2812778949737549	-0.3377138376235962	-0.03595726564526558	0.18984881043434143	-0.009702303446829319	0.24627292156219482	0.6717661023139954	0.5502130389213562	-0.05076158419251442	0.7051704525947571	-0.2621195912361145	-0.26272645592689514	0.19094151258468628	-0.12509284913539886	-0.07094315439462662	0.2098672240972519	0.249672070145607	0.17858083546161652	0.1373578906059265	0.2982543408870697	0.06387250870466232	-0.1334967166185379	-0.3264670670032501	-0.10132818669080734	0.283519983291626	-0.24779266119003296	-0.03346371650695801	-0.0060155452229082584	0.14605902135372162	-0.021659493446350098	0.2514587938785553	-0.20088618993759155	0.4049125909805298	0.08461400866508484	0.5104003548622131	-0.18965865671634674	0.23000234365463257	-0.1328265219926834	0.0684264749288559	0.27335745096206665	0.2785908579826355	-0.17160841822624207	0.41018053889274597	0.11778546124696732	-0.061101239174604416	0.20983721315860748	0.27531540393829346	-0.02072535827755928	0.0871175080537796	0.07395225763320923	0.3150669038295746	0.1660659909248352	0.2517692744731903	0.13358496129512787	-0.4411350190639496	-0.06557488441467285	-0.2446882128715515	0.19079363346099854	-0.07106772065162659	-0.15158595144748688	0.001329022110439837	0.2856178879737854	0.4985100030899048	0.041760750114917755	0.4119226634502411	0.4227917194366455	-0.08577565103769302	0.0026278235018253326	-0.10492397099733353	0.5123364329338074	0.171176940202713	0.11922229826450348	0.3339140713214874	0.2878224849700928	0.10712502896785736	0.061421655118465424	0.2525886297225952	-0.047392625361680984	0.330992192029953	0.2771472632884979	0.07145027071237564	0.046620987355709076	0.10529514402151108	-0.03119010478258133	-0.013139753602445126	-0.08602640777826309	-0.0720808282494545	-0.2113683670759201
