Node	HIP-head-m-rh	HIP-head-l-rh	HIP-body-rh	HIP-tail-rh	THA-VPm-rh	THA-VPl-rh	THA-VAi-rh	THA-VAs-rh	THA-DAm-rh	THA-DAl-rh	PUT-VA-rh	PUT-DA-rh	PUT-VP-rh	PUT-DP-rh	CAU-VA-rh	CAU-DA-rh	CAU-body-rh	CAU-tail-rh	lAMY-rh	mAMY-rh	THA-DP-rh	NAc-shell-rh	NAc-core-rh	pGP-rh	aGP-rh	HIP-head-m-lh	HIP-head-l-l	HIP-body-l	HIP-tail-lh	THA-VPm-lh	THA-VPl-lh	THA-VAi-lh	THA-VAs-lh	THA-DAm-lh	THA-DAl-lh	PUT-VA-lh	PUT-DA-l	PUT-VP-lh	PUT-DP-lh	CAU-VA-lh	CAU-DA-lh	CAU-body-lh	CAU-tail-lh	lAMY-lh	mAMY-lh	THA-DP-lh	NAc-shell-lh	NAc-core-lh	pGP-lh	aGP-lh
HIP-head-m-rh	1.0	-0.0381704606115818	0.2708025872707367	0.016176313161849976	0.30369728803634644	0.17872242629528046	0.07365661859512329	-0.21670906245708466	-0.15985658764839172	0.2114427238702774	0.27750250697135925	0.3099042773246765	-0.11224561929702759	-0.15644779801368713	-0.0694599449634552	-0.1260979324579239	0.22673802077770233	-0.01835048943758011	-0.12942497432231903	-0.02889357879757881	0.18437787890434265	0.11038438975811005	0.07156168669462204	-0.22769960761070251	0.06361448019742966	-0.19337311387062073	0.28267014026641846	-0.12662051618099213	0.1995079666376114	0.10375606268644333	0.12148725241422653	-0.15496480464935303	-0.05403776839375496	0.08936289697885513	0.09164874255657196	0.21352650225162506	0.05866596847772598	0.01618017628788948	-0.09080096334218979	0.10151442885398865	0.003741309279575944	0.11233016103506088	0.11447756737470627	0.3082486391067505	0.08382828533649445	0.08051056414842606	0.18527114391326904	-0.03183774650096893	0.07873145490884781	0.02384204789996147
HIP-head-l-rh	-0.0381704606115818	1.0	0.04039193317294121	0.144947350025177	0.05005687102675438	-0.13063159584999084	0.05273720249533653	0.20538383722305298	0.024647805839776993	-0.13704687356948853	-0.037260182201862335	-0.11286761611700058	0.10552278906106949	0.14838814735412598	0.031822822988033295	0.13627932965755463	0.12182242423295975	-0.02013896033167839	0.19287064671516418	0.11484891921281815	0.04761761799454689	0.07626163214445114	0.010665178298950195	-0.052775800228118896	0.10987324267625809	-0.009377903304994106	-0.16629397869110107	-0.17812974750995636	0.005198625847697258	0.0033794562332332134	0.22557970881462097	0.435207724571228	0.2800244688987732	-0.09564560651779175	-0.1475590616464615	-0.09118063002824783	0.2028782218694687	0.11176594346761703	-0.013630630448460579	-0.004522539209574461	0.24564503133296967	-0.009502103552222252	-0.3471156656742096	-0.15915513038635254	-0.13876502215862274	0.24809983372688293	-0.16584749519824982	0.018919123336672783	0.21388250589370728	0.20951582491397858
HIP-body-rh	0.2708025872707367	0.04039193317294121	1.0	-0.044728539884090424	0.2585430443286896	0.1488216370344162	0.11941047757863998	0.12335986644029617	-0.09709810465574265	0.5314452052116394	-0.004775847773998976	0.13447879254817963	0.08318775147199631	0.04883838817477226	0.3171250522136688	0.08348678052425385	-0.011509724892675877	0.1140017881989479	-0.23773187398910522	-0.006061666179448366	0.40539082884788513	0.2652710974216461	0.18067212402820587	-0.12278933823108673	-0.003106091869994998	0.1406870186328888	0.02560250088572502	0.04821423441171646	-0.0750458687543869	0.08213960379362106	0.10672353208065033	0.20427493751049042	0.15282727777957916	0.048873770982027054	-0.11520916223526001	0.16159062087535858	0.03602292388677597	0.05054159089922905	-0.12697020173072815	0.0399961844086647	-0.00629721162840724	-0.14274078607559204	0.028783202171325684	-0.003978181164711714	-0.054564885795116425	0.12717533111572266	0.09048763662576675	0.30942413210868835	0.0706385001540184	-0.20567461848258972
HIP-tail-rh	0.016176313161849976	0.144947350025177	-0.044728539884090424	1.0	0.02284889668226242	0.19717122614383698	0.12203829735517502	0.07967070490121841	0.04873939976096153	-0.014612825587391853	0.10071134567260742	-0.12173807621002197	-0.10274863988161087	-0.07153040170669556	0.10556359589099884	0.037234388291835785	0.11738462746143341	0.3354365825653076	-0.17840395867824554	0.04027795046567917	0.08766720443964005	0.10177043825387955	0.11821550130844116	0.03490019217133522	-0.024088839069008827	-0.09782476723194122	-0.17955440282821655	0.25822532176971436	-0.062396690249443054	0.20071633160114288	0.012505210936069489	0.1001414880156517	0.018943365663290024	-0.11054571717977524	0.148163840174675	-0.11367067694664001	-0.01821891963481903	0.06150281801819801	0.1558837592601776	0.22999487817287445	0.25952985882759094	0.20835936069488525	-0.010267640464007854	-0.07483307272195816	-0.18164874613285065	0.1128295287489891	-0.03758586570620537	0.21428439021110535	0.26389652490615845	0.03202425688505173
THA-VPm-rh	0.30369728803634644	0.05005687102675438	0.2585430443286896	0.02284889668226242	1.0	0.30127018690109253	0.3558894395828247	0.19741858541965485	0.2887273132801056	0.08425099402666092	0.12402669340372086	0.0042531536892056465	-0.06856071203947067	-0.20132417976856232	-0.12674780189990997	0.12347882241010666	0.09682413190603256	0.2611231803894043	-0.2537296712398529	-0.10694950819015503	0.43192142248153687	-0.08547945320606232	-0.22735156118869781	-0.19692577421665192	-0.02914590574800968	0.09549522399902344	0.06610531359910965	-0.24183732271194458	0.05333385244011879	0.26185518503189087	0.0019305370515212417	0.10639430582523346	-0.005461183376610279	0.10496094077825546	-0.20017369091510773	0.051066815853118896	0.1146082878112793	0.008183362893760204	0.09061066806316376	0.2556088864803314	0.04295775294303894	-0.008976690471172333	-0.22417207062244415	0.09847821295261383	0.21321351826190948	0.2459779530763626	0.10698743909597397	-0.055181220173835754	0.13965938985347748	-0.01428129430860281
THA-VPl-rh	0.17872242629528046	-0.13063159584999084	0.1488216370344162	0.19717122614383698	0.30127018690109253	1.0	0.3392030596733093	0.24999137222766876	0.19675198197364807	0.2237945795059204	0.33257269859313965	0.11241917312145233	0.051586925983428955	-0.0502803809940815	0.13156001269817352	0.10711097717285156	0.02044619992375374	0.2120577096939087	-0.13066618144512177	0.10478758811950684	0.5112955570220947	0.07693654298782349	0.059746481478214264	-0.07004577666521072	0.2458128184080124	0.1271982491016388	0.09465528279542923	0.2786828875541687	0.3664745092391968	0.16284802556037903	0.22599151730537415	0.1507212519645691	0.19634880125522614	-0.22179393470287323	0.197347030043602	0.12017139047384262	0.28570955991744995	0.2802327573299408	0.26705434918403625	0.3559182286262512	0.33722740411758423	-0.037910204380750656	0.2464045286178589	0.1389932781457901	0.20065465569496155	0.4467203617095947	-0.024864910170435905	-0.03960426151752472	-0.00272288266569376	0.02291404828429222
THA-VAi-rh	0.07365661859512329	0.05273720249533653	0.11941047757863998	0.12203829735517502	0.3558894395828247	0.3392030596733093	1.0	0.2483275979757309	0.34468942880630493	-0.12842093408107758	0.018067311495542526	0.041906148195266724	-0.2611015737056732	0.018211333081126213	0.18273977935314178	0.2573246657848358	0.12834277749061584	0.21313506364822388	-0.22181865572929382	0.1716979742050171	0.4407607316970825	0.0677625760436058	-0.01733972877264023	0.05010915920138359	0.41683876514434814	0.18910405039787292	-0.2501835227012634	-0.0010880657937377691	0.4880627393722534	0.36175402998924255	0.1783311367034912	0.48268669843673706	0.26733431220054626	-0.14932993054389954	-0.10757835954427719	0.06320026516914368	0.41845202445983887	0.06224283203482628	0.32070064544677734	0.12432380020618439	0.2882838547229767	-0.22350779175758362	-0.15063154697418213	-0.10273118317127228	-0.0901203602552414	0.5965907573699951	-0.08009877055883408	0.007996994070708752	-0.04017998278141022	0.2161242961883545
THA-VAs-rh	-0.21670906245708466	0.20538383722305298	0.12335986644029617	0.07967070490121841	0.19741858541965485	0.24999137222766876	0.2483275979757309	1.0	0.1922791302204132	0.055770061910152435	0.007196857128292322	-0.1819167286157608	0.0929243192076683	0.2931385040283203	0.09797690808773041	0.07794688642024994	-0.318819135427475	0.18934908509254456	-0.018117116764187813	0.2510986924171448	0.21357566118240356	0.015581703744828701	-0.0641830638051033	0.0728720873594284	0.2030504047870636	0.2606905996799469	0.12233707308769226	0.0314413420855999	-0.18800467252731323	0.020634790882468224	0.19358670711517334	0.606886088848114	0.5006388425827026	-0.042731884866952896	0.11343026906251907	-0.06749933212995529	0.11798691004514694	0.34328246116638184	0.06168120354413986	0.4027455449104309	0.12822134792804718	-0.012232278473675251	-0.10781842470169067	-0.19095030426979065	0.13228344917297363	0.15692642331123352	-0.04714394360780716	-0.11175992339849472	0.11697231233119965	0.11334127187728882
THA-DAm-rh	-0.15985658764839172	0.024647805839776993	-0.09709810465574265	0.04873939976096153	0.2887273132801056	0.19675198197364807	0.34468942880630493	0.1922791302204132	1.0	-0.12466821819543839	0.27516376972198486	0.1775016486644745	0.1387336254119873	-0.05260486155748367	-0.29430824518203735	0.029629718512296677	0.10032190382480621	0.07403687387704849	0.015506913885474205	-0.0042588720098137856	0.3751756548881531	-0.29075029492378235	-0.24378244578838348	-0.22730791568756104	-0.08093471080064774	0.09134728461503983	-0.07413912564516068	-0.08689146488904953	-0.04189705848693848	0.11930437386035919	-0.03823718801140785	0.032843153923749924	0.19724515080451965	0.20094910264015198	0.2150181382894516	0.004759575705975294	0.1273062527179718	-0.13667109608650208	0.20684228837490082	-0.04287858307361603	-0.025595929473638535	-0.06333247572183609	0.1007937341928482	0.04752889275550842	0.1851053386926651	0.06006262078881264	-0.06030252203345299	-0.26900315284729004	0.0868583545088768	-0.017348645254969597
THA-DAl-rh	0.2114427238702774	-0.13704687356948853	0.5314452052116394	-0.014612825587391853	0.08425099402666092	0.2237945795059204	-0.12842093408107758	0.055770061910152435	-0.12466821819543839	1.0	0.3074195086956024	0.21189779043197632	0.1747732311487198	0.14287269115447998	0.13426759839057922	-0.13970419764518738	-0.0937693864107132	0.011418592184782028	-0.03831024840474129	-0.1181616336107254	0.12462015450000763	0.13343778252601624	0.2658487558364868	0.11499732732772827	0.042992621660232544	-0.1967337280511856	0.2391568273305893	0.16872599720954895	0.025120539590716362	-0.14324894547462463	0.3330346941947937	-0.16228421032428741	-0.05743306130170822	0.12231139838695526	0.23883187770843506	0.20281055569648743	-0.10691018402576447	-0.06128038838505745	-0.11007974296808243	0.0059728496707975864	-0.015084464102983475	-0.10059325397014618	0.25703132152557373	-0.005164406727999449	0.14570096135139465	0.013217601925134659	0.046923089772462845	0.14245456457138062	0.13166140019893646	-0.2651844918727875
PUT-VA-rh	0.27750250697135925	-0.037260182201862335	-0.004775847773998976	0.10071134567260742	0.12402669340372086	0.33257269859313965	0.018067311495542526	0.007196857128292322	0.27516376972198486	0.3074195086956024	1.0	0.5305829048156738	0.29481419920921326	0.30711179971694946	-0.060401882976293564	-0.08307114988565445	0.04770462587475777	0.1046062558889389	-0.09713343530893326	0.2633604109287262	0.05497850105166435	0.24727429449558258	0.38083985447883606	0.04057928919792175	0.2765234708786011	-0.37165340781211853	0.46563440561294556	0.08152703940868378	0.011746130883693695	-0.15222087502479553	0.15834727883338928	-0.19330663979053497	0.1647796481847763	0.2640282213687897	0.5730479955673218	0.5205256938934326	0.0025892904959619045	0.1139197126030922	-0.009765584021806717	0.19894275069236755	0.21902243793010712	-0.004398351535201073	0.1394892781972885	0.38740554451942444	0.4559248983860016	0.04494275897741318	0.37557756900787354	0.22061079740524292	0.2149457484483719	0.32176387310028076
PUT-DA-rh	0.3099042773246765	-0.11286761611700058	0.13447879254817963	-0.12173807621002197	0.0042531536892056465	0.11241917312145233	0.041906148195266724	-0.1819167286157608	0.1775016486644745	0.21189779043197632	0.5305829048156738	1.0	0.3626704812049866	0.3068211078643799	-0.17134737968444824	0.07423313707113266	0.26460298895835876	0.08043599873781204	0.08334966748952866	0.10963599383831024	0.354226291179657	0.11714063584804535	0.17396755516529083	0.1542702615261078	0.1452922224998474	-0.40955477952957153	0.18695053458213806	-0.19545024633407593	0.13450504839420319	-0.21362026035785675	-0.07460086792707443	-0.2321748286485672	0.06797323375940323	0.26114046573638916	0.32391464710235596	0.678135871887207	0.2672048509120941	0.20495407283306122	0.0995919480919838	-0.13208693265914917	0.05683029070496559	-0.09560155123472214	0.19786545634269714	0.30994999408721924	0.29278793931007385	0.032895512878894806	0.16293756663799286	-0.0016994847683236003	0.18194128572940826	0.18750514090061188
PUT-VP-rh	-0.11224561929702759	0.10552278906106949	0.08318775147199631	-0.10274863988161087	-0.06856071203947067	0.051586925983428955	-0.2611015737056732	0.0929243192076683	0.1387336254119873	0.1747732311487198	0.29481419920921326	0.3626704812049866	1.0	0.3580508828163147	-0.061967883259058	0.26897308230400085	0.19868962466716766	-0.0004976235213689506	0.2730448544025421	0.061991676688194275	0.27171453833580017	0.26738545298576355	-0.03780591860413551	0.3605400025844574	0.0838041603565216	-0.13674785196781158	-0.023103218525648117	-0.05609777942299843	-0.05442018434405327	-0.18160834908485413	0.18195363879203796	0.03824786841869354	0.05861896649003029	0.221822589635849	0.008847512304782867	0.4361255466938019	0.32891571521759033	0.3448183238506317	-0.044982679188251495	0.13137881457805634	-0.053994715213775635	-0.11367742717266083	0.286474347114563	0.21119004487991333	0.21162670850753784	0.0857289582490921	0.15987946093082428	-0.04177752137184143	0.15448038280010223	-0.17219045758247375
PUT-DP-rh	-0.15644779801368713	0.14838814735412598	0.04883838817477226	-0.07153040170669556	-0.20132417976856232	-0.0502803809940815	0.018211333081126213	0.2931385040283203	-0.05260486155748367	0.14287269115447998	0.30711179971694946	0.3068211078643799	0.3580508828163147	1.0	0.10424531996250153	0.015530743636190891	-0.15709465742111206	0.11332006752490997	0.10358920693397522	0.1971432864665985	-0.17057523131370544	0.31894737482070923	0.3110634386539459	0.34217026829719543	0.4040966331958771	-0.14882677793502808	0.0023140879347920418	0.0240731630474329	-0.07682227343320847	-0.1375555694103241	0.22179022431373596	0.3076179027557373	0.11677207052707672	0.028765397146344185	0.12368534505367279	0.4351789355278015	0.32202327251434326	0.42535898089408875	-0.010921292006969452	0.06518646329641342	0.1211124062538147	-0.2567766308784485	-0.11176500469446182	-0.0845310240983963	0.13422897458076477	0.05559433251619339	0.1925273835659027	0.229909285902977	0.07137603312730789	0.41040879487991333
CAU-VA-rh	-0.0694599449634552	0.031822822988033295	0.3171250522136688	0.10556359589099884	-0.12674780189990997	0.13156001269817352	0.18273977935314178	0.09797690808773041	-0.29430824518203735	0.13426759839057922	-0.060401882976293564	-0.17134737968444824	-0.061967883259058	0.10424531996250153	1.0	0.09175068885087967	-0.25863760709762573	0.041970692574977875	0.03230709955096245	0.09877245128154755	-0.012871437706053257	0.5992442965507507	0.5340572595596313	0.04758651182055473	0.3679211735725403	0.22434547543525696	-0.19669362902641296	0.39232873916625977	0.08902041614055634	0.24940448999404907	0.33149096369743347	0.3589116334915161	0.3353922367095947	-0.2139836549758911	-0.132890522480011	0.1309892237186432	-0.003414714941754937	0.14549989998340607	-0.037005405873060226	0.36320504546165466	-0.07833113521337509	-0.12599775195121765	0.017637670040130615	-0.061766549944877625	-0.28513678908348083	0.23641736805438995	0.447966068983078	0.5983298420906067	-0.11926021426916122	0.06641969829797745
CAU-DA-rh	-0.1260979324579239	0.13627932965755463	0.08348678052425385	0.037234388291835785	0.12347882241010666	0.10711097717285156	0.2573246657848358	0.07794688642024994	0.029629718512296677	-0.13970419764518738	-0.08307114988565445	0.07423313707113266	0.26897308230400085	0.015530743636190891	0.09175068885087967	1.0	0.5169488787651062	0.15966790914535522	-0.13332808017730713	-0.03529241308569908	0.39313656091690063	0.21465259790420532	-0.24397797882556915	0.25116896629333496	0.08081448823213577	-0.0494319312274456	-0.34222182631492615	-0.15781664848327637	0.37550660967826843	0.07533425837755203	-0.05972595885396004	0.11493020504713058	0.1731284260749817	-0.13927683234214783	-0.2983790934085846	-0.04127809405326843	0.5403058528900146	0.20915858447551727	0.42407718300819397	0.1618107259273529	0.3424304723739624	-0.021874677389860153	0.0408918596804142	-0.038813263177871704	-0.227004274725914	0.5694002509117126	0.038674209266901016	0.07948790490627289	0.2114631086587906	-0.1935686320066452
CAU-body-rh	0.22673802077770233	0.12182242423295975	-0.011509724892675877	0.11738462746143341	0.09682413190603256	0.02044619992375374	0.12834277749061584	-0.318819135427475	0.10032190382480621	-0.0937693864107132	0.04770462587475777	0.26460298895835876	0.19868962466716766	-0.15709465742111206	-0.25863760709762573	0.5169488787651062	1.0	0.17154578864574432	-0.16446948051452637	0.041227009147405624	0.29993942379951477	0.0828850045800209	-0.1650523841381073	0.06655790656805038	-0.20416291058063507	-0.17813268303871155	-0.29877257347106934	-0.2786960005760193	0.4346410632133484	0.10380204021930695	-0.1332537829875946	-0.124818354845047	-0.09214599430561066	-0.023907607421278954	-0.2696826159954071	-0.05888907238841057	0.4159199893474579	0.017640668898820877	0.4075680375099182	-0.11471721529960632	0.32162827253341675	0.17917540669441223	0.1177433580160141	0.10272900015115738	-0.2577066719532013	0.3953638970851898	-0.0855325385928154	-0.08454523980617523	0.3369766175746918	-0.14368852972984314
CAU-tail-rh	-0.01835048943758011	-0.02013896033167839	0.1140017881989479	0.3354365825653076	0.2611231803894043	0.2120577096939087	0.21313506364822388	0.18934908509254456	0.07403687387704849	0.011418592184782028	0.1046062558889389	0.08043599873781204	-0.0004976235213689506	0.11332006752490997	0.041970692574977875	0.15966790914535522	0.17154578864574432	1.0	-0.3808278441429138	0.03334713727235794	0.3169855773448944	0.17755204439163208	0.027917226776480675	-0.11495887488126755	-0.01506161130964756	-0.06265920400619507	-0.007917686365544796	0.04595327377319336	-0.010052712634205818	0.0507548525929451	-0.21127530932426453	0.05910605192184448	0.025198930874466896	0.13118499517440796	-0.013452311046421528	0.07435473799705505	0.15156050026416779	0.4271206855773926	0.289857417345047	0.17723970115184784	0.3919440507888794	0.24105072021484375	-0.09935065358877182	0.09686846286058426	0.008318141102790833	0.09386830776929855	0.08383553475141525	0.0781111866235733	0.21981194615364075	0.09962425380945206
lAMY-rh	-0.12942497432231903	0.19287064671516418	-0.23773187398910522	-0.17840395867824554	-0.2537296712398529	-0.13066618144512177	-0.22181865572929382	-0.018117116764187813	0.015506913885474205	-0.03831024840474129	-0.09713343530893326	0.08334966748952866	0.2730448544025421	0.10358920693397522	0.03230709955096245	-0.13332808017730713	-0.16446948051452637	-0.3808278441429138	1.0	-0.10622979700565338	-0.13502079248428345	-0.07561046630144119	-0.09767823666334152	0.08388669043779373	-0.026646006852388382	-0.041573416441679	-0.11933554708957672	-0.12209154665470123	-0.14299584925174713	-0.1338498741388321	0.22475166618824005	0.08534767478704453	-0.0010627041338011622	-0.005015159025788307	-0.047849781811237335	0.1405353993177414	-0.040831997990608215	-0.02700314112007618	-0.23751766979694366	0.02169821411371231	-0.44429734349250793	-0.228632852435112	0.2532629072666168	0.025802861899137497	0.026540780439972878	-0.007097095716744661	0.042511001229286194	-0.03642280027270317	-0.26659277081489563	-0.10538777709007263
mAMY-rh	-0.02889357879757881	0.11484891921281815	-0.006061666179448366	0.04027795046567917	-0.10694950819015503	0.10478758811950684	0.1716979742050171	0.2510986924171448	-0.0042588720098137856	-0.1181616336107254	0.2633604109287262	0.10963599383831024	0.061991676688194275	0.1971432864665985	0.09877245128154755	-0.03529241308569908	0.041227009147405624	0.03334713727235794	-0.10622979700565338	1.0	0.0032552392221987247	0.34088072180747986	0.2476401925086975	0.20168662071228027	0.28569668531417847	0.25658753514289856	0.2216845005750656	0.1253833770751953	-0.1442747712135315	-0.24518711864948273	0.07925378531217575	0.2965276837348938	0.36425939202308655	0.012556511908769608	0.22042891383171082	0.2294394075870514	-0.03853172808885574	0.10269927233457565	-0.03262506425380707	0.13683761656284332	0.1426619440317154	-0.15623825788497925	0.002747500082477927	0.13033361732959747	0.2250479906797409	-0.047815993428230286	0.05051698908209801	0.06373193860054016	-0.020641010254621506	0.3552524447441101
THA-DP-rh	0.18437787890434265	0.04761761799454689	0.40539082884788513	0.08766720443964005	0.43192142248153687	0.5112955570220947	0.4407607316970825	0.21357566118240356	0.3751756548881531	0.12462015450000763	0.05497850105166435	0.354226291179657	0.27171453833580017	-0.17057523131370544	-0.012871437706053257	0.39313656091690063	0.29993942379951477	0.3169855773448944	-0.13502079248428345	0.0032552392221987247	1.0	0.034738894551992416	-0.25022321939468384	-0.09669361263513565	-0.03844066709280014	0.1523316502571106	-0.16345517337322235	0.03718271851539612	0.3370107114315033	0.17646464705467224	-0.046790141612291336	0.1530892550945282	0.20655977725982666	-0.051108017563819885	-0.024979202076792717	0.1577599048614502	0.4366709291934967	0.20857210457324982	0.33843016624450684	0.1165619045495987	0.23178717494010925	0.026713445782661438	0.2875911295413971	0.18164291977882385	0.03911920636892319	0.45778679847717285	-0.1417437493801117	-0.15025949478149414	0.10477588325738907	-0.21026445925235748
NAc-shell-rh	0.11038438975811005	0.07626163214445114	0.2652710974216461	0.10177043825387955	-0.08547945320606232	0.07693654298782349	0.0677625760436058	0.015581703744828701	-0.29075029492378235	0.13343778252601624	0.24727429449558258	0.11714063584804535	0.26738545298576355	0.31894737482070923	0.5992442965507507	0.21465259790420532	0.0828850045800209	0.17755204439163208	-0.07561046630144119	0.34088072180747986	0.034738894551992416	1.0	0.5521241426467896	0.25950464606285095	0.40854978561401367	-0.008192382752895355	0.011007516644895077	0.2330608069896698	0.07630741596221924	0.1294899433851242	0.26317211985588074	0.2132890820503235	0.2581889033317566	0.0811820849776268	-0.0845206081867218	0.36322876811027527	0.2323925644159317	0.24246497452259064	0.13334526121616364	0.34011948108673096	0.09985572099685669	-0.27292218804359436	-0.0755179226398468	0.12590019404888153	-0.07010289281606674	0.18289655447006226	0.6231393814086914	0.4524511396884918	0.15276043117046356	0.27449196577072144
NAc-core-rh	0.07156168669462204	0.010665178298950195	0.18067212402820587	0.11821550130844116	-0.22735156118869781	0.059746481478214264	-0.01733972877264023	-0.0641830638051033	-0.24378244578838348	0.2658487558364868	0.38083985447883606	0.17396755516529083	-0.03780591860413551	0.3110634386539459	0.5340572595596313	-0.24397797882556915	-0.1650523841381073	0.027917226776480675	-0.09767823666334152	0.2476401925086975	-0.25022321939468384	0.5521241426467896	1.0	-0.026571782305836678	0.3652968406677246	-0.03888687863945961	0.08774811029434204	0.15114057064056396	0.043621744960546494	-0.04198257997632027	0.23894374072551727	0.04097587242722511	0.2439262717962265	0.016196366399526596	0.25512760877609253	0.3313053250312805	-0.1569233387708664	0.025002362206578255	-0.1115795448422432	0.05347169563174248	0.03555390238761902	-0.16032610833644867	-0.05960029363632202	0.023738311603665352	-0.07784026116132736	-0.0618838295340538	0.5252794027328491	0.5956477522850037	0.011296489275991917	0.433688223361969
pGP-rh	-0.22769960761070251	-0.052775800228118896	-0.12278933823108673	0.03490019217133522	-0.19692577421665192	-0.07004577666521072	0.05010915920138359	0.0728720873594284	-0.22730791568756104	0.11499732732772827	0.04057928919792175	0.1542702615261078	0.3605400025844574	0.34217026829719543	0.04758651182055473	0.25116896629333496	0.06655790656805038	-0.11495887488126755	0.08388669043779373	0.20168662071228027	-0.09669361263513565	0.25950464606285095	-0.026571782305836678	1.0	0.48346954584121704	-0.22215786576271057	0.00023493521439377218	0.05720212683081627	0.052719756960868835	-0.11895801872015	0.22854311764240265	0.21408236026763916	0.14741584658622742	-0.02126248925924301	-0.04786118492484093	0.27484285831451416	0.2052031010389328	0.1689990758895874	-0.011531291529536247	0.16773085296154022	0.12777182459831238	-0.26298025250434875	-0.05911078676581383	-0.13182567059993744	0.11963777244091034	0.17118635773658752	-0.04223901778459549	0.023690931499004364	0.08647421002388	-0.029908116906881332
aGP-rh	0.06361448019742966	0.10987324267625809	-0.003106091869994998	-0.024088839069008827	-0.02914590574800968	0.2458128184080124	0.41683876514434814	0.2030504047870636	-0.08093471080064774	0.042992621660232544	0.2765234708786011	0.1452922224998474	0.0838041603565216	0.4040966331958771	0.3679211735725403	0.08081448823213577	-0.20416291058063507	-0.01506161130964756	-0.026646006852388382	0.28569668531417847	-0.03844066709280014	0.40854978561401367	0.3652968406677246	0.48346954584121704	1.0	-0.11166962236166	0.135085791349411	0.13224641978740692	0.16272148489952087	-0.004057931248098612	0.48412513732910156	0.4568638205528259	0.39803963899612427	0.0474601611495018	0.06917177885770798	0.37712886929512024	0.23112764954566956	0.3488164246082306	-0.12582005560398102	0.36182066798210144	0.26293620467185974	-0.3903510272502899	-0.2773333191871643	-0.12541043758392334	0.1824464648962021	0.27078768610954285	0.21289069950580597	0.18817268311977386	0.04453588277101517	0.48431912064552307
HIP-head-m-lh	-0.19337311387062073	-0.009377903304994106	0.1406870186328888	-0.09782476723194122	0.09549522399902344	0.1271982491016388	0.18910405039787292	0.2606905996799469	0.09134728461503983	-0.1967337280511856	-0.37165340781211853	-0.40955477952957153	-0.13674785196781158	-0.14882677793502808	0.22434547543525696	-0.0494319312274456	-0.17813268303871155	-0.06265920400619507	-0.041573416441679	0.25658753514289856	0.1523316502571106	-0.008192382752895355	-0.03888687863945961	-0.22215786576271057	-0.11166962236166	1.0	-0.08050204813480377	0.14825494587421417	-0.003152285236865282	0.09559787809848785	0.021027540788054466	0.31599557399749756	0.18447275459766388	-0.18159480392932892	-0.15140974521636963	-0.2586038410663605	-0.034040410071611404	-0.10945861786603928	0.0874229446053505	-0.023332614451646805	-0.1706451028585434	0.04389351233839989	0.10782825201749802	-0.0013415339635685086	-0.12993910908699036	0.07663840055465698	-0.09005860984325409	-0.10664224624633789	-0.3247358798980713	-0.07592163980007172
HIP-head-l-l	0.28267014026641846	-0.16629397869110107	0.02560250088572502	-0.17955440282821655	0.06610531359910965	0.09465528279542923	-0.2501835227012634	0.12233707308769226	-0.07413912564516068	0.2391568273305893	0.46563440561294556	0.18695053458213806	-0.023103218525648117	0.0023140879347920418	-0.19669362902641296	-0.34222182631492615	-0.29877257347106934	-0.007917686365544796	-0.11933554708957672	0.2216845005750656	-0.16345517337322235	0.011007516644895077	0.08774811029434204	0.00023493521439377218	0.135085791349411	-0.08050204813480377	1.0	0.03846728429198265	-0.2782287895679474	-0.35645791888237	-0.05021889880299568	-0.1604231894016266	0.1189713329076767	0.31652289628982544	0.41064250469207764	0.30702725052833557	-0.34430551528930664	0.1194610595703125	-0.23381036520004272	0.15889872610569	0.038231249898672104	0.09351001679897308	-0.05226995795965195	0.42664629220962524	0.6296626925468445	-0.3329016864299774	0.1842944324016571	-0.026915647089481354	0.08000015467405319	0.23067569732666016
HIP-body-l	-0.12662051618099213	-0.17812974750995636	0.04821423441171646	0.25822532176971436	-0.24183732271194458	0.2786828875541687	-0.0010880657937377691	0.0314413420855999	-0.08689146488904953	0.16872599720954895	0.08152703940868378	-0.19545024633407593	-0.05609777942299843	0.0240731630474329	0.39232873916625977	-0.15781664848327637	-0.2786960005760193	0.04595327377319336	-0.12209154665470123	0.1253833770751953	0.03718271851539612	0.2330608069896698	0.15114057064056396	0.05720212683081627	0.13224641978740692	0.14825494587421417	0.03846728429198265	1.0	0.09561385959386826	0.26528212428092957	0.17867285013198853	0.002507571130990982	0.08596492558717728	-0.13953861594200134	0.18737655878067017	-0.034434109926223755	-0.11688781529664993	0.05780531466007233	0.047466497868299484	0.05140224099159241	0.11131227761507034	0.28894051909446716	0.2577499747276306	-0.014124793000519276	-0.07762941718101501	-0.014882553368806839	-0.07798915356397629	0.1028791218996048	-0.06055782735347748	-0.1267775297164917
HIP-tail-lh	0.1995079666376114	0.005198625847697258	-0.0750458687543869	-0.062396690249443054	0.05333385244011879	0.3664745092391968	0.4880627393722534	-0.18800467252731323	-0.04189705848693848	0.025120539590716362	0.011746130883693695	0.13450504839420319	-0.05442018434405327	-0.07682227343320847	0.08902041614055634	0.37550660967826843	0.4346410632133484	-0.010052712634205818	-0.14299584925174713	-0.1442747712135315	0.3370107114315033	0.07630741596221924	0.043621744960546494	0.052719756960868835	0.16272148489952087	-0.003152285236865282	-0.2782287895679474	0.09561385959386826	1.0	0.29891902208328247	0.16958211362361908	-0.009856892749667168	0.05457475408911705	-0.3515385389328003	-0.09635686874389648	0.02263552136719227	0.5567905306816101	0.0305441003292799	0.4510902762413025	-0.08315882831811905	0.37978875637054443	0.08198187500238419	0.13512344658374786	0.023416031152009964	-0.32352215051651	0.6691930294036865	-0.08440601825714111	-0.09581124037504196	0.05733828619122505	-0.024278072640299797
THA-VPm-lh	0.10375606268644333	0.0033794562332332134	0.08213960379362106	0.20071633160114288	0.26185518503189087	0.16284802556037903	0.36175402998924255	0.020634790882468224	0.11930437386035919	-0.14324894547462463	-0.15222087502479553	-0.21362026035785675	-0.18160834908485413	-0.1375555694103241	0.24940448999404907	0.07533425837755203	0.10380204021930695	0.0507548525929451	-0.1338498741388321	-0.24518711864948273	0.17646464705467224	0.1294899433851242	-0.04198257997632027	-0.11895801872015	-0.004057931248098612	0.09559787809848785	-0.35645791888237	0.26528212428092957	0.29891902208328247	1.0	0.3015126585960388	0.2772410213947296	0.004412148613482714	-0.31667450070381165	-0.3586406409740448	-0.2732069790363312	0.14202360808849335	-0.13308748602867126	0.1861458420753479	0.2368830442428589	0.20985238254070282	0.2436055988073349	-0.21282579004764557	-0.16474539041519165	-0.24399076402187347	0.4343438148498535	0.09476529061794281	0.11029215157032013	0.17857366800308228	-0.08547233045101166
THA-VPl-lh	0.12148725241422653	0.22557970881462097	0.10672353208065033	0.012505210936069489	0.0019305370515212417	0.22599151730537415	0.1783311367034912	0.19358670711517334	-0.03823718801140785	0.3330346941947937	0.15834727883338928	-0.07460086792707443	0.18195363879203796	0.22179022431373596	0.33149096369743347	-0.05972595885396004	-0.1332537829875946	-0.21127530932426453	0.22475166618824005	0.07925378531217575	-0.046790141612291336	0.26317211985588074	0.23894374072551727	0.22854311764240265	0.48412513732910156	0.021027540788054466	-0.05021889880299568	0.17867285013198853	0.16958211362361908	0.3015126585960388	1.0	0.42470782995224	0.1529536247253418	-0.18373525142669678	-0.05732368305325508	0.11729847639799118	0.11666157096624374	-0.0886513963341713	-0.23951038718223572	0.36204278469085693	-0.02579103596508503	-0.21473653614521027	-0.15296153724193573	-0.24435541033744812	-0.061869606375694275	0.33295825123786926	0.07257886976003647	0.0776669979095459	0.1536446511745453	0.006427119020372629
THA-VAi-lh	-0.15496480464935303	0.435207724571228	0.20427493751049042	0.1001414880156517	0.10639430582523346	0.1507212519645691	0.48268669843673706	0.606886088848114	0.032843153923749924	-0.16228421032428741	-0.19330663979053497	-0.2321748286485672	0.03824786841869354	0.3076179027557373	0.3589116334915161	0.11493020504713058	-0.124818354845047	0.05910605192184448	0.08534767478704453	0.2965276837348938	0.1530892550945282	0.2132890820503235	0.04097587242722511	0.21408236026763916	0.4568638205528259	0.31599557399749756	-0.1604231894016266	0.002507571130990982	-0.009856892749667168	0.2772410213947296	0.42470782995224	1.0	0.4714536964893341	-0.2475600689649582	-0.31388920545578003	0.004178411327302456	0.2868295907974243	0.2750312089920044	-0.023044539615511894	0.41430601477622986	0.19465197622776031	-0.23762860894203186	-0.30268004536628723	-0.2609466016292572	-0.050387054681777954	0.43714097142219543	-0.006277058739215136	0.16166940331459045	-0.01034531183540821	0.2834952771663666
THA-VAs-lh	-0.05403776839375496	0.2800244688987732	0.15282727777957916	0.018943365663290024	-0.005461183376610279	0.19634880125522614	0.26733431220054626	0.5006388425827026	0.19724515080451965	-0.05743306130170822	0.1647796481847763	0.06797323375940323	0.05861896649003029	0.11677207052707672	0.3353922367095947	0.1731284260749817	-0.09214599430561066	0.025198930874466896	-0.0010627041338011622	0.36425939202308655	0.20655977725982666	0.2581889033317566	0.2439262717962265	0.14741584658622742	0.39803963899612427	0.18447275459766388	0.1189713329076767	0.08596492558717728	0.05457475408911705	0.004412148613482714	0.1529536247253418	0.4714536964893341	1.0	-0.18463382124900818	0.19324259459972382	0.040613122284412384	0.19694669544696808	0.23172619938850403	0.14730559289455414	0.32811421155929565	0.2613062560558319	-0.017767302691936493	0.020432455465197563	0.006188232451677322	0.0974365845322609	0.23323120176792145	0.2163664847612381	0.1224132850766182	0.08421611040830612	0.1218646839261055
THA-DAm-lh	0.08936289697885513	-0.09564560651779175	0.048873770982027054	-0.11054571717977524	0.10496094077825546	-0.22179393470287323	-0.14932993054389954	-0.042731884866952896	0.20094910264015198	0.12231139838695526	0.2640282213687897	0.26114046573638916	0.221822589635849	0.028765397146344185	-0.2139836549758911	-0.13927683234214783	-0.023907607421278954	0.13118499517440796	-0.005015159025788307	0.012556511908769608	-0.051108017563819885	0.0811820849776268	0.016196366399526596	-0.02126248925924301	0.0474601611495018	-0.18159480392932892	0.31652289628982544	-0.13953861594200134	-0.3515385389328003	-0.31667450070381165	-0.18373525142669678	-0.2475600689649582	-0.18463382124900818	1.0	0.19531433284282684	0.2279941439628601	-0.23400242626667023	0.056781355291604996	-0.12115583568811417	-0.14674736559391022	-0.10809262096881866	-0.1121421679854393	-0.051104605197906494	0.08486966043710709	0.22609591484069824	-0.47483864426612854	0.2616935074329376	-0.1646847128868103	0.09628310054540634	0.12495823204517365
THA-DAl-lh	0.09164874255657196	-0.1475590616464615	-0.11520916223526001	0.148163840174675	-0.20017369091510773	0.197347030043602	-0.10757835954427719	0.11343026906251907	0.2150181382894516	0.23883187770843506	0.5730479955673218	0.32391464710235596	0.008847512304782867	0.12368534505367279	-0.132890522480011	-0.2983790934085846	-0.2696826159954071	-0.013452311046421528	-0.047849781811237335	0.22042891383171082	-0.024979202076792717	-0.0845206081867218	0.25512760877609253	-0.04786118492484093	0.06917177885770798	-0.15140974521636963	0.41064250469207764	0.18737655878067017	-0.09635686874389648	-0.3586406409740448	-0.05732368305325508	-0.31388920545578003	0.19324259459972382	0.19531433284282684	1.0	0.21886150538921356	-0.22264447808265686	-0.14522840082645416	-0.0309224221855402	-0.08411704003810883	0.08796580135822296	0.12857237458229065	0.28423792123794556	0.04956652596592903	0.2505287528038025	-0.29153451323509216	0.10442127287387848	-0.04008600488305092	0.023829594254493713	0.14207758009433746
PUT-VA-lh	0.21352650225162506	-0.09118063002824783	0.16159062087535858	-0.11367067694664001	0.051066815853118896	0.12017139047384262	0.06320026516914368	-0.06749933212995529	0.004759575705975294	0.20281055569648743	0.5205256938934326	0.678135871887207	0.4361255466938019	0.4351789355278015	0.1309892237186432	-0.04127809405326843	-0.05888907238841057	0.07435473799705505	0.1405353993177414	0.2294394075870514	0.1577599048614502	0.36322876811027527	0.3313053250312805	0.27484285831451416	0.37712886929512024	-0.2586038410663605	0.30702725052833557	-0.034434109926223755	0.02263552136719227	-0.2732069790363312	0.11729847639799118	0.004178411327302456	0.040613122284412384	0.2279941439628601	0.21886150538921356	1.0	0.13520506024360657	0.27597180008888245	-0.22368893027305603	0.13228783011436462	-0.18971489369869232	-0.3292140066623688	0.07877780497074127	0.4031290113925934	0.32737812399864197	0.01970040425658226	0.3554152548313141	0.25648701190948486	0.029685432091355324	0.35108956694602966
PUT-DA-l	0.05866596847772598	0.2028782218694687	0.03602292388677597	-0.01821891963481903	0.1146082878112793	0.28570955991744995	0.41845202445983887	0.11798691004514694	0.1273062527179718	-0.10691018402576447	0.0025892904959619045	0.2672048509120941	0.32891571521759033	0.32202327251434326	-0.003414714941754937	0.5403058528900146	0.4159199893474579	0.15156050026416779	-0.040831997990608215	-0.03853172808885574	0.4366709291934967	0.2323925644159317	-0.1569233387708664	0.2052031010389328	0.23112764954566956	-0.034040410071611404	-0.34430551528930664	-0.11688781529664993	0.5567905306816101	0.14202360808849335	0.11666157096624374	0.2868295907974243	0.19694669544696808	-0.23400242626667023	-0.22264447808265686	0.13520506024360657	1.0	0.44192740321159363	0.6250889897346497	0.056623078882694244	0.30979883670806885	-0.17495764791965485	0.05895465984940529	-0.0209501925855875	-0.05136667191982269	0.5656340718269348	-0.05763210728764534	-0.19027891755104065	0.13928315043449402	0.0548689104616642
PUT-VP-lh	0.01618017628788948	0.11176594346761703	0.05054159089922905	0.06150281801819801	0.008183362893760204	0.2802327573299408	0.06224283203482628	0.34328246116638184	-0.13667109608650208	-0.06128038838505745	0.1139197126030922	0.20495407283306122	0.3448183238506317	0.42535898089408875	0.14549989998340607	0.20915858447551727	0.017640668898820877	0.4271206855773926	-0.02700314112007618	0.10269927233457565	0.20857210457324982	0.24246497452259064	0.025002362206578255	0.1689990758895874	0.3488164246082306	-0.10945861786603928	0.1194610595703125	0.05780531466007233	0.0305441003292799	-0.13308748602867126	-0.0886513963341713	0.2750312089920044	0.23172619938850403	0.056781355291604996	-0.14522840082645416	0.27597180008888245	0.44192740321159363	1.0	0.2247333973646164	0.2689204216003418	0.33657214045524597	0.03391171991825104	0.019315047189593315	0.2930319905281067	0.2901536822319031	0.1757759153842926	0.07228928059339523	0.03167985752224922	0.11799199879169464	0.22013449668884277
PUT-DP-lh	-0.09080096334218979	-0.013630630448460579	-0.12697020173072815	0.1558837592601776	0.09061066806316376	0.26705434918403625	0.32070064544677734	0.06168120354413986	0.20684228837490082	-0.11007974296808243	-0.009765584021806717	0.0995919480919838	-0.044982679188251495	-0.010921292006969452	-0.037005405873060226	0.42407718300819397	0.4075680375099182	0.289857417345047	-0.23751766979694366	-0.03262506425380707	0.33843016624450684	0.13334526121616364	-0.1115795448422432	-0.011531291529536247	-0.12582005560398102	0.0874229446053505	-0.23381036520004272	0.047466497868299484	0.4510902762413025	0.1861458420753479	-0.23951038718223572	-0.023044539615511894	0.14730559289455414	-0.12115583568811417	-0.0309224221855402	-0.22368893027305603	0.6250889897346497	0.2247333973646164	1.0	-0.2145741581916809	0.3864453434944153	0.16189484298229218	0.14908702671527863	0.09714066982269287	0.007698583882302046	0.30704978108406067	-0.01394607312977314	-0.19325123727321625	0.06594903022050858	0.05221392214298248
