Node	HIP-head-m-rh	HIP-head-l-rh	HIP-body-rh	HIP-tail-rh	THA-VPm-rh	THA-VPl-rh	THA-VAi-rh	THA-VAs-rh	THA-DAm-rh	THA-DAl-rh	PUT-VA-rh	PUT-DA-rh	PUT-VP-rh	PUT-DP-rh	CAU-VA-rh	CAU-DA-rh	CAU-body-rh	CAU-tail-rh	lAMY-rh	mAMY-rh	THA-DP-rh	NAc-shell-rh	NAc-core-rh	pGP-rh	aGP-rh	HIP-head-m-lh	HIP-head-l-l	HIP-body-l	HIP-tail-lh	THA-VPm-lh	THA-VPl-lh	THA-VAi-lh	THA-VAs-lh	THA-DAm-lh	THA-DAl-lh	PUT-VA-lh	PUT-DA-l	PUT-VP-lh	PUT-DP-lh	CAU-VA-lh	CAU-DA-lh	CAU-body-lh	CAU-tail-lh	lAMY-lh	mAMY-lh	THA-DP-lh	NAc-shell-lh	NAc-core-lh	pGP-lh	aGP-lh
HIP-head-m-rh	1.0	0.6702868342399597	0.5663478374481201	0.16305798292160034	-0.2619231641292572	0.03491872176527977	0.20992207527160645	0.26879042387008667	-0.062098875641822815	0.2980797588825226	-0.006266358774155378	0.08455148339271545	-0.013444526121020317	0.04713963717222214	0.13486790657043457	-0.036889661103487015	0.20431219041347504	-0.11009475588798523	0.05327102169394493	0.3621976375579834	0.004871033597737551	0.00911902915686369	0.2957417070865631	-0.04103692248463631	-0.15730121731758118	0.6327292919158936	0.6711617708206177	0.7338473200798035	0.3786110281944275	-0.3263905942440033	-0.43031978607177734	-0.09141141921281815	0.10740669816732407	-0.018385641276836395	-0.07646089792251587	-0.09254140406847	-0.09954667836427689	-0.11196089535951614	-0.12422896176576614	0.050059035420417786	0.0625537857413292	-0.1117122694849968	-0.013673842884600163	-0.04216916486620903	0.45588061213493347	-0.0771995410323143	-0.002252995502203703	0.12257987260818481	-0.20758673548698425	0.04758842661976814
HIP-head-l-rh	0.6702868342399597	1.0	0.40182244777679443	0.2442316859960556	-0.04763319715857506	0.08009906858205795	0.2322542667388916	0.14452770352363586	0.1008652001619339	0.10905422270298004	-0.022127380594611168	-0.01691053807735443	-0.0092018386349082	-0.09705350548028946	0.09711924195289612	0.012452293187379837	0.277319073677063	-0.02297344245016575	0.06597153842449188	0.1595606505870819	0.4215589463710785	0.15380123257637024	0.21383491158485413	-0.04711984843015671	-0.10371167957782745	0.6018168330192566	0.6091885566711426	0.5341687202453613	0.527458906173706	-0.05058009922504425	-0.27848297357559204	0.03923811763525009	-0.10553362965583801	-0.012196213006973267	-0.08102750778198242	0.06706099212169647	-0.05974746122956276	0.07413278520107269	-0.22820647060871124	0.12827274203300476	-0.040863998234272	0.1085624024271965	0.18388745188713074	-0.0724855288863182	0.4126936197280884	0.2042698860168457	0.3069956302642822	-0.09890211373567581	-0.17337070405483246	0.14650008082389832
HIP-body-rh	0.5663478374481201	0.40182244777679443	1.0	0.22928455471992493	-0.4786194860935211	-0.12673161923885345	0.2277548909187317	0.08059573173522949	0.006731217727065086	-0.09333479404449463	-0.019842175766825676	0.28754299879074097	-0.21161900460720062	0.2357282042503357	0.18679194152355194	-0.26392751932144165	0.2985934615135193	-0.04753885418176651	-0.2636282444000244	0.3338756561279297	-0.30816543102264404	-0.09419040381908417	0.10470405966043472	-0.16483943164348602	-0.05942177399992943	0.4141503870487213	0.610107958316803	0.6159167289733887	0.31479954719543457	-0.40540918707847595	-0.22341735661029816	-0.17020486295223236	0.2768053412437439	0.026096094399690628	-0.3748427629470825	0.010135520249605179	-0.059226181358098984	-0.19950073957443237	0.12072045356035233	-0.01089886762201786	0.02632642164826393	-0.09152085334062576	-0.13298480212688446	-0.4201732575893402	0.3634283244609833	-0.23459966480731964	-0.1324768215417862	0.1623026579618454	-0.18981517851352692	0.16402944922447205
HIP-tail-rh	0.16305798292160034	0.2442316859960556	0.22928455471992493	1.0	0.17578203976154327	0.15946169197559357	0.4225170910358429	-0.3150118887424469	0.285797655582428	-0.19061218202114105	0.18654723465442657	0.2461368590593338	0.19026775658130646	0.25498321652412415	0.027615075930953026	-0.15035319328308105	0.14726734161376953	0.17232246696949005	0.022183172404766083	-0.19180501997470856	0.18812060356140137	0.05726763978600502	0.16435681283473969	0.23329858481884003	0.31482481956481934	0.42986202239990234	0.4232984483242035	0.015201165340840816	0.516984224319458	0.2173791378736496	0.16902947425842285	0.3518369197845459	-0.22202353179454803	0.21656285226345062	-0.19231939315795898	0.2799524664878845	0.20768971741199493	0.38892096281051636	0.25715339183807373	-0.15865036845207214	-0.13064053654670715	0.14916130900382996	0.012209916487336159	-0.24240824580192566	0.03172775357961655	0.23570731282234192	0.26864826679229736	-0.03362031280994415	0.09591086208820343	0.08326271921396255
THA-VPm-rh	-0.2619231641292572	-0.04763319715857506	-0.4786194860935211	0.17578203976154327	1.0	0.21875052154064178	0.31994152069091797	-0.2086935192346573	0.23656557500362396	-0.1674657166004181	0.05444570258259773	-0.18811702728271484	0.3109343945980072	-0.18943114578723907	-0.1517425775527954	0.005885866936296225	-0.14314895868301392	0.20686277747154236	0.5625830888748169	-0.3995342254638672	0.5781753659248352	0.4644228219985962	0.25482305884361267	0.465766966342926	0.43235641717910767	-0.009559154510498047	-0.08727606385946274	-0.3283121883869171	0.16368688642978668	0.7535243034362793	0.4567994475364685	0.4813545346260071	-0.47458791732788086	0.09053755551576614	0.32172396779060364	0.07905462384223938	0.1086294949054718	0.5190926790237427	0.05431235209107399	0.07313543558120728	-0.30964329838752747	0.2276810109615326	0.19921734929084778	0.5719387531280518	-0.22475099563598633	0.6967167258262634	0.527675986289978	-0.052691034972667694	0.15965203940868378	-0.23991551995277405
THA-VPl-rh	0.03491872176527977	0.08009906858205795	-0.12673161923885345	0.15946169197559357	0.21875052154064178	1.0	0.045498207211494446	-0.32708051800727844	-0.1645667403936386	-0.17771385610103607	-0.30681487917900085	-0.16842076182365417	0.06796141713857651	-0.15282300114631653	-0.2052253633737564	0.022288769483566284	-0.36163848638534546	-0.26690858602523804	0.317302405834198	-0.20022264122962952	0.06282921880483627	-0.18824006617069244	-0.08373761177062988	0.24878038465976715	0.10367275029420853	0.186933696269989	0.16747762262821198	-0.02589811384677887	-0.04796836897730827	0.15079742670059204	0.3764837682247162	0.006741516292095184	-0.34636661410331726	-0.10605551302433014	-0.20070017874240875	-0.30361148715019226	-0.11186826229095459	0.21246673166751862	-0.04918387159705162	-0.4147891700267792	0.025711940601468086	-0.21603865921497345	-0.3349752724170685	-0.019338810816407204	-0.01941143348813057	0.12331542372703552	0.14755864441394806	-0.04259166494011879	0.14259323477745056	-0.28772225975990295
THA-VAi-rh	0.20992207527160645	0.2322542667388916	0.2277548909187317	0.4225170910358429	0.31994152069091797	0.045498207211494446	1.0	0.10604078322649002	0.4302421808242798	0.16647763550281525	0.32975277304649353	0.11766720563173294	0.14288932085037231	0.16238096356391907	0.3666253387928009	-0.04408915713429451	0.34192779660224915	0.24586021900177002	0.10482264310121536	-0.23508194088935852	0.1399061232805252	0.2694410979747772	0.4115222990512848	0.3404102325439453	0.34559112787246704	0.33391332626342773	0.31203174591064453	0.09911542385816574	0.3324816823005676	0.4335583448410034	0.2622830867767334	0.5994774103164673	0.09921151399612427	0.32097068428993225	0.2801751494407654	0.3248586654663086	0.05790674686431885	0.40174639225006104	0.20736949145793915	0.22053399682044983	-0.05032800883054733	0.47707581520080566	0.27286410331726074	-0.005140499211847782	0.00044943741522729397	0.4041008949279785	0.32651010155677795	0.3817768096923828	0.010453389957547188	0.36322131752967834
THA-VAs-rh	0.26879042387008667	0.14452770352363586	0.08059573173522949	-0.3150118887424469	-0.2086935192346573	-0.32708051800727844	0.10604078322649002	1.0	0.1838080734014511	0.6191373467445374	-0.007514214143157005	-0.3176857829093933	-0.20106177031993866	-0.1611231565475464	0.1397717446088791	0.17921410501003265	0.25122204422950745	-0.1564703732728958	-0.25763553380966187	0.374567449092865	0.06576161831617355	0.22707214951515198	0.320414274930954	-0.299846887588501	-0.3030164837837219	-0.174261674284935	-0.018261803314089775	0.32895058393478394	-0.15754611790180206	-0.1897721290588379	-0.3028198778629303	-0.08098817616701126	0.5366752743721008	0.027489537373185158	0.45260435342788696	-0.0960954800248146	-0.36581167578697205	-0.3943549692630768	-0.3300405740737915	0.33918115496635437	0.21491074562072754	0.04992528632283211	0.0980166345834732	0.18147414922714233	0.1449543535709381	-0.044882990419864655	-0.1369752436876297	0.17494681477546692	-0.1528327912092209	0.33633801341056824
THA-DAm-rh	-0.062098875641822815	0.1008652001619339	0.006731217727065086	0.285797655582428	0.23656557500362396	-0.1645667403936386	0.4302421808242798	0.1838080734014511	1.0	0.07007954269647598	0.056014060974121094	-0.12058597803115845	-0.1517067551612854	-0.08854938298463821	0.330037385225296	0.06614698469638824	0.28669530153274536	0.18085652589797974	-0.15300136804580688	-0.18294592201709747	0.22260946035385132	0.07202597707509995	0.25140058994293213	-0.002841402543708682	0.40244072675704956	0.005066367797553539	0.17842434346675873	-0.1348157823085785	0.09283780306577682	0.14680631458759308	0.06031656637787819	0.29479122161865234	0.09778919070959091	0.5677540302276611	0.30447229743003845	0.2102034091949463	-0.002839935477823019	0.07096285372972488	-0.00826351623982191	0.233210027217865	-9.166639210889116e-05	0.3209382891654968	0.3192807734012604	-0.11940530687570572	-0.17903003096580505	0.4020579159259796	0.15882503986358643	-0.00409143790602684	-0.0174091923981905	0.17001985013484955
THA-DAl-rh	0.2980797588825226	0.10905422270298004	-0.09333479404449463	-0.19061218202114105	-0.1674657166004181	-0.17771385610103607	0.16647763550281525	0.6191373467445374	0.07007954269647598	1.0	0.14375759661197662	-0.16280502080917358	-0.07552700489759445	0.02063189074397087	0.2871650457382202	0.2974679470062256	0.2181021124124527	-0.11407820880413055	-0.14572304487228394	0.15793055295944214	0.06332754343748093	0.022888053208589554	0.2182074338197708	-0.0382852628827095	-0.07703495025634766	0.03860527276992798	0.025722771883010864	0.20301474630832672	0.0346868671476841	-0.10391007363796234	-0.3412373960018158	0.20294229686260223	0.3555344045162201	0.29351910948753357	0.5133100748062134	-0.01316874474287033	-0.11343121528625488	-0.12109221518039703	-0.23429669439792633	0.2498791664838791	0.3457115888595581	0.17728085815906525	0.21452432870864868	0.11695679277181625	-0.027467520907521248	-0.12848471105098724	-0.12374500930309296	0.2874201238155365	-0.17208419740200043	0.3711942136287689
PUT-VA-rh	-0.006266358774155378	-0.022127380594611168	-0.019842175766825676	0.18654723465442657	0.05444570258259773	-0.30681487917900085	0.32975277304649353	-0.007514214143157005	0.056014060974121094	0.14375759661197662	1.0	0.6191463470458984	0.41373226046562195	0.6833053231239319	0.3678799271583557	0.3692174553871155	0.3914411664009094	0.47302207350730896	0.05523131787776947	0.034532561898231506	0.08726045489311218	0.18218663334846497	0.3115030825138092	0.19644032418727875	0.31910502910614014	0.21764756739139557	-0.1539546251296997	-0.12449819594621658	-0.0587463453412056	0.2565639317035675	0.15865673124790192	0.41428619623184204	0.15463437139987946	0.129950612783432	0.10127314925193787	0.7650473713874817	0.6346100568771362	0.4142235517501831	0.4971737563610077	0.3318587839603424	0.0565958246588707	0.669404923915863	0.3536796569824219	0.03584059327840805	0.2661580443382263	0.023563046008348465	0.023066097870469093	0.3147571384906769	0.15962757170200348	0.3544626235961914
PUT-DA-rh	0.08455148339271545	-0.01691053807735443	0.28754299879074097	0.2461368590593338	-0.18811702728271484	-0.16842076182365417	0.11766720563173294	-0.3176857829093933	-0.12058597803115845	-0.16280502080917358	0.6191463470458984	1.0	0.4310961365699768	0.789901614189148	0.12150883674621582	0.23076380789279938	0.16081731021404266	0.1999490112066269	0.054571907967329025	0.0015596685698255897	-0.05792256072163582	-0.16997450590133667	0.09604030102491379	0.2681288719177246	0.19271519780158997	0.40740132331848145	0.07399440556764603	0.041330818086862564	0.03637481853365898	0.11597009003162384	0.07268040627241135	0.13450028002262115	0.01908491924405098	-0.005234879907220602	-0.27507534623146057	0.5629855990409851	0.7266823053359985	0.3898826837539673	0.6864009499549866	-0.03093266300857067	0.1230696514248848	0.3572099208831787	0.14218483865261078	-0.17010611295700073	0.11449083685874939	-0.08108203858137131	-0.15643619000911713	0.19811497628688812	-0.011364894919097424	0.07336456328630447
PUT-VP-rh	-0.013444526121020317	-0.0092018386349082	-0.21161900460720062	0.19026775658130646	0.3109343945980072	0.06796141713857651	0.14288932085037231	-0.20106177031993866	-0.1517067551612854	-0.07552700489759445	0.41373226046562195	0.4310961365699768	1.0	0.49879375100135803	-0.3569815158843994	0.14393755793571472	-0.12681442499160767	0.22205588221549988	0.4356665313243866	-0.11941393464803696	0.3475325107574463	0.12691427767276764	0.14931844174861908	0.49491989612579346	0.1993405818939209	0.15529195964336395	-0.17673853039741516	-0.21872112154960632	0.031450312584638596	0.49192652106285095	0.33188024163246155	0.28395944833755493	-0.19759352505207062	-0.11720030754804611	-0.029364269226789474	0.3044385612010956	0.47530031204223633	0.7693342566490173	0.5174719095230103	-0.19689632952213287	-0.10360611975193024	0.22346585988998413	0.08026810735464096	0.2807418704032898	0.021681541576981544	0.04778793454170227	0.06783444434404373	-0.10334723442792892	0.16755759716033936	-0.3635055124759674
PUT-DP-rh	0.04713963717222214	-0.09705350548028946	0.2357282042503357	0.25498321652412415	-0.18943114578723907	-0.15282300114631653	0.16238096356391907	-0.1611231565475464	-0.08854938298463821	0.02063189074397087	0.6833053231239319	0.789901614189148	0.49879375100135803	1.0	0.10766535252332687	0.267753541469574	0.07187820971012115	0.21893443167209625	-0.06551256030797958	0.09997434169054031	-0.16145484149456024	-0.1737111657857895	0.11380535364151001	0.24072295427322388	0.24336890876293182	0.2483348548412323	-0.07161185145378113	-0.024293387308716774	-0.02036987617611885	0.1103227287530899	0.1666639894247055	0.23553064465522766	0.211624413728714	0.1255740076303482	-0.04082847386598587	0.5724254250526428	0.7028148770332336	0.42853304743766785	0.7690748572349548	-0.0227584820240736	0.107573002576828	0.3086966276168823	0.09723418205976486	-0.23336409032344818	0.13461244106292725	-0.18127037584781647	-0.22230388224124908	0.250434011220932	0.23170480132102966	0.16349858045578003
CAU-VA-rh	0.13486790657043457	0.09711924195289612	0.18679194152355194	0.027615075930953026	-0.1517425775527954	-0.2052253633737564	0.3666253387928009	0.1397717446088791	0.330037385225296	0.2871650457382202	0.3678799271583557	0.12150883674621582	-0.3569815158843994	0.10766535252332687	1.0	0.32576674222946167	0.5892276763916016	0.3077748715877533	-0.2505110800266266	0.13559173047542572	-0.18645569682121277	0.03105931729078293	0.3699862062931061	-0.17555323243141174	0.1468929946422577	0.16363000869750977	0.22371923923492432	0.05999080836772919	0.08441105484962463	-0.11939526349306107	-0.22826962172985077	0.18348167836666107	0.2494664192199707	0.39245742559432983	0.20971515774726868	0.38675493001937866	0.13821499049663544	-0.16293120384216309	-0.006562713999301195	0.6336925625801086	0.3129883110523224	0.5530551671981812	0.4069920480251312	-0.16757027804851532	0.1559249758720398	0.00231695594266057	0.1414216011762619	0.4316615164279938	-0.2934853136539459	0.5591760277748108
CAU-DA-rh	-0.036889661103487015	0.012452293187379837	-0.26392751932144165	-0.15035319328308105	0.005885866936296225	0.022288769483566284	-0.04408915713429451	0.17921410501003265	0.06614698469638824	0.2974679470062256	0.3692174553871155	0.23076380789279938	0.14393755793571472	0.267753541469574	0.32576674222946167	1.0	0.24375653266906738	0.03981366381049156	0.003976594191044569	0.10924435406923294	0.2135932594537735	0.07270839065313339	0.381234347820282	0.00016038956528063864	-0.06919574737548828	-0.003790270071476698	-0.11852933466434479	-0.1469702273607254	-0.3709866404533386	0.2424018830060959	0.11358384042978287	0.20139163732528687	0.1643654704093933	0.24090996384620667	0.22185328602790833	0.41216814517974854	0.43535569310188293	0.21062560379505157	0.1833050400018692	0.3511626422405243	0.5567530393600464	0.4969208538532257	0.24955441057682037	0.02232111059129238	0.0660613477230072	0.16544359922409058	-0.007958554662764072	0.338395357131958	-0.12918953597545624	0.14077730476856232
CAU-body-rh	0.20431219041347504	0.277319073677063	0.2985934615135193	0.14726734161376953	-0.14314895868301392	-0.36163848638534546	0.34192779660224915	0.25122204422950745	0.28669530153274536	0.2181021124124527	0.3914411664009094	0.16081731021404266	-0.12681442499160767	0.07187820971012115	0.5892276763916016	0.24375653266906738	1.0	0.4795208275318146	-0.133622407913208	0.25778013467788696	0.09557846188545227	0.17158028483390808	0.3263070285320282	-0.062344878911972046	0.06624661386013031	0.2742285430431366	0.287040650844574	0.028743024915456772	0.12774403393268585	-0.09892309457063675	-0.15335802733898163	0.19219103455543518	0.14968477189540863	0.2677678167819977	-0.049383074045181274	0.4140172302722931	0.16248945891857147	-0.05744451284408569	-0.06815250217914581	0.49321725964546204	0.219624862074852	0.593724250793457	0.5291526317596436	-0.05353065952658653	0.2850569188594818	0.09516989439725876	0.10512201488018036	0.1423826664686203	-0.4318792521953583	0.3963356018066406
CAU-tail-rh	-0.11009475588798523	-0.02297344245016575	-0.04753885418176651	0.17232246696949005	0.20686277747154236	-0.26690858602523804	0.24586021900177002	-0.1564703732728958	0.18085652589797974	-0.11407820880413055	0.47302207350730896	0.1999490112066269	0.22205588221549988	0.21893443167209625	0.3077748715877533	0.03981366381049156	0.4795208275318146	1.0	0.21312344074249268	0.16875477135181427	0.028927084058523178	0.21085387468338013	0.21755051612854004	0.2173091620206833	0.2553683817386627	0.009211151860654354	-0.13404372334480286	-0.2584042549133301	0.1464920938014984	0.19602009654045105	-0.05558396875858307	0.2607925832271576	-0.05493742227554321	0.08847114443778992	-0.012598968110978603	0.3439493775367737	0.2642868459224701	0.23606973886489868	0.14395755529403687	0.37350958585739136	-0.2458471953868866	0.4186186194419861	0.488486647605896	0.11405111104249954	0.11192774027585983	0.13347093760967255	0.14916446805000305	-0.04697573930025101	0.1737092137336731	0.10234353691339493
lAMY-rh	0.05327102169394493	0.06597153842449188	-0.2636282444000244	0.022183172404766083	0.5625830888748169	0.317302405834198	0.10482264310121536	-0.25763553380966187	-0.15300136804580688	-0.14572304487228394	0.05523131787776947	0.054571907967329025	0.4356665313243866	-0.06551256030797958	-0.2505110800266266	0.003976594191044569	-0.133622407913208	0.21312344074249268	1.0	0.0017134933732450008	0.34892985224723816	0.22948381304740906	0.2013334333896637	0.43573787808418274	0.11368478834629059	0.1561877429485321	0.0020286974031478167	-0.1102602481842041	0.09323903918266296	0.40900707244873047	0.15770967304706573	0.2133854180574417	-0.4834187626838684	-0.1767454743385315	-0.05199933424592018	-0.023335395380854607	0.16382157802581787	0.4604160487651825	0.023475708439946175	-0.14261676371097565	-0.20815344154834747	-0.022021280601620674	-0.0922803208231926	0.6322665810585022	0.02800503559410572	0.28971731662750244	0.3820793330669403	-0.06899228692054749	0.010348309762775898	-0.4835869371891022
mAMY-rh	0.3621976375579834	0.1595606505870819	0.3338756561279297	-0.19180501997470856	-0.3995342254638672	-0.20022264122962952	-0.23508194088935852	0.374567449092865	-0.18294592201709747	0.15793055295944214	0.034532561898231506	0.0015596685698255897	-0.11941393464803696	0.09997434169054031	0.13559173047542572	0.10924435406923294	0.25778013467788696	0.16875477135181427	0.0017134933732450008	1.0	-0.23447085916996002	0.021254416555166245	0.16931653022766113	-0.26619142293930054	-0.2691876292228699	-0.06129707023501396	0.11255643516778946	0.3735027015209198	-0.04655664041638374	-0.40758103132247925	-0.3990658223628998	-0.452044814825058	0.30346083641052246	-0.24345004558563232	-0.1739611178636551	-0.06816991418600082	-0.15065868198871613	-0.302866667509079	-0.13593456149101257	0.21624666452407837	0.16284656524658203	-0.11637455970048904	-0.18522793054580688	0.030633607879281044	0.6596568822860718	-0.35294419527053833	-0.17327609658241272	0.04702487960457802	-0.08667246997356415	-0.0034653383772820234
THA-DP-rh	0.004871033597737551	0.4215589463710785	-0.30816543102264404	0.18812060356140137	0.5781753659248352	0.06282921880483627	0.1399061232805252	0.06576161831617355	0.22260946035385132	0.06332754343748093	0.08726045489311218	-0.05792256072163582	0.3475325107574463	-0.16145484149456024	-0.18645569682121277	0.2135932594537735	0.09557846188545227	0.028927084058523178	0.34892985224723816	-0.23447085916996002	1.0	0.3841981589794159	0.2281336486339569	0.24213732779026031	0.10710874944925308	0.17231827974319458	0.0005578810814768076	-0.12784823775291443	0.20678704977035522	0.49337315559387207	0.15863972902297974	0.33887410163879395	-0.3239533305168152	0.039170388132333755	0.22880910336971283	0.13514026999473572	0.0961562991142273	0.45914340019226074	-0.12330757081508636	0.1093965619802475	-0.08241371810436249	0.32507315278053284	0.2460939735174179	0.3659304678440094	-0.04743373766541481	0.5773382186889648	0.40232038497924805	-0.2693221867084503	-0.1508975625038147	-0.07211992889642715
NAc-shell-rh	0.00911902915686369	0.15380123257637024	-0.09419040381908417	0.05726763978600502	0.4644228219985962	-0.18824006617069244	0.2694410979747772	0.22707214951515198	0.07202597707509995	0.022888053208589554	0.18218663334846497	-0.16997450590133667	0.12691427767276764	-0.1737111657857895	0.03105931729078293	0.07270839065313339	0.17158028483390808	0.21085387468338013	0.22948381304740906	0.021254416555166245	0.3841981589794159	1.0	0.3241818845272064	0.07254329323768616	0.029099131003022194	-0.1789262443780899	0.026507016271352768	0.06689108163118362	0.14256440103054047	0.4487681984901428	0.12789510190486908	0.2741243541240692	-0.09484100341796875	-0.10416491329669952	0.2563535273075104	0.29066410660743713	-0.07017932832241058	0.12294115871191025	-0.15411052107810974	0.37502455711364746	-0.19831442832946777	0.19884434342384338	0.03844386339187622	0.5278956890106201	0.171037957072258	0.4357990026473999	0.6289405822753906	0.2808908522129059	0.09562423825263977	0.09974220395088196
NAc-core-rh	0.2957417070865631	0.21383491158485413	0.10470405966043472	0.16435681283473969	0.25482305884361267	-0.08373761177062988	0.4115222990512848	0.320414274930954	0.25140058994293213	0.2182074338197708	0.3115030825138092	0.09604030102491379	0.14931844174861908	0.11380535364151001	0.3699862062931061	0.381234347820282	0.3263070285320282	0.21755051612854004	0.2013334333896637	0.16931653022766113	0.2281336486339569	0.3241818845272064	1.0	0.0405997559428215	0.14317268133163452	0.2323688417673111	0.2930228114128113	0.20060597360134125	0.1649695485830307	0.32171717286109924	-0.01966140605509281	0.3470318019390106	0.12329316884279251	0.37434783577919006	0.23152439296245575	0.2625184655189514	0.217325821518898	0.1948539763689041	0.18358413875102997	0.4573068916797638	0.19633930921554565	0.3824041187763214	0.14518766105175018	0.14646340906620026	0.17277728021144867	0.27866676449775696	0.3305176794528961	0.3983428180217743	-0.13899976015090942	0.09533745050430298
pGP-rh	-0.04103692248463631	-0.04711984843015671	-0.16483943164348602	0.23329858481884003	0.465766966342926	0.24878038465976715	0.3404102325439453	-0.299846887588501	-0.002841402543708682	-0.0382852628827095	0.19644032418727875	0.2681288719177246	0.49491989612579346	0.24072295427322388	-0.17555323243141174	0.00016038956528063864	-0.062344878911972046	0.2173091620206833	0.43573787808418274	-0.26619142293930054	0.24213732779026031	0.07254329323768616	0.0405997559428215	1.0	0.45924535393714905	0.2744307816028595	0.018434058874845505	-0.1949353814125061	0.2074832320213318	0.43706926703453064	0.4366168975830078	0.31014612317085266	-0.30182352662086487	-0.06284921616315842	0.09056918323040009	0.0871778205037117	0.18031173944473267	0.572354793548584	0.33584755659103394	-0.29257190227508545	-0.22847193479537964	0.22374482452869415	0.17269420623779297	0.3407580256462097	-0.20543935894966125	0.2682209610939026	0.24033986032009125	-0.026658812537789345	0.12452853471040726	-0.26431500911712646
aGP-rh	-0.15730121731758118	-0.10371167957782745	-0.05942177399992943	0.31482481956481934	0.43235641717910767	0.10367275029420853	0.34559112787246704	-0.3030164837837219	0.40244072675704956	-0.07703495025634766	0.31910502910614014	0.19271519780158997	0.1993405818939209	0.24336890876293182	0.1468929946422577	-0.06919574737548828	0.06624661386013031	0.2553683817386627	0.11368478834629059	-0.2691876292228699	0.10710874944925308	0.029099131003022194	0.14317268133163452	0.45924535393714905	1.0	0.25166699290275574	0.09039676189422607	-0.09660191833972931	0.19212619960308075	0.3647095859050751	0.4208826422691345	0.4956466555595398	-0.14423932135105133	0.4131637215614319	0.1858949214220047	0.17413951456546783	0.2983497083187103	0.3434067666530609	0.39770403504371643	0.028945736587047577	-0.07966851443052292	0.383355975151062	0.25010553002357483	0.02311057783663273	-0.12325390428304672	0.20811793208122253	0.18834884464740753	0.17356924712657928	0.2573710083961487	-0.06399589776992798
HIP-head-m-lh	0.6327292919158936	0.6018168330192566	0.4141503870487213	0.42986202239990234	-0.009559154510498047	0.186933696269989	0.33391332626342773	-0.174261674284935	0.005066367797553539	0.03860527276992798	0.21764756739139557	0.40740132331848145	0.15529195964336395	0.2483348548412323	0.16363000869750977	-0.003790270071476698	0.2742285430431366	0.009211151860654354	0.1561877429485321	-0.06129707023501396	0.17231827974319458	-0.1789262443780899	0.2323688417673111	0.2744307816028595	0.25166699290275574	1.0	0.6964040398597717	0.4489609897136688	0.44184610247612	0.01769939623773098	-0.05136183649301529	0.1765597015619278	-0.2640772759914398	0.12418776005506516	-0.2574006915092468	0.16085422039031982	0.288630872964859	0.20933079719543457	0.1315259486436844	-0.09289249032735825	0.1166563481092453	0.25037795305252075	0.25668853521347046	-0.06743721663951874	0.26555174589157104	0.09456884860992432	0.0881311222910881	0.024965254589915276	-0.23715879023075104	0.017876315861940384
HIP-head-l-l	0.6711617708206177	0.6091885566711426	0.610107958316803	0.4232984483242035	-0.08727606385946274	0.16747762262821198	0.31203174591064453	-0.018261803314089775	0.17842434346675873	0.025722771883010864	-0.1539546251296997	0.07399440556764603	-0.17673853039741516	-0.07161185145378113	0.22371923923492432	-0.11852933466434479	0.287040650844574	-0.13404372334480286	0.0020286974031478167	0.11255643516778946	0.0005578810814768076	0.026507016271352768	0.2930228114128113	0.018434058874845505	0.09039676189422607	0.6964040398597717	1.0	0.6081513166427612	0.5179877877235413	-0.16997483372688293	-0.25021809339523315	0.02534501999616623	-0.2370600402355194	0.15865004062652588	-0.2925863564014435	-0.0668109804391861	-0.10020653158426285	-0.09732306003570557	-0.12721064686775208	-0.03416880965232849	0.15573714673519135	-0.032690927386283875	0.011706164106726646	-0.1570238620042801	0.25001823902130127	0.10347310453653336	0.23797500133514404	0.14048175513744354	-0.3245542347431183	0.0030938468407839537
HIP-body-l	0.7338473200798035	0.5341687202453613	0.6159167289733887	0.015201165340840816	-0.3283121883869171	-0.02589811384677887	0.09911542385816574	0.32895058393478394	-0.1348157823085785	0.20301474630832672	-0.12449819594621658	0.041330818086862564	-0.21872112154960632	-0.024293387308716774	0.05999080836772919	-0.1469702273607254	0.028743024915456772	-0.2584042549133301	-0.1102602481842041	0.3735027015209198	-0.12784823775291443	0.06689108163118362	0.20060597360134125	-0.1949353814125061	-0.09660191833972931	0.4489609897136688	0.6081513166427612	1.0	0.3381153345108032	-0.2772352397441864	-0.36225053668022156	-0.19698500633239746	0.13432756066322327	-0.11147646605968475	-0.1086534783244133	-0.23426826298236847	-0.2498786896467209	-0.335006445646286	-0.15110130608081818	0.07158073037862778	0.0745348259806633	-0.2251865118741989	-0.13116827607154846	-0.101887047290802	0.35801005363464355	-0.14503195881843567	0.0011308103566989303	0.27114683389663696	-0.02603832818567753	0.09582298994064331
HIP-tail-lh	0.3786110281944275	0.527458906173706	0.31479954719543457	0.516984224319458	0.16368688642978668	-0.04796836897730827	0.3324816823005676	-0.15754611790180206	0.09283780306577682	0.0346868671476841	-0.0587463453412056	0.03637481853365898	0.031450312584638596	-0.02036987617611885	0.08441105484962463	-0.3709866404533386	0.12774403393268585	0.1464920938014984	0.09323903918266296	-0.04655664041638374	0.20678704977035522	0.14256440103054047	0.1649695485830307	0.2074832320213318	0.19212619960308075	0.44184610247612	0.5179877877235413	0.3381153345108032	1.0	0.09584862738847733	-0.2594439387321472	0.19286984205245972	-0.2638154923915863	0.06667876988649368	-0.013622235506772995	0.0027775526978075504	-0.12027662247419357	0.169401153922081	-0.05889442563056946	0.029697047546505928	-0.26037392020225525	-0.04117428883910179	0.1550852209329605	-0.08554105460643768	0.11510398238897324	0.0543954074382782	0.45336204767227173	-0.026542937383055687	-0.03234546631574631	0.04935813322663307
THA-VPm-lh	-0.3263905942440033	-0.05058009922504425	-0.40540918707847595	0.2173791378736496	0.7535243034362793	0.15079742670059204	0.4335583448410034	-0.1897721290588379	0.14680631458759308	-0.10391007363796234	0.2565639317035675	0.11597009003162384	0.49192652106285095	0.1103227287530899	-0.11939526349306107	0.2424018830060959	-0.09892309457063675	0.19602009654045105	0.40900707244873047	-0.40758103132247925	0.49337315559387207	0.4487681984901428	0.32171717286109924	0.43706926703453064	0.3647095859050751	0.01769939623773098	-0.16997483372688293	-0.2772352397441864	0.09584862738847733	1.0	0.61688232421875	0.645979642868042	-0.2972409427165985	0.12768897414207458	0.31513404846191406	0.31969138979911804	0.35300230979919434	0.6936716437339783	0.31435683369636536	0.10747387260198593	-0.10203831642866135	0.43397006392478943	0.22515426576137543	0.3348371088504791	-0.20268207788467407	0.632695198059082	0.5143775939941406	0.1440150886774063	0.2601425349712372	-0.0648595541715622
THA-VPl-lh	-0.43031978607177734	-0.27848297357559204	-0.22341735661029816	0.16902947425842285	0.4567994475364685	0.3764837682247162	0.2622830867767334	-0.3028198778629303	0.06031656637787819	-0.3412373960018158	0.15865673124790192	0.07268040627241135	0.33188024163246155	0.1666639894247055	-0.22826962172985077	0.11358384042978287	-0.15335802733898163	-0.05558396875858307	0.15770967304706573	-0.3990658223628998	0.15863972902297974	0.12789510190486908	-0.01966140605509281	0.4366168975830078	0.4208826422691345	-0.05136183649301529	-0.25021809339523315	-0.36225053668022156	-0.2594439387321472	0.61688232421875	1.0	0.3396567404270172	-0.12120087444782257	0.0113529022783041	0.04149531573057175	0.1707402765750885	0.2667171061038971	0.5324114561080933	0.410916268825531	-0.2909913659095764	-0.11798112094402313	0.26633280515670776	-0.1094573438167572	0.037103183567523956	-0.16651339828968048	0.3623289465904236	0.22675198316574097	0.093581922352314	0.2772172689437866	-0.19353686273097992
THA-VAi-lh	-0.09141141921281815	0.03923811763525009	-0.17020486295223236	0.3518369197845459	0.4813545346260071	0.006741516292095184	0.5994774103164673	-0.08098817616701126	0.29479122161865234	0.20294229686260223	0.41428619623184204	0.13450028002262115	0.28395944833755493	0.23553064465522766	0.18348167836666107	0.20139163732528687	0.19219103455543518	0.2607925832271576	0.2133854180574417	-0.452044814825058	0.33887410163879395	0.2741243541240692	0.3470318019390106	0.31014612317085266	0.4956466555595398	0.1765597015619278	0.02534501999616623	-0.19698500633239746	0.19286984205245972	0.645979642868042	0.3396567404270172	1.0	0.011308551765978336	0.5639970302581787	0.4457510709762573	0.366475373506546	0.4069302976131439	0.4894377887248993	0.3374660313129425	0.2712349593639374	0.07416696101427078	0.4925518035888672	0.39531588554382324	0.08292724192142487	-0.29243558645248413	0.4497360587120056	0.3369402587413788	0.352851927280426	0.10058201849460602	0.2358723282814026
THA-VAs-lh	0.10740669816732407	-0.10553362965583801	0.2768053412437439	-0.22202353179454803	-0.47458791732788086	-0.34636661410331726	0.09921151399612427	0.5366752743721008	0.09778919070959091	0.3555344045162201	0.15463437139987946	0.01908491924405098	-0.19759352505207062	0.211624413728714	0.2494664192199707	0.1643654704093933	0.14968477189540863	-0.05493742227554321	-0.4834187626838684	0.30346083641052246	-0.3239533305168152	-0.09484100341796875	0.12329316884279251	-0.30182352662086487	-0.14423932135105133	-0.2640772759914398	-0.2370600402355194	0.13432756066322327	-0.2638154923915863	-0.2972409427165985	-0.12120087444782257	0.011308551765978336	1.0	0.2321893721818924	0.28127506375312805	0.13289514183998108	-0.012840913608670235	-0.2505106031894684	0.17578566074371338	0.29513004422187805	0.29799121618270874	0.09364514797925949	-0.004730282351374626	-0.29804980754852295	0.13141056895256042	-0.3082270324230194	-0.37739235162734985	0.3853743076324463	0.026223666965961456	0.3692598342895508
THA-DAm-lh	-0.018385641276836395	-0.012196213006973267	0.026096094399690628	0.21656285226345062	0.09053755551576614	-0.10605551302433014	0.32097068428993225	0.027489537373185158	0.5677540302276611	0.29351910948753357	0.129950612783432	-0.005234879907220602	-0.11720030754804611	0.1255740076303482	0.39245742559432983	0.24090996384620667	0.2677678167819977	0.08847114443778992	-0.1767454743385315	-0.24345004558563232	0.039170388132333755	-0.10416491329669952	0.37434783577919006	-0.06284921616315842	0.4131637215614319	0.12418776005506516	0.15865004062652588	-0.11147646605968475	0.06667876988649368	0.12768897414207458	0.0113529022783041	0.5639970302581787	0.2321893721818924	1.0	0.3286708891391754	0.24216121435165405	0.30593329668045044	0.055308084934949875	0.1960800737142563	0.31586307287216187	0.2959299087524414	0.3466995656490326	0.3085096776485443	-0.19291844964027405	-0.25249531865119934	0.19309452176094055	0.033781908452510834	0.34828242659568787	-0.10442549735307693	0.27125030755996704
THA-DAl-lh	-0.07646089792251587	-0.08102750778198242	-0.3748427629470825	-0.19231939315795898	0.32172396779060364	-0.20070017874240875	0.2801751494407654	0.45260435342788696	0.30447229743003845	0.5133100748062134	0.10127314925193787	-0.27507534623146057	-0.029364269226789474	-0.04082847386598587	0.20971515774726868	0.22185328602790833	-0.049383074045181274	-0.012598968110978603	-0.05199933424592018	-0.1739611178636551	0.22880910336971283	0.2563535273075104	0.23152439296245575	0.09056918323040009	0.1858949214220047	-0.2574006915092468	-0.2925863564014435	-0.1086534783244133	-0.013622235506772995	0.31513404846191406	0.04149531573057175	0.4457510709762573	0.28127506375312805	0.3286708891391754	1.0	0.02454492263495922	-0.023273495957255363	0.07364515960216522	0.05495544150471687	0.3992125988006592	0.007367316167801619	0.17704810202121735	0.28777310252189636	0.22582310438156128	-0.3098648488521576	0.2948441505432129	0.1731736660003662	0.2996065616607666	0.10668683052062988	0.23678477108478546
PUT-VA-lh	-0.09254140406847	0.06706099212169647	0.010135520249605179	0.2799524664878845	0.07905462384223938	-0.30361148715019226	0.3248586654663086	-0.0960954800248146	0.2102034091949463	-0.01316874474287033	0.7650473713874817	0.5629855990409851	0.3044385612010956	0.5724254250526428	0.38675493001937866	0.41216814517974854	0.4140172302722931	0.3439493775367737	-0.023335395380854607	-0.06816991418600082	0.13514026999473572	0.29066410660743713	0.2625184655189514	0.0871778205037117	0.17413951456546783	0.16085422039031982	-0.0668109804391861	-0.23426826298236847	0.0027775526978075504	0.31969138979911804	0.1707402765750885	0.366475373506546	0.13289514183998108	0.24216121435165405	0.02454492263495922	1.0	0.7027264833450317	0.39954113960266113	0.47327712178230286	0.3999349772930145	0.154714897274971	0.6843169331550598	0.4115457534790039	0.02905343286693096	0.2822495400905609	0.13312970101833344	0.19183184206485748	0.35968270897865295	0.03574088215827942	0.36612948775291443
PUT-DA-l	-0.09954667836427689	-0.05974746122956276	-0.059226181358098984	0.20768971741199493	0.1086294949054718	-0.11186826229095459	0.05790674686431885	-0.36581167578697205	-0.002839935477823019	-0.11343121528625488	0.6346100568771362	0.7266823053359985	0.47530031204223633	0.7028148770332336	0.13821499049663544	0.43535569310188293	0.16248945891857147	0.2642868459224701	0.16382157802581787	-0.15065868198871613	0.0961562991142273	-0.07017932832241058	0.217325821518898	0.18031173944473267	0.2983497083187103	0.288630872964859	-0.10020653158426285	-0.2498786896467209	-0.12027662247419357	0.35300230979919434	0.2667171061038971	0.4069302976131439	-0.012840913608670235	0.30593329668045044	-0.023273495957255363	0.7027264833450317	1.0	0.50139319896698	0.7286831736564636	0.17903278768062592	0.17245587706565857	0.47360339760780334	0.2952333092689514	-0.027823282405734062	0.049067284911870956	0.12446930259466171	0.00980590470135212	0.2520032823085785	0.04278004914522171	0.026678813621401787
PUT-VP-lh	-0.11196089535951614	0.07413278520107269	-0.19950073957443237	0.38892096281051636	0.5190926790237427	0.21246673166751862	0.40174639225006104	-0.3943549692630768	0.07096285372972488	-0.12109221518039703	0.4142235517501831	0.3898826837539673	0.7693342566490173	0.42853304743766785	-0.16293120384216309	0.21062560379505157	-0.05744451284408569	0.23606973886489868	0.4604160487651825	-0.302866667509079	0.45914340019226074	0.12294115871191025	0.1948539763689041	0.572354793548584	0.3434067666530609	0.20933079719543457	-0.09732306003570557	-0.335006445646286	0.169401153922081	0.6936716437339783	0.5324114561080933	0.4894377887248993	-0.2505106031894684	0.055308084934949875	0.07364515960216522	0.39954113960266113	0.50139319896698	1.0	0.5366123914718628	-0.1653171181678772	-0.1646120399236679	0.4126209616661072	0.16615578532218933	0.10875938087701797	-0.027909867465496063	0.35419386625289917	0.2693522870540619	-0.06811300665140152	0.18683654069900513	-0.21803811192512512
PUT-DP-lh	-0.12422896176576614	-0.22820647060871124	0.12072045356035233	0.25715339183807373	0.05431235209107399	-0.04918387159705162	0.20736949145793915	-0.3300405740737915	-0.00826351623982191	-0.23429669439792633	0.4971737563610077	0.6864009499549866	0.5174719095230103	0.7690748572349548	-0.006562713999301195	0.1833050400018692	-0.06815250217914581	0.14395755529403687	0.023475708439946175	-0.13593456149101257	-0.12330757081508636	-0.15411052107810974	0.18358413875102997	0.33584755659103394	0.39770403504371643	0.1315259486436844	-0.12721064686775208	-0.15110130608081818	-0.05889442563056946	0.31435683369636536	0.410916268825531	0.3374660313129425	0.17578566074371338	0.1960800737142563	0.05495544150471687	0.47327712178230286	0.7286831736564636	0.5366123914718628	1.0	-0.034861430525779724	0.08755870163440704	0.27753713726997375	0.09627239406108856	-0.21893496811389923	-0.0807584896683693	-0.02884387969970703	-0.09060695767402649	0.3271096348762512	0.25107279419898987	-0.0957384780049324
