Node	LH_Vis_1	LH_Vis_2	LH_Vis_3	LH_Vis_4	LH_Vis_5	LH_Vis_6	LH_Vis_7	LH_Vis_8	LH_Vis_9	LH_SomMot_1	LH_SomMot_2	LH_SomMot_3	LH_SomMot_4	LH_SomMot_5	LH_SomMot_6	LH_DorsAttn_Post_1	LH_DorsAttn_Post_2	LH_DorsAttn_Post_3	LH_DorsAttn_Post_4	LH_DorsAttn_Post_5	LH_DorsAttn_Post_6	LH_DorsAttn_PrCv_1	LH_DorsAttn_FEF_1	LH_SalVentAttn_ParOper_1	LH_SalVentAttn_FrOperIns_1	LH_SalVentAttn_FrOperIns_2	LH_SalVentAttn_PFCl_1	LH_SalVentAttn_Med_1	LH_SalVentAttn_Med_2	LH_SalVentAttn_Med_3	LH_Limbic_OFC_1	LH_Limbic_TempPole_1	LH_Limbic_TempPole_2	LH_Cont_Par_1	LH_Cont_PFCl_1	LH_Cont_pCun_1	LH_Cont_Cing_1	LH_Default_Temp_1	LH_Default_Temp_2	LH_Default_Par_1	LH_Default_Par_2	LH_Default_PFC_1	LH_Default_PFC_2	LH_Default_PFC_3	LH_Default_PFC_4	LH_Default_PFC_5	LH_Default_PFC_6	LH_Default_PFC_7	LH_Default_pCunPCC_1	LH_Default_pCunPCC_2	RH_Vis_1	RH_Vis_2	RH_Vis_3	RH_Vis_4	RH_Vis_5	RH_Vis_6	RH_Vis_7	RH_Vis_8	RH_SomMot_1	RH_SomMot_2	RH_SomMot_3	RH_SomMot_4	RH_SomMot_5	RH_SomMot_6	RH_SomMot_7	RH_SomMot_8	RH_DorsAttn_Post_1	RH_DorsAttn_Post_2	RH_DorsAttn_Post_3	RH_DorsAttn_Post_4	RH_DorsAttn_Post_5	RH_DorsAttn_PrCv_1	RH_DorsAttn_FEF_1	RH_SalVentAttn_TempOccPar_1	RH_SalVentAttn_TempOccPar_2	RH_SalVentAttn_FrOperIns_1	RH_SalVentAttn_Med_1	RH_SalVentAttn_Med_2	RH_Limbic_OFC_1	RH_Limbic_TempPole_1	RH_Cont_Par_1	RH_Cont_Par_2	RH_Cont_PFCl_1	RH_Cont_PFCl_2	RH_Cont_PFCl_3	RH_Cont_PFCl_4	RH_Cont_Cing_1	RH_Cont_PFCmp_1	RH_Cont_pCun_1	RH_Default_Par_1	RH_Default_Temp_1	RH_Default_Temp_2	RH_Default_Temp_3	RH_Default_PFCv_1	RH_Default_PFCv_2	RH_Default_PFCdPFCm_1	RH_Default_PFCdPFCm_2	RH_Default_PFCdPFCm_3	RH_Default_pCunPCC_1	RH_Default_pCunPCC_2	LH-Pu	LH-Ca	LH-NAC	LH-EXA	LH-GPe	LH-GPi	LH-SNc_PBP_VTA	LH-RN	LH-SNr	LH-VeP	LH-HN	LH-HTH	LH-MN	LH-STH	RH-Pu	RH-Ca	RH-NAC	RH-EXA	RH-GPe	RH-GPi	RH-SNc_PBP_VTA	RH-RN	RH-SNr	RH-VeP	RH-HN	RH-HTH	RH-MN	RH-STH	LH-Pulvinar	LH-Anterior	LH-Medio_Dorsal	LH-Ventral_Latero_Dorsal	LH-Central_Lateral-Lateral_Posterior-Medial_Pulvinar	LH-Ventral_Anterior	LH-Ventral_Latero_Ventral	RH-Pulvinar	RH-Anterior	RH-Medio_Dorsal	RH-Ventral_Latero_Dorsal	RH-Central_Lateral-Lateral_Posterior-Medial_Pulvinar	RH-Ventral_Anterior	RH-Ventral_Latero_Ventral	LH_Hippocampus	LH_Amygdala	RH_Hippocampus	RH_Amygdala	Cerebellar_Region1	Cerebellar_Region2	Cerebellar_Region3	Cerebellar_Region4	Cerebellar_Region5	Cerebellar_Region6	Cerebellar_Region7	Cerebellar_Region8	Cerebellar_Region9	Cerebellar_Region10
LH_Vis_1	1.0	0.30292269587516785	0.7380569577217102	-0.45853307843208313	-0.10201914608478546	0.57737135887146	0.40732163190841675	0.10139898210763931	0.30423104763031006	0.511315643787384	0.3289797306060791	0.39865002036094666	0.1654224544763565	-0.24720944464206696	0.1708689033985138	0.21416522562503815	0.26325517892837524	0.08576840907335281	-0.013861735351383686	0.26094093918800354	0.007282356731593609	0.40610483288764954	0.32651546597480774	0.4034746289253235	0.30010586977005005	0.37158021330833435	0.0693763941526413	0.4647727608680725	0.45444372296333313	0.35786303877830505	0.034395575523376465	0.4722563624382019	-0.17437206208705902	-0.25137466192245483	0.18708543479442596	-0.3809942305088043	0.1316935271024704	0.359403520822525	0.19048365950584412	0.1848132461309433	-0.03331219032406807	0.46313121914863586	0.5337156653404236	0.6815155744552612	0.0206935852766037	0.37347212433815	-0.36748501658439636	-0.060951512306928635	0.7381967902183533	0.03224201500415802	0.6968417167663574	0.2951207160949707	-0.06483041495084763	-0.47290271520614624	0.2291487157344818	0.5587587356567383	-0.10751651972532272	0.31996291875839233	0.38416963815689087	0.27796122431755066	0.3821665048599243	0.14817702770233154	0.3984673321247101	-0.2734389305114746	-0.10740011930465698	0.08609386533498764	0.34237775206565857	-0.000926234875805676	-0.15894488990306854	-0.20752908289432526	-0.0036959340795874596	0.27308014035224915	0.18271225690841675	-0.01676843874156475	0.17433267831802368	0.4154517948627472	0.27507784962654114	0.38176286220550537	-0.15320302546024323	0.1836053431034088	-0.01855139620602131	-0.4560985565185547	0.18732847273349762	-0.042342957109212875	-0.04859780892729759	-0.34402939677238464	-0.26118892431259155	0.2745346426963806	-0.12479105591773987	0.00778666278347373	-0.21566495299339294	0.10002098232507706	0.3017982244491577	0.3687775135040283	0.5467678904533386	0.7889719009399414	0.5131247639656067	0.35574737191200256	0.7199592590332031	0.2159377783536911	0.31871384382247925	0.37449273467063904	-0.08730911463499069	0.07383765280246735	0.039152853190898895	0.20250627398490906	0.049755170941352844	0.3336697518825531	-0.10191866755485535	-0.31014707684516907	0.08592714369297028	0.41444486379623413	0.172183558344841	0.12419585883617401	0.32218074798583984	0.4053645730018616	0.35501664876937866	-0.019679678604006767	0.32472577691078186	0.15288929641246796	0.01496089342981577	-0.021793954074382782	0.20373304188251495	0.08420010656118393	0.3494473695755005	-0.07842249423265457	-0.2403119057416916	0.2183632105588913	0.4429372251033783	0.06015241518616676	0.27743232250213623	0.11141941696405411	0.4486221373081207	0.4475384056568146	0.012806184589862823	0.46088430285453796	0.29569053649902344	0.4221859872341156	0.23415379226207733	0.30663004517555237	0.21489568054676056	0.07701660692691803	0.5192581415176392	0.27532416582107544	0.5154646635055542	0.19008637964725494	0.35150331258773804	0.025310806930065155	0.37642744183540344	0.35958054661750793	0.29790496826171875	0.17444944381713867	0.07146350294351578	0.057799331843853	-0.039157964289188385	-0.3326423466205597
LH_Vis_2	0.30292269587516785	1.0	0.27999788522720337	0.1837165206670761	0.7404100298881531	0.09440841525793076	0.4618820250034332	-0.1389751136302948	-0.3418819010257721	0.3377792239189148	0.21819865703582764	0.0008286210941150784	-0.16751176118850708	0.09308848530054092	0.5402461886405945	0.5791960954666138	-0.21939058601856232	-0.0947592630982399	0.06905665993690491	-0.11565475910902023	0.09056544303894043	0.43917909264564514	0.09320522099733353	0.1393270045518875	-0.13969621062278748	0.28005290031433105	-0.26088714599609375	0.2843351662158966	0.1541747897863388	0.4506325125694275	0.19947125017642975	-0.07119837403297424	0.2548564672470093	0.24714995920658112	0.10194461047649384	0.1473764032125473	0.5904268026351929	-0.14415057003498077	0.43169108033180237	0.5690922737121582	0.26838770508766174	0.18903183937072754	0.4002232253551483	0.4169411063194275	0.10545265674591064	0.04551587998867035	0.08122572302818298	-0.06055653840303421	0.13988788425922394	0.2185552716255188	0.5314608812332153	0.7491022944450378	0.5314594507217407	0.4085836112499237	0.14753079414367676	-0.006547154393047094	0.3898484706878662	-0.06997755169868469	0.5375472903251648	0.15644484758377075	0.10272830724716187	-0.07780788093805313	-0.09351227432489395	-0.01902264542877674	0.0842970609664917	0.3702634871006012	0.06364960968494415	-0.007759276777505875	0.4003913998603821	0.025059077888727188	0.07865455746650696	0.3354622721672058	0.1825285702943802	0.4638211131095886	0.20860156416893005	0.2250906229019165	0.04242226108908653	0.3888387382030487	-0.09789784252643585	0.17553311586380005	0.20125973224639893	0.01052035391330719	0.19806689023971558	-0.019116081297397614	-0.06747928261756897	0.055988263338804245	0.2934172451496124	0.29867762327194214	-0.04172826558351517	0.20687608420848846	0.3403739631175995	0.371702641248703	0.4227305054664612	0.3667171597480774	0.3179236352443695	0.3870680630207062	-0.05831116437911987	-0.21265587210655212	-0.020381400361657143	0.14755281805992126	0.42862468957901	0.25544843077659607	-0.21158167719841003	0.10240334272384644	-0.13901929557323456	-0.123577781021595	-0.2530534863471985	-0.1637377291917801	-0.1554909646511078	0.05069143697619438	0.2526419460773468	-0.06510484963655472	0.2304210662841797	-0.09433454275131226	0.4998243749141693	0.41797396540641785	0.2036392241716385	0.10766666382551193	0.19246859848499298	-0.22338959574699402	-0.20177051424980164	-0.1705905944108963	-0.003480111248791218	0.28810369968414307	0.30611923336982727	-0.17755316197872162	-0.16025784611701965	0.16129224002361298	0.31215155124664307	0.07931587100028992	0.26995769143104553	0.15986570715904236	0.3605692386627197	0.36626097559928894	-0.3829348683357239	0.42638257145881653	0.48559504747390747	0.17685671150684357	0.036803897470235825	0.3266580104827881	0.19505244493484497	0.180079385638237	0.28206688165664673	0.12720635533332825	0.4373686909675598	0.2314731329679489	0.21994081139564514	0.5630987882614136	0.3282647430896759	0.07124654203653336	0.08844418823719025	0.3254154324531555	0.07421588152647018	0.08155884593725204	-0.18341465294361115	-0.4991270899772644
LH_Vis_3	0.7380569577217102	0.27999788522720337	1.0	-0.6296117305755615	-0.1859104484319687	0.7128991484642029	0.4800751805305481	0.25191178917884827	0.508111834526062	0.5642587542533875	0.46126803755760193	0.5501950979232788	0.09961626678705215	-0.17715829610824585	0.13109581172466278	0.19420002400875092	0.43567705154418945	0.2128228396177292	0.24925489723682404	0.3822060823440552	0.14809399843215942	0.508389413356781	0.43556296825408936	0.5710895657539368	0.3403010666370392	0.588763415813446	0.2678808867931366	0.6808061599731445	0.414786159992218	0.5183173418045044	-0.11426395922899246	0.07209474593400955	-0.2852100133895874	-0.12922541797161102	0.3555736541748047	-0.3593827188014984	0.160115584731102	0.09595189988613129	0.013790547847747803	0.06400591135025024	-0.15635785460472107	0.5219656825065613	0.326505571603775	0.6224995255470276	-0.07671748101711273	0.30003663897514343	-0.4597572982311249	-0.14682281017303467	0.5920721292495728	-0.23369163274765015	0.5716978311538696	0.43959498405456543	0.016425207257270813	-0.566558837890625	0.43786200881004333	0.7357221841812134	-0.035422343760728836	0.5856017470359802	0.5417499542236328	0.4729548692703247	0.554922878742218	0.10776257514953613	0.5411956906318665	-0.15300829708576202	0.04098702222108841	0.10019388794898987	0.37341147661209106	0.20640689134597778	-0.01774955913424492	-0.038475338369607925	0.13254030048847198	0.4807942509651184	0.42158105969429016	-0.05911484733223915	0.429627001285553	0.5511965155601501	0.40134263038635254	0.5825135707855225	-0.26895007491111755	0.11560115963220596	0.14261175692081451	-0.46800696849823	0.11862550675868988	0.2003851979970932	0.14026881754398346	-0.36976465582847595	-0.23292912542819977	0.42152851819992065	-0.2050013691186905	-0.07708617299795151	-0.14327096939086914	0.1810380518436432	0.20931491255760193	0.37459596991539	0.4622367322444916	0.6699990630149841	0.3450591564178467	0.18359488248825073	0.6705672144889832	-0.0998937338590622	0.47234034538269043	0.38641557097435	-0.10129272192716599	-0.06261812150478363	0.20355208218097687	-0.01668545976281166	-0.05178374424576759	0.3111034333705902	-0.31535646319389343	-0.4424339532852173	0.09880336374044418	0.402584046125412	-0.05353693291544914	0.19434688985347748	0.5351753234863281	0.4963071346282959	0.3463906943798065	0.042470525950193405	0.4608396887779236	0.32741445302963257	0.1301574558019638	-0.17087233066558838	0.0854186937212944	0.0005338117480278015	0.4546027183532715	0.1995355188846588	-0.4764466881752014	-0.010705413296818733	0.39770299196243286	0.14189301431179047	0.2656153440475464	0.24485835433006287	0.564981997013092	0.34309133887290955	-0.03226010873913765	0.5251794457435608	0.2566707730293274	0.5347249507904053	0.38484665751457214	0.3271539509296417	0.14745421707630157	0.20084458589553833	0.2882983982563019	0.3370148837566376	0.35627076029777527	-0.0016767265042290092	0.3145933151245117	0.04215007275342941	0.2748241722583771	0.4175103008747101	0.17161647975444794	0.23649874329566956	-0.03186839818954468	-0.09514006972312927	-0.030109919607639313	-0.23302870988845825
LH_Vis_4	-0.45853307843208313	0.1837165206670761	-0.6296117305755615	1.0	0.36583060026168823	-0.7319890856742859	-0.08178351819515228	-0.20458246767520905	-0.714483380317688	-0.1718851923942566	-0.1807040572166443	-0.36566421389579773	-0.048689406365156174	0.37866097688674927	0.14640659093856812	0.1636033058166504	-0.4153231680393219	-0.21071921288967133	-0.14576931297779083	-0.45137929916381836	-0.1904630810022354	-0.1776062399148941	-0.4411230683326721	-0.4948223829269409	-0.2819865345954895	-0.26811134815216064	-0.3763696253299713	-0.4304945468902588	-0.3174275755882263	-0.29776737093925476	0.4345235228538513	-0.13796503841876984	0.38128671050071716	0.2542802095413208	-0.11462626606225967	0.3720337748527527	0.24736368656158447	-0.01904119737446308	0.2043331116437912	0.24355173110961914	0.2732524573802948	-0.2944563329219818	0.019551033154129982	-0.2642090320587158	0.2317475825548172	-0.22418785095214844	0.5464972257614136	0.05051073431968689	-0.3371359407901764	0.32972797751426697	-0.24296104907989502	-0.1099773645401001	0.1961647868156433	0.7946527600288391	-0.6590036153793335	-0.7482247948646545	0.1528630405664444	-0.6818322539329529	-0.05618192255496979	-0.18130113184452057	-0.3610876500606537	-0.013096306473016739	-0.39320895075798035	0.3205193281173706	-0.025682643055915833	0.10715817660093307	-0.24486856162548065	-0.23528191447257996	0.15808773040771484	0.0005602236487902701	-0.19448620080947876	-0.23934800922870636	-0.35669761896133423	0.1581767499446869	-0.4319607615470886	-0.3132108151912689	-0.35187268257141113	-0.2855199873447418	0.42776745557785034	-0.20847909152507782	-0.19413435459136963	0.4157327711582184	0.025338945910334587	-0.08962591737508774	-0.17444194853305817	0.4176873564720154	0.4218040704727173	-0.1863613724708557	0.18974226713180542	0.0993768572807312	0.22126464545726776	-0.019836224615573883	0.108223557472229	-0.07683410495519638	-0.1778973937034607	-0.31642982363700867	-0.4162532091140747	-0.17787989974021912	-0.5283774733543396	0.23805871605873108	-0.11875659972429276	-0.13458707928657532	0.0520719476044178	0.05613237991929054	-0.11398705840110779	-0.23137091100215912	-0.10902143269777298	-0.5336602330207825	0.22247444093227386	0.3333720266819	-0.0979231595993042	-0.3791339695453644	0.10649853944778442	-0.30286696553230286	-0.10239163041114807	-0.058047205209732056	0.036721453070640564	0.17214076220989227	-0.24835436046123505	-0.3406475782394409	-0.07750222086906433	-0.041982922703027725	-0.3532649874687195	0.13323715329170227	-0.2897925078868866	-0.15945647656917572	0.3940134644508362	0.22012114524841309	-0.3098295331001282	0.05361621454358101	-0.12622083723545074	-0.08964984863996506	-0.22247019410133362	-0.12856373190879822	-0.1293499916791916	-0.3579385578632355	0.13273519277572632	-0.36256226897239685	-0.18661342561244965	-0.27822092175483704	0.000672612979542464	-0.030409768223762512	-0.10467579960823059	-0.30549946427345276	-0.10602373629808426	-0.05214118957519531	-0.11621913313865662	0.2654038369655609	-0.23950619995594025	-0.25621214509010315	-0.19866864383220673	-0.14558739960193634	-0.000835418701171875	0.035659752786159515	-0.1565404236316681	-0.15887293219566345
LH_Vis_5	-0.10201914608478546	0.7404100298881531	-0.1859104484319687	0.36583060026168823	1.0	-0.1347748339176178	0.07654286175966263	-0.16349607706069946	-0.43391746282577515	0.017626650631427765	0.010433612391352654	-0.32486632466316223	-0.2953529953956604	0.12991927564144135	0.3466520309448242	0.4040563404560089	-0.3250523507595062	-0.10421977192163467	0.20270060002803802	-0.22498314082622528	0.14790232479572296	0.0795426219701767	0.011988596990704536	-0.2133914679288864	-0.4548527002334595	-0.08697813749313354	-0.28741246461868286	-0.04871591553092003	-0.21692132949829102	0.12564511597156525	0.3458833694458008	-0.22505123913288116	0.4362373650074005	0.3865426182746887	-0.05975748971104622	0.2519240379333496	0.45142215490341187	-0.2834498882293701	0.19267408549785614	0.2295520007610321	0.39609774947166443	-0.13069729506969452	0.18441422283649445	0.11993847787380219	0.1651899367570877	-0.15923886001110077	0.21594233810901642	0.05754001438617706	-0.08795886486768723	0.20893517136573792	0.21892383694648743	0.528446614742279	0.5126029253005981	0.5640779137611389	0.17676882445812225	-0.25396212935447693	0.3534584939479828	-0.23543402552604675	0.18889939785003662	-0.059876326471567154	-0.23984795808792114	-0.23435427248477936	-0.3742928206920624	0.11901750415563583	0.14053493738174438	0.28335925936698914	-0.20784544944763184	0.10776088386774063	0.48293590545654297	0.1732141673564911	0.07459279894828796	0.07601508498191833	0.06825456023216248	0.23805765807628632	-0.06408564746379852	-0.23817017674446106	-0.20890988409519196	0.038915395736694336	0.06942834705114365	0.0407814122736454	0.2135290950536728	0.3899332284927368	0.27602627873420715	-0.0015075246337801218	-0.12147887051105499	0.18538224697113037	0.30730968713760376	0.10904640704393387	-0.020990516990423203	0.2826704680919647	0.4443204402923584	0.19061796367168427	0.18500883877277374	0.14544104039669037	-0.0971996933221817	0.06393729150295258	-0.3001788258552551	-0.30989912152290344	-0.303940087556839	0.09958647191524506	0.1623401939868927	0.05103328078985214	-0.1805707961320877	0.18448881804943085	-0.2903704047203064	-0.3232851028442383	-0.292655885219574	-0.32979485392570496	-0.08591777086257935	0.29050710797309875	0.13884426653385162	-0.2892550528049469	0.22976627945899963	-0.12443974614143372	0.23481598496437073	0.17425690591335297	0.0104738250374794	0.18852515518665314	-0.06754172593355179	-0.37600138783454895	-0.26871442794799805	-0.11499107629060745	-0.11196926236152649	0.18114125728607178	0.1687263548374176	-0.15771670639514923	0.10160773247480392	0.08175662159919739	0.1025703102350235	-0.09337928891181946	0.009409260004758835	0.07968969643115997	0.13356421887874603	0.15120476484298706	-0.38791918754577637	0.23327748477458954	0.3214563727378845	-0.10340045392513275	-0.022580096498131752	0.24791187047958374	-0.05520986020565033	0.0025613598991185427	0.029267778620123863	-0.11458802223205566	0.22268174588680267	0.13244746625423431	0.04403448477387428	0.5003125071525574	0.21998271346092224	-0.03883162513375282	0.06464231759309769	0.26237910985946655	0.12704011797904968	0.12944702804088593	0.04311515390872955	-0.2053644210100174
LH_Vis_6	0.57737135887146	0.09440841525793076	0.7128991484642029	-0.7319890856742859	-0.1347748339176178	1.0	0.22620820999145508	0.09386637806892395	0.6274734735488892	0.4286573529243469	0.43252748250961304	0.44344213604927063	-0.12267042696475983	-0.22229336202144623	0.12264063209295273	0.06857463717460632	0.34407278895378113	0.10975594818592072	0.18673302233219147	0.3823273777961731	0.425488144159317	0.32523849606513977	0.6418439745903015	0.49846965074539185	0.26445597410202026	0.3891878128051758	0.15805327892303467	0.5466853380203247	0.38087621331214905	0.5059474110603333	-0.16019108891487122	0.07419760525226593	-0.21122212707996368	-0.13116411864757538	0.129825159907341	-0.44704532623291016	-0.09276971220970154	-0.012652064673602581	-0.2819529175758362	-0.28863629698753357	-0.3062136769294739	0.1926032453775406	0.041968025267124176	0.33907726407051086	-0.2959121763706207	0.003425944596529007	-0.5812762379646301	-0.14642931520938873	0.4792023301124573	-0.3685886859893799	0.43686383962631226	0.24210591614246368	0.0618477389216423	-0.6282092928886414	0.7215792536735535	0.9501115083694458	-0.24875256419181824	0.61085045337677	0.3558943569660187	0.366163045167923	0.45102256536483765	-0.1658639758825302	0.44820213317871094	-0.2523282468318939	0.28334277868270874	0.18209171295166016	0.18375426530838013	0.294113427400589	-0.04015416279435158	-0.0764031633734703	0.2872607111930847	0.3817984461784363	0.5483997464179993	-0.2839612662792206	0.5024663805961609	0.34456849098205566	0.3627704083919525	0.645709753036499	-0.07443782687187195	-0.0383463092148304	0.03450142964720726	-0.282522588968277	0.05736613646149635	0.1027645468711853	-0.01774130016565323	-0.40494993329048157	-0.39948511123657227	0.3349134922027588	-0.2646481990814209	-0.09511033445596695	-0.19925925135612488	-0.11682561784982681	-0.1083650067448616	0.01967144012451172	0.11472674459218979	0.39246028661727905	0.2514161765575409	0.19140399992465973	0.5425440073013306	-0.19530287384986877	0.302491158246994	0.36896708607673645	-0.1793738454580307	0.08146671950817108	0.0002589688228908926	0.21602442860603333	-0.12683355808258057	0.4371570348739624	-0.20346751809120178	-0.29988089203834534	-0.03946357220411301	0.36745360493659973	0.08167224377393723	0.17072385549545288	0.32571762800216675	0.38205790519714355	0.3025897145271301	0.08533413708209991	0.19861187040805817	0.07505874335765839	0.051964372396469116	-0.011711742728948593	0.1410684734582901	0.07577637583017349	0.313755601644516	0.10741403698921204	-0.3560936748981476	-0.011851618066430092	0.28710705041885376	-0.19774584472179413	0.2612600028514862	0.4190223515033722	0.2865816056728363	0.3439762592315674	0.19648362696170807	0.4338058531284332	0.1529122292995453	0.3384230136871338	0.562490701675415	0.2891896963119507	0.24471238255500793	0.01438960526138544	0.1258014589548111	0.15942998230457306	0.23440057039260864	0.057707350701093674	0.22940996289253235	0.018431736156344414	0.4278210699558258	0.48541808128356934	0.30464887619018555	0.23603756725788116	0.08935766667127609	-0.046163737773895264	0.05790184065699577	-0.1114523857831955
LH_Vis_7	0.40732163190841675	0.4618820250034332	0.4800751805305481	-0.08178351819515228	0.07654286175966263	0.22620820999145508	1.0	0.4542250633239746	-0.04781174659729004	0.4738670289516449	0.2500758767127991	0.46370217204093933	0.15474210679531097	0.07542381435632706	0.4343029856681824	0.7096041440963745	0.40140897035598755	0.45215916633605957	0.25944146513938904	0.16613531112670898	-0.028751283884048462	0.6576589941978455	0.30291202664375305	0.5473889112472534	0.29778584837913513	0.6256136894226074	0.2779957056045532	0.4998154640197754	0.21842582523822784	0.747421145439148	-0.1653822660446167	0.15041483938694	-0.15319302678108215	0.3721441924571991	0.5314214825630188	-0.3367331027984619	0.2732296884059906	0.023452550172805786	0.4442988634109497	0.4559371769428253	-0.13790181279182434	0.40637344121932983	0.37089288234710693	0.4544285535812378	0.15053221583366394	0.10721942782402039	-0.15174761414527893	-0.4947972595691681	0.2199600338935852	-0.35473957657814026	0.5605100393295288	0.26131007075309753	0.5238209962844849	-0.11148038506507874	-0.0594639889895916	0.17049844563007355	0.2549552023410797	0.015368732623755932	0.4598447382450104	0.18460355699062347	0.1821492314338684	0.15304596722126007	0.30455851554870605	0.01426821481436491	0.013140970841050148	0.24869327247142792	0.4230338931083679	0.10801833868026733	0.3989312946796417	0.2033904790878296	-0.03825543075799942	0.4619772136211395	0.28876200318336487	0.3020647168159485	0.1839061826467514	0.5548537969589233	0.1745368093252182	0.5321806073188782	-0.4179564416408539	0.43121421337127686	0.24580366909503937	-0.3091402053833008	0.044517479836940765	0.11741648614406586	0.09279816597700119	-0.18244990706443787	0.04033806174993515	0.2493196278810501	-0.1397150456905365	-0.08489038050174713	0.09373913705348969	0.08788278698921204	0.5512993335723877	0.3048159182071686	0.4785865247249603	0.47583064436912537	0.13366320729255676	-0.1144736111164093	0.26347577571868896	-0.17677637934684753	0.40905117988586426	0.36774834990501404	-0.15198472142219543	0.2043571174144745	-0.03565240651369095	0.13169723749160767	-0.21630887687206268	0.09742952883243561	-0.18698236346244812	-0.26800790429115295	0.03773922845721245	0.1571970134973526	0.05833743140101433	0.027522427961230278	0.3755348026752472	0.3295094966888428	0.27766114473342896	0.14137452840805054	0.4482654929161072	-0.24666357040405273	-0.10223723948001862	0.04632451757788658	-0.027021948248147964	0.0452660471200943	0.4901425540447235	0.08825645595788956	-0.22688421607017517	0.04948123171925545	-0.02401079423725605	0.16943033039569855	0.3635425865650177	0.2063356637954712	0.46822625398635864	0.310674250125885	-0.1624150276184082	0.24611014127731323	0.30328765511512756	0.24994848668575287	0.03077429160475731	0.2528899610042572	-0.12389511615037918	0.014973869547247887	0.37829238176345825	0.503423273563385	0.49152493476867676	0.23222188651561737	0.3611321747303009	0.4092261493206024	0.1939927339553833	0.37622225284576416	0.12747693061828613	0.3168924152851105	-0.2105618566274643	-0.21719379723072052	-0.18236398696899414	-0.47219371795654297
LH_Vis_8	0.10139898210763931	-0.1389751136302948	0.25191178917884827	-0.20458246767520905	-0.16349607706069946	0.09386637806892395	0.4542250633239746	1.0	0.37756723165512085	-0.14527258276939392	-0.2828609049320221	0.027200959622859955	-0.007928992621600628	-0.1833244264125824	-0.09447414427995682	0.23493002355098724	0.2420756071805954	0.6531239748001099	0.2361295372247696	0.27165985107421875	-0.15346716344356537	0.13380934298038483	0.31724095344543457	0.20855440199375153	-0.14526838064193726	0.13956299424171448	0.49323680996894836	0.14436766505241394	-0.10211823880672455	0.27231478691101074	-0.25901511311531067	-0.04933871701359749	-0.13814975321292877	0.24038439989089966	0.4068653881549835	-0.332770973443985	-0.2807420790195465	-0.12359745055437088	-0.11535989493131638	-0.07114008069038391	0.009421199560165405	0.13573241233825684	0.0054055373184382915	0.10369135439395905	0.15952137112617493	0.1072395071387291	-0.17452311515808105	-0.10773622989654541	0.21157817542552948	-0.3369069993495941	0.2181653529405594	0.09316714107990265	0.286795049905777	-0.28929752111434937	0.09252987056970596	0.15185774862766266	0.44307973980903625	0.419567346572876	-0.08755569905042648	-0.22397607564926147	-0.2209669053554535	0.014828391373157501	0.0988064631819725	0.0019875974394381046	-0.1765395849943161	-0.05742105469107628	0.3594706952571869	0.07862727344036102	0.19387438893318176	0.4090368151664734	-0.11637920886278152	0.10642868280410767	0.14339737594127655	-0.09903091937303543	-0.14451856911182404	0.009112256579101086	-0.06348549574613571	-0.05983312427997589	-0.2369791567325592	0.196555033326149	0.2105049192905426	-0.023078348487615585	0.1108650267124176	0.1198214665055275	0.24784991145133972	-0.16807132959365845	-0.2357165366411209	-0.005923962686210871	-0.09261885285377502	-0.021105879917740822	0.17854002118110657	0.038398586213588715	0.09380322694778442	0.03647809848189354	0.042962610721588135	0.14966170489788055	0.06628678739070892	0.10661892592906952	0.2980097532272339	-0.13327333331108093	-0.026267986744642258	0.0028640718664973974	-0.19023112952709198	0.34345659613609314	0.17614014446735382	-0.07473321259021759	-0.32123875617980957	0.03512062504887581	-0.3422224223613739	-0.3308183550834656	-0.15593266487121582	0.17745424807071686	-0.19484591484069824	-0.18663443624973297	-0.021053479984402657	-0.012469506822526455	-0.15438278019428253	0.07609707117080688	0.2155720293521881	-0.12250721454620361	-0.056771084666252136	-0.054849058389663696	-0.04448750615119934	-0.1391504853963852	0.2183547168970108	0.3063214123249054	-0.201827272772789	-0.09575206786394119	-0.21937556564807892	-0.048960257321596146	-0.18500535190105438	-0.15236441791057587	0.005783457774668932	-0.3014519512653351	-0.0953621044754982	-0.0842658057808876	-0.18849124014377594	-0.13659942150115967	-0.030019549652934074	0.02695252187550068	-0.543347179889679	-0.08681723475456238	-0.003704820526763797	0.3445417582988739	0.13230565190315247	-0.05387182533740997	-0.14795048534870148	0.008903281763195992	-0.18826980888843536	0.10520317405462265	-0.026699192821979523	0.27757638692855835	0.09072557836771011	0.07044842839241028	0.34524017572402954	0.3178042471408844
LH_Vis_9	0.30423104763031006	-0.3418819010257721	0.508111834526062	-0.714483380317688	-0.43391746282577515	0.6274734735488892	-0.04781174659729004	0.37756723165512085	1.0	-0.015936993062496185	-0.052772004157304764	0.13788850605487823	-0.13841497898101807	-0.26788729429244995	-0.2972334921360016	-0.17259779572486877	0.19621729850769043	0.28749585151672363	0.0833481103181839	0.5364471673965454	0.20182473957538605	-0.11859928071498871	0.47306719422340393	0.27823665738105774	-0.005295060575008392	-0.06543534249067307	0.27187496423721313	0.17425721883773804	0.3317296802997589	-0.013194750994443893	-0.24042902886867523	-0.09757697582244873	-0.21694287657737732	-0.25787582993507385	-0.025493290275335312	-0.1010955199599266	-0.322160005569458	-0.061517827212810516	-0.5163639783859253	-0.4631054997444153	-0.03041936084628105	-0.06746448576450348	-0.27797484397888184	0.06461876630783081	-0.2861503064632416	0.009487845003604889	-0.39398953318595886	0.2768649160861969	0.4474758803844452	-0.16972999274730682	0.11004919558763504	0.021805567666888237	-0.12219343334436417	-0.6081017851829529	0.49290311336517334	0.6897780299186707	-0.17349176108837128	0.8739680051803589	-0.08759156614542007	0.03249509632587433	0.1792561262845993	-0.17941132187843323	0.27871397137641907	-0.2591668963432312	0.07544731348752975	-0.19974401593208313	0.2565391957759857	0.1406998485326767	-0.28898853063583374	0.03929453343153	0.22479794919490814	0.03333498537540436	0.2714390754699707	-0.34155794978141785	0.2889869511127472	-0.03197561204433441	0.3769623935222626	0.04378201439976692	-0.14916715025901794	-0.20743407309055328	0.03158466890454292	-0.1787722110748291	-0.14477534592151642	-0.048745084553956985	0.1611798107624054	-0.3347591757774353	-0.3249603807926178	0.10236212611198425	0.023224016651511192	0.033933479338884354	-0.08716839551925659	0.011455707252025604	-0.25921550393104553	-0.19749243557453156	-0.13135600090026855	0.15642939507961273	0.1690220981836319	0.40414783358573914	0.5428261160850525	0.00725701404735446	-0.1875237226486206	-0.14117874205112457	-0.1892859935760498	-0.07850198447704315	0.12675604224205017	0.06759850680828094	-0.029279792681336403	0.23469744622707367	-0.28926780819892883	-0.43603232502937317	-0.09998008608818054	0.22298647463321686	-0.2977577745914459	0.06153416633605957	-0.12349563837051392	-0.09206569194793701	-0.0753932073712349	-0.10142124444246292	-0.07788728177547455	0.2145744264125824	0.30950161814689636	-0.2923780381679535	-0.028036657720804214	0.09495501965284348	0.16551072895526886	0.3402548134326935	-0.42218679189682007	-0.404449999332428	0.10534043610095978	-0.22391119599342346	-0.20797619223594666	0.05720333009958267	0.0734814777970314	-0.14940103888511658	0.06492019444704056	0.2910866439342499	-0.1424652487039566	0.15599510073661804	0.2760033905506134	0.05761226266622543	-0.09603285789489746	-0.19124917685985565	-0.14772860705852509	-0.009226772002875805	-0.033503007143735886	-0.290271133184433	0.0297925416380167	-0.2012815922498703	0.18295471370220184	0.2249811589717865	0.23676297068595886	0.2663578689098358	0.33145347237586975	0.2720789909362793	0.44740650057792664	0.39031288027763367
LH_SomMot_1	0.511315643787384	0.3377792239189148	0.5642587542533875	-0.1718851923942566	0.017626650631427765	0.4286573529243469	0.4738670289516449	-0.14527258276939392	-0.015936993062496185	1.0	0.7655075788497925	0.7530624866485596	0.34074655175209045	0.2042635977268219	0.4971461296081543	0.32480159401893616	0.5248119831085205	0.04881225526332855	0.3010942339897156	0.15675139427185059	0.23458188772201538	0.6145829558372498	0.39251717925071716	0.5812257528305054	0.5474491715431213	0.7583670020103455	0.20920851826667786	0.6747255921363831	0.4291961193084717	0.5862858295440674	0.05897079408168793	0.3231424391269684	-0.12047258764505386	0.05423332005739212	0.46620234847068787	-0.23743997514247894	0.4535682797431946	0.22384673357009888	0.29729142785072327	0.23062370717525482	-0.16476917266845703	0.5323653221130371	0.41766566038131714	0.5937408208847046	0.22512507438659668	0.2018420398235321	-0.1329052746295929	-0.43238890171051025	0.13369852304458618	-0.2761267423629761	0.43267467617988586	0.11043190211057663	0.0742378756403923	-0.30509451031684875	-0.00022268931206781417	0.31416070461273193	-0.2853967547416687	-0.019174814224243164	0.8397529125213623	0.6544251441955566	0.6081318259239197	0.35756540298461914	0.6224080324172974	0.13325342535972595	0.3221966624259949	0.28060561418533325	0.059476304799318314	0.2975887954235077	0.16120465099811554	-0.1541222631931305	0.1383122354745865	0.5722665190696716	0.4850858449935913	0.05801406502723694	0.28917786478996277	0.6670048832893372	0.35382142663002014	0.6921423077583313	-0.2602922022342682	0.1422242820262909	0.19411194324493408	-0.3361455798149109	0.16536344587802887	0.35118570923805237	0.12612779438495636	-0.05513308197259903	0.1013234332203865	0.5290767550468445	-0.13000543415546417	-0.04880419373512268	-0.3205734193325043	-0.2781168520450592	0.40073272585868835	0.38306498527526855	0.5511141419410706	0.5164004564285278	0.24811908602714539	-0.014739017933607101	0.22002574801445007	-0.22869376838207245	0.633816123008728	0.5249916911125183	0.09670859575271606	0.031348444521427155	0.17562216520309448	0.10186215490102768	-0.06763942539691925	0.20947931706905365	0.062243975698947906	-0.32390105724334717	0.1327255368232727	0.42992788553237915	0.20278222858905792	0.4699472486972809	0.606643795967102	0.6185846924781799	0.4184171259403229	0.1978246420621872	0.5135930180549622	-0.07265619933605194	0.09137331694364548	-0.0901445671916008	0.05065471678972244	0.153364360332489	0.4290000796318054	-0.15829205513000488	-0.13927796483039856	0.14363601803779602	0.34458357095718384	0.2596015930175781	0.6079275608062744	0.49270233511924744	0.5348650217056274	0.5645073056221008	-0.004572135861963034	0.2320440262556076	0.3693394958972931	0.588916540145874	0.34448766708374023	0.22534921765327454	0.3779866099357605	0.16291923820972443	0.4331739842891693	0.35107579827308655	0.14711077511310577	0.149028480052948	0.5427809357643127	0.19078829884529114	0.34810036420822144	0.483937531709671	0.3294356167316437	0.005793484393507242	-0.20643286406993866	-0.3414677679538727	-0.261770099401474	-0.5566331744194031
LH_SomMot_2	0.3289797306060791	0.21819865703582764	0.46126803755760193	-0.1807040572166443	0.010433612391352654	0.43252748250961304	0.2500758767127991	-0.2828609049320221	-0.052772004157304764	0.7655075788497925	1.0	0.806049108505249	0.4275585114955902	0.2032483071088791	0.4689127206802368	0.06562940031290054	0.545558750629425	-0.1951557695865631	0.3336752653121948	0.005543428007513285	0.31573569774627686	0.4577678143978119	0.2041722983121872	0.4234798550605774	0.5590066313743591	0.6774392127990723	0.02539653517305851	0.5584538578987122	0.20722025632858276	0.4618951082229614	-0.06729938834905624	0.22393764555454254	-0.07473946362733841	-0.1115347146987915	0.24979418516159058	-0.28780102729797363	0.33343449234962463	0.1442776471376419	0.1889001429080963	0.06539824604988098	-0.27525997161865234	0.4379381239414215	0.2916738986968994	0.5181174278259277	-0.009309572167694569	0.17349623143672943	-0.19555191695690155	-0.40214791893959045	0.13095220923423767	-0.2436501532793045	0.24506263434886932	0.07475632429122925	-0.07848769426345825	-0.26985660195350647	0.17505039274692535	0.3252556324005127	-0.35875922441482544	-0.09027562290430069	0.6542648673057556	0.8750333189964294	0.8068567514419556	0.41141560673713684	0.6340436935424805	0.13602708280086517	0.30320513248443604	0.338182270526886	-0.043033599853515625	0.39430156350135803	-0.01342948991805315	-0.2751513123512268	0.15501536428928375	0.389427125453949	0.4128391444683075	-0.09484906494617462	0.3494957685470581	0.5370419025421143	0.16309037804603577	0.6218560338020325	-0.11171246320009232	0.05080461502075195	-0.015794459730386734	-0.2689271867275238	0.10119511932134628	0.2614889144897461	-0.11482992768287659	-0.1544453501701355	-0.06759469211101532	0.3464832901954651	-0.2775300145149231	-0.1702602654695511	-0.3526059687137604	-0.20948651432991028	0.16894669830799103	0.27273914217948914	0.33726468682289124	0.37683984637260437	0.1856488585472107	-0.18813081085681915	0.20662140846252441	-0.23578934371471405	0.6765982508659363	0.597098708152771	0.14497686922550201	0.05902975797653198	0.13419118523597717	0.15582147240638733	0.06914575397968292	0.2356785535812378	0.06694510579109192	-0.11887474358081818	0.11638925969600677	0.37100112438201904	0.2127976268529892	0.46481508016586304	0.6702606081962585	0.5939972996711731	0.41552427411079407	0.14103655517101288	0.4149526357650757	0.12046799063682556	0.16727451980113983	-0.04955216124653816	0.11512218415737152	0.046224385499954224	0.3331718444824219	-0.044381894171237946	-0.09493736177682877	0.17817337810993195	0.3085927665233612	0.25098681449890137	0.6349929571151733	0.5497870445251465	0.4445897042751312	0.5844585299491882	0.21460755169391632	0.1628231406211853	0.27597877383232117	0.6239007711410522	0.3553907573223114	0.31483834981918335	0.38287466764450073	0.3842524588108063	0.31788045167922974	0.35303202271461487	0.12743507325649261	0.2531638741493225	0.3994516432285309	0.08702339231967926	0.16734623908996582	0.4137531518936157	-0.01085706427693367	-0.19159913063049316	-0.37110385298728943	-0.47604092955589294	-0.4438858926296234	-0.4882948696613312
LH_SomMot_3	0.39865002036094666	0.0008286210941150784	0.5501950979232788	-0.36566421389579773	-0.32486632466316223	0.44344213604927063	0.46370217204093933	0.027200959622859955	0.13788850605487823	0.7530624866485596	0.806049108505249	1.0	0.4566726088523865	0.09880435466766357	0.3311688303947449	0.11628348380327225	0.7727822661399841	0.020517418161034584	0.32700860500335693	0.1057436615228653	0.2043401300907135	0.5486752390861511	0.27435103058815	0.6410311460494995	0.7485981583595276	0.8190751075744629	0.3551977574825287	0.6705171465873718	0.32531020045280457	0.575447678565979	-0.3120962977409363	0.39283785223960876	-0.2949613034725189	-0.10798605531454086	0.46153295040130615	-0.4315485954284668	0.19312167167663574	0.2858315408229828	0.2619756758213043	0.08264243602752686	-0.41087743639945984	0.5633482933044434	0.297549843788147	0.4924704134464264	0.05094024911522865	0.31524091958999634	-0.273883193731308	-0.5159813761711121	0.14035986363887787	-0.4333912432193756	0.23453634977340698	-0.11091666668653488	-0.08032093942165375	-0.5278518199920654	0.017409760504961014	0.35473358631134033	-0.30630505084991455	0.028716132044792175	0.5437561273574829	0.6795395612716675	0.7499187588691711	0.4190015494823456	0.6951561570167542	0.03729986399412155	0.20221446454524994	0.18558746576309204	0.0989801287651062	0.357131689786911	-0.052421193569898605	-0.19364698231220245	0.07205267995595932	0.43588903546333313	0.3896169066429138	-0.07776261866092682	0.33281758427619934	0.7255678772926331	0.29186978936195374	0.6396082043647766	-0.3992372751235962	0.2138478308916092	0.09130098670721054	-0.4327758252620697	-0.022965963929891586	0.324772447347641	0.11432310938835144	-0.21740081906318665	-0.13600724935531616	0.3776530921459198	-0.2671925723552704	-0.2540820837020874	-0.46966564655303955	-0.2923913300037384	0.25313037633895874	0.2846481204032898	0.4857805669307709	0.42191243171691895	0.3932858407497406	-0.07966574281454086	0.32910245656967163	-0.3289659917354584	0.5686679482460022	0.45243170857429504	0.2090252935886383	-0.02028871513903141	0.17557455599308014	0.2589947581291199	0.11225812882184982	0.3514796197414398	0.03778177127242088	-0.271171510219574	0.0029368132818490267	0.4721362292766571	0.114350326359272	0.47048234939575195	0.4903915226459503	0.39338135719299316	0.30725792050361633	-0.05190568044781685	0.5101242661476135	0.088668093085289	0.1104765236377716	0.024789733812212944	0.2538120448589325	-0.06913670152425766	0.38897189497947693	0.007567444816231728	-0.17599575221538544	0.079161137342453	0.2390628308057785	0.25143587589263916	0.5891088247299194	0.4456877112388611	0.4420403838157654	0.43249064683914185	0.1869213879108429	0.0695263221859932	0.1017589271068573	0.5845392942428589	0.13959063589572906	0.24309991300106049	0.2571704089641571	0.20341239869594574	0.4135536253452301	0.5436195731163025	0.08410999923944473	0.23596841096878052	0.416216641664505	-0.03171302005648613	0.11672727018594742	0.4660896062850952	0.07251550257205963	-0.15742385387420654	-0.48104768991470337	-0.565048336982727	-0.4344617426395416	-0.45750683546066284
