Node	LH_Vis_1	LH_Vis_2	LH_Vis_3	LH_Vis_4	LH_Vis_5	LH_Vis_6	LH_Vis_7	LH_Vis_8	LH_Vis_9	LH_SomMot_1	LH_SomMot_2	LH_SomMot_3	LH_SomMot_4	LH_SomMot_5	LH_SomMot_6	LH_DorsAttn_Post_1	LH_DorsAttn_Post_2	LH_DorsAttn_Post_3	LH_DorsAttn_Post_4	LH_DorsAttn_Post_5	LH_DorsAttn_Post_6	LH_DorsAttn_PrCv_1	LH_DorsAttn_FEF_1	LH_SalVentAttn_ParOper_1	LH_SalVentAttn_FrOperIns_1	LH_SalVentAttn_FrOperIns_2	LH_SalVentAttn_PFCl_1	LH_SalVentAttn_Med_1	LH_SalVentAttn_Med_2	LH_SalVentAttn_Med_3	LH_Limbic_OFC_1	LH_Limbic_TempPole_1	LH_Limbic_TempPole_2	LH_Cont_Par_1	LH_Cont_PFCl_1	LH_Cont_pCun_1	LH_Cont_Cing_1	LH_Default_Temp_1	LH_Default_Temp_2	LH_Default_Par_1	LH_Default_Par_2	LH_Default_PFC_1	LH_Default_PFC_2	LH_Default_PFC_3	LH_Default_PFC_4	LH_Default_PFC_5	LH_Default_PFC_6	LH_Default_PFC_7	LH_Default_pCunPCC_1	LH_Default_pCunPCC_2	RH_Vis_1	RH_Vis_2	RH_Vis_3	RH_Vis_4	RH_Vis_5	RH_Vis_6	RH_Vis_7	RH_Vis_8	RH_SomMot_1	RH_SomMot_2	RH_SomMot_3	RH_SomMot_4	RH_SomMot_5	RH_SomMot_6	RH_SomMot_7	RH_SomMot_8	RH_DorsAttn_Post_1	RH_DorsAttn_Post_2	RH_DorsAttn_Post_3	RH_DorsAttn_Post_4	RH_DorsAttn_Post_5	RH_DorsAttn_PrCv_1	RH_DorsAttn_FEF_1	RH_SalVentAttn_TempOccPar_1	RH_SalVentAttn_TempOccPar_2	RH_SalVentAttn_FrOperIns_1	RH_SalVentAttn_Med_1	RH_SalVentAttn_Med_2	RH_Limbic_OFC_1	RH_Limbic_TempPole_1	RH_Cont_Par_1	RH_Cont_Par_2	RH_Cont_PFCl_1	RH_Cont_PFCl_2	RH_Cont_PFCl_3	RH_Cont_PFCl_4	RH_Cont_Cing_1	RH_Cont_PFCmp_1	RH_Cont_pCun_1	RH_Default_Par_1	RH_Default_Temp_1	RH_Default_Temp_2	RH_Default_Temp_3	RH_Default_PFCv_1	RH_Default_PFCv_2	RH_Default_PFCdPFCm_1	RH_Default_PFCdPFCm_2	RH_Default_PFCdPFCm_3	RH_Default_pCunPCC_1	RH_Default_pCunPCC_2	LH-Pu	LH-Ca	LH-NAC	LH-EXA	LH-GPe	LH-GPi	LH-SNc_PBP_VTA	LH-RN	LH-SNr	LH-VeP	LH-HN	LH-HTH	LH-MN	LH-STH	RH-Pu	RH-Ca	RH-NAC	RH-EXA	RH-GPe	RH-GPi	RH-SNc_PBP_VTA	RH-RN	RH-SNr	RH-VeP	RH-HN	RH-HTH	RH-MN	RH-STH	LH-Pulvinar	LH-Anterior	LH-Medio_Dorsal	LH-Ventral_Latero_Dorsal	LH-Central_Lateral-Lateral_Posterior-Medial_Pulvinar	LH-Ventral_Anterior	LH-Ventral_Latero_Ventral	RH-Pulvinar	RH-Anterior	RH-Medio_Dorsal	RH-Ventral_Latero_Dorsal	RH-Central_Lateral-Lateral_Posterior-Medial_Pulvinar	RH-Ventral_Anterior	RH-Ventral_Latero_Ventral	LH_Hippocampus	LH_Amygdala	RH_Hippocampus	RH_Amygdala	Cerebellar_Region1	Cerebellar_Region2	Cerebellar_Region3	Cerebellar_Region4	Cerebellar_Region5	Cerebellar_Region6	Cerebellar_Region7	Cerebellar_Region8	Cerebellar_Region9	Cerebellar_Region10
LH_Vis_1	1.0	-0.41546159982681274	-0.2072991132736206	-0.5155232548713684	-0.46437281370162964	-0.19628602266311646	-0.49574944376945496	-0.47622862458229065	-0.522294819355011	-0.16954731941223145	-0.22641193866729736	-0.12814489006996155	0.2868487536907196	-0.11049196124076843	0.04454028233885765	-0.11140086501836777	-0.19855903089046478	-0.3115450441837311	-0.09423127770423889	-0.14501915872097015	-0.3311493694782257	0.21552850306034088	-0.35874852538108826	-0.28941866755485535	0.016654282808303833	-0.11871325969696045	0.006385670974850655	-0.0025787129998207092	-0.09977750480175018	-0.29921895265579224	0.3246908485889435	0.3084656000137329	0.32411324977874756	0.25354477763175964	0.49436673521995544	0.46694979071617126	0.3809572160243988	0.546036958694458	0.4759320318698883	0.5057289004325867	0.7221313118934631	0.5770783424377441	0.3473486304283142	0.6386028528213501	0.20693188905715942	0.594345211982727	0.5345417857170105	0.4512580633163452	0.7779211401939392	0.7459676265716553	0.283355176448822	-0.48256245255470276	-0.501491129398346	-0.5497180223464966	-0.4491502642631531	-0.2997016906738281	-0.5551745891571045	-0.6103338599205017	-0.2887797951698303	-0.3473705053329468	-0.4298818111419678	-0.027118129655718803	0.04293667897582054	-0.08924629539251328	-0.23758754134178162	-0.025814935564994812	-0.21795959770679474	-0.31258147954940796	-0.20874540507793427	-0.5276755094528198	-0.43217960000038147	0.011842453852295876	-0.41641032695770264	0.17028038203716278	-0.45714646577835083	-0.19679836928844452	-0.4529781639575958	-0.5618700385093689	0.05208001658320427	-0.02480701170861721	-0.16630584001541138	0.23241296410560608	0.2868492901325226	0.11094537377357483	-0.15582427382469177	0.3637867271900177	0.21599669754505157	0.346647709608078	-0.28841593861579895	0.33328020572662354	0.4004696309566498	0.3443094789981842	0.1853504180908203	0.6101993918418884	-0.09233800321817398	0.646757185459137	0.4547624886035919	0.3641943037509918	0.6844204664230347	0.69600909948349	-0.3809354305267334	-0.12878824770450592	-0.0006112379487603903	-0.1902984231710434	-0.19233597815036774	-0.026819264516234398	0.38833966851234436	0.42888370156288147	0.45640087127685547	0.10161531716585159	0.5404782295227051	0.5532737374305725	0.10785138607025146	0.22343914210796356	-0.44912493228912354	0.08927803486585617	0.05186297744512558	-0.04577717185020447	0.14867326617240906	0.22580769658088684	-0.15447454154491425	-0.31524336338043213	0.05495130643248558	0.23722371459007263	-0.055667467415332794	-0.055839624255895615	-0.08859088271856308	-0.05594111979007721	-0.2170502245426178	0.16321291029453278	0.42519792914390564	0.07013793289661407	-0.38541942834854126	0.5303649306297302	0.0003386466414667666	-0.27883023023605347	0.1296369433403015	0.31319400668144226	-0.04799124225974083	0.2626248300075531	0.0036621710751205683	-0.30077359080314636	0.5598273873329163	0.15704455971717834	0.16480213403701782	-0.12392032146453857	-0.34325650334358215	-0.20113594830036163	-0.38498565554618835	-0.1333940178155899	0.02950146049261093	0.06858709454536438	0.09755410254001617	0.09079781919717789	0.16218699514865875	0.23951904475688934
LH_Vis_2	-0.41546159982681274	1.0	0.869798481464386	0.8369256258010864	0.7824734449386597	0.7257643938064575	0.4468070864677429	0.8385873436927795	0.8960724472999573	-0.14357145130634308	0.11386638134717941	-0.11592377722263336	-0.4435494840145111	0.27951541543006897	0.18175651133060455	0.06468399614095688	0.07729228585958481	0.016931017860770226	0.16577865183353424	0.3281049132347107	0.44409510493278503	-0.6046974658966064	0.5277464985847473	-0.3056204617023468	-0.6130394339561462	-0.02803472988307476	-0.294217586517334	0.1417846977710724	0.02739342674612999	0.19109736382961273	-0.05329650640487671	-0.22062161564826965	-0.39718863368034363	-0.5267240405082703	-0.6328908801078796	-0.19409632682800293	-0.4269474148750305	-0.26794812083244324	-0.488182008266449	-0.4828098714351654	-0.47384610772132874	-0.4232011139392853	-0.3424428403377533	-0.2781735062599182	0.19478973746299744	-0.4948338270187378	-0.5721931457519531	-0.220913365483284	-0.25734952092170715	-0.43886321783065796	0.16254328191280365	0.8662557005882263	0.46240130066871643	0.8619289994239807	0.896195113658905	0.8084714412689209	0.6757475733757019	0.8798307776451111	-0.051894862204790115	0.384490966796875	0.08311469107866287	-0.3722555637359619	-0.26879796385765076	-0.28721708059310913	0.07142273336648941	-0.3642904460430145	-0.024820784106850624	0.18909138441085815	-0.44863131642341614	0.2600926458835602	0.3511597216129303	-0.48969748616218567	0.5203449130058289	-0.2844183146953583	0.2545988857746124	-0.17492251098155975	0.36290380358695984	0.40923914313316345	0.23101019859313965	-0.028940590098500252	-0.3354552388191223	-0.32959601283073425	-0.23190274834632874	-0.321419894695282	0.1428675502538681	-0.4451174736022949	-0.2595682740211487	-0.19128833711147308	0.360260933637619	-0.20589886605739594	-0.6095870733261108	-0.19350823760032654	-0.3846673369407654	-0.5308721661567688	-0.3394283056259155	-0.24321429431438446	-0.48943692445755005	0.03185980021953583	-0.09459404647350311	-0.26061129570007324	-0.17390038073062897	-0.17469258606433868	0.09158244729042053	-0.05311652645468712	-0.06972859799861908	0.4716233015060425	-0.16767622530460358	-0.6496677994728088	-0.15583132207393646	-0.00444055488333106	-0.27529177069664	-0.4043441116809845	-0.05600970610976219	-0.08790939301252365	-0.18229269981384277	-0.49156293272972107	-0.06669988483190536	0.06413807719945908	0.20408573746681213	-0.2957603335380554	0.5742484331130981	0.3414511978626251	-0.07255050539970398	-0.4465775787830353	0.14800870418548584	0.23569612205028534	0.1976153552532196	0.10878819972276688	0.33022117614746094	-0.254047155380249	-0.09192740172147751	0.09174072742462158	-0.016110587865114212	-0.02185788005590439	0.07236739993095398	0.2649984359741211	-0.2037045955657959	-0.36740750074386597	-0.04767696186900139	-0.177390918135643	0.21885232627391815	0.13413232564926147	-0.40561890602111816	-0.373809278011322	-0.04628387838602066	0.1155441477894783	0.2243511974811554	0.09684282541275024	0.6331443786621094	0.05278966948390007	-0.1417054682970047	-0.4883591830730438	0.134443998336792	-0.48102867603302	-0.5412271618843079	-0.38414713740348816
LH_Vis_3	-0.2072991132736206	0.869798481464386	1.0	0.5184853672981262	0.49879544973373413	0.7967210412025452	0.48847997188568115	0.808976411819458	0.8681746125221252	-0.016284197568893433	0.07751401513814926	-0.016529660671949387	-0.28911659121513367	0.15155895054340363	0.2751200497150421	0.03376771882176399	0.06273622810840607	0.07948799431324005	0.05159186199307442	0.3443576395511627	0.3866022229194641	-0.5126436352729797	0.5197346806526184	-0.2855779826641083	-0.5772355794906616	0.007975124754011631	-0.2105490267276764	0.10810869187116623	0.06977903842926025	0.24155285954475403	-0.15052418410778046	-0.2870754301548004	-0.26489120721817017	-0.3611934781074524	-0.4070563018321991	-0.09893373399972916	-0.410621702671051	-0.2898256778717041	-0.4888717532157898	-0.4109523892402649	-0.38784465193748474	-0.4643058776855469	-0.35748228430747986	-0.25710564851760864	0.2241966277360916	-0.45913010835647583	-0.5077849626541138	-0.09635228663682938	-0.0009280014201067388	-0.35259583592414856	0.09286675602197647	0.7773932814598083	0.2890380322933197	0.600593626499176	0.7424517273902893	0.8903931975364685	0.5886395573616028	0.8145266771316528	-0.04876743629574776	0.3405051827430725	0.12700225412845612	-0.38957706093788147	-0.06493376195430756	-0.34199318289756775	-0.02166648767888546	-0.2552400231361389	-0.07727602124214172	0.0126913757994771	-0.5416708588600159	0.08127737045288086	0.30800577998161316	-0.4106696546077728	0.5560938119888306	-0.34018775820732117	0.2539713978767395	-0.035627953708171844	0.4867238700389862	0.4301811754703522	0.09449820220470428	-0.3027137815952301	-0.2801133394241333	-0.241004079580307	-0.1731170117855072	-0.11369989812374115	0.36028215289115906	-0.28980183601379395	-0.027762431651353836	0.0021480724681168795	0.3255937099456787	-0.19025562703609467	-0.6224743723869324	-0.41707804799079895	-0.45604807138442993	-0.5299882888793945	-0.3885767161846161	-0.11673484742641449	-0.3630430996417999	0.21595707535743713	0.1279974728822708	-0.156286358833313	-0.3038671016693115	-0.14563095569610596	0.2319251447916031	-0.010827510617673397	0.11569409817457199	0.578650712966919	-0.2444382756948471	-0.5366120934486389	-0.1737612634897232	-0.06925943493843079	-0.2112138718366623	-0.41898563504219055	-0.10934216529130936	-0.1500040888786316	-0.31666409969329834	-0.4554356634616852	-0.07074429094791412	-0.01479488704353571	0.24731600284576416	-0.05435626953840256	0.4585144817829132	0.2239665687084198	-0.15572209656238556	-0.6062819957733154	0.12268626689910889	0.297299861907959	0.30242297053337097	0.10516491532325745	0.20949651300907135	-0.1717064529657364	-0.05549661070108414	0.07238058745861053	-0.12487378716468811	0.11328776925802231	-0.030760841444134712	0.11705096811056137	0.02528446912765503	-0.3353408873081207	-0.042955171316862106	-0.010220598429441452	0.2887100875377655	0.09277453273534775	-0.4096359610557556	-0.586302638053894	-0.29157716035842896	-0.194867804646492	0.2691384553909302	-0.07895678281784058	0.5273643136024475	-0.13619081676006317	-0.14205776154994965	-0.6658438444137573	0.17050108313560486	-0.6515172719955444	-0.646804690361023	-0.4667741060256958
LH_Vis_4	-0.5155232548713684	0.8369256258010864	0.5184853672981262	1.0	0.8816133141517639	0.45990023016929626	0.24984210729599	0.6468972563743591	0.6940701007843018	-0.2503357529640198	0.2023705691099167	-0.10439396649599075	-0.5246646404266357	0.43915483355522156	0.0557660236954689	0.07202784717082977	0.09896127134561539	-0.005100552458316088	0.3070376217365265	0.12829764187335968	0.42099881172180176	-0.5388965010643005	0.3526219129562378	-0.2747447192668915	-0.4735350012779236	-0.09789364039897919	-0.3735082745552063	0.10088872909545898	-0.1126631647348404	0.07775333523750305	0.01299754623323679	-0.1638040542602539	-0.3670377731323242	-0.5288830399513245	-0.7081609964370728	-0.20322243869304657	-0.3377940356731415	-0.24706526100635529	-0.39747244119644165	-0.5100595951080322	-0.45315539836883545	-0.3679234981536865	-0.3179525136947632	-0.3097725510597229	0.07466121762990952	-0.48535963892936707	-0.5281113386154175	-0.3134957551956177	-0.4433440566062927	-0.4499523937702179	0.17465859651565552	0.7453851699829102	0.5122782588005066	0.9513598084449768	0.8604475259780884	0.4854881465435028	0.5717424750328064	0.6989210247993469	-0.04467693343758583	0.3471430242061615	0.042490921914577484	-0.29660722613334656	-0.5013114213943481	-0.18287940323352814	0.1325427144765854	-0.39883914589881897	-0.010180563665926456	0.32877832651138306	-0.19050747156143188	0.3908020853996277	0.3075958490371704	-0.4859200119972229	0.29097527265548706	-0.2625962793827057	0.19471213221549988	-0.3177565634250641	0.12212516367435455	0.24724078178405762	0.2722083032131195	0.23549377918243408	-0.3107341527938843	-0.2647513747215271	-0.22259573638439178	-0.4212290346622467	-0.13030196726322174	-0.5094544291496277	-0.4350864887237549	-0.39392778277397156	0.28013259172439575	-0.23662248253822327	-0.40404945611953735	0.009505999274551868	-0.22329793870449066	-0.3639470636844635	-0.28895947337150574	-0.3736782968044281	-0.5568243265151978	-0.23030972480773926	-0.2943324148654938	-0.3094657361507416	-0.02518840879201889	-0.2159603238105774	-0.18889841437339783	-0.0644855722784996	-0.15954375267028809	0.2454550415277481	-0.012723490595817566	-0.5393835306167603	-0.036267779767513275	0.0232529416680336	-0.34419089555740356	-0.33619624376296997	0.020326318219304085	0.04880547896027565	-0.06025339290499687	-0.42441582679748535	-0.02317836508154869	0.19051256775856018	0.07888316363096237	-0.3366834819316864	0.5049291253089905	0.21895408630371094	0.0058742910623550415	-0.13188594579696655	0.029583849012851715	0.15198275446891785	0.09301281720399857	0.11662939190864563	0.37202346324920654	-0.17439116537570953	-0.1604425013065338	0.09481304883956909	0.11927109956741333	-0.14344316720962524	0.20963910222053528	0.36670568585395813	-0.41312238574028015	-0.19690309464931488	0.0044351788237690926	-0.30927106738090515	-0.03273637592792511	0.1619756817817688	-0.3307506740093231	-0.11439655721187592	0.22505320608615875	0.3898135721683502	0.21303309500217438	0.3401584029197693	0.5857500433921814	0.24641039967536926	-0.08321601152420044	-0.12164060771465302	-0.005860514938831329	-0.21350453794002533	-0.20567403733730316	-0.12889832258224487
LH_Vis_5	-0.46437281370162964	0.7824734449386597	0.49879544973373413	0.8816133141517639	1.0	0.6492605805397034	0.20723634958267212	0.5389066934585571	0.6765984296798706	-0.2894974648952484	0.23261158168315887	-0.11848410964012146	-0.4394901692867279	0.3339451849460602	0.12944087386131287	-0.027058133855462074	-0.028851881623268127	-0.015551529824733734	0.19913451373577118	0.01768331602215767	0.28043028712272644	-0.3790750801563263	0.2953597903251648	-0.40449070930480957	-0.5267288088798523	-0.16894365847110748	-0.5014073252677917	0.0774443969130516	-0.3502798080444336	-0.00014699708845000714	0.28114017844200134	-0.18493926525115967	-0.2696359157562256	-0.37190917134284973	-0.5519353151321411	-0.1742866039276123	-0.40528276562690735	-0.11568518728017807	-0.31068503856658936	-0.5560041666030884	-0.36399996280670166	-0.18822263181209564	-0.09812413901090622	-0.13031919300556183	0.32985919713974	-0.34620678424835205	-0.41813749074935913	-0.10220864415168762	-0.2582126557826996	-0.33411237597465515	-0.026967857033014297	0.5564964413642883	0.4464980363845825	0.8350540995597839	0.899695873260498	0.5778247117996216	0.4297625422477722	0.6784199476242065	0.0017787591787055135	0.42807766795158386	0.02114052325487137	-0.3500833511352539	-0.4320453107357025	-0.053840454667806625	0.2229859083890915	-0.2749194800853729	-0.04007674753665924	0.29122215509414673	-0.12300749123096466	0.41243135929107666	0.12037413567304611	-0.3313204050064087	0.24003447592258453	-0.18152058124542236	0.08929291367530823	-0.3856925070285797	-0.00418773153796792	0.09871288388967514	0.516202449798584	0.1500842273235321	-0.34284818172454834	-0.08917570859193802	-0.07899270951747894	-0.2993902266025543	-0.23637253046035767	-0.3653532862663269	-0.4006902277469635	-0.15584217011928558	0.3702535927295685	-0.17547672986984253	-0.23680171370506287	0.06534764915704727	-0.17007014155387878	-0.2661404013633728	-0.33373770117759705	-0.20084336400032043	-0.46326735615730286	-0.04324851185083389	-0.08553074300289154	-0.18803168833255768	-0.03126798942685127	-0.0801602154970169	-0.11961377412080765	-0.08349048346281052	-0.35248228907585144	0.15102562308311462	0.17976266145706177	-0.6697931885719299	-0.05752985179424286	0.09631387889385223	-0.40293505787849426	-0.34208568930625916	0.09857732802629471	0.11808865517377853	-0.1543903350830078	-0.27574050426483154	-0.0320880301296711	0.12840700149536133	0.12824632227420807	-0.4953865110874176	0.5061785578727722	0.2022840529680252	-0.047010987997055054	-0.05308917537331581	0.10518541932106018	0.1544889211654663	0.1274314671754837	0.010416616685688496	0.49877217411994934	-0.465744286775589	-0.0077633485198020935	0.2635493874549866	0.18414980173110962	-0.03665520250797272	-0.038933709263801575	0.4858991801738739	-0.34695857763290405	-0.30538979172706604	-0.09924934804439545	-0.045567624270915985	0.18103021383285522	0.23884978890419006	-0.2640504539012909	-0.17888642847537994	0.11987936496734619	0.2483450472354889	0.05492928996682167	0.1833719164133072	0.739347517490387	0.10043846070766449	0.07347720116376877	-0.18859806656837463	0.14409619569778442	-0.09921824187040329	-0.24781234562397003	-0.27571922540664673
LH_Vis_6	-0.19628602266311646	0.7257643938064575	0.7967210412025452	0.45990023016929626	0.6492605805397034	1.0	0.2759280800819397	0.5441249012947083	0.7657506465911865	-0.06239863857626915	0.19215115904808044	-0.10759159922599792	-0.2653598189353943	0.11060210317373276	0.3614146411418915	-0.17326892912387848	-0.24233996868133545	-0.015045702457427979	-0.09651210904121399	0.04940177872776985	0.14670243859291077	-0.375447541475296	0.4068814516067505	-0.5373692512512207	-0.5787963271141052	-0.10014460980892181	-0.3388197422027588	0.19749343395233154	-0.34311941266059875	0.2288278192281723	0.021089473739266396	-0.3791065812110901	-0.0030896340031176805	-0.1266985833644867	-0.24013230204582214	0.036885060369968414	-0.44461920857429504	-0.08114399015903473	-0.30875474214553833	-0.45073261857032776	-0.24469155073165894	-0.19372138381004333	-0.15390613675117493	-0.011992495507001877	0.4635407030582428	-0.2512906789779663	-0.2845616638660431	0.23223307728767395	0.21552488207817078	-0.11413568258285522	-0.12493753433227539	0.4533209204673767	0.15847466886043549	0.46762382984161377	0.803533673286438	0.9350281357765198	0.3377733826637268	0.6901429295539856	0.07751435041427612	0.4483777582645416	0.040747176855802536	-0.5024447441101074	0.007844080217182636	-0.16166219115257263	-0.0005740820779465139	-0.01725729927420616	-0.15617036819458008	-0.12309956550598145	-0.348084956407547	0.16333207488059998	-0.052164893597364426	-0.255123108625412	0.4006766974925995	-0.10245732963085175	0.014700585044920444	-0.25381582975387573	0.1758621335029602	0.1406305879354477	0.2899961471557617	-0.41294485330581665	-0.3223045766353607	0.08680021017789841	-0.03512483090162277	0.00758889876306057	0.11786360293626785	-0.08426100015640259	-0.023338407278060913	0.2904691994190216	0.4543982148170471	0.03510399907827377	-0.3136734366416931	-0.17112815380096436	-0.2654717266559601	-0.4476737678050995	-0.626296877861023	0.038540568202733994	-0.28726670145988464	0.46271419525146484	0.40306103229522705	0.130408376455307	-0.25051426887512207	0.167881578207016	0.36886996030807495	-0.161395862698555	-0.03466947749257088	0.28720027208328247	0.11150006204843521	-0.6488955616950989	-0.1765604168176651	-0.03499224781990051	-0.29108187556266785	-0.2866741418838501	0.03384055569767952	-0.005359098315238953	-0.35084617137908936	-0.17104880511760712	-0.10924655944108963	0.12061355262994766	0.3029552698135376	-0.2571154832839966	0.32117000222206116	0.17482925951480865	-0.24282394349575043	-0.32210496068000793	0.20269565284252167	0.2170468270778656	0.25474071502685547	-0.08627800643444061	0.4303768575191498	-0.35901662707328796	0.20707905292510986	0.3934827744960785	-0.003988454584032297	0.14658181369304657	-0.19724920392036438	0.25110307335853577	0.17621271312236786	-0.2692034840583801	-0.028186360374093056	0.2903434932231903	0.5090237855911255	0.2205277681350708	-0.23053301870822906	-0.632355809211731	-0.29197409749031067	-0.37312033772468567	-0.030431432649493217	-0.1302485167980194	0.6209107637405396	-0.3830883800983429	0.01569683477282524	-0.5689105987548828	0.21308831870555878	-0.4221194088459015	-0.468003511428833	-0.49678635597229004
LH_Vis_7	-0.49574944376945496	0.4468070864677429	0.48847997188568115	0.24984210729599	0.20723634958267212	0.2759280800819397	1.0	0.7182478308677673	0.6309558153152466	0.29246827960014343	0.23656156659126282	0.4014717638492584	-0.11151827126741409	0.062052853405475616	0.10636914521455765	0.6310686469078064	0.6553784608840942	0.3762100338935852	0.4442433714866638	0.5939000844955444	0.6588331460952759	0.03539064899086952	0.6807636022567749	0.3937915563583374	0.04292312636971474	0.49440985918045044	0.15001894533634186	0.1354728788137436	0.5752372145652771	0.37408819794654846	-0.36066392064094543	-0.3283560574054718	-0.5983912348747253	-0.5138534307479858	-0.24841511249542236	-0.4329754114151001	-0.5488669872283936	-0.6421719789505005	-0.7563086152076721	-0.44447624683380127	-0.7368513345718384	-0.6221052408218384	-0.5197101831436157	-0.568028450012207	-0.4814458191394806	-0.5879907011985779	-0.7164881825447083	-0.6694130897521973	-0.4721827507019043	-0.5361332297325134	-0.017848478630185127	0.6187955737113953	0.7440423965454102	0.3383598327636719	0.32497233152389526	0.5006263256072998	0.7997084259986877	0.654584527015686	0.3683728873729706	0.26589682698249817	0.6407501697540283	0.06328582018613815	0.0697716549038887	0.011591576039791107	0.4053828716278076	-0.0746736079454422	0.6056336164474487	0.44120073318481445	-0.2134200781583786	0.33172500133514404	0.7258164882659912	0.10505520552396774	0.6771319508552551	-0.39511433243751526	0.7619662880897522	0.5727182030677795	0.6575936079025269	0.7463345527648926	-0.3052220642566681	-0.2888126075267792	-0.2807249128818512	-0.6813176870346069	-0.6219568848609924	-0.1785813271999359	0.22353044152259827	-0.6691955924034119	-0.3404184579849243	-0.39142295718193054	0.16722533106803894	-0.6265978813171387	-0.7546172738075256	-0.5355090498924255	-0.7039679884910583	-0.7013234496116638	0.1304304450750351	-0.5336031913757324	-0.5191876292228699	-0.33346933126449585	-0.39968082308769226	-0.6126866340637207	0.3290630578994751	0.0148558858782053	0.18537025153636932	0.20676173269748688	0.19763551652431488	0.4765377342700958	-0.596377432346344	-0.04618560150265694	-0.3136523365974426	-0.15938632190227509	-0.25696900486946106	-0.5815128684043884	0.10534590482711792	-0.07737855613231659	0.45166561007499695	-0.3201068341732025	-0.2124757617712021	-0.2783120274543762	0.14329254627227783	-0.2596019506454468	0.10058937221765518	0.2811022102832794	0.1869337111711502	-0.5120223760604858	0.3381875455379486	0.30293023586273193	0.04072267562150955	0.11803548783063889	0.30291298031806946	-0.07912798970937729	-0.25110965967178345	0.08847607672214508	0.42258480191230774	-0.04289088398218155	0.014291194267570972	0.2852805256843567	-0.024483000859618187	-0.25856056809425354	0.19609376788139343	-0.11909517645835876	0.09085371345281601	0.3515901267528534	-0.43967628479003906	-0.17943423986434937	-0.32765981554985046	0.049932610243558884	0.5700393915176392	0.3307134509086609	0.20846667885780334	0.103974848985672	-0.4977636933326721	-0.18522924184799194	-0.285413920879364	-0.5544061064720154	-0.30201348662376404	-0.44768226146698
LH_Vis_8	-0.47622862458229065	0.8385873436927795	0.808976411819458	0.6468972563743591	0.5389066934585571	0.5441249012947083	0.7182478308677673	1.0	0.8881683945655823	-0.05211194232106209	0.15149690210819244	0.0529608353972435	-0.356003075838089	0.22624985873699188	0.07495170086622238	0.40101996064186096	0.3251372277736664	0.2556476294994354	0.2976878583431244	0.43041762709617615	0.6037847995758057	-0.45807313919067383	0.6070302128791809	0.027264419943094254	-0.3125591576099396	0.24595634639263153	-0.07147824764251709	0.0488787479698658	0.2928028404712677	0.2699415981769562	-0.23452869057655334	-0.14483454823493958	-0.5766950845718384	-0.6667066812515259	-0.6378070712089539	-0.4289110600948334	-0.5153442621231079	-0.4293672442436218	-0.6207138895988464	-0.5006362795829773	-0.653621256351471	-0.588119387626648	-0.5223181247711182	-0.4450976848602295	-0.1496240198612213	-0.6106059551239014	-0.7216626405715942	-0.5212395191192627	-0.43720728158950806	-0.5934633016586304	0.2482854574918747	0.9147276282310486	0.6538906097412109	0.7310653924942017	0.7119208574295044	0.7274054288864136	0.9104853272438049	0.8929051756858826	-0.07997387647628784	0.30062922835350037	0.28632357716560364	-0.2447417974472046	-0.18160931766033173	-0.32029953598976135	0.13115929067134857	-0.44960811734199524	0.18925537168979645	0.33199647068977356	-0.41693076491355896	0.37413305044174194	0.5603030323982239	-0.2978470027446747	0.6351578831672668	-0.4128841459751129	0.4494421184062958	0.08917505294084549	0.5656353831291199	0.6063137054443359	0.0070508914068341255	-0.02498534508049488	-0.31727272272109985	-0.5612652897834778	-0.4399951696395874	-0.3514990508556366	0.19394038617610931	-0.6272047162055969	-0.308542400598526	-0.41532352566719055	0.22450749576091766	-0.4163776636123657	-0.7407838702201843	-0.32661110162734985	-0.5667613744735718	-0.6113108992576599	-0.14616121351718903	-0.40503209829330444	-0.5282819271087646	-0.1682451367378235	-0.2953752875328064	-0.49093446135520935	-0.06252691149711609	-0.267353892326355	0.16184385120868683	0.062201015651226044	0.05544223263859749	0.6025909185409546	-0.4522540271282196	-0.4143047332763672	-0.2597223222255707	-0.11063449084758759	-0.37034058570861816	-0.4125199019908905	-0.06432460248470306	-0.21733145415782928	0.022535329684615135	-0.663581907749176	-0.15602834522724152	-0.09968885779380798	0.15263046324253082	-0.2870318293571472	0.42373090982437134	0.23726549744606018	-0.025469902902841568	-0.4502035081386566	0.2116982489824295	0.29845336079597473	0.19949473440647125	-0.033369433134794235	0.18663997948169708	-0.13606248795986176	-0.3139452338218689	-0.06894169002771378	0.12001431733369827	-0.035606782883405685	0.06775534898042679	0.14570757746696472	-0.22015342116355896	-0.38371822237968445	0.0644708052277565	-0.2750164270401001	0.1909799724817276	0.19284619390964508	-0.3398469388484955	-0.21367201209068298	-0.02245444804430008	0.19651088118553162	0.4611015021800995	0.191431924700737	0.48345670104026794	0.22027134895324707	-0.220145583152771	-0.3694508671760559	0.013432922773063183	-0.5032742023468018	-0.53328937292099	-0.271868497133255
LH_Vis_9	-0.522294819355011	0.8960724472999573	0.8681746125221252	0.6940701007843018	0.6765984296798706	0.7657506465911865	0.6309558153152466	0.8881683945655823	1.0	0.021037107333540916	0.23645266890525818	0.035999856889247894	-0.4661772549152374	0.26738932728767395	0.2586532235145569	0.12521034479141235	0.16456955671310425	0.23330257833003998	0.1988445222377777	0.4239743947982788	0.544990062713623	-0.5349573493003845	0.670226514339447	-0.2106730043888092	-0.45262473821640015	0.17287108302116394	-0.158270001411438	0.17695900797843933	0.07125925272703171	0.34331902861595154	-0.23694686591625214	-0.40071558952331543	-0.4657630920410156	-0.48193755745887756	-0.5517264604568481	-0.2016536444425583	-0.5439209342002869	-0.4380597174167633	-0.6432358026504517	-0.5496708750724792	-0.670249342918396	-0.5828698873519897	-0.49614110589027405	-0.453158438205719	0.07711539417505264	-0.6661108136177063	-0.6954163312911987	-0.3169078528881073	-0.3105064928531647	-0.5589964985847473	-0.0005105299060232937	0.8479815125465393	0.5569266676902771	0.7615323662757874	0.8648138642311096	0.8727083802223206	0.79432213306427	0.97255939245224	0.10796893388032913	0.4411829710006714	0.2674015164375305	-0.4040452837944031	-0.1677655428647995	-0.22312241792678833	0.18333584070205688	-0.22016902267932892	0.17486749589443207	0.21428650617599487	-0.3382929861545563	0.4209027588367462	0.47246551513671875	-0.3090481460094452	0.7082885503768921	-0.2555387616157532	0.4262656569480896	0.03521853685379028	0.5735796093940735	0.5795891284942627	0.09369134157896042	-0.25067803263664246	-0.24923093616962433	-0.34180688858032227	-0.3267552852630615	-0.16372816264629364	0.3080396354198456	-0.45333924889564514	-0.20254111289978027	-0.18393999338150024	0.5079209208488464	-0.2873938977718353	-0.7381976842880249	-0.38020381331443787	-0.4821586608886719	-0.6961571574211121	-0.3368678390979767	-0.37184154987335205	-0.5628312826156616	0.01673986203968525	-0.13726544380187988	-0.34414729475975037	-0.07531726360321045	-0.07552143931388855	0.22586803138256073	-0.023375319316983223	0.10889241099357605	0.4876135289669037	-0.28827619552612305	-0.5620697140693665	-0.21573686599731445	-0.2154407948255539	-0.4016014337539673	-0.5629408359527588	0.00657403701916337	-0.08951534330844879	-0.08744623512029648	-0.5023921132087708	-0.13069860637187958	-0.03853430598974228	0.24510495364665985	-0.283528596162796	0.450710654258728	0.25971949100494385	-0.08203122764825821	-0.54622882604599	0.19125676155090332	0.30156442523002625	0.25525104999542236	0.07222598791122437	0.42291709780693054	-0.24410732090473175	-0.17625878751277924	0.20680709183216095	0.17866061627864838	-0.07719896733760834	-0.00942547619342804	0.325453519821167	-0.08036442846059799	-0.34746846556663513	0.057112615555524826	-0.03692839294672012	0.2371230572462082	0.2865316867828369	-0.5019916296005249	-0.4419116973876953	-0.16951560974121094	-0.06108681857585907	0.32123732566833496	0.11753932386636734	0.6209664940834045	-0.012536684982478619	-0.1720532327890396	-0.5146819949150085	0.060469307005405426	-0.6136825084686279	-0.6216778755187988	-0.4903751015663147
LH_SomMot_1	-0.16954731941223145	-0.14357145130634308	-0.016284197568893433	-0.2503357529640198	-0.2894974648952484	-0.06239863857626915	0.29246827960014343	-0.05211194232106209	0.021037107333540916	1.0	0.37010204792022705	0.7522009015083313	-0.09495580196380615	0.23849192261695862	0.45476242899894714	0.1846470832824707	0.3737807273864746	0.2836852967739105	0.22825683653354645	0.1130150780081749	0.3801940083503723	0.24281741678714752	0.4045746326446533	0.3389907479286194	0.4896361231803894	0.5366573929786682	-0.06373751908540726	0.28647491335868835	0.24454958736896515	0.2538941204547882	-0.3900819718837738	-0.47777339816093445	-0.08076895028352737	0.047149658203125	0.12311842292547226	0.020745141431689262	-0.1632201075553894	-0.5476663112640381	-0.4411178231239319	-0.40682920813560486	-0.39567598700523376	-0.4288601279258728	-0.491567462682724	-0.4398196041584015	-0.238418847322464	-0.4329047203063965	-0.3866249620914459	-0.15465041995048523	-0.0362355075776577	-0.2127760350704193	-0.2631102502346039	0.030727161094546318	0.1755082905292511	-0.15165038406848907	-0.12859578430652618	-0.033273957669734955	0.019139721989631653	0.02123478800058365	0.7852804064750671	0.41607582569122314	0.6867703795433044	-0.027762234210968018	-0.02770107425749302	0.3883553147315979	0.5087262988090515	0.5408357381820679	0.25224772095680237	0.29908522963523865	0.2998943030834198	0.17602767050266266	0.4199317693710327	0.1914086788892746	0.4328033924102783	-0.2968865633010864	0.614912211894989	0.6793819665908813	0.298818439245224	0.3851989507675171	-0.2319159060716629	-0.5221507549285889	0.08396885544061661	0.03223070874810219	-0.34105709195137024	0.44484755396842957	0.3589056432247162	-0.17042824625968933	0.0691412091255188	0.09524591267108917	0.09578701108694077	-0.39310407638549805	-0.10194933414459229	-0.4911355972290039	-0.31532469391822815	-0.4272262156009674	-0.16506211459636688	-0.3943062126636505	-0.4189917743206024	-0.08993758261203766	-0.0572156123816967	-0.18615537881851196	0.47746342420578003	0.08534946292638779	0.09138848632574081	0.42814934253692627	0.23036175966262817	0.10705572366714478	-0.2968530058860779	0.37528127431869507	-0.05542551726102829	0.0907333493232727	-0.12154961377382278	-0.1640537828207016	0.3078719675540924	-0.012342941015958786	0.2744557857513428	-0.017740892246365547	0.07402174174785614	0.24524958431720734	0.1424245685338974	0.25385400652885437	-0.10696689784526825	0.1356736570596695	-0.10977189242839813	-0.20355279743671417	-0.05505809932947159	-0.006467599421739578	0.37722620368003845	0.02323361113667488	0.27048712968826294	0.04013335704803467	0.3265897333621979	0.3494948148727417	0.18797656893730164	0.06645016372203827	0.32624953985214233	0.28037112951278687	0.3989989757537842	0.2340979278087616	0.4409680962562561	0.12248293310403824	-0.064616858959198	0.4482565224170685	-0.19946298003196716	-0.2800789475440979	-0.306513249874115	-0.37352684140205383	0.47970739006996155	0.3493601083755493	-0.12819471955299377	-0.12430768460035324	-0.3160218596458435	-0.07034458220005035	-0.4522033929824829	-0.4107045829296112	0.007260410115122795	-0.30919376015663147
LH_SomMot_2	-0.22641193866729736	0.11386638134717941	0.07751401513814926	0.2023705691099167	0.23261158168315887	0.19215115904808044	0.23656156659126282	0.15149690210819244	0.23645266890525818	0.37010204792022705	1.0	0.5683758854866028	-0.021982280537486076	0.5862022042274475	0.6419007778167725	0.001401203335262835	0.15336425602436066	-0.04500577226281166	0.2856441140174866	-0.11518049985170364	0.3991614580154419	0.05026517063379288	0.4053153991699219	0.0005714864237233996	0.21802093088626862	0.5425044894218445	-0.16572771966457367	0.44931840896606445	-0.1627884805202484	0.20681148767471313	-0.10789851099252701	-0.38493379950523376	-0.12305627763271332	-0.17245210707187653	0.04807405173778534	-0.288788378238678	-0.4597833752632141	-0.37114599347114563	-0.3626648783683777	-0.5703564286231995	-0.4314054250717163	-0.31035107374191284	-0.3201785683631897	-0.33631864190101624	-0.10262258350849152	-0.4128442406654358	-0.37864917516708374	-0.14594236016273499	-0.18503791093826294	-0.2872406840324402	-0.28457871079444885	0.15026140213012695	0.19687886536121368	0.19152264297008514	0.2774345874786377	0.09933985024690628	0.15478596091270447	0.2275559902191162	0.541906476020813	0.7911496162414551	0.6056305170059204	-0.01629810594022274	-0.24602650105953217	0.38999369740486145	0.439225971698761	0.4026716649532318	0.1145506277680397	0.30172616243362427	0.028787169605493546	0.17447154223918915	0.1983005702495575	-0.0689527839422226	0.24126002192497253	-0.1607297956943512	0.3591559827327728	0.26164957880973816	0.04314339533448219	0.20845086872577667	-0.0377650260925293	-0.32508108019828796	-0.37410759925842285	-0.024563569575548172	-0.3751158118247986	0.24915273487567902	-0.09204041957855225	-0.36242222785949707	-0.44244784116744995	-0.11868266016244888	-0.016947852447628975	-0.39390480518341064	-0.09845338761806488	-0.17566955089569092	-0.16613392531871796	-0.2487753927707672	-0.3559432923793793	-0.43914076685905457	-0.4512566924095154	-0.18606968224048615	-0.11731318384408951	-0.2928088307380676	0.5965476632118225	0.09648644179105759	0.0762399435043335	0.29124894738197327	-0.1937466412782669	0.12542511522769928	0.02144462987780571	0.24223016202449799	0.33699920773506165	-0.20989497005939484	-0.47749534249305725	-0.35922980308532715	0.3547627627849579	0.4730515480041504	0.32783690094947815	-0.15043586492538452	-0.3560919761657715	0.06474058330059052	0.4205620586872101	0.0695071592926979	-0.019711358472704887	-0.036142345517873764	0.07438357919454575	0.07803889364004135	0.24365174770355225	0.10282891988754272	0.01489448081701994	-0.07814452797174454	0.5417701601982117	0.16278183460235596	0.31115108728408813	0.4500926733016968	0.6702189445495605	0.2288133203983307	0.2775431275367737	0.2823997139930725	0.1456211656332016	0.4947853982448578	0.33240363001823425	0.24207857251167297	-0.0907377228140831	0.6057403087615967	-0.06446206569671631	-0.1383039802312851	0.011049001477658749	-0.16256380081176758	0.4553092122077942	0.5686967372894287	0.10392539948225021	-0.19229993224143982	-0.2534683048725128	-0.0423378124833107	-0.41321244835853577	-0.35644105076789856	0.01601235754787922	-0.2736607491970062
LH_SomMot_3	-0.12814489006996155	-0.11592377722263336	-0.016529660671949387	-0.10439396649599075	-0.11848410964012146	-0.10759159922599792	0.4014717638492584	0.0529608353972435	0.035999856889247894	0.7522009015083313	0.5683758854866028	1.0	-0.0911707803606987	0.5433951020240784	0.48626503348350525	0.4051501452922821	0.6838727593421936	0.24065658450126648	0.6160533428192139	0.00547822006046772	0.6280032992362976	0.4272133708000183	0.41343963146209717	0.34250545501708984	0.4526709020137787	0.6158949136734009	-0.2923010289669037	0.16232331097126007	0.2009640783071518	0.18676622211933136	-0.13781067728996277	-0.48566877841949463	-0.27402448654174805	-0.2226289063692093	0.025517422705888748	-0.1690414845943451	-0.3556891679763794	-0.6409401297569275	-0.5633246898651123	-0.5686636567115784	-0.4925495982170105	-0.4972081482410431	-0.5062587857246399	-0.5303653478622437	-0.36830171942710876	-0.5278676748275757	-0.5604259967803955	-0.46625369787216187	-0.1361890733242035	-0.2861960828304291	-0.206350177526474	0.12110411375761032	0.41720500588417053	-0.004644198343157768	-0.011714613996446133	-0.10896051675081253	0.12640266120433807	0.026424871757626534	0.6458179354667664	0.5106412768363953	0.848451554775238	0.10168103873729706	-0.36329588294029236	0.38782748579978943	0.7287523746490479	0.24365393817424774	0.37855520844459534	0.6482781171798706	0.26455003023147583	0.21434561908245087	0.5542677640914917	0.26620200276374817	0.40635716915130615	-0.5594707131385803	0.749625563621521	0.698260486125946	0.1624036431312561	0.43765968084335327	-0.12029322981834412	-0.34681186079978943	-0.2134304791688919	-0.1665254682302475	-0.4363996684551239	0.3188318610191345	0.06739393621683121	-0.4477995038032532	-0.3031139671802521	-0.20564067363739014	-0.08523408323526382	-0.7317377328872681	-0.1022525206208229	-0.5144795775413513	-0.48673051595687866	-0.25642913579940796	-0.033099930733442307	-0.527672529220581	-0.5627120137214661	-0.39748114347457886	-0.18035316467285156	-0.32963937520980835	0.5740067958831787	-0.1412716656923294	-0.20911268889904022	0.4430699944496155	0.037320200353860855	0.1399998962879181	-0.30400118231773376	0.49962711334228516	0.08512439578771591	0.008025619201362133	-0.13551472127437592	-0.30602532625198364	0.4314109683036804	0.1114148423075676	0.23960115015506744	-0.1653418093919754	-0.03776463866233826	0.1325279325246811	0.0795891210436821	0.19668978452682495	-0.02851111814379692	0.02338615246117115	0.13506652414798737	-0.045833174139261246	-0.03823334723711014	0.16909638047218323	0.2871728539466858	0.060569364577531815	0.3111339509487152	0.014385565184056759	0.1927536278963089	0.38526952266693115	0.38765057921409607	0.2919708490371704	0.37692582607269287	0.423356294631958	0.13332897424697876	0.3055509626865387	0.45534202456474304	0.0820736512541771	-0.18632206320762634	0.5876013040542603	-0.22026823461055756	-0.1246255487203598	-0.16249364614486694	-0.028369983658194542	0.7437975406646729	0.6636186242103577	0.024982627481222153	0.16463695466518402	-0.31951603293418884	0.13267499208450317	-0.5523843765258789	-0.3758348226547241	0.07468624413013458	-0.300288587808609
