../../.git/annex/objects/61/19/SHA256E-s9825142--fe477667d460bff167396998dd7bd5360956e069d4f13ce7ce9ba5a9748659d4.tsv/SHA256E-s9825142--fe477667d460bff167396998dd7bd5360956e069d4f13ce7ce9ba5a9748659d4.tsv