Node	HIP-head-m-rh	HIP-head-l-rh	HIP-body-rh	HIP-tail-rh	THA-VPm-rh	THA-VPl-rh	THA-VAi-rh	THA-VAs-rh	THA-DAm-rh	THA-DAl-rh	PUT-VA-rh	PUT-DA-rh	PUT-VP-rh	PUT-DP-rh	CAU-VA-rh	CAU-DA-rh	CAU-body-rh	CAU-tail-rh	lAMY-rh	mAMY-rh	THA-DP-rh	NAc-shell-rh	NAc-core-rh	pGP-rh	aGP-rh	HIP-head-m-lh	HIP-head-l-l	HIP-body-l	HIP-tail-lh	THA-VPm-lh	THA-VPl-lh	THA-VAi-lh	THA-VAs-lh	THA-DAm-lh	THA-DAl-lh	PUT-VA-lh	PUT-DA-l	PUT-VP-lh	PUT-DP-lh	CAU-VA-lh	CAU-DA-lh	CAU-body-lh	CAU-tail-lh	lAMY-lh	mAMY-lh	THA-DP-lh	NAc-shell-lh	NAc-core-lh	pGP-lh	aGP-lh
HIP-head-m-rh	1.0	0.3356621265411377	0.31046631932258606	0.2013089656829834	0.09874480217695236	-0.08985363692045212	0.14085952937602997	0.1538192480802536	0.17076045274734497	0.005589321721345186	0.2730391323566437	0.2648836374282837	0.09807046502828598	0.23473143577575684	0.2483590543270111	0.19697414338588715	0.3938441574573517	0.1987357884645462	0.4123355448246002	0.3216058015823364	-0.06752891838550568	0.3081018030643463	0.3205138146877289	0.1198066920042038	0.19401545822620392	0.14814896881580353	0.39394429326057434	0.3200911581516266	0.13614493608474731	0.1946609765291214	-0.0920988917350769	0.17891207337379456	-0.019524311646819115	-0.21491669118404388	-0.05603702366352081	0.22744104266166687	0.13974766433238983	0.12118006497621536	0.18967291712760925	0.4020698070526123	-0.0352768674492836	0.4082207679748535	0.24194711446762085	0.2834519147872925	0.3937439024448395	0.2261669635772705	0.034910015761852264	0.2629629373550415	-0.11447764933109283	0.18193912506103516
HIP-head-l-rh	0.3356621265411377	1.0	0.5652841329574585	0.4764775037765503	-0.10539302229881287	0.08975528925657272	0.019792336970567703	0.015194728970527649	0.023266557604074478	-0.02189929224550724	0.2922987639904022	0.15542985498905182	0.13470040261745453	0.046170640736818314	0.03623693808913231	0.22595815360546112	0.05555102229118347	-0.11928687244653702	0.06753642112016678	0.19835808873176575	0.20732572674751282	0.24046927690505981	0.35630562901496887	-0.061165522783994675	-0.001848028157837689	0.16763144731521606	0.6758938431739807	0.5350245237350464	0.481440007686615	0.09765683114528656	-0.05391335487365723	0.015185840427875519	0.041043151170015335	-0.11997834593057632	-0.1951536238193512	0.3414281904697418	0.16688768565654755	0.08233365416526794	-0.1504783183336258	0.17063312232494354	-0.027037322521209717	0.12056808918714523	0.1748216301202774	0.2518679201602936	0.2689269483089447	0.05553393438458443	0.13380667567253113	0.333883672952652	0.05609883368015289	0.01716870628297329
HIP-body-rh	0.31046631932258606	0.5652841329574585	1.0	0.37348672747612	-0.06326852738857269	0.1473693996667862	0.23769252002239227	0.06791052222251892	0.164591982960701	-0.08137473464012146	0.2962525188922882	0.1422334462404251	0.28658807277679443	0.15525402128696442	0.016774049028754234	0.27029117941856384	0.2064017951488495	0.014410380274057388	0.12945179641246796	0.1657620072364807	0.06421192735433578	0.2197275012731552	0.20360881090164185	-0.05748835951089859	0.09011738002300262	0.023097820580005646	0.4949326515197754	0.5874841809272766	0.42577993869781494	0.29511815309524536	0.12140721082687378	0.039807192981243134	0.25446662306785583	-0.186097651720047	-0.29840075969696045	0.3481404781341553	0.2744694650173187	0.02285914309322834	0.08780425041913986	0.09822878986597061	0.07338950783014297	0.2550944983959198	0.22416888177394867	0.09024681150913239	0.21077586710453033	0.05883936211466789	0.21693915128707886	0.14782936871051788	-0.062226612120866776	0.02668251097202301
HIP-tail-rh	0.2013089656829834	0.4764775037765503	0.37348672747612	1.0	-0.0034397405106574297	0.1278330683708191	0.04507002606987953	-0.04493590444326401	-0.0445731058716774	0.22595937550067902	0.024797923862934113	-0.03385020047426224	0.234205424785614	-0.018578359857201576	0.12691344320774078	0.049205925315618515	-0.06488772481679916	0.05714207887649536	0.04517977684736252	0.21458369493484497	0.2230127900838852	0.11592046171426773	0.14565032720565796	-0.11425619572401047	-0.31755173206329346	0.13514786958694458	0.4622759222984314	0.197149395942688	0.4049341082572937	0.078827403485775	0.04128852114081383	0.12510550022125244	0.045367781072854996	-0.0001863908109953627	0.12763948738574982	0.10393631458282471	0.07026081532239914	0.07736678421497345	0.013245943002402782	0.14471766352653503	0.08314395695924759	0.2625470459461212	0.07937634736299515	0.0984741747379303	0.2802881598472595	0.11342184990644455	0.03376816213130951	0.08996180444955826	-0.14414861798286438	0.12955957651138306
THA-VPm-rh	0.09874480217695236	-0.10539302229881287	-0.06326852738857269	-0.0034397405106574297	1.0	0.27485373616218567	0.2779349684715271	-0.052340175956487656	0.343271404504776	0.09757006168365479	0.23277536034584045	0.38607433438301086	0.31733569502830505	0.32996153831481934	0.03340521082282066	0.13803300261497498	0.1143123209476471	0.30161961913108826	0.2608327865600586	0.2965436279773712	0.2406579852104187	0.14927174150943756	0.07966205477714539	0.31855374574661255	0.17435914278030396	0.16274592280387878	0.014363468624651432	0.1721302717924118	-0.004749370738863945	0.41702261567115784	0.06878142803907394	0.2697765827178955	-0.21734508872032166	0.18864765763282776	0.022590603679418564	0.011726636439561844	0.134977787733078	0.40362679958343506	0.2655797004699707	0.03477237746119499	0.17210447788238525	0.04249947518110275	0.01229294016957283	0.1096768006682396	0.24157960712909698	0.09455547481775284	0.19480903446674347	0.07678087800741196	-0.04085872322320938	-0.045183490961790085
THA-VPl-rh	-0.08985363692045212	0.08975528925657272	0.1473693996667862	0.1278330683708191	0.27485373616218567	1.0	0.2585265338420868	-0.11386970430612564	0.25312724709510803	0.3234925866127014	0.011150501668453217	0.29405805468559265	0.3117675185203552	0.3841654062271118	-0.27018532156944275	-0.010054964572191238	-0.2187964767217636	0.09841299802064896	0.037641387432813644	0.06105422601103783	0.05899357423186302	0.034979198127985	-0.10513614118099213	0.21671774983406067	0.19694428145885468	-0.06276468187570572	-0.030365370213985443	0.058218810707330704	0.23938344419002533	0.3531286120414734	0.3042919933795929	0.009850498288869858	0.07194190472364426	0.19610509276390076	0.11898069083690643	-0.05976118519902229	0.14284822344779968	0.2237832248210907	0.08889586478471756	-0.26943349838256836	-0.16557464003562927	-0.13967503607273102	-0.16873542964458466	0.10499696433544159	0.03236279636621475	-0.0020465378183871508	-0.14630697667598724	-0.09816446900367737	0.37294161319732666	0.12285234779119492
THA-VAi-rh	0.14085952937602997	0.019792336970567703	0.23769252002239227	0.04507002606987953	0.2779349684715271	0.2585265338420868	1.0	0.3725048899650574	0.7162314653396606	0.21049010753631592	0.15573467314243317	0.387356698513031	0.28786250948905945	0.29855775833129883	0.13617341220378876	-0.00033063022419810295	0.40995001792907715	0.2412395030260086	0.2738652527332306	0.22999829053878784	0.25676506757736206	0.023328326642513275	-0.016406912356615067	0.14525316655635834	0.3886604607105255	-0.33914270997047424	0.002234954386949539	0.013477085158228874	-0.1096319630742073	0.36461514234542847	0.34676799178123474	0.45627132058143616	0.3922155797481537	0.23326325416564941	0.2556271553039551	-0.05509835109114647	0.0865110531449318	0.32494863867759705	0.42697325348854065	-0.058785371482372284	0.052621837705373764	0.1811448484659195	-0.04900364950299263	-0.13746418058872223	0.16196952760219574	0.05835554376244545	-0.1315862089395523	-0.14518140256404877	0.36729368567466736	-0.03171958774328232
THA-VAs-rh	0.1538192480802536	0.015194728970527649	0.06791052222251892	-0.04493590444326401	-0.052340175956487656	-0.11386970430612564	0.3725048899650574	1.0	0.39181816577911377	0.23148538172245026	-0.0012566387886181474	0.20422421395778656	0.07767274975776672	0.14012174308300018	0.19827190041542053	0.08827447146177292	0.40778759121894836	0.32213348150253296	0.30729708075523376	0.05921686068177223	0.18656209111213684	-0.060911696404218674	0.0382162369787693	0.11026250571012497	0.3194105923175812	-0.11661279201507568	-0.015872180461883545	-0.030086424201726913	-0.12053537368774414	0.07335777580738068	0.06501269340515137	0.37227025628089905	0.3318188786506653	0.2017233520746231	0.017630835995078087	-0.024073000997304916	-0.012255401350557804	-0.014386149123311043	0.07737596333026886	0.05161833390593529	0.04825253412127495	0.2548324763774872	0.22207537293434143	-0.024041766300797462	0.1812518984079361	0.04929563030600548	0.14476539194583893	-0.0667889267206192	0.18912266194820404	0.07830557972192764
THA-DAm-rh	0.17076045274734497	0.023266557604074478	0.164591982960701	-0.0445731058716774	0.343271404504776	0.25312724709510803	0.7162314653396606	0.39181816577911377	1.0	0.20259451866149902	0.21585781872272491	0.47027501463890076	0.36739134788513184	0.4456369876861572	0.10061465948820114	-0.005519975908100605	0.3782578408718109	0.3112436532974243	0.2791511118412018	0.1946793794631958	0.35708311200141907	0.02127690799534321	0.11133322864770889	0.2528320550918579	0.4658624529838562	-0.1831992119550705	-0.04207964986562729	0.1722843199968338	0.01557687297463417	0.3458188772201538	0.12789469957351685	0.3338351845741272	0.17765876650810242	0.20169761776924133	-0.07466936856508255	-0.04393334314227104	0.1544787883758545	0.4097415506839752	0.4613710045814514	-0.14020609855651855	0.15446731448173523	0.14348231256008148	0.02920123003423214	0.07460305839776993	0.1760656237602234	0.004677558317780495	0.011647822335362434	-0.04861917719244957	0.3598460257053375	-0.150223046541214
THA-DAl-rh	0.005589321721345186	-0.02189929224550724	-0.08137473464012146	0.22595937550067902	0.09757006168365479	0.3234925866127014	0.21049010753631592	0.23148538172245026	0.20259451866149902	1.0	-0.029409289360046387	0.06136557459831238	0.10302521288394928	0.09620682150125504	-0.1642478108406067	-0.07791034132242203	-0.17940150201320648	0.12375300377607346	0.08426646143198013	0.045807015150785446	0.26401224732398987	0.07853522151708603	0.001097309053875506	0.12673956155776978	-0.06197192892432213	-0.00784195028245449	-0.09709545969963074	-0.21076233685016632	0.26415109634399414	-0.023172598332166672	0.2651855945587158	0.27373266220092773	0.140786811709404	0.08146056532859802	0.38208499550819397	-0.02508356422185898	0.01215430162847042	-0.011111629195511341	0.05252310261130333	0.16876083612442017	-0.1407613754272461	-0.01332617923617363	-0.18274454772472382	0.060893889516592026	0.13348045945167542	0.039465274661779404	0.08919652551412582	-0.0027528461068868637	0.1657479703426361	0.1529402881860733
PUT-VA-rh	0.2730391323566437	0.2922987639904022	0.2962525188922882	0.024797923862934113	0.23277536034584045	0.011150501668453217	0.15573467314243317	-0.0012566387886181474	0.21585781872272491	-0.029409289360046387	1.0	0.6749622821807861	0.30062663555145264	0.25070932507514954	0.3560449779033661	0.6817331314086914	0.4182586073875427	0.258719265460968	0.2706167697906494	0.4789438843727112	0.2560981512069702	0.6647322177886963	0.654175877571106	0.10645361989736557	0.43648266792297363	0.08585608750581741	0.2796453535556793	0.34826311469078064	0.21404722332954407	0.2265501767396927	0.16727635264396667	0.15273386240005493	0.2157782018184662	-0.27434098720550537	-0.34280088543891907	0.8148776292800903	0.7716132402420044	0.20017388463020325	0.32606571912765503	0.36599117517471313	0.423922598361969	0.35720524191856384	0.26360294222831726	0.3884996175765991	0.3672015368938446	0.27216964960098267	0.632167398929596	0.6968002915382385	0.14666461944580078	0.21504490077495575
PUT-DA-rh	0.2648836374282837	0.15542985498905182	0.1422334462404251	-0.03385020047426224	0.38607433438301086	0.29405805468559265	0.387356698513031	0.20422421395778656	0.47027501463890076	0.06136557459831238	0.6749622821807861	1.0	0.5740734338760376	0.7316961288452148	0.3673862814903259	0.5541052222251892	0.5459939241409302	0.5140441656112671	0.371553897857666	0.4067467451095581	0.22355464100837708	0.381648987531662	0.3848518133163452	0.1167219951748848	0.6212573051452637	0.06353685259819031	0.00855447817593813	0.2940719723701477	0.1279078871011734	0.3322599232196808	0.1351599544286728	0.25619977712631226	0.3301768898963928	0.05340093746781349	-0.1543779969215393	0.4266945421695709	0.699680507183075	0.5190216302871704	0.6564015746116638	0.11751437932252884	0.338849812746048	0.373090922832489	0.3791290819644928	0.24801942706108093	0.3233349621295929	0.17412765324115753	0.29575207829475403	0.4297547936439514	0.29233503341674805	0.2399916648864746
PUT-VP-rh	0.09807046502828598	0.13470040261745453	0.28658807277679443	0.234205424785614	0.31733569502830505	0.3117675185203552	0.28786250948905945	0.07767274975776672	0.36739134788513184	0.10302521288394928	0.30062663555145264	0.5740734338760376	1.0	0.6515952348709106	0.282335102558136	0.3814464211463928	0.35659027099609375	0.33918291330337524	0.15920458734035492	0.21325898170471191	0.2576778531074524	0.25451916456222534	0.28851357102394104	0.14621108770370483	0.32409781217575073	0.10448680818080902	0.06551571190357208	0.2709135115146637	0.3079369366168976	0.40464627742767334	0.06660091876983643	0.2857956290245056	0.23759938776493073	0.3852452039718628	0.05970371142029762	0.18951888382434845	0.48606061935424805	0.6802393198013306	0.5788406729698181	-0.05865616723895073	0.43842414021492004	0.3735138475894928	0.3476582467556	0.00642054621130228	0.3121621012687683	0.2321958839893341	0.13970471918582916	0.289806067943573	0.11753290146589279	0.1032928079366684
PUT-DP-rh	0.23473143577575684	0.046170640736818314	0.15525402128696442	-0.018578359857201576	0.32996153831481934	0.3841654062271118	0.29855775833129883	0.14012174308300018	0.4456369876861572	0.09620682150125504	0.25070932507514954	0.7316961288452148	0.6515952348709106	1.0	0.23377589881420135	0.31105056405067444	0.32707133889198303	0.4703656733036041	0.19411848485469818	0.08255283534526825	0.09175378084182739	0.18517573177814484	0.12887130677700043	-0.03840424120426178	0.38178449869155884	0.1007084846496582	-0.13640213012695312	0.25338566303253174	0.13146518170833588	0.3219541609287262	-0.12831813097000122	0.14770738780498505	0.24010039865970612	0.1343686431646347	-0.074022077023983	0.09312889724969864	0.4541589915752411	0.6455599665641785	0.7583832740783691	-0.03031185269355774	0.1508060097694397	0.30407676100730896	0.3880538046360016	0.013872841373085976	0.156903937458992	0.05921103432774544	0.022926609963178635	0.2330402135848999	0.13877971470355988	0.11053570359945297
CAU-VA-rh	0.2483590543270111	0.03623693808913231	0.016774049028754234	0.12691344320774078	0.03340521082282066	-0.27018532156944275	0.13617341220378876	0.19827190041542053	0.10061465948820114	-0.1642478108406067	0.3560449779033661	0.3673862814903259	0.282335102558136	0.23377589881420135	1.0	0.5365664958953857	0.6492009162902832	0.40726128220558167	0.15342718362808228	0.17367951571941376	0.13449238240718842	0.23415996134281158	0.30605724453926086	-0.177580326795578	0.11027590930461884	-0.010560245253145695	-0.02213948220014572	0.10410405695438385	0.013690411113202572	0.0022665541619062424	0.011836690828204155	0.24196164309978485	0.21321305632591248	0.1247953474521637	0.025195544585585594	0.2586738169193268	0.3897145986557007	0.28719139099121094	0.4529295861721039	0.457594633102417	0.48107659816741943	0.6010304689407349	0.5107302665710449	-0.0038377458695322275	0.1606413573026657	0.1811833679676056	0.1646321713924408	0.4711945056915283	0.1681441366672516	0.32380563020706177
CAU-DA-rh	0.19697414338588715	0.22595815360546112	0.27029117941856384	0.049205925315618515	0.13803300261497498	-0.010054964572191238	-0.00033063022419810295	0.08827447146177292	-0.005519975908100605	-0.07791034132242203	0.6817331314086914	0.5541052222251892	0.3814464211463928	0.31105056405067444	0.5365664958953857	1.0	0.5403399467468262	0.542434811592102	0.09484966099262238	0.1719343066215515	0.22749537229537964	0.45981401205062866	0.5395711064338684	-0.09151245653629303	0.161874458193779	0.18784762918949127	0.09397787600755692	0.37725919485092163	0.25341880321502686	0.03259870782494545	0.015996014699339867	0.19256022572517395	0.2679135203361511	-0.11282549053430557	-0.12429787218570709	0.7024853825569153	0.6249894499778748	0.1653556525707245	0.2779780924320221	0.46496009826660156	0.6538422107696533	0.5913988351821899	0.5276615023612976	0.05985591188073158	0.15063977241516113	0.3088701665401459	0.5324236750602722	0.7283614873886108	0.06809400767087936	0.39079034328460693
CAU-body-rh	0.3938441574573517	0.05555102229118347	0.2064017951488495	-0.06488772481679916	0.1143123209476471	-0.2187964767217636	0.40995001792907715	0.40778759121894836	0.3782578408718109	-0.17940150201320648	0.4182586073875427	0.5459939241409302	0.35659027099609375	0.32707133889198303	0.6492009162902832	0.5403399467468262	1.0	0.5497444868087769	0.3430660367012024	0.2769418954849243	0.09025851637125015	0.19351761043071747	0.25913795828819275	0.041140370070934296	0.45659303665161133	-0.11857681721448898	-0.003815794363617897	0.15536320209503174	-0.19892370700836182	0.1516406536102295	0.09678605198860168	0.3725796639919281	0.3071121871471405	0.022078311070799828	0.001562474644742906	0.2640877962112427	0.42092666029930115	0.2609941065311432	0.47940129041671753	0.4432123601436615	0.48707669973373413	0.6166582107543945	0.5078673362731934	0.07932148873806	0.2382543683052063	0.17730525135993958	0.163000226020813	0.3148306608200073	0.21046550571918488	0.30408215522766113
CAU-tail-rh	0.1987357884645462	-0.11928687244653702	0.014410380274057388	0.05714207887649536	0.30161961913108826	0.09841299802064896	0.2412395030260086	0.32213348150253296	0.3112436532974243	0.12375300377607346	0.258719265460968	0.5140441656112671	0.33918291330337524	0.4703656733036041	0.40726128220558167	0.542434811592102	0.5497444868087769	1.0	0.12573610246181488	0.09682201594114304	0.21891435980796814	0.02522609569132328	0.1232002004981041	0.11834897100925446	0.2646001875400543	-0.03253381699323654	-0.1637742817401886	0.06945431977510452	-0.006888650823384523	0.17138901352882385	0.01735261082649231	0.13802728056907654	0.33567315340042114	0.040882550179958344	0.13408556580543518	0.19343484938144684	0.26450347900390625	0.18998882174491882	0.38188910484313965	0.22359609603881836	0.360649436712265	0.5446070432662964	0.530957043170929	-0.10291426628828049	0.15793083608150482	0.1724856048822403	0.16119691729545593	0.12335989624261856	0.09654993563890457	0.22677499055862427
lAMY-rh	0.4123355448246002	0.06753642112016678	0.12945179641246796	0.04517977684736252	0.2608327865600586	0.037641387432813644	0.2738652527332306	0.30729708075523376	0.2791511118412018	0.08426646143198013	0.2706167697906494	0.371553897857666	0.15920458734035492	0.19411848485469818	0.15342718362808228	0.09484966099262238	0.3430660367012024	0.12573610246181488	1.0	0.5423886775970459	0.27338817715644836	0.34254080057144165	0.1898791790008545	0.31642523407936096	0.3717283308506012	0.03832872211933136	0.12809962034225464	0.09053509682416916	-0.14649231731891632	0.33072417974472046	0.19763144850730896	0.4823065400123596	0.13581305742263794	-0.04662947729229927	-0.01593111641705036	0.04676486924290657	0.31334298849105835	0.21972881257534027	0.21993811428546906	0.3393516540527344	0.07070352882146835	0.3060762584209442	0.3213213384151459	0.4281379282474518	0.5297015309333801	0.16196757555007935	0.15742601454257965	0.08406731486320496	0.10860764235258102	0.13295850157737732
mAMY-rh	0.3216058015823364	0.19835808873176575	0.1657620072364807	0.21458369493484497	0.2965436279773712	0.06105422601103783	0.22999829053878784	0.05921686068177223	0.1946793794631958	0.045807015150785446	0.4789438843727112	0.4067467451095581	0.21325898170471191	0.08255283534526825	0.17367951571941376	0.1719343066215515	0.2769418954849243	0.09682201594114304	0.5423886775970459	1.0	0.3013126850128174	0.4041772484779358	0.17211392521858215	0.40908917784690857	0.31966468691825867	-0.06727538257837296	0.2918190062046051	0.20972734689712524	0.08035209029912949	0.26970821619033813	0.2708701193332672	0.36093324422836304	0.19056734442710876	0.09081370383501053	-0.07278471440076828	0.3301185965538025	0.4593196213245392	0.2509843111038208	0.2632468342781067	0.15800586342811584	0.1839902400970459	0.2286558747291565	0.17340748012065887	0.3950696587562561	0.538331151008606	0.24002701044082642	0.26675087213516235	0.20939089357852936	0.08269911259412766	0.12080322206020355
THA-DP-rh	-0.06752891838550568	0.20732572674751282	0.06421192735433578	0.2230127900838852	0.2406579852104187	0.05899357423186302	0.25676506757736206	0.18656209111213684	0.35708311200141907	0.26401224732398987	0.2560981512069702	0.22355464100837708	0.2576778531074524	0.09175378084182739	0.13449238240718842	0.22749537229537964	0.09025851637125015	0.21891435980796814	0.27338817715644836	0.3013126850128174	1.0	0.19608251750469208	0.39318886399269104	0.1943400502204895	0.022599713876843452	0.02404875122010708	0.08611011505126953	0.24001505970954895	0.23109853267669678	0.23543308675289154	0.18992257118225098	0.47346463799476624	0.1984873116016388	0.3807848393917084	0.09242027997970581	0.1625470221042633	0.12061706930398941	0.390225887298584	0.14070576429367065	0.0680217444896698	0.44183021783828735	0.3234812021255493	0.29835066199302673	0.028157133609056473	0.18669281899929047	0.3807966709136963	0.05922151356935501	0.1605471819639206	0.17003880441188812	-0.2886607050895691
NAc-shell-rh	0.3081018030643463	0.24046927690505981	0.2197275012731552	0.11592046171426773	0.14927174150943756	0.034979198127985	0.023328326642513275	-0.060911696404218674	0.02127690799534321	0.07853522151708603	0.6647322177886963	0.381648987531662	0.25451916456222534	0.18517573177814484	0.23415996134281158	0.45981401205062866	0.19351761043071747	0.02522609569132328	0.34254080057144165	0.4041772484779358	0.19608251750469208	1.0	0.6178056597709656	0.060592249035835266	0.17016322910785675	0.30309945344924927	0.44638365507125854	0.360178142786026	0.19637611508369446	-0.023403801023960114	-0.11841721087694168	0.25988447666168213	0.11882907152175903	-0.2428034394979477	-0.12370062619447708	0.6251687407493591	0.48065972328186035	0.09893586486577988	0.22066454589366913	0.3328659236431122	0.17725829780101776	0.17283976078033447	0.11476749181747437	0.3529793620109558	0.2287605255842209	0.2723822593688965	0.6286509037017822	0.6761122345924377	-0.17161737382411957	0.34106963872909546
NAc-core-rh	0.3205138146877289	0.35630562901496887	0.20360881090164185	0.14565032720565796	0.07966205477714539	-0.10513614118099213	-0.016406912356615067	0.0382162369787693	0.11133322864770889	0.001097309053875506	0.654175877571106	0.3848518133163452	0.28851357102394104	0.12887130677700043	0.30605724453926086	0.5395711064338684	0.25913795828819275	0.1232002004981041	0.1898791790008545	0.17211392521858215	0.39318886399269104	0.6178056597709656	1.0	-0.07023800164461136	0.2329178899526596	0.18439340591430664	0.2744736969470978	0.4720797538757324	0.3582710027694702	0.09558842331171036	-0.06989100575447083	0.3151642978191376	0.06654013693332672	-0.16660495102405548	-0.19701971113681793	0.5809763073921204	0.381955087184906	0.1810658723115921	0.10152111947536469	0.30505916476249695	0.39390867948532104	0.2854926884174347	0.25083890557289124	0.24295967817306519	0.17978134751319885	0.3443527817726135	0.4174450635910034	0.6617586016654968	-0.07541778683662415	0.1432003229856491
pGP-rh	0.1198066920042038	-0.061165522783994675	-0.05748835951089859	-0.11425619572401047	0.31855374574661255	0.21671774983406067	0.14525316655635834	0.11026250571012497	0.2528320550918579	0.12673956155776978	0.10645361989736557	0.1167219951748848	0.14621108770370483	-0.03840424120426178	-0.177580326795578	-0.09151245653629303	0.041140370070934296	0.11834897100925446	0.31642523407936096	0.40908917784690857	0.1943400502204895	0.060592249035835266	-0.07023800164461136	1.0	0.3730996251106262	0.025897733867168427	0.1722060889005661	-0.1746891438961029	-0.19320030510425568	0.3932037949562073	0.27514153718948364	0.07093264907598495	-0.11695250868797302	0.27573075890541077	0.020281635224819183	0.012313690036535263	0.014748908579349518	0.05178451910614967	-0.11202433705329895	-0.15743161737918854	0.13200697302818298	0.02244291827082634	-0.07727933675050735	0.21227839589118958	0.4328053593635559	0.2751428484916687	0.010618185624480247	-0.23309089243412018	0.1792982965707779	-0.2570532262325287
aGP-rh	0.19401545822620392	-0.001848028157837689	0.09011738002300262	-0.31755173206329346	0.17435914278030396	0.19694428145885468	0.3886604607105255	0.3194105923175812	0.4658624529838562	-0.06197192892432213	0.43648266792297363	0.6212573051452637	0.32409781217575073	0.38178449869155884	0.11027590930461884	0.161874458193779	0.45659303665161133	0.2646001875400543	0.3717283308506012	0.31966468691825867	0.022599713876843452	0.17016322910785675	0.2329178899526596	0.3730996251106262	1.0	-0.3341933488845825	-0.12711282074451447	0.027486290782690048	-0.1497965157032013	0.4156140983104706	0.25221067667007446	0.2506946921348572	0.32056185603141785	0.08268382400274277	-0.17575353384017944	0.1287723183631897	0.4237261414527893	0.2619298994541168	0.3260844349861145	-0.05688183009624481	0.09641256928443909	0.10802608728408813	0.19765706360340118	0.16097301244735718	0.23209907114505768	0.09239507466554642	0.07330583781003952	0.01912272907793522	0.43774139881134033	0.12754064798355103
HIP-head-m-lh	0.14814896881580353	0.16763144731521606	0.023097820580005646	0.13514786958694458	0.16274592280387878	-0.06276468187570572	-0.33914270997047424	-0.11661279201507568	-0.1831992119550705	-0.00784195028245449	0.08585608750581741	0.06353685259819031	0.10448680818080902	0.1007084846496582	-0.010560245253145695	0.18784762918949127	-0.11857681721448898	-0.03253381699323654	0.03832872211933136	-0.06727538257837296	0.02404875122010708	0.30309945344924927	0.18439340591430664	0.025897733867168427	-0.3341933488845825	1.0	0.3523777723312378	0.2462843656539917	0.09923013299703598	-0.21713566780090332	-0.3530428409576416	-0.25536707043647766	-0.47517144680023193	-0.16793584823608398	-0.10620908439159393	0.26193445920944214	0.07365208119153976	0.06333961337804794	0.001002608798444271	0.008890539407730103	0.20303155481815338	-0.006799961905926466	-0.09988728910684586	0.2755815088748932	0.29251933097839355	0.08460776507854462	0.3266173303127289	0.33721598982810974	-0.35165268182754517	-0.037262868136167526
HIP-head-l-l	0.39394429326057434	0.6758938431739807	0.4949326515197754	0.4622759222984314	0.014363468624651432	-0.030365370213985443	0.002234954386949539	-0.015872180461883545	-0.04207964986562729	-0.09709545969963074	0.2796453535556793	0.00855447817593813	0.06551571190357208	-0.13640213012695312	-0.02213948220014572	0.09397787600755692	-0.003815794363617897	-0.1637742817401886	0.12809962034225464	0.2918190062046051	0.08611011505126953	0.44638365507125854	0.2744736969470978	0.1722060889005661	-0.12711282074451447	0.3523777723312378	1.0	0.4132310748100281	0.22819802165031433	0.11018563061952591	-0.16099758446216583	-0.0008263157214969397	-0.09343292564153671	-0.16427598893642426	-0.11724543571472168	0.40885305404663086	0.05639605596661568	-0.08793099969625473	-0.1843232661485672	0.10366728156805038	-0.08194321393966675	0.07711214572191238	-0.07731755822896957	0.2966998517513275	0.31593626737594604	0.12755680084228516	0.34344083070755005	0.217432901263237	-0.2845165431499481	-0.04408435523509979
HIP-body-l	0.3200911581516266	0.5350245237350464	0.5874841809272766	0.197149395942688	0.1721302717924118	0.058218810707330704	0.013477085158228874	-0.030086424201726913	0.1722843199968338	-0.21076233685016632	0.34826311469078064	0.2940719723701477	0.2709135115146637	0.25338566303253174	0.10410405695438385	0.37725919485092163	0.15536320209503174	0.06945431977510452	0.09053509682416916	0.20972734689712524	0.24001505970954895	0.360178142786026	0.4720797538757324	-0.1746891438961029	0.027486290782690048	0.2462843656539917	0.4132310748100281	1.0	0.5772340297698975	0.1300506740808487	-0.12264606356620789	0.09349524974822998	0.1377653181552887	-0.012780367396771908	-0.30577796697616577	0.46374988555908203	0.2374485582113266	0.1863420605659485	0.16696228086948395	0.03225046768784523	0.16822193562984467	0.21144616603851318	0.2605348527431488	0.08025047928094864	0.013506866991519928	-0.02537672221660614	0.32751354575157166	0.4405766427516937	-0.25285977125167847	0.028958410024642944
HIP-tail-lh	0.13614493608474731	0.481440007686615	0.42577993869781494	0.4049341082572937	-0.004749370738863945	0.23938344419002533	-0.1096319630742073	-0.12053537368774414	0.01557687297463417	0.26415109634399414	0.21404722332954407	0.1279078871011734	0.3079369366168976	0.13146518170833588	0.013690411113202572	0.25341880321502686	-0.19892370700836182	-0.006888650823384523	-0.14649231731891632	0.08035209029912949	0.23109853267669678	0.19637611508369446	0.3582710027694702	-0.19320030510425568	-0.1497965157032013	0.09923013299703598	0.22819802165031433	0.5772340297698975	1.0	-0.006358075886964798	0.15554338693618774	-0.09444072097539902	0.21999968588352203	0.09935171902179718	-0.14369811117649078	0.3674010634422302	0.21824847161769867	0.10693394392728806	0.018893064931035042	0.10623779147863388	0.05411471053957939	0.08636149764060974	0.12633712589740753	-0.006814567372202873	0.10114052146673203	0.07246503978967667	0.19275851547718048	0.357534795999527	-0.055423274636268616	0.13665585219860077
THA-VPm-lh	0.1946609765291214	0.09765683114528656	0.29511815309524536	0.078827403485775	0.41702261567115784	0.3531286120414734	0.36461514234542847	0.07335777580738068	0.3458188772201538	-0.023172598332166672	0.2265501767396927	0.3322599232196808	0.40464627742767334	0.3219541609287262	0.0022665541619062424	0.03259870782494545	0.1516406536102295	0.17138901352882385	0.33072417974472046	0.26970821619033813	0.23543308675289154	-0.023403801023960114	0.09558842331171036	0.3932037949562073	0.4156140983104706	-0.21713566780090332	0.11018563061952591	0.1300506740808487	-0.006358075886964798	1.0	0.46374475955963135	0.3010895848274231	0.19052888453006744	0.29115039110183716	-0.08490722626447678	-0.007731688674539328	0.2637239396572113	0.44365569949150085	0.26780641078948975	0.010335800237953663	0.15388335287570953	0.27164536714553833	0.2100713849067688	0.03371553495526314	0.2598474621772766	0.2072148323059082	-0.03583601862192154	-0.11245931684970856	0.3182962238788605	-0.2384435385465622
THA-VPl-lh	-0.0920988917350769	-0.05391335487365723	0.12140721082687378	0.04128852114081383	0.06878142803907394	0.3042919933795929	0.34676799178123474	0.06501269340515137	0.12789469957351685	0.2651855945587158	0.16727635264396667	0.1351599544286728	0.06660091876983643	-0.12831813097000122	0.011836690828204155	0.015996014699339867	0.09678605198860168	0.01735261082649231	0.19763144850730896	0.2708701193332672	0.18992257118225098	-0.11841721087694168	-0.06989100575447083	0.27514153718948364	0.25221067667007446	-0.3530428409576416	-0.16099758446216583	-0.12264606356620789	0.15554338693618774	0.46374475955963135	1.0	0.16467483341693878	0.3488132953643799	0.3040291965007782	0.18110886216163635	0.10402695834636688	0.23630157113075256	0.041705116629600525	0.0703728049993515	0.18190030753612518	0.12220122665166855	0.1720210760831833	0.004753471817821264	-0.0928933247923851	0.17109183967113495	0.15565776824951172	-0.07746469229459763	-0.13474421203136444	0.5170875787734985	-0.029472442343831062
THA-VAi-lh	0.17891207337379456	0.015185840427875519	0.039807192981243134	0.12510550022125244	0.2697765827178955	0.009850498288869858	0.45627132058143616	0.37227025628089905	0.3338351845741272	0.27373266220092773	0.15273386240005493	0.25619977712631226	0.2857956290245056	0.14770738780498505	0.24196164309978485	0.19256022572517395	0.3725796639919281	0.13802728056907654	0.4823065400123596	0.36093324422836304	0.47346463799476624	0.25988447666168213	0.3151642978191376	0.07093264907598495	0.2506946921348572	-0.25536707043647766	-0.0008263157214969397	0.09349524974822998	-0.09444072097539902	0.3010895848274231	0.16467483341693878	1.0	0.2871304750442505	0.3029451370239258	0.3182133436203003	-0.01752157136797905	0.07976558804512024	0.3377845287322998	0.26449862122535706	0.3026965260505676	0.28062960505485535	0.4279095232486725	0.251135915517807	0.028284918516874313	0.03114241734147072	0.23767761886119843	0.11676979064941406	0.10670991241931915	0.12552237510681152	0.11277651786804199
THA-VAs-lh	-0.019524311646819115	0.041043151170015335	0.25446662306785583	0.045367781072854996	-0.21734508872032166	0.07194190472364426	0.3922155797481537	0.3318188786506653	0.17765876650810242	0.140786811709404	0.2157782018184662	0.3301768898963928	0.23759938776493073	0.24010039865970612	0.21321305632591248	0.2679135203361511	0.3071121871471405	0.33567315340042114	0.13581305742263794	0.19056734442710876	0.1984873116016388	0.11882907152175903	0.06654013693332672	-0.11695250868797302	0.32056185603141785	-0.47517144680023193	-0.09343292564153671	0.1377653181552887	0.21999968588352203	0.19052888453006744	0.3488132953643799	0.2871304750442505	1.0	0.22831390798091888	0.1887166053056717	0.16393615305423737	0.3543870151042938	0.1612161546945572	0.37701934576034546	0.09801046550273895	0.09246549755334854	0.3575792908668518	0.3430555462837219	-0.22875505685806274	-0.025372503325343132	0.20792704820632935	0.06802012771368027	0.04572364315390587	0.2411469966173172	0.30174756050109863
THA-DAm-lh	-0.21491669118404388	-0.11997834593057632	-0.186097651720047	-0.0001863908109953627	0.18864765763282776	0.19610509276390076	0.23326325416564941	0.2017233520746231	0.20169761776924133	0.08146056532859802	-0.27434098720550537	0.05340093746781349	0.3852452039718628	0.1343686431646347	0.1247953474521637	-0.11282549053430557	0.022078311070799828	0.040882550179958344	-0.04662947729229927	0.09081370383501053	0.3807848393917084	-0.2428034394979477	-0.16660495102405548	0.27573075890541077	0.08268382400274277	-0.16793584823608398	-0.16427598893642426	-0.012780367396771908	0.09935171902179718	0.29115039110183716	0.3040291965007782	0.3029451370239258	0.22831390798091888	1.0	0.38121041655540466	-0.24600397050380707	-0.1368757039308548	0.49133825302124023	0.18310187757015228	-0.2718217074871063	0.2683108448982239	0.117777980864048	0.08458095043897629	-0.25983887910842896	-0.022599540650844574	0.28533533215522766	-0.36712756752967834	-0.1976032257080078	0.29144978523254395	-0.21434758603572845
THA-DAl-lh	-0.05603702366352081	-0.1951536238193512	-0.29840075969696045	0.12763948738574982	0.022590603679418564	0.11898069083690643	0.2556271553039551	0.017630835995078087	-0.07466936856508255	0.38208499550819397	-0.34280088543891907	-0.1543779969215393	0.05970371142029762	-0.074022077023983	0.025195544585585594	-0.12429787218570709	0.001562474644742906	0.13408556580543518	-0.01593111641705036	-0.07278471440076828	0.09242027997970581	-0.12370062619447708	-0.19701971113681793	0.020281635224819183	-0.17575353384017944	-0.10620908439159393	-0.11724543571472168	-0.30577796697616577	-0.14369811117649078	-0.08490722626447678	0.18110886216163635	0.3182133436203003	0.1887166053056717	0.38121041655540466	1.0	-0.2994292974472046	-0.3293902575969696	0.045966871082782745	0.062237612903118134	0.008446053601801395	-0.03367982804775238	0.11755586415529251	-0.10039663314819336	-0.2054750919342041	-0.10364828258752823	0.1840587705373764	-0.3667641878128052	-0.24957238137722015	0.024470528587698936	0.16286875307559967
PUT-VA-lh	0.22744104266166687	0.3414281904697418	0.3481404781341553	0.10393631458282471	0.011726636439561844	-0.05976118519902229	-0.05509835109114647	-0.024073000997304916	-0.04393334314227104	-0.02508356422185898	0.8148776292800903	0.4266945421695709	0.18951888382434845	0.09312889724969864	0.2586738169193268	0.7024853825569153	0.2640877962112427	0.19343484938144684	0.04676486924290657	0.3301185965538025	0.1625470221042633	0.6251687407493591	0.5809763073921204	0.012313690036535263	0.1287723183631897	0.26193445920944214	0.40885305404663086	0.46374988555908203	0.3674010634422302	-0.007731688674539328	0.10402695834636688	-0.01752157136797905	0.16393615305423737	-0.24600397050380707	-0.2994292974472046	1.0	0.6139119267463684	-0.024260008707642555	0.16343562304973602	0.3574482798576355	0.41149353981018066	0.33975377678871155	0.2085030972957611	0.1925208866596222	0.21687108278274536	0.2507290244102478	0.6798403263092041	0.7219399809837341	-0.11106222122907639	0.2270091027021408
PUT-DA-l	0.13974766433238983	0.16688768565654755	0.2744694650173187	0.07026081532239914	0.134977787733078	0.14284822344779968	0.0865110531449318	-0.012255401350557804	0.1544787883758545	0.01215430162847042	0.7716132402420044	0.699680507183075	0.48606061935424805	0.4541589915752411	0.3897145986557007	0.6249894499778748	0.42092666029930115	0.26450347900390625	0.31334298849105835	0.4593196213245392	0.12061706930398941	0.48065972328186035	0.381955087184906	0.014748908579349518	0.4237261414527893	0.07365208119153976	0.05639605596661568	0.2374485582113266	0.21824847161769867	0.2637239396572113	0.23630157113075256	0.07976558804512024	0.3543870151042938	-0.1368757039308548	-0.3293902575969696	0.6139119267463684	1.0	0.38530898094177246	0.5507535934448242	0.3054524064064026	0.4367649555206299	0.3669637143611908	0.3203028738498688	0.31689754128456116	0.44492632150650024	0.19880975782871246	0.5126957893371582	0.608217179775238	0.2750658690929413	0.3499843180179596
PUT-VP-lh	0.12118006497621536	0.08233365416526794	0.02285914309322834	0.07736678421497345	0.40362679958343506	0.2237832248210907	0.32494863867759705	-0.014386149123311043	0.4097415506839752	-0.011111629195511341	0.20017388463020325	0.5190216302871704	0.6802393198013306	0.6455599665641785	0.28719139099121094	0.1653556525707245	0.2609941065311432	0.18998882174491882	0.21972881257534027	0.2509843111038208	0.390225887298584	0.09893586486577988	0.1810658723115921	0.05178451910614967	0.2619298994541168	0.06333961337804794	-0.08793099969625473	0.1863420605659485	0.10693394392728806	0.44365569949150085	0.041705116629600525	0.3377845287322998	0.1612161546945572	0.49133825302124023	0.045966871082782745	-0.024260008707642555	0.38530898094177246	1.0	0.6934400796890259	-0.08544802665710449	0.3682234287261963	0.32879117131233215	0.3225533068180084	0.04332054406404495	0.19608794152736664	0.3224307894706726	-0.1543979048728943	0.19232361018657684	0.2519216239452362	-0.060064900666475296
PUT-DP-lh	0.18967291712760925	-0.1504783183336258	0.08780425041913986	0.013245943002402782	0.2655797004699707	0.08889586478471756	0.42697325348854065	0.07737596333026886	0.4613710045814514	0.05252310261130333	0.32606571912765503	0.6564015746116638	0.5788406729698181	0.7583832740783691	0.4529295861721039	0.2779780924320221	0.47940129041671753	0.38188910484313965	0.21993811428546906	0.2632468342781067	0.14070576429367065	0.22066454589366913	0.10152111947536469	-0.11202433705329895	0.3260844349861145	0.001002608798444271	-0.1843232661485672	0.16696228086948395	0.018893064931035042	0.26780641078948975	0.0703728049993515	0.26449862122535706	0.37701934576034546	0.18310187757015228	0.062237612903118134	0.16343562304973602	0.5507535934448242	0.6934400796890259	1.0	0.07781318575143814	0.31966304779052734	0.4375845193862915	0.3668109178543091	-0.030463803559541702	0.10051199793815613	0.1938922256231308	0.056257281452417374	0.253440260887146	0.1578289270401001	0.1640988141298294
