Node	DMN_LABEL_1	Vis_LABEL_2	FP_LABEL_3	Aud_LABEL_4	Tpole_LABEL_5	PMN_LABEL_6	PON_LABEL_7	MTL_LABEL_8	PON_LABEL_9	CO_LABEL_10	Sal_LABEL_11	CO_LABEL_12	SMd_LABEL_13	SMl_LABEL_14	DAN_LABEL_15	DMN_LABEL_16	CO_LABEL_17	DMN_LABEL_18	VAN_LABEL_19	CO_LABEL_20	CO_LABEL_21	Sal_LABEL_22	DAN_LABEL_23	PMN_LABEL_24	DAN_LABEL_25	DMN_LABEL_26	DMN_LABEL_27	DMN_LABEL_28	Vis_LABEL_29	FP_LABEL_30	Aud_LABEL_31	Tpole_LABEL_32	PMN_LABEL_33	PON_LABEL_34	MTL_LABEL_35	CO_LABEL_36	Sal_LABEL_37	CO_LABEL_38	SMd_LABEL_39	SMl_LABEL_40	DAN_LABEL_41	CO_LABEL_42	VAN_LABEL_43	CO_LABEL_44	CO_LABEL_45	Sal_LABEL_46	DAN_LABEL_47	PMN_LABEL_48	DAN_LABEL_49	DMN_LABEL_50	FP_LABEL_51	DMN_LABEL_52	DMN_LABEL_53	PON_LABEL_54	DMN_LABEL_55	Tpole_LABEL_56	Tpole_LABEL_57	Sal_LABEL_58	Sal_LABEL_59	SMd_LABEL_60	DAN_LABEL_61	FP_LABEL_62	DMN_LABEL_63	FP_LABEL_64	FP_LABEL_65	SMd_LABEL_66	SMl_LABEL_67	SMd_LABEL_68	DMN_LABEL_69	DAN_LABEL_70	DMN_LABEL_71	FP_LABEL_72	SMd_LABEL_73	SMl_LABEL_74	MTL_LABEL_75	MTL_LABEL_76	CO_LABEL_77	CO_LABEL_78	Vis_LABEL_79	Vis_LABEL_80
DMN_LABEL_1	1.0	0.13635197281837463	-0.5789653062820435	0.023224784061312675	-0.28285709023475647	-0.18226704001426697	0.5203381180763245	n/a	0.4512101709842682	0.10103968530893326	-0.3049237132072449	0.31740009784698486	0.047317635267972946	0.24114243686199188	0.050829850137233734	0.5005280375480652	0.121303990483284	0.5786544680595398	0.23151887953281403	0.07113197445869446	-0.48725056648254395	-0.04327404499053955	0.004525351338088512	0.2732543647289276	-0.3697476387023926	0.5496783256530762	0.37877145409584045	0.03036690503358841	0.10376634448766708	-0.2070850133895874	-0.07663445174694061	-0.0722721666097641	0.08028293401002884	0.46098679304122925	n/a	0.0029238855931907892	0.04842014238238335	-0.14192171394824982	-0.143898144364357	0.180603489279747	-0.5824633836746216	0.16552627086639404	0.13204707205295563	-0.08914799243211746	-0.11306078732013702	-0.10793148726224899	-0.16692085564136505	0.1129218116402626	-0.3362843692302704	0.23002950847148895	-0.40073761343955994	0.27054449915885925	0.3421529233455658	0.3351624011993408	0.21653839945793152	-0.23405012488365173	-0.5368067622184753	0.023969605565071106	-0.03569772467017174	0.3419058918952942	-0.3970848321914673	-0.45048102736473083	0.32655230164527893	-0.3587039113044739	-0.15344828367233276	0.012708183377981186	0.30483677983283997	-0.08157956600189209	0.01917731761932373	-0.18430662155151367	0.38045674562454224	-0.4285920262336731	0.34436750411987305	0.2517623007297516	0.03952024132013321	0.23774074018001556	-0.13075648248195648	-0.03344344720244408	-0.3699946403503418	-0.13538934290409088
Vis_LABEL_2	0.13635197281837463	1.0	-0.09833909571170807	-0.5661529302597046	0.10896413028240204	-0.3004959523677826	0.08103921264410019	n/a	0.194220632314682	-0.3304690718650818	-0.5745108723640442	-0.30173924565315247	-0.4193357229232788	-0.22284840047359467	0.1199679896235466	-0.15663687884807587	-0.19198954105377197	-0.20813503861427307	0.056459154933691025	-0.4354086220264435	-0.09657888114452362	-0.38649433851242065	0.5083674192428589	-0.040911927819252014	0.28468191623687744	-0.11400395631790161	-0.3848927915096283	-0.47024422883987427	0.9644017219543457	-0.3112161457538605	-0.6490185856819153	-0.27353087067604065	-0.5634307861328125	0.2683488428592682	n/a	-0.15022049844264984	-0.5554852485656738	-0.47524794936180115	-0.5453061461448669	-0.3107469975948334	0.3109935522079468	-0.12070818245410919	-0.007437876891344786	-0.2991715371608734	-0.28284522891044617	-0.3804388642311096	0.5581754446029663	-0.0983181744813919	0.3122963011264801	-0.2191549390554428	-0.4454265534877777	-0.1826862245798111	-0.1303507387638092	0.3032929301261902	-0.4535532593727112	0.13815289735794067	-0.12769676744937897	-0.25931936502456665	0.02825106866657734	-0.0001011270287563093	0.16578680276870728	0.13706666231155396	-0.07712147384881973	-0.0411662682890892	0.08707638829946518	0.09744696319103241	-0.0355532243847847	0.22712068259716034	-0.3258915841579437	0.24699586629867554	-0.2957172095775604	0.14745132625102997	-0.08263619244098663	-0.12546634674072266	-0.23889079689979553	-0.004218477290123701	-0.3015070855617523	-0.4645787477493286	-0.2200576812028885	0.25218576192855835
FP_LABEL_3	-0.5789653062820435	-0.09833909571170807	1.0	-0.07571136206388474	0.31382274627685547	-0.14592145383358002	-0.5107812285423279	n/a	-0.2797711193561554	-0.24127733707427979	-0.06212829798460007	-0.3018949329853058	-0.07889977842569351	-0.0027443061117082834	0.23516900837421417	-0.15218260884284973	-0.028054190799593925	-0.33869171142578125	-0.277451753616333	-0.20597608387470245	0.18192066252231598	-0.3054201304912567	0.025086162611842155	-0.5341101288795471	0.28967270255088806	-0.3501313328742981	0.0013633494963869452	0.43737563490867615	-0.12445299327373505	0.4242565631866455	0.11687695235013962	-0.1750108152627945	-0.320904940366745	-0.4859481751918793	n/a	-0.4735929071903229	-0.2473929077386856	-0.10327175259590149	-0.04933033883571625	0.014834871515631676	0.6836309432983398	-0.41959673166275024	-0.2792803943157196	-0.19837582111358643	-0.4143253564834595	-0.36359044909477234	0.10111415386199951	-0.3669043481349945	0.002857948187738657	0.13691113889217377	0.5571465492248535	-0.22561873495578766	-0.23534296452999115	-0.49395284056663513	0.06733961403369904	0.2687349319458008	0.5823657512664795	0.16325831413269043	-0.11293665319681168	-0.26751580834388733	0.01312148105353117	0.438505619764328	-0.25496187806129456	-0.06630589067935944	0.1906348466873169	-0.3418799042701721	-0.10961765050888062	-0.30120328068733215	-0.10735059529542923	-0.3397434651851654	-0.22967983782291412	0.5654293298721313	-0.6647534370422363	-0.20276963710784912	-0.1451573669910431	-0.4012349843978882	0.09736762940883636	0.010622072964906693	0.11812886595726013	0.33949947357177734
Aud_LABEL_4	0.023224784061312675	-0.5661529302597046	-0.07571136206388474	1.0	-0.19764836132526398	0.5545321702957153	0.10523967444896698	n/a	-0.0559629388153553	0.3362780511379242	0.29167065024375916	0.39213186502456665	0.2376953810453415	0.35878074169158936	-0.2071896344423294	-0.006701736710965633	0.033261653035879135	0.23672489821910858	0.01675545610487461	0.3944012224674225	0.12162724137306213	0.1832204908132553	-0.40986180305480957	0.15256765484809875	-0.3880079686641693	-0.08518382161855698	0.22737058997154236	0.4218432903289795	-0.6562743186950684	0.3004986047744751	0.7953988313674927	0.44964051246643066	0.636525571346283	-0.006879311520606279	n/a	0.2973136901855469	0.48688527941703796	0.35721254348754883	0.31985047459602356	0.3973102271556854	-0.2319648414850235	0.3028576374053955	-0.05879118666052818	0.24200311303138733	0.4560653567314148	0.24192579090595245	-0.4939555525779724	0.27787041664123535	-0.34668466448783875	0.03398926183581352	0.46158215403556824	-0.06208139285445213	0.10861166566610336	-0.06715282052755356	0.3128346800804138	-0.07200738787651062	-0.15031994879245758	0.15722106397151947	0.14706529676914215	-0.060206927359104156	-0.051918260753154755	-0.009685412980616093	0.00749167101457715	-0.11587678641080856	-0.2573982775211334	-0.1592012494802475	0.02897285483777523	-0.03972484543919563	-0.13604389131069183	-0.1315707564353943	-0.08727706968784332	-0.4457869529724121	0.04601976275444031	0.2800646424293518	0.13693660497665405	0.06255931407213211	0.022088944911956787	0.5526614785194397	0.2910257577896118	-0.11404860019683838
Tpole_LABEL_5	-0.28285709023475647	0.10896413028240204	0.31382274627685547	-0.19764836132526398	1.0	-0.2919901907444	-0.029226750135421753	n/a	0.03627897799015045	-0.27957606315612793	-0.2396737039089203	-0.26395124197006226	-0.036500051617622375	-0.03685127571225166	-0.17712809145450592	-0.05830605328083038	-0.25465378165245056	-0.27151042222976685	-0.16325262188911438	-0.23871855437755585	-0.05870576947927475	-0.11567389219999313	0.144049733877182	-0.4607691466808319	0.18876656889915466	0.2283758670091629	0.13773038983345032	0.04359406232833862	0.12212704867124557	-0.11477181315422058	-0.06375914067029953	0.33672502636909485	-0.18540550768375397	0.005995842162519693	n/a	-0.14044593274593353	-0.08157025277614594	-0.13405907154083252	-0.019512072205543518	-0.02375849336385727	0.14769375324249268	-0.1353418529033661	-0.3143444359302521	-0.034416940063238144	-0.18632666766643524	-0.34740495681762695	0.14260853826999664	-0.3680199682712555	-0.0016964782262220979	-0.08840065449476242	0.06540301442146301	0.13813604414463043	-0.18404313921928406	-0.05075797811150551	0.027867864817380905	-0.13444387912750244	0.13405412435531616	-0.09602005034685135	-0.016231687739491463	-0.10414014756679535	-0.059290237724781036	0.13618573546409607	-0.3885933756828308	-0.22720998525619507	-0.29077839851379395	0.10956686735153198	-0.026942679658532143	-0.05103732645511627	0.029402855783700943	-0.3034423291683197	-0.376395046710968	0.2883930504322052	-0.2580265402793884	-0.2520754337310791	-0.19364742934703827	-0.356920063495636	-0.14096367359161377	-0.27450892329216003	0.08291648328304291	-0.024108948186039925
PMN_LABEL_6	-0.18226704001426697	-0.3004959523677826	-0.14592145383358002	0.5545321702957153	-0.2919901907444	1.0	0.013085970655083656	n/a	-0.14011213183403015	0.25042635202407837	0.36606037616729736	0.3585527539253235	0.20007282495498657	-0.012633085250854492	-0.27930521965026855	-0.07120738923549652	-0.11779642850160599	0.053421877324581146	0.11511755734682083	0.2134615033864975	0.22540898621082306	0.1341431438922882	-0.18160328269004822	0.5990017652511597	-0.29123684763908386	-0.37949681282043457	-0.04337998107075691	0.11616486310958862	-0.3213779032230377	0.11044539511203766	0.4397337734699249	0.23691271245479584	0.7159302234649658	-0.049053579568862915	n/a	0.3052820563316345	0.3731723427772522	0.2708339989185333	0.2852819561958313	0.030728889629244804	-0.1891733705997467	0.20023518800735474	-0.08436296880245209	0.21031753718852997	0.4041069447994232	0.46491187810897827	-0.22692349553108215	0.6497511267662048	-0.035913169384002686	-0.3097805380821228	0.13288089632987976	-0.3464997708797455	-0.18788118660449982	-0.028494376689195633	0.05524923652410507	0.05745324492454529	-0.1431732177734375	-0.09057553857564926	0.02081202156841755	0.007691693492233753	0.24971933662891388	-0.0733492374420166	-0.31608501076698303	0.15156251192092896	-0.12897248566150665	-0.12264139950275421	-0.2942608594894409	0.1622825264930725	-0.0020761615596711636	0.1643945723772049	-0.1615673005580902	-0.3900586664676666	0.25377941131591797	-0.010240447707474232	0.11141519993543625	0.0993993803858757	-0.06488313525915146	0.2790682315826416	0.45639893412590027	-0.16758795082569122
PON_LABEL_7	0.5203381180763245	0.08103921264410019	-0.5107812285423279	0.10523967444896698	-0.029226750135421753	0.013085970655083656	1.0	n/a	0.8751158714294434	0.4839884638786316	0.0930601954460144	0.2608492970466614	0.3387416899204254	0.08066313713788986	0.10507430136203766	-0.01418513897806406	0.37342962622642517	0.13593806326389313	-0.43129459023475647	0.36356016993522644	0.05303717404603958	0.09901052713394165	0.4912335276603699	0.041002076119184494	0.09722598642110825	0.588931679725647	0.33657917380332947	-0.13287538290023804	0.08599064499139786	-0.7202188372612	-0.07930260896682739	-0.004637416452169418	0.11410108208656311	0.9228297472000122	n/a	0.5616316199302673	0.36052343249320984	0.3621431589126587	0.2633071541786194	0.08658324182033539	-0.5731000900268555	0.5468941330909729	-0.4808647334575653	0.3438853919506073	0.2794973850250244	-0.03922717645764351	0.2488035261631012	-0.04513273388147354	0.06868428736925125	-0.5385560989379883	-0.5105520486831665	0.24335014820098877	-0.15697745978832245	0.8601594567298889	0.1304643303155899	-0.24716143310070038	-0.6087659001350403	-0.0961729884147644	0.06261935830116272	-0.20433960855007172	0.13589897751808167	-0.7138881087303162	-0.27100664377212524	-0.47979289293289185	-0.7014485001564026	0.474950909614563	0.2287311851978302	0.055616345256567	-0.05426628887653351	0.11700302362442017	-0.1327153891324997	-0.3395818769931793	0.4945177435874939	0.23952017724514008	0.4125607907772064	0.37134814262390137	-0.02186846174299717	0.07357680052518845	0.1416342556476593	-0.005207062233239412
MTL_LABEL_8	n/a	n/a	n/a	n/a	n/a	n/a	n/a	1.0	n/a	n/a	n/a	n/a	n/a	n/a	n/a	n/a	n/a	n/a	n/a	n/a	n/a	n/a	n/a	n/a	n/a	n/a	n/a	n/a	n/a	n/a	n/a	n/a	n/a	n/a	n/a	n/a	n/a	n/a	n/a	n/a	n/a	n/a	n/a	n/a	n/a	n/a	n/a	n/a	n/a	n/a	n/a	n/a	n/a	n/a	n/a	n/a	n/a	n/a	n/a	n/a	n/a	n/a	n/a	n/a	n/a	n/a	n/a	n/a	n/a	n/a	n/a	n/a	n/a	n/a	n/a	n/a	n/a	n/a	n/a	n/a
PON_LABEL_9	0.4512101709842682	0.194220632314682	-0.2797711193561554	-0.0559629388153553	0.03627897799015045	-0.14011213183403015	0.8751158714294434	n/a	1.0	0.354817658662796	0.04374934732913971	0.15169920027256012	0.26239338517189026	-0.003720254870131612	0.11206191778182983	0.04707985371351242	0.3491578996181488	0.1561867743730545	-0.5194295048713684	0.14077909290790558	0.032591380178928375	0.1265632063150406	0.5220991969108582	-0.15813994407653809	0.19959336519241333	0.5810757875442505	0.3517157733440399	0.005284024402499199	0.20541444420814514	-0.613307535648346	-0.18938787281513214	-0.1551782339811325	-0.13965952396392822	0.8191694617271423	n/a	0.2606511414051056	0.19784526526927948	0.17339886724948883	0.2133021205663681	0.018801085650920868	-0.325984925031662	0.32513442635536194	-0.5421539545059204	0.17700372636318207	0.011835938319563866	-0.10163719952106476	0.3333008587360382	-0.28250059485435486	0.040076613426208496	-0.47225144505500793	-0.42182427644729614	0.24353258311748505	-0.19517557322978973	0.7985760569572449	0.08084776997566223	-0.15641754865646362	-0.49670904874801636	0.12566639482975006	0.17677485942840576	-0.3334692120552063	0.18374794721603394	-0.624081015586853	-0.23354274034500122	-0.5692312121391296	-0.5518327355384827	0.3804188668727875	0.24986401200294495	-0.17826135456562042	-0.14070501923561096	0.08614200353622437	-0.07477303594350815	-0.0607081837952137	0.305555522441864	0.06017030030488968	0.34821781516075134	0.31522300839424133	0.14135883748531342	0.1252368837594986	0.022183693945407867	0.05403586104512215
CO_LABEL_10	0.10103968530893326	-0.3304690718650818	-0.24127733707427979	0.3362780511379242	-0.27957606315612793	0.25042635202407837	0.4839884638786316	n/a	0.354817658662796	1.0	0.6151612997055054	0.6622850298881531	0.7220162153244019	0.3242981731891632	0.3600247800350189	-0.19095878303050995	0.780367910861969	-0.009730290621519089	-0.4257149398326874	0.5464064478874207	0.4596322178840637	0.19931714236736298	0.22783975303173065	-0.11529745161533356	0.10358621180057526	0.1846153885126114	0.14239554107189178	-0.0362020842730999	-0.29753023386001587	-0.4811091721057892	0.4171977937221527	-0.05070512369275093	0.2979876399040222	0.34545424580574036	n/a	0.5088032484054565	0.36780327558517456	0.6747387051582336	0.7092128992080688	0.4191523492336273	-0.3629382848739624	0.48552998900413513	-0.3313699960708618	0.3418440520763397	0.3795551061630249	0.3311145007610321	0.20131495594978333	-0.15076488256454468	0.2071327567100525	-0.39553332328796387	-0.2728864848613739	0.04354387894272804	-0.24847547709941864	0.34612616896629333	0.29873302578926086	-0.12573714554309845	-0.25587067008018494	0.17044790089130402	-0.001387559692375362	-0.1656087040901184	0.23510971665382385	-0.5668007135391235	-0.0760297104716301	-0.3752725124359131	-0.4705250859260559	0.13281852006912231	0.19705255329608917	0.03620119392871857	0.03401346132159233	0.06319698691368103	0.008948786184191704	-0.38588717579841614	0.32519593834877014	0.23873469233512878	0.3995523452758789	0.297289103269577	0.24451717734336853	0.548670768737793	0.12251663953065872	-0.002937589306384325
Sal_LABEL_11	-0.3049237132072449	-0.5745108723640442	-0.06212829798460007	0.29167065024375916	-0.2396737039089203	0.36606037616729736	0.0930601954460144	n/a	0.04374934732913971	0.6151612997055054	1.0	0.48201286792755127	0.5297543406486511	-0.035780664533376694	-0.045156266540288925	-0.13942956924438477	0.4467330574989319	-0.023827314376831055	-0.28773972392082214	0.48088815808296204	0.5826627016067505	0.5588433742523193	-0.13673090934753418	0.009347912855446339	-0.021416548639535904	0.025961553677916527	0.055285416543483734	0.05723223090171814	-0.5169044137001038	-0.10041286796331406	0.39800962805747986	0.11019278317689896	0.33443254232406616	-0.06655171513557434	n/a	0.3614850640296936	0.5793687701225281	0.7261154055595398	0.7043612003326416	0.11954942345619202	-0.1696045994758606	0.29067444801330566	-0.09079404920339584	0.38004201650619507	0.4803667962551117	0.6433720588684082	-0.11148983985185623	-0.03556429222226143	0.05047733709216118	-0.26677206158638	0.11688338965177536	0.06210947781801224	-0.20432481169700623	0.03201298415660858	0.1745947152376175	-0.1386091113090515	-0.006305014248937368	0.27319589257240295	0.07734492421150208	-0.16983912885189056	0.26915550231933594	-0.38675984740257263	-0.10697165131568909	-0.029748478904366493	-0.1519375443458557	-0.000861104519572109	-0.1663549244403839	-0.05285988375544548	0.1338699758052826	0.21099184453487396	0.03534338250756264	0.017917117103934288	0.20590683817863464	-0.09310800582170486	0.2965746819972992	0.19221599400043488	0.4149664044380188	0.4113239645957947	0.20282669365406036	-0.12274082005023956
CO_LABEL_12	0.31740009784698486	-0.30173924565315247	-0.3018949329853058	0.39213186502456665	-0.26395124197006226	0.3585527539253235	0.2608492970466614	n/a	0.15169920027256012	0.6622850298881531	0.48201286792755127	1.0	0.6143799424171448	0.5173614621162415	0.03607930243015289	0.2700919508934021	0.5201650261878967	0.408684104681015	-0.014505201950669289	0.2894653379917145	0.1724095493555069	0.10800567269325256	-0.12014523893594742	0.1225791797041893	-0.33781129121780396	0.09512580931186676	0.26265522837638855	0.11904297769069672	-0.2645905017852783	-0.1549164354801178	0.5394144058227539	-0.014215200208127499	0.4758613407611847	0.12062225490808487	n/a	0.19972389936447144	0.26772937178611755	0.49628403782844543	0.5398828387260437	0.5970659255981445	-0.47772228717803955	0.2299676537513733	-0.09531363844871521	0.018913274630904198	0.20901279151439667	0.29077303409576416	-0.10683510452508926	-0.048464711755514145	-0.1645583212375641	-0.07765832543373108	-0.16353006660938263	-0.16874203085899353	-0.08438704907894135	0.0649065300822258	0.14239169657230377	-0.13182786107063293	-0.2658092677593231	0.3359796404838562	0.03814387321472168	0.24161382019519806	-0.1747533679008484	-0.4985581040382385	0.025850284844636917	-0.36618849635124207	-0.28632909059524536	-0.1867462396621704	0.12274815142154694	0.15332083404064178	0.07872416079044342	-0.06091438606381416	0.19229614734649658	-0.35349321365356445	0.27355512976646423	0.20665253698825836	0.21385015547275543	0.220166876912117	0.29169780015945435	0.39875972270965576	-0.13524599373340607	-0.2824063003063202
SMd_LABEL_13	0.047317635267972946	-0.4193357229232788	-0.07889977842569351	0.2376953810453415	-0.036500051617622375	0.20007282495498657	0.3387416899204254	n/a	0.26239338517189026	0.7220162153244019	0.5297543406486511	0.6143799424171448	1.0	0.3195838928222656	0.16727061569690704	0.13925008475780487	0.6617979407310486	0.14097735285758972	-0.4041614234447479	0.2489985227584839	0.17812198400497437	0.03303101286292076	0.15596672892570496	-0.21443696320056915	0.14369328320026398	0.37242814898490906	0.41426894068717957	0.10936961323022842	-0.31934258341789246	-0.34998276829719543	0.4387857913970947	-0.020486392080783844	0.36450275778770447	0.17475944757461548	n/a	0.19455216825008392	0.2613094449043274	0.5221278667449951	0.8625243306159973	0.45859214663505554	-0.42345428466796875	0.2839556336402893	-0.37204045057296753	0.2736814618110657	0.10905830562114716	0.13482476770877838	0.15139611065387726	-0.2991580069065094	0.12658673524856567	-0.19396184384822845	-0.2460867315530777	0.11973801255226135	-0.14958395063877106	0.15330451726913452	0.29513290524482727	-0.03164077550172806	-0.09015148133039474	0.1712883561849594	-0.01059242058545351	-0.026438981294631958	-0.0724552720785141	-0.44614046812057495	-0.12092123180627823	-0.38372284173965454	-0.36444908380508423	0.0735728070139885	0.009701626375317574	0.018334493041038513	0.3105563521385193	-0.21389640867710114	0.16165097057819366	-0.10432553291320801	0.38956379890441895	-0.049063172191381454	0.3343642055988312	0.08329945802688599	0.33742356300354004	0.38483938574790955	-0.03452051058411598	-0.2845132052898407
SMl_LABEL_14	0.24114243686199188	-0.22284840047359467	-0.0027443061117082834	0.35878074169158936	-0.03685127571225166	-0.012633085250854492	0.08066313713788986	n/a	-0.003720254870131612	0.3242981731891632	-0.035780664533376694	0.5173614621162415	0.3195838928222656	1.0	0.24555175006389618	0.0985245481133461	0.3583919405937195	0.18809856474399567	-0.06179025396704674	0.16617131233215332	-0.09692429006099701	-0.08270163089036942	-0.06265632808208466	-0.29109516739845276	-0.33053216338157654	-0.023591922596096992	0.22209753096103668	0.15531635284423828	-0.23618058860301971	0.005545198451727629	0.5346604585647583	-0.21379564702510834	0.1280350536108017	0.05551595985889435	n/a	-0.05902043730020523	-0.04573935270309448	0.15212289988994598	0.09796594083309174	0.9768209457397461	-0.37910518050193787	-0.0884467363357544	-0.061909567564725876	-0.2787643373012543	-0.0827164351940155	-0.3081636130809784	-0.08141790330410004	-0.2891811430454254	-0.2721320390701294	0.15477505326271057	-0.15133816003799438	-0.21638000011444092	-0.009408448822796345	-0.059012044221162796	0.1746416687965393	-0.06289777904748917	-0.07418935000896454	0.27074193954467773	-0.06631717085838318	0.100160151720047	-0.4514521658420563	-0.2353963404893875	0.1880239099264145	-0.37802886962890625	-0.09306829422712326	-0.2624053955078125	0.5750747919082642	-0.031229933723807335	-0.20936113595962524	-0.41298019886016846	0.17735302448272705	-0.42624080181121826	-0.15762260556221008	0.7096471190452576	0.09731220453977585	-0.26577895879745483	0.00497722951695323	0.17760898172855377	-0.4189714789390564	-0.1835968941450119
DAN_LABEL_15	0.050829850137233734	0.1199679896235466	0.23516900837421417	-0.2071896344423294	-0.17712809145450592	-0.27930521965026855	0.10507430136203766	n/a	0.11206191778182983	0.3600247800350189	-0.045156266540288925	0.03607930243015289	0.16727061569690704	0.24555175006389618	1.0	-0.4286419451236725	0.5835939645767212	-0.4283137321472168	-0.3990502655506134	0.13788923621177673	0.2506609857082367	-0.15029789507389069	0.5905851125717163	-0.33657827973365784	0.5539548993110657	-0.1377304047346115	-0.26199620962142944	-0.22763851284980774	0.1649107187986374	-0.3829888701438904	-0.13461805880069733	-0.45007210969924927	-0.4535640478134155	0.17397506535053253	n/a	0.16535910964012146	-0.19733445346355438	0.21893218159675598	-0.037985675036907196	0.19598613679409027	0.1940116435289383	-0.012082839384675026	-0.2147357016801834	0.006947151850908995	-0.15879453718662262	-0.2296241819858551	0.572897732257843	-0.32428592443466187	0.5386611819267273	-0.12126307189464569	-0.28166550397872925	-0.20386308431625366	-0.3598795533180237	0.16813459992408752	0.14401674270629883	0.32172253727912903	0.17039336264133453	0.11798801273107529	-0.025637969374656677	-0.19634786248207092	0.13521744310855865	-0.20967985689640045	0.0988403707742691	-0.1354387253522873	-0.06893669068813324	0.2146608531475067	0.39377859234809875	-0.020946985110640526	-0.1722995489835739	0.05234420672059059	-0.004891908727586269	0.05385519936680794	-0.12498001754283905	0.37288978695869446	0.31834256649017334	0.20929954946041107	0.06059220805764198	0.11747115850448608	0.009250478819012642	0.4637022614479065
DMN_LABEL_16	0.5005280375480652	-0.15663687884807587	-0.15218260884284973	-0.006701736710965633	-0.05830605328083038	-0.07120738923549652	-0.01418513897806406	n/a	0.04707985371351242	-0.19095878303050995	-0.13942956924438477	0.2700919508934021	0.13925008475780487	0.0985245481133461	-0.4286419451236725	1.0	-0.17085862159729004	0.890848696231842	0.2975975573062897	-0.37856584787368774	-0.6039283871650696	-0.07152330130338669	-0.5121633410453796	0.2578417956829071	-0.5415835380554199	0.4185052812099457	0.6406867504119873	0.5393971800804138	-0.12430931627750397	0.33083876967430115	0.04825709015130997	-0.06127359718084335	0.2867835462093353	-0.16476544737815857	n/a	-0.46320730447769165	0.06858962774276733	-0.3320586085319519	0.08598154783248901	0.1010683998465538	-0.376148521900177	-0.2155451774597168	0.08560934662818909	-0.39355918765068054	-0.38064470887184143	-0.02897067368030548	-0.5404736399650574	0.026666859164834023	-0.6267324090003967	0.46214449405670166	0.07751640677452087	0.2202637493610382	0.42776909470558167	-0.20298674702644348	0.08663711696863174	-0.29429346323013306	-0.2602255046367645	0.24571587145328522	-0.010688797570765018	0.46034160256385803	-0.6599292755126953	-0.09538505226373672	0.1486777514219284	-0.18014025688171387	0.09737691283226013	-0.26735684275627136	-0.009662599302828312	-0.15947821736335754	0.278418630361557	-0.3340005874633789	0.5526041388511658	0.03885513171553612	0.07484035938978195	-0.2457880675792694	-0.2632385492324829	-0.08724650740623474	0.09038657695055008	-0.07099007815122604	-0.41087478399276733	-0.5891016721725464
CO_LABEL_17	0.121303990483284	-0.19198954105377197	-0.028054190799593925	0.033261653035879135	-0.25465378165245056	-0.11779642850160599	0.37342962622642517	n/a	0.3491578996181488	0.780367910861969	0.4467330574989319	0.5201650261878967	0.6617979407310486	0.3583919405937195	0.5835939645767212	-0.17085862159729004	1.0	-0.1099071353673935	-0.5143284201622009	0.4774513244628906	0.4717843532562256	0.0116959223523736	0.4032723307609558	-0.3409801721572876	0.2958218455314636	0.17918360233306885	0.014615755528211594	-0.1434987187385559	-0.1451929807662964	-0.46546486020088196	0.23417697846889496	-0.2891116738319397	-0.06878355890512466	0.309633731842041	n/a	0.3296965956687927	0.05648072436451912	0.627903401851654	0.5008082389831543	0.4313594400882721	-0.23629000782966614	0.4749208390712738	-0.2998402714729309	0.3570520281791687	0.21559223532676697	0.033185455948114395	0.4169512987136841	-0.4062955677509308	0.2524678111076355	-0.21822994947433472	-0.3258765637874603	0.01848314329981804	-0.3124464452266693	0.27992215752601624	0.09744753688573837	0.10130610316991806	-0.06870731711387634	0.21135886013507843	-0.0371190570294857	-0.15132784843444824	0.13400261104106903	-0.5083832144737244	0.03159397467970848	-0.38186943531036377	-0.2497829794883728	0.13610266149044037	0.22664231061935425	0.007636393886059523	-0.0019517242908477783	0.07174954563379288	0.06285952031612396	-0.09932848066091537	0.16770024597644806	0.2569768726825714	0.49640029668807983	0.24027936160564423	0.35279905796051025	0.2954975962638855	-0.10164778679609299	0.11827044934034348
DMN_LABEL_18	0.5786544680595398	-0.20813503861427307	-0.33869171142578125	0.23672489821910858	-0.27151042222976685	0.053421877324581146	0.13593806326389313	n/a	0.1561867743730545	-0.009730290621519089	-0.023827314376831055	0.408684104681015	0.14097735285758972	0.18809856474399567	-0.4283137321472168	0.890848696231842	-0.1099071353673935	1.0	0.3214249610900879	-0.21470865607261658	-0.549376904964447	0.0954933762550354	-0.5502263903617859	0.3147774338722229	-0.6154017448425293	0.39478957653045654	0.5895242094993591	0.4980175197124481	-0.20557305216789246	0.33533230423927307	0.15815864503383636	-0.021691041067242622	0.36016640067100525	-0.049947306513786316	n/a	-0.2950701415538788	0.12285396456718445	-0.18131490051746368	0.14876653254032135	0.19730326533317566	-0.4344567656517029	-0.07856158167123795	0.16874580085277557	-0.3057927191257477	-0.187351793050766	0.12566392123699188	-0.5914983153343201	0.08466103672981262	-0.6166292428970337	0.4077921211719513	0.03167765587568283	0.21928954124450684	0.5347564816474915	-0.06837641447782516	0.10503041744232178	-0.3007863163948059	-0.4030017554759979	0.34193721413612366	0.14835922420024872	0.36372604966163635	-0.5928753614425659	-0.17144474387168884	0.2920159101486206	-0.16198837757110596	0.028672125190496445	-0.1985945999622345	0.11121518164873123	-0.1374267041683197	0.2036105841398239	-0.19249296188354492	0.6194083094596863	-0.14852090179920197	0.19032403826713562	-0.04677034541964531	-0.08844740688800812	0.09931022673845291	0.15235666930675507	0.14760369062423706	-0.36358216404914856	-0.5628630518913269
VAN_LABEL_19	0.23151887953281403	0.056459154933691025	-0.277451753616333	0.01675545610487461	-0.16325262188911438	0.11511755734682083	-0.43129459023475647	n/a	-0.5194295048713684	-0.4257149398326874	-0.28773972392082214	-0.014505201950669289	-0.4041614234447479	-0.06179025396704674	-0.3990502655506134	0.2975975573062897	-0.5143284201622009	0.3214249610900879	1.0	-0.15821364521980286	-0.38412806391716003	-0.050343625247478485	-0.49217984080314636	0.4624652564525604	-0.5603381991386414	-0.21833713352680206	-0.1917101889848709	-0.1593143790960312	-0.016909796744585037	0.48202940821647644	-0.00813605822622776	0.2211548537015915	0.11168161779642105	-0.3941701352596283	n/a	-0.27109992504119873	-0.21492306888103485	-0.42895472049713135	-0.4346263110637665	-0.12485052645206451	-0.06554727256298065	-0.2391815483570099	0.7736379504203796	-0.22530648112297058	-0.01798921823501587	0.15123435854911804	-0.46196088194847107	0.474533349275589	-0.3913918435573578	0.5165745615959167	0.11513689160346985	-0.14731493592262268	0.42869409918785095	-0.48713958263397217	-0.06741675734519958	0.0013149641454219818	0.14932215213775635	-0.08304557204246521	0.09709423035383224	0.5818871259689331	-0.27025943994522095	0.40478894114494324	0.37097063660621643	0.5183034539222717	0.42875802516937256	-0.338392049074173	-0.11192616075277328	0.30374762415885925	0.21792590618133545	-0.02684732712805271	0.3278682231903076	-0.12156122922897339	0.02124115265905857	0.016654640436172485	-0.300778865814209	0.07024271041154861	-0.21692466735839844	-0.15260125696659088	-0.2302301973104477	-0.16928814351558685
CO_LABEL_20	0.07113197445869446	-0.4354086220264435	-0.20597608387470245	0.3944012224674225	-0.23871855437755585	0.2134615033864975	0.36356016993522644	n/a	0.14077909290790558	0.5464064478874207	0.48088815808296204	0.2894653379917145	0.2489985227584839	0.16617131233215332	0.13788923621177673	-0.37856584787368774	0.4774513244628906	-0.21470865607261658	-0.15821364521980286	1.0	0.4469746947288513	0.17031347751617432	0.1036427915096283	0.07698903977870941	-0.09738290309906006	0.13004492223262787	-0.009738256223499775	-0.18073487281799316	-0.4855266213417053	-0.22635234892368317	0.41991910338401794	0.2883761525154114	0.2771676480770111	0.33998358249664307	n/a	0.6073306202888489	0.40261587500572205	0.6590883135795593	0.2673163414001465	0.21958324313163757	-0.3721187710762024	0.6581335663795471	-0.01941077969968319	0.6893101334571838	0.6744537949562073	0.23499606549739838	-0.04293103143572807	0.24327711760997772	-0.021796295419335365	-0.2231629192829132	-0.004025289788842201	0.1552988737821579	-0.10122599452733994	0.26396897435188293	0.2618773877620697	-0.22114472091197968	-0.1644604653120041	-0.16816288232803345	-0.1601620465517044	-0.09958357363939285	0.2587434947490692	-0.3222653865814209	-0.05439053103327751	-0.07049790024757385	-0.24783620238304138	-0.019668633118271828	0.0059597911313176155	-0.00613942788913846	-0.00024871379719115794	0.051310066133737564	-0.18557217717170715	-0.42676085233688354	0.21990616619586945	0.3728725016117096	0.3383677899837494	0.11475528031587601	-0.063107430934906	0.18492893874645233	0.23012299835681915	0.23509898781776428
CO_LABEL_21	-0.48725056648254395	-0.09657888114452362	0.18192066252231598	0.12162724137306213	-0.05870576947927475	0.22540898621082306	0.05303717404603958	n/a	0.032591380178928375	0.4596322178840637	0.5826627016067505	0.1724095493555069	0.17812198400497437	-0.09692429006099701	0.2506609857082367	-0.6039283871650696	0.4717843532562256	-0.549376904964447	-0.38412806391716003	0.4469746947288513	1.0	0.14018462598323822	0.3326207101345062	-0.19099530577659607	0.3068416118621826	-0.4021942615509033	-0.41125160455703735	-0.2413739562034607	-0.1125943586230278	-0.26796039938926697	0.1661604791879654	-0.06606347858905792	-0.021914808079600334	0.11566495150327682	n/a	0.5037060379981995	0.22912876307964325	0.6452694535255432	0.3064669668674469	-0.02648743987083435	0.1962457001209259	0.44917264580726624	-0.25475645065307617	0.3919299840927124	0.6083880662918091	0.16249710321426392	0.3984620273113251	-0.0740109384059906	0.3036392629146576	-0.6041465997695923	0.09557288885116577	-0.3719823658466339	-0.66702800989151	0.15980497002601624	-0.2866595685482025	0.14674031734466553	0.17803159356117249	0.018809834495186806	-0.05970084294676781	-0.4842163324356079	0.5899035334587097	-0.19340282678604126	-0.4288496971130371	0.017238272354006767	-0.2671423554420471	0.12840858101844788	-0.24512992799282074	0.24492327868938446	-0.2743072211742401	0.425138920545578	-0.5655875205993652	0.03424790874123573	-0.1401936560869217	-0.016014976426959038	0.3299899101257324	0.1439432054758072	0.17333202064037323	0.14128772914409637	0.3460387885570526	0.2509238123893738
Sal_LABEL_22	-0.04327404499053955	-0.38649433851242065	-0.3054201304912567	0.1832204908132553	-0.11567389219999313	0.1341431438922882	0.09901052713394165	n/a	0.1265632063150406	0.19931714236736298	0.5588433742523193	0.10800567269325256	0.03303101286292076	-0.08270163089036942	-0.15029789507389069	-0.07152330130338669	0.0116959223523736	0.0954933762550354	-0.050343625247478485	0.17031347751617432	0.14018462598323822	1.0	-0.29688066244125366	0.07359806448221207	-0.1801811158657074	0.18145668506622314	-0.056463055312633514	-0.011076248250901699	-0.33107003569602966	-0.047063179314136505	0.12902997434139252	0.16447332501411438	0.0963621661067009	-0.04920027777552605	n/a	0.17628417909145355	0.5208103060722351	0.29865631461143494	0.21988873183727264	-0.026515500620007515	-0.17050181329250336	-0.019253335893154144	0.22192399203777313	0.09651266783475876	0.2594364583492279	0.6687113642692566	-0.29424160718917847	-0.007148049771785736	-0.11327043175697327	-0.05876978114247322	0.0946122482419014	0.2212580442428589	-0.00944387074559927	0.03739456459879875	0.24437826871871948	-0.10926094651222229	-0.25046148896217346	0.2802623212337494	0.18636053800582886	-0.10035310685634613	0.14297406375408173	-0.2934855818748474	0.20297539234161377	0.0975203588604927	-0.0027537865098565817	0.1992083191871643	0.21617566049098969	-0.24595865607261658	-0.10901341587305069	0.2841847538948059	0.2815189063549042	-0.04407491534948349	0.07736090570688248	0.1281726062297821	0.12424875050783157	0.296630859375	0.31469136476516724	0.3519379794597626	-0.0016450296388939023	-0.2338590919971466
DAN_LABEL_23	0.004525351338088512	0.5083674192428589	0.025086162611842155	-0.40986180305480957	0.144049733877182	-0.18160328269004822	0.4912335276603699	n/a	0.5220991969108582	0.22783975303173065	-0.13673090934753418	-0.12014523893594742	0.15596672892570496	-0.06265632808208466	0.5905851125717163	-0.5121633410453796	0.4032723307609558	-0.5502263903617859	-0.49217984080314636	0.1036427915096283	0.3326207101345062	-0.29688066244125366	1.0	-0.2763975262641907	0.704002857208252	0.024024080485105515	-0.27988359332084656	-0.5281816124916077	0.5436077117919922	-0.7483356595039368	-0.4508059620857239	-0.33373358845710754	-0.45324715971946716	0.6448504328727722	n/a	0.3531002700328827	-0.2515426576137543	0.17853513360023499	-0.035144925117492676	-0.08660360425710678	0.08688729256391525	0.2550509572029114	-0.4993799328804016	0.23799410462379456	0.030201299116015434	-0.37813374400138855	0.9144852757453918	-0.2627706229686737	0.6409732699394226	-0.603216290473938	-0.5836937427520752	-0.21526400744915009	-0.5682817697525024	0.6432838439941406	-0.22116881608963013	0.25576692819595337	-0.007931224070489407	-0.17726409435272217	0.03716085106134415	-0.3911242187023163	0.4367428421974182	-0.3122861981391907	-0.36859002709388733	-0.18419389426708221	-0.36729222536087036	0.4634253680706024	0.07716277241706848	0.2152635008096695	-0.17087723314762115	0.24764665961265564	-0.43018943071365356	0.10503999143838882	0.15263530611991882	0.09219742566347122	0.40136393904685974	0.1948930323123932	-0.02795121818780899	-0.19156697392463684	0.17446833848953247	0.3794943392276764
PMN_LABEL_24	0.2732543647289276	-0.040911927819252014	-0.5341101288795471	0.15256765484809875	-0.4607691466808319	0.5990017652511597	0.041002076119184494	n/a	-0.15813994407653809	-0.11529745161533356	0.009347912855446339	0.1225791797041893	-0.21443696320056915	-0.29109516739845276	-0.33657827973365784	0.2578417956829071	-0.3409801721572876	0.3147774338722229	0.4624652564525604	0.07698903977870941	-0.19099530577659607	0.07359806448221207	-0.2763975262641907	1.0	-0.4256475567817688	-0.15896613895893097	-0.07960381358861923	-0.07153884321451187	-0.03180396184325218	0.06512381881475449	-0.056801676750183105	0.20584526658058167	0.564026415348053	0.029326625168323517	n/a	0.22470805048942566	0.27769583463668823	-0.09251558035612106	-0.1763053685426712	-0.3417082130908966	-0.36482012271881104	0.17717784643173218	0.24799340963363647	0.10338767617940903	0.26678651571273804	0.47055867314338684	-0.354880690574646	0.8952961564064026	-0.11762607842683792	-0.033811070024967194	-0.04096700996160507	-0.09506969898939133	0.12554922699928284	0.05726035684347153	-0.07244466990232468	-0.12458798289299011	-0.34506431221961975	-0.25851401686668396	-0.026483625173568726	0.3991442024707794	0.07527780532836914	-0.10671406984329224	-0.022916598245501518	0.3449023365974426	0.06558089703321457	-0.005653096828609705	-0.2617480754852295	0.22018006443977356	0.15160280466079712	0.2933712601661682	0.11898081749677658	-0.3658844530582428	0.42405426502227783	-0.05246872827410698	-0.12018372863531113	0.22999756038188934	-0.2304406762123108	-0.11845439672470093	0.2606215178966522	-0.21883298456668854
DAN_LABEL_25	-0.3697476387023926	0.28468191623687744	0.28967270255088806	-0.3880079686641693	0.18876656889915466	-0.29123684763908386	0.09722598642110825	n/a	0.19959336519241333	0.10358621180057526	-0.021416548639535904	-0.33781129121780396	0.14369328320026398	-0.33053216338157654	0.5539548993110657	-0.5415835380554199	0.2958218455314636	-0.6154017448425293	-0.5603381991386414	-0.09738290309906006	0.3068416118621826	-0.1801811158657074	0.704002857208252	-0.4256475567817688	1.0	-0.054581496864557266	-0.32740598917007446	-0.29668477177619934	0.3738248348236084	-0.44362127780914307	-0.4425058960914612	-0.26075664162635803	-0.4644952714443207	0.16516807675361633	n/a	0.18885615468025208	-0.26830172538757324	0.11100869625806808	0.12811718881130219	-0.31294211745262146	0.4762079417705536	0.0868804007768631	-0.4289160668849945	0.22970101237297058	-0.0810951516032219	-0.17393654584884644	0.7720633745193481	-0.43125513195991516	0.8380568027496338	-0.35720643401145935	-0.23439212143421173	-0.040285564959049225	-0.3637239933013916	0.31494787335395813	-0.17196375131607056	0.38958773016929626	0.2925230860710144	0.024440694600343704	0.2177392840385437	-0.42884397506713867	0.46210214495658875	0.06944110244512558	-0.13026297092437744	0.01721562258899212	-0.1504538208246231	0.5227359533309937	-0.05378630384802818	0.1024494618177414	0.10464433580636978	0.2890622913837433	-0.29891496896743774	0.45863381028175354	0.10347549617290497	-0.20730188488960266	0.3238857090473175	0.22784802317619324	0.25510111451148987	0.04673149064183235	0.3008327782154083	0.4167551100254059
