../../.git/annex/objects/xp/Pm/SHA256E-s9863390--90651decaa182b62b55186c056833434087084032744933f6edecbd8e0ac35fe.tsv/SHA256E-s9863390--90651decaa182b62b55186c056833434087084032744933f6edecbd8e0ac35fe.tsv