Node	LH_Vis_1	LH_Vis_2	LH_Vis_3	LH_Vis_4	LH_Vis_5	LH_Vis_6	LH_Vis_7	LH_Vis_8	LH_Vis_9	LH_SomMot_1	LH_SomMot_2	LH_SomMot_3	LH_SomMot_4	LH_SomMot_5	LH_SomMot_6	LH_DorsAttn_Post_1	LH_DorsAttn_Post_2	LH_DorsAttn_Post_3	LH_DorsAttn_Post_4	LH_DorsAttn_Post_5	LH_DorsAttn_Post_6	LH_DorsAttn_PrCv_1	LH_DorsAttn_FEF_1	LH_SalVentAttn_ParOper_1	LH_SalVentAttn_FrOperIns_1	LH_SalVentAttn_FrOperIns_2	LH_SalVentAttn_PFCl_1	LH_SalVentAttn_Med_1	LH_SalVentAttn_Med_2	LH_SalVentAttn_Med_3	LH_Limbic_OFC_1	LH_Limbic_TempPole_1	LH_Limbic_TempPole_2	LH_Cont_Par_1	LH_Cont_PFCl_1	LH_Cont_pCun_1	LH_Cont_Cing_1	LH_Default_Temp_1	LH_Default_Temp_2	LH_Default_Par_1	LH_Default_Par_2	LH_Default_PFC_1	LH_Default_PFC_2	LH_Default_PFC_3	LH_Default_PFC_4	LH_Default_PFC_5	LH_Default_PFC_6	LH_Default_PFC_7	LH_Default_pCunPCC_1	LH_Default_pCunPCC_2	RH_Vis_1	RH_Vis_2	RH_Vis_3	RH_Vis_4	RH_Vis_5	RH_Vis_6	RH_Vis_7	RH_Vis_8	RH_SomMot_1	RH_SomMot_2	RH_SomMot_3	RH_SomMot_4	RH_SomMot_5	RH_SomMot_6	RH_SomMot_7	RH_SomMot_8	RH_DorsAttn_Post_1	RH_DorsAttn_Post_2	RH_DorsAttn_Post_3	RH_DorsAttn_Post_4	RH_DorsAttn_Post_5	RH_DorsAttn_PrCv_1	RH_DorsAttn_FEF_1	RH_SalVentAttn_TempOccPar_1	RH_SalVentAttn_TempOccPar_2	RH_SalVentAttn_FrOperIns_1	RH_SalVentAttn_Med_1	RH_SalVentAttn_Med_2	RH_Limbic_OFC_1	RH_Limbic_TempPole_1	RH_Cont_Par_1	RH_Cont_Par_2	RH_Cont_PFCl_1	RH_Cont_PFCl_2	RH_Cont_PFCl_3	RH_Cont_PFCl_4	RH_Cont_Cing_1	RH_Cont_PFCmp_1	RH_Cont_pCun_1	RH_Default_Par_1	RH_Default_Temp_1	RH_Default_Temp_2	RH_Default_Temp_3	RH_Default_PFCv_1	RH_Default_PFCv_2	RH_Default_PFCdPFCm_1	RH_Default_PFCdPFCm_2	RH_Default_PFCdPFCm_3	RH_Default_pCunPCC_1	RH_Default_pCunPCC_2	LH-Pu	LH-Ca	LH-NAC	LH-EXA	LH-GPe	LH-GPi	LH-SNc_PBP_VTA	LH-RN	LH-SNr	LH-VeP	LH-HN	LH-HTH	LH-MN	LH-STH	RH-Pu	RH-Ca	RH-NAC	RH-EXA	RH-GPe	RH-GPi	RH-SNc_PBP_VTA	RH-RN	RH-SNr	RH-VeP	RH-HN	RH-HTH	RH-MN	RH-STH	LH-Pulvinar	LH-Anterior	LH-Medio_Dorsal	LH-Ventral_Latero_Dorsal	LH-Central_Lateral-Lateral_Posterior-Medial_Pulvinar	LH-Ventral_Anterior	LH-Ventral_Latero_Ventral	RH-Pulvinar	RH-Anterior	RH-Medio_Dorsal	RH-Ventral_Latero_Dorsal	RH-Central_Lateral-Lateral_Posterior-Medial_Pulvinar	RH-Ventral_Anterior	RH-Ventral_Latero_Ventral	LH_Hippocampus	LH_Amygdala	RH_Hippocampus	RH_Amygdala	Cerebellar_Region1	Cerebellar_Region2	Cerebellar_Region3	Cerebellar_Region4	Cerebellar_Region5	Cerebellar_Region6	Cerebellar_Region7	Cerebellar_Region8	Cerebellar_Region9	Cerebellar_Region10
LH_Vis_1	1.0	0.41138947010040283	0.6252907514572144	-0.057407379150390625	0.06481121480464935	0.6671103239059448	0.3386560380458832	0.16137383878231049	0.5782222151756287	0.35602012276649475	0.4173642694950104	0.27688971161842346	0.09671806544065475	0.0840972512960434	-0.12242778390645981	0.5492627024650574	0.19727370142936707	0.05294918641448021	0.1856348216533661	-0.3053501546382904	0.0731724351644516	0.1182044968008995	0.03420800343155861	0.10546641051769257	0.25545886158943176	0.3371078372001648	0.30151626467704773	0.2671430706977844	0.3463030457496643	-0.042087964713573456	-0.05880120396614075	0.28555068373680115	0.09694051742553711	-0.315769761800766	0.23400793969631195	0.523517906665802	0.2943063974380493	-0.13239847123622894	-0.04445938393473625	0.2566789388656616	-0.21055583655834198	0.02905641682446003	-0.054679613560438156	0.3022189140319824	-0.24968662858009338	0.10163244605064392	-0.12399815768003464	0.19770945608615875	0.7975614070892334	0.11692595481872559	0.661401093006134	0.7211940288543701	0.6020928025245667	0.05816678702831268	0.4612084925174713	0.6841493248939514	0.42443281412124634	0.5191274881362915	0.3010171055793762	0.25543323159217834	-0.014154194854199886	0.11291249841451645	0.2072080373764038	-0.014547777362167835	0.1679537445306778	0.04505521431565285	0.5278545618057251	0.09176760911941528	-0.14423638582229614	0.07063046842813492	-0.005128136370331049	0.28136715292930603	0.19881579279899597	0.3110828101634979	0.1404280960559845	0.20033909380435944	0.28324946761131287	0.1494901478290558	-0.15419816970825195	0.2042609006166458	-0.11774168163537979	0.2134142965078354	-0.20004503428936005	0.18890602886676788	0.09825560450553894	0.23629815876483917	0.4258913993835449	0.2889534533023834	0.4584108293056488	0.061412397772073746	0.04676065593957901	0.2854645252227783	0.11675911396741867	0.1662832349538803	-0.09321705251932144	0.41650858521461487	0.24070310592651367	0.07700289785861969	0.7509801983833313	0.4365505278110504	0.4750840663909912	0.18326692283153534	0.37446755170822144	0.09480611979961395	0.2471485435962677	-0.04903304949402809	-0.11396417021751404	-0.20530612766742706	0.010096242651343346	-0.021896280348300934	0.13507790863513947	0.45065468549728394	-0.2213972508907318	0.20559152960777283	0.3043786287307739	0.24740223586559296	0.04341068118810654	-0.10042675584554672	0.30619123578071594	0.2007211297750473	0.1083860918879509	0.17840979993343353	0.22947238385677338	-0.02729707397520542	0.450842022895813	0.3086491823196411	-0.08745329827070236	0.014327152632176876	0.693045437335968	0.11202102154493332	0.21760447323322296	0.405817449092865	0.3830711245536804	0.16662631928920746	0.45183074474334717	0.5140820741653442	0.15173426270484924	0.4874732196331024	0.11575420945882797	0.456285685300827	0.16788901388645172	0.22315219044685364	0.3620475232601166	0.18450608849525452	0.3815346658229828	0.3180790841579437	0.2847253978252411	0.36109936237335205	0.4192952811717987	0.2445237785577774	-0.16276176273822784	0.1162644550204277	-0.35033223032951355	-0.5419430732727051	-0.35723039507865906	-0.21606719493865967
LH_Vis_2	0.41138947010040283	1.0	0.46079128980636597	0.5321136116981506	0.7632457613945007	0.4799070358276367	0.27828681468963623	0.709271252155304	0.5994717478752136	0.11997822672128677	0.19363908469676971	0.2032265067100525	-0.005978014785796404	-0.02910962514579296	-0.1312590092420578	0.5143582224845886	-0.01776224374771118	0.31262362003326416	-0.1760861873626709	-0.08718320727348328	-0.03423529863357544	0.07464616745710373	-0.023552678525447845	0.09501347690820694	0.04081340506672859	0.17031002044677734	0.22752335667610168	-0.11605461686849594	-0.02043050527572632	-0.2224169820547104	-0.2496688812971115	-0.1505841314792633	0.018000563606619835	-0.22319039702415466	0.22899585962295532	0.3760089874267578	0.08673974871635437	-0.20566977560520172	-0.20330218970775604	-0.01807415671646595	-0.21521221101284027	-0.1477169692516327	-0.0147011186927557	-0.11097516864538193	-0.20037667453289032	-0.0818285420536995	0.003649770747870207	-0.048977628350257874	0.3047078847885132	-0.009529916569590569	0.38182446360588074	0.7180912494659424	0.5299602150917053	0.5956393480300903	0.5220843553543091	0.4360640347003937	0.7484414577484131	0.6588506102561951	0.07067693769931793	0.14064118266105652	-0.04740690812468529	0.03349965438246727	0.2465907335281372	-0.22277210652828217	-0.026946844533085823	-0.17468897998332977	0.20371340215206146	-0.2566787600517273	-0.14081114530563354	0.28929200768470764	-0.026146747171878815	0.21497733891010284	0.038104210048913956	-0.0431852750480175	0.04372453689575195	0.17962993681430817	-0.0007410978432744741	-0.05824275314807892	-0.3217156231403351	-0.09321979433298111	-0.08877816796302795	0.11836137622594833	-0.1856514811515808	0.14757393300533295	-0.21677717566490173	0.005197393242269754	0.19944560527801514	-0.07883107662200928	0.31307294964790344	-0.2795585095882416	-0.040248338133096695	0.05443372204899788	-0.1041358932852745	-0.04733145609498024	-0.11460468918085098	-0.022445201873779297	-0.038738470524549484	-0.15866029262542725	0.22855162620544434	0.051838573068380356	0.14647844433784485	-0.14563952386379242	0.19340091943740845	0.20271532237529755	0.1599959284067154	0.19977445900440216	0.09298732131719589	-0.15372726321220398	-0.2284184992313385	-0.043832238763570786	-0.34398290514945984	0.06331717222929001	0.013030407018959522	0.1838124543428421	0.03642573580145836	-0.007344079669564962	-0.09264890104532242	0.18171735107898712	0.03103356435894966	0.08511495590209961	0.036550864577293396	0.07484140992164612	0.440341055393219	0.14300212264060974	0.28696367144584656	0.07357758283615112	-0.02009311318397522	-0.13082477450370789	0.3572346568107605	-0.024103108793497086	-0.1345369964838028	0.23887278139591217	0.10882333666086197	-0.22316761314868927	0.18945875763893127	-0.015740133821964264	-0.04611832648515701	0.1901780366897583	-0.28304633498191833	-0.02548879384994507	-0.12119840085506439	-0.21238106489181519	0.0001750670635374263	-0.1517934501171112	0.11271035671234131	0.07423963397741318	-0.02417389675974846	0.12580309808254242	0.2802627682685852	-0.20100538432598114	-0.04193617403507233	-0.14080776274204254	-0.2165311574935913	-0.2710367739200592	-0.11519922316074371	-0.38691920042037964
LH_Vis_3	0.6252907514572144	0.46079128980636597	1.0	-0.1549706906080246	0.2113797813653946	0.9076734185218811	-0.026974651962518692	0.38661742210388184	0.8695011138916016	0.4276382327079773	0.5335504412651062	0.529961884021759	0.17932665348052979	0.14045719802379608	0.23651450872421265	0.19777309894561768	0.3739588260650635	0.09495196491479874	0.2180461585521698	-0.06767701357603073	0.49205902218818665	-0.22746923565864563	-0.2824004888534546	0.4707653522491455	0.2969607710838318	0.22877970337867737	0.22771860659122467	0.03720469027757645	0.5110638737678528	-0.032325636595487595	-0.04122093319892883	-0.04357205331325531	0.04391185939311981	-0.38347700238227844	-0.18448106944561005	0.3402513265609741	0.06148393079638481	-0.37954768538475037	-0.4989243149757385	-0.26165181398391724	-0.5161569118499756	-0.06710848212242126	-0.37766826152801514	0.14922571182250977	-0.42375126481056213	-0.21953056752681732	-0.43577784299850464	-0.26859933137893677	0.39833685755729675	-0.23338402807712555	0.3096614181995392	0.7451710104942322	0.4400741755962372	-0.06712745875120163	0.7541691660881042	0.8541022539138794	0.5083464980125427	0.8070096969604492	0.4151565134525299	0.5344684720039368	0.283705472946167	0.20063261687755585	0.2725369334220886	0.14059960842132568	0.4271101951599121	0.3229003846645355	0.3668194115161896	0.32705166935920715	-0.2028944343328476	0.1583370715379715	0.48644644021987915	0.04975353926420212	0.26260659098625183	0.2289259433746338	0.4973093867301941	0.31264373660087585	0.49819421768188477	0.34296903014183044	-0.08451326191425323	-0.07708494365215302	-0.0522911362349987	-0.04847455397248268	-0.23527076840400696	-0.0944845974445343	0.23753942549228668	0.03968682885169983	0.2627808153629303	-0.04829508438706398	0.45730775594711304	-0.011892774142324924	-0.32751989364624023	0.06411076337099075	0.04254110902547836	-0.04705101251602173	-0.18998457491397858	0.23061160743236542	-0.12885022163391113	-0.1981976181268692	0.5819036364555359	0.14832238852977753	0.19562362134456635	-0.15044759213924408	0.21191167831420898	-0.12388668954372406	0.006694224197417498	-0.023884117603302002	-0.007742065470665693	-0.19344763457775116	-0.08133544772863388	-0.04986089840531349	0.14405587315559387	0.2474704384803772	0.047274794429540634	0.036263883113861084	0.18807671964168549	-0.07114306837320328	-0.08430177718400955	-0.22694818675518036	0.21988213062286377	0.008828881196677685	0.11681871861219406	-0.050410062074661255	0.0358908474445343	-0.029700201004743576	0.320503294467926	0.048054516315460205	0.06409970670938492	-0.1627485752105713	0.3346457779407501	-0.2611755132675171	0.08374641835689545	0.3545348048210144	0.19770005345344543	-0.13934136927127838	0.439870148897171	0.45480766892433167	-0.12204113602638245	0.3474879264831543	-0.04549625143408775	0.23919154703617096	-0.24207504093647003	0.09150925278663635	-0.061785515397787094	0.09022659808397293	0.08092837780714035	-0.15383265912532806	0.41283634305000305	0.572989284992218	0.24300538003444672	0.1215655580163002	-0.27290722727775574	0.07147278636693954	-0.3852853775024414	-0.6026363968849182	-0.5842320919036865	-0.24387127161026
LH_Vis_4	-0.057407379150390625	0.5321136116981506	-0.1549706906080246	1.0	0.49127379059791565	-0.06269971281290054	0.010611816309392452	0.5573726296424866	0.16077232360839844	-0.22026950120925903	-0.09126267582178116	-0.16464132070541382	-0.1953885853290558	-0.04403845593333244	-0.20713086426258087	0.4378052055835724	-0.2297777533531189	0.14956530928611755	-0.3328208327293396	0.031001361086964607	-0.23544396460056305	-0.17798295617103577	0.005480496678501368	-0.11105436831712723	-0.31363627314567566	-0.21472880244255066	-0.010442391969263554	-0.25727227330207825	-0.2244015783071518	-0.30121880769729614	-0.3279871940612793	-0.27165037393569946	0.08576685935258865	-0.19082407653331757	0.062468644231557846	0.11538317799568176	0.011454536579549313	0.027567002922296524	0.11311664432287216	0.07245443761348724	0.15694691240787506	-0.2445380836725235	-0.15789593756198883	-0.14298848807811737	-0.21566803753376007	-0.06627623736858368	0.10809877514839172	0.0541377030313015	-0.09367576986551285	0.18903593719005585	0.13238525390625	0.17593564093112946	0.3668057918548584	0.8884705305099487	0.10820265859365463	-0.07542791962623596	0.5552583932876587	0.19096899032592773	-0.1819084733724594	-0.06743813306093216	-0.13920477032661438	-0.1329280436038971	-0.01069717388600111	-0.2623988091945648	-0.23150481283664703	-0.1956898421049118	-0.04758176952600479	-0.33134889602661133	-0.20401805639266968	0.06143493950366974	-0.18704085052013397	-0.17391397058963776	-0.2435990273952484	-0.009712602011859417	-0.23502153158187866	-0.25143003463745117	-0.38049212098121643	-0.41468489170074463	-0.23384644091129303	-0.28024110198020935	-0.24533633887767792	0.19283528625965118	-0.012544396333396435	0.053141094744205475	-0.13393232226371765	-0.0071080755442380905	-0.03945768252015114	-0.16032706201076508	0.08099593967199326	-0.11409030109643936	0.1293230950832367	-0.04645727574825287	0.055873699486255646	-0.32337450981140137	-0.22041857242584229	-0.06946471333503723	0.07092097401618958	0.021296005696058273	-0.19715330004692078	0.12364872545003891	-0.14141657948493958	-0.23803076148033142	0.16915270686149597	0.10975044220685959	0.060665298253297806	0.17853471636772156	0.057894010096788406	0.16712558269500732	-0.08904717862606049	0.0651826485991478	-0.4701155126094818	-0.14304417371749878	0.21799421310424805	0.09237921237945557	-0.16839857399463654	0.009801318868994713	-0.1877077966928482	0.4436292052268982	0.03513063117861748	0.09598967432975769	-0.08880755305290222	-0.006026533432304859	0.5181235074996948	-0.16176725924015045	-0.07893939316272736	-0.24430260062217712	0.134979248046875	-0.002029317431151867	0.0783752053976059	-0.05623316019773483	-0.49914008378982544	-0.04013638198375702	-0.20252728462219238	-0.37630370259284973	-0.28476983308792114	-0.3108603060245514	-0.05177365243434906	-0.3301770091056824	-0.16629020869731903	-0.3787911534309387	-0.20150934159755707	-0.34846019744873047	-0.20527151226997375	-0.45630308985710144	0.02266722358763218	-0.04787639528512955	-0.22786079347133636	-0.2798568904399872	-0.13944147527217865	-0.045762624591588974	-0.07333939522504807	-0.26507729291915894	0.07042764872312546	0.17255891859531403	0.20080910623073578	0.12109588831663132
LH_Vis_5	0.06481121480464935	0.7632457613945007	0.2113797813653946	0.49127379059791565	1.0	0.21568647027015686	0.34317252039909363	0.7920991778373718	0.3567773699760437	-0.2397368848323822	-0.18094830214977264	-0.11520110815763474	-0.2749367952346802	-0.12045161426067352	-0.15276533365249634	0.4209810495376587	-0.15417838096618652	0.4737207591533661	-0.21421663463115692	0.04233960807323456	-0.061814915388822556	0.08380713313817978	0.1251806616783142	-0.09538146108388901	-0.18944533169269562	-0.03915971890091896	0.1195325031876564	-0.37085139751434326	-0.2811753451824188	-0.2492898851633072	-0.08459225296974182	-0.24340365827083588	0.08170618116855621	0.03436925262212753	0.23289242386817932	0.1929440051317215	0.042456068098545074	-0.07048200815916061	-0.07416298240423203	-0.10215513408184052	-0.0025770976208150387	-0.28317826986312866	0.08945435285568237	-0.24400973320007324	0.03749348595738411	-0.20019418001174927	0.11018510162830353	0.04894722253084183	-0.015307851135730743	0.01830645464360714	0.26373380422592163	0.3963732421398163	0.31784263253211975	0.5712816715240479	0.44062933325767517	0.15179948508739471	0.6418887376785278	0.477083683013916	-0.2905324101448059	-0.16014528274536133	-0.3313927948474884	-0.24136348068714142	-0.05480698496103287	-0.35382598638534546	-0.15286549925804138	-0.2186110019683838	0.05409221723675728	-0.38745713233947754	0.11972273141145706	0.42248669266700745	-0.08018334209918976	0.16431176662445068	0.004747465252876282	-0.3159167468547821	-0.1685497760772705	-0.10713374614715576	-0.27470630407333374	-0.2898999750614166	-0.1733548492193222	-0.18149258196353912	0.03337503969669342	0.2375701516866684	0.09980430454015732	0.15336723625659943	-0.18616612255573273	-0.054119158536195755	0.04081844538450241	-0.18398110568523407	0.0977831780910492	-0.23627305030822754	0.08458378165960312	-0.1728641390800476	-0.20093905925750732	-0.07887393236160278	-0.2762517035007477	-0.1878005862236023	-0.15399464964866638	-0.014580681920051575	-0.10369600355625153	-0.04941781610250473	-0.1434142291545868	-0.23263996839523315	-0.017358507961034775	0.11317067593336105	-0.021236879751086235	0.1406310796737671	-0.04406717047095299	-0.1637054830789566	-0.3225860595703125	-0.1623275727033615	-0.35323160886764526	-0.2529507577419281	0.03984285891056061	0.17222411930561066	-0.20252549648284912	-0.13974089920520782	-0.19343635439872742	0.15775977075099945	-0.15262465178966522	0.06643212586641312	-0.17297957837581635	-0.17294585704803467	0.1577826589345932	0.08589036762714386	0.036397915333509445	-0.11904943734407425	-0.037655699998140335	-0.13510562479496002	0.07606697827577591	-0.12937568128108978	-0.2363852858543396	-0.050078656524419785	0.02996576391160488	-0.32153940200805664	-0.08945059776306152	-0.16858264803886414	-0.2942965626716614	-0.04601121321320534	-0.4717649817466736	-0.28837794065475464	-0.26210200786590576	-0.2837694585323334	-0.14548912644386292	-0.24657759070396423	-0.1153150424361229	-0.0031248172745108604	-0.10063594579696655	0.022554483264684677	0.3288952708244324	-0.15602006018161774	0.3425002098083496	0.07999774068593979	0.031536899507045746	0.011462359689176083	0.26834937930107117	-0.29393574595451355
LH_Vis_6	0.6671103239059448	0.4799070358276367	0.9076734185218811	-0.06269971281290054	0.21568647027015686	1.0	0.011350625194609165	0.3687509596347809	0.8621951937675476	0.3822427988052368	0.5763814449310303	0.5081539750099182	0.18843822181224823	0.26177117228507996	0.09085822850465775	0.19073383510112762	0.3968660235404968	0.054485294967889786	0.24736562371253967	-0.1323518604040146	0.4757760465145111	-0.13467438519001007	-0.20890557765960693	0.41677990555763245	0.2799810767173767	0.3134154677391052	0.31083136796951294	0.07071811705827713	0.44305962324142456	-0.01773780584335327	-0.19764575362205505	0.013749626465141773	-0.07492359727621078	-0.4624675214290619	-0.07246498018503189	0.2857137620449066	-0.01563667319715023	-0.32566308975219727	-0.5049876570701599	-0.2358098328113556	-0.5471811890602112	-0.015301980078220367	-0.3316345810890198	0.07918847352266312	-0.500403642654419	-0.1948535144329071	-0.3098765015602112	-0.22816841304302216	0.43711575865745544	-0.2601284086704254	0.3611186444759369	0.809272825717926	0.5217377543449402	0.06634005159139633	0.8402237296104431	0.9459396004676819	0.5900232195854187	0.7993252873420715	0.4279297888278961	0.49682924151420593	0.24218612909317017	0.20308691263198853	0.2271963506937027	-0.03555925190448761	0.32665467262268066	0.25934410095214844	0.3632819950580597	0.2851468026638031	-0.2184070646762848	0.13429009914398193	0.4018552601337433	0.11069993674755096	0.2883719801902771	0.2211361825466156	0.4458756744861603	0.3494854271411896	0.4579339921474457	0.36338669061660767	-0.2657527029514313	-0.10886910557746887	-0.11169248819351196	-0.08005206286907196	-0.3637964427471161	-0.06595636904239655	0.17566263675689697	0.06291956454515457	0.17208541929721832	-0.03622031211853027	0.3530959486961365	-0.13708756864070892	-0.4100630283355713	0.04158356040716171	-0.009369971230626106	-0.13341686129570007	-0.23089276254177094	0.21733160316944122	-0.06472883373498917	-0.2319466471672058	0.6270941495895386	0.09098543226718903	0.22187690436840057	-0.13462485373020172	0.2591448128223419	-0.07667908072471619	0.12366212159395218	0.06411755084991455	0.08940372616052628	-0.2078378051519394	0.11018220335245132	-0.04825920611619949	0.04105684161186218	0.3019164502620697	0.05582358315587044	-0.048204708844423294	0.1502450406551361	-0.04906443879008293	-0.12244194746017456	-0.1908722221851349	0.25219297409057617	0.03547229245305061	0.14763066172599792	0.04712735489010811	0.15547142922878265	0.03172025829553604	0.3161499798297882	0.14063893258571625	0.052259452641010284	-0.11041001230478287	0.36264678835868835	-0.19121167063713074	0.07420449703931808	0.42082056403160095	0.26405709981918335	-0.02982076071202755	0.469365656375885	0.4573007822036743	-0.04165886715054512	0.31094130873680115	-0.06279278546571732	0.2737366259098053	-0.1553792953491211	0.16073663532733917	-0.034371525049209595	0.12133263796567917	0.12672041356563568	-0.06421603262424469	0.22991615533828735	0.5417188405990601	0.2664799094200134	0.17476075887680054	-0.32345089316368103	0.08453317731618881	-0.4257860481739044	-0.5528795123100281	-0.5405447483062744	-0.17937976121902466
LH_Vis_7	0.3386560380458832	0.27828681468963623	-0.026974651962518692	0.010611816309392452	0.34317252039909363	0.011350625194609165	1.0	0.1922069787979126	-0.06417876482009888	-0.17544931173324585	-0.16527330875396729	-0.2067326456308365	-0.3304484188556671	0.04846502095460892	-0.33738020062446594	0.5002995133399963	0.021916352212429047	0.49394887685775757	0.15374569594860077	0.046409666538238525	-0.25188714265823364	0.6402955055236816	0.6709161400794983	-0.19495107233524323	-0.0768827274441719	0.3951340913772583	0.41058844327926636	0.08468829095363617	-0.044568199664354324	0.010059929452836514	-0.01833045855164528	0.022759128361940384	-0.03120049647986889	0.5108323693275452	0.6126662492752075	0.2256423979997635	0.16561073064804077	-0.07756178826093674	0.36169248819351196	0.5290262699127197	0.3506181240081787	-0.07412324100732803	0.3911958634853363	-0.2816459536552429	0.2919357419013977	0.09903698414564133	0.49627989530563354	0.37750616669654846	0.1517222821712494	0.08784674853086472	0.5272449254989624	0.2234007567167282	0.34068161249160767	0.025770721957087517	0.10289046913385391	-0.02199440449476242	0.11113355308771133	-0.025834323838353157	-0.32010775804519653	-0.4989907443523407	-0.451561838388443	-0.317131370306015	-0.15980447828769684	-0.3536035418510437	-0.365823358297348	-0.5249457359313965	0.248298779129982	-0.3289594352245331	0.500945508480072	0.4317111074924469	-0.45876532793045044	0.6030800342559814	0.25914841890335083	-0.1605665683746338	-0.27220603823661804	-0.023227833211421967	-0.2690109312534332	-0.14632432162761688	-0.15889210999011993	0.1583508998155594	0.373709112405777	0.3017113506793976	0.24515216052532196	0.555905282497406	0.018204214051365852	0.21152162551879883	-0.043750181794166565	0.3407236337661743	-0.028006862848997116	-0.1773945689201355	0.3462039530277252	-0.2486855834722519	-0.22664913535118103	0.19340701401233673	0.021864669397473335	-0.2174416333436966	0.001194007694721222	0.27718955278396606	-0.02008732408285141	-0.051073379814624786	0.21338926255702972	0.25219640135765076	-0.019765883684158325	0.17482371628284454	0.21818116307258606	0.2418648898601532	0.017612604424357414	-0.12323246896266937	-0.08288298547267914	-0.11851420998573303	-0.16163045167922974	-0.048028577119112015	-0.4111230671405792	0.09799864888191223	-0.03801747038960457	0.24713237583637238	-0.04251004010438919	0.1615190953016281	-0.09157358855009079	0.0773230716586113	0.09210128337144852	0.1388189196586609	0.016423597931861877	0.05684095621109009	0.19076642394065857	0.21438686549663544	-0.15770223736763	-0.025325575843453407	0.2591995596885681	0.2252287119626999	0.18631428480148315	-0.02018660493195057	0.43148231506347656	-0.017555858939886093	0.18048536777496338	-0.060435596853494644	-0.1058802679181099	0.24983425438404083	-0.18059584498405457	0.03391086310148239	0.0999189242720604	0.1569385975599289	0.08489877730607986	-0.007130584213882685	-0.07721592485904694	0.33731809258461	-0.15534646809101105	0.00903488602489233	0.42816856503486633	0.10518542677164078	0.45541566610336304	0.20173053443431854	-0.10490518063306808	-0.1026882752776146	0.39434143900871277	-0.2617816925048828
LH_Vis_8	0.16137383878231049	0.709271252155304	0.38661742210388184	0.5573726296424866	0.7920991778373718	0.3687509596347809	0.1922069787979126	1.0	0.5740383267402649	-0.10436974465847015	-0.07278783619403839	-0.0467219315469265	-0.1619713455438614	-0.20674030482769012	0.014308805577456951	0.5032808780670166	-0.124789759516716	0.4604834318161011	-0.3227929472923279	0.15772932767868042	0.07650426030158997	-0.19375598430633545	-0.07025831192731857	0.08130716532468796	-0.20289966464042664	-0.13780777156352997	0.010740901343524456	-0.466188907623291	-0.0731416568160057	-0.3163338303565979	-0.2051331102848053	-0.3025282025337219	0.06296475231647491	-0.11452817916870117	-0.005494263488799334	0.19376155734062195	-0.07374487817287445	-0.2719413936138153	-0.27733129262924194	-0.23546500504016876	-0.15634092688560486	-0.37829911708831787	-0.21283909678459167	-0.242351233959198	-0.26309439539909363	-0.370480477809906	-0.1343086212873459	-0.1641416847705841	-0.022947968915104866	-0.05462075024843216	0.2156473994255066	0.4810834527015686	0.5456604361534119	0.5877019166946411	0.5854874849319458	0.29940247535705566	0.8021271228790283	0.655433714389801	-0.15543314814567566	0.030049988999962807	-0.19843271374702454	-0.12086544185876846	0.09606792032718658	-0.22852252423763275	0.01807008869946003	0.012887857854366302	0.05997862294316292	-0.3293585777282715	-0.05511609464883804	0.48087576031684875	0.18597254157066345	0.00825247261673212	-0.025787776336073875	-0.2462499588727951	0.0016252001514658332	-0.12128918617963791	-0.12782444059848785	-0.2690274119377136	-0.21092750132083893	-0.32724812626838684	-0.15511012077331543	0.15527455508708954	-0.028734149411320686	-0.025994036346673965	-0.1664571315050125	-0.16152815520763397	-0.04541640728712082	-0.34620946645736694	0.13812370598316193	-0.2977827489376068	-0.09780121594667435	-0.275773286819458	-0.2423400580883026	-0.30657723546028137	-0.3083447515964508	-0.1954706758260727	-0.2903558611869812	-0.13650372624397278	-0.0346992090344429	-0.041021138429641724	-0.28620249032974243	-0.4783060550689697	-0.022602805867791176	-0.028152890503406525	-0.13122937083244324	0.14023403823375702	0.08533136546611786	-0.14341183006763458	-0.21657419204711914	-0.10191290825605392	-0.3183101713657379	-0.14602071046829224	0.12035203725099564	0.03787245973944664	-0.335300475358963	-0.32610198855400085	-0.29016217589378357	0.0718560442328453	-0.18430690467357635	-0.013927252031862736	-0.1831091046333313	-0.2737119495868683	0.19942685961723328	-0.08210471272468567	-0.01828264817595482	-0.1892559677362442	0.12290877103805542	-0.26934555172920227	0.03188864141702652	-0.39951255917549133	-0.46781256794929504	-0.0779196098446846	-0.1110563725233078	-0.5002139806747437	-0.13619102537631989	-0.040762126445770264	-0.3246488571166992	-0.11787901073694229	-0.46366646885871887	-0.39232826232910156	-0.36118394136428833	-0.29112356901168823	-0.25894895195961	-0.32297053933143616	-0.1861918419599533	-0.16412726044654846	0.0971246138215065	0.17184580862522125	0.3030327558517456	0.024668430909514427	0.1260126680135727	0.1436959058046341	-0.09053753316402435	-0.06806054711341858	0.13737523555755615	-0.0648672804236412
LH_Vis_9	0.5782222151756287	0.5994717478752136	0.8695011138916016	0.16077232360839844	0.3567773699760437	0.8621951937675476	-0.06417876482009888	0.5740383267402649	1.0	0.3646296560764313	0.496127188205719	0.4238870441913605	0.17855432629585266	0.04582551121711731	0.16511227190494537	0.2845650017261505	0.2391500025987625	0.020950758829712868	-0.004578656982630491	-0.025101089850068092	0.3406251072883606	-0.2826424539089203	-0.2895280420780182	0.4370990991592407	0.2573157250881195	0.1770053505897522	0.23832964897155762	0.020688587799668312	0.45732617378234863	-0.09655459970235825	-0.12136775255203247	-0.024564526975154877	0.045475851744413376	-0.5041308999061584	-0.1324884593486786	0.3822532594203949	0.1097053736448288	-0.2707429528236389	-0.5260738134384155	-0.2780568301677704	-0.44322195649147034	-0.019408615306019783	-0.28608110547065735	0.21322128176689148	-0.45526158809661865	-0.17732317745685577	-0.4130001664161682	-0.2243288904428482	0.41198834776878357	-0.12697556614875793	0.2992244064807892	0.7677192687988281	0.5547354817390442	0.22932106256484985	0.7990988492965698	0.8354889750480652	0.6919288635253906	0.9145320653915405	0.41024914383888245	0.5453011989593506	0.23140612244606018	0.2061561495065689	0.34081292152404785	0.044222671538591385	0.4122668504714966	0.30981436371803284	0.28483378887176514	0.16405628621578217	-0.3482885956764221	0.12896740436553955	0.47577089071273804	-0.04496685042977333	0.1848517805337906	0.1852545291185379	0.433829665184021	0.2767242193222046	0.45781490206718445	0.2605263590812683	-0.1757322996854782	-0.12539248168468475	-0.1729351133108139	-0.03795655816793442	-0.32347598671913147	-0.1325569599866867	0.17196010053157806	-0.06259819120168686	0.21171215176582336	-0.09874580055475235	0.47059378027915955	-0.0810796469449997	-0.3621029257774353	0.09237165004014969	0.02927139773964882	-0.11957012861967087	-0.22567817568778992	0.2871612012386322	-0.08994539082050323	-0.16994059085845947	0.5482715964317322	0.20780989527702332	0.15066225826740265	-0.19733166694641113	0.3178768754005432	0.008073637261986732	0.030165405943989754	0.04381287842988968	0.16496194899082184	-0.20538391172885895	0.004841401241719723	-0.041964080184698105	-0.009821395389735699	0.30538201332092285	0.2246474176645279	0.14385506510734558	0.13069309294223785	-0.07971121370792389	-0.029395800083875656	-0.019936922937631607	0.18655161559581757	0.016578765586018562	0.05624714121222496	-0.02414713054895401	0.23246629536151886	0.09606572985649109	0.2565268874168396	0.08312492817640305	0.1611577868461609	-0.21491819620132446	0.37118831276893616	-0.307160347700119	-0.06665218621492386	0.38234248757362366	0.10512247681617737	-0.24342288076877594	0.31618866324424744	0.38712412118911743	-0.10653024911880493	0.27207866311073303	-0.07214327901601791	0.10981130599975586	-0.2741866111755371	0.03172466158866882	-0.05162559449672699	-0.02678668685257435	0.1620340645313263	-0.1440897285938263	0.3539692163467407	0.43881168961524963	0.2895108461380005	0.0970674455165863	-0.30159810185432434	0.04989108815789223	-0.2931995987892151	-0.5028148293495178	-0.4650816023349762	-0.0988338515162468
LH_SomMot_1	0.35602012276649475	0.11997822672128677	0.4276382327079773	-0.22026950120925903	-0.2397368848323822	0.3822427988052368	-0.17544931173324585	-0.10436974465847015	0.3646296560764313	1.0	0.7110594511032104	0.7488983869552612	0.6321626901626587	0.29033133387565613	0.4645969867706299	-0.1027221605181694	0.3278326988220215	-0.45399340987205505	0.18494443595409393	-0.3171164393424988	0.23331192135810852	-0.044336169958114624	-0.249938502907753	0.569830060005188	0.6251053810119629	0.3137173354625702	0.158584862947464	0.6026695966720581	0.5622782707214355	0.5358662009239197	-0.11060890555381775	0.15397773683071136	0.1041395515203476	-0.4265248477458954	-0.11702718585729599	0.17101310193538666	0.22205838561058044	-0.05464276298880577	-0.37241095304489136	0.03726582229137421	-0.3962308168411255	0.29169267416000366	-0.10524477064609528	0.5198938250541687	-0.3508780896663666	0.2821967303752899	-0.3817906379699707	-0.17271341383457184	0.40165695548057556	-0.14135867357254028	0.11568175256252289	0.2340383529663086	0.1649177074432373	-0.3309030532836914	0.16707217693328857	0.4088401794433594	-0.028683099895715714	0.29708385467529297	0.8520708680152893	0.6088969111442566	0.642582356929779	0.5213764309883118	0.6666361093521118	0.4484257996082306	0.3741210103034973	0.31834495067596436	0.10290002077817917	0.31506749987602234	-0.3233395218849182	-0.34573477506637573	0.18964844942092896	0.046358294785022736	0.15753290057182312	0.3610208034515381	0.5355714559555054	0.5760402679443359	0.644601047039032	0.6561723351478577	-0.19802334904670715	0.12274070084095001	-0.013191655278205872	-0.23256553709506989	-0.4546542167663574	-0.017585603520274162	0.08689351379871368	-0.016411863267421722	0.20792220532894135	0.27059879899024963	0.23012429475784302	0.1293356865644455	-0.2092696875333786	0.43375152349472046	0.24984008073806763	0.030072228983044624	0.15137308835983276	0.5522229075431824	0.1869167536497116	-0.2028489112854004	0.5291061401367188	0.19071659445762634	0.6083430647850037	0.2580549120903015	0.09090094268321991	0.16359005868434906	0.173598051071167	-0.2923211455345154	-0.029546180739998817	0.017270851880311966	-0.09047682583332062	0.15089727938175201	0.5183442831039429	0.40721386671066284	0.14388278126716614	0.1482049822807312	0.6690330505371094	0.17044390738010406	0.06801198422908783	-0.09096499532461166	0.4143061637878418	0.1326271891593933	0.29628077149391174	0.34511345624923706	0.30971288681030273	0.1534551978111267	0.28372296690940857	-0.041799213737249374	-0.376154363155365	0.062148917466402054	0.3084510266780853	0.08227548003196716	0.4155494272708893	0.45829883217811584	0.42837846279144287	0.20359398424625397	0.5276960730552673	0.5652453303337097	-0.03822274133563042	0.37881040573120117	0.40494704246520996	0.5453911423683167	0.02771103009581566	0.25305038690567017	0.10097644478082657	0.32784971594810486	0.24209806323051453	0.17251063883304596	0.3135075569152832	0.33788636326789856	-0.1074121817946434	-0.009682840667665005	-0.6175908446311951	-0.13331982493400574	-0.6109153032302856	-0.7405632138252258	-0.7629379034042358	-0.24081328511238098
LH_SomMot_2	0.4173642694950104	0.19363908469676971	0.5335504412651062	-0.09126267582178116	-0.18094830214977264	0.5763814449310303	-0.16527330875396729	-0.07278783619403839	0.496127188205719	0.7110594511032104	1.0	0.8993915915489197	0.6134765148162842	0.5300471782684326	0.30610907077789307	-0.07355713099241257	0.46994930505752563	-0.2135981321334839	0.39247938990592957	-0.16155806183815002	0.40626898407936096	0.06560555845499039	-0.05348801240324974	0.6181244850158691	0.56972736120224	0.5909774899482727	0.44292959570884705	0.5791142582893372	0.6969192624092102	0.4757598638534546	-0.40412989258766174	0.0225443784147501	-0.13445955514907837	-0.32820209860801697	0.0006017698324285448	0.2287401258945465	0.12921041250228882	-0.16235484182834625	-0.4396984279155731	-0.04030882939696312	-0.43966367840766907	0.17368632555007935	-0.2320770025253296	0.20870038866996765	-0.518591582775116	0.14452189207077026	-0.17264866828918457	-0.13666749000549316	0.363781601190567	-0.26472339034080505	0.09838023036718369	0.43044158816337585	0.177571102976799	-0.11823204159736633	0.3704245686531067	0.5831730365753174	0.11700881272554398	0.3216215670108795	0.836097002029419	0.7378293871879578	0.716166079044342	0.5675058364868164	0.5238065719604492	0.3112684190273285	0.42486771941185	0.27929240465164185	0.09870566427707672	0.5118011832237244	-0.23653928935527802	-0.2337392419576645	0.2198880910873413	0.14324527978897095	0.42858651280403137	0.31260427832603455	0.5428898334503174	0.681864321231842	0.5572073459625244	0.7428175806999207	-0.4676876962184906	-0.11757467687129974	-0.009843596257269382	-0.17278675734996796	-0.5115346908569336	0.1304345577955246	0.37002742290496826	0.23365835845470428	0.14711244404315948	0.27790525555610657	0.197993203997612	-0.0549398809671402	-0.4013170599937439	0.25878793001174927	0.09486411511898041	-0.18010064959526062	-0.08934742212295532	0.34862977266311646	0.15310387313365936	-0.13319027423858643	0.542195737361908	0.06632167100906372	0.552399218082428	0.14796985685825348	0.11422664672136307	0.06340308487415314	0.1395113617181778	-0.051428090780973434	0.03131796792149544	0.0177004374563694	0.1262170821428299	0.13989786803722382	0.20609219372272491	0.3276088237762451	0.2547062635421753	0.04061681404709816	0.5950412154197693	0.2506624162197113	-0.0871669203042984	-0.04636501893401146	0.37821242213249207	-0.0547448955476284	0.412964403629303	0.4042253792285919	0.4474736154079437	0.21527504920959473	0.38169848918914795	0.0029774748254567385	-0.16088801622390747	0.13334019482135773	0.37862512469291687	-0.0028414600528776646	0.3079770505428314	0.6641281247138977	0.4538598954677582	0.20439466834068298	0.5366982221603394	0.4903869330883026	0.11715847253799438	0.30286529660224915	0.2956697642803192	0.5378553867340088	0.04661112278699875	0.22225512564182281	0.0986630767583847	0.33351555466651917	0.3573470711708069	0.1530991792678833	0.0669747143983841	0.3226974606513977	-0.1450386643409729	-0.003906168742105365	-0.6742211580276489	-0.273414671421051	-0.7118489742279053	-0.8072243332862854	-0.710253894329071	-0.10874707996845245
LH_SomMot_3	0.27688971161842346	0.2032265067100525	0.529961884021759	-0.16464132070541382	-0.11520110815763474	0.5081539750099182	-0.2067326456308365	-0.0467219315469265	0.4238870441913605	0.7488983869552612	0.8993915915489197	1.0	0.5938867926597595	0.49470165371894836	0.26497891545295715	-0.200142040848732	0.5802265405654907	-0.20724835991859436	0.3432549834251404	-0.11228636652231216	0.46672549843788147	0.06683636456727982	-0.12434624880552292	0.7314662337303162	0.6836995482444763	0.5678302645683289	0.3782842755317688	0.556039571762085	0.6597602963447571	0.5719404220581055	-0.26332926750183105	-0.015334878116846085	-0.11710364371538162	-0.24404920637607574	-0.05839139223098755	0.09165476262569427	0.15129555761814117	-0.26134392619132996	-0.5549625158309937	-0.18940488994121552	-0.557612955570221	0.26108938455581665	-0.17914371192455292	0.18266838788986206	-0.4452103078365326	0.0431608110666275	-0.3228651285171509	-0.2680857479572296	0.25621843338012695	-0.4451036751270294	0.038118958473205566	0.32994499802589417	0.0449463427066803	-0.23485633730888367	0.34183093905448914	0.5011279582977295	0.039282772690057755	0.3378976285457611	0.7966921329498291	0.6859636902809143	0.7550792694091797	0.517796516418457	0.5424391627311707	0.3225233852863312	0.43166792392730713	0.17332608997821808	0.010465831495821476	0.4957830011844635	-0.2004319280385971	-0.2449216991662979	0.27536511421203613	0.2182658314704895	0.32616981863975525	0.19180577993392944	0.6764363050460815	0.7672929167747498	0.6519372463226318	0.7938928604125977	-0.3305111825466156	-0.03781808540225029	0.1383078694343567	-0.27775442600250244	-0.49057644605636597	0.08407178521156311	0.25514301657676697	0.08245159685611725	0.17279013991355896	0.2288912832736969	0.1431526094675064	-0.11492104083299637	-0.4023919999599457	0.21328148245811462	0.05998067557811737	-0.12833069264888763	0.05771256610751152	0.27063995599746704	0.059390876442193985	-0.3034856915473938	0.4459969699382782	-0.03431025147438049	0.5174585580825806	0.14119090139865875	0.016125844791531563	0.03195793181657791	0.17816314101219177	-0.0546986386179924	-0.044933002442121506	0.07949318736791611	-0.017215149477124214	0.13674414157867432	0.2586653232574463	0.2843720316886902	0.20941612124443054	0.07270509004592896	0.5815190076828003	0.19686348736286163	-0.0934845581650734	-0.069661945104599	0.38749784231185913	0.06230137497186661	0.3421795964241028	0.28435900807380676	0.38327550888061523	0.16984368860721588	0.2673957049846649	-0.04384784400463104	-0.23201106488704681	0.15587221086025238	0.1758028268814087	-0.005316660273820162	0.3342283368110657	0.580130398273468	0.4408668577671051	0.20029005408287048	0.4411790668964386	0.3847411572933197	0.03896896168589592	0.25220921635627747	0.3111611008644104	0.5031194686889648	0.019664915278553963	0.11871374398469925	0.03903508558869362	0.31944313645362854	0.2093932181596756	0.09813734143972397	0.0330234169960022	0.27476444840431213	-0.21493063867092133	-0.1250462681055069	-0.6347616314888	-0.2998238801956177	-0.678558886051178	-0.7552613019943237	-0.737452507019043	-0.25791504979133606
