Node	HIP-head-m-rh	HIP-head-l-rh	HIP-body-rh	HIP-tail-rh	THA-VPm-rh	THA-VPl-rh	THA-VAi-rh	THA-VAs-rh	THA-DAm-rh	THA-DAl-rh	PUT-VA-rh	PUT-DA-rh	PUT-VP-rh	PUT-DP-rh	CAU-VA-rh	CAU-DA-rh	CAU-body-rh	CAU-tail-rh	lAMY-rh	mAMY-rh	THA-DP-rh	NAc-shell-rh	NAc-core-rh	pGP-rh	aGP-rh	HIP-head-m-lh	HIP-head-l-l	HIP-body-l	HIP-tail-lh	THA-VPm-lh	THA-VPl-lh	THA-VAi-lh	THA-VAs-lh	THA-DAm-lh	THA-DAl-lh	PUT-VA-lh	PUT-DA-l	PUT-VP-lh	PUT-DP-lh	CAU-VA-lh	CAU-DA-lh	CAU-body-lh	CAU-tail-lh	lAMY-lh	mAMY-lh	THA-DP-lh	NAc-shell-lh	NAc-core-lh	pGP-lh	aGP-lh
HIP-head-m-rh	1.0	0.3845076262950897	0.2681601047515869	0.33332914113998413	-0.07768063992261887	0.0226437970995903	0.001519543002359569	-0.03437754139304161	-0.10725154727697372	0.05718462914228439	0.17292138934135437	0.11753759533166885	0.09201563149690628	0.22839172184467316	0.11741425096988678	0.08063062280416489	-0.11230535805225372	0.13257402181625366	0.5325564742088318	0.23492775857448578	-0.017507223412394524	0.21291802823543549	0.26441410183906555	-0.12868106365203857	-0.04934179410338402	0.573692798614502	0.33581775426864624	0.3476373553276062	0.24226032197475433	0.23726361989974976	0.04657992720603943	0.08050885796546936	-0.08991210162639618	0.15359123051166534	0.0312421265989542	0.08963242173194885	0.11550963670015335	0.09363006800413132	0.1308954954147339	-0.16749361157417297	0.10389137268066406	-0.12734828889369965	-0.057070065289735794	0.06216961890459061	0.3369477689266205	0.16991375386714935	-0.1321624517440796	0.059894099831581116	0.02369682304561138	-0.2591119110584259
HIP-head-l-rh	0.3845076262950897	1.0	0.2888973653316498	0.11544277518987656	-0.031077146530151367	0.15084651112556458	0.022400520741939545	0.04565368592739105	-0.13001976907253265	0.17895442247390747	-0.023317569866776466	0.07278978824615479	0.15321582555770874	0.23867787420749664	0.19078218936920166	-0.2698683440685272	-0.14472638070583344	-0.13319608569145203	0.22708529233932495	-0.011482292786240578	0.03788164258003235	0.24267694354057312	0.18528763949871063	0.10302520543336868	0.05582175776362419	0.36809810996055603	0.4208783507347107	0.5265567898750305	0.3845917582511902	0.06245076656341553	-0.028712008148431778	-0.11257925629615784	-0.351065993309021	0.01114941481500864	0.0009225526009686291	0.054915886372327805	-0.18927325308322906	0.23489268124103546	0.0670764371752739	0.062032900750637054	-0.13998295366764069	-0.2895393371582031	-0.16738270223140717	-0.044870827347040176	0.2290572077035904	0.24956631660461426	0.024923326447606087	0.09946417808532715	0.0980549305677414	-0.0692615956068039
HIP-body-rh	0.2681601047515869	0.2888973653316498	1.0	0.2852984666824341	0.14501509070396423	0.11248156428337097	0.1304323524236679	-0.15803834795951843	-0.12725761532783508	-0.12417125701904297	0.4599693715572357	0.1999049186706543	0.20936326682567596	0.01538111548870802	-0.11355511844158173	-0.07341853529214859	-0.14834639430046082	-0.12805527448654175	0.27939969301223755	0.12202035635709763	0.09191491454839706	0.19008658826351166	0.09830999374389648	0.030437728390097618	-0.007527600973844528	0.2235451638698578	0.2537439167499542	0.44779685139656067	0.4298030138015747	0.23701472580432892	0.12226458638906479	0.18499261140823364	-0.12662364542484283	-0.020233912393450737	-0.0656094178557396	0.4482690095901489	0.1965029239654541	0.07335297763347626	-0.09526858478784561	0.11686476320028305	-0.11783186346292496	-0.38874000310897827	0.05079885944724083	0.23406624794006348	0.02280154451727867	0.34487631916999817	0.1539040356874466	0.2871272563934326	0.16934621334075928	-0.005298133473843336
HIP-tail-rh	0.33332914113998413	0.11544277518987656	0.2852984666824341	1.0	0.13854682445526123	0.09180261194705963	0.3612132966518402	0.21208502352237701	0.2374519556760788	0.24830229580402374	0.20126014947891235	0.11212140321731567	0.16119484603405	0.42889511585235596	0.3032969534397125	0.2395879328250885	0.06060335412621498	0.18330232799053192	0.14756551384925842	0.1407773643732071	0.20178505778312683	0.4587526023387909	0.32690978050231934	-0.10913457721471786	-0.01704850047826767	0.14544956386089325	0.07055868208408356	0.19826653599739075	0.6080681085586548	0.10009496659040451	0.3666635751724243	0.10996714979410172	-0.024237126111984253	0.19633476436138153	0.2835882306098938	0.11514021456241608	0.3576343357563019	0.1356617510318756	0.3002709448337555	0.12985654175281525	0.16260629892349243	-0.10149309784173965	0.04056314751505852	-0.18591953814029694	0.19696304202079773	-0.0598459430038929	0.06260401010513306	0.1531068980693817	-0.011188222095370293	-0.03203405439853668
THA-VPm-rh	-0.07768063992261887	-0.031077146530151367	0.14501509070396423	0.13854682445526123	1.0	0.20002293586730957	0.1442217379808426	0.2513657808303833	0.2248464971780777	0.26539668440818787	0.16731004416942596	0.1977754682302475	0.38678503036499023	0.1611582338809967	0.10622534900903702	-0.013526981696486473	0.050281234085559845	0.05743184685707092	-0.21948474645614624	-0.18714715540409088	0.5445513725280762	0.13842856884002686	-0.03865274414420128	0.25366559624671936	-0.023375149816274643	-0.1695747673511505	0.0012379959225654602	0.2083064764738083	0.28689858317375183	0.3790362477302551	0.1708374321460724	0.2652094066143036	0.25971662998199463	0.3648393750190735	0.27225732803344727	0.12680645287036896	0.1052870973944664	-0.013317050412297249	-0.023057499900460243	0.15116995573043823	-0.013496683910489082	0.01426584180444479	0.08264058828353882	0.32362672686576843	-0.3144073784351349	0.31366148591041565	0.47291478514671326	0.09520967304706573	-0.0709102600812912	-0.2588484287261963
THA-VPl-rh	0.0226437970995903	0.15084651112556458	0.11248156428337097	0.09180261194705963	0.20002293586730957	1.0	0.5545468330383301	-0.20608454942703247	0.01893468201160431	0.3390005826950073	-0.14205189049243927	-0.04330357164144516	-0.01510249450802803	0.20999270677566528	-0.24316176772117615	-0.38151004910469055	-0.1298711895942688	-0.30096855759620667	-0.0643373504281044	0.04919835925102234	0.1145501434803009	-0.16617608070373535	-0.31387385725975037	0.13701322674751282	-0.013112048618495464	0.15168018639087677	0.284607857465744	0.018034394830465317	0.43351319432258606	0.2332269251346588	0.5090658068656921	0.2966797649860382	-0.1647830307483673	0.28712350130081177	0.3187297582626343	-0.14603449404239655	0.0359543152153492	0.1282181739807129	0.12876524031162262	-0.20349036157131195	-0.09607347100973129	-0.19270771741867065	-0.14360985159873962	0.0012704279506579041	0.06801458448171616	0.23845568299293518	-0.3978710472583771	-0.3312394618988037	0.13326658308506012	-0.12813737988471985
THA-VAi-rh	0.001519543002359569	0.022400520741939545	0.1304323524236679	0.3612132966518402	0.1442217379808426	0.5545468330383301	1.0	0.19970108568668365	0.45644456148147583	0.526809573173523	-0.0031566238030791283	0.09061164408922195	0.13012667000293732	0.20853333175182343	0.03025743179023266	-0.051173966377973557	-0.04462362453341484	0.09932036697864532	-0.09827286750078201	-0.027019910514354706	0.3501751124858856	0.11449996381998062	-0.02333848737180233	0.2180960476398468	0.10803363472223282	-0.09025831520557404	0.03291619196534157	0.020460132509469986	0.41779544949531555	0.33117207884788513	0.5431436896324158	0.6042102575302124	-0.011951914057135582	0.554856538772583	0.49919065833091736	-0.00391097879037261	0.23080600798130035	0.2638089060783386	0.19328372180461884	-0.037056390196084976	0.058176688849925995	-0.1586165875196457	-0.0622168704867363	-0.043937694281339645	0.13988439738750458	0.12984277307987213	-0.06931465864181519	0.02627105824649334	0.1941179782152176	0.22299598157405853
THA-VAs-rh	-0.03437754139304161	0.04565368592739105	-0.15803834795951843	0.21208502352237701	0.2513657808303833	-0.20608454942703247	0.19970108568668365	1.0	0.6925264000892639	0.5390567779541016	0.26125770807266235	0.36600661277770996	0.41436174511909485	0.30826473236083984	0.45414799451828003	0.5295183658599854	0.3926071226596832	0.4607888460159302	-0.2080254852771759	-0.34211716055870056	0.4866448938846588	0.3311091363430023	0.5691589713096619	0.20061364769935608	0.12865419685840607	-0.36787065863609314	-0.3439353406429291	0.0689624473452568	0.05737324431538582	0.1564420610666275	0.026540162041783333	0.32178983092308044	0.25026562809944153	0.3931131362915039	0.4495001435279846	0.2283179759979248	0.1961519420146942	-0.08507101237773895	0.24830497801303864	0.32826918363571167	0.3395110070705414	0.1563071310520172	0.14699146151542664	0.059934988617897034	-0.42453157901763916	0.02354232594370842	0.422332227230072	0.45676517486572266	-0.0365690253674984	-0.004254970699548721
THA-DAm-rh	-0.10725154727697372	-0.13001976907253265	-0.12725761532783508	0.2374519556760788	0.2248464971780777	0.01893468201160431	0.45644456148147583	0.6925264000892639	1.0	0.5390487909317017	0.23061737418174744	0.25486019253730774	0.2572108507156372	0.2124527394771576	0.27086421847343445	0.4593711197376251	0.2680768072605133	0.3439648747444153	-0.2032851129770279	-0.215326189994812	0.45820996165275574	0.24694573879241943	0.4420948624610901	0.32778775691986084	0.1622655838727951	-0.49267059564590454	-0.4188492000102997	-0.18057219684123993	0.0039013316854834557	0.2976008653640747	0.08199571073055267	0.5679852366447449	0.24055707454681396	0.6449079513549805	0.5773056745529175	0.2161647081375122	0.2561504542827606	-0.09412237256765366	0.15326833724975586	0.27571189403533936	0.3349241316318512	0.19181811809539795	0.19750097393989563	-0.005252343136817217	-0.4371826648712158	0.014565519988536835	0.22665540874004364	0.38978487253189087	-0.04537799954414368	-0.06444293260574341
THA-DAl-rh	0.05718462914228439	0.17895442247390747	-0.12417125701904297	0.24830229580402374	0.26539668440818787	0.3390005826950073	0.526809573173523	0.5390567779541016	0.5390487909317017	1.0	0.008062551729381084	0.24007727205753326	0.3614818751811981	0.40165215730667114	0.3122316300868988	0.11899663507938385	0.19962415099143982	0.26009970903396606	-0.10273425281047821	-0.02542717009782791	0.4361055791378021	0.37536606192588806	0.2803881764411926	0.19854356348514557	0.27969324588775635	-0.13721315562725067	-0.021685173735022545	0.04339584335684776	0.3534437119960785	0.2994578778743744	0.26496225595474243	0.42587020993232727	0.2017759382724762	0.4644261300563812	0.5862521529197693	0.11285442858934402	0.19583167135715485	0.2370818555355072	0.35608476400375366	0.25369250774383545	0.18556305766105652	0.13952656090259552	0.07933706790208817	-0.04070713371038437	-0.03486499935388565	0.10230254381895065	0.08415695279836655	0.20887835323810577	-0.05637311190366745	0.09988079220056534
PUT-VA-rh	0.17292138934135437	-0.023317569866776466	0.4599693715572357	0.20126014947891235	0.16731004416942596	-0.14205189049243927	-0.0031566238030791283	0.26125770807266235	0.23061737418174744	0.008062551729381084	1.0	0.7199168801307678	0.405916303396225	0.37405213713645935	0.008175920695066452	0.39723753929138184	0.38887786865234375	0.36861932277679443	0.19808614253997803	-0.07814562320709229	0.190176323056221	0.22657307982444763	0.5109719634056091	0.07263341546058655	0.06367627531290054	-0.15351490676403046	-0.1950775384902954	0.029249858111143112	0.06170421093702316	0.3273315131664276	0.17724546790122986	0.16835972666740417	0.22383682429790497	-0.03690928965806961	0.11397778987884521	0.837273895740509	0.6577559113502502	0.09919575601816177	0.2496672123670578	0.1517755389213562	0.11787905544042587	0.0030273827724158764	0.3886827528476715	0.355602502822876	-0.3145222067832947	0.23783515393733978	0.2729112207889557	0.5134268403053284	0.270712286233902	-0.010953712277114391
PUT-DA-rh	0.11753759533166885	0.07278978824615479	0.1999049186706543	0.11212140321731567	0.1977754682302475	-0.04330357164144516	0.09061164408922195	0.36600661277770996	0.25486019253730774	0.24007727205753326	0.7199168801307678	1.0	0.46719807386398315	0.6249012351036072	0.2091643214225769	0.2628940939903259	0.38172000646591187	0.5156629085540771	-0.006153039634227753	-0.13101054728031158	0.26732146739959717	0.14591911435127258	0.3527134656906128	0.05951061099767685	0.025627775117754936	-0.07920205593109131	-0.07479529827833176	0.24338369071483612	0.1327207386493683	0.36033663153648376	0.2377750426530838	0.34196868538856506	0.28175657987594604	0.07297082245349884	0.19170904159545898	0.6576111316680908	0.7179065942764282	0.2919413149356842	0.5590126514434814	0.1695849597454071	0.02976350672543049	0.1713321954011917	0.38208189606666565	0.35036352276802063	-0.22773197293281555	0.32817336916923523	0.2787412703037262	0.24136315286159515	0.36644434928894043	0.057767562568187714
PUT-VP-rh	0.09201563149690628	0.15321582555770874	0.20936326682567596	0.16119484603405	0.38678503036499023	-0.01510249450802803	0.13012667000293732	0.41436174511909485	0.2572108507156372	0.3614818751811981	0.405916303396225	0.46719807386398315	1.0	0.5427196025848389	0.27114149928092957	0.15042798221111298	0.3355107605457306	0.44137364625930786	0.060669995844364166	0.09764254838228226	0.3164125680923462	0.1749226450920105	0.21133746206760406	0.25279560685157776	0.07572164386510849	-0.14948870241641998	0.05601900443434715	0.2513676583766937	0.27383068203926086	0.21810831129550934	0.10538099706172943	0.1510460078716278	0.1914544552564621	0.1453656703233719	0.22112728655338287	0.4276070296764374	0.41348278522491455	0.48290354013442993	0.3904186487197876	0.3490762412548065	0.15117307007312775	0.1743764728307724	0.28402766585350037	0.3316870927810669	-0.14859814941883087	0.07140131294727325	0.2823406755924225	0.28512895107269287	0.06094121187925339	-0.24405255913734436
PUT-DP-rh	0.22839172184467316	0.23867787420749664	0.01538111548870802	0.42889511585235596	0.1611582338809967	0.20999270677566528	0.20853333175182343	0.30826473236083984	0.2124527394771576	0.40165215730667114	0.37405213713645935	0.6249012351036072	0.5427196025848389	1.0	0.2647244334220886	0.13428713381290436	0.43991729617118835	0.5056322813034058	0.0027812879998236895	0.19964173436164856	0.10897999256849289	0.15104199945926666	0.2686596214771271	-0.10110719501972198	0.07786304503679276	0.1225651353597641	0.061503127217292786	0.11256562918424606	0.34649214148521423	0.20486325025558472	0.25445255637168884	0.08037129044532776	0.23218820989131927	0.10107175260782242	0.33582553267478943	0.3303253948688507	0.6360270380973816	0.5102335810661316	0.8312603831291199	0.18605691194534302	0.20252607762813568	0.2876744568347931	0.35207250714302063	-0.01992512308061123	0.04803745448589325	0.01119567546993494	-0.05694519728422165	0.031679604202508926	0.11857251077890396	-0.17692984640598297
CAU-VA-rh	0.11741425096988678	0.19078218936920166	-0.11355511844158173	0.3032969534397125	0.10622534900903702	-0.24316176772117615	0.03025743179023266	0.45414799451828003	0.27086421847343445	0.3122316300868988	0.008175920695066452	0.2091643214225769	0.27114149928092957	0.2647244334220886	1.0	0.40781018137931824	0.30821341276168823	0.3881043791770935	-0.03194385766983032	-0.06257235258817673	0.14618533849716187	0.3534480929374695	0.4016461968421936	0.05581196770071983	0.09911331534385681	0.04941936954855919	0.1376221776008606	0.1732194572687149	0.1900099813938141	-0.1487979143857956	-0.03727881237864494	0.10093315690755844	0.09907946735620499	0.12943951785564423	0.2299290895462036	0.00882717128843069	0.10337314009666443	0.06625883281230927	0.22219981253147125	0.5459724068641663	0.4104944169521332	0.30822643637657166	0.2453717738389969	-0.08405866473913193	0.10488391667604446	-0.1444762498140335	0.28069770336151123	0.24311067163944244	-0.18354058265686035	-0.007028108462691307
CAU-DA-rh	0.08063062280416489	-0.2698683440685272	-0.07341853529214859	0.2395879328250885	-0.013526981696486473	-0.38151004910469055	-0.051173966377973557	0.5295183658599854	0.4593711197376251	0.11899663507938385	0.39723753929138184	0.2628940939903259	0.15042798221111298	0.13428713381290436	0.40781018137931824	1.0	0.4581640958786011	0.4996696710586548	0.05041942745447159	-0.09940782189369202	0.059509020298719406	0.33819103240966797	0.5739092230796814	0.0318475067615509	0.17741051316261292	-0.26262596249580383	-0.30309543013572693	-0.21536006033420563	-0.1718463897705078	0.066871777176857	-0.024772468954324722	0.17365024983882904	0.28813374042510986	0.13069424033164978	0.26082533597946167	0.38809531927108765	0.35498034954071045	-0.29832354187965393	0.06782013177871704	0.3208174407482147	0.7142300009727478	0.19973744451999664	0.1705566942691803	0.2961406707763672	-0.25175538659095764	-0.03884459286928177	0.392557829618454	0.5930655002593994	-0.1921091377735138	0.02549058571457863
CAU-body-rh	-0.11230535805225372	-0.14472638070583344	-0.14834639430046082	0.06060335412621498	0.050281234085559845	-0.1298711895942688	-0.04462362453341484	0.3926071226596832	0.2680768072605133	0.19962415099143982	0.38887786865234375	0.38172000646591187	0.3355107605457306	0.43991729617118835	0.30821341276168823	0.4581640958786011	1.0	0.6172444224357605	-0.08212029188871384	0.14086048305034637	-0.009109491482377052	0.013777106069028378	0.27728983759880066	-0.2702973783016205	0.21657098829746246	-0.18938115239143372	-0.21544840931892395	-0.2764381766319275	-0.13506551086902618	0.2396380454301834	-0.03418496623635292	0.012080236338078976	0.4805760979652405	0.04328524321317673	0.25803694128990173	0.24816778302192688	0.33231449127197266	0.15037068724632263	0.4684095084667206	0.34157323837280273	0.4080425202846527	0.47594910860061646	0.5195103287696838	0.12071739137172699	-0.16745568811893463	-0.05013453587889671	0.060189276933670044	0.1887698471546173	-0.0407361201941967	-0.21142219007015228
CAU-tail-rh	0.13257402181625366	-0.13319608569145203	-0.12805527448654175	0.18330232799053192	0.05743184685707092	-0.30096855759620667	0.09932036697864532	0.4607888460159302	0.3439648747444153	0.26009970903396606	0.36861932277679443	0.5156629085540771	0.44137364625930786	0.5056322813034058	0.3881043791770935	0.4996696710586548	0.6172444224357605	1.0	-0.09656818956136703	0.19345924258232117	0.0920557975769043	0.18147602677345276	0.29371508955955505	-0.19792142510414124	0.32888177037239075	0.014599517919123173	-0.1742984801530838	-0.03904728591442108	-0.15751858055591583	0.27287331223487854	-0.03444425389170647	0.19625361263751984	0.43209922313690186	0.1796140968799591	0.30997729301452637	0.3107289969921112	0.5114511847496033	0.33833134174346924	0.5475528836250305	0.32009032368659973	0.4204888343811035	0.3919857442378998	0.5057356953620911	0.1292731761932373	-0.03146906942129135	-0.14128141105175018	0.1722285896539688	0.2625216245651245	-0.07761025428771973	-0.10098400712013245
lAMY-rh	0.5325564742088318	0.22708529233932495	0.27939969301223755	0.14756551384925842	-0.21948474645614624	-0.0643373504281044	-0.09827286750078201	-0.2080254852771759	-0.2032851129770279	-0.10273425281047821	0.19808614253997803	-0.006153039634227753	0.060669995844364166	0.0027812879998236895	-0.03194385766983032	0.05041942745447159	-0.08212029188871384	-0.09656818956136703	1.0	0.31180500984191895	-0.06779248267412186	0.15884386003017426	0.13075627386569977	-0.06342659890651703	-0.07119685411453247	0.3666052520275116	0.3717813193798065	0.07353979349136353	0.041243426501750946	0.08117548376321793	-0.11396763473749161	-0.13574154675006866	-0.16129878163337708	-0.11296862363815308	-0.18177646398544312	0.2160148024559021	0.09298498183488846	0.06556583195924759	-0.060164567083120346	-0.0675327479839325	0.014528701081871986	-0.18560828268527985	0.01679552160203457	0.22179460525512695	0.23759044706821442	0.16250638663768768	-0.10167916864156723	0.17127667367458344	0.024058202281594276	-0.13420715928077698
mAMY-rh	0.23492775857448578	-0.011482292786240578	0.12202035635709763	0.1407773643732071	-0.18714715540409088	0.04919835925102234	-0.027019910514354706	-0.34211716055870056	-0.215326189994812	-0.02542717009782791	-0.07814562320709229	-0.13101054728031158	0.09764254838228226	0.19964173436164856	-0.06257235258817673	-0.09940782189369202	0.14086048305034637	0.19345924258232117	0.31180500984191895	1.0	-0.44557347893714905	-0.03604716807603836	-0.32187768816947937	-0.38767239451408386	0.21275877952575684	0.42622244358062744	0.4106084108352661	-0.05173070728778839	0.04963165149092674	0.04953466355800629	-0.09286988526582718	-0.059587378054857254	0.15960697829723358	-0.06197322905063629	0.020695485174655914	-0.04505659639835358	0.1335986852645874	0.2758825123310089	0.2747281789779663	0.04781227186322212	0.0523168109357357	0.039322562515735626	0.11184582114219666	-0.07306284457445145	0.5056971311569214	-0.2305963784456253	-0.29450610280036926	-0.05286747217178345	-0.24250367283821106	-0.3685302734375
THA-DP-rh	-0.017507223412394524	0.03788164258003235	0.09191491454839706	0.20178505778312683	0.5445513725280762	0.1145501434803009	0.3501751124858856	0.4866448938846588	0.45820996165275574	0.4361055791378021	0.190176323056221	0.26732146739959717	0.3164125680923462	0.10897999256849289	0.14618533849716187	0.059509020298719406	-0.009109491482377052	0.0920557975769043	-0.06779248267412186	-0.44557347893714905	1.0	0.024338221177458763	0.2459477037191391	0.33123579621315	0.03492819517850876	-0.27669426798820496	-0.23549799621105194	0.3253585994243622	0.22717417776584625	0.43442901968955994	0.29352477192878723	0.45516330003738403	0.19142812490463257	0.48988109827041626	0.49782493710517883	0.19810684025287628	0.11671395599842072	0.03476862236857414	-0.021382000297307968	0.12189165502786636	-0.012222771532833576	0.04486191272735596	0.15004463493824005	0.13944509625434875	-0.24846504628658295	0.37902072072029114	0.3271990418434143	0.13138088583946228	0.27986201643943787	0.08574887365102768
NAc-shell-rh	0.21291802823543549	0.24267694354057312	0.19008658826351166	0.4587526023387909	0.13842856884002686	-0.16617608070373535	0.11449996381998062	0.3311091363430023	0.24694573879241943	0.37536606192588806	0.22657307982444763	0.14591911435127258	0.1749226450920105	0.15104199945926666	0.3534480929374695	0.33819103240966797	0.013777106069028378	0.18147602677345276	0.15884386003017426	-0.03604716807603836	0.024338221177458763	1.0	0.5114248394966125	0.11930082738399506	0.4209817945957184	-0.014851530082523823	0.12480828911066055	0.04340759292244911	0.2966262996196747	0.057675641030073166	-0.02183489315211773	0.06188846006989479	-0.0242649856954813	0.029256479814648628	0.08279137313365936	0.26246583461761475	0.08271162211894989	-0.08068963885307312	-0.025988947600126266	0.2807275652885437	0.09559318423271179	-0.21895843744277954	-0.1933681070804596	0.02029447816312313	0.05225309729576111	0.050980374217033386	0.4152458608150482	0.5571818947792053	-0.24279391765594482	0.16760815680027008
NAc-core-rh	0.26441410183906555	0.18528763949871063	0.09830999374389648	0.32690978050231934	-0.03865274414420128	-0.31387385725975037	-0.02333848737180233	0.5691589713096619	0.4420948624610901	0.2803881764411926	0.5109719634056091	0.3527134656906128	0.21133746206760406	0.2686596214771271	0.4016461968421936	0.5739092230796814	0.27728983759880066	0.29371508955955505	0.13075627386569977	-0.32187768816947937	0.2459477037191391	0.5114248394966125	1.0	0.11417556554079056	0.09864867478609085	-0.21007965505123138	-0.3173667788505554	0.07420677691698074	0.10759196430444717	0.07443932443857193	0.012556956149637699	0.08951275795698166	0.025766823440790176	0.1258590966463089	0.25086429715156555	0.45410391688346863	0.2025606781244278	-0.13745525479316711	0.14551621675491333	0.23612527549266815	0.3056090474128723	0.09300338476896286	0.16427849233150482	-0.04563365504145622	-0.23826512694358826	0.024339808151125908	0.29734769463539124	0.5872751474380493	0.04280296713113785	0.03522375226020813
pGP-rh	-0.12868106365203857	0.10302520543336868	0.030437728390097618	-0.10913457721471786	0.25366559624671936	0.13701322674751282	0.2180960476398468	0.20061364769935608	0.32778775691986084	0.19854356348514557	0.07263341546058655	0.05951061099767685	0.25279560685157776	-0.10110719501972198	0.05581196770071983	0.0318475067615509	-0.2702973783016205	-0.19792142510414124	-0.06342659890651703	-0.38767239451408386	0.33123579621315	0.11930082738399506	0.11417556554079056	1.0	-0.07563887536525726	-0.470686674118042	-0.14748802781105042	0.018419362604618073	-0.014492129907011986	0.028681565076112747	0.0622088685631752	0.3113604187965393	-0.13024315237998962	0.30402079224586487	0.054112255573272705	0.15041349828243256	0.030336959287524223	-0.04114609584212303	-0.2541327476501465	0.052099619060754776	0.11764982342720032	-0.06938131153583527	-0.0544845350086689	0.27929365634918213	-0.23883801698684692	0.3211747109889984	0.2951562702655792	0.23317183554172516	0.3262939453125	0.020538778975605965
aGP-rh	-0.04934179410338402	0.05582175776362419	-0.007527600973844528	-0.01704850047826767	-0.023375149816274643	-0.013112048618495464	0.10803363472223282	0.12865419685840607	0.1622655838727951	0.27969324588775635	0.06367627531290054	0.025627775117754936	0.07572164386510849	0.07786304503679276	0.09911331534385681	0.17741051316261292	0.21657098829746246	0.32888177037239075	-0.07119685411453247	0.21275877952575684	0.03492819517850876	0.4209817945957184	0.09864867478609085	-0.07563887536525726	1.0	-0.05150524154305458	0.0191508699208498	-0.20617017149925232	-0.1050005555152893	0.2862297594547272	-0.09193885326385498	0.10968514531850815	0.3233729600906372	-0.024013662710785866	0.2760173976421356	0.07994896918535233	-0.03939506784081459	0.033389486372470856	-0.06594681739807129	0.2274700552225113	0.1922961175441742	-0.0405522957444191	-0.04347644001245499	-0.0657237097620964	0.1894446611404419	0.038064926862716675	0.04197290167212486	0.31968674063682556	-0.20351962745189667	0.2605542838573456
HIP-head-m-lh	0.573692798614502	0.36809810996055603	0.2235451638698578	0.14544956386089325	-0.1695747673511505	0.15168018639087677	-0.09025831520557404	-0.36787065863609314	-0.49267059564590454	-0.13721315562725067	-0.15351490676403046	-0.07920205593109131	-0.14948870241641998	0.1225651353597641	0.04941936954855919	-0.26262596249580383	-0.18938115239143372	0.014599517919123173	0.3666052520275116	0.42622244358062744	-0.27669426798820496	-0.014851530082523823	-0.21007965505123138	-0.470686674118042	-0.05150524154305458	1.0	0.6270731687545776	0.36427852511405945	0.22689072787761688	-0.02455500327050686	0.03855513408780098	-0.16089923679828644	-0.22712069749832153	-0.12842604517936707	-0.12095183879137039	-0.16411526501178741	-0.04237920045852661	0.17298336327075958	0.16466914117336273	-0.1453438550233841	-0.1297117918729782	-0.15187962353229523	-0.09496492147445679	-0.10169267654418945	0.4986342191696167	0.029766062274575233	-0.28130149841308594	-0.2651798725128174	-0.035637397319078445	-0.15684548020362854
HIP-head-l-l	0.33581775426864624	0.4208783507347107	0.2537439167499542	0.07055868208408356	0.0012379959225654602	0.284607857465744	0.03291619196534157	-0.3439353406429291	-0.4188492000102997	-0.021685173735022545	-0.1950775384902954	-0.07479529827833176	0.05601900443434715	0.061503127217292786	0.1376221776008606	-0.30309543013572693	-0.21544840931892395	-0.1742984801530838	0.3717813193798065	0.4106084108352661	-0.23549799621105194	0.12480828911066055	-0.3173667788505554	-0.14748802781105042	0.0191508699208498	0.6270731687545776	1.0	0.34102460741996765	0.38700059056282043	-0.007489081006497145	0.1246090829372406	-0.10639853030443192	-0.25923842191696167	-0.13594521582126617	-0.1387159675359726	-0.13879543542861938	-0.13779045641422272	0.21280500292778015	0.026139473542571068	-0.08383623510599136	-0.2050865739583969	-0.3196386992931366	-0.16729366779327393	0.0987839624285698	0.5187166333198547	0.12460104376077652	-0.042018186300992966	-0.1477402001619339	-0.09904848784208298	-0.13133201003074646
HIP-body-l	0.3476373553276062	0.5265567898750305	0.44779685139656067	0.19826653599739075	0.2083064764738083	0.018034394830465317	0.020460132509469986	0.0689624473452568	-0.18057219684123993	0.04339584335684776	0.029249858111143112	0.24338369071483612	0.2513676583766937	0.11256562918424606	0.1732194572687149	-0.21536006033420563	-0.2764381766319275	-0.03904728591442108	0.07353979349136353	-0.05173070728778839	0.3253585994243622	0.04340759292244911	0.07420677691698074	0.018419362604618073	-0.20617017149925232	0.36427852511405945	0.34102460741996765	1.0	0.5176693201065063	0.2354484349489212	0.14095458388328552	0.2494109570980072	-0.1182684600353241	0.1762501448392868	0.13495346903800964	0.09566397219896317	0.007369035389274359	0.1355620175600052	0.07031059265136719	0.05303089693188667	-0.24766530096530914	-0.1905500590801239	-0.04964030534029007	0.11571725457906723	0.16607825458049774	0.36692938208580017	0.3359672725200653	0.0899282917380333	0.20558340847492218	-0.1023230329155922
HIP-tail-lh	0.24226032197475433	0.3845917582511902	0.4298030138015747	0.6080681085586548	0.28689858317375183	0.43351319432258606	0.41779544949531555	0.05737324431538582	0.0039013316854834557	0.3534437119960785	0.06170421093702316	0.1327207386493683	0.27383068203926086	0.34649214148521423	0.1900099813938141	-0.1718463897705078	-0.13506551086902618	-0.15751858055591583	0.041243426501750946	0.04963165149092674	0.22717417776584625	0.2966262996196747	0.10759196430444717	-0.014492129907011986	-0.1050005555152893	0.22689072787761688	0.38700059056282043	0.5176693201065063	1.0	0.17705142498016357	0.46418002247810364	0.21737875044345856	-0.13398851454257965	0.24597294628620148	0.20774511992931366	0.03808864951133728	0.12460675090551376	0.31254464387893677	0.20016974210739136	0.0640111118555069	-0.1732313632965088	-0.25257766246795654	-0.1294485479593277	-0.05233894661068916	0.18472552299499512	0.20529687404632568	0.08764679729938507	-0.004549140110611916	0.12809433043003082	0.0038754798006266356
THA-VPm-lh	0.23726361989974976	0.06245076656341553	0.23701472580432892	0.10009496659040451	0.3790362477302551	0.2332269251346588	0.33117207884788513	0.1564420610666275	0.2976008653640747	0.2994578778743744	0.3273315131664276	0.36033663153648376	0.21810831129550934	0.20486325025558472	-0.1487979143857956	0.066871777176857	0.2396380454301834	0.27287331223487854	0.08117548376321793	0.04953466355800629	0.43442901968955994	0.057675641030073166	0.07443932443857193	0.028681565076112747	0.2862297594547272	-0.02455500327050686	-0.007489081006497145	0.2354484349489212	0.17705142498016357	1.0	0.09334385395050049	0.5384607315063477	0.39638516306877136	0.5025119781494141	0.5564142465591431	0.2703554928302765	0.2944078743457794	0.104662224650383	0.13974930346012115	-0.1424618363380432	-0.02640252560377121	-0.05039310082793236	0.11345305293798447	0.27776363492012024	-0.0369790717959404	0.590254008769989	0.292803019285202	0.21895831823349	0.17200468480587006	-0.12632857263088226
THA-VPl-lh	0.04657992720603943	-0.028712008148431778	0.12226458638906479	0.3666635751724243	0.1708374321460724	0.5090658068656921	0.5431436896324158	0.026540162041783333	0.08199571073055267	0.26496225595474243	0.17724546790122986	0.2377750426530838	0.10538099706172943	0.25445255637168884	-0.03727881237864494	-0.024772468954324722	-0.03418496623635292	-0.03444425389170647	-0.11396763473749161	-0.09286988526582718	0.29352477192878723	-0.02183489315211773	0.012556956149637699	0.0622088685631752	-0.09193885326385498	0.03855513408780098	0.1246090829372406	0.14095458388328552	0.46418002247810364	0.09334385395050049	1.0	0.31769782304763794	-0.005813398398458958	0.1500488817691803	0.29338493943214417	0.14667947590351105	0.29736489057540894	0.2121015191078186	0.244228333234787	-0.029533112421631813	-0.0657675638794899	-0.11230354011058807	-0.05240835249423981	0.051589034497737885	0.05620645359158516	0.07025850564241409	-0.16078509390354156	-0.13622286915779114	0.38248753547668457	0.17585420608520508
THA-VAi-lh	0.08050885796546936	-0.11257925629615784	0.18499261140823364	0.10996714979410172	0.2652094066143036	0.2966797649860382	0.6042102575302124	0.32178983092308044	0.5679852366447449	0.42587020993232727	0.16835972666740417	0.34196868538856506	0.1510460078716278	0.08037129044532776	0.10093315690755844	0.17365024983882904	0.012080236338078976	0.19625361263751984	-0.13574154675006866	-0.059587378054857254	0.45516330003738403	0.06188846006989479	0.08951275795698166	0.3113604187965393	0.10968514531850815	-0.16089923679828644	-0.10639853030443192	0.2494109570980072	0.21737875044345856	0.5384607315063477	0.31769782304763794	1.0	0.31323134899139404	0.7570469379425049	0.5742167234420776	0.17628802359104156	0.24912331998348236	-0.031869109719991684	0.11960199475288391	0.03848796710371971	0.15773595869541168	-0.0073058330453932285	0.12530803680419922	0.20608587563037872	-0.11528186500072479	0.3762655556201935	0.2399706393480301	0.2772839665412903	0.25054123997688293	-0.01284734345972538
THA-VAs-lh	-0.08991210162639618	-0.351065993309021	-0.12662364542484283	-0.024237126111984253	0.25971662998199463	-0.1647830307483673	-0.011951914057135582	0.25026562809944153	0.24055707454681396	0.2017759382724762	0.22383682429790497	0.28175657987594604	0.1914544552564621	0.23218820989131927	0.09907946735620499	0.28813374042510986	0.4805760979652405	0.43209922313690186	-0.16129878163337708	0.15960697829723358	0.19142812490463257	-0.0242649856954813	0.025766823440790176	-0.13024315237998962	0.3233729600906372	-0.22712069749832153	-0.25923842191696167	-0.1182684600353241	-0.13398851454257965	0.39638516306877136	-0.005813398398458958	0.31323134899139404	1.0	0.1862523853778839	0.3860452473163605	0.18054884672164917	0.3165605068206787	0.09154623001813889	0.29608139395713806	0.2864351272583008	0.17615261673927307	0.38673919439315796	0.4044494330883026	0.12177412211894989	-0.11486291140317917	0.0021034125238656998	0.24855218827724457	0.30995553731918335	-0.13279353082180023	0.067902110517025
THA-DAm-lh	0.15359123051166534	0.01114941481500864	-0.020233912393450737	0.19633476436138153	0.3648393750190735	0.28712350130081177	0.554856538772583	0.3931131362915039	0.6449079513549805	0.4644261300563812	-0.03690928965806961	0.07297082245349884	0.1453656703233719	0.10107175260782242	0.12943951785564423	0.13069424033164978	0.04328524321317673	0.1796140968799591	-0.11296862363815308	-0.06197322905063629	0.48988109827041626	0.029256479814648628	0.1258590966463089	0.30402079224586487	-0.024013662710785866	-0.12842604517936707	-0.13594521582126617	0.1762501448392868	0.24597294628620148	0.5025119781494141	0.1500488817691803	0.7570469379425049	0.1862523853778839	1.0	0.6080571413040161	-0.06008322909474373	0.056943200528621674	-0.054629627615213394	0.10969974100589752	0.08799096196889877	0.22218942642211914	0.11822010576725006	0.18024054169654846	0.06008601933717728	-0.17682097852230072	0.2794206440448761	0.1676633656024933	0.11821562796831131	0.08309988677501678	-0.26430070400238037
THA-DAl-lh	0.0312421265989542	0.0009225526009686291	-0.0656094178557396	0.2835882306098938	0.27225732803344727	0.3187297582626343	0.49919065833091736	0.4495001435279846	0.5773056745529175	0.5862521529197693	0.11397778987884521	0.19170904159545898	0.22112728655338287	0.33582553267478943	0.2299290895462036	0.26082533597946167	0.25803694128990173	0.30997729301452637	-0.18177646398544312	0.020695485174655914	0.49782493710517883	0.08279137313365936	0.25086429715156555	0.054112255573272705	0.2760173976421356	-0.12095183879137039	-0.1387159675359726	0.13495346903800964	0.20774511992931366	0.5564142465591431	0.29338493943214417	0.5742167234420776	0.3860452473163605	0.6080571413040161	1.0	0.14151790738105774	0.281578004360199	-0.10651913285255432	0.27268821001052856	0.22917671501636505	0.30576515197753906	0.2147914171218872	0.20584231615066528	-0.13928216695785522	-0.06043046712875366	0.06815560907125473	0.1600210964679718	0.29411405324935913	-0.07014590501785278	-0.03583589568734169
PUT-VA-lh	0.08963242173194885	0.054915886372327805	0.4482690095901489	0.11514021456241608	0.12680645287036896	-0.14603449404239655	-0.00391097879037261	0.2283179759979248	0.2161647081375122	0.11285442858934402	0.837273895740509	0.6576111316680908	0.4276070296764374	0.3303253948688507	0.00882717128843069	0.38809531927108765	0.24816778302192688	0.3107289969921112	0.2160148024559021	-0.04505659639835358	0.19810684025287628	0.26246583461761475	0.45410391688346863	0.15041349828243256	0.07994896918535233	-0.16411526501178741	-0.13879543542861938	0.09566397219896317	0.03808864951133728	0.2703554928302765	0.14667947590351105	0.17628802359104156	0.18054884672164917	-0.06008322909474373	0.14151790738105774	1.0	0.6840901970863342	0.14669567346572876	0.3020298182964325	0.2717611491680145	0.19757194817066193	0.09576641768217087	0.3522266149520874	0.3693333566188812	-0.29552096128463745	0.26209789514541626	0.3127346634864807	0.521142303943634	0.15188774466514587	0.08937950432300568
PUT-DA-l	0.11550963670015335	-0.18927325308322906	0.1965029239654541	0.3576343357563019	0.1052870973944664	0.0359543152153492	0.23080600798130035	0.1961519420146942	0.2561504542827606	0.19583167135715485	0.6577559113502502	0.7179065942764282	0.41348278522491455	0.6360270380973816	0.10337314009666443	0.35498034954071045	0.33231449127197266	0.5114511847496033	0.09298498183488846	0.1335986852645874	0.11671395599842072	0.08271162211894989	0.2025606781244278	0.030336959287524223	-0.03939506784081459	-0.04237920045852661	-0.13779045641422272	0.007369035389274359	0.12460675090551376	0.2944078743457794	0.29736489057540894	0.24912331998348236	0.3165605068206787	0.056943200528621674	0.281578004360199	0.6840901970863342	1.0	0.3492411971092224	0.6557325720787048	0.21250519156455994	0.2669081687927246	0.3317306637763977	0.42405450344085693	0.22689001262187958	-0.10081332176923752	0.14151287078857422	0.13414207100868225	0.23860430717468262	0.1956508457660675	0.07873930782079697
PUT-VP-lh	0.09363006800413132	0.23489268124103546	0.07335297763347626	0.1356617510318756	-0.013317050412297249	0.1282181739807129	0.2638089060783386	-0.08507101237773895	-0.09412237256765366	0.2370818555355072	0.09919575601816177	0.2919413149356842	0.48290354013442993	0.5102335810661316	0.06625883281230927	-0.29832354187965393	0.15037068724632263	0.33833134174346924	0.06556583195924759	0.2758825123310089	0.03476862236857414	-0.08068963885307312	-0.13745525479316711	-0.04114609584212303	0.033389486372470856	0.17298336327075958	0.21280500292778015	0.1355620175600052	0.31254464387893677	0.104662224650383	0.2121015191078186	-0.031869109719991684	0.09154623001813889	-0.054629627615213394	-0.10651913285255432	0.14669567346572876	0.3492411971092224	1.0	0.5691123604774475	0.014388788491487503	-0.18411436676979065	0.11494915187358856	0.2213374227285385	0.048984721302986145	0.30309587717056274	0.03505750745534897	-0.19588060677051544	-0.19049948453903198	0.22007429599761963	0.018645841628313065
PUT-DP-lh	0.1308954954147339	0.0670764371752739	-0.09526858478784561	0.3002709448337555	-0.023057499900460243	0.12876524031162262	0.19328372180461884	0.24830497801303864	0.15326833724975586	0.35608476400375366	0.2496672123670578	0.5590126514434814	0.3904186487197876	0.8312603831291199	0.22219981253147125	0.06782013177871704	0.4684095084667206	0.5475528836250305	-0.060164567083120346	0.2747281789779663	-0.021382000297307968	-0.025988947600126266	0.14551621675491333	-0.2541327476501465	-0.06594681739807129	0.16466914117336273	0.026139473542571068	0.07031059265136719	0.20016974210739136	0.13974930346012115	0.244228333234787	0.11960199475288391	0.29608139395713806	0.10969974100589752	0.27268821001052856	0.3020298182964325	0.6557325720787048	0.5691123604774475	1.0	0.19090725481510162	0.15028612315654755	0.4580608308315277	0.47276440262794495	-0.11114764213562012	0.039556168019771576	-0.10721495747566223	-0.1563950628042221	-0.07455570250749588	0.06741341203451157	-0.13472634553909302
