Node	HIP-head-m-rh	HIP-head-l-rh	HIP-body-rh	HIP-tail-rh	THA-VPm-rh	THA-VPl-rh	THA-VAi-rh	THA-VAs-rh	THA-DAm-rh	THA-DAl-rh	PUT-VA-rh	PUT-DA-rh	PUT-VP-rh	PUT-DP-rh	CAU-VA-rh	CAU-DA-rh	CAU-body-rh	CAU-tail-rh	lAMY-rh	mAMY-rh	THA-DP-rh	NAc-shell-rh	NAc-core-rh	pGP-rh	aGP-rh	HIP-head-m-lh	HIP-head-l-l	HIP-body-l	HIP-tail-lh	THA-VPm-lh	THA-VPl-lh	THA-VAi-lh	THA-VAs-lh	THA-DAm-lh	THA-DAl-lh	PUT-VA-lh	PUT-DA-l	PUT-VP-lh	PUT-DP-lh	CAU-VA-lh	CAU-DA-lh	CAU-body-lh	CAU-tail-lh	lAMY-lh	mAMY-lh	THA-DP-lh	NAc-shell-lh	NAc-core-lh	pGP-lh	aGP-lh
HIP-head-m-rh	1.0	0.624857485294342	0.6321458220481873	0.2914471924304962	-0.15451420843601227	0.120460644364357	0.11058725416660309	-0.2991456985473633	0.031793367117643356	-0.11944541335105896	0.06029682606458664	0.016971206292510033	0.03353093937039375	-0.05380101874470711	-0.29076337814331055	-0.32791540026664734	-0.4775606393814087	-0.4491802752017975	0.2686900794506073	0.6130858063697815	0.01574561558663845	0.26851072907447815	0.13633234798908234	0.3068654239177704	-0.19281552731990814	0.8172975182533264	0.6489765048027039	0.5491230487823486	0.30998286604881287	0.021792801097035408	0.3413119614124298	-0.0156454648822546	-0.1233968511223793	0.18661217391490936	0.34952446818351746	0.2095983624458313	-0.12482710182666779	0.0678861141204834	0.012667120434343815	-0.11733094602823257	-0.27851295471191406	-0.4630643427371979	-0.2048136293888092	0.14306111633777618	0.3734048306941986	0.24042204022407532	0.41396042704582214	0.07998517900705338	-0.1008601114153862	0.18497231602668762
HIP-head-l-rh	0.624857485294342	1.0	0.6584906578063965	0.3529622554779053	-0.24201789498329163	0.31654953956604004	-0.03849094361066818	-0.1580856889486313	-0.03645395115017891	0.18341822922229767	0.07607489079236984	-0.062248922884464264	-0.1558525413274765	-0.052703116089105606	-0.31796908378601074	-0.21254433691501617	-0.2664485573768616	-0.35601550340652466	0.20030449330806732	0.4161064028739929	-0.1979002058506012	-0.0016983491368591785	0.058561600744724274	0.4489787518978119	-0.07371656596660614	0.5642069578170776	0.6904784440994263	0.6613166332244873	0.35400426387786865	0.22082962095737457	0.243609219789505	0.045516423881053925	0.17281030118465424	0.1713489145040512	0.2798386812210083	0.24859853088855743	-0.07533840090036392	-0.07623431831598282	-0.17165952920913696	0.11569347232580185	0.14019353687763214	-0.08053408563137054	-0.05355038493871689	0.1274997889995575	0.37025001645088196	0.22271732985973358	0.37214529514312744	0.19061021506786346	-0.21413713693618774	0.37693214416503906
HIP-body-rh	0.6321458220481873	0.6584906578063965	1.0	0.7429660558700562	0.06882551312446594	0.41343390941619873	0.47615134716033936	0.1146731898188591	0.2882104218006134	0.048392437398433685	0.025268862023949623	-0.17047086358070374	0.0851411446928978	0.02197171561419964	-0.0942264273762703	-0.005507671739906073	-0.29341235756874084	-0.5055355429649353	0.3916536867618561	0.5054944753646851	0.26777762174606323	0.14497998356819153	0.2865478992462158	0.5445056557655334	0.2771587371826172	0.6336882710456848	0.6071458458900452	0.835045337677002	0.6589247584342957	0.37284862995147705	0.4559079110622406	0.4180411994457245	-0.021530915051698685	0.26628240942955017	0.2220260202884674	0.10608404874801636	-0.15703018009662628	-0.09486966580152512	-0.14922916889190674	0.1904555857181549	-0.0036453106440603733	-0.26934266090393066	-0.2126736342906952	0.23388707637786865	0.3980816602706909	0.4501272737979889	0.3824886679649353	0.2702423632144928	-0.007394288666546345	0.3414563238620758
HIP-tail-rh	0.2914471924304962	0.3529622554779053	0.7429660558700562	1.0	0.28261759877204895	0.5821359753608704	0.5262017846107483	0.15733583271503448	0.4893015921115875	0.2737736999988556	0.18335407972335815	-0.07437523454427719	0.31175538897514343	0.25678640604019165	-0.1601071059703827	0.15907932817935944	-0.19503837823867798	-0.2376454770565033	0.39649438858032227	0.2326051890850067	0.5696501135826111	-0.014263840392231941	0.28018033504486084	0.5580247044563293	0.5030959248542786	0.36649203300476074	0.3691493570804596	0.7859382629394531	0.8615716695785522	0.4799506664276123	0.41682544350624084	0.5748627185821533	-0.043953850865364075	0.34208914637565613	0.14362193644046783	0.18149325251579285	-0.029843486845493317	0.14875471591949463	-0.05831646919250488	0.008167754858732224	0.1675594002008438	-0.3609991669654846	-0.3762910068035126	0.15553806722164154	0.23981088399887085	0.5028260946273804	0.1973739117383957	0.3069007992744446	0.3709964156150818	0.23554976284503937
THA-VPm-rh	-0.15451420843601227	-0.24201789498329163	0.06882551312446594	0.28261759877204895	1.0	0.5534855127334595	0.562599778175354	0.2982783019542694	0.5636881589889526	0.24349333345890045	0.42370253801345825	0.2220388799905777	0.37291887402534485	0.21715882420539856	0.20903655886650085	0.5190262198448181	0.3531648516654968	0.312241792678833	0.3877110481262207	-0.07958518713712692	0.4054889380931854	0.02361183986067772	0.41234275698661804	-0.01276729628443718	0.3308965563774109	-0.0016637746011838317	-0.13341429829597473	0.06828692555427551	0.45775654911994934	0.4666525423526764	0.13521790504455566	0.5404612421989441	-0.3423568308353424	0.24336586892604828	0.1913822442293167	0.11587502807378769	0.3118925094604492	0.26183250546455383	0.2941736876964569	-0.019688118249177933	0.06632959842681885	-0.029756199568510056	0.022017164155840874	0.37982457876205444	0.1515548974275589	0.34372153878211975	-0.14399974048137665	0.1307389885187149	0.36330172419548035	0.04486345127224922
THA-VPl-rh	0.120460644364357	0.31654953956604004	0.41343390941619873	0.5821359753608704	0.5534855127334595	1.0	0.5044066905975342	0.22381654381752014	0.6737379431724548	0.6254880428314209	0.4085431396961212	0.2268887758255005	0.47741127014160156	0.45893189311027527	-0.16680172085762024	0.34213799238204956	0.0543222613632679	0.12367422133684158	0.4408048093318939	0.08946685492992401	0.46327582001686096	-0.10812070220708847	0.3895494043827057	0.5177074670791626	0.3977057635784149	0.22853848338127136	0.2522715628147125	0.5792486667633057	0.7319961786270142	0.6169131398200989	0.4675371050834656	0.6998891234397888	0.02022412419319153	0.5160390734672546	0.4652956426143646	0.2539941370487213	0.3516845107078552	0.33239486813545227	0.12762302160263062	-0.0777207762002945	0.37559810280799866	-0.23253823816776276	-0.12809747457504272	0.216172993183136	0.36695003509521484	0.7016662359237671	0.04097997397184372	0.2843034565448761	0.24131621420383453	0.31458544731140137
THA-VAi-rh	0.11058725416660309	-0.03849094361066818	0.47615134716033936	0.5262017846107483	0.562599778175354	0.5044066905975342	1.0	0.29536178708076477	0.6240014433860779	0.15903660655021667	0.19494622945785522	0.07975020259618759	0.44560015201568604	0.22629466652870178	0.2833166718482971	0.3076433837413788	0.2094198614358902	0.015121030621230602	0.49336355924606323	0.1618962585926056	0.7390409111976624	0.13336975872516632	0.3817565441131592	0.4260231554508209	0.41215184330940247	0.19599197804927826	0.09995180368423462	0.3653852939605713	0.553191602230072	0.5667208433151245	0.5656296014785767	0.6624122262001038	-0.14784112572669983	0.47839924693107605	0.3676835596561432	0.018764181062579155	0.1798810511827469	0.19218949973583221	0.18317173421382904	0.11977898329496384	0.06460599601268768	-0.11779611557722092	0.002693626331165433	0.4716619849205017	0.2805441617965698	0.5996955037117004	-0.07157257944345474	0.08177193999290466	0.23117032647132874	0.1667439341545105
THA-VAs-rh	-0.2991456985473633	-0.1580856889486313	0.1146731898188591	0.15733583271503448	0.2982783019542694	0.22381654381752014	0.29536178708076477	1.0	0.2694978713989258	0.30319029092788696	0.09309072047472	0.03216591849923134	0.1761406809091568	-0.0665820762515068	0.31917110085487366	0.5871061086654663	0.3984013497829437	0.29600489139556885	-0.03450249880552292	-0.08935309201478958	0.0649966225028038	0.24105310440063477	0.638343334197998	0.06945905089378357	0.24638046324253082	-0.057032980024814606	0.1249687522649765	0.12678952515125275	0.05911679193377495	-0.14092481136322021	-0.09139467775821686	0.3655065596103668	0.257352352142334	-0.13827715814113617	-0.19861510396003723	-0.11882661283016205	-0.06082401052117348	-0.010549508966505527	-0.061808932572603226	0.2568225860595703	0.42971470952033997	0.09412939101457596	0.04972156882286072	-0.2590738832950592	-0.14291009306907654	-0.02044057287275791	0.2581854462623596	0.31970474123954773	0.035817526280879974	-0.00022421714675147086
THA-DAm-rh	0.031793367117643356	-0.03645395115017891	0.2882104218006134	0.4893015921115875	0.5636881589889526	0.6737379431724548	0.6240014433860779	0.2694978713989258	1.0	0.5133132338523865	0.47626376152038574	0.22636964917182922	0.4861825406551361	0.4323725700378418	-0.08765333890914917	0.3775321841239929	-0.04046668857336044	0.10933534055948257	0.564298689365387	0.160329669713974	0.5687170028686523	0.0028062211349606514	0.4438392221927643	0.2767249047756195	0.3135291635990143	0.05235712602734566	0.03335021063685417	0.38915207982063293	0.5779837965965271	0.5926601886749268	0.34238511323928833	0.5999828577041626	-0.09028071910142899	0.7014654278755188	0.42706233263015747	0.22218091785907745	0.4469272196292877	0.2845468521118164	0.25670838356018066	-0.24820171296596527	0.2243286371231079	-0.36597052216529846	0.002822266425937414	0.17068830132484436	0.12058213353157043	0.5535159707069397	-0.049906112253665924	-0.03554282337427139	0.20042791962623596	0.30208122730255127
THA-DAl-rh	-0.11944541335105896	0.18341822922229767	0.048392437398433685	0.2737736999988556	0.24349333345890045	0.6254880428314209	0.15903660655021667	0.30319029092788696	0.5133132338523865	1.0	0.2755122482776642	0.16342096030712128	0.41522595286369324	0.33000731468200684	-0.17013713717460632	0.2901308238506317	0.1240662932395935	0.23272940516471863	0.3065718412399292	-0.018836846575140953	0.2217923402786255	-0.26050865650177	0.30877578258514404	0.42025160789489746	0.27556848526000977	0.007046153768897057	0.23217938840389252	0.3484865427017212	0.3358815312385559	0.3270876109600067	0.20233626663684845	0.5694844722747803	0.4372301697731018	0.47783854603767395	0.4352389872074127	0.15275795757770538	0.37534984946250916	0.31857889890670776	0.24862496554851532	-0.06019124016165733	0.6050381064414978	-0.0981924831867218	-0.03369516879320145	-0.16623111069202423	0.11495020985603333	0.438827246427536	0.01374252513051033	0.18293006718158722	0.26629185676574707	0.2544011175632477
PUT-VA-rh	0.06029682606458664	0.07607489079236984	0.025268862023949623	0.18335407972335815	0.42370253801345825	0.4085431396961212	0.19494622945785522	0.09309072047472	0.47626376152038574	0.2755122482776642	1.0	0.7212682366371155	0.5649495720863342	0.6173101663589478	0.06975109875202179	0.5535423159599304	0.3053983151912689	0.4315420091152191	0.3594045042991638	-0.24310192465782166	0.21270371973514557	0.1427667886018753	0.42503124475479126	0.0027212619315832853	-0.10588940978050232	0.07214508950710297	0.032303713262081146	0.08237715065479279	0.28308722376823425	0.39381152391433716	0.005855591502040625	0.2624985873699188	0.03207748755812645	0.21107755601406097	0.4413330554962158	0.748868465423584	0.5906824469566345	0.5859208106994629	0.29396164417266846	-0.16499806940555573	0.3633633553981781	-0.07324610650539398	0.20025478303432465	0.15102480351924896	-0.2559988796710968	0.1667449176311493	0.212904155254364	0.30280548334121704	-0.15729652345180511	0.14340874552726746
PUT-DA-rh	0.016971206292510033	-0.062248922884464264	-0.17047086358070374	-0.07437523454427719	0.2220388799905777	0.2268887758255005	0.07975020259618759	0.03216591849923134	0.22636964917182922	0.16342096030712128	0.7212682366371155	1.0	0.6480453610420227	0.6613306403160095	-0.009673059917986393	0.4151919484138489	0.2485564947128296	0.5469914674758911	0.09999822080135345	-0.18371213972568512	0.08753296732902527	0.0912853479385376	0.25423479080200195	0.126620814204216	-0.08567459136247635	0.038253750652074814	0.016576087102293968	-0.01699322834610939	-0.031218333169817924	0.1254381239414215	0.11839596927165985	0.27047455310821533	0.14866212010383606	0.04780227690935135	0.37749239802360535	0.4776534140110016	0.7198556065559387	0.6812371611595154	0.5272802710533142	-0.3583177626132965	0.290859580039978	-0.0470099076628685	0.09277644008398056	-0.0009676098707132041	-0.31072309613227844	0.10451675206422806	0.027505068108439445	0.16678938269615173	-0.09618545323610306	0.20037131011486053
PUT-VP-rh	0.03353093937039375	-0.1558525413274765	0.0851411446928978	0.31175538897514343	0.37291887402534485	0.47741127014160156	0.44560015201568604	0.1761406809091568	0.4861825406551361	0.41522595286369324	0.5649495720863342	0.6480453610420227	1.0	0.7614320516586304	0.1565595418214798	0.5246191024780273	0.09770555794239044	0.24797438085079193	0.3647969365119934	-0.03471759706735611	0.6429498195648193	0.13486309349536896	0.5340989232063293	0.38124504685401917	0.37784576416015625	0.12220688909292221	-0.02136179246008396	0.21331268548965454	0.33805006742477417	0.41376110911369324	0.425012469291687	0.640386700630188	0.15318691730499268	0.42302465438842773	0.6013639569282532	0.4915409982204437	0.5688316822052002	0.7647458910942078	0.4871339499950409	-0.1603877991437912	0.26085612177848816	-0.3119116425514221	-0.14054937660694122	-0.03583044931292534	-0.1586085855960846	0.5115796327590942	0.14983713626861572	0.3246768116950989	0.22625739872455597	0.19048422574996948
PUT-DP-rh	-0.05380101874470711	-0.052703116089105606	0.02197171561419964	0.25678640604019165	0.21715882420539856	0.45893189311027527	0.22629466652870178	-0.0665820762515068	0.4323725700378418	0.33000731468200684	0.6173101663589478	0.6613306403160095	0.7614320516586304	1.0	-0.1800154596567154	0.5019660592079163	-0.05128559470176697	0.316103458404541	0.2657572031021118	-0.18341799080371857	0.48950591683387756	-0.26018470525741577	0.27409884333610535	0.3664190173149109	0.3422738015651703	0.0336030051112175	-0.03807429224252701	0.2725837826728821	0.3639468550682068	0.4910259544849396	0.21988435089588165	0.5083337426185608	0.17694351077079773	0.27068620920181274	0.4947551488876343	0.452049195766449	0.7817511558532715	0.7415487170219421	0.5473151803016663	-0.4389665722846985	0.3190789818763733	-0.231990247964859	-0.016534125432372093	0.07146137952804565	-0.12451634556055069	0.49808448553085327	-0.171259805560112	0.23712167143821716	0.1474941372871399	0.4616793990135193
CAU-VA-rh	-0.29076337814331055	-0.31796908378601074	-0.0942264273762703	-0.1601071059703827	0.20903655886650085	-0.16680172085762024	0.2833166718482971	0.31917110085487366	-0.08765333890914917	-0.17013713717460632	0.06975109875202179	-0.009673059917986393	0.1565595418214798	-0.1800154596567154	1.0	0.3787253499031067	0.61720871925354	0.08203047513961792	0.09733359515666962	-0.2582702040672302	0.14225955307483673	0.5064955949783325	0.312296062707901	-0.2126048058271408	0.0951843336224556	-0.2838076949119568	-0.32858920097351074	-0.4598451554775238	-0.2261059731245041	0.008788559585809708	-0.13538490235805511	-0.0409562885761261	-0.021855508908629417	-0.09332572668790817	0.0793943852186203	0.24112731218338013	-0.17788875102996826	-0.07343214750289917	-0.22651006281375885	0.7617436647415161	0.0672120526432991	0.44776228070259094	0.3525696098804474	0.08937150985002518	-0.37474891543388367	-0.25571489334106445	0.33044326305389404	0.29496529698371887	-0.21962249279022217	-0.42420485615730286
CAU-DA-rh	-0.32791540026664734	-0.21254433691501617	-0.005507671739906073	0.15907932817935944	0.5190262198448181	0.34213799238204956	0.3076433837413788	0.5871061086654663	0.3775321841239929	0.2901308238506317	0.5535423159599304	0.4151919484138489	0.5246191024780273	0.5019660592079163	0.3787253499031067	1.0	0.5531258583068848	0.591427743434906	0.24102339148521423	-0.3529990613460541	0.27811044454574585	0.12128151208162308	0.6851773858070374	0.02067091315984726	0.3426046073436737	-0.10074293613433838	-0.05136819928884506	0.06247514486312866	0.13861492276191711	0.18862581253051758	-0.22778159379959106	0.4498468041419983	0.22677910327911377	0.03900206461548805	0.2320527285337448	0.343013197183609	0.4818958342075348	0.48241356015205383	0.30436035990715027	0.07471354305744171	0.5531342625617981	0.2076542228460312	0.33290672302246094	0.017589755356311798	-0.30964741110801697	0.07609745115041733	0.07140681892633438	0.46465983986854553	-0.023494187742471695	0.11328183114528656
CAU-body-rh	-0.4775606393814087	-0.2664485573768616	-0.29341235756874084	-0.19503837823867798	0.3531648516654968	0.0543222613632679	0.2094198614358902	0.3984013497829437	-0.04046668857336044	0.1240662932395935	0.3053983151912689	0.2485564947128296	0.09770555794239044	-0.05128559470176697	0.61720871925354	0.5531258583068848	1.0	0.6741312742233276	0.02292204461991787	-0.5580107569694519	-0.01197185181081295	0.17281979322433472	0.17496342957019806	-0.1847914159297943	-0.05625405162572861	-0.34240254759788513	-0.1674089878797531	-0.387627512216568	-0.23873838782310486	-0.045570775866508484	-0.22492940723896027	0.11601614952087402	0.15896013379096985	-0.1550009697675705	-0.0006881964509375393	0.11632905900478363	0.11533946543931961	0.14835894107818604	-0.02064443565905094	0.441679984331131	0.5198672413825989	0.6597366333007812	0.4944996237754822	0.14194607734680176	-0.2872159779071808	-0.22096110880374908	-0.030713580548763275	0.29619160294532776	-0.17149220407009125	-0.32814353704452515
CAU-tail-rh	-0.4491802752017975	-0.35601550340652466	-0.5055355429649353	-0.2376454770565033	0.312241792678833	0.12367422133684158	0.015121030621230602	0.29600489139556885	0.10933534055948257	0.23272940516471863	0.4315420091152191	0.5469914674758911	0.24797438085079193	0.316103458404541	0.08203047513961792	0.591427743434906	0.6741312742233276	1.0	-0.07621480524539948	-0.4712703824043274	-0.04095888510346413	-0.12642744183540344	0.18095803260803223	-0.16571521759033203	-0.11209812015295029	-0.28977760672569275	-0.10979832708835602	-0.2868728041648865	-0.23058703541755676	-0.13947895169258118	-0.31346508860588074	0.11852382868528366	0.2063094675540924	-0.11813104152679443	0.03562537953257561	0.014142037369310856	0.5238050818443298	0.4947029650211334	0.40465226769447327	-0.20939935743808746	0.5519675612449646	0.38057979941368103	0.40312302112579346	0.008023930713534355	-0.23435571789741516	-0.17028674483299255	-0.3563651144504547	0.028871867805719376	-0.03047732636332512	-0.043478354811668396
lAMY-rh	0.2686900794506073	0.20030449330806732	0.3916536867618561	0.39649438858032227	0.3877110481262207	0.4408048093318939	0.49336355924606323	-0.03450249880552292	0.564298689365387	0.3065718412399292	0.3594045042991638	0.09999822080135345	0.3647969365119934	0.2657572031021118	0.09733359515666962	0.24102339148521423	0.02292204461991787	-0.07621480524539948	1.0	0.33485838770866394	0.46322306990623474	0.1233619973063469	0.3180423676967621	0.16100908815860748	0.19043244421482086	0.34272000193595886	0.2585913836956024	0.30930060148239136	0.39889073371887207	0.6070318818092346	0.31799790263175964	0.3458721339702606	-0.09696752578020096	0.4712812602519989	0.5024584531784058	0.3428223133087158	0.3127153217792511	0.3261530101299286	0.22965139150619507	0.03136129304766655	0.12812814116477966	-0.047468263655900955	0.15699483454227448	0.40620923042297363	0.2091149389743805	0.3150216341018677	0.06459638476371765	0.08208941668272018	0.059936124831438065	0.23598691821098328
mAMY-rh	0.6130858063697815	0.4161064028739929	0.5054944753646851	0.2326051890850067	-0.07958518713712692	0.08946685492992401	0.1618962585926056	-0.08935309201478958	0.160329669713974	-0.018836846575140953	-0.24310192465782166	-0.18371213972568512	-0.03471759706735611	-0.18341799080371857	-0.2582702040672302	-0.3529990613460541	-0.5580107569694519	-0.4712703824043274	0.33485838770866394	1.0	-0.03892629221081734	0.06833099573850632	0.12610849738121033	0.28506848216056824	-0.0033100766595453024	0.5134755373001099	0.44542306661605835	0.4305459260940552	0.21767644584178925	0.005320512689650059	0.3345281183719635	-0.019550485536456108	-0.12691855430603027	0.24787507951259613	0.17847996950149536	-0.17294757068157196	-0.11548513919115067	-0.02151276171207428	0.03327307105064392	-0.13786101341247559	-0.320767343044281	-0.43552252650260925	-0.2813683748245239	0.11677428334951401	0.4880964457988739	0.10913680493831635	0.12658584117889404	-0.3355312645435333	0.04159487411379814	0.3613027334213257
THA-DP-rh	0.01574561558663845	-0.1979002058506012	0.26777762174606323	0.5696501135826111	0.4054889380931854	0.46327582001686096	0.7390409111976624	0.0649966225028038	0.5687170028686523	0.2217923402786255	0.21270371973514557	0.08753296732902527	0.6429498195648193	0.48950591683387756	0.14225955307483673	0.27811044454574585	-0.01197185181081295	-0.04095888510346413	0.46322306990623474	-0.03892629221081734	1.0	0.08487090468406677	0.3116859793663025	0.42170020937919617	0.5754892230033875	0.06479670852422714	-0.11648312956094742	0.32001978158950806	0.5882354378700256	0.6014231443405151	0.5197356939315796	0.6374079585075378	-0.14742828905582428	0.5002338886260986	0.35233092308044434	0.23734961450099945	0.2028052806854248	0.39186838269233704	0.2227046936750412	-0.06320865452289581	0.08835374563932419	-0.34855175018310547	-0.21916015446186066	0.18131287395954132	0.082404226064682	0.6771210432052612	-0.05869145318865776	0.2449067384004593	0.4201222360134125	0.1287199854850769
NAc-shell-rh	0.26851072907447815	-0.0016983491368591785	0.14497998356819153	-0.014263840392231941	0.02361183986067772	-0.10812070220708847	0.13336975872516632	0.24105310440063477	0.0028062211349606514	-0.26050865650177	0.1427667886018753	0.0912853479385376	0.13486309349536896	-0.26018470525741577	0.5064955949783325	0.12128151208162308	0.17281979322433472	-0.12642744183540344	0.1233619973063469	0.06833099573850632	0.08487090468406677	1.0	0.425275981426239	-0.22293603420257568	-0.08900076895952225	0.1698964387178421	0.04757793992757797	-0.1306471824645996	-0.12294255942106247	-0.19106784462928772	0.03351238742470741	-0.1493585705757141	-0.057174354791641235	-0.04219038784503937	0.04498477280139923	0.405056893825531	-0.3273557126522064	-0.046318419277668	-0.20926879346370697	0.3630654811859131	-0.06929925084114075	-0.09074202179908752	0.0022261596750468016	-0.20978207886219025	-0.32288408279418945	-0.2299262136220932	0.6331577301025391	0.3316749632358551	-0.3086095452308655	-0.33089393377304077
NAc-core-rh	0.13633234798908234	0.058561600744724274	0.2865478992462158	0.28018033504486084	0.41234275698661804	0.3895494043827057	0.3817565441131592	0.638343334197998	0.4438392221927643	0.30877578258514404	0.42503124475479126	0.25423479080200195	0.5340989232063293	0.27409884333610535	0.312296062707901	0.6851773858070374	0.17496342957019806	0.18095803260803223	0.3180423676967621	0.12610849738121033	0.3116859793663025	0.425275981426239	1.0	0.09057143330574036	0.3069828152656555	0.3022093176841736	0.2337196320295334	0.2822543978691101	0.26287421584129333	0.15927818417549133	0.06917614489793777	0.422328382730484	0.08580336719751358	0.18930788338184357	0.3407951891422272	0.4207179546356201	0.2282467484474182	0.3721946179866791	0.2714158892631531	0.14691798388957977	0.25023865699768066	-0.19199953973293304	0.03513643890619278	-0.15961305797100067	-0.1210101842880249	0.20606322586536407	0.44923925399780273	0.410701185464859	-0.0780223086476326	0.155659019947052
pGP-rh	0.3068654239177704	0.4489787518978119	0.5445056557655334	0.5580247044563293	-0.01276729628443718	0.5177074670791626	0.4260231554508209	0.06945905089378357	0.2767249047756195	0.42025160789489746	0.0027212619315832853	0.126620814204216	0.38124504685401917	0.3664190173149109	-0.2126048058271408	0.02067091315984726	-0.1847914159297943	-0.16571521759033203	0.16100908815860748	0.28506848216056824	0.42170020937919617	-0.22293603420257568	0.09057143330574036	1.0	0.36400431394577026	0.26957157254219055	0.39079201221466064	0.7151439785957336	0.5451305508613586	0.3319763243198395	0.5337057709693909	0.55782550573349	0.3134371340274811	0.3808736205101013	0.3640063405036926	0.03029634803533554	0.17764219641685486	0.31231656670570374	0.037341874092817307	-0.08293476700782776	0.3530600666999817	-0.3337622582912445	-0.2568771541118622	0.10642566531896591	0.31606805324554443	0.6375844478607178	0.08581989258527756	0.24380160868167877	0.3349432945251465	0.49694815278053284
aGP-rh	-0.19281552731990814	-0.07371656596660614	0.2771587371826172	0.5030959248542786	0.3308965563774109	0.3977057635784149	0.41215184330940247	0.24638046324253082	0.3135291635990143	0.27556848526000977	-0.10588940978050232	-0.08567459136247635	0.37784576416015625	0.3422738015651703	0.0951843336224556	0.3426046073436737	-0.05625405162572861	-0.11209812015295029	0.19043244421482086	-0.0033100766595453024	0.5754892230033875	-0.08900076895952225	0.3069828152656555	0.36400431394577026	1.0	0.0018523844191804528	-0.03958628326654434	0.3860830068588257	0.4911377727985382	0.40628156065940857	0.3062821924686432	0.6615317463874817	-0.014263874851167202	0.16926483809947968	0.019723905250430107	-0.022723684087395668	0.050749849528074265	0.062304552644491196	0.17232440412044525	0.08593520522117615	0.06865912675857544	-0.20376205444335938	-0.4391479194164276	-0.06124500557780266	0.003335393965244293	0.45054852962493896	-0.1269993782043457	0.33348438143730164	0.46499791741371155	0.18522289395332336
HIP-head-m-lh	0.8172975182533264	0.5642069578170776	0.6336882710456848	0.36649203300476074	-0.0016637746011838317	0.22853848338127136	0.19599197804927826	-0.057032980024814606	0.05235712602734566	0.007046153768897057	0.07214508950710297	0.038253750652074814	0.12220688909292221	0.0336030051112175	-0.2838076949119568	-0.10074293613433838	-0.34240254759788513	-0.28977760672569275	0.34272000193595886	0.5134755373001099	0.06479670852422714	0.1698964387178421	0.3022093176841736	0.26957157254219055	0.0018523844191804528	1.0	0.816258430480957	0.6187009811401367	0.4174496829509735	0.16288433969020844	0.3990376591682434	0.23077663779258728	-0.12951231002807617	0.15899725258350372	0.2968425154685974	0.09170562773942947	-0.032133057713508606	0.1581154465675354	0.21379290521144867	-0.052507463842630386	-0.18201470375061035	-0.31134626269340515	-0.199947327375412	0.18622902035713196	0.512620747089386	0.27693209052085876	0.33215174078941345	0.1871986836194992	0.08216167986392975	0.3205696940422058
HIP-head-l-l	0.6489765048027039	0.6904784440994263	0.6071458458900452	0.3691493570804596	-0.13341429829597473	0.2522715628147125	0.09995180368423462	0.1249687522649765	0.03335021063685417	0.23217938840389252	0.032303713262081146	0.016576087102293968	-0.02136179246008396	-0.03807429224252701	-0.32858920097351074	-0.05136819928884506	-0.1674089878797531	-0.10979832708835602	0.2585913836956024	0.44542306661605835	-0.11648312956094742	0.04757793992757797	0.2337196320295334	0.39079201221466064	-0.03958628326654434	0.816258430480957	1.0	0.6722530126571655	0.36333635449409485	0.05886289104819298	0.3449106216430664	0.22225116193294525	0.27348005771636963	0.06295086443424225	0.214976966381073	-0.03642501309514046	-0.025418344885110855	0.09599515795707703	0.1433686763048172	0.033898837864398956	0.21512338519096375	-0.04722892865538597	-0.03775741904973984	0.11010052263736725	0.4797097444534302	0.17933893203735352	0.2517245411872864	0.19657376408576965	0.050860051065683365	0.37377968430519104
HIP-body-l	0.5491230487823486	0.6613166332244873	0.835045337677002	0.7859382629394531	0.06828692555427551	0.5792486667633057	0.3653852939605713	0.12678952515125275	0.38915207982063293	0.3484865427017212	0.08237715065479279	-0.01699322834610939	0.21331268548965454	0.2725837826728821	-0.4598451554775238	0.06247514486312866	-0.387627512216568	-0.2868728041648865	0.30930060148239136	0.4305459260940552	0.32001978158950806	-0.1306471824645996	0.2822543978691101	0.7151439785957336	0.3860830068588257	0.6187009811401367	0.6722530126571655	1.0	0.7552183270454407	0.36502403020858765	0.4432550072669983	0.5715435147285461	0.10785062611103058	0.33828118443489075	0.23806487023830414	0.06966745108366013	0.06591849774122238	0.13322819769382477	0.06573397666215897	-0.16580499708652496	0.20214107632637024	-0.4305599629878998	-0.32093754410743713	0.053424954414367676	0.42049694061279297	0.5986145734786987	0.19273489713668823	0.2917986512184143	0.20880438387393951	0.5450360774993896
HIP-tail-lh	0.30998286604881287	0.35400426387786865	0.6589247584342957	0.8615716695785522	0.45775654911994934	0.7319961786270142	0.553191602230072	0.05911679193377495	0.5779837965965271	0.3358815312385559	0.28308722376823425	-0.031218333169817924	0.33805006742477417	0.3639468550682068	-0.2261059731245041	0.13861492276191711	-0.23873838782310486	-0.23058703541755676	0.39889073371887207	0.21767644584178925	0.5882354378700256	-0.12294255942106247	0.26287421584129333	0.5451305508613586	0.4911377727985382	0.4174496829509735	0.36333635449409485	0.7552183270454407	1.0	0.6689790487289429	0.49734625220298767	0.6375036835670471	-0.1698978692293167	0.43504026532173157	0.2817144989967346	0.19283150136470795	0.07979592680931091	0.20147037506103516	0.06190678849816322	-0.04447570815682411	0.093107670545578	-0.405508428812027	-0.3377300798892975	0.2983446717262268	0.4406035542488098	0.6860234141349792	0.07038873434066772	0.27115681767463684	0.46693915128707886	0.3431139290332794
THA-VPm-lh	0.021792801097035408	0.22082962095737457	0.37284862995147705	0.4799506664276123	0.4666525423526764	0.6169131398200989	0.5667208433151245	-0.14092481136322021	0.5926601886749268	0.3270876109600067	0.39381152391433716	0.1254381239414215	0.41376110911369324	0.4910259544849396	0.008788559585809708	0.18862581253051758	-0.045570775866508484	-0.13947895169258118	0.6070318818092346	0.005320512689650059	0.6014231443405151	-0.19106784462928772	0.15927818417549133	0.3319763243198395	0.40628156065940857	0.16288433969020844	0.05886289104819298	0.36502403020858765	0.6689790487289429	1.0	0.5559998750686646	0.6078374981880188	-0.2086275964975357	0.6158759593963623	0.5408491492271423	0.32991719245910645	0.43591347336769104	0.2487795203924179	0.2543773949146271	0.04059923067688942	0.03424898907542229	-0.047259844839572906	0.005994068458676338	0.545180082321167	0.3543180823326111	0.6926949620246887	-0.10572758316993713	0.08430474251508713	0.2666453421115875	0.40140020847320557
THA-VPl-lh	0.3413119614124298	0.243609219789505	0.4559079110622406	0.41682544350624084	0.13521790504455566	0.4675371050834656	0.5656296014785767	-0.09139467775821686	0.34238511323928833	0.20233626663684845	0.005855591502040625	0.11839596927165985	0.425012469291687	0.21988435089588165	-0.13538490235805511	-0.22778159379959106	-0.22492940723896027	-0.31346508860588074	0.31799790263175964	0.3345281183719635	0.5197356939315796	0.03351238742470741	0.06917614489793777	0.5337057709693909	0.3062821924686432	0.3990376591682434	0.3449106216430664	0.4432550072669983	0.49734625220298767	0.5559998750686646	1.0	0.5862736701965332	-0.02492222748696804	0.5163527131080627	0.41950497031211853	-0.002867281436920166	0.1206444725394249	0.16294261813163757	0.21737007796764374	-0.015837710350751877	-0.13486431539058685	-0.2941124439239502	-0.3747495710849762	0.3039172887802124	0.4740101099014282	0.7035282254219055	0.009807674214243889	0.02616357058286667	0.3244419991970062	0.28224167227745056
THA-VAi-lh	-0.0156454648822546	0.045516423881053925	0.4180411994457245	0.5748627185821533	0.5404612421989441	0.6998891234397888	0.6624122262001038	0.3655065596103668	0.5999828577041626	0.5694844722747803	0.2624985873699188	0.27047455310821533	0.640386700630188	0.5083337426185608	-0.0409562885761261	0.4498468041419983	0.11601614952087402	0.11852382868528366	0.3458721339702606	-0.019550485536456108	0.6374079585075378	-0.1493585705757141	0.422328382730484	0.55782550573349	0.6615317463874817	0.23077663779258728	0.22225116193294525	0.5715435147285461	0.6375036835670471	0.6078374981880188	0.5862736701965332	1.0	0.0638812854886055	0.4716578423976898	0.38059553503990173	0.04264719784259796	0.40253937244415283	0.3444506525993347	0.40006715059280396	-0.06054811552166939	0.28205499053001404	-0.188434898853302	-0.2507820427417755	0.15062418580055237	0.25866803526878357	0.7691606283187866	-0.07914319634437561	0.31471043825149536	0.45914527773857117	0.3357812166213989
THA-VAs-lh	-0.1233968511223793	0.17281030118465424	-0.021530915051698685	-0.043953850865364075	-0.3423568308353424	0.02022412419319153	-0.14784112572669983	0.257352352142334	-0.09028071910142899	0.4372301697731018	0.03207748755812645	0.14866212010383606	0.15318691730499268	0.17694351077079773	-0.021855508908629417	0.22677910327911377	0.15896013379096985	0.2063094675540924	-0.09696752578020096	-0.12691855430603027	-0.14742828905582428	-0.057174354791641235	0.08580336719751358	0.3134371340274811	-0.014263874851167202	-0.12951231002807617	0.27348005771636963	0.10785062611103058	-0.1698978692293167	-0.2086275964975357	-0.02492222748696804	0.0638812854886055	1.0	-0.12015557289123535	0.17985904216766357	0.039882685989141464	0.16162967681884766	0.21687127649784088	0.10838437080383301	0.08174223452806473	0.6556087136268616	0.22102364897727966	0.18201975524425507	-0.28446558117866516	-0.23501451313495636	-0.034924477338790894	0.0969877764582634	0.2545112073421478	-0.0790131464600563	0.1208089217543602
THA-DAm-lh	0.18661217391490936	0.1713489145040512	0.26628240942955017	0.34208914637565613	0.24336586892604828	0.5160390734672546	0.47839924693107605	-0.13827715814113617	0.7014654278755188	0.47783854603767395	0.21107755601406097	0.04780227690935135	0.42302465438842773	0.27068620920181274	-0.09332572668790817	0.03900206461548805	-0.1550009697675705	-0.11813104152679443	0.4712812602519989	0.24787507951259613	0.5002338886260986	-0.04219038784503937	0.18930788338184357	0.3808736205101013	0.16926483809947968	0.15899725258350372	0.06295086443424225	0.33828118443489075	0.43504026532173157	0.6158759593963623	0.5163527131080627	0.4716578423976898	-0.12015557289123535	1.0	0.6433072686195374	0.2000231295824051	0.33108487725257874	0.23195557296276093	0.172713965177536	-0.10791109502315521	0.04230378940701485	-0.3439296782016754	-0.009872076101601124	0.22796618938446045	0.30462777614593506	0.6003901362419128	0.00046641231165267527	-0.1612720638513565	0.1483382284641266	0.25179997086524963
THA-DAl-lh	0.34952446818351746	0.2798386812210083	0.2220260202884674	0.14362193644046783	0.1913822442293167	0.4652956426143646	0.3676835596561432	-0.19861510396003723	0.42706233263015747	0.4352389872074127	0.4413330554962158	0.37749239802360535	0.6013639569282532	0.4947551488876343	0.0793943852186203	0.2320527285337448	-0.0006881964509375393	0.03562537953257561	0.5024584531784058	0.17847996950149536	0.35233092308044434	0.04498477280139923	0.3407951891422272	0.3640063405036926	0.019723905250430107	0.2968425154685974	0.214976966381073	0.23806487023830414	0.2817144989967346	0.5408491492271423	0.41950497031211853	0.38059553503990173	0.17985904216766357	0.6433072686195374	1.0	0.4902680516242981	0.5715748071670532	0.5544328093528748	0.42495259642601013	-0.04201976954936981	0.13922910392284393	-0.07909895479679108	0.2351042926311493	0.31447121500968933	0.188757061958313	0.511771559715271	0.13213102519512177	0.07161318510770798	-0.04362904652953148	0.27190887928009033
PUT-VA-lh	0.2095983624458313	0.24859853088855743	0.10608404874801636	0.18149325251579285	0.11587502807378769	0.2539941370487213	0.018764181062579155	-0.11882661283016205	0.22218091785907745	0.15275795757770538	0.748868465423584	0.4776534140110016	0.4915409982204437	0.452049195766449	0.24112731218338013	0.343013197183609	0.11632905900478363	0.014142037369310856	0.3428223133087158	-0.17294757068157196	0.23734961450099945	0.405056893825531	0.4207179546356201	0.03029634803533554	-0.022723684087395668	0.09170562773942947	-0.03642501309514046	0.06966745108366013	0.19283150136470795	0.32991719245910645	-0.002867281436920166	0.04264719784259796	0.039882685989141464	0.2000231295824051	0.4902680516242981	1.0	0.2744606137275696	0.43558812141418457	0.01872894912958145	0.11030115932226181	0.22068260610103607	-0.1258729249238968	0.12959645688533783	-0.08383601903915405	-0.422076940536499	0.0806746631860733	0.5753852725028992	0.509802520275116	-0.28389686346054077	0.04147005081176758
PUT-DA-l	-0.12482710182666779	-0.07533840090036392	-0.15703018009662628	-0.029843486845493317	0.3118925094604492	0.3516845107078552	0.1798810511827469	-0.06082401052117348	0.4469272196292877	0.37534984946250916	0.5906824469566345	0.7198556065559387	0.5688316822052002	0.7817511558532715	-0.17788875102996826	0.4818958342075348	0.11533946543931961	0.5238050818443298	0.3127153217792511	-0.11548513919115067	0.2028052806854248	-0.3273557126522064	0.2282467484474182	0.17764219641685486	0.050749849528074265	-0.032133057713508606	-0.025418344885110855	0.06591849774122238	0.07979592680931091	0.43591347336769104	0.1206444725394249	0.40253937244415283	0.16162967681884766	0.33108487725257874	0.5715748071670532	0.2744606137275696	1.0	0.6986570358276367	0.7540004253387451	-0.503859281539917	0.29361093044281006	0.022577302530407906	0.24951277673244476	0.2820199131965637	0.002243463881313801	0.32403627038002014	-0.35567519068717957	-0.10366412252187729	0.03682240843772888	0.4990738034248352
PUT-VP-lh	0.0678861141204834	-0.07623431831598282	-0.09486966580152512	0.14875471591949463	0.26183250546455383	0.33239486813545227	0.19218949973583221	-0.010549508966505527	0.2845468521118164	0.31857889890670776	0.5859208106994629	0.6812371611595154	0.7647458910942078	0.7415487170219421	-0.07343214750289917	0.48241356015205383	0.14835894107818604	0.4947029650211334	0.3261530101299286	-0.02151276171207428	0.39186838269233704	-0.046318419277668	0.3721946179866791	0.31231656670570374	0.062304552644491196	0.1581154465675354	0.09599515795707703	0.13322819769382477	0.20147037506103516	0.2487795203924179	0.16294261813163757	0.3444506525993347	0.21687127649784088	0.23195557296276093	0.5544328093528748	0.43558812141418457	0.6986570358276367	1.0	0.617480993270874	-0.38176873326301575	0.3765227198600769	-0.15845686197280884	0.07023730874061584	0.09066062420606613	-0.06236257404088974	0.2755066752433777	-0.06139747053384781	0.1760859340429306	0.24487365782260895	0.32593390345573425
PUT-DP-lh	0.012667120434343815	-0.17165952920913696	-0.14922916889190674	-0.05831646919250488	0.2941736876964569	0.12762302160263062	0.18317173421382904	-0.061808932572603226	0.25670838356018066	0.24862496554851532	0.29396164417266846	0.5272802710533142	0.4871339499950409	0.5473151803016663	-0.22651006281375885	0.30436035990715027	-0.02064443565905094	0.40465226769447327	0.22965139150619507	0.03327307105064392	0.2227046936750412	-0.20926879346370697	0.2714158892631531	0.037341874092817307	0.17232440412044525	0.21379290521144867	0.1433686763048172	0.06573397666215897	0.06190678849816322	0.2543773949146271	0.21737007796764374	0.40006715059280396	0.10838437080383301	0.172713965177536	0.42495259642601013	0.01872894912958145	0.7540004253387451	0.617480993270874	1.0	-0.4878797233104706	0.038631945848464966	-0.07298383116722107	-0.009600345976650715	0.14895793795585632	0.09885992109775543	0.27348679304122925	-0.4307427704334259	-0.1761198192834854	0.24327662587165833	0.3895307779312134
