Node	DMN_LABEL_1	Vis_LABEL_2	FP_LABEL_3	Aud_LABEL_4	Tpole_LABEL_5	PMN_LABEL_6	PON_LABEL_7	MTL_LABEL_8	PON_LABEL_9	CO_LABEL_10	Sal_LABEL_11	CO_LABEL_12	SMd_LABEL_13	SMl_LABEL_14	DAN_LABEL_15	DMN_LABEL_16	CO_LABEL_17	DMN_LABEL_18	VAN_LABEL_19	CO_LABEL_20	CO_LABEL_21	Sal_LABEL_22	DAN_LABEL_23	PMN_LABEL_24	DAN_LABEL_25	DMN_LABEL_26	DMN_LABEL_27	DMN_LABEL_28	Vis_LABEL_29	FP_LABEL_30	Aud_LABEL_31	Tpole_LABEL_32	PMN_LABEL_33	PON_LABEL_34	MTL_LABEL_35	CO_LABEL_36	Sal_LABEL_37	CO_LABEL_38	SMd_LABEL_39	SMl_LABEL_40	DAN_LABEL_41	CO_LABEL_42	VAN_LABEL_43	CO_LABEL_44	CO_LABEL_45	Sal_LABEL_46	DAN_LABEL_47	PMN_LABEL_48	DAN_LABEL_49	DMN_LABEL_50	FP_LABEL_51	DMN_LABEL_52	DMN_LABEL_53	PON_LABEL_54	DMN_LABEL_55	Tpole_LABEL_56	Tpole_LABEL_57	Sal_LABEL_58	Sal_LABEL_59	SMd_LABEL_60	DAN_LABEL_61	FP_LABEL_62	DMN_LABEL_63	FP_LABEL_64	FP_LABEL_65	SMd_LABEL_66	SMl_LABEL_67	SMd_LABEL_68	DMN_LABEL_69	DAN_LABEL_70	DMN_LABEL_71	FP_LABEL_72	SMd_LABEL_73	SMl_LABEL_74	MTL_LABEL_75	MTL_LABEL_76	CO_LABEL_77	CO_LABEL_78	Vis_LABEL_79	Vis_LABEL_80
DMN_LABEL_1	1.0	-0.1552707403898239	-0.03581138327717781	-0.20931276679039001	0.23885475099086761	0.2570427358150482	0.30451270937919617	n/a	0.04236511513590813	-0.14942599833011627	0.3541299104690552	-0.1338547170162201	-0.14149537682533264	0.10207726061344147	-0.5316665768623352	0.7120469808578491	-0.1374427080154419	0.6865288615226746	0.3761606812477112	-0.13445205986499786	-0.23488612473011017	0.26492905616760254	-0.46115899085998535	0.23387949168682098	-0.39722663164138794	0.5600346922874451	0.6206309795379639	0.7349553108215332	-0.16747790575027466	-0.3505934178829193	-0.43383345007896423	0.17823919653892517	0.3202880322933197	0.09353982657194138	n/a	-0.4516972303390503	0.2871379554271698	-0.3251473009586334	-0.1382749080657959	0.015051417052745819	-0.30204954743385315	-0.1646471917629242	0.1737973839044571	-0.4037056863307953	-0.3498685359954834	0.2807525098323822	-0.3963959515094757	0.11216799169778824	-0.43427562713623047	0.43361884355545044	-0.44080010056495667	0.327245831489563	0.44604766368865967	-0.35324782133102417	0.4691919982433319	0.09947694838047028	0.0515788234770298	0.17014801502227783	0.13159233331680298	-0.08468881249427795	-0.22966885566711426	-0.19207513332366943	0.15214218199253082	0.04790018871426582	0.05004290118813515	0.07392917573451996	-0.05812792852520943	0.02682454138994217	0.383123517036438	-0.2900453805923462	0.5048156380653381	-0.05061687156558037	-0.12435858696699142	-0.015316067263484001	-0.030250322073698044	-0.01160886138677597	0.014472776092588902	-0.1921747326850891	-0.04375426471233368	-0.06082957610487938
Vis_LABEL_2	-0.1552707403898239	1.0	-0.40973031520843506	-0.20957669615745544	-0.352355033159256	0.10537656396627426	0.16065441071987152	n/a	0.11979663372039795	-0.24509960412979126	0.1361614614725113	-0.3154071569442749	-0.3630109429359436	-0.16972342133522034	-0.027513325214385986	-0.293157160282135	-0.31743866205215454	-0.2354482263326645	-0.1689002960920334	-0.08306288719177246	-0.1940038949251175	-0.14489570260047913	0.358772337436676	-0.015587829053401947	0.2140824943780899	-0.35742175579071045	0.06619719415903091	-0.18367193639278412	0.9050994515419006	-0.15147238969802856	-0.21288539469242096	-0.43073606491088867	0.03209394961595535	0.09062206000089645	n/a	-0.06128983572125435	0.10607124865055084	-0.2669139802455902	-0.10793236643075943	-0.1984742432832718	0.11305762082338333	-0.09018305689096451	-0.19534943997859955	-0.2115790694952011	-0.15505516529083252	-0.14446204900741577	0.35802993178367615	-0.03477059304714203	0.1766040176153183	-0.3899858891963959	0.03166744485497475	-0.477230042219162	-0.34612154960632324	0.23669035732746124	-0.147177591919899	-0.26486924290657043	-0.236850306391716	-0.10637341439723969	-0.03850608691573143	-0.150819331407547	0.13711769878864288	0.2498789280653	-0.20256158709526062	-0.19529327750205994	-0.2942159175872803	-0.16831593215465546	-0.13953092694282532	-0.5049102306365967	-0.016443192958831787	0.08428265899419785	-0.2862156331539154	-0.09335286170244217	-0.3800070881843567	-0.06541645526885986	-0.1111844927072525	-0.25570356845855713	-0.07614511996507645	-0.03836499899625778	0.5598676204681396	0.16851922869682312
FP_LABEL_3	-0.03581138327717781	-0.40973031520843506	1.0	0.2066262662410736	-0.018190208822488785	0.2986178398132324	-0.05009705573320389	n/a	-0.05712633579969406	0.35523438453674316	-0.11935868114233017	0.261229008436203	-0.07311570644378662	-0.18171294033527374	0.15399926900863647	0.052484314888715744	0.1520262211561203	-0.08082196116447449	-0.11779341101646423	0.2512015700340271	0.3719967007637024	0.08529384434223175	-0.14747661352157593	0.4308072030544281	-0.16292792558670044	-0.06439328193664551	-0.26055091619491577	-0.04568791761994362	-0.35088664293289185	0.41460734605789185	0.2559477388858795	0.04513667896389961	0.3507423400878906	-0.01561898086220026	n/a	0.2843136787414551	-0.005219435319304466	0.15341171622276306	-0.2048301249742508	-0.09329649806022644	-0.25631090998649597	0.05332500487565994	-0.03626161441206932	0.32790473103523254	0.23321323096752167	0.1872890293598175	-0.17480222880840302	0.37486353516578674	-0.06515270471572876	0.2855963110923767	0.136946901679039	-0.07638899236917496	-0.062064722180366516	-0.00629734480753541	-0.2217065691947937	0.05124633386731148	0.02624489739537239	0.08787234872579575	0.06162188947200775	0.09298461675643921	-0.15077851712703705	-0.194961816072464	-0.26046401262283325	-0.008462450467050076	-0.12517744302749634	-0.06085219606757164	-0.37560340762138367	0.09909489750862122	-0.15753903985023499	-0.07965929806232452	-0.14513112604618073	0.07079241424798965	-0.13930325210094452	-0.3453502655029297	0.28696274757385254	0.1627306044101715	0.3626202940940857	0.024468526244163513	-0.2609724998474121	-0.1308458000421524
Aud_LABEL_4	-0.20931276679039001	-0.20957669615745544	0.2066262662410736	1.0	0.21986061334609985	0.0715474784374237	-0.048985086381435394	n/a	-0.004598654806613922	0.4388774633407593	-0.11304517090320587	0.22183917462825775	0.1069529801607132	0.38025858998298645	-0.0433708131313324	-0.0950084701180458	0.26819342374801636	0.017577873542904854	0.21894879639148712	0.4922562837600708	0.5516368746757507	0.14236567914485931	-0.32921040058135986	0.09368552267551422	-0.14033186435699463	-0.21180003881454468	-0.2261151522397995	-0.23996268212795258	-0.09288400411605835	0.1163945272564888	0.798978865146637	0.211386576294899	0.06481719017028809	-0.019353538751602173	n/a	0.33638453483581543	0.08466960489749908	0.21533243358135223	-0.011094869114458561	0.3609733581542969	-0.2751372456550598	0.3772261142730713	0.2877994775772095	0.26504507660865784	0.4525251090526581	-0.11647754162549973	-0.3946670889854431	0.06722938269376755	-0.07065144181251526	-0.07406353205442429	0.10202908515930176	-0.24081577360630035	-0.13477268815040588	0.04288037121295929	-0.17215391993522644	-0.03123621456325054	0.03769196569919586	0.17023703455924988	0.2663913667201996	0.1126486212015152	-0.11066512018442154	0.11035550385713577	-0.14172081649303436	-0.46095505356788635	-0.020426485687494278	-0.05099622905254364	-0.018810633569955826	-0.1358097791671753	0.0017955643124878407	-0.14090093970298767	-0.22931304574012756	-0.20295533537864685	0.14175011217594147	-0.06673790514469147	0.20067459344863892	0.3146171569824219	0.31586435437202454	0.45382457971572876	-0.04840292036533356	0.20424623787403107
Tpole_LABEL_5	0.23885475099086761	-0.352355033159256	-0.018190208822488785	0.21986061334609985	1.0	-0.018168292939662933	-0.013194192200899124	n/a	0.014136788435280323	0.3590101897716522	0.11353599280118942	0.16206319630146027	0.10280410945415497	0.5340575575828552	-0.3354507088661194	0.30039089918136597	0.20777057111263275	0.3298071622848511	0.4376884698867798	0.1450139433145523	0.22919438779354095	0.2688908576965332	-0.45294544100761414	0.06172707676887512	-0.3051622807979584	0.2926885783672333	0.033584170043468475	0.1438080221414566	-0.3067844808101654	-0.10326755046844482	0.009700838476419449	0.8762355446815491	0.038629259914159775	0.055440712720155716	n/a	0.13066959381103516	0.26257532835006714	0.13564567267894745	-0.1818474978208542	0.4506107568740845	-0.3704003095626831	0.13086958229541779	0.3927953839302063	-0.11171803623437881	0.1702764332294464	0.15297876298427582	-0.3454363942146301	0.06766811013221741	-0.3865213692188263	0.23308542370796204	-0.3380093276500702	0.08491898328065872	0.08316262066364288	-0.35055699944496155	0.10732952505350113	0.3295198976993561	0.3719295859336853	0.2529411315917969	0.019768886268138885	0.0020834619645029306	-0.03645206615328789	-0.14222970604896545	-0.05606241524219513	-0.24315519630908966	0.01974753476679325	-0.05938151851296425	0.19014418125152588	0.04194709286093712	0.07153522223234177	-0.2532009780406952	0.06772451847791672	-0.28995102643966675	0.08013822883367538	0.08261258155107498	-0.051317766308784485	0.20379623770713806	0.3960248827934265	0.3648541569709778	-0.21715863049030304	0.07037433236837387
PMN_LABEL_6	0.2570427358150482	0.10537656396627426	0.2986178398132324	0.0715474784374237	-0.018168292939662933	1.0	0.045428842306137085	n/a	-0.07147111743688583	0.1212652400135994	0.23798657953739166	-0.07896080613136292	-0.47970813512802124	-0.1711036115884781	-0.496926873922348	0.1666712462902069	-0.20381760597229004	0.07027821242809296	0.26322734355926514	0.1982838213443756	0.18142573535442352	0.5266457796096802	-0.08236070722341537	0.8702946901321411	-0.3964689075946808	0.058195676654577255	-0.22110983729362488	0.03421592712402344	0.19497832655906677	0.16933369636535645	-0.16194823384284973	0.04625660926103592	0.9172671437263489	0.0710664615035057	n/a	-0.11315566301345825	0.5267058610916138	-0.262722373008728	-0.5778849124908447	-0.36267736554145813	-0.5345476865768433	-0.20300497114658356	0.3252536654472351	-0.18504923582077026	0.019322525709867477	0.3745573163032532	-0.07777426391839981	0.8193966150283813	-0.3863164782524109	0.3315739631652832	0.106363944709301	-0.22604022920131683	-0.29028937220573425	0.09202208369970322	-0.43827635049819946	0.1632007658481598	0.027121324092149734	0.03545798361301422	0.10838688164949417	-0.3178076446056366	-0.0691688060760498	0.24438293278217316	0.15743491053581238	-0.16074328124523163	0.07416447252035141	-0.2510406970977783	-0.35243111848831177	-0.4356010854244232	0.08908884972333908	-0.1686425358057022	0.20747019350528717	-0.12640699744224548	-0.3637421727180481	-0.17768201231956482	0.27000710368156433	0.24285542964935303	0.1705584079027176	-0.04901914671063423	0.19992288947105408	0.18587854504585266
PON_LABEL_7	0.30451270937919617	0.16065441071987152	-0.05009705573320389	-0.048985086381435394	-0.013194192200899124	0.045428842306137085	1.0	n/a	0.693937361240387	0.04719149321317673	0.356304407119751	-0.13227535784244537	-0.11856964230537415	-0.03368661552667618	-0.029115069657564163	0.30788201093673706	0.15501932799816132	0.20271944999694824	-0.01977301761507988	-0.024553852155804634	-0.26705190539360046	0.0048902896232903	-0.20160584151744843	0.004676150623708963	-0.21180683374404907	0.030474979430437088	0.44456127285957336	0.1807062178850174	0.15120820701122284	-0.1759381890296936	-0.15245862305164337	0.04036508873105049	-0.00787703413516283	0.8678634762763977	n/a	-0.08027411997318268	0.2917860746383667	-0.09935571998357773	-0.035748399794101715	0.03051491640508175	-0.10223842412233353	0.13242311775684357	-0.04293069615960121	0.005414524581283331	-0.19078941643238068	-0.009276709519326687	-0.2665165364742279	-0.03467182070016861	-0.14063423871994019	0.11909794807434082	-0.41833627223968506	0.2279074341058731	0.4818853437900543	0.2650679051876068	0.43397271633148193	-0.013077445328235626	0.011103849858045578	0.1951250433921814	0.34873679280281067	0.11912260204553604	-0.029883312061429024	-0.07426709681749344	-0.27545252442359924	-0.0450698658823967	-0.3141533136367798	0.10442723333835602	0.008290275000035763	-0.033463407307863235	0.31657302379608154	0.05846516788005829	-0.08666590601205826	-0.10270830243825912	-0.25006625056266785	0.01754409447312355	0.17662033438682556	0.09479760378599167	-0.07790557295084	-0.28732264041900635	0.1801186352968216	0.12212006002664566
MTL_LABEL_8	n/a	n/a	n/a	n/a	n/a	n/a	n/a	1.0	n/a	n/a	n/a	n/a	n/a	n/a	n/a	n/a	n/a	n/a	n/a	n/a	n/a	n/a	n/a	n/a	n/a	n/a	n/a	n/a	n/a	n/a	n/a	n/a	n/a	n/a	n/a	n/a	n/a	n/a	n/a	n/a	n/a	n/a	n/a	n/a	n/a	n/a	n/a	n/a	n/a	n/a	n/a	n/a	n/a	n/a	n/a	n/a	n/a	n/a	n/a	n/a	n/a	n/a	n/a	n/a	n/a	n/a	n/a	n/a	n/a	n/a	n/a	n/a	n/a	n/a	n/a	n/a	n/a	n/a	n/a	n/a
PON_LABEL_9	0.04236511513590813	0.11979663372039795	-0.05712633579969406	-0.004598654806613922	0.014136788435280323	-0.07147111743688583	0.693937361240387	n/a	1.0	0.12421304732561111	0.15909622609615326	0.08891647309064865	-0.199489563703537	-0.09418237954378128	0.20974035561084747	0.08385071158409119	0.1099030002951622	-0.11126669496297836	-0.14973323047161102	0.13785290718078613	-0.1045447513461113	-0.009446721524000168	0.013129184022545815	-0.1159360334277153	-0.08003752678632736	-0.07264454662799835	0.18565510213375092	0.0314493253827095	0.12437769025564194	-0.06328317523002625	-0.020273152738809586	0.055005162954330444	-0.13317982852458954	0.7874209880828857	n/a	0.20548950135707855	0.04930569604039192	0.15186470746994019	-0.2252432107925415	0.07112801820039749	-0.027483206242322922	0.044971365481615067	-0.08013677597045898	0.17353619635105133	0.03808218985795975	-0.08366727083921432	-0.03722723200917244	-0.13957449793815613	0.01871323026716709	0.08615360409021378	-0.15540753304958344	0.23940818011760712	0.23453839123249054	0.5465738773345947	0.2626844346523285	0.10974516719579697	0.06912409514188766	0.07948893308639526	0.27326589822769165	-0.03043467178940773	0.16934607923030853	-0.2907523214817047	-0.3560461699962616	-0.1317615807056427	-0.281332790851593	-0.17663520574569702	-0.031013190746307373	-0.1653563678264618	0.34490931034088135	0.23478373885154724	-0.22509001195430756	0.08853883296251297	-0.17282512784004211	-0.036930590867996216	0.16949141025543213	0.07972770929336548	-0.12670812010765076	-0.2852359116077423	0.2780638039112091	0.17902038991451263
CO_LABEL_10	-0.14942599833011627	-0.24509960412979126	0.35523438453674316	0.4388774633407593	0.3590101897716522	0.1212652400135994	0.04719149321317673	n/a	0.12421304732561111	1.0	-0.08250001072883606	0.7021135687828064	0.020306333899497986	0.21114686131477356	0.08640601485967636	-0.2239076793193817	0.5170227289199829	-0.2197154462337494	0.09475629031658173	0.4739026427268982	0.6226471662521362	0.02511187642812729	-0.1301376074552536	0.16370922327041626	-0.23833593726158142	-0.230030819773674	-0.33253005146980286	-0.3532930910587311	-0.20016871392726898	0.08662793785333633	0.25873512029647827	0.3708983063697815	0.00999839510768652	0.15692353248596191	n/a	0.7120118141174316	0.2603558897972107	0.6358524560928345	-0.17731605470180511	0.24908889830112457	-0.20709772408008575	0.5228379964828491	0.11938026547431946	0.3056269586086273	0.5809915065765381	0.03113672509789467	-0.197002112865448	0.08987636864185333	-0.2003542184829712	-0.06172911077737808	-0.25749385356903076	-0.2624049186706543	-0.22216348350048065	0.0733325183391571	-0.29361072182655334	0.11523731797933578	0.18875572085380554	0.39994314312934875	0.238206684589386	0.12861163914203644	0.12487442791461945	-0.023600582033395767	-0.25552448630332947	-0.10262304544448853	-0.1364518254995346	-0.07315582036972046	-0.016646364703774452	-0.1044953316450119	-0.2508990168571472	0.07287481427192688	-0.1950184404850006	-0.1515343189239502	0.031169826164841652	0.008806014433503151	0.05400853976607323	0.00025171463494189084	0.586499810218811	0.3565422296524048	0.04821312054991722	-0.05257823318243027
Sal_LABEL_11	0.3541299104690552	0.1361614614725113	-0.11935868114233017	-0.11304517090320587	0.11353599280118942	0.23798657953739166	0.356304407119751	n/a	0.15909622609615326	-0.08250001072883606	1.0	-0.3804149925708771	-0.20342862606048584	-0.12332813441753387	-0.3528537452220917	0.3914114236831665	-0.15368717908859253	0.5800966024398804	0.3936152756214142	-0.13057567179203033	-0.28984335064888	0.43919849395751953	-0.30112844705581665	0.04325737804174423	-0.0866524949669838	0.42723989486694336	0.5112224817276001	0.39314529299736023	0.10485533624887466	-0.4646713137626648	-0.3597526550292969	0.14437250792980194	0.20642536878585815	0.2140772044658661	n/a	-0.3664968013763428	0.6430544853210449	-0.4531824588775635	-0.022175835445523262	-0.2675406038761139	-0.08095736056566238	-0.06595844030380249	0.23278945684432983	-0.43252626061439514	-0.36654332280158997	0.40749219059944153	-0.18730197846889496	0.011481120251119137	-0.10726601630449295	0.05416516587138176	-0.3576868772506714	0.33037421107292175	0.27107906341552734	-0.10834366083145142	0.30065256357192993	0.35446688532829285	0.018438223749399185	0.2843187153339386	0.26318973302841187	0.12776736915111542	0.031326550990343094	0.1464402824640274	0.10834592580795288	-0.03683875873684883	0.16583409905433655	0.15213921666145325	0.011521992273628712	0.03755925968289375	0.37543749809265137	-0.18350359797477722	0.42092597484588623	0.019558841362595558	-0.03602137789130211	0.05097553879022598	0.3805486857891083	0.1270269751548767	-0.1456097662448883	-0.31586819887161255	0.08613062649965286	-0.06681510806083679
CO_LABEL_12	-0.1338547170162201	-0.3154071569442749	0.261229008436203	0.22183917462825775	0.16206319630146027	-0.07896080613136292	-0.13227535784244537	n/a	0.08891647309064865	0.7021135687828064	-0.3804149925708771	1.0	0.013431893661618233	0.04977871850132942	0.1985219269990921	-0.30928969383239746	0.6130157113075256	-0.3182779848575592	-0.08011475950479507	0.43055739998817444	0.548084020614624	-0.1909077763557434	0.053661271929740906	0.009181496687233448	-0.19008789956569672	-0.12169432640075684	-0.3323933482170105	-0.23906487226486206	-0.3535384237766266	0.20300108194351196	0.15923376381397247	0.20222249627113342	-0.12935513257980347	0.05976705625653267	n/a	0.6523699164390564	-0.08768007159233093	0.7544829845428467	-0.2284095138311386	0.15833136439323425	-0.06528925150632858	0.5413429141044617	-0.03277365490794182	0.445182740688324	0.5839137434959412	-0.017020612955093384	-0.011824862100183964	-0.05679866299033165	-0.15749801695346832	0.003494733013212681	-0.05020176246762276	-0.15171100199222565	-0.28907692432403564	0.10958288609981537	-0.2926943004131317	0.08009093254804611	-0.009823409840464592	0.18704240024089813	0.045846663415431976	-0.09017883241176605	0.06366896629333496	-0.112554632127285	-0.18706025183200836	0.12676624953746796	-0.054645609110593796	-0.10312866419553757	-0.03394336998462677	-0.11403805017471313	-0.2475932240486145	0.15732929110527039	-0.11652057617902756	-0.031867604702711105	0.07382836937904358	-0.14092162251472473	-0.15131253004074097	-0.1318962574005127	0.4030069410800934	0.1519724428653717	-0.018151115626096725	-0.034720007330179214
SMd_LABEL_13	-0.14149537682533264	-0.3630109429359436	-0.07311570644378662	0.1069529801607132	0.10280410945415497	-0.47970813512802124	-0.11856964230537415	n/a	-0.199489563703537	0.020306333899497986	-0.20342862606048584	0.013431893661618233	1.0	0.1692112386226654	0.2217271327972412	0.09019186347723007	0.32375144958496094	0.1567477285861969	0.03548325225710869	-0.10919775068759918	-0.2650063633918762	-0.15418097376823425	-0.1566055566072464	-0.41977086663246155	0.2526380121707916	0.1933235079050064	0.05750834569334984	0.03006093017756939	-0.36853495240211487	-0.13185524940490723	0.1627090722322464	-0.0467437244951725	-0.47652125358581543	-0.15864554047584534	n/a	-0.1304430514574051	-0.262163370847702	0.09626708924770355	0.7063957452774048	0.17999206483364105	0.3505686819553375	0.15712718665599823	-0.11186465620994568	-0.024557776749134064	-0.23470538854599	-0.23149040341377258	-0.17733578383922577	-0.3502413034439087	0.16410194337368011	-0.18962490558624268	-0.3178405165672302	0.1779761165380478	0.25358232855796814	-0.18849033117294312	0.360836386680603	-0.1783912181854248	0.06022851541638374	-0.11733605712652206	-0.16626720130443573	0.3949211835861206	-0.2032601684331894	-0.10145851224660873	0.06799818575382233	-0.05746834725141525	-0.07991249114274979	0.27151182293891907	0.1810947060585022	0.5783839821815491	-0.18484258651733398	-0.115870900452137	0.13481871783733368	-0.12911415100097656	0.3652651309967041	0.048627011477947235	-0.008566495962440968	-0.04878786578774452	-0.04730062931776047	0.13665232062339783	-0.23110537230968475	-0.158131942152977
SMl_LABEL_14	0.10207726061344147	-0.16972342133522034	-0.18171294033527374	0.38025858998298645	0.5340575575828552	-0.1711036115884781	-0.03368661552667618	n/a	-0.09418237954378128	0.21114686131477356	-0.12332813441753387	0.04977871850132942	0.1692112386226654	1.0	-0.12478180229663849	0.004275254439562559	-0.004251272417604923	0.2098000943660736	0.23682370781898499	-0.042263973504304886	0.10484953224658966	-0.06769227236509323	-0.19341018795967102	-0.17647109925746918	-0.0714518204331398	-0.03224170207977295	0.14628449082374573	0.004950971342623234	-0.10214272141456604	-0.33507785201072693	0.16417920589447021	0.4484485685825348	-0.19325625896453857	-0.059244364500045776	n/a	0.01408205833286047	0.01360920537263155	0.1878427416086197	0.007996473461389542	0.9147164225578308	-0.14332471787929535	0.09726842492818832	0.1259862631559372	-0.2397749125957489	0.03503325954079628	-0.18721243739128113	-0.2866825461387634	-0.21703539788722992	-0.1621333360671997	-0.1199529767036438	-0.3034589886665344	-0.0011177386622875929	0.1554029881954193	-0.22982041537761688	0.18342706561088562	-0.05093616247177124	0.06502509862184525	0.08529553562402725	-0.15036894381046295	-0.03757519647479057	-0.16424350440502167	-0.10260214656591415	0.1402568519115448	-0.1577683538198471	-0.03196364641189575	0.059036340564489365	0.4819103181362152	0.051980823278427124	-0.034956593066453934	-0.19093693792819977	0.062307145446538925	-0.15668489038944244	0.17797835171222687	0.40896090865135193	-0.17138588428497314	0.06111440807580948	0.22481581568717957	0.22321800887584686	-0.2167297750711441	0.1716475784778595
DAN_LABEL_15	-0.5316665768623352	-0.027513325214385986	0.15399926900863647	-0.0433708131313324	-0.3354507088661194	-0.496926873922348	-0.029115069657564163	n/a	0.20974035561084747	0.08640601485967636	-0.3528537452220917	0.1985219269990921	0.2217271327972412	-0.12478180229663849	1.0	-0.4049086272716522	0.2057780921459198	-0.43574345111846924	-0.4864989221096039	-0.020478505641222	-0.005120766349136829	-0.4643701910972595	0.5696273446083069	-0.44293731451034546	0.6333916783332825	-0.32035934925079346	-0.20492561161518097	-0.3354215919971466	-0.07927610725164413	0.2638399302959442	0.3079695403575897	-0.3043360412120819	-0.5237217545509338	0.0912887454032898	n/a	0.40642374753952026	-0.48765450716018677	0.45393291115760803	0.2937375009059906	0.0699358806014061	0.6645716428756714	0.15212026238441467	-0.5035624504089355	0.40088677406311035	0.2001533806324005	-0.3130887746810913	0.4991896450519562	-0.4402486979961395	0.7044552564620972	-0.38676562905311584	0.1797594428062439	0.03367926925420761	-0.06671200692653656	0.4290878474712372	-0.035385072231292725	-0.17400316894054413	-0.280340313911438	-0.177316352725029	-0.14459510147571564	0.2657916247844696	0.3020191490650177	-0.2305280566215515	-0.3233685791492462	0.22216801345348358	-0.35110902786254883	0.01748366467654705	0.12992021441459656	0.20166850090026855	-0.26367679238319397	0.4049191176891327	-0.3402950167655945	0.12736129760742188	0.06265638023614883	0.16839607059955597	-0.0229981429874897	-0.18298743665218353	-0.10397035628557205	-0.049852121621370316	-0.10147411376237869	-0.09037400782108307
DMN_LABEL_16	0.7120469808578491	-0.293157160282135	0.052484314888715744	-0.0950084701180458	0.30039089918136597	0.1666712462902069	0.30788201093673706	n/a	0.08385071158409119	-0.2239076793193817	0.3914114236831665	-0.30928969383239746	0.09019186347723007	0.004275254439562559	-0.4049086272716522	1.0	-0.04183517023921013	0.7718153595924377	0.47118517756462097	-0.13120386004447937	-0.24919626116752625	0.48397839069366455	-0.5387118458747864	0.19468875229358673	-0.2841571271419525	0.7239084243774414	0.4484044313430786	0.7897980809211731	-0.20824070274829865	-0.17106923460960388	-0.23519226908683777	0.22299739718437195	0.2669799029827118	0.1741962879896164	n/a	-0.45118826627731323	0.16599145531654358	-0.3486027419567108	-0.013079823926091194	-0.0887945145368576	-0.2554560601711273	-0.13342300057411194	0.35714030265808105	-0.3626742362976074	-0.3599334955215454	0.37420907616615295	-0.33504611253738403	0.18581150472164154	-0.35697492957115173	0.5711920261383057	-0.3880251348018646	0.43726322054862976	0.4950368404388428	-0.27703583240509033	0.40461379289627075	0.25624990463256836	0.22719848155975342	0.10420847684144974	0.13949193060398102	0.08786535263061523	-0.17712131142616272	-0.25740528106689453	-0.07364505529403687	-0.17393170297145844	-0.0994768962264061	0.16498905420303345	-0.07022231817245483	0.2409748136997223	0.4073602855205536	-0.27381497621536255	0.33398449420928955	-0.2133113145828247	-0.011198414489626884	0.018851203843951225	0.1774912178516388	0.10770624130964279	-0.12963344156742096	-0.05691229924559593	-0.23881886899471283	-0.10185306519269943
CO_LABEL_17	-0.1374427080154419	-0.31743866205215454	0.1520262211561203	0.26819342374801636	0.20777057111263275	-0.20381760597229004	0.15501932799816132	n/a	0.1099030002951622	0.5170227289199829	-0.15368717908859253	0.6130157113075256	0.32375144958496094	-0.004251272417604923	0.2057780921459198	-0.04183517023921013	1.0	-0.06205488741397858	-0.1384558081626892	0.47375065088272095	0.3468323051929474	-0.16449113190174103	-0.1375911831855774	-0.16009967029094696	-0.11108781397342682	0.019402531906962395	-0.1852145940065384	-0.2313700020313263	-0.2888703942298889	0.26463261246681213	0.2571592926979065	0.2445114552974701	-0.2566210627555847	0.22165971994400024	n/a	0.44046011567115784	0.014191284775733948	0.4338727295398712	0.06199255213141441	0.121828593313694	0.048143140971660614	0.862639844417572	-0.06840194016695023	0.5495560169219971	0.467002809047699	0.021972542628645897	-0.14157941937446594	-0.15727299451828003	-0.13086481392383575	-0.008836035616695881	-0.1590726524591446	-0.10255074501037598	0.0014052618062123656	-0.04041334241628647	-0.05095886439085007	0.003864411963149905	0.20710796117782593	0.13371747732162476	0.10675448924303055	0.23062987625598907	-0.005342135205864906	0.01981261931359768	-0.2868891656398773	0.025249572470784187	-0.19908377528190613	0.07295859605073929	0.13994386792182922	0.10568791627883911	-0.20531897246837616	0.08596711605787277	-0.13682080805301666	-0.2505950927734375	0.08950014412403107	-0.08901502192020416	0.12865854799747467	0.022642087191343307	0.2647398114204407	0.06902611255645752	-0.16729915142059326	0.05216456577181816
DMN_LABEL_18	0.6865288615226746	-0.2354482263326645	-0.08082196116447449	0.017577873542904854	0.3298071622848511	0.07027821242809296	0.20271944999694824	n/a	-0.11126669496297836	-0.2197154462337494	0.5800966024398804	-0.3182779848575592	0.1567477285861969	0.2098000943660736	-0.43574345111846924	0.7718153595924377	-0.06205488741397858	1.0	0.5845814347267151	-0.18424826860427856	-0.2804602086544037	0.3106032609939575	-0.577570915222168	-0.03218015655875206	-0.20563162863254547	0.7233463525772095	0.7055962681770325	0.7652718424797058	-0.23211520910263062	-0.41296637058258057	-0.229417622089386	0.24452421069145203	0.1421148180961609	-0.00018964806804433465	n/a	-0.6075200438499451	0.3310578763484955	-0.480678528547287	0.14596019685268402	0.04286275804042816	-0.151718407869339	-0.0933893620967865	0.3357764780521393	-0.5684167146682739	-0.44096919894218445	0.22354203462600708	-0.45005473494529724	-0.04881298914551735	-0.29308927059173584	0.2711833119392395	-0.4042845368385315	0.4610736072063446	0.5544400215148926	-0.4713045656681061	0.5515859127044678	0.19841359555721283	0.038313932716846466	0.16883836686611176	0.11514993757009506	0.04916984587907791	-0.23071850836277008	-0.12157001346349716	0.18518052995204926	-0.15901122987270355	0.11296394467353821	0.2333507090806961	0.050865888595581055	0.22205013036727905	0.40390458703041077	-0.3902447521686554	0.6010979413986206	-0.21394620835781097	0.05071328952908516	0.025088947266340256	0.2466588020324707	0.14519572257995605	-0.1060875654220581	-0.0810951516032219	-0.2192177027463913	-0.10052457451820374
VAN_LABEL_19	0.3761606812477112	-0.1689002960920334	-0.11779341101646423	0.21894879639148712	0.4376884698867798	0.26322734355926514	-0.01977301761507988	n/a	-0.14973323047161102	0.09475629031658173	0.3936152756214142	-0.08011475950479507	0.03548325225710869	0.23682370781898499	-0.4864989221096039	0.47118517756462097	-0.1384558081626892	0.5845814347267151	1.0	-0.018250325694680214	0.04928800091147423	0.5481663346290588	-0.4462425410747528	0.17099502682685852	-0.167642280459404	0.4296538829803467	0.12433522194623947	0.36728763580322266	-0.09901368618011475	-0.34495335817337036	-0.08355104178190231	0.30820876359939575	0.288636714220047	-0.08461504429578781	n/a	-0.1729879230260849	0.328581303358078	-0.1842135488986969	-0.16845841705799103	0.02924741804599762	-0.2641962170600891	-0.1043788343667984	0.722163736820221	-0.3957287669181824	-0.09402075409889221	0.2252340465784073	-0.29195281863212585	0.1338176727294922	-0.21936534345149994	0.19602526724338531	-0.23378640413284302	0.1772828996181488	0.0021453455556184053	-0.4115917682647705	0.05095012113451958	0.41983500123023987	0.14793086051940918	0.3452945053577423	0.27387735247612	-0.07317258417606354	-0.28447070717811584	0.15093253552913666	0.2120181769132614	-0.1927317976951599	0.3093777298927307	-0.03334474563598633	-0.07577361166477203	0.07546587288379669	0.2995566427707672	-0.2801288068294525	0.4137502908706665	-0.17102563381195068	-0.1584753543138504	0.005418869666755199	0.1254974901676178	0.106870636343956	0.056877803057432175	0.28491318225860596	-0.01221288088709116	-0.09810256958007812
CO_LABEL_20	-0.13445205986499786	-0.08306288719177246	0.2512015700340271	0.4922562837600708	0.1450139433145523	0.1982838213443756	-0.024553852155804634	n/a	0.13785290718078613	0.4739026427268982	-0.13057567179203033	0.43055739998817444	-0.10919775068759918	-0.042263973504304886	-0.020478505641222	-0.13120386004447937	0.47375065088272095	-0.18424826860427856	-0.018250325694680214	1.0	0.7202157974243164	0.16509243845939636	-0.09683018922805786	0.20508220791816711	-0.22873112559318542	-0.10743451118469238	-0.35343217849731445	-0.1988995373249054	-0.08243095129728317	0.2893294095993042	0.5155394673347473	0.22289952635765076	0.15366676449775696	0.012460784055292606	n/a	0.5220131874084473	0.019214535132050514	0.27276548743247986	-0.1945866495370865	0.03196164593100548	-0.20632174611091614	0.4539543092250824	0.19605563580989838	0.5314491391181946	0.7319008111953735	0.05974100902676582	-0.07810777425765991	0.14117251336574554	-0.13975030183792114	-0.0346529521048069	0.11208823323249817	-0.3068184554576874	-0.34293076395988464	0.0918746367096901	-0.42311349511146545	-0.014532268978655338	0.12073964625597	-0.12503372132778168	0.2197875827550888	-0.19985611736774445	0.05981559306383133	0.14832952618598938	-0.36785706877708435	-0.37283065915107727	-0.11247501522302628	-0.3918117880821228	-0.23667378723621368	-0.35256674885749817	0.02261262573301792	0.2402782440185547	-0.31995105743408203	-0.22852571308612823	-0.08768827468156815	-0.24252143502235413	0.23477716743946075	0.17727868258953094	0.2240487039089203	0.23256368935108185	-0.0010514307068660855	0.1761407107114792
CO_LABEL_21	-0.23488612473011017	-0.1940038949251175	0.3719967007637024	0.5516368746757507	0.22919438779354095	0.18142573535442352	-0.26705190539360046	n/a	-0.1045447513461113	0.6226471662521362	-0.28984335064888	0.548084020614624	-0.2650063633918762	0.10484953224658966	-0.005120766349136829	-0.24919626116752625	0.3468323051929474	-0.2804602086544037	0.04928800091147423	0.7202157974243164	1.0	0.11923246830701828	-0.04291674867272377	0.2719518840312958	-0.19517719745635986	-0.26724860072135925	-0.5088286995887756	-0.37343862652778625	-0.1371859461069107	0.3567315340042114	0.515863299369812	0.3481301963329315	0.1647748053073883	-0.1633109599351883	n/a	0.6661762595176697	0.011225495487451553	0.42913302779197693	-0.28373828530311584	0.1679510474205017	-0.30225321650505066	0.4292132556438446	0.33671724796295166	0.5221565365791321	0.9009194374084473	0.13417565822601318	-0.036136217415332794	0.22730644047260284	-0.1675260365009308	0.08847807347774506	0.2534790337085724	-0.4151793122291565	-0.46282973885536194	0.03107290528714657	-0.588703989982605	0.08701001107692719	0.18228285014629364	0.08461714535951614	0.13175933063030243	-0.12750767171382904	0.1262313425540924	0.15094971656799316	-0.2922985553741455	-0.21090373396873474	0.067809097468853	-0.2059476524591446	-0.1378525197505951	-0.2770986258983612	-0.15755242109298706	0.21770501136779785	-0.397152304649353	-0.21331864595413208	0.06333846598863602	-0.14696502685546875	0.10824134945869446	0.24172858893871307	0.4450671672821045	0.4643385708332062	-0.06200153008103371	0.06329965591430664
Sal_LABEL_22	0.26492905616760254	-0.14489570260047913	0.08529384434223175	0.14236567914485931	0.2688908576965332	0.5266457796096802	0.0048902896232903	n/a	-0.009446721524000168	0.02511187642812729	0.43919849395751953	-0.1909077763557434	-0.15418097376823425	-0.06769227236509323	-0.4643701910972595	0.48397839069366455	-0.16449113190174103	0.3106032609939575	0.5481663346290588	0.16509243845939636	0.11923246830701828	1.0	-0.32110416889190674	0.5514167547225952	-0.22717130184173584	0.38490527868270874	-0.15881142020225525	0.29691657423973083	-0.07933559268712997	-0.030650164932012558	-0.0902441143989563	0.30617791414260864	0.49999934434890747	-0.02229124680161476	n/a	-0.11688748747110367	0.5061589479446411	-0.14517363905906677	-0.24735212326049805	-0.23265129327774048	-0.2696388065814972	-0.1639075130224228	0.6746828556060791	-0.1968424916267395	-0.017025496810674667	0.709959089756012	-0.11587506532669067	0.5001362562179565	-0.2563551068305969	0.5194410085678101	-0.08902163058519363	0.2429569810628891	-0.11796998232603073	-0.027952121570706367	-0.19973963499069214	0.43234843015670776	0.2712854743003845	0.26001712679862976	0.295359343290329	-0.052497707307338715	-0.040431082248687744	0.04693051055073738	0.08349224925041199	-0.2655719220638275	0.2090083360671997	-0.11419421434402466	-0.2090817242860794	-0.05212092772126198	0.06425892561674118	-0.20480957627296448	0.16214822232723236	-0.21401174366474152	-0.05705087259411812	0.05486045777797699	0.16440348327159882	0.23458163440227509	-0.007449330762028694	0.11494899541139603	-0.011238506063818932	0.08397190272808075
DAN_LABEL_23	-0.46115899085998535	0.358772337436676	-0.14747661352157593	-0.32921040058135986	-0.45294544100761414	-0.08236070722341537	-0.20160584151744843	n/a	0.013129184022545815	-0.1301376074552536	-0.30112844705581665	0.053661271929740906	-0.1566055566072464	-0.19341018795967102	0.5696273446083069	-0.5387118458747864	-0.1375911831855774	-0.577570915222168	-0.4462425410747528	-0.09683018922805786	-0.04291674867272377	-0.32110416889190674	1.0	-0.1400873064994812	0.6077284812927246	-0.436987966299057	-0.29852095246315	-0.39958468079566956	0.2512524724006653	0.08714403957128525	-0.10135740786790848	-0.3324548900127411	-0.23210753500461578	-0.060287002474069595	n/a	0.23342767357826233	-0.2625701427459717	0.2369844913482666	-0.02156117744743824	-0.1675914227962494	0.49950292706489563	-0.054108474403619766	-0.28378719091415405	0.11348294466733932	0.09896554797887802	-0.01761404238641262	0.8417569994926453	-0.13610568642616272	0.5121922492980957	-0.2735556662082672	0.22721990942955017	-0.20918023586273193	-0.3645143210887909	0.41331660747528076	-0.2951233685016632	-0.16093213856220245	-0.2274763435125351	-0.3206004202365875	-0.379146546125412	-0.14692355692386627	0.26923108100891113	-0.08234534412622452	-0.13732494413852692	0.14855429530143738	-0.24483057856559753	-0.19726523756980896	-0.038929782807826996	-0.2131432592868805	-0.22717785835266113	0.3641798794269562	-0.30425789952278137	0.03135012462735176	-0.07563695311546326	0.09586311876773834	-0.1097966730594635	-0.2500830888748169	-0.14896130561828613	-0.18925192952156067	0.12074974924325943	-0.027002904564142227
PMN_LABEL_24	0.23387949168682098	-0.015587829053401947	0.4308072030544281	0.09368552267551422	0.06172707676887512	0.8702946901321411	0.004676150623708963	n/a	-0.1159360334277153	0.16370922327041626	0.04325737804174423	0.009181496687233448	-0.41977086663246155	-0.17647109925746918	-0.44293731451034546	0.19468875229358673	-0.16009967029094696	-0.03218015655875206	0.17099502682685852	0.20508220791816711	0.2719518840312958	0.5514167547225952	-0.1400873064994812	1.0	-0.4193848967552185	0.04116462916135788	-0.3301282823085785	0.006691879127174616	0.05679751932621002	0.38903093338012695	-0.06019112095236778	0.11019541323184967	0.8570737838745117	0.07313702255487442	n/a	0.05640917643904686	0.4118383228778839	-0.0787220448255539	-0.5419046878814697	-0.3095269203186035	-0.519829273223877	-0.2033298760652542	0.32510584592819214	-0.020988507196307182	0.10649901628494263	0.4227089583873749	-0.06229628995060921	0.955350399017334	-0.3878887891769409	0.5091330409049988	0.1114814504981041	-0.17421507835388184	-0.25863051414489746	0.08809567987918854	-0.4646802246570587	0.14369343221187592	0.06415418535470963	0.07879561930894852	0.15069355070590973	-0.2172873318195343	-0.06296388804912567	0.14834988117218018	0.008060231804847717	-0.09288325905799866	-0.029837198555469513	-0.1996881663799286	-0.35972294211387634	-0.32720378041267395	-0.12021346390247345	-0.1599496752023697	-0.039687737822532654	-0.19654901325702667	-0.28210389614105225	-0.18409137427806854	0.13067413866519928	0.19796942174434662	0.2605697214603424	0.09141518175601959	0.10899557918310165	0.20156152546405792
DAN_LABEL_25	-0.39722663164138794	0.2140824943780899	-0.16292792558670044	-0.14033186435699463	-0.3051622807979584	-0.3964689075946808	-0.21180683374404907	n/a	-0.08003752678632736	-0.23833593726158142	-0.0866524949669838	-0.19008789956569672	0.2526380121707916	-0.0714518204331398	0.6333916783332825	-0.2841571271419525	-0.11108781397342682	-0.20563162863254547	-0.167642280459404	-0.22873112559318542	-0.19517719745635986	-0.22717130184173584	0.6077284812927246	-0.4193848967552185	1.0	-0.27566099166870117	-0.07780758291482925	-0.17773886024951935	0.17867305874824524	-0.11397815495729446	0.0948714092373848	-0.3259662091732025	-0.47249865531921387	-0.16696767508983612	n/a	0.05826016888022423	-0.29586929082870483	0.08347659558057785	0.39671608805656433	-0.05962960422039032	0.7824559807777405	-0.0027498730923980474	-0.2291962057352066	-0.0010480358032509685	-0.05987599492073059	-0.05498465523123741	0.6160820722579956	-0.4039074778556824	0.8946458697319031	-0.4137513041496277	0.11258555948734283	-0.05092215910553932	-0.1996542364358902	0.1995377093553543	0.049540117383003235	-0.04218515381217003	-0.24714195728302002	-0.12421507388353348	-0.20493066310882568	0.14093145728111267	0.19809521734714508	-0.11048443615436554	-0.23992401361465454	0.02413448505103588	-0.18685057759284973	0.06909248232841492	0.07491084933280945	0.27479085326194763	-0.208920419216156	0.3750026822090149	-0.18305104970932007	0.09930398315191269	0.031257130205631256	0.08170946687459946	-0.038657136261463165	-0.22406138479709625	-0.23354078829288483	-0.033194784075021744	0.04184979572892189	-0.05480118840932846
