Node	HIP-head-m-rh	HIP-head-l-rh	HIP-body-rh	HIP-tail-rh	THA-VPm-rh	THA-VPl-rh	THA-VAi-rh	THA-VAs-rh	THA-DAm-rh	THA-DAl-rh	PUT-VA-rh	PUT-DA-rh	PUT-VP-rh	PUT-DP-rh	CAU-VA-rh	CAU-DA-rh	CAU-body-rh	CAU-tail-rh	lAMY-rh	mAMY-rh	THA-DP-rh	NAc-shell-rh	NAc-core-rh	pGP-rh	aGP-rh	HIP-head-m-lh	HIP-head-l-l	HIP-body-l	HIP-tail-lh	THA-VPm-lh	THA-VPl-lh	THA-VAi-lh	THA-VAs-lh	THA-DAm-lh	THA-DAl-lh	PUT-VA-lh	PUT-DA-l	PUT-VP-lh	PUT-DP-lh	CAU-VA-lh	CAU-DA-lh	CAU-body-lh	CAU-tail-lh	lAMY-lh	mAMY-lh	THA-DP-lh	NAc-shell-lh	NAc-core-lh	pGP-lh	aGP-lh
HIP-head-m-rh	1.0	0.3886343836784363	-0.13198216259479523	-0.0017827532719820738	0.24263301491737366	-0.2972419559955597	-0.3051132261753082	-0.10567977279424667	-0.193447083234787	0.059759851545095444	0.0731431394815445	-0.18011479079723358	-0.10938473790884018	-0.12122881412506104	0.4572136104106903	-0.25327491760253906	-0.4359268546104431	-0.5420517921447754	0.031116126105189323	0.4566197097301483	0.050882868468761444	0.32207179069519043	-0.11358857899904251	-0.026956217363476753	-0.1344618946313858	0.24384663999080658	0.16039873659610748	-0.0909322053194046	0.021482903510332108	0.12920615077018738	-0.28888094425201416	-0.3451852798461914	-0.20376554131507874	-0.13636504113674164	-0.12064007669687271	-0.17369402945041656	-0.2066270262002945	-0.16574858129024506	-0.028789132833480835	-0.061560992151498795	-0.32464170455932617	-0.47474056482315063	-0.4287567436695099	-0.393049418926239	0.035842251032590866	0.12681464850902557	0.24691149592399597	0.16850033402442932	-0.1681266874074936	-0.15659259259700775
HIP-head-l-rh	0.3886343836784363	1.0	0.09898535907268524	0.20770303905010223	0.075441874563694	-0.2728591561317444	0.05933091416954994	0.1290457546710968	-0.11612802743911743	0.15529468655586243	-0.047310248017311096	-0.28594738245010376	-0.23260650038719177	-0.35642099380493164	0.17079946398735046	0.10577048361301422	-0.08042750507593155	-0.20531617105007172	0.276078462600708	0.19875437021255493	0.055270642042160034	0.25883084535598755	0.21399487555027008	0.025429705157876015	-0.26733580231666565	0.12863074243068695	0.4216323494911194	0.28594496846199036	0.2873137295246124	0.0955386832356453	0.017533350735902786	-0.0028609144501388073	-0.10453011840581894	0.22264978289604187	0.16235634684562683	-0.1412459760904312	-0.12895019352436066	-0.08416233956813812	-0.02966655045747757	-0.13432040810585022	-0.05956786125898361	-0.1237858384847641	-0.01964053139090538	-0.05090145766735077	-0.0688377171754837	0.1525150090456009	0.057270124554634094	0.1516515016555786	-0.004593404475599527	0.14337894320487976
HIP-body-rh	-0.13198216259479523	0.09898535907268524	1.0	0.47958528995513916	-0.03735639527440071	-0.3397235870361328	0.25581294298171997	0.031835876405239105	-0.05923044681549072	-0.14336757361888885	0.24316589534282684	0.031088752672076225	-0.06734666228294373	-0.07131006568670273	-0.31673672795295715	0.2936159372329712	0.12817451357841492	0.12498921155929565	0.16132746636867523	0.10901971161365509	0.1534043401479721	0.07904382050037384	0.48547011613845825	-0.259549081325531	-0.2704562544822693	0.17618106305599213	0.3274150788784027	0.6951436400413513	0.48108235001564026	-0.03809595853090286	0.09173300117254257	0.35086125135421753	-0.04911210015416145	0.21338297426700592	-0.17453134059906006	0.29627320170402527	0.0072402022778987885	0.13930273056030273	-0.0343678779900074	0.03733431175351143	0.39332500100135803	0.20443756878376007	0.1320485770702362	0.547380268573761	0.13625118136405945	-0.04376939684152603	0.12772899866104126	0.3516635000705719	-0.011696289293467999	0.19818028807640076
HIP-tail-rh	-0.0017827532719820738	0.20770303905010223	0.47958528995513916	1.0	-0.11696264147758484	-0.22046849131584167	0.304555743932724	0.07212568074464798	-0.012514501810073853	0.1709585338830948	-0.09380767494440079	-0.20990139245986938	-0.1421000212430954	-0.16225922107696533	-0.021607225760817528	0.40189751982688904	0.0417955107986927	0.03167461231350899	-0.006364545319229364	0.06973195821046829	0.09589438885450363	0.22422131896018982	0.28548094630241394	-0.1599733680486679	0.04211640730500221	0.39415279030799866	0.2256007194519043	0.3923443555831909	0.5989952683448792	0.1938561350107193	0.24664480984210968	0.4525578022003174	0.05665764957666397	0.42338240146636963	0.14109450578689575	0.08002150803804398	-0.05321492254734039	0.16143174469470978	0.08096401393413544	0.039492201060056686	0.270527720451355	0.11772794276475906	0.13443678617477417	0.14241580665111542	0.07237881422042847	0.27440500259399414	0.13290725648403168	0.4149334132671356	0.055666692554950714	0.23195764422416687
THA-VPm-rh	0.24263301491737366	0.075441874563694	-0.03735639527440071	-0.11696264147758484	1.0	0.3772038519382477	-0.052105147391557693	0.19130630791187286	-0.12877003848552704	-0.13822266459465027	-0.053518615663051605	0.3232870101928711	0.365753173828125	0.4419287443161011	0.18992829322814941	-0.24613265693187714	0.11768229305744171	0.16413316130638123	0.13178333640098572	0.15021896362304688	0.3821318745613098	-0.3076269030570984	-0.4017549157142639	0.2077551633119583	-0.22179056704044342	-0.04654685780405998	-0.19618496298789978	-0.12830734252929688	-0.11342810094356537	0.3658352196216583	-0.016151197254657745	-0.1262350231409073	0.03233484551310539	0.07950235158205032	-0.02425679750740528	-0.009109323844313622	0.2466960847377777	0.3502117395401001	0.4419439136981964	-0.14016491174697876	-0.12859314680099487	-0.052936963737010956	-0.07107158750295639	-0.22550758719444275	-0.13098928332328796	0.06788963079452515	-0.38524430990219116	-0.3500395119190216	0.16601692140102386	-0.15354257822036743
THA-VPl-rh	-0.2972419559955597	-0.2728591561317444	-0.3397235870361328	-0.22046849131584167	0.3772038519382477	1.0	0.13633710145950317	0.2224733829498291	0.30462929606437683	0.13812920451164246	-0.2978994846343994	0.29589584469795227	0.49461236596107483	0.4537676274776459	0.10138861835002899	-0.08491779863834381	0.329901784658432	0.26453280448913574	-0.0592661090195179	0.029979120939970016	0.17077268660068512	-0.363305926322937	-0.5109526515007019	0.2402331382036209	0.07749980688095093	-0.12626241147518158	-0.4622625410556793	-0.33188948035240173	-0.31582385301589966	0.41388267278671265	0.4798342287540436	0.19272489845752716	0.18985064327716827	0.3365838825702667	0.29836952686309814	-0.08160427957773209	0.41547542810440063	0.4953831732273102	0.41715383529663086	-0.04767061024904251	-0.16643953323364258	0.10705970227718353	0.2241341471672058	-0.1839415282011032	-0.0610174760222435	0.14348798990249634	-0.44965943694114685	-0.39951181411743164	0.35942116379737854	-0.3070544898509979
THA-VAi-rh	-0.3051132261753082	0.05933091416954994	0.25581294298171997	0.304555743932724	-0.052105147391557693	0.13633710145950317	1.0	0.40088802576065063	0.374203085899353	0.20751574635505676	0.08146271109580994	-0.039366140961647034	-0.019341349601745605	-0.09675795584917068	0.22644908726215363	0.3450263738632202	0.2896561920642853	0.2178725153207779	-0.18810699880123138	0.18609802424907684	0.06042376533150673	0.05128416419029236	0.32423660159111023	-0.06312702596187592	-0.006013541016727686	0.2883775532245636	-0.06358230859041214	0.20256929099559784	0.4264158308506012	0.34847307205200195	0.3070155680179596	0.7093629240989685	0.2715236246585846	0.4600103795528412	0.440438836812973	0.3334203064441681	0.1451270580291748	0.29465675354003906	0.07816668599843979	0.37589362263679504	0.44399797916412354	0.29426702857017517	0.3250051438808441	-0.011408612132072449	0.04294739291071892	0.09946421533823013	-0.0422612763941288	0.2794997990131378	0.37370947003364563	0.08972164243459702
THA-VAs-rh	-0.10567977279424667	0.1290457546710968	0.031835876405239105	0.07212568074464798	0.19130630791187286	0.2224733829498291	0.40088802576065063	1.0	0.3905615210533142	0.22711129486560822	0.13394343852996826	0.04140155017375946	0.09529633820056915	0.16153089702129364	0.16797161102294922	0.3216802179813385	0.5651850700378418	0.46133115887641907	0.16378213465213776	0.12378648668527603	0.3836742043495178	-0.04389806464314461	-0.06160585209727287	-0.004534637555480003	0.058424822986125946	0.06717195361852646	-0.12150449305772781	0.006793220993131399	0.19645321369171143	0.3768762946128845	0.24730387330055237	0.3256286680698395	0.5096102356910706	0.33988672494888306	0.39156651496887207	0.2117416113615036	0.18458159267902374	0.22928380966186523	0.18304267525672913	0.12738248705863953	0.24818594753742218	0.3870265483856201	0.38420769572257996	0.016820590943098068	0.13749343156814575	0.1444493532180786	-0.10894238203763962	-0.04498152434825897	0.28998368978500366	0.020369015634059906
THA-DAm-rh	-0.193447083234787	-0.11612802743911743	-0.05923044681549072	-0.012514501810073853	-0.12877003848552704	0.30462929606437683	0.374203085899353	0.3905615210533142	1.0	0.45819029211997986	0.038172077387571335	0.1691204458475113	0.0552804134786129	0.08824542909860611	0.3379533290863037	0.20461781322956085	0.36348772048950195	0.35057884454727173	-0.2428978681564331	0.225638285279274	0.05352472886443138	-0.11389701813459396	0.05795147269964218	-0.04158994182944298	0.3466505706310272	0.07332718372344971	-0.07446480542421341	-0.052409011870622635	0.14068345725536346	0.3169182538986206	0.27944236993789673	0.39708614349365234	0.33728718757629395	0.21375934779644012	0.6350350379943848	0.09601613134145737	0.027393091470003128	-0.002033115131780505	0.03265359252691269	0.6398158073425293	-0.005426769144833088	0.21000802516937256	0.4775366187095642	-0.11307914555072784	0.18040281534194946	-0.03065190277993679	-0.0472857691347599	0.022689588367938995	-0.12892282009124756	0.0004469553241506219
THA-DAl-rh	0.059759851545095444	0.15529468655586243	-0.14336757361888885	0.1709585338830948	-0.13822266459465027	0.13812920451164246	0.20751574635505676	0.22711129486560822	0.45819029211997986	1.0	-0.07502206414937973	-0.05891729146242142	-0.040899813175201416	-0.04631325602531433	0.41444307565689087	0.24050644040107727	0.14653003215789795	0.010764374397695065	-0.29532819986343384	0.04601060971617699	0.010528352111577988	0.060123421251773834	-0.04046923667192459	0.09454139322042465	0.054540492594242096	0.18929415941238403	0.055635739117860794	0.13381484150886536	0.4262373149394989	0.23537103831768036	0.17647536098957062	0.22180908918380737	-0.0423244833946228	0.24691595137119293	0.41220638155937195	0.019461534917354584	-0.12083598226308823	0.004792495165020227	-0.06658019125461578	0.4321547746658325	-0.042572323232889175	0.10885116457939148	0.17835846543312073	-0.28569933772087097	0.04749007523059845	0.11911102384328842	0.03198236599564552	0.19308097660541534	-0.005996746011078358	-0.1139257401227951
PUT-VA-rh	0.0731431394815445	-0.047310248017311096	0.24316589534282684	-0.09380767494440079	-0.053518615663051605	-0.2978994846343994	0.08146271109580994	0.13394343852996826	0.038172077387571335	-0.07502206414937973	1.0	0.22114083170890808	0.1932116150856018	0.19759491086006165	-0.08097752928733826	0.16295723617076874	-0.08221843093633652	0.13839010894298553	0.19166219234466553	0.09808672219514847	0.041826505213975906	0.34420302510261536	0.4210343062877655	0.16748809814453125	0.08380002528429031	-0.023937582969665527	-0.05372840538620949	0.02871544472873211	0.10815629363059998	0.06996102631092072	-0.2199849933385849	0.16786520183086395	0.17844215035438538	-0.09728731960058212	-0.21184086799621582	0.6717851758003235	0.33067095279693604	0.1463509500026703	0.2165812849998474	0.08045171201229095	0.2773556709289551	0.276517391204834	-0.12707383930683136	0.37015312910079956	0.35681310296058655	-0.05154767632484436	0.4587468206882477	0.2651773691177368	0.06808953732252121	0.34617066383361816
PUT-DA-rh	-0.18011479079723358	-0.28594738245010376	0.031088752672076225	-0.20990139245986938	0.3232870101928711	0.29589584469795227	-0.039366140961647034	0.04140155017375946	0.1691204458475113	-0.05891729146242142	0.22114083170890808	1.0	0.6673291921615601	0.7635013461112976	-0.006355064455419779	-0.004264435730874538	0.24347849190235138	0.40866953134536743	-0.16715079545974731	0.1438245326280594	0.09538291394710541	-0.10399207472801208	-0.10647538304328918	0.24175898730754852	-0.10487279295921326	-0.004368939902633429	-0.1392361968755722	-0.1236184760928154	-0.2831481397151947	0.06869779527187347	0.0353124737739563	0.10053309053182602	-0.047147247940301895	-0.04187455028295517	-0.0009021882433444262	0.23906941711902618	0.5807298421859741	0.34922513365745544	0.589962363243103	0.1655002236366272	0.02258232794702053	0.012233196757733822	0.1263321489095688	0.047986950725317	0.0051575335673987865	-0.03514513373374939	-0.307643860578537	-0.11154713481664658	0.02306211180984974	0.05838824063539505
PUT-VP-rh	-0.10938473790884018	-0.23260650038719177	-0.06734666228294373	-0.1421000212430954	0.365753173828125	0.49461236596107483	-0.019341349601745605	0.09529633820056915	0.0552804134786129	-0.040899813175201416	0.1932116150856018	0.6673291921615601	1.0	0.7730746865272522	-0.03032207302749157	-0.07285072654485703	0.1659412980079651	0.2446606308221817	0.14980478584766388	0.30330371856689453	0.34065499901771545	-0.002108345739543438	-0.21578334271907806	0.4599529802799225	-0.025827068835496902	-0.0762714073061943	-0.2261151522397995	-0.29534152150154114	-0.2825832962989807	0.21811598539352417	0.18559695780277252	0.15991143882274628	0.06841439008712769	0.08207958191633224	-0.05976201221346855	0.3261444866657257	0.6389872431755066	0.7085047960281372	0.5695552229881287	0.01220005378127098	0.04641241580247879	0.15050563216209412	0.044429320842027664	0.08661248534917831	0.1774933636188507	0.08708254992961884	-0.12537389993667603	-0.06176851689815521	0.3476017415523529	0.07756122201681137
PUT-DP-rh	-0.12122881412506104	-0.35642099380493164	-0.07131006568670273	-0.16225922107696533	0.4419287443161011	0.4537676274776459	-0.09675795584917068	0.16153089702129364	0.08824542909860611	-0.04631325602531433	0.19759491086006165	0.7635013461112976	0.7730746865272522	1.0	-0.06913930922746658	-0.09482613950967789	0.09365362673997879	0.400962769985199	-0.03283913806080818	0.1964535117149353	0.31284379959106445	-0.057470422238111496	-0.2635228931903839	0.27107152342796326	-0.13262003660202026	0.1479928344488144	-0.17713980376720428	-0.22386868298053741	-0.23910526931285858	0.2720034122467041	0.1013927310705185	0.09346219152212143	0.12075909227132797	0.04510665684938431	0.05385369434952736	0.3586832880973816	0.7100912928581238	0.5974541902542114	0.7338409423828125	0.006197708658874035	0.00639687106013298	0.133479043841362	0.020439598709344864	0.07256758958101273	0.23385865986347198	0.18162362277507782	-0.24625591933727264	-0.10707232356071472	0.25178632140159607	0.08886155486106873
CAU-VA-rh	0.4572136104106903	0.17079946398735046	-0.31673672795295715	-0.021607225760817528	0.18992829322814941	0.10138861835002899	0.22644908726215363	0.16797161102294922	0.3379533290863037	0.41444307565689087	-0.08097752928733826	-0.006355064455419779	-0.03032207302749157	-0.06913930922746658	1.0	-0.0008804859244264662	0.07615065574645996	-0.09493321180343628	-0.35146141052246094	0.4399309754371643	0.1363181620836258	0.17406195402145386	-0.03830687329173088	-0.04127778857946396	0.19303138554096222	0.2170446217060089	-0.020515330135822296	-0.20075516402721405	0.06943463534116745	0.34380707144737244	0.15443572402000427	-0.06002404913306236	0.055646467953920364	0.05599097162485123	0.4180130064487457	-0.13954661786556244	-0.20418043434619904	-0.14753061532974243	-0.0687636286020279	0.43348661065101624	-0.09034386277198792	-0.15303918719291687	0.14774221181869507	-0.6768859028816223	-0.09302699565887451	0.17934006452560425	-0.004741865675896406	0.2205706387758255	0.013087902218103409	-0.2542344927787781
CAU-DA-rh	-0.25327491760253906	0.10577048361301422	0.2936159372329712	0.40189751982688904	-0.24613265693187714	-0.08491779863834381	0.3450263738632202	0.3216802179813385	0.20461781322956085	0.24050644040107727	0.16295723617076874	-0.004264435730874538	-0.07285072654485703	-0.09482613950967789	-0.0008804859244264662	1.0	0.35474687814712524	0.2560497224330902	0.11045745760202408	0.09453006833791733	0.04684436693787575	0.2054128795862198	0.40875479578971863	0.009647713042795658	0.006363114342093468	0.09947530925273895	0.17372508347034454	0.22526273131370544	0.37110376358032227	0.1681574583053589	0.207598015666008	0.29056817293167114	0.2521533966064453	0.3164036273956299	0.14358912408351898	0.1398344486951828	0.005958783905953169	0.005428602918982506	0.08366469293832779	0.11083584278821945	0.6926471590995789	0.5413573980331421	0.5489201545715332	0.3618789315223694	0.319084107875824	0.1298496276140213	0.056001245975494385	0.24749355018138885	0.10290282964706421	0.12561453878879547
CAU-body-rh	-0.4359268546104431	-0.08042750507593155	0.12817451357841492	0.0417955107986927	0.11768229305744171	0.329901784658432	0.2896561920642853	0.5651850700378418	0.36348772048950195	0.14653003215789795	-0.08221843093633652	0.24347849190235138	0.1659412980079651	0.09365362673997879	0.07615065574645996	0.35474687814712524	1.0	0.7122606635093689	0.033145565539598465	-0.07461243867874146	0.35071974992752075	-0.30175498127937317	-0.02987392246723175	0.06487354636192322	0.1704113632440567	-0.24949517846107483	-0.12841197848320007	0.025030169636011124	-0.008991624228656292	0.09863248467445374	0.26640942692756653	0.18628063797950745	0.350664347410202	0.13624073565006256	0.25080353021621704	-0.041661035269498825	0.1482204645872116	0.08946055918931961	0.04173067957162857	0.10517598688602448	0.24198926985263824	0.5147316455841064	0.7116147875785828	0.1110398918390274	-0.15328466892242432	-0.02119005098938942	-0.2835025191307068	-0.210236594080925	0.20877818763256073	-0.07018165290355682
CAU-tail-rh	-0.5420517921447754	-0.20531617105007172	0.12498921155929565	0.03167461231350899	0.16413316130638123	0.26453280448913574	0.2178725153207779	0.46133115887641907	0.35057884454727173	0.010764374397695065	0.13839010894298553	0.40866953134536743	0.2446606308221817	0.400962769985199	-0.09493321180343628	0.2560497224330902	0.7122606635093689	1.0	0.06212306022644043	-0.12180831283330917	0.2376597821712494	-0.26111480593681335	-0.014799676835536957	0.10903151333332062	0.08901156485080719	-0.08886315673589706	-0.20395168662071228	0.028488636016845703	-0.048880260437726974	0.15192487835884094	0.17219087481498718	0.16084323823451996	0.33290475606918335	0.105569988489151	0.2219325304031372	0.2936602234840393	0.39641377329826355	0.1978837549686432	0.29671138525009155	0.09056419879198074	0.2301684021949768	0.4736836850643158	0.6127568483352661	0.22028672695159912	0.042429350316524506	-0.00462167477235198	-0.2498108148574829	-0.14209870994091034	0.16873861849308014	0.23498791456222534
lAMY-rh	0.031116126105189323	0.276078462600708	0.16132746636867523	-0.006364545319229364	0.13178333640098572	-0.0592661090195179	-0.18810699880123138	0.16378213465213776	-0.2428978681564331	-0.29532819986343384	0.19166219234466553	-0.16715079545974731	0.14980478584766388	-0.03283913806080818	-0.35146141052246094	0.11045745760202408	0.033145565539598465	0.06212306022644043	1.0	0.09686021506786346	0.20848125219345093	0.15886259078979492	0.1359734684228897	0.2659507095813751	0.006748730316758156	-0.3599310517311096	-0.07448983937501907	-0.03239961713552475	-0.05727915093302727	0.11564047634601593	0.05497045814990997	-0.08789058029651642	0.05292404815554619	-0.035145651549100876	-0.3148406147956848	0.146831214427948	0.15222875773906708	0.3368964195251465	0.09820910543203354	-0.3171115219593048	0.22216345369815826	0.32771509885787964	0.06206544116139412	0.545932948589325	0.37551751732826233	-0.06679047644138336	0.17500533163547516	-0.039549194276332855	0.2263961136341095	0.2597416043281555
mAMY-rh	0.4566197097301483	0.19875437021255493	0.10901971161365509	0.06973195821046829	0.15021896362304688	0.029979120939970016	0.18609802424907684	0.12378648668527603	0.225638285279274	0.04601060971617699	0.09808672219514847	0.1438245326280594	0.30330371856689453	0.1964535117149353	0.4399309754371643	0.09453006833791733	-0.07461243867874146	-0.12180831283330917	0.09686021506786346	1.0	0.2601372301578522	0.3719840347766876	0.0688304603099823	0.03953144699335098	-0.08273226767778397	0.37985068559646606	0.20150457322597504	-0.06363938003778458	0.10138173401355743	0.41706305742263794	0.2410263568162918	0.0815669372677803	0.04517536237835884	0.11023859679698944	0.20726378262043	0.1390925496816635	0.22333984076976776	0.25745776295661926	0.18847396969795227	0.2668546140193939	0.030297746881842613	-0.07210864871740341	0.04513430967926979	-0.08978667110204697	0.46989497542381287	0.19196873903274536	0.14136375486850739	0.29959848523139954	0.20222966372966766	-0.04878440871834755
THA-DP-rh	0.050882868468761444	0.055270642042160034	0.1534043401479721	0.09589438885450363	0.3821318745613098	0.17077268660068512	0.06042376533150673	0.3836742043495178	0.05352472886443138	0.010528352111577988	0.041826505213975906	0.09538291394710541	0.34065499901771545	0.31284379959106445	0.1363181620836258	0.04684436693787575	0.35071974992752075	0.2376597821712494	0.20848125219345093	0.2601372301578522	1.0	-0.03966626152396202	0.00047119014197960496	-0.050762277096509933	0.008222928270697594	-0.05792873725295067	0.2039414942264557	0.1335507333278656	0.1861860156059265	0.1526413857936859	0.0528852716088295	-0.0110063711181283	0.4095243811607361	0.16832098364830017	0.14144305884838104	0.16832634806632996	0.09580919146537781	0.2864760756492615	0.1360851228237152	0.052822887897491455	0.17811639606952667	0.45373299717903137	0.3713527321815491	0.10463250428438187	0.2862145006656647	0.40548720955848694	-0.07088001072406769	0.02678733691573143	0.39026060700416565	0.030589789152145386
NAc-shell-rh	0.32207179069519043	0.25883084535598755	0.07904382050037384	0.22422131896018982	-0.3076269030570984	-0.363305926322937	0.05128416419029236	-0.04389806464314461	-0.11389701813459396	0.060123421251773834	0.34420302510261536	-0.10399207472801208	-0.002108345739543438	-0.057470422238111496	0.17406195402145386	0.2054128795862198	-0.30175498127937317	-0.26111480593681335	0.15886259078979492	0.3719840347766876	-0.03966626152396202	1.0	0.518663763999939	0.006105279549956322	0.05176379904150963	0.2867456376552582	0.2587168514728546	0.007082819472998381	0.21434946358203888	0.009576739743351936	0.08262507617473602	0.13681867718696594	-0.1285209059715271	-0.01707133650779724	-0.19083380699157715	0.357529878616333	0.10554710030555725	0.04734005406498909	0.030636301264166832	0.07706207782030106	0.242174431681633	0.00474853441119194	-0.08890662342309952	0.13700233399868011	0.3811648488044739	0.17144501209259033	0.63006591796875	0.7447395920753479	0.02747161127626896	0.3181712031364441
NAc-core-rh	-0.11358857899904251	0.21399487555027008	0.48547011613845825	0.28548094630241394	-0.4017549157142639	-0.5109526515007019	0.32423660159111023	-0.06160585209727287	0.05795147269964218	-0.04046923667192459	0.4210343062877655	-0.10647538304328918	-0.21578334271907806	-0.2635228931903839	-0.03830687329173088	0.40875479578971863	-0.02987392246723175	-0.014799676835536957	0.1359734684228897	0.0688304603099823	0.00047119014197960496	0.518663763999939	1.0	-0.24377141892910004	0.014895867556333542	0.08382900059223175	0.3687225878238678	0.44109588861465454	0.4805106520652771	-0.17676404118537903	-0.04756486415863037	0.3301408588886261	0.09581859409809113	0.008415233343839645	-0.1249394565820694	0.4875325560569763	-0.009816776029765606	-0.06886927783489227	-0.06377607583999634	0.22791756689548492	0.5644615888595581	0.3768438398838043	0.2450263351202011	0.4659522771835327	0.287722647190094	-0.007442351430654526	0.5117387771606445	0.6512702703475952	-0.07839769870042801	0.5109978914260864
pGP-rh	-0.026956217363476753	0.025429705157876015	-0.259549081325531	-0.1599733680486679	0.2077551633119583	0.2402331382036209	-0.06312702596187592	-0.004534637555480003	-0.04158994182944298	0.09454139322042465	0.16748809814453125	0.24175898730754852	0.4599529802799225	0.27107152342796326	-0.04127778857946396	0.009647713042795658	0.06487354636192322	0.10903151333332062	0.2659507095813751	0.03953144699335098	-0.050762277096509933	0.006105279549956322	-0.24377141892910004	1.0	0.21003706753253937	-0.1723741888999939	-0.20981355011463165	-0.3529527187347412	-0.24489709734916687	0.1994067281484604	-0.015557031147181988	-0.04160769656300545	0.022449523210525513	-0.1713644117116928	-0.04683869704604149	0.11823809146881104	0.25243279337882996	0.4200424253940582	0.2378820776939392	-0.14020951092243195	-0.029197685420513153	0.11844625324010849	-0.09739094227552414	0.050055086612701416	0.07794240117073059	-0.06174536794424057	0.07232600450515747	-0.18385469913482666	0.40609827637672424	0.1111665740609169
aGP-rh	-0.1344618946313858	-0.26733580231666565	-0.2704562544822693	0.04211640730500221	-0.22179056704044342	0.07749980688095093	-0.006013541016727686	0.058424822986125946	0.3466505706310272	0.054540492594242096	0.08380002528429031	-0.10487279295921326	-0.025827068835496902	-0.13262003660202026	0.19303138554096222	0.006363114342093468	0.1704113632440567	0.08901156485080719	0.006748730316758156	-0.08273226767778397	0.008222928270697594	0.05176379904150963	0.014895867556333542	0.21003706753253937	1.0	-0.18818049132823944	-0.23894070088863373	-0.4493015706539154	-0.15054261684417725	0.12464898079633713	0.11140774935483932	-0.010524770244956017	0.19713985919952393	-0.29278630018234253	0.1330687701702118	0.03673243522644043	-0.21458260715007782	-0.1029292419552803	-0.25864672660827637	0.30052632093429565	-0.011083107441663742	0.16507349908351898	0.1654805690050125	-0.1396753340959549	-0.024745328351855278	-0.2173496037721634	0.26150596141815186	0.04215540364384651	-0.045160967856645584	0.13277477025985718
HIP-head-m-lh	0.24384663999080658	0.12863074243068695	0.17618106305599213	0.39415279030799866	-0.04654685780405998	-0.12626241147518158	0.2883775532245636	0.06717195361852646	0.07332718372344971	0.18929415941238403	-0.023937582969665527	-0.004368939902633429	-0.0762714073061943	0.1479928344488144	0.2170446217060089	0.09947530925273895	-0.24949517846107483	-0.08886315673589706	-0.3599310517311096	0.37985068559646606	-0.05792873725295067	0.2867456376552582	0.08382900059223175	-0.1723741888999939	-0.18818049132823944	1.0	0.2853776216506958	0.1380428820848465	0.21169120073318481	0.20286519825458527	0.09876108169555664	0.26106446981430054	-0.21908847987651825	0.25058290362358093	0.25437259674072266	0.17979548871517181	0.13288626074790955	0.09622909128665924	0.1291561871767044	0.20195777714252472	0.09831303358078003	-0.25392138957977295	-0.13064882159233093	-0.19865596294403076	0.09573867917060852	0.23361709713935852	0.08688966929912567	0.45813727378845215	0.028053920716047287	0.037750571966171265
HIP-head-l-l	0.16039873659610748	0.4216323494911194	0.3274150788784027	0.2256007194519043	-0.19618496298789978	-0.4622625410556793	-0.06358230859041214	-0.12150449305772781	-0.07446480542421341	0.055635739117860794	-0.05372840538620949	-0.1392361968755722	-0.2261151522397995	-0.17713980376720428	-0.020515330135822296	0.17372508347034454	-0.12841197848320007	-0.20395168662071228	-0.07448983937501907	0.20150457322597504	0.2039414942264557	0.2587168514728546	0.3687225878238678	-0.20981355011463165	-0.23894070088863373	0.2853776216506958	1.0	0.45446836948394775	0.3210245966911316	-0.3005419969558716	-0.12290891259908676	-0.09590211510658264	-0.09991881996393204	-0.10366487503051758	0.14370353519916534	-0.08527228236198425	-0.29784995317459106	-0.2465464025735855	-0.21679352223873138	0.12453886866569519	0.10546334087848663	0.0029610691126435995	0.12869104743003845	0.1930130422115326	0.13258154690265656	0.184664785861969	0.18284322321414948	0.37418892979621887	-0.13514520227909088	0.2911698520183563
HIP-body-l	-0.0909322053194046	0.28594496846199036	0.6951436400413513	0.3923443555831909	-0.12830734252929688	-0.33188948035240173	0.20256929099559784	0.006793220993131399	-0.052409011870622635	0.13381484150886536	0.02871544472873211	-0.1236184760928154	-0.29534152150154114	-0.22386868298053741	-0.20075516402721405	0.22526273131370544	0.025030169636011124	0.028488636016845703	-0.03239961713552475	-0.06363938003778458	0.1335507333278656	0.007082819472998381	0.44109588861465454	-0.3529527187347412	-0.4493015706539154	0.1380428820848465	0.45446836948394775	1.0	0.6551908850669861	-0.15276911854743958	0.06376496702432632	0.32545655965805054	0.08606017380952835	0.29988527297973633	-0.0328412689268589	0.11657171696424484	-0.12503977119922638	-0.04310598596930504	-0.09069400280714035	0.04578316956758499	0.16716748476028442	0.09194245934486389	0.13333939015865326	0.33836087584495544	0.027776040136814117	0.28759363293647766	0.10221496224403381	0.24727392196655273	0.04950832575559616	0.11501121520996094
HIP-tail-lh	0.021482903510332108	0.2873137295246124	0.48108235001564026	0.5989952683448792	-0.11342810094356537	-0.31582385301589966	0.4264158308506012	0.19645321369171143	0.14068345725536346	0.4262373149394989	0.10815629363059998	-0.2831481397151947	-0.2825832962989807	-0.23910526931285858	0.06943463534116745	0.37110376358032227	-0.008991624228656292	-0.048880260437726974	-0.05727915093302727	0.10138173401355743	0.1861860156059265	0.21434946358203888	0.4805106520652771	-0.24489709734916687	-0.15054261684417725	0.21169120073318481	0.3210245966911316	0.6551908850669861	1.0	0.21066145598888397	0.15568259358406067	0.4605197608470917	0.2436286360025406	0.3799434006214142	0.15667937695980072	0.2700428366661072	-0.1464758962392807	0.028394699096679688	-0.06974747031927109	0.2757192850112915	0.32379311323165894	0.2674958109855652	0.15912967920303345	0.16122151911258698	0.23565791547298431	0.27440714836120605	0.23988045752048492	0.4047399163246155	0.10699649155139923	0.18120916187763214
THA-VPm-lh	0.12920615077018738	0.0955386832356453	-0.03809595853090286	0.1938561350107193	0.3658352196216583	0.41388267278671265	0.34847307205200195	0.3768762946128845	0.3169182538986206	0.23537103831768036	0.06996102631092072	0.06869779527187347	0.21811598539352417	0.2720034122467041	0.34380707144737244	0.1681574583053589	0.09863248467445374	0.15192487835884094	0.11564047634601593	0.41706305742263794	0.1526413857936859	0.009576739743351936	-0.17676404118537903	0.1994067281484604	0.12464898079633713	0.20286519825458527	-0.3005419969558716	-0.15276911854743958	0.21066145598888397	1.0	0.5747175216674805	0.2853263020515442	0.2964702248573303	0.3602258563041687	0.36869585514068604	0.0924844741821289	0.3348934054374695	0.4562806487083435	0.3994935154914856	0.14829474687576294	0.10277478396892548	0.154932901263237	0.07266853749752045	-0.16239704191684723	0.18116064369678497	0.21065698564052582	-0.05277865007519722	-0.08617693185806274	0.3857114315032959	-0.08008310943841934
THA-VPl-lh	-0.28888094425201416	0.017533350735902786	0.09173300117254257	0.24664480984210968	-0.016151197254657745	0.4798342287540436	0.3070155680179596	0.24730387330055237	0.27944236993789673	0.17647536098957062	-0.2199849933385849	0.0353124737739563	0.18559695780277252	0.1013927310705185	0.15443572402000427	0.207598015666008	0.26640942692756653	0.17219087481498718	0.05497045814990997	0.2410263568162918	0.0528852716088295	0.08262507617473602	-0.04756486415863037	-0.015557031147181988	0.11140774935483932	0.09876108169555664	-0.12290891259908676	0.06376496702432632	0.15568259358406067	0.5747175216674805	1.0	0.45105403661727905	0.16309073567390442	0.4530327320098877	0.2772926390171051	-0.09087857604026794	0.2377387136220932	0.3971092998981476	0.16792498528957367	0.13748091459274292	0.07350093126296997	0.04554919898509979	0.24317438900470734	-0.017675861716270447	0.022101083770394325	0.24599489569664001	-0.10150893777608871	0.05209380388259888	0.3509363830089569	-0.0804123654961586
THA-VAi-lh	-0.3451852798461914	-0.0028609144501388073	0.35086125135421753	0.4525578022003174	-0.1262350231409073	0.19272489845752716	0.7093629240989685	0.3256286680698395	0.39708614349365234	0.22180908918380737	0.16786520183086395	0.10053309053182602	0.15991143882274628	0.09346219152212143	-0.06002404913306236	0.29056817293167114	0.18628063797950745	0.16084323823451996	-0.08789058029651642	0.0815669372677803	-0.0110063711181283	0.13681867718696594	0.3301408588886261	-0.04160769656300545	-0.010524770244956017	0.26106446981430054	-0.09590211510658264	0.32545655965805054	0.4605197608470917	0.2853263020515442	0.45105403661727905	1.0	0.2679733633995056	0.6433604955673218	0.3438743054866791	0.423032283782959	0.3409203588962555	0.47888338565826416	0.3027450442314148	0.32850706577301025	0.26706141233444214	0.23269812762737274	0.15867067873477936	0.24396565556526184	0.13294467329978943	0.2514526844024658	0.05719387158751488	0.31685519218444824	0.2653765380382538	0.21946340799331665
THA-VAs-lh	-0.20376554131507874	-0.10453011840581894	-0.04911210015416145	0.05665764957666397	0.03233484551310539	0.18985064327716827	0.2715236246585846	0.5096102356910706	0.33728718757629395	-0.0423244833946228	0.17844215035438538	-0.047147247940301895	0.06841439008712769	0.12075909227132797	0.055646467953920364	0.2521533966064453	0.350664347410202	0.33290475606918335	0.05292404815554619	0.04517536237835884	0.4095243811607361	-0.1285209059715271	0.09581859409809113	0.022449523210525513	0.19713985919952393	-0.21908847987651825	-0.09991881996393204	0.08606017380952835	0.2436286360025406	0.2964702248573303	0.16309073567390442	0.2679733633995056	1.0	0.1966363489627838	0.3060394525527954	0.2003249078989029	0.18153920769691467	0.12479457259178162	0.20130060613155365	-0.021536709740757942	0.15365180373191833	0.5042600631713867	0.33011534810066223	0.15660393238067627	0.2914116084575653	0.34928542375564575	0.06655450910329819	-0.18654567003250122	0.43692702054977417	0.08293992280960083
THA-DAm-lh	-0.13636504113674164	0.22264978289604187	0.21338297426700592	0.42338240146636963	0.07950235158205032	0.3365838825702667	0.4600103795528412	0.33988672494888306	0.21375934779644012	0.24691595137119293	-0.09728731960058212	-0.04187455028295517	0.08207958191633224	0.04510665684938431	0.05599097162485123	0.3164036273956299	0.13624073565006256	0.105569988489151	-0.035145651549100876	0.11023859679698944	0.16832098364830017	-0.01707133650779724	0.008415233343839645	-0.1713644117116928	-0.29278630018234253	0.25058290362358093	-0.10366487503051758	0.29988527297973633	0.3799434006214142	0.3602258563041687	0.4530327320098877	0.6433604955673218	0.1966363489627838	1.0	0.4186999499797821	0.07192569226026535	0.1818893551826477	0.31397759914398193	0.2546563744544983	0.10388574749231339	0.08650758117437363	0.11674956977367401	0.2049761861562729	0.06250320374965668	0.09522269666194916	0.40053609013557434	-0.24588178098201752	0.10393976420164108	0.18903978168964386	-0.09465789049863815
THA-DAl-lh	-0.12064007669687271	0.16235634684562683	-0.17453134059906006	0.14109450578689575	-0.02425679750740528	0.29836952686309814	0.440438836812973	0.39156651496887207	0.6350350379943848	0.41220638155937195	-0.21184086799621582	-0.0009021882433444262	-0.05976201221346855	0.05385369434952736	0.4180130064487457	0.14358912408351898	0.25080353021621704	0.2219325304031372	-0.3148406147956848	0.20726378262043	0.14144305884838104	-0.19083380699157715	-0.1249394565820694	-0.04683869704604149	0.1330687701702118	0.25437259674072266	0.14370353519916534	-0.0328412689268589	0.15667937695980072	0.36869585514068604	0.2772926390171051	0.3438743054866791	0.3060394525527954	0.4186999499797821	1.0	-0.08646318316459656	-0.060642994940280914	0.03220200911164284	0.03735563904047012	0.492275208234787	-0.0661250576376915	0.15538597106933594	0.40100914239883423	-0.2598681151866913	0.055478163063526154	0.24529166519641876	-0.2677641808986664	-0.002306215697899461	0.05234936997294426	0.04604129120707512
PUT-VA-lh	-0.17369402945041656	-0.1412459760904312	0.29627320170402527	0.08002150803804398	-0.009109323844313622	-0.08160427957773209	0.3334203064441681	0.2117416113615036	0.09601613134145737	0.019461534917354584	0.6717851758003235	0.23906941711902618	0.3261444866657257	0.3586832880973816	-0.13954661786556244	0.1398344486951828	-0.041661035269498825	0.2936602234840393	0.146831214427948	0.1390925496816635	0.16832634806632996	0.357529878616333	0.4875325560569763	0.11823809146881104	0.03673243522644043	0.17979548871517181	-0.08527228236198425	0.11657171696424484	0.2700428366661072	0.0924844741821289	-0.09087857604026794	0.423032283782959	0.2003249078989029	0.07192569226026535	-0.08646318316459656	1.0	0.4964543879032135	0.43286412954330444	0.3473285138607025	0.1721571981906891	0.40935471653938293	0.4179152846336365	0.02833675965666771	0.41956430673599243	0.4515197277069092	-0.03614228963851929	0.371003121137619	0.48785120248794556	0.2286384105682373	0.5211109519004822
PUT-DA-l	-0.2066270262002945	-0.12895019352436066	0.0072402022778987885	-0.05321492254734039	0.2466960847377777	0.41547542810440063	0.1451270580291748	0.18458159267902374	0.027393091470003128	-0.12083598226308823	0.33067095279693604	0.5807298421859741	0.6389872431755066	0.7100912928581238	-0.20418043434619904	0.005958783905953169	0.1482204645872116	0.39641377329826355	0.15222875773906708	0.22333984076976776	0.09580919146537781	0.10554710030555725	-0.009816776029765606	0.25243279337882996	-0.21458260715007782	0.13288626074790955	-0.29784995317459106	-0.12503977119922638	-0.1464758962392807	0.3348934054374695	0.2377387136220932	0.3409203588962555	0.18153920769691467	0.1818893551826477	-0.060642994940280914	0.4964543879032135	1.0	0.6855722069740295	0.8414750695228577	-0.23070387542247772	0.09473355114459991	0.20583400130271912	-0.04248147830367088	0.28597185015678406	0.2687564790248871	0.17924149334430695	-0.10087288171052933	-0.07894454896450043	0.4426933825016022	0.13488833606243134
PUT-VP-lh	-0.16574858129024506	-0.08416233956813812	0.13930273056030273	0.16143174469470978	0.3502117395401001	0.4953831732273102	0.29465675354003906	0.22928380966186523	-0.002033115131780505	0.004792495165020227	0.1463509500026703	0.34922513365745544	0.7085047960281372	0.5974541902542114	-0.14753061532974243	0.005428602918982506	0.08946055918931961	0.1978837549686432	0.3368964195251465	0.25745776295661926	0.2864760756492615	0.04734005406498909	-0.06886927783489227	0.4200424253940582	-0.1029292419552803	0.09622909128665924	-0.2465464025735855	-0.04310598596930504	0.028394699096679688	0.4562806487083435	0.3971092998981476	0.47888338565826416	0.12479457259178162	0.31397759914398193	0.03220200911164284	0.43286412954330444	0.6855722069740295	1.0	0.6707609295845032	-0.10995651036500931	0.18503139913082123	0.2319783717393875	-0.0454428531229496	0.25842195749282837	0.3208773136138916	0.24343080818653107	-0.09914727509021759	0.06504005938768387	0.6277204155921936	0.147707998752594
PUT-DP-lh	-0.028789132833480835	-0.02966655045747757	-0.0343678779900074	0.08096401393413544	0.4419439136981964	0.41715383529663086	0.07816668599843979	0.18304267525672913	0.03265359252691269	-0.06658019125461578	0.2165812849998474	0.589962363243103	0.5695552229881287	0.7338409423828125	-0.0687636286020279	0.08366469293832779	0.04173067957162857	0.29671138525009155	0.09820910543203354	0.18847396969795227	0.1360851228237152	0.030636301264166832	-0.06377607583999634	0.2378820776939392	-0.25864672660827637	0.1291561871767044	-0.21679352223873138	-0.09069400280714035	-0.06974747031927109	0.3994935154914856	0.16792498528957367	0.3027450442314148	0.20130060613155365	0.2546563744544983	0.03735563904047012	0.3473285138607025	0.8414750695228577	0.6707609295845032	1.0	-0.24447937309741974	0.04905225709080696	0.13160106539726257	-0.08559399098157883	0.14992676675319672	0.2647193372249603	0.2781665027141571	-0.24800129234790802	-0.1239204853773117	0.3382585048675537	0.10672926157712936
