Node	LH_Vis_1	LH_Vis_2	LH_Vis_3	LH_Vis_4	LH_Vis_5	LH_Vis_6	LH_Vis_7	LH_Vis_8	LH_Vis_9	LH_SomMot_1	LH_SomMot_2	LH_SomMot_3	LH_SomMot_4	LH_SomMot_5	LH_SomMot_6	LH_DorsAttn_Post_1	LH_DorsAttn_Post_2	LH_DorsAttn_Post_3	LH_DorsAttn_Post_4	LH_DorsAttn_Post_5	LH_DorsAttn_Post_6	LH_DorsAttn_PrCv_1	LH_DorsAttn_FEF_1	LH_SalVentAttn_ParOper_1	LH_SalVentAttn_FrOperIns_1	LH_SalVentAttn_FrOperIns_2	LH_SalVentAttn_PFCl_1	LH_SalVentAttn_Med_1	LH_SalVentAttn_Med_2	LH_SalVentAttn_Med_3	LH_Limbic_OFC_1	LH_Limbic_TempPole_1	LH_Limbic_TempPole_2	LH_Cont_Par_1	LH_Cont_PFCl_1	LH_Cont_pCun_1	LH_Cont_Cing_1	LH_Default_Temp_1	LH_Default_Temp_2	LH_Default_Par_1	LH_Default_Par_2	LH_Default_PFC_1	LH_Default_PFC_2	LH_Default_PFC_3	LH_Default_PFC_4	LH_Default_PFC_5	LH_Default_PFC_6	LH_Default_PFC_7	LH_Default_pCunPCC_1	LH_Default_pCunPCC_2	RH_Vis_1	RH_Vis_2	RH_Vis_3	RH_Vis_4	RH_Vis_5	RH_Vis_6	RH_Vis_7	RH_Vis_8	RH_SomMot_1	RH_SomMot_2	RH_SomMot_3	RH_SomMot_4	RH_SomMot_5	RH_SomMot_6	RH_SomMot_7	RH_SomMot_8	RH_DorsAttn_Post_1	RH_DorsAttn_Post_2	RH_DorsAttn_Post_3	RH_DorsAttn_Post_4	RH_DorsAttn_Post_5	RH_DorsAttn_PrCv_1	RH_DorsAttn_FEF_1	RH_SalVentAttn_TempOccPar_1	RH_SalVentAttn_TempOccPar_2	RH_SalVentAttn_FrOperIns_1	RH_SalVentAttn_Med_1	RH_SalVentAttn_Med_2	RH_Limbic_OFC_1	RH_Limbic_TempPole_1	RH_Cont_Par_1	RH_Cont_Par_2	RH_Cont_PFCl_1	RH_Cont_PFCl_2	RH_Cont_PFCl_3	RH_Cont_PFCl_4	RH_Cont_Cing_1	RH_Cont_PFCmp_1	RH_Cont_pCun_1	RH_Default_Par_1	RH_Default_Temp_1	RH_Default_Temp_2	RH_Default_Temp_3	RH_Default_PFCv_1	RH_Default_PFCv_2	RH_Default_PFCdPFCm_1	RH_Default_PFCdPFCm_2	RH_Default_PFCdPFCm_3	RH_Default_pCunPCC_1	RH_Default_pCunPCC_2	LH-Pu	LH-Ca	LH-NAC	LH-EXA	LH-GPe	LH-GPi	LH-SNc_PBP_VTA	LH-RN	LH-SNr	LH-VeP	LH-HN	LH-HTH	LH-MN	LH-STH	RH-Pu	RH-Ca	RH-NAC	RH-EXA	RH-GPe	RH-GPi	RH-SNc_PBP_VTA	RH-RN	RH-SNr	RH-VeP	RH-HN	RH-HTH	RH-MN	RH-STH	LH-Pulvinar	LH-Anterior	LH-Medio_Dorsal	LH-Ventral_Latero_Dorsal	LH-Central_Lateral-Lateral_Posterior-Medial_Pulvinar	LH-Ventral_Anterior	LH-Ventral_Latero_Ventral	RH-Pulvinar	RH-Anterior	RH-Medio_Dorsal	RH-Ventral_Latero_Dorsal	RH-Central_Lateral-Lateral_Posterior-Medial_Pulvinar	RH-Ventral_Anterior	RH-Ventral_Latero_Ventral	LH_Hippocampus	LH_Amygdala	RH_Hippocampus	RH_Amygdala	Cerebellar_Region1	Cerebellar_Region2	Cerebellar_Region3	Cerebellar_Region4	Cerebellar_Region5	Cerebellar_Region6	Cerebellar_Region7	Cerebellar_Region8	Cerebellar_Region9	Cerebellar_Region10
LH_Vis_1	1.0	0.2504982650279999	0.4071648120880127	-0.10474548488855362	0.16832700371742249	-0.021983100101351738	0.21234582364559174	0.3003721535205841	0.0031279579270631075	-0.28515154123306274	-0.383063405752182	-0.028703177347779274	-0.32356178760528564	-0.4954642355442047	-0.1542833149433136	0.5712146162986755	0.5477007627487183	0.45494672656059265	0.3086969256401062	0.5248478055000305	0.18519499897956848	0.40036267042160034	0.3184545040130615	0.358262300491333	0.11312110722064972	-0.10920664668083191	0.04669832065701485	-0.20066654682159424	0.3396852910518646	0.07575574517250061	-0.26123958826065063	0.3666689097881317	0.22574549913406372	0.36554303765296936	0.23999100923538208	-0.3894836902618408	-0.4484909474849701	-0.32978737354278564	-0.38181182742118835	-0.21650861203670502	-0.05236486718058586	-0.4529246389865875	0.38594383001327515	-0.4260382652282715	-0.3928784132003784	-0.35991206765174866	0.4335322678089142	0.6190261840820312	0.3848544955253601	-0.1802821308374405	0.7038291692733765	0.3103654384613037	0.29658907651901245	0.020013388246297836	0.16400712728500366	0.0031412807293236256	0.3498351573944092	0.09959239512681961	-0.27563515305519104	-0.3441524803638458	-0.2511747479438782	-0.2326325923204422	-0.5189169049263	-0.31360480189323425	-0.12201904505491257	-0.23805390298366547	0.16948211193084717	0.25594064593315125	0.10622622072696686	0.18833942711353302	0.1364247053861618	-0.07373803853988647	0.11745994538068771	-0.35739976167678833	-0.0024949258659034967	-0.27634766697883606	0.020275000482797623	-0.13322857022285461	0.032501354813575745	-0.07975196093320847	-0.09964179992675781	-0.02315407246351242	-0.12384091317653656	-0.148176372051239	-0.3903793692588806	-0.11331133544445038	-0.4757634401321411	-0.39155492186546326	-0.09296954423189163	-0.09305305778980255	-0.06012054905295372	0.007242653053253889	-0.29770392179489136	-0.4155963063240051	-0.0042509944178164005	-0.3940134644508362	-0.31931760907173157	0.002651168266311288	0.28958749771118164	-0.24816067516803741	-0.18822455406188965	-0.28484344482421875	-0.42042919993400574	-0.21920719742774963	0.15489137172698975	0.07442312687635422	0.2818481922149658	0.34090274572372437	-0.005688342731446028	-0.05373622849583626	-0.11789752542972565	-0.004590232856571674	-0.06607835739850998	0.1871388852596283	-0.363765150308609	-0.2256968766450882	-0.16036514937877655	-0.13396339118480682	-0.1098354309797287	-0.10532371699810028	0.08976204693317413	0.27182960510253906	0.20695261657238007	-0.12002679705619812	0.060887567698955536	0.13089103996753693	0.13830073177814484	0.19503408670425415	0.11178288608789444	-0.2676803767681122	-0.07853114604949951	0.06738486140966415	0.15905101597309113	0.32856714725494385	-0.36713650822639465	-0.026913858950138092	-0.3021737039089203	0.010604667477309704	0.04849020019173622	-0.326602041721344	-0.05693257972598076	-0.2270078808069229	0.03496139124035835	0.1272469013929367	-0.22604906558990479	-0.12135875225067139	-0.016640350222587585	-0.16578608751296997	0.0524061918258667	-0.03460137918591499	-0.2894626259803772	0.17923901975154877	-0.17441359162330627	-0.0638720765709877	0.18038694560527802	-0.11190555989742279
LH_Vis_2	0.2504982650279999	1.0	0.7546144723892212	-0.01923408731818199	0.7841849327087402	0.5717279314994812	0.7165210843086243	0.8819301128387451	0.739389181137085	-0.14143866300582886	-0.01168015692383051	0.01861630566418171	-0.04181663319468498	-0.11543557047843933	0.18057888746261597	0.5051095485687256	0.2938089370727539	0.6161584854125977	0.32657191157341003	0.37538713216781616	0.14800947904586792	0.2697192132472992	0.26059409976005554	0.15459023416042328	0.07972066104412079	0.1222694143652916	0.05484803393483162	0.11141244322061539	0.3888985812664032	0.043231915682554245	-0.0959257036447525	-0.16279608011245728	-0.28310340642929077	0.06930046528577805	0.012506451457738876	-0.17839932441711426	-0.4756304621696472	-0.4958683252334595	-0.48063772916793823	-0.3547270596027374	-0.5075303316116333	-0.18523524701595306	-0.07597992569208145	-0.3258190453052521	-0.2293679118156433	-0.4891494810581207	-0.26007145643234253	-0.0010870040860027075	-0.014799932949244976	-0.5261687636375427	0.48951345682144165	0.8242608308792114	0.5324410200119019	0.05875831097364426	0.794301450252533	0.5740136504173279	0.7299050092697144	0.7950255274772644	-0.12584185600280762	-0.07312489300966263	0.1592676341533661	-0.03143545985221863	-0.08926083147525787	-0.04254721477627754	0.04343054071068764	0.13546635210514069	-0.2927424907684326	0.2051752507686615	0.15041370689868927	0.5205492973327637	0.44385677576065063	0.18085846304893494	0.2186930626630783	-0.25854700803756714	0.20751610398292542	0.19737276434898376	0.3481651544570923	0.13397736847400665	-0.223203644156456	-0.35869935154914856	-0.13784700632095337	-0.38814544677734375	-0.28302764892578125	0.07150094211101532	-0.3233063817024231	-0.4175049066543579	-0.19928012788295746	0.060248859226703644	-0.0659346878528595	-0.4223274886608124	-0.3657996952533722	-0.3322499096393585	-0.39855843782424927	-0.31354817748069763	0.14310841262340546	-0.30491188168525696	-0.5003331303596497	-0.4109368324279785	0.2731270492076874	-0.4578387439250946	-0.24729184806346893	-0.2681327760219574	-0.27155831456184387	0.19400911033153534	0.490800142288208	0.01873753033578396	0.0061693573370575905	0.5422245264053345	-0.19165988266468048	-0.3596508800983429	-0.292451411485672	-0.5143879055976868	-0.04149460047483444	-0.29112154245376587	-0.24796026945114136	-0.12971001863479614	-0.3066210150718689	-0.25960037112236023	-0.26120778918266296	0.0062745059840381145	0.11434391885995865	0.01265309751033783	-0.48530060052871704	-0.31280165910720825	-0.027059366926550865	-0.14625270664691925	0.08720628172159195	-0.24515660107135773	0.5487856268882751	-0.21337676048278809	0.02233239635825157	0.2651151120662689	0.05225139856338501	-0.030049094930291176	0.11017517000436783	0.014109237119555473	-0.1543220579624176	0.011879554949700832	0.39531368017196655	-0.06099972501397133	-0.16247153282165527	-0.11929195374250412	-0.4901798665523529	-0.16496288776397705	-0.6126120090484619	-0.26239535212516785	-0.013868346810340881	-0.21606655418872833	0.07315066456794739	0.2778497636318207	-0.45009109377861023	0.11082405596971512	-0.32898786664009094	-0.36385291814804077	-0.16314102709293365	-0.3849470019340515
LH_Vis_3	0.4071648120880127	0.7546144723892212	1.0	-0.005408105440437794	0.7478601932525635	0.635553240776062	0.788510262966156	0.9108567237854004	0.7282305359840393	-0.08614574372768402	-0.06601075828075409	0.11078944057226181	0.1814219206571579	-0.1300918608903885	0.14980345964431763	0.7043361663818359	0.4210575819015503	0.8001653552055359	0.3575928211212158	0.33821427822113037	0.34881216287612915	0.4580368995666504	0.4890386760234833	0.22133339941501617	0.029615754261612892	0.22720974683761597	0.12767651677131653	0.20486566424369812	0.4839349389076233	0.21872703731060028	0.10544554144144058	0.13401499390602112	-0.16564539074897766	0.0510089285671711	-0.04373364523053169	-0.1814526617527008	-0.531806468963623	-0.6093400716781616	-0.6089143753051758	-0.32008206844329834	-0.5751327276229858	-0.22331386804580688	0.14147381484508514	-0.2928715646266937	-0.18138642609119415	-0.49099472165107727	-0.09186360985040665	0.12544016540050507	0.20720608532428741	-0.6086279153823853	0.6835958957672119	0.8298395276069641	0.670775294303894	0.21338948607444763	0.7312557697296143	0.6171838045120239	0.8741689324378967	0.7878260016441345	-0.06308992207050323	0.06592221558094025	0.064323790371418	0.21426880359649658	0.010990284383296967	0.10495457053184509	0.15333573520183563	0.04677671194076538	-0.41785746812820435	0.133281871676445	0.13742926716804504	0.7113564610481262	0.46544042229652405	0.1548815220594406	0.43047085404396057	-0.46601706743240356	0.1590026319026947	0.19462622702121735	0.3528226315975189	0.16570384800434113	0.10354204475879669	-0.4753336012363434	-0.42296797037124634	-0.44357576966285706	-0.3331051170825958	0.048964157700538635	-0.5008396506309509	-0.6077056527137756	-0.247645765542984	0.009022447280585766	-0.13892242312431335	-0.6146515011787415	-0.5136561393737793	-0.34060269594192505	-0.6903483867645264	-0.3920103907585144	0.11378546059131622	-0.33027926087379456	-0.6580639481544495	-0.5719002485275269	0.38385331630706787	-0.5961498022079468	0.09561635553836823	-0.1481354534626007	-0.3309190273284912	0.1976841539144516	0.20474162697792053	0.16069883108139038	-0.003994791768491268	0.519060492515564	-0.3098317086696625	-0.14217272400856018	-0.318623811006546	-0.3026171028614044	-0.1044997125864029	-0.3569062054157257	-0.04471015930175781	0.03884875029325485	-0.0765361338853836	-0.07796049118041992	-0.2068091332912445	0.10685627162456512	0.012814989313483238	0.08887958526611328	-0.23755502700805664	-0.2947026491165161	0.015059113502502441	-0.1286965310573578	0.13098762929439545	-0.1097632572054863	0.4411091208457947	-0.1780167669057846	-0.08940471708774567	0.5047276020050049	-0.04176799952983856	-0.18701887130737305	-0.061493754386901855	-0.03452172130346298	-0.1377033293247223	0.06269323080778122	0.2717183232307434	-0.09879574924707413	-0.11667876690626144	-0.20722341537475586	-0.3878486156463623	0.027819998562335968	-0.4801473021507263	-0.17597582936286926	0.026550371199846268	-0.21206653118133545	0.24000507593154907	0.3432486057281494	-0.4894188344478607	0.3234495222568512	-0.41028136014938354	-0.32979899644851685	-0.02010117843747139	-0.36473631858825684
LH_Vis_4	-0.10474548488855362	-0.01923408731818199	-0.005408105440437794	1.0	-0.10306600481271744	0.32496342062950134	-0.023777656257152557	0.033430490642786026	0.07878526300191879	0.3651346266269684	0.4696161448955536	0.14083996415138245	0.2598371207714081	0.16420051455497742	0.49874818325042725	0.13538019359111786	0.09661153703927994	0.21404598653316498	-0.17011336982250214	0.05727007985115051	0.1852921098470688	0.13975995779037476	0.07329876720905304	0.4259943664073944	0.5850688815116882	0.5522120594978333	0.06695811450481415	0.27022820711135864	0.3846910297870636	0.21890433132648468	0.2461526095867157	-0.15727613866329193	-0.3670046329498291	-0.13228528201580048	-0.34008392691612244	-0.13567017018795013	-0.15469828248023987	-0.5394967198371887	-0.4651062786579132	-0.013411172665655613	-0.5316863656044006	0.30282384157180786	0.16209615767002106	-0.08465069532394409	0.06307684630155563	-0.46147388219833374	-0.416015625	-0.2689615786075592	-0.16273164749145508	-0.4520655572414398	0.09818058460950851	-0.3806646764278412	0.09455899894237518	0.7809620499610901	0.10138838738203049	0.25984176993370056	-0.023377764970064163	-0.23025605082511902	0.35986757278442383	0.2980770766735077	0.168373242020607	0.21229831874370575	0.3975023329257965	0.4331929683685303	0.09636298567056656	0.5471047163009644	-0.2721936106681824	0.009879602119326591	0.30642569065093994	0.3198974132537842	0.40772390365600586	0.7079899907112122	0.15326163172721863	0.1811019778251648	0.6105831861495972	0.4713045358657837	0.5909265875816345	0.30976828932762146	0.32006049156188965	-0.37637415528297424	0.10050395876169205	-0.3328286409378052	0.3536933362483978	0.4694007635116577	0.1386445313692093	-0.38810333609580994	0.11099016666412354	0.4135446548461914	-0.1070585548877716	-0.34317561984062195	-0.30823802947998047	-0.223678857088089	-0.24063560366630554	0.06462924927473068	0.5513409376144409	-0.049792077392339706	-0.4508150517940521	-0.2768649160861969	0.058092400431632996	-0.33500564098358154	-0.269074946641922	-0.17401635646820068	-0.16897854208946228	-0.16799446940422058	0.053058963268995285	-0.19471874833106995	-0.3256007432937622	-0.36674764752388	-0.13462381064891815	0.18628251552581787	0.051204729825258255	-0.18038764595985413	-0.19296088814735413	0.011013315990567207	0.23630286753177643	-0.38386276364326477	0.14035865664482117	0.20386531949043274	0.049296434968709946	-0.2509560286998749	-0.1286284327507019	-0.0467032864689827	-0.10110174119472504	0.24251708388328552	0.15986326336860657	0.14231203496456146	-0.02875545248389244	0.0008272586856037378	0.16576504707336426	0.09535130858421326	0.013355307281017303	-0.1518324464559555	-0.3311348259449005	-0.02061883546411991	0.24813488125801086	0.36932608485221863	0.11510666459798813	0.02572326920926571	0.0626785159111023	0.014133556745946407	-0.1889006495475769	-0.24215975403785706	-0.10437942296266556	-0.21509195864200592	0.18308398127555847	0.4868774116039276	0.08818016946315765	-0.1860184371471405	0.29217684268951416	-0.13136830925941467	-0.22516177594661713	-0.12026095390319824	-0.5236235857009888	-0.7115771174430847	-0.5614297389984131	-0.5177564024925232
LH_Vis_5	0.16832700371742249	0.7841849327087402	0.7478601932525635	-0.10306600481271744	1.0	0.6272450685501099	0.7820035219192505	0.8420224189758301	0.7191262245178223	-0.0075387293472886086	-0.007118056528270245	0.1581570953130722	0.06843026727437973	0.0710565373301506	0.3421114683151245	0.5682950019836426	0.366059809923172	0.6400396227836609	0.4104107916355133	0.25420713424682617	0.14332151412963867	0.3988734483718872	0.38480865955352783	-0.04421301931142807	-0.08866144716739655	0.0998094230890274	-0.011814858764410019	0.1946878433227539	0.306318998336792	0.32748162746429443	-0.023416809737682343	-0.01705765351653099	-0.2655729353427887	0.11015565693378448	-0.0950787141919136	-0.3781123459339142	-0.6790665984153748	-0.48993149399757385	-0.5774003863334656	-0.19527363777160645	-0.5401819944381714	-0.2720118463039398	-0.01611415110528469	-0.30778196454048157	-0.3706359267234802	-0.5225104093551636	-0.18749359250068665	0.08176250010728836	0.19258154928684235	-0.636052131652832	0.4697439968585968	0.83999103307724	0.6431258916854858	0.14581313729286194	0.910175085067749	0.5697095394134521	0.7560264468193054	0.8311256170272827	-0.04601160064339638	0.12074314057826996	0.20094579458236694	0.07671841233968735	0.049344636499881744	0.13488224148750305	0.24871794879436493	0.24796634912490845	-0.3828895688056946	0.18134750425815582	0.053287506103515625	0.5018036365509033	0.38474664092063904	0.0648835077881813	0.35680633783340454	-0.4700351059436798	-0.0042204707860946655	0.05486636236310005	0.09589238464832306	0.2538197934627533	-0.03350882604718208	-0.4811996519565582	-0.4541608393192291	-0.40960562229156494	-0.555219829082489	-0.08989957720041275	-0.560081422328949	-0.4534223675727844	-0.41810959577560425	-0.1200973242521286	-0.2183193415403366	-0.5415984988212585	-0.5097941160202026	-0.2354736477136612	-0.5304008722305298	-0.3973071277141571	-0.06888128072023392	-0.34095844626426697	-0.5891552567481995	-0.4846351742744446	0.2677312195301056	-0.5951840877532959	-0.08531146496534348	-0.11716340482234955	-0.10106377303600311	0.41466841101646423	0.23113349080085754	0.15187542140483856	0.003922434989362955	0.4635779559612274	-0.4085879325866699	-0.10694940388202667	-0.1015184298157692	-0.3807111084461212	-0.061841148883104324	-0.25581449270248413	-0.27909284830093384	-0.010459447279572487	0.04904515668749809	-0.10275719314813614	-0.3268728256225586	0.14552117884159088	0.20227280259132385	-0.08879687637090683	-0.23706310987472534	-0.2986440062522888	0.012011419050395489	-0.030822331085801125	0.14329196512699127	-0.24116486310958862	0.5224699378013611	-0.09370651096105576	0.06676202267408371	0.43367382884025574	0.06075851619243622	-0.13305772840976715	0.06801142543554306	-0.07826204597949982	0.0508287139236927	0.2517082393169403	0.35888931155204773	0.10630594938993454	-0.06385735422372818	-0.1657317876815796	-0.4263383150100708	-0.028620649129152298	-0.3668842911720276	-0.16802696883678436	0.2212969958782196	-0.045011214911937714	0.1787257343530655	0.3348284661769867	-0.3417385518550873	0.360347718000412	-0.22550947964191437	-0.2052290141582489	0.031078316271305084	-0.28415653109550476
LH_Vis_6	-0.021983100101351738	0.5717279314994812	0.635553240776062	0.32496342062950134	0.6272450685501099	1.0	0.6196781396865845	0.6821606159210205	0.7610885500907898	0.29965296387672424	0.32374507188796997	0.223335400223732	0.34330183267593384	0.3899904787540436	0.38842350244522095	0.34324911236763	0.02847382426261902	0.5319510698318481	0.07049716264009476	0.09794089198112488	0.22202403843402863	0.24699890613555908	0.2855038642883301	0.00020161914289928973	0.3152426481246948	0.4505792260169983	0.04680754616856575	0.2825731039047241	0.30100440979003906	0.27932026982307434	0.2859383225440979	-0.03004547767341137	-0.43211016058921814	-0.12657876312732697	-0.38147079944610596	-0.05252358689904213	-0.45575812458992004	-0.5490301847457886	-0.5215387344360352	-0.11346720904111862	-0.6124148964881897	0.2593718469142914	-0.12734052538871765	-0.054470159113407135	-0.08678238093852997	-0.48827099800109863	-0.35189732909202576	-0.19880838692188263	0.20960849523544312	-0.5730454921722412	0.4140870273113251	0.451603502035141	0.48705729842185974	0.4172336757183075	0.6393394470214844	0.901757538318634	0.5716825127601624	0.6046374440193176	0.22653162479400635	0.37409600615501404	0.30406835675239563	0.2430184930562973	0.39084410667419434	0.2645036578178406	0.1976008415222168	0.3220846951007843	-0.41748926043510437	0.10013756901025772	0.24790678918361664	0.5993374586105347	0.5408774018287659	0.4580386281013489	0.29185351729393005	-0.16437308490276337	0.33559855818748474	0.510291576385498	0.4831213653087616	0.34859922528266907	0.28626757860183716	-0.5270304083824158	-0.2819121778011322	-0.3987252414226532	-0.17719294130802155	0.27988842129707336	-0.27224859595298767	-0.5652796030044556	0.03582058846950531	0.2874409556388855	-0.009238042868673801	-0.5387644171714783	-0.525261402130127	-0.1568376123905182	-0.5423277616500854	0.02932421863079071	0.2565080523490906	-0.0744505301117897	-0.5539821982383728	-0.4539603292942047	0.493177205324173	-0.43980857729911804	0.01826583407819271	-0.13918644189834595	-0.22658492624759674	0.29704082012176514	0.26756149530410767	0.07126409560441971	-0.12892411649227142	0.24048539996147156	-0.5386480093002319	-0.008192644454538822	-0.3119661211967468	-0.41318970918655396	-0.22616678476333618	-0.3302059471607208	-0.027239181101322174	-0.16039925813674927	-0.06152714416384697	-0.09592238068580627	-0.23190940916538239	0.229810893535614	0.07117865979671478	-0.024121414870023727	-0.19388344883918762	-0.21324633061885834	-0.2934870719909668	-0.17314018309116364	0.08414994925260544	-0.28708553314208984	0.5395129919052124	-0.05928943306207657	0.17387986183166504	0.16616007685661316	-0.29277104139328003	-0.26989978551864624	0.35179880261421204	0.07510087639093399	0.3220045566558838	0.18743760883808136	0.22785887122154236	-0.0012321890098974109	0.115854911506176	-0.0011479025706648827	-0.38899990916252136	-0.07495367527008057	-0.10111504048109055	-0.049305081367492676	-0.09091482311487198	-0.12055229395627975	0.13003601133823395	0.29340291023254395	-0.5271853804588318	-0.043450016528367996	-0.5948663949966431	-0.5686073303222656	-0.43635162711143494	-0.529807448387146
LH_Vis_7	0.21234582364559174	0.7165210843086243	0.788510262966156	-0.023777656257152557	0.7820035219192505	0.6196781396865845	1.0	0.8570538759231567	0.7226852774620056	0.1256052702665329	0.08961605280637741	0.24623915553092957	0.20847941935062408	0.11046528816223145	0.36807477474212646	0.6963307857513428	0.4061141312122345	0.7850853800773621	0.4121067225933075	0.2914380133152008	0.23324206471443176	0.5546994805335999	0.5185071229934692	0.049052994698286057	0.05353626608848572	0.30807679891586304	0.10212872922420502	0.40716859698295593	0.39355581998825073	0.4612683653831482	0.30368471145629883	0.005075602326542139	-0.3073948919773102	0.09064023196697235	-0.12187056243419647	-0.28046178817749023	-0.6095656156539917	-0.5965884327888489	-0.6848227381706238	-0.2720595896244049	-0.6827250123023987	-0.18823754787445068	0.1293892115354538	-0.20895877480506897	-0.16789402067661285	-0.4952091574668884	-0.20511062443256378	0.08968096226453781	0.09222033619880676	-0.6383857727050781	0.5135245323181152	0.7738797664642334	0.8446582555770874	0.39148709177970886	0.7659832835197449	0.5208698511123657	0.8468243479728699	0.7823275923728943	0.07843506336212158	0.2195524126291275	0.2502967417240143	0.2016792595386505	0.22690628468990326	0.24158576130867004	0.3171093165874481	0.29020628333091736	-0.5135095119476318	0.19087165594100952	0.1071048453450203	0.6593067646026611	0.3665366768836975	0.19357672333717346	0.5133499503135681	-0.5690909028053284	0.13727819919586182	0.3084942698478699	0.1352660059928894	0.3784183859825134	0.14525410532951355	-0.4208615720272064	-0.5806208252906799	-0.5490165948867798	-0.5352123379707336	-0.027329878881573677	-0.6049521565437317	-0.6702877283096313	-0.3594073951244354	-0.0006409492343664169	-0.30570101737976074	-0.7594490051269531	-0.6773223280906677	-0.32455015182495117	-0.6825321912765503	-0.5077978372573853	0.0370214581489563	-0.3374421298503876	-0.7478306889533997	-0.7164365649223328	0.24946339428424835	-0.6782956719398499	0.16734902560710907	-0.06626241654157639	-0.18976257741451263	0.3873955011367798	0.03473267704248428	0.12792465090751648	0.0647173747420311	0.4506775438785553	-0.4040876030921936	-0.006472765933722258	-0.39047595858573914	-0.3705715239048004	-0.010594582185149193	-0.2869839072227478	0.023108208552002907	-0.035863637924194336	-0.02117455005645752	-0.019951023161411285	-0.12284466624259949	0.2330678105354309	0.2914068102836609	0.07806982100009918	-0.13385047018527985	-0.2627730369567871	0.05687851086258888	-0.17453314363956451	0.2984400689601898	-0.1570439636707306	0.2715754508972168	-0.3702138066291809	-0.17551593482494354	0.43776747584342957	-0.14812131226062775	-0.3826585114002228	-0.010689551942050457	-0.15854132175445557	-0.13452382385730743	0.06945426762104034	0.01368589699268341	-0.057424042373895645	-0.15776443481445312	-0.06540759652853012	-0.449889600276947	0.26992782950401306	-0.41420412063598633	-0.15605729818344116	0.24573202431201935	0.03223910182714462	0.37789058685302734	0.4168393313884735	-0.4746485948562622	0.43361666798591614	-0.3685925006866455	-0.2491135150194168	0.022279219701886177	-0.40229612588882446
LH_Vis_8	0.3003721535205841	0.8819301128387451	0.9108567237854004	0.033430490642786026	0.8420224189758301	0.6821606159210205	0.8570538759231567	1.0	0.8432674407958984	-0.005999675020575523	0.04937643185257912	0.18205726146697998	0.1793251633644104	0.006551521364599466	0.288848340511322	0.6449630856513977	0.37873056530952454	0.7849901914596558	0.362975150346756	0.34800130128860474	0.29833516478538513	0.4253482520580292	0.4525177776813507	0.22077952325344086	0.13095222413539886	0.3156646490097046	0.17086723446846008	0.31720173358917236	0.5082082152366638	0.3094383776187897	0.134537011384964	-0.08552651107311249	-0.34268540143966675	0.02212410792708397	-0.06623484194278717	-0.19795337319374084	-0.5483332276344299	-0.6676257848739624	-0.668695330619812	-0.32438263297080994	-0.6777133941650391	-0.12845271825790405	0.011436709202826023	-0.2757861316204071	-0.1725778430700302	-0.54714435338974	-0.2824830114841461	0.03679315745830536	0.09915069490671158	-0.682948112487793	0.5932658314704895	0.8664877414703369	0.7372355461120605	0.28171080350875854	0.8655539751052856	0.6437562108039856	0.9186065793037415	0.8880573511123657	0.011374864727258682	0.12510529160499573	0.23629915714263916	0.1925245225429535	0.09355228394269943	0.14681941270828247	0.1919882595539093	0.21246486902236938	-0.48614028096199036	0.22561991214752197	0.13539309799671173	0.7073152661323547	0.5138280987739563	0.2683974504470825	0.42216116189956665	-0.42992356419563293	0.2659127712249756	0.30798041820526123	0.39087092876434326	0.2905636131763458	-0.0719536691904068	-0.545487105846405	-0.37319856882095337	-0.5383952260017395	-0.3676806092262268	0.08291749656200409	-0.4222750961780548	-0.6695157289505005	-0.23390601575374603	0.1326981484889984	-0.1547073870897293	-0.6585951447486877	-0.5985322594642639	-0.38885387778282166	-0.6205944418907166	-0.449533075094223	0.11352670937776566	-0.2961719334125519	-0.7331166863441467	-0.6374393105506897	0.327166885137558	-0.6389614343643188	-0.03171472251415253	-0.12553127110004425	-0.24432741105556488	0.24731117486953735	0.260471373796463	0.1739843785762787	-0.10399727523326874	0.4225737750530243	-0.2839282155036926	-0.21877901256084442	-0.3341328501701355	-0.44103801250457764	-0.025772521272301674	-0.43114301562309265	-0.10442762821912766	-0.060804080218076706	-0.1112842857837677	-0.13689623773097992	-0.20629198849201202	0.059064459055662155	0.05545847862958908	0.021607037633657455	-0.3501804769039154	-0.3542408049106598	0.009694171138107777	-0.15625490248203278	0.1881992369890213	-0.265312135219574	0.5063645243644714	-0.20084726810455322	-0.003978258464485407	0.42681580781936646	-0.04940229654312134	-0.24854408204555511	0.0861475020647049	-0.02414451725780964	-0.12489410489797592	0.06752441823482513	0.3360750675201416	0.024909038096666336	-0.1902291476726532	-0.18407146632671356	-0.5220668911933899	-0.0527864471077919	-0.52712082862854	-0.2431185245513916	0.07231037318706512	-0.17895352840423584	0.237704798579216	0.33911824226379395	-0.5838041305541992	0.26903781294822693	-0.5009068846702576	-0.4652569591999054	-0.14890407025814056	-0.45515018701553345
LH_Vis_9	0.0031279579270631075	0.739389181137085	0.7282305359840393	0.07878526300191879	0.7191262245178223	0.7610885500907898	0.7226852774620056	0.8432674407958984	1.0	0.07217682152986526	0.19447150826454163	0.20285600423812866	0.30124548077583313	0.25769010186195374	0.23830196261405945	0.2710515260696411	-0.03156857565045357	0.5040678977966309	0.08572070300579071	0.15633513033390045	0.14276519417762756	0.07652845978736877	0.25802165269851685	-0.011656483635306358	0.18977385759353638	0.3203282356262207	0.10372725129127502	0.2835785150527954	0.2760453522205353	0.1792987734079361	0.27725693583488464	-0.05548929050564766	-0.49638691544532776	-0.13356801867485046	-0.2563319206237793	0.20259833335876465	-0.3277267813682556	-0.4278600513935089	-0.4502039849758148	-0.155718594789505	-0.5333876609802246	0.17296959459781647	-0.2995178997516632	-0.08254271745681763	0.055604442954063416	-0.4364725947380066	-0.4611082375049591	-0.3196694552898407	0.1600082516670227	-0.4469994604587555	0.3378879725933075	0.6509917974472046	0.5273436307907104	0.25941526889801025	0.7859413027763367	0.8217493295669556	0.7070890069007874	0.8920312523841858	0.05800703540444374	0.2501577138900757	0.38153478503227234	0.23998625576496124	0.2881537079811096	0.10062584280967712	0.09301290661096573	0.1815118044614792	-0.3365439176559448	0.002670024521648884	0.1278420388698578	0.6169881224632263	0.4510253071784973	0.2311650514602661	0.23495769500732422	-0.11727027595043182	0.20155543088912964	0.3803974688053131	0.44887402653694153	0.3154812455177307	0.10934248566627502	-0.3587896227836609	-0.2512723505496979	-0.3539187014102936	-0.170542910695076	0.2755320370197296	-0.21910156309604645	-0.5108233094215393	0.14801062643527985	0.2909383177757263	0.2031731903553009	-0.4825698137283325	-0.47363466024398804	-0.14250965416431427	-0.5273988842964172	-0.17993579804897308	0.11109468340873718	-0.042101241648197174	-0.5798130035400391	-0.5100393891334534	0.5293681621551514	-0.33807605504989624	0.04839801415801048	-0.128829687833786	-0.1303618848323822	0.29831382632255554	0.19728215038776398	0.0593571774661541	-0.1324676126241684	0.19161869585514069	-0.3202180862426758	-0.25828060507774353	-0.15435700118541718	-0.3482407331466675	-0.07740582525730133	-0.38639575242996216	-0.012976490892469883	-0.05386532098054886	-0.20004625618457794	-0.20479406416416168	-0.18340206146240234	0.16190050542354584	0.006955148186534643	-0.07858281582593918	-0.31666481494903564	-0.4372465908527374	-0.08029022812843323	-0.2609138786792755	0.10268354415893555	-0.2686949074268341	0.608615517616272	-0.08381808549165726	0.16012340784072876	0.3587247431278229	-0.07921700924634933	-0.3548336327075958	0.41207054257392883	0.10368090867996216	0.1430637389421463	0.0719350278377533	0.3547874391078949	0.1245279535651207	-0.020337283611297607	0.0066564506851136684	-0.42313525080680847	-0.2090875655412674	-0.2709816098213196	-0.3311242461204529	-0.01735546626150608	0.011764724738895893	0.165289968252182	0.4405239522457123	-0.4248012602329254	0.13508260250091553	-0.42136725783348083	-0.5096688866615295	-0.34319937229156494	-0.38711434602737427
LH_SomMot_1	-0.28515154123306274	-0.14143866300582886	-0.08614574372768402	0.3651346266269684	-0.0075387293472886086	0.29965296387672424	0.1256052702665329	-0.005999675020575523	0.07217682152986526	1.0	0.8238919377326965	0.7667657732963562	0.6696682572364807	0.6676411032676697	0.5739085674285889	-0.03094404935836792	-0.06190711632370949	0.07924278825521469	0.04878370836377144	-0.46988582611083984	0.3749011754989624	0.09754230082035065	0.4089577794075012	-0.04881281778216362	0.49629127979278564	0.7190512418746948	0.07853738218545914	0.6149405837059021	0.06505268067121506	0.5158600807189941	0.6174176931381226	-0.006092327646911144	-0.3886026442050934	-0.41392242908477783	-0.4042132794857025	-0.12723523378372192	0.061452217400074005	-0.20745782554149628	-0.29375216364860535	-0.2022058218717575	-0.47793272137641907	0.40995505452156067	-0.11338678747415543	0.4476429224014282	0.24393759667873383	-0.004898460116237402	-0.5080754160881042	-0.4048871397972107	-0.0034820260480046272	-0.29449453949928284	0.0373058095574379	-0.1661461740732193	0.27150893211364746	0.4135022759437561	0.028662748634815216	0.24288037419319153	0.06004519760608673	-0.006425486411899328	0.9090742468833923	0.7890299558639526	0.6486835479736328	0.5837940573692322	0.6931870579719543	0.6588612794876099	0.5856918096542358	0.6476708650588989	-0.6072845458984375	0.38605788350105286	-0.009498940780758858	0.11022480577230453	0.22333236038684845	0.4494836926460266	0.5388926863670349	-0.2856768071651459	0.564399778842926	0.6933395862579346	0.1803705394268036	0.7120816111564636	0.2715035676956177	-0.3076961040496826	-0.4184543490409851	-0.4664016664028168	-0.19729776680469513	0.20710881054401398	0.11125259846448898	-0.524994432926178	0.021383652463555336	0.5031449794769287	-0.4286271631717682	-0.5282878875732422	-0.5477217435836792	-0.3619862198829651	-0.34442436695098877	-0.11654112488031387	-0.009565666317939758	0.3033732771873474	-0.2808607518672943	-0.45700308680534363	0.09689830243587494	-0.3634498119354248	0.20517654716968536	0.23759371042251587	0.3536679148674011	0.2732965052127838	-0.18888451159000397	0.11921124160289764	-0.007399724330753088	-0.05829232558608055	0.052340030670166016	0.19247861206531525	-0.1859530359506607	0.22623573243618011	-0.1309124082326889	-0.13913369178771973	0.3633723556995392	0.01007038727402687	0.1995779275894165	0.45945993065834045	0.4138847291469574	0.06355246901512146	0.2062021791934967	-0.012722616083920002	0.14503781497478485	0.3131234347820282	-0.13658836483955383	-0.2544799745082855	0.30448785424232483	-0.08855023980140686	-0.10517537593841553	0.10408131033182144	0.3555775284767151	0.022277748212218285	-0.17006218433380127	-0.3284072279930115	0.3135897219181061	-0.2896513342857361	0.3879498541355133	0.030418960377573967	-0.37395456433296204	0.21364904940128326	0.18160592019557953	0.02386033721268177	0.18789179623126984	0.0613737627863884	0.3433493375778198	0.25515592098236084	0.5471628904342651	0.4556318521499634	0.5406482815742493	0.3463369905948639	-0.29641884565353394	0.16002167761325836	-0.4923602044582367	-0.37848931550979614	-0.3932814300060272	-0.3305545151233673
LH_SomMot_2	-0.383063405752182	-0.01168015692383051	-0.06601075828075409	0.4696161448955536	-0.007118056528270245	0.32374507188796997	0.08961605280637741	0.04937643185257912	0.19447150826454163	0.8238919377326965	1.0	0.6560445427894592	0.7344179153442383	0.63517165184021	0.629338800907135	-0.19897666573524475	-0.26991668343544006	-0.030853450298309326	-0.23650050163269043	-0.49463626742362976	0.19422340393066406	-0.14705456793308258	0.19858364760875702	-0.16184739768505096	0.5405144691467285	0.6368252038955688	0.1451772302389145	0.6434957981109619	0.03696064651012421	0.4156317710876465	0.6359580755233765	-0.11305263638496399	-0.6342869400978088	-0.6060240864753723	-0.6656621098518372	0.05492410063743591	0.13310250639915466	-0.1383870244026184	-0.21384146809577942	-0.3309921622276306	-0.4643475115299225	0.5343400835990906	-0.3705582320690155	0.5101075768470764	0.2643468379974365	0.028326570987701416	-0.7057665586471558	-0.6140745282173157	-0.011342030949890614	-0.2340252697467804	-0.02617434412240982	-0.1430254429578781	0.1979203224182129	0.44804689288139343	0.05473622679710388	0.32740962505340576	0.07105312496423721	0.023602740839123726	0.840530276298523	0.8363672494888306	0.7090300917625427	0.636925220489502	0.7939448356628418	0.7067686319351196	0.5349885821342468	0.7425408363342285	-0.5366297960281372	0.2035350799560547	-0.0531524159014225	0.10738511383533478	0.2211904078722	0.47490739822387695	0.43169069290161133	-0.0745360478758812	0.5104109644889832	0.7305421233177185	0.2837933301925659	0.7939780950546265	0.24951665103435516	-0.31267020106315613	-0.3236972987651825	-0.4647703468799591	-0.08545131236314774	0.23424193263053894	0.2441459596157074	-0.5184603929519653	0.2450895458459854	0.6637006402015686	-0.23076383769512177	-0.43927475810050964	-0.5067052841186523	-0.33716291189193726	-0.25815698504447937	-0.07765936106443405	-0.0038686871994286776	0.45255500078201294	-0.2909144163131714	-0.4644973874092102	0.19274160265922546	-0.24820208549499512	0.18322068452835083	0.22489099204540253	0.3949713408946991	0.2959497570991516	-0.16776184737682343	-0.051732465624809265	-0.20138084888458252	-0.13678433001041412	0.10167130082845688	0.1309686005115509	-0.019671760499477386	0.1274990737438202	-0.179096058011055	-0.21657365560531616	0.4989040791988373	0.014056544750928879	0.19942371547222137	0.4057556390762329	0.42851316928863525	-0.0025498890317976475	0.197869673371315	-0.17271310091018677	0.050767019391059875	0.32175952196121216	-0.0905565693974495	-0.21534539759159088	0.1657467484474182	-0.13504992425441742	0.011975739151239395	0.19853705167770386	0.28963354229927063	0.08648175001144409	-0.25988444685935974	-0.2823518216609955	0.5200201869010925	-0.19034160673618317	0.3888668119907379	0.008227698504924774	-0.253561407327652	0.39361339807510376	0.19632844626903534	-0.03299860283732414	0.06926149874925613	-0.08835222572088242	0.25940564274787903	0.2727470397949219	0.4736136198043823	0.3874547481536865	0.45430466532707214	0.17257912456989288	-0.3192301094532013	0.05731812119483948	-0.47765135765075684	-0.4503270089626312	-0.5405329465866089	-0.30857643485069275
LH_SomMot_3	-0.028703177347779274	0.01861630566418171	0.11078944057226181	0.14083996415138245	0.1581570953130722	0.223335400223732	0.24623915553092957	0.18205726146697998	0.20285600423812866	0.7667657732963562	0.6560445427894592	1.0	0.6293919086456299	0.49499958753585815	0.5401732921600342	0.09477858990430832	0.061321698129177094	0.20034338533878326	0.2771766781806946	-0.46741458773612976	0.651716411113739	0.2129559963941574	0.7055186629295349	0.020036285743117332	0.30696743726730347	0.6603239178657532	-0.012993358075618744	0.5792574286460876	0.12597085535526276	0.6016280651092529	0.5611448884010315	0.19615890085697174	-0.290176659822464	-0.36176303029060364	-0.2857029438018799	-0.18259990215301514	-0.042337916791439056	-0.20330604910850525	-0.33088237047195435	-0.29497992992401123	-0.44681209325790405	0.3604588806629181	-0.04292387515306473	0.3477766215801239	0.0010422698687762022	-0.028906920924782753	-0.44037172198295593	-0.39412447810173035	0.11734967678785324	-0.32633769512176514	0.24721601605415344	0.0879003256559372	0.40398934483528137	0.284361869096756	0.1629057675600052	0.24923260509967804	0.23787839710712433	0.20871058106422424	0.7532627582550049	0.7573413252830505	0.7587147951126099	0.5721607208251953	0.5437214374542236	0.5755417943000793	0.7514511346817017	0.5537839531898499	-0.5866309404373169	0.5608571171760559	-0.1598944067955017	0.12393423169851303	0.3910931348800659	0.31289947032928467	0.7357247471809387	-0.5366868376731873	0.4711778163909912	0.45905375480651855	0.14269042015075684	0.7710087895393372	0.2633565068244934	-0.15204563736915588	-0.5873755812644958	-0.4954150319099426	-0.3881165087223053	0.01708817295730114	-0.11524316668510437	-0.5752405524253845	-0.18134979903697968	0.2952875792980194	-0.4882879853248596	-0.5653428435325623	-0.5929551124572754	-0.3250364065170288	-0.5465502142906189	-0.23026451468467712	-0.155629500746727	0.22650665044784546	-0.3058569133281708	-0.602674126625061	0.27792924642562866	-0.4517476260662079	0.29249897599220276	0.29523083567619324	0.347499817609787	0.39965638518333435	-0.21579629182815552	0.22344696521759033	-0.1862594038248062	0.11719010025262833	0.17980270087718964	0.0897073894739151	0.03903927654027939	0.43487611413002014	0.06595142930746078	-0.03912657871842384	0.3134520351886749	0.1485891491174698	0.17850974202156067	0.3649442195892334	0.4504888653755188	-0.07989095896482468	0.3835214376449585	-0.1619233936071396	0.3052528500556946	0.16264638304710388	-0.12510532140731812	-0.24064365029335022	0.3203965127468109	0.008770829997956753	0.0990057960152626	0.18806718289852142	0.4828715920448303	-0.0009702729294076562	0.0167269054800272	-0.30716535449028015	0.34182047843933105	-0.40324297547340393	0.3937731385231018	0.13298849761486053	-0.34338751435279846	0.2521798610687256	0.1354278177022934	-0.018354762345552444	0.29321497678756714	-0.057325467467308044	0.22208541631698608	0.14141400158405304	0.5265552997589111	0.4866573214530945	0.6265444755554199	0.2296786606311798	-0.4932958483695984	0.2543981075286865	-0.531511127948761	-0.3288344144821167	-0.3514147400856018	-0.4562561511993408
