Node	HIP-head-m-rh	HIP-head-l-rh	HIP-body-rh	HIP-tail-rh	THA-VPm-rh	THA-VPl-rh	THA-VAi-rh	THA-VAs-rh	THA-DAm-rh	THA-DAl-rh	PUT-VA-rh	PUT-DA-rh	PUT-VP-rh	PUT-DP-rh	CAU-VA-rh	CAU-DA-rh	CAU-body-rh	CAU-tail-rh	lAMY-rh	mAMY-rh	THA-DP-rh	NAc-shell-rh	NAc-core-rh	pGP-rh	aGP-rh	HIP-head-m-lh	HIP-head-l-l	HIP-body-l	HIP-tail-lh	THA-VPm-lh	THA-VPl-lh	THA-VAi-lh	THA-VAs-lh	THA-DAm-lh	THA-DAl-lh	PUT-VA-lh	PUT-DA-l	PUT-VP-lh	PUT-DP-lh	CAU-VA-lh	CAU-DA-lh	CAU-body-lh	CAU-tail-lh	lAMY-lh	mAMY-lh	THA-DP-lh	NAc-shell-lh	NAc-core-lh	pGP-lh	aGP-lh
HIP-head-m-rh	1.0	0.7095679640769958	0.6033849716186523	0.41202065348625183	-0.01076485961675644	0.31886380910873413	0.3643795847892761	0.45069408416748047	-0.033385489135980606	-0.06147982180118561	0.2986454963684082	-0.13234937191009521	-0.32135307788848877	-0.2879481911659241	0.5565887689590454	0.48862695693969727	0.21382257342338562	0.512444794178009	0.019424503669142723	0.4675998389720917	0.6036261320114136	0.5520201325416565	0.5079978704452515	-0.3110617697238922	0.04474320635199547	0.7013124227523804	0.19108065962791443	0.3365689814090729	0.31370359659194946	0.31143733859062195	0.1992185413837433	0.493906170129776	0.1650974005460739	0.13334672152996063	-0.06824053823947906	0.25384512543678284	-0.15592771768569946	-0.3003634214401245	-0.26366764307022095	0.0726444348692894	0.2850662171840668	0.1914358139038086	-0.011770760640501976	-0.3186759054660797	0.33197924494743347	-0.10576897859573364	0.5751736760139465	0.20695245265960693	-0.1291416585445404	-0.4712343215942383
HIP-head-l-rh	0.7095679640769958	1.0	0.5075551867485046	0.5782566666603088	0.010087331756949425	0.247085839509964	0.33207377791404724	0.47358694672584534	0.07614012062549591	0.21648472547531128	0.03881369158625603	-0.3034265637397766	-0.34824255108833313	-0.3944151699542999	0.3279450237751007	0.030371898785233498	-0.024297820404171944	0.32211849093437195	-0.17671893537044525	0.2286594659090042	0.6593884825706482	0.3194938898086548	0.3373202681541443	-0.4361593723297119	-0.17556515336036682	0.62267005443573	0.16619820892810822	0.5728893280029297	0.29317736625671387	0.16388070583343506	-0.008509698323905468	0.4011262357234955	-0.009639488533139229	0.2500661313533783	0.024653717875480652	-0.0628918930888176	-0.31148889660835266	-0.33140096068382263	-0.2877572774887085	-0.06507209688425064	-0.04981400817632675	-0.005175677128136158	-0.31289324164390564	-0.13872212171554565	0.19353313744068146	0.17155303061008453	0.33765479922294617	-0.007030614651739597	-0.4868026077747345	-0.35701611638069153
HIP-body-rh	0.6033849716186523	0.5075551867485046	1.0	0.4226153790950775	0.23914657533168793	0.39463990926742554	0.10838159918785095	0.06448295712471008	-0.0035916324704885483	-0.12617290019989014	0.18222522735595703	-0.047571588307619095	-0.12091109156608582	-0.13370423018932343	0.27417656779289246	0.11819116771221161	-0.10229573398828506	0.19302821159362793	0.2237822711467743	0.33374732732772827	0.7245725989341736	0.37446045875549316	0.3743809461593628	0.10452081263065338	0.19626839458942413	0.4977169632911682	0.28707411885261536	0.36031222343444824	0.2731996476650238	0.3552358150482178	0.1242610514163971	0.2056109607219696	-0.07702784985303879	0.2620701789855957	-0.1820121705532074	0.15714147686958313	-0.1788637787103653	-0.08715135604143143	-0.22411291301250458	-0.2000066488981247	0.08026048541069031	-0.2158704549074173	-0.32574447989463806	-0.055927474051713943	0.23916873335838318	0.010689101181924343	0.4499577283859253	0.10677947849035263	-0.23411504924297333	-0.2881981432437897
HIP-tail-rh	0.41202065348625183	0.5782566666603088	0.4226153790950775	1.0	0.48921504616737366	0.4875715672969818	0.44223853945732117	0.4547439515590668	0.28632307052612305	0.4456506371498108	0.25307226181030273	0.007922123186290264	-0.1304599493741989	-0.2057812213897705	0.2530100345611572	-0.1141812652349472	0.06963295489549637	0.10593384504318237	-0.0514012947678566	0.3194986879825592	0.5448718667030334	0.3503102958202362	0.3040035367012024	-0.0011023191036656499	-0.02477710135281086	0.4792402684688568	0.1361568570137024	0.6013594269752502	0.4814186692237854	0.21044445037841797	0.10780337452888489	0.44055020809173584	-0.04991000518202782	0.4863525927066803	0.19535382091999054	0.21024642884731293	-0.10115696489810944	0.0306682251393795	-0.2596467435359955	-0.13837483525276184	-0.1232142299413681	0.057184040546417236	-0.37253376841545105	0.21599671244621277	0.2277408242225647	0.25973114371299744	0.3058648407459259	0.26060399413108826	-0.16895340383052826	-0.213128462433815
THA-VPm-rh	-0.01076485961675644	0.010087331756949425	0.23914657533168793	0.48921504616737366	1.0	0.6982131004333496	0.46900007128715515	0.3014861047267914	0.5491387844085693	0.5273460745811462	0.4529968202114105	0.5126011967658997	0.44565510749816895	0.28364112973213196	0.11664523184299469	0.010015919804573059	0.16427141427993774	-0.11255884915590286	0.09741811454296112	0.3157489597797394	0.3379873037338257	0.2028311938047409	-0.03266676515340805	0.2897941470146179	0.35746878385543823	0.072329081594944	0.042596083134412766	0.15299075841903687	0.17131921648979187	0.49159592390060425	0.3207814693450928	0.4782107472419739	-0.062471408396959305	0.486501544713974	0.44725608825683594	0.3741130530834198	0.3754139542579651	0.41799914836883545	0.16619031131267548	0.023355118930339813	-0.2633433938026428	0.018019044771790504	-0.2070932537317276	0.22052596509456635	0.23637083172798157	0.3889796733856201	0.1919737160205841	0.15167638659477234	0.22280313074588776	0.1539420187473297
THA-VPl-rh	0.31886380910873413	0.247085839509964	0.39463990926742554	0.4875715672969818	0.6982131004333496	1.0	0.4271017611026764	0.26455485820770264	0.5530235767364502	0.536995530128479	0.5190130472183228	0.25511714816093445	0.27454546093940735	-0.030331969261169434	0.3322833478450775	0.27072790265083313	0.13225775957107544	0.005356526002287865	-0.10227832198143005	0.3194902539253235	0.5067392587661743	0.42302629351615906	0.13020746409893036	0.17097413539886475	0.11602171510457993	0.10180356353521347	-0.059201788157224655	0.08924903720617294	0.3089885413646698	0.3740897476673126	0.08800862729549408	0.40219995379447937	-0.15047197043895721	0.15565644204616547	0.02730404958128929	0.4904515743255615	0.14539441466331482	0.06681934744119644	-0.1639149934053421	0.17492994666099548	0.039060626178979874	0.11253967136144638	-0.4002244770526886	0.017728561535477638	0.1352221816778183	0.08290104568004608	0.34910738468170166	0.2659890949726105	-0.10060318559408188	-0.22052954137325287
THA-VAi-rh	0.3643795847892761	0.33207377791404724	0.10838159918785095	0.44223853945732117	0.46900007128715515	0.4271017611026764	1.0	0.5363113284111023	0.3639029562473297	0.3810502588748932	0.197932168841362	0.17071574926376343	0.06735136359930038	-0.04227740690112114	0.12677116692066193	0.010503715835511684	0.35075291991233826	0.33068832755088806	0.06783650070428848	0.30503788590431213	0.23415786027908325	0.2621545195579529	0.09480974823236465	-0.03240165114402771	0.03290636092424393	0.29563605785369873	0.11271998286247253	0.10881969332695007	0.25754421949386597	0.5310724377632141	0.5980192422866821	0.7504693269729614	0.08568041771650314	0.4355841875076294	0.3904452919960022	0.35163387656211853	0.2641860246658325	0.2002597153186798	-0.0006686197011731565	-0.09037662297487259	-0.2634623646736145	0.33989131450653076	0.012209893204271793	0.22727881371974945	0.3450642228126526	0.20688660442829132	0.32031258940696716	0.09412036836147308	0.26600784063339233	-0.018145885318517685
THA-VAs-rh	0.45069408416748047	0.47358694672584534	0.06448295712471008	0.4547439515590668	0.3014861047267914	0.26455485820770264	0.5363113284111023	1.0	0.14274980127811432	0.33894163370132446	0.29452207684516907	0.19858630001544952	0.002878093160688877	0.0076430849730968475	0.33839619159698486	0.2815190851688385	0.3074048161506653	0.28752821683883667	0.03619538992643356	0.4032929837703705	0.3939070403575897	0.2147146463394165	0.12538045644760132	-0.2155982255935669	0.06917264312505722	0.437335729598999	0.055211491882801056	0.22988413274288177	0.3341038227081299	0.2850615978240967	0.3359772861003876	0.5893336534500122	0.2704662084579468	0.29973143339157104	0.5198094248771667	0.1603267937898636	0.11646667122840881	-0.009645020589232445	0.045886002480983734	0.04042945057153702	-0.10611462593078613	0.2330927550792694	0.03337685018777847	-0.11314678192138672	0.33272507786750793	0.36182621121406555	0.2711193263530731	-0.003313828958198428	0.09593240916728973	-0.10344252735376358
THA-DAm-rh	-0.033385489135980606	0.07614012062549591	-0.0035916324704885483	0.28632307052612305	0.5491387844085693	0.5530235767364502	0.3639029562473297	0.14274980127811432	1.0	0.6141950488090515	0.2464839667081833	0.172524094581604	0.3567928671836853	0.16768334805965424	-0.08812548965215683	-0.026476286351680756	-0.02525601163506508	-0.1861799955368042	-0.2755309045314789	-0.08544944226741791	0.32638978958129883	-0.02923150546848774	-0.21494297683238983	0.09702840447425842	-0.16600210964679718	-0.27137264609336853	-0.23219431936740875	0.16077880561351776	0.15297208726406097	0.3729856610298157	0.3102289140224457	0.32020461559295654	-0.14515884220600128	0.2972100079059601	0.2425835281610489	0.22649317979812622	0.05817900225520134	0.09166192263364792	-0.009960596449673176	0.13811707496643066	-0.2229248583316803	-0.031620610505342484	-0.28896868228912354	0.04378125071525574	0.013455409556627274	0.3673492670059204	-0.06407378613948822	-0.040449682623147964	-0.10828045755624771	-0.21855884790420532
THA-DAl-rh	-0.06147982180118561	0.21648472547531128	-0.12617290019989014	0.4456506371498108	0.5273460745811462	0.536995530128479	0.3810502588748932	0.33894163370132446	0.6141950488090515	1.0	0.2816441059112549	0.11396783590316772	0.10938677191734314	-0.045563388615846634	-0.03841943293809891	-0.07136348634958267	0.047108761966228485	-0.25601842999458313	-0.09831950813531876	0.15923212468624115	0.3406238555908203	0.18877501785755157	-0.040544431656599045	0.02092939428985119	-0.34559717774391174	0.013611841946840286	-0.10922529548406601	0.2889769971370697	0.20387938618659973	0.374704509973526	0.06913355737924576	0.424430251121521	-0.07678008824586868	0.25859034061431885	0.3815058767795563	0.24722188711166382	0.16712285578250885	0.04870477318763733	-0.16283050179481506	0.12938110530376434	-0.13234855234622955	0.08155880868434906	-0.35815897583961487	0.11828359216451645	0.20852619409561157	0.2255658656358719	0.1356518268585205	0.0926724374294281	-0.19808748364448547	-0.11757135391235352
PUT-VA-rh	0.2986454963684082	0.03881369158625603	0.18222522735595703	0.25307226181030273	0.4529968202114105	0.5190130472183228	0.197932168841362	0.29452207684516907	0.2464839667081833	0.2816441059112549	1.0	0.7246342897415161	0.26822611689567566	0.3627578318119049	0.5955325961112976	0.618003785610199	0.580451488494873	0.166660338640213	0.17541420459747314	0.6468288898468018	0.21891558170318604	0.6448570489883423	0.4575021266937256	0.358423113822937	0.004988564178347588	0.19797039031982422	0.2364273965358734	0.2548253536224365	0.5959147214889526	0.3775627017021179	0.20806948840618134	0.5241234302520752	0.3870081603527069	0.15314102172851562	0.38016277551651	0.751037061214447	0.657536506652832	0.4412688612937927	0.24961687624454498	0.5283353328704834	0.47683820128440857	0.25305137038230896	0.14814884960651398	-0.021771162748336792	0.6133809089660645	-0.03790220245718956	0.6444932222366333	0.5950804948806763	0.33768460154533386	0.07814019173383713
PUT-DA-rh	-0.13234937191009521	-0.3034265637397766	-0.047571588307619095	0.007922123186290264	0.5126011967658997	0.25511714816093445	0.17071574926376343	0.19858630001544952	0.172524094581604	0.11396783590316772	0.7246342897415161	1.0	0.6484724283218384	0.7901240587234497	0.19702830910682678	0.3357657790184021	0.4899902641773224	0.023516220971941948	0.1759692132472992	0.36189940571784973	-0.09326592087745667	0.177097350358963	0.05914568901062012	0.5615107417106628	0.15922410786151886	-0.07181363552808762	0.136997252702713	-0.034857749938964844	0.33535507321357727	0.4024330675601959	0.3762120008468628	0.3528982102870941	0.25516319274902344	0.2912280857563019	0.5357558131217957	0.47918564081192017	0.7974556684494019	0.8066243529319763	0.7354311943054199	0.23904798924922943	0.04508580267429352	0.06931940466165543	0.326481431722641	0.09146733582019806	0.4220198690891266	0.25243696570396423	0.23077166080474854	0.22914165258407593	0.5880531072616577	0.4546413719654083
PUT-VP-rh	-0.32135307788848877	-0.34824255108833313	-0.12091109156608582	-0.1304599493741989	0.44565510749816895	0.27454546093940735	0.06735136359930038	0.002878093160688877	0.3567928671836853	0.10938677191734314	0.26822611689567566	0.6484724283218384	1.0	0.7434700727462769	-0.0987938642501831	0.06600984185934067	0.07314107567071915	-0.03363015875220299	-0.16708089411258698	-0.07278582453727722	-0.1389676332473755	-0.21829763054847717	-0.41591694951057434	0.43931254744529724	0.15867017209529877	-0.3872211277484894	-0.3984426259994507	-0.3597245514392853	0.11413175612688065	0.18456964194774628	0.21397632360458374	0.024994265288114548	-0.052006468176841736	0.20638898015022278	0.22054722905158997	0.017601147294044495	0.28557491302490234	0.6324310898780823	0.6334525346755981	0.06447168439626694	-0.2953976094722748	-0.046988967806100845	-0.01517530344426632	0.1828482300043106	-0.12623438239097595	0.416890025138855	-0.17101077735424042	-0.24484333395957947	0.36828911304473877	0.2540934383869171
PUT-DP-rh	-0.2879481911659241	-0.3944151699542999	-0.13370423018932343	-0.2057812213897705	0.28364112973213196	-0.030331969261169434	-0.04227740690112114	0.0076430849730968475	0.16768334805965424	-0.045563388615846634	0.3627578318119049	0.7901240587234497	0.7434700727462769	1.0	-0.13570071756839752	0.14113426208496094	0.19358929991722107	-0.020640945062041283	-0.09344600141048431	-0.09561385214328766	-0.1349455565214157	-0.21124911308288574	-0.20622698962688446	0.5874372720718384	0.09925448894500732	-0.3032049238681793	-0.13487818837165833	-0.07714911550283432	0.16722775995731354	0.31350111961364746	0.3075840175151825	0.032852403819561005	0.1342669427394867	0.2794661521911621	0.42855772376060486	0.01777193322777748	0.48100194334983826	0.7163707613945007	0.8483101725578308	-0.021552592515945435	-0.07891137897968292	-0.14066480100154877	0.3817257881164551	-0.0750574991106987	0.04882507398724556	0.33353573083877563	-0.12245538085699081	-0.18671049177646637	0.5478560328483582	0.409548819065094
CAU-VA-rh	0.5565887689590454	0.3279450237751007	0.27417656779289246	0.2530100345611572	0.11664523184299469	0.3322833478450775	0.12677116692066193	0.33839619159698486	-0.08812548965215683	-0.03841943293809891	0.5955325961112976	0.19702830910682678	-0.0987938642501831	-0.13570071756839752	1.0	0.6996325850486755	0.6147506833076477	0.5543510913848877	0.015602268278598785	0.5981355905532837	0.25335144996643066	0.7685660123825073	0.5868825316429138	-0.14147931337356567	0.14714178442955017	0.5338892936706543	0.05303462594747543	0.16165302693843842	0.45923832058906555	0.02492331527173519	-0.07366885989904404	0.3787204921245575	0.44928744435310364	-0.0640975683927536	0.003489434951916337	0.47603556513786316	0.16812892258167267	-0.10210338979959488	-0.16580632328987122	0.5784692168235779	0.47944194078445435	0.5131855010986328	0.21260841190814972	-0.01306680403649807	0.47636476159095764	-0.045116622000932693	0.701218843460083	0.5641416907310486	0.10129249840974808	-0.09060536324977875
CAU-DA-rh	0.48862695693969727	0.030371898785233498	0.11819116771221161	-0.1141812652349472	0.010015919804573059	0.27072790265083313	0.010503715835511684	0.2815190851688385	-0.026476286351680756	-0.07136348634958267	0.618003785610199	0.3357657790184021	0.06600984185934067	0.14113426208496094	0.6996325850486755	1.0	0.5029497742652893	0.34306076169013977	0.004355642944574356	0.42798468470573425	0.1833103448152542	0.6060364246368408	0.49945369362831116	-0.06394103914499283	-0.01086901780217886	0.2459566444158554	-0.1021171510219574	-0.12081737071275711	0.29643920063972473	0.20500624179840088	0.13059541583061218	0.313333660364151	0.47126784920692444	-0.2875663638114929	0.031990088522434235	0.47781479358673096	0.23075003921985626	-0.1162678450345993	0.05233098194003105	0.604917049407959	0.6358457207679749	0.2790672779083252	0.3867877423763275	-0.3932590186595917	0.39565274119377136	-0.24490000307559967	0.5846108794212341	0.39942964911460876	0.2397303581237793	-0.22333596646785736
CAU-body-rh	0.21382257342338562	-0.024297820404171944	-0.10229573398828506	0.06963295489549637	0.16427141427993774	0.13225775957107544	0.35075291991233826	0.3074048161506653	-0.02525601163506508	0.047108761966228485	0.580451488494873	0.4899902641773224	0.07314107567071915	0.19358929991722107	0.6147506833076477	0.5029497742652893	1.0	0.6388651728630066	0.0418911837041378	0.4338759779930115	-0.114511638879776	0.51759934425354	0.3275090157985687	0.007406866177916527	0.1951768845319748	0.24869543313980103	0.05956687033176422	0.14172828197479248	0.4560076892375946	0.25185397267341614	0.26070860028266907	0.5353923439979553	0.45191073417663574	0.21468360722064972	0.2713914215564728	0.5480440855026245	0.6545466780662537	0.3178083002567291	0.2454846203327179	0.43061381578445435	0.309646338224411	0.5568100810050964	0.5294467806816101	0.11448711901903152	0.4981352984905243	0.042284175753593445	0.49573835730552673	0.4210633933544159	0.38974854350090027	0.29793474078178406
CAU-tail-rh	0.512444794178009	0.32211849093437195	0.19302821159362793	0.10593384504318237	-0.11255884915590286	0.005356526002287865	0.33068832755088806	0.28752821683883667	-0.1861799955368042	-0.25601842999458313	0.166660338640213	0.023516220971941948	-0.03363015875220299	-0.020640945062041283	0.5543510913848877	0.34306076169013977	0.6388651728630066	1.0	-0.21962802112102509	0.13270431756973267	0.09453701972961426	0.3855148255825043	0.26455628871917725	-0.17105092108249664	0.2295185923576355	0.40847334265708923	-0.08367252349853516	0.10899258404970169	0.43026024103164673	0.15197619795799255	0.17091737687587738	0.3925184905529022	0.3215249180793762	0.308912456035614	-0.09325379878282547	0.10097475349903107	0.0867917537689209	0.047985758632421494	0.030633052811026573	0.09500472247600555	0.17460685968399048	0.45440474152565	0.4145243763923645	-0.03582467511296272	0.15003547072410583	0.08533526211977005	0.3783908486366272	0.11043829470872879	0.16720415651798248	-0.02379770204424858
lAMY-rh	0.019424503669142723	-0.17671893537044525	0.2237822711467743	-0.0514012947678566	0.09741811454296112	-0.10227832198143005	0.06783650070428848	0.03619538992643356	-0.2755309045314789	-0.09831950813531876	0.17541420459747314	0.1759692132472992	-0.16708089411258698	-0.09344600141048431	0.015602268278598785	0.004355642944574356	0.0418911837041378	-0.21962802112102509	1.0	0.6629251837730408	-0.0033907860051840544	0.17093096673488617	0.1932525485754013	0.17227594554424286	0.11356669664382935	0.28915083408355713	0.6163792014122009	-0.06018819287419319	-0.10689248889684677	0.0883907899260521	0.21169942617416382	0.11302309483289719	0.21954676508903503	-0.041806068271398544	0.27485790848731995	0.38081201910972595	0.35086292028427124	0.14320559799671173	-0.06482355296611786	0.060576267540454865	0.0846138671040535	-0.008107524365186691	-0.03638217970728874	0.3883601427078247	0.6115047335624695	-0.09283455461263657	0.3603033423423767	0.22323939204216003	0.24195246398448944	0.19863472878932953
mAMY-rh	0.4675998389720917	0.2286594659090042	0.33374732732772827	0.3194986879825592	0.3157489597797394	0.3194902539253235	0.30503788590431213	0.4032929837703705	-0.08544944226741791	0.15923212468624115	0.6468288898468018	0.36189940571784973	-0.07278582453727722	-0.09561385214328766	0.5981355905532837	0.42798468470573425	0.4338759779930115	0.13270431756973267	0.6629251837730408	1.0	0.27773937582969666	0.6751285195350647	0.5191131830215454	0.02206091210246086	0.07136043161153793	0.61249178647995	0.5335990190505981	0.1655975729227066	0.28260481357574463	0.21560440957546234	0.23338866233825684	0.5237043499946594	0.3680044114589691	0.07546477764844894	0.34626027941703796	0.6766465306282043	0.42526647448539734	0.13592562079429626	-0.0942365825176239	0.37500789761543274	0.2892337441444397	0.30461978912353516	-0.01959962770342827	0.2690559923648834	0.8228141665458679	-0.02838779427111149	0.7767245173454285	0.5349743366241455	0.2469668835401535	0.03453681245446205
THA-DP-rh	0.6036261320114136	0.6593884825706482	0.7245725989341736	0.5448718667030334	0.3379873037338257	0.5067392587661743	0.23415786027908325	0.3939070403575897	0.32638978958129883	0.3406238555908203	0.21891558170318604	-0.09326592087745667	-0.1389676332473755	-0.1349455565214157	0.25335144996643066	0.1833103448152542	-0.114511638879776	0.09453701972961426	-0.0033907860051840544	0.27773937582969666	1.0	0.3466651439666748	0.3415835201740265	-0.07829096168279648	-0.08445525169372559	0.471054345369339	0.09290434420108795	0.4613232910633087	0.28082242608070374	0.40879184007644653	0.12803661823272705	0.33330628275871277	0.006436325144022703	0.32135313749313354	0.08754904568195343	0.08858970552682877	-0.2690310478210449	-0.275945246219635	-0.3009372651576996	-0.11990901082754135	0.05468078330159187	-0.2074139267206192	-0.37623387575149536	-0.17317646741867065	0.23080462217330933	0.25986793637275696	0.39550068974494934	0.014550577849149704	-0.3899255096912384	-0.40483227372169495
NAc-shell-rh	0.5520201325416565	0.3194938898086548	0.37446045875549316	0.3503102958202362	0.2028311938047409	0.42302629351615906	0.2621545195579529	0.2147146463394165	-0.02923150546848774	0.18877501785755157	0.6448570489883423	0.177097350358963	-0.21829763054847717	-0.21124911308288574	0.7685660123825073	0.6060364246368408	0.51759934425354	0.3855148255825043	0.17093096673488617	0.6751285195350647	0.3466651439666748	1.0	0.7974211573600769	-0.009439121931791306	-0.1479940414428711	0.5087504386901855	0.28177952766418457	0.24020813405513763	0.5617105960845947	0.3498062193393707	0.1556273102760315	0.5734884738922119	0.37256595492362976	0.0548071525990963	-0.00032124260906130075	0.7064172625541687	0.25609448552131653	-0.03413048014044762	-0.3199276030063629	0.5070714354515076	0.6341593861579895	0.49861007928848267	0.13963662087917328	0.049425993114709854	0.6550019383430481	-0.270952969789505	0.8844276666641235	0.8002157807350159	0.12652841210365295	-0.256001353263855
NAc-core-rh	0.5079978704452515	0.3373202681541443	0.3743809461593628	0.3040035367012024	-0.03266676515340805	0.13020746409893036	0.09480974823236465	0.12538045644760132	-0.21494297683238983	-0.040544431656599045	0.4575021266937256	0.05914568901062012	-0.41591694951057434	-0.20622698962688446	0.5868825316429138	0.49945369362831116	0.3275090157985687	0.26455628871917725	0.1932525485754013	0.5191131830215454	0.3415835201740265	0.7974211573600769	1.0	-0.09052818268537521	-0.2966986894607544	0.4635537266731262	0.3767527937889099	0.3480159640312195	0.38689056038856506	0.17750537395477295	0.12607388198375702	0.3847498893737793	0.4832066297531128	0.010676666162908077	0.06655217707157135	0.4571194350719452	0.1109260618686676	-0.1261342316865921	-0.24109843373298645	0.30898991227149963	0.6426603198051453	0.17312608659267426	0.25023582577705383	-0.0005695366999134421	0.5745485424995422	-0.3258589506149292	0.7648111581802368	0.7317526340484619	0.10219140350818634	-0.2261802852153778
pGP-rh	-0.3110617697238922	-0.4361593723297119	0.10452081263065338	-0.0011023191036656499	0.2897941470146179	0.17097413539886475	-0.03240165114402771	-0.2155982255935669	0.09702840447425842	0.02092939428985119	0.358423113822937	0.5615107417106628	0.43931254744529724	0.5874372720718384	-0.14147931337356567	-0.06394103914499283	0.007406866177916527	-0.17105092108249664	0.17227594554424286	0.02206091210246086	-0.07829096168279648	-0.009439121931791306	-0.09052818268537521	1.0	-0.02111913450062275	-0.2047777771949768	0.09493569284677505	-0.037954024970531464	0.33650660514831543	0.23611542582511902	0.11494705080986023	-0.10392433404922485	-0.12052919715642929	0.12111631035804749	0.08881861716508865	0.2730141580104828	0.3533783555030823	0.5914413332939148	0.3544767200946808	-0.16691453754901886	-0.017913905903697014	-0.14120499789714813	0.08083264529705048	0.1440695822238922	0.06523416191339493	0.01453836914151907	0.0007837987504899502	0.1289592981338501	0.40575602650642395	0.32042330503463745
aGP-rh	0.04474320635199547	-0.17556515336036682	0.19626839458942413	-0.02477710135281086	0.35746878385543823	0.11602171510457993	0.03290636092424393	0.06917264312505722	-0.16600210964679718	-0.34559717774391174	0.004988564178347588	0.15922410786151886	0.15867017209529877	0.09925448894500732	0.14714178442955017	-0.01086901780217886	0.1951768845319748	0.2295185923576355	0.11356669664382935	0.07136043161153793	-0.08445525169372559	-0.1479940414428711	-0.2966986894607544	-0.02111913450062275	1.0	0.11419153213500977	0.00822873692959547	-0.16265545785427094	-0.2146642953157425	-0.05911650136113167	-0.03444656729698181	-0.025517834350466728	-0.14691217243671417	0.19535475969314575	-0.06190196052193642	-0.03610075265169144	0.15880277752876282	0.17264774441719055	0.18397051095962524	-0.18124903738498688	-0.23487918078899384	0.031801849603652954	0.05714147537946701	-0.007396429777145386	-0.17428278923034668	0.1335788071155548	-0.13296020030975342	-0.15731121599674225	0.14631052315235138	0.3012479245662689
HIP-head-m-lh	0.7013124227523804	0.62267005443573	0.4977169632911682	0.4792402684688568	0.072329081594944	0.10180356353521347	0.29563605785369873	0.437335729598999	-0.27137264609336853	0.013611841946840286	0.19797039031982422	-0.07181363552808762	-0.3872211277484894	-0.3032049238681793	0.5338892936706543	0.2459566444158554	0.24869543313980103	0.40847334265708923	0.28915083408355713	0.61249178647995	0.471054345369339	0.5087504386901855	0.4635537266731262	-0.2047777771949768	0.11419153213500977	1.0	0.36653175950050354	0.3683139979839325	0.2468249648809433	0.18717671930789948	0.14972113072872162	0.4245736002922058	0.17234660685062408	0.21556992828845978	0.07305902242660522	0.2366609424352646	-0.03691529110074043	-0.17285539209842682	-0.27185454964637756	-0.031028157100081444	0.1144488975405693	0.14346814155578613	0.03690439090132713	-0.03754734247922897	0.5148413181304932	0.08983229845762253	0.6165851950645447	0.2581814229488373	-0.09340108186006546	-0.09010887145996094
HIP-head-l-l	0.19108065962791443	0.16619820892810822	0.28707411885261536	0.1361568570137024	0.042596083134412766	-0.059201788157224655	0.11271998286247253	0.055211491882801056	-0.23219431936740875	-0.10922529548406601	0.2364273965358734	0.136997252702713	-0.3984426259994507	-0.13487818837165833	0.05303462594747543	-0.1021171510219574	0.05956687033176422	-0.08367252349853516	0.6163792014122009	0.5335990190505981	0.09290434420108795	0.28177952766418457	0.3767527937889099	0.09493569284677505	0.00822873692959547	0.36653175950050354	1.0	0.2887967824935913	0.030994310975074768	0.1661866307258606	0.15801239013671875	0.20797719061374664	0.08815431594848633	0.13307605683803558	0.20399756729602814	0.4210294485092163	0.3838937282562256	0.166708305478096	-0.025761181488633156	0.004534029867500067	0.18407736718654633	0.001947671757079661	0.07258618623018265	0.09472494572401047	0.576233446598053	-0.14118365943431854	0.3772324323654175	0.3785676956176758	0.1343623548746109	0.13740834593772888
HIP-body-l	0.3365689814090729	0.5728893280029297	0.36031222343444824	0.6013594269752502	0.15299075841903687	0.08924903720617294	0.10881969332695007	0.22988413274288177	0.16077880561351776	0.2889769971370697	0.2548253536224365	-0.034857749938964844	-0.3597245514392853	-0.07714911550283432	0.16165302693843842	-0.12081737071275711	0.14172828197479248	0.10899258404970169	-0.06018819287419319	0.1655975729227066	0.4613232910633087	0.24020813405513763	0.3480159640312195	-0.037954024970531464	-0.16265545785427094	0.3683139979839325	0.2887967824935913	1.0	0.45811715722084045	0.26129665970802307	0.002433489542454481	0.3343375623226166	0.2002037614583969	0.4104975461959839	0.3223113417625427	0.07093863189220428	0.06334170699119568	0.03779375180602074	-0.07886446267366409	0.008722301572561264	0.13686785101890564	0.012992128729820251	-0.08427568525075912	-0.039074432104825974	0.3189550042152405	0.22249118983745575	0.2952730655670166	0.1645607203245163	-0.1841125637292862	-0.026461398229002953
HIP-tail-lh	0.31370359659194946	0.29317736625671387	0.2731996476650238	0.4814186692237854	0.17131921648979187	0.3089885413646698	0.25754421949386597	0.3341038227081299	0.15297208726406097	0.20387938618659973	0.5959147214889526	0.33535507321357727	0.11413175612688065	0.16722775995731354	0.45923832058906555	0.29643920063972473	0.4560076892375946	0.43026024103164673	-0.10689248889684677	0.28260481357574463	0.28082242608070374	0.5617105960845947	0.38689056038856506	0.33650660514831543	-0.2146642953157425	0.2468249648809433	0.030994310975074768	0.45811715722084045	1.0	0.3668358325958252	0.20405460894107819	0.4670959413051605	0.2797699272632599	0.2664324939250946	0.105523481965065	0.4938249886035919	0.26497647166252136	0.3210611343383789	0.017680492252111435	0.28798577189445496	0.40400856733322144	0.36084699630737305	0.05317046493291855	0.10190322250127792	0.3937259316444397	0.07922922074794769	0.5365206599235535	0.44306495785713196	0.11451184749603271	-0.08959067612886429
THA-VPm-lh	0.31143733859062195	0.16388070583343506	0.3552358150482178	0.21044445037841797	0.49159592390060425	0.3740897476673126	0.5310724377632141	0.2850615978240967	0.3729856610298157	0.374704509973526	0.3775627017021179	0.4024330675601959	0.18456964194774628	0.31350111961364746	0.02492331527173519	0.20500624179840088	0.25185397267341614	0.15197619795799255	0.0883907899260521	0.21560440957546234	0.40879184007644653	0.3498062193393707	0.17750537395477295	0.23611542582511902	-0.05911650136113167	0.18717671930789948	0.1661866307258606	0.26129665970802307	0.3668358325958252	1.0	0.6549803614616394	0.6836009621620178	0.10569965094327927	0.5032503008842468	0.3481508791446686	0.4227641224861145	0.4170640707015991	0.36241233348846436	0.18228667974472046	0.006818266585469246	0.05443815141916275	0.14650703966617584	0.13212357461452484	-0.1556907743215561	0.4310333728790283	0.16624076664447784	0.3894498944282532	0.11365652084350586	0.22765971720218658	-0.10225377976894379
THA-VPl-lh	0.1992185413837433	-0.008509698323905468	0.1242610514163971	0.10780337452888489	0.3207814693450928	0.08800862729549408	0.5980192422866821	0.3359772861003876	0.3102289140224457	0.06913355737924576	0.20806948840618134	0.3762120008468628	0.21397632360458374	0.3075840175151825	-0.07366885989904404	0.13059541583061218	0.26070860028266907	0.17091737687587738	0.21169942617416382	0.23338866233825684	0.12803661823272705	0.1556273102760315	0.12607388198375702	0.11494705080986023	-0.03444656729698181	0.14972113072872162	0.15801239013671875	0.002433489542454481	0.20405460894107819	0.6549803614616394	1.0	0.6302594542503357	0.2337110936641693	0.44245645403862	0.4232791066169739	0.34751489758491516	0.3404463827610016	0.3791324496269226	0.2453196793794632	-0.08240482211112976	-0.10404477268457413	0.06689033657312393	0.2746672034263611	0.09589549154043198	0.4629720151424408	0.22388026118278503	0.30975937843322754	0.10048743337392807	0.4665929675102234	-0.012331085279583931
THA-VAi-lh	0.493906170129776	0.4011262357234955	0.2056109607219696	0.44055020809173584	0.4782107472419739	0.40219995379447937	0.7504693269729614	0.5893336534500122	0.32020461559295654	0.424430251121521	0.5241234302520752	0.3528982102870941	0.024994265288114548	0.032852403819561005	0.3787204921245575	0.313333660364151	0.5353923439979553	0.3925184905529022	0.11302309483289719	0.5237043499946594	0.33330628275871277	0.5734884738922119	0.3847498893737793	-0.10392433404922485	-0.025517834350466728	0.4245736002922058	0.20797719061374664	0.3343375623226166	0.4670959413051605	0.6836009621620178	0.6302594542503357	1.0	0.3160610795021057	0.5418443083763123	0.4604474604129791	0.5313005447387695	0.44845008850097656	0.25463196635246277	0.010244972072541714	0.19051086902618408	0.09717530757188797	0.39762380719184875	0.13941484689712524	0.03662622347474098	0.6191502809524536	0.17237062752246857	0.611962080001831	0.36951956152915955	0.25900474190711975	-0.04614181071519852
THA-VAs-lh	0.1650974005460739	-0.009639488533139229	-0.07702784985303879	-0.04991000518202782	-0.062471408396959305	-0.15047197043895721	0.08568041771650314	0.2704662084579468	-0.14515884220600128	-0.07678008824586868	0.3870081603527069	0.25516319274902344	-0.052006468176841736	0.1342669427394867	0.44928744435310364	0.47126784920692444	0.45191073417663574	0.3215249180793762	0.21954676508903503	0.3680044114589691	0.006436325144022703	0.37256595492362976	0.4832066297531128	-0.12052919715642929	-0.14691217243671417	0.17234660685062408	0.08815431594848633	0.2002037614583969	0.2797699272632599	0.10569965094327927	0.2337110936641693	0.3160610795021057	1.0	-0.010775354690849781	0.517282247543335	0.18468208611011505	0.3385564088821411	0.1565336138010025	0.11471587419509888	0.5713826417922974	0.5088162422180176	0.396422415971756	0.4855698347091675	0.13827653229236603	0.5707895755767822	0.14589141309261322	0.5398154258728027	0.3464331030845642	0.49501216411590576	0.1741763949394226
THA-DAm-lh	0.13334672152996063	0.2500661313533783	0.2620701789855957	0.4863525927066803	0.486501544713974	0.15565644204616547	0.4355841875076294	0.29973143339157104	0.2972100079059601	0.25859034061431885	0.15314102172851562	0.2912280857563019	0.20638898015022278	0.2794661521911621	-0.0640975683927536	-0.2875663638114929	0.21468360722064972	0.308912456035614	-0.041806068271398544	0.07546477764844894	0.32135313749313354	0.0548071525990963	0.010676666162908077	0.12111631035804749	0.19535475969314575	0.21556992828845978	0.13307605683803558	0.4104975461959839	0.2664324939250946	0.5032503008842468	0.44245645403862	0.5418443083763123	-0.010775354690849781	1.0	0.38613393902778625	0.01656676083803177	0.22206000983715057	0.4810881018638611	0.18669213354587555	-0.3683588206768036	-0.3308441638946533	0.04451968893408775	-0.014734051190316677	0.18716469407081604	0.15487484633922577	0.5558241605758667	0.06933781504631042	-0.015782715752720833	0.12334150820970535	0.15274140238761902
THA-DAl-lh	-0.06824053823947906	0.024653717875480652	-0.1820121705532074	0.19535382091999054	0.44725608825683594	0.02730404958128929	0.3904452919960022	0.5198094248771667	0.2425835281610489	0.3815058767795563	0.38016277551651	0.5357558131217957	0.22054722905158997	0.42855772376060486	0.003489434951916337	0.031990088522434235	0.2713914215564728	-0.09325379878282547	0.27485790848731995	0.34626027941703796	0.08754904568195343	-0.00032124260906130075	0.06655217707157135	0.08881861716508865	-0.06190196052193642	0.07305902242660522	0.20399756729602814	0.3223113417625427	0.105523481965065	0.3481508791446686	0.4232791066169739	0.4604474604129791	0.517282247543335	0.38613393902778625	1.0	0.12020553648471832	0.50869220495224	0.4517732262611389	0.4436233341693878	0.1655428409576416	-0.13227461278438568	0.09389445185661316	0.1983039528131485	0.21322302520275116	0.49784597754478455	0.4869838058948517	0.16651564836502075	0.01824643835425377	0.4938083291053772	0.3792915642261505
PUT-VA-lh	0.25384512543678284	-0.0628918930888176	0.15714147686958313	0.21024642884731293	0.3741130530834198	0.4904515743255615	0.35163387656211853	0.1603267937898636	0.22649317979812622	0.24722188711166382	0.751037061214447	0.47918564081192017	0.017601147294044495	0.01777193322777748	0.47603556513786316	0.47781479358673096	0.5480440855026245	0.10097475349903107	0.38081201910972595	0.6766465306282043	0.08858970552682877	0.7064172625541687	0.4571194350719452	0.2730141580104828	-0.03610075265169144	0.2366609424352646	0.4210294485092163	0.07093863189220428	0.4938249886035919	0.4227641224861145	0.34751489758491516	0.5313005447387695	0.18468208611011505	0.01656676083803177	0.12020553648471832	1.0	0.6169998049736023	0.2659316956996918	-0.06464897841215134	0.48296594619750977	0.4562150537967682	0.39767056703567505	0.12764716148376465	0.14000433683395386	0.6678419709205627	-0.24910251796245575	0.6844035387039185	0.7498825192451477	0.26781871914863586	-0.07665888220071793
PUT-DA-l	-0.15592771768569946	-0.31148889660835266	-0.1788637787103653	-0.10115696489810944	0.3754139542579651	0.14539441466331482	0.2641860246658325	0.11646667122840881	0.05817900225520134	0.16712285578250885	0.657536506652832	0.7974556684494019	0.28557491302490234	0.48100194334983826	0.16812892258167267	0.23075003921985626	0.6545466780662537	0.0867917537689209	0.35086292028427124	0.42526647448539734	-0.2690310478210449	0.25609448552131653	0.1109260618686676	0.3533783555030823	0.15880277752876282	-0.03691529110074043	0.3838937282562256	0.06334170699119568	0.26497647166252136	0.4170640707015991	0.3404463827610016	0.44845008850097656	0.3385564088821411	0.22206000983715057	0.50869220495224	0.6169998049736023	1.0	0.7253835797309875	0.5467094779014587	0.3537917733192444	0.1905437409877777	0.27688369154930115	0.4023473262786865	0.15217003226280212	0.5744732618331909	0.046734727919101715	0.33508917689323425	0.3509306311607361	0.5280752778053284	0.5439354181289673
PUT-VP-lh	-0.3003634214401245	-0.33140096068382263	-0.08715135604143143	0.0306682251393795	0.41799914836883545	0.06681934744119644	0.2002597153186798	-0.009645020589232445	0.09166192263364792	0.04870477318763733	0.4412688612937927	0.8066243529319763	0.6324310898780823	0.7163707613945007	-0.10210338979959488	-0.1162678450345993	0.3178083002567291	0.047985758632421494	0.14320559799671173	0.13592562079429626	-0.275945246219635	-0.03413048014044762	-0.1261342316865921	0.5914413332939148	0.17264774441719055	-0.17285539209842682	0.166708305478096	0.03779375180602074	0.3210611343383789	0.36241233348846436	0.3791324496269226	0.25463196635246277	0.1565336138010025	0.4810881018638611	0.4517732262611389	0.2659316956996918	0.7253835797309875	1.0	0.7204508781433105	0.005842629354447126	-0.1393384337425232	0.09824541956186295	0.2304045408964157	0.3297881484031677	0.26025763154029846	0.31313782930374146	0.05596614256501198	0.0913407951593399	0.5823976993560791	0.5460725426673889
PUT-DP-lh	-0.26366764307022095	-0.2877572774887085	-0.22411291301250458	-0.2596467435359955	0.16619031131267548	-0.1639149934053421	-0.0006686197011731565	0.045886002480983734	-0.009960596449673176	-0.16283050179481506	0.24961687624454498	0.7354311943054199	0.6334525346755981	0.8483101725578308	-0.16580632328987122	0.05233098194003105	0.2454846203327179	0.030633052811026573	-0.06482355296611786	-0.0942365825176239	-0.3009372651576996	-0.3199276030063629	-0.24109843373298645	0.3544767200946808	0.18397051095962524	-0.27185454964637756	-0.025761181488633156	-0.07886446267366409	0.017680492252111435	0.18228667974472046	0.2453196793794632	0.010244972072541714	0.11471587419509888	0.18669213354587555	0.4436233341693878	-0.06464897841215134	0.5467094779014587	0.7204508781433105	1.0	-0.03587779775261879	-0.220762699842453	-0.16029119491577148	0.42575308680534363	-0.0666416734457016	0.021361077204346657	0.2790900468826294	-0.22810882329940796	-0.29464730620384216	0.4687938988208771	0.46406319737434387
