Node	DMN_LABEL_1	Vis_LABEL_2	FP_LABEL_3	Aud_LABEL_4	Tpole_LABEL_5	PMN_LABEL_6	PON_LABEL_7	MTL_LABEL_8	PON_LABEL_9	CO_LABEL_10	Sal_LABEL_11	CO_LABEL_12	SMd_LABEL_13	SMl_LABEL_14	DAN_LABEL_15	DMN_LABEL_16	CO_LABEL_17	DMN_LABEL_18	VAN_LABEL_19	CO_LABEL_20	CO_LABEL_21	Sal_LABEL_22	DAN_LABEL_23	PMN_LABEL_24	DAN_LABEL_25	DMN_LABEL_26	DMN_LABEL_27	DMN_LABEL_28	Vis_LABEL_29	FP_LABEL_30	Aud_LABEL_31	Tpole_LABEL_32	PMN_LABEL_33	PON_LABEL_34	MTL_LABEL_35	CO_LABEL_36	Sal_LABEL_37	CO_LABEL_38	SMd_LABEL_39	SMl_LABEL_40	DAN_LABEL_41	CO_LABEL_42	VAN_LABEL_43	CO_LABEL_44	CO_LABEL_45	Sal_LABEL_46	DAN_LABEL_47	PMN_LABEL_48	DAN_LABEL_49	DMN_LABEL_50	FP_LABEL_51	DMN_LABEL_52	DMN_LABEL_53	PON_LABEL_54	DMN_LABEL_55	Tpole_LABEL_56	Tpole_LABEL_57	Sal_LABEL_58	Sal_LABEL_59	SMd_LABEL_60	DAN_LABEL_61	FP_LABEL_62	DMN_LABEL_63	FP_LABEL_64	FP_LABEL_65	SMd_LABEL_66	SMl_LABEL_67	SMd_LABEL_68	DMN_LABEL_69	DAN_LABEL_70	DMN_LABEL_71	FP_LABEL_72	SMd_LABEL_73	SMl_LABEL_74	MTL_LABEL_75	MTL_LABEL_76	CO_LABEL_77	CO_LABEL_78	Vis_LABEL_79	Vis_LABEL_80
DMN_LABEL_1	1.0	0.15287157893180847	-0.07025346904993057	0.26358187198638916	-0.14961914718151093	0.31791383028030396	0.5473849773406982	n/a	0.06086261197924614	0.09771932661533356	0.007749360520392656	0.06805521249771118	0.22461532056331635	0.2311701774597168	0.18959975242614746	0.5238081216812134	0.1428370177745819	0.5080618262290955	0.2602432668209076	-0.10459860414266586	-0.12238959968090057	0.003123159985989332	0.376448392868042	0.1587507426738739	0.035553883761167526	0.1212817057967186	0.3180558681488037	0.3759705424308777	0.1934622973203659	0.06775755435228348	0.330409973859787	-0.19641156494617462	0.3468191921710968	0.5782582759857178	n/a	0.13483235239982605	0.056672412902116776	0.034249093383550644	0.35375741124153137	0.2794593870639801	0.2373955249786377	0.17258232831954956	0.3057138919830322	-0.17895743250846863	0.04491583630442619	-0.0701339915394783	0.17529723048210144	0.15229929983615875	0.17961904406547546	0.32605108618736267	-0.2541239559650421	0.16241301596164703	0.038234006613492966	0.21573790907859802	0.23001281917095184	0.10978000611066818	-0.09381958842277527	0.18199962377548218	0.3506298363208771	-0.2430986911058426	-0.04994451627135277	0.0071350825019180775	-0.05856994912028313	-0.07943395525217056	0.0545690543949604	0.0913882851600647	-0.033334456384181976	-0.12575629353523254	0.11283170431852341	0.044085703790187836	0.011378356255590916	0.06973841786384583	-0.04658559337258339	-0.1277637928724289	0.0750659853219986	0.4126347601413727	-0.009075279347598553	-0.21652570366859436	0.3154903054237366	0.2945743501186371
Vis_LABEL_2	0.15287157893180847	1.0	0.06141485646367073	0.434804230928421	-0.48528093099594116	0.6281488537788391	0.3794058859348297	n/a	-0.05453658476471901	0.32410159707069397	0.12932667136192322	0.42506685853004456	-0.20924438536167145	0.06516961008310318	-0.0874229297041893	0.3323642611503601	0.025898927822709084	-0.008662814274430275	-0.16669444739818573	-0.5211159586906433	0.07277964055538177	-0.40787839889526367	0.3403669595718384	0.6052112579345703	0.11064080893993378	-0.5808078050613403	-0.27938365936279297	-0.4457637071609497	0.9266787171363831	0.025775084272027016	0.487583726644516	-0.16955481469631195	0.6645604372024536	0.381091833114624	n/a	0.36377912759780884	0.053371939808130264	-0.18204273283481598	0.11808241903781891	0.3513033390045166	0.3929749131202698	0.2579532861709595	-0.15621700882911682	-0.14890329539775848	0.19396202266216278	-0.009498398751020432	0.2077551782131195	0.6052852272987366	0.6100565791130066	0.2005005180835724	-0.4253643751144409	-0.44063788652420044	-0.13931402564048767	-0.10489243268966675	0.14896655082702637	-0.3820738196372986	-0.17689989507198334	0.2939364016056061	0.20991136133670807	0.2678241431713104	0.10859044641256332	0.5242925882339478	-0.15658392012119293	0.41518816351890564	0.3559077978134155	0.2066635638475418	0.5452785491943359	0.4509626626968384	0.28317850828170776	0.133928120136261	0.16468219459056854	0.5132417678833008	-0.05940546840429306	0.29515013098716736	-0.1425376981496811	-0.18500347435474396	-0.0708383172750473	-0.1636226624250412	0.059329837560653687	-0.12623435258865356
FP_LABEL_3	-0.07025346904993057	0.06141485646367073	1.0	0.34524837136268616	-0.049076151102781296	0.10780475288629532	-0.22615762054920197	n/a	-0.16556644439697266	0.27327173948287964	0.3036452829837799	0.35206151008605957	0.29431843757629395	0.32651761174201965	0.31040188670158386	0.13198064267635345	0.26201140880584717	-0.04885854944586754	0.20794738829135895	-0.009748897515237331	0.2622475326061249	0.2651124596595764	0.0657728835940361	0.13209585845470428	0.16190806031227112	-0.16156423091888428	0.16992536187171936	0.17528122663497925	-0.020094215869903564	0.4519294500350952	0.000828609277959913	-0.2884471118450165	0.21432463824748993	-0.15628282725811005	n/a	0.288636714220047	0.26037031412124634	0.32158398628234863	0.021988490596413612	0.10224687308073044	0.2741442024707794	0.0749245136976242	0.11769411712884903	0.01775049790740013	0.36416178941726685	-0.01064892765134573	0.3903125822544098	0.2040841281414032	-0.060693420469760895	0.10842231661081314	0.16673941910266876	-0.0990821123123169	-0.2382473647594452	0.057255107909440994	0.3088527321815491	0.3369221091270447	-0.24551446735858917	0.18344776332378387	0.12456600368022919	0.0028126128017902374	-0.16350410878658295	-0.0238808561116457	-0.34327560663223267	0.30445030331611633	0.22026222944259644	0.046441856771707535	0.022147512063384056	0.03900565207004547	-0.05431101471185684	0.1468498408794403	-0.3271917402744293	0.16451133787631989	-0.18677334487438202	0.19042560458183289	0.13392065465450287	0.11695574223995209	-0.13866297900676727	-0.045373134315013885	0.10377319902181625	-0.022544829174876213
Aud_LABEL_4	0.26358187198638916	0.434804230928421	0.34524837136268616	1.0	-0.4186696708202362	0.40254122018814087	0.139693483710289	n/a	-0.05929436534643173	0.5132226347923279	0.43765193223953247	0.42118802666664124	0.33061444759368896	0.3991687297821045	0.31442883610725403	0.34915056824684143	0.42561036348342896	0.044466402381658554	0.31112557649612427	-0.1519230157136917	0.33780181407928467	-0.0488223135471344	0.23819133639335632	0.3022860586643219	0.19577762484550476	-0.22941432893276215	0.16573478281497955	-0.011374781839549541	0.40041545033454895	0.21390406787395477	0.6837417483329773	-0.2688765227794647	0.49824976921081543	0.1894528865814209	n/a	0.5722924470901489	0.293239951133728	0.21052883565425873	0.24143382906913757	0.4888053834438324	0.23375268280506134	0.389258474111557	-0.08658438175916672	-0.19264934957027435	0.48065418004989624	-0.05561864376068115	0.20580537617206573	0.2637757956981659	0.09902428835630417	0.23333768546581268	-0.15103304386138916	-0.1873449683189392	-0.3162185549736023	-0.033106956630945206	0.17197655141353607	0.09456311166286469	-0.25268957018852234	0.4126110374927521	0.3230655789375305	-0.012101992033421993	0.0014034734340384603	0.16343854367733002	-0.31723296642303467	0.14426931738853455	0.21704337000846863	0.10316100716590881	0.4033544361591339	0.2836802303791046	-0.09060444682836533	0.0809503048658371	-0.422584593296051	0.15208758413791656	-0.08316171914339066	0.29993072152137756	-0.029319602996110916	0.026435500010848045	0.25966572761535645	0.007209732197225094	0.03389129787683487	-0.019222114235162735
Tpole_LABEL_5	-0.14961914718151093	-0.48528093099594116	-0.049076151102781296	-0.4186696708202362	1.0	-0.5646565556526184	-0.22438062727451324	n/a	0.027605917304754257	-0.02885991334915161	0.031001094728708267	-0.08168385177850723	0.019880201667547226	0.0729435458779335	0.037023842334747314	-0.13015148043632507	0.06031946837902069	0.12489739060401917	0.18349140882492065	0.502410352230072	0.2044290006160736	0.32247301936149597	-0.29762396216392517	-0.4201548993587494	-0.13397152721881866	0.6405273079872131	0.2684105932712555	0.20078153908252716	-0.43466857075691223	-0.2193792313337326	-0.23231808841228485	0.5862962603569031	-0.5556182265281677	-0.2206326276063919	n/a	-0.005312222056090832	0.09468777477741241	0.19171936810016632	-0.1029236689209938	-0.21237938106060028	-0.22806300222873688	-0.16045622527599335	0.3714885711669922	0.29605481028556824	-0.09004741907119751	0.05508250743150711	-0.18483014404773712	-0.33302178978919983	-0.2299705296754837	0.11205537617206573	0.37849897146224976	0.5758064389228821	0.34682536125183105	-0.06061602756381035	0.03477499634027481	0.39858806133270264	0.34848451614379883	-0.1802286058664322	-0.08938725292682648	-0.26545992493629456	0.009303674101829529	-0.3482021987438202	0.1063138097524643	-0.24126923084259033	-0.40466582775115967	0.03244306147098541	-0.4304100573062897	-0.24465900659561157	0.1829518973827362	-0.1693323701620102	0.09819310158491135	-0.3607945740222931	-0.0025061597116291523	-0.31652575731277466	0.29905298352241516	0.19585676491260529	-0.070029117166996	0.3451894223690033	0.017278332263231277	0.28117501735687256
PMN_LABEL_6	0.31791383028030396	0.6281488537788391	0.10780475288629532	0.40254122018814087	-0.5646565556526184	1.0	0.23254916071891785	n/a	-0.26712173223495483	0.34923648834228516	0.14130403101444244	0.36503103375434875	-0.046189889311790466	0.10401832312345505	0.12014434486627579	0.10135886073112488	-0.014916469343006611	0.013093647547066212	-0.188716858625412	-0.3773253560066223	0.03816318139433861	-0.025083716958761215	0.4446800947189331	0.6015114784240723	-0.0901038646697998	-0.3544936776161194	-0.10776635259389877	0.028196988627314568	0.656221866607666	0.27603986859321594	0.4052046537399292	-0.30997800827026367	0.8879821300506592	0.19187511503696442	n/a	0.4047090709209442	0.12984253466129303	0.03373222053050995	0.18228469789028168	0.3724236488342285	0.3594866991043091	0.2974870800971985	-0.1619071364402771	0.04275572672486305	0.4004722535610199	0.006871398072689772	0.33729517459869385	0.5814268589019775	0.2458488792181015	-0.055044468492269516	-0.09921528398990631	-0.3559858202934265	-0.10934818536043167	-0.04355016350746155	0.0804557204246521	-0.1616850048303604	0.0022255678195506334	0.3659641444683075	0.3490758538246155	0.2130281776189804	0.09362965822219849	0.3025233745574951	-0.3431550860404968	0.1038115918636322	0.4374620318412781	-0.15901561081409454	0.2793327867984772	0.1385723352432251	-0.11793443560600281	0.12660859525203705	-0.1409204751253128	0.4306075870990753	-0.20239803194999695	0.11483952403068542	-0.4772753119468689	-0.1504279375076294	0.21317537128925323	-0.15562909841537476	-0.15131662786006927	-0.020750615745782852
PON_LABEL_7	0.5473849773406982	0.3794058859348297	-0.22615762054920197	0.139693483710289	-0.22438062727451324	0.23254916071891785	1.0	n/a	0.3305891156196594	0.11516186594963074	0.1398669332265854	-0.018879609182476997	0.017589377239346504	-0.0534292496740818	-0.09127108752727509	0.5765265822410583	0.20263080298900604	0.16810888051986694	0.007767385803163052	-0.05886290594935417	-0.0748986080288887	-0.1753934770822525	0.21268238127231598	0.3219020664691925	0.16207395493984222	-0.16039596498012543	0.13229328393936157	-0.09443238377571106	0.39240938425064087	0.060731735080480576	0.26652687788009644	-0.11008819937705994	0.30062517523765564	0.8405430912971497	n/a	0.09265846759080887	0.1450122445821762	-0.1505119353532791	0.15737822651863098	0.08198101818561554	0.06245957314968109	0.19460025429725647	0.07179928570985794	-0.030944447964429855	-0.011372745037078857	0.17888136208057404	-0.07861392199993134	0.2258245199918747	0.3557528853416443	0.4235023558139801	-0.4191978871822357	-0.030678512528538704	-0.16781862080097198	0.14940224587917328	0.22876957058906555	-0.2121359258890152	-0.18365800380706787	0.24872207641601562	0.18863122165203094	0.02382209524512291	0.2495894730091095	0.2860196530818939	0.030061814934015274	0.20202699303627014	0.06661945581436157	0.33947643637657166	0.2850417494773865	0.18179114162921906	0.30892473459243774	0.11010969430208206	0.09474635124206543	0.23425371944904327	0.13921986520290375	0.002882340457290411	0.2825937271118164	0.2527276873588562	-0.16697433590888977	-0.15522107481956482	0.27192825078964233	-0.0044995457865297794
MTL_LABEL_8	n/a	n/a	n/a	n/a	n/a	n/a	n/a	1.0	n/a	n/a	n/a	n/a	n/a	n/a	n/a	n/a	n/a	n/a	n/a	n/a	n/a	n/a	n/a	n/a	n/a	n/a	n/a	n/a	n/a	n/a	n/a	n/a	n/a	n/a	n/a	n/a	n/a	n/a	n/a	n/a	n/a	n/a	n/a	n/a	n/a	n/a	n/a	n/a	n/a	n/a	n/a	n/a	n/a	n/a	n/a	n/a	n/a	n/a	n/a	n/a	n/a	n/a	n/a	n/a	n/a	n/a	n/a	n/a	n/a	n/a	n/a	n/a	n/a	n/a	n/a	n/a	n/a	n/a	n/a	n/a
PON_LABEL_9	0.06086261197924614	-0.05453658476471901	-0.16556644439697266	-0.05929436534643173	0.027605917304754257	-0.26712173223495483	0.3305891156196594	n/a	1.0	0.16303615272045135	0.10446706414222717	-0.03607570007443428	-0.09770604968070984	-0.37435728311538696	0.1506110578775406	-0.012075907550752163	0.3318483233451843	-0.10808355361223221	0.14085254073143005	0.3106849193572998	0.19453279674053192	-0.17115014791488647	0.1047317162156105	-0.15484216809272766	0.5377278923988342	-0.15467265248298645	-0.006065333727747202	-0.21755030751228333	0.0059021287597715855	0.09411122649908066	-0.13814418017864227	-0.05979591980576515	-0.19294847548007965	0.3414638936519623	n/a	-0.022855957970023155	0.06636565923690796	0.14044047892093658	-0.006714946590363979	-0.35596948862075806	0.16773267090320587	0.06998585909605026	0.03222057595849037	0.16529634594917297	0.053620267659425735	-0.042801886796951294	0.012192057445645332	-0.10909196734428406	0.13571080565452576	0.006464463192969561	-0.0007474558078683913	0.019087860360741615	0.09244223684072495	0.41083866357803345	-0.039625778794288635	-0.07159940153360367	-0.14788168668746948	-0.08038933575153351	-0.12524117529392242	0.21108296513557434	0.1679777354001999	0.10317201912403107	0.30398744344711304	0.04214777424931526	-0.1735212653875351	-0.007895450107753277	0.0795598030090332	0.07024278491735458	0.025174494832754135	0.04965006932616234	-0.0035341326147317886	-0.09481900185346603	0.014283834956586361	0.05387530103325844	0.3682844042778015	-0.08411430567502975	0.03728576749563217	0.09438791126012802	0.21850085258483887	-0.21507683396339417
CO_LABEL_10	0.09771932661533356	0.32410159707069397	0.27327173948287964	0.5132226347923279	-0.02885991334915161	0.34923648834228516	0.11516186594963074	n/a	0.16303615272045135	1.0	0.47813183069229126	0.7379733324050903	0.393332839012146	0.2899877727031708	0.5972388386726379	0.03702864050865173	0.5751983523368835	-0.22692003846168518	-0.029161207377910614	0.1161242127418518	0.6351853013038635	0.04157515987753868	0.3765787184238434	0.24290266633033752	0.23250356316566467	-0.058933474123477936	0.21365906298160553	0.03111194632947445	0.37487557530403137	0.2506532371044159	0.6251053214073181	-0.0070325774140655994	0.4461664855480194	0.16831260919570923	n/a	0.8763037919998169	0.4494994580745697	0.662384033203125	0.48471617698669434	0.4452155530452728	0.43289634585380554	0.6865737438201904	-0.0602787621319294	0.25019365549087524	0.8148298263549805	-0.01015427801758051	0.37704262137413025	0.3046083152294159	0.03137209638953209	0.09334006905555725	0.19339345395565033	-0.04802633449435234	-0.15789757668972015	-0.0005769914132542908	0.2291022390127182	0.059615131467580795	-0.061383601278066635	0.34331104159355164	0.27557289600372314	0.1056419238448143	0.13672617077827454	0.08240686357021332	-0.41669970750808716	-0.031159885227680206	0.017290009185671806	0.02762303687632084	0.2931782603263855	0.24202750623226166	0.044723354279994965	0.16033902764320374	-0.4395013153553009	0.13763655722141266	-0.14020898938179016	0.09208597242832184	-0.11314934492111206	-0.03521030396223068	0.3499473035335541	0.2382507622241974	-0.08405832201242447	0.10879132896661758
Sal_LABEL_11	0.007749360520392656	0.12932667136192322	0.3036452829837799	0.43765193223953247	0.031001094728708267	0.14130403101444244	0.1398669332265854	n/a	0.10446706414222717	0.47813183069229126	1.0	0.15494482219219208	0.17406980693340302	0.028122907504439354	0.0855560451745987	0.36224988102912903	0.37058064341545105	-0.10001643002033234	0.22247837483882904	0.1598462611436844	0.29014846682548523	0.47232288122177124	-0.14764922857284546	0.46941933035850525	0.09190481156110764	0.11612384021282196	0.35076990723609924	0.07794175297021866	0.19454649090766907	0.3021121323108673	0.16238896548748016	-0.11849309504032135	0.3634137511253357	0.14094984531402588	n/a	0.5478089451789856	0.8589010834693909	0.18749502301216125	0.033201415091753006	-0.08885551244020462	-0.026011677458882332	0.15048222243785858	-0.25130781531333923	-0.030628958716988564	0.33489885926246643	0.30248233675956726	0.11056645959615707	0.404693067073822	-0.2274959832429886	0.4191298484802246	0.1406831294298172	0.14066986739635468	-0.20855721831321716	-0.1505018025636673	0.3947226107120514	0.07465681433677673	-0.35830095410346985	0.4611014425754547	0.38439494371414185	0.19236516952514648	0.3974155783653259	0.318981796503067	-0.4773944318294525	0.24362672865390778	0.3375904858112335	0.3160106837749481	0.47382962703704834	0.3686286509037018	0.21466171741485596	0.46901896595954895	-0.3257588744163513	0.24077200889587402	-0.023576444014906883	0.5179484486579895	0.17373380064964294	0.048041630536317825	-0.03144918009638786	-0.000996559509076178	-0.018698500469326973	-0.041230786591768265
CO_LABEL_12	0.06805521249771118	0.42506685853004456	0.35206151008605957	0.42118802666664124	-0.08168385177850723	0.36503103375434875	-0.018879609182476997	n/a	-0.03607570007443428	0.7379733324050903	0.15494482219219208	1.0	0.4458782374858856	0.5533158183097839	0.6179414391517639	-0.09271366149187088	0.3600713014602661	-0.09422556310892105	-0.1876920759677887	0.01813177950680256	0.4736008644104004	-0.14043176174163818	0.5847097039222717	0.17684058845043182	0.029520506039261818	-0.19621402025222778	0.0046826512552797794	-0.08171839267015457	0.4021196663379669	0.15374629199504852	0.5905390977859497	0.047820381820201874	0.42215293645858765	0.14879965782165527	n/a	0.7379106879234314	0.15460076928138733	0.6273000836372375	0.45730265974998474	0.6364429593086243	0.613737940788269	0.5305356979370117	0.07241717725992203	0.28722789883613586	0.7002238631248474	-0.06986019760370255	0.49127575755119324	0.3069874942302704	0.20254705846309662	-0.09108813852071762	0.07996335625648499	-0.16553077101707458	-0.12736757099628448	0.10240412503480911	0.22578103840351105	0.05474662408232689	0.08275029063224792	0.22116072475910187	0.16240368783473969	-0.005283686798065901	-0.08894257992506027	-0.08858668059110641	-0.2734585702419281	-0.036341890692710876	-0.006571602076292038	-0.15638351440429688	0.15698562562465668	0.23778097331523895	-0.037510231137275696	-0.015001936815679073	-0.27404168248176575	0.18057610094547272	-0.1152668371796608	-0.029927989467978477	-0.11430668085813522	-0.08109408617019653	0.35126712918281555	0.23754486441612244	0.06591212749481201	0.11940816044807434
SMd_LABEL_13	0.22461532056331635	-0.20924438536167145	0.29431843757629395	0.33061444759368896	0.019880201667547226	-0.046189889311790466	0.017589377239346504	n/a	-0.09770604968070984	0.393332839012146	0.17406980693340302	0.4458782374858856	1.0	0.5376664996147156	0.6122031211853027	0.07199317216873169	0.550359308719635	0.14522884786128998	0.17371977865695953	0.23252864181995392	0.17268683016300201	0.15505678951740265	0.3943731188774109	-0.13726268708705902	0.1362045258283615	0.14419005811214447	0.24082443118095398	0.3586936593055725	-0.22496634721755981	0.16976608335971832	0.2744370698928833	-0.1705092489719391	0.07548843324184418	0.1033179759979248	n/a	0.41290608048439026	0.17809472978115082	0.4738551378250122	0.6173127293586731	0.29614946246147156	0.16691818833351135	0.36133185029029846	0.11364329606294632	-0.026887502521276474	0.3163895606994629	-0.04279361292719841	0.2877662181854248	-0.1025470718741417	-0.18436256051063538	0.0648377314209938	-0.05312420055270195	0.06741742044687271	-0.2659553587436676	0.07256590574979782	0.12727968394756317	0.19747333228588104	0.015484596602618694	0.2962148189544678	0.22207336127758026	-0.13254760205745697	0.0017550342017784715	-0.17115618288516998	-0.23892508447170258	-0.04818074777722359	-0.055219803005456924	0.1391543447971344	0.0013420351315289736	0.10763665288686752	-0.09730992466211319	0.023806581273674965	-0.35451385378837585	0.021295618265867233	0.16690610349178314	-0.07345806807279587	0.031247908249497414	0.13339346647262573	0.15715698897838593	0.035375550389289856	0.1310771256685257	0.19694529473781586
SMl_LABEL_14	0.2311701774597168	0.06516961008310318	0.32651761174201965	0.3991687297821045	0.0729435458779335	0.10401832312345505	-0.0534292496740818	n/a	-0.37435728311538696	0.2899877727031708	0.028122907504439354	0.5533158183097839	0.5376664996147156	1.0	0.33985573053359985	-0.05143518000841141	0.20834700763225555	0.1363360732793808	-0.08868551254272461	-0.038359347730875015	0.17785212397575378	-0.014577696099877357	0.29281434416770935	0.0005589641514234245	-0.22851331532001495	0.12102601677179337	0.16465070843696594	0.12969732284545898	0.007368793245404959	-0.028023403137922287	0.4858175814151764	-0.030210986733436584	0.16994516551494598	0.07047349959611893	n/a	0.2949199378490448	-0.03725043311715126	0.3069694936275482	0.2562575042247772	0.647109866142273	0.13332685828208923	0.21706749498844147	0.1746046096086502	0.06177462264895439	0.2967234253883362	-0.1427019089460373	0.2526584267616272	0.015261298045516014	0.003988137003034353	-0.12572552263736725	-0.07300373166799545	-0.01787441037595272	-0.31715717911720276	-0.005416823085397482	0.31737956404685974	0.1528812050819397	0.07468761503696442	0.12485668063163757	0.0027783187106251717	-0.35605400800704956	-0.29171523451805115	-0.3388558328151703	-0.25892576575279236	-0.21546590328216553	-0.18750600516796112	-0.07551663368940353	-0.1290738433599472	0.059099700301885605	-0.09976281970739365	-0.10863418132066727	-0.23845289647579193	-0.027970585972070694	0.19615717232227325	-0.10146539658308029	0.011891753412783146	0.31080764532089233	0.16361568868160248	0.19249267876148224	0.028867395594716072	0.33905285596847534
DAN_LABEL_15	0.18959975242614746	-0.0874229297041893	0.31040188670158386	0.31442883610725403	0.037023842334747314	0.12014434486627579	-0.09127108752727509	n/a	0.1506110578775406	0.5972388386726379	0.0855560451745987	0.6179414391517639	0.6122031211853027	0.33985573053359985	1.0	-0.18719568848609924	0.6184893250465393	-0.11033941805362701	0.12777093052864075	0.2722158133983612	0.3788358271121979	0.005166849121451378	0.6087534427642822	-0.11109598726034164	0.3100435435771942	0.043072719126939774	0.14718054234981537	0.20914696156978607	-0.09916723519563675	0.19337353110313416	0.38228288292884827	0.04484841972589493	0.13641805946826935	0.02522817626595497	n/a	0.6048603057861328	0.11716520041227341	0.734957218170166	0.6531188488006592	0.3839384615421295	0.3525792062282562	0.5205733180046082	0.16906140744686127	0.16771210730075836	0.5698094367980957	-0.2653452455997467	0.480141818523407	-0.03859497606754303	-0.052483025938272476	-0.1433858722448349	0.30923643708229065	0.16388745605945587	-0.016765514388680458	0.18259187042713165	-0.007148058619350195	0.41619405150413513	0.21005085110664368	0.1673101931810379	0.21627488732337952	-0.07779233157634735	-0.04724518954753876	-0.26101869344711304	-0.21832285821437836	-0.2507571280002594	-0.14374028146266937	-0.17609937489032745	-0.07482703030109406	-0.02608134038746357	-0.2683861255645752	-0.11106159538030624	-0.5521315336227417	-0.06534045189619064	-0.0923040434718132	-0.18313173949718475	-0.12192616611719131	-0.0726199820637703	0.4477694630622864	0.2654683589935303	0.009155563078820705	0.15697918832302094
DMN_LABEL_16	0.5238081216812134	0.3323642611503601	0.13198064267635345	0.34915056824684143	-0.13015148043632507	0.10135886073112488	0.5765265822410583	n/a	-0.012075907550752163	0.03702864050865173	0.36224988102912903	-0.09271366149187088	0.07199317216873169	-0.05143518000841141	-0.18719568848609924	1.0	0.13003797829151154	0.49634411931037903	0.4117766320705414	-0.30416786670684814	-0.12061551213264465	0.0901389867067337	-0.08758886903524399	0.2670033872127533	0.0921122133731842	-0.0020980683621019125	0.33281466364860535	0.155818372964859	0.23637224733829498	-0.0004917382029816508	0.232966348528862	-0.11311456561088562	0.24548524618148804	0.43585145473480225	n/a	0.13616645336151123	0.3005959391593933	-0.23919665813446045	0.17985749244689941	0.05740971118211746	-0.0631571114063263	0.09145656228065491	0.15509429574012756	-0.3672630190849304	-0.07773404568433762	0.3416484594345093	-0.12840144336223602	0.17513082921504974	0.14683368802070618	0.7482197880744934	-0.43791112303733826	0.111247718334198	-0.0933513343334198	-0.1246543750166893	0.2784717082977295	0.050354838371276855	-0.3365749418735504	0.39511558413505554	0.3931748867034912	-0.06134456768631935	0.1423226296901703	0.39901116490364075	-0.09659965336322784	0.4097164571285248	0.2834374010562897	0.5334572196006775	0.3805069327354431	0.1324518322944641	0.5036563873291016	0.288676381111145	0.16354945302009583	0.1893787384033203	-0.10410257428884506	0.24380254745483398	0.3240342438220978	0.2360602617263794	-0.39733123779296875	-0.3005134165287018	0.4261780381202698	0.05345509946346283
CO_LABEL_17	0.1428370177745819	0.025898927822709084	0.26201140880584717	0.42561036348342896	0.06031946837902069	-0.014916469343006611	0.20263080298900604	n/a	0.3318483233451843	0.5751983523368835	0.37058064341545105	0.3600713014602661	0.550359308719635	0.20834700763225555	0.6184893250465393	0.13003797829151154	1.0	-0.12929224967956543	0.35579562187194824	0.25623619556427	0.4081951379776001	0.04424687474966049	0.406968355178833	0.00440643448382616	0.582834005355835	-0.041073139756917953	0.14819884300231934	-0.00315725221298635	-0.02897963486611843	0.16871598362922668	0.35221216082572937	-0.18867315351963043	0.11420216411352158	0.13811425864696503	n/a	0.5396491885185242	0.2637946903705597	0.4319131672382355	0.46882766485214233	0.07230186462402344	0.19531860947608948	0.5883176922798157	0.021512296050786972	0.039698000997304916	0.4127356708049774	-0.054372262209653854	0.37133893370628357	-0.01588466577231884	-0.06477975845336914	0.1582571566104889	-0.01811693236231804	0.07163221389055252	-0.19081783294677734	0.1192847341299057	0.10253480076789856	0.11048128455877304	-0.10288655012845993	0.28329357504844666	0.196218341588974	0.23873107135295868	0.27594420313835144	0.19347140192985535	-0.3391343653202057	0.16050076484680176	0.0038000517524778843	0.3336797058582306	0.25293317437171936	0.24558265507221222	-0.04864198714494705	0.08912041783332825	-0.43474292755126953	0.059086330235004425	0.043598223477602005	0.14739890396595	0.042163949459791183	-0.035844262689352036	0.0900995060801506	0.09350115805864334	-0.007837888784706593	-0.08735260367393494
DMN_LABEL_18	0.5080618262290955	-0.008662814274430275	-0.04885854944586754	0.044466402381658554	0.12489739060401917	0.013093647547066212	0.16810888051986694	n/a	-0.10808355361223221	-0.22692003846168518	-0.10001643002033234	-0.09422556310892105	0.14522884786128998	0.1363360732793808	-0.11033941805362701	0.49634411931037903	-0.12929224967956543	1.0	0.43649032711982727	-0.3430668115615845	-0.19878768920898438	0.24456225335597992	-0.03501246124505997	-0.17359726130962372	-0.13846832513809204	0.27930232882499695	0.1829555332660675	0.379361629486084	-0.03408190608024597	-0.27415087819099426	0.0006280107772909105	0.05909305065870285	0.07026407122612	0.19282706081867218	n/a	-0.07027720659971237	0.03358694911003113	-0.0909736230969429	0.19675128161907196	0.11027292907238007	-0.028245480731129646	-0.08819664269685745	0.4882507920265198	-0.20515812933444977	-0.15571972727775574	0.2016279399394989	-0.13781104981899261	-0.13098710775375366	0.05886909365653992	0.19625702500343323	-0.15701964497566223	0.287614107131958	0.33315134048461914	0.11029236018657684	-0.002098666736856103	0.258113831281662	0.09442314505577087	0.2668919861316681	0.5043467879295349	-0.23392820358276367	-0.15192283689975739	-0.053355149924755096	0.18320222198963165	0.09417375922203064	0.1856372207403183	-0.014809682033956051	-0.16292844712734222	-0.14589408040046692	0.23468372225761414	0.17279939353466034	0.3786337673664093	0.10677295923233032	-0.01345135923475027	-0.09696602821350098	0.12118413299322128	0.21142494678497314	-0.172965407371521	-0.2335183471441269	0.5161585211753845	0.38433367013931274
VAN_LABEL_19	0.2602432668209076	-0.16669444739818573	0.20794738829135895	0.31112557649612427	0.18349140882492065	-0.188716858625412	0.007767385803163052	n/a	0.14085254073143005	-0.029161207377910614	0.22247837483882904	-0.1876920759677887	0.17371977865695953	-0.08868551254272461	0.12777093052864075	0.4117766320705414	0.35579562187194824	0.43649032711982727	1.0	0.05518866702914238	-0.017628144472837448	0.16529330611228943	-0.09969845414161682	-0.30110999941825867	0.3450579047203064	0.30692729353904724	0.30956876277923584	0.32239872217178345	-0.22022658586502075	-0.08807209134101868	0.048090700060129166	0.015393387526273727	-0.08614922314882278	0.006470746360719204	n/a	0.10186829417943954	0.19485363364219666	0.07995565235614777	0.09614559262990952	-0.12065405398607254	-0.047460462898015976	0.14882637560367584	0.4246640205383301	-0.15185877680778503	0.08012782037258148	0.1786779761314392	-0.024169713258743286	-0.2759559452533722	-0.10026747733354568	0.3359355032444	-0.003594648325815797	0.3913816809654236	0.046833645552396774	0.15249937772750854	-0.010988988913595676	0.3312883675098419	-0.125483900308609	0.31265008449554443	0.42238521575927734	0.07130182534456253	0.20161983370780945	0.1855129450559616	-0.14321447908878326	0.33659133315086365	0.11547698825597763	0.25561270117759705	0.14516866207122803	-0.024893743917346	0.14421780407428741	0.13113711774349213	-0.1475851684808731	0.017133062705397606	-0.06570710986852646	0.14601697027683258	0.17998811602592468	0.09674542397260666	-0.04149841517210007	0.09157931804656982	0.2200474888086319	0.09999632835388184
CO_LABEL_20	-0.10459860414266586	-0.5211159586906433	-0.009748897515237331	-0.1519230157136917	0.502410352230072	-0.3773253560066223	-0.05886290594935417	n/a	0.3106849193572998	0.1161242127418518	0.1598462611436844	0.01813177950680256	0.23252864181995392	-0.038359347730875015	0.2722158133983612	-0.30416786670684814	0.25623619556427	-0.3430668115615845	0.05518866702914238	1.0	0.313951700925827	0.2061890810728073	-0.0420629046857357	-0.29417678713798523	0.03765735775232315	0.34303492307662964	0.23506146669387817	0.15156234800815582	-0.33461499214172363	0.2491946816444397	-0.17664317786693573	0.2578929364681244	-0.3875032067298889	0.04608624428510666	n/a	0.12352164834737778	0.1559303253889084	0.31923338770866394	-0.10170184075832367	-0.29676538705825806	0.09687827527523041	-0.024344660341739655	0.11911756545305252	0.46344882249832153	0.09566068649291992	-0.004932311829179525	-0.005284631159156561	-0.2038751244544983	-0.2470189779996872	0.04052859917283058	0.38120734691619873	0.23735852539539337	-0.006794922519475222	0.36321231722831726	0.022320380434393883	0.199921116232872	0.164068341255188	-0.20080126821994781	-0.2198919802904129	-0.0327577069401741	0.2791125476360321	-0.29138267040252686	-0.03179445117712021	-0.2554222345352173	-0.32577356696128845	-0.08187665790319443	-0.23915570974349976	0.004125140607357025	-0.17410077154636383	-0.1936246156692505	-0.3715994954109192	-0.3253224194049835	0.031002556905150414	-0.24495936930179596	0.30962613224983215	0.15784235298633575	0.2733162045478821	0.39558321237564087	-0.10690601170063019	-0.1433052122592926
CO_LABEL_21	-0.12238959968090057	0.07277964055538177	0.2622475326061249	0.33780181407928467	0.2044290006160736	0.03816318139433861	-0.0748986080288887	n/a	0.19453279674053192	0.6351853013038635	0.29014846682548523	0.4736008644104004	0.17268683016300201	0.17785212397575378	0.3788358271121979	-0.12061551213264465	0.4081951379776001	-0.19878768920898438	-0.017628144472837448	0.313951700925827	1.0	0.2242085039615631	0.03747864440083504	0.08672311902046204	0.27797016501426697	0.1094687208533287	0.23077553510665894	-0.08911880850791931	0.15903548896312714	0.33080750703811646	0.30380165576934814	0.09981871396303177	0.05516926199197769	-0.010127061046659946	n/a	0.6017382144927979	0.3393200635910034	0.5023241639137268	0.040184881538152695	0.22485962510108948	0.2800297737121582	0.30857884883880615	0.01157374493777752	0.2586899995803833	0.5374219417572021	-0.1740521788597107	0.06736110895872116	0.17419247329235077	0.007870728150010109	0.03653945401310921	0.324271559715271	0.10989195853471756	0.1576332151889801	-0.009723839350044727	-0.036113183945417404	0.23769411444664001	0.09552086889743805	-0.03861569985747337	-0.024963203817605972	0.06980989128351212	0.16674299538135529	-0.09822874516248703	-0.04842677712440491	-0.04794655367732048	-0.03306712582707405	0.041044849902391434	0.07840567827224731	0.19861772656440735	0.013339711353182793	0.024939512833952904	-0.18026793003082275	-0.011402037926018238	-0.004129481501877308	0.029469680041074753	0.22714273631572723	-0.00149676448199898	0.4588039517402649	0.259738951921463	0.1377442479133606	0.10147353261709213
Sal_LABEL_22	0.003123159985989332	-0.40787839889526367	0.2651124596595764	-0.0488223135471344	0.32247301936149597	-0.025083716958761215	-0.1753934770822525	n/a	-0.17115014791488647	0.04157515987753868	0.47232288122177124	-0.14043176174163818	0.15505678951740265	-0.014577696099877357	0.005166849121451378	0.0901389867067337	0.04424687474966049	0.24456225335597992	0.16529330611228943	0.2061890810728073	0.2242085039615631	1.0	-0.32665538787841797	0.12393790483474731	-0.1557292342185974	0.3861807882785797	0.32734325528144836	0.43478941917419434	-0.2905571758747101	0.32775935530662537	-0.27048298716545105	-0.01825934462249279	0.04430045560002327	-0.1386280357837677	n/a	0.1753397434949875	0.618001401424408	0.22358576953411102	-0.08428674191236496	-0.22364148497581482	-0.1731865555047989	-0.12903723120689392	-0.020725661888718605	0.09429800510406494	0.09890259057283401	0.30472129583358765	0.02177753672003746	0.12181439995765686	-0.45292505621910095	0.18356186151504517	0.47241705656051636	0.34164613485336304	0.22809161245822906	-0.04549027606844902	0.09281753748655319	0.32678014039993286	-0.026242971420288086	0.18248280882835388	0.32786402106285095	0.062227580696344376	0.18932415544986725	-0.08840661495923996	-0.26325565576553345	0.08127347379922867	0.36948949098587036	0.09113731980323792	-0.10401571542024612	-0.03908759728074074	-0.017831677570939064	0.37788593769073486	-0.14460711181163788	0.11578455567359924	0.0776594802737236	0.1368587166070938	0.10638420283794403	0.2174026519060135	-0.09669773280620575	-0.08995509892702103	0.09165260940790176	0.28084227442741394
DAN_LABEL_23	0.376448392868042	0.3403669595718384	0.0657728835940361	0.23819133639335632	-0.29762396216392517	0.4446800947189331	0.21268238127231598	n/a	0.1047317162156105	0.3765787184238434	-0.14764922857284546	0.5847097039222717	0.3943731188774109	0.29281434416770935	0.6087534427642822	-0.08758886903524399	0.406968355178833	-0.03501246124505997	-0.09969845414161682	-0.0420629046857357	0.03747864440083504	-0.32665538787841797	1.0	0.17890457808971405	0.25601068139076233	-0.30953750014305115	-0.2343534380197525	-0.013296942226588726	0.28036433458328247	0.04754692688584328	0.33054104447364807	-0.30231475830078125	0.43700340390205383	0.18420417606830597	n/a	0.37485626339912415	-0.20924533903598785	0.3311460614204407	0.5524169206619263	0.38194921612739563	0.5440073609352112	0.45760494470596313	-0.05763055384159088	0.07630282640457153	0.3037228584289551	-0.2847667634487152	0.7123300433158875	0.1828365921974182	0.14346346259117126	-0.29498863220214844	-0.2253989577293396	-0.24098938703536987	-0.1462332308292389	0.22003918886184692	-0.013235362246632576	-0.09347257018089294	0.05319228395819664	0.13999313116073608	0.163344144821167	0.07393178343772888	-0.06485017389059067	0.05084936320781708	-0.15455442667007446	-0.11111655831336975	-0.03988783434033394	-0.19217483699321747	0.06408312916755676	-0.033707428723573685	-0.2835182547569275	-0.17531032860279083	-0.25524646043777466	0.021830454468727112	-0.23931045830249786	-0.14626167714595795	-0.40006256103515625	-0.16377922892570496	0.21593967080116272	0.020050127059221268	0.011940269730985165	-0.1071326732635498
PMN_LABEL_24	0.1587507426738739	0.6052112579345703	0.13209585845470428	0.3022860586643219	-0.4201548993587494	0.6015114784240723	0.3219020664691925	n/a	-0.15484216809272766	0.24290266633033752	0.46941933035850525	0.17684058845043182	-0.13726268708705902	0.0005589641514234245	-0.11109598726034164	0.2670033872127533	0.00440643448382616	-0.17359726130962372	-0.30110999941825867	-0.29417678713798523	0.08672311902046204	0.12393790483474731	0.17890457808971405	1.0	-0.0552639439702034	-0.35654255747795105	-0.08662045001983643	-0.22676241397857666	0.6259896159172058	0.42413660883903503	0.14218440651893616	-0.3805811405181885	0.7194673418998718	0.28942808508872986	n/a	0.2749834358692169	0.4063569903373718	-0.18697698414325714	-0.05503082275390625	0.040017928928136826	0.13347679376602173	-0.07908201962709427	-0.5354304313659668	-0.2220952808856964	0.044697802513837814	0.07065402716398239	0.3221954107284546	0.9125633239746094	0.15548068284988403	0.21632704138755798	-0.19732460379600525	-0.27662280201911926	-0.12316004931926727	-0.24009165167808533	0.32304754853248596	-0.26648953557014465	-0.33190637826919556	0.23490655422210693	0.1753774732351303	0.21240222454071045	0.14158329367637634	0.3383617401123047	-0.19485948979854584	0.22096902132034302	0.38736698031425476	0.2632758617401123	0.406822144985199	0.21443688869476318	0.029062917456030846	0.1796731948852539	0.07634144276380539	0.4010808765888214	-0.007510947994887829	0.3921441435813904	-0.1612667441368103	-0.045017633587121964	-0.12334760278463364	-0.23073165118694305	0.03669069707393646	-0.02815486304461956
DAN_LABEL_25	0.035553883761167526	0.11064080893993378	0.16190806031227112	0.19577762484550476	-0.13397152721881866	-0.0901038646697998	0.16207395493984222	n/a	0.5377278923988342	0.23250356316566467	0.09190481156110764	0.029520506039261818	0.1362045258283615	-0.22851331532001495	0.3100435435771942	0.0921122133731842	0.582834005355835	-0.13846832513809204	0.3450579047203064	0.03765735775232315	0.27797016501426697	-0.1557292342185974	0.25601068139076233	-0.0552639439702034	1.0	-0.11703968793153763	-0.05996181443333626	-0.16486811637878418	0.05257880315184593	0.12552335858345032	-0.01796550117433071	-0.26294055581092834	-0.07463449239730835	0.08933284878730774	n/a	0.15771280229091644	0.14702928066253662	0.04828972741961479	0.17432253062725067	-0.1693192720413208	0.2548598647117615	0.1706831455230713	-0.09890374541282654	-0.05537272244691849	0.10497310012578964	-0.08041076362133026	0.2595348060131073	-0.0397188663482666	0.15711091458797455	0.03889910504221916	0.0035382129717618227	0.09992685914039612	-0.05092525854706764	0.051814161241054535	-0.09433125704526901	0.033880844712257385	-0.17363542318344116	0.07247231900691986	0.13542991876602173	0.4128185212612152	0.27638497948646545	0.3456054925918579	0.08153650909662247	0.3461017608642578	0.1731601506471634	0.2241334617137909	0.27970197796821594	0.21195505559444427	-0.00209927000105381	0.10249914973974228	-0.13211628794670105	0.03567410260438919	-0.051439229398965836	0.2800557315349579	0.04707900062203407	-0.26472780108451843	0.004922155756503344	-0.08783135563135147	0.10339077562093735	-0.2763836085796356
