Node	DMN_LABEL_1	Vis_LABEL_2	FP_LABEL_3	Aud_LABEL_4	Tpole_LABEL_5	PMN_LABEL_6	PON_LABEL_7	MTL_LABEL_8	PON_LABEL_9	CO_LABEL_10	Sal_LABEL_11	CO_LABEL_12	SMd_LABEL_13	SMl_LABEL_14	DAN_LABEL_15	DMN_LABEL_16	CO_LABEL_17	DMN_LABEL_18	VAN_LABEL_19	CO_LABEL_20	CO_LABEL_21	Sal_LABEL_22	DAN_LABEL_23	PMN_LABEL_24	DAN_LABEL_25	DMN_LABEL_26	DMN_LABEL_27	DMN_LABEL_28	Vis_LABEL_29	FP_LABEL_30	Aud_LABEL_31	Tpole_LABEL_32	PMN_LABEL_33	PON_LABEL_34	MTL_LABEL_35	CO_LABEL_36	Sal_LABEL_37	CO_LABEL_38	SMd_LABEL_39	SMl_LABEL_40	DAN_LABEL_41	CO_LABEL_42	VAN_LABEL_43	CO_LABEL_44	CO_LABEL_45	Sal_LABEL_46	DAN_LABEL_47	PMN_LABEL_48	DAN_LABEL_49	DMN_LABEL_50	FP_LABEL_51	DMN_LABEL_52	DMN_LABEL_53	PON_LABEL_54	DMN_LABEL_55	Tpole_LABEL_56	Tpole_LABEL_57	Sal_LABEL_58	Sal_LABEL_59	SMd_LABEL_60	DAN_LABEL_61	FP_LABEL_62	DMN_LABEL_63	FP_LABEL_64	FP_LABEL_65	SMd_LABEL_66	SMl_LABEL_67	SMd_LABEL_68	DMN_LABEL_69	DAN_LABEL_70	DMN_LABEL_71	FP_LABEL_72	SMd_LABEL_73	SMl_LABEL_74	MTL_LABEL_75	MTL_LABEL_76	CO_LABEL_77	CO_LABEL_78	Vis_LABEL_79	Vis_LABEL_80
DMN_LABEL_1	1.0	-0.23460696637630463	-0.5264068841934204	0.05093228444457054	0.30206185579299927	-0.009995597414672375	0.6272255778312683	n/a	0.03258378058671951	-0.21838197112083435	0.028384467586874962	0.007959622889757156	-0.2020188271999359	0.12711642682552338	-0.5979371070861816	0.28936320543289185	0.13037237524986267	0.5216940641403198	-0.2044561803340912	0.0709555596113205	-0.17927764356136322	-0.054402824491262436	-0.5133038759231567	0.2580030858516693	-0.6453239917755127	0.5205403566360474	0.44273877143859863	0.35993432998657227	-0.06192401796579361	-0.33234524726867676	0.06416746973991394	0.1563267558813095	0.07958803325891495	0.6284664273262024	n/a	0.14505712687969208	0.1208837553858757	-0.08115209639072418	-0.22113843262195587	0.2063319981098175	-0.674942672252655	0.20752118527889252	0.15595203638076782	0.0915900245308876	0.030657360330224037	0.21116690337657928	-0.45785045623779297	0.3183616101741791	-0.5421814918518066	0.3811759650707245	-0.41564902663230896	0.19086746871471405	0.5230218768119812	-0.02427801489830017	0.03888977691531181	0.04985189065337181	0.02918827347457409	-0.057644300162792206	0.08422113209962845	-0.39050036668777466	0.36592090129852295	-0.19020935893058777	0.11012598872184753	-0.3456408977508545	0.0548599436879158	-0.1458013951778412	-0.31948933005332947	-0.37753501534461975	0.3224492371082306	0.1411857008934021	0.31383779644966125	-0.03895055502653122	-0.23145660758018494	0.02676311321556568	-0.07814591377973557	0.1345994621515274	0.018543589860200882	0.2467791587114334	0.10066962242126465	0.18042179942131042
Vis_LABEL_2	-0.23460696637630463	1.0	-0.2989358603954315	-0.12477727234363556	0.02774718403816223	-0.12039581686258316	0.037865251302719116	n/a	0.024568211287260056	-0.01116404589265585	-0.4321756362915039	-0.22832506895065308	-0.03183583542704582	0.08848515152931213	-0.2710254192352295	-0.4060002267360687	-0.15038417279720306	-0.26532578468322754	-0.30587074160575867	0.10576242953538895	-0.10051118582487106	-0.12545660138130188	0.35522422194480896	0.0441812202334404	-0.14567169547080994	-0.10262210667133331	-0.34692439436912537	-0.31046637892723083	0.8901492357254028	-0.19278284907341003	-0.11605071276426315	0.06990209966897964	-0.09994035214185715	-0.005993949715048075	n/a	0.21995511651039124	-0.1872592568397522	0.08197621256113052	-0.03506302833557129	0.09667803347110748	-0.05267190933227539	0.03798181563615799	-0.1465459167957306	0.07750819623470306	0.037077125161886215	-0.1302153617143631	0.1759253740310669	0.007802085019648075	0.30803653597831726	-0.3290214538574219	-0.20423784852027893	-0.054403673857450485	-0.14989103376865387	0.008891463279724121	-0.2937062084674835	-0.14899206161499023	-0.09059202671051025	-0.3974834084510803	-0.17733526229858398	-0.03072240576148033	0.2597876787185669	-0.12020539492368698	0.15276092290878296	-0.04459347948431969	0.07368361204862595	0.039583031088113785	0.2999584674835205	0.1590116322040558	-0.2374154031276703	-0.036553699523210526	-0.28595560789108276	-0.15651750564575195	-0.12827076017856598	0.18393570184707642	-0.10867834836244583	-0.17383639514446259	-0.17796985805034637	-0.3799135684967041	-0.04934381693601608	0.20126794278621674
FP_LABEL_3	-0.5264068841934204	-0.2989358603954315	1.0	-0.14550738036632538	-0.33426105976104736	0.0433991402387619	-0.5477056503295898	n/a	-0.20913252234458923	0.06040498986840248	0.14271119236946106	-0.12659600377082825	0.17128613591194153	-0.18464159965515137	0.7918457388877869	0.20168983936309814	-0.2229813188314438	-0.261565625667572	0.4112507402896881	-0.24656657874584198	0.11401110887527466	-0.0021345815621316433	0.35720863938331604	-0.16181056201457977	0.674035906791687	-0.33356377482414246	-0.21588626503944397	0.09729347378015518	-0.4273606240749359	0.5071001648902893	-0.06329507380723953	-0.23134027421474457	-0.06682838499546051	-0.6408969759941101	n/a	-0.256616473197937	-0.048115868121385574	-0.18549472093582153	0.19558918476104736	-0.2457837611436844	0.6863301992416382	-0.35338932275772095	-0.30204614996910095	-0.33858540654182434	-0.11961591988801956	-0.0891256108880043	0.35939285159111023	-0.28549492359161377	0.27831581234931946	-0.06279485672712326	0.6219003200531006	-0.27163124084472656	-0.31227222084999084	-0.1727081835269928	0.09924325346946716	0.15340648591518402	-0.17775258421897888	0.13231554627418518	-0.12557406723499298	0.2376512885093689	-0.4314659833908081	0.27914121747016907	-0.28549906611442566	0.23627778887748718	-0.2081073522567749	-0.14496038854122162	0.12787304818630219	0.10973940789699554	-0.24590550363063812	-0.156574547290802	-0.06570702791213989	0.2349332720041275	0.1488933116197586	-0.15192361176013947	-0.016034431755542755	-0.32237163186073303	-0.15159814059734344	-0.2333323210477829	0.10157574713230133	-0.2955818772315979
Aud_LABEL_4	0.05093228444457054	-0.12477727234363556	-0.14550738036632538	1.0	0.1107361689209938	0.0052540781907737255	-0.05072428286075592	n/a	-0.2938117980957031	0.3252750635147095	-0.11057532578706741	0.4550847113132477	0.22352483868598938	0.4494289755821228	-0.08391241729259491	-0.008851549588143826	0.0748085156083107	0.23937657475471497	-0.10705931484699249	0.1403750479221344	0.25799453258514404	-0.10808195173740387	-0.1831006556749344	-0.12537448108196259	-0.21608741581439972	-0.0028209472075104713	0.21385279297828674	-0.12506935000419617	-0.013914717361330986	-0.1603807806968689	0.8585337400436401	-0.21993793547153473	0.03300212696194649	0.0046710972674191	n/a	0.21970830857753754	-0.1428479105234146	0.1446719616651535	0.19257164001464844	0.3636113703250885	-0.27960628271102905	0.30265820026397705	0.45123231410980225	0.3337562084197998	0.12289321422576904	-0.00928141176700592	-0.16938792169094086	-0.084499292075634	-0.13047723472118378	-0.13012172281742096	-0.1595701426267624	0.19153735041618347	0.10790316015481949	0.10136426240205765	0.05731245502829552	-0.2664053440093994	0.022667940706014633	-0.03532297909259796	0.25032296776771545	-0.2542715072631836	-0.15405552089214325	-0.45864206552505493	-0.1252528578042984	-0.0819879025220871	-0.30883803963661194	-0.2989020049571991	-0.09473355859518051	-0.10517341643571854	0.02042844519019127	0.2481050193309784	-0.06732238829135895	-0.47438979148864746	-0.18269626796245575	0.17190612852573395	-0.19230584800243378	0.19732174277305603	0.07132874429225922	0.24247437715530396	0.07592352479696274	-0.2100452333688736
Tpole_LABEL_5	0.30206185579299927	0.02774718403816223	-0.33426105976104736	0.1107361689209938	1.0	-0.0790809616446495	0.4232228994369507	n/a	0.06920310854911804	0.03449142724275589	-0.19429175555706024	0.09153475612401962	-0.17555198073387146	0.3154442310333252	-0.3363038897514343	-0.08647934347391129	0.09497375041246414	0.19142483174800873	-0.21702434122562408	0.04014936462044716	-0.017303623259067535	0.009918770752847195	-0.2527080476284027	0.1726786345243454	-0.1490572690963745	0.19416454434394836	-0.08694996684789658	-0.18124116957187653	0.22792334854602814	-0.5130549669265747	0.10537600517272949	0.5633059740066528	-0.063810795545578	0.3604925274848938	n/a	0.06519926339387894	0.02135646902024746	0.26052558422088623	0.02361300401389599	0.35493141412734985	-0.4143078923225403	0.24625542759895325	-0.12011335045099258	0.10407055914402008	0.02606540359556675	0.1312212347984314	-0.08919943869113922	0.1921226978302002	-0.07839126139879227	-0.0906771719455719	-0.40824708342552185	-0.11245987564325333	0.08473978191614151	0.166266530752182	-0.375776469707489	-0.17036129534244537	0.03947772458195686	-0.09507093578577042	0.1938909888267517	-0.3501972556114197	0.23639194667339325	-0.03312375769019127	0.2460969090461731	-0.3839019536972046	-0.1210346519947052	0.032138530164957047	-0.07182289659976959	-0.050991665571928024	-0.05046093091368675	0.0450730063021183	0.17170967161655426	-0.22007213532924652	-0.1349804401397705	0.08838558197021484	-0.004987938795238733	-0.057405684143304825	0.09844386577606201	0.22948946058750153	0.20699121057987213	0.34395265579223633
PMN_LABEL_6	-0.009995597414672375	-0.12039581686258316	0.0433991402387619	0.0052540781907737255	-0.0790809616446495	1.0	0.011911899782717228	n/a	-0.0853073000907898	0.1504189670085907	0.3001478314399719	0.012499833479523659	-0.13472308218479156	-0.16270974278450012	0.22419342398643494	-0.0293123759329319	-0.05192011594772339	-0.29934003949165344	-0.10159669071435928	0.028964519500732422	0.07789426296949387	0.2849373519420624	-0.17841874063014984	0.6559893488883972	-0.17357435822486877	0.03770195320248604	-0.14508408308029175	-0.1462114155292511	-0.0256103053689003	0.31990110874176025	-0.2549374997615814	-0.033215347677469254	0.8226607441902161	0.09080653637647629	n/a	-0.11006299406290054	0.441301554441452	-0.1638706624507904	-0.5580066442489624	-0.1634867787361145	0.12452691793441772	-0.2543982267379761	0.06955767422914505	-0.055019624531269073	0.055645134299993515	0.5351985096931458	-0.01924285665154457	0.5982734560966492	-0.35100388526916504	0.0666690543293953	0.2438933551311493	-0.05640902742743492	0.04250649735331535	-0.11155276745557785	0.3009176552295685	-0.002752157161012292	-0.11753752082586288	0.26299142837524414	0.366523802280426	-0.29399725794792175	-0.21218276023864746	0.2027968168258667	-0.15293030440807343	0.23064924776554108	0.0973900631070137	-0.1619674563407898	0.1706354320049286	-0.03439350798726082	-0.1816522181034088	-0.23119935393333435	-0.20386455953121185	-0.10982563346624374	0.003031672677025199	0.16186274588108063	-0.02756781503558159	-0.08012992888689041	-0.18158961832523346	0.01589532382786274	-0.3526965379714966	0.08544424921274185
PON_LABEL_7	0.6272255778312683	0.037865251302719116	-0.5477056503295898	-0.05072428286075592	0.4232228994369507	0.011911899782717228	1.0	n/a	0.3453236222267151	-0.11904562264680862	-0.06396690011024475	-0.0324326753616333	-0.1485760360956192	0.1630583554506302	-0.47444456815719604	-0.006871845573186874	0.047181010246276855	0.19186317920684814	-0.24856328964233398	0.06604357808828354	-0.17809686064720154	0.015030141919851303	-0.1852385699748993	0.4505401849746704	-0.3327670395374298	0.5241453051567078	0.12741313874721527	-0.026341844350099564	0.2316935807466507	-0.45772451162338257	-0.04455858841538429	0.2356184720993042	0.08912761509418488	0.8821554780006409	n/a	0.12496785074472427	0.05568794533610344	-0.004801919683814049	-0.19532114267349243	0.19390705227851868	-0.5363683104515076	0.2831988036632538	-0.12586663663387299	0.06559232622385025	-0.003457789309322834	0.0966942086815834	-0.1208001896739006	0.4771033525466919	-0.2665867805480957	0.05491414666175842	-0.5401631593704224	0.18263474106788635	-0.019555382430553436	0.20026171207427979	-0.04191441833972931	-0.1579570174217224	0.08259028196334839	-0.06722012907266617	0.05742506682872772	-0.3124738335609436	0.42796793580055237	-0.11433197557926178	0.20092910528182983	-0.32471710443496704	0.15167856216430664	-0.1095142737030983	-0.1614816039800644	-0.007145182229578495	0.3634434938430786	0.2730076014995575	0.0450361892580986	-0.23491379618644714	-0.13317778706550598	0.11411148309707642	0.03269047290086746	0.09810006618499756	0.06318514049053192	0.20048588514328003	0.23219840228557587	0.32766780257225037
MTL_LABEL_8	n/a	n/a	n/a	n/a	n/a	n/a	n/a	1.0	n/a	n/a	n/a	n/a	n/a	n/a	n/a	n/a	n/a	n/a	n/a	n/a	n/a	n/a	n/a	n/a	n/a	n/a	n/a	n/a	n/a	n/a	n/a	n/a	n/a	n/a	n/a	n/a	n/a	n/a	n/a	n/a	n/a	n/a	n/a	n/a	n/a	n/a	n/a	n/a	n/a	n/a	n/a	n/a	n/a	n/a	n/a	n/a	n/a	n/a	n/a	n/a	n/a	n/a	n/a	n/a	n/a	n/a	n/a	n/a	n/a	n/a	n/a	n/a	n/a	n/a	n/a	n/a	n/a	n/a	n/a	n/a
PON_LABEL_9	0.03258378058671951	0.024568211287260056	-0.20913252234458923	-0.2938117980957031	0.06920310854911804	-0.0853073000907898	0.3453236222267151	n/a	1.0	0.09271947294473648	0.031491704285144806	-0.06971258670091629	-0.2578018307685852	0.0281436238437891	-0.01109789963811636	-0.3032001256942749	0.1268749237060547	-0.26528704166412354	-0.10838302224874496	0.09547773748636246	-0.07249287515878677	-0.18341845273971558	0.309182345867157	0.08217154443264008	0.25218379497528076	0.17825321853160858	0.07566294074058533	-0.16998833417892456	0.08537907898426056	-0.4520784616470337	-0.1634461134672165	0.1296520084142685	-0.08851747214794159	0.38171666860580444	n/a	0.018858982250094414	-0.20363429188728333	0.13793949782848358	0.05514614284038544	0.13180452585220337	-0.11794132739305496	0.27006205916404724	-0.22289587557315826	0.2479688674211502	-0.04364856332540512	-0.12671321630477905	0.3032747805118561	-0.01946304365992546	0.2664843797683716	-0.3083782494068146	-0.5064069032669067	-0.0889151468873024	-0.30259591341018677	0.566843569278717	-0.22387468814849854	-0.05719646438956261	-0.029607011005282402	0.10502336919307709	-0.1839120239019394	0.42523911595344543	0.4330846965312958	-0.24792911112308502	-0.01785902865231037	-0.1213769018650055	0.11036140471696854	0.17639583349227905	0.07765574008226395	0.06359449028968811	0.3155165910720825	0.17602092027664185	0.07530907541513443	-0.18566738069057465	-0.06698485463857651	-0.03779187798500061	-0.02740601822733879	0.05944947898387909	0.09661522507667542	-0.0022979232016950846	0.018066739663481712	-0.0807085782289505
CO_LABEL_10	-0.21838197112083435	-0.01116404589265585	0.06040498986840248	0.3252750635147095	0.03449142724275589	0.1504189670085907	-0.11904562264680862	n/a	0.09271947294473648	1.0	-0.014782899990677834	0.5634337067604065	0.3015534281730652	0.0332767516374588	0.254136860370636	-0.4561752378940582	0.4778217673301697	-0.42694905400276184	0.00651501165702939	0.46567869186401367	0.8265900015830994	0.11624297499656677	0.08219277858734131	-0.07842864096164703	0.16673529148101807	-0.08088961243629456	-0.14774878323078156	-0.41376861929893494	-0.04415816813707352	-0.1888667643070221	0.23430268466472626	-0.14324387907981873	0.06393228471279144	-0.11334452778100967	n/a	0.5768749713897705	-0.05224889889359474	0.5721154808998108	0.07039398699998856	-0.007970048114657402	0.040987249463796616	0.44980588555336	0.1595507115125656	0.45895543694496155	0.5637509226799011	0.06886984407901764	0.0005550133064389229	-0.16819535195827484	-0.0649195984005928	-0.40872883796691895	-0.18464556336402893	0.0676400437951088	-0.21497714519500732	0.22582216560840607	-0.15748174488544464	-0.1706317514181137	-0.16377051174640656	0.0795314759016037	0.1860686093568802	0.18152682483196259	-0.0641501396894455	-0.2924404442310333	-0.4167344272136688	-0.06654521822929382	-0.47248756885528564	-0.25296682119369507	0.22528205811977386	0.2835574448108673	-0.043983325362205505	0.2485164999961853	-0.32373273372650146	-0.15668724477291107	0.05232053995132446	0.3115485608577728	-0.08115554600954056	-0.17255249619483948	-0.12786200642585754	0.059971798211336136	0.08693218976259232	-0.10849353671073914
Sal_LABEL_11	0.028384467586874962	-0.4321756362915039	0.14271119236946106	-0.11057532578706741	-0.19429175555706024	0.3001478314399719	-0.06396690011024475	n/a	0.031491704285144806	-0.014782899990677834	1.0	0.021973097696900368	-0.42824825644493103	-0.3956640958786011	0.16166706383228302	0.29768502712249756	-0.13523226976394653	0.05999865382909775	0.20447412133216858	0.07706432789564133	0.04227289929986	0.4639815390110016	-0.251429945230484	0.17131613194942474	0.0312749445438385	0.27466121315956116	0.3347128927707672	0.19194050133228302	-0.4573240280151367	0.2982209622859955	-0.07567525655031204	0.12479773908853531	0.289513498544693	-0.014277419075369835	n/a	-0.1354811042547226	0.49906566739082336	-0.07980525493621826	-0.09245295822620392	-0.4216347634792328	0.155649796128273	-0.1432403326034546	0.05960319563746452	0.1849064975976944	-0.03485697880387306	0.25945398211479187	-0.30988553166389465	0.13254815340042114	-0.2796930968761444	0.09094911813735962	0.29087021946907043	0.026889797300100327	0.018494196236133575	-0.09145011752843857	0.09558156132698059	0.3837319016456604	0.4041486382484436	0.5329450964927673	0.1169886514544487	0.09931374341249466	-0.027118131518363953	0.021181171759963036	-0.19547337293624878	0.022273274138569832	-0.10926321148872375	-0.051197174936532974	-0.011700979433953762	-0.09933742135763168	0.3871472477912903	-0.09268855303525925	0.06928154826164246	0.24755500257015228	-0.1758880764245987	-0.36789920926094055	0.34772729873657227	0.36180752515792847	-0.10139096528291702	-0.14560896158218384	-0.21473439037799835	-0.268582284450531
CO_LABEL_12	0.007959622889757156	-0.22832506895065308	-0.12659600377082825	0.4550847113132477	0.09153475612401962	0.012499833479523659	-0.0324326753616333	n/a	-0.06971258670091629	0.5634337067604065	0.021973097696900368	1.0	0.18757560849189758	0.3275374472141266	0.06710818409919739	-0.3256734013557434	0.560935378074646	-0.12145144492387772	0.04766304790973663	0.44416865706443787	0.596517026424408	-0.16128654778003693	-0.019410979002714157	-0.08567309379577637	-0.018696052953600883	-0.11184707283973694	0.11573291569948196	-0.13122804462909698	-0.11089172959327698	-0.28177472949028015	0.35980600118637085	-0.08419783413410187	0.07423313707113266	-0.005437502637505531	n/a	0.3291141986846924	-0.1941504180431366	0.5215356945991516	-0.013223507441580296	0.25503408908843994	-0.12212008237838745	0.44040319323539734	0.3278184235095978	0.4422467052936554	0.4603819251060486	-0.1279277801513672	-0.02817528322339058	-0.025991270318627357	-0.21501697599887848	-0.22557730972766876	-0.2888464629650116	0.08976002782583237	-0.07620944082736969	0.1876397430896759	-0.08782064914703369	-0.18291813135147095	-0.07878681272268295	0.042186662554740906	0.14661003649234772	0.04801468923687935	0.003937066998332739	-0.32575392723083496	-0.3431641161441803	-0.15046769380569458	-0.4956807792186737	-0.11626723408699036	-0.05385689437389374	0.05819590762257576	0.148909330368042	0.05740940570831299	-0.01814921945333481	-0.25956979393959045	0.011479382403194904	0.29746580123901367	0.01686803065240383	0.2083835005760193	-0.02866877056658268	0.2730231285095215	0.04185565561056137	-0.16752579808235168
SMd_LABEL_13	-0.2020188271999359	-0.03183583542704582	0.17128613591194153	0.22352483868598938	-0.17555198073387146	-0.13472308218479156	-0.1485760360956192	n/a	-0.2578018307685852	0.3015534281730652	-0.42824825644493103	0.18757560849189758	1.0	0.10668929666280746	0.21998335421085358	-0.0669156163930893	0.27891966700553894	-0.03834162652492523	0.17690253257751465	0.10360054671764374	0.2683092951774597	-0.1568688005208969	0.05370507761836052	-0.25437793135643005	0.07769005000591278	-0.1695142537355423	-0.174546480178833	-0.15137441456317902	-0.08231513202190399	0.0013702679425477982	0.1664441078901291	-0.27381432056427	-0.15835940837860107	-0.1202218160033226	n/a	0.11985206604003906	-0.22482676804065704	-0.04085486754775047	0.42962905764579773	0.020898470655083656	-0.02800794318318367	0.050965551286935806	0.1693885773420334	-0.10746695846319199	0.056525275111198425	-0.22492088377475739	-0.030228136107325554	-0.22880221903324127	0.009197776205837727	-0.023492302745580673	0.045194316655397415	0.23668862879276276	-0.013722555711865425	-0.08556616306304932	0.201176717877388	-0.11207917332649231	-0.045292530208826065	-0.26166167855262756	-0.09908614307641983	0.1747085452079773	-0.473381906747818	0.19411636888980865	-0.08129492402076721	0.23994708061218262	-0.25131481885910034	0.02113688923418522	0.12971895933151245	0.39269766211509705	-0.22685506939888	0.20623096823692322	-0.2080642580986023	0.07026848942041397	0.3776581585407257	0.21391628682613373	-0.021047841757535934	-0.147438645362854	-0.025616761296987534	0.2521911859512329	-0.01864040642976761	-0.1557447463274002
SMl_LABEL_14	0.12711642682552338	0.08848515152931213	-0.18464159965515137	0.4494289755821228	0.3154442310333252	-0.16270974278450012	0.1630583554506302	n/a	0.0281436238437891	0.0332767516374588	-0.3956640958786011	0.3275374472141266	0.10668929666280746	1.0	-0.18596108257770538	-0.10217995941638947	0.06608159840106964	0.2853807806968689	-0.15103662014007568	-0.1423952430486679	-0.04649583250284195	-0.5405948162078857	-0.006558671593666077	-0.16051067411899567	-0.11914963275194168	-0.04587887227535248	0.2074386328458786	0.11021304875612259	0.30406612157821655	-0.4835783541202545	0.4300557076931	0.016470668837428093	-0.17921684682369232	0.15787671506404877	n/a	0.0049140965566039085	-0.3698866069316864	0.11010214686393738	0.05233510211110115	0.959163248538971	-0.3189181387424469	0.15621545910835266	-0.035981930792331696	-0.010855414904654026	-0.10698406398296356	-0.3453845679759979	0.01683223992586136	-0.04779869318008423	0.13003914058208466	-0.16094553470611572	-0.38279497623443604	0.03889600187540054	0.051509857177734375	0.20735813677310944	0.03652271628379822	-0.36187419295310974	-0.25400790572166443	-0.08521649986505508	-0.00824060756713152	-0.12177637964487076	-0.038774825632572174	-0.2785601317882538	0.2799859642982483	-0.1758214384317398	0.028497476130723953	-0.03747214376926422	0.14126840233802795	0.02216753363609314	-0.02293352223932743	0.11401238292455673	0.24743983149528503	-0.5097537636756897	-0.18980738520622253	0.45123207569122314	-0.30768534541130066	0.046186525374650955	0.11162061989307404	0.21687206625938416	0.10732187330722809	0.06377542018890381
DAN_LABEL_15	-0.5979371070861816	-0.2710254192352295	0.7918457388877869	-0.08391241729259491	-0.3363038897514343	0.22419342398643494	-0.47444456815719604	n/a	-0.01109789963811636	0.254136860370636	0.16166706383228302	0.06710818409919739	0.21998335421085358	-0.18596108257770538	1.0	-0.031320832669734955	-0.07774132490158081	-0.4703504741191864	0.381026029586792	-0.12827490270137787	0.18882480263710022	0.057210665196180344	0.4959697425365448	-0.06595781445503235	0.75883549451828	-0.3918842673301697	-0.31979045271873474	-0.26492854952812195	-0.4061115086078644	0.480599045753479	-0.10014352947473526	-0.2247305065393448	0.11907505989074707	-0.5319969654083252	n/a	-0.21717089414596558	-0.02873048558831215	-0.07393444329500198	0.17161016166210175	-0.23499508202075958	0.7303231954574585	-0.23831430077552795	-0.2185399830341339	-0.25050002336502075	-0.06063619256019592	0.0018520939629524946	0.4828405976295471	-0.16284847259521484	0.33470669388771057	-0.16389866173267365	0.5412448644638062	-0.2540634572505951	-0.3947039544582367	0.028119144961237907	0.09623531997203827	0.10349983721971512	-0.21145635843276978	0.2226601094007492	-0.05834612622857094	0.34595873951911926	-0.3532577157020569	0.21738553047180176	-0.4715406000614166	0.35253775119781494	-0.21428029239177704	-0.04098266363143921	0.2802644670009613	0.2672339677810669	-0.24872522056102753	-0.1337023377418518	-0.22436228394508362	0.08053214848041534	0.2652701735496521	-0.013023716397583485	0.05484186112880707	-0.25928938388824463	-0.16225412487983704	-0.1185372993350029	-0.016480665653944016	-0.33143702149391174
DMN_LABEL_16	0.28936320543289185	-0.4060002267360687	0.20168983936309814	-0.008851549588143826	-0.08647934347391129	-0.0293123759329319	-0.006871845573186874	n/a	-0.3032001256942749	-0.4561752378940582	0.29768502712249756	-0.3256734013557434	-0.0669156163930893	-0.10217995941638947	-0.031320832669734955	1.0	-0.5813094973564148	0.7194353938102722	0.21112169325351715	-0.3858802616596222	-0.5209596157073975	-0.061433855444192886	-0.3953206539154053	0.01010953076183796	-0.14882609248161316	0.43029677867889404	0.4465622901916504	0.5993688702583313	-0.44132000207901	0.3873826861381531	0.06700009852647781	-0.08863598108291626	-0.022197693586349487	0.024868637323379517	n/a	-0.38449135422706604	0.1489020437002182	-0.4868619740009308	-0.013861257582902908	-0.10582363605499268	0.09233434498310089	-0.47200196981430054	-0.048253245651721954	-0.32086023688316345	-0.5804247856140137	-0.22495433688163757	-0.15623007714748383	0.10536521673202515	-0.09498220682144165	0.6870096325874329	0.3281799554824829	0.17632263898849487	0.38522785902023315	-0.29175421595573425	0.3726932108402252	0.2229730188846588	0.15847468376159668	0.19649748504161835	0.050403766334056854	-0.10995473712682724	-0.1683940440416336	0.21028272807598114	0.13193590939044952	0.0919627770781517	0.170315682888031	-0.003085091942921281	-0.2593221068382263	-0.14424562454223633	0.1236061081290245	0.17344819009304047	0.3629859685897827	0.2922431528568268	-0.088935986161232	-0.3314138948917389	0.20136168599128723	0.1708044856786728	0.21631088852882385	0.0871351882815361	-0.022096719592809677	-0.039134103804826736
CO_LABEL_17	0.13037237524986267	-0.15038417279720306	-0.2229813188314438	0.0748085156083107	0.09497375041246414	-0.05192011594772339	0.047181010246276855	n/a	0.1268749237060547	0.4778217673301697	-0.13523226976394653	0.560935378074646	0.27891966700553894	0.06608159840106964	-0.07774132490158081	-0.5813094973564148	1.0	-0.26995354890823364	-0.15490487217903137	0.5529969930648804	0.6688578724861145	0.06437278538942337	-0.06902358680963516	-0.14161089062690735	-0.09691153466701508	-0.05666177719831467	0.06103256717324257	-0.15788701176643372	-0.057851117104291916	-0.43364349007606506	-0.02843615412712097	0.01835828460752964	-0.0661170557141304	0.07348569482564926	n/a	0.4677775204181671	-0.1461702436208725	0.39012518525123596	-0.003631046274676919	0.08496689796447754	-0.3622840344905853	0.6764696836471558	0.15957392752170563	0.35135024785995483	0.7564189434051514	0.21912357211112976	-0.23729458451271057	-0.21177560091018677	-0.39408552646636963	-0.404403418302536	-0.3740949034690857	0.035774070769548416	-0.09411272406578064	0.12203080952167511	-0.23267172276973724	-0.07315266132354736	-0.0889434963464737	-0.02348273992538452	0.2295001894235611	0.08221159875392914	0.14671091735363007	-0.21560633182525635	-0.21385572850704193	-0.16150976717472076	-0.32555654644966125	-0.08499602973461151	-0.059891168028116226	-0.046760622411966324	0.10938528925180435	0.009826119989156723	-0.05807309225201607	-0.038310643285512924	0.02365422435104847	0.26615509390830994	-0.1542186439037323	0.03996413201093674	-0.06261474639177322	0.3314080834388733	0.1149027869105339	0.044960714876651764
DMN_LABEL_18	0.5216940641403198	-0.26532578468322754	-0.261565625667572	0.23937657475471497	0.19142483174800873	-0.29934003949165344	0.19186317920684814	n/a	-0.26528704166412354	-0.42694905400276184	0.05999865382909775	-0.12145144492387772	-0.03834162652492523	0.2853807806968689	-0.4703504741191864	0.7194353938102722	-0.26995354890823364	1.0	-0.030136089771986008	-0.2932242453098297	-0.4583783745765686	-0.14371013641357422	-0.5277506709098816	-0.2412247508764267	-0.42465803027153015	0.45981669425964355	0.6912173628807068	0.6224318146705627	-0.20617303252220154	-0.08278955519199371	0.26638802886009216	-0.01594439148902893	-0.23595894873142242	0.1951427459716797	n/a	-0.1773604452610016	-0.03241116926074028	-0.2598472535610199	0.10321696102619171	0.28213509917259216	-0.3823515474796295	-0.10570494830608368	0.08532743901014328	-0.1443062573671341	-0.4003699719905853	-0.2520577907562256	-0.39628317952156067	-0.05782890319824219	-0.18326516449451447	0.5061397552490234	-0.07080205529928207	0.25820955634117126	0.5519891381263733	-0.11199481040239334	0.18121981620788574	-0.01269521564245224	0.14224371314048767	0.05403546243906021	0.06429918855428696	-0.26033225655555725	-0.07146446406841278	-0.03162539377808571	0.4234923720359802	-0.055244315415620804	0.17427565157413483	0.04874560236930847	-0.24575269222259521	-0.2559084892272949	0.19648003578186035	0.23879337310791016	0.5674079060554504	0.05699706822633743	-0.23838135600090027	-0.10429773479700089	0.11659062653779984	0.4040467143058777	0.2655462324619293	0.29421186447143555	0.03085695579648018	0.06523691117763519
VAN_LABEL_19	-0.2044561803340912	-0.30587074160575867	0.4112507402896881	-0.10705931484699249	-0.21702434122562408	-0.10159669071435928	-0.24856328964233398	n/a	-0.10838302224874496	0.00651501165702939	0.20447412133216858	0.04766304790973663	0.17690253257751465	-0.15103662014007568	0.381026029586792	0.21112169325351715	-0.15490487217903137	-0.030136089771986008	1.0	-0.09903646260499954	0.058215733617544174	0.06449820101261139	-0.08360733836889267	-0.2441534399986267	0.23178730905056	-0.12206833064556122	0.04934496060013771	0.010955487377941608	-0.44344210624694824	0.3024439513683319	-0.08629047125577927	-0.084752656519413	-0.22480930387973785	-0.2195434868335724	n/a	-0.19594383239746094	0.05823783203959465	-0.15016810595989227	0.2019457370042801	-0.27574872970581055	0.27397146821022034	-0.4182232618331909	0.3152848780155182	-0.12112712860107422	-0.20415887236595154	-0.21612949669361115	-0.14405576884746552	-0.13833770155906677	-0.01956397481262684	0.30454033613204956	0.41117849946022034	-0.02613540180027485	-0.15278780460357666	-0.20037537813186646	0.24970276653766632	-0.05432796850800514	0.04401537775993347	0.2751753032207489	-0.1838783472776413	0.34985944628715515	-0.21729254722595215	0.22539734840393066	-0.21848507225513458	-0.0174324419349432	-0.16221754252910614	0.11739650368690491	0.10609814524650574	0.1954694539308548	0.016504673287272453	-0.05127445235848427	-0.006540703121572733	0.33407366275787354	0.38089653849601746	0.009852533228695393	0.3206990957260132	-0.033068519085645676	0.15057158470153809	0.02016184665262699	0.18685856461524963	-0.0936870351433754
CO_LABEL_20	0.0709555596113205	0.10576242953538895	-0.24656657874584198	0.1403750479221344	0.04014936462044716	0.028964519500732422	0.06604357808828354	n/a	0.09547773748636246	0.46567869186401367	0.07706432789564133	0.44416865706443787	0.10360054671764374	-0.1423952430486679	-0.12827490270137787	-0.3858802616596222	0.5529969930648804	-0.2932242453098297	-0.09903646260499954	1.0	0.6104813814163208	0.14199860394001007	-0.013328437693417072	0.19349126517772675	-0.10231360048055649	0.11654267460107803	-0.02003871649503708	-0.30395016074180603	0.14391973614692688	-0.29445207118988037	0.14740122854709625	0.03200343996286392	0.052244383841753006	0.1254609376192093	n/a	0.49506962299346924	-0.03911888599395752	0.18134325742721558	-0.019712386652827263	-0.17962662875652313	-0.22976520657539368	0.5717555284500122	0.17717595398426056	0.7264798283576965	0.6340349912643433	0.1540379673242569	-0.14339348673820496	0.03164584934711456	-0.366282194852829	-0.30166709423065186	-0.31893840432167053	0.08260302245616913	-0.19837355613708496	-0.16508889198303223	-0.3286007046699524	0.20592409372329712	0.2637104094028473	-0.13584475219249725	0.14257100224494934	0.09231480956077576	0.28877973556518555	-0.4249105453491211	-0.4080656170845032	-0.4509028196334839	-0.5350515842437744	-0.14822907745838165	0.009627257473766804	0.1443825662136078	0.06299259513616562	-0.013882739469408989	-0.30099281668663025	-0.09390439838171005	-0.17187435925006866	0.21307513117790222	0.11807586252689362	0.19428206980228424	-0.0016906877281144261	0.07982209324836731	0.0842008963227272	-0.02891482226550579
CO_LABEL_21	-0.17927764356136322	-0.10051118582487106	0.11401110887527466	0.25799453258514404	-0.017303623259067535	0.07789426296949387	-0.17809686064720154	n/a	-0.07249287515878677	0.8265900015830994	0.04227289929986	0.596517026424408	0.2683092951774597	-0.04649583250284195	0.18882480263710022	-0.5209596157073975	0.6688578724861145	-0.4583783745765686	0.058215733617544174	0.6104813814163208	1.0	0.1972273886203766	0.031117010861635208	-0.11203756928443909	0.13101181387901306	-0.09730083495378494	-0.14206106960773468	-0.33980315923690796	-0.08204855024814606	-0.18219313025474548	0.15876711905002594	-0.06716650724411011	0.03552362695336342	-0.16977649927139282	n/a	0.6489090323448181	0.012891335412859917	0.5062800049781799	0.03811884671449661	-0.10550978779792786	-0.021832333877682686	0.5374617576599121	0.1427491307258606	0.4604696035385132	0.8209523558616638	0.19534584879875183	-0.12924256920814514	-0.2504841089248657	-0.26178303360939026	-0.45100539922714233	-0.14085467159748077	-0.08697573840618134	-0.2396487146615982	-0.010852382518351078	-0.19896966218948364	-0.007669956889003515	-0.025965586304664612	0.0503363311290741	0.21122772991657257	0.1277822107076645	-0.0868762657046318	-0.1956501305103302	-0.43565526604652405	-0.23202182352542877	-0.5399131774902344	-0.3372505307197571	0.035609789192676544	0.13919635117053986	0.017551738768815994	0.06132127717137337	-0.33001837134361267	-0.09771942347288132	-0.005735843442380428	0.22457152605056763	-0.046274684369564056	-0.06415161490440369	-0.1937667280435562	0.044475018978118896	0.24126659333705902	-0.05104110389947891
Sal_LABEL_22	-0.054402824491262436	-0.12545660138130188	-0.0021345815621316433	-0.10808195173740387	0.009918770752847195	0.2849373519420624	0.015030141919851303	n/a	-0.18341845273971558	0.11624297499656677	0.4639815390110016	-0.16128654778003693	-0.1568688005208969	-0.5405948162078857	0.057210665196180344	-0.061433855444192886	0.06437278538942337	-0.14371013641357422	0.06449820101261139	0.14199860394001007	0.1972273886203766	1.0	-0.22584454715251923	0.21346168220043182	0.04549338296055794	-0.05173972621560097	-0.17384815216064453	-0.26036885380744934	-0.2011113464832306	0.3740520477294922	-0.2577482759952545	0.13226909935474396	0.26645299792289734	-0.0022017676383256912	n/a	0.06400279700756073	0.5939801931381226	0.014407465234398842	-0.08637391030788422	-0.5707058906555176	0.1799001544713974	-0.04228002950549126	0.08770238608121872	0.0633644312620163	0.2120569795370102	0.6704504489898682	-0.313790500164032	0.20147809386253357	-0.31861624121665955	0.057645998895168304	0.41251057386398315	0.029491808265447617	-0.016982197761535645	-0.2394125908613205	0.012627173215150833	0.1271875947713852	0.20668505132198334	0.20541155338287354	0.2611602246761322	-0.19819828867912292	-0.09105800092220306	0.24065953493118286	-0.08295010030269623	0.14503811299800873	-0.009561429731547832	-0.09073639661073685	-0.11440733820199966	-0.013590836897492409	0.041229650378227234	-0.10568021982908249	-0.27512168884277344	0.25409582257270813	-0.07981156557798386	-0.26968511939048767	0.3175072968006134	0.0556240975856781	-0.12377414852380753	-0.06743810325860977	-0.037288520485162735	0.12155082076787949
DAN_LABEL_23	-0.5133038759231567	0.35522422194480896	0.35720863938331604	-0.1831006556749344	-0.2527080476284027	-0.17841874063014984	-0.1852385699748993	n/a	0.309182345867157	0.08219277858734131	-0.251429945230484	-0.019410979002714157	0.05370507761836052	-0.006558671593666077	0.4959697425365448	-0.3953206539154053	-0.06902358680963516	-0.5277506709098816	-0.08360733836889267	-0.013328437693417072	0.031117010861635208	-0.22584454715251923	1.0	-0.11343716084957123	0.628581702709198	-0.36175736784935	-0.38318824768066406	-0.30549517273902893	0.2824482321739197	-0.027042970061302185	-0.07971873134374619	-0.060413263738155365	-0.12200877815485	-0.3109799325466156	n/a	0.0796595886349678	-0.3226742744445801	0.13021810352802277	0.17465409636497498	0.005334534216672182	0.5060610771179199	0.10542100667953491	-0.39867839217185974	-0.05770474299788475	0.044015396386384964	-0.2156786024570465	0.8040176630020142	-0.2278849482536316	0.6529014706611633	-0.5010453462600708	-0.037452131509780884	-0.2505251169204712	-0.4861864745616913	0.33847272396087646	-0.2760196328163147	0.01625128835439682	-0.24400584399700165	-0.35850799083709717	-0.5031725764274597	0.3022305965423584	0.05626540631055832	-0.0682709738612175	-0.3476135730743408	0.13504189252853394	-0.15328678488731384	0.029293838888406754	0.2776249051094055	0.19192269444465637	-0.2076404094696045	-0.15119022130966187	-0.27991974353790283	-0.19791439175605774	-0.040628381073474884	-0.03936349228024483	-0.11185973882675171	-0.2920442819595337	-0.24373818933963776	-0.3960407078266144	0.051956139504909515	-0.298396497964859
PMN_LABEL_24	0.2580030858516693	0.0441812202334404	-0.16181056201457977	-0.12537448108196259	0.1726786345243454	0.6559893488883972	0.4505401849746704	n/a	0.08217154443264008	-0.07842864096164703	0.17131613194942474	-0.08567309379577637	-0.25437793135643005	-0.16051067411899567	-0.06595781445503235	0.01010953076183796	-0.14161089062690735	-0.2412247508764267	-0.2441534399986267	0.19349126517772675	-0.11203756928443909	0.21346168220043182	-0.11343716084957123	1.0	-0.19305163621902466	0.167767733335495	-0.3029864430427551	-0.17010293900966644	0.20301644504070282	0.10320043563842773	-0.18418031930923462	0.12616974115371704	0.6507889032363892	0.45394131541252136	n/a	-0.05681928992271423	0.42344045639038086	-0.21123935282230377	-0.4610837399959564	-0.15911376476287842	-0.06904512643814087	-0.05038146674633026	-0.13072682917118073	0.1394406110048294	0.022308707237243652	0.40723344683647156	0.0890258401632309	0.8734991550445557	-0.279657781124115	0.07666831463575363	-0.029941244050860405	-0.07766751945018768	-0.0742785781621933	-0.16477066278457642	0.04707213118672371	0.04932771250605583	0.0881347507238388	0.030444858595728874	0.2691195011138916	-0.368428111076355	0.21862967312335968	0.005407726392149925	-0.12643027305603027	-0.18758554756641388	0.06321638822555542	-0.19432923197746277	0.029995067045092583	0.06780567020177841	-0.05461404472589493	-0.058248139917850494	-0.31069090962409973	-0.07933031767606735	-0.025764860212802887	0.11605513840913773	0.1470557153224945	-0.06047185882925987	-0.044289421290159225	0.009459604509174824	-0.11260722577571869	0.16909031569957733
DAN_LABEL_25	-0.6453239917755127	-0.14567169547080994	0.674035906791687	-0.21608741581439972	-0.1490572690963745	-0.17357435822486877	-0.3327670395374298	n/a	0.25218379497528076	0.16673529148101807	0.0312749445438385	-0.018696052953600883	0.07769005000591278	-0.11914963275194168	0.75883549451828	-0.14882609248161316	-0.09691153466701508	-0.42465803027153015	0.23178730905056	-0.10231360048055649	0.13101181387901306	0.04549338296055794	0.628581702709198	-0.19305163621902466	1.0	-0.41979455947875977	-0.36906275153160095	-0.2611134350299835	-0.23250795900821686	0.20657268166542053	-0.10263218730688095	-0.15252381563186646	-0.2193511426448822	-0.414330393075943	n/a	-0.1927400827407837	-0.14682281017303467	0.11795742064714432	0.34463000297546387	-0.14610034227371216	0.6774193048477173	-0.05616262927651405	-0.4371268153190613	-0.16053201258182526	-0.0847492516040802	-0.22838881611824036	0.6203898787498474	-0.3103446066379547	0.6221755743026733	-0.3564906120300293	0.3123719096183777	-0.3309929072856903	-0.5528720021247864	0.19456900656223297	-0.13672076165676117	0.07450243830680847	-0.06989392638206482	0.13334357738494873	-0.192356675863266	0.4262039065361023	-0.23828351497650146	0.18618175387382507	-0.17386671900749207	0.20938287675380707	-0.16205927729606628	0.019056890159845352	0.08939985185861588	0.3279099464416504	-0.20249798893928528	-0.055363502353429794	-0.0867801308631897	0.11404617875814438	0.16799341142177582	-0.11307132244110107	0.1812930703163147	-0.1437385231256485	-0.06043754890561104	-0.15683232247829437	0.19992566108703613	-0.21518374979496002
