Node	LH_Vis_1	LH_Vis_2	LH_Vis_3	LH_Vis_4	LH_Vis_5	LH_Vis_6	LH_Vis_7	LH_Vis_8	LH_Vis_9	LH_SomMot_1	LH_SomMot_2	LH_SomMot_3	LH_SomMot_4	LH_SomMot_5	LH_SomMot_6	LH_DorsAttn_Post_1	LH_DorsAttn_Post_2	LH_DorsAttn_Post_3	LH_DorsAttn_Post_4	LH_DorsAttn_Post_5	LH_DorsAttn_Post_6	LH_DorsAttn_PrCv_1	LH_DorsAttn_FEF_1	LH_SalVentAttn_ParOper_1	LH_SalVentAttn_FrOperIns_1	LH_SalVentAttn_FrOperIns_2	LH_SalVentAttn_PFCl_1	LH_SalVentAttn_Med_1	LH_SalVentAttn_Med_2	LH_SalVentAttn_Med_3	LH_Limbic_OFC_1	LH_Limbic_TempPole_1	LH_Limbic_TempPole_2	LH_Cont_Par_1	LH_Cont_PFCl_1	LH_Cont_pCun_1	LH_Cont_Cing_1	LH_Default_Temp_1	LH_Default_Temp_2	LH_Default_Par_1	LH_Default_Par_2	LH_Default_PFC_1	LH_Default_PFC_2	LH_Default_PFC_3	LH_Default_PFC_4	LH_Default_PFC_5	LH_Default_PFC_6	LH_Default_PFC_7	LH_Default_pCunPCC_1	LH_Default_pCunPCC_2	RH_Vis_1	RH_Vis_2	RH_Vis_3	RH_Vis_4	RH_Vis_5	RH_Vis_6	RH_Vis_7	RH_Vis_8	RH_SomMot_1	RH_SomMot_2	RH_SomMot_3	RH_SomMot_4	RH_SomMot_5	RH_SomMot_6	RH_SomMot_7	RH_SomMot_8	RH_DorsAttn_Post_1	RH_DorsAttn_Post_2	RH_DorsAttn_Post_3	RH_DorsAttn_Post_4	RH_DorsAttn_Post_5	RH_DorsAttn_PrCv_1	RH_DorsAttn_FEF_1	RH_SalVentAttn_TempOccPar_1	RH_SalVentAttn_TempOccPar_2	RH_SalVentAttn_FrOperIns_1	RH_SalVentAttn_Med_1	RH_SalVentAttn_Med_2	RH_Limbic_OFC_1	RH_Limbic_TempPole_1	RH_Cont_Par_1	RH_Cont_Par_2	RH_Cont_PFCl_1	RH_Cont_PFCl_2	RH_Cont_PFCl_3	RH_Cont_PFCl_4	RH_Cont_Cing_1	RH_Cont_PFCmp_1	RH_Cont_pCun_1	RH_Default_Par_1	RH_Default_Temp_1	RH_Default_Temp_2	RH_Default_Temp_3	RH_Default_PFCv_1	RH_Default_PFCv_2	RH_Default_PFCdPFCm_1	RH_Default_PFCdPFCm_2	RH_Default_PFCdPFCm_3	RH_Default_pCunPCC_1	RH_Default_pCunPCC_2	LH-Pu	LH-Ca	LH-NAC	LH-EXA	LH-GPe	LH-GPi	LH-SNc_PBP_VTA	LH-RN	LH-SNr	LH-VeP	LH-HN	LH-HTH	LH-MN	LH-STH	RH-Pu	RH-Ca	RH-NAC	RH-EXA	RH-GPe	RH-GPi	RH-SNc_PBP_VTA	RH-RN	RH-SNr	RH-VeP	RH-HN	RH-HTH	RH-MN	RH-STH	LH-Pulvinar	LH-Anterior	LH-Medio_Dorsal	LH-Ventral_Latero_Dorsal	LH-Central_Lateral-Lateral_Posterior-Medial_Pulvinar	LH-Ventral_Anterior	LH-Ventral_Latero_Ventral	RH-Pulvinar	RH-Anterior	RH-Medio_Dorsal	RH-Ventral_Latero_Dorsal	RH-Central_Lateral-Lateral_Posterior-Medial_Pulvinar	RH-Ventral_Anterior	RH-Ventral_Latero_Ventral	LH_Hippocampus	LH_Amygdala	RH_Hippocampus	RH_Amygdala	Cerebellar_Region1	Cerebellar_Region2	Cerebellar_Region3	Cerebellar_Region4	Cerebellar_Region5	Cerebellar_Region6	Cerebellar_Region7	Cerebellar_Region8	Cerebellar_Region9	Cerebellar_Region10
LH_Vis_1	1.0	0.5386711359024048	0.4300694465637207	0.145501971244812	0.4762685000896454	0.40717512369155884	-0.07080674916505814	0.23336325585842133	0.1613931804895401	0.055098503828048706	-0.11124690622091293	-0.04255950450897217	0.011583634652197361	-0.15348760783672333	0.010252416133880615	0.46318545937538147	-0.37955737113952637	0.05704624578356743	-0.25980597734451294	0.13311776518821716	0.11480855941772461	-0.1758095920085907	-0.21435698866844177	0.06506123393774033	0.1441628336906433	-0.07127489149570465	0.21956007182598114	0.046112898737192154	0.532863438129425	-0.17196573317050934	0.23518501222133636	0.439911812543869	0.5758439898490906	-0.1090400218963623	0.3451322913169861	-0.1809379905462265	0.0951065793633461	0.34587422013282776	0.1824207752943039	0.3063768148422241	0.2686936855316162	0.03703371062874794	0.4771055579185486	0.46150314807891846	0.154776930809021	0.2499990165233612	-0.012561687268316746	0.14011871814727783	0.5454210042953491	0.15669137239456177	0.5017272233963013	0.25759267807006836	0.037043604999780655	0.35090070962905884	0.40900301933288574	0.24966202676296234	0.058601491153240204	-0.0525997020304203	-0.2420061230659485	-0.16861334443092346	-0.3710732161998749	-0.18306227028369904	-0.16022546589374542	-0.11643429100513458	-0.12099020928144455	-0.031064346432685852	-0.05611105635762215	-0.4595947563648224	-0.3090672791004181	-0.01276074443012476	0.07448043674230576	-0.25224748253822327	-0.31277674436569214	0.14492082595825195	-0.318631112575531	-0.2063913494348526	0.1910477727651596	-0.27860939502716064	0.11305137723684311	0.32463338971138	-0.2873762249946594	-0.07673089951276779	-0.13509371876716614	-0.0902792289853096	-0.15821349620819092	-0.10109718888998032	0.059135667979717255	-0.1270867884159088	-0.1397121697664261	-0.01821693778038025	0.025819024071097374	-0.18749088048934937	-0.08133479952812195	0.41234296560287476	0.2521466612815857	0.32723748683929443	0.19717425107955933	-0.06183389946818352	0.5915788412094116	0.1623518466949463	0.0705680176615715	0.11416003853082657	-0.08252082020044327	0.004070310387760401	-0.11163154989480972	-0.2095356434583664	0.34230154752731323	0.03900733217597008	0.32052749395370483	-0.032685182988643646	0.1282775104045868	-0.07042530179023743	0.09250552207231522	-0.13868144154548645	-0.017732854932546616	0.011884797364473343	-0.15721748769283295	0.056442372500896454	-0.0636756420135498	-0.27294299006462097	-0.15490736067295074	0.1874110996723175	-0.3193095624446869	-0.09087913483381271	0.3466809391975403	0.05891987681388855	-0.10205560177564621	-0.012307467870414257	0.16962896287441254	0.08758359402418137	0.33961278200149536	0.33105236291885376	0.4972653090953827	-0.18939128518104553	-0.15954728424549103	0.46489736437797546	0.16888563334941864	0.23963044583797455	-0.25030916929244995	0.234709233045578	-0.23259371519088745	0.3051883578300476	0.5856575965881348	0.5873715877532959	0.626155436038971	0.3875427544116974	-0.06976918876171112	-0.07993295043706894	0.03458280488848686	0.2483842670917511	0.06353237479925156	-0.04152387008070946	-0.024095658212900162	0.04786486178636551	-0.07570736855268478	0.0015574945136904716
LH_Vis_2	0.5386711359024048	1.0	0.8037518858909607	0.48691466450691223	0.8116327524185181	0.5890952348709106	0.3734889328479767	0.808112382888794	0.7641087174415588	-0.11419714987277985	-0.2916632890701294	-0.27969539165496826	-0.2447400689125061	-0.31896576285362244	-0.27048978209495544	0.5026972889900208	-0.4949256181716919	0.443433552980423	-0.5239596962928772	0.3435441255569458	-0.18662740290164948	-0.13738207519054413	-0.28079840540885925	0.05562954023480415	0.12074478715658188	-0.07735401391983032	0.2175225466489792	0.04750439152121544	0.7014263272285461	-0.40505996346473694	0.2129879891872406	-0.1351720690727234	0.286408007144928	0.05515795946121216	0.1688384711742401	0.35387682914733887	0.2454560101032257	-0.03999654948711395	0.046977508813142776	0.21688982844352722	0.34584006667137146	0.01936839520931244	0.21161223948001862	0.3330647647380829	0.3638893961906433	-0.08911474794149399	-0.08992372453212738	0.11071993410587311	0.8155852556228638	0.4226962924003601	0.23699289560317993	0.8190544843673706	0.5849666595458984	0.4478514790534973	0.7809219360351562	0.7509729266166687	0.6450903415679932	0.6217666268348694	-0.40646639466285706	-0.3470040559768677	-0.3451976478099823	-0.22553545236587524	-0.059162724763154984	-0.2345433086156845	-0.2369006872177124	-0.28327229619026184	0.3599012494087219	-0.35551580786705017	-0.014033684507012367	0.6325525045394897	-0.025836417451500893	0.06264364719390869	-0.29188820719718933	0.4361950755119324	-0.21935847401618958	-0.20486195385456085	0.41405734419822693	-0.14347054064273834	0.055884554982185364	-0.07725879549980164	0.13918033242225647	0.42971616983413696	0.19893285632133484	0.03462054207921028	0.18466949462890625	0.28935331106185913	0.2878117561340332	0.1320382058620453	0.4201062321662903	0.1537463366985321	0.24811159074306488	-0.07920273393392563	0.20788320899009705	0.38402390480041504	0.39430373907089233	0.4143806993961334	0.17595480382442474	0.10566550493240356	0.6934593915939331	0.4541161358356476	0.06014823541045189	0.20377646386623383	0.34649232029914856	0.22837437689304352	-0.18778908252716064	0.26445889472961426	0.34309688210487366	0.1176203042268753	0.1082429587841034	0.36310386657714844	-0.06276824325323105	0.16282367706298828	-0.1364908367395401	0.05961606651544571	0.0067291720770299435	0.24378307163715363	-0.06757516413927078	0.2778727114200592	-0.08764362335205078	-0.44592586159706116	-0.1992720067501068	0.3819023668766022	-0.19048215448856354	-0.009937407448887825	0.4865279197692871	0.26533272862434387	0.3035759925842285	0.20106230676174164	0.034883052110672	-0.17126145958900452	0.061612118035554886	0.047848984599113464	0.21121644973754883	0.02820638008415699	-0.3386417627334595	0.6655965447425842	-0.0005908567691221833	0.0531143844127655	-0.2200315147638321	-0.15406616032123566	-0.08762463182210922	-0.2877783477306366	0.07081945985555649	0.08495096862316132	0.18472526967525482	0.04252418130636215	-0.09971970319747925	-0.18724997341632843	0.23393240571022034	0.1500425487756729	-0.027315447106957436	-0.13791558146476746	0.045860446989536285	-0.13053663074970245	-0.3883514702320099	-0.39719781279563904
LH_Vis_3	0.4300694465637207	0.8037518858909607	1.0	0.32476499676704407	0.6242761015892029	0.8213721513748169	0.3962295949459076	0.748026967048645	0.7430485486984253	-0.22632290422916412	0.04056628420948982	-0.11931764334440231	-0.14459136128425598	-0.17939361929893494	-0.22428564727306366	0.35079675912857056	-0.5448222160339355	0.19919006526470184	-0.46528470516204834	0.0989607498049736	-0.2549112141132355	-0.28889504075050354	-0.27387672662734985	-0.2999577224254608	0.20179100334644318	-0.0690067932009697	-0.0829470232129097	-0.0021432458888739347	0.4474188983440399	-0.3545985221862793	0.17957623302936554	-0.005474983248859644	0.06387674808502197	-0.16569095849990845	-0.019749432802200317	0.2275697886943817	0.08489048480987549	-0.18684066832065582	-0.23949283361434937	-0.019145259633660316	-0.0480194091796875	-0.03309716656804085	0.00861078966408968	0.09451961517333984	0.11685440689325333	-0.3052026629447937	-0.28466030955314636	-0.1346198171377182	0.6487784385681152	0.08958382159471512	0.13408641517162323	0.7506540417671204	0.4207235872745514	0.24307045340538025	0.7528438568115234	0.8801897764205933	0.6379894018173218	0.7042228579521179	-0.2982730567455292	-0.059623125940561295	-0.07704443484544754	0.07527295500040054	0.10112322121858597	-0.16642703115940094	-0.1743129938840866	-0.17896200716495514	0.3346174955368042	-0.27467963099479675	-0.005959222558885813	0.5759559273719788	-0.08772092312574387	0.0931922197341919	-0.15861718356609344	0.27729347348213196	-0.20442362129688263	-0.11718659102916718	0.46067923307418823	-0.0019150899024680257	0.08035200089216232	-0.03409857302904129	0.03253773972392082	0.2957742214202881	0.07312345504760742	0.08388296514749527	0.25688478350639343	0.22473779320716858	0.20079533755779266	0.10684917867183685	0.3584845960140228	0.12796172499656677	0.10315290838479996	-0.13594257831573486	0.11171892285346985	0.18972522020339966	0.2544693946838379	0.28053268790245056	0.01881052553653717	-0.058429282158613205	0.5573175549507141	0.30151158571243286	-0.12051256746053696	-0.09988769888877869	0.05698790401220322	0.0424412377178669	-0.18733714520931244	0.34275442361831665	0.3348085582256317	0.08400807529687881	0.33245453238487244	0.1999560445547104	-0.008663794957101345	0.23330557346343994	-0.27162814140319824	0.18147209286689758	-0.14644648134708405	0.10395332425832748	-0.05448715016245842	-0.015323814935982227	0.14553992450237274	-0.30822840332984924	-0.28105562925338745	0.3682500123977661	-0.1831524521112442	0.03463916853070259	0.3039640486240387	0.3569474220275879	0.37194201350212097	0.2435223013162613	0.3705118000507355	-0.11726278811693192	0.27775436639785767	0.0344555526971817	0.33334025740623474	0.11253125965595245	0.07181393355131149	0.4957636296749115	-0.05961674824357033	0.19596713781356812	-0.05101887881755829	0.08517484366893768	-0.02493336610496044	-0.11504970490932465	0.21152254939079285	-0.12916138768196106	0.1289391666650772	-0.035470254719257355	0.22132553160190582	0.014615820720791817	0.5076663494110107	0.17415720224380493	0.13001632690429688	-0.33381807804107666	0.10017509758472443	-0.21237270534038544	-0.448361337184906	-0.4009793996810913
LH_Vis_4	0.145501971244812	0.48691466450691223	0.32476499676704407	1.0	0.5947019457817078	0.3292389214038849	0.32286491990089417	0.7023141384124756	0.5790480375289917	-0.06090642884373665	-0.5260967016220093	-0.46441972255706787	-0.19125889241695404	-0.4624949097633362	-0.6075605750083923	0.3198094666004181	-0.47022974491119385	0.30178102850914	-0.6138044595718384	0.10037430375814438	-0.5595236420631409	-0.24574033915996552	-0.5252952575683594	-0.013882501982152462	-0.14387427270412445	-0.33495670557022095	0.02502482756972313	-0.366948664188385	0.2343173623085022	-0.6724144816398621	-0.002351260744035244	-0.41215333342552185	0.08080729097127914	0.0934377908706665	-0.04572543129324913	0.2977621555328369	0.1959058940410614	0.013577614910900593	0.032607872039079666	0.08638615906238556	0.32661259174346924	-0.05461956933140755	0.005460819229483604	0.08045006543397903	0.3661516308784485	-0.29510045051574707	-0.13362285494804382	0.012140057049691677	0.5992035269737244	0.5719180703163147	-0.17298106849193573	0.32647740840911865	0.5607249736785889	0.8474497199058533	0.557823657989502	0.45589616894721985	0.7785869240760803	0.4909604787826538	-0.46510598063468933	-0.6265815496444702	-0.5204598307609558	-0.23110699653625488	-0.22589176893234253	-0.4425993263721466	-0.5660791397094727	-0.5610737204551697	0.4449799358844757	-0.4216701090335846	-0.051391929388046265	0.4737561345100403	-0.37377825379371643	-0.06544674187898636	-0.47602200508117676	0.5590490102767944	-0.32937419414520264	-0.448626309633255	-0.15797515213489532	-0.5569932460784912	0.050165679305791855	-0.3552345931529999	0.28429728746414185	0.4749738872051239	0.4994756579399109	0.052848078310489655	-0.011857992969453335	0.6135063171386719	0.40163227915763855	0.08259766548871994	0.5484433174133301	0.464383065700531	0.2434326857328415	0.1299780160188675	0.5120903253555298	0.3139365613460541	0.5762590169906616	0.27732551097869873	0.11828135699033737	0.10889999568462372	0.5951696038246155	0.739957869052887	-0.12065887451171875	0.24466124176979065	0.4841662645339966	0.2888628840446472	-0.23612208664417267	0.05940784141421318	-0.12656806409358978	-0.25180646777153015	-0.3259776830673218	0.2922549247741699	-0.252291202545166	0.22142964601516724	-0.19583061337471008	-0.024178700521588326	-0.18177388608455658	0.2577621042728424	0.48087942600250244	0.45959097146987915	-0.09356019645929337	-0.5985437035560608	0.03791840746998787	0.02190939150750637	-0.02582630328834057	0.27211442589759827	0.1488381177186966	0.23445525765419006	0.36445799469947815	0.3627403974533081	-0.24425958096981049	-0.2540588676929474	-0.23262861371040344	-0.3183516263961792	-0.17318753898143768	-0.24687062203884125	-0.4156932830810547	0.2953605353832245	-0.12674371898174286	-0.14652299880981445	-0.24613498151302338	-0.3178320527076721	-0.20738588273525238	-0.46803712844848633	-0.19294290244579315	-0.1729932278394699	-0.07251410186290741	0.26069018244743347	-0.3712664842605591	-0.5418194532394409	0.0641324445605278	-0.37131884694099426	-0.1835155040025711	-0.18455463647842407	0.2060895711183548	-0.0254526287317276	-0.21308942139148712	-0.3657290041446686
LH_Vis_5	0.4762685000896454	0.8116327524185181	0.6242761015892029	0.5947019457817078	1.0	0.5954979062080383	0.3399851620197296	0.8131259083747864	0.7513632774353027	-0.28344273567199707	-0.4816012978553772	-0.46301156282424927	-0.17119170725345612	-0.502959668636322	-0.3811817467212677	0.322939395904541	-0.6307955384254456	0.28183403611183167	-0.7305746674537659	0.10505275428295135	-0.3483480215072632	-0.358430951833725	-0.5533556342124939	0.07030394673347473	-0.20513059198856354	-0.4325501322746277	0.05609295889735222	-0.3009225130081177	0.4937439262866974	-0.6222478747367859	0.24515849351882935	-0.2427881956100464	0.288468599319458	-0.015585043467581272	0.011282815597951412	0.22617796063423157	0.08366405218839645	0.06714572012424469	0.06607425212860107	0.23805910348892212	0.43741628527641296	-0.1379392296075821	0.2734738290309906	0.18511132895946503	0.5370813012123108	-0.05633556842803955	0.025580964982509613	0.07711515575647354	0.6351999044418335	0.4177635908126831	-0.06726010888814926	0.604805588722229	0.43210235238075256	0.6359695196151733	0.8826398849487305	0.6660684943199158	0.703517496585846	0.6447027921676636	-0.7114689946174622	-0.5780713558197021	-0.5285511016845703	-0.28428468108177185	-0.20262718200683594	-0.30564525723457336	-0.4569234549999237	-0.2605226933956146	0.28362220525741577	-0.6020629405975342	-0.2576082646846771	0.4823341965675354	-0.20322512090206146	-0.24725574254989624	-0.4766394793987274	0.3853603005409241	-0.4510971009731293	-0.5406906008720398	0.16096675395965576	-0.3860038220882416	0.1564691811800003	-0.22410571575164795	0.022895578294992447	0.30443501472473145	0.2771802246570587	-0.1851404756307602	0.007187572307884693	0.2965346574783325	0.20656579732894897	-0.16670513153076172	0.28258123993873596	0.22521767020225525	0.1051679402589798	-0.013394049368798733	0.222712442278862	0.24675555527210236	0.3962218761444092	0.2768806517124176	0.17908401787281036	-0.02430918626487255	0.6748879551887512	0.38691186904907227	-0.1446102410554886	0.15186293423175812	0.3346012830734253	0.4708092510700226	-0.3743245303630829	0.2202294021844864	0.22665517032146454	-0.25949567556381226	-0.08261287212371826	0.33421915769577026	-0.3897385597229004	0.2241698056459427	-0.14396905899047852	-0.29502150416374207	-0.1483851671218872	0.08782271295785904	0.09423062205314636	0.40776070952415466	-0.16383889317512512	-0.36592182517051697	-0.2697511315345764	0.36049187183380127	-0.3970053791999817	0.1626269817352295	0.40393316745758057	0.2569185495376587	0.34766215085983276	0.18889674544334412	-0.1906864047050476	-0.3684691786766052	-0.0679892972111702	0.0031667202711105347	-0.0070327757857739925	-0.08940289169549942	-0.3897796869277954	0.510543704032898	-0.06716206669807434	-0.1994275450706482	-0.3285035490989685	-0.33955255150794983	-0.4047858715057373	-0.23084817826747894	-0.009046893566846848	-0.00808828603476286	0.052909959107637405	0.15957336127758026	-0.2768910527229309	-0.34980329871177673	-0.0013184718554839492	0.004226663149893284	-0.25601232051849365	-0.1900700032711029	-0.020863885059952736	-0.1792704463005066	-0.37072426080703735	-0.44367125630378723
LH_Vis_6	0.40717512369155884	0.5890952348709106	0.8213721513748169	0.3292389214038849	0.5954979062080383	1.0	0.07851671427488327	0.6067386269569397	0.5985642075538635	-0.4222594201564789	-0.025652416050434113	-0.15529100596904755	-0.17259623110294342	-0.17225155234336853	-0.19944754242897034	0.0553118959069252	-0.6268243789672852	-0.0451967790722847	-0.48899921774864197	-0.014888939447700977	-0.3273524343967438	-0.42907366156578064	-0.3535449504852295	-0.3565191924571991	0.080250583589077	-0.10083766281604767	-0.13931457698345184	-0.11270133405923843	0.326878160238266	-0.35709360241889954	0.2516601085662842	-0.16401973366737366	-0.027372408658266068	-0.3927510976791382	-0.207048699259758	0.044034283608198166	-0.20431384444236755	-0.32787463068962097	-0.40886086225509644	-0.2074507176876068	-0.19219361245632172	-0.15569688379764557	-0.04435287043452263	0.07592502981424332	0.09569205343723297	-0.278529554605484	-0.3285229504108429	-0.23964925110340118	0.46313050389289856	-0.06330034881830215	0.07203423976898193	0.5957226753234863	0.19617442786693573	0.29342103004455566	0.779879629611969	0.8630043864250183	0.5893698930740356	0.552335798740387	-0.4340249001979828	-0.13729159533977509	0.014027285389602184	0.010365902446210384	0.05207236111164093	-0.14644959568977356	-0.19167260825634003	-0.2177330106496811	0.3243553340435028	-0.30745258927345276	-0.13747261464595795	0.4263390004634857	-0.13765981793403625	-0.012614576146006584	-0.17243248224258423	0.23938705027103424	-0.20192748308181763	-0.19641108810901642	0.3631773591041565	0.0479472316801548	0.2230442464351654	-0.06886858493089676	-0.08403785526752472	0.09997590631246567	0.018737776204943657	-0.04423817619681358	0.13002502918243408	0.12245988845825195	0.0008478492964059114	-0.07770129293203354	0.1503412127494812	0.17205896973609924	0.006265472155064344	-0.18675269186496735	0.012011590413749218	0.1329556256532669	0.31888800859451294	0.2559349238872528	-0.01990434154868126	-0.2046205997467041	0.5440822839736938	0.1916726529598236	-0.19615520536899567	-0.10199926048517227	-0.10306067019701004	0.2181314378976822	-0.24580281972885132	0.1461418718099594	0.3736909329891205	-0.06624536961317062	0.18454904854297638	0.036392610520124435	-0.18762873113155365	0.23702873289585114	-0.1697879582643509	0.08975636959075928	-0.15195013582706451	0.110026516020298	-0.08091026544570923	0.03630226105451584	0.09960322082042694	-0.2999640107154846	-0.19494548439979553	0.5130133628845215	-0.27477899193763733	0.07710982114076614	0.22636660933494568	0.27159997820854187	0.3463674783706665	0.2549903392791748	0.2593590021133423	-0.2005143165588379	0.26132282614707947	0.08835875242948532	0.22925809025764465	0.10291919857263565	0.0487503707408905	0.3393927216529846	-0.02836221642792225	0.07171203196048737	0.006816643290221691	0.023564450442790985	-0.1493375301361084	0.07363539189100266	0.2543896734714508	-0.19956038892269135	0.07060880959033966	0.12250290811061859	0.1788797527551651	0.07826778292655945	0.5193689465522766	0.2157362699508667	0.1656792014837265	-0.294089674949646	0.1233178898692131	-0.21425290405750275	-0.29716119170188904	-0.32514676451683044
LH_Vis_7	-0.07080674916505814	0.3734889328479767	0.3962295949459076	0.32286491990089417	0.3399851620197296	0.07851671427488327	1.0	0.5745915174484253	0.5170694589614868	0.2929403483867645	0.003790212096646428	0.100014828145504	0.20311319828033447	-0.12870144844055176	-0.27440688014030457	0.6038112640380859	0.08070668578147888	0.44898322224617004	-0.12332168966531754	0.07276295870542526	-0.07044041901826859	0.0004358069854788482	-0.02694062888622284	0.05273329094052315	0.13745702803134918	-0.22607848048210144	-0.11461101472377777	-0.0892314612865448	0.33322155475616455	-0.2601182758808136	-0.36807218194007874	0.057903219014406204	0.17367063462734222	0.35144859552383423	0.002982900943607092	0.4107334613800049	0.2555803656578064	0.12236200273036957	0.16928163170814514	0.37536323070526123	0.29975026845932007	-0.22748705744743347	-0.29273349046707153	-0.35133135318756104	-0.04753579571843147	-0.4396713376045227	-0.15349869430065155	-0.03244984894990921	0.3810793459415436	0.26573988795280457	-0.27975794672966003	0.20355719327926636	0.4022065997123718	0.15207810699939728	0.3107072412967682	0.3516773581504822	0.43233487010002136	0.5348489880561829	-0.061665426939725876	0.10252217948436737	-0.04799014702439308	0.21672165393829346	0.3316374123096466	0.08869083225727081	0.00860014371573925	-0.010755800642073154	0.19609983265399933	3.3308533602394164e-05	0.20086213946342468	0.568017840385437	0.07078604400157928	0.2202233076095581	0.1363910585641861	0.14846014976501465	-0.11905237287282944	-0.05762460455298424	0.21899670362472534	-0.05415148660540581	-0.467276394367218	-0.16017472743988037	0.20276819169521332	0.3478619456291199	0.05181952938437462	0.08770475536584854	0.18515639007091522	0.35589393973350525	0.23827509582042694	0.13604579865932465	0.6258313059806824	0.14329640567302704	-0.04659296199679375	0.00950500089675188	0.24302130937576294	-0.2004307210445404	-0.15300285816192627	-0.1368637979030609	0.06098422408103943	0.08485683053731918	0.1931065320968628	0.29385650157928467	-0.3887307047843933	-0.17763382196426392	0.3148094713687897	0.073333740234375	-0.12500044703483582	0.46934956312179565	-0.15084099769592285	-0.09168039262294769	0.0971687063574791	0.444579541683197	-0.10447915643453598	-0.13314500451087952	-0.188334122300148	0.02976395934820175	-0.21503515541553497	-0.3076225221157074	0.08994588255882263	-0.09629125148057938	0.0033622845076024532	-0.027460506185889244	-0.15814386308193207	-0.25536423921585083	0.05889534950256348	0.09348428249359131	0.20484058558940887	-0.07640700042247772	0.19048967957496643	0.09074335545301437	-0.03008759580552578	-0.3666045367717743	-0.24658994376659393	-0.303599089384079	0.2477148473262787	-0.3367064893245697	0.054332710802555084	0.31865260004997253	-0.3562411069869995	-0.18587513267993927	0.048193808645009995	0.0371260941028595	0.052409134805202484	-0.33521634340286255	-0.043141480535268784	-0.06641431897878647	-0.14209578931331635	-0.23261067271232605	0.29131537675857544	-0.16865868866443634	0.2137269675731659	0.002188377780839801	-0.12764401733875275	-0.23780545592308044	-0.017743267118930817	-0.10566974431276321	-0.5593549013137817	-0.2257554680109024
LH_Vis_8	0.23336325585842133	0.808112382888794	0.748026967048645	0.7023141384124756	0.8131259083747864	0.6067386269569397	0.5745915174484253	1.0	0.9160064458847046	-0.14921677112579346	-0.3262498676776886	-0.2849369943141937	-0.07689114660024643	-0.3925839960575104	-0.4939534068107605	0.40921738743782043	-0.5597939491271973	0.4492833912372589	-0.694192111492157	0.13313354551792145	-0.427921324968338	-0.35494983196258545	-0.46341240406036377	-0.09359370172023773	-0.04841810092329979	-0.2514733672142029	-0.05950388312339783	-0.3551521599292755	0.4435438811779022	-0.6807587146759033	0.03580280765891075	-0.3203393518924713	0.11392069607973099	0.03410731256008148	-0.08851470798254013	0.376056045293808	0.07574097812175751	-0.07090234011411667	0.0006377249956130981	0.11196110397577286	0.28077638149261475	-0.1488717645406723	0.0012138134334236383	-0.010263878852128983	0.3629896640777588	-0.3924814462661743	-0.1564851552248001	-0.1196286678314209	0.7146638631820679	0.46164602041244507	-0.2203034609556198	0.6169658303260803	0.5799275040626526	0.5269594788551331	0.786891520023346	0.7721452116966248	0.8714679479598999	0.8578424453735352	-0.5517659783363342	-0.46451133489608765	-0.3350449800491333	-0.09309115260839462	0.06407011300325394	-0.29577502608299255	-0.42884594202041626	-0.39108753204345703	0.3375374674797058	-0.44031593203544617	-0.012903210707008839	0.7716774940490723	-0.2809109687805176	-0.005761633161455393	-0.2944866716861725	0.4150390326976776	-0.37199413776397705	-0.36751770973205566	0.1546153724193573	-0.3279498815536499	-0.05802483484148979	-0.3780341148376465	0.13712078332901	0.4726358950138092	0.23845452070236206	-0.1031758189201355	0.12866847217082977	0.38144201040267944	0.224217027425766	-0.009394860826432705	0.5368238091468811	0.2029011845588684	0.07527284324169159	-0.05041171982884407	0.2517174184322357	0.1411678045988083	0.27214157581329346	0.16704820096492767	-0.03463217616081238	-0.025103751569986343	0.6398580074310303	0.4965275228023529	-0.19647350907325745	0.06382596492767334	0.4481283724308014	0.41643181443214417	-0.32269376516342163	0.4180505573749542	0.19786661863327026	-0.21557044982910156	0.0026903997641056776	0.5900951027870178	-0.2674919366836548	0.3111671209335327	-0.2297518402338028	-0.01245983224362135	-0.18667516112327576	0.09825659543275833	0.15735356509685516	0.3478824496269226	-0.14501945674419403	-0.49125340580940247	-0.1554022878408432	0.323031485080719	-0.21697911620140076	0.2816396951675415	0.44864580035209656	0.3354710340499878	0.48137617111206055	0.24952606856822968	-0.07394401729106903	-0.35228419303894043	-0.08669760078191757	-0.1862182319164276	0.0025134715251624584	-0.046901773661375046	-0.19913546741008759	0.46993494033813477	-0.14707332849502563	-0.15374046564102173	-0.1656385064125061	-0.2914680540561676	-0.16453641653060913	-0.45670604705810547	-0.047766946256160736	-0.21145176887512207	-0.048377227038145065	0.07296278327703476	-0.07296660542488098	-0.33879876136779785	0.24514292180538177	-0.04883594438433647	-0.12611094117164612	-0.3536010682582855	0.045252151787281036	-0.191443532705307	-0.5049918293952942	-0.4307689070701599
LH_Vis_9	0.1613931804895401	0.7641087174415588	0.7430485486984253	0.5790480375289917	0.7513632774353027	0.5985642075538635	0.5170694589614868	0.9160064458847046	1.0	-0.1269403100013733	-0.3107084631919861	-0.36520615220069885	-0.17609776556491852	-0.5234876871109009	-0.5530581474304199	0.31681180000305176	-0.5925116539001465	0.37170344591140747	-0.7617332339286804	0.1906566023826599	-0.5105946660041809	-0.35992881655693054	-0.5487551689147949	-0.037864137440919876	-0.029137225821614265	-0.12833160161972046	0.010601743124425411	-0.18753181397914886	0.48374664783477783	-0.6359032988548279	0.10894252359867096	-0.30859559774398804	0.07620015740394592	-0.02819209359586239	-0.16749180853366852	0.4994741380214691	0.22029229998588562	-0.07420256733894348	-0.011052655056118965	0.14235179126262665	0.26345136761665344	0.022677777335047722	0.012251191772520542	0.011951007880270481	0.34936991333961487	-0.3316565752029419	-0.11427256464958191	-0.10153575986623764	0.7321537137031555	0.4637855291366577	-0.19193938374519348	0.6429091691970825	0.6152767539024353	0.41995978355407715	0.752708911895752	0.8053120374679565	0.8219545483589172	0.9095993638038635	-0.4074646532535553	-0.4153324365615845	-0.2685476243495941	-0.08012988418340683	-0.00702508632093668	-0.34612610936164856	-0.43869855999946594	-0.4085533022880554	0.4409104287624359	-0.48711729049682617	-0.03818989172577858	0.731134295463562	-0.19038434326648712	-0.023474574089050293	-0.2645409107208252	0.4997694492340088	-0.25136488676071167	-0.2645922303199768	0.321577250957489	-0.21681183576583862	-0.08097592741250992	-0.39498764276504517	0.20372189581394196	0.46294939517974854	0.16697008907794952	-0.14328031241893768	0.22773738205432892	0.3446362316608429	0.319029301404953	0.08849122375249863	0.5603997111320496	0.22533072531223297	0.10304086655378342	-0.041166480630636215	0.3057650327682495	0.19088833034038544	0.23978862166404724	0.14704939723014832	-0.0526898056268692	0.014720379374921322	0.6422573924064636	0.4650009572505951	-0.14350304007530212	0.08143263310194016	0.5195374488830566	0.4004693329334259	-0.30448949337005615	0.4066942632198334	0.29400575160980225	-0.09762205183506012	0.012300143949687481	0.5308107137680054	-0.26899585127830505	0.40373173356056213	-0.34077441692352295	0.07741151750087738	-0.10751815885305405	0.1538752317428589	0.16752496361732483	0.37621787190437317	-0.243379145860672	-0.38732418417930603	-0.1733240932226181	0.34632235765457153	-0.13658691942691803	0.17857849597930908	0.4061338007450104	0.3692295551300049	0.3963516056537628	0.3302900493144989	-0.032915860414505005	-0.3149358034133911	-0.06943488866090775	-0.1568896621465683	0.012111291289329529	0.039613451808691025	-0.22747813165187836	0.5497942566871643	-0.1375626027584076	-0.1246178075671196	-0.1074604019522667	-0.23431901633739471	-0.17324402928352356	-0.5100663900375366	-0.050587281584739685	-0.28106895089149475	-0.08219631761312485	0.0513540543615818	-0.03007166087627411	-0.2772950530052185	0.2782537341117859	-0.037197455763816833	-0.04131099581718445	-0.3388047516345978	0.05046764761209488	-0.11544820666313171	-0.45178118348121643	-0.43857938051223755
LH_SomMot_1	0.055098503828048706	-0.11419714987277985	-0.22632290422916412	-0.06090642884373665	-0.28344273567199707	-0.4222594201564789	0.2929403483867645	-0.14921677112579346	-0.1269403100013733	1.0	0.2260199338197708	0.5689254999160767	0.5789382457733154	0.19847597181797028	0.10584680736064911	0.35173889994621277	0.4526953399181366	0.17308399081230164	0.40523627400398254	-0.03140221908688545	0.30683568120002747	0.3749586045742035	0.390855610370636	0.18101298809051514	0.33834534883499146	0.26445525884628296	0.1934063732624054	0.1937250792980194	0.07847882807254791	0.2698526978492737	-0.38578322529792786	0.49305590987205505	0.18732278048992157	0.2551910877227783	0.33216241002082825	-0.05258876457810402	0.16319507360458374	0.48845645785331726	0.4620421528816223	0.31480079889297485	0.02132406271994114	0.06401503831148148	0.01254306361079216	-0.11780956387519836	-0.2154872566461563	0.1195133700966835	0.07468681037425995	-0.022406231611967087	0.12439614534378052	0.035196252167224884	0.007807145360857248	-0.3230932354927063	-0.14915715157985687	-0.13918840885162354	-0.32098081707954407	-0.26047566533088684	-0.3050868809223175	-0.21141809225082397	0.5996062755584717	0.29676342010498047	0.11589685082435608	0.3857109248638153	0.38222211599349976	0.014872068539261818	0.23249010741710663	0.1262194663286209	-0.2991376221179962	0.03586050122976303	0.07577905803918839	-0.0537966825067997	0.1943647712469101	0.16891874372959137	0.326382040977478	-0.1786893755197525	0.011479885317385197	0.20439276099205017	-0.10031968355178833	0.04137599095702171	-0.5419794917106628	0.3558013141155243	-0.1362265795469284	-0.18425214290618896	-0.21999868750572205	0.08926499634981155	-0.22348809242248535	-0.060266926884651184	-0.002579631982371211	0.1307131052017212	0.06427493691444397	-0.33312657475471497	-0.29485878348350525	-0.08157411217689514	-0.059851210564374924	-0.10395238548517227	-0.17302332818508148	-0.19069018959999084	-0.017878742888569832	0.07587257772684097	-0.019444085657596588	-0.049057330936193466	0.1259712278842926	-0.047996435314416885	0.08595665544271469	0.013808607123792171	0.275272935628891	-0.032432373613119125	-0.012925098650157452	0.2825656533241272	0.148661270737648	0.19686011970043182	0.25657668709754944	-0.47569942474365234	0.30612796545028687	0.14136843383312225	0.009681180119514465	-0.32009825110435486	-0.20720575749874115	-0.19560329616069794	-0.09678865224123001	-0.03668665140867233	-0.034946732223033905	-0.41125503182411194	0.10638782382011414	-0.37245288491249084	0.23750363290309906	-0.4548286497592926	-0.3660207986831665	-0.40094780921936035	-0.1776483803987503	0.13202524185180664	-0.035375192761421204	0.03477654233574867	0.2846163213253021	-0.43100592494010925	0.1424994170665741	0.11333520710468292	-0.15902283787727356	0.005604545120149851	-0.1904142200946808	0.3713509440422058	-0.0812082439661026	0.10124686360359192	0.25572168827056885	0.41462838649749756	0.0038642599247395992	-0.18763461709022522	0.06590359658002853	-0.06533998996019363	-0.0699593648314476	0.188246488571167	-0.14042288064956665	-0.023755265399813652	-0.3336513042449951	0.10034139454364777	-0.2052972912788391	0.17807701230049133
LH_SomMot_2	-0.11124690622091293	-0.2916632890701294	0.04056628420948982	-0.5260967016220093	-0.4816012978553772	-0.025652416050434113	0.003790212096646428	-0.3262498676776886	-0.3107084631919861	0.2260199338197708	1.0	0.677850604057312	0.35433024168014526	0.6126146912574768	0.5875344276428223	-0.20726463198661804	0.19484014809131622	-0.45617198944091797	0.5130440592765808	-0.533807635307312	0.25746026635169983	0.03641654551029205	0.3549562990665436	-0.5183577537536621	0.4404550790786743	0.24487599730491638	-0.5523712038993835	0.05931168794631958	-0.3568161725997925	0.448477178812027	-0.23561187088489532	0.45273005962371826	-0.23946240544319153	-0.3835854232311249	-0.1495392918586731	-0.27191483974456787	-0.1756274700164795	0.1399245262145996	0.04337552934885025	-0.37497666478157043	-0.432304710149765	-0.12500007450580597	-0.146806001663208	-0.3871462643146515	-0.6966090202331543	0.02033231407403946	-0.012984833680093288	-0.5403546690940857	-0.2936989367008209	-0.3307301104068756	-0.10435368120670319	-0.2775820791721344	-0.40446147322654724	-0.44679492712020874	-0.28855785727500916	-0.15062817931175232	-0.29247167706489563	-0.21116873621940613	0.6359254121780396	0.8203091025352478	0.6422716379165649	0.5444101095199585	0.48125389218330383	0.5157004594802856	0.48014435172080994	0.5971536040306091	-0.3575265109539032	0.37338849902153015	-0.12454000860452652	-0.35273638367652893	-0.1361236572265625	0.04636218771338463	0.3603525757789612	-0.48322051763534546	0.04760045185685158	0.3765176236629486	0.07866701483726501	0.3921618163585663	-0.14495500922203064	0.2740633487701416	-0.4374479055404663	-0.4767366647720337	-0.6663699150085449	-0.1774114966392517	-0.2579095661640167	-0.3165130615234375	-0.133736714720726	-0.15329769253730774	-0.3487844467163086	-0.10315258055925369	-0.38300663232803345	-0.03914634510874748	-0.15902605652809143	-0.4661390483379364	-0.3776053488254547	-0.3231528401374817	-0.17737285792827606	-0.5262437462806702	-0.35711100697517395	-0.23855504393577576	-0.008105835877358913	-0.4451644718647003	-0.5547099709510803	-0.2720142602920532	0.08760576695203781	0.2213817834854126	0.2133939117193222	0.14081302285194397	0.5524776577949524	-0.11108320951461792	0.32654738426208496	-0.230739563703537	0.04968913644552231	0.3016606569290161	-0.06314190477132797	-0.3989657461643219	-0.505143940448761	-0.5749441981315613	0.20626433193683624	0.4258776009082794	-0.07122507691383362	0.05358123779296875	-0.16911596059799194	-0.0781223401427269	0.017869988456368446	-0.028573468327522278	0.10860411822795868	-0.2705239951610565	0.5839213132858276	0.1374414712190628	0.6440386176109314	0.5241045355796814	0.3728320896625519	0.20773769915103912	0.7657862901687622	-0.049370065331459045	0.07057096809148788	0.3118179142475128	0.3926367461681366	0.5682790279388428	0.2201700508594513	0.43188008666038513	0.3510062098503113	-0.18356750905513763	0.016901938244700432	-0.27302485704421997	0.5642257928848267	0.4234207272529602	0.13314826786518097	0.14490154385566711	0.0810084119439125	-0.3956764042377472	-0.25568652153015137	-0.38864946365356445	-0.33394303917884827	0.1282602697610855
LH_SomMot_3	-0.04255950450897217	-0.27969539165496826	-0.11931764334440231	-0.46441972255706787	-0.46301156282424927	-0.15529100596904755	0.100014828145504	-0.2849369943141937	-0.36520615220069885	0.5689254999160767	0.677850604057312	1.0	0.6490558385848999	0.7576643228530884	0.5780178308486938	0.05128611624240875	0.5522469282150269	-0.10682280361652374	0.7350221872329712	-0.3073505461215973	0.5743076801300049	0.332040935754776	0.6922433376312256	-0.1688784956932068	0.3028660714626312	0.39726248383522034	-0.2252196967601776	0.06888853013515472	-0.20581188797950745	0.5861034393310547	-0.44298359751701355	0.5044835209846497	0.0316258929669857	-0.011903773061931133	0.21793843805789948	-0.4303325116634369	-0.3856034278869629	0.14143003523349762	0.17726467549800873	-0.037113603204488754	-0.3966946005821228	-0.1955423206090927	-0.13694748282432556	-0.2848948538303375	-0.5616545081138611	-0.06821285933256149	-0.13603095710277557	-0.33529558777809143	-0.2614132761955261	-0.41895410418510437	-0.1255524605512619	-0.36790868639945984	-0.5653946399688721	-0.5393379926681519	-0.39624738693237305	-0.27799955010414124	-0.4616948962211609	-0.3339630961418152	0.5371425747871399	0.6588587164878845	0.6200595498085022	0.46123433113098145	0.741678774356842	0.48247504234313965	0.5610317587852478	0.44298508763313293	-0.5100897550582886	0.4615851938724518	0.15064556896686554	-0.1578037142753601	0.13196124136447906	0.31407538056373596	0.6452482342720032	-0.5439355373382568	0.14597272872924805	0.39466777443885803	-0.15204674005508423	0.3753688931465149	-0.40830865502357483	0.3615512251853943	-0.3968852162361145	-0.4122205674648285	-0.4861854612827301	0.06700920313596725	-0.2692835330963135	-0.4315674304962158	-0.44624295830726624	-0.14542937278747559	-0.3108295798301697	-0.5317307710647583	-0.5051450729370117	-0.2982789874076843	-0.4667375981807709	-0.3987800180912018	-0.5340320467948914	-0.34555959701538086	-0.2846373915672302	-0.27498099207878113	-0.366446852684021	-0.46179264783859253	0.08266381919384003	-0.3307062089443207	-0.46782371401786804	-0.07143581658601761	0.18827871978282928	0.0027826204895973206	0.10760053992271423	0.1451384276151657	0.3967570662498474	0.13042451441287994	0.29425838589668274	-0.4880901277065277	0.4563923478126526	0.30865320563316345	0.1087508574128151	-0.4247545599937439	-0.47504106163978577	-0.512148916721344	0.1084803119301796	0.1981901079416275	0.07890436798334122	-0.08217740058898926	-0.01216915249824524	-0.19694918394088745	0.14020632207393646	-0.42254114151000977	-0.16763395071029663	-0.3947015702724457	0.08616411685943604	0.18577976524829865	0.2257338911294937	0.12507544457912445	0.3266969919204712	-0.21371550858020782	0.6213570833206177	-0.18021273612976074	0.03744271770119667	0.15434406697750092	0.11485672742128372	0.37660858035087585	0.10950616002082825	0.4360736310482025	0.2902067303657532	0.27268457412719727	0.051406875252723694	-0.24107976257801056	0.4323219656944275	0.37333306670188904	0.10080748796463013	0.27485474944114685	0.09574168920516968	-0.15311212837696075	-0.2832392156124115	-0.09877004474401474	-0.17889109253883362	0.20237277448177338
