Node	DMN_LABEL_1	Vis_LABEL_2	FP_LABEL_3	Aud_LABEL_4	Tpole_LABEL_5	PMN_LABEL_6	PON_LABEL_7	MTL_LABEL_8	PON_LABEL_9	CO_LABEL_10	Sal_LABEL_11	CO_LABEL_12	SMd_LABEL_13	SMl_LABEL_14	DAN_LABEL_15	DMN_LABEL_16	CO_LABEL_17	DMN_LABEL_18	VAN_LABEL_19	CO_LABEL_20	CO_LABEL_21	Sal_LABEL_22	DAN_LABEL_23	PMN_LABEL_24	DAN_LABEL_25	DMN_LABEL_26	DMN_LABEL_27	DMN_LABEL_28	Vis_LABEL_29	FP_LABEL_30	Aud_LABEL_31	Tpole_LABEL_32	PMN_LABEL_33	PON_LABEL_34	MTL_LABEL_35	CO_LABEL_36	Sal_LABEL_37	CO_LABEL_38	SMd_LABEL_39	SMl_LABEL_40	DAN_LABEL_41	CO_LABEL_42	VAN_LABEL_43	CO_LABEL_44	CO_LABEL_45	Sal_LABEL_46	DAN_LABEL_47	PMN_LABEL_48	DAN_LABEL_49	DMN_LABEL_50	FP_LABEL_51	DMN_LABEL_52	DMN_LABEL_53	PON_LABEL_54	DMN_LABEL_55	Tpole_LABEL_56	Tpole_LABEL_57	Sal_LABEL_58	Sal_LABEL_59	SMd_LABEL_60	DAN_LABEL_61	FP_LABEL_62	DMN_LABEL_63	FP_LABEL_64	FP_LABEL_65	SMd_LABEL_66	SMl_LABEL_67	SMd_LABEL_68	DMN_LABEL_69	DAN_LABEL_70	DMN_LABEL_71	FP_LABEL_72	SMd_LABEL_73	SMl_LABEL_74	MTL_LABEL_75	MTL_LABEL_76	CO_LABEL_77	CO_LABEL_78	Vis_LABEL_79	Vis_LABEL_80
DMN_LABEL_1	1.0	-0.4351968467235565	-0.060157399624586105	-0.3888692259788513	0.24752162396907806	0.36782175302505493	0.3931727409362793	n/a	-0.34256502985954285	-0.2787262797355652	0.48030489683151245	-0.13479547202587128	-0.1164623349905014	-0.16509626805782318	-0.4964885711669922	0.853705883026123	-0.1266554892063141	0.5191868543624878	0.04678267985582352	-0.2676137685775757	-0.22535644471645355	-0.18220661580562592	-0.49948063492774963	0.03346405550837517	-0.3993892967700958	0.7174658179283142	0.5542994141578674	0.6283092498779297	-0.5836018323898315	-0.3367968201637268	-0.18845275044441223	0.43487048149108887	-0.10271256417036057	0.13832052052021027	n/a	-0.3199489414691925	0.1556631177663803	-0.2066628485918045	-0.21631993353366852	-0.10451929271221161	-0.55543053150177	-0.2194591462612152	-0.013074914924800396	-0.18846110999584198	-0.48407018184661865	-0.24003848433494568	-0.6800026297569275	-0.18437598645687103	-0.5282648205757141	0.6434702277183533	-0.299816757440567	0.5976485013961792	0.4550808072090149	-0.5022674798965454	0.5493098497390747	-0.019088860601186752	0.18344417214393616	-0.10939499735832214	0.003948181867599487	-0.4353484809398651	0.16299934685230255	-0.1626637876033783	0.5060612559318542	-0.2612321674823761	-0.38302287459373474	-0.07985568046569824	-0.20759285986423492	-0.01677871122956276	0.19225704669952393	0.08725303411483765	0.31207236647605896	0.1913612335920334	-0.008600866422057152	-0.0375683456659317	0.19551263749599457	0.20610849559307098	-0.11627079546451569	0.09523366391658783	0.0583539754152298	0.08909562230110168
Vis_LABEL_2	-0.4351968467235565	1.0	-0.015196627005934715	0.21637216210365295	-0.132360577583313	0.0590059719979763	-0.07050076872110367	n/a	0.2604844868183136	-0.01194750051945448	-0.11229173094034195	0.01735900156199932	-0.008325345814228058	0.12255918979644775	0.17045541107654572	-0.4427577257156372	-0.050473861396312714	-0.2393164187669754	0.05577326565980911	0.04039666801691055	0.03316963464021683	0.17958824336528778	0.10931548476219177	0.19121544063091278	0.48776957392692566	-0.017307639122009277	-0.12271499633789062	-0.24669429659843445	0.8140166997909546	0.07576757669448853	0.15195409953594208	-0.31045007705688477	0.21676883101463318	-0.0004838750755880028	n/a	0.028337517753243446	-0.1794041395187378	-0.08327219635248184	-0.06640476733446121	0.08524052053689957	0.19121220707893372	-0.09719367325305939	-0.25972527265548706	0.10901793837547302	-0.001032938016578555	-0.11597628146409988	0.1876751035451889	-0.05374753475189209	0.24327129125595093	-0.6995408535003662	0.15973250567913055	-0.47578319907188416	-0.638477623462677	0.29515546560287476	-0.3974020779132843	0.3242814838886261	-0.24088390171527863	0.03726065158843994	-0.17573177814483643	0.2937390208244324	-0.3289278745651245	-0.021157843992114067	-0.34355875849723816	0.042895760387182236	-0.09315722435712814	-0.007640148978680372	0.24262061715126038	-0.03879911080002785	0.30796512961387634	-0.06008944287896156	0.1331675797700882	-0.3144414722919464	0.2939970791339874	0.1870577484369278	0.09676594287157059	-0.028965191915631294	0.21152016520500183	-0.05911770462989807	0.3516337275505066	0.05804818123579025
FP_LABEL_3	-0.060157399624586105	-0.015196627005934715	1.0	-0.14040124416351318	-0.3174804151058197	-0.09733393043279648	0.10696254670619965	n/a	0.13094186782836914	-0.05105346813797951	-0.1880226880311966	-0.050098538398742676	0.08886411041021347	-0.43441712856292725	0.2180028110742569	0.06075544282793999	-0.3264528512954712	0.2744850218296051	-0.26833873987197876	-0.3413870334625244	-0.0020341076888144016	0.05395686626434326	-0.01838938519358635	0.16402138769626617	-0.06380973756313324	0.03368011862039566	0.3624167740345001	0.14375543594360352	-0.18598638474941254	0.5989068150520325	-0.05409416928887367	-0.39305293560028076	0.0681164413690567	-0.011629036627709866	n/a	0.015801362693309784	-0.10808013379573822	-0.0662144273519516	0.09659576416015625	-0.4323088824748993	0.340384840965271	-0.2546025514602661	-0.33616241812705994	-0.07555003464221954	-0.013761138543486595	0.056268565356731415	-0.056170105934143066	-0.03465133160352707	0.25851970911026	0.042258039116859436	0.4177643060684204	-0.45498576760292053	-0.11979394406080246	0.04294230416417122	0.185793936252594	0.24949127435684204	-0.23027853667736053	-0.15869376063346863	0.013189461082220078	0.16092562675476074	0.10535851120948792	0.1450342983007431	-0.3155224025249481	0.13211634755134583	0.1575469970703125	0.05564707890152931	-0.2046850025653839	0.11226286739110947	-0.1331162452697754	-0.1587425023317337	0.1928381621837616	0.4495932459831238	0.2299196422100067	-0.20482617616653442	0.09860498458147049	0.24718859791755676	0.0003594028821680695	-0.17650078237056732	0.0720207467675209	0.2032901495695114
Aud_LABEL_4	-0.3888692259788513	0.21637216210365295	-0.14040124416351318	1.0	-0.03586084768176079	-0.18837401270866394	-0.009822333231568336	n/a	0.2242979258298874	-0.16566985845565796	-0.3033283054828644	-0.244412362575531	0.24826960265636444	0.44144755601882935	0.05889850854873657	-0.4065978527069092	-0.09086340665817261	-0.10475881397724152	-0.2027224600315094	0.3458675146102905	-0.19264063239097595	-0.10253215581178665	-0.19301699101924896	-0.2747672200202942	-0.10887613892555237	-0.1725964993238449	-0.17974722385406494	-0.13766539096832275	0.29725152254104614	0.3086951971054077	0.8156893849372864	0.04475108161568642	0.024488456547260284	0.0661635771393776	n/a	0.11714474111795425	0.09239494055509567	-0.1564762145280838	0.3580935001373291	0.42967531085014343	0.1711675226688385	0.07530200481414795	-0.3006388247013092	0.43554559350013733	0.12558433413505554	-0.006099431775510311	0.1356588453054428	0.01032047625631094	0.018860185518860817	-0.19360631704330444	0.4635099172592163	-0.2644186019897461	-0.3427347242832184	0.1947082132101059	0.099579356610775	0.11881842464208603	0.13566727936267853	-0.12563687562942505	-0.11638308316469193	0.07361775636672974	-0.14429588615894318	0.026982570067048073	-0.17085127532482147	0.2839266061782837	0.11455374956130981	-0.10530731081962585	0.09877010434865952	-0.11555014550685883	0.007155792322009802	0.14038904011249542	-0.14376452565193176	-0.20091262459754944	0.14155828952789307	0.27617985010147095	-0.07289081066846848	-0.20752854645252228	0.01072104275226593	-0.21697744727134705	-0.007459206972271204	-0.2551352083683014
Tpole_LABEL_5	0.24752162396907806	-0.132360577583313	-0.3174804151058197	-0.03586084768176079	1.0	-0.1121925488114357	0.03976669907569885	n/a	-0.3572145700454712	0.09494499117136002	0.2543147802352905	0.059419192373752594	-0.016278421506285667	0.20951183140277863	-0.3987216651439667	0.20397484302520752	0.06293134391307831	-0.05062556639313698	0.3206983208656311	-0.020189084112644196	0.09486932307481766	-0.10537763684988022	-0.2508377432823181	-0.30373984575271606	-0.1490369290113449	0.3924398422241211	0.11893410235643387	0.19253456592559814	-0.29105937480926514	-0.4523773193359375	0.09680051356554031	0.5567471981048584	-0.21280218660831451	-0.07015425711870193	n/a	-0.19603632390499115	-0.19993312656879425	0.01970701850950718	-0.2755105793476105	0.28931373357772827	-0.36139991879463196	-0.08667096495628357	0.08828326314687729	0.07981372624635696	-0.2709810733795166	-0.22139900922775269	-0.3055418133735657	-0.24676907062530518	-0.35376212000846863	-0.014281058683991432	-0.38124385476112366	0.2877987325191498	0.04377119243144989	-0.2747436463832855	-0.14142745733261108	0.12512457370758057	0.22289060056209564	0.11008600890636444	0.11430393159389496	-0.10204571485519409	-0.18800684809684753	-0.030567532405257225	0.32873085141181946	-0.42877355217933655	-0.13376101851463318	0.04365283623337746	0.21049772202968597	-0.45471474528312683	0.22161871194839478	-0.018350761383771896	0.3110489249229431	-0.26356902718544006	-0.18825282156467438	0.19278641045093536	0.1469758301973343	0.05107547342777252	0.1399783492088318	0.0063101546838879585	0.17016133666038513	-0.06227364391088486
PMN_LABEL_6	0.36782175302505493	0.0590059719979763	-0.09733393043279648	-0.18837401270866394	-0.1121925488114357	1.0	0.34249642491340637	n/a	-0.06516803056001663	-0.20155452191829681	0.3517999053001404	-0.20675097405910492	-0.10436734557151794	-0.11991144716739655	-0.3178456127643585	0.20181876420974731	0.19068123400211334	-0.012359019368886948	-0.2935338020324707	0.10126616060733795	-0.10819578170776367	0.22652578353881836	-0.19048771262168884	0.6659038662910461	-0.0721731036901474	0.2003660798072815	0.002103640930727124	0.04190586134791374	0.0362667590379715	-0.09799021482467651	0.008516808971762657	-0.24124892055988312	0.5963719487190247	0.3199314773082733	n/a	-0.35908618569374084	0.4246044456958771	-0.1924557387828827	-0.21808625757694244	-0.11108734458684921	-0.4366392493247986	0.11657819896936417	0.027903305366635323	-0.03760899230837822	-0.042074259370565414	0.029568826779723167	-0.37790045142173767	0.3002464771270752	-0.32475584745407104	0.10413999110460281	-0.07262608408927917	0.2762238383293152	0.039272867143154144	-0.30320167541503906	0.1285899132490158	-0.15027570724487305	-0.059889718890190125	-0.05837604030966759	-0.1278057098388672	-0.17280146479606628	0.08739610016345978	-0.11986026167869568	0.0777001604437828	-0.10670898854732513	-0.36871010065078735	0.3177235424518585	0.12697464227676392	0.21159042418003082	-0.12341947108507156	0.4156758785247803	-0.08284950256347656	0.09052027016878128	0.15479561686515808	0.060765352100133896	0.5525277256965637	0.5163089632987976	-0.1660269796848297	-0.01390541810542345	0.35853874683380127	0.21717017889022827
PON_LABEL_7	0.3931727409362793	-0.07050076872110367	0.10696254670619965	-0.009822333231568336	0.03976669907569885	0.34249642491340637	1.0	n/a	0.28183114528656006	-0.4494468867778778	0.06518399715423584	-0.5236359238624573	-0.11987612396478653	-0.057495083659887314	-0.27231359481811523	0.13486208021640778	0.042501501739025116	0.022355133667588234	-0.33658671379089355	0.19890157878398895	-0.31496962904930115	-0.027817144989967346	-0.2613247036933899	0.21570321917533875	-0.19000306725502014	0.42168670892715454	0.09684184193611145	0.03737075999379158	-0.36225423216819763	0.12231426686048508	0.3052421808242798	0.07102151960134506	0.22126097977161407	0.8595027327537537	n/a	-0.3766351044178009	0.03495773673057556	-0.4403517544269562	-0.005487452726811171	-0.07824365049600601	-0.36844590306282043	-0.028534304350614548	0.050646260380744934	0.3365240693092346	-0.2921763062477112	0.009152451530098915	-0.5430462956428528	0.3020120859146118	-0.2130497694015503	0.37273451685905457	0.050408653914928436	0.2031528204679489	0.04052059352397919	0.005441711749881506	0.3887288570404053	0.009488988667726517	-0.21491418778896332	-0.287980854511261	-0.2553083896636963	-0.3670254945755005	-0.022975578904151917	-0.049600664526224136	0.10742431879043579	-0.050147686153650284	0.00014149500930216163	0.16024863719940186	-0.10873051732778549	-0.14038968086242676	0.01853516325354576	0.2167530655860901	0.1293448805809021	-0.01972341723740101	-0.00916235614567995	0.1169382855296135	0.44860920310020447	0.5066887736320496	-0.39716172218322754	-0.43369442224502563	0.1656203269958496	0.2048291265964508
MTL_LABEL_8	n/a	n/a	n/a	n/a	n/a	n/a	n/a	1.0	n/a	n/a	n/a	n/a	n/a	n/a	n/a	n/a	n/a	n/a	n/a	n/a	n/a	n/a	n/a	n/a	n/a	n/a	n/a	n/a	n/a	n/a	n/a	n/a	n/a	n/a	n/a	n/a	n/a	n/a	n/a	n/a	n/a	n/a	n/a	n/a	n/a	n/a	n/a	n/a	n/a	n/a	n/a	n/a	n/a	n/a	n/a	n/a	n/a	n/a	n/a	n/a	n/a	n/a	n/a	n/a	n/a	n/a	n/a	n/a	n/a	n/a	n/a	n/a	n/a	n/a	n/a	n/a	n/a	n/a	n/a	n/a
PON_LABEL_9	-0.34256502985954285	0.2604844868183136	0.13094186782836914	0.2242979258298874	-0.3572145700454712	-0.06516803056001663	0.28183114528656006	n/a	1.0	-0.3037717938423157	-0.38958510756492615	-0.3603431284427643	-0.21415242552757263	-0.01641150936484337	0.37071460485458374	-0.3950507938861847	-0.035992179065942764	-0.2790367901325226	-0.13523024320602417	0.2386815994977951	-0.26899588108062744	0.21303392946720123	0.18635667860507965	0.17325294017791748	0.5698540210723877	-0.10812307894229889	-0.22503222525119781	-0.4303566515445709	0.312053382396698	0.4270264208316803	0.19753381609916687	-0.21328963339328766	0.2727946937084198	0.4602355360984802	n/a	-0.16976679861545563	0.06720641255378723	-0.43493378162384033	-0.016368141397833824	-0.1350434124469757	0.31194642186164856	-0.16723667085170746	-0.2239474654197693	0.3761289119720459	0.005625745747238398	0.40014714002609253	0.20382022857666016	0.3540712296962738	0.5741084218025208	-0.1942424476146698	0.28394630551338196	-0.17450402677059174	0.0177620742470026	0.8343558311462402	0.03981293365359306	-0.09951495379209518	-0.35607030987739563	-0.27165183424949646	-0.232677161693573	-0.09640347212553024	-0.1608504205942154	0.008470379747450352	-0.39623597264289856	0.18253594636917114	0.2889431118965149	0.13075821101665497	-0.03535076975822449	-0.036773789674043655	0.14009593427181244	-0.038311611860990524	-0.0882098451256752	0.13093526661396027	-0.0728328600525856	0.046184998005628586	0.10587386786937714	0.03816664218902588	-0.14875946938991547	-0.36222583055496216	-0.14278532564640045	0.2492217868566513
CO_LABEL_10	-0.2787262797355652	-0.01194750051945448	-0.05105346813797951	-0.16566985845565796	0.09494499117136002	-0.20155452191829681	-0.4494468867778778	n/a	-0.3037717938423157	1.0	0.15782800316810608	0.7866626381874084	0.2625141441822052	0.06626583635807037	0.16225562989711761	-0.3337932527065277	0.5306647419929504	-0.4485636055469513	0.055840037763118744	0.20810411870479584	0.9028978943824768	-0.08248066157102585	0.26029661297798157	-0.22219866514205933	-0.03108466975390911	-0.2010810375213623	-0.2934420108795166	-0.21519750356674194	0.051549121737480164	-0.38202008605003357	-0.3010658621788025	-0.12958301603794098	-0.2392890453338623	-0.3836342990398407	n/a	0.7307844758033752	-0.10605739057064056	0.8114011883735657	0.12089574337005615	0.11973873525857925	0.17453746497631073	0.5493406653404236	0.4769778847694397	-0.1967526227235794	0.690876841545105	-0.27080392837524414	0.16430409252643585	-0.2296450287103653	-0.005633298773318529	-0.43142470717430115	-0.45263415575027466	-0.008559786714613438	-0.29361802339553833	-0.06285256147384644	-0.5773407220840454	0.06028005853295326	-0.016820237040519714	0.45828720927238464	0.3734188675880432	0.35374099016189575	0.011918185278773308	-0.2100324183702469	-0.1725693643093109	-0.3154783248901367	-0.24936825037002563	-0.13155364990234375	0.2105606347322464	0.311676025390625	-0.12329261004924774	0.019493509083986282	-0.3179865777492523	-0.12572067975997925	0.13945543766021729	-0.12975521385669708	-0.23349136114120483	-0.0739939957857132	0.44878700375556946	0.3624502718448639	-0.17120470106601715	-0.40167173743247986
Sal_LABEL_11	0.48030489683151245	-0.11229173094034195	-0.1880226880311966	-0.3033283054828644	0.2543147802352905	0.3517999053001404	0.06518399715423584	n/a	-0.38958510756492615	0.15782800316810608	1.0	0.24207116663455963	-0.11497074365615845	-0.1917250156402588	-0.4753304719924927	0.3938494920730591	-0.0012813357170671225	0.21084699034690857	-0.17209790647029877	-0.24806496500968933	0.24496763944625854	0.1394149363040924	-0.3804430365562439	-0.10485048592090607	-0.33118653297424316	0.4955015778541565	0.35572558641433716	0.4943252503871918	-0.14516723155975342	-0.5328129529953003	-0.2579481899738312	0.09309174120426178	-0.1618518829345703	-0.0709882378578186	n/a	-0.11134064942598343	0.46133673191070557	0.16406892240047455	-0.1994420886039734	-0.09563861042261124	-0.501909077167511	0.014761127531528473	0.05589373782277107	-0.29083240032196045	-0.14001545310020447	-0.1061273068189621	-0.5337793827056885	-0.43447041511535645	-0.5377191305160522	0.11684592813253403	-0.33809834718704224	0.31844595074653625	0.12589989602565765	-0.4835655093193054	0.19893093407154083	0.010197466239333153	0.21563465893268585	0.3929576873779297	0.30287426710128784	-0.1490875631570816	0.2701393961906433	-0.19636709988117218	0.3762325048446655	-0.2363332062959671	-0.3504107892513275	0.19589057564735413	0.04220655933022499	0.2555558383464813	-0.061820004135370255	0.2111213654279709	0.2937757968902588	0.17236310243606567	0.09943436831235886	-0.08462779223918915	0.24251684546470642	0.35032665729522705	0.09006260335445404	0.3339872360229492	0.12643064558506012	0.050251368433237076
CO_LABEL_12	-0.13479547202587128	0.01735900156199932	-0.050098538398742676	-0.244412362575531	0.059419192373752594	-0.20675097405910492	-0.5236359238624573	n/a	-0.3603431284427643	0.7866626381874084	0.24207116663455963	1.0	0.20809151232242584	-0.050470612943172455	0.09999054670333862	-0.0663900151848793	0.1587623655796051	-0.1350451558828354	0.13434047996997833	-0.11994825303554535	0.7152214050292969	-0.031417567282915115	0.16767576336860657	-0.2656894326210022	-0.04495198652148247	-0.12812842428684235	-0.11918775737285614	-0.028505567461252213	0.1418297439813614	-0.5149855613708496	-0.42584797739982605	0.01756252534687519	-0.4024491310119629	-0.5584573745727539	n/a	0.6418106555938721	-0.12479592859745026	0.8768488168716431	0.15450890362262726	0.07487106323242188	0.1879938840866089	0.2040141373872757	0.33744946122169495	-0.4773405194282532	0.3620380163192749	-0.2533515393733978	0.16612271964550018	-0.3868289589881897	-0.10059171169996262	-0.283914715051651	-0.5164287090301514	0.056435976177453995	-0.07122670859098434	-0.10741619765758514	-0.4838339388370514	0.05347180739045143	0.15091997385025024	0.44744038581848145	0.42937448620796204	0.30433040857315063	0.05907797813415527	-0.3011440634727478	-0.03828825801610947	-0.3031502366065979	-0.21337684988975525	-0.20735612511634827	0.07786370068788528	0.17083388566970825	-0.12549032270908356	-0.09827297925949097	-0.22401604056358337	-0.22078564763069153	0.023471584543585777	-0.2423682063817978	-0.44400960206985474	-0.23828646540641785	0.459841251373291	0.4509334862232208	-0.05012892931699753	-0.2636145055294037
SMd_LABEL_13	-0.1164623349905014	-0.008325345814228058	0.08886411041021347	0.24826960265636444	-0.016278421506285667	-0.10436734557151794	-0.11987612396478653	n/a	-0.21415242552757263	0.2625141441822052	-0.11497074365615845	0.20809151232242584	1.0	0.21533413231372833	-0.11539999395608902	-0.2199966460466385	0.07566744089126587	-0.08065755665302277	-0.23456694185733795	-0.023696420714259148	0.2111087143421173	-0.2147633284330368	-0.13415268063545227	-0.15016679465770721	-0.3218535780906677	-0.13536451756954193	-0.05904899537563324	0.10306863486766815	-0.06223505735397339	0.10997693985700607	0.22247567772865295	-0.012468273751437664	-0.19173088669776917	-0.1391942948102951	n/a	0.43352654576301575	-0.01702911965548992	0.25119829177856445	0.4029237926006317	0.22615590691566467	-0.09351027756929398	0.2719343304634094	-0.08809848874807358	0.025612065568566322	0.24106250703334808	-0.22889715433120728	-0.05428943410515785	-0.25093260407447815	-0.24959050118923187	-0.21680843830108643	0.16175073385238647	-0.24270375072956085	-0.37812721729278564	-0.08585983514785767	-0.03435544669628143	0.24908283352851868	0.031206276267766953	0.035420630127191544	0.06983420997858047	0.23156315088272095	-0.23670139908790588	-0.10020497441291809	-0.1973077952861786	-0.07940111309289932	-0.14695954322814941	0.02132413350045681	-0.06714377552270889	0.12931515276432037	-0.20389334857463837	0.14430227875709534	-0.17228929698467255	-0.17508356273174286	0.4579956829547882	0.11185150593519211	-0.07795386761426926	-0.14711035788059235	0.35118070244789124	0.11028595268726349	-0.06538847833871841	-0.24015675485134125
SMl_LABEL_14	-0.16509626805782318	0.12255918979644775	-0.43441712856292725	0.44144755601882935	0.20951183140277863	-0.11991144716739655	-0.057495083659887314	n/a	-0.01641150936484337	0.06626583635807037	-0.1917250156402588	-0.050470612943172455	0.21533413231372833	1.0	-0.2096889615058899	-0.28057560324668884	0.24586917459964752	-0.2883138358592987	0.10369294881820679	0.39378973841667175	0.09195280075073242	-0.04032211750745773	-0.15803444385528564	-0.1300220638513565	-0.04038530960679054	-0.1109684631228447	-0.20262150466442108	-0.15641571581363678	0.05481455475091934	-0.1118742898106575	0.4161871373653412	0.37258628010749817	-0.016373880207538605	-0.016818031668663025	n/a	0.1160675436258316	-0.09512456506490707	0.11486469954252243	0.00014455686323344707	0.9628516435623169	-0.1632193773984909	0.21336738765239716	-0.033006809651851654	0.3056740462779999	0.1935615837574005	-0.050869546830654144	-0.010243771597743034	-0.008683862164616585	-0.18886558711528778	-0.20274311304092407	-0.019940700381994247	0.19543954730033875	-0.21809495985507965	-0.03487013280391693	-0.20270869135856628	0.17221935093402863	0.2189422845840454	-0.14922243356704712	-0.27480262517929077	-0.148886039853096	-0.3539947271347046	-0.19587348401546478	-0.1392984241247177	-0.11429351568222046	-0.03799458593130112	-0.18611709773540497	0.5917652249336243	-0.1468542516231537	0.13751251995563507	-0.03436722978949547	-0.2718650698661804	-0.27576595544815063	0.09301228076219559	0.7741833925247192	-0.060712479054927826	-0.1762445718050003	0.09368347376585007	-0.2016334980726242	0.11318863928318024	-0.15840822458267212
DAN_LABEL_15	-0.4964885711669922	0.17045541107654572	0.2180028110742569	0.05889850854873657	-0.3987216651439667	-0.3178456127643585	-0.27231359481811523	n/a	0.37071460485458374	0.16225562989711761	-0.4753304719924927	0.09999054670333862	-0.11539999395608902	-0.2096889615058899	1.0	-0.3620189428329468	0.1428229957818985	-0.32675275206565857	0.15452010929584503	0.16662737727165222	0.15282738208770752	0.261514812707901	0.7596335411071777	0.0700606107711792	0.6109941005706787	-0.4825305938720703	-0.4504548907279968	-0.5704801678657532	0.33932358026504517	0.2524224817752838	-0.1700577437877655	-0.3774682581424713	0.03049974888563156	-0.15012586116790771	n/a	0.30315831303596497	-0.1260330229997635	0.054716069251298904	0.26492467522621155	-0.24506080150604248	0.8370773196220398	0.05606338381767273	0.014961007051169872	-0.0067543089389801025	0.2593413293361664	0.36649855971336365	0.7318673729896545	0.3480056822299957	0.8079888224601746	-0.3105487823486328	0.0882401093840599	-0.35511839389801025	-0.09340529888868332	0.46901991963386536	-0.42759475111961365	0.16178962588310242	-0.11633090674877167	-0.12177005410194397	-0.10214506089687347	0.3222317695617676	0.055129747837781906	0.08197160810232162	-0.45899835228919983	0.17284025251865387	0.28715407848358154	-0.08177052438259125	-0.22346748411655426	0.13022978603839874	-0.07380613684654236	-0.06655833125114441	-0.32268571853637695	0.1281367689371109	0.04994388669729233	-0.2346026599407196	-0.38734760880470276	-0.31486740708351135	-0.13477663695812225	-0.05402261018753052	-0.1888086348772049	-0.013475787825882435
DMN_LABEL_16	0.853705883026123	-0.4427577257156372	0.06075544282793999	-0.4065978527069092	0.20397484302520752	0.20181876420974731	0.13486208021640778	n/a	-0.3950507938861847	-0.3337932527065277	0.3938494920730591	-0.0663900151848793	-0.2199966460466385	-0.28057560324668884	-0.3620189428329468	1.0	-0.3610844910144806	0.7494206428527832	0.17717275023460388	-0.5174251198768616	-0.28581157326698303	-0.07004260271787643	-0.36312511563301086	-0.02294667437672615	-0.2993241548538208	0.6180238723754883	0.6712254285812378	0.7190947532653809	-0.5157651901245117	-0.24010667204856873	-0.27749913930892944	0.3382125794887543	-0.16347721219062805	-0.15321719646453857	n/a	-0.34055712819099426	0.09127792716026306	-0.17649681866168976	-0.3019053339958191	-0.20291943848133087	-0.32782113552093506	-0.3976806104183197	-0.16562692821025848	-0.27275437116622925	-0.6073665618896484	-0.06432066857814789	-0.44002455472946167	-0.24395817518234253	-0.38364163041114807	0.6807610988616943	-0.19563104212284088	0.4725554585456848	0.5146918296813965	-0.43997159600257874	0.5347894430160522	-0.07150646299123764	0.13976874947547913	-0.15240587294101715	0.06920702755451202	-0.3233110308647156	0.14105159044265747	-0.026053454726934433	0.49315211176872253	-0.08520849794149399	-0.18296204507350922	-0.13341833651065826	-0.28354907035827637	-0.09883790463209152	0.20758359134197235	-0.06564822793006897	0.4880809783935547	0.3034314811229706	-0.03460780158638954	-0.1579999178647995	0.03628123179078102	0.08707129210233688	-0.1504623144865036	0.06324584037065506	0.04215775057673454	0.17241162061691284
CO_LABEL_17	-0.1266554892063141	-0.050473861396312714	-0.3264528512954712	-0.09086340665817261	0.06293134391307831	0.19068123400211334	0.042501501739025116	n/a	-0.035992179065942764	0.5306647419929504	-0.0012813357170671225	0.1587623655796051	0.07566744089126587	0.24586917459964752	0.1428229957818985	-0.3610844910144806	1.0	-0.6907155513763428	-0.07183322310447693	0.7150812149047852	0.5370987057685852	-0.007618229370564222	0.3720352351665497	0.24776630103588104	0.09278353303670883	-0.18527306616306305	-0.5937262177467346	-0.47786495089530945	-0.05224476754665375	-0.297631174325943	0.014958239160478115	-0.1679864078760147	0.21677035093307495	0.20660489797592163	n/a	0.42088860273361206	-0.066057950258255	0.2420472502708435	-0.05833115428686142	0.2535147964954376	-0.14102354645729065	0.8167147636413574	0.5947965383529663	0.22155721485614777	0.6226673126220703	-0.16635701060295105	0.027522636577486992	0.40341413021087646	-0.03754178434610367	-0.21222811937332153	-0.434295654296875	0.2181016206741333	-0.2587643265724182	-0.004771781153976917	-0.45047158002853394	-0.1285615712404251	-0.1502307951450348	0.12642493844032288	-0.08522854000329971	0.14989762008190155	-0.2042396515607834	-0.12431895732879639	-0.02297326922416687	-0.2810210883617401	-0.23538118600845337	-0.060139451175928116	0.24496087431907654	0.27586913108825684	-0.0790620818734169	0.29632171988487244	-0.4757629334926605	-0.18269239366054535	0.06572392582893372	0.18110983073711395	0.1183304712176323	0.16328240931034088	0.057124871760606766	0.03493460267782211	-0.06745874881744385	-0.23576931655406952
DMN_LABEL_18	0.5191868543624878	-0.2393164187669754	0.2744850218296051	-0.10475881397724152	-0.05062556639313698	-0.012359019368886948	0.022355133667588234	n/a	-0.2790367901325226	-0.4485636055469513	0.21084699034690857	-0.1350451558828354	-0.08065755665302277	-0.2883138358592987	-0.32675275206565857	0.7494206428527832	-0.6907155513763428	1.0	0.0014719266910105944	-0.6179486513137817	-0.46618664264678955	-0.1817922443151474	-0.39096981287002563	-0.22364169359207153	-0.39328381419181824	0.4557175934314728	0.810103178024292	0.7887988686561584	-0.2771223187446594	0.0783441811800003	-0.10957252979278564	0.23810110986232758	-0.35064956545829773	-0.2757174074649811	n/a	-0.29722151160240173	0.03985518589615822	-0.16980957984924316	-0.07965069264173508	-0.2639647126197815	-0.15347297489643097	-0.5146956443786621	-0.42521411180496216	-0.2907499074935913	-0.568000853061676	-0.0683668926358223	-0.2600623071193695	-0.4472283124923706	-0.32876408100128174	0.5617745518684387	0.20456638932228088	0.07717745751142502	0.3983672857284546	-0.3204706013202667	0.6597905158996582	-0.014686090871691704	0.1667318046092987	-0.17125974595546722	0.007326927036046982	-0.24760860204696655	0.17883747816085815	0.05397040396928787	0.3830706775188446	0.2124115228652954	0.037141211330890656	-0.12245917320251465	-0.3345928192138672	-0.09706106036901474	0.07552126049995422	-0.1716109663248062	0.5976775288581848	0.26911118626594543	0.0016831769607961178	-0.2531503736972809	-0.06512375175952911	-0.00841726828366518	-0.09140738099813461	0.015636546537280083	0.0633862316608429	0.060608793050050735
VAN_LABEL_19	0.04678267985582352	0.05577326565980911	-0.26833873987197876	-0.2027224600315094	0.3206983208656311	-0.2935338020324707	-0.33658671379089355	n/a	-0.13523024320602417	0.055840037763118744	-0.17209790647029877	0.13434047996997833	-0.23456694185733795	0.10369294881820679	0.15452010929584503	0.17717275023460388	-0.07183322310447693	0.0014719266910105944	1.0	-0.09466563165187836	-0.013794859871268272	0.037310730665922165	0.2183942049741745	-0.11702294647693634	0.41105732321739197	0.08440181612968445	0.03247928246855736	-0.01084661390632391	0.0679156705737114	-0.30270612239837646	-0.2543606758117676	0.29684942960739136	-0.19005362689495087	-0.33409520983695984	n/a	-0.08727877587080002	-0.4307733476161957	0.014756990596652031	-0.32977989315986633	0.07514268904924393	0.1551990956068039	-0.24652180075645447	0.21301254630088806	0.041584562510252	-0.24255388975143433	0.022769544273614883	0.29972532391548157	-0.07543306052684784	0.25724607706069946	-0.16210386157035828	-0.28485003113746643	0.039318863302469254	0.09739509224891663	0.041198715567588806	-0.3444433808326721	0.04921545460820198	0.05130355805158615	0.11823739856481552	0.1066492348909378	-0.034701861441135406	-0.1337338238954544	-0.04916095733642578	0.027452057227492332	-0.13099832832813263	0.11081696301698685	-0.25732722878456116	0.16286267340183258	-0.2748093605041504	0.23504647612571716	-0.37372690439224243	0.15119628608226776	-0.02592308819293976	-0.3132808804512024	0.028846990317106247	-0.3064698874950409	-0.3787600100040436	-0.014530318789184093	0.10449245572090149	-0.24677661061286926	-0.13568361103534698
CO_LABEL_20	-0.2676137685775757	0.04039666801691055	-0.3413870334625244	0.3458675146102905	-0.020189084112644196	0.10126616060733795	0.19890157878398895	n/a	0.2386815994977951	0.20810411870479584	-0.24806496500968933	-0.11994825303554535	-0.023696420714259148	0.39378973841667175	0.16662737727165222	-0.5174251198768616	0.7150812149047852	-0.6179486513137817	-0.09466563165187836	1.0	0.2220950424671173	-0.0715976357460022	0.2217504233121872	0.13877436518669128	0.08275716006755829	-0.23090574145317078	-0.6093881130218506	-0.5595816373825073	0.10471407324075699	-0.12338327616453171	0.3380400240421295	-0.016461167484521866	0.1981057971715927	0.3264661133289337	n/a	0.2337358295917511	-0.11066873371601105	-0.006493010092526674	0.14407944679260254	0.36883699893951416	-0.04069017246365547	0.5602874159812927	0.4526105523109436	0.4751438796520233	0.5126593112945557	-0.11751557886600494	0.05182633176445961	0.44837531447410583	0.04696957394480705	-0.22329191863536835	-0.20544131100177765	0.0997762531042099	-0.1639844924211502	0.12421055883169174	-0.3046472668647766	-0.02347874641418457	0.03877066820859909	-0.01393208559602499	-0.3323989510536194	-0.14671871066093445	-0.17904755473136902	-0.24850352108478546	-0.08882959187030792	-0.17803946137428284	-0.13274158537387848	-0.20498141646385193	0.20330101251602173	0.047286439687013626	-0.06435590237379074	0.3353407084941864	-0.5459386706352234	-0.22923807799816132	-0.08080514520406723	0.24705049395561218	0.01029250118881464	0.05739377811551094	-0.16379398107528687	-0.11371438205242157	0.04866886883974075	-0.32860198616981506
CO_LABEL_21	-0.22535644471645355	0.03316963464021683	-0.0020341076888144016	-0.19264063239097595	0.09486932307481766	-0.10819578170776367	-0.31496962904930115	n/a	-0.26899588108062744	0.9028978943824768	0.24496763944625854	0.7152214050292969	0.2111087143421173	0.09195280075073242	0.15282738208770752	-0.28581157326698303	0.5370987057685852	-0.46618664264678955	-0.013794859871268272	0.2220950424671173	1.0	0.14676688611507416	0.2541022300720215	-0.10178209096193314	-0.005414676386862993	-0.18918943405151367	-0.32838112115859985	-0.26759475469589233	0.035191770642995834	-0.34885111451148987	-0.28824713826179504	-0.18705448508262634	-0.1520482897758484	-0.2531285285949707	n/a	0.6466686129570007	-0.02039877325296402	0.7733947038650513	0.0802517756819725	0.16797712445259094	0.17046941816806793	0.5640852451324463	0.4773608446121216	-0.1087522879242897	0.6869364976882935	-0.11940789967775345	0.07122338563203812	-0.1314842700958252	-0.010357221588492393	-0.40428081154823303	-0.4456941783428192	0.011594262905418873	-0.3343532979488373	-0.0969778373837471	-0.6042418479919434	0.228868305683136	-0.022177143022418022	0.4135489761829376	0.32875752449035645	0.3332887887954712	0.05341915413737297	-0.20985658466815948	-0.18704883754253387	-0.2720232903957367	-0.213125541806221	-0.16760729253292084	0.1830480396747589	0.2614647448062897	-0.16388796269893646	0.02429799735546112	-0.3385045528411865	-0.09004565328359604	0.2027706503868103	0.03509862720966339	-0.21434125304222107	0.019000351428985596	0.3939163386821747	0.28172022104263306	-0.04807629436254501	-0.2044895440340042
Sal_LABEL_22	-0.18220661580562592	0.17958824336528778	0.05395686626434326	-0.10253215581178665	-0.10537763684988022	0.22652578353881836	-0.027817144989967346	n/a	0.21303392946720123	-0.08248066157102585	0.1394149363040924	-0.031417567282915115	-0.2147633284330368	-0.04032211750745773	0.261514812707901	-0.07004260271787643	-0.007618229370564222	-0.1817922443151474	0.037310730665922165	-0.0715976357460022	0.14676688611507416	1.0	0.28841978311538696	0.39890721440315247	0.4159916639328003	-0.2588445842266083	-0.21568769216537476	-0.3298344910144806	0.21389798820018768	0.16372881829738617	-0.0114376749843359	-0.3762994408607483	0.34863272309303284	0.07183811068534851	n/a	-0.2888862192630768	0.4099263548851013	-0.07119414955377579	-0.2194935530424118	-0.05029153451323509	0.18096166849136353	-0.12799325585365295	-0.061598215252161026	0.13680781424045563	0.006174900569021702	0.7660876512527466	0.19266311824321747	0.32838913798332214	0.2730487585067749	-0.1933114230632782	0.13135969638824463	-0.10669087618589401	-0.04149646684527397	0.1561441719532013	-0.2666127383708954	0.2565135955810547	-0.022691965103149414	0.009145868942141533	-0.02317000739276409	-0.012299548834562302	0.0095354113727808	0.10256416350603104	-0.37394797801971436	0.0826391652226448	0.3153427541255951	0.13869580626487732	0.1836821734905243	0.044374193996191025	-0.1486314833164215	-0.019739748910069466	-0.07703132927417755	0.17574404180049896	0.040558427572250366	0.2559202313423157	0.10893664509057999	0.26704534888267517	-0.2555502951145172	-0.18204227089881897	0.1477164626121521	0.3928667902946472
DAN_LABEL_23	-0.49948063492774963	0.10931548476219177	-0.01838938519358635	-0.19301699101924896	-0.2508377432823181	-0.19048771262168884	-0.2613247036933899	n/a	0.18635667860507965	0.26029661297798157	-0.3804430365562439	0.16767576336860657	-0.13415268063545227	-0.15803444385528564	0.7596335411071777	-0.36312511563301086	0.3720352351665497	-0.39096981287002563	0.2183942049741745	0.2217504233121872	0.2541022300720215	0.28841978311538696	1.0	0.1693156510591507	0.5677395462989807	-0.5800204873085022	-0.5797364115715027	-0.616335928440094	0.26330408453941345	0.030190786346793175	-0.3026123642921448	-0.35217440128326416	-0.014060460031032562	-0.08264688402414322	n/a	0.3041238486766815	-0.20253729820251465	0.19356487691402435	0.1265210211277008	-0.19552724063396454	0.5808476805686951	0.2903086245059967	0.29889795184135437	-0.0067587606608867645	0.34542232751846313	0.3683253526687622	0.7837657332420349	0.45011091232299805	0.6016895771026611	-0.2463747262954712	-0.14014673233032227	-0.26321181654930115	-0.04841916635632515	0.3447786569595337	-0.5909276008605957	-0.026964059099555016	-0.16700339317321777	-0.053032469004392624	-0.10987667739391327	0.33555227518081665	-0.0429346039891243	0.14192286133766174	-0.25644394755363464	0.1276925802230835	0.3576631247997284	-0.016025861725211143	-0.1445983201265335	0.08164575695991516	-0.16577811539173126	-0.017746999859809875	-0.32247188687324524	-0.111273393034935	-0.11367549747228622	-0.18896356225013733	-0.24779056012630463	-0.22621019184589386	-0.11652576178312302	-0.025738386437296867	-0.11198759078979492	0.040250081568956375
PMN_LABEL_24	0.03346405550837517	0.19121544063091278	0.16402138769626617	-0.2747672200202942	-0.30373984575271606	0.6659038662910461	0.21570321917533875	n/a	0.17325294017791748	-0.22219866514205933	-0.10485048592090607	-0.2656894326210022	-0.15016679465770721	-0.1300220638513565	0.0700606107711792	-0.02294667437672615	0.24776630103588104	-0.22364169359207153	-0.11702294647693634	0.13877436518669128	-0.10178209096193314	0.39890721440315247	0.1693156510591507	1.0	0.3372318744659424	-0.10382336378097534	-0.19860565662384033	-0.30958661437034607	0.13889789581298828	0.2025049924850464	-0.060225408524274826	-0.50201016664505	0.7230364680290222	0.3639678359031677	n/a	-0.25185269117355347	0.10364624112844467	-0.333438515663147	-0.2308310717344284	-0.14785371720790863	-0.11194107681512833	0.07722099870443344	-0.013732858933508396	0.06619530916213989	-0.0021397541277110577	0.18314439058303833	-0.06290777772665024	0.6813378930091858	0.13789471983909607	-0.061853308230638504	0.030107613652944565	-0.019439132884144783	-0.11253220587968826	0.063893161714077	-0.10802038013935089	-0.11382804811000824	-0.36273548007011414	-0.06581629812717438	-0.15772242844104767	0.01854870654642582	-0.15247653424739838	0.09126701205968857	-0.3001440763473511	0.05178030952811241	-0.13460451364517212	0.24959291517734528	0.14030586183071136	0.14634814858436584	-0.05718107149004936	0.03266091272234917	-0.17214523255825043	0.08934611082077026	0.10437990725040436	0.06554378569126129	0.37222516536712646	0.3585946559906006	-0.12792879343032837	-0.04254681244492531	0.25795355439186096	0.3199446201324463
DAN_LABEL_25	-0.3993892967700958	0.48776957392692566	-0.06380973756313324	-0.10887613892555237	-0.1490369290113449	-0.0721731036901474	-0.19000306725502014	n/a	0.5698540210723877	-0.03108466975390911	-0.33118653297424316	-0.04495198652148247	-0.3218535780906677	-0.04038530960679054	0.6109941005706787	-0.2993241548538208	0.09278353303670883	-0.39328381419181824	0.41105732321739197	0.08275716006755829	-0.005414676386862993	0.4159916639328003	0.5677395462989807	0.3372318744659424	1.0	-0.21635262668132782	-0.3251849114894867	-0.5322433710098267	0.5484696626663208	0.07402686774730682	-0.18326115608215332	-0.2904805839061737	0.25839725136756897	0.010157306678593159	n/a	-0.08023430407047272	-0.1432376354932785	-0.20336219668388367	-0.2778453826904297	-0.13207218050956726	0.469490647315979	-0.1700989156961441	-0.10573289543390274	0.11297667771577835	-0.026669608429074287	0.40227845311164856	0.5576382875442505	0.35162290930747986	0.7511312365531921	-0.4962177276611328	-0.052575740963220596	-0.2220519334077835	-0.12252248823642731	0.6642249226570129	-0.49269524216651917	0.027339540421962738	-0.302223801612854	-0.11491335928440094	-0.13406789302825928	0.14308801293373108	-0.27002260088920593	0.06442424654960632	-0.43822014331817627	0.0486740916967392	0.2136376053094864	0.05431423708796501	0.13242822885513306	-0.10190938413143158	0.2576216459274292	-0.2172911912202835	-0.04278096929192543	0.028603406623005867	-0.07627914100885391	0.0475144125521183	-0.07824835926294327	-0.1566041111946106	0.008831694722175598	-0.08836700767278671	-0.08133170008659363	0.21148790419101715
