Node	DMN_LABEL_1	Vis_LABEL_2	FP_LABEL_3	Aud_LABEL_4	Tpole_LABEL_5	PMN_LABEL_6	PON_LABEL_7	MTL_LABEL_8	PON_LABEL_9	CO_LABEL_10	Sal_LABEL_11	CO_LABEL_12	SMd_LABEL_13	SMl_LABEL_14	DAN_LABEL_15	DMN_LABEL_16	CO_LABEL_17	DMN_LABEL_18	VAN_LABEL_19	CO_LABEL_20	CO_LABEL_21	Sal_LABEL_22	DAN_LABEL_23	PMN_LABEL_24	DAN_LABEL_25	DMN_LABEL_26	DMN_LABEL_27	DMN_LABEL_28	Vis_LABEL_29	FP_LABEL_30	Aud_LABEL_31	Tpole_LABEL_32	PMN_LABEL_33	PON_LABEL_34	MTL_LABEL_35	CO_LABEL_36	Sal_LABEL_37	CO_LABEL_38	SMd_LABEL_39	SMl_LABEL_40	DAN_LABEL_41	CO_LABEL_42	VAN_LABEL_43	CO_LABEL_44	CO_LABEL_45	Sal_LABEL_46	DAN_LABEL_47	PMN_LABEL_48	DAN_LABEL_49	DMN_LABEL_50	FP_LABEL_51	DMN_LABEL_52	DMN_LABEL_53	PON_LABEL_54	DMN_LABEL_55	Tpole_LABEL_56	Tpole_LABEL_57	Sal_LABEL_58	Sal_LABEL_59	SMd_LABEL_60	DAN_LABEL_61	FP_LABEL_62	DMN_LABEL_63	FP_LABEL_64	FP_LABEL_65	SMd_LABEL_66	SMl_LABEL_67	SMd_LABEL_68	DMN_LABEL_69	DAN_LABEL_70	DMN_LABEL_71	FP_LABEL_72	SMd_LABEL_73	SMl_LABEL_74	MTL_LABEL_75	MTL_LABEL_76	CO_LABEL_77	CO_LABEL_78	Vis_LABEL_79	Vis_LABEL_80
DMN_LABEL_1	1.0	0.012764954939484596	-0.36490631103515625	0.08462416380643845	0.22864529490470886	0.04684462025761604	0.5040979385375977	n/a	0.48422178626060486	-0.38255685567855835	0.18230049312114716	-0.29809632897377014	-0.05283356457948685	-0.01046332810074091	-0.14456719160079956	0.7628954648971558	-0.31001850962638855	0.10117162019014359	0.22293421626091003	-0.1309974193572998	-0.5727668404579163	-0.301664799451828	-0.06750796735286713	-0.06583410501480103	-0.11865491420030594	0.5893774628639221	0.5657054781913757	0.7115882039070129	0.04599379375576973	-0.3749729096889496	0.010109168477356434	0.020273644477128983	0.04881206154823303	0.4842725396156311	n/a	-0.30800747871398926	-0.16264347732067108	-0.2779364585876465	0.022583728656172752	0.056834954768419266	-0.052294760942459106	-0.14196902513504028	0.006387950386852026	-0.16235090792179108	-0.49128174781799316	-0.560232400894165	-0.11426528543233871	-0.24384470283985138	0.07901999354362488	0.26799941062927246	-0.24064181745052338	0.4785005748271942	-0.0030790262389928102	0.36915290355682373	-0.12304764986038208	-0.0012554789427667856	-0.13918587565422058	0.17176461219787598	-0.07586754858493805	0.2773471474647522	0.23685073852539062	-0.18326063454151154	0.12364397197961807	-0.30480533838272095	-0.1513504534959793	0.007217869162559509	-0.24503472447395325	-0.1773829460144043	0.3067701756954193	0.08721309900283813	0.43737420439720154	0.028017185628414154	-0.2173667550086975	-0.16689078509807587	0.43783706426620483	0.4350230097770691	-0.1152864396572113	-0.06969483196735382	0.10284051299095154	-0.21122479438781738
Vis_LABEL_2	0.012764954939484596	1.0	-0.6175872683525085	-0.07028992474079132	-0.2485457956790924	0.0199210774153471	0.4881390929222107	n/a	0.3639242351055145	0.0937245637178421	-0.16190409660339355	0.020855136215686798	0.04316963627934456	-0.3196592628955841	-0.3314054310321808	-0.18983611464500427	0.3042309880256653	-0.6271154284477234	-0.08400142937898636	0.32218310236930847	-0.06188660487532616	-0.09658597409725189	0.40334072709083557	0.018209081143140793	0.4022570550441742	-0.021024402230978012	-0.20075546205043793	-0.03444429859519005	0.8813011646270752	-0.5717642903327942	-0.06206757202744484	-0.22660697996616364	0.03886072337627411	0.5329045057296753	n/a	0.022384125739336014	-0.3222266435623169	-0.33564111590385437	-0.07949036359786987	-0.22738471627235413	-0.39072611927986145	0.49910277128219604	0.1384173333644867	0.23333777487277985	-0.07216207683086395	-0.010263207368552685	0.3168433904647827	0.06394142657518387	0.4842943847179413	-0.1495637744665146	-0.5069738030433655	0.04916362836956978	-0.35862717032432556	0.3001835346221924	-0.35021963715553284	-0.11342868953943253	-0.32576027512550354	-0.20586149394512177	-0.15997126698493958	0.2350563257932663	-0.04227711632847786	-0.3430744707584381	0.29866406321525574	-0.31480351090431213	-0.13260458409786224	0.19173099100589752	0.09702308475971222	-0.006232979241758585	-0.2108820229768753	0.014986845664680004	-0.19852371513843536	-0.17460857331752777	0.009919908829033375	0.04543460160493851	-0.08173904567956924	0.09525750577449799	0.08262957632541656	-0.13218262791633606	0.5268165469169617	0.26358798146247864
FP_LABEL_3	-0.36490631103515625	-0.6175872683525085	1.0	-0.34948739409446716	-0.039903320372104645	0.038252975791692734	-0.5830157995223999	n/a	-0.5630176663398743	-0.04835077375173569	0.07407325506210327	-0.005570651032030582	-0.0837257131934166	0.05213785544037819	0.6923530697822571	-0.1832839697599411	-0.43059396743774414	0.5395284295082092	0.20889082551002502	-0.43236398696899414	0.1390867978334427	0.08548637479543686	-0.026292555034160614	0.10629720985889435	-0.2921450138092041	-0.4290633499622345	-0.17950859665870667	-0.2556174397468567	-0.49621817469596863	0.8817811608314514	-0.23271000385284424	0.207637757062912	-0.14190395176410675	-0.5670480132102966	n/a	-0.06556043028831482	0.27598676085472107	0.26912248134613037	-0.1695646494626999	0.023040233179926872	0.6826947331428528	-0.599522590637207	-0.03217322751879692	-0.3262346088886261	0.059211365878582	0.20732271671295166	0.17627808451652527	0.17875219881534576	-0.30250170826911926	0.07927317917346954	0.7398093342781067	-0.3285873532295227	0.37440821528434753	-0.3316486179828644	0.47805407643318176	-0.03194541484117508	0.19720429182052612	0.07572200149297714	0.3068869709968567	-0.36054185032844543	0.12137046456336975	0.47362950444221497	-0.33172622323036194	0.5916436314582825	0.23127540946006775	-0.24585779011249542	-0.0767156332731247	-0.11853562295436859	0.038611333817243576	0.1118958368897438	-0.32181286811828613	0.1531616598367691	0.011686822399497032	0.006008123513311148	-0.34464529156684875	-0.25822919607162476	0.029884392395615578	0.11234496533870697	-0.3698604106903076	-0.05567646771669388
Aud_LABEL_4	0.08462416380643845	-0.07028992474079132	-0.34948739409446716	1.0	-0.03860142081975937	0.3245924115180969	0.040817759931087494	n/a	-0.10127609223127365	-0.04747634753584862	0.05198647454380989	0.21318770945072174	-0.15478546917438507	0.5466912984848022	-0.4137183725833893	-0.04644564911723137	0.5500365495681763	-0.2853991687297821	-0.6005848050117493	0.6680664420127869	0.30632731318473816	-0.15026801824569702	-0.33432137966156006	0.115204356610775	0.019505538046360016	0.3107413649559021	0.1520361751317978	-0.010867255739867687	-0.05514442175626755	-0.3330222964286804	0.9317471981048584	0.07061793655157089	0.4267815947532654	-0.05556522682309151	n/a	0.23680110275745392	0.09103769063949585	0.039846908301115036	0.5963895916938782	0.4710194766521454	-0.3049478530883789	0.49708396196365356	-0.4580492079257965	0.5652315020561218	0.3902170658111572	-0.22615952789783478	-0.40172597765922546	0.057688597589731216	-0.09894779324531555	-0.37005147337913513	-0.379133015871048	0.07245088368654251	-0.27703285217285156	-0.06433619558811188	-0.3113096356391907	-0.0026267117355018854	0.2540285587310791	0.16440778970718384	-0.04856047406792641	0.12047960609197617	-0.04345036298036575	-0.2271817922592163	-0.16766515374183655	-0.4013816714286804	-0.399533212184906	0.17533810436725616	0.037635356187820435	0.00841901358217001	-0.14097774028778076	-0.15663215517997742	0.39398035407066345	-0.21664655208587646	-0.24255569279193878	0.003650129307061434	0.3849979043006897	0.07424940913915634	0.05594213679432869	0.28026193380355835	-0.09709042310714722	-0.0558248795568943
Tpole_LABEL_5	0.22864529490470886	-0.2485457956790924	-0.039903320372104645	-0.03860142081975937	1.0	-0.07791383564472198	0.05723995342850685	n/a	0.17994678020477295	-0.02420886978507042	0.018188484013080597	-0.07789433747529984	0.019900456070899963	0.06972555071115494	-0.0845136046409607	0.4691596031188965	-0.13337716460227966	0.25933730602264404	0.12541869282722473	-0.10085954517126083	-0.24008142948150635	-0.15268737077713013	-0.22692637145519257	-0.058063000440597534	-0.2657572329044342	0.43328502774238586	0.5204360485076904	0.25057798624038696	-0.2158811241388321	-0.08668377995491028	-0.14458230137825012	0.2930934727191925	-0.018835853785276413	0.04002654552459717	n/a	-0.05106848478317261	0.17667348682880402	-0.14205984771251678	-0.16784165799617767	0.049506209790706635	-0.01971205323934555	-0.20505963265895844	-0.11563503742218018	-0.1523541361093521	-0.19680200517177582	-0.23824752867221832	-0.22215242683887482	-0.13242733478546143	0.02326594479382038	0.18935294449329376	-0.06733521819114685	0.44422829151153564	0.2652956247329712	0.037378404289484024	0.04955052211880684	0.12064910680055618	-0.05549848452210426	0.10640643537044525	-0.13972286880016327	0.090993233025074	-0.2135225236415863	-0.18318983912467957	0.05297480896115303	-0.1918714940547943	-0.143760547041893	-0.22886031866073608	0.01845856010913849	0.05745828151702881	0.4301663935184479	-0.18371319770812988	0.38915377855300903	-0.16968654096126556	0.1657363921403885	0.21932050585746765	0.29713723063468933	0.17429997026920319	0.04007543995976448	-0.048276808112859726	-0.10460788756608963	-0.08835135400295258
PMN_LABEL_6	0.04684462025761604	0.0199210774153471	0.038252975791692734	0.3245924115180969	-0.07791383564472198	1.0	-0.04428047686815262	n/a	-0.2883251905441284	0.06252556294202805	0.2599431574344635	0.209127277135849	-0.05868527293205261	0.10242221504449844	-0.05237066373229027	-0.13476046919822693	0.1859559714794159	-0.14863143861293793	-0.002147071994841099	0.3506337106227875	0.23257268965244293	0.12035159021615982	-0.16187185049057007	0.8178961277008057	-0.06234390288591385	-0.053948353976011276	-0.14763464033603668	-0.1407083123922348	0.046043477952480316	0.008503410033881664	0.3898642957210541	-0.02203338034451008	0.7620425820350647	-0.04306156560778618	n/a	0.09339654445648193	0.23203739523887634	0.035760197788476944	0.07502198964357376	0.07053424417972565	-0.10129665583372116	0.12987838685512543	0.05244603753089905	0.45285090804100037	0.16820481419563293	0.06969346106052399	-0.09104744344949722	0.7663013339042664	-0.17098933458328247	-0.14872464537620544	0.009552755393087864	-0.03684230521321297	-0.12086597830057144	0.03360665589570999	-0.26386383175849915	0.09982984513044357	0.041701603680849075	0.08908451348543167	-0.12217726558446884	-0.2102116346359253	-0.045426420867443085	-0.1733885407447815	-0.26929783821105957	0.0058737630024552345	-0.2437787801027298	0.08781794458627701	-0.2397925853729248	-0.07153136283159256	-0.21968472003936768	-0.40988418459892273	0.06585069745779037	-0.030408116057515144	-0.056177206337451935	-0.11366375535726547	0.29363226890563965	0.16633489727973938	0.07385636121034622	0.25804978609085083	0.01975342445075512	0.06420493870973587
PON_LABEL_7	0.5040979385375977	0.4881390929222107	-0.5830157995223999	0.040817759931087494	0.05723995342850685	-0.04428047686815262	1.0	n/a	0.7356945276260376	-0.08877426385879517	0.13977491855621338	-0.11127115786075592	0.07574385404586792	-0.372493714094162	-0.3098524510860443	0.2956112027168274	0.17273351550102234	-0.4631786346435547	0.039902109652757645	0.31096407771110535	-0.24569448828697205	-0.25491687655448914	0.1626960188150406	0.021032536402344704	0.28869524598121643	0.38481542468070984	0.15238776803016663	0.384275883436203	0.5042365193367004	-0.6766855716705322	-0.0856245905160904	-0.25525522232055664	0.10432174801826477	0.9375531673431396	n/a	-0.1564435213804245	-0.34499210119247437	-0.5061588287353516	-0.22743511199951172	-0.33631592988967896	-0.43324339389801025	0.31818291544914246	0.14321869611740112	0.2385799139738083	-0.268013060092926	-0.2690621316432953	0.022178318351507187	-0.11580980569124222	0.36789530515670776	0.09794529527425766	-0.61440110206604	0.3355754017829895	-0.3611827790737152	0.7028085589408875	-0.39473757147789	-0.19923339784145355	-0.31869927048683167	-0.014417240396142006	-0.2653394341468811	0.27103686332702637	0.11746194958686829	-0.3845529556274414	0.12069550156593323	-0.4825987219810486	-0.2727431356906891	0.1912808120250702	-0.09719495475292206	-0.011744971387088299	0.03851889446377754	0.15269796550273895	0.12327926605939865	-0.02224539779126644	-0.05471336096525192	-0.17089881002902985	0.4397355616092682	0.5993310213088989	0.010722484439611435	-0.11630091071128845	0.4082888066768646	-0.06189502030611038
MTL_LABEL_8	n/a	n/a	n/a	n/a	n/a	n/a	n/a	1.0	n/a	n/a	n/a	n/a	n/a	n/a	n/a	n/a	n/a	n/a	n/a	n/a	n/a	n/a	n/a	n/a	n/a	n/a	n/a	n/a	n/a	n/a	n/a	n/a	n/a	n/a	n/a	n/a	n/a	n/a	n/a	n/a	n/a	n/a	n/a	n/a	n/a	n/a	n/a	n/a	n/a	n/a	n/a	n/a	n/a	n/a	n/a	n/a	n/a	n/a	n/a	n/a	n/a	n/a	n/a	n/a	n/a	n/a	n/a	n/a	n/a	n/a	n/a	n/a	n/a	n/a	n/a	n/a	n/a	n/a	n/a	n/a
PON_LABEL_9	0.48422178626060486	0.3639242351055145	-0.5630176663398743	-0.10127609223127365	0.17994678020477295	-0.2883251905441284	0.7356945276260376	n/a	1.0	-0.1797545701265335	-0.03783578425645828	-0.28305596113204956	0.009714063256978989	-0.24397653341293335	-0.3034488558769226	0.5119717121124268	-0.04636148363351822	-0.12315043807029724	0.14355309307575226	0.03171585500240326	-0.4587290585041046	-0.28908589482307434	0.04312550276517868	-0.26133739948272705	0.1632642149925232	0.524743914604187	0.35312122106552124	0.5164257884025574	0.3155524730682373	-0.5697232484817505	-0.2432636022567749	-0.22155341506004333	-0.12939490377902985	0.7450194358825684	n/a	-0.16890816390514374	-0.3065970838069916	-0.47237229347229004	-0.22573350369930267	-0.18920627236366272	-0.32759734988212585	0.1235489547252655	0.2223784178495407	-0.007921159267425537	-0.5023561120033264	-0.30175426602363586	-0.08670748770236969	-0.3652079403400421	0.38316115736961365	0.4048071801662445	-0.43633222579956055	0.4784274697303772	0.10200276970863342	0.569775402545929	-0.10028634965419769	-0.10090553760528564	-0.2633255124092102	0.01865912787616253	-0.3122723400592804	0.2916172742843628	0.07732022553682327	-0.34794551134109497	0.31095704436302185	-0.4588366746902466	-0.19519385695457458	0.09955284744501114	-0.009596966207027435	0.048419415950775146	0.17077191174030304	-0.02679777331650257	0.09647668898105621	-0.12430715560913086	-0.10235794633626938	-0.09990886598825455	0.3470434546470642	0.37317952513694763	-0.149287611246109	-0.19239233434200287	0.36868372559547424	-0.1119583398103714
CO_LABEL_10	-0.38255685567855835	0.0937245637178421	-0.04835077375173569	-0.04747634753584862	-0.02420886978507042	0.06252556294202805	-0.08877426385879517	n/a	-0.1797545701265335	1.0	-0.07283460348844528	0.5326133370399475	0.542227566242218	-0.1520276963710785	-0.17060677707195282	-0.2554783225059509	0.5563638806343079	-0.28127482533454895	-0.24686630070209503	0.29306429624557495	0.6351178288459778	0.31907129287719727	-0.07747440785169601	0.04492954909801483	0.2644776999950409	-0.09488163888454437	-0.18355533480644226	-0.30400460958480835	0.028932714834809303	-0.12348613888025284	-0.08034385740756989	-0.11174202710390091	0.041227735579013824	-0.07059601694345474	n/a	0.6871504783630371	0.0809297189116478	0.3102381229400635	-0.11512462049722672	-0.24171650409698486	-0.33074915409088135	0.42708444595336914	-0.09509182721376419	0.2958926260471344	0.47214436531066895	0.3360433876514435	-0.20818716287612915	0.10350307077169418	-0.012323593720793724	-0.17975765466690063	-0.2072567194700241	-0.037038546055555344	-0.27908945083618164	0.006205634213984013	-0.2777535319328308	0.2734983265399933	0.025901444256305695	-0.22265101969242096	-0.18247513473033905	0.09474928677082062	-0.1068141758441925	-0.2519848644733429	-0.1501857042312622	-0.0657358318567276	-0.13592129945755005	0.1719827950000763	0.21209242939949036	0.4335924983024597	-0.30088692903518677	-0.22234930098056793	-0.022385157644748688	0.21595394611358643	0.4694115221500397	0.06271085143089294	0.08840218931436539	-0.14668317139148712	0.3865245580673218	0.2600381076335907	-0.03461842983961105	0.018432121723890305
Sal_LABEL_11	0.18230049312114716	-0.16190409660339355	0.07407325506210327	0.05198647454380989	0.018188484013080597	0.2599431574344635	0.13977491855621338	n/a	-0.03783578425645828	-0.07283460348844528	1.0	-0.17111460864543915	-0.06826277822256088	-0.14254215359687805	-0.029032597318291664	0.11164102703332901	-0.011940105818212032	-0.00963417999446392	0.27393409609794617	0.07159586995840073	0.03534433990716934	0.2504214346408844	-0.13542915880680084	0.16192156076431274	-0.10555332154035568	0.013465291820466518	0.06457963585853577	0.10918682813644409	-0.1390099674463272	-0.018122952431440353	0.06902274489402771	-0.09908834844827652	0.16767291724681854	0.044877056032419205	n/a	-0.10011601448059082	0.569193959236145	-0.10005024075508118	-0.18626423180103302	-0.11097272485494614	-0.07171981781721115	0.010286819189786911	0.08167222142219543	0.23329545557498932	0.06824058294296265	0.05106364190578461	-0.07338815182447433	0.07233254611492157	-0.14088119566440582	-0.06565430015325546	-0.047400977462530136	0.09116276353597641	-0.16361746191978455	-0.058985114097595215	-0.21548189222812653	-0.12204926460981369	-0.021411331370472908	0.3206298053264618	0.19927313923835754	-0.35634973645210266	-0.003686971729621291	0.0810878574848175	-0.2314586043357849	0.06445744633674622	-0.1580977886915207	-0.3017895817756653	-0.2407621592283249	-0.24249319732189178	-0.21827411651611328	-0.045715462416410446	0.08276102691888809	-0.026102012023329735	-0.2694683074951172	-0.36417365074157715	0.2197139710187912	0.48458224534988403	-0.0322582833468914	0.17241528630256653	0.10043797641992569	0.06401698291301727
CO_LABEL_12	-0.29809632897377014	0.020855136215686798	-0.005570651032030582	0.21318770945072174	-0.07789433747529984	0.209127277135849	-0.11127115786075592	n/a	-0.28305596113204956	0.5326133370399475	-0.17111460864543915	1.0	0.1709875762462616	0.052693795412778854	0.024639256298542023	-0.37213972210884094	0.49721136689186096	-0.4368446171283722	-0.374330073595047	0.3126242756843567	0.5822206735610962	0.2015221267938614	0.10498655587434769	0.11902820318937302	0.16460557281970978	-0.12452969700098038	-0.27598267793655396	-0.3020498752593994	0.004475178197026253	-0.07355188578367233	0.19778591394424438	0.08574458956718445	0.09536442905664444	-0.08716713637113571	n/a	0.6896503567695618	-0.0023132229689508677	0.5440398454666138	0.04998696595430374	-0.09195306897163391	-0.054799698293209076	0.3325045108795166	-0.18206316232681274	0.3442707657814026	0.5571303963661194	0.22606678307056427	-0.006388629786670208	0.08950615674257278	0.0033347485587000847	-0.3670802712440491	-0.20951077342033386	-0.2983776926994324	-0.3566841781139374	-0.14324429631233215	-0.41842883825302124	0.2501334547996521	-0.0006461741868406534	0.040497854351997375	-0.08316320925951004	-0.1091405525803566	-0.08418238162994385	-0.24196885526180267	-0.24735507369041443	-0.0050039407797157764	-0.19223302602767944	0.10260166227817535	0.05013025552034378	0.3179028034210205	-0.12427584826946259	0.013740848749876022	-0.03422051668167114	0.2065802365541458	0.2838915288448334	0.1726563572883606	-0.04679954797029495	-0.3007304072380066	0.46087536215782166	0.3282324969768524	-0.27746066451072693	-0.037689026445150375
SMd_LABEL_13	-0.05283356457948685	0.04316963627934456	-0.0837257131934166	-0.15478546917438507	0.019900456070899963	-0.05868527293205261	0.07574385404586792	n/a	0.009714063256978989	0.542227566242218	-0.06826277822256088	0.1709875762462616	1.0	-0.12738235294818878	-0.12036129087209702	0.057308804243803024	0.16299574077129364	0.03190968930721283	-0.16441459953784943	0.045576322823762894	0.18745990097522736	0.08331563323736191	0.10501544922590256	0.09987028688192368	0.170573428273201	-0.06612644344568253	0.08528543263673782	-0.0019094079034402966	-0.1792467087507248	-0.13606490194797516	-0.1658700704574585	-0.19771474599838257	0.06753063946962357	-0.03444503992795944	n/a	0.22286644577980042	-0.030493155121803284	0.0251805167645216	-0.007196470163762569	-0.2823456823825836	-0.24773290753364563	0.12389103323221207	-0.2242172509431839	-0.0026258244179189205	0.14335638284683228	0.09572964906692505	-0.10151303559541702	0.1162271574139595	0.09434684365987778	-0.12679961323738098	-0.04240262135863304	0.04411778599023819	-0.13884995877742767	0.0003809287736658007	0.03866905719041824	0.424937903881073	-0.28947001695632935	-0.16555005311965942	-0.20807863771915436	0.2501356601715088	-0.11293704807758331	-0.09473211318254471	-0.007086682133376598	-0.2875922620296478	-0.12834930419921875	0.1240987703204155	-0.0042264522053301334	0.676569402217865	0.02802600897848606	-0.12228915095329285	0.12163546681404114	0.229340597987175	0.7318835854530334	-0.17667417228221893	0.08831033855676651	0.022706227377057076	0.1585412621498108	0.17218203842639923	0.16461162269115448	-0.011541693471372128
SMl_LABEL_14	-0.01046332810074091	-0.3196592628955841	0.05213785544037819	0.5466912984848022	0.06972555071115494	0.10242221504449844	-0.372493714094162	n/a	-0.24397653341293335	-0.1520276963710785	-0.14254215359687805	0.052693795412778854	-0.12738235294818878	1.0	-0.1867700219154358	-0.04969437047839165	-0.006366086658090353	0.17775031924247742	-0.2795543968677521	0.10868486762046814	0.08351390063762665	-0.17682431638240814	-0.33045586943626404	0.0010515566682443023	-0.3195858597755432	0.20650631189346313	0.1254611313343048	-0.16954194009304047	-0.3332378566265106	0.2070217728614807	0.5887371897697449	0.3649161458015442	0.06022907793521881	-0.3718833327293396	n/a	0.03396875411272049	0.12509720027446747	0.2503199279308319	0.5878353118896484	0.906640887260437	0.1365804523229599	-0.011097977869212627	-0.45010316371917725	0.11018470674753189	0.14846695959568024	-0.2098350077867508	-0.2614162564277649	-0.11724276095628738	-0.3091862201690674	-0.2127254456281662	0.15386933088302612	0.013944371603429317	0.12182046473026276	-0.2951886057853699	0.198221355676651	0.2548544704914093	0.3107341527938843	0.16189345717430115	0.05839172378182411	0.11248449981212616	-0.04839440435171127	-0.03388331085443497	-0.24612346291542053	-0.1804291158914566	-0.2997712194919586	0.037984032183885574	0.15082082152366638	-0.024386975914239883	0.10295159369707108	-0.26418009400367737	0.18952085077762604	0.03915882483124733	-0.18870672583580017	0.2529832422733307	-0.011995595879852772	-0.18121914565563202	-0.22305414080619812	0.17720475792884827	-0.18063682317733765	-0.15113085508346558
DAN_LABEL_15	-0.14456719160079956	-0.3314054310321808	0.6923530697822571	-0.4137183725833893	-0.0845136046409607	-0.05237066373229027	-0.3098524510860443	n/a	-0.3034488558769226	-0.17060677707195282	-0.029032597318291664	0.024639256298542023	-0.12036129087209702	-0.1867700219154358	1.0	-0.17562973499298096	-0.3743457794189453	0.2342272251844406	0.26950034499168396	-0.3598632514476776	0.07845300436019897	0.09025736153125763	0.472248911857605	-0.08652468025684357	0.09270627051591873	-0.4674210846424103	-0.2532585859298706	-0.1509200781583786	-0.25897884368896484	0.6429694294929504	-0.3131825029850006	0.07785585522651672	-0.1624106913805008	-0.27520349621772766	n/a	0.0182997677475214	0.07582428306341171	0.3593731224536896	-0.08266516029834747	-0.11992654204368591	0.8610100150108337	-0.4881790578365326	0.09517368674278259	-0.3791975975036621	-0.004694630857557058	0.08764579147100449	0.5784185528755188	0.05707089975476265	0.16019263863563538	0.0025083848740905523	0.44711339473724365	-0.4772663712501526	0.22186093032360077	-0.2384636253118515	0.1887696385383606	-0.08106912672519684	0.13963516056537628	0.08730052411556244	0.27456608414649963	-0.19080951809883118	0.32093244791030884	0.3382107615470886	-0.3247249126434326	0.6276428699493408	0.11350828409194946	-0.24153877794742584	-0.19810639321804047	-0.25240322947502136	0.0813048705458641	0.4145653545856476	-0.37506648898124695	0.18750381469726562	-0.19201631844043732	-0.08934035897254944	-0.29949936270713806	-0.17898012697696686	-0.06260377168655396	-0.048806048929691315	-0.22422923147678375	-0.16971689462661743
DMN_LABEL_16	0.7628954648971558	-0.18983611464500427	-0.1832839697599411	-0.04644564911723137	0.4691596031188965	-0.13476046919822693	0.2956112027168274	n/a	0.5119717121124268	-0.2554783225059509	0.11164102703332901	-0.37213972210884094	0.057308804243803024	-0.04969437047839165	-0.17562973499298096	1.0	-0.3248702883720398	0.44626668095588684	0.25027257204055786	-0.2056463360786438	-0.5729986429214478	-0.3823799192905426	-0.22305411100387573	-0.1554923802614212	-0.2838306427001953	0.7044194936752319	0.8489106297492981	0.8937291502952576	-0.20104189217090607	-0.31609439849853516	-0.1315823346376419	0.030616415664553642	-0.10708586126565933	0.3017686903476715	n/a	-0.1957494467496872	-0.1057179793715477	-0.31483742594718933	-0.08250832557678223	-0.03959048539400101	-0.1552758812904358	-0.3027568459510803	-0.05364976450800896	-0.2307351678609848	-0.5787608623504639	-0.5535138249397278	-0.3742223381996155	-0.3593824803829193	-0.08720774948596954	0.4751631021499634	-0.14037790894508362	0.6568655371665955	0.2762712836265564	0.3178528845310211	0.08246514201164246	-0.01726669818162918	-0.17983703315258026	0.18157759308815002	-0.1326240450143814	0.25859183073043823	0.09491085261106491	-0.1923825442790985	0.21710819005966187	-0.3221718668937683	-0.053709421306848526	-0.09851814061403275	-0.20564889907836914	-0.021681079640984535	0.47622716426849365	-0.0708685964345932	0.547703742980957	-0.004958707373589277	-0.017644543200731277	-0.14962150156497955	0.4638408422470093	0.2850969433784485	-0.04227716848254204	-0.0025668323505669832	0.10147072374820709	-0.2626951336860657
CO_LABEL_17	-0.31001850962638855	0.3042309880256653	-0.43059396743774414	0.5500365495681763	-0.13337716460227966	0.1859559714794159	0.17273351550102234	n/a	-0.04636148363351822	0.5563638806343079	-0.011940105818212032	0.49721136689186096	0.16299574077129364	-0.006366086658090353	-0.3743457794189453	-0.3248702883720398	1.0	-0.5855575203895569	-0.5295925140380859	0.8088083267211914	0.7103950381278992	0.07286631315946579	0.04337015375494957	0.06866814196109772	0.42250797152519226	0.043394193053245544	-0.15432311594486237	-0.2104906588792801	0.2318958193063736	-0.5396057367324829	0.5161678791046143	-0.20364151895046234	0.23076219856739044	0.10220733284950256	n/a	0.6008142828941345	-0.051962487399578094	0.11104132235050201	0.2911284267902374	-0.07766183465719223	-0.5574883222579956	0.8741771578788757	-0.27810174226760864	0.7323281764984131	0.6453348994255066	0.14307361841201782	-0.20983058214187622	0.05584912747144699	0.14220038056373596	-0.4958224892616272	-0.6875618100166321	-0.049480363726615906	-0.643118679523468	0.014282193034887314	-0.6181874871253967	0.07239911705255508	0.054261159151792526	-0.059653494507074356	-0.22682270407676697	0.17894579470157623	-0.11334876716136932	-0.4205772578716278	-0.18432989716529846	-0.32791388034820557	-0.3653941750526428	0.29871970415115356	0.1439538300037384	0.2446220964193344	-0.3897855579853058	-0.058459457010030746	0.12556982040405273	-0.06861568987369537	0.08239387720823288	0.0071916356682777405	0.3090643584728241	0.01659129559993744	0.2656034231185913	0.1641889214515686	0.14167262613773346	0.1134708970785141
DMN_LABEL_18	0.10117162019014359	-0.6271154284477234	0.5395284295082092	-0.2853991687297821	0.25933730602264404	-0.14863143861293793	-0.4631786346435547	n/a	-0.12315043807029724	-0.28127482533454895	-0.00963417999446392	-0.4368446171283722	0.03190968930721283	0.17775031924247742	0.2342272251844406	0.44626668095588684	-0.5855575203895569	1.0	0.3013651371002197	-0.581610918045044	-0.36571234464645386	-0.07726651430130005	-0.30190104246139526	-0.07207539677619934	-0.4217773675918579	0.15562179684638977	0.43637242913246155	0.2395915687084198	-0.6200292706489563	0.4774118661880493	-0.24216598272323608	0.2338317334651947	-0.21032170951366425	-0.48570770025253296	n/a	-0.3199675977230072	0.12745161354541779	-0.020759953185915947	-0.06852325052022934	0.14272813498973846	0.32200324535369873	-0.6355907917022705	-0.06203487515449524	-0.5357221961021423	-0.3631283938884735	-0.10391306132078171	-0.23149468004703522	-0.10763457417488098	-0.34952348470687866	0.32276469469070435	0.5674812197685242	0.25152748823165894	0.6202307939529419	-0.2816363275051117	0.6077243685722351	0.18895748257637024	0.12400823086500168	0.1426650583744049	0.14962919056415558	-0.01639365963637829	0.010316703468561172	0.33111175894737244	0.033666543662548065	0.1581360399723053	0.2205916941165924	-0.23258300125598907	-0.17177872359752655	0.027997154742479324	0.2883070409297943	-0.2050967961549759	0.174672931432724	-0.02674952894449234	0.09839773178100586	-0.05111782252788544	-0.07633369415998459	-0.08390817791223526	-0.19143284857273102	-0.017002422362565994	-0.19937901198863983	-0.037216249853372574
VAN_LABEL_19	0.22293421626091003	-0.08400142937898636	0.20889082551002502	-0.6005848050117493	0.12541869282722473	-0.002147071994841099	0.039902109652757645	n/a	0.14355309307575226	-0.24686630070209503	0.27393409609794617	-0.374330073595047	-0.16441459953784943	-0.2795543968677521	0.26950034499168396	0.25027257204055786	-0.5295925140380859	0.3013651371002197	1.0	-0.4473319947719574	-0.3181678056716919	0.1874375343322754	0.12386616319417953	0.010353111661970615	-0.23510533571243286	-0.08969420194625854	0.0029309357050806284	0.26869240403175354	-0.05351940542459488	0.23827064037322998	-0.5165252685546875	-0.1271265596151352	-0.2386564016342163	0.138252392411232	n/a	-0.34470269083976746	0.059889812022447586	-0.10243332386016846	-0.3183981776237488	-0.08048898726701736	0.2536409795284271	-0.45113229751586914	0.5825728178024292	-0.3518562912940979	-0.4006640613079071	0.031235139816999435	0.18391500413417816	-0.028444543480873108	-0.05182180553674698	0.36333462595939636	0.2172386348247528	-0.005979633424431086	0.23500333726406097	0.13127169013023376	0.07007443159818649	-0.15238803625106812	-0.24419185519218445	0.07116352766752243	0.12152529507875443	0.015652144327759743	0.2252378761768341	0.135957732796669	-0.031995538622140884	0.25270015001296997	0.22200773656368256	-0.19605454802513123	-0.19343090057373047	-0.4328216016292572	0.14293617010116577	-0.07286489754915237	-0.14327946305274963	0.27863723039627075	-0.1984337717294693	-0.121519073843956	-0.0007436275482177734	0.19837526977062225	-0.3367576003074646	-0.40931734442710876	0.12342910468578339	-0.03920120373368263
CO_LABEL_20	-0.1309974193572998	0.32218310236930847	-0.43236398696899414	0.6680664420127869	-0.10085954517126083	0.3506337106227875	0.31096407771110535	n/a	0.03171585500240326	0.29306429624557495	0.07159586995840073	0.3126242756843567	0.045576322823762894	0.10868486762046814	-0.3598632514476776	-0.2056463360786438	0.8088083267211914	-0.581610918045044	-0.4473319947719574	1.0	0.5791009068489075	-0.0004065617686137557	-0.03413112089037895	0.2541382312774658	0.3022271394729614	0.10631642490625381	-0.044575873762369156	-0.06325186789035797	0.24012480676174164	-0.5444908142089844	0.6608300805091858	-0.1537162810564041	0.46546506881713867	0.2512586712837219	n/a	0.45440080761909485	-0.032961588352918625	-0.02982587181031704	0.3567589819431305	0.0409344919025898	-0.48588740825653076	0.7435014843940735	-0.2655837833881378	0.7923186421394348	0.5412669777870178	0.07487548142671585	-0.18684691190719604	0.20414794981479645	0.13235630095005035	-0.42425230145454407	-0.6184753775596619	0.004991950932890177	-0.5475786328315735	0.21414139866828918	-0.547831654548645	-0.06828052550554276	-0.05435921251773834	0.015139252878725529	-0.23432111740112305	0.18164072930812836	0.013789269141852856	-0.4252969026565552	-0.21651850640773773	-0.38957732915878296	-0.38753825426101685	0.39498189091682434	0.1542668640613556	0.019428981468081474	-0.2769091725349426	-0.08367615193128586	0.1344953179359436	-0.048926353454589844	-0.06191279739141464	-0.07537833601236343	0.4032140076160431	0.13735133409500122	0.19427993893623352	0.21427376568317413	0.1821645200252533	-0.11625253409147263
CO_LABEL_21	-0.5727668404579163	-0.06188660487532616	0.1390867978334427	0.30632731318473816	-0.24008142948150635	0.23257268965244293	-0.24569448828697205	n/a	-0.4587290585041046	0.6351178288459778	0.03534433990716934	0.5822206735610962	0.18745990097522736	0.08351390063762665	0.07845300436019897	-0.5729986429214478	0.7103950381278992	-0.36571234464645386	-0.3181678056716919	0.5791009068489075	1.0	0.3800719976425171	0.029801148921251297	0.09079496562480927	0.25908008217811584	-0.3144969940185547	-0.45857223868370056	-0.4728006422519684	-0.07226395606994629	0.025010112673044205	0.3323916792869568	-0.0618007555603981	0.14490418136119843	-0.2688080966472626	n/a	0.682643473148346	0.10674998909235	0.5056876540184021	0.24303272366523743	-0.025017932057380676	-0.11703585088253021	0.49277880787849426	-0.1440906673669815	0.505059003829956	0.8494302034378052	0.44401049613952637	-0.012979879975318909	0.1608419418334961	-0.057100046426057816	-0.48735854029655457	-0.2113768756389618	-0.35698071122169495	-0.42993059754371643	-0.15660014748573303	-0.4244871735572815	0.16957053542137146	0.17676903307437897	-0.08606579154729843	-0.08576299995183945	-0.08301271498203278	0.08123504370450974	-0.08863690495491028	-0.4726693630218506	0.14089637994766235	-0.17824111878871918	0.21271000802516937	0.23736369609832764	0.1410612314939499	-0.4445488154888153	-0.003206521039828658	-0.1946178525686264	0.18731807172298431	0.1348118931055069	-0.03710267320275307	0.023891597986221313	-0.23469990491867065	0.20710264146327972	0.22896547615528107	-0.23355945944786072	-0.06439375877380371
Sal_LABEL_22	-0.301664799451828	-0.09658597409725189	0.08548637479543686	-0.15026801824569702	-0.15268737077713013	0.12035159021615982	-0.25491687655448914	n/a	-0.28908589482307434	0.31907129287719727	0.2504214346408844	0.2015221267938614	0.08331563323736191	-0.17682431638240814	0.09025736153125763	-0.3823799192905426	0.07286631315946579	-0.07726651430130005	0.1874375343322754	-0.0004065617686137557	0.3800719976425171	1.0	-0.0654841884970665	0.023034486919641495	0.009050515480339527	-0.3084312081336975	-0.3958519995212555	-0.392189621925354	-0.1244259774684906	0.12219174206256866	-0.18351951241493225	-0.0071248216554522514	0.09596370160579681	-0.2542416751384735	n/a	0.2174077183008194	0.3250886797904968	0.3980939984321594	-0.22225429117679596	-0.16977141797542572	-0.011051055043935776	0.05316157266497612	0.4515829086303711	-0.06961837410926819	0.3208756446838379	0.7114368081092834	0.09825868904590607	0.15578383207321167	-0.17262034118175507	-0.14373959600925446	0.150709331035614	-0.28172439336776733	-0.014187087304890156	-0.1916862279176712	-0.08685078471899033	0.15096190571784973	0.05668429285287857	-0.12163912504911423	0.029618816450238228	-0.3568057715892792	-0.06188861280679703	0.43457889556884766	0.08338569849729538	0.3011966645717621	0.2694411277770996	-0.13943643867969513	0.04190003499388695	0.038430213928222656	-0.29969996213912964	-0.0827583596110344	-0.19327856600284576	0.1331130415201187	0.12001187354326248	-0.18162178993225098	-0.20885394513607025	-0.14275576174259186	0.09789173305034637	-0.08843205124139786	-0.2795240581035614	-0.05939265713095665
DAN_LABEL_23	-0.06750796735286713	0.40334072709083557	-0.026292555034160614	-0.33432137966156006	-0.22692637145519257	-0.16187185049057007	0.1626960188150406	n/a	0.04312550276517868	-0.07747440785169601	-0.13542915880680084	0.10498655587434769	0.10501544922590256	-0.33045586943626404	0.472248911857605	-0.22305411100387573	0.04337015375494957	-0.30190104246139526	0.12386616319417953	-0.03413112089037895	0.029801148921251297	-0.0654841884970665	1.0	-0.08857835084199905	0.4325302839279175	-0.3559171259403229	-0.29196810722351074	-0.04757493734359741	0.3203064501285553	-0.05710652098059654	-0.25609222054481506	-0.19131509959697723	-0.20717555284500122	0.20457974076271057	n/a	-0.013829752802848816	-0.3683260977268219	0.08200906217098236	0.07933630049228668	-0.218853160738945	0.2933836579322815	0.03904426097869873	0.09687086194753647	-0.06361591070890427	-0.012089979834854603	-0.10574266314506531	0.825624406337738	-0.0260312557220459	0.5466510653495789	-0.23491023480892181	-0.17940261960029602	-0.4030879735946655	-0.30257752537727356	0.01072336733341217	-0.22989341616630554	-0.006089020986109972	-0.16937588155269623	-0.18609191477298737	-0.09139322489500046	0.16962604224681854	0.14270764589309692	-0.03163301572203636	-0.14802812039852142	0.1214148998260498	-0.07546886801719666	-0.057068925350904465	-0.1533506065607071	-0.09891583025455475	0.009816785342991352	0.4391380846500397	-0.31446659564971924	0.1496085375547409	-0.11782591789960861	-0.1579391062259674	-0.16324464976787567	0.06441206485033035	-0.1305638551712036	-0.28576043248176575	0.28600212931632996	0.04255114123225212
PMN_LABEL_24	-0.06583410501480103	0.018209081143140793	0.10629720985889435	0.115204356610775	-0.058063000440597534	0.8178961277008057	0.021032536402344704	n/a	-0.26133739948272705	0.04492954909801483	0.16192156076431274	0.11902820318937302	0.09987028688192368	0.0010515566682443023	-0.08652468025684357	-0.1554923802614212	0.06866814196109772	-0.07207539677619934	0.010353111661970615	0.2541382312774658	0.09079496562480927	0.023034486919641495	-0.08857835084199905	1.0	-0.09010301530361176	-0.1920352280139923	-0.17565302550792694	-0.14895594120025635	-0.018835073336958885	0.05124156177043915	0.22039857506752014	-0.09118268638849258	0.7145195603370667	0.004958887118846178	n/a	-0.07104654610157013	0.11882373690605164	-0.14185480773448944	-0.007118748035281897	-0.06743162125349045	-0.15356025099754333	0.0340241864323616	0.0040029133670032024	0.37878066301345825	0.09559854865074158	0.08695873618125916	-0.054797280579805374	0.8764341473579407	-0.12921985983848572	-0.08124443143606186	0.12630139291286469	-0.05762283504009247	-0.1676121950149536	0.11707863956689835	-0.042327072471380234	0.14595475792884827	-0.15405437350273132	-0.04712895676493645	-0.1945982277393341	-0.1658656746149063	-0.005940029863268137	-0.13855555653572083	-0.15352888405323029	-0.08895198255777359	-0.07091623544692993	0.24948522448539734	-0.21466898918151855	0.10447217524051666	-0.22201642394065857	-0.39244937896728516	-0.008943436667323112	0.08052603155374527	0.12110131233930588	-0.1486791968345642	0.2318708598613739	0.1641210913658142	0.016798263415694237	0.16328945755958557	0.08384263515472412	0.04038224741816521
DAN_LABEL_25	-0.11865491420030594	0.4022570550441742	-0.2921450138092041	0.019505538046360016	-0.2657572329044342	-0.06234390288591385	0.28869524598121643	n/a	0.1632642149925232	0.2644776999950409	-0.10555332154035568	0.16460557281970978	0.170573428273201	-0.3195858597755432	0.09270627051591873	-0.2838306427001953	0.42250797152519226	-0.4217773675918579	-0.23510533571243286	0.3022271394729614	0.25908008217811584	0.009050515480339527	0.4325302839279175	-0.09010301530361176	1.0	-0.03940395265817642	-0.14471544325351715	-0.13458235561847687	0.3586007356643677	-0.3639354109764099	0.011331976391375065	-0.027703551575541496	0.16118553280830383	0.2757780849933624	n/a	0.326725035905838	-0.22104127705097198	0.09160909801721573	0.071952685713768	-0.31696808338165283	-0.10391201078891754	0.5509305596351624	-0.05417925864458084	0.3121974468231201	0.33856719732284546	-0.10670561343431473	0.3048918545246124	0.012862606905400753	0.7331153154373169	-0.45094022154808044	-0.42155537009239197	-0.07531483471393585	-0.4099551737308502	0.20041011273860931	-0.41158515214920044	0.11962321400642395	0.12614335119724274	-0.006914379075169563	-0.09086233377456665	0.1007804200053215	0.14338751137256622	-0.32764893770217896	-0.2323642075061798	-0.13132968544960022	-0.3449622690677643	0.25285449624061584	0.02742626890540123	0.05014817416667938	-0.25414013862609863	0.23141548037528992	-0.07567425072193146	0.1496068239212036	-0.0343150720000267	-0.24012750387191772	0.03885248675942421	0.1291426569223404	0.04156743362545967	0.16706512868404388	0.1714363843202591	0.19494511187076569
