Node	HIP-head-m-rh	HIP-head-l-rh	HIP-body-rh	HIP-tail-rh	THA-VPm-rh	THA-VPl-rh	THA-VAi-rh	THA-VAs-rh	THA-DAm-rh	THA-DAl-rh	PUT-VA-rh	PUT-DA-rh	PUT-VP-rh	PUT-DP-rh	CAU-VA-rh	CAU-DA-rh	CAU-body-rh	CAU-tail-rh	lAMY-rh	mAMY-rh	THA-DP-rh	NAc-shell-rh	NAc-core-rh	pGP-rh	aGP-rh	HIP-head-m-lh	HIP-head-l-l	HIP-body-l	HIP-tail-lh	THA-VPm-lh	THA-VPl-lh	THA-VAi-lh	THA-VAs-lh	THA-DAm-lh	THA-DAl-lh	PUT-VA-lh	PUT-DA-l	PUT-VP-lh	PUT-DP-lh	CAU-VA-lh	CAU-DA-lh	CAU-body-lh	CAU-tail-lh	lAMY-lh	mAMY-lh	THA-DP-lh	NAc-shell-lh	NAc-core-lh	pGP-lh	aGP-lh
HIP-head-m-rh	1.0	0.40165355801582336	0.37293002009391785	0.08029256016016006	0.2676117718219757	-0.04085775837302208	-0.05252198129892349	0.31959277391433716	0.011594269424676895	-0.04419934004545212	0.04393385350704193	-0.11969355493783951	-0.1408950388431549	-0.17217564582824707	0.27109166979789734	0.12399519234895706	-0.05434029921889305	0.03899148106575012	-0.024315686896443367	-0.15573787689208984	0.16540385782718658	0.16499745845794678	0.19263805449008942	-0.166952982544899	-0.11477120220661163	0.4647517502307892	0.3326379656791687	0.07695536315441132	-0.23098838329315186	0.039481960237026215	-0.09993071109056473	0.29843440651893616	0.08344590663909912	-0.01079629547894001	-0.15054026246070862	0.10064595937728882	-0.18815870583057404	-0.1516633927822113	-0.17746004462242126	0.27865976095199585	0.12147828936576843	0.0814867913722992	0.06731169670820236	-0.27163270115852356	0.0779702216386795	0.05524356663227081	0.3291275203227997	0.4493541419506073	-0.15367873013019562	0.09444627165794373
HIP-head-l-rh	0.40165355801582336	1.0	0.5038189888000488	0.1324487030506134	0.03421539068222046	-0.46778395771980286	0.12326914817094803	0.31061774492263794	0.18218931555747986	-0.0052031949162483215	-0.11271413415670395	-0.16362406313419342	-0.2983538806438446	-0.2598453462123871	-0.1483176201581955	-0.12218023091554642	-0.2183554321527481	-0.2029220461845398	-0.043465714901685715	-0.12545959651470184	0.3582425117492676	0.048602912575006485	0.019476288929581642	-0.195426806807518	0.19346128404140472	0.4705430567264557	0.39554309844970703	0.26031747460365295	0.2223057895898819	-0.11431881040334702	0.06412762403488159	0.09614904969930649	0.1102299615740776	0.1392962485551834	0.07160681486129761	-0.13429296016693115	-0.1138402596116066	0.01695076934993267	-0.13012300431728363	0.020646661520004272	-0.03376167267560959	-0.11117449402809143	-0.01801636442542076	-0.3098890483379364	0.07077665627002716	0.23574590682983398	0.40333792567253113	0.3073934018611908	-0.09156164526939392	0.13911038637161255
HIP-body-rh	0.37293002009391785	0.5038189888000488	1.0	0.21373359858989716	0.15327860414981842	-0.27536463737487793	0.22751684486865997	0.26578280329704285	0.2740817666053772	0.0940910130739212	0.02955835498869419	-0.04435597360134125	0.10444708168506622	-0.006701457314193249	-0.1604108065366745	-0.15830904245376587	-0.2577354609966278	-0.1798132210969925	-0.14253108203411102	0.06773001700639725	0.44838130474090576	0.09532716870307922	0.11656489223241806	-0.0044514210894703865	0.09049543738365173	0.36497369408607483	0.30278509855270386	0.43801385164260864	0.05989278107881546	0.10594809800386429	0.16752298176288605	0.3270720839500427	0.32035937905311584	0.23492635786533356	0.16352242231369019	0.0634131133556366	0.15377667546272278	0.16266615688800812	-0.12066489458084106	0.09592418372631073	-0.06034618616104126	-0.0783882662653923	-0.13825485110282898	-0.08902079612016678	0.22632206976413727	0.3664598762989044	0.34318551421165466	0.2968330383300781	-0.0320136696100235	0.05066094547510147
HIP-tail-rh	0.08029256016016006	0.1324487030506134	0.21373359858989716	1.0	0.0742589607834816	0.0013407565420493484	0.15522906184196472	-0.015686586499214172	0.1523604542016983	0.23441939055919647	0.006392827257514	-0.18822763860225677	-0.151485413312912	-0.3184719681739807	0.07571684569120407	-0.24528495967388153	-0.25008460879325867	-0.21935464441776276	0.18629638850688934	-0.005249639041721821	0.14168600738048553	0.09595774859189987	0.011492982506752014	-0.11468406021595001	0.02852594666182995	0.03025352954864502	0.0610770657658577	0.13723351061344147	0.2583950161933899	0.017111556604504585	-0.04278884083032608	0.12265633046627045	-0.03668126463890076	0.03265426307916641	-0.003922119736671448	-0.12716031074523926	-0.38411974906921387	-0.21736425161361694	-0.3500356376171112	-0.028621580451726913	-0.08404554426670074	0.045466240495443344	-0.16021664440631866	-0.04287165775895119	0.12626925110816956	0.13087975978851318	0.19502942264080048	0.13398414850234985	0.04627777636051178	-0.2265738844871521
THA-VPm-rh	0.2676117718219757	0.03421539068222046	0.15327860414981842	0.0742589607834816	1.0	0.12398681044578552	0.11922985315322876	0.17381872236728668	0.3613065183162689	0.04508161544799805	0.2727544903755188	-0.030073286965489388	0.14262056350708008	0.11768105626106262	0.26481929421424866	0.07180225104093552	0.1065124049782753	0.14028023183345795	-0.31987079977989197	-0.10847389698028564	-0.05768644064664841	0.2464090883731842	0.10532518476247787	0.09484569728374481	0.010893233120441437	0.1818443089723587	0.061496980488300323	0.11702827364206314	-0.20137180387973785	0.060074158012866974	-0.09894755482673645	0.31205010414123535	0.10305066406726837	0.33751484751701355	-0.04828726127743721	0.22009088099002838	-0.11005736142396927	-0.08086604624986649	-0.17450278997421265	0.4381852149963379	0.17693108320236206	0.2014264315366745	0.14411592483520508	-0.07290204614400864	0.054766710847616196	0.05388288572430611	-0.029699545353651047	0.24398428201675415	-0.22294984757900238	0.22049549221992493
THA-VPl-rh	-0.04085775837302208	-0.46778395771980286	-0.27536463737487793	0.0013407565420493484	0.12398681044578552	1.0	-0.05388323590159416	-0.013463613577187061	0.2206684648990631	0.060169368982315063	0.1270836740732193	0.05559137091040611	0.2353053241968155	0.10339514166116714	0.13306540250778198	-0.03505944088101387	-0.1215810775756836	0.01713426783680916	-0.2720896005630493	0.0954698994755745	-0.1572505682706833	0.1580272763967514	-0.0792485699057579	0.24457913637161255	-0.004974687937647104	0.028056811541318893	-0.039349108934402466	0.028095414862036705	-0.23579397797584534	0.3185550272464752	-0.012813722714781761	0.3161330819129944	-0.15251624584197998	0.22844405472278595	0.04237033799290657	0.14566883444786072	0.047625329345464706	-0.008321770466864109	0.003633815562352538	0.24014067649841309	0.015048637986183167	0.05884139612317085	1.1611959962465335e-05	0.1994989961385727	0.1271931678056717	0.045150335878133774	-0.060982879251241684	-0.07474419474601746	0.13828536868095398	-0.07982499152421951
THA-VAi-rh	-0.05252198129892349	0.12326914817094803	0.22751684486865997	0.15522906184196472	0.11922985315322876	-0.05388323590159416	1.0	0.27802425622940063	0.5876750946044922	0.3818107843399048	-0.0002577315899543464	-0.07606054097414017	0.11872103065252304	0.014886507764458656	-0.04481641948223114	-0.2735595405101776	0.01812109164893627	-0.16513150930404663	0.05845678597688675	0.24591360986232758	0.16189037263393402	0.03411781042814255	0.16595855355262756	0.21928955614566803	0.13287588953971863	0.18807993829250336	-0.08134477585554123	0.0027864554431289434	0.05637899041175842	-0.07664608210325241	-0.015055293217301369	0.30982649326324463	0.0264714565128088	0.3890224099159241	0.08540075272321701	-0.10555801540613174	0.07807699590921402	0.19798296689987183	0.028509430587291718	0.1454567164182663	-0.2727227210998535	0.008342013694345951	-0.1791045218706131	0.09212981909513474	0.026317402720451355	0.1485561728477478	-0.0644257590174675	-0.07246992737054825	0.09142666310071945	0.10195939242839813
THA-VAs-rh	0.31959277391433716	0.31061774492263794	0.26578280329704285	-0.015686586499214172	0.17381872236728668	-0.013463613577187061	0.27802425622940063	1.0	0.3936251103878021	-0.05088295787572861	0.21762016415596008	0.056059740483760834	-0.08719012886285782	-0.046294204890728	0.29801759123802185	0.06780395656824112	-0.05055839195847511	-0.03318679705262184	0.017696287482976913	-0.10388193279504776	0.189944326877594	0.19565452635288239	0.4341162145137787	-0.08785059303045273	0.14871414005756378	0.38535892963409424	0.16124315559864044	0.13337931036949158	-0.268097460269928	-0.15497224032878876	-0.17855235934257507	0.45196279883384705	0.07996860891580582	0.2950269281864166	0.024277862161397934	0.1838179975748062	0.09029489755630493	-0.17559859156608582	-0.0842142179608345	0.35643041133880615	0.27540865540504456	0.16757160425186157	0.13446834683418274	-0.2581402361392975	0.14601777493953705	-0.018588492646813393	0.37224215269088745	0.3824278712272644	0.10959793627262115	0.37575677037239075
THA-DAm-rh	0.011594269424676895	0.18218931555747986	0.2740817666053772	0.1523604542016983	0.3613065183162689	0.2206684648990631	0.5876750946044922	0.3936251103878021	1.0	0.2580428719520569	0.17385099828243256	-0.09071550518274307	0.12052032351493835	-0.09131256490945816	0.012613192200660706	-0.22482256591320038	-0.17903903126716614	-0.23144903779029846	-0.1985902041196823	-0.025820380076766014	0.3759940266609192	0.1393318772315979	0.21154643595218658	0.24496468901634216	0.21002674102783203	0.3682563006877899	0.14694054424762726	0.11479245126247406	0.005162058863788843	0.16946876049041748	-0.030201762914657593	0.5619494318962097	0.08148733526468277	0.6723981499671936	0.15612144768238068	0.10456709563732147	-0.0803348571062088	0.07136263698339462	-0.22390109300613403	0.3449890613555908	-0.05541402846574783	-0.0818220004439354	-0.05639510974287987	-0.0022492806892842054	0.10355464369058609	0.37369126081466675	0.1441071629524231	0.10456045717000961	0.03712885081768036	0.33598053455352783
THA-DAl-rh	-0.04419934004545212	-0.0052031949162483215	0.0940910130739212	0.23441939055919647	0.04508161544799805	0.060169368982315063	0.3818107843399048	-0.05088295787572861	0.2580428719520569	1.0	-0.10997606813907623	0.177748441696167	0.3121317923069	0.22992247343063354	-0.1403912752866745	-0.43593844771385193	-0.09163795411586761	-0.022460035979747772	-0.08975466340780258	0.042829714715480804	0.09453681856393814	-0.08093219250440598	-0.21643680334091187	0.3059287965297699	0.08987587690353394	-0.10389700531959534	-0.3158619999885559	-0.17075955867767334	0.22332555055618286	0.2573963403701782	0.39986976981163025	0.2822296619415283	0.3055753707885742	0.3006897270679474	0.267885684967041	-0.13250544667243958	0.10881202667951584	0.25363364815711975	0.31482627987861633	-0.12485726922750473	-0.3172745406627655	-0.03068866953253746	-0.10356804728507996	-0.01081553939729929	0.198510080575943	0.3259527385234833	-0.14664606750011444	-0.13261933624744415	0.07607124745845795	-0.019586684182286263
PUT-VA-rh	0.04393385350704193	-0.11271413415670395	0.02955835498869419	0.006392827257514	0.2727544903755188	0.1270836740732193	-0.0002577315899543464	0.21762016415596008	0.17385099828243256	-0.10997606813907623	1.0	0.4382563829421997	-0.12818366289138794	0.049126073718070984	0.4330393075942993	0.3504277765750885	0.13153153657913208	0.1584472954273224	0.0003304017009213567	0.1165928915143013	0.187384232878685	0.23271313309669495	0.49500900506973267	0.099626824259758	0.2857326865196228	0.04766376316547394	0.15212930738925934	0.17536669969558716	-0.11524737626314163	-0.02465009316802025	0.06997471302747726	0.28090670704841614	0.1087096780538559	0.0782867893576622	-0.0801348015666008	0.7938399910926819	0.1717214435338974	-0.252719908952713	-0.14475974440574646	0.33722081780433655	0.6054386496543884	0.2492302805185318	-0.10237370431423187	0.033237721771001816	0.3600499629974365	-0.12983793020248413	0.4447903037071228	0.3656544089317322	-0.20485159754753113	0.23540841042995453
PUT-DA-rh	-0.11969355493783951	-0.16362406313419342	-0.04435597360134125	-0.18822763860225677	-0.030073286965489388	0.05559137091040611	-0.07606054097414017	0.056059740483760834	-0.09071550518274307	0.177748441696167	0.4382563829421997	1.0	0.3896853029727936	0.6074155569076538	0.1715552657842636	0.06304652988910675	0.05766450986266136	0.22385358810424805	-0.09648536890745163	-0.024523213505744934	0.12221900373697281	-0.11498398333787918	0.13689984381198883	0.25134122371673584	0.1979730725288391	-0.1238747090101242	-0.016972767189145088	-0.2329079508781433	0.1675945669412613	0.20823808014392853	0.4126676321029663	0.10857231914997101	0.10871922969818115	-0.033187560737133026	0.07019376009702682	0.5083928108215332	0.5374113321304321	0.1969936490058899	0.45683160424232483	0.04866291582584381	0.3852085471153259	0.2249555140733719	0.18608693778514862	0.10747192800045013	0.20553112030029297	0.04360615462064743	0.10648545622825623	0.12560154497623444	-0.22964705526828766	0.28777948021888733
PUT-VP-rh	-0.1408950388431549	-0.2983538806438446	0.10444708168506622	-0.151485413312912	0.14262056350708008	0.2353053241968155	0.11872103065252304	-0.08719012886285782	0.12052032351493835	0.3121317923069	-0.12818366289138794	0.3896853029727936	1.0	0.6554233431816101	-0.16804742813110352	-0.2937548756599426	-0.0952523872256279	0.10117625445127487	-0.1933077871799469	0.10737136006355286	0.10537166148424149	-0.015391523949801922	-0.14497847855091095	0.2873326241970062	-0.05033164843916893	0.040799614042043686	-0.15692347288131714	-0.11953837424516678	0.030159873887896538	0.2370436191558838	0.3184112012386322	0.10705788433551788	-0.09440510720014572	0.16624192893505096	0.07827803492546082	-0.0023528484161943197	0.4980390965938568	0.5837706923484802	0.5566533803939819	-0.04615774750709534	-0.2503040134906769	-0.12340924143791199	-0.05221913382411003	0.1286914199590683	0.17258566617965698	0.19675292074680328	-0.2038610428571701	-0.1134726032614708	0.10581661760807037	0.01447554212063551
PUT-DP-rh	-0.17217564582824707	-0.2598453462123871	-0.006701457314193249	-0.3184719681739807	0.11768105626106262	0.10339514166116714	0.014886507764458656	-0.046294204890728	-0.09131256490945816	0.22992247343063354	0.049126073718070984	0.6074155569076538	0.6554233431816101	1.0	-0.049994878470897675	-0.027041103690862656	-0.013331209309399128	0.20487917959690094	0.07521554082632065	0.024492699652910233	-0.2101757973432541	-0.01403098925948143	0.09654288738965988	0.17616282403469086	-0.047031015157699585	-0.07917005568742752	-0.14483126997947693	-0.11739131808280945	0.18006929755210876	0.14988677203655243	0.2823619842529297	-0.03887144476175308	-0.1365315169095993	-0.054062988609075546	0.16388073563575745	0.20329585671424866	0.5243383646011353	0.5639971494674683	0.6639841794967651	-0.02205602265894413	-0.14264346659183502	0.02903573215007782	0.1687363088130951	0.13097700476646423	0.16044417023658752	-0.1707550436258316	-0.17796382308006287	-0.06588292121887207	-0.09996604174375534	0.1726277619600296
CAU-VA-rh	0.27109166979789734	-0.1483176201581955	-0.1604108065366745	0.07571684569120407	0.26481929421424866	0.13306540250778198	-0.04481641948223114	0.29801759123802185	0.012613192200660706	-0.1403912752866745	0.4330393075942993	0.1715552657842636	-0.16804742813110352	-0.049994878470897675	1.0	0.511722981929779	0.4446156322956085	0.23319345712661743	0.06962168961763382	0.03016643226146698	0.09479811042547226	0.308380126953125	0.3632868230342865	-0.08839276432991028	0.08445484936237335	-0.08982619643211365	-0.015625933185219765	-0.12183650583028793	-0.5241988301277161	-0.048472240567207336	-0.20640459656715393	0.3924616277217865	-0.03873978927731514	-0.2211635559797287	-0.2488742619752884	0.5118334293365479	0.040694065392017365	-0.4469011127948761	-0.23136627674102783	0.4790165424346924	0.47424012422561646	0.4387088119983673	0.2637115716934204	-0.2260747253894806	-0.07618580013513565	-0.3492707908153534	0.1972791701555252	0.2582826614379883	-0.0672750249505043	-0.03860960528254509
CAU-DA-rh	0.12399519234895706	-0.12218023091554642	-0.15830904245376587	-0.24528495967388153	0.07180225104093552	-0.03505944088101387	-0.2735595405101776	0.06780395656824112	-0.22482256591320038	-0.43593844771385193	0.3504277765750885	0.06304652988910675	-0.2937548756599426	-0.027041103690862656	0.511722981929779	1.0	0.42896056175231934	0.20786826312541962	0.026332998648285866	-0.0255829356610775	-0.054566267877817154	0.12274190783500671	0.33471959829330444	-0.25523698329925537	0.0825236439704895	-0.020726937800645828	-0.1067572832107544	-0.04580806568264961	-0.5208404064178467	-0.27011531591415405	-0.21273531019687653	0.12060068547725677	-0.08618378639221191	-0.31145668029785156	-0.10280385613441467	0.49386918544769287	0.0892111286520958	-0.35415834188461304	-0.22949019074440002	0.2517644166946411	0.5553531050682068	0.30899578332901	0.3364168405532837	-0.03187499940395355	-0.1149851605296135	-0.46851882338523865	0.05568685755133629	0.18116097152233124	-0.04806917905807495	0.09560880810022354
CAU-body-rh	-0.05434029921889305	-0.2183554321527481	-0.2577354609966278	-0.25008460879325867	0.1065124049782753	-0.1215810775756836	0.01812109164893627	-0.05055839195847511	-0.17903903126716614	-0.09163795411586761	0.13153153657913208	0.05766450986266136	-0.0952523872256279	-0.013331209309399128	0.4446156322956085	0.42896056175231934	1.0	0.4288979470729828	-0.08186092227697372	0.1130039319396019	-0.15118443965911865	-0.27341049909591675	-0.02013261616230011	0.004716040566563606	0.04536810889840126	-0.453010231256485	-0.34951090812683105	-0.41136404871940613	-0.4062028229236603	0.027914851903915405	-0.0065023815259337425	0.02616557478904724	0.26354479789733887	-0.0909556970000267	-0.0017578231636434793	0.07631563395261765	0.1272043138742447	-0.23513609170913696	-0.027812737971544266	-0.0035821404308080673	0.2403961569070816	0.5023176074028015	0.39333829283714294	-0.14276370406150818	-0.28456664085388184	-0.22497297823429108	-0.36757123470306396	-0.2904888391494751	-0.05418642237782478	-0.03452790901064873
CAU-tail-rh	0.03899148106575012	-0.2029220461845398	-0.1798132210969925	-0.21935464441776276	0.14028023183345795	0.01713426783680916	-0.16513150930404663	-0.03318679705262184	-0.23144903779029846	-0.022460035979747772	0.1584472954273224	0.22385358810424805	0.10117625445127487	0.20487917959690094	0.23319345712661743	0.20786826312541962	0.4288979470729828	1.0	-0.0617281049489975	-0.10656631737947464	-0.11061584949493408	-0.03003866598010063	-0.06281834840774536	-0.22014257311820984	0.22422420978546143	-0.35094866156578064	-0.14938205480575562	-0.29539918899536133	-0.07084829360246658	0.03552970662713051	0.1827244609594345	-0.13997530937194824	0.13891451060771942	0.07261183857917786	0.10418244451284409	0.22463539242744446	0.12689904868602753	-0.02628239430487156	0.2663527727127075	-0.04386239871382713	0.2566269040107727	0.40984705090522766	0.3819621205329895	0.09891572594642639	0.0692751482129097	-0.02352820709347725	-0.2327086329460144	0.10003019124269485	-0.3221642076969147	0.17720480263233185
lAMY-rh	-0.024315686896443367	-0.043465714901685715	-0.14253108203411102	0.18629638850688934	-0.31987079977989197	-0.2720896005630493	0.05845678597688675	0.017696287482976913	-0.1985902041196823	-0.08975466340780258	0.0003304017009213567	-0.09648536890745163	-0.1933077871799469	0.07521554082632065	0.06962168961763382	0.026332998648285866	-0.08186092227697372	-0.0617281049489975	1.0	0.00543564185500145	-0.11730501055717468	0.0656202957034111	0.32737165689468384	-0.31210991740226746	-0.207369863986969	-0.002285021124407649	0.006301115266978741	-0.04703304544091225	0.24365971982479095	-0.34210750460624695	-0.3179347813129425	-0.3711431920528412	-0.3944266736507416	-0.37796252965927124	-0.17103725671768188	0.04157377406954765	-0.27419379353523254	-0.20852407813072205	-0.10872607678174973	-0.18561291694641113	-0.10249055176973343	-0.15493419766426086	-0.08932051062583923	0.009873690083622932	-0.05678682029247284	-0.5124239325523376	0.24387846887111664	-0.07056228071451187	-0.05576686933636665	-0.001442178268916905
mAMY-rh	-0.15573787689208984	-0.12545959651470184	0.06773001700639725	-0.005249639041721821	-0.10847389698028564	0.0954698994755745	0.24591360986232758	-0.10388193279504776	-0.025820380076766014	0.042829714715480804	0.1165928915143013	-0.024523213505744934	0.10737136006355286	0.024492699652910233	0.03016643226146698	-0.0255829356610775	0.1130039319396019	-0.10656631737947464	0.00543564185500145	1.0	0.058000147342681885	0.26629602909088135	0.06680018454790115	0.2758182883262634	-0.2550421953201294	-0.10400813072919846	0.057620819658041	0.1452479362487793	-0.0032339890021830797	-0.06743868440389633	0.27791282534599304	0.10191541165113449	0.011537270620465279	-0.03277275711297989	0.345210999250412	0.15626917779445648	0.3434908092021942	0.19149558246135712	0.10033976286649704	-0.02758019044995308	-0.10835207253694534	-0.21734410524368286	-0.3698484003543854	0.2473033219575882	0.35365697741508484	0.004263626411557198	0.10708985477685928	-0.14224578440189362	0.31444504857063293	-0.26567691564559937
THA-DP-rh	0.16540385782718658	0.3582425117492676	0.44838130474090576	0.14168600738048553	-0.05768644064664841	-0.1572505682706833	0.16189037263393402	0.189944326877594	0.3759940266609192	0.09453681856393814	0.187384232878685	0.12221900373697281	0.10537166148424149	-0.2101757973432541	0.09479811042547226	-0.054566267877817154	-0.15118443965911865	-0.11061584949493408	-0.11730501055717468	0.058000147342681885	1.0	0.19157464802265167	0.12265509366989136	-0.03496706113219261	0.15317583084106445	0.2349354475736618	0.3389459252357483	0.20761270821094513	0.07489900290966034	0.1813512146472931	0.24129770696163177	0.3112541139125824	0.10617333650588989	0.2160135954618454	0.06998598575592041	0.32013508677482605	0.2450987994670868	0.07252273708581924	-0.06373662501573563	-0.010741809383034706	0.14827243983745575	-0.24084807932376862	-0.11993127316236496	-0.14177826046943665	0.2643062472343445	0.41346001625061035	0.38135311007499695	0.16761045157909393	0.09407825767993927	0.002034680685028434
NAc-shell-rh	0.16499745845794678	0.048602912575006485	0.09532716870307922	0.09595774859189987	0.2464090883731842	0.1580272763967514	0.03411781042814255	0.19565452635288239	0.1393318772315979	-0.08093219250440598	0.23271313309669495	-0.11498398333787918	-0.015391523949801922	-0.01403098925948143	0.308380126953125	0.12274190783500671	-0.27341049909591675	-0.03003866598010063	0.0656202957034111	0.26629602909088135	0.19157464802265167	1.0	0.49156731367111206	-0.08486863225698471	-0.11140217632055283	0.2511552572250366	0.2846721410751343	0.3842675983905792	-0.13615545630455017	-0.23939792811870575	-0.2519456744194031	0.11887264251708984	-0.38427355885505676	-0.07676281034946442	-0.08043557405471802	0.3030436635017395	-0.03053346835076809	-0.0525890551507473	0.03667125478386879	0.38913729786872864	-0.020915457978844643	-0.29121071100234985	-0.2223663330078125	0.03541820868849754	0.1999765783548355	-0.1525498628616333	0.3278859555721283	0.2808261811733246	-0.05850445106625557	-0.13154734671115875
NAc-core-rh	0.19263805449008942	0.019476288929581642	0.11656489223241806	0.011492982506752014	0.10532518476247787	-0.0792485699057579	0.16595855355262756	0.4341162145137787	0.21154643595218658	-0.21643680334091187	0.49500900506973267	0.13689984381198883	-0.14497847855091095	0.09654288738965988	0.3632868230342865	0.33471959829330444	-0.02013261616230011	-0.06281834840774536	0.32737165689468384	0.06680018454790115	0.12265509366989136	0.49156731367111206	1.0	-0.08741545677185059	-0.09661155194044113	0.3277685344219208	0.2600904703140259	0.19946761429309845	-0.13270516693592072	-0.2687006890773773	-0.3468213677406311	0.17125371098518372	-0.236989825963974	-0.07309530675411224	-0.2034083753824234	0.5052002668380737	-0.03619685024023056	-0.18172751367092133	-0.09397376328706741	0.4373517334461212	0.24450667202472687	-0.002544735325500369	-0.060849882662296295	-0.12575100362300873	0.15466171503067017	-0.3631089925765991	0.3746204972267151	0.333525687456131	-0.12313723564147949	0.20018218457698822
pGP-rh	-0.166952982544899	-0.195426806807518	-0.0044514210894703865	-0.11468406021595001	0.09484569728374481	0.24457913637161255	0.21928955614566803	-0.08785059303045273	0.24496468901634216	0.3059287965297699	0.099626824259758	0.25134122371673584	0.2873326241970062	0.17616282403469086	-0.08839276432991028	-0.25523698329925537	0.004716040566563606	-0.22014257311820984	-0.31210991740226746	0.2758182883262634	-0.03496706113219261	-0.08486863225698471	-0.08741545677185059	1.0	-0.023383261635899544	-0.08848386257886887	-0.18195109069347382	-0.22857291996479034	-0.05090836063027382	0.21265529096126556	0.4144737422466278	0.27716588973999023	0.13340285420417786	0.27274850010871887	0.25458183884620667	0.08393115550279617	0.31225332617759705	0.2220878154039383	0.27244946360588074	0.10201980918645859	-0.0884731337428093	-0.05459734424948692	-0.06811939179897308	0.2934853136539459	0.21297821402549744	0.26196542382240295	-0.13154835999011993	-0.09499245136976242	0.27337440848350525	0.15356948971748352
aGP-rh	-0.11477120220661163	0.19346128404140472	0.09049543738365173	0.02852594666182995	0.010893233120441437	-0.004974687937647104	0.13287588953971863	0.14871414005756378	0.21002674102783203	0.08987587690353394	0.2857326865196228	0.1979730725288391	-0.05033164843916893	-0.047031015157699585	0.08445484936237335	0.0825236439704895	0.04536810889840126	0.22422420978546143	-0.207369863986969	-0.2550421953201294	0.15317583084106445	-0.11140217632055283	-0.09661155194044113	-0.023383261635899544	1.0	-0.1250091940164566	-0.027297401800751686	-0.061329904943704605	-0.019349480047822	-0.06877916306257248	0.1565149426460266	0.14679110050201416	0.06940001249313354	0.12946978211402893	-0.10982884466648102	0.09664932638406754	0.032935068011283875	-0.12766782939434052	-0.03882087767124176	-0.03758617863059044	0.1987980157136917	0.3718903958797455	0.21396271884441376	0.026317069306969643	0.03416680172085762	0.1577240526676178	-0.010135414078831673	0.003350279526785016	-0.12385119497776031	0.14064370095729828
HIP-head-m-lh	0.4647517502307892	0.4705430567264557	0.36497369408607483	0.03025352954864502	0.1818443089723587	0.028056811541318893	0.18807993829250336	0.38535892963409424	0.3682563006877899	-0.10389700531959534	0.04766376316547394	-0.1238747090101242	0.040799614042043686	-0.07917005568742752	-0.08982619643211365	-0.020726937800645828	-0.453010231256485	-0.35094866156578064	-0.002285021124407649	-0.10400813072919846	0.2349354475736618	0.2511552572250366	0.3277685344219208	-0.08848386257886887	-0.1250091940164566	1.0	0.4668078124523163	0.4378019869327545	-0.12800459563732147	-0.042135968804359436	-0.3118872344493866	0.3189004063606262	-0.04543863236904144	0.19856934249401093	-0.10026583075523376	0.07810015976428986	-0.13832584023475647	-0.02478436939418316	-0.17953737080097198	0.30128544569015503	0.003629484912380576	-0.3118880093097687	-0.27973711490631104	-0.22008533775806427	0.2195848673582077	0.067082978785038	0.5871894955635071	0.4485006034374237	-0.12810805439949036	0.10318611562252045
HIP-head-l-l	0.3326379656791687	0.39554309844970703	0.30278509855270386	0.0610770657658577	0.061496980488300323	-0.039349108934402466	-0.08134477585554123	0.16124315559864044	0.14694054424762726	-0.3158619999885559	0.15212930738925934	-0.016972767189145088	-0.15692347288131714	-0.14483126997947693	-0.015625933185219765	-0.1067572832107544	-0.34951090812683105	-0.14938205480575562	0.006301115266978741	0.057620819658041	0.3389459252357483	0.2846721410751343	0.2600904703140259	-0.18195109069347382	-0.027297401800751686	0.4668078124523163	1.0	0.3186497986316681	0.19650626182556152	0.07247002422809601	-0.034266699105501175	-0.060003019869327545	-0.014069797471165657	0.060005735605955124	-0.003485815366730094	0.1549226939678192	-0.18532446026802063	-0.06944698095321655	-0.2265200912952423	0.21694280207157135	0.19254757463932037	-0.1000109389424324	-0.0794459730386734	0.031010515987873077	0.16007821261882782	0.23854699730873108	0.5343490839004517	0.19361701607704163	-0.26026883721351624	0.21382054686546326
HIP-body-l	0.07695536315441132	0.26031747460365295	0.43801385164260864	0.13723351061344147	0.11702827364206314	0.028095414862036705	0.0027864554431289434	0.13337931036949158	0.11479245126247406	-0.17075955867767334	0.17536669969558716	-0.2329079508781433	-0.11953837424516678	-0.11739131808280945	-0.12183650583028793	-0.04580806568264961	-0.41136404871940613	-0.29539918899536133	-0.04703304544091225	0.1452479362487793	0.20761270821094513	0.3842675983905792	0.19946761429309845	-0.22857291996479034	-0.061329904943704605	0.4378019869327545	0.3186497986316681	1.0	0.0325801707804203	0.016645990312099457	-0.17126962542533875	0.1279125213623047	0.04332936927676201	0.13363176584243774	0.12941373884677887	0.1844979226589203	-0.02682298980653286	0.08620341122150421	-0.15159201622009277	0.16606256365776062	0.025251654908061028	-0.26014626026153564	-0.38475483655929565	-0.1988852173089981	0.38227856159210205	0.13443806767463684	0.511513352394104	0.4115445613861084	-0.01871565729379654	-0.23326422274112701
HIP-tail-lh	-0.23098838329315186	0.2223057895898819	0.05989278107881546	0.2583950161933899	-0.20137180387973785	-0.23579397797584534	0.05637899041175842	-0.268097460269928	0.005162058863788843	0.22332555055618286	-0.11524737626314163	0.1675945669412613	0.030159873887896538	0.18006929755210876	-0.5241988301277161	-0.5208404064178467	-0.4062028229236603	-0.07084829360246658	0.24365971982479095	-0.0032339890021830797	0.07489900290966034	-0.13615545630455017	-0.13270516693592072	-0.05090836063027382	-0.019349480047822	-0.12800459563732147	0.19650626182556152	0.0325801707804203	1.0	0.08222741633653641	0.28136610984802246	-0.437604159116745	-0.08763125538825989	0.09801726043224335	0.17627675831317902	-0.1977631002664566	-0.05718778818845749	0.3395687937736511	0.18822181224822998	-0.2648988366127014	-0.2266950160264969	-0.2293744534254074	-0.1136256605386734	0.18014195561408997	0.15863382816314697	0.22766157984733582	-0.007230560760945082	-0.11649306118488312	-0.16242602467536926	0.09508373588323593
THA-VPm-lh	0.039481960237026215	-0.11431881040334702	0.10594809800386429	0.017111556604504585	0.060074158012866974	0.3185550272464752	-0.07664608210325241	-0.15497224032878876	0.16946876049041748	0.2573963403701782	-0.02465009316802025	0.20823808014392853	0.2370436191558838	0.14988677203655243	-0.048472240567207336	-0.27011531591415405	0.027914851903915405	0.03552970662713051	-0.34210750460624695	-0.06743868440389633	0.1813512146472931	-0.23939792811870575	-0.2687006890773773	0.21265529096126556	-0.06877916306257248	-0.042135968804359436	0.07247002422809601	0.016645990312099457	0.08222741633653641	1.0	0.31190139055252075	0.21255871653556824	0.35609981417655945	0.4533918797969818	0.234273761510849	0.05176505073904991	0.1801326423883438	0.12342555820941925	0.11134232580661774	0.026024043560028076	-0.02647964470088482	0.23006314039230347	0.20755423605442047	-0.013526203110814095	0.1891501098871231	0.4914630651473999	-0.014589418657124043	0.08736677467823029	-0.12548774480819702	-0.0855175256729126
THA-VPl-lh	-0.09993071109056473	0.06412762403488159	0.16752298176288605	-0.04278884083032608	-0.09894755482673645	-0.012813722714781761	-0.015055293217301369	-0.17855235934257507	-0.030201762914657593	0.39986976981163025	0.06997471302747726	0.4126676321029663	0.3184112012386322	0.2823619842529297	-0.20640459656715393	-0.21273531019687653	-0.0065023815259337425	0.1827244609594345	-0.3179347813129425	0.27791282534599304	0.24129770696163177	-0.2519456744194031	-0.3468213677406311	0.4144737422466278	0.1565149426460266	-0.3118872344493866	-0.034266699105501175	-0.17126962542533875	0.28136610984802246	0.31190139055252075	1.0	0.10331226885318756	0.3005518317222595	0.21374623477458954	0.560137927532196	0.1611255556344986	0.5361031293869019	0.46628105640411377	0.45174452662467957	-0.27780789136886597	0.0029376777820289135	0.06030493602156639	-0.0022071332205086946	0.284395307302475	0.42240384221076965	0.4590218961238861	-0.07694138586521149	-0.018726155161857605	0.2099233716726303	0.20196199417114258
THA-VAi-lh	0.29843440651893616	0.09614904969930649	0.3270720839500427	0.12265633046627045	0.31205010414123535	0.3161330819129944	0.30982649326324463	0.45196279883384705	0.5619494318962097	0.2822296619415283	0.28090670704841614	0.10857231914997101	0.10705788433551788	-0.03887144476175308	0.3924616277217865	0.12060068547725677	0.02616557478904724	-0.13997530937194824	-0.3711431920528412	0.10191541165113449	0.3112541139125824	0.11887264251708984	0.17125371098518372	0.27716588973999023	0.14679110050201416	0.3189004063606262	-0.060003019869327545	0.1279125213623047	-0.437604159116745	0.21255871653556824	0.10331226885318756	1.0	0.31998294591903687	0.40856513381004333	0.1868842989206314	0.30023059248924255	0.17359690368175507	-0.03984181210398674	-0.1907331794500351	0.4170307219028473	0.1832810342311859	0.1295468658208847	-0.03209386393427849	-0.18097765743732452	0.18263016641139984	0.20301483571529388	0.19734658300876617	0.22719517350196838	0.23091495037078857	0.052624933421611786
THA-VAs-lh	0.08344590663909912	0.1102299615740776	0.32035937905311584	-0.03668126463890076	0.10305066406726837	-0.15251624584197998	0.0264714565128088	0.07996860891580582	0.08148733526468277	0.3055753707885742	0.1087096780538559	0.10871922969818115	-0.09440510720014572	-0.1365315169095993	-0.03873978927731514	-0.08618378639221191	0.26354479789733887	0.13891451060771942	-0.3944266736507416	0.011537270620465279	0.10617333650588989	-0.38427355885505676	-0.236989825963974	0.13340285420417786	0.06940001249313354	-0.04543863236904144	-0.014069797471165657	0.04332936927676201	-0.08763125538825989	0.35609981417655945	0.3005518317222595	0.31998294591903687	1.0	0.3315790593624115	0.3852789103984833	0.03864534944295883	0.08070597797632217	-0.03370986133813858	-0.14733850955963135	-0.10418421030044556	0.2608603835105896	0.26013582944869995	-0.009736324660480022	-0.22444207966327667	0.1267060786485672	0.4575359523296356	0.02524767816066742	0.07769683003425598	-0.12273988127708435	0.06443023681640625
THA-DAm-lh	-0.01079629547894001	0.1392962485551834	0.23492635786533356	0.03265426307916641	0.33751484751701355	0.22844405472278595	0.3890224099159241	0.2950269281864166	0.6723981499671936	0.3006897270679474	0.0782867893576622	-0.033187560737133026	0.16624192893505096	-0.054062988609075546	-0.2211635559797287	-0.31145668029785156	-0.0909556970000267	0.07261183857917786	-0.37796252965927124	-0.03277275711297989	0.2160135954618454	-0.07676281034946442	-0.07309530675411224	0.27274850010871887	0.12946978211402893	0.19856934249401093	0.060005735605955124	0.13363176584243774	0.09801726043224335	0.4533918797969818	0.21374623477458954	0.40856513381004333	0.3315790593624115	1.0	0.4782358407974243	0.03548780456185341	0.0656796544790268	0.16183340549468994	0.01695580780506134	0.2830045223236084	0.04333953186869621	0.17479805648326874	0.12177559733390808	0.03252638876438141	0.20718884468078613	0.6485670804977417	0.02268330566585064	0.21534423530101776	-0.039782337844371796	0.3739722669124603
THA-DAl-lh	-0.15054026246070862	0.07160681486129761	0.16352242231369019	-0.003922119736671448	-0.04828726127743721	0.04237033799290657	0.08540075272321701	0.024277862161397934	0.15612144768238068	0.267885684967041	-0.0801348015666008	0.07019376009702682	0.07827803492546082	0.16388073563575745	-0.2488742619752884	-0.10280385613441467	-0.0017578231636434793	0.10418244451284409	-0.17103725671768188	0.345210999250412	0.06998598575592041	-0.08043557405471802	-0.2034083753824234	0.25458183884620667	-0.10982884466648102	-0.10026583075523376	-0.003485815366730094	0.12941373884677887	0.17627675831317902	0.234273761510849	0.560137927532196	0.1868842989206314	0.3852789103984833	0.4782358407974243	1.0	0.05284939706325531	0.2618330121040344	0.3859005272388458	0.24003687500953674	-0.14672404527664185	-0.029884662479162216	-0.0047641959972679615	0.0003564939834177494	0.09955557435750961	0.30151036381721497	0.4486546814441681	0.016141144558787346	0.06371991336345673	0.16059264540672302	0.2526952922344208
PUT-VA-lh	0.10064595937728882	-0.13429296016693115	0.0634131133556366	-0.12716031074523926	0.22009088099002838	0.14566883444786072	-0.10555801540613174	0.1838179975748062	0.10456709563732147	-0.13250544667243958	0.7938399910926819	0.5083928108215332	-0.0023528484161943197	0.20329585671424866	0.5118334293365479	0.49386918544769287	0.07631563395261765	0.22463539242744446	0.04157377406954765	0.15626917779445648	0.32013508677482605	0.3030436635017395	0.5052002668380737	0.08393115550279617	0.09664932638406754	0.07810015976428986	0.1549226939678192	0.1844979226589203	-0.1977631002664566	0.05176505073904991	0.1611255556344986	0.30023059248924255	0.03864534944295883	0.03548780456185341	0.05284939706325531	1.0	0.3512396812438965	-0.13899630308151245	-0.03366459161043167	0.3895082473754883	0.6699850559234619	0.16230720281600952	0.020445838570594788	0.11854057013988495	0.43407508730888367	-0.06990916281938553	0.49055254459381104	0.48843812942504883	-0.17174693942070007	0.28258880972862244
PUT-DA-l	-0.18815870583057404	-0.1138402596116066	0.15377667546272278	-0.38411974906921387	-0.11005736142396927	0.047625329345464706	0.07807699590921402	0.09029489755630493	-0.0803348571062088	0.10881202667951584	0.1717214435338974	0.5374113321304321	0.4980390965938568	0.5243383646011353	0.040694065392017365	0.0892111286520958	0.1272043138742447	0.12689904868602753	-0.27419379353523254	0.3434908092021942	0.2450987994670868	-0.03053346835076809	-0.03619685024023056	0.31225332617759705	0.032935068011283875	-0.13832584023475647	-0.18532446026802063	-0.02682298980653286	-0.05718778818845749	0.1801326423883438	0.5361031293869019	0.17359690368175507	0.08070597797632217	0.0656796544790268	0.2618330121040344	0.3512396812438965	1.0	0.48449233174324036	0.6053584814071655	-0.03632714971899986	0.09749205410480499	-0.005826718173921108	0.006281301379203796	0.08685988932847977	0.36410367488861084	0.07586079835891724	0.011507530696690083	0.0764956921339035	0.24985909461975098	0.017309579998254776
PUT-VP-lh	-0.1516633927822113	0.01695076934993267	0.16266615688800812	-0.21736425161361694	-0.08086604624986649	-0.008321770466864109	0.19798296689987183	-0.17559859156608582	0.07136263698339462	0.25363364815711975	-0.252719908952713	0.1969936490058899	0.5837706923484802	0.5639971494674683	-0.4469011127948761	-0.35415834188461304	-0.23513609170913696	-0.02628239430487156	-0.20852407813072205	0.19149558246135712	0.07252273708581924	-0.0525890551507473	-0.18172751367092133	0.2220878154039383	-0.12766782939434052	-0.02478436939418316	-0.06944698095321655	0.08620341122150421	0.3395687937736511	0.12342555820941925	0.46628105640411377	-0.03984181210398674	-0.03370986133813858	0.16183340549468994	0.3859005272388458	-0.13899630308151245	0.48449233174324036	1.0	0.6274361610412598	-0.168551966547966	-0.4781269133090973	-0.31735479831695557	-0.20772171020507812	0.11713388562202454	0.16030102968215942	0.2946474850177765	-0.2801991403102875	-0.07016884535551071	0.12982510030269623	0.06627034395933151
PUT-DP-lh	-0.17746004462242126	-0.13012300431728363	-0.12066489458084106	-0.3500356376171112	-0.17450278997421265	0.003633815562352538	0.028509430587291718	-0.0842142179608345	-0.22390109300613403	0.31482627987861633	-0.14475974440574646	0.45683160424232483	0.5566533803939819	0.6639841794967651	-0.23136627674102783	-0.22949019074440002	-0.027812737971544266	0.2663527727127075	-0.10872607678174973	0.10033976286649704	-0.06373662501573563	0.03667125478386879	-0.09397376328706741	0.27244946360588074	-0.03882087767124176	-0.17953737080097198	-0.2265200912952423	-0.15159201622009277	0.18822181224822998	0.11134232580661774	0.45174452662467957	-0.1907331794500351	-0.14733850955963135	0.01695580780506134	0.24003687500953674	-0.03366459161043167	0.6053584814071655	0.6274361610412598	1.0	-0.20919586718082428	-0.3120132088661194	-0.1005421057343483	0.07146522402763367	0.0219801627099514	0.24594861268997192	0.07454448938369751	-0.2487463802099228	-0.0157733466476202	0.1283787339925766	0.024758324027061462
