Node	HIP-head-m-rh	HIP-head-l-rh	HIP-body-rh	HIP-tail-rh	THA-VPm-rh	THA-VPl-rh	THA-VAi-rh	THA-VAs-rh	THA-DAm-rh	THA-DAl-rh	PUT-VA-rh	PUT-DA-rh	PUT-VP-rh	PUT-DP-rh	CAU-VA-rh	CAU-DA-rh	CAU-body-rh	CAU-tail-rh	lAMY-rh	mAMY-rh	THA-DP-rh	NAc-shell-rh	NAc-core-rh	pGP-rh	aGP-rh	HIP-head-m-lh	HIP-head-l-l	HIP-body-l	HIP-tail-lh	THA-VPm-lh	THA-VPl-lh	THA-VAi-lh	THA-VAs-lh	THA-DAm-lh	THA-DAl-lh	PUT-VA-lh	PUT-DA-l	PUT-VP-lh	PUT-DP-lh	CAU-VA-lh	CAU-DA-lh	CAU-body-lh	CAU-tail-lh	lAMY-lh	mAMY-lh	THA-DP-lh	NAc-shell-lh	NAc-core-lh	pGP-lh	aGP-lh
HIP-head-m-rh	1.0	0.6810635924339294	0.3537388741970062	-0.3796185553073883	-0.10933273285627365	0.6807448267936707	-0.14383308589458466	-0.43151557445526123	-0.15813466906547546	-0.3515857756137848	0.05936488136649132	0.033568110316991806	0.03439133241772652	-0.05741854012012482	-0.14432178437709808	-0.49873384833335876	-0.3674870431423187	-0.19463694095611572	0.07545832544565201	0.5932490825653076	-0.040153782814741135	0.15709753334522247	-0.07196521759033203	-0.007449327502399683	-0.3824932873249054	0.749383807182312	0.5641279220581055	0.5094466209411621	0.07865748554468155	-0.0218739565461874	-0.0335470549762249	-0.10267233103513718	-0.453213095664978	-0.2609783113002777	-0.2502782642841339	-0.10829570889472961	0.04672468453645706	-0.02285778522491455	0.011754903011023998	0.007489160168915987	-0.2523730397224426	-0.4132404923439026	-0.22571541368961334	0.0553128682076931	0.44397446513175964	-0.5636613368988037	0.09852245450019836	0.011980779469013214	-0.07201974838972092	0.09521020203828812
HIP-head-l-rh	0.6810635924339294	1.0	0.3709943890571594	-0.15432371199131012	-0.10848460346460342	0.6015082001686096	-0.2634371519088745	-0.5860429406166077	-0.3113125264644623	-0.3644322454929352	0.22914187610149384	-0.06981181353330612	-0.07170871645212173	-0.1645781397819519	-0.08680092543363571	-0.4074864387512207	-0.3520147204399109	-0.3055679202079773	0.22719377279281616	0.7299617528915405	-0.0089398929849267	0.3285290598869324	0.017111461609601974	-0.061088189482688904	-0.1972203254699707	0.7926076650619507	0.6086708903312683	0.5699833035469055	0.15297523140907288	-0.16376568377017975	-0.025964630767703056	-0.22403690218925476	-0.5967316031455994	-0.5210513472557068	-0.4947431981563568	-0.21717220544815063	-0.06892475485801697	-0.3567171096801758	-0.21445873379707336	0.01316085271537304	-0.023890068754553795	-0.5004954934120178	-0.4133653938770294	0.043955836445093155	0.4676316976547241	-0.3709386885166168	0.31714028120040894	0.2705765664577484	-0.16981257498264313	-0.16326791048049927
HIP-body-rh	0.3537388741970062	0.3709943890571594	1.0	-0.020945461466908455	0.1719677448272705	0.21779188513755798	0.3108172118663788	-0.08394604921340942	-0.028513045981526375	-0.0741911455988884	-0.22817349433898926	-0.31534409523010254	-0.28179872035980225	-0.3157361149787903	-0.28537893295288086	-0.14391224086284637	0.015561877749860287	0.015121044591069221	-0.014752420596778393	0.11272464692592621	0.2808915674686432	-0.07824385911226273	-0.4312547743320465	-0.32830139994621277	-0.2700960040092468	0.2962833046913147	0.292571485042572	0.16805152595043182	0.03759080544114113	-0.11660752445459366	-0.07549867033958435	-0.16081349551677704	-0.22893336415290833	-0.317238450050354	-0.3345682621002197	-0.43998295068740845	-0.3557027578353882	-0.3729765713214874	-0.6113051772117615	-0.25659045577049255	-0.26084014773368835	-0.37212279438972473	-0.2697630524635315	-0.15428651869297028	-0.06245803460478783	-0.2701188027858734	-0.07324469834566116	-0.2699149250984192	0.004463852383196354	-0.0280592143535614
HIP-tail-rh	-0.3796185553073883	-0.15432371199131012	-0.020945461466908455	1.0	-0.04985424503684044	-0.2686152160167694	0.07806447893381119	0.16144372522830963	0.13078764081001282	0.26462385058403015	0.304813951253891	0.1299384981393814	0.06248356029391289	0.15167324244976044	0.26443052291870117	0.38040974736213684	0.22716131806373596	-0.06338135153055191	0.15874090790748596	-0.03492799773812294	0.08008697628974915	0.04134201630949974	0.1775846928358078	0.039287712424993515	0.3180259168148041	-0.15674139559268951	-0.35415759682655334	0.07869843393564224	0.24723048508167267	-0.014947219751775265	-0.33693361282348633	-0.24287357926368713	0.2129811942577362	0.11696936935186386	0.0032914348412305117	0.09967174381017685	0.25279274582862854	0.008236008696258068	0.0790475383400917	-0.1402779221534729	0.20675067603588104	0.08601123839616776	0.12674422562122345	0.010750039480626583	-0.05112650617957115	0.179384246468544	0.06921946257352829	0.15168708562850952	-0.003010086016729474	0.01613207906484604
THA-VPm-rh	-0.10933273285627365	-0.10848460346460342	0.1719677448272705	-0.04985424503684044	1.0	0.043628014624118805	0.36893635988235474	0.40986567735671997	0.2938048541545868	0.38707631826400757	-0.06780197471380234	0.22450849413871765	-0.023621199652552605	-0.04178563877940178	-0.3663859963417053	0.2524147927761078	0.2455507218837738	-0.05225352570414543	-0.2040545493364334	-0.16299407184123993	0.5487223863601685	-0.04298441484570503	-0.1293937861919403	-0.02994323894381523	0.5429413318634033	-0.2294767200946808	0.04420548304915428	-0.18182088434696198	0.11509956419467926	0.3857112228870392	-0.07187318801879883	0.3031170964241028	0.03871818259358406	0.013671335764229298	0.15936176478862762	0.08386657387018204	-0.20713672041893005	-0.15503531694412231	-0.1688861846923828	-0.3291882574558258	0.23228244483470917	-0.04306405782699585	-0.22156089544296265	0.09786638617515564	-0.3598371148109436	0.17607860267162323	-0.11058883368968964	-0.0665052980184555	0.07846349477767944	-0.22208818793296814
THA-VPl-rh	0.6807448267936707	0.6015082001686096	0.21779188513755798	-0.2686152160167694	0.043628014624118805	1.0	0.03789830207824707	-0.31909844279289246	0.13876815140247345	-0.004233760293573141	0.2580628991127014	0.28427553176879883	0.2852897346019745	0.03184037283062935	0.04531693831086159	-0.43698519468307495	-0.16892677545547485	-0.2207326889038086	-0.053224723786115646	0.7538837790489197	0.02490704320371151	0.33357223868370056	0.21422028541564941	0.20201995968818665	-0.04986589774489403	0.6192678809165955	0.5624215006828308	0.47999560832977295	-0.05071388930082321	0.3695780634880066	0.2535853683948517	0.18393222987651825	-0.2803141474723816	-0.0680055245757103	-0.05333246663212776	0.04763893038034439	0.06610409915447235	0.1545909345149994	0.18800713121891022	0.10119151324033737	0.05971921980381012	-0.4270517826080322	-0.28578412532806396	0.13000445067882538	0.4514637291431427	-0.2823488414287567	0.4953879415988922	0.3045028746128082	0.061252135783433914	0.04619033634662628
THA-VAi-rh	-0.14383308589458466	-0.2634371519088745	0.3108172118663788	0.07806447893381119	0.36893635988235474	0.03789830207824707	1.0	0.5316753387451172	0.47572749853134155	0.46575552225112915	0.15132452547550201	0.1997041404247284	-0.13226214051246643	0.22538593411445618	0.05840863287448883	0.3126574456691742	0.45189031958580017	0.2399080991744995	-0.2841813862323761	-0.21206475794315338	0.3205835223197937	0.020505210384726524	0.15098392963409424	0.11614716053009033	0.26622140407562256	-0.078913614153862	-0.02088778279721737	-0.0815466120839119	0.0725528746843338	0.2099722921848297	0.07369948923587799	0.427779883146286	0.4965972304344177	0.43970799446105957	0.485616534948349	0.22305195033550262	0.030602339655160904	0.10261251032352448	-0.043333008885383606	-0.0651148185133934	0.285968542098999	0.2219846099615097	0.3241207003593445	-0.08458883315324783	-0.16026034951210022	0.24436308443546295	-0.019451014697551727	0.09639783203601837	0.34411248564720154	0.0716458261013031
THA-VAs-rh	-0.43151557445526123	-0.5860429406166077	-0.08394604921340942	0.16144372522830963	0.40986567735671997	-0.31909844279289246	0.5316753387451172	1.0	0.23867318034172058	0.39600932598114014	0.045967549085617065	0.2697845697402954	-0.1379738599061966	0.08106688410043716	0.04158695042133331	0.5960226058959961	0.3573351502418518	0.27147331833839417	-0.4579499363899231	-0.5293267965316772	0.39382418990135193	-0.016976768150925636	0.1018097922205925	0.03640974685549736	0.4786145091056824	-0.39643847942352295	-0.4415980875492096	-0.5749328136444092	0.22052688896656036	0.22565510869026184	-0.3071948289871216	0.1745767891407013	0.5039956569671631	0.31844964623451233	0.3264210522174835	0.28139737248420715	-0.011977963149547577	0.04849022626876831	0.03567194193601608	-0.08711901307106018	0.0771968737244606	0.3258422613143921	0.23294344544410706	-0.12202343344688416	-0.3565693497657776	0.09442362189292908	-0.16717387735843658	-0.12637130916118622	0.3722922205924988	-0.14588770270347595
THA-DAm-rh	-0.15813466906547546	-0.3113125264644623	-0.028513045981526375	0.13078764081001282	0.2938048541545868	0.13876815140247345	0.47572749853134155	0.23867318034172058	1.0	0.7708075642585754	0.1853679120540619	0.29753777384757996	0.4999479651451111	0.2758452892303467	0.3191094994544983	0.0020776560995727777	0.48394814133644104	0.2316092550754547	0.007554153446108103	-0.052792638540267944	0.13435842096805573	0.05936232581734657	0.06724101305007935	0.30502933263778687	0.3856784701347351	-0.1265569031238556	0.1461033970117569	-0.2738022804260254	-0.45362207293510437	0.6125602722167969	0.3827116787433624	0.46935901045799255	0.26049670577049255	0.6404316425323486	0.7235291004180908	0.4314834177494049	0.3677920401096344	0.5679890513420105	0.258719801902771	0.2220001220703125	0.3733462989330292	0.23880909383296967	0.352313756942749	0.24837692081928253	-0.006063876207917929	0.17562486231327057	0.24993745982646942	0.319810688495636	-0.050661806017160416	0.10433825105428696
THA-DAl-rh	-0.3515857756137848	-0.3644322454929352	-0.0741911455988884	0.26462385058403015	0.38707631826400757	-0.004233760293573141	0.46575552225112915	0.39600932598114014	0.7708075642585754	1.0	0.22549615800380707	0.4293813109397888	0.3163401782512665	0.39223769307136536	0.19917161762714386	0.17231571674346924	0.489724725484848	0.10063059628009796	0.020095348358154297	-0.20795923471450806	0.017246268689632416	0.12582269310951233	0.09250368922948837	0.27644801139831543	0.6754445433616638	-0.269192099571228	-0.07502952218055725	-0.31376737356185913	-0.35221725702285767	0.48453640937805176	0.35943809151649475	0.2704327404499054	0.28866660594940186	0.5311241149902344	0.6023615598678589	0.4754047691822052	0.4271622896194458	0.4054580628871918	0.22006601095199585	0.14610113203525543	0.6023088693618774	0.3336028456687927	0.31785252690315247	0.14594614505767822	-0.2011428326368332	0.11216756701469421	0.19506670534610748	0.2759551703929901	0.062466129660606384	0.08310944586992264
PUT-VA-rh	0.05936488136649132	0.22914187610149384	-0.22817349433898926	0.304813951253891	-0.06780197471380234	0.2580628991127014	0.15132452547550201	0.045967549085617065	0.1853679120540619	0.22549615800380707	1.0	0.6131895184516907	0.3809766471385956	0.370650976896286	0.5807579159736633	0.24865372478961945	0.07521641254425049	-0.14910340309143066	-0.06417625397443771	0.4361710548400879	0.17636340856552124	0.6170943379402161	0.5905714631080627	0.13749563694000244	0.437077134847641	0.2713484466075897	0.258606493473053	0.14485111832618713	0.12136826664209366	0.19603492319583893	-0.09463073313236237	-0.08044330030679703	0.24399884045124054	0.24485526978969574	0.1945653110742569	0.5989246964454651	0.507336437702179	0.27010640501976013	0.42544975876808167	0.15789510309696198	0.39653077721595764	0.06221062317490578	0.09477438777685165	0.1225716844201088	0.21192215383052826	-0.09581898152828217	0.4938104450702667	0.5027948617935181	-0.2924056053161621	-0.40456587076187134
PUT-DA-rh	0.033568110316991806	-0.06981181353330612	-0.31534409523010254	0.1299384981393814	0.22450849413871765	0.28427553176879883	0.1997041404247284	0.2697845697402954	0.29753777384757996	0.4293813109397888	0.6131895184516907	1.0	0.4959855079650879	0.5591270923614502	0.2368706613779068	0.11559292674064636	0.37101244926452637	0.09882685542106628	-0.10333390533924103	0.2780393660068512	0.15892057120800018	0.24631983041763306	0.4519523084163666	0.3265119791030884	0.5847769975662231	-0.009933325462043285	0.14074501395225525	0.03084545210003853	0.10571204870939255	0.3572106659412384	-0.024481166154146194	0.0877402275800705	0.24435721337795258	0.10041587054729462	0.21010585129261017	0.6336950063705444	0.6505495309829712	0.4414132237434387	0.6510385274887085	0.14772774279117584	0.4545305371284485	0.19707174599170685	0.10063967108726501	0.2751743793487549	0.09813955426216125	-0.09126406908035278	0.1339123398065567	0.1678081452846527	0.11898910999298096	-0.06165611743927002
PUT-VP-rh	0.03439133241772652	-0.07170871645212173	-0.28179872035980225	0.06248356029391289	-0.023621199652552605	0.2852897346019745	-0.13226214051246643	-0.1379738599061966	0.4999479651451111	0.3163401782512665	0.3809766471385956	0.4959855079650879	1.0	0.48516786098480225	0.21590226888656616	-0.2946898341178894	0.2830962836742401	0.2597578763961792	0.15930919349193573	0.38204818964004517	-0.05868534371256828	0.22351279854774475	0.06845219433307648	0.3413618505001068	0.18360823392868042	0.06886393576860428	0.2216569185256958	0.047889165580272675	-0.33528587222099304	0.2950599193572998	0.16642259061336517	0.2506878077983856	0.05153549835085869	0.2207643836736679	0.23338544368743896	0.5075814127922058	0.6121131181716919	0.7367138266563416	0.7083144187927246	0.45538651943206787	0.19586604833602905	0.14592167735099792	0.2588736414909363	0.5077460408210754	0.3355516195297241	0.10745958983898163	0.3333317041397095	0.13770388066768646	-0.2751886546611786	-0.06439189612865448
PUT-DP-rh	-0.05741854012012482	-0.1645781397819519	-0.3157361149787903	0.15167324244976044	-0.04178563877940178	0.03184037283062935	0.22538593411445618	0.08106688410043716	0.2758452892303467	0.39223769307136536	0.370650976896286	0.5591270923614502	0.48516786098480225	1.0	0.12812432646751404	-0.17283576726913452	0.37570998072624207	0.404774934053421	0.36800554394721985	0.026379266753792763	-0.2608236074447632	0.14754198491573334	0.14784151315689087	0.23621250689029694	0.254571795463562	0.06888887286186218	0.0345468744635582	0.10487319529056549	-0.06916854530572891	0.0814160406589508	0.08504718542098999	0.2424587458372116	0.3524416983127594	0.3227859437465668	0.4042626619338989	0.5052812695503235	0.746039628982544	0.5429867506027222	0.702238917350769	0.3822301924228668	0.5107607841491699	0.4044896960258484	0.6083627939224243	0.2282775640487671	0.3465573787689209	0.34047481417655945	-0.04253249987959862	0.05645890161395073	0.12757143378257751	-0.028694501146674156
CAU-VA-rh	-0.14432178437709808	-0.08680092543363571	-0.28537893295288086	0.26443052291870117	-0.3663859963417053	0.04531693831086159	0.05840863287448883	0.04158695042133331	0.3191094994544983	0.19917161762714386	0.5807579159736633	0.2368706613779068	0.21590226888656616	0.12812432646751404	1.0	0.24827538430690765	0.08166947215795517	0.00118740473408252	-0.11384040117263794	0.20205141603946686	-0.08014634996652603	0.5939124226570129	0.623400092124939	0.0885390043258667	0.17743098735809326	0.07091488689184189	0.09917600452899933	-0.03754837065935135	-0.2308364361524582	0.25563398003578186	0.1705610305070877	-0.07739079743623734	0.3005583584308624	0.4543617367744446	0.30381307005882263	0.42404040694236755	0.35460585355758667	0.25604015588760376	0.2389117330312729	0.20699189603328705	0.1680886298418045	0.13683079183101654	0.1563849300146103	-0.010613645426928997	0.15688811242580414	-0.04515626281499863	0.5362390279769897	0.3982032239437103	-0.26262804865837097	-0.08487927168607712
CAU-DA-rh	-0.49873384833335876	-0.4074864387512207	-0.14391224086284637	0.38040974736213684	0.2524147927761078	-0.43698519468307495	0.3126574456691742	0.5960226058959961	0.0020776560995727777	0.17231571674346924	0.24865372478961945	0.11559292674064636	-0.2946898341178894	-0.17283576726913452	0.24827538430690765	1.0	0.12250573188066483	-0.02614746056497097	-0.43762150406837463	-0.33360445499420166	0.4593674838542938	0.05716751143336296	0.34562185406684875	-0.15417255461215973	0.34097379446029663	-0.3818088173866272	-0.3831407129764557	-0.393221378326416	0.3522946238517761	-0.03764112666249275	-0.4011320173740387	-0.13905924558639526	0.40920498967170715	0.23140184581279755	0.15337248146533966	0.2443072646856308	-0.16028615832328796	-0.25366589426994324	-0.0710659846663475	-0.35643312335014343	0.11414212733507156	0.14634352922439575	-0.031073102727532387	-0.16406117379665375	-0.4288596212863922	0.15958835184574127	0.012476240284740925	0.14899015426635742	-0.007377203553915024	-0.2929670214653015
CAU-body-rh	-0.3674870431423187	-0.3520147204399109	0.015561877749860287	0.22716131806373596	0.2455507218837738	-0.16892677545547485	0.45189031958580017	0.3573351502418518	0.48394814133644104	0.489724725484848	0.07521641254425049	0.37101244926452637	0.2830962836742401	0.37570998072624207	0.08166947215795517	0.12250573188066483	1.0	0.58006751537323	-0.13747194409370422	-0.22147077322006226	0.14990971982479095	-0.17256644368171692	0.15881389379501343	0.39146366715431213	0.304216206073761	-0.1666145920753479	-0.1291477531194687	-0.23883117735385895	-0.146505206823349	0.21399717032909393	0.0720578283071518	0.28084057569503784	0.4280506372451782	0.27304771542549133	0.39396896958351135	0.4331516921520233	0.4285820424556732	0.26511791348457336	0.2528180778026581	0.3594987094402313	0.4843871295452118	0.4960913360118866	0.5071960091590881	0.456656277179718	0.05322285369038582	0.2579013705253601	-0.12299760431051254	0.0917382538318634	0.0008395914337597787	0.0027628736570477486
CAU-tail-rh	-0.19463694095611572	-0.3055679202079773	0.015121044591069221	-0.06338135153055191	-0.05225352570414543	-0.2207326889038086	0.2399080991744995	0.27147331833839417	0.2316092550754547	0.10063059628009796	-0.14910340309143066	0.09882685542106628	0.2597578763961792	0.404774934053421	0.00118740473408252	-0.02614746056497097	0.58006751537323	1.0	0.0336880199611187	-0.22073179483413696	0.021231062710285187	-0.14481960237026215	-0.09853495657444	0.1055285856127739	-0.12253400683403015	-0.030939286574721336	-0.03572288900613785	-0.16004431247711182	-0.1255599856376648	-0.22581224143505096	0.012703883461654186	0.2010805457830429	0.2586735188961029	0.0963306725025177	0.17725397646427155	0.19024552404880524	0.2653946578502655	0.15826401114463806	0.26205775141716003	0.34337908029556274	0.08660954236984253	0.4153723418712616	0.5574135184288025	0.29761096835136414	0.19254794716835022	0.3005899488925934	-0.32457679510116577	-0.3295172452926636	0.09581587463617325	-0.009138134308159351
lAMY-rh	0.07545832544565201	0.22719377279281616	-0.014752420596778393	0.15874090790748596	-0.2040545493364334	-0.053224723786115646	-0.2841813862323761	-0.4579499363899231	0.007554153446108103	0.020095348358154297	-0.06417625397443771	-0.10333390533924103	0.15930919349193573	0.36800554394721985	-0.11384040117263794	-0.43762150406837463	-0.13747194409370422	0.0336880199611187	1.0	0.16880376636981964	-0.5471140742301941	0.009302016347646713	-0.1902586966753006	0.14057138562202454	-0.03717510402202606	0.19764727354049683	0.10737701505422592	0.25819405913352966	-0.1075487807393074	-0.2727236747741699	0.002187415724620223	-0.016804033890366554	-0.37236618995666504	-0.19885019958019257	-0.1672426164150238	-0.11348294466733932	0.3219515383243561	0.10657560080289841	0.16558779776096344	0.016028257086873055	0.08379616588354111	-0.04989355802536011	0.09201041609048843	0.14871488511562347	0.3764796257019043	0.1522289514541626	-0.04231793433427811	0.002479769755154848	0.046392738819122314	0.08713413029909134
mAMY-rh	0.5932490825653076	0.7299617528915405	0.11272464692592621	-0.03492799773812294	-0.16299407184123993	0.7538837790489197	-0.21206475794315338	-0.5293267965316772	-0.052792638540267944	-0.20795923471450806	0.4361710548400879	0.2780393660068512	0.38204818964004517	0.026379266753792763	0.20205141603946686	-0.33360445499420166	-0.22147077322006226	-0.22073179483413696	0.16880376636981964	1.0	-0.021808624267578125	0.453715980052948	0.22814302146434784	0.13145281374454498	-0.06045044586062431	0.702406108379364	0.6730327010154724	0.5940935015678406	0.010346317663788795	0.036624182015657425	0.040722668170928955	-0.11652436852455139	-0.4609760642051697	-0.32290396094322205	-0.3785509765148163	0.06048903614282608	0.2170201539993286	0.06465424597263336	0.25852474570274353	0.029275141656398773	-0.03224683180451393	-0.5017701387405396	-0.3668241500854492	0.25076067447662354	0.5982943773269653	-0.24976547062397003	0.5528704524040222	0.33760544657707214	-0.1580040156841278	-0.022988468408584595
THA-DP-rh	-0.040153782814741135	-0.0089398929849267	0.2808915674686432	0.08008697628974915	0.5487223863601685	0.02490704320371151	0.3205835223197937	0.39382418990135193	0.13435842096805573	0.017246268689632416	0.17636340856552124	0.15892057120800018	-0.05868534371256828	-0.2608236074447632	-0.08014634996652603	0.4593674838542938	0.14990971982479095	0.021231062710285187	-0.5471140742301941	-0.021808624267578125	1.0	0.0163701381534338	-0.057618267834186554	-0.45404449105262756	0.22146832942962646	-0.10055884718894958	0.19112685322761536	-0.20710322260856628	0.280269593000412	0.2842184603214264	-0.2977287173271179	-0.12411237508058548	0.09665858745574951	-0.03850400075316429	0.017825299873948097	-0.010457626543939114	-0.35230472683906555	-0.2219112515449524	-0.2692274749279022	-0.4345240592956543	-0.1410105675458908	-0.29237666726112366	-0.34820428490638733	-0.10614343732595444	-0.29860520362854004	0.05598001927137375	0.005057831760495901	-0.06584104895591736	-0.14584334194660187	-0.5285853743553162
NAc-shell-rh	0.15709753334522247	0.3285290598869324	-0.07824385911226273	0.04134201630949974	-0.04298441484570503	0.33357223868370056	0.020505210384726524	-0.016976768150925636	0.05936232581734657	0.12582269310951233	0.6170943379402161	0.24631983041763306	0.22351279854774475	0.14754198491573334	0.5939124226570129	0.05716751143336296	-0.17256644368171692	-0.14481960237026215	0.009302016347646713	0.453715980052948	0.0163701381534338	1.0	0.492969810962677	0.05758051201701164	0.3604070246219635	0.41707557439804077	0.26459982991218567	0.19383525848388672	0.02915973588824272	0.13194540143013	0.023546935990452766	0.0054160673171281815	-0.01461138017475605	0.12865789234638214	-0.013729987666010857	0.31980812549591064	0.23092332482337952	0.010683364234864712	0.11111854016780853	0.10192468017339706	0.1878708153963089	-0.07222778350114822	-0.08232229202985764	0.13895642757415771	0.3512326180934906	-0.13049300014972687	0.6328492760658264	0.28914931416511536	-0.24306873977184296	-0.3767467737197876
NAc-core-rh	-0.07196521759033203	0.017111461609601974	-0.4312547743320465	0.1775846928358078	-0.1293937861919403	0.21422028541564941	0.15098392963409424	0.1018097922205925	0.06724101305007935	0.09250368922948837	0.5905714631080627	0.4519523084163666	0.06845219433307648	0.14784151315689087	0.623400092124939	0.34562185406684875	0.15881389379501343	-0.09853495657444	-0.1902586966753006	0.22814302146434784	-0.057618267834186554	0.492969810962677	1.0	0.4827912449836731	0.27267327904701233	0.12576311826705933	-0.11301705241203308	0.17570237815380096	0.2432793825864792	0.17523923516273499	-0.05756000056862831	0.13858482241630554	0.3556407690048218	0.3095111846923828	0.2466835081577301	0.5054293870925903	0.3173212707042694	0.08679548650979996	0.39813175797462463	0.18768636882305145	0.41614046692848206	0.22196058928966522	0.10532791912555695	0.14029723405838013	0.2278137505054474	0.0477304682135582	0.39511343836784363	0.48374873399734497	0.021338101476430893	-0.1291366070508957
pGP-rh	-0.007449327502399683	-0.061088189482688904	-0.32830139994621277	0.039287712424993515	-0.02994323894381523	0.20201995968818665	0.11614716053009033	0.03640974685549736	0.30502933263778687	0.27644801139831543	0.13749563694000244	0.3265119791030884	0.3413618505001068	0.23621250689029694	0.0885390043258667	-0.15417255461215973	0.39146366715431213	0.1055285856127739	0.14057138562202454	0.13145281374454498	-0.45404449105262756	0.05758051201701164	0.4827912449836731	1.0	0.2099667340517044	0.1616407185792923	-0.24558262526988983	0.09675901383161545	-0.005964874755591154	0.07732785493135452	0.03969970718026161	0.5443860292434692	0.10356885194778442	0.21256227791309357	0.24811016023159027	0.44877681136131287	0.5139483213424683	0.38623112440109253	0.5086546540260315	0.5624939203262329	0.40272578597068787	0.47445425391197205	0.41501274704933167	0.5318784117698669	0.3532980680465698	-0.024282826110720634	0.14373470842838287	0.3993963599205017	0.25312739610671997	0.3651778995990753
aGP-rh	-0.3824932873249054	-0.1972203254699707	-0.2700960040092468	0.3180259168148041	0.5429413318634033	-0.04986589774489403	0.26622140407562256	0.4786145091056824	0.3856784701347351	0.6754445433616638	0.437077134847641	0.5847769975662231	0.18360823392868042	0.254571795463562	0.17743098735809326	0.34097379446029663	0.304216206073761	-0.12253400683403015	-0.03717510402202606	-0.06045044586062431	0.22146832942962646	0.3604070246219635	0.27267327904701233	0.2099667340517044	1.0	-0.2612217962741852	-0.11835065484046936	-0.22708691656589508	0.06312985718250275	0.3857462406158447	0.04353903606534004	0.1795940399169922	0.1640467494726181	0.18595823645591736	0.2844555377960205	0.48211559653282166	0.31613558530807495	0.1177239939570427	0.14953061938285828	-0.06363222748041153	0.5652454495429993	0.26995301246643066	0.02104320377111435	0.21843309700489044	-0.2066701501607895	0.07193565368652344	0.2074775993824005	0.28464841842651367	0.08703293651342392	-0.18425928056240082
HIP-head-m-lh	0.749383807182312	0.7926076650619507	0.2962833046913147	-0.15674139559268951	-0.2294767200946808	0.6192678809165955	-0.078913614153862	-0.39643847942352295	-0.1265569031238556	-0.269192099571228	0.2713484466075897	-0.009933325462043285	0.06886393576860428	0.06888887286186218	0.07091488689184189	-0.3818088173866272	-0.1666145920753479	-0.030939286574721336	0.19764727354049683	0.702406108379364	-0.10055884718894958	0.41707557439804077	0.12576311826705933	0.1616407185792923	-0.2612217962741852	1.0	0.5395492315292358	0.43410027027130127	0.1402551382780075	-0.12125815451145172	-0.13245715200901031	-0.03044753707945347	-0.39118096232414246	-0.19893592596054077	-0.25825992226600647	-0.007017557043582201	0.17567165195941925	-0.0930715799331665	0.0734749585390091	0.21472030878067017	-0.04571366310119629	-0.3164744973182678	-0.05752056837081909	0.22991856932640076	0.7599837183952332	-0.3356950879096985	0.3205920457839966	0.33756375312805176	-0.08846189081668854	-0.10653279721736908
HIP-head-l-l	0.5641279220581055	0.6086708903312683	0.292571485042572	-0.35415759682655334	0.04420548304915428	0.5624215006828308	-0.02088778279721737	-0.4415980875492096	0.1461033970117569	-0.07502952218055725	0.258606493473053	0.14074501395225525	0.2216569185256958	0.0345468744635582	0.09917600452899933	-0.3831407129764557	-0.1291477531194687	-0.03572288900613785	0.10737701505422592	0.6730327010154724	0.19112685322761536	0.26459982991218567	-0.11301705241203308	-0.24558262526988983	-0.11835065484046936	0.5395492315292358	1.0	0.3128416836261749	-0.23574362695217133	0.1475095897912979	0.2808280885219574	-0.11361964046955109	-0.3602711856365204	-0.18771328032016754	-0.10570249706506729	-0.04870494455099106	0.07534732669591904	0.05987238138914108	-0.02065972611308098	-0.06609238684177399	-0.034904297441244125	-0.46703198552131653	-0.2994552254676819	0.04985515773296356	0.3470453917980194	-0.20480439066886902	0.2954826354980469	0.14382284879684448	-0.28965359926223755	-0.132974773645401
HIP-body-l	0.5094466209411621	0.5699833035469055	0.16805152595043182	0.07869843393564224	-0.18182088434696198	0.47999560832977295	-0.0815466120839119	-0.5749328136444092	-0.2738022804260254	-0.31376737356185913	0.14485111832618713	0.03084545210003853	0.047889165580272675	0.10487319529056549	-0.03754837065935135	-0.393221378326416	-0.23883117735385895	-0.16004431247711182	0.25819405913352966	0.5940935015678406	-0.20710322260856628	0.19383525848388672	0.17570237815380096	0.09675901383161545	-0.22708691656589508	0.43410027027130127	0.3128416836261749	1.0	0.23224075138568878	-0.2505131661891937	0.1227734163403511	-0.08545421808958054	-0.34240657091140747	-0.309668630361557	-0.31927812099456787	-0.116051584482193	0.09863484650850296	-0.13141731917858124	0.0763820931315422	-0.057537853717803955	0.020687393844127655	-0.26914510130882263	-0.1350630223751068	0.053099557757377625	0.3728136122226715	-0.0501677580177784	0.19378171861171722	0.019525883719325066	0.09207979589700699	0.2602027952671051
HIP-tail-lh	0.07865748554468155	0.15297523140907288	0.03759080544114113	0.24723048508167267	0.11509956419467926	-0.05071388930082321	0.0725528746843338	0.22052688896656036	-0.45362207293510437	-0.35221725702285767	0.12136826664209366	0.10571204870939255	-0.33528587222099304	-0.06916854530572891	-0.2308364361524582	0.3522946238517761	-0.146505206823349	-0.1255599856376648	-0.1075487807393074	0.010346317663788795	0.280269593000412	0.02915973588824272	0.2432793825864792	-0.005964874755591154	0.06312985718250275	0.1402551382780075	-0.23574362695217133	0.23224075138568878	1.0	-0.2539648711681366	-0.6341166496276855	0.00293228542432189	0.017765413969755173	-0.24694649875164032	-0.2524833381175995	-0.010998696088790894	-0.11098196357488632	-0.4190528988838196	-0.06200435385107994	-0.23514847457408905	-0.05682584270834923	0.005331801250576973	-0.08276517689228058	0.03834596276283264	0.1169881820678711	-0.008651559241116047	-0.1878485083580017	-0.00037656910717487335	0.373526930809021	-0.18264247477054596
THA-VPm-lh	-0.0218739565461874	-0.16376568377017975	-0.11660752445459366	-0.014947219751775265	0.3857112228870392	0.3695780634880066	0.2099722921848297	0.22565510869026184	0.6125602722167969	0.48453640937805176	0.19603492319583893	0.3572106659412384	0.2950599193572998	0.0814160406589508	0.25563398003578186	-0.03764112666249275	0.21399717032909393	-0.22581224143505096	-0.2727236747741699	0.036624182015657425	0.2842184603214264	0.13194540143013	0.17523923516273499	0.07732785493135452	0.3857462406158447	-0.12125815451145172	0.1475095897912979	-0.2505131661891937	-0.2539648711681366	1.0	0.3152455687522888	0.30837786197662354	0.28302228450775146	0.5116270184516907	0.5590562224388123	0.22571857273578644	0.0751645490527153	0.39184078574180603	0.1576201319694519	0.007659838069230318	0.2213687151670456	-0.10677125304937363	-0.05949239432811737	0.03376171365380287	-0.019851410761475563	0.052483364939689636	0.3272799551486969	0.3007086515426636	-0.04175475239753723	-0.10069975256919861
THA-VPl-lh	-0.0335470549762249	-0.025964630767703056	-0.07549867033958435	-0.33693361282348633	-0.07187318801879883	0.2535853683948517	0.07369948923587799	-0.3071948289871216	0.3827116787433624	0.35943809151649475	-0.09463073313236237	-0.024481166154146194	0.16642259061336517	0.08504718542098999	0.1705610305070877	-0.4011320173740387	0.0720578283071518	0.012703883461654186	0.002187415724620223	0.040722668170928955	-0.2977287173271179	0.023546935990452766	-0.05756000056862831	0.03969970718026161	0.04353903606534004	-0.13245715200901031	0.2808280885219574	0.1227734163403511	-0.6341166496276855	0.3152455687522888	1.0	0.25548025965690613	-0.053924210369586945	0.2746187448501587	0.3688286244869232	0.07547871768474579	0.028646914288401604	0.24182720482349396	-0.011613867245614529	0.2402649223804474	0.31923025846481323	0.09873733669519424	0.08865400403738022	0.008355546742677689	-0.09452752768993378	0.06736528873443604	0.29283997416496277	0.18920783698558807	-0.09586644917726517	0.34771883487701416
THA-VAi-lh	-0.10267233103513718	-0.22403690218925476	-0.16081349551677704	-0.24287357926368713	0.3031170964241028	0.18393222987651825	0.427779883146286	0.1745767891407013	0.46935901045799255	0.2704327404499054	-0.08044330030679703	0.0877402275800705	0.2506878077983856	0.2424587458372116	-0.07739079743623734	-0.13905924558639526	0.28084057569503784	0.2010805457830429	-0.016804033890366554	-0.11652436852455139	-0.12411237508058548	0.0054160673171281815	0.13858482241630554	0.5443860292434692	0.1795940399169922	-0.03044753707945347	-0.11361964046955109	-0.08545421808958054	0.00293228542432189	0.30837786197662354	0.25548025965690613	1.0	0.30457136034965515	0.4425930380821228	0.5507360696792603	0.32587161660194397	0.11710978299379349	0.29583513736724854	0.2240711897611618	0.3866680860519409	0.3106001913547516	0.44367504119873047	0.4547308683395386	0.4644149839878082	0.18554522097110748	0.3096979856491089	0.043267276138067245	0.2527160048484802	0.29676902294158936	0.19714875519275665
THA-VAs-lh	-0.453213095664978	-0.5967316031455994	-0.22893336415290833	0.2129811942577362	0.03871818259358406	-0.2803141474723816	0.4965972304344177	0.5039956569671631	0.26049670577049255	0.28866660594940186	0.24399884045124054	0.24435721337795258	0.05153549835085869	0.3524416983127594	0.3005583584308624	0.40920498967170715	0.4280506372451782	0.2586735188961029	-0.37236618995666504	-0.4609760642051697	0.09665858745574951	-0.01461138017475605	0.3556407690048218	0.10356885194778442	0.1640467494726181	-0.39118096232414246	-0.3602711856365204	-0.34240657091140747	0.017765413969755173	0.28302228450775146	-0.053924210369586945	0.30457136034965515	1.0	0.6882461309432983	0.629421055316925	0.315775990486145	0.17164915800094604	0.3049853444099426	0.23416680097579956	0.20954285562038422	0.35024917125701904	0.522956371307373	0.5682156085968018	-0.05280192941427231	-0.17764990031719208	0.3442612290382385	-0.1723911166191101	0.002557396423071623	0.00817924365401268	-0.0699521005153656
THA-DAm-lh	-0.2609783113002777	-0.5210513472557068	-0.317238450050354	0.11696936935186386	0.013671335764229298	-0.0680055245757103	0.43970799446105957	0.31844964623451233	0.6404316425323486	0.5311241149902344	0.24485526978969574	0.10041587054729462	0.2207643836736679	0.3227859437465668	0.4543617367744446	0.23140184581279755	0.27304771542549133	0.0963306725025177	-0.19885019958019257	-0.32290396094322205	-0.03850400075316429	0.12865789234638214	0.3095111846923828	0.21256227791309357	0.18595823645591736	-0.19893592596054077	-0.18771328032016754	-0.309668630361557	-0.24694649875164032	0.5116270184516907	0.2746187448501587	0.4425930380821228	0.6882461309432983	1.0	0.8992938995361328	0.46010640263557434	0.26153042912483215	0.545279324054718	0.3107156455516815	0.2753186523914337	0.3772739768028259	0.4389248788356781	0.603893518447876	0.008073271252214909	-0.021958177909255028	0.28563442826271057	0.1953982263803482	0.3749724328517914	-0.09055245667695999	0.037939947098493576
THA-DAl-lh	-0.2502782642841339	-0.4947431981563568	-0.3345682621002197	0.0032914348412305117	0.15936176478862762	-0.05333246663212776	0.485616534948349	0.3264210522174835	0.7235291004180908	0.6023615598678589	0.1945653110742569	0.21010585129261017	0.23338544368743896	0.4042626619338989	0.30381307005882263	0.15337248146533966	0.39396896958351135	0.17725397646427155	-0.1672426164150238	-0.3785509765148163	0.017825299873948097	-0.013729987666010857	0.2466835081577301	0.24811016023159027	0.2844555377960205	-0.25825992226600647	-0.10570249706506729	-0.31927812099456787	-0.2524833381175995	0.5590562224388123	0.3688286244869232	0.5507360696792603	0.629421055316925	0.8992938995361328	1.0	0.5006236433982849	0.30736708641052246	0.5225475430488586	0.3027929663658142	0.3155333995819092	0.505028247833252	0.5192553400993347	0.6269372701644897	0.09929398447275162	-0.06328239291906357	0.3215884566307068	0.06450417637825012	0.36547231674194336	-0.00858104508370161	0.03842221200466156
PUT-VA-lh	-0.10829570889472961	-0.21717220544815063	-0.43998295068740845	0.09967174381017685	0.08386657387018204	0.04763893038034439	0.22305195033550262	0.28139737248420715	0.4314834177494049	0.4754047691822052	0.5989246964454651	0.6336950063705444	0.5075814127922058	0.5052812695503235	0.42404040694236755	0.2443072646856308	0.4331516921520233	0.19024552404880524	-0.11348294466733932	0.06048903614282608	-0.010457626543939114	0.31980812549591064	0.5054293870925903	0.44877681136131287	0.48211559653282166	-0.007017557043582201	-0.04870494455099106	-0.116051584482193	-0.010998696088790894	0.22571857273578644	0.07547871768474579	0.32587161660194397	0.315775990486145	0.46010640263557434	0.5006236433982849	1.0	0.7193455696105957	0.4639942944049835	0.6255536079406738	0.3668902814388275	0.5116941332817078	0.48589468002319336	0.4949638545513153	0.47502586245536804	0.1860288679599762	-0.03930767625570297	0.3568739891052246	0.449087917804718	-0.13274161517620087	-0.14718304574489594
PUT-DA-l	0.04672468453645706	-0.06892475485801697	-0.3557027578353882	0.25279274582862854	-0.20713672041893005	0.06610409915447235	0.030602339655160904	-0.011977963149547577	0.3677920401096344	0.4271622896194458	0.507336437702179	0.6505495309829712	0.6121131181716919	0.746039628982544	0.35460585355758667	-0.16028615832328796	0.4285820424556732	0.2653946578502655	0.3219515383243561	0.2170201539993286	-0.35230472683906555	0.23092332482337952	0.3173212707042694	0.5139483213424683	0.31613558530807495	0.17567165195941925	0.07534732669591904	0.09863484650850296	-0.11098196357488632	0.0751645490527153	0.028646914288401604	0.11710978299379349	0.17164915800094604	0.26153042912483215	0.30736708641052246	0.7193455696105957	1.0	0.6203124523162842	0.7342310547828674	0.4899236261844635	0.45712926983833313	0.4503915309906006	0.5867701768875122	0.4715304374694824	0.44648972153663635	-0.08110903948545456	0.14042411744594574	0.2613942325115204	-0.006598207168281078	0.11532186716794968
PUT-VP-lh	-0.02285778522491455	-0.3567171096801758	-0.3729765713214874	0.008236008696258068	-0.15503531694412231	0.1545909345149994	0.10261251032352448	0.04849022626876831	0.5679890513420105	0.4054580628871918	0.27010640501976013	0.4414132237434387	0.7367138266563416	0.5429867506027222	0.25604015588760376	-0.25366589426994324	0.26511791348457336	0.15826401114463806	0.10657560080289841	0.06465424597263336	-0.2219112515449524	0.010683364234864712	0.08679548650979996	0.38623112440109253	0.1177239939570427	-0.0930715799331665	0.05987238138914108	-0.13141731917858124	-0.4190528988838196	0.39184078574180603	0.24182720482349396	0.29583513736724854	0.3049853444099426	0.545279324054718	0.5225475430488586	0.4639942944049835	0.6203124523162842	1.0	0.7288588881492615	0.4374043047428131	0.1911725550889969	0.31277909874916077	0.4571353495121002	0.14388452470302582	0.16176390647888184	0.09600543975830078	0.20859074592590332	0.19674688577651978	-0.0022309820633381605	0.2178337275981903
PUT-DP-lh	0.011754903011023998	-0.21445873379707336	-0.6113051772117615	0.0790475383400917	-0.1688861846923828	0.18800713121891022	-0.043333008885383606	0.03567194193601608	0.258719801902771	0.22006601095199585	0.42544975876808167	0.6510385274887085	0.7083144187927246	0.702238917350769	0.2389117330312729	-0.0710659846663475	0.2528180778026581	0.26205775141716003	0.16558779776096344	0.25852474570274353	-0.2692274749279022	0.11111854016780853	0.39813175797462463	0.5086546540260315	0.14953061938285828	0.0734749585390091	-0.02065972611308098	0.0763820931315422	-0.06200435385107994	0.1576201319694519	-0.011613867245614529	0.2240711897611618	0.23416680097579956	0.3107156455516815	0.3027929663658142	0.6255536079406738	0.7342310547828674	0.7288588881492615	1.0	0.4034334123134613	0.2981428802013397	0.28296318650245667	0.41418808698654175	0.3354644179344177	0.40364959836006165	0.1960018128156662	0.1718779057264328	0.22424906492233276	0.06387443840503693	0.05613958463072777
