Node	LH_Vis_1	LH_Vis_2	LH_Vis_3	LH_Vis_4	LH_Vis_5	LH_Vis_6	LH_Vis_7	LH_Vis_8	LH_Vis_9	LH_SomMot_1	LH_SomMot_2	LH_SomMot_3	LH_SomMot_4	LH_SomMot_5	LH_SomMot_6	LH_DorsAttn_Post_1	LH_DorsAttn_Post_2	LH_DorsAttn_Post_3	LH_DorsAttn_Post_4	LH_DorsAttn_Post_5	LH_DorsAttn_Post_6	LH_DorsAttn_PrCv_1	LH_DorsAttn_FEF_1	LH_SalVentAttn_ParOper_1	LH_SalVentAttn_FrOperIns_1	LH_SalVentAttn_FrOperIns_2	LH_SalVentAttn_PFCl_1	LH_SalVentAttn_Med_1	LH_SalVentAttn_Med_2	LH_SalVentAttn_Med_3	LH_Limbic_OFC_1	LH_Limbic_TempPole_1	LH_Limbic_TempPole_2	LH_Cont_Par_1	LH_Cont_PFCl_1	LH_Cont_pCun_1	LH_Cont_Cing_1	LH_Default_Temp_1	LH_Default_Temp_2	LH_Default_Par_1	LH_Default_Par_2	LH_Default_PFC_1	LH_Default_PFC_2	LH_Default_PFC_3	LH_Default_PFC_4	LH_Default_PFC_5	LH_Default_PFC_6	LH_Default_PFC_7	LH_Default_pCunPCC_1	LH_Default_pCunPCC_2	RH_Vis_1	RH_Vis_2	RH_Vis_3	RH_Vis_4	RH_Vis_5	RH_Vis_6	RH_Vis_7	RH_Vis_8	RH_SomMot_1	RH_SomMot_2	RH_SomMot_3	RH_SomMot_4	RH_SomMot_5	RH_SomMot_6	RH_SomMot_7	RH_SomMot_8	RH_DorsAttn_Post_1	RH_DorsAttn_Post_2	RH_DorsAttn_Post_3	RH_DorsAttn_Post_4	RH_DorsAttn_Post_5	RH_DorsAttn_PrCv_1	RH_DorsAttn_FEF_1	RH_SalVentAttn_TempOccPar_1	RH_SalVentAttn_TempOccPar_2	RH_SalVentAttn_FrOperIns_1	RH_SalVentAttn_Med_1	RH_SalVentAttn_Med_2	RH_Limbic_OFC_1	RH_Limbic_TempPole_1	RH_Cont_Par_1	RH_Cont_Par_2	RH_Cont_PFCl_1	RH_Cont_PFCl_2	RH_Cont_PFCl_3	RH_Cont_PFCl_4	RH_Cont_Cing_1	RH_Cont_PFCmp_1	RH_Cont_pCun_1	RH_Default_Par_1	RH_Default_Temp_1	RH_Default_Temp_2	RH_Default_Temp_3	RH_Default_PFCv_1	RH_Default_PFCv_2	RH_Default_PFCdPFCm_1	RH_Default_PFCdPFCm_2	RH_Default_PFCdPFCm_3	RH_Default_pCunPCC_1	RH_Default_pCunPCC_2	LH-Pu	LH-Ca	LH-NAC	LH-EXA	LH-GPe	LH-GPi	LH-SNc_PBP_VTA	LH-RN	LH-SNr	LH-VeP	LH-HN	LH-HTH	LH-MN	LH-STH	RH-Pu	RH-Ca	RH-NAC	RH-EXA	RH-GPe	RH-GPi	RH-SNc_PBP_VTA	RH-RN	RH-SNr	RH-VeP	RH-HN	RH-HTH	RH-MN	RH-STH	LH-Pulvinar	LH-Anterior	LH-Medio_Dorsal	LH-Ventral_Latero_Dorsal	LH-Central_Lateral-Lateral_Posterior-Medial_Pulvinar	LH-Ventral_Anterior	LH-Ventral_Latero_Ventral	RH-Pulvinar	RH-Anterior	RH-Medio_Dorsal	RH-Ventral_Latero_Dorsal	RH-Central_Lateral-Lateral_Posterior-Medial_Pulvinar	RH-Ventral_Anterior	RH-Ventral_Latero_Ventral	LH_Hippocampus	LH_Amygdala	RH_Hippocampus	RH_Amygdala	Cerebellar_Region1	Cerebellar_Region2	Cerebellar_Region3	Cerebellar_Region4	Cerebellar_Region5	Cerebellar_Region6	Cerebellar_Region7	Cerebellar_Region8	Cerebellar_Region9	Cerebellar_Region10
LH_Vis_1	1.0	0.24747981131076813	0.5441319346427917	-0.3210584819316864	0.04766586422920227	0.36223989725112915	-0.01753842458128929	0.10199281573295593	0.3679449260234833	0.16323383152484894	-0.3527093827724457	-0.12611405551433563	-0.08278098702430725	-0.411495178937912	-0.5252277255058289	-0.2337207794189453	-0.41655057668685913	-0.33359721302986145	-0.5678948760032654	-0.36583009362220764	-0.4909723699092865	-0.26316431164741516	-0.31436365842819214	-0.18911631405353546	-0.03509824723005295	-0.14652909338474274	-0.30373984575271606	0.18075542151927948	0.10709045082330704	-0.3784988522529602	0.4569801986217499	0.5309888124465942	0.5398353338241577	-0.12218070775270462	0.02159430831670761	0.18834064900875092	0.46302950382232666	0.40101358294487	0.2504662275314331	0.02891398034989834	0.46310099959373474	0.6277922987937927	0.36081838607788086	0.472317099571228	0.27877405285835266	0.35902759432792664	0.4024607241153717	0.28187909722328186	0.6486008763313293	0.30742520093917847	0.781437337398529	0.400673508644104	-0.26565471291542053	-0.1754743903875351	0.24945823848247528	0.4504224956035614	0.13623954355716705	0.3679563105106354	0.17717887461185455	-0.17455127835273743	-0.09023517370223999	-0.09314525872468948	-0.2009171098470688	-0.295602947473526	-0.4480127692222595	-0.5384737849235535	-0.0594848170876503	-0.5101613998413086	-0.3159434497356415	-0.1716749221086502	-0.4631575345993042	-0.2627713680267334	-0.48143306374549866	-0.2692962884902954	-0.12657052278518677	-0.21659177541732788	0.27481377124786377	-0.36567455530166626	0.2771149277687073	0.1565479189157486	-0.3716813623905182	-0.0529400110244751	-0.22823841869831085	-0.32109105587005615	-0.45027637481689453	-0.25320544838905334	0.5815597772598267	0.1560087352991104	0.20495663583278656	-0.2530556917190552	0.03143075853586197	-0.11700674146413803	0.020490985363721848	0.4272245764732361	0.1758444905281067	0.4760233759880066	-0.12743155658245087	-0.17056946456432343	0.6539756059646606	0.17637689411640167	-0.09276396781206131	0.37910279631614685	0.026464713737368584	0.23162588477134705	0.04728677123785019	0.16824042797088623	0.06992101669311523	-0.06880701333284378	0.005578643176704645	-0.4131293296813965	0.27661439776420593	0.04481027275323868	0.30405279994010925	0.41768479347229004	-0.015242485329508781	0.2297825813293457	0.37274572253227234	0.2352503389120102	-0.2787405848503113	0.17083363234996796	0.353583961725235	-0.030916113406419754	0.04730144143104553	0.014575445093214512	-0.2125273495912552	0.5539546608924866	0.41364824771881104	0.35007017850875854	0.24076253175735474	-0.00626363093033433	0.25418031215667725	-0.06989984959363937	0.3941023051738739	-0.0362185463309288	-0.09528019279241562	0.042869340628385544	0.22481058537960052	-0.14820337295532227	-0.12146548926830292	0.19316068291664124	0.051485538482666016	-0.1442173719406128	0.13258180022239685	-0.21258491277694702	0.5134903192520142	-0.19697688519954681	-0.4760470390319824	-0.5466678142547607	-0.2892247438430786	-0.17794571816921234	-0.20241180062294006	-0.4918779134750366	-0.2861132323741913	-0.12210574746131897	0.05135933682322502	-0.07296442985534668
LH_Vis_2	0.24747981131076813	1.0	0.8432948589324951	0.5029909014701843	0.8262892365455627	0.6845266819000244	0.07975401729345322	0.7891064882278442	0.7774036526679993	-0.12356127798557281	-0.6058388352394104	-0.18458370864391327	-0.6141731142997742	-0.5902284383773804	-0.4580926299095154	-0.13833163678646088	-0.527785062789917	0.15770001709461212	-0.574273407459259	0.02717585489153862	-0.38619089126586914	0.10509417206048965	-0.2999018728733063	0.004885553847998381	-0.1209883987903595	0.29802989959716797	0.20966145396232605	0.20484262704849243	0.19961576163768768	-0.13145893812179565	-0.24388359487056732	-0.2744157016277313	-0.36546504497528076	0.25651347637176514	0.3476996123790741	0.23599225282669067	0.017833013087511063	-0.47414907813072205	-0.41087043285369873	-0.3424777686595917	-0.2826663553714752	0.15078185498714447	-0.4281933009624481	-0.20324255526065826	-0.12999308109283447	-0.40843823552131653	-0.22664090991020203	-0.4069513976573944	0.39383307099342346	-0.21819525957107544	0.34838640689849854	0.9321121573448181	0.09862150251865387	0.4927522838115692	0.7923110127449036	0.6815587282180786	0.6669785976409912	0.8297112584114075	-0.18388603627681732	-0.6536225080490112	-0.5151713490486145	-0.6516947150230408	-0.43592050671577454	-0.6603384613990784	-0.641610860824585	-0.4985800087451935	-0.5314934849739075	-0.6163727641105652	-0.20052960515022278	-0.07209129631519318	-0.22942350804805756	0.09693579375743866	-0.3002675473690033	-0.2805790305137634	-0.10393931716680527	0.15793675184249878	0.15939335525035858	-0.057909637689590454	-0.24252602458000183	-0.3109264373779297	-0.1856583207845688	0.034656260162591934	0.0343480184674263	0.08269187062978745	-0.08371010422706604	-0.03499986231327057	0.4369414448738098	0.14926382899284363	0.27925780415534973	-0.4219608008861542	-0.4342663884162903	0.10701874643564224	-0.39936012029647827	-0.01225400809198618	-0.5461854338645935	-0.23873241245746613	-0.5718986392021179	-0.5732831358909607	0.2618263363838196	-0.15150703489780426	-0.0124260438606143	-0.10663996636867523	0.07570365816354752	0.20517192780971527	-0.08647006005048752	-0.0637272298336029	-0.18753351271152496	0.047394223511219025	-0.10743124783039093	0.12851396203041077	0.64802086353302	0.17927421629428864	0.22537444531917572	-0.3618970513343811	-0.19415085017681122	-0.21746963262557983	-0.31329768896102905	-0.13689446449279785	0.11250507086515427	0.0780310332775116	0.2536259591579437	-0.1012917160987854	0.22105687856674194	-0.1440420299768448	-0.024231167510151863	0.2984957993030548	0.11281391233205795	-0.07295267283916473	0.046689875423908234	-0.1522507220506668	-0.15444859862327576	0.011794745922088623	0.45651569962501526	0.09873553365468979	-0.3996660113334656	0.11086198687553406	0.336270809173584	-0.2333250492811203	-0.1263781040906906	-0.000500141060911119	-0.16252705454826355	-0.14618955552577972	-0.09824809432029724	-0.03740336373448372	0.012795439921319485	0.2649291753768921	-0.4421968460083008	-0.25727608799934387	0.07814735174179077	-0.22853101789951324	-0.1754802018404007	-0.22442997992038727	-0.366129606962204	-0.40153267979621887	-0.3749122619628906	-0.4567464590072632
LH_Vis_3	0.5441319346427917	0.8432948589324951	1.0	0.1395874172449112	0.6921477317810059	0.8029317855834961	-0.18623359501361847	0.7533647418022156	0.8831053972244263	-0.053626541048288345	-0.6672564744949341	-0.17278964817523956	-0.5565861463546753	-0.7482746839523315	-0.7271501421928406	-0.34149110317230225	-0.6776908040046692	-0.07385113835334778	-0.7668084502220154	-0.3036412298679352	-0.6467538475990295	-0.20634113252162933	-0.5829344391822815	-0.18049782514572144	-0.05534663423895836	0.09234647452831268	0.08161551505327225	0.15429560840129852	0.05674196034669876	-0.4426298439502716	0.16196632385253906	0.022975219413638115	-0.035909123718738556	0.04183482378721237	0.15255248546600342	0.27947109937667847	0.16166196763515472	-0.23104731738567352	-0.2395661473274231	-0.3368535041809082	0.008378049358725548	0.39794206619262695	-0.16551202535629272	0.1328873634338379	0.14343523979187012	-0.19891874492168427	-0.19113044440746307	-0.24509844183921814	0.5510149598121643	-0.03734647110104561	0.40576833486557007	0.9331554174423218	-0.23168662190437317	0.2059573531150818	0.8280732035636902	0.7968266010284424	0.6573911309242249	0.9159418344497681	-0.1921030730009079	-0.5435435771942139	-0.4471312463283539	-0.6118012070655823	-0.5458585619926453	-0.6378714442253113	-0.7305275797843933	-0.750777542591095	-0.5522477626800537	-0.7090491652488708	-0.34509947896003723	-0.13369575142860413	-0.46346214413642883	-0.17688317596912384	-0.5936975479125977	-0.5405797958374023	-0.18729443848133087	0.02798164077103138	0.10541720688343048	-0.3766532242298126	0.1119009405374527	-0.18350334465503693	-0.3242649734020233	-0.04907367751002312	0.07170893251895905	-0.0459987111389637	-0.20591069757938385	-0.2284688502550125	0.5219179391860962	0.14604437351226807	0.2637471556663513	-0.415986031293869	-0.4222719073295593	0.061916474252939224	-0.30984413623809814	0.18571864068508148	-0.4706389009952545	0.10638117790222168	-0.5192753672599792	-0.5251718759536743	0.4134713411331177	-0.0794910117983818	-0.0671861320734024	0.10659588128328323	0.10586778074502945	0.21738432347774506	-0.11701077967882156	0.001134810852818191	-0.20407702028751373	-0.07244722545146942	-0.029769808053970337	-0.04178105667233467	0.6567320823669434	0.22693534195423126	0.29721468687057495	-0.1636008620262146	-0.15560029447078705	-0.07767842710018158	-0.1804417073726654	0.020700782537460327	-0.07582015544176102	0.21233701705932617	0.27980589866638184	-0.017794420942664146	0.1735040843486786	-0.11103607714176178	-0.1540197730064392	0.5297852754592896	0.2558765709400177	-0.033454835414886475	0.31057193875312805	-0.08368336409330368	0.04812498390674591	-0.16832686960697174	0.4204639196395874	-0.007133467122912407	-0.5746029019355774	-0.007562629878520966	0.44985851645469666	-0.2639862298965454	-0.10446073114871979	0.11225403845310211	-0.2030102163553238	-0.25495821237564087	0.09426221251487732	-0.10160654038190842	0.34212905168533325	0.24709290266036987	-0.4423811435699463	-0.3040032982826233	0.1039935052394867	-0.4538728594779968	-0.04189920052886009	-0.2774311900138855	-0.23141056299209595	-0.21218164265155792	-0.10955994576215744	-0.2874486446380615
LH_Vis_4	-0.3210584819316864	0.5029909014701843	0.1395874172449112	1.0	0.47004351019859314	0.05675194039940834	0.2850114405155182	0.4792790114879608	0.2547905743122101	-0.002148228930309415	-0.20189440250396729	-0.13181491196155548	-0.3968450427055359	0.11911123245954514	0.24387569725513458	0.3042096793651581	-0.022020496428012848	0.5408319234848022	0.047669667750597	0.26067548990249634	0.28567758202552795	0.42173317074775696	0.22666390240192413	0.1731214076280594	-0.05764498934149742	0.34131914377212524	0.13213583827018738	0.12922832369804382	0.04314069449901581	0.35827186703681946	-0.6789282560348511	-0.4905591607093811	-0.5383871793746948	0.3664246201515198	0.34178128838539124	-0.07677040994167328	-0.26364606618881226	-0.4025315046310425	-0.20312368869781494	0.04001588746905327	-0.6359896063804626	-0.34602051973342896	-0.5366941094398499	-0.6012709140777588	-0.6820104718208313	-0.4948097765445709	-0.26941484212875366	-0.5834900736808777	-0.18511414527893066	-0.5182148218154907	-0.07761766016483307	0.3545626997947693	0.5816846489906311	0.8373328447341919	0.21521349251270294	0.06420933455228806	0.45502158999443054	0.3262937068939209	-0.050785839557647705	-0.4582175016403198	-0.2676179111003876	-0.339194118976593	0.1503780484199524	-0.26267772912979126	-0.08341223746538162	0.20494835078716278	-0.46226027607917786	0.07045114040374756	0.3069084882736206	0.08667877316474915	0.09065110236406326	0.5793573260307312	0.37222403287887573	0.036534134298563004	0.1589469313621521	0.2723749279975891	0.1071377843618393	0.33675438165664673	-0.6766682863235474	-0.4037599265575409	0.20291650295257568	-0.1265045702457428	-0.3213020861148834	0.3260177969932556	0.04975680261850357	0.09810156375169754	0.0007530089933425188	-0.11039138585329056	-0.08245102316141129	-0.44799062609672546	-0.3047198951244354	-0.04341265559196472	-0.16983413696289062	-0.3831678032875061	-0.3087213933467865	-0.6608775854110718	-0.4995952546596527	-0.40215355157852173	-0.19337871670722961	-0.39441579580307007	0.1493367701768875	-0.22558291256427765	0.10590715706348419	0.20307542383670807	0.20187832415103912	-0.1720411479473114	0.006769274361431599	0.061781566590070724	-0.23232732713222504	0.14321760833263397	0.16655291616916656	0.2964971363544464	-0.030092379078269005	-0.37768256664276123	-0.07047995179891586	-0.2561822235584259	-0.31724005937576294	-0.03323366492986679	0.3777296543121338	0.035271838307380676	0.32080286741256714	-0.38648250699043274	0.2626741826534271	-0.14793041348457336	0.15671223402023315	-0.2448643296957016	-0.1633875072002411	0.006475317291915417	-0.43105727434158325	0.03850485384464264	-0.4212786555290222	-0.11549938470125198	0.03915637731552124	0.08179662376642227	-0.06017867475748062	-0.04189666733145714	0.050830598920583725	-0.07852248102426529	-0.25208580493927	0.05158308893442154	0.01678801141679287	-0.012537379749119282	-0.3387381136417389	-0.034727588295936584	-0.2624012231826782	-0.03451031818985939	-0.08434690535068512	0.032591499388217926	-0.025392914190888405	0.29130125045776367	-0.18401473760604858	0.06003280356526375	-0.373369961977005	-0.36642399430274963	-0.24586673080921173	-0.4960103929042816
LH_Vis_5	0.04766586422920227	0.8262892365455627	0.6921477317810059	0.47004351019859314	1.0	0.7819082736968994	-0.15332503616809845	0.6059027910232544	0.7505208253860474	0.03672133386135101	-0.5213271975517273	-0.06424698233604431	-0.4839964210987091	-0.4531763195991516	-0.37622401118278503	-0.3168875575065613	-0.5116273164749146	0.14584773778915405	-0.47251859307289124	0.21971602737903595	-0.353922963142395	0.05586633458733559	-0.2095988392829895	0.08056775480508804	0.028104731813073158	0.3692080080509186	0.4363737106323242	0.32914602756500244	0.30994275212287903	-0.04000720754265785	-0.20409058034420013	-0.42650938034057617	-0.4279598891735077	0.23000895977020264	0.23625054955482483	0.40613991022109985	-0.02270452305674553	-0.5084024667739868	-0.5114603042602539	-0.4119206964969635	-0.21620416641235352	0.1519993394613266	-0.49038568139076233	-0.17256365716457367	0.019108913838863373	-0.4001157879829407	-0.21851010620594025	-0.30389031767845154	0.3176637589931488	-0.19235432147979736	0.0767839178442955	0.8103412985801697	-0.18807366490364075	0.6364473104476929	0.9016373753547668	0.7401471734046936	0.46941936016082764	0.6789444088935852	-0.045822009444236755	-0.5898849964141846	-0.3695177137851715	-0.5360732078552246	-0.4065120816230774	-0.5850744843482971	-0.5874904990196228	-0.4071514904499054	-0.5265401005744934	-0.5562763214111328	-0.434024453163147	-0.10550260543823242	-0.12981390953063965	-0.1186695396900177	-0.2863354980945587	-0.210457444190979	-0.22029513120651245	0.2004225105047226	0.2417117804288864	0.03173002228140831	-0.13738492131233215	-0.4596748650074005	-0.22209738194942474	0.12828904390335083	0.21298345923423767	0.06371623277664185	0.15269681811332703	0.17302928864955902	0.37136682868003845	0.32543283700942993	0.29807889461517334	-0.19002586603164673	-0.49060019850730896	0.03404458984732628	-0.33416327834129333	-0.015341455116868019	-0.6621999740600586	-0.18336519598960876	-0.45786571502685547	-0.4801118075847626	0.24556206166744232	-0.10665407031774521	-0.021414609625935555	-0.21250800788402557	0.2355014830827713	0.19702136516571045	-0.16005182266235352	0.007074594497680664	-0.030183114111423492	0.039647020399570465	-0.03440388664603233	0.2059067338705063	0.6481209397315979	0.09678766876459122	0.3204644024372101	-0.3487059772014618	-0.16859127581119537	-0.3197600245475769	-0.3256320059299469	-0.1732790172100067	0.23618946969509125	0.23824751377105713	0.31808236241340637	0.029488300904631615	0.14568763971328735	-0.2404690533876419	0.1382758468389511	0.16109903156757355	0.2794949412345886	-0.23995329439640045	0.05146264657378197	-0.22244128584861755	-0.020585430786013603	0.05150964856147766	0.48697352409362793	0.012032950296998024	-0.28910213708877563	0.2002156376838684	0.29201406240463257	-0.28667718172073364	-0.03656833618879318	0.10206052660942078	-0.04707859084010124	-0.014810370281338692	0.1447371393442154	-0.10197969526052475	0.018383445218205452	0.3351941704750061	-0.3274948000907898	-0.1589897722005844	0.12845288217067719	-0.2951183319091797	-0.16341714560985565	-0.13190248608589172	-0.3217737674713135	-0.3493245840072632	-0.3463256359100342	-0.23128636181354523
LH_Vis_6	0.36223989725112915	0.6845266819000244	0.8029317855834961	0.05675194039940834	0.7819082736968994	1.0	-0.3239854872226715	0.4646686315536499	0.8388048410415649	0.24124675989151	-0.41366565227508545	0.16122625768184662	-0.32084226608276367	-0.5372874140739441	-0.6209311485290527	-0.5156287550926208	-0.5028077363967896	-0.08299735933542252	-0.560581624507904	0.023322638124227524	-0.5890180468559265	-0.1387469470500946	-0.3400474488735199	0.07807568460702896	0.22620657086372375	0.39148131012916565	0.4918573200702667	0.4435921907424927	0.3797094225883484	-0.15195851027965546	0.06848350912332535	-0.20574167370796204	-0.2565639615058899	0.030648911371827126	0.003375700442120433	0.5258187651634216	0.334858238697052	-0.3487986624240875	-0.41587427258491516	-0.40978097915649414	0.01979212835431099	0.42062631249427795	-0.3321515917778015	0.16005484759807587	0.3472839891910553	-0.2386208176612854	-0.06652355194091797	-0.17304469645023346	0.5456554889678955	0.035328060388565063	0.21882614493370056	0.7488675117492676	-0.3979493975639343	0.23832282423973083	0.9415156245231628	0.961866557598114	0.3348868787288666	0.7007243633270264	0.10986089706420898	-0.3669441044330597	-0.11944292485713959	-0.41877853870391846	-0.35348984599113464	-0.5145682096481323	-0.5838242173194885	-0.6613361835479736	-0.5533524751663208	-0.5421707630157471	-0.5513460636138916	-0.09965313225984573	-0.313264399766922	-0.29498013854026794	-0.4821966588497162	-0.32663318514823914	-0.16609381139278412	0.2687859833240509	0.3234683573246002	-0.06536275893449783	0.1725122481584549	-0.2484254688024521	-0.26269078254699707	0.13066807389259338	0.36679109930992126	-0.07600107789039612	0.18614447116851807	0.07691854238510132	0.6086369752883911	0.5434655547142029	0.38493961095809937	-0.20471100509166718	-0.4231417179107666	0.08023238182067871	-0.2726633548736572	0.24571779370307922	-0.6224685907363892	0.15787866711616516	-0.4308931231498718	-0.516618549823761	0.4707712233066559	0.0525084026157856	0.10749611258506775	-0.06284769624471664	0.36434295773506165	0.1427014023065567	-0.10420320183038712	0.0294205155223608	0.038267672061920166	0.0023445351980626583	-0.0031128060072660446	0.17669932544231415	0.6964424848556519	0.03474884107708931	0.28883013129234314	-0.215199276804924	0.1312238872051239	-0.2701193392276764	-0.17065109312534332	-0.17963644862174988	0.1828668713569641	0.3331383168697357	0.2354263812303543	0.3598480820655823	0.11823870241641998	-0.16872888803482056	-0.024102700874209404	0.3560570180416107	0.40461236238479614	-0.19209858775138855	0.2158396691083908	0.013615268282592297	0.1820015162229538	0.06711879372596741	0.4696286618709564	-0.021946417167782784	-0.25678184628486633	0.13311420381069183	0.2733438313007355	-0.38705921173095703	0.03179110586643219	0.2129509150981903	-0.061716437339782715	0.14378152787685394	0.25747206807136536	-0.22457022964954376	0.3613477945327759	0.21842117607593536	-0.32194840908050537	-0.20258744060993195	0.20467525720596313	-0.4143141508102417	-0.08975610136985779	-0.20702001452445984	-0.3143801689147949	-0.4019624888896942	-0.3538626432418823	-0.13183055818080902
LH_Vis_7	-0.01753842458128929	0.07975401729345322	-0.18623359501361847	0.2850114405155182	-0.15332503616809845	-0.3239854872226715	1.0	-0.16553255915641785	-0.2601338028907776	0.14569364488124847	0.18145139515399933	0.18433398008346558	0.13588553667068481	0.3948676884174347	0.48607850074768066	0.3826902210712433	0.4293573498725891	0.10628310590982437	0.2741025388240814	0.3018595576286316	0.4799794852733612	0.44732603430747986	0.45698049664497375	0.29281699657440186	0.05981694161891937	0.25086286664009094	-0.15206412971019745	0.17118194699287415	0.25961875915527344	0.4032430350780487	-0.3688102066516876	0.08381695300340652	0.007684620097279549	0.1507105976343155	0.14405673742294312	-0.11820025742053986	-0.09524308890104294	0.11227133870124817	0.07747659832239151	0.21180979907512665	-0.29869788885116577	-0.18527604639530182	-0.15604588389396667	-0.26045581698417664	-0.33481916785240173	-0.03557674586772919	0.14108438789844513	-0.13182635605335236	-0.10295721888542175	-0.07918606698513031	0.4407380223274231	-0.07524332404136658	0.6141180992126465	0.05972461402416229	-0.32137492299079895	-0.21141724288463593	-0.19411353766918182	-0.20072373747825623	0.22656308114528656	0.1129174679517746	0.20419323444366455	0.13310489058494568	0.37705543637275696	0.11924933642148972	0.21708206832408905	0.44056034088134766	0.26498284935951233	0.19932885468006134	0.2989884912967682	-0.09507128596305847	0.24675145745277405	0.496777206659317	0.4091138541698456	0.538080096244812	0.5606986880302429	0.3076629340648651	0.3214605748653412	0.4432162344455719	-0.4370832145214081	0.13915669918060303	0.09426340460777283	-0.03204413503408432	-0.3490729331970215	-0.06468614935874939	-0.21129952371120453	-0.01705625094473362	0.0017455562483519316	-0.013681449927389622	0.0524100624024868	-0.08516708761453629	0.10402417927980423	0.006764383055269718	0.1591552346944809	-0.14451606571674347	0.13989976048469543	-0.2894340753555298	0.017824124544858932	-0.07237973064184189	-0.05429159477353096	-0.009087329730391502	0.13237258791923523	0.0010521485237404704	-0.10217469185590744	-0.05079648643732071	-0.08619652688503265	-0.16972899436950684	-0.016462214291095734	-0.05171314626932144	-0.2348029464483261	-0.19441410899162292	-0.19296284019947052	-0.01019427552819252	0.09036281704902649	0.19420751929283142	0.015261712484061718	-0.027572492137551308	0.17153187096118927	-0.01972207985818386	-0.06444107741117477	-0.3353460133075714	-0.05322442203760147	-0.35425642132759094	-0.1750202775001526	0.0836729034781456	-0.03696807101368904	-0.12246968597173691	0.02791382372379303	0.013121937401592731	-0.2714005410671234	-0.3409932255744934	-0.12988077104091644	0.2011609524488449	0.17224641144275665	0.13928277790546417	0.22978590428829193	0.2613954544067383	-0.10772448778152466	0.048189856112003326	-0.18925929069519043	0.014690615236759186	0.015764102339744568	0.18973365426063538	-0.44750961661338806	0.19337834417819977	-0.3504440188407898	-0.08382086455821991	-0.12270114570856094	-0.12228181958198547	-0.2583339512348175	0.4297371506690979	-0.5645819306373596	-0.3782491087913513	-0.4196629524230957	-0.288900226354599	-0.31203335523605347	-0.38591867685317993
LH_Vis_8	0.10199281573295593	0.7891064882278442	0.7533647418022156	0.4792790114879608	0.6059027910232544	0.4646686315536499	-0.16553255915641785	1.0	0.688400149345398	-0.4222109913825989	-0.6539618968963623	-0.39606213569641113	-0.5961505770683289	-0.6031458973884583	-0.49686816334724426	0.10113563388586044	-0.5141223669052124	0.3898879885673523	-0.5279423594474792	-0.22150394320487976	-0.3578212857246399	-0.03342168778181076	-0.49456754326820374	-0.32805144786834717	-0.34001368284225464	-0.06448143720626831	0.0587952621281147	-0.22766348719596863	-0.26535555720329285	-0.3814689517021179	-0.08618735522031784	-0.20714902877807617	-0.2628658711910248	0.2754364311695099	0.24270647764205933	-0.05899543687701225	-0.24824105203151703	-0.5120725035667419	-0.3071407079696655	-0.29655563831329346	-0.37182316184043884	-0.09394329786300659	-0.28439995646476746	-0.3097934126853943	-0.2439665049314499	-0.5056344866752625	-0.5180838108062744	-0.5630944967269897	0.11527351289987564	-0.4058845639228821	0.055821362882852554	0.816154420375824	0.17859847843647003	0.42221009731292725	0.6000685095787048	0.3880567252635956	0.9597969651222229	0.8419551253318787	-0.5338125824928284	-0.648683488368988	-0.6216436624526978	-0.5977791547775269	-0.4979773759841919	-0.651160717010498	-0.481684148311615	-0.47881242632865906	-0.5961392521858215	-0.4713265895843506	0.11477971076965332	0.23154011368751526	-0.2805182933807373	0.13876383006572723	-0.28931230306625366	-0.6230006217956543	-0.24529199302196503	-0.15570232272148132	-0.2723165452480316	-0.35381507873535156	-0.10644228011369705	-0.23513266444206238	-0.006871032994240522	-0.09218364208936691	0.009534388780593872	0.3551265597343445	-0.08805804699659348	-0.1678815633058548	0.08212703466415405	-0.21836596727371216	0.0029404782690107822	-0.5284055471420288	-0.35436153411865234	-0.07207901030778885	-0.47927939891815186	-0.11287859082221985	-0.43605366349220276	-0.3348211646080017	-0.5869867205619812	-0.3740376830101013	-0.018296385183930397	-0.34547853469848633	-0.1503763049840927	-0.10853008180856705	0.06297744810581207	0.10052339732646942	0.03000420518219471	-0.06301615387201309	-0.29513421654701233	-0.04920440539717674	-0.11316309869289398	0.11071985960006714	0.3894589841365814	0.26706671714782715	0.06352251023054123	-0.4989219009876251	-0.3607863187789917	-0.12550237774848938	-0.3943004906177521	-0.09882176667451859	0.07600793987512589	-0.016226045787334442	0.2407783567905426	-0.20344078540802002	0.20879241824150085	-0.15018755197525024	-0.17082546651363373	0.2471933215856552	-0.20379291474819183	-0.07953455299139023	0.20990349352359772	-0.050172433257102966	-0.3507100045681	-0.27545595169067383	-0.01971009001135826	-0.11963405460119247	-0.6442309021949768	-0.1015380322933197	0.35432547330856323	-0.0859084278345108	-0.15809272229671478	-0.08050937205553055	-0.2568976581096649	-0.421280175447464	-0.19357703626155853	0.06905974447727203	0.10841549932956696	0.256347119808197	-0.2464693933725357	-0.058359596878290176	0.2872696816921234	-0.33375218510627747	0.2779430150985718	0.1367412507534027	0.04321124777197838	-0.04368449002504349	0.09064798057079315	-0.28596848249435425
LH_Vis_9	0.3679449260234833	0.7774036526679993	0.8831053972244263	0.2547905743122101	0.7505208253860474	0.8388048410415649	-0.2601338028907776	0.688400149345398	1.0	0.14665360748767853	-0.5744684338569641	-0.005835913587361574	-0.4584357738494873	-0.6968864798545837	-0.7270341515541077	-0.5182496309280396	-0.7289731502532959	-0.11031115800142288	-0.7997028827667236	-0.22445446252822876	-0.650013267993927	-0.3508588671684265	-0.6034308075904846	-0.14841881394386292	0.1504707783460617	0.21680417656898499	0.23555484414100647	0.1874767690896988	0.046128761023283005	-0.3852609395980835	-0.037917859852313995	-0.25117775797843933	-0.23466314375400543	-0.05575914680957794	-0.05542227253317833	0.5447959899902344	0.1952958106994629	-0.28350499272346497	-0.13839931786060333	-0.1290983110666275	0.0548815056681633	0.2531643211841583	-0.36392030119895935	0.15480566024780273	0.14813469350337982	-0.18151092529296875	-0.15366126596927643	-0.2093941867351532	0.6379339694976807	0.09494645148515701	0.260564923286438	0.8415247797966003	-0.26273298263549805	0.33120888471603394	0.879727840423584	0.8456940650939941	0.5490407943725586	0.9429001212120056	-0.012239090166985989	-0.4458393156528473	-0.3188728392124176	-0.5320764780044556	-0.42123740911483765	-0.546299159526825	-0.6469271183013916	-0.7747310400009155	-0.5530616044998169	-0.5241900682449341	-0.4716852903366089	-0.19213387370109558	-0.4206721782684326	-0.293866366147995	-0.6146926879882812	-0.4403073787689209	-0.2025786191225052	0.15622463822364807	0.18769113719463348	-0.32556289434432983	-0.0700232982635498	-0.25806477665901184	-0.43609368801116943	0.05299714580178261	0.16752348840236664	-0.12730252742767334	-0.044950902462005615	-0.200250506401062	0.623160183429718	0.29071393609046936	0.43749290704727173	-0.38572052121162415	-0.6311742663383484	0.17843492329120636	-0.086701400578022	0.036481987684965134	-0.5316666960716248	0.14576180279254913	-0.4426829516887665	-0.5977003574371338	0.5368348956108093	0.14450472593307495	0.1785132735967636	0.18937231600284576	0.20719300210475922	0.25229910016059875	0.09237173199653625	-0.11927121877670288	-0.10175919532775879	-0.13816164433956146	-0.14385153353214264	0.045486871153116226	0.6379667520523071	0.19444353878498077	0.25476518273353577	-0.23019488155841827	0.03509143739938736	-0.033488087356090546	-0.08162403851747513	0.02636672370135784	0.020759712904691696	0.26374539732933044	0.35471177101135254	-0.0903467983007431	0.3482106029987335	-0.025623926892876625	-0.2896948754787445	0.44286587834358215	0.3541839122772217	-0.04897947236895561	0.16074888408184052	0.06454046070575714	0.08775419741868973	0.005353937391191721	0.384041428565979	0.044631730765104294	-0.46767765283584595	-0.16689085960388184	0.46837735176086426	-0.4093303382396698	-0.0718868151307106	0.07827825099229813	-0.12167021632194519	-0.12713351845741272	0.18623046576976776	-0.13060514628887177	0.2899516224861145	0.20876500010490417	-0.4431135654449463	-0.3040786385536194	0.13710124790668488	-0.2520652711391449	-0.1144736111164093	-0.221419557929039	-0.27439063787460327	-0.3147185146808624	-0.2659856975078583	-0.28181448578834534
LH_SomMot_1	0.16323383152484894	-0.12356127798557281	-0.053626541048288345	-0.002148228930309415	0.03672133386135101	0.24124675989151	0.14569364488124847	-0.4222109913825989	0.14665360748767853	1.0	0.4149719774723053	0.7384214401245117	0.42137840390205383	0.32335469126701355	0.09280966967344284	-0.36589136719703674	0.18697336316108704	-0.308857798576355	0.05198311060667038	0.1439831554889679	-0.07357820123434067	-0.07025705277919769	0.2348795384168625	0.35626134276390076	0.7918922901153564	0.5228932499885559	0.2577495872974396	0.5841981172561646	0.41091370582580566	0.34163716435432434	-0.1397407054901123	-0.15676109492778778	-0.01005963608622551	-0.2508374750614166	-0.30552512407302856	0.5243406891822815	0.4340478777885437	0.27122291922569275	0.3036007583141327	0.39338064193725586	0.22735095024108887	0.1718878149986267	-0.07817698270082474	0.3542189300060272	0.2069375365972519	0.30410975217819214	0.4426591396331787	0.25338298082351685	0.3331301808357239	0.3646063506603241	0.21749655902385712	-0.09725435823202133	-0.16843773424625397	0.05295288935303688	0.13296720385551453	0.33918118476867676	-0.4867260158061981	-0.08224564790725708	0.9027464985847473	0.4069359600543976	0.6481045484542847	0.3841787278652191	0.5652410984039307	0.3119083046913147	0.06379976123571396	0.0067048342898488045	-0.11819446086883545	0.29706454277038574	-0.42845243215560913	-0.37701940536499023	-0.09849090129137039	-0.16315056383609772	-0.0726233571767807	0.3819405734539032	0.3398640751838684	0.5527533888816833	0.600420355796814	0.29928189516067505	-0.20207206904888153	-0.20934738218784332	-0.3394065499305725	-0.17825916409492493	-0.08089491724967957	-0.4632105827331543	0.06854350864887238	-0.09288082271814346	0.41869139671325684	0.4895193576812744	0.26508569717407227	-0.11129377782344818	-0.37900155782699585	0.0779421404004097	0.5354291796684265	-0.03205617517232895	0.08547447621822357	0.2688896358013153	0.03823179379105568	-0.4301914870738983	0.428533673286438	0.3367754817008972	0.4692370593547821	0.23509076237678528	0.3412266969680786	0.1812022626399994	0.22431017458438873	-0.1681138426065445	0.43074899911880493	-0.07040082663297653	-0.2515503466129303	-0.05705992132425308	0.1605387181043625	-0.23654507100582123	0.2170615941286087	0.27604004740715027	0.6528248190879822	-0.044468093663454056	0.24543198943138123	0.05578559637069702	0.2825278639793396	0.37894392013549805	0.16764190793037415	0.08182162791490555	0.02924635261297226	0.03267780318856239	-0.08961186558008194	0.08502228558063507	0.5808666944503784	-0.08729556202888489	-0.20481140911579132	0.2238634079694748	0.4940762221813202	0.4633481204509735	0.3030390441417694	0.15752653777599335	0.3557116985321045	0.11620348691940308	-0.07350775599479675	-0.2393282800912857	0.14390483498573303	0.4266507625579834	0.20649324357509613	0.43904003500938416	0.15390604734420776	-0.2911299765110016	0.19921459257602692	-0.3877757489681244	-0.07138709723949432	-0.1422164887189865	-0.2415190190076828	0.3278768062591553	-0.554065465927124	-0.3485378324985504	-0.505744457244873	-0.3807961046695709	-0.3280225992202759	-0.17932255566120148
LH_SomMot_2	-0.3527093827724457	-0.6058388352394104	-0.6672564744949341	-0.20189440250396729	-0.5213271975517273	-0.41366565227508545	0.18145139515399933	-0.6539618968963623	-0.5744684338569641	0.4149719774723053	1.0	0.5830791592597961	0.5505704879760742	0.7281573414802551	0.6450089812278748	0.09375230967998505	0.5993984937667847	-0.18726301193237305	0.5924436450004578	0.06473420560359955	0.42054417729377747	0.1413470208644867	0.5106544494628906	0.10463500767946243	0.4793087840080261	0.10452305525541306	0.02240612916648388	0.0380927212536335	0.07129529118537903	0.45818671584129333	-0.1259324699640274	-0.07217440754175186	0.07578154653310776	-0.2188761979341507	-0.2689802944660187	-0.17417941987514496	-0.16111253201961517	0.16665033996105194	0.3204325735569	0.3757762610912323	-0.004030878189951181	-0.36945435404777527	0.21245993673801422	0.07983797788619995	0.05657583102583885	0.2329108715057373	0.066941037774086	0.2823696434497833	-0.41990745067596436	0.07692190259695053	-0.25938913226127625	-0.6464678049087524	0.08470696210861206	-0.23203325271606445	-0.4768666923046112	-0.44243425130844116	-0.6098156571388245	-0.6667642593383789	0.38607627153396606	0.7496630549430847	0.6696521043777466	0.5870369076728821	0.635869026184082	0.801828145980835	0.6632012724876404	0.616585373878479	0.29953908920288086	0.735797107219696	0.09864697605371475	-0.08499697595834732	0.10549455136060715	0.12029675394296646	0.4058157503604889	0.3928218185901642	0.2317572683095932	0.2025100588798523	0.04453842714428902	0.3928797245025635	-0.1018478125333786	0.017674170434474945	0.1829158514738083	-0.20955254137516022	-0.062414828687906265	0.01542346179485321	0.2000788301229477	0.12306172400712967	-0.28062596917152405	-0.041507575660943985	-0.29763805866241455	0.20559465885162354	0.11482807248830795	-0.14164400100708008	0.33448296785354614	-0.19662506878376007	0.46887239813804626	0.040103938430547714	0.41574952006340027	0.26246652007102966	-0.30529478192329407	0.0686933770775795	0.1366172730922699	-0.07082054764032364	0.09198801219463348	-0.1659754067659378	0.23278573155403137	-0.2410302758216858	0.1838964968919754	0.32440537214279175	0.033982109278440475	0.10800202190876007	-0.39337778091430664	-0.3934008777141571	-0.19271966814994812	0.07896759361028671	0.41765254735946655	0.023018641397356987	0.25641971826553345	-0.2144116312265396	0.2739385962486267	-0.17401136457920074	-0.49541595578193665	0.1821008026599884	-0.19328847527503967	0.3874832093715668	0.13466528058052063	-0.5700482726097107	0.047359567135572433	-0.1658102422952652	-0.23273979127407074	0.22912268340587616	0.22408440709114075	0.29436901211738586	-0.25335800647735596	-0.06267909705638885	0.5683094263076782	0.16209398210048676	-0.6453242301940918	0.43563899397850037	0.15203876793384552	0.3510426878929138	0.07396116852760315	0.3702123463153839	-0.09878551959991455	0.05765964835882187	-0.15735584497451782	-0.257965087890625	0.5013786554336548	0.38462498784065247	0.04628608748316765	0.47974562644958496	-0.08393950015306473	0.17806009948253632	0.12675997614860535	0.16749776899814606	-0.05942069739103317	0.15130576491355896
LH_SomMot_3	-0.12611405551433563	-0.18458370864391327	-0.17278964817523956	-0.13181491196155548	-0.06424698233604431	0.16122625768184662	0.18433398008346558	-0.39606213569641113	-0.005835913587361574	0.7384214401245117	0.5830791592597961	1.0	0.5715548992156982	0.3170141279697418	0.13617384433746338	-0.22840601205825806	0.4512742757797241	-0.2546992599964142	0.244381844997406	0.17443184554576874	-0.06194698065519333	0.030729318037629128	0.23152819275856018	0.3942718207836151	0.748053789138794	0.5756983757019043	0.3682475984096527	0.46272292733192444	0.29946500062942505	0.42302894592285156	-0.12982943654060364	-0.13258953392505646	-0.10244069248437881	-0.30694034695625305	-0.30895307660102844	0.27637606859207153	0.2587306797504425	0.12607461214065552	0.17185655236244202	0.3280107378959656	0.049954306334257126	0.06868097186088562	-0.023982970044016838	0.3114764094352722	0.26893851161003113	0.2222863733768463	0.2662365138530731	0.10755995661020279	0.025121154263615608	0.2537488639354706	0.01662502810359001	-0.23765186965465546	-0.08839821815490723	-0.1837066411972046	0.04029182344675064	0.180263489484787	-0.4934313893318176	-0.21831054985523224	0.713601291179657	0.6476995348930359	0.8613811731338501	0.48742106556892395	0.6399500966072083	0.4662605822086334	0.20128154754638672	0.08338108658790588	-0.08203034847974777	0.4828186631202698	-0.2636779546737671	-0.2149129956960678	-0.0014046625001356006	-0.05112345516681671	0.009714337065815926	0.40864235162734985	0.455609530210495	0.622094988822937	0.29120370745658875	0.3892700970172882	-0.08490681648254395	-0.05781788378953934	-0.21666230261325836	-0.3083673417568207	0.13874591886997223	-0.35061776638031006	0.2559033930301666	-0.17944243550300598	0.0910780057311058	0.4241914749145508	0.06720305234193802	-0.10015479475259781	-0.32235515117645264	0.14842627942562103	0.3878229558467865	-0.04006575420498848	0.08958088606595993	0.208942711353302	0.18053559958934784	-0.36980053782463074	0.0679101049900055	0.23441164195537567	0.5781199336051941	0.12714841961860657	0.3135494589805603	-0.10991080105304718	0.12390878051519394	-0.27196767926216125	0.2638404071331024	0.010883687064051628	-0.39419880509376526	0.1696925014257431	0.10490083694458008	-0.3711185157299042	0.1511685848236084	0.20174123346805573	0.7560556530952454	-0.09026726335287094	0.11301376670598984	-0.18079747259616852	0.3039931058883667	0.10347545146942139	-0.21050670742988586	0.2701602578163147	-0.0778476670384407	-0.03920237720012665	-0.256702721118927	-0.01100509986281395	0.36864396929740906	-0.24675339460372925	-0.09932404011487961	0.17912468314170837	0.3686600923538208	0.5020977854728699	0.060059890151023865	0.24306674301624298	0.3397093415260315	0.28412505984306335	-0.18540407717227936	-0.17936772108078003	0.16183434426784515	0.3028653860092163	0.03496793285012245	0.5665888786315918	-0.08456184715032578	0.030478671193122864	0.10013409703969955	-0.22281044721603394	0.025189584121108055	-0.0397392213344574	-0.10908704996109009	0.20453773438930511	-0.42105329036712646	-0.21981674432754517	-0.2507433295249939	-0.23989154398441315	-0.31327882409095764	-0.16899673640727997
