Node	HIP-head-m-rh	HIP-head-l-rh	HIP-body-rh	HIP-tail-rh	THA-VPm-rh	THA-VPl-rh	THA-VAi-rh	THA-VAs-rh	THA-DAm-rh	THA-DAl-rh	PUT-VA-rh	PUT-DA-rh	PUT-VP-rh	PUT-DP-rh	CAU-VA-rh	CAU-DA-rh	CAU-body-rh	CAU-tail-rh	lAMY-rh	mAMY-rh	THA-DP-rh	NAc-shell-rh	NAc-core-rh	pGP-rh	aGP-rh	HIP-head-m-lh	HIP-head-l-l	HIP-body-l	HIP-tail-lh	THA-VPm-lh	THA-VPl-lh	THA-VAi-lh	THA-VAs-lh	THA-DAm-lh	THA-DAl-lh	PUT-VA-lh	PUT-DA-l	PUT-VP-lh	PUT-DP-lh	CAU-VA-lh	CAU-DA-lh	CAU-body-lh	CAU-tail-lh	lAMY-lh	mAMY-lh	THA-DP-lh	NAc-shell-lh	NAc-core-lh	pGP-lh	aGP-lh
HIP-head-m-rh	1.0	0.3755648732185364	0.05102518945932388	0.195875883102417	-0.1643536388874054	-0.05479789152741432	-0.24980425834655762	-0.364251971244812	-0.22082281112670898	-0.25950661301612854	0.11474772542715073	-0.08951453864574432	-0.16233405470848083	-0.3800285756587982	0.16858939826488495	-0.28349581360816956	-0.1895952969789505	-0.4050672948360443	0.3412804901599884	0.5056557059288025	0.17700791358947754	0.10704053938388824	-0.1736510992050171	-0.15400129556655884	-0.3440089523792267	0.48535898327827454	0.3538189232349396	0.37221500277519226	0.1812262088060379	0.08375398069620132	-0.01624300517141819	-0.439043790102005	-0.2360759973526001	-0.17288058996200562	-0.15572725236415863	-0.02838883176445961	0.016296694055199623	-0.1568077802658081	-0.17420388758182526	0.10853920876979828	-0.21958723664283752	-0.08021892607212067	-0.10243355482816696	0.3930608034133911	0.4343293309211731	0.1430424302816391	0.009269864298403263	-0.008494647219777107	-0.05819724127650261	-0.020382709801197052
HIP-head-l-rh	0.3755648732185364	1.0	0.22643186151981354	0.3910762071609497	-0.3433164656162262	-0.009081553667783737	-0.1892150342464447	0.24037721753120422	0.01806378737092018	0.0984237864613533	0.14084315299987793	-0.39362865686416626	0.003330887295305729	-0.4252426028251648	0.45388710498809814	-0.0685323104262352	0.03231693431735039	-0.19624227285385132	0.36416807770729065	0.4901796281337738	0.009442342445254326	0.3335307836532593	0.07592330873012543	-0.036894071847200394	-0.1431322544813156	0.10655125975608826	0.14299282431602478	0.45090538263320923	0.39525794982910156	-0.06560872495174408	-0.0838254988193512	-0.278166800737381	0.2711265981197357	-0.024101460352540016	0.17155691981315613	0.025403577834367752	-0.25041383504867554	-0.17979757487773895	-0.2780027687549591	0.36893630027770996	0.13866455852985382	0.020072922110557556	0.04499715566635132	0.32871013879776	0.3218258321285248	-0.08128692209720612	0.07072743773460388	0.12800540030002594	0.15156196057796478	-0.14819607138633728
HIP-body-rh	0.05102518945932388	0.22643186151981354	1.0	0.4650391936302185	-0.03915957733988762	0.055735643953084946	0.10236465185880661	0.04988562688231468	0.009701680392026901	0.12422511726617813	0.29880228638648987	0.28343886137008667	0.37117430567741394	0.026340417563915253	0.2855507433414459	0.24324029684066772	0.1030968502163887	0.2675943374633789	0.17350828647613525	0.19674666225910187	-0.09209367632865906	0.0968596413731575	0.1255052536725998	0.27809494733810425	0.1105821505188942	0.27863991260528564	0.364107221364975	0.5576086044311523	0.5473424792289734	-0.021147774532437325	-0.279867559671402	-0.05116598680615425	0.08061392605304718	-0.20603440701961517	0.09121432155370712	0.08241645246744156	-0.012358694337308407	-0.072764091193676	-0.01759670116007328	0.3166390359401703	0.10357461869716644	0.17609289288520813	0.19452939927577972	0.38692060112953186	0.23952989280223846	-0.26834815740585327	0.02125897817313671	-0.004480134695768356	-0.0165919940918684	-0.15252168476581573
HIP-tail-rh	0.195875883102417	0.3910762071609497	0.4650391936302185	1.0	0.015874752774834633	0.26717808842658997	0.17867566645145416	0.1203853189945221	0.1587480902671814	0.21572892367839813	0.38321879506111145	0.0949549525976181	0.35463836789131165	0.03716876357793808	0.16872350871562958	0.16128095984458923	0.007969092577695847	0.02915601059794426	0.24302566051483154	0.37154722213745117	0.26354068517684937	0.13674618303775787	0.18475911021232605	0.26328444480895996	0.053397439420223236	0.1715584099292755	0.3664340078830719	0.539646565914154	0.6373715400695801	0.3088197112083435	0.17845158278942108	-0.15785813331604004	0.08422627300024033	0.09608527272939682	0.13308820128440857	0.18155834078788757	0.020020464435219765	0.03431006893515587	-0.014728273265063763	0.19033417105674744	0.07694966346025467	-0.07134910672903061	-0.057840973138809204	0.27136653661727905	0.06440640240907669	0.11514884978532791	0.07926277071237564	0.1958363950252533	0.005609415005892515	-0.09611503779888153
THA-VPm-rh	-0.1643536388874054	-0.3433164656162262	-0.03915957733988762	0.015874752774834633	1.0	0.5150777101516724	0.4118761420249939	-0.021148040890693665	0.4492439329624176	0.5627085566520691	0.1959439218044281	0.5098165273666382	0.12024133652448654	0.5928605198860168	-0.40193724632263184	0.08387815207242966	-0.2785259187221527	-0.18005770444869995	-0.05453954264521599	-0.2564607858657837	0.43498194217681885	-0.46997272968292236	-0.10988079011440277	0.05678253248333931	-0.20321182906627655	-0.09414080530405045	0.12888379395008087	-0.14691990613937378	-0.022332385182380676	0.544427752494812	0.6279619336128235	0.23211605846881866	-0.10979747027158737	0.5624535083770752	0.22989696264266968	-0.027276087552309036	0.3516838252544403	0.15478309988975525	0.4068129062652588	-0.36833488941192627	-0.07008833438158035	-0.23709994554519653	-0.375277578830719	-0.04664318263530731	-0.10896256566047668	0.5374087691307068	-0.39681100845336914	-0.10283281654119492	-0.04353388398885727	-0.0031281833071261644
THA-VPl-rh	-0.05479789152741432	-0.009081553667783737	0.055735643953084946	0.26717808842658997	0.5150777101516724	1.0	0.5410915017127991	-0.00848367065191269	0.38024815917015076	0.5513045191764832	0.10400566458702087	0.25060737133026123	0.28272169828414917	0.34629225730895996	-0.21996702253818512	-0.14867059886455536	-0.12013319134712219	-0.16045214235782623	0.03663833439350128	-0.016384443268179893	0.3944198489189148	-0.3947129249572754	-0.29827508330345154	0.16638650000095367	0.11606258898973465	0.13086506724357605	0.38845187425613403	0.23144230246543884	0.23538219928741455	0.6294472217559814	0.6313127875328064	0.09127255529165268	-0.18885096907615662	0.617200493812561	0.16640622913837433	-0.09673979878425598	0.31745555996894836	0.14662081003189087	0.4201774001121521	-0.44041889905929565	-0.02164645679295063	-0.14453579485416412	-4.218061803840101e-05	0.2789185047149658	0.1604829579591751	0.6074545383453369	-0.3577718138694763	-0.2091560810804367	0.17960135638713837	-0.012730603106319904
THA-VAi-rh	-0.24980425834655762	-0.1892150342464447	0.10236465185880661	0.17867566645145416	0.4118761420249939	0.5410915017127991	1.0	0.22594863176345825	0.602141261100769	0.6552974581718445	-0.09174352884292603	0.21936526894569397	0.1693989485502243	0.26997819542884827	-0.2224825918674469	-0.03101685270667076	-0.08323691785335541	0.07953746616840363	-0.1355859786272049	-0.2111271321773529	0.2856617569923401	-0.3270953893661499	6.542022310895845e-05	0.25229954719543457	0.3572092354297638	0.10644340515136719	0.2986137568950653	0.1899290531873703	0.07348361611366272	0.44431596994400024	0.45520687103271484	0.5972949862480164	0.11076808720827103	0.704833984375	0.5064047574996948	-0.20266570150852203	0.12018830329179764	0.17388932406902313	0.2377501130104065	-0.37352192401885986	-0.2259681522846222	-0.07605508714914322	0.019681865349411964	0.052684951573610306	-0.06939084082841873	0.4384816586971283	-0.21342895925045013	-0.3473901152610779	0.10508178919553757	-0.039685577154159546
THA-VAs-rh	-0.364251971244812	0.24037721753120422	0.04988562688231468	0.1203853189945221	-0.021148040890693665	-0.00848367065191269	0.22594863176345825	1.0	0.33751681447029114	0.4890613257884979	-0.03020818717777729	-0.056735776364803314	0.08800572156906128	0.01030847430229187	0.2543692886829376	0.2749675512313843	0.2663159966468811	0.3482270836830139	-0.04166543111205101	0.05570900812745094	-0.021801117807626724	0.13694076240062714	0.10280127823352814	-0.05375836789608002	0.027826674282550812	-0.42303934693336487	-0.22321100533008575	-0.09945192188024521	-0.027974456548690796	0.007803094573318958	0.038296569138765335	0.2131640464067459	0.8305339813232422	0.1368652731180191	0.5540993213653564	-0.024541251361370087	-0.009625154547393322	-0.0544515997171402	0.036929164081811905	0.21215926110744476	0.17770855128765106	0.20394816994667053	0.21146613359451294	-0.055439457297325134	-0.2551944851875305	-0.011647939682006836	-0.034288275986909866	0.10058323293924332	0.13048042356967926	-0.09464891999959946
THA-DAm-rh	-0.22082281112670898	0.01806378737092018	0.009701680392026901	0.1587480902671814	0.4492439329624176	0.38024815917015076	0.602141261100769	0.33751681447029114	1.0	0.698632538318634	-0.0011110474588349462	0.10592535138130188	0.08976570516824722	0.23810283839702606	-0.08309569954872131	0.04845769330859184	-0.12554851174354553	-0.009050730615854263	0.019056305289268494	0.00867410097271204	0.5161547660827637	-0.16666999459266663	0.06485528498888016	-0.14728319644927979	-0.02612900361418724	-0.14749173820018768	0.05127974972128868	0.04873424768447876	0.09904307126998901	0.4909910559654236	0.5223342180252075	0.32233697175979614	0.2973530888557434	0.688275933265686	0.4975206255912781	-0.2403535097837448	-0.07778823375701904	0.07090311497449875	0.012328756973147392	-0.2037283331155777	-0.3133658766746521	-0.17026181519031525	-0.26149600744247437	0.09157811850309372	0.06277947127819061	0.4470813274383545	-0.3055356740951538	-0.26262974739074707	-0.17490734159946442	-0.07868378609418869
THA-DAl-rh	-0.25950661301612854	0.0984237864613533	0.12422511726617813	0.21572892367839813	0.5627085566520691	0.5513045191764832	0.6552974581718445	0.4890613257884979	0.698632538318634	1.0	0.1767304688692093	0.2242681086063385	0.227232426404953	0.3871774673461914	0.013951179571449757	0.22375842928886414	0.013980885967612267	-0.0204065702855587	0.05597545579075813	0.026293575763702393	0.43347007036209106	-0.11927422136068344	0.13555319607257843	0.2447071075439453	0.09082388877868652	0.006336210761219263	0.22254644334316254	0.0394839309155941	0.16312971711158752	0.4668337106704712	0.5179898738861084	0.4885636866092682	0.37139663100242615	0.6866071820259094	0.5863392949104309	-0.004210185259580612	0.1473616659641266	0.04124318063259125	0.24166493117809296	-0.1328492909669876	0.06909254938364029	-0.03967920318245888	-0.16148997843265533	0.1491701304912567	-0.005370279308408499	0.4866812825202942	-0.1903933882713318	-0.11128783971071243	-0.03207513317465782	0.0009098633890971541
PUT-VA-rh	0.11474772542715073	0.14084315299987793	0.29880228638648987	0.38321879506111145	0.1959439218044281	0.10400566458702087	-0.09174352884292603	-0.03020818717777729	-0.0011110474588349462	0.1767304688692093	1.0	0.4584142863750458	0.37903836369514465	0.3402497172355652	0.4078167974948883	0.6143115162849426	0.13369016349315643	0.07681840658187866	0.0849025696516037	0.11167126893997192	0.17330984771251678	0.46677976846694946	0.5796825289726257	0.18361590802669525	0.09711560606956482	-0.009790138341486454	0.15714998543262482	0.10145553201436996	0.3539842963218689	0.1885543018579483	0.0367436408996582	-0.09086069464683533	0.1253054141998291	-0.06967516988515854	-0.2128671556711197	0.7652993202209473	0.4347923994064331	0.11804128438234329	0.25016719102859497	0.4422716498374939	0.5204974412918091	0.15019294619560242	-0.15382014214992523	0.14618556201457977	-0.0014807385159656405	0.016548030078411102	0.42246291041374207	0.6524824500083923	-0.43348222970962524	0.21291817724704742
PUT-DA-rh	-0.08951453864574432	-0.39362865686416626	0.28343886137008667	0.0949549525976181	0.5098165273666382	0.25060737133026123	0.21936526894569397	-0.056735776364803314	0.10592535138130188	0.2242681086063385	0.4584142863750458	1.0	0.46676069498062134	0.7075049877166748	0.042350005358457565	0.41523078083992004	0.15390458703041077	0.14267611503601074	-0.026729078963398933	-0.20823104679584503	0.29868319630622864	-0.20636878907680511	0.059951793402433395	0.2554800510406494	0.06012524664402008	-0.09839684516191483	0.10807686299085617	-0.04860575124621391	0.1340770274400711	0.2919270396232605	0.27337563037872314	0.10534365475177765	0.0221821628510952	0.0413396954536438	-0.07001204043626785	0.352042019367218	0.7795071005821228	0.29108351469039917	0.6313733458518982	0.04883194342255592	0.23885440826416016	0.3184623718261719	0.13631826639175415	0.137774258852005	-0.07230611890554428	0.2195519655942917	-0.142754465341568	0.0379561148583889	-0.19211795926094055	0.14252369105815887
PUT-VP-rh	-0.16233405470848083	0.003330887295305729	0.37117430567741394	0.35463836789131165	0.12024133652448654	0.28272169828414917	0.1693989485502243	0.08800572156906128	0.08976570516824722	0.227232426404953	0.37903836369514465	0.46676069498062134	1.0	0.5765712261199951	0.08590289950370789	0.2816469669342041	0.12437999248504639	0.40133920311927795	-0.05658465996384621	-0.20808637142181396	0.02519209310412407	0.12644623219966888	0.33341294527053833	0.4817594885826111	0.3156401515007019	-0.06905064731836319	0.12989094853401184	0.3271650969982147	0.35473868250846863	0.14776897430419922	0.19252228736877441	0.24325230717658997	0.004029897507280111	-0.0015016593970358372	-0.1813894659280777	0.38367515802383423	0.3602205812931061	0.583646833896637	0.6317405700683594	-0.04589799791574478	0.1995919644832611	-0.05441601946949959	0.08153626322746277	0.2836374342441559	-0.10020257532596588	0.004930602386593819	0.0278847124427557	0.23945052921772003	-0.05269274115562439	0.2978254556655884
PUT-DP-rh	-0.3800285756587982	-0.4252426028251648	0.026340417563915253	0.03716876357793808	0.5928605198860168	0.34629225730895996	0.26997819542884827	0.01030847430229187	0.23810283839702606	0.3871774673461914	0.3402497172355652	0.7075049877166748	0.5765712261199951	1.0	-0.15548034012317657	0.32263609766960144	0.06520040333271027	0.20861351490020752	-0.22462928295135498	-0.4540368616580963	0.2625136077404022	-0.2846262753009796	0.1354314535856247	0.41802388429641724	0.08982302248477936	-0.18917188048362732	0.1617337167263031	-0.09985500574111938	-0.10309609025716782	0.36391565203666687	0.42428815364837646	0.3374325633049011	-0.021234920248389244	0.18383120000362396	-0.03850279375910759	0.20658335089683533	0.5357084274291992	0.5018877387046814	0.7569687962532043	-0.12680301070213318	0.1610478013753891	0.05939055234193802	-0.12140757590532303	-0.0636742040514946	-0.30713972449302673	0.2297963798046112	-0.18976277112960815	0.05867623910307884	-0.05297381803393364	0.31181105971336365
CAU-VA-rh	0.16858939826488495	0.45388710498809814	0.2855507433414459	0.16872350871562958	-0.40193724632263184	-0.21996702253818512	-0.2224825918674469	0.2543692886829376	-0.08309569954872131	0.013951179571449757	0.4078167974948883	0.042350005358457565	0.08590289950370789	-0.15548034012317657	1.0	0.6061394810676575	0.4735454022884369	0.21503378450870514	0.24693737924098969	0.41555631160736084	-0.05070994049310684	0.6639308333396912	0.3639881908893585	0.04472004249691963	0.03623129427433014	0.0036582075990736485	0.08208505064249039	0.13005907833576202	0.23194105923175812	-0.20041818916797638	-0.34166550636291504	-0.1240760013461113	0.40429484844207764	-0.2216019183397293	-0.07829037308692932	0.4157695174217224	0.07981906086206436	-0.19884315133094788	-0.2298876941204071	0.7766615748405457	0.5108276605606079	0.5828198194503784	0.329349160194397	0.37318721413612366	0.3048420250415802	-0.16784800589084625	0.4424618184566498	0.4056745171546936	-0.20915012061595917	0.04617580026388168
CAU-DA-rh	-0.28349581360816956	-0.0685323104262352	0.24324029684066772	0.16128095984458923	0.08387815207242966	-0.14867059886455536	-0.03101685270667076	0.2749675512313843	0.04845769330859184	0.22375842928886414	0.6143115162849426	0.41523078083992004	0.2816469669342041	0.32263609766960144	0.6061394810676575	1.0	0.418151319026947	0.4219738245010376	-0.03451288864016533	0.019805599004030228	-0.049239806830883026	0.4801059067249298	0.6307418346405029	0.21360822021961212	0.13869333267211914	-0.22743040323257446	-0.10096021741628647	-0.1971922367811203	0.10903993993997574	-0.0351889543235302	-0.11956337094306946	0.17604359984397888	0.36216095089912415	-0.04989641532301903	-0.06262237578630447	0.578565776348114	0.25530022382736206	-0.043903984129428864	0.05831257253885269	0.5853221416473389	0.6530891060829163	0.3997390866279602	0.09751522541046143	-0.018179571256041527	-0.13854484260082245	-0.11955896764993668	0.48833513259887695	0.5805596113204956	-0.49989455938339233	0.16687926650047302
CAU-body-rh	-0.1895952969789505	0.03231693431735039	0.1030968502163887	0.007969092577695847	-0.2785259187221527	-0.12013319134712219	-0.08323691785335541	0.2663159966468811	-0.12554851174354553	0.013980885967612267	0.13369016349315643	0.15390458703041077	0.12437999248504639	0.06520040333271027	0.4735454022884369	0.418151319026947	1.0	0.40021228790283203	-0.07353582978248596	-0.07724138349294662	-0.19421982765197754	0.3476676642894745	0.1130957379937172	0.1623917818069458	0.1514730006456375	-0.3097352981567383	-0.10297960042953491	0.055383626371622086	0.0692778006196022	-0.02277931198477745	-0.16923636198043823	0.09791339188814163	0.4453553855419159	-0.2704254984855652	-0.11702533811330795	0.32855695486068726	0.1206856369972229	-0.05912165343761444	0.06014949828386307	0.49857112765312195	0.43175646662712097	0.5719016194343567	0.33100664615631104	-0.02662656083703041	-0.23976647853851318	-0.18335385620594025	0.30356520414352417	0.26881733536720276	0.017276214435696602	0.20109879970550537
CAU-tail-rh	-0.4050672948360443	-0.19624227285385132	0.2675943374633789	0.02915601059794426	-0.18005770444869995	-0.16045214235782623	0.07953746616840363	0.3482270836830139	-0.009050730615854263	-0.0204065702855587	0.07681840658187866	0.14267611503601074	0.40133920311927795	0.20861351490020752	0.21503378450870514	0.4219738245010376	0.40021228790283203	1.0	-0.22517873346805573	-0.2804405689239502	-0.27838242053985596	0.24803440272808075	0.2884730398654938	0.19370734691619873	0.27988797426223755	-0.24437034130096436	-0.18440598249435425	0.12031391263008118	-0.06339401006698608	-0.2711780369281769	-0.3269801735877991	0.29217538237571716	0.3297691345214844	-0.21709702908992767	-0.18666115403175354	0.10472961515188217	0.03957701846957207	0.28321316838264465	0.20315323770046234	0.21732723712921143	0.12863023579120636	0.35022780299186707	0.42123404145240784	-0.19700641930103302	-0.3792334198951721	-0.41065531969070435	0.22524239122867584	0.2100248485803604	-0.0514550656080246	0.06951091438531876
lAMY-rh	0.3412804901599884	0.36416807770729065	0.17350828647613525	0.24302566051483154	-0.05453954264521599	0.03663833439350128	-0.1355859786272049	-0.04166543111205101	0.019056305289268494	0.05597545579075813	0.0849025696516037	-0.026729078963398933	-0.05658465996384621	-0.22462928295135498	0.24693737924098969	-0.03451288864016533	-0.07353582978248596	-0.22517873346805573	1.0	0.6365218758583069	0.43552908301353455	0.14880846440792084	-0.10455424338579178	0.09619206935167313	-0.08006134629249573	0.15363796055316925	0.39996209740638733	0.3348615765571594	0.4353165924549103	0.0450533926486969	0.12138663232326508	-0.4238836467266083	-0.08437832444906235	-0.008880320005118847	-0.05536611005663872	0.01687449961900711	0.09691782295703888	-0.21359260380268097	-0.17773029208183289	0.11682071536779404	0.06999184936285019	0.11676749587059021	0.17046156525611877	0.5199417471885681	0.39619162678718567	0.34778928756713867	0.037175219506025314	-0.14251764118671417	-0.0432841032743454	-0.1772277057170868
mAMY-rh	0.5056557059288025	0.4901796281337738	0.19674666225910187	0.37154722213745117	-0.2564607858657837	-0.016384443268179893	-0.2111271321773529	0.05570900812745094	0.00867410097271204	0.026293575763702393	0.11167126893997192	-0.20823104679584503	-0.20808637142181396	-0.4540368616580963	0.41555631160736084	0.019805599004030228	-0.07724138349294662	-0.2804405689239502	0.6365218758583069	1.0	0.23091496527194977	0.2607884109020233	-0.0646311417222023	-0.13803403079509735	-0.1859167367219925	0.35677751898765564	0.3206733167171478	0.27225399017333984	0.3082440495491028	-0.034423843026161194	-0.01570170931518078	-0.4107188284397125	0.06762395799160004	0.015415121801197529	0.1260029524564743	0.03859948739409447	-0.07970985025167465	-0.41641637682914734	-0.40846124291419983	0.2720460295677185	0.11760363727807999	0.1284044086933136	0.06566617637872696	0.6251348257064819	0.6520161628723145	0.13099424540996552	0.14536917209625244	0.018919507041573524	-0.14200404286384583	-0.16066983342170715
THA-DP-rh	0.17700791358947754	0.009442342445254326	-0.09209367632865906	0.26354068517684937	0.43498194217681885	0.3944198489189148	0.2856617569923401	-0.021801117807626724	0.5161547660827637	0.43347007036209106	0.17330984771251678	0.29868319630622864	0.02519209310412407	0.2625136077404022	-0.05070994049310684	-0.049239806830883026	-0.19421982765197754	-0.27838242053985596	0.43552908301353455	0.23091496527194977	1.0	-0.22631554305553436	-0.0876142606139183	-0.020550360903143883	-0.03865434229373932	0.10965994745492935	0.3025301694869995	0.07753831148147583	0.31605833768844604	0.5138565301895142	0.5452825427055359	-0.09444213658571243	-0.06953708827495575	0.4224493205547333	0.04857506603002548	-0.04399353638291359	0.28749603033065796	0.027076294645667076	0.20173530280590057	-0.22398866713047028	-0.24716030061244965	-0.10098978877067566	-0.19108180701732635	0.2308792769908905	0.10189418494701385	0.5844281315803528	-0.20034998655319214	-0.2732395827770233	-0.13765820860862732	0.06615123897790909
NAc-shell-rh	0.10704053938388824	0.3335307836532593	0.0968596413731575	0.13674618303775787	-0.46997272968292236	-0.3947129249572754	-0.3270953893661499	0.13694076240062714	-0.16666999459266663	-0.11927422136068344	0.46677976846694946	-0.20636878907680511	0.12644623219966888	-0.2846262753009796	0.6639308333396912	0.4801059067249298	0.3476676642894745	0.24803440272808075	0.14880846440792084	0.2607884109020233	-0.22631554305553436	1.0	0.6665970683097839	0.08226902037858963	0.09386637806892395	-0.0368904173374176	-0.08093313872814178	0.0169693436473608	0.2989925444126129	-0.37718838453292847	-0.47122642397880554	0.02382175624370575	0.2819637358188629	-0.2844444513320923	-0.31437167525291443	0.6211064457893372	-0.0942448303103447	0.004302515182644129	-0.2503158748149872	0.5659855008125305	0.39261069893836975	0.19835199415683746	0.07292941957712173	0.12104164808988571	0.10349131375551224	-0.3419431149959564	0.7809062004089355	0.6455138325691223	-0.3370774984359741	0.03210842236876488
NAc-core-rh	-0.1736510992050171	0.07592330873012543	0.1255052536725998	0.18475911021232605	-0.10988079011440277	-0.29827508330345154	6.542022310895845e-05	0.10280127823352814	0.06485528498888016	0.13555319607257843	0.5796825289726257	0.059951793402433395	0.33341294527053833	0.1354314535856247	0.3639881908893585	0.6307418346405029	0.1130957379937172	0.2884730398654938	-0.10455424338579178	-0.0646311417222023	-0.0876142606139183	0.6665970683097839	1.0	0.22695712745189667	0.20144036412239075	0.031113943085074425	-0.12298332154750824	-0.07586603611707687	0.18767598271369934	-0.24106818437576294	-0.2186678797006607	0.33699434995651245	0.20697815716266632	-0.032160986214876175	-0.08766689151525497	0.6003438830375671	-0.04657107591629028	0.12049411982297897	-0.055753905326128006	0.3412928283214569	0.35128530859947205	-0.03511086106300354	-0.12949329614639282	-0.11201130598783493	-0.16747617721557617	-0.2593502700328827	0.6660152673721313	0.6182845830917358	-0.5135793685913086	0.27026885747909546
pGP-rh	-0.15400129556655884	-0.036894071847200394	0.27809494733810425	0.26328444480895996	0.05678253248333931	0.16638650000095367	0.25229954719543457	-0.05375836789608002	-0.14728319644927979	0.2447071075439453	0.18361590802669525	0.2554800510406494	0.4817594885826111	0.41802388429641724	0.04472004249691963	0.21360822021961212	0.1623917818069458	0.19370734691619873	0.09619206935167313	-0.13803403079509735	-0.020550360903143883	0.08226902037858963	0.22695712745189667	1.0	0.308167040348053	0.18648715317249298	0.3660525679588318	0.29100707173347473	0.24777422845363617	-0.0016215461073443294	0.0019328986527398229	0.3308837413787842	-0.057230789214372635	-0.028213022276759148	-0.016644878312945366	0.24207942187786102	0.27501535415649414	0.2777085304260254	0.33941829204559326	0.11704553663730621	0.1587633639574051	0.10123422741889954	0.0620950311422348	0.09499592334032059	-0.09381452947854996	0.03278972953557968	0.19883447885513306	0.08790752291679382	0.07829175144433975	-0.02017870731651783
aGP-rh	-0.3440089523792267	-0.1431322544813156	0.1105821505188942	0.053397439420223236	-0.20321182906627655	0.11606258898973465	0.3572092354297638	0.027826674282550812	-0.02612900361418724	0.09082388877868652	0.09711560606956482	0.06012524664402008	0.3156401515007019	0.08982302248477936	0.03623129427433014	0.13869333267211914	0.1514730006456375	0.27988797426223755	-0.08006134629249573	-0.1859167367219925	-0.03865434229373932	0.09386637806892395	0.20144036412239075	0.308167040348053	1.0	0.08024810999631882	0.02693132311105728	0.017234915867447853	0.13717806339263916	0.023854302242398262	-0.07510160654783249	0.3052743971347809	0.00021013588411733508	0.15052339434623718	-0.06688054651021957	0.20506195724010468	0.06640684604644775	0.30162033438682556	0.22287361323833466	-0.11234240233898163	0.26571983098983765	0.14646749198436737	0.30508953332901	0.052467089146375656	-0.14434070885181427	0.008184957318007946	0.2539321482181549	0.024781322106719017	0.06869936734437943	0.06352103501558304
HIP-head-m-lh	0.48535898327827454	0.10655125975608826	0.27863991260528564	0.1715584099292755	-0.09414080530405045	0.13086506724357605	0.10644340515136719	-0.42303934693336487	-0.14749173820018768	0.006336210761219263	-0.009790138341486454	-0.09839684516191483	-0.06905064731836319	-0.18917188048362732	0.0036582075990736485	-0.22743040323257446	-0.3097352981567383	-0.24437034130096436	0.15363796055316925	0.35677751898765564	0.10965994745492935	-0.0368904173374176	0.031113943085074425	0.18648715317249298	0.08024810999631882	1.0	0.5543922781944275	0.3296970725059509	0.22053363919258118	-0.07691170275211334	-0.1798180192708969	0.07313250005245209	-0.41811734437942505	0.09124535322189331	0.016033949330449104	-0.12400096654891968	-0.12265153974294662	-0.014749676920473576	-0.1338520497083664	-0.15630270540714264	-0.16908220946788788	-0.08052385598421097	-0.012832986190915108	0.37757813930511475	0.5179246664047241	-0.031736236065626144	0.09779689460992813	-0.22134090960025787	0.039143674075603485	-0.07220795005559921
HIP-head-l-l	0.3538189232349396	0.14299282431602478	0.364107221364975	0.3664340078830719	0.12888379395008087	0.38845187425613403	0.2986137568950653	-0.22321100533008575	0.05127974972128868	0.22254644334316254	0.15714998543262482	0.10807686299085617	0.12989094853401184	0.1617337167263031	0.08208505064249039	-0.10096021741628647	-0.10297960042953491	-0.18440598249435425	0.39996209740638733	0.3206733167171478	0.3025301694869995	-0.08093313872814178	-0.12298332154750824	0.3660525679588318	0.02693132311105728	0.5543922781944275	1.0	0.5031520128250122	0.3250855505466461	0.2930160164833069	0.19545944035053253	-0.017429504543542862	-0.3080993890762329	0.14536404609680176	-0.014163492247462273	-0.08302458375692368	0.10133049637079239	0.04539847746491432	0.15598711371421814	-0.03534441441297531	-0.033911578357219696	0.06509847193956375	0.0075731538236141205	0.5512344837188721	0.3376220464706421	0.26914918422698975	-0.018301721662282944	-0.22260630130767822	0.12190158665180206	-0.02799144946038723
HIP-body-l	0.37221500277519226	0.45090538263320923	0.5576086044311523	0.539646565914154	-0.14691990613937378	0.23144230246543884	0.1899290531873703	-0.09945192188024521	0.04873424768447876	0.0394839309155941	0.10145553201436996	-0.04860575124621391	0.3271650969982147	-0.09985500574111938	0.13005907833576202	-0.1971922367811203	0.055383626371622086	0.12031391263008118	0.3348615765571594	0.27225399017333984	0.07753831148147583	0.0169693436473608	-0.07586603611707687	0.29100707173347473	0.017234915867447853	0.3296970725059509	0.5031520128250122	1.0	0.5215832591056824	0.21512505412101746	0.03203759714961052	-0.12817655503749847	-0.0894991084933281	-0.028371600434184074	-0.003814349416643381	-0.15732091665267944	-0.10203278064727783	0.11512437462806702	0.018320582807064056	0.08778750151395798	-0.25470221042633057	-0.0017161190044134855	0.09565025568008423	0.3886582553386688	0.25296133756637573	0.024235058575868607	-0.07331781089305878	-0.16416878998279572	0.1335907131433487	-0.04071621224284172
HIP-tail-lh	0.1812262088060379	0.39525794982910156	0.5473424792289734	0.6373715400695801	-0.022332385182380676	0.23538219928741455	0.07348361611366272	-0.027974456548690796	0.09904307126998901	0.16312971711158752	0.3539842963218689	0.1340770274400711	0.35473868250846863	-0.10309609025716782	0.23194105923175812	0.10903993993997574	0.0692778006196022	-0.06339401006698608	0.4353165924549103	0.3082440495491028	0.31605833768844604	0.2989925444126129	0.18767598271369934	0.24777422845363617	0.13717806339263916	0.22053363919258118	0.3250855505466461	0.5215832591056824	1.0	0.17948265373706818	0.038353025913238525	-0.18179969489574432	-0.03545964136719704	0.0368688739836216	-0.12794578075408936	0.28176483511924744	0.06766635924577713	0.023709170520305634	-0.00823922362178564	0.1474013775587082	0.053152404725551605	-0.05860162526369095	-0.0025289671029895544	0.4308035671710968	0.25343793630599976	0.09626757353544235	0.20279324054718018	0.09625265747308731	-0.03291819989681244	-0.11644845455884933
THA-VPm-lh	0.08375398069620132	-0.06560872495174408	-0.021147774532437325	0.3088197112083435	0.544427752494812	0.6294472217559814	0.44431596994400024	0.007803094573318958	0.4909910559654236	0.4668337106704712	0.1885543018579483	0.2919270396232605	0.14776897430419922	0.36391565203666687	-0.20041818916797638	-0.0351889543235302	-0.02277931198477745	-0.2711780369281769	0.0450533926486969	-0.034423843026161194	0.5138565301895142	-0.37718838453292847	-0.24106818437576294	-0.0016215461073443294	0.023854302242398262	-0.07691170275211334	0.2930160164833069	0.21512505412101746	0.17948265373706818	1.0	0.6673452258110046	0.0083798598498106	-0.10088237375020981	0.4834829270839691	0.16420653462409973	-0.1045524999499321	0.1954117864370346	0.11648565530776978	0.29802533984184265	-0.23773428797721863	-0.09895454347133636	-0.18708308041095734	-0.3522121012210846	0.14371642470359802	0.021879151463508606	0.6306617259979248	-0.3186001777648926	-0.2042655348777771	-0.03954020515084267	0.048840802162885666
THA-VPl-lh	-0.01624300517141819	-0.0838254988193512	-0.279867559671402	0.17845158278942108	0.6279619336128235	0.6313127875328064	0.45520687103271484	0.038296569138765335	0.5223342180252075	0.5179898738861084	0.0367436408996582	0.27337563037872314	0.19252228736877441	0.42428815364837646	-0.34166550636291504	-0.11956337094306946	-0.16923636198043823	-0.3269801735877991	0.12138663232326508	-0.01570170931518078	0.5452825427055359	-0.47122642397880554	-0.2186678797006607	0.0019328986527398229	-0.07510160654783249	-0.1798180192708969	0.19545944035053253	0.03203759714961052	0.038353025913238525	0.6673452258110046	1.0	0.018126431852579117	-0.12445304542779922	0.6607006192207336	0.25336822867393494	-0.0883839800953865	0.27504315972328186	0.08297433704137802	0.3546737730503082	-0.4365313649177551	-0.08989599347114563	-0.23984920978546143	-0.24628077447414398	0.1149081140756607	-0.10441286116838455	0.8029331564903259	-0.44148120284080505	-0.1959795355796814	-0.010551411658525467	0.2422831654548645
THA-VAi-lh	-0.439043790102005	-0.278166800737381	-0.05116598680615425	-0.15785813331604004	0.23211605846881866	0.09127255529165268	0.5972949862480164	0.2131640464067459	0.32233697175979614	0.4885636866092682	-0.09086069464683533	0.10534365475177765	0.24325230717658997	0.3374325633049011	-0.1240760013461113	0.17604359984397888	0.09791339188814163	0.29217538237571716	-0.4238836467266083	-0.4107188284397125	-0.09444213658571243	0.02382175624370575	0.33699434995651245	0.3308837413787842	0.3052743971347809	0.07313250005245209	-0.017429504543542862	-0.12817655503749847	-0.18179969489574432	0.0083798598498106	0.018126431852579117	1.0	0.22160136699676514	0.4018458127975464	0.28485068678855896	0.025529436767101288	0.06161871179938316	0.37951022386550903	0.2612365782260895	-0.2032158076763153	-0.0501234196126461	-0.10588248819112778	-0.08325685560703278	-0.1837465465068817	-0.13415750861167908	-0.07465177774429321	0.0745735615491867	-0.09609179198741913	0.0600212886929512	0.051553867757320404
THA-VAs-lh	-0.2360759973526001	0.2711265981197357	0.08061392605304718	0.08422627300024033	-0.10979747027158737	-0.18885096907615662	0.11076808720827103	0.8305339813232422	0.2973530888557434	0.37139663100242615	0.1253054141998291	0.0221821628510952	0.004029897507280111	-0.021234920248389244	0.40429484844207764	0.36216095089912415	0.4453553855419159	0.3297691345214844	-0.08437832444906235	0.06762395799160004	-0.06953708827495575	0.2819637358188629	0.20697815716266632	-0.057230789214372635	0.00021013588411733508	-0.41811734437942505	-0.3080993890762329	-0.0894991084933281	-0.03545964136719704	-0.10088237375020981	-0.12445304542779922	0.22160136699676514	1.0	0.008054261095821857	0.5447313189506531	0.1463930755853653	0.04972574859857559	-0.07667263597249985	-0.0695764347910881	0.45414894819259644	0.2155405879020691	0.3167659044265747	0.20428018271923065	-0.09089641273021698	-0.1786857396364212	-0.12638509273529053	0.06654295325279236	0.22357885539531708	0.0020559881813824177	-0.06517414003610611
THA-DAm-lh	-0.17288058996200562	-0.024101460352540016	-0.20603440701961517	0.09608527272939682	0.5624535083770752	0.617200493812561	0.704833984375	0.1368652731180191	0.688275933265686	0.6866071820259094	-0.06967516988515854	0.0413396954536438	-0.0015016593970358372	0.18383120000362396	-0.2216019183397293	-0.04989641532301903	-0.2704254984855652	-0.21709702908992767	-0.008880320005118847	0.015415121801197529	0.4224493205547333	-0.2844444513320923	-0.032160986214876175	-0.028213022276759148	0.15052339434623718	0.09124535322189331	0.14536404609680176	-0.028371600434184074	0.0368688739836216	0.4834829270839691	0.6607006192207336	0.4018458127975464	0.008054261095821857	1.0	0.4602476954460144	-0.17531128227710724	0.02316965162754059	0.047015026211738586	0.08587668091058731	-0.48504942655563354	-0.15207959711551666	-0.20125779509544373	-0.16702252626419067	0.08258561044931412	0.12904827296733856	0.6312004327774048	-0.20781230926513672	-0.24466849863529205	0.05556473881006241	-0.06599513441324234
THA-DAl-lh	-0.15572725236415863	0.17155691981315613	0.09121432155370712	0.13308820128440857	0.22989696264266968	0.16640622913837433	0.5064047574996948	0.5540993213653564	0.4975206255912781	0.5863392949104309	-0.2128671556711197	-0.07001204043626785	-0.1813894659280777	-0.03850279375910759	-0.07829037308692932	-0.06262237578630447	-0.11702533811330795	-0.18666115403175354	-0.05536611005663872	0.1260029524564743	0.04857506603002548	-0.31437167525291443	-0.08766689151525497	-0.016644878312945366	-0.06688054651021957	0.016033949330449104	-0.014163492247462273	-0.003814349416643381	-0.12794578075408936	0.16420653462409973	0.25336822867393494	0.28485068678855896	0.5447313189506531	0.4602476954460144	1.0	-0.31297698616981506	-0.14255522191524506	-0.2337893396615982	-0.19752086699008942	-0.043809935450553894	-0.09571308642625809	-0.06182021275162697	-0.06240806356072426	0.011123856529593468	0.058417342603206635	0.25999972224235535	-0.37461280822753906	-0.23480205237865448	0.15497899055480957	-0.16888871788978577
PUT-VA-lh	-0.02838883176445961	0.025403577834367752	0.08241645246744156	0.18155834078788757	-0.027276087552309036	-0.09673979878425598	-0.20266570150852203	-0.024541251361370087	-0.2403535097837448	-0.004210185259580612	0.7652993202209473	0.352042019367218	0.38367515802383423	0.20658335089683533	0.4157695174217224	0.578565776348114	0.32855695486068726	0.10472961515188217	0.01687449961900711	0.03859948739409447	-0.04399353638291359	0.6211064457893372	0.6003438830375671	0.24207942187786102	0.20506195724010468	-0.12400096654891968	-0.08302458375692368	-0.15732091665267944	0.28176483511924744	-0.1045524999499321	-0.0883839800953865	0.025529436767101288	0.1463930755853653	-0.17531128227710724	-0.31297698616981506	1.0	0.4895821213722229	0.17384251952171326	0.23467418551445007	0.3903122544288635	0.6684659719467163	0.20289278030395508	-0.0136785376816988	0.12368239462375641	-0.062306344509124756	-0.11924051493406296	0.5457493662834167	0.750823438167572	-0.3111364245414734	0.24563685059547424
PUT-DA-l	0.016296694055199623	-0.25041383504867554	-0.012358694337308407	0.020020464435219765	0.3516838252544403	0.31745555996894836	0.12018830329179764	-0.009625154547393322	-0.07778823375701904	0.1473616659641266	0.4347923994064331	0.7795071005821228	0.3602205812931061	0.5357084274291992	0.07981906086206436	0.25530022382736206	0.1206856369972229	0.03957701846957207	0.09691782295703888	-0.07970985025167465	0.28749603033065796	-0.0942448303103447	-0.04657107591629028	0.27501535415649414	0.06640684604644775	-0.12265153974294662	0.10133049637079239	-0.10203278064727783	0.06766635924577713	0.1954117864370346	0.27504315972328186	0.06161871179938316	0.04972574859857559	0.02316965162754059	-0.14255522191524506	0.4895821213722229	1.0	0.3414395749568939	0.6900201439857483	0.012400730513036251	0.3029225170612335	0.3206450045108795	0.1997103989124298	0.19593697786331177	0.0009090608800761402	0.26034578680992126	-0.12490690499544144	0.10142666846513748	-0.037150535732507706	0.06608374416828156
PUT-VP-lh	-0.1568077802658081	-0.17979757487773895	-0.072764091193676	0.03431006893515587	0.15478309988975525	0.14662081003189087	0.17388932406902313	-0.0544515997171402	0.07090311497449875	0.04124318063259125	0.11804128438234329	0.29108351469039917	0.583646833896637	0.5018877387046814	-0.19884315133094788	-0.043903984129428864	-0.05912165343761444	0.28321316838264465	-0.21359260380268097	-0.41641637682914734	0.027076294645667076	0.004302515182644129	0.12049411982297897	0.2777085304260254	0.30162033438682556	-0.014749676920473576	0.04539847746491432	0.11512437462806702	0.023709170520305634	0.11648565530776978	0.08297433704137802	0.37951022386550903	-0.07667263597249985	0.047015026211738586	-0.2337893396615982	0.17384251952171326	0.3414395749568939	1.0	0.6784247159957886	-0.2545493543148041	-0.018787479028105736	-0.09991537779569626	0.08303450793027878	-0.005190021358430386	-0.14636123180389404	-0.03944701328873634	-0.09097377955913544	0.034877847880125046	0.13160699605941772	-0.02184988744556904
PUT-DP-lh	-0.17420388758182526	-0.2780027687549591	-0.01759670116007328	-0.014728273265063763	0.4068129062652588	0.4201774001121521	0.2377501130104065	0.036929164081811905	0.012328756973147392	0.24166493117809296	0.25016719102859497	0.6313733458518982	0.6317405700683594	0.7569687962532043	-0.2298876941204071	0.05831257253885269	0.06014949828386307	0.20315323770046234	-0.17773029208183289	-0.40846124291419983	0.20173530280590057	-0.2503158748149872	-0.055753905326128006	0.33941829204559326	0.22287361323833466	-0.1338520497083664	0.15598711371421814	0.018320582807064056	-0.00823922362178564	0.29802533984184265	0.3546737730503082	0.2612365782260895	-0.0695764347910881	0.08587668091058731	-0.19752086699008942	0.23467418551445007	0.6900201439857483	0.6784247159957886	1.0	-0.316716730594635	0.13396339118480682	0.06331026554107666	0.06325678527355194	0.06666570156812668	-0.26574310660362244	0.14258739352226257	-0.24137301743030548	-0.04359698295593262	0.1467069685459137	0.2508661150932312
