Node	LH_Vis_1	LH_Vis_2	LH_Vis_3	LH_Vis_4	LH_Vis_5	LH_Vis_6	LH_Vis_7	LH_Vis_8	LH_Vis_9	LH_SomMot_1	LH_SomMot_2	LH_SomMot_3	LH_SomMot_4	LH_SomMot_5	LH_SomMot_6	LH_DorsAttn_Post_1	LH_DorsAttn_Post_2	LH_DorsAttn_Post_3	LH_DorsAttn_Post_4	LH_DorsAttn_Post_5	LH_DorsAttn_Post_6	LH_DorsAttn_PrCv_1	LH_DorsAttn_FEF_1	LH_SalVentAttn_ParOper_1	LH_SalVentAttn_FrOperIns_1	LH_SalVentAttn_FrOperIns_2	LH_SalVentAttn_PFCl_1	LH_SalVentAttn_Med_1	LH_SalVentAttn_Med_2	LH_SalVentAttn_Med_3	LH_Limbic_OFC_1	LH_Limbic_TempPole_1	LH_Limbic_TempPole_2	LH_Cont_Par_1	LH_Cont_PFCl_1	LH_Cont_pCun_1	LH_Cont_Cing_1	LH_Default_Temp_1	LH_Default_Temp_2	LH_Default_Par_1	LH_Default_Par_2	LH_Default_PFC_1	LH_Default_PFC_2	LH_Default_PFC_3	LH_Default_PFC_4	LH_Default_PFC_5	LH_Default_PFC_6	LH_Default_PFC_7	LH_Default_pCunPCC_1	LH_Default_pCunPCC_2	RH_Vis_1	RH_Vis_2	RH_Vis_3	RH_Vis_4	RH_Vis_5	RH_Vis_6	RH_Vis_7	RH_Vis_8	RH_SomMot_1	RH_SomMot_2	RH_SomMot_3	RH_SomMot_4	RH_SomMot_5	RH_SomMot_6	RH_SomMot_7	RH_SomMot_8	RH_DorsAttn_Post_1	RH_DorsAttn_Post_2	RH_DorsAttn_Post_3	RH_DorsAttn_Post_4	RH_DorsAttn_Post_5	RH_DorsAttn_PrCv_1	RH_DorsAttn_FEF_1	RH_SalVentAttn_TempOccPar_1	RH_SalVentAttn_TempOccPar_2	RH_SalVentAttn_FrOperIns_1	RH_SalVentAttn_Med_1	RH_SalVentAttn_Med_2	RH_Limbic_OFC_1	RH_Limbic_TempPole_1	RH_Cont_Par_1	RH_Cont_Par_2	RH_Cont_PFCl_1	RH_Cont_PFCl_2	RH_Cont_PFCl_3	RH_Cont_PFCl_4	RH_Cont_Cing_1	RH_Cont_PFCmp_1	RH_Cont_pCun_1	RH_Default_Par_1	RH_Default_Temp_1	RH_Default_Temp_2	RH_Default_Temp_3	RH_Default_PFCv_1	RH_Default_PFCv_2	RH_Default_PFCdPFCm_1	RH_Default_PFCdPFCm_2	RH_Default_PFCdPFCm_3	RH_Default_pCunPCC_1	RH_Default_pCunPCC_2	LH-Pu	LH-Ca	LH-NAC	LH-EXA	LH-GPe	LH-GPi	LH-SNc_PBP_VTA	LH-RN	LH-SNr	LH-VeP	LH-HN	LH-HTH	LH-MN	LH-STH	RH-Pu	RH-Ca	RH-NAC	RH-EXA	RH-GPe	RH-GPi	RH-SNc_PBP_VTA	RH-RN	RH-SNr	RH-VeP	RH-HN	RH-HTH	RH-MN	RH-STH	LH-Pulvinar	LH-Anterior	LH-Medio_Dorsal	LH-Ventral_Latero_Dorsal	LH-Central_Lateral-Lateral_Posterior-Medial_Pulvinar	LH-Ventral_Anterior	LH-Ventral_Latero_Ventral	RH-Pulvinar	RH-Anterior	RH-Medio_Dorsal	RH-Ventral_Latero_Dorsal	RH-Central_Lateral-Lateral_Posterior-Medial_Pulvinar	RH-Ventral_Anterior	RH-Ventral_Latero_Ventral	LH_Hippocampus	LH_Amygdala	RH_Hippocampus	RH_Amygdala	Cerebellar_Region1	Cerebellar_Region2	Cerebellar_Region3	Cerebellar_Region4	Cerebellar_Region5	Cerebellar_Region6	Cerebellar_Region7	Cerebellar_Region8	Cerebellar_Region9	Cerebellar_Region10
LH_Vis_1	1.0	0.19044120609760284	0.6512503027915955	0.29475143551826477	0.06479400396347046	0.53160160779953	0.4393169581890106	0.18409670889377594	0.277917742729187	0.4412267208099365	0.41444307565689087	0.16587714850902557	0.08706677705049515	-0.08536970615386963	0.014178020879626274	0.5794432759284973	0.26881399750709534	0.17722751200199127	0.4227042496204376	0.18061208724975586	0.01838711090385914	0.35202983021736145	0.33453455567359924	0.29069530963897705	0.3226306736469269	0.23796990513801575	0.12997695803642273	-0.046094369143247604	0.25577205419540405	-0.05282685533165932	0.19383490085601807	0.2512786090373993	0.40481922030448914	0.43096205592155457	0.14862678945064545	0.3193608522415161	0.32068201899528503	0.208418071269989	0.2699333429336548	0.29168787598609924	0.22959409654140472	0.45088982582092285	0.23315128684043884	0.023381032049655914	0.022009417414665222	0.09537475556135178	0.17413029074668884	0.3797164261341095	0.3871898949146271	0.3502524793148041	0.01991138979792595	0.29311633110046387	0.0052214753814041615	-0.08893254399299622	0.28435227274894714	0.4134420156478882	-0.047177042812108994	0.049389053136110306	-0.16305376589298248	-0.14314424991607666	-0.11886575818061829	-0.3647715449333191	-0.44872331619262695	-0.27997279167175293	-0.29302728176116943	-0.24215403199195862	0.013008411042392254	-0.1886081099510193	-0.28486892580986023	-0.12883220613002777	-0.23905014991760254	-0.22664125263690948	-0.3168788254261017	-0.17654336988925934	-0.17188236117362976	-0.06165318191051483	-0.1261812001466751	-0.2248605489730835	0.05531418323516846	0.05621912330389023	-0.19688881933689117	-0.1397460550069809	-0.04605367034673691	-0.027107473462820053	-0.148065984249115	-0.2599608600139618	0.22692684829235077	-0.19065792858600616	0.210264652967453	-0.1421566605567932	-0.2489498406648636	-0.0864182859659195	-0.1172732338309288	0.1337161809206009	-0.012967513874173164	-0.13222244381904602	-0.17607304453849792	-0.2398556023836136	0.3627246916294098	0.37627696990966797	0.5410665273666382	0.2296375036239624	-0.13268721103668213	0.15424209833145142	0.25741490721702576	0.12643656134605408	0.4429311156272888	0.3071455955505371	-0.041789982467889786	0.15475872159004211	0.15565510094165802	-0.15819789469242096	0.11447165906429291	0.09282883256673813	0.0007841868791729212	-0.09938285499811172	-0.07348695397377014	-0.019220273941755295	-0.30018842220306396	-0.14626319706439972	-0.01914079114794731	0.3617478609085083	0.15732015669345856	0.007058852817863226	0.047600068151950836	-0.03170785680413246	0.2937207520008087	0.3719399869441986	0.2578125596046448	0.36857372522354126	0.49927279353141785	0.6517916321754456	0.22338370978832245	0.49236443638801575	0.3147461414337158	0.020904606208205223	-0.30532991886138916	0.2482195794582367	-0.0343782901763916	0.08682993054389954	0.06443727016448975	0.011886253952980042	0.520386278629303	-0.240021213889122	-0.07638746500015259	-0.08708681166172028	0.1627437323331833	0.018050486221909523	0.3268837630748749	-0.15419034659862518	0.2489861249923706	-0.14531706273555756	0.24369363486766815	0.06153266131877899	-0.08804912865161896	-0.22714786231517792
LH_Vis_2	0.19044120609760284	1.0	0.6678189635276794	0.1850331872701645	0.6066567897796631	0.5478734374046326	0.3348396420478821	0.03088672086596489	0.1908755749464035	0.22556544840335846	0.2594203054904938	0.3309764862060547	0.17342859506607056	0.030167875811457634	-0.00045490259071812034	0.4440005421638489	0.3520106375217438	0.1575070321559906	0.4134237766265869	0.09729096293449402	0.18922968208789825	0.4361278712749481	0.370955228805542	0.347443163394928	0.22477580606937408	0.38665202260017395	0.25024962425231934	0.18227167427539825	-0.0985415056347847	0.1955273598432541	0.03559279441833496	0.19195276498794556	0.28090420365333557	0.18493156135082245	0.20667411386966705	-0.06604881584644318	-0.07741285860538483	0.2640814483165741	0.39036887884140015	0.2918606102466583	0.2736823558807373	0.40187081694602966	0.29742956161499023	-0.12166813760995865	0.012863836251199245	0.16226063668727875	0.21645301580429077	0.2537766098976135	0.09633297473192215	0.06667641550302505	-0.3830922544002533	0.5639938712120056	0.04590258002281189	0.2680906057357788	0.6697334051132202	0.24932217597961426	-0.09507065266370773	0.08187095075845718	-0.4344663619995117	-0.19230641424655914	-0.20412544906139374	-0.3583236038684845	-0.47815626859664917	-0.23271043598651886	-0.0065139103680849075	-0.08329962939023972	-0.18562786281108856	-0.09382697194814682	-0.19222089648246765	-0.13729147613048553	-0.07052944600582123	-0.2507391571998596	-0.11682004481554031	-0.27107521891593933	-0.15655161440372467	0.05864242836833	-0.19778697192668915	0.07546082884073257	0.04372013360261917	-0.23318743705749512	-0.3339757025241852	-0.2665124833583832	-0.15376286208629608	-0.09825187921524048	-0.09499767422676086	-0.322746217250824	0.009082743898034096	-0.2074400633573532	-0.07113068550825119	-0.2600070834159851	-0.3656931221485138	-0.15095864236354828	-0.24048985540866852	0.03788631781935692	0.13507702946662903	-0.1782774031162262	-0.056072037667036057	-0.2570745646953583	0.10952261835336685	0.06383493542671204	0.3081749975681305	0.06563684344291687	-0.008685523644089699	-0.30022791028022766	0.257315456867218	-0.053073350340127945	-0.2510262727737427	-0.18935413658618927	-0.049975309520959854	-0.2730775475502014	0.18200188875198364	-0.2333303838968277	-0.4809223413467407	0.1170027032494545	0.022701608017086983	0.04585488885641098	0.008881631307303905	-0.38532379269599915	0.14200466871261597	-0.2230980098247528	-0.07654491066932678	-0.14352595806121826	-0.03486068546772003	-0.20389702916145325	0.07844200730323792	-0.054583046585321426	-0.1703399121761322	0.01615872234106064	0.5091442465782166	-0.08341920375823975	0.5066738128662109	0.21082603931427002	0.287444144487381	0.17319609224796295	-0.058756668120622635	0.08387403935194016	-0.20757587254047394	0.25532016158103943	0.002077532699331641	0.17158512771129608	-0.12426785379648209	0.06750243902206421	0.2773536145687103	-0.09843381494283676	-0.47066226601600647	-0.21799474954605103	0.27941036224365234	-0.12111189216375351	0.1255154013633728	-0.04186496138572693	0.2582135796546936	0.04813544079661369	0.136763796210289	0.04463460296392441	0.13882198929786682	0.059691037982702255
LH_Vis_3	0.6512503027915955	0.6678189635276794	1.0	0.31926217675209045	0.4796130955219269	0.7801956534385681	0.519749641418457	0.19740243256092072	0.4282619059085846	0.3696999251842499	0.3635108768939972	0.2462843656539917	0.12508952617645264	-0.10164438933134079	0.07599828392267227	0.5111876726150513	0.34900087118148804	0.22762461006641388	0.4776540994644165	0.22109989821910858	0.18557827174663544	0.4175160229206085	0.41475990414619446	0.388549268245697	0.3653562664985657	0.44636353850364685	0.2676616609096527	0.159494087100029	0.2124539315700531	0.1870141625404358	0.20523567497730255	0.0996529757976532	0.3117058575153351	0.3891099691390991	0.12497139722108841	0.3784695267677307	0.3313533663749695	0.1438608467578888	0.26375022530555725	0.3283693790435791	0.2768354117870331	0.4621184170246124	0.1957894265651703	-0.08353579789400101	-0.02936953864991665	0.11733612418174744	0.17180459201335907	0.320311039686203	0.45646774768829346	0.2792818248271942	-0.10400053858757019	0.6502695679664612	0.08441523462533951	0.2530874013900757	0.7012123465538025	0.5607518553733826	-0.002397198462858796	0.2129392921924591	-0.25064176321029663	-0.053325504064559937	-0.07357412576675415	-0.3375939726829529	-0.4684262275695801	-0.14084750413894653	-0.08026257902383804	-0.02894231304526329	-0.03395732492208481	-0.07274504005908966	-0.25327667593955994	-0.07918252050876617	-0.1200527772307396	-0.20272038877010345	-0.09742087125778198	-0.14985370635986328	-0.014314547181129456	0.015202963724732399	-0.036179207265377045	0.09453665465116501	0.01870807819068432	-0.09306029975414276	-0.21638797223567963	-0.19688598811626434	-0.10659840703010559	-0.01467860583215952	-0.14771845936775208	-0.2313135266304016	0.43510952591896057	-0.1941249519586563	0.2663157880306244	-0.1353476494550705	-0.28153181076049805	-0.12304264307022095	-0.14797823131084442	0.01375651266425848	0.04094664752483368	-0.24876657128334045	-0.1573583334684372	-0.2106078416109085	0.5266919732093811	0.38278743624687195	0.5224298238754272	0.2873540222644806	0.11066126078367233	-0.12076088041067123	0.2897387146949768	0.21262846887111664	0.15335427224636078	0.17177517712116241	-0.2354811429977417	-0.1909315437078476	0.14360015094280243	-0.21899816393852234	-0.20053136348724365	0.0916590765118599	-0.0024910031352192163	0.05979835242033005	-0.0926474928855896	-0.38751351833343506	-0.24529413878917694	-0.2083280086517334	-0.07603944838047028	0.16226240992546082	0.016223542392253876	0.03983326256275177	0.2253977656364441	-0.00596449663862586	0.13727784156799316	0.3075997829437256	0.4481106698513031	-0.06216206029057503	0.6869010925292969	0.4585447907447815	0.47541922330856323	0.41055142879486084	0.2390860915184021	0.14202572405338287	-0.44784343242645264	0.2941313683986664	0.13392959535121918	0.38093721866607666	0.1715303212404251	0.26428544521331787	0.34343576431274414	-0.2907276153564453	-0.3604922592639923	-0.253822922706604	0.2517939805984497	-0.010214688256382942	0.2756716310977936	-0.16398392617702484	0.2234715223312378	0.045410577207803726	0.20235981047153473	0.032413382083177567	0.08188644051551819	-0.10549937188625336
LH_Vis_4	0.29475143551826477	0.1850331872701645	0.31926217675209045	1.0	0.44662758708000183	0.3598300516605377	0.4581010937690735	0.6408776640892029	0.3544480502605438	0.16186250746250153	-0.2381831258535385	0.04050800949335098	-0.08564142137765884	-0.14115752279758453	0.14205141365528107	0.34931841492652893	0.2078065276145935	0.5395081043243408	0.4395006000995636	0.6343939304351807	0.38517287373542786	0.12003190815448761	0.11105911433696747	0.07674916088581085	-0.03471974655985832	-0.04887903109192848	0.06439187377691269	-0.04267608001828194	0.16089580953121185	0.08879697322845459	0.20786955952644348	0.12636837363243103	0.27620238065719604	0.4839596748352051	0.09734982252120972	0.4309317469596863	0.36058780550956726	0.0708213523030281	0.006384522188454866	0.09754417836666107	0.35736507177352905	0.19485609233379364	0.08137603849172592	-0.008451170288026333	0.2645616829395294	0.3632718026638031	0.07244937866926193	0.21108706295490265	0.028629479929804802	0.5264546275138855	-0.023052548989653587	0.4459548890590668	0.3386228382587433	0.5142577886581421	0.5201907157897949	0.3015472888946533	0.3974947929382324	0.4765726625919342	-0.060144711285829544	0.14902380108833313	0.06454869359731674	-0.16837480664253235	-0.20532763004302979	0.11351360380649567	0.2593045234680176	0.09938753396272659	0.33198997378349304	0.31676188111305237	0.16367031633853912	0.3293316066265106	0.31229546666145325	0.06549491733312607	0.13111092150211334	0.16425363719463348	0.17493340373039246	0.17553797364234924	0.1308736503124237	0.060266707092523575	0.2804015278816223	0.3026409149169922	0.02514433115720749	0.19873292744159698	0.34298551082611084	0.17842553555965424	0.17289315164089203	0.2060420960187912	0.34816691279411316	0.13739581406116486	0.5045251250267029	0.2651602625846863	0.041005849838256836	0.3112490475177765	0.34764501452445984	0.35091260075569153	0.23149491846561432	0.1467483937740326	0.32823118567466736	0.09078282117843628	0.25653520226478577	0.5804393887519836	0.08015193790197372	-0.026418060064315796	-0.1564529836177826	-0.08838468044996262	0.19476905465126038	0.1674777716398239	0.11532080918550491	0.1544676572084427	0.011211881414055824	-0.24095648527145386	0.4018147885799408	0.041489407420158386	0.09783308953046799	0.0014987644972279668	-0.03609997034072876	0.09886598587036133	-0.16030697524547577	-0.17459683120250702	-0.03453449904918671	0.039528630673885345	-0.28479114174842834	0.1768968254327774	-0.020777370780706406	-0.005386400036513805	0.15696287155151367	0.2563811242580414	0.27329519391059875	0.10629206895828247	0.19588793814182281	0.2977277338504791	0.1664332151412964	0.10732533037662506	0.38558605313301086	-0.1964373141527176	0.13495773077011108	0.42038723826408386	-0.30511707067489624	0.26646265387535095	0.025700954720377922	0.1274946928024292	-0.0746133103966713	0.11527733504772186	0.12877675890922546	-0.2354891151189804	-0.06396661698818207	0.16917605698108673	0.13696320354938507	-0.06266675889492035	0.28970426321029663	-0.013317275792360306	0.24262046813964844	-0.1906798928976059	0.41332438588142395	0.18135201930999756	-0.16059383749961853	-0.14370602369308472
LH_Vis_5	0.06479400396347046	0.6066567897796631	0.4796130955219269	0.44662758708000183	1.0	0.6033937931060791	0.44706016778945923	0.4695214331150055	0.45318228006362915	0.1690375953912735	-0.08764170110225677	0.24515509605407715	0.2254994511604309	0.09151702374219894	-0.17483803629875183	0.31608846783638	0.36416152119636536	0.3530332148075104	0.442568838596344	0.40013056993484497	0.2841114103794098	0.3159426152706146	0.23515836894512177	0.18196995556354523	0.23642508685588837	0.2145191878080368	0.4408944547176361	0.26064983010292053	-0.2623366415500641	-0.016922714188694954	-0.1603684276342392	0.3432006239891052	0.406389057636261	0.2335285097360611	0.3459269404411316	0.11175534129142761	0.12333991378545761	0.3088947832584381	0.334550678730011	0.2508634924888611	0.4095609188079834	0.34084463119506836	0.4093400239944458	0.10426001250743866	0.403460830450058	0.48882731795310974	0.2433776557445526	0.34102851152420044	0.269143670797348	0.225545734167099	-0.0914059653878212	0.5669653415679932	0.23697827756404877	0.5044242143630981	0.699569821357727	0.3964523375034332	0.16505567729473114	0.4170375466346741	-0.07865510880947113	0.20532803237438202	0.06562890857458115	-0.0528273768723011	-0.2517419159412384	0.188283771276474	0.24750152230262756	-0.1263512372970581	0.12847736477851868	0.32850250601768494	0.05818718299269676	0.15243524312973022	0.18137702345848083	0.07470528036355972	-0.021882088854908943	0.1680629998445511	0.18459966778755188	0.4547610878944397	0.05570327863097191	0.0032987582962960005	0.23836709558963776	0.2366950660943985	-0.0348299965262413	-0.05054381862282753	0.31550145149230957	0.2494809925556183	0.2947702705860138	0.06443523615598679	0.26985469460487366	0.13302132487297058	0.18144184350967407	0.1193787232041359	0.02906910330057144	0.4019657075405121	0.20339642465114594	0.40123867988586426	0.4196038544178009	0.11085158586502075	0.16107289493083954	0.07923685014247894	0.4674312472343445	0.09669330716133118	0.028794294223189354	-0.06480253487825394	-0.07309997081756592	-0.470143586397171	-0.02259063720703125	-0.03469788283109665	-0.2556266188621521	-0.09110067039728165	-0.04088820889592171	-0.7074478268623352	-0.050979938358068466	0.03590391203761101	-0.5577728748321533	0.13687914609909058	0.1808767020702362	0.16547583043575287	-0.001345460768789053	-0.20872244238853455	0.09804588556289673	-0.13252079486846924	-0.20045897364616394	-0.09202876687049866	-0.36025896668434143	0.10886736959218979	-0.19791409373283386	0.22017012536525726	-0.24141225218772888	-0.12326186150312424	0.43275129795074463	-0.024339282885193825	0.14049595594406128	-0.15661673247814178	0.3632296323776245	-0.2652794122695923	-0.16327612102031708	0.29589545726776123	-0.2480163723230362	0.18448732793331146	0.018633536994457245	0.2239019274711609	0.014770885929465294	0.2303939312696457	0.19996215403079987	-0.10419999063014984	-0.0033595606219023466	0.003168651368469	-0.003596043912693858	-0.14024809002876282	0.14182952046394348	-0.225091353058815	-0.06115637347102165	-0.1429142951965332	0.08488060534000397	0.05436732620000839	-0.06220891326665878	-0.1379225105047226
LH_Vis_6	0.53160160779953	0.5478734374046326	0.7801956534385681	0.3598300516605377	0.6033937931060791	1.0	0.38556069135665894	0.29365089535713196	0.6542636156082153	0.3113759458065033	0.24185188114643097	0.23359690606594086	0.1578543782234192	-0.05097721889615059	-0.08626431226730347	0.45007121562957764	0.3824886083602905	0.3018088936805725	0.5240304470062256	0.32027190923690796	0.16734345257282257	0.31289562582969666	0.24939323961734772	0.28511542081832886	0.32084715366363525	0.32658809423446655	0.23571588099002838	0.1665477454662323	0.2737300992012024	0.03907378390431404	-0.026385603472590446	0.013288669288158417	0.3152998685836792	0.359511137008667	0.19911551475524902	0.4173235595226288	0.32966309785842896	0.06857607513666153	0.2349899560213089	0.28758978843688965	0.11872866749763489	0.360352486371994	0.21749481558799744	0.10945053398609161	0.05376369506120682	0.1305074244737625	0.08290907740592957	0.20655669271945953	0.18935449421405792	0.1772354245185852	-0.09498051553964615	0.6096935868263245	0.008436894975602627	0.10752802342176437	0.7569056153297424	0.8049682378768921	0.09457113593816757	0.3750911056995392	-0.0007242656429298222	0.12846359610557556	0.252427339553833	-0.03281528130173683	-0.2920965552330017	0.12630008161067963	-0.012077577412128448	-0.1857043355703354	-0.008668418042361736	0.07684749364852905	-0.11155960708856583	0.06961474567651749	0.0014492362970486283	-0.01703496463596821	-0.16759830713272095	0.0597483329474926	0.07378914207220078	0.38071882724761963	-0.09828047454357147	-0.13344909250736237	0.19934260845184326	-0.038389984518289566	-0.11341366171836853	-0.17264455556869507	0.1411036103963852	0.14440502226352692	0.16787318885326385	-0.14766934514045715	0.2936428487300873	0.018397847190499306	0.34382709860801697	-0.06914699077606201	-0.3189508020877838	0.12359587848186493	0.08672155439853668	0.32225123047828674	0.29129838943481445	0.07661276310682297	-0.13671956956386566	-0.22892716526985168	0.4147464334964752	0.20489507913589478	0.2170843780040741	0.06329454481601715	-0.19914084672927856	0.006683443207293749	0.24893136322498322	0.12420709431171417	0.22581985592842102	0.3267824947834015	-0.08690200001001358	-0.3921694755554199	0.025911496952176094	-0.3979499638080597	-0.21320198476314545	-0.05888384208083153	0.27884238958358765	0.10006649047136307	-0.26360565423965454	-0.31319618225097656	0.07530692964792252	-0.07140254974365234	0.10709946602582932	0.31423115730285645	0.16150173544883728	0.10033172369003296	-0.015609117224812508	-0.1482260823249817	0.24466004967689514	0.21124593913555145	0.23840481042861938	0.06111576035618782	0.5858246088027954	0.2344479113817215	0.24592995643615723	0.09725556522607803	0.3209298551082611	-0.018027566373348236	-0.3154202103614807	0.15108302235603333	0.12211717665195465	0.11077605932950974	0.23861578106880188	0.22573260962963104	0.28094667196273804	-0.47335657477378845	-0.06212807074189186	-0.06871568411588669	0.2743838429450989	-0.06332685798406601	0.4748508036136627	-0.41698113083839417	0.17342157661914825	-0.3267510235309601	0.2566211223602295	-0.016197556629776955	-0.33532294631004333	-0.45803552865982056
LH_Vis_7	0.4393169581890106	0.3348396420478821	0.519749641418457	0.4581010937690735	0.44706016778945923	0.38556069135665894	1.0	0.7643128633499146	0.5113522410392761	0.2808959484100342	0.06369120627641678	0.1219223365187645	0.22508294880390167	0.11216983199119568	0.15351633727550507	0.6063835024833679	0.3006540536880493	0.5969000458717346	0.4790842831134796	0.6742337942123413	0.41928911209106445	0.34972813725471497	0.36433595418930054	0.26522108912467957	0.08690501004457474	0.14659549295902252	0.39308226108551025	0.2967119514942169	0.09603071212768555	0.10417883098125458	0.2537006139755249	0.4579751789569855	0.5242117047309875	0.6499333381652832	0.3018237054347992	0.564436137676239	0.48104411363601685	0.32342809438705444	0.2792542278766632	0.35663777589797974	0.6678968071937561	0.3845401108264923	0.36153894662857056	0.3683467209339142	0.4523102343082428	0.5273571014404297	0.30960366129875183	0.44541582465171814	0.5099289417266846	0.5630133152008057	0.29001855850219727	0.5541227459907532	0.42679598927497864	0.38468214869499207	0.43566155433654785	0.31799229979515076	0.36833861470222473	0.4160698652267456	0.003049367805942893	0.20119954645633698	-0.04288841784000397	-0.028825590386986732	-0.13896477222442627	0.06238057464361191	0.2322719395160675	0.09237116575241089	0.4918886125087738	0.2963453531265259	0.16345129907131195	0.29903754591941833	0.24392355978488922	0.14131121337413788	0.11212202161550522	0.24128922820091248	0.2220996618270874	0.1861448585987091	0.38945701718330383	0.20383094251155853	0.27696526050567627	0.422175794839859	0.14228138327598572	0.2060079276561737	0.2846531569957733	0.302456796169281	0.10264097899198532	0.1511022448539734	0.6020756363868713	0.17088845372200012	0.5563265085220337	0.34655603766441345	0.2650350034236908	0.3263162076473236	0.24971036612987518	0.33102864027023315	0.3478097915649414	0.16688649356365204	0.23579373955726624	0.1810237616300583	0.5840585827827454	0.6088818907737732	0.3805731534957886	0.29968875646591187	-0.10988079011440277	-0.2696627974510193	-0.2969158887863159	-0.146460622549057	0.05648163706064224	0.10182663053274155	-0.14817263185977936	-0.38650184869766235	0.11287025362253189	0.3621183931827545	-0.3732297420501709	0.16681113839149475	0.14317329227924347	0.30329471826553345	-0.07119353860616684	0.17324161529541016	-0.22556373476982117	0.015573028475046158	-0.4135468900203705	0.16995179653167725	-0.24401821196079254	0.14371122419834137	0.14884085953235626	0.45923683047294617	-0.1735837459564209	0.19642594456672668	0.318683385848999	0.2073872834444046	0.30073705315589905	0.1360689252614975	0.368095338344574	0.12040766328573227	0.12058450281620026	0.5708944797515869	-0.5075830221176147	0.28108787536621094	0.2666274607181549	0.5605308413505554	0.06058148294687271	0.426029235124588	0.4685588479042053	0.04997674375772476	0.07343519479036331	0.06628157198429108	-0.22685983777046204	-0.04844025894999504	0.12529008090496063	-0.2537590265274048	-0.12799033522605896	-0.0665421187877655	0.20558619499206543	0.20197923481464386	0.042583808302879333	-0.14209908246994019
LH_Vis_8	0.18409670889377594	0.03088672086596489	0.19740243256092072	0.6408776640892029	0.4695214331150055	0.29365089535713196	0.7643128633499146	1.0	0.6555024981498718	0.1534351110458374	-0.22647589445114136	0.016460657119750977	0.16071541607379913	0.13735029101371765	0.2548178732395172	0.3445385694503784	0.20068061351776123	0.8018907904624939	0.45678091049194336	0.9024873375892639	0.5872365832328796	0.09366422146558762	0.16279610991477966	0.07753731310367584	-0.1263209879398346	-0.10540477186441422	0.21894732117652893	0.23966549336910248	0.17341248691082	0.127547949552536	0.1020759791135788	0.2556222677230835	0.3557488024234772	0.6617489457130432	0.2022228240966797	0.6937386393547058	0.541657567024231	0.11822764575481415	0.006293195765465498	0.2012302279472351	0.5471835732460022	0.10854149609804153	0.17775237560272217	0.3290784955024719	0.485429972410202	0.48430171608924866	0.12798410654067993	0.25129610300064087	0.2843358814716339	0.5350928902626038	0.2857562005519867	0.40846359729766846	0.5648041367530823	0.49759337306022644	0.3672803044319153	0.3781745731830597	0.6464905738830566	0.6641183495521545	0.28140008449554443	0.41404348611831665	0.176589697599411	0.2556021511554718	0.15489034354686737	0.3746587038040161	0.4943111836910248	0.2440471649169922	0.6918219923973083	0.5722271800041199	0.447613000869751	0.6478686928749084	0.5982332229614258	0.35801932215690613	0.2812550663948059	0.5577397346496582	0.47416746616363525	0.3112374246120453	0.562756359577179	0.22192271053791046	0.27115491032600403	0.5601051449775696	0.40009215474128723	0.49068766832351685	0.5196952223777771	0.40249696373939514	0.3023132085800171	0.4018988311290741	0.6489406228065491	0.3768540024757385	0.7650648355484009	0.6300293803215027	0.467221736907959	0.5155898332595825	0.5655792951583862	0.41633155941963196	0.38149115443229675	0.3246660828590393	0.36599352955818176	0.2749077081680298	0.49988797307014465	0.5845152735710144	0.03725501894950867	0.05931903421878815	-0.17996415495872498	-0.19819945096969604	-0.36833304166793823	0.032966628670692444	0.11787106841802597	0.21170787513256073	0.036212239414453506	-0.41947928071022034	0.11977338790893555	0.32639849185943604	-0.16309554874897003	-0.06559397280216217	0.14216530323028564	0.2662900984287262	-0.12589006125926971	0.20643378794193268	-0.11921658366918564	0.16338062286376953	-0.31363341212272644	0.2851431965827942	-0.2735755741596222	0.2583502531051636	0.05546092614531517	0.4724864363670349	-0.0722353383898735	0.1471739411354065	0.08790946751832962	0.33161279559135437	0.04045911133289337	-0.08858183026313782	0.30124935507774353	-0.23999927937984467	0.14291657507419586	0.5766139626502991	-0.3478487730026245	0.24897360801696777	0.235359326004982	0.4132443964481354	0.07200758159160614	0.4516601860523224	0.23440508544445038	-0.04872836172580719	0.28774070739746094	0.17794658243656158	-0.17417022585868835	-0.01996297389268875	0.19105085730552673	-0.25047510862350464	-0.1920728087425232	-0.2277175337076187	0.25095629692077637	0.2114628255367279	-0.19031916558742523	-0.27050045132637024
LH_Vis_9	0.277917742729187	0.1908755749464035	0.4282619059085846	0.3544480502605438	0.45318228006362915	0.6542636156082153	0.5113522410392761	0.6555024981498718	1.0	0.24194155633449554	0.11363164335489273	0.061497580260038376	0.18741180002689362	0.11963235586881638	0.13690944015979767	0.22933468222618103	0.2551104426383972	0.6781218647956848	0.563031017780304	0.711134135723114	0.5364587903022766	0.0650499239563942	-0.0026697467546910048	0.09579738229513168	0.017929548397660255	0.15336813032627106	0.10048282146453857	0.38569411635398865	0.2850438058376312	0.15701253712177277	0.13654932379722595	-0.039502326399087906	0.1663522720336914	0.6379808187484741	0.0630088821053505	0.8169980049133301	0.4199262857437134	-0.1288113296031952	-0.07679792493581772	0.23250208795070648	0.19183379411697388	0.1999916136264801	0.05506579577922821	0.44694429636001587	0.16261714696884155	0.1198350191116333	-0.08729922771453857	-0.0014735539443790913	0.1439201682806015	0.207229346036911	0.25486743450164795	0.6058939695358276	0.3787209987640381	0.3043481409549713	0.623944878578186	0.7820565104484558	0.6347564458847046	0.7831076979637146	0.48533034324645996	0.5744225978851318	0.5475538372993469	0.45543527603149414	0.22283823788166046	0.5724062919616699	0.41073551774024963	0.16533181071281433	0.5361284017562866	0.4676428437232971	0.40621352195739746	0.6163037419319153	0.5417805910110474	0.3951641917228699	0.1948051154613495	0.5930756330490112	0.5084444880485535	0.4294898808002472	0.3286101520061493	0.15610846877098083	0.25568363070487976	0.1782047599554062	0.4411965608596802	0.3999984860420227	0.24431273341178894	0.2645421028137207	0.23724955320358276	0.2568559944629669	0.5095739364624023	0.25093185901641846	0.815960705280304	0.49954041838645935	0.18857236206531525	0.29275017976760864	0.5648837685585022	0.3149382472038269	0.30865082144737244	0.2474534511566162	-0.05022788420319557	-0.001914184307679534	0.443467378616333	0.33603107929229736	-0.034495893865823746	0.1664009988307953	-0.26830989122390747	-0.08296608924865723	-0.18297703564167023	0.0103368628770113	0.34751662611961365	0.5573847889900208	0.028545333072543144	-0.46056005358695984	0.1066204234957695	-0.21707454323768616	-0.09262639284133911	-0.28666114807128906	0.3501008152961731	0.24360151588916779	-0.3168714940547943	0.011986393481492996	0.09641826897859573	0.24946606159210205	-0.10234005004167557	0.5945591926574707	0.09305116534233093	0.30333083868026733	0.009361484088003635	0.08207903802394867	0.23916923999786377	0.22969703376293182	-0.06952832639217377	0.06522510945796967	0.3513491749763489	-0.08998031169176102	0.1234327033162117	-0.2673551142215729	0.46143844723701477	0.3640751540660858	-0.3401397466659546	0.2275303453207016	0.4214172661304474	0.3121820092201233	0.3265286386013031	0.6132523417472839	0.11077630519866943	-0.29363879561424255	0.20805183053016663	-0.10262295603752136	0.06473668664693832	0.18237535655498505	0.5277831554412842	-0.4462454617023468	-0.051638614386320114	-0.30253300070762634	0.4120660126209259	0.2861487567424774	-0.3444548547267914	-0.4812218248844147
LH_SomMot_1	0.4412267208099365	0.22556544840335846	0.3696999251842499	0.16186250746250153	0.1690375953912735	0.3113759458065033	0.2808959484100342	0.1534351110458374	0.24194155633449554	1.0	0.8085190057754517	0.8683732151985168	0.7789762020111084	0.6606453657150269	0.2923053205013275	0.6642546057701111	0.8729129433631897	0.19153380393981934	0.5530266761779785	0.18908321857452393	0.2229926437139511	0.8415258526802063	0.6083348393440247	0.8707937002182007	0.735252320766449	0.8099690675735474	0.6692784428596497	0.6334776878356934	0.2118154913187027	0.4297485649585724	0.04981125891208649	0.41970333456993103	0.7819324731826782	0.548923909664154	0.7910965085029602	0.1808255910873413	0.3290129601955414	0.6543329954147339	0.6204332113265991	0.917915940284729	0.6377598643302917	0.7855603098869324	0.7307016253471375	-0.1956263929605484	0.5619373917579651	0.38601619005203247	0.6805829405784607	0.6696317791938782	0.09512234479188919	0.08696725219488144	-0.20901313424110413	0.12497180700302124	0.19159910082817078	-0.059904519468545914	0.17094659805297852	0.06885719299316406	-0.16474223136901855	-0.02727014757692814	0.07650373876094818	0.1519312709569931	-0.0066544413566589355	-0.0968603864312172	-0.31058502197265625	-0.13819871842861176	0.004253084305673838	0.05757696181535721	-0.09364231675863266	0.17425547540187836	-0.0667954832315445	-0.03275401517748833	0.04249678552150726	0.19348318874835968	-0.14462903141975403	0.12874433398246765	0.16773353517055511	0.3938916027545929	0.1140245571732521	0.22956490516662598	-0.3051880896091461	0.2780124545097351	-0.008194521069526672	-0.13513095676898956	0.014687634073197842	0.40638187527656555	0.36274078488349915	0.09354057163000107	0.2335125058889389	0.2033761739730835	0.10648534446954727	-0.05061744526028633	0.01953517459332943	0.2726644277572632	0.03104628436267376	0.11142686754465103	0.2666536867618561	-0.1329401433467865	0.0326809398829937	0.054136186838150024	0.2066822201013565	0.06126370653510094	0.6613540053367615	0.03009343333542347	-0.01904081553220749	-0.10548663139343262	0.18011793494224548	0.08146492391824722	0.217674121260643	-0.031313881278038025	0.07504346966743469	0.08383738994598389	0.0098035279661417	0.18173469603061676	-0.07606114447116852	0.18135415017604828	-0.10882411152124405	0.004420603159815073	-0.0754518210887909	0.020433085039258003	-0.31149154901504517	-0.442085325717926	0.018442347645759583	0.09297283738851547	-0.16407835483551025	0.0542927160859108	-0.06242341920733452	0.28757911920547485	0.07620946317911148	0.10325109958648682	0.518091082572937	0.19038711488246918	0.16588138043880463	0.4075726866722107	0.4416675865650177	0.10191507637500763	0.10241295397281647	0.06522306799888611	-0.23205533623695374	0.14682893455028534	-0.1362552046775818	0.1269085705280304	-0.23881754279136658	0.1714903563261032	0.49124789237976074	0.2795136868953705	-0.2835637331008911	0.1672176867723465	0.18967083096504211	0.022553877905011177	-0.041889261454343796	-0.00857809279114008	-0.1460997760295868	0.05824806168675423	-0.08556965738534927	-0.03153546527028084	0.091570645570755	0.045243989676237106
LH_SomMot_2	0.41444307565689087	0.2594203054904938	0.3635108768939972	-0.2381831258535385	-0.08764170110225677	0.24185188114643097	0.06369120627641678	-0.22647589445114136	0.11363164335489273	0.8085190057754517	1.0	0.7466192841529846	0.6880223751068115	0.5626881122589111	0.22089898586273193	0.45381858944892883	0.6825056076049805	-0.0534941665828228	0.3664945363998413	-0.1522747427225113	0.04733407124876976	0.7132360935211182	0.4878556728363037	0.7646622657775879	0.6670942902565002	0.8021240234375	0.4444935619831085	0.47429078817367554	0.17723192274570465	0.3342515230178833	0.012790868990123272	0.18790744245052338	0.5145666599273682	0.34210145473480225	0.5443091988563538	0.01749054528772831	0.08306540548801422	0.4671116769313812	0.5807318091392517	0.7877792119979858	0.3581344783306122	0.701931893825531	0.5469053387641907	-0.19027800858020782	0.172381192445755	0.024547379463911057	0.5313184857368469	0.4405767619609833	0.08843538910150528	-0.08233010023832321	-0.21479037404060364	0.04715745523571968	-0.00598195381462574	-0.2958383858203888	0.037622664123773575	0.05121886730194092	-0.29379692673683167	-0.2012183666229248	0.0057596550323069096	-0.001153677818365395	-0.0633220225572586	-0.11170446127653122	-0.258014053106308	-0.2433239370584488	-0.18968774378299713	-0.006671439856290817	-0.2634985148906708	-0.1362888514995575	-0.1904074102640152	-0.2250174582004547	-0.16148045659065247	0.014338827691972256	-0.26442474126815796	-0.0772358849644661	-0.021019265055656433	0.154117152094841	-0.07706309109926224	0.1120954304933548	-0.4653744399547577	-0.09632538259029388	-0.10242214053869247	-0.20183584094047546	-0.3399536907672882	0.13174232840538025	0.05982299894094467	-0.11928997188806534	-0.00895526260137558	-0.0998920276761055	-0.10933292657136917	-0.24182943999767303	-0.15904948115348816	-0.10135199129581451	-0.21866744756698608	-0.17059220373630524	0.015005786903202534	-0.29697245359420776	-0.2703387141227722	-0.16577214002609253	0.09847886115312576	-0.08794655650854111	0.5961996912956238	0.05534716323018074	0.09553942084312439	0.0021887675393372774	0.19470401108264923	0.02130105532705784	0.18254080414772034	0.0116463303565979	-0.0425829216837883	0.34786227345466614	-0.08554421365261078	-0.08251246809959412	0.08240876346826553	0.027443109080195427	-0.13234448432922363	-0.22118614614009857	-0.03197452053427696	-0.018402380868792534	-0.2698015570640564	-0.4722237288951874	0.20975910127162933	0.10162676125764847	0.06536851823329926	0.01316739059984684	-0.16630692780017853	-0.0020120886620134115	0.15841341018676758	0.04682517424225807	0.2892284393310547	-0.03783896192908287	0.21661674976348877	0.404506653547287	0.22085829079151154	0.24089697003364563	0.13341756165027618	-0.23215240240097046	-0.15995648503303528	-0.02902083843946457	-0.22239264845848083	-0.016683096066117287	-0.21820206940174103	0.06135522946715355	0.3902406394481659	0.29384827613830566	-0.3413074016571045	-0.08861390501260757	0.26949045062065125	0.14507928490638733	-0.010137069970369339	-0.02496645785868168	-0.035606447607278824	0.1719190627336502	-0.10625751316547394	-0.014639722183346748	0.14669208228588104	0.09459104388952255
LH_SomMot_3	0.16587714850902557	0.3309764862060547	0.2462843656539917	0.04050800949335098	0.24515509605407715	0.23359690606594086	0.1219223365187645	0.016460657119750977	0.061497580260038376	0.8683732151985168	0.7466192841529846	1.0	0.8780283331871033	0.7882315516471863	0.2904728055000305	0.4815153479576111	0.8866902589797974	0.09568576514720917	0.46537408232688904	0.04770587012171745	0.22356249392032623	0.8751001358032227	0.6904840469360352	0.9179534912109375	0.7251219749450684	0.7972335815429688	0.6726969480514526	0.5291299819946289	0.08908200263977051	0.5042557716369629	-0.025993946939706802	0.44036635756492615	0.7510677576065063	0.38075727224349976	0.844524621963501	-0.075933538377285	0.19827911257743835	0.7602390050888062	0.7493840456008911	0.9004287719726562	0.6560306549072266	0.7448689341545105	0.8036785125732422	-0.3731173574924469	0.5295058488845825	0.33520689606666565	0.7754868268966675	0.6723166108131409	0.05382174625992775	0.0776657983660698	-0.4940205216407776	-0.06429079920053482	0.08424525707960129	-0.08307729661464691	0.09084530174732208	-0.0900941789150238	-0.3632296919822693	-0.20177194476127625	-0.13182030618190765	-0.02402515895664692	-0.209244966506958	-0.21362070739269257	-0.3710533082485199	-0.26004788279533386	-0.02042290009558201	0.09481111913919449	-0.29141950607299805	0.05872878059744835	-0.14816367626190186	-0.1615367829799652	-0.007347992621362209	0.0070372093468904495	-0.20957304537296295	-0.03213554993271828	0.021406928077340126	0.31118667125701904	0.045163657516241074	0.24641360342502594	-0.44945797324180603	0.203233540058136	-0.20671428740024567	-0.26507824659347534	-0.09873884916305542	0.27261796593666077	0.26658234000205994	-0.006979063153266907	0.08108361810445786	0.0157243013381958	-0.14690671861171722	-0.25015267729759216	-0.03437340632081032	0.18490441143512726	-0.1714320033788681	-0.030717236921191216	0.17139288783073425	-0.27443578839302063	-0.015801113098859787	-0.01744319126009941	0.09638824313879013	-0.061373788863420486	0.5813244581222534	-0.17339922487735748	0.1444471776485443	-0.2795052230358124	0.2360650897026062	0.061189115047454834	-0.1135152131319046	-0.3190447688102722	-0.03485853597521782	0.04556935653090477	-0.07734758406877518	0.14688196778297424	-0.15403462946414948	0.2205444574356079	-0.28010937571525574	-0.17198282480239868	-0.09497064352035522	-0.04782558232545853	-0.2715582549571991	-0.6109912991523743	0.18909211456775665	-0.18025200068950653	-0.24358071386814117	-0.14366066455841064	-0.16492505371570587	0.20262810587882996	-0.14104604721069336	-0.04826130345463753	0.459062784910202	-0.02010193280875683	-0.03500114753842354	0.20633667707443237	0.39397481083869934	-0.07841622829437256	-0.16465294361114502	-0.04439651221036911	-0.23595991730690002	-0.1379188746213913	-0.3768560588359833	0.061284709721803665	-0.49476027488708496	-0.01458479929715395	0.408070832490921	0.39689093828201294	-0.4219472408294678	0.177002415060997	0.23677533864974976	0.015546673908829689	-0.14999571442604065	0.12145279347896576	-0.16237948834896088	0.22845077514648438	-0.20128290355205536	-0.04432014003396034	0.2360476553440094	0.2438545823097229
