../../.git/annex/objects/Pg/w2/SHA256E-s3414389--3a1470ac14a8205a27b4db17d03a9fc4c792935f9add3c28771b871eef85b6f3.tsv/SHA256E-s3414389--3a1470ac14a8205a27b4db17d03a9fc4c792935f9add3c28771b871eef85b6f3.tsv