Node	HIP-head-m-rh	HIP-head-l-rh	HIP-body-rh	HIP-tail-rh	THA-VPm-rh	THA-VPl-rh	THA-VAi-rh	THA-VAs-rh	THA-DAm-rh	THA-DAl-rh	PUT-VA-rh	PUT-DA-rh	PUT-VP-rh	PUT-DP-rh	CAU-VA-rh	CAU-DA-rh	CAU-body-rh	CAU-tail-rh	lAMY-rh	mAMY-rh	THA-DP-rh	NAc-shell-rh	NAc-core-rh	pGP-rh	aGP-rh	HIP-head-m-lh	HIP-head-l-l	HIP-body-l	HIP-tail-lh	THA-VPm-lh	THA-VPl-lh	THA-VAi-lh	THA-VAs-lh	THA-DAm-lh	THA-DAl-lh	PUT-VA-lh	PUT-DA-l	PUT-VP-lh	PUT-DP-lh	CAU-VA-lh	CAU-DA-lh	CAU-body-lh	CAU-tail-lh	lAMY-lh	mAMY-lh	THA-DP-lh	NAc-shell-lh	NAc-core-lh	pGP-lh	aGP-lh
HIP-head-m-rh	1.0	-0.09628082811832428	0.07285122573375702	-0.03323221579194069	0.06956733763217926	0.11603584885597229	-0.014198088087141514	-0.01733001321554184	-0.43173009157180786	-0.07115644961595535	0.01930348388850689	-0.21789191663265228	0.11878586560487747	-0.014152737334370613	-0.027644222602248192	-0.1645890474319458	-0.36575859785079956	-0.36959654092788696	0.043223585933446884	0.24220480024814606	-0.27278873324394226	0.20808638632297516	-0.1576528698205948	0.02584655210375786	-0.0911061242222786	0.25496751070022583	0.11312051117420197	-0.07042872905731201	-0.09703899919986725	-0.19423015415668488	0.06359611451625824	-0.00976322591304779	-0.05908314883708954	0.2166430801153183	-0.19934920966625214	0.054454296827316284	-0.04928606376051903	0.19182871282100677	-0.17891435325145721	0.01409045048058033	-0.12668649852275848	-0.14003925025463104	-0.1094086542725563	-0.07520487904548645	0.3813200294971466	0.10486774891614914	0.21120032668113708	0.1997319608926773	-0.14596860110759735	0.22486041486263275
HIP-head-l-rh	-0.09628082811832428	1.0	0.28025731444358826	0.29999613761901855	-0.19214697182178497	-0.4121674597263336	0.01623951643705368	-0.02784138359129429	0.15220773220062256	-0.012149786576628685	-0.0998527780175209	0.14602313935756683	-0.1821938455104828	-0.0414961613714695	0.13391706347465515	0.16875025629997253	0.05138510838150978	0.004434364382177591	-0.1660124808549881	0.20717209577560425	0.050262466073036194	0.3257376551628113	0.09155438095331192	-0.3646681606769562	-0.026004230603575706	0.1714942306280136	0.3663442134857178	0.3042828142642975	0.03165726363658905	-0.027731427922844887	-0.11768133193254471	-0.006487592589110136	-0.06225757300853729	-0.1140035092830658	-0.06974583864212036	-0.10693936794996262	-0.28004780411720276	-0.20656777918338776	-0.17438527941703796	0.30878233909606934	0.24119353294372559	0.24726438522338867	-0.2831706702709198	0.1946198046207428	0.05460945516824722	-0.17227177321910858	0.17407861351966858	0.19166137278079987	-0.079771488904953	0.18429619073867798
HIP-body-rh	0.07285122573375702	0.28025731444358826	1.0	0.01741516776382923	-0.25645360350608826	-0.2969001829624176	0.21077512204647064	-0.12705105543136597	-0.05837041512131691	0.03587529435753822	-0.08714915066957474	0.09040983021259308	0.12820911407470703	-0.11172794550657272	0.019824927672743797	-0.10706581920385361	-0.06420359015464783	0.015446738339960575	0.131881982088089	0.008480819873511791	-0.2877217233181	0.03945503383874893	-0.09517700970172882	0.024156469851732254	0.038199905306100845	0.0965607762336731	0.5075230002403259	-0.12686333060264587	-0.06342390924692154	-0.06442002952098846	-0.23724575340747833	0.028027618303894997	-0.15543581545352936	-0.26193928718566895	-0.1232897937297821	-0.12851223349571228	-0.03542742878198624	-0.15125003457069397	-0.1587243378162384	-0.0295046828687191	-0.11489982157945633	0.14339704811573029	-0.02138327620923519	0.12665998935699463	0.1856032758951187	-0.13837110996246338	0.006808273959904909	-0.07502458989620209	-0.13658684492111206	-0.025340484455227852
HIP-tail-rh	-0.03323221579194069	0.29999613761901855	0.01741516776382923	1.0	-0.08859911561012268	-0.22040852904319763	-0.11866375803947449	-0.20521456003189087	0.0752866119146347	-0.4027229845523834	0.17519091069698334	-0.17590327560901642	-0.43965569138526917	-0.20745733380317688	0.09922739118337631	0.262705534696579	0.3506198227405548	-0.06591849029064178	-0.12665215134620667	0.1855803281068802	0.12564095854759216	0.27485814690589905	0.1105034127831459	-0.29574257135391235	0.10958222299814224	0.34825214743614197	0.21156911551952362	0.11841259896755219	0.23953920602798462	0.10059352964162827	-0.09857166558504105	-0.07319612801074982	-0.22347331047058105	0.12287795543670654	-0.07529151439666748	-0.09050656855106354	-0.29966241121292114	-0.1023755893111229	-0.08177516609430313	0.29988357424736023	0.3217482268810272	0.12049778550863266	0.0033553678076714277	0.08291785418987274	0.012815102003514767	-0.2198239117860794	-0.010313338600099087	0.18109102547168732	0.03860637545585632	-0.026418089866638184
THA-VPm-rh	0.06956733763217926	-0.19214697182178497	-0.25645360350608826	-0.08859911561012268	1.0	0.14342257380485535	-0.04042607918381691	0.2743716239929199	-0.05596356466412544	0.16836245357990265	0.09079048037528992	-0.1375071108341217	0.14665007591247559	0.19242355227470398	-0.03458194434642792	-0.04574863985180855	-0.12656766176223755	0.18189756572246552	0.04457670450210571	0.011256707832217216	0.052614834159612656	-0.02114814706146717	0.14976604282855988	0.32473093271255493	-0.06277355551719666	-0.30141568183898926	-0.2759557068347931	0.11899667233228683	0.27919670939445496	-0.02856358140707016	0.23055963218212128	-0.06403964757919312	0.21713776886463165	0.1931867152452469	0.14772604405879974	0.16685812175273895	-0.11038222908973694	0.2987983822822571	0.051310036331415176	-0.15640035271644592	-0.1905124932527542	-0.11884590983390808	-0.026907503604888916	-0.05489002540707588	-0.13676394522190094	0.34620729088783264	0.10840441286563873	-0.008610180579125881	-0.058213744312524796	0.003787697060033679
THA-VPl-rh	0.11603584885597229	-0.4121674597263336	-0.2969001829624176	-0.22040852904319763	0.14342257380485535	1.0	-0.11402691900730133	-0.1400655210018158	0.15603245794773102	0.16402336955070496	-0.1055486872792244	0.0017467951402068138	0.07414524257183075	0.22332599759101868	0.0602182000875473	-0.23596595227718353	-0.19414138793945312	-0.04773540049791336	-0.04599139094352722	0.08463706821203232	0.12038279324769974	0.09775225818157196	0.049135588109493256	0.08738674223423004	0.15398599207401276	0.164407879114151	-0.279428094625473	-0.04498663172125816	-0.22037240862846375	-0.10354138165712357	0.4760824739933014	0.1897927075624466	0.11172299832105637	-0.016558179631829262	0.23987165093421936	0.1442914456129074	0.2916000485420227	0.4331498146057129	0.25533410906791687	-0.1605004221200943	-0.18192780017852783	-0.30853158235549927	-0.1075863316655159	-0.11134874820709229	0.08491955697536469	0.26666390895843506	0.1881343275308609	-0.01324513740837574	0.3468586206436157	-0.019449586048722267
THA-VAi-rh	-0.014198088087141514	0.01623951643705368	0.21077512204647064	-0.11866375803947449	-0.04042607918381691	-0.11402691900730133	1.0	0.19399744272232056	-0.05531025677919388	0.10107871890068054	0.12259795516729355	-0.028182074427604675	0.032599445432424545	-0.09624571353197098	-0.05501087009906769	0.035244379192590714	0.0571385957300663	0.1748799979686737	0.05880577117204666	-0.2083071917295456	-0.2000371217727661	-0.010113829746842384	0.06020369753241539	0.19142721593379974	-0.007087209727615118	-0.0059156459756195545	-0.02598525956273079	0.11691053956747055	-0.1611035168170929	-0.1512010544538498	0.0033090654760599136	0.0850512757897377	0.04359634965658188	-0.25773897767066956	-0.05088799446821213	0.03247503563761711	0.01946430839598179	-0.1818314641714096	-0.1955319344997406	0.03531285375356674	0.2003900557756424	-0.03730415925383568	0.09601765125989914	-0.08762768656015396	-0.0626424103975296	0.1359476000070572	0.11573953181505203	0.0638604462146759	-0.1440933495759964	-0.103303462266922
THA-VAs-rh	-0.01733001321554184	-0.02784138359129429	-0.12705105543136597	-0.20521456003189087	0.2743716239929199	-0.1400655210018158	0.19399744272232056	1.0	-0.14313176274299622	0.12618233263492584	0.15360087156295776	-0.1803988367319107	0.349012166261673	0.18059276044368744	-0.13145294785499573	0.09806963056325912	0.026521306484937668	0.26740169525146484	-0.0516028106212616	-0.10032990574836731	-0.19431298971176147	-0.3122032880783081	0.31647661328315735	0.11065471172332764	-0.32462549209594727	-0.2852188050746918	-0.1126520112156868	0.1090259924530983	0.1444619745016098	0.3150402903556824	0.13032269477844238	0.020281579345464706	0.16301000118255615	0.16792598366737366	0.07514568418264389	0.22654248774051666	0.04782569780945778	-0.18204745650291443	0.04910384118556976	0.05721786618232727	0.13294263184070587	0.13038332760334015	0.07057416439056396	0.08075326681137085	-0.07302556186914444	0.14299185574054718	0.12384627759456635	0.03904372826218605	0.05901087075471878	-0.1126633808016777
THA-DAm-rh	-0.43173009157180786	0.15220773220062256	-0.05837041512131691	0.0752866119146347	-0.05596356466412544	0.15603245794773102	-0.05531025677919388	-0.14313176274299622	1.0	0.13281841576099396	0.054126445204019547	0.1781429499387741	-0.004417296499013901	0.21764861047267914	0.28188252449035645	0.1842731088399887	0.090870201587677	0.17128029465675354	0.26864784955978394	-0.21927393972873688	0.4380987882614136	0.11082540452480316	0.13528814911842346	-0.14151890575885773	0.2808411717414856	0.10369733721017838	0.12037816643714905	-0.13004887104034424	-0.07407675683498383	-0.0823979377746582	0.02636038139462471	0.26233017444610596	0.4064188003540039	0.012493775226175785	0.347074419260025	0.15033328533172607	0.09906677901744843	0.02768000401556492	0.2278968244791031	0.11420376598834991	0.043042704463005066	-0.10592720657587051	-0.09260312467813492	0.05433585122227669	-0.08895878493785858	0.14974668622016907	-0.0687570720911026	-0.01536155492067337	0.08430531620979309	0.10506319999694824
THA-DAl-rh	-0.07115644961595535	-0.012149786576628685	0.03587529435753822	-0.4027229845523834	0.16836245357990265	0.16402336955070496	0.10107871890068054	0.12618233263492584	0.13281841576099396	1.0	-0.37478747963905334	-0.02178526483476162	0.15540048480033875	0.13502033054828644	-0.14192037284374237	-0.1425047367811203	-0.21782298386096954	0.20828959345817566	0.004433031659573317	-0.02727348543703556	0.004107065498828888	-0.048949744552373886	-0.07204453647136688	0.22519226372241974	-0.08641105145215988	-0.15655064582824707	-0.2985013723373413	-0.1316879540681839	-0.12122239172458649	-0.22631296515464783	0.028379514813423157	0.10933198034763336	0.23392367362976074	0.09286335110664368	-0.011273404583334923	-0.23905038833618164	-0.0017941414844244719	0.008164281025528908	0.19480066001415253	-0.20070219039916992	-0.2508838474750519	-0.06289900094270706	-0.005968162324279547	-0.053371578454971313	-0.11121486872434616	-0.008001393638551235	-0.09462182223796844	-0.13038477301597595	-0.06832298636436462	-0.09130553901195526
PUT-VA-rh	0.01930348388850689	-0.0998527780175209	-0.08714915066957474	0.17519091069698334	0.09079048037528992	-0.1055486872792244	0.12259795516729355	0.15360087156295776	0.054126445204019547	-0.37478747963905334	1.0	0.17852334678173065	-0.018095584586262703	0.13380396366119385	0.31903016567230225	0.5376784205436707	0.4074993431568146	0.02356010116636753	0.25474274158477783	-0.21862106025218964	0.03324396535754204	-0.04422352463006973	0.393517404794693	-0.1453288048505783	-0.11786601692438126	0.11100136488676071	-0.0017584437737241387	-0.07239705324172974	0.26313653588294983	0.3201335370540619	-0.09591718763113022	-0.01771906204521656	0.10398059338331223	0.01659870520234108	0.1647421270608902	0.5682622194290161	0.14859740436077118	-0.09835069626569748	-0.02281111292541027	0.30545222759246826	0.5201409459114075	0.3514069616794586	0.3193788230419159	0.11353756487369537	0.019309870898723602	0.2725127041339874	0.2467443197965622	0.35545071959495544	-0.041657280176877975	-0.10344461351633072
PUT-DA-rh	-0.21789191663265228	0.14602313935756683	0.09040983021259308	-0.17590327560901642	-0.1375071108341217	0.0017467951402068138	-0.028182074427604675	-0.1803988367319107	0.1781429499387741	-0.02178526483476162	0.17852334678173065	1.0	0.38099873065948486	0.45899897813796997	0.06681843847036362	0.21913711726665497	0.11565946787595749	-0.047391824424266815	0.078584223985672	-0.18456287682056427	0.23043406009674072	-0.14562684297561646	0.012782124802470207	-0.14236223697662354	0.09840819984674454	0.01257464662194252	0.03582412376999855	0.3402968943119049	-0.06625080108642578	0.11263870447874069	0.20383822917938232	0.15565018355846405	-0.014945050701498985	-0.23784039914608002	-0.006770690903067589	0.29504331946372986	0.45841389894485474	0.39010781049728394	0.3982657492160797	-0.13353052735328674	0.1437390297651291	0.25090816617012024	0.1983867734670639	0.4177691638469696	0.032384149730205536	0.27804020047187805	0.11916683614253998	-0.1207222044467926	-0.023225858807563782	-0.1512918919324875
PUT-VP-rh	0.11878586560487747	-0.1821938455104828	0.12820911407470703	-0.43965569138526917	0.14665007591247559	0.07414524257183075	0.032599445432424545	0.349012166261673	-0.004417296499013901	0.15540048480033875	-0.018095584586262703	0.38099873065948486	1.0	0.5702531933784485	-0.004749624989926815	-0.11647504568099976	-0.14063194394111633	0.1738826185464859	0.31645646691322327	-0.1401190459728241	-0.11428830772638321	-0.2951491177082062	0.2663031220436096	0.41225069761276245	-0.2835543155670166	-0.2514910399913788	-0.06024637073278427	0.10769838839769363	0.2326146960258484	0.1634296476840973	0.2099037617444992	0.09883937239646912	0.08777566254138947	-0.06305839121341705	-0.14453615248203278	0.26681360602378845	0.3604923188686371	0.40107789635658264	0.2295948714017868	-0.36946576833724976	-0.3001661002635956	0.04153335466980934	0.10501541197299957	0.2077420949935913	0.1268826574087143	0.4378351867198944	0.13877007365226746	-0.2626660466194153	-0.09822167456150055	-0.10346979647874832
PUT-DP-rh	-0.014152737334370613	-0.0414961613714695	-0.11172794550657272	-0.20745733380317688	0.19242355227470398	0.22332599759101868	-0.09624571353197098	0.18059276044368744	0.21764861047267914	0.13502033054828644	0.13380396366119385	0.45899897813796997	0.5702531933784485	1.0	0.06464003771543503	0.10568097233772278	0.039292123168706894	-0.035324107855558395	0.15913134813308716	-0.14946983754634857	0.14411096274852753	-0.05068397521972656	0.4272516667842865	0.02069961465895176	-0.10186880826950073	-0.016032714396715164	-0.15305612981319427	0.10107891261577606	0.05743896961212158	0.2251814603805542	0.33958858251571655	0.3119192123413086	0.30282139778137207	-0.14926713705062866	0.2538575530052185	0.3316546380519867	0.46560388803482056	0.4152550995349884	0.5502433180809021	-0.16514168679714203	-0.012630916200578213	0.061035387217998505	0.1419261246919632	0.2458420693874359	-0.03208646923303604	0.4369325339794159	0.44884002208709717	-0.004827593453228474	-0.00957412738353014	0.026150144636631012
CAU-VA-rh	-0.027644222602248192	0.13391706347465515	0.019824927672743797	0.09922739118337631	-0.03458194434642792	0.0602182000875473	-0.05501087009906769	-0.13145294785499573	0.28188252449035645	-0.14192037284374237	0.31903016567230225	0.06681843847036362	-0.004749624989926815	0.06464003771543503	1.0	0.4078975021839142	0.30833637714385986	0.18175126612186432	0.32136109471321106	-0.08143109828233719	0.10555681586265564	0.30634018778800964	0.40203607082366943	-0.10970859229564667	-0.2590436637401581	0.12446173280477524	0.11861082911491394	-0.1979704052209854	0.06650909781455994	0.02230854704976082	-0.16404442489147186	0.2604376971721649	0.09139811247587204	-0.2622728943824768	-0.11069508641958237	0.15798217058181763	-0.16179369390010834	-0.12563852965831757	-0.17903058230876923	0.40528392791748047	0.39512062072753906	0.06931750476360321	-0.25471678376197815	0.059140466153621674	0.203511044383049	0.2839623689651489	0.2283279150724411	0.4253370463848114	-0.06946808099746704	-0.2356041818857193
CAU-DA-rh	-0.1645890474319458	0.16875025629997253	-0.10706581920385361	0.262705534696579	-0.04574863985180855	-0.23596595227718353	0.035244379192590714	0.09806963056325912	0.1842731088399887	-0.1425047367811203	0.5376784205436707	0.21913711726665497	-0.11647504568099976	0.10568097233772278	0.4078975021839142	1.0	0.5701580047607422	0.16321532428264618	0.10367283970117569	-0.23051363229751587	0.0038672219961881638	0.15524011850357056	0.3763981759548187	-0.3249097168445587	0.0049220179207623005	0.3311137855052948	0.07870323210954666	0.11118051409721375	0.034065280109643936	0.14093445241451263	-0.1217324435710907	0.25204211473464966	0.08066898584365845	-0.1346701979637146	-0.035888440907001495	0.3315780460834503	0.0116035807877779	-0.12047582864761353	0.00753199914470315	0.5336585640907288	0.7944672107696533	0.5855152010917664	0.28888601064682007	0.15776868164539337	0.03719080984592438	0.01194206066429615	0.258745014667511	0.5837737321853638	-0.17197023332118988	-0.19943615794181824
CAU-body-rh	-0.36575859785079956	0.05138510838150978	-0.06420359015464783	0.3506198227405548	-0.12656766176223755	-0.19414138793945312	0.0571385957300663	0.026521306484937668	0.090870201587677	-0.21782298386096954	0.4074993431568146	0.11565946787595749	-0.14063194394111633	0.039292123168706894	0.30833637714385986	0.5701580047607422	1.0	0.12904153764247894	0.11479127407073975	-0.06367742270231247	0.08638905733823776	0.012001635506749153	0.4725498855113983	-0.28726926445961	-0.21340160071849823	0.13522011041641235	-0.05046280845999718	0.07894819229841232	0.014963428489863873	0.1977384239435196	-0.0386277511715889	0.12987950444221497	-0.13169734179973602	-0.2113094925880432	0.026701943948864937	0.1261378973722458	0.044508181512355804	-0.12125267088413239	0.18690675497055054	0.2772456407546997	0.6035624742507935	0.4696703255176544	0.3013373613357544	0.20728737115859985	-0.1358097940683365	-0.10910096019506454	-0.03669072315096855	0.2749345004558563	0.029356688261032104	-0.29737982153892517
CAU-tail-rh	-0.36959654092788696	0.004434364382177591	0.015446738339960575	-0.06591849029064178	0.18189756572246552	-0.04773540049791336	0.1748799979686737	0.26740169525146484	0.17128029465675354	0.20828959345817566	0.02356010116636753	-0.047391824424266815	0.1738826185464859	-0.035324107855558395	0.18175126612186432	0.16321532428264618	0.12904153764247894	1.0	0.10637334734201431	-0.2340770810842514	0.2617119550704956	-0.09585027396678925	0.2945535182952881	0.20921418070793152	-0.15689212083816528	-0.2356630563735962	-0.03109123557806015	0.019433025270700455	0.15135641396045685	0.20166970789432526	-0.041867442429065704	0.012341393157839775	0.10720055550336838	-0.10203874856233597	0.02906900644302368	0.09269755333662033	-0.19950279593467712	-0.09723509848117828	-0.11330900341272354	0.07742734253406525	0.07815523445606232	0.268708199262619	0.10978676378726959	-0.10676568001508713	-0.2745417356491089	0.21809107065200806	-0.11761119961738586	-0.09271058440208435	-0.13863308727741241	-0.1103239357471466
lAMY-rh	0.043223585933446884	-0.1660124808549881	0.131881982088089	-0.12665215134620667	0.04457670450210571	-0.04599139094352722	0.05880577117204666	-0.0516028106212616	0.26864784955978394	0.004433031659573317	0.25474274158477783	0.078584223985672	0.31645646691322327	0.15913134813308716	0.32136109471321106	0.10367283970117569	0.11479127407073975	0.10637334734201431	1.0	-0.009271573275327682	0.09391025453805923	-0.1537836194038391	0.029429422691464424	0.14259809255599976	-0.021392587572336197	-0.007780399639159441	0.1172737330198288	-0.3805620074272156	-0.05043520778417587	0.03546178340911865	-0.09721677005290985	0.1755380481481552	0.31703415513038635	0.07896436750888824	-0.1479538381099701	0.14759282767772675	0.19537341594696045	0.11408087611198425	0.13092748820781708	0.011581982485949993	-0.1145707368850708	0.10768347233533859	0.12382563948631287	0.15973031520843506	0.30290108919143677	0.3218865692615509	-0.1658412516117096	0.04743406921625137	0.04985480755567551	0.0572848841547966
mAMY-rh	0.24220480024814606	0.20717209577560425	0.008480819873511791	0.1855803281068802	0.011256707832217216	0.08463706821203232	-0.2083071917295456	-0.10032990574836731	-0.21927393972873688	-0.02727348543703556	-0.21862106025218964	-0.18456287682056427	-0.1401190459728241	-0.14946983754634857	-0.08143109828233719	-0.23051363229751587	-0.06367742270231247	-0.2340770810842514	-0.009271573275327682	1.0	0.020438801497220993	0.13701020181179047	-0.05251703038811684	-0.08210960030555725	-0.005376799497753382	0.21029095351696014	0.13989853858947754	-0.047640200704336166	0.0329066663980484	-0.09423243254423141	0.1478276252746582	-0.1499205231666565	-0.06377563625574112	0.12639792263507843	-0.08638889342546463	-0.008375907316803932	0.004916642792522907	0.1173376813530922	-0.03794657811522484	-0.03526159003376961	-0.13537932932376862	-0.1120036393404007	-0.3895735740661621	0.16366876661777496	0.3631121516227722	-0.05024523288011551	-0.14850100874900818	0.07121499627828598	0.2688385546207428	0.009583081118762493
THA-DP-rh	-0.27278873324394226	0.050262466073036194	-0.2877217233181	0.12564095854759216	0.052614834159612656	0.12038279324769974	-0.2000371217727661	-0.19431298971176147	0.4380987882614136	0.004107065498828888	0.03324396535754204	0.23043406009674072	-0.11428830772638321	0.14411096274852753	0.10555681586265564	0.0038672219961881638	0.08638905733823776	0.2617119550704956	0.09391025453805923	0.020438801497220993	1.0	0.06520073860883713	0.09383056312799454	-0.28470590710639954	-0.04721841588616371	-0.1661992073059082	-0.13722164928913116	-0.005642485339194536	-0.014859875664114952	0.17639705538749695	0.07304014265537262	0.04862898960709572	0.19237913191318512	-0.037290096282958984	0.19262707233428955	0.3072284758090973	-0.022940151393413544	0.2025524377822876	0.1513674259185791	-0.006234461907297373	0.030945224687457085	-0.0976715013384819	-0.17243501543998718	0.18309804797172546	-0.220289409160614	0.227037250995636	-0.11378681659698486	-0.15362323820590973	0.19026164710521698	0.12208601087331772
NAc-shell-rh	0.20808638632297516	0.3257376551628113	0.03945503383874893	0.27485814690589905	-0.02114814706146717	0.09775225818157196	-0.010113829746842384	-0.3122032880783081	0.11082540452480316	-0.048949744552373886	-0.04422352463006973	-0.14562684297561646	-0.2951491177082062	-0.05068397521972656	0.30634018778800964	0.15524011850357056	0.012001635506749153	-0.09585027396678925	-0.1537836194038391	0.13701020181179047	0.06520073860883713	1.0	0.24987569451332092	-0.35617926716804504	0.10549335926771164	0.4336869418621063	0.061080776154994965	0.18144471943378448	-0.15418632328510284	-0.1760711967945099	-0.047442302107810974	0.3107415437698364	0.015257654711604118	-0.23544353246688843	0.02087562158703804	-0.022157736122608185	-0.3419240117073059	0.03681677579879761	-0.18464896082878113	0.33013880252838135	0.2739795446395874	-0.009657267481088638	-0.31089457869529724	-0.19538116455078125	0.07617754489183426	-0.0857071653008461	0.450614333152771	0.5270036458969116	-0.005617261398583651	0.1084524393081665
NAc-core-rh	-0.1576528698205948	0.09155438095331192	-0.09517700970172882	0.1105034127831459	0.14976604282855988	0.049135588109493256	0.06020369753241539	0.31647661328315735	0.13528814911842346	-0.07204453647136688	0.393517404794693	0.012782124802470207	0.2663031220436096	0.4272516667842865	0.40203607082366943	0.3763981759548187	0.4725498855113983	0.2945535182952881	0.029429422691464424	-0.05251703038811684	0.09383056312799454	0.24987569451332092	1.0	-0.09584347903728485	-0.3201981782913208	-0.028274035081267357	-0.19288037717342377	0.15792514383792877	0.3173253834247589	0.33257758617401123	0.1270480453968048	0.28686410188674927	0.052472107112407684	-0.35027655959129333	0.12609432637691498	0.48034921288490295	0.04919593408703804	0.0029061834793537855	0.018685592338442802	0.24480462074279785	0.4320417046546936	0.2553127706050873	-0.059505101293325424	0.10122103989124298	-0.14244364202022552	0.292716383934021	0.5124951004981995	0.3645669221878052	-0.035088006407022476	-0.17222513258457184
pGP-rh	0.02584655210375786	-0.3646681606769562	0.024156469851732254	-0.29574257135391235	0.32473093271255493	0.08738674223423004	0.19142721593379974	0.11065471172332764	-0.14151890575885773	0.22519226372241974	-0.1453288048505783	-0.14236223697662354	0.41225069761276245	0.02069961465895176	-0.10970859229564667	-0.3249097168445587	-0.28726926445961	0.20921418070793152	0.14259809255599976	-0.08210960030555725	-0.28470590710639954	-0.35617926716804504	-0.09584347903728485	1.0	-0.24303485453128815	-0.42882171273231506	-0.2085842788219452	-0.1999080628156662	0.30491602420806885	-0.1537926346063614	-0.01979006826877594	-0.16267061233520508	0.07886721193790436	0.004212629050016403	-0.07389383763074875	-0.14543446898460388	0.024853846058249474	0.14309491217136383	-0.012013758532702923	-0.3293253779411316	-0.4958169162273407	-0.22100259363651276	0.13148438930511475	-0.14500398933887482	-0.01492228638380766	0.10895486176013947	-0.15161550045013428	-0.5082910656929016	-0.22012126445770264	-0.15157738327980042
aGP-rh	-0.0911061242222786	-0.026004230603575706	0.038199905306100845	0.10958222299814224	-0.06277355551719666	0.15398599207401276	-0.007087209727615118	-0.32462549209594727	0.2808411717414856	-0.08641105145215988	-0.11786601692438126	0.09840819984674454	-0.2835543155670166	-0.10186880826950073	-0.2590436637401581	0.0049220179207623005	-0.21340160071849823	-0.15689212083816528	-0.021392587572336197	-0.005376799497753382	-0.04721841588616371	0.10549335926771164	-0.3201981782913208	-0.24303485453128815	1.0	0.28742989897727966	0.2630408704280853	0.08045255392789841	-0.14619292318820953	-0.3228250741958618	0.08278288692235947	0.16565313935279846	-0.08209648728370667	0.15051007270812988	0.3089303970336914	0.014265600591897964	0.17249193787574768	0.027429765090346336	0.13188420236110687	-0.03635864332318306	-0.04372785985469818	-0.22104565799236298	-0.014840166084468365	-0.14974069595336914	0.09685438871383667	-0.14042645692825317	-0.13546329736709595	0.011602889746427536	0.12140149623155594	0.061353109776973724
HIP-head-m-lh	0.25496751070022583	0.1714942306280136	0.0965607762336731	0.34825214743614197	-0.30141568183898926	0.164407879114151	-0.0059156459756195545	-0.2852188050746918	0.10369733721017838	-0.15655064582824707	0.11100136488676071	0.01257464662194252	-0.2514910399913788	-0.016032714396715164	0.12446173280477524	0.3311137855052948	0.13522011041641235	-0.2356630563735962	-0.007780399639159441	0.21029095351696014	-0.1661992073059082	0.4336869418621063	-0.028274035081267357	-0.42882171273231506	0.28742989897727966	1.0	0.41707339882850647	0.017597299069166183	-0.26435261964797974	-0.18371103703975677	0.19532807171344757	0.3190690875053406	0.04192355275154114	0.13549432158470154	0.009711803868412971	-0.10496111959218979	0.04430649057030678	0.1289023756980896	0.1032700464129448	0.29950886964797974	0.33291900157928467	0.19700266420841217	0.03962356969714165	0.14735785126686096	0.4425148665904999	-0.038961704820394516	0.21690064668655396	0.5847864151000977	0.18809013068675995	0.07568217813968658
HIP-head-l-l	0.11312051117420197	0.3663442134857178	0.5075230002403259	0.21156911551952362	-0.2759557068347931	-0.279428094625473	-0.02598525956273079	-0.1126520112156868	0.12037816643714905	-0.2985013723373413	-0.0017584437737241387	0.03582412376999855	-0.06024637073278427	-0.15305612981319427	0.11861082911491394	0.07870323210954666	-0.05046280845999718	-0.03109123557806015	0.1172737330198288	0.13989853858947754	-0.13722164928913116	0.061080776154994965	-0.19288037717342377	-0.2085842788219452	0.2630408704280853	0.41707339882850647	1.0	-0.10056643187999725	-0.01456924807280302	-0.08768467605113983	-0.1544751524925232	0.1415424942970276	0.043007317930459976	0.07117565721273422	0.030514931306242943	-0.11663583666086197	-0.0010411384282633662	-0.06285891681909561	-0.04796799644827843	0.1593075841665268	0.09937480092048645	0.02954200468957424	-0.11124755442142487	0.03608876094222069	0.24768215417861938	-0.15883314609527588	-0.15789468586444855	0.09035102277994156	0.1274179071187973	0.01633743941783905
HIP-body-l	-0.07042872905731201	0.3042828142642975	-0.12686333060264587	0.11841259896755219	0.11899667233228683	-0.04498663172125816	0.11691053956747055	0.1090259924530983	-0.13004887104034424	-0.1316879540681839	-0.07239705324172974	0.3402968943119049	0.10769838839769363	0.10107891261577606	-0.1979704052209854	0.11118051409721375	0.07894819229841232	0.019433025270700455	-0.3805620074272156	-0.047640200704336166	-0.005642485339194536	0.18144471943378448	0.15792514383792877	-0.1999080628156662	0.08045255392789841	0.017597299069166183	-0.10056643187999725	1.0	0.04735824093222618	-0.0490376316010952	0.37280765175819397	0.07597391307353973	-0.18639883399009705	-0.02187611162662506	-0.06945063918828964	0.10269930958747864	0.028721949085593224	0.22073280811309814	0.08113328367471695	0.1442006379365921	0.22986869513988495	0.16631200909614563	0.009860606864094734	0.05959048494696617	-0.06562178581953049	0.0665152370929718	0.36884334683418274	0.06976023316383362	0.0883793756365776	0.07746720314025879
HIP-tail-lh	-0.09703899919986725	0.03165726363658905	-0.06342390924692154	0.23953920602798462	0.27919670939445496	-0.22037240862846375	-0.1611035168170929	0.1444619745016098	-0.07407675683498383	-0.12122239172458649	0.26313653588294983	-0.06625080108642578	0.2326146960258484	0.05743896961212158	0.06650909781455994	0.034065280109643936	0.014963428489863873	0.15135641396045685	-0.05043520778417587	0.0329066663980484	-0.014859875664114952	-0.15418632328510284	0.3173253834247589	0.30491602420806885	-0.14619292318820953	-0.26435261964797974	-0.01456924807280302	0.04735824093222618	1.0	0.08027321100234985	-0.18664953112602234	-0.16855525970458984	-0.10615100711584091	0.06278280913829803	0.03444024175405502	0.25262704491615295	-0.01651548221707344	-0.08773388713598251	-0.168066143989563	-0.09386030584573746	-0.07279586791992188	-0.10423249751329422	-0.1820848435163498	-0.01695975475013256	-0.11006683111190796	0.052488867193460464	0.02895742654800415	-0.16444332897663116	-0.24294333159923553	-0.155986487865448
THA-VPm-lh	-0.19423015415668488	-0.027731427922844887	-0.06442002952098846	0.10059352964162827	-0.02856358140707016	-0.10354138165712357	-0.1512010544538498	0.3150402903556824	-0.0823979377746582	-0.22631296515464783	0.3201335370540619	0.11263870447874069	0.1634296476840973	0.2251814603805542	0.02230854704976082	0.14093445241451263	0.1977384239435196	0.20166970789432526	0.03546178340911865	-0.09423243254423141	0.17639705538749695	-0.1760711967945099	0.33257758617401123	-0.1537926346063614	-0.3228250741958618	-0.18371103703975677	-0.08768467605113983	-0.0490376316010952	0.08027321100234985	1.0	0.0353587307035923	-0.08206676691770554	0.08600138872861862	-0.06422924250364304	-0.054540421813726425	0.17611876130104065	0.041991498321294785	-0.10355467349290848	0.07368021458387375	0.009449792094528675	0.22232885658740997	0.2760982811450958	0.17462925612926483	0.10850323736667633	-0.11913426965475082	0.12104827910661697	0.14965718984603882	-0.0016596518689766526	0.17654839158058167	-0.10569864511489868
THA-VPl-lh	0.06359611451625824	-0.11768133193254471	-0.23724575340747833	-0.09857166558504105	0.23055963218212128	0.4760824739933014	0.0033090654760599136	0.13032269477844238	0.02636038139462471	0.028379514813423157	-0.09591718763113022	0.20383822917938232	0.2099037617444992	0.33958858251571655	-0.16404442489147186	-0.1217324435710907	-0.0386277511715889	-0.041867442429065704	-0.09721677005290985	0.1478276252746582	0.07304014265537262	-0.047442302107810974	0.1270480453968048	-0.01979006826877594	0.08278288692235947	0.19532807171344757	-0.1544751524925232	0.37280765175819397	-0.18664953112602234	0.0353587307035923	1.0	0.25861549377441406	0.13537819683551788	0.15720795094966888	0.13090382516384125	0.11796016246080399	0.29290494322776794	0.5064829587936401	0.4762049913406372	-0.06995874643325806	0.03475440293550491	-0.04885194078087807	0.0008463021949864924	0.3244776427745819	0.26256996393203735	0.39102381467819214	0.2017052173614502	0.10254011303186417	0.4757135510444641	0.059279996901750565
THA-VAi-lh	-0.00976322591304779	-0.006487592589110136	0.028027618303894997	-0.07319612801074982	-0.06403964757919312	0.1897927075624466	0.0850512757897377	0.020281579345464706	0.26233017444610596	0.10933198034763336	-0.01771906204521656	0.15565018355846405	0.09883937239646912	0.3119192123413086	0.2604376971721649	0.25204211473464966	0.12987950444221497	0.012341393157839775	0.1755380481481552	-0.1499205231666565	0.04862898960709572	0.3107415437698364	0.28686410188674927	-0.16267061233520508	0.16565313935279846	0.3190690875053406	0.1415424942970276	0.07597391307353973	-0.16855525970458984	-0.08206676691770554	0.25861549377441406	1.0	0.2901250720024109	-0.23358607292175293	0.018735399469733238	0.08606918156147003	0.3220575451850891	0.1633606106042862	0.4093543291091919	0.25660184025764465	0.27575987577438354	0.07744257897138596	-0.11693372577428818	0.06963463127613068	0.2332330197095871	0.008905498310923576	0.3735249638557434	0.27798765897750854	0.15138456225395203	-0.08298596739768982
THA-VAs-lh	-0.05908314883708954	-0.06225757300853729	-0.15543581545352936	-0.22347331047058105	0.21713776886463165	0.11172299832105637	0.04359634965658188	0.16301000118255615	0.4064188003540039	0.23392367362976074	0.10398059338331223	-0.014945050701498985	0.08777566254138947	0.30282139778137207	0.09139811247587204	0.08066898584365845	-0.13169734179973602	0.10720055550336838	0.31703415513038635	-0.06377563625574112	0.19237913191318512	0.015257654711604118	0.052472107112407684	0.07886721193790436	-0.08209648728370667	0.04192355275154114	0.043007317930459976	-0.18639883399009705	-0.10615100711584091	0.08600138872861862	0.13537819683551788	0.2901250720024109	1.0	0.1753002256155014	0.23094476759433746	0.15446969866752625	0.21786998212337494	-0.013688378036022186	0.2753932476043701	0.10955645889043808	0.009771226905286312	0.07727648317813873	0.07866568118333817	-0.04356307536363602	0.1268892139196396	0.18384607136249542	0.13712751865386963	0.03612861409783363	0.10198023915290833	0.24585607647895813
THA-DAm-lh	0.2166430801153183	-0.1140035092830658	-0.26193928718566895	0.12287795543670654	0.1931867152452469	-0.016558179631829262	-0.25773897767066956	0.16792598366737366	0.012493775226175785	0.09286335110664368	0.01659870520234108	-0.23784039914608002	-0.06305839121341705	-0.14926713705062866	-0.2622728943824768	-0.1346701979637146	-0.2113094925880432	-0.10203874856233597	0.07896436750888824	0.12639792263507843	-0.037290096282958984	-0.23544353246688843	-0.35027655959129333	0.004212629050016403	0.15051007270812988	0.13549432158470154	0.07117565721273422	-0.02187611162662506	0.06278280913829803	-0.06422924250364304	0.15720795094966888	-0.23358607292175293	0.1753002256155014	1.0	0.044135682284832	-0.16138552129268646	-0.12479529529809952	0.03081553615629673	0.08543600887060165	0.09048759937286377	-0.13861100375652313	-0.03382844105362892	0.19204160571098328	0.08796439319849014	0.2766851782798767	0.031541500240564346	-0.33334216475486755	-0.03765790909528732	0.22939634323120117	0.17811135947704315
THA-DAl-lh	-0.19934920966625214	-0.06974583864212036	-0.1232897937297821	-0.07529151439666748	0.14772604405879974	0.23987165093421936	-0.05088799446821213	0.07514568418264389	0.347074419260025	-0.011273404583334923	0.1647421270608902	-0.006770690903067589	-0.14453615248203278	0.2538575530052185	-0.11069508641958237	-0.035888440907001495	0.026701943948864937	0.02906900644302368	-0.1479538381099701	-0.08638889342546463	0.19262707233428955	0.02087562158703804	0.12609432637691498	-0.07389383763074875	0.3089303970336914	0.009711803868412971	0.030514931306242943	-0.06945063918828964	0.03444024175405502	-0.054540421813726425	0.13090382516384125	0.018735399469733238	0.23094476759433746	0.044135682284832	1.0	0.2307906150817871	0.19684480130672455	-0.025221940129995346	0.2709341049194336	-0.05835576727986336	0.006406774278730154	-0.1993870884180069	0.006731914356350899	-0.1370765119791031	-0.16566374897956848	0.10804615914821625	0.08793458342552185	-0.07198040187358856	0.18963465094566345	0.05229926109313965
PUT-VA-lh	0.054454296827316284	-0.10693936794996262	-0.12851223349571228	-0.09050656855106354	0.16685812175273895	0.1442914456129074	0.03247503563761711	0.22654248774051666	0.15033328533172607	-0.23905038833618164	0.5682622194290161	0.29504331946372986	0.26681360602378845	0.3316546380519867	0.15798217058181763	0.3315780460834503	0.1261378973722458	0.09269755333662033	0.14759282767772675	-0.008375907316803932	0.3072284758090973	-0.022157736122608185	0.48034921288490295	-0.14543446898460388	0.014265600591897964	-0.10496111959218979	-0.11663583666086197	0.10269930958747864	0.25262704491615295	0.17611876130104065	0.11796016246080399	0.08606918156147003	0.15446969866752625	-0.16138552129268646	0.2307906150817871	1.0	0.43312501907348633	0.1106165423989296	0.09577164053916931	0.07488191872835159	0.2859792411327362	0.10463687032461166	-0.00953907985240221	0.16146819293498993	0.046042002737522125	0.4157223701477051	0.2931736707687378	0.11380048841238022	-0.06538654863834381	-0.04115373268723488
PUT-DA-l	-0.04928606376051903	-0.28004780411720276	-0.03542742878198624	-0.29966241121292114	-0.11038222908973694	0.2916000485420227	0.01946430839598179	0.04782569780945778	0.09906677901744843	-0.0017941414844244719	0.14859740436077118	0.45841389894485474	0.3604923188686371	0.46560388803482056	-0.16179369390010834	0.0116035807877779	0.044508181512355804	-0.19950279593467712	0.19537341594696045	0.004916642792522907	-0.022940151393413544	-0.3419240117073059	0.04919593408703804	0.024853846058249474	0.17249193787574768	0.04430649057030678	-0.0010411384282633662	0.028721949085593224	-0.01651548221707344	0.041991498321294785	0.29290494322776794	0.3220575451850891	0.21786998212337494	-0.12479529529809952	0.19684480130672455	0.43312501907348633	1.0	0.28145378828048706	0.6431758403778076	-0.24287191033363342	-0.0548163577914238	-0.03114483691751957	0.15537647902965546	0.05718974024057388	0.07365106791257858	0.050445158034563065	0.06943490356206894	-0.19324944913387299	0.09268002212047577	-0.0053329505026340485
PUT-VP-lh	0.19182871282100677	-0.20656777918338776	-0.15125003457069397	-0.1023755893111229	0.2987983822822571	0.4331498146057129	-0.1818314641714096	-0.18204745650291443	0.02768000401556492	0.008164281025528908	-0.09835069626569748	0.39010781049728394	0.40107789635658264	0.4152550995349884	-0.12563852965831757	-0.12047582864761353	-0.12125267088413239	-0.09723509848117828	0.11408087611198425	0.1173376813530922	0.2025524377822876	0.03681677579879761	0.0029061834793537855	0.14309491217136383	0.027429765090346336	0.1289023756980896	-0.06285891681909561	0.22073280811309814	-0.08773388713598251	-0.10355467349290848	0.5064829587936401	0.1633606106042862	-0.013688378036022186	0.03081553615629673	-0.025221940129995346	0.1106165423989296	0.28145378828048706	1.0	0.35930585861206055	-0.24360248446464539	-0.2674820125102997	0.016075406223535538	0.15098907053470612	0.319367915391922	0.07806585729122162	0.2620691657066345	0.0670492872595787	-0.04229401424527168	0.19717209041118622	0.15321241319179535
PUT-DP-lh	-0.17891435325145721	-0.17438527941703796	-0.1587243378162384	-0.08177516609430313	0.051310036331415176	0.25533410906791687	-0.1955319344997406	0.04910384118556976	0.2278968244791031	0.19480066001415253	-0.02281111292541027	0.3982657492160797	0.2295948714017868	0.5502433180809021	-0.17903058230876923	0.00753199914470315	0.18690675497055054	-0.11330900341272354	0.13092748820781708	-0.03794657811522484	0.1513674259185791	-0.18464896082878113	0.018685592338442802	-0.012013758532702923	0.13188420236110687	0.1032700464129448	-0.04796799644827843	0.08113328367471695	-0.168066143989563	0.07368021458387375	0.4762049913406372	0.4093543291091919	0.2753932476043701	0.08543600887060165	0.2709341049194336	0.09577164053916931	0.6431758403778076	0.35930585861206055	1.0	-0.2161744087934494	-0.03964739665389061	-0.003277414245530963	0.3014090061187744	0.15029172599315643	0.02259601466357708	0.054254040122032166	-0.05497830733656883	-0.2372763603925705	0.3278444707393646	-0.09038079530000687
