Node	HIP-head-m-rh	HIP-head-l-rh	HIP-body-rh	HIP-tail-rh	THA-VPm-rh	THA-VPl-rh	THA-VAi-rh	THA-VAs-rh	THA-DAm-rh	THA-DAl-rh	PUT-VA-rh	PUT-DA-rh	PUT-VP-rh	PUT-DP-rh	CAU-VA-rh	CAU-DA-rh	CAU-body-rh	CAU-tail-rh	lAMY-rh	mAMY-rh	THA-DP-rh	NAc-shell-rh	NAc-core-rh	pGP-rh	aGP-rh	HIP-head-m-lh	HIP-head-l-l	HIP-body-l	HIP-tail-lh	THA-VPm-lh	THA-VPl-lh	THA-VAi-lh	THA-VAs-lh	THA-DAm-lh	THA-DAl-lh	PUT-VA-lh	PUT-DA-l	PUT-VP-lh	PUT-DP-lh	CAU-VA-lh	CAU-DA-lh	CAU-body-lh	CAU-tail-lh	lAMY-lh	mAMY-lh	THA-DP-lh	NAc-shell-lh	NAc-core-lh	pGP-lh	aGP-lh
HIP-head-m-rh	1.0	0.3912053108215332	-0.06119200214743614	-0.19242152571678162	0.17050182819366455	-0.05506444722414017	-0.18823467195034027	0.29472464323043823	0.08637096732854843	0.08637747913599014	-0.2249564379453659	-0.07006330788135529	-0.06441669166088104	-0.13692663609981537	-0.21299538016319275	-0.09417878836393356	-0.044474922120571136	0.05293753370642662	-0.09573984146118164	0.22514395415782928	0.3087429702281952	0.03915371000766754	-0.0485248826444149	-0.30048638582229614	0.0023214491084218025	0.1620166003704071	0.301891565322876	-0.2027192860841751	0.06461381167173386	0.16987697780132294	-0.03513171896338463	-0.2134413868188858	0.11102107912302017	0.0022596155758947134	-0.2343616485595703	-0.24648545682430267	-0.28133437037467957	-0.16095943748950958	-0.22338905930519104	0.07881148159503937	-0.08666392415761948	0.02424727752804756	0.048716749995946884	0.057483065873384476	0.07592776417732239	-0.08704991638660431	-0.22966238856315613	-0.012110418640077114	0.06502960622310638	0.17405971884727478
HIP-head-l-rh	0.3912053108215332	1.0	0.34877699613571167	-0.0028678476810455322	-0.030996128916740417	0.04518808797001839	-0.260514497756958	0.11518696695566177	0.24376894533634186	-0.102525494992733	-0.09363199770450592	-0.1926734894514084	-0.27887651324272156	-0.4422556459903717	-0.025174014270305634	-0.04185011610388756	-0.2502073049545288	-0.15931226313114166	-0.21950127184391022	0.09460946172475815	0.14712947607040405	0.4264817237854004	0.16157157719135284	0.040999673306941986	0.07106491923332214	0.00853763334453106	0.17071102559566498	0.10784561187028885	0.20748589932918549	0.14594058692455292	-0.23336286842823029	-0.24679961800575256	-0.06997154653072357	-0.17669233679771423	-0.5173584818840027	-0.19685567915439606	-0.4153393507003784	-0.16135694086551666	-0.16895116865634918	0.1676461398601532	-0.2518497705459595	-0.2298656553030014	-0.15360859036445618	0.03460928797721863	0.0593164823949337	-0.16183188557624817	0.03353189304471016	0.1053362488746643	-0.17037974298000336	0.09493319690227509
HIP-body-rh	-0.06119200214743614	0.34877699613571167	1.0	0.15675978362560272	-0.16432137787342072	-0.1172311082482338	0.09815070778131485	0.2145107090473175	0.18783310055732727	0.045133236795663834	-0.07639853656291962	-0.2052593231201172	-0.12254272401332855	-0.29418009519577026	-0.2133060097694397	-0.11925681680440903	-0.29560425877571106	-0.22752346098423004	-0.20714478194713593	0.21010428667068481	0.13030670583248138	-0.20274896919727325	-0.07572650909423828	0.09168627858161926	0.16978837549686432	0.11552173644304276	0.30417299270629883	0.30328285694122314	0.08872376382350922	-0.11251944303512573	-0.17291204631328583	-0.2720489203929901	-0.0038007579278200865	0.010585510171949863	-0.029443927109241486	-0.147532120347023	-0.2431047111749649	-0.20489224791526794	-0.10662586987018585	0.13436472415924072	-0.31235286593437195	-0.2758294641971588	-0.11821696162223816	0.2234719842672348	0.3135169744491577	0.12114383280277252	0.025516793131828308	-0.04865746572613716	-0.28008177876472473	-0.046088043600320816
HIP-tail-rh	-0.19242152571678162	-0.0028678476810455322	0.15675978362560272	1.0	0.0713699534535408	-0.17047372460365295	0.1584448665380478	0.006344425026327372	0.05146283656358719	-0.09413107484579086	-0.17901840806007385	-0.298557847738266	-0.0831393226981163	-0.2509094178676605	-0.17855092883110046	-0.12019625306129456	-0.4408605694770813	-0.16252456605434418	-0.10285927355289459	-0.059709351509809494	0.13416506350040436	0.07117556035518646	0.18053536117076874	0.12939491868019104	0.1745772361755371	-0.08283498138189316	-0.08381485193967819	0.1318771094083786	0.049328092485666275	0.030545856803655624	0.14091292023658752	0.19905602931976318	0.11507180333137512	-0.11020113527774811	0.06240949034690857	-0.25190603733062744	-0.2661566734313965	0.0644535943865776	-0.08049806207418442	-0.003572421846911311	-0.21670794486999512	-0.2589547038078308	-0.315698504447937	-0.20103836059570312	-0.042119745165109634	0.15770502388477325	-0.01508342381566763	0.029339827597141266	0.14863663911819458	-0.03577394410967827
THA-VPm-rh	0.17050182819366455	-0.030996128916740417	-0.16432137787342072	0.0713699534535408	1.0	0.1871597021818161	0.18655091524124146	0.17887815833091736	0.3371090888977051	0.17799940705299377	-0.06548811495304108	0.13620133697986603	0.07409884035587311	0.06287448853254318	-0.1793200969696045	0.2831398546695709	0.0026252688840031624	0.16000916063785553	0.11254198104143143	-0.041821643710136414	0.35733941197395325	0.13163958489894867	0.2704458236694336	-0.18241417407989502	0.01011637132614851	-0.05059102922677994	-0.13808700442314148	0.02586543746292591	0.09247798472642899	0.23431335389614105	-0.03424041345715523	0.2839950621128082	0.039871588349342346	-0.0057590920478105545	0.1745087206363678	0.0852491557598114	0.014619412831962109	0.06264607608318329	-0.06967251747846603	-0.05446488782763481	0.2668975293636322	0.02516327053308487	-0.11780703812837601	0.33212921023368835	-0.025039520114660263	0.22425933182239532	-0.07599930465221405	0.006040952634066343	0.20636439323425293	0.10299649834632874
THA-VPl-rh	-0.05506444722414017	0.04518808797001839	-0.1172311082482338	-0.17047372460365295	0.1871597021818161	1.0	0.15491080284118652	-0.07497282326221466	0.17832162976264954	0.5489010810852051	0.03388258442282677	0.0721791461110115	0.27476391196250916	0.12561562657356262	0.02071286365389824	0.16831311583518982	0.01980193704366684	0.10340259224176407	0.2503316402435303	0.12941808998584747	0.043550483882427216	0.10422094911336899	0.07523929327726364	0.1322295069694519	-0.0484771728515625	-0.25018030405044556	-0.0733918696641922	0.1520352065563202	0.2858375608921051	0.18642504513263702	0.34231048822402954	0.11289886385202408	-0.22742611169815063	0.18753844499588013	-0.09402210265398026	0.02904854156076908	-0.06696179509162903	0.13231469690799713	-0.2372506707906723	-0.3125436305999756	0.22125409543514252	-0.0192490816116333	-0.13218098878860474	0.08662954717874527	-0.1016155257821083	0.1917528212070465	-0.11163783073425293	-0.04706684127449989	0.043999381363391876	0.032365843653678894
THA-VAi-rh	-0.18823467195034027	-0.260514497756958	0.09815070778131485	0.1584448665380478	0.18655091524124146	0.15491080284118652	1.0	0.39354661107063293	0.07169356942176819	0.28537219762802124	0.17117218673229218	-0.005804948043078184	0.0592087060213089	0.14832034707069397	-0.12416721135377884	0.28253433108329773	0.09166934341192245	-0.06303881853818893	0.3283871114253998	0.17748315632343292	0.0289409551769495	0.04374099150300026	0.3517265021800995	-0.020903529599308968	-0.03812997415661812	0.11774570494890213	0.09652411937713623	-0.04999738186597824	-0.08035431057214737	-0.012279021553695202	-0.04055851697921753	0.08937932550907135	-0.0637647807598114	0.17055174708366394	0.19976726174354553	0.2697772681713104	0.16810980439186096	0.06912200152873993	0.10808680951595306	-0.15905632078647614	0.18956613540649414	0.014118663966655731	-0.10346988588571548	0.2385641485452652	0.3154017925262451	0.461580365896225	0.3534100353717804	0.34763196110725403	-0.020923210307955742	-0.4187972843647003
THA-VAs-rh	0.29472464323043823	0.11518696695566177	0.2145107090473175	0.006344425026327372	0.17887815833091736	-0.07497282326221466	0.39354661107063293	1.0	0.21811078488826752	0.13700595498085022	0.012338709086179733	0.012271437793970108	-0.09029267728328705	-0.17352956533432007	-0.29358407855033875	0.04245468229055405	0.06347298622131348	0.09099643677473068	0.12394984811544418	0.4234112799167633	0.24395941197872162	0.09827838838100433	0.17041932046413422	-0.025568723678588867	0.024376671761274338	0.021385667845606804	0.08806546032428741	-0.05709949508309364	0.1422417312860489	0.022135518491268158	-0.26741963624954224	-0.10215029865503311	0.18796269595623016	0.10579196363687515	0.056098826229572296	0.18223531544208527	0.0014644088223576546	-0.3085535764694214	-0.22757290303707123	-0.09302292764186859	0.07484734803438187	0.036391954869031906	-0.006100036669522524	0.21835161745548248	0.2760527729988098	-0.026309730485081673	0.24609801173210144	0.15112335979938507	0.0903780609369278	-0.03312816098332405
THA-DAm-rh	0.08637096732854843	0.24376894533634186	0.18783310055732727	0.05146283656358719	0.3371090888977051	0.17832162976264954	0.07169356942176819	0.21811078488826752	1.0	0.4966762363910675	-0.19306829571723938	-0.04719284176826477	0.016338851302862167	-0.21128663420677185	-0.05886968597769737	0.025191590189933777	-0.2154957801103592	0.20262224972248077	0.050603318959474564	0.23583492636680603	0.3503795266151428	0.056026116013526917	0.35197681188583374	-0.20824111998081207	0.1709156334400177	-0.10086210072040558	0.021907126531004906	0.2706775963306427	0.2901459038257599	0.1033611074090004	-0.02782346121966839	0.06812494248151779	0.26576733589172363	0.15221138298511505	0.17392390966415405	-0.19441191852092743	-0.2450874000787735	-0.09078231453895569	-0.21294742822647095	0.1999342292547226	-0.09468033909797668	-0.17091716825962067	-0.14210191369056702	0.29656121134757996	0.1902747005224228	0.28429320454597473	0.29098671674728394	0.04195753112435341	-0.025875987485051155	-0.15704050660133362
THA-DAl-rh	0.08637747913599014	-0.102525494992733	0.045133236795663834	-0.09413107484579086	0.17799940705299377	0.5489010810852051	0.28537219762802124	0.13700595498085022	0.4966762363910675	1.0	0.03574583679437637	0.028206195682287216	0.21443986892700195	0.08690956979990005	-0.010256710462272167	0.14993716776371002	0.031325601041316986	0.4235491156578064	0.26407307386398315	0.23026037216186523	0.12757356464862823	-0.0552862249314785	0.19101382791996002	-0.027557065710425377	0.054087113589048386	-0.11411318182945251	-0.07540275156497955	0.17570580542087555	0.22370918095111847	0.19712011516094208	0.33834511041641235	0.14192858338356018	0.09518817067146301	0.3154580593109131	0.22520999610424042	0.030953725799918175	0.026655355468392372	-0.008794964291155338	-0.34583181142807007	-0.025828195735812187	0.17036545276641846	0.039765890687704086	0.025691188871860504	0.21784526109695435	0.045007865875959396	0.29454535245895386	0.08652711659669876	-0.08131475001573563	-0.0009611505083739758	0.00011939636897295713
PUT-VA-rh	-0.2249564379453659	-0.09363199770450592	-0.07639853656291962	-0.17901840806007385	-0.06548811495304108	0.03388258442282677	0.17117218673229218	0.012338709086179733	-0.19306829571723938	0.03574583679437637	1.0	0.7029541730880737	0.42180588841438293	0.5096651911735535	0.3747105002403259	0.5798735618591309	0.45896556973457336	0.13854236900806427	0.598357617855072	-0.08293987810611725	-0.03629061579704285	0.3096808195114136	0.23750369250774384	0.2470712810754776	-0.19613075256347656	0.15895739197731018	0.06962060183286667	-0.07569540292024612	-0.3209337890148163	0.43861648440361023	0.35997000336647034	0.25142723321914673	-0.01678336039185524	0.2122296392917633	0.10853975266218185	0.8683938980102539	0.7439061999320984	0.39169982075691223	0.48676419258117676	0.37386560440063477	0.5882665514945984	0.5556286573410034	0.3869059085845947	0.30819401144981384	0.12992407381534576	0.025987090542912483	0.16979321837425232	0.40157684683799744	-0.09051384031772614	0.04598074033856392
PUT-DA-rh	-0.07006330788135529	-0.1926734894514084	-0.2052593231201172	-0.298557847738266	0.13620133697986603	0.0721791461110115	-0.005804948043078184	0.012271437793970108	-0.04719284176826477	0.028206195682287216	0.7029541730880737	1.0	0.40259361267089844	0.6089428663253784	0.14230234920978546	0.6965818405151367	0.5205508470535278	0.16018208861351013	0.5039529800415039	-0.036786746233701706	0.09254312515258789	0.15170371532440186	0.2083846628665924	0.048346322029829025	-0.17798744142055511	0.2741653323173523	0.06731236726045609	-0.16798894107341766	-0.27051377296447754	0.3672654926776886	0.16098515689373016	0.3471827805042267	0.03899642080068588	0.1392638385295868	0.11978526413440704	0.7343810200691223	0.6326279044151306	0.31145334243774414	0.5078520774841309	0.3846997618675232	0.6305459141731262	0.5994324088096619	0.42464083433151245	0.4605281352996826	0.06489471346139908	0.11987978219985962	0.08363807946443558	0.4153037667274475	-0.06791465729475021	0.07493572682142258
PUT-VP-rh	-0.06441669166088104	-0.27887651324272156	-0.12254272401332855	-0.0831393226981163	0.07409884035587311	0.27476391196250916	0.0592087060213089	-0.09029267728328705	0.016338851302862167	0.21443986892700195	0.42180588841438293	0.40259361267089844	1.0	0.5997031331062317	0.18096452951431274	0.2826730012893677	0.24535007774829865	0.1634521335363388	0.5033586025238037	0.0017644865438342094	0.1584085375070572	-0.1760280877351761	-0.017581989988684654	0.1835803985595703	-0.1756168156862259	-0.3111233413219452	-0.0680144652724266	-0.09682919830083847	-0.22539643943309784	0.3583300709724426	0.4306392967700958	0.3199292719364166	-0.047015197575092316	0.12256594747304916	0.046324584633111954	0.2700442671775818	0.4142809808254242	0.5742286443710327	0.34354934096336365	0.1258150339126587	0.4835853576660156	0.30936241149902344	0.037157751619815826	0.043037671595811844	-0.10843466222286224	-0.03676178678870201	-0.05346004292368889	0.10243849456310272	0.1095065027475357	0.15102294087409973
PUT-DP-rh	-0.13692663609981537	-0.4422556459903717	-0.29418009519577026	-0.2509094178676605	0.06287448853254318	0.12561562657356262	0.14832034707069397	-0.17352956533432007	-0.21128663420677185	0.08690956979990005	0.5096651911735535	0.6089428663253784	0.5997031331062317	1.0	0.34859997034072876	0.5035071969032288	0.5086607933044434	0.3120025098323822	0.4508028030395508	-0.17572996020317078	0.018780887126922607	-0.017191551625728607	0.21504396200180054	0.09144783765077591	-0.3277460038661957	0.17237477004528046	0.005740406922996044	-0.14680172502994537	-0.2801545560359955	0.1910456269979477	0.32447320222854614	0.256403386592865	-0.02195972576737404	0.10982408374547958	0.05424821376800537	0.5374129414558411	0.567173421382904	0.6409650444984436	0.5002334713935852	0.18441009521484375	0.5512683391571045	0.5369900465011597	0.5361198782920837	0.010145382955670357	0.014262032695114613	0.18019260466098785	-0.04692715033888817	0.24758021533489227	0.09731381386518478	0.04537641629576683
CAU-VA-rh	-0.21299538016319275	-0.025174014270305634	-0.2133060097694397	-0.17855092883110046	-0.1793200969696045	0.02071286365389824	-0.12416721135377884	-0.29358407855033875	-0.05886968597769737	-0.010256710462272167	0.3747105002403259	0.14230234920978546	0.18096452951431274	0.34859997034072876	1.0	0.02849697507917881	0.01475115492939949	0.25823143124580383	0.14433154463768005	-0.3650694787502289	-0.004444079007953405	0.2524273693561554	0.3059879243373871	0.0904245525598526	-0.07863660901784897	0.09396745264530182	0.16862532496452332	0.21213343739509583	0.18012963235378265	0.008731470443308353	0.3191263973712921	-0.02603330835700035	0.04592744633555412	-0.032994162291288376	-0.1609773337841034	0.3574702739715576	0.3951947093009949	0.42555883526802063	0.08160212635993958	0.37067553400993347	0.2316049039363861	0.1433069109916687	0.38590744137763977	-0.3497143089771271	0.0037783808074891567	-0.1566927582025528	0.2864011526107788	0.3239215910434723	-0.026927296072244644	0.0809912458062172
CAU-DA-rh	-0.09417878836393356	-0.04185011610388756	-0.11925681680440903	-0.12019625306129456	0.2831398546695709	0.16831311583518982	0.28253433108329773	0.04245468229055405	0.025191590189933777	0.14993716776371002	0.5798735618591309	0.6965818405151367	0.2826730012893677	0.5035071969032288	0.02849697507917881	1.0	0.5786901712417603	0.08354707062244415	0.4574969410896301	-0.12318761646747589	-0.022801758721470833	0.25078049302101135	0.48150673508644104	0.27959704399108887	-0.16194385290145874	0.26875460147857666	-0.01596870645880699	-0.08938783407211304	-0.26847052574157715	0.2964473366737366	-0.012268874794244766	0.3894204795360565	0.05847068130970001	-0.003462783293798566	0.008561299182474613	0.6394372582435608	0.39878082275390625	0.4140700101852417	0.44114336371421814	0.30337706208229065	0.6353421211242676	0.5708330869674683	0.36455070972442627	0.36539724469184875	0.001461951294913888	0.2429812103509903	0.05439159274101257	0.3995077908039093	-0.1835542619228363	0.09734919667243958
CAU-body-rh	-0.044474922120571136	-0.2502073049545288	-0.29560425877571106	-0.4408605694770813	0.0026252688840031624	0.01980193704366684	0.09166934341192245	0.06347298622131348	-0.2154957801103592	0.031325601041316986	0.45896556973457336	0.5205508470535278	0.24535007774829865	0.5086607933044434	0.01475115492939949	0.5786901712417603	1.0	0.22372567653656006	0.3498085141181946	-0.06556618213653564	-0.11955960094928741	0.023097917437553406	0.10357441008090973	0.0423525869846344	-0.17184898257255554	0.13228493928909302	-0.12835636734962463	-0.2700698971748352	-0.35432812571525574	-0.012315139174461365	-0.19583941996097565	0.15150637924671173	0.1213098093867302	-0.009938832372426987	-0.04910203441977501	0.5251448154449463	0.37113291025161743	0.1922391802072525	0.4981974959373474	0.17734894156455994	0.57426518201828	0.7602629661560059	0.5045186281204224	0.21948149800300598	-0.019587606191635132	-0.08366482704877853	-0.07589168846607208	0.17796343564987183	-0.04364830628037453	0.03852498158812523
CAU-tail-rh	0.05293753370642662	-0.15931226313114166	-0.22752346098423004	-0.16252456605434418	0.16000916063785553	0.10340259224176407	-0.06303881853818893	0.09099643677473068	0.20262224972248077	0.4235491156578064	0.13854236900806427	0.16018208861351013	0.1634521335363388	0.3120025098323822	0.25823143124580383	0.08354707062244415	0.22372567653656006	1.0	0.12512382864952087	-0.09100651741027832	0.35018643736839294	0.07800647616386414	0.14207156002521515	-0.08058467507362366	0.03077412024140358	-0.008235829882323742	-0.025172486901283264	-0.09117212891578674	0.2677660584449768	0.2651906907558441	0.17928588390350342	0.07155659794807434	0.19488130509853363	-0.02806338667869568	0.004974414594471455	0.2245892435312271	0.1432979702949524	0.05439470335841179	-0.19270841777324677	0.05905010551214218	0.14505000412464142	0.28699585795402527	0.36477118730545044	-0.12497629225254059	0.12331631779670715	-0.056139830499887466	-0.015310920774936676	0.03445595130324364	0.27335652709007263	0.22732874751091003
lAMY-rh	-0.09573984146118164	-0.21950127184391022	-0.20714478194713593	-0.10285927355289459	0.11254198104143143	0.2503316402435303	0.3283871114253998	0.12394984811544418	0.050603318959474564	0.26407307386398315	0.598357617855072	0.5039529800415039	0.5033586025238037	0.4508028030395508	0.14433154463768005	0.4574969410896301	0.3498085141181946	0.12512382864952087	1.0	0.10532128065824509	0.11195964366197586	0.19782976806163788	0.24590039253234863	-0.05958106368780136	-0.005856855306774378	-0.16080205142498016	-0.001948590506799519	-0.032422397285699844	-0.31579405069351196	0.26589182019233704	0.3246152698993683	0.3696099817752838	0.13397440314292908	0.32117441296577454	0.1988324075937271	0.5512226223945618	0.5057582259178162	0.40527138113975525	0.24268953502178192	0.17546473443508148	0.5218558311462402	0.4445628821849823	0.1489792913198471	0.19258461892604828	0.046751171350479126	0.13220474123954773	0.29074373841285706	0.4193878769874573	0.25727197527885437	-0.1623823493719101
mAMY-rh	0.22514395415782928	0.09460946172475815	0.21010428667068481	-0.059709351509809494	-0.041821643710136414	0.12941808998584747	0.17748315632343292	0.4234112799167633	0.23583492636680603	0.23026037216186523	-0.08293987810611725	-0.036786746233701706	0.0017644865438342094	-0.17572996020317078	-0.3650694787502289	-0.12318761646747589	-0.06556618213653564	-0.09100651741027832	0.10532128065824509	1.0	0.17455434799194336	-0.36231547594070435	-0.18796205520629883	-0.19364222884178162	0.13062934577465057	-0.10022733360528946	0.10749578475952148	-0.12091203033924103	-0.1256653517484665	0.11113998293876648	0.022443337365984917	0.136985644698143	-0.05524047836661339	0.35932520031929016	0.11974873393774033	-0.1101522445678711	-0.10411550104618073	-0.2715615928173065	-0.18743057548999786	-0.037799812853336334	-0.1406000852584839	0.055529747158288956	-0.1278812289237976	0.3202916383743286	0.22483228147029877	0.14421147108078003	-0.03734897822141647	-0.23802068829536438	0.005987557582557201	-0.03027573600411415
THA-DP-rh	0.3087429702281952	0.14712947607040405	0.13030670583248138	0.13416506350040436	0.35733941197395325	0.043550483882427216	0.0289409551769495	0.24395941197872162	0.3503795266151428	0.12757356464862823	-0.03629061579704285	0.09254312515258789	0.1584085375070572	0.018780887126922607	-0.004444079007953405	-0.022801758721470833	-0.11955960094928741	0.35018643736839294	0.11195964366197586	0.17455434799194336	1.0	-0.05663607269525528	0.03911588713526726	-0.35595232248306274	0.3623248040676117	-0.0011939170071855187	0.27069011330604553	-0.17547698318958282	0.08363080769777298	0.32459646463394165	0.13602231442928314	0.0530264712870121	0.17282703518867493	-0.07655616849660873	-0.0513823926448822	-0.05218284949660301	-0.1980201005935669	-0.06008925288915634	-0.10052826255559921	0.2051452100276947	-0.02391720935702324	0.03309180960059166	0.003209547372534871	0.09893666952848434	0.43017539381980896	0.12643292546272278	0.07815813273191452	0.1258431375026703	0.12261117994785309	0.033035557717084885
NAc-shell-rh	0.03915371000766754	0.4264817237854004	-0.20274896919727325	0.07117556035518646	0.13163958489894867	0.10422094911336899	0.04374099150300026	0.09827838838100433	0.056026116013526917	-0.0552862249314785	0.3096808195114136	0.15170371532440186	-0.1760280877351761	-0.017191551625728607	0.2524273693561554	0.25078049302101135	0.023097917437553406	0.07800647616386414	0.19782976806163788	-0.36231547594070435	-0.05663607269525528	1.0	0.5838115811347961	0.09034106135368347	-0.06885724514722824	0.10218477249145508	-0.1326417773962021	0.13489438593387604	0.2500476539134979	0.26186665892601013	-0.006823888514190912	0.011059844866394997	0.0048486460000276566	-0.02425949089229107	-0.2583981156349182	0.3137805461883545	0.05663573369383812	0.13794079422950745	0.026558002457022667	0.10246863216161728	0.1522584855556488	-0.01444683875888586	-0.013057100586593151	0.002066838787868619	-0.10369797796010971	-0.043431274592876434	0.3510861396789551	0.5255463123321533	0.19435878098011017	-0.13506291806697845
NAc-core-rh	-0.0485248826444149	0.16157157719135284	-0.07572650909423828	0.18053536117076874	0.2704458236694336	0.07523929327726364	0.3517265021800995	0.17041932046413422	0.35197681188583374	0.19101382791996002	0.23750369250774384	0.2083846628665924	-0.017581989988684654	0.21504396200180054	0.3059879243373871	0.48150673508644104	0.10357441008090973	0.14207156002521515	0.24590039253234863	-0.18796205520629883	0.03911588713526726	0.5838115811347961	1.0	0.03609248995780945	-0.08433572947978973	0.29518163204193115	0.10547561943531036	0.2744641900062561	0.11994237452745438	0.08312241733074188	0.02038608491420746	0.2513943612575531	0.2540629506111145	0.025110501796007156	-0.03789063170552254	0.33913740515708923	0.08893641084432602	0.41293635964393616	0.12578332424163818	0.338460236787796	0.2223523110151291	0.057359371334314346	0.1605033427476883	0.07532428950071335	0.1071542426943779	0.3730624318122864	0.4443865120410919	0.6100677847862244	0.15293140709400177	-0.13357499241828918
pGP-rh	-0.30048638582229614	0.040999673306941986	0.09168627858161926	0.12939491868019104	-0.18241417407989502	0.1322295069694519	-0.020903529599308968	-0.025568723678588867	-0.20824111998081207	-0.027557065710425377	0.2470712810754776	0.048346322029829025	0.1835803985595703	0.09144783765077591	0.0904245525598526	0.27959704399108887	0.0423525869846344	-0.08058467507362366	-0.05958106368780136	-0.19364222884178162	-0.35595232248306274	0.09034106135368347	0.03609248995780945	1.0	-0.2178192138671875	-0.16119593381881714	-0.32985416054725647	0.13297685980796814	0.07106821984052658	0.04219149425625801	0.09716257452964783	0.004275161307305098	-0.12757813930511475	-0.22643445432186127	-0.015872426331043243	0.2063007354736328	0.1425924301147461	0.06322238594293594	-0.025794947519898415	-0.041263461112976074	0.22948645055294037	-0.023232627660036087	0.08572914451360703	-0.19860683381557465	-0.324125200510025	-0.23221713304519653	-0.03446045145392418	-0.09007971733808517	-0.20062761008739471	0.35887765884399414
aGP-rh	0.0023214491084218025	0.07106491923332214	0.16978837549686432	0.1745772361755371	0.01011637132614851	-0.0484771728515625	-0.03812997415661812	0.024376671761274338	0.1709156334400177	0.054087113589048386	-0.19613075256347656	-0.17798744142055511	-0.1756168156862259	-0.3277460038661957	-0.07863660901784897	-0.16194385290145874	-0.17184898257255554	0.03077412024140358	-0.005856855306774378	0.13062934577465057	0.3623248040676117	-0.06885724514722824	-0.08433572947978973	-0.2178192138671875	1.0	-0.23304331302642822	0.1618885099887848	0.09950749576091766	0.27589479088783264	0.14075221121311188	0.03805983439087868	0.20543204247951508	0.15274572372436523	-0.04974563047289848	0.02649627812206745	-0.2766152620315552	-0.4274881184101105	-0.26104632019996643	-0.32909831404685974	0.0680357962846756	-0.265938401222229	-0.06233491376042366	-0.21837174892425537	-0.15743499994277954	0.026967789977788925	0.08526584506034851	0.04374762624502182	-0.1280471384525299	0.19777141511440277	0.1075015738606453
HIP-head-m-lh	0.1620166003704071	0.00853763334453106	0.11552173644304276	-0.08283498138189316	-0.05059102922677994	-0.25018030405044556	0.11774570494890213	0.021385667845606804	-0.10086210072040558	-0.11411318182945251	0.15895739197731018	0.2741653323173523	-0.3111233413219452	0.17237477004528046	0.09396745264530182	0.26875460147857666	0.13228493928909302	-0.008235829882323742	-0.16080205142498016	-0.10022733360528946	-0.0011939170071855187	0.10218477249145508	0.29518163204193115	-0.16119593381881714	-0.23304331302642822	1.0	0.43607667088508606	0.046594079583883286	-0.1715904325246811	0.00947627518326044	-0.06546978652477264	-0.016169877722859383	0.17859049141407013	0.051363907754421234	-0.011817372404038906	0.2614249587059021	0.11601132899522781	0.10341204702854156	0.3167254626750946	0.34490489959716797	0.012608393095433712	0.10367895662784576	0.3162161409854889	0.26830998063087463	0.4454999268054962	0.40893110632896423	-0.027604343369603157	0.3719108998775482	-0.30974656343460083	-0.2081736922264099
HIP-head-l-l	0.301891565322876	0.17071102559566498	0.30417299270629883	-0.08381485193967819	-0.13808700442314148	-0.0733918696641922	0.09652411937713623	0.08806546032428741	0.021907126531004906	-0.07540275156497955	0.06962060183286667	0.06731236726045609	-0.0680144652724266	0.005740406922996044	0.16862532496452332	-0.01596870645880699	-0.12835636734962463	-0.025172486901283264	-0.001948590506799519	0.10749578475952148	0.27069011330604553	-0.1326417773962021	0.10547561943531036	-0.32985416054725647	0.1618885099887848	0.43607667088508606	1.0	0.02185821160674095	0.07862185686826706	0.057365793734788895	0.08734213560819626	-0.14226780831813812	0.20272235572338104	-0.026764724403619766	-0.1788887083530426	0.009026347659528255	-0.10051535069942474	0.12373117357492447	0.011216547340154648	0.15938811004161835	-0.22463974356651306	-0.02496965415775776	0.09274787455797195	0.0336838960647583	0.49695074558258057	0.2603600323200226	-0.065211221575737	0.2868318259716034	-0.08868946880102158	0.05046045780181885
HIP-body-l	-0.2027192860841751	0.10784561187028885	0.30328285694122314	0.1318771094083786	0.02586543746292591	0.1520352065563202	-0.04999738186597824	-0.05709949508309364	0.2706775963306427	0.17570580542087555	-0.07569540292024612	-0.16798894107341766	-0.09682919830083847	-0.14680172502994537	0.21213343739509583	-0.08938783407211304	-0.2700698971748352	-0.09117212891578674	-0.032422397285699844	-0.12091203033924103	-0.17547698318958282	0.13489438593387604	0.2744641900062561	0.13297685980796814	0.09950749576091766	0.046594079583883286	0.02185821160674095	1.0	0.23073601722717285	-0.058995068073272705	0.1035180538892746	0.05505719408392906	0.12895841896533966	0.0378907211124897	0.008182153105735779	-0.11118518561124802	-0.06995292007923126	0.1708003431558609	-0.22270813584327698	0.030509954318404198	-0.19522309303283691	-0.21451975405216217	-0.14454153180122375	0.008152905851602554	0.013385951519012451	0.09627015143632889	0.10642202198505402	0.017268123105168343	-0.02305465005338192	-0.07364159822463989
HIP-tail-lh	0.06461381167173386	0.20748589932918549	0.08872376382350922	0.049328092485666275	0.09247798472642899	0.2858375608921051	-0.08035431057214737	0.1422417312860489	0.2901459038257599	0.22370918095111847	-0.3209337890148163	-0.27051377296447754	-0.22539643943309784	-0.2801545560359955	0.18012963235378265	-0.26847052574157715	-0.35432812571525574	0.2677660584449768	-0.31579405069351196	-0.1256653517484665	0.08363080769777298	0.2500476539134979	0.11994237452745438	0.07106821984052658	0.27589479088783264	-0.1715904325246811	0.07862185686826706	0.23073601722717285	1.0	-0.0284682959318161	-0.03840860724449158	-0.24372880160808563	0.12062880396842957	-0.03775281831622124	-0.12751039862632751	-0.18491140007972717	-0.36624038219451904	-0.25427210330963135	-0.665213406085968	-0.22306393086910248	-0.23928101360797882	-0.38674280047416687	-0.1441565901041031	-0.214671328663826	-0.1280859261751175	-0.07882241904735565	0.0811542347073555	-0.02468358725309372	0.21073400974273682	0.20483137667179108
THA-VPm-lh	0.16987697780132294	0.14594058692455292	-0.11251944303512573	0.030545856803655624	0.23431335389614105	0.18642504513263702	-0.012279021553695202	0.022135518491268158	0.1033611074090004	0.19712011516094208	0.43861648440361023	0.3672654926776886	0.3583300709724426	0.1910456269979477	0.008731470443308353	0.2964473366737366	-0.012315139174461365	0.2651906907558441	0.26589182019233704	0.11113998293876648	0.32459646463394165	0.26186665892601013	0.08312241733074188	0.04219149425625801	0.14075221121311188	0.00947627518326044	0.057365793734788895	-0.058995068073272705	-0.0284682959318161	1.0	0.4819370210170746	0.3692457377910614	-0.07898560911417007	0.19914555549621582	0.01653384231030941	0.2402467578649521	0.1755189299583435	0.22781896591186523	0.0879686027765274	0.1429373174905777	0.16941915452480316	0.14837493002414703	-0.10014326870441437	0.2138391137123108	0.09562243521213531	0.16171619296073914	-0.07839009910821915	0.028618527576327324	0.06093454360961914	0.2902040481567383
THA-VPl-lh	-0.03513171896338463	-0.23336286842823029	-0.17291204631328583	0.14091292023658752	-0.03424041345715523	0.34231048822402954	-0.04055851697921753	-0.26741963624954224	-0.02782346121966839	0.33834511041641235	0.35997000336647034	0.16098515689373016	0.4306392967700958	0.32447320222854614	0.3191263973712921	-0.012268874794244766	-0.19583941996097565	0.17928588390350342	0.3246152698993683	0.022443337365984917	0.13602231442928314	-0.006823888514190912	0.02038608491420746	0.09716257452964783	0.03805983439087868	-0.06546978652477264	0.08734213560819626	0.1035180538892746	-0.03840860724449158	0.4819370210170746	1.0	0.2818603217601776	-0.08257601410150528	0.24784919619560242	0.21409352123737335	0.1536751240491867	0.2499137967824936	0.33288413286209106	-0.07134988158941269	0.0519980825483799	0.17440466582775116	-0.011484920047223568	-0.01510397344827652	-0.11988431215286255	-0.1149950623512268	0.1734364777803421	-0.16163723170757294	-0.0564759261906147	0.15095070004463196	0.1681392639875412
THA-VAi-lh	-0.2134413868188858	-0.24679961800575256	-0.2720489203929901	0.19905602931976318	0.2839950621128082	0.11289886385202408	0.08937932550907135	-0.10215029865503311	0.06812494248151779	0.14192858338356018	0.25142723321914673	0.3471827805042267	0.3199292719364166	0.256403386592865	-0.02603330835700035	0.3894204795360565	0.15150637924671173	0.07155659794807434	0.3696099817752838	0.136985644698143	0.0530264712870121	0.011059844866394997	0.2513943612575531	0.004275161307305098	0.20543204247951508	-0.016169877722859383	-0.14226780831813812	0.05505719408392906	-0.24372880160808563	0.3692457377910614	0.2818603217601776	1.0	0.20430512726306915	0.2686838209629059	0.24960042536258698	0.24903717637062073	0.22788044810295105	0.43201494216918945	0.2107965052127838	0.21267710626125336	0.29281526803970337	0.27484315633773804	-0.1397496908903122	0.1856032907962799	-0.12353166937828064	0.3665904402732849	-0.029275313019752502	0.055437881499528885	0.25432026386260986	0.12037770450115204
THA-VAs-lh	0.11102107912302017	-0.06997154653072357	-0.0038007579278200865	0.11507180333137512	0.039871588349342346	-0.22742611169815063	-0.0637647807598114	0.18796269595623016	0.26576733589172363	0.09518817067146301	-0.01678336039185524	0.03899642080068588	-0.047015197575092316	-0.02195972576737404	0.04592744633555412	0.05847068130970001	0.1213098093867302	0.19488130509853363	0.13397440314292908	-0.05524047836661339	0.17282703518867493	0.0048486460000276566	0.2540629506111145	-0.12757813930511475	0.15274572372436523	0.17859049141407013	0.20272235572338104	0.12895841896533966	0.12062880396842957	-0.07898560911417007	-0.08257601410150528	0.20430512726306915	1.0	0.19122575223445892	0.11261928081512451	0.10579518228769302	0.001828850363381207	0.18202140927314758	-0.028690563514828682	0.28739818930625916	-0.10306750982999802	0.13631510734558105	0.10916290432214737	-0.02310638129711151	0.2002631425857544	0.12993040680885315	0.08049966394901276	0.22224001586437225	0.2237873375415802	0.1276765614748001
THA-DAm-lh	0.0022596155758947134	-0.17669233679771423	0.010585510171949863	-0.11020113527774811	-0.0057590920478105545	0.18753844499588013	0.17055174708366394	0.10579196363687515	0.15221138298511505	0.3154580593109131	0.2122296392917633	0.1392638385295868	0.12256594747304916	0.10982408374547958	-0.032994162291288376	-0.003462783293798566	-0.009938832372426987	-0.02806338667869568	0.32117441296577454	0.35932520031929016	-0.07655616849660873	-0.02425949089229107	0.025110501796007156	-0.22643445432186127	-0.04974563047289848	0.051363907754421234	-0.026764724403619766	0.0378907211124897	-0.03775281831622124	0.19914555549621582	0.24784919619560242	0.2686838209629059	0.19122575223445892	1.0	0.37106919288635254	0.21683917939662933	0.23802171647548676	0.1087341383099556	-0.028382280841469765	0.14965635538101196	0.18409569561481476	0.1064692959189415	-0.01041458360850811	0.278205007314682	0.12526647746562958	0.35521024465560913	0.23249980807304382	-0.08974015712738037	0.08869583159685135	-0.14352114498615265
THA-DAl-lh	-0.2343616485595703	-0.5173584818840027	-0.029443927109241486	0.06240949034690857	0.1745087206363678	-0.09402210265398026	0.19976726174354553	0.056098826229572296	0.17392390966415405	0.22520999610424042	0.10853975266218185	0.11978526413440704	0.046324584633111954	0.05424821376800537	-0.1609773337841034	0.008561299182474613	-0.04910203441977501	0.004974414594471455	0.1988324075937271	0.11974873393774033	-0.0513823926448822	-0.2583981156349182	-0.03789063170552254	-0.015872426331043243	0.02649627812206745	-0.011817372404038906	-0.1788887083530426	0.008182153105735779	-0.12751039862632751	0.01653384231030941	0.21409352123737335	0.24960042536258698	0.11261928081512451	0.37106919288635254	1.0	0.1229175478219986	0.3037959933280945	-0.1179010346531868	-0.074741430580616	0.03617989271879196	0.06057543307542801	-0.12923073768615723	-0.11990351229906082	0.35017311573028564	0.05612705647945404	0.2806469798088074	0.2381192296743393	-0.2441113144159317	0.13844747841358185	-0.08860544115304947
PUT-VA-lh	-0.24648545682430267	-0.19685567915439606	-0.147532120347023	-0.25190603733062744	0.0852491557598114	0.02904854156076908	0.2697772681713104	0.18223531544208527	-0.19441191852092743	0.030953725799918175	0.8683938980102539	0.7343810200691223	0.2700442671775818	0.5374129414558411	0.3574702739715576	0.6394372582435608	0.5251448154449463	0.2245892435312271	0.5512226223945618	-0.1101522445678711	-0.05218284949660301	0.3137805461883545	0.33913740515708923	0.2063007354736328	-0.2766152620315552	0.2614249587059021	0.009026347659528255	-0.11118518561124802	-0.18491140007972717	0.2402467578649521	0.1536751240491867	0.24903717637062073	0.10579518228769302	0.21683917939662933	0.1229175478219986	1.0	0.7657795548439026	0.3391762971878052	0.38628751039505005	0.2920488715171814	0.6774843335151672	0.5728197693824768	0.499132364988327	0.2869645655155182	0.11764661222696304	0.04643788933753967	0.2296701967716217	0.50255286693573	0.0007970172446221113	0.025619978085160255
PUT-DA-l	-0.28133437037467957	-0.4153393507003784	-0.2431047111749649	-0.2661566734313965	0.014619412831962109	-0.06696179509162903	0.16810980439186096	0.0014644088223576546	-0.2450874000787735	0.026655355468392372	0.7439061999320984	0.6326279044151306	0.4142809808254242	0.567173421382904	0.3951947093009949	0.39878082275390625	0.37113291025161743	0.1432979702949524	0.5057582259178162	-0.10411550104618073	-0.1980201005935669	0.05663573369383812	0.08893641084432602	0.1425924301147461	-0.4274881184101105	0.11601132899522781	-0.10051535069942474	-0.06995292007923126	-0.36624038219451904	0.1755189299583435	0.2499137967824936	0.22788044810295105	0.001828850363381207	0.23802171647548676	0.3037959933280945	0.7657795548439026	1.0	0.3509889245033264	0.47671613097190857	0.19580411911010742	0.5303314328193665	0.45403894782066345	0.34320375323295593	0.2503684163093567	0.07192282378673553	-0.054878897964954376	0.19975629448890686	0.24549363553524017	-0.129960834980011	-0.011425148695707321
PUT-VP-lh	-0.16095943748950958	-0.16135694086551666	-0.20489224791526794	0.0644535943865776	0.06264607608318329	0.13231469690799713	0.06912200152873993	-0.3085535764694214	-0.09078231453895569	-0.008794964291155338	0.39169982075691223	0.31145334243774414	0.5742286443710327	0.6409650444984436	0.42555883526802063	0.4140700101852417	0.1922391802072525	0.05439470335841179	0.40527138113975525	-0.2715615928173065	-0.06008925288915634	0.13794079422950745	0.41293635964393616	0.06322238594293594	-0.26104632019996643	0.10341204702854156	0.12373117357492447	0.1708003431558609	-0.25427210330963135	0.22781896591186523	0.33288413286209106	0.43201494216918945	0.18202140927314758	0.1087341383099556	-0.1179010346531868	0.3391762971878052	0.3509889245033264	1.0	0.46992984414100647	0.27669060230255127	0.3316175043582916	0.3042522668838501	0.18926236033439636	-0.09132905304431915	-0.00043637744965963066	0.28881824016571045	-0.05517167970538139	0.3494166135787964	0.1407954841852188	0.07370288670063019
PUT-DP-lh	-0.22338905930519104	-0.16895116865634918	-0.10662586987018585	-0.08049806207418442	-0.06967251747846603	-0.2372506707906723	0.10808680951595306	-0.22757290303707123	-0.21294742822647095	-0.34583181142807007	0.48676419258117676	0.5078520774841309	0.34354934096336365	0.5002334713935852	0.08160212635993958	0.44114336371421814	0.4981974959373474	-0.19270841777324677	0.24268953502178192	-0.18743057548999786	-0.10052826255559921	0.026558002457022667	0.12578332424163818	-0.025794947519898415	-0.32909831404685974	0.3167254626750946	0.011216547340154648	-0.22270813584327698	-0.665213406085968	0.0879686027765274	-0.07134988158941269	0.2107965052127838	-0.028690563514828682	-0.028382280841469765	-0.074741430580616	0.38628751039505005	0.47671613097190857	0.46992984414100647	1.0	0.3257634937763214	0.33263593912124634	0.47572094202041626	0.2463131695985794	0.2641224265098572	0.2141532152891159	0.16988089680671692	-0.06348977237939835	0.3516823947429657	-0.32004544138908386	-0.2526950240135193
