Node	LH_Vis_1	LH_Vis_2	LH_Vis_3	LH_Vis_4	LH_Vis_5	LH_Vis_6	LH_Vis_7	LH_Vis_8	LH_Vis_9	LH_SomMot_1	LH_SomMot_2	LH_SomMot_3	LH_SomMot_4	LH_SomMot_5	LH_SomMot_6	LH_DorsAttn_Post_1	LH_DorsAttn_Post_2	LH_DorsAttn_Post_3	LH_DorsAttn_Post_4	LH_DorsAttn_Post_5	LH_DorsAttn_Post_6	LH_DorsAttn_PrCv_1	LH_DorsAttn_FEF_1	LH_SalVentAttn_ParOper_1	LH_SalVentAttn_FrOperIns_1	LH_SalVentAttn_FrOperIns_2	LH_SalVentAttn_PFCl_1	LH_SalVentAttn_Med_1	LH_SalVentAttn_Med_2	LH_SalVentAttn_Med_3	LH_Limbic_OFC_1	LH_Limbic_TempPole_1	LH_Limbic_TempPole_2	LH_Cont_Par_1	LH_Cont_PFCl_1	LH_Cont_pCun_1	LH_Cont_Cing_1	LH_Default_Temp_1	LH_Default_Temp_2	LH_Default_Par_1	LH_Default_Par_2	LH_Default_PFC_1	LH_Default_PFC_2	LH_Default_PFC_3	LH_Default_PFC_4	LH_Default_PFC_5	LH_Default_PFC_6	LH_Default_PFC_7	LH_Default_pCunPCC_1	LH_Default_pCunPCC_2	RH_Vis_1	RH_Vis_2	RH_Vis_3	RH_Vis_4	RH_Vis_5	RH_Vis_6	RH_Vis_7	RH_Vis_8	RH_SomMot_1	RH_SomMot_2	RH_SomMot_3	RH_SomMot_4	RH_SomMot_5	RH_SomMot_6	RH_SomMot_7	RH_SomMot_8	RH_DorsAttn_Post_1	RH_DorsAttn_Post_2	RH_DorsAttn_Post_3	RH_DorsAttn_Post_4	RH_DorsAttn_Post_5	RH_DorsAttn_PrCv_1	RH_DorsAttn_FEF_1	RH_SalVentAttn_TempOccPar_1	RH_SalVentAttn_TempOccPar_2	RH_SalVentAttn_FrOperIns_1	RH_SalVentAttn_Med_1	RH_SalVentAttn_Med_2	RH_Limbic_OFC_1	RH_Limbic_TempPole_1	RH_Cont_Par_1	RH_Cont_Par_2	RH_Cont_PFCl_1	RH_Cont_PFCl_2	RH_Cont_PFCl_3	RH_Cont_PFCl_4	RH_Cont_Cing_1	RH_Cont_PFCmp_1	RH_Cont_pCun_1	RH_Default_Par_1	RH_Default_Temp_1	RH_Default_Temp_2	RH_Default_Temp_3	RH_Default_PFCv_1	RH_Default_PFCv_2	RH_Default_PFCdPFCm_1	RH_Default_PFCdPFCm_2	RH_Default_PFCdPFCm_3	RH_Default_pCunPCC_1	RH_Default_pCunPCC_2	LH-Pu	LH-Ca	LH-NAC	LH-EXA	LH-GPe	LH-GPi	LH-SNc_PBP_VTA	LH-RN	LH-SNr	LH-VeP	LH-HN	LH-HTH	LH-MN	LH-STH	RH-Pu	RH-Ca	RH-NAC	RH-EXA	RH-GPe	RH-GPi	RH-SNc_PBP_VTA	RH-RN	RH-SNr	RH-VeP	RH-HN	RH-HTH	RH-MN	RH-STH	LH-Pulvinar	LH-Anterior	LH-Medio_Dorsal	LH-Ventral_Latero_Dorsal	LH-Central_Lateral-Lateral_Posterior-Medial_Pulvinar	LH-Ventral_Anterior	LH-Ventral_Latero_Ventral	RH-Pulvinar	RH-Anterior	RH-Medio_Dorsal	RH-Ventral_Latero_Dorsal	RH-Central_Lateral-Lateral_Posterior-Medial_Pulvinar	RH-Ventral_Anterior	RH-Ventral_Latero_Ventral	LH_Hippocampus	LH_Amygdala	RH_Hippocampus	RH_Amygdala	Cerebellar_Region1	Cerebellar_Region2	Cerebellar_Region3	Cerebellar_Region4	Cerebellar_Region5	Cerebellar_Region6	Cerebellar_Region7	Cerebellar_Region8	Cerebellar_Region9	Cerebellar_Region10
LH_Vis_1	1.0	0.13904082775115967	0.2877805233001709	-0.1832452416419983	0.08566790074110031	0.025656022131443024	0.041050512343645096	0.07579796761274338	0.04331892728805542	-0.03660760074853897	0.03422107547521591	-0.14740507304668427	0.015118219889700413	-0.08454876393079758	-0.18694187700748444	0.24466565251350403	0.0029576444067060947	0.16704587638378143	-0.040095724165439606	0.025485320016741753	-0.11315827816724777	0.1888577938079834	0.09437549859285355	-0.08289332687854767	-0.01190344337373972	-0.0606989711523056	-0.00393444811925292	0.07281678915023804	-0.16142764687538147	-0.05181751400232315	0.1408582627773285	-0.19188162684440613	0.25749361515045166	0.2705274820327759	0.2623542249202728	0.1895548403263092	0.10810085386037827	-0.19320879876613617	-0.01492931880056858	-0.07587669044733047	0.19096961617469788	0.16005939245224	0.05177176743745804	-0.014962796121835709	0.08156999200582504	0.146055668592453	0.32129132747650146	0.44140884280204773	0.4658461809158325	0.11557824164628983	0.39096516370773315	0.19142435491085052	-0.05319412797689438	-0.24829471111297607	-0.1216781809926033	0.145966038107872	-0.1122296154499054	0.051431804895401	-0.035314928740262985	-0.06843951344490051	-0.05862328037619591	-0.00844263844192028	-0.0025575750041753054	0.013485124334692955	-0.05630039796233177	-0.18813388049602509	0.004950303118675947	-0.09102658927440643	0.08002305775880814	0.05270968750119209	-0.15374962985515594	-0.03401533141732216	-0.012246524915099144	-0.2347966730594635	-0.16033069789409637	-0.17960596084594727	-0.3003997802734375	-0.09579305350780487	0.17329064011573792	-0.14072208106517792	0.12767988443374634	0.18179024755954742	0.2067510038614273	0.3057859539985657	-0.0007266291650012136	-0.04753769189119339	-0.08548080176115036	0.17334827780723572	0.03580893576145172	0.0386645644903183	0.057675670832395554	-0.1887071430683136	-0.024298273026943207	0.09559550136327744	-0.09744308888912201	-0.13926133513450623	-0.04411925747990608	0.10044300556182861	0.3261111378669739	-0.033529557287693024	-0.046568140387535095	0.24815182387828827	0.03217152878642082	-0.21991808712482452	-0.033932942897081375	0.1770540177822113	-0.18430814146995544	0.2563379406929016	-0.14986556768417358	-0.18907801806926727	-0.047423891723155975	0.018454065546393394	0.04712483286857605	-0.13868381083011627	0.011135770007967949	0.15933619439601898	0.20425696671009064	0.024686641991138458	0.2855358123779297	-0.19793948531150818	-0.009528609924018383	0.027426358312368393	-0.11582538485527039	0.1527969092130661	0.0347273014485836	0.19187316298484802	-0.13424445688724518	0.05817892774939537	-0.11818837374448776	0.20577776432037354	-0.010995672084391117	-0.3008040487766266	0.22269609570503235	0.0596485435962677	-0.10566241294145584	-0.303328275680542	0.30295857787132263	-0.1327439844608307	-0.03790656849741936	0.06690487265586853	-0.0447734110057354	-0.16833968460559845	0.3457179069519043	-0.06375998258590698	-0.034506071358919144	-0.08241787552833557	0.3437045216560364	0.346353679895401	0.566700279712677	0.42318251729011536	0.35590657591819763	0.5025262236595154	0.17720668017864227	0.30357182025909424	0.36416926980018616	0.09384329617023468
LH_Vis_2	0.13904082775115967	1.0	0.3406582772731781	0.6476229429244995	0.8122912645339966	0.43378546833992004	0.2517445981502533	0.8150964379310608	0.49559828639030457	0.34712129831314087	0.23434016108512878	0.3522101938724518	0.4623781144618988	0.45408883690834045	-0.013658876530826092	0.3302146792411804	0.13563115894794464	0.3980160653591156	0.37785208225250244	0.19576396048069	0.22204212844371796	0.24956166744232178	0.4342668950557709	0.32190269231796265	0.47933411598205566	0.5456858277320862	0.48709002137184143	0.44648706912994385	0.13330523669719696	0.4181636869907379	-0.47345250844955444	-0.22418485581874847	-0.5549533367156982	0.014769296161830425	0.03479086235165596	-0.13112513720989227	-0.44132569432258606	-0.5584535598754883	-0.04959654062986374	0.3218691349029541	-0.5630354285240173	0.4052436053752899	-0.24664586782455444	-0.49013301730155945	-0.3409368693828583	-0.5960301756858826	-0.11568790674209595	-0.4107547700405121	-0.39737311005592346	-0.4915923774242401	0.37564751505851746	0.7937297224998474	0.5209351778030396	0.6592922210693359	0.5076133608818054	0.39417681097984314	0.6801437139511108	0.4557249844074249	0.45465731620788574	0.4202212691307068	0.4080858528614044	0.41940078139305115	0.6288686990737915	0.25185245275497437	0.1638687402009964	-0.05616728961467743	-0.5204641819000244	0.26263460516929626	0.18598799407482147	0.4223468005657196	0.25715702772140503	0.16448967158794403	0.41345569491386414	0.1077582836151123	0.08280844241380692	0.4624290466308594	0.18417946994304657	0.38017913699150085	-0.22379960119724274	-0.2973823547363281	-0.4691706895828247	-0.5156420469284058	-0.6283214092254639	-0.46557196974754333	-0.4890386164188385	-0.7378886342048645	-0.5509576797485352	0.08145418018102646	-0.5658082365989685	-0.7087544798851013	-0.5619587302207947	-0.39928075671195984	-0.46748650074005127	-0.32127854228019714	-0.6771280169487	-0.5743391513824463	-0.7967676520347595	-0.6918927431106567	-0.41919198632240295	-0.6634101867675781	0.31424668431282043	0.36510980129241943	0.14055071771144867	0.01021598931401968	0.0997164398431778	-0.2297319918870926	-0.03248554468154907	0.397803395986557	0.1580260843038559	-0.005241874139755964	0.041451096534729004	0.2745652198791504	-0.2355126589536667	0.09732306003570557	0.27830183506011963	0.20090557634830475	0.2987576425075531	0.2688847482204437	0.060407985001802444	0.3071232736110687	-0.04392820596694946	0.062354862689971924	-0.18375787138938904	0.026380063965916634	0.089671790599823	-0.031894903630018234	0.23207096755504608	-0.1428808718919754	0.07598317414522171	0.1870233565568924	0.4419117271900177	-0.09793990105390549	0.1075766310095787	0.40731140971183777	0.3487163186073303	-0.18558914959430695	0.05049879476428032	-0.011703142896294594	-0.004646268207579851	-0.04412686824798584	-0.23572972416877747	0.38616329431533813	0.13490049540996552	0.053618643432855606	-0.15823370218276978	0.14581692218780518	0.3845156133174896	0.4340398609638214	0.32378172874450684	0.2546095848083496	-0.39312508702278137	0.37652504444122314	-0.5063966512680054	-0.13882072269916534	0.09759796410799026	-0.5535348057746887
LH_Vis_3	0.2877805233001709	0.3406582772731781	1.0	-0.2849331200122833	0.2111809104681015	0.6255642771720886	0.34527283906936646	0.5539191365242004	0.7785521745681763	0.19939254224300385	0.2912846505641937	0.30343538522720337	0.42908093333244324	0.0057634455151855946	0.07571891695261002	0.0897284522652626	0.2670716643333435	0.0828438401222229	-0.04725160449743271	0.288153737783432	0.08524414896965027	0.228128582239151	0.009278927929699421	0.27881762385368347	0.23526085913181305	0.35049670934677124	0.21728821098804474	0.31775978207588196	0.18308629095554352	0.2125146985054016	-0.30937832593917847	0.021964356303215027	-0.17128317058086395	0.07237677276134491	0.1431829035282135	-0.056984394788742065	-0.001944242394529283	-0.12193354219198227	0.016074541956186295	0.28546959161758423	-0.11662225425243378	0.21268492937088013	0.1371794193983078	-0.17048607766628265	0.10741548240184784	-0.14789998531341553	-0.00987175665795803	-0.061656489968299866	-0.014557440765202045	-0.1244225800037384	0.09341651946306229	0.6158338785171509	0.09119608998298645	-0.23478356003761292	0.6090323328971863	0.7299985289573669	0.26365381479263306	0.7741476893424988	0.15297995507717133	0.21886420249938965	0.3396463394165039	0.36098772287368774	0.35437077283859253	0.03640200197696686	0.1592460721731186	0.08675336092710495	-0.2209974080324173	0.10078638792037964	0.08259854465723038	0.1573634296655655	0.21066834032535553	-0.018126951530575752	0.16846640408039093	-0.1272740215063095	-0.09936783462762833	0.25275862216949463	0.12203223258256912	0.08250468224287033	-0.43912455439567566	0.028680332005023956	-0.22264070808887482	-0.24426867067813873	-0.17788831889629364	-0.2733467221260071	-0.37547367811203003	-0.37149685621261597	-0.40913206338882446	-0.04764099791646004	-0.16813170909881592	-0.3510119318962097	-0.35544663667678833	-0.0572233572602272	-0.2999250888824463	-0.09261924028396606	-0.3546859920024872	-0.2276940792798996	-0.35267484188079834	-0.2312900274991989	0.013499660417437553	-0.3163081407546997	0.15408198535442352	0.10087872296571732	0.02897629886865616	-0.16772113740444183	0.40936705470085144	-0.06525325775146484	0.5339284539222717	0.06658373773097992	0.13282392919063568	0.23368389904499054	-0.20308755338191986	-0.04600783810019493	0.22545629739761353	-0.35029667615890503	0.02119452878832817	0.004109909757971764	0.11426319181919098	0.10027424991130829	-0.0759987086057663	0.10108897089958191	0.48826831579208374	0.07900512218475342	0.4401838481426239	0.031113766133785248	-0.08570834994316101	-0.27165353298187256	0.009168772958219051	-0.0408947728574276	-0.16191989183425903	0.10478898882865906	-0.04178120940923691	0.20116309821605682	-0.014391541481018066	0.14297616481781006	-0.12390255928039551	-0.4551405906677246	0.16358062624931335	-0.2859764099121094	0.1912684589624405	-0.20317411422729492	-0.08545242249965668	-0.2535310685634613	0.14017297327518463	0.1062663346529007	-0.2199232131242752	-0.009351168759167194	0.18892301619052887	0.13273529708385468	0.23648576438426971	0.1567227989435196	-0.08078950643539429	0.37308087944984436	-0.1316433548927307	-0.04241419956088066	0.19692234694957733	-0.1533995121717453
LH_Vis_4	-0.1832452416419983	0.6476229429244995	-0.2849331200122833	1.0	0.5348179936408997	0.20496772229671478	-0.045789796859025955	0.42480799555778503	-0.01280102040618658	0.08428135514259338	0.02838219702243805	0.06143029034137726	0.1952999234199524	0.405253142118454	-0.05234970524907112	0.30117228627204895	-0.13135822117328644	0.337278813123703	0.3467820882797241	0.030257100239396095	0.13734564185142517	0.11788482218980789	0.4597281217575073	-0.03510293364524841	0.21161262691020966	0.23731952905654907	0.26492613554000854	0.19229210913181305	-0.09485109150409698	0.18958395719528198	-0.16755492985248566	-0.3388647139072418	-0.4938814640045166	-0.014178317971527576	0.005355244502425194	-0.13360606133937836	-0.44676610827445984	-0.49807754158973694	-0.23335929214954376	0.0010898176115006208	-0.57896888256073	0.22313691675662994	-0.3838013708591461	-0.36267906427383423	-0.43960779905319214	-0.495931476354599	-0.05671413615345955	-0.31216996908187866	-0.27644646167755127	-0.4499315023422241	0.30084964632987976	0.331256240606308	0.5283726453781128	0.9084330201148987	0.14305618405342102	-0.002583324909210205	0.5554827451705933	-0.12406590580940247	0.29943323135375977	0.2447264939546585	0.1320396065711975	0.19781175255775452	0.3493421971797943	0.2294153869152069	0.04259863123297691	-0.09969588369131088	-0.3764808177947998	0.18151210248470306	0.09574006497859955	0.2643202543258667	0.07141661643981934	0.28885617852211	0.37077629566192627	0.11834593862295151	0.09230595082044601	0.19044847786426544	0.047693852335214615	0.2787247896194458	0.11834952980279922	-0.322695791721344	-0.4530803859233856	-0.37310487031936646	-0.6016528606414795	-0.38401442766189575	-0.2896542251110077	-0.37443768978118896	-0.37629812955856323	0.09991258382797241	-0.44922754168510437	-0.4757365882396698	-0.3564629554748535	-0.21454189717769623	-0.046510156244039536	-0.2629143297672272	-0.35699164867401123	-0.41104260087013245	-0.5468760132789612	-0.516268253326416	-0.3476909101009369	-0.4069758951663971	0.1616078019142151	0.39716413617134094	0.16853250563144684	0.2594425082206726	-0.07882589101791382	-0.2225923091173172	-0.3096816837787628	0.3177354633808136	0.04745391756296158	-0.2531355917453766	0.3125145435333252	0.2156219184398651	-0.16290271282196045	0.21547162532806396	0.17901915311813354	0.30578359961509705	0.20953410863876343	0.23929907381534576	0.16301724314689636	0.14189206063747406	-0.21168747544288635	0.00878998264670372	-0.3627179265022278	-0.12027307599782944	0.10346999019384384	0.027995914220809937	0.10164202749729156	0.009737394750118256	0.29863113164901733	0.14235444366931915	0.3690628707408905	-0.0422683022916317	0.0789182186126709	0.46924343705177307	0.3352701961994171	0.11743622273206711	-0.05446215346455574	0.08070217072963715	-0.09467369318008423	-0.05463709309697151	0.012164154089987278	0.46165192127227783	0.08135936409235	-0.1798819750547409	-0.01325143314898014	0.043035633862018585	0.1204548105597496	0.2494763880968094	0.14918246865272522	0.010568913072347641	-0.38666677474975586	0.09704694151878357	-0.40213704109191895	-0.10034173727035522	-0.07146348804235458	-0.4349226653575897
LH_Vis_5	0.08566790074110031	0.8122912645339966	0.2111809104681015	0.5348179936408997	1.0	0.4470999836921692	-0.04743311554193497	0.585490345954895	0.40299227833747864	0.318947970867157	0.2944480776786804	0.38025033473968506	0.35127148032188416	0.39570146799087524	0.12587422132492065	0.038449354469776154	0.00995703786611557	0.14897039532661438	0.27685317397117615	0.11661461740732193	0.23225143551826477	-0.008440804667770863	0.32342708110809326	0.12035229057073593	0.24781355261802673	0.3856946527957916	0.2705753743648529	0.39132824540138245	-0.013339073397219181	0.35597920417785645	-0.45635348558425903	-0.21257366240024567	-0.4467599391937256	-0.14268858730793	-0.15527109801769257	-0.1873987764120102	-0.41315561532974243	-0.4428229033946991	-0.22782695293426514	0.09993050992488861	-0.5762779116630554	0.2042451947927475	-0.3444617688655853	-0.47264474630355835	-0.3757028877735138	-0.6633610725402832	-0.34578579664230347	-0.4477711021900177	-0.3602660298347473	-0.4846669137477875	0.09468697756528854	0.5025551915168762	0.24491126835346222	0.6675711870193481	0.4808832108974457	0.24226205050945282	0.4260329306125641	0.3645438253879547	0.48635655641555786	0.43078187108039856	0.45291560888290405	0.32931002974510193	0.5920682549476624	0.28974300622940063	0.20008628070354462	0.11800382286310196	-0.44787517189979553	0.22538192570209503	0.02144956775009632	0.16849151253700256	0.31679826974868774	0.11253993213176727	0.3368821144104004	0.1099625825881958	0.20514583587646484	0.3922136127948761	0.19941478967666626	0.4357720613479614	-0.08182010799646378	-0.17659451067447662	-0.4180721342563629	-0.4854716360569	-0.6244782209396362	-0.41700848937034607	-0.40704280138015747	-0.4981834888458252	-0.48234039545059204	0.16243156790733337	-0.5152570605278015	-0.5371197462081909	-0.468448281288147	-0.31067970395088196	-0.2693464159965515	-0.34841763973236084	-0.5252718329429626	-0.5153934359550476	-0.678216278553009	-0.5545427203178406	-0.36901894211769104	-0.5024664998054504	0.23826813697814941	0.17119832336902618	0.3009665012359619	0.03016774356365204	0.02997535467147827	-0.22950413823127747	-0.11975715309381485	0.4451409876346588	0.2145450860261917	-0.07098706811666489	0.0464208759367466	0.2026679664850235	-0.13895675539970398	0.08357873558998108	0.26204437017440796	0.001330200000666082	0.37010082602500916	0.11700901389122009	-0.027054429054260254	0.1080525815486908	-0.0896696075797081	0.042558781802654266	-0.13296788930892944	0.12231041491031647	0.11960317194461823	-0.07137425988912582	0.362602174282074	-0.013721596449613571	0.04395570233464241	0.049746815115213394	0.48418015241622925	0.018560508266091347	0.07338526844978333	0.22679561376571655	0.4616287648677826	-0.09419827163219452	0.1107344999909401	0.06478697806596756	-0.05621858686208725	-0.04061625152826309	-0.2015075534582138	0.38277801871299744	0.33147162199020386	0.11161503195762634	0.08851341903209686	0.15958666801452637	0.39257609844207764	0.29586634039878845	0.11022167652845383	0.15259163081645966	-0.3665120005607605	0.14388245344161987	-0.4516583979129791	-0.28138267993927	-0.06663455814123154	-0.48426809906959534
LH_Vis_6	0.025656022131443024	0.43378546833992004	0.6255642771720886	0.20496772229671478	0.4470999836921692	1.0	0.01704399473965168	0.5943058729171753	0.7749450206756592	0.11402653902769089	0.03425932303071022	0.09645736962556839	0.3359919786453247	0.23514746129512787	0.13630735874176025	0.1327374279499054	-0.1614076793193817	0.09449278563261032	-0.04111860319972038	0.19325117766857147	0.08751840889453888	0.0037230791058391333	0.20876909792423248	-0.15194764733314514	0.15899038314819336	0.155512735247612	0.09216689318418503	0.152225062251091	-0.09121552854776382	0.11741004139184952	-0.15185783803462982	-0.15299762785434723	-0.270771324634552	0.031760022044181824	0.08036559075117111	-0.0520169772207737	-0.14223039150238037	-0.20698028802871704	-0.31673356890678406	-0.05583889037370682	-0.4397493302822113	-0.02156711369752884	-0.22301098704338074	-0.21404185891151428	-0.061952706426382065	-0.39811480045318604	-0.13110023736953735	-0.183395117521286	0.022550374269485474	-0.26459941267967224	0.08005881309509277	0.5401599407196045	0.3082568049430847	0.32003918290138245	0.7562122941017151	0.8346220850944519	0.4693531394004822	0.6432846188545227	0.19409535825252533	0.18210606276988983	0.23771746456623077	0.33242520689964294	0.4905952215194702	0.21311575174331665	0.09622437506914139	0.0996491089463234	-0.3445124924182892	0.07933416217565536	-0.04297265037894249	0.1256730854511261	0.1764833778142929	0.0811966061592102	0.35136473178863525	-0.24817748367786407	-0.22203613817691803	0.07944227010011673	0.022127335891127586	0.1797022819519043	-0.18295195698738098	-0.1501220017671585	-0.43025028705596924	-0.25448670983314514	-0.3731870949268341	-0.412514865398407	-0.4334838390350342	-0.27270227670669556	-0.465402215719223	-0.06543593108654022	-0.2791353762149811	-0.4006727933883667	-0.3435669243335724	0.02198592945933342	-0.040386099368333817	-0.2644810378551483	-0.3189736008644104	-0.27153903245925903	-0.48174604773521423	-0.3075713515281677	0.026156868785619736	-0.2923696041107178	0.06458637118339539	0.18243080377578735	0.1138564720749855	0.039034489542245865	0.1857309639453888	-0.1636650115251541	0.36280137300491333	0.269736111164093	0.1436912715435028	0.1236385852098465	0.007597599644213915	0.004505985416471958	0.2666749358177185	-0.1025354415178299	0.05242425948381424	0.10241516679525375	0.3213883340358734	0.12375742942094803	-0.05513795092701912	-0.09485595673322678	0.4037345349788666	0.01458720862865448	0.26676487922668457	0.056915365159511566	0.01153573114424944	-0.13360770046710968	0.05721915513277054	0.05230267345905304	0.06036435440182686	0.06935591995716095	0.150534525513649	0.15919038653373718	-0.09526964277029037	0.39335697889328003	0.14320100843906403	-0.20635388791561127	0.18020862340927124	-0.22143889963626862	0.019303493201732635	-0.26922908425331116	0.13158442080020905	0.02200593240559101	0.22014179825782776	-0.06157820299267769	-0.13408733904361725	-0.15567883849143982	0.1994205266237259	0.137484610080719	0.21642324328422546	0.08989877253770828	-0.23399598896503448	0.216139554977417	-0.2183407098054886	-0.16055147349834442	0.05087965354323387	-0.2392270267009735
LH_Vis_7	0.041050512343645096	0.2517445981502533	0.34527283906936646	-0.045789796859025955	-0.04743311554193497	0.01704399473965168	1.0	0.4528157114982605	0.2319260984659195	0.2192876636981964	-0.09185172617435455	0.07730550318956375	0.13222067058086395	-0.12191399931907654	-0.29418477416038513	0.5773361921310425	0.5942403078079224	0.38813287019729614	0.1788519024848938	0.06579452753067017	-0.1618620604276657	0.6137364506721497	0.07769936323165894	0.5625167489051819	0.2761768102645874	0.2675269544124603	0.25724661350250244	-0.010640486143529415	0.24983496963977814	0.016127826645970345	-0.09318830817937851	0.05119280144572258	0.006298780906945467	0.22547481954097748	0.23388510942459106	-0.07481258362531662	-0.08762287348508835	-0.04136183485388756	0.7822555303573608	0.8230454921722412	0.21997886896133423	0.28729376196861267	0.25339773297309875	-0.08903063833713531	0.0013107606209814548	-0.0031828931532800198	0.2983642518520355	-0.03130170702934265	-0.004437707830220461	0.049219563603401184	0.29937735199928284	0.3678892254829407	0.43625733256340027	-0.10805989056825638	0.0498373880982399	0.20623701810836792	0.3168802261352539	0.20821025967597961	0.1279270052909851	-0.08297143876552582	0.0622197762131691	0.04190843179821968	-0.0511430986225605	-0.18392103910446167	-0.1626524031162262	-0.25951582193374634	-0.08303768932819366	0.07023944705724716	0.19962584972381592	0.2879735231399536	-0.20192943513393402	0.1002298966050148	-0.0036506575997918844	0.2692052125930786	-0.15608106553554535	0.03871343657374382	-0.035831499844789505	-0.27912604808807373	-0.21961422264575958	-0.0648777037858963	-0.12677694857120514	-0.11170447617769241	-0.12174802273511887	-0.32589420676231384	-0.3512655794620514	-0.391579806804657	-0.11581724137067795	-0.29761093854904175	-0.1635880321264267	-0.26342126727104187	-0.025895319879055023	-0.10503125935792923	-0.3091477155685425	-0.0864415392279625	-0.13638688623905182	-0.06591404229402542	-0.22680331766605377	-0.24616219103336334	-0.09275258332490921	-0.3117311894893646	0.023475084453821182	0.06917284429073334	-0.08042731881141663	-0.1330326795578003	0.20131082832813263	0.13058476150035858	0.20222555100917816	-0.1997559666633606	0.16363225877285004	0.2747652530670166	-0.20075799524784088	-0.09548306465148926	-0.17427797615528107	-0.32387545704841614	-0.21515189111232758	0.055444344878196716	-0.015439987182617188	0.26362451910972595	-0.3430154323577881	0.10450224578380585	0.13456641137599945	-0.10861841589212418	0.05722152814269066	0.058488305658102036	-0.09757755696773529	-0.2673722803592682	-0.1010022833943367	-0.2696666717529297	-0.08839701861143112	0.20005188882350922	-0.07183369994163513	0.06960766017436981	0.02278531901538372	0.07659400254487991	-0.14287546277046204	-0.3612135648727417	-0.013406140729784966	-0.14593495428562164	-0.015469544567167759	-0.2205631285905838	-0.10653689503669739	-0.2730191648006439	-0.04890891909599304	0.07564332336187363	-0.10125177353620529	-0.04505478963255882	-0.3014509379863739	-0.20239728689193726	-0.076631098985672	-0.18350808322429657	-0.32717496156692505	0.10162770003080368	-0.2873654067516327	0.013089845888316631	0.04446011036634445	-0.31982895731925964
LH_Vis_8	0.07579796761274338	0.8150964379310608	0.5539191365242004	0.42480799555778503	0.585490345954895	0.5943058729171753	0.4528157114982605	1.0	0.680992841720581	0.16883471608161926	0.08381175249814987	0.11688147485256195	0.33523398637771606	0.216099813580513	-0.09961564838886261	0.5395097136497498	0.11548823118209839	0.567672848701477	0.21839439868927002	0.34160780906677246	0.0671146884560585	0.3558399975299835	0.3694623112678528	0.27151915431022644	0.37286657094955444	0.41837403178215027	0.3637012541294098	0.28062447905540466	0.15308374166488647	0.18511678278446198	-0.41828763484954834	-0.2655861973762512	-0.4010103642940521	0.27673494815826416	0.19973142445087433	0.09263420850038528	-0.27613934874534607	-0.4889591336250305	0.08383543789386749	0.3320746123790741	-0.33146414160728455	0.35299670696258545	-0.13896198570728302	-0.4885386526584625	-0.2035178244113922	-0.50519859790802	0.07697246968746185	-0.22868181765079498	-0.22875624895095825	-0.32290536165237427	0.31683045625686646	0.8935920000076294	0.6655405163764954	0.4508756697177887	0.6128755211830139	0.5861949920654297	0.8758342266082764	0.63376384973526	0.2375560849905014	0.11761841922998428	0.17440678179264069	0.3065013587474823	0.4632377028465271	-0.05651316046714783	-0.05209270864725113	-0.13070838153362274	-0.4233356714248657	0.0692337155342102	0.2816321849822998	0.545228898525238	0.07960519939661026	0.19965997338294983	0.3367089331150055	-0.04194382578134537	-0.14308114349842072	0.18431073427200317	0.05480577051639557	0.10252314060926437	-0.48182913661003113	-0.3837132155895233	-0.320394366979599	-0.2985389530658722	-0.5431135296821594	-0.5140233635902405	-0.6100466847419739	-0.5901782512664795	-0.47584593296051025	-0.14042992889881134	-0.3995761573314667	-0.6028276681900024	-0.464004784822464	-0.34994927048683167	-0.35991618037223816	-0.376388818025589	-0.5903117656707764	-0.5394492745399475	-0.7367427945137024	-0.5457239747047424	-0.29437705874443054	-0.5944880843162537	0.02459760569036007	0.35333600640296936	0.022099265828728676	-0.017111269757151604	0.15621024370193481	-0.13876061141490936	0.21260082721710205	0.3309832215309143	0.1692734807729721	0.17545084655284882	-0.09997260570526123	0.11695893853902817	-0.05925615876913071	-0.007538291160017252	-0.018180914223194122	0.2133176475763321	0.14561428129673004	0.21938243508338928	-0.20722943544387817	0.23612801730632782	0.22608275711536407	0.060220278799533844	0.056927308440208435	0.01635771244764328	-0.04769345372915268	-0.18063010275363922	0.010989772155880928	-0.20029771327972412	0.08802292495965958	0.23185059428215027	0.18177825212478638	-0.011971509084105492	-0.12311737984418869	0.41007930040359497	0.09699539840221405	-0.28185856342315674	0.0648990049958229	-0.27595996856689453	-0.09800311923027039	-0.3461311161518097	-0.05872425064444542	0.11489862203598022	0.07397855073213577	-0.11248582601547241	-0.26476961374282837	-0.10643946379423141	0.14146818220615387	0.23366305232048035	0.2655686140060425	0.10496214032173157	-0.3236859142780304	0.34368762373924255	-0.43821391463279724	-0.13415087759494781	0.15745335817337036	-0.5002061128616333
LH_Vis_9	0.04331892728805542	0.49559828639030457	0.7785521745681763	-0.01280102040618658	0.40299227833747864	0.7749450206756592	0.2319260984659195	0.680992841720581	1.0	0.34717845916748047	0.23619477450847626	0.25928637385368347	0.39661839604377747	0.23619432747364044	0.19258610904216766	0.14832869172096252	0.10305186361074448	0.2340833991765976	0.13783670961856842	0.35554972290992737	0.19026899337768555	0.12949883937835693	0.19680383801460266	0.22018036246299744	0.42005446553230286	0.4011183977127075	0.33737534284591675	0.30134710669517517	0.23888960480690002	0.3010527491569519	-0.3761085867881775	-0.009431561455130577	-0.37983378767967224	0.13222457468509674	0.1753985732793808	0.08151903748512268	-0.09171295166015625	-0.2352542281150818	-0.12474832683801651	0.2638796865940094	-0.37312349677085876	0.11674251407384872	-0.07453752309083939	-0.2915908992290497	0.11105245351791382	-0.3917861878871918	-0.043202754110097885	-0.26533323526382446	-0.22038796544075012	-0.28971970081329346	0.07494856417179108	0.6856606006622314	0.31537458300590515	0.13990257680416107	0.7964380383491516	0.7909791469573975	0.4779101014137268	0.8632156252861023	0.28865739703178406	0.2885342836380005	0.35011836886405945	0.40605080127716064	0.5156125426292419	0.08338761329650879	0.1782526969909668	0.1458524465560913	-0.35345470905303955	0.18257012963294983	0.2323012351989746	0.3680693805217743	0.3101772964000702	0.040339596569538116	0.3654783070087433	-0.10506490617990494	-0.10864715278148651	0.28791630268096924	0.24892772734165192	0.23230071365833282	-0.5240691900253296	-0.1315837800502777	-0.27048468589782715	-0.28667888045310974	-0.2986231744289398	-0.3824312090873718	-0.5536330342292786	-0.5227339863777161	-0.40408268570899963	-0.07985558360815048	-0.2634585499763489	-0.5650572180747986	-0.3911780118942261	-0.19524481892585754	-0.4283055067062378	-0.3594205379486084	-0.520488977432251	-0.376103013753891	-0.5941688418388367	-0.409638911485672	-0.1821778118610382	-0.4520978629589081	0.06181953102350235	0.06730333715677261	-0.06467640399932861	-0.09213995188474655	0.2709091603755951	-0.1043490320444107	0.4360288679599762	0.19436360895633698	0.18236370384693146	0.3013196289539337	-0.22194314002990723	0.15338966250419617	-0.03386668488383293	-0.044612497091293335	-0.025235578417778015	-0.07233485579490662	0.044783107936382294	0.2282213270664215	-0.18377016484737396	0.16808731853961945	0.3527941107749939	0.1565234512090683	0.2964620590209961	0.06406901776790619	-0.08380201458930969	-0.19565506279468536	0.07986997067928314	-0.2602487802505493	-0.07597772032022476	0.15999460220336914	0.20497317612171173	0.14673346281051636	-0.09371207654476166	0.13386298716068268	0.09607218950986862	-0.25131261348724365	0.031008325517177582	-0.25048828125	0.14155323803424835	-0.17324285209178925	-0.25344526767730713	0.030370313674211502	0.15337230265140533	0.09077823907136917	-0.2573220431804657	0.054658908396959305	0.2638094425201416	0.2572973370552063	0.16792580485343933	0.15574240684509277	-0.2992624342441559	0.31210291385650635	-0.4071301221847534	-0.2767861783504486	0.08666853606700897	-0.3819285035133362
LH_SomMot_1	-0.03660760074853897	0.34712129831314087	0.19939254224300385	0.08428135514259338	0.318947970867157	0.11402653902769089	0.2192876636981964	0.16883471608161926	0.34717845916748047	1.0	0.4500393867492676	0.5299258828163147	0.27300551533699036	0.31099334359169006	0.055109113454818726	-0.08895079791545868	0.5099360346794128	-0.027850355952978134	0.39373257756233215	0.1583445817232132	0.33050909638404846	0.20278789103031158	0.08079691231250763	0.6236448884010315	0.7423127889633179	0.4681236445903778	0.5233795642852783	0.3897784948348999	0.4614432752132416	0.4017975926399231	-0.3110707700252533	0.16469132900238037	-0.37712594866752625	-0.10840241611003876	0.0025971175637096167	-0.06211230158805847	-0.05454104766249657	-0.18283693492412567	0.060837745666503906	0.6113214492797852	-0.3264535665512085	0.21680159866809845	-0.16996458172798157	-0.03116954118013382	0.13362601399421692	-0.2959958016872406	-0.0979054868221283	-0.29948192834854126	-0.3764354884624481	-0.24343453347682953	-0.11925742775201797	0.16287028789520264	-0.06885232776403427	0.1311895102262497	0.28787466883659363	0.13680651783943176	0.011831918731331825	0.2745761275291443	0.860174298286438	0.5056889057159424	0.5432205200195312	0.2801511287689209	0.4500376284122467	0.25787925720214844	0.3224428594112396	0.089711032807827	-0.30962300300598145	0.49588462710380554	0.22185103595256805	0.1341821253299713	0.3653769791126251	-0.003859576303511858	0.2209012657403946	0.4268267750740051	0.4396131932735443	0.5239045023918152	0.4868687689304352	0.33897292613983154	-0.2078372687101364	0.040384095162153244	-0.16827650368213654	-0.45685988664627075	-0.2098924219608307	-0.1888061761856079	-0.22197243571281433	-0.5626668334007263	-0.21962137520313263	0.10620316118001938	-0.24704518914222717	-0.5175752639770508	-0.29744336009025574	-0.2912021577358246	-0.5226424336433411	-0.25542300939559937	-0.45404675602912903	-0.21567626297473907	-0.43089064955711365	-0.3926618695259094	-0.3372003138065338	-0.3737480044364929	0.31865766644477844	-0.16378788650035858	-0.11257107555866241	-0.15723638236522675	0.086849145591259	-0.017346667125821114	-0.04922438785433769	0.03378596529364586	0.4315086603164673	0.1553974151611328	-0.2627784311771393	0.08244594931602478	-0.28595536947250366	0.028463996946811676	0.1280362755060196	-0.30391237139701843	0.1455964893102646	-0.027730509638786316	0.02157149463891983	0.04704863205552101	-0.05604895204305649	0.1756843775510788	0.06131765991449356	0.15349029004573822	-0.005173477344214916	-0.2003365457057953	0.26869091391563416	-0.23063823580741882	0.03425644710659981	0.08232072740793228	0.3094117045402527	0.19405744969844818	0.04966181516647339	0.015269088558852673	0.11203386634588242	-0.08687299489974976	-0.2943618893623352	0.16349801421165466	0.23048610985279083	0.15016598999500275	-0.5583627223968506	0.10851722210645676	0.2277877926826477	0.5003815293312073	0.16144418716430664	0.4466688632965088	0.2057037055492401	0.19842946529388428	-0.13259108364582062	0.15690656006336212	-0.47415778040885925	0.18106769025325775	-0.560035228729248	-0.48970192670822144	-0.09163869917392731	-0.4713706076145172
LH_SomMot_2	0.03422107547521591	0.23434016108512878	0.2912846505641937	0.02838219702243805	0.2944480776786804	0.03425932303071022	-0.09185172617435455	0.08381175249814987	0.23619477450847626	0.4500393867492676	1.0	0.7820954322814941	0.3710651993751526	0.2401825189590454	0.5403077006340027	-0.3084937036037445	0.3574181795120239	-0.05877617746591568	0.32637274265289307	0.447939932346344	0.678063690662384	-0.0944279208779335	0.015943681821227074	0.4035763144493103	0.4511781334877014	0.5691918134689331	0.3647623658180237	0.6317303776741028	0.46041178703308105	0.5944282412528992	-0.6497302651405334	0.04216109588742256	-0.4014897346496582	-0.3263321816921234	-0.23175764083862305	-0.18192565441131592	-0.21326109766960144	-0.19916623830795288	-0.2397778481245041	0.21705734729766846	-0.38420888781547546	0.11985711753368378	-0.3304331302642822	-0.31697309017181396	-0.13079625368118286	-0.4205678403377533	-0.3967018723487854	-0.42198944091796875	-0.4218178391456604	-0.3761691451072693	-0.06231159344315529	0.14144659042358398	-0.1870071291923523	0.1125098243355751	0.2751639485359192	-0.04509580135345459	-0.026522981002926826	0.22212454676628113	0.4780118763446808	0.7849690318107605	0.6871982216835022	0.33335939049720764	0.3279600441455841	0.2697261571884155	0.6182858943939209	0.5511561632156372	-0.14047503471374512	0.5186831951141357	0.20534874498844147	0.08121795207262039	0.769183337688446	0.11298421025276184	0.29334160685539246	0.2318054437637329	0.6209662556648254	0.6609113812446594	0.660263180732727	0.6257856488227844	-0.4413575232028961	0.13447305560112	-0.2781710624694824	-0.4851551651954651	-0.39524123072624207	-0.24519462883472443	-0.2179023027420044	-0.40602222084999084	-0.41564154624938965	0.2757481038570404	-0.244277685880661	-0.39163246750831604	-0.41135385632514954	-0.23310376703739166	-0.3381091058254242	-0.3738287687301636	-0.4772035479545593	-0.39911362528800964	-0.3646157383918762	-0.3390224874019623	-0.42055433988571167	-0.34051546454429626	0.48795557022094727	-0.046724140644073486	-0.004208134021610022	0.07075861841440201	0.3125775456428528	0.051134392619132996	0.05490506812930107	0.016555970534682274	0.07584913074970245	-0.12922951579093933	-0.268888920545578	0.09215815365314484	0.009998640976846218	0.0993627980351448	0.3127613067626953	-0.31337565183639526	0.07252056151628494	-0.04537847265601158	0.20825113356113434	0.23522865772247314	0.09952801465988159	0.39621272683143616	0.17463836073875427	-0.15737031400203705	-0.16021591424942017	-0.26435279846191406	0.093659408390522	-0.017862865701317787	-0.019553329795598984	0.07454634457826614	0.18678990006446838	0.43987682461738586	0.03996575251221657	-0.09379079192876816	0.19231031835079193	-0.020507780835032463	-0.06247570738196373	0.06380181014537811	0.5783091187477112	0.12536247074604034	-0.3425268530845642	0.13599134981632233	0.21247099339962006	0.25583750009536743	0.13054580986499786	0.4473658502101898	0.5043043494224548	0.3516758680343628	0.022738978266716003	0.23822680115699768	-0.18592469394207	0.18618154525756836	-0.2858751118183136	-0.3678106367588043	-0.0868677943944931	-0.21303682029247284
LH_SomMot_3	-0.14740507304668427	0.3522101938724518	0.30343538522720337	0.06143029034137726	0.38025033473968506	0.09645736962556839	0.07730550318956375	0.11688147485256195	0.25928637385368347	0.5299258828163147	0.7820954322814941	1.0	0.6376647353172302	0.3674622178077698	0.428681880235672	-0.3669849634170532	0.470669150352478	-0.21023625135421753	0.3154682219028473	0.19467106461524963	0.5642682909965515	-0.08432520180940628	0.026362735778093338	0.4850202798843384	0.4572364389896393	0.6339059472084045	0.3487139344215393	0.6344214081764221	0.3576032817363739	0.6686325073242188	-0.6461677551269531	0.24403515458106995	-0.41785886883735657	-0.5014524459838867	-0.37166541814804077	-0.4161930978298187	-0.38414934277534485	-0.10856238007545471	-0.08966396003961563	0.4146955907344818	-0.4608316421508789	0.14562690258026123	-0.2907709777355194	-0.28883615136146545	-0.2942836284637451	-0.47065824270248413	-0.5012412071228027	-0.6059033870697021	-0.6179443001747131	-0.3794805407524109	-0.08899082988500595	0.1628343015909195	-0.20213693380355835	0.15369778871536255	0.2829902172088623	-0.007421326357871294	-0.03450414910912514	0.30359601974487305	0.5271421670913696	0.8767653107643127	0.8994147181510925	0.5242480635643005	0.530764102935791	0.3466954529285431	0.561288058757782	0.43842417001724243	-0.27530962228775024	0.56003338098526	0.034008484333753586	-0.045908123254776	0.7204866409301758	0.10434884577989578	0.2545482814311981	0.3842965066432953	0.5887036323547363	0.875972330570221	0.6400777697563171	0.6768398880958557	-0.30303245782852173	0.24922913312911987	-0.46449291706085205	-0.6595971584320068	-0.4824708104133606	-0.32111799716949463	-0.18162871897220612	-0.4803009033203125	-0.45825356245040894	0.24255044758319855	-0.3641943037509918	-0.46205830574035645	-0.47864678502082825	-0.07311815768480301	-0.413798063993454	-0.25777363777160645	-0.412771999835968	-0.2974262833595276	-0.3635280430316925	-0.4445975422859192	-0.49501028656959534	-0.37036049365997314	0.6813230514526367	-0.08817663788795471	0.1612330675125122	0.006677782163023949	0.264171838760376	-0.20438891649246216	0.19158978760242462	-0.08071470260620117	0.24999624490737915	0.015020385384559631	-0.2047242969274521	0.07194151729345322	0.0032805167138576508	-0.005972814280539751	0.5475747585296631	-0.21917125582695007	0.19410398602485657	0.014795148745179176	0.21267379820346832	0.38017207384109497	0.08714807778596878	0.2235579639673233	0.19694842398166656	-0.12992297112941742	0.10690727084875107	-0.1353173553943634	0.34142136573791504	0.12942621111869812	-0.24204875528812408	-0.06870295107364655	0.3416043221950531	0.3710346519947052	0.08400573581457138	-0.08248748630285263	0.25014665722846985	-0.05506515875458717	-0.08181184530258179	0.2393268346786499	0.48459553718566895	0.22839350998401642	-0.33729344606399536	0.239462211728096	0.03712271526455879	0.4379051923751831	0.09255431592464447	0.5244033932685852	0.41029325127601624	0.18563979864120483	-0.15135294198989868	0.06229017674922943	-0.4177904725074768	-0.04811690375208855	-0.3917796015739441	-0.4233447313308716	-0.31879809498786926	-0.3299744427204132
