Node	DMN_LABEL_1	Vis_LABEL_2	FP_LABEL_3	Aud_LABEL_4	Tpole_LABEL_5	PMN_LABEL_6	PON_LABEL_7	MTL_LABEL_8	PON_LABEL_9	CO_LABEL_10	Sal_LABEL_11	CO_LABEL_12	SMd_LABEL_13	SMl_LABEL_14	DAN_LABEL_15	DMN_LABEL_16	CO_LABEL_17	DMN_LABEL_18	VAN_LABEL_19	CO_LABEL_20	CO_LABEL_21	Sal_LABEL_22	DAN_LABEL_23	PMN_LABEL_24	DAN_LABEL_25	DMN_LABEL_26	DMN_LABEL_27	DMN_LABEL_28	Vis_LABEL_29	FP_LABEL_30	Aud_LABEL_31	Tpole_LABEL_32	PMN_LABEL_33	PON_LABEL_34	MTL_LABEL_35	CO_LABEL_36	Sal_LABEL_37	CO_LABEL_38	SMd_LABEL_39	SMl_LABEL_40	DAN_LABEL_41	CO_LABEL_42	VAN_LABEL_43	CO_LABEL_44	CO_LABEL_45	Sal_LABEL_46	DAN_LABEL_47	PMN_LABEL_48	DAN_LABEL_49	DMN_LABEL_50	FP_LABEL_51	DMN_LABEL_52	DMN_LABEL_53	PON_LABEL_54	DMN_LABEL_55	Tpole_LABEL_56	Tpole_LABEL_57	Sal_LABEL_58	Sal_LABEL_59	SMd_LABEL_60	DAN_LABEL_61	FP_LABEL_62	DMN_LABEL_63	FP_LABEL_64	FP_LABEL_65	SMd_LABEL_66	SMl_LABEL_67	SMd_LABEL_68	DMN_LABEL_69	DAN_LABEL_70	DMN_LABEL_71	FP_LABEL_72	SMd_LABEL_73	SMl_LABEL_74	MTL_LABEL_75	MTL_LABEL_76	CO_LABEL_77	CO_LABEL_78	Vis_LABEL_79	Vis_LABEL_80
DMN_LABEL_1	1.0	0.27999740839004517	-0.3423682749271393	0.07417619973421097	0.08106527477502823	0.42222562432289124	0.46234750747680664	n/a	0.19767868518829346	-0.2422608733177185	-0.19126299023628235	-0.2519536018371582	-0.22692511975765228	-0.11715387552976608	-0.2554544508457184	0.5238680839538574	-0.21389052271842957	0.23999592661857605	0.33281370997428894	-0.14315637946128845	-0.4060605764389038	-0.280224472284317	-0.19851583242416382	0.14696180820465088	-0.2391454428434372	0.4511192739009857	0.43036505579948425	0.36013445258140564	0.23431138694286346	-0.2878282964229584	0.189358651638031	0.020786087960004807	0.24501456320285797	0.34352055191993713	n/a	-0.29356086254119873	-0.2537960410118103	-0.2613995373249054	0.0735740140080452	-0.11758234351873398	-0.13061057031154633	-0.14164921641349792	-0.021101580932736397	-0.26978006958961487	-0.5568544864654541	-0.3056230843067169	0.04886442795395851	-0.00218668719753623	-0.1017763540148735	0.40249791741371155	-0.2238762527704239	-0.06292200088500977	-0.008318153209984303	0.008568934164941311	0.28692519664764404	0.11317847669124603	0.15637344121932983	-0.274036705493927	-0.20706021785736084	-0.009351836517453194	0.00998105388134718	0.05693339183926582	0.22073501348495483	-0.1808503419160843	0.03413573279976845	0.04559547081589699	-0.08649472892284393	-0.21174098551273346	0.26114559173583984	-0.19986344873905182	0.21344958245754242	-0.15988443791866302	-0.4345264434814453	-0.22694937884807587	0.15835410356521606	0.011897397227585316	-0.22399301826953888	-0.09813772886991501	0.15749390423297882	0.0926285907626152
Vis_LABEL_2	0.27999740839004517	1.0	-0.20414519309997559	0.11552812904119492	0.07872162759304047	0.12084566056728363	0.30694955587387085	n/a	0.24612347781658173	-0.09361327439546585	-0.12775862216949463	-0.07370010018348694	-0.3213362693786621	0.12584428489208221	-0.4686903953552246	0.027439581230282784	-0.3071177303791046	-0.06671848893165588	0.4409017562866211	-0.05035523325204849	-0.20441417396068573	-0.15432755649089813	0.01711447536945343	0.053650908172130585	-0.20974208414554596	0.1754210740327835	0.11074196547269821	-0.049254368990659714	0.8743382096290588	-0.2962636649608612	0.20719802379608154	-0.04271866753697395	0.007883970625698566	0.17434561252593994	n/a	-0.06383229047060013	-0.03426127880811691	-0.18789838254451752	0.14614646136760712	0.12535065412521362	-0.11802209168672562	-0.18070022761821747	-0.056866567581892014	0.016018344089388847	-0.24950820207595825	-0.2777101397514343	-0.05167364329099655	0.11261601746082306	0.2888491451740265	0.08794919401407242	-0.2550719976425171	-0.3701159954071045	-0.053226765245199203	0.18921150267124176	0.2572106719017029	0.2926746606826782	0.15552988648414612	-0.1695462018251419	-0.1125965341925621	-0.16584761440753937	0.13165508210659027	-0.12948910892009735	-0.17778503894805908	-0.12478978931903839	0.05622683838009834	-0.004658129997551441	0.26966917514801025	-0.3306886851787567	0.10538593679666519	0.1114802435040474	-0.3003550171852112	-0.21684612333774567	-0.41211003065109253	-0.1065753623843193	0.36445513367652893	0.2241615504026413	-0.24557727575302124	-0.040965113788843155	0.45370665192604065	0.5036766529083252
FP_LABEL_3	-0.3423682749271393	-0.20414519309997559	1.0	-0.24650956690311432	-0.48624274134635925	-0.25108611583709717	-0.4801023602485657	n/a	-0.29916682839393616	-0.42266714572906494	0.19337020814418793	0.17352502048015594	0.002908556256443262	-0.37288153171539307	-0.13645079731941223	-0.33137938380241394	-0.2687453031539917	-0.06167106702923775	-0.44860532879829407	-0.3497488796710968	0.2811584174633026	0.36225220561027527	-0.15270951390266418	0.34960460662841797	-0.32079827785491943	-0.3612462878227234	-0.22082148492336273	0.31931477785110474	-0.20807836949825287	0.761744499206543	-0.40240684151649475	-0.4772118031978607	-0.22465118765830994	-0.36119821667671204	n/a	-0.1784592568874359	0.17948564887046814	-0.045379363000392914	-0.2640151083469391	-0.3544408082962036	0.4185377359390259	-0.3721892237663269	-0.0953335091471672	-0.2884218096733093	0.31476929783821106	0.49161940813064575	-0.2109031081199646	0.40998414158821106	-0.1879686862230301	-0.0036415993236005306	0.6452684998512268	-0.02107742428779602	0.23584657907485962	-0.05229926109313965	-0.13104231655597687	-0.2856358289718628	-0.18594644963741302	0.267034113407135	0.34647461771965027	-0.14832153916358948	-0.1438964605331421	0.430970162153244	-0.02084006927907467	0.6535887718200684	0.5136458277702332	0.049317218363285065	-0.22735001146793365	0.08398018777370453	-0.010703387670218945	-0.10011027753353119	0.055737677961587906	0.5564737319946289	0.3795938491821289	0.2596133053302765	-0.41335541009902954	-0.30818605422973633	0.4406924843788147	-0.1015419214963913	-0.26211151480674744	-0.3357371687889099
Aud_LABEL_4	0.07417619973421097	0.11552812904119492	-0.24650956690311432	1.0	-0.004693882539868355	0.0006830119527876377	0.2387920320034027	n/a	0.2578449547290802	0.2552579343318939	-0.08130300045013428	-0.04547726735472679	0.245892733335495	0.32942983508110046	-0.014010114595293999	0.009579387493431568	0.4018290042877197	-0.24885191023349762	0.05104408413171768	0.4984419643878937	-0.18598277866840363	-0.42453962564468384	0.02707872912287712	-0.4060156047344208	0.3189392685890198	0.05691801756620407	-0.138546422123909	-0.15880194306373596	0.06504284590482712	-0.391037255525589	0.8973592519760132	0.03530150651931763	-0.13405992090702057	0.30539271235466003	n/a	0.07350476831197739	-0.2319791615009308	0.0407601036131382	0.23271994292736053	0.2889053523540497	-0.2364504188299179	0.4589821696281433	0.09323214739561081	0.36988598108291626	-0.08123266696929932	-0.5597463250160217	0.033976778388023376	-0.47161251306533813	0.08962300419807434	-0.07586508244276047	-0.320848286151886	-0.2763400375843048	-0.2315395176410675	0.42798128724098206	-0.1501605361700058	0.20000848174095154	0.1273658126592636	-0.24887482821941376	-0.2845905125141144	0.10567288100719452	0.052823908627033234	-0.36156991124153137	0.06822563707828522	-0.231127068400383	-0.1509617120027542	-0.06040086969733238	0.4363080561161041	0.11899188905954361	-0.09981300681829453	-0.03518762066960335	-0.33120962977409363	-0.41361236572265625	-0.029182327911257744	0.18297497928142548	0.4577798843383789	0.36091697216033936	-0.15121574699878693	0.023243529722094536	0.18420648574829102	0.13931915163993835
Tpole_LABEL_5	0.08106527477502823	0.07872162759304047	-0.48624274134635925	-0.004693882539868355	1.0	-0.04921102896332741	0.036638371646404266	n/a	0.2959795594215393	0.34405753016471863	0.031130848452448845	-0.11147856712341309	-0.043269433081150055	0.3820823132991791	0.025513147935271263	0.26614463329315186	-0.03926806151866913	0.26636090874671936	0.6230406165122986	0.006761815864592791	0.03536535054445267	0.08848758786916733	0.13728991150856018	-0.3490828275680542	0.29621124267578125	0.10937176644802094	0.20840463042259216	-0.2730344831943512	0.18381428718566895	-0.43410730361938477	-0.025973187759518623	0.6811052560806274	-0.13248766958713531	-0.12387470155954361	n/a	0.3450261354446411	-0.057383548468351364	0.24561262130737305	-0.07865483313798904	0.38191860914230347	-0.24932152032852173	-0.08468341082334518	0.19452756643295288	0.08649469912052155	0.020025329664349556	-0.14906203746795654	-0.10950566083192825	-0.39502081274986267	0.28726649284362793	-0.04760971665382385	-0.3129409849643707	-0.0761847198009491	-0.25308308005332947	-0.02877386100590229	-0.02274799346923828	0.18040017783641815	0.2065185159444809	0.1067746952176094	-0.14912192523479462	-0.27200213074684143	0.021863894537091255	-0.3952431082725525	0.19520768523216248	-0.275119423866272	-0.36819586157798767	-0.2258111983537674	0.09930413216352463	-0.12356462329626083	-0.2592754065990448	0.022504616528749466	0.08912226557731628	-0.36873766779899597	-0.15111492574214935	-0.19851039350032806	0.36081069707870483	0.31647977232933044	-0.15803273022174835	0.3967357873916626	0.09785040467977524	0.2533607482910156
PMN_LABEL_6	0.42222562432289124	0.12084566056728363	-0.25108611583709717	0.0006830119527876377	-0.04921102896332741	1.0	0.12489939481019974	n/a	-0.11215327680110931	-0.03261065483093262	0.19845852255821228	0.021556194871664047	-0.061229486018419266	-0.16815303266048431	-0.05026114732027054	0.17147783935070038	-0.01899678446352482	0.18080075085163116	-0.04491524025797844	-0.20761698484420776	-0.1754329800605774	-0.03785467892885208	-0.4718935787677765	0.577133059501648	-0.24527892470359802	0.13998594880104065	0.2917494475841522	0.13299664855003357	0.11893997341394424	-0.10756836086511612	0.1528778076171875	0.21751637756824493	0.6484238505363464	0.0998896062374115	n/a	-0.12076817452907562	0.15817317366600037	-0.06520715355873108	-0.010093134827911854	-0.15280820429325104	-0.2626682221889496	-0.03312923014163971	0.12403399497270584	-0.12200769037008286	-0.3309134840965271	0.0176322590559721	-0.117312490940094	0.2978519797325134	-0.26092880964279175	0.22472219169139862	-0.07976587116718292	0.21711264550685883	0.1500156968832016	-0.14068564772605896	0.23991179466247559	-0.13225840032100677	-0.05234828591346741	0.07934463769197464	0.04378199949860573	-0.09977900981903076	0.019096992909908295	0.0885157361626625	0.249874547123909	-0.2655320167541504	-0.1881546527147293	0.10789243131875992	-0.15380115807056427	-0.06844519823789597	0.12508253753185272	-0.05367988720536232	0.14183565974235535	-0.33818063139915466	-0.14509645104408264	-0.11217498034238815	0.004397711716592312	-0.12366977334022522	0.06130330264568329	0.11691930145025253	0.16364334523677826	0.15759748220443726
PON_LABEL_7	0.46234750747680664	0.30694955587387085	-0.4801023602485657	0.2387920320034027	0.036638371646404266	0.12489939481019974	1.0	n/a	0.5589156150817871	0.17951636016368866	-0.2997190058231354	-0.21038873493671417	-0.06467346847057343	0.11681205034255981	0.0396835058927536	0.005696956068277359	0.2198827862739563	-0.28630131483078003	0.0528496578335762	0.49502626061439514	-0.2724112272262573	-0.493351012468338	0.3142581284046173	-0.03458258882164955	0.04570416361093521	0.4813104271888733	-0.19900630414485931	-0.20574122667312622	0.07380714267492294	-0.3623797595500946	0.36967355012893677	0.05577482283115387	0.27735134959220886	0.9041797518730164	n/a	0.017627643421292305	-0.27493801712989807	-0.004313076846301556	0.16448713839054108	0.08704809099435806	-0.10036519914865494	0.3647524416446686	-0.1982290893793106	0.2514386475086212	-0.2589265704154968	-0.45549866557121277	0.398415744304657	0.029228510335087776	0.037339843809604645	0.27485331892967224	-0.4247983396053314	-0.07271596044301987	-0.3339313566684723	0.42799025774002075	0.22378642857074738	0.07043123990297318	-0.008014122024178505	-0.47065505385398865	-0.3549286723136902	0.21472759544849396	0.09145733714103699	-0.09504783898591995	-0.17342622578144073	-0.3154475688934326	-0.04863622412085533	0.12758539617061615	0.1884198933839798	-0.04566720873117447	0.10902093350887299	-0.06928995251655579	-0.3016894459724426	-0.20054849982261658	-0.26964399218559265	-0.20257510244846344	0.3449883759021759	0.2557482421398163	-0.48497274518013	-0.07139924168586731	0.26114925742149353	0.15783283114433289
MTL_LABEL_8	n/a	n/a	n/a	n/a	n/a	n/a	n/a	1.0	n/a	n/a	n/a	n/a	n/a	n/a	n/a	n/a	n/a	n/a	n/a	n/a	n/a	n/a	n/a	n/a	n/a	n/a	n/a	n/a	n/a	n/a	n/a	n/a	n/a	n/a	n/a	n/a	n/a	n/a	n/a	n/a	n/a	n/a	n/a	n/a	n/a	n/a	n/a	n/a	n/a	n/a	n/a	n/a	n/a	n/a	n/a	n/a	n/a	n/a	n/a	n/a	n/a	n/a	n/a	n/a	n/a	n/a	n/a	n/a	n/a	n/a	n/a	n/a	n/a	n/a	n/a	n/a	n/a	n/a	n/a	n/a
PON_LABEL_9	0.19767868518829346	0.24612347781658173	-0.29916682839393616	0.2578449547290802	0.2959795594215393	-0.11215327680110931	0.5589156150817871	n/a	1.0	0.02920769713819027	-0.11933357268571854	-0.16365094482898712	-0.17404918372631073	0.2175162434577942	-0.0490339994430542	0.1489742398262024	0.036321740597486496	-0.05019373446702957	0.17495226860046387	0.27302831411361694	-0.2526685297489166	-0.21802982687950134	0.3187579810619354	-0.19428935647010803	0.04805362969636917	0.3673422932624817	-0.029660841450095177	-0.0889432430267334	0.13644659519195557	-0.369774729013443	0.2025860995054245	0.1262676864862442	-0.012045925483107567	0.5780709981918335	n/a	0.05264716222882271	-0.09326068311929703	0.02566342055797577	-0.04994122311472893	0.19204193353652954	-0.09226299822330475	0.1372632086277008	-0.044081784784793854	0.08958357572555542	-0.11512929201126099	-0.2682437300682068	0.1069571003317833	-0.09597992151975632	0.1786174178123474	0.14492861926555634	-0.3324870467185974	-0.30003827810287476	-0.1328146606683731	0.5249253511428833	0.1582326889038086	0.2627347409725189	0.28273817896842957	-0.22339551150798798	-0.11807043105363846	-0.10363691300153732	0.20433907210826874	-0.1397818773984909	0.15574033558368683	-0.19268487393856049	-0.004935468081384897	-0.10486388951539993	0.1509885936975479	-0.15478049218654633	-0.047047995030879974	-0.0006259346846491098	-0.11844334006309509	-0.11603338271379471	-0.30354446172714233	-0.11016861349344254	0.5145589113235474	0.44334107637405396	-0.20833010971546173	-0.020557178184390068	0.06371735781431198	0.26922136545181274
CO_LABEL_10	-0.2422608733177185	-0.09361327439546585	-0.42266714572906494	0.2552579343318939	0.34405753016471863	-0.03261065483093262	0.17951636016368866	n/a	0.02920769713819027	1.0	0.07605575025081635	0.39209309220314026	0.4891214668750763	0.46675121784210205	0.47897568345069885	-0.05925677344202995	0.560280978679657	-0.15833498537540436	0.1718672215938568	0.49514880776405334	0.4110555052757263	-0.016967767849564552	0.38402634859085083	-0.308977335691452	0.5905923843383789	-0.16393603384494781	-0.17533810436725616	-0.391038179397583	0.00968780554831028	-0.4906936585903168	0.31126582622528076	0.2625970244407654	-0.12758474051952362	0.07318089157342911	n/a	0.7994650602340698	-0.14656488597393036	0.7043004631996155	0.24946707487106323	0.4763012230396271	-0.2995474338531494	0.41853657364845276	0.0025199027732014656	0.4481728971004486	0.22943906486034393	-0.17147211730480194	0.23240575194358826	-0.5094583034515381	0.14871492981910706	-0.32686975598335266	-0.49614301323890686	-0.08873840421438217	-0.5225660800933838	-0.017679668962955475	-0.321526437997818	-0.06992640346288681	-0.07415688782930374	-0.16827628016471863	-0.4469102919101715	0.2212638556957245	0.005228315945714712	-0.512914776802063	-0.22593455016613007	-0.39717918634414673	-0.4850951135158539	-0.03006836026906967	0.2429695576429367	0.4782811999320984	-0.3028315007686615	0.17511627078056335	-0.2372530996799469	-0.3319813907146454	0.2585335671901703	0.06108112260699272	0.262538880109787	0.18848778307437897	-0.21966584026813507	0.31338590383529663	0.2803514301776886	0.1232793927192688
Sal_LABEL_11	-0.19126299023628235	-0.12775862216949463	0.19337020814418793	-0.08130300045013428	0.031130848452448845	0.19845852255821228	-0.2997190058231354	n/a	-0.11933357268571854	0.07605575025081635	1.0	0.4301268458366394	0.08994149416685104	-0.014671276323497295	0.25997403264045715	0.09815654903650284	0.018069395795464516	0.07552117854356766	-0.11804066598415375	-0.22798259556293488	0.401292622089386	0.5347462892532349	-0.024303603917360306	0.3141278922557831	0.06755585223436356	-0.19989371299743652	0.25270962715148926	0.27642250061035156	-0.014089390635490417	0.16401894390583038	-0.150196835398674	0.08269047737121582	0.053672388195991516	-0.2756761610507965	n/a	0.25329792499542236	0.7172618508338928	0.2829858362674713	-0.15018579363822937	0.09376274794340134	0.21990559995174408	-0.12103884667158127	0.13152644038200378	-0.12932614982128143	0.25065314769744873	0.544856607913971	-0.1685272455215454	0.14961116015911102	-0.05807894840836525	0.004316404461860657	0.060356754809617996	0.0013684623409062624	0.29035913944244385	0.09125227481126785	-0.013082754798233509	-0.33355534076690674	0.1031784936785698	0.13963757455348969	-0.042650092393159866	-0.10497516393661499	0.2986021339893341	-0.04365669563412666	0.12100031226873398	0.009229439310729504	-0.11887507885694504	-0.18041110038757324	-0.06630507111549377	0.11834339052438736	0.11205799132585526	0.3714809715747833	0.11634872853755951	0.13089552521705627	0.21713604032993317	0.30241143703460693	0.18463411927223206	0.29531246423721313	0.22931617498397827	-0.015664080157876015	0.11782869696617126	0.15596432983875275
CO_LABEL_12	-0.2519536018371582	-0.07370010018348694	0.17352502048015594	-0.04547726735472679	-0.11147856712341309	0.021556194871664047	-0.21038873493671417	n/a	-0.16365094482898712	0.39209309220314026	0.4301268458366394	1.0	0.1706334799528122	0.11774671077728271	0.3555489182472229	-0.08350606262683868	0.24611131846904755	-0.24992695450782776	-0.05950954928994179	0.04593697190284729	0.6098101735115051	0.4939580261707306	0.17821475863456726	0.1956232786178589	0.0994689092040062	-0.30546629428863525	-0.1356246918439865	0.06115147843956947	0.014669381082057953	-0.09170718491077423	-0.08041045069694519	-0.09835482388734818	-0.1786237508058548	-0.2277655452489853	n/a	0.5485942959785461	0.2810741364955902	0.6716405749320984	0.14313648641109467	0.12447341531515121	0.2957783341407776	0.049737825989723206	0.15247826278209686	-0.06943536549806595	0.33885565400123596	0.36036181449890137	0.06807567179203033	-0.06067318096756935	-0.019024815410375595	-0.2150138020515442	-0.2602323293685913	-0.18246953189373016	-0.1863659769296646	-0.09616227447986603	-0.2830190062522888	-0.4429619014263153	-0.0865376889705658	0.04717026650905609	0.016735035926103592	0.08636508136987686	0.18092657625675201	-0.21732333302497864	0.008692637085914612	-0.014879249967634678	-0.15862597525119781	-0.03462287783622742	-0.047959428280591965	0.31725823879241943	-0.17262360453605652	0.19589763879776	0.03014536015689373	0.13284975290298462	0.1387205868959427	0.06378314644098282	-0.05830707773566246	-0.02708377130329609	0.3039860427379608	-0.008730241097509861	0.1489880532026291	0.09583361446857452
SMd_LABEL_13	-0.22692511975765228	-0.3213362693786621	0.002908556256443262	0.245892733335495	-0.043269433081150055	-0.061229486018419266	-0.06467346847057343	n/a	-0.17404918372631073	0.4891214668750763	0.08994149416685104	0.1706334799528122	1.0	0.06605911254882812	0.5455325841903687	0.007998534478247166	0.365308940410614	0.07538977265357971	-0.16808591783046722	0.3443797826766968	0.1266014128923416	0.001794017618522048	0.2985842525959015	-0.22143951058387756	0.5263612866401672	-0.15297210216522217	-0.06889011710882187	-0.1298343539237976	-0.17982244491577148	-0.13461874425411224	0.12546546757221222	0.0688842236995697	-0.17583121359348297	0.030094673857092857	n/a	0.3158259391784668	-0.12411531805992126	0.1860581934452057	0.045585356652736664	0.1647847294807434	-0.1504899561405182	0.20363575220108032	-0.14352427423000336	0.16156788170337677	0.06614420562982559	-0.09935171157121658	0.07062391191720963	-0.44156259298324585	-0.16620448231697083	-0.20924879610538483	-0.0957118347287178	0.0828130692243576	-0.16194646060466766	0.127128005027771	-0.38013502955436707	-0.29269132018089294	-0.12695926427841187	-0.1677088588476181	-0.3769381046295166	0.1145382672548294	-0.30149951577186584	-0.3055459260940552	-0.1564713716506958	-0.34728142619132996	-0.41193538904190063	-0.19194918870925903	-0.10327930748462677	0.6924046277999878	-0.11554285138845444	-0.15780699253082275	-0.05466696619987488	-0.14042244851589203	0.7696220278739929	0.18632221221923828	0.07227610796689987	0.07243115454912186	-0.0014740912010893226	0.011798456311225891	-0.05565178766846657	-0.23669567704200745
SMl_LABEL_14	-0.11715387552976608	0.12584428489208221	-0.37288153171539307	0.32942983508110046	0.3820823132991791	-0.16815303266048431	0.11681205034255981	n/a	0.2175162434577942	0.46675121784210205	-0.014671276323497295	0.11774671077728271	0.06605911254882812	1.0	-0.11028588563203812	-0.07936545461416245	0.05147425830364227	-0.20593656599521637	0.3136003017425537	0.2623756527900696	0.0219732616096735	-0.16624239087104797	0.1351991444826126	-0.4765208959579468	0.11442601680755615	0.14091534912586212	-0.020657619461417198	-0.3584645390510559	0.08994407951831818	-0.41779640316963196	0.39351364970207214	0.18458367884159088	-0.34216398000717163	0.06759043037891388	n/a	0.3229835033416748	-0.222182497382164	0.21283461153507233	0.22156226634979248	0.9665422439575195	-0.1711747944355011	0.027396203950047493	0.01935633085668087	0.2260889708995819	-0.051813896745443344	-0.2024206817150116	0.06374241411685944	-0.4889339208602905	0.24140554666519165	-0.131594717502594	-0.3370570242404938	-0.047498900443315506	-0.36960288882255554	0.16292251646518707	-0.015897801145911217	0.09323802590370178	0.03382966294884682	-0.1384669542312622	-0.298054039478302	-0.06299492716789246	0.16532568633556366	-0.33525195717811584	-0.11232156306505203	-0.27317577600479126	-0.19284659624099731	-0.07672401517629623	0.5936084985733032	-0.04718442261219025	-0.14550937712192535	0.049440398812294006	-0.18626101315021515	-0.26077187061309814	-0.1498686969280243	0.1998012363910675	0.3121485114097595	0.14656534790992737	-0.1616257280111313	0.1411648839712143	0.08660557866096497	0.13843996822834015
DAN_LABEL_15	-0.2554544508457184	-0.4686903953552246	-0.13645079731941223	-0.014010114595293999	0.025513147935271263	-0.05026114732027054	0.0396835058927536	n/a	-0.0490339994430542	0.47897568345069885	0.25997403264045715	0.3555489182472229	0.5455325841903687	-0.11028588563203812	1.0	0.037926074117422104	0.5895492434501648	-0.08796696364879608	-0.17095442116260529	0.40498054027557373	0.33468693494796753	0.20410209894180298	0.4939901530742645	0.03183058649301529	0.6171858906745911	-0.13990607857704163	-0.19099348783493042	-0.12810994684696198	-0.4077431857585907	-0.18412844836711884	-0.06841354817152023	0.2398873120546341	-0.07475735992193222	0.12808966636657715	n/a	0.3526307940483093	0.07736170291900635	0.33393943309783936	0.11001663655042648	-0.09422265738248825	0.11976677179336548	0.43733417987823486	0.01531685795634985	0.24333421885967255	0.2555822730064392	0.15676672756671906	0.2660738527774811	-0.1594686359167099	-0.12850253283977509	-0.0907491073012352	-0.2795720100402832	0.14711354672908783	-0.07974869757890701	0.11772222816944122	-0.3117796778678894	-0.3374660015106201	-0.12429182976484299	0.006414533592760563	-0.13980881869792938	0.3992125988006592	-0.09365654736757278	-0.22581377625465393	-0.048923224210739136	-0.22574031352996826	-0.4214535355567932	0.0546087771654129	-0.31659796833992004	0.6102609634399414	-0.2496349811553955	0.21296657621860504	0.16247203946113586	0.05405666306614876	0.523012638092041	-0.18305927515029907	0.11036166548728943	0.18164926767349243	0.11547482758760452	0.09077651053667068	0.09565027803182602	0.03440508991479874
DMN_LABEL_16	0.5238680839538574	0.027439581230282784	-0.33137938380241394	0.009579387493431568	0.26614463329315186	0.17147783935070038	0.005696956068277359	n/a	0.1489742398262024	-0.05925677344202995	0.09815654903650284	-0.08350606262683868	0.007998534478247166	-0.07936545461416245	0.037926074117422104	1.0	-0.02614862285554409	0.6857131719589233	0.47102925181388855	-0.16685958206653595	-0.25016096234321594	0.08367310464382172	-0.08563312143087387	-0.046173837035894394	0.014485579915344715	0.061646852642297745	0.7129964232444763	0.5775873064994812	0.14394012093544006	-0.3934416174888611	-0.005566453095525503	0.16669602692127228	-0.08902082592248917	-0.05411526560783386	n/a	-0.12168192863464355	-0.051661547273397446	-0.11333480477333069	-0.07424066215753555	-0.014587041921913624	-0.31923043727874756	-0.05688938498497009	0.02127932198345661	-0.3000865876674652	-0.40567803382873535	-0.09493489563465118	-0.09092316776514053	-0.33370915055274963	-0.3052482306957245	0.18704360723495483	-0.3391759991645813	-0.07615489512681961	0.12092138081789017	-0.22954699397087097	0.08798274397850037	0.0824972614645958	0.33059167861938477	-0.27226704359054565	-0.2431795448064804	-0.07974375039339066	0.05207818001508713	-0.3173069953918457	0.28553327918052673	-0.3226493000984192	-0.2703104019165039	-0.25589102506637573	-0.24542857706546783	-0.09227678924798965	0.14802074432373047	-0.05505542457103729	0.3440311551094055	-0.08972004801034927	-0.2011628895998001	-0.06045226380228996	0.2652426064014435	0.12825852632522583	-0.051066525280475616	-0.03083992935717106	0.08005043864250183	0.06714315712451935
CO_LABEL_17	-0.21389052271842957	-0.3071177303791046	-0.2687453031539917	0.4018290042877197	-0.03926806151866913	-0.01899678446352482	0.2198827862739563	n/a	0.036321740597486496	0.560280978679657	0.018069395795464516	0.24611131846904755	0.365308940410614	0.05147425830364227	0.5895492434501648	-0.02614862285554409	1.0	-0.3624325692653656	-0.15006844699382782	0.73642897605896	0.37288227677345276	-0.02273583970963955	0.31677475571632385	-0.08802872896194458	0.5427715182304382	-0.0947871059179306	-0.41566821932792664	-0.28124430775642395	-0.2904030680656433	-0.38123929500579834	0.3414854407310486	0.09467637538909912	0.0006214238237589598	0.2758173644542694	n/a	0.4073561131954193	-0.01544458232820034	0.35641908645629883	0.25096631050109863	0.00976224709302187	-0.06682852655649185	0.8152064681053162	0.3121147155761719	0.561158299446106	0.3396756649017334	-0.18949374556541443	0.3288647532463074	-0.26229622960090637	-0.08565706014633179	-0.18905064463615417	-0.48157843947410583	-0.1181420162320137	-0.30071842670440674	0.05623543635010719	-0.47500190138816833	-0.18576957285404205	-0.07761640101671219	-0.24998976290225983	-0.26107972860336304	0.4164343476295471	-0.048058558255434036	-0.468016654253006	-0.08821255713701248	-0.28631308674812317	-0.35544848442077637	0.11875707656145096	-0.06028555706143379	0.3598121404647827	-0.20253857970237732	0.15150387585163116	-0.19503116607666016	-0.10763563960790634	0.2823239862918854	0.10351220518350601	0.22599153220653534	0.19817517697811127	0.041336946189403534	0.1827407032251358	0.09715639799833298	0.13821092247962952
DMN_LABEL_18	0.23999592661857605	-0.06671848893165588	-0.06167106702923775	-0.24885191023349762	0.26636090874671936	0.18080075085163116	-0.28630131483078003	n/a	-0.05019373446702957	-0.15833498537540436	0.07552117854356766	-0.24992695450782776	0.07538977265357971	-0.20593656599521637	-0.08796696364879608	0.6857131719589233	-0.3624325692653656	1.0	0.25594013929367065	-0.4379166066646576	-0.30695876479148865	0.05934308096766472	-0.2745312452316284	-0.05486725643277168	-0.13368363678455353	0.02749701961874962	0.7581556439399719	0.4933888018131256	0.0591583326458931	0.03137049078941345	-0.2487257421016693	0.20882663130760193	-0.005954941269010305	-0.3838178813457489	n/a	-0.1830826997756958	-0.06602925807237625	-0.1356726735830307	-0.20835207402706146	-0.09931549429893494	-0.29496708512306213	-0.3056103587150574	-0.2163906991481781	-0.40017610788345337	-0.3296121060848236	-0.006784307304769754	-0.29504579305648804	-0.18195655941963196	-0.2011433243751526	0.0603533610701561	0.10729778558015823	0.1390816867351532	0.2822485864162445	-0.2865958511829376	0.14797307550907135	0.17593377828598022	0.22908034920692444	0.08378611505031586	0.008998742327094078	-0.264072448015213	-0.20327691733837128	0.0024313530884683132	0.20029641687870026	-0.11990859359502792	-0.21282626688480377	-0.24529746174812317	-0.22258324921131134	-0.05288420245051384	0.12478533387184143	-0.23398758471012115	0.3499230742454529	-0.11561603099107742	-0.00651178602129221	-0.040146708488464355	0.10867428034543991	0.06231192871928215	0.05007251724600792	-0.005472999066114426	-0.01667405292391777	-0.1142798364162445
VAN_LABEL_19	0.33281370997428894	0.4409017562866211	-0.44860532879829407	0.05104408413171768	0.6230406165122986	-0.04491524025797844	0.0528496578335762	n/a	0.17495226860046387	0.1718672215938568	-0.11804066598415375	-0.05950954928994179	-0.16808591783046722	0.3136003017425537	-0.17095442116260529	0.47102925181388855	-0.15006844699382782	0.25594013929367065	1.0	-0.09100370109081268	-0.014875650405883789	-0.061995796859264374	0.10610845685005188	-0.25803932547569275	0.11799255758523941	0.10884466767311096	0.4250224530696869	0.07866457104682922	0.5134076476097107	-0.6102017164230347	0.15124383568763733	0.4250100255012512	-0.3443182408809662	-0.09616963565349579	n/a	0.21258112788200378	-0.23516477644443512	0.043837983161211014	0.2621602416038513	0.31182000041007996	-0.23206648230552673	-0.11745402961969376	0.16129451990127563	-0.07400397956371307	-0.23158805072307587	-0.3402990698814392	0.04425374045968056	-0.40867987275123596	0.18236425518989563	0.034864917397499084	-0.4323272705078125	-0.2312368005514145	-0.1456102430820465	-0.1951778382062912	0.0880684033036232	0.3048289120197296	0.26821985840797424	-0.04553867131471634	-0.17482958734035492	-0.004381989128887653	0.11598452925682068	-0.35931408405303955	0.07891333103179932	-0.20876215398311615	-0.2179691046476364	-0.010152018629014492	0.16826732456684113	-0.19637708365917206	-0.1187146008014679	0.11104916781187057	0.09264811873435974	-0.1995154619216919	-0.38566291332244873	-0.27624037861824036	0.3316691517829895	0.17640423774719238	-0.13913515210151672	0.301628977060318	0.43750983476638794	0.4026656150817871
CO_LABEL_20	-0.14315637946128845	-0.05035523325204849	-0.3497488796710968	0.4984419643878937	0.006761815864592791	-0.20761698484420776	0.49502626061439514	n/a	0.27302831411361694	0.49514880776405334	-0.22798259556293488	0.04593697190284729	0.3443797826766968	0.2623756527900696	0.40498054027557373	-0.16685958206653595	0.73642897605896	-0.4379166066646576	-0.09100370109081268	1.0	0.018126819282770157	-0.3518643379211426	0.5046432614326477	-0.29646217823028564	0.4801088273525238	0.19148434698581696	-0.5253757238388062	-0.46247225999832153	-0.1440122276544571	-0.423623651266098	0.44056060910224915	0.08296556770801544	-0.041439082473516464	0.5293407440185547	n/a	0.22843807935714722	-0.3048750162124634	0.15036344528198242	0.29428136348724365	0.20326665043830872	-0.09687432646751404	0.6507245302200317	0.06924282014369965	0.5567259788513184	0.05529802292585373	-0.45120885968208313	0.3658170998096466	-0.30449753999710083	0.09453622996807098	-0.06908264756202698	-0.5073432922363281	-0.25209105014801025	-0.466696560382843	0.3420044183731079	-0.2532784044742584	-0.06077149510383606	0.006941288709640503	-0.43610429763793945	-0.3579621911048889	0.3388098478317261	0.0020862629171460867	-0.39567938446998596	-0.13926124572753906	-0.2887011170387268	-0.2613133192062378	0.05119766667485237	0.20778216421604156	0.3216223120689392	-0.12599651515483856	0.08543651551008224	-0.407164990901947	-0.2141328603029251	0.14648960530757904	-0.04730622470378876	0.3277830481529236	0.3153854310512543	-0.25311917066574097	0.04648737609386444	0.041285835206508636	0.18399503827095032
CO_LABEL_21	-0.4060605764389038	-0.20441417396068573	0.2811584174633026	-0.18598277866840363	0.03536535054445267	-0.1754329800605774	-0.2724112272262573	n/a	-0.2526685297489166	0.4110555052757263	0.401292622089386	0.6098101735115051	0.1266014128923416	0.0219732616096735	0.33468693494796753	-0.25016096234321594	0.37288227677345276	-0.30695876479148865	-0.014875650405883789	0.018126819282770157	1.0	0.5970820784568787	0.23869508504867554	0.15132811665534973	0.24804282188415527	-0.37297534942626953	-0.2416219264268875	-0.10177374631166458	-0.03283441439270973	0.06637376546859741	-0.2246766835451126	-0.1003028079867363	-0.30519118905067444	-0.31785571575164795	n/a	0.6809300780296326	0.32818105816841125	0.6393347978591919	0.08362791687250137	0.020907577127218246	0.3368372917175293	0.14948701858520508	0.19920165836811066	0.19709257781505585	0.7798656225204468	0.4500035345554352	0.07999268919229507	-0.007968045771121979	0.18064866960048676	-0.34757837653160095	-0.034355875104665756	-0.11198877543210983	-0.20115841925144196	-0.1287996768951416	-0.4883870482444763	-0.3956865072250366	-0.21667565405368805	0.17949523031711578	-0.0020433797035366297	0.14056353271007538	0.03689754381775856	-0.21878591179847717	-0.26777344942092896	0.24704718589782715	-0.01604217104613781	0.1553150862455368	-0.10226202756166458	0.27658605575561523	-0.1789335459470749	0.2849350571632385	0.04853421449661255	0.3001672923564911	0.3284893035888672	0.197487935423851	-0.1779056191444397	-0.11245938390493393	0.3505803048610687	0.21507836878299713	0.14490899443626404	-0.028939731419086456
Sal_LABEL_22	-0.280224472284317	-0.15432755649089813	0.36225220561027527	-0.42453962564468384	0.08848758786916733	-0.03785467892885208	-0.493351012468338	n/a	-0.21802982687950134	-0.016967767849564552	0.5347462892532349	0.4939580261707306	0.001794017618522048	-0.16624239087104797	0.20410209894180298	0.08367310464382172	-0.02273583970963955	0.05934308096766472	-0.061995796859264374	-0.3518643379211426	0.5970820784568787	1.0	-0.08271530270576477	0.31509873270988464	-0.05463266372680664	-0.459890216588974	0.03863365575671196	0.21339932084083557	0.028015011921525	0.1579766869544983	-0.5563617944717407	0.014440980739891529	-0.18176087737083435	-0.44923481345176697	n/a	0.28634920716285706	0.5792950987815857	0.27593478560447693	-0.28924983739852905	-0.10732904076576233	0.11226186156272888	-0.3010549545288086	0.3330347239971161	-0.17385457456111908	0.5042170882225037	0.7964385151863098	-0.3454020321369171	0.1265825480222702	-0.08302014321088791	-0.2001093029975891	0.15567541122436523	-0.11476326733827591	0.16280750930309296	-0.20568197965621948	-0.29025739431381226	-0.39086177945137024	0.07983476668596268	0.19702786207199097	0.07586964219808578	-0.26662150025367737	-0.025251153856515884	-0.03071686066687107	0.16842012107372284	0.08504772931337357	-0.03234908729791641	-0.20400670170783997	-0.3767978549003601	-0.03365655615925789	0.06466232985258102	0.15521667897701263	0.38762977719306946	0.27146732807159424	0.2361951321363449	0.19103564321994781	-0.1711885631084442	-0.15287184715270996	0.48630762100219727	0.04829011484980583	-0.09328993409872055	0.09341643005609512
DAN_LABEL_23	-0.19851583242416382	0.01711447536945343	-0.15270951390266418	0.02707872912287712	0.13728991150856018	-0.4718935787677765	0.3142581284046173	n/a	0.3187579810619354	0.38402634859085083	-0.024303603917360306	0.17821475863456726	0.2985842525959015	0.1351991444826126	0.4939901530742645	-0.08563312143087387	0.31677475571632385	-0.2745312452316284	0.10610845685005188	0.5046432614326477	0.23869508504867554	-0.08271530270576477	1.0	-0.18620239198207855	0.5807233452796936	0.11506877839565277	-0.3242645859718323	-0.366738498210907	0.06364959478378296	-0.3474729359149933	-0.005567676387727261	-0.0013272936921566725	-0.35070350766181946	0.31723344326019287	n/a	0.42133429646492004	-0.08159875869750977	0.2567136585712433	0.35248807072639465	0.1375000923871994	0.3927692770957947	0.34912165999412537	-0.25990912318229675	0.3268742263317108	0.2885594666004181	-0.1991245597600937	0.6220680475234985	-0.2099176049232483	0.3484415113925934	-0.26163560152053833	-0.4798945188522339	-0.23029305040836334	-0.5047410130500793	0.38453009724617004	-0.31342968344688416	-0.1394251585006714	-0.156471848487854	-0.18563413619995117	-0.19485165178775787	0.43933477997779846	0.19068382680416107	-0.37641143798828125	-0.3894089460372925	0.008747117593884468	-0.22054019570350647	0.15329882502555847	0.059459954500198364	0.3160420060157776	-0.23042859137058258	0.3286517858505249	-0.2841777205467224	0.03739237040281296	0.23992019891738892	-0.161512553691864	0.19253839552402496	0.31358322501182556	-0.25311174988746643	0.037587858736515045	0.07586681842803955	0.12571348249912262
PMN_LABEL_24	0.14696180820465088	0.053650908172130585	0.34960460662841797	-0.4060156047344208	-0.3490828275680542	0.577133059501648	-0.03458258882164955	n/a	-0.19428935647010803	-0.308977335691452	0.3141278922557831	0.1956232786178589	-0.22143951058387756	-0.4765208959579468	0.03183058649301529	-0.046173837035894394	-0.08802872896194458	-0.05486725643277168	-0.25803932547569275	-0.29646217823028564	0.15132811665534973	0.31509873270988464	-0.18620239198207855	1.0	-0.34701189398765564	-0.024421220645308495	-0.02331611141562462	0.2868536114692688	0.012147683650255203	0.31357938051223755	-0.3220939636230469	-0.15225940942764282	0.43677666783332825	0.029978079721331596	n/a	-0.1660889983177185	0.38605523109436035	-0.05768630653619766	-0.09928850829601288	-0.45994096994400024	0.23731760680675507	-0.17743614315986633	0.05951021984219551	-0.2749682664871216	-0.007256686221808195	0.4280319809913635	0.03514228016138077	0.8005537986755371	-0.31320297718048096	0.2677119970321655	0.15483398735523224	0.13061556220054626	0.19493147730827332	-0.12878425419330597	0.20580698549747467	-0.43974149227142334	-0.24260136485099792	0.1995256245136261	0.3229045569896698	0.0484653003513813	0.1657930314540863	0.34379681944847107	0.13711310923099518	0.2868640422821045	0.1806575208902359	0.3261844217777252	-0.33807337284088135	-0.055024631321430206	0.0497075654566288	0.1547306329011917	0.14233310520648956	0.2091006636619568	0.053498029708862305	-0.09500309824943542	-0.30655303597450256	-0.313236802816391	0.29011544585227966	0.11391574144363403	0.05249779671430588	0.1346352994441986
DAN_LABEL_25	-0.2391454428434372	-0.20974208414554596	-0.32079827785491943	0.3189392685890198	0.29621124267578125	-0.24527892470359802	0.04570416361093521	n/a	0.04805362969636917	0.5905923843383789	0.06755585223436356	0.0994689092040062	0.5263612866401672	0.11442601680755615	0.6171858906745911	0.014485579915344715	0.5427715182304382	-0.13368363678455353	0.11799255758523941	0.4801088273525238	0.24804282188415527	-0.05463266372680664	0.5807233452796936	-0.34701189398765564	1.0	-0.0653422474861145	-0.18026624619960785	-0.31769657135009766	-0.05401776731014252	-0.4383629560470581	0.21828721463680267	0.18558095395565033	-0.13757941126823425	0.054376084357500076	n/a	0.436199426651001	-0.06286695599555969	0.31316500902175903	0.1431577205657959	0.12271422892808914	-0.10293601453304291	0.38640329241752625	-0.03471989557147026	0.2761228382587433	0.2331434190273285	-0.23823119699954987	0.1675197184085846	-0.45041653513908386	0.3857715427875519	-0.2752346098423004	-0.42554500699043274	-0.15526732802391052	-0.37430673837661743	0.1590280532836914	-0.36594343185424805	-0.10428506880998611	0.008685787208378315	-0.04792393743991852	-0.2047751545906067	0.3002564311027527	-0.04107096418738365	-0.5224137902259827	-0.15413939952850342	-0.18535391986370087	-0.41208165884017944	-0.004315122961997986	0.025952642783522606	0.4924575984477997	-0.2965875566005707	0.2631298899650574	-0.19024641811847687	-0.2081015706062317	0.40147197246551514	-0.11052588373422623	0.19337168335914612	0.22626250982284546	-0.24244089424610138	0.09116466343402863	0.11906499415636063	0.03410414978861809
