Node	DMN_LABEL_1	Vis_LABEL_2	FP_LABEL_3	Aud_LABEL_4	Tpole_LABEL_5	PMN_LABEL_6	PON_LABEL_7	MTL_LABEL_8	PON_LABEL_9	CO_LABEL_10	Sal_LABEL_11	CO_LABEL_12	SMd_LABEL_13	SMl_LABEL_14	DAN_LABEL_15	DMN_LABEL_16	CO_LABEL_17	DMN_LABEL_18	VAN_LABEL_19	CO_LABEL_20	CO_LABEL_21	Sal_LABEL_22	DAN_LABEL_23	PMN_LABEL_24	DAN_LABEL_25	DMN_LABEL_26	DMN_LABEL_27	DMN_LABEL_28	Vis_LABEL_29	FP_LABEL_30	Aud_LABEL_31	Tpole_LABEL_32	PMN_LABEL_33	PON_LABEL_34	MTL_LABEL_35	CO_LABEL_36	Sal_LABEL_37	CO_LABEL_38	SMd_LABEL_39	SMl_LABEL_40	DAN_LABEL_41	CO_LABEL_42	VAN_LABEL_43	CO_LABEL_44	CO_LABEL_45	Sal_LABEL_46	DAN_LABEL_47	PMN_LABEL_48	DAN_LABEL_49	DMN_LABEL_50	FP_LABEL_51	DMN_LABEL_52	DMN_LABEL_53	PON_LABEL_54	DMN_LABEL_55	Tpole_LABEL_56	Tpole_LABEL_57	Sal_LABEL_58	Sal_LABEL_59	SMd_LABEL_60	DAN_LABEL_61	FP_LABEL_62	DMN_LABEL_63	FP_LABEL_64	FP_LABEL_65	SMd_LABEL_66	SMl_LABEL_67	SMd_LABEL_68	DMN_LABEL_69	DAN_LABEL_70	DMN_LABEL_71	FP_LABEL_72	SMd_LABEL_73	SMl_LABEL_74	MTL_LABEL_75	MTL_LABEL_76	CO_LABEL_77	CO_LABEL_78	Vis_LABEL_79	Vis_LABEL_80
DMN_LABEL_1	1.0	0.5406556725502014	-0.6134527921676636	-0.13755394518375397	0.1647317111492157	0.3147789537906647	0.275675892829895	n/a	0.06109669432044029	-0.4813748598098755	-0.0870416909456253	-0.4611097574234009	-0.1540469527244568	-0.31957992911338806	-0.43034693598747253	0.2429305911064148	-0.377460777759552	0.02367590367794037	0.319785475730896	-0.13190948963165283	-0.7071883082389832	0.06709784269332886	-0.33026742935180664	0.7010939717292786	-0.18361294269561768	0.5105663537979126	0.44335663318634033	0.12111315131187439	0.40923798084259033	-0.5787345767021179	-0.39873120188713074	0.09044446796178818	0.6776108145713806	0.20096519589424133	n/a	-0.5909119844436646	-0.18696248531341553	-0.5080984234809875	-0.40824925899505615	-0.32099205255508423	-0.36729931831359863	-0.439990371465683	0.3017362654209137	0.048133961856365204	-0.6535452604293823	0.1277291178703308	-0.2453749030828476	0.7415010929107666	-0.02605733834207058	0.20123842358589172	-0.6798952221870422	0.46152499318122864	0.20662029087543488	-0.046927310526371	0.3480948805809021	0.007863848470151424	-0.3318933844566345	-0.14951960742473602	-0.22054466605186462	0.07862235605716705	0.030916783958673477	0.019333459436893463	0.2701123058795929	0.044229522347450256	0.09407804161310196	-0.30348145961761475	-0.36443740129470825	0.07272659242153168	0.29110488295555115	0.17250502109527588	0.5878108143806458	-0.3046793043613434	-0.14094588160514832	-0.11949687451124191	0.21456241607666016	0.17617546021938324	-0.20030875504016876	-0.11846184730529785	-0.056653425097465515	0.3001677691936493
Vis_LABEL_2	0.5406556725502014	1.0	-0.3803754448890686	0.17638084292411804	0.08574200421571732	0.37160301208496094	0.5244231224060059	n/a	0.35754531621932983	-0.32685795426368713	-0.14338302612304688	-0.380412220954895	-0.18496207892894745	0.1078130379319191	-0.1776653528213501	-0.03304114565253258	-0.1877990961074829	-0.026944154873490334	0.41700223088264465	-0.14332787692546844	-0.5368195176124573	-0.2910855710506439	0.13987158238887787	0.5397142171859741	0.15290026366710663	0.20633943378925323	0.3387957513332367	-0.21235747635364532	0.8501609563827515	-0.2850818932056427	0.02783181704580784	-0.1869717389345169	0.5021607875823975	0.47555381059646606	n/a	-0.28636202216148376	-0.10396946221590042	-0.3808692395687103	-0.40893465280532837	0.04547944664955139	-0.09058970957994461	-0.2708275318145752	0.4781084656715393	0.13740023970603943	-0.342806875705719	0.026329509913921356	0.054503414779901505	0.6380101442337036	0.4403232932090759	0.21698549389839172	-0.527290940284729	0.16608816385269165	0.16150866448879242	0.1017935574054718	0.16672886908054352	0.0073923771269619465	-0.3065311014652252	-0.1447286158800125	-0.20851890742778778	0.14253541827201843	0.23219004273414612	0.3026067614555359	-0.0719522088766098	0.25128456950187683	0.40244942903518677	-0.16453218460083008	0.09955162554979324	0.2109687328338623	0.3014868497848511	0.4453655779361725	0.14658807218074799	-0.07063395529985428	-0.03353701904416084	0.24889715015888214	0.12181957066059113	0.15597328543663025	-0.26482734084129333	-0.37159377336502075	0.3242636024951935	0.537245512008667
FP_LABEL_3	-0.6134527921676636	-0.3803754448890686	1.0	-0.13415373861789703	-0.19360853731632233	-0.10307862609624863	-0.30411863327026367	n/a	-0.10109022259712219	0.4122051000595093	0.08545289933681488	0.32748377323150635	-0.10721506178379059	0.11748290061950684	0.34096720814704895	0.2707664370536804	0.14446888864040375	0.2644980847835541	-0.1912713646888733	-0.012108868919312954	0.4514290988445282	-0.37577617168426514	0.4000821113586426	-0.4015275537967682	0.10419560968875885	-0.30493447184562683	-0.06133449450135231	0.20138509571552277	-0.3700314164161682	0.5748952031135559	0.20783372223377228	-0.20471671223640442	-0.30767303705215454	-0.2522226870059967	n/a	0.41524311900138855	0.2161642611026764	0.35770183801651	0.302047461271286	0.08287259191274643	0.34553974866867065	0.11333363503217697	-0.20792342722415924	-0.1141987219452858	0.4661903381347656	-0.36148831248283386	0.191428542137146	-0.4560653865337372	0.09762003272771835	0.06242772564291954	0.587124228477478	-0.3751900792121887	-0.24603696167469025	-0.07939004898071289	-0.21965892612934113	-0.15562359988689423	0.15213793516159058	0.27247339487075806	0.2379128485918045	0.11463188380002975	-0.04772549495100975	0.12032309919595718	-0.18071861565113068	0.15275070071220398	0.0035075044725090265	0.3822755813598633	0.2477811723947525	0.030084798112511635	-0.1641806811094284	0.018496094271540642	-0.2244235724210739	0.6091868877410889	0.15656475722789764	0.19500698149204254	-0.03221186622977257	0.09891269356012344	0.03027636930346489	0.09874913841485977	0.10181713104248047	-0.2682025134563446
Aud_LABEL_4	-0.13755394518375397	0.17638084292411804	-0.13415373861789703	1.0	0.07853090763092041	0.11872757971286774	0.3041566014289856	n/a	0.36866819858551025	0.26426950097084045	0.11139895021915436	0.17723269760608673	0.35047629475593567	0.44648829102516174	0.22611796855926514	-0.3026960492134094	0.4882860481739044	0.1993321031332016	-0.03768577426671982	0.37552744150161743	0.3534371852874756	-0.02973596751689911	0.04676283150911331	-0.06431249529123306	0.22823534905910492	-0.3372777998447418	0.008373490534722805	-0.4072476327419281	0.3110473155975342	0.09232629090547562	0.7469260692596436	-0.1062452644109726	-0.026017844676971436	0.2272307127714157	n/a	0.28419432044029236	0.2579859495162964	0.1201634630560875	0.05554523319005966	0.32979580760002136	-0.15535111725330353	0.32650840282440186	0.13560551404953003	0.18136397004127502	0.33542799949645996	0.28450870513916016	-0.11144981533288956	0.02998284250497818	0.22661547362804413	0.0714397132396698	-0.11275318264961243	-0.1874740570783615	-0.04960668087005615	0.03075163997709751	-0.07671257853507996	0.19962774217128754	0.10572129487991333	-0.018172970041632652	0.023108161985874176	-0.1281857192516327	0.1623934805393219	0.15457986295223236	-0.10117771476507187	-0.00904043111950159	0.08542652428150177	0.10226292908191681	0.2612948417663574	0.3353452980518341	-0.012448522262275219	0.2991410791873932	-0.28849685192108154	-0.009256553836166859	0.23098614811897278	0.24842114746570587	0.09932687878608704	-0.042910803109407425	0.12464705854654312	0.13055114448070526	0.1246151402592659	0.29718613624572754
Tpole_LABEL_5	0.1647317111492157	0.08574200421571732	-0.19360853731632233	0.07853090763092041	1.0	0.21584796905517578	-0.12889964878559113	n/a	-0.14883452653884888	-0.24207063019275665	-0.3267695903778076	0.038545094430446625	-0.04399944469332695	0.21500246226787567	0.10865478962659836	-0.23729170858860016	0.009706834331154823	-0.19155347347259521	0.16332916915416718	-0.291170209646225	-0.12637585401535034	0.336823046207428	-0.03848573565483093	-0.25684309005737305	0.09649255871772766	0.10396546125411987	-0.19223526120185852	0.016164112836122513	-0.026127342134714127	-0.3482063412666321	0.10117142647504807	0.742703378200531	0.1966705024242401	-0.14363756775856018	n/a	-0.15044179558753967	-0.362883985042572	-0.16371400654315948	-0.19219297170639038	0.30050620436668396	0.039413612335920334	0.1304882913827896	0.038792237639427185	0.3385060429573059	-0.0365934818983078	0.13682149350643158	-0.08688560873270035	-0.11708817631006241	-0.2656014561653137	-0.3495006263256073	-0.2661564350128174	0.39015379548072815	0.42436420917510986	-0.060850705951452255	-0.19066031277179718	0.7833390831947327	0.6612793207168579	-0.6733007431030273	-0.6130425333976746	-0.32004663348197937	-0.3139227330684662	-0.5016286373138428	0.4260500371456146	-0.5831459760665894	-0.3568095564842224	-0.42529723048210144	-0.15848754346370697	-0.46711352467536926	-0.20512284338474274	-0.16902174055576324	0.17439454793930054	-0.4233495891094208	-0.42606303095817566	-0.4040033519268036	-0.09067323058843613	-0.2441444993019104	0.04140133410692215	0.12277151644229889	0.3281187117099762	0.14415982365608215
PMN_LABEL_6	0.3147789537906647	0.37160301208496094	-0.10307862609624863	0.11872757971286774	0.21584796905517578	1.0	0.2052827626466751	n/a	0.20876571536064148	0.1342119425535202	-0.037123728543519974	0.0036958905402570963	-0.08822188526391983	0.09422559291124344	-0.06578107178211212	-0.29075124859809875	0.0906793624162674	-0.2177492380142212	0.25079265236854553	-0.1293959617614746	-0.1886737197637558	-0.1433737874031067	0.13738030195236206	0.1716500222682953	-0.019869524985551834	0.07298783957958221	-0.008969218470156193	-0.33092254400253296	0.25192880630493164	-0.2670985460281372	0.29836347699165344	-0.0725303664803505	0.6017749309539795	0.22383935749530792	n/a	0.037849314510822296	0.010971376672387123	0.2360241711139679	-0.10235908627510071	0.08390254527330399	-0.1483447104692459	-0.23313157260417938	0.3056250214576721	0.2943201959133148	-0.1596098095178604	0.0054526315070688725	-0.07711005210876465	0.3480417728424072	0.032035037875175476	-0.05231037363409996	-0.3564593195915222	0.1952029913663864	0.06710190325975418	0.07390768080949783	-0.0894249677658081	0.18158502876758575	-0.04540425166487694	-0.1409669816493988	-0.1345529854297638	0.18257926404476166	0.028720123693346977	0.07638121396303177	0.016945231705904007	0.06540349125862122	-0.08718067407608032	0.027251403778791428	-0.0529886819422245	0.022468697279691696	-0.016067875549197197	0.1984775811433792	-0.037207748740911484	0.05769001320004463	0.004650543909519911	0.13883042335510254	0.09062819182872772	-0.16895972192287445	0.15854613482952118	-0.02584865689277649	0.3258797228336334	0.3011881709098816
PON_LABEL_7	0.275675892829895	0.5244231224060059	-0.30411863327026367	0.3041566014289856	-0.12889964878559113	0.2052827626466751	1.0	n/a	0.7943283915519714	-0.12642821669578552	0.01769975945353508	-0.03628303483128548	-0.19712918996810913	0.26118263602256775	-0.2327394187450409	-0.19097664952278137	0.13342279195785522	-0.11458703130483627	0.25770440697669983	0.2276410609483719	-0.2825297713279724	-0.22742947936058044	0.31899750232696533	0.559594988822937	0.22770653665065765	-0.06667184084653854	0.336315393447876	-0.3687429130077362	0.6058298945426941	-0.1035996749997139	0.19907715916633606	-0.2227087914943695	0.1324308067560196	0.8847013115882874	n/a	-0.1838526725769043	-0.0019455085275694728	-0.0468524768948555	-0.3104296028614044	0.18661819398403168	-0.11763503402471542	-0.03942517191171646	0.2714290916919708	-0.092464379966259	-0.2361283302307129	-0.05719185620546341	0.3965429365634918	0.5992667078971863	0.4853323698043823	0.14571605622768402	-0.35011595487594604	-0.07082549482584	-0.09769836813211441	0.4306340217590332	0.47560665011405945	-0.02268749661743641	-0.16378051042556763	0.22746309638023376	0.07156573235988617	0.2843405306339264	0.5589240193367004	0.5549824833869934	-0.2898148000240326	0.22848732769489288	0.5041342973709106	-0.0899125412106514	0.1977226585149765	0.24129045009613037	0.3947675824165344	0.6158971786499023	0.005968591198325157	-0.022638924419879913	-0.024622509256005287	0.4110637605190277	0.21738097071647644	0.2374706119298935	0.11233943700790405	-0.06882379204034805	0.27618440985679626	0.3330923020839691
MTL_LABEL_8	n/a	n/a	n/a	n/a	n/a	n/a	n/a	1.0	n/a	n/a	n/a	n/a	n/a	n/a	n/a	n/a	n/a	n/a	n/a	n/a	n/a	n/a	n/a	n/a	n/a	n/a	n/a	n/a	n/a	n/a	n/a	n/a	n/a	n/a	n/a	n/a	n/a	n/a	n/a	n/a	n/a	n/a	n/a	n/a	n/a	n/a	n/a	n/a	n/a	n/a	n/a	n/a	n/a	n/a	n/a	n/a	n/a	n/a	n/a	n/a	n/a	n/a	n/a	n/a	n/a	n/a	n/a	n/a	n/a	n/a	n/a	n/a	n/a	n/a	n/a	n/a	n/a	n/a	n/a	n/a
PON_LABEL_9	0.06109669432044029	0.35754531621932983	-0.10109022259712219	0.36866819858551025	-0.14883452653884888	0.20876571536064148	0.7943283915519714	n/a	1.0	0.09892682731151581	0.07616862654685974	-0.07626428455114365	-0.1618610918521881	0.27544450759887695	-0.11739369481801987	-0.14178328216075897	0.12490770220756531	0.12467136979103088	0.2668610215187073	0.15912364423274994	-0.13500365614891052	-0.3051568865776062	0.3463333249092102	0.27968671917915344	0.2874559760093689	-0.20718631148338318	0.28416359424591064	-0.38905733823776245	0.4459751844406128	0.13179798424243927	0.39009061455726624	-0.16196367144584656	-0.02040591649711132	0.7695854902267456	n/a	-0.010259217582643032	0.13798293471336365	0.1296824812889099	-0.11987923830747604	0.11943703889846802	-0.02456207200884819	-0.02837856486439705	0.2586120069026947	-0.15090668201446533	0.00093969760928303	-0.09240566194057465	0.37191906571388245	0.33589816093444824	0.611284077167511	0.21032878756523132	-0.0764663964509964	-0.345447301864624	-0.10236614942550659	0.6121309399604797	0.25897955894470215	0.12860921025276184	-0.13732612133026123	0.26512590050697327	0.1775013506412506	0.2508232891559601	0.6143611669540405	0.5798143148422241	-0.4275684952735901	0.32136133313179016	0.5054603815078735	0.11422479152679443	0.23340310156345367	0.39173030853271484	0.3229309320449829	0.6026408672332764	-0.16320951282978058	0.20144185423851013	0.059923671185970306	0.49819037318229675	0.277241975069046	0.25679704546928406	0.04439106956124306	0.0833878442645073	0.32655346393585205	0.3842240273952484
CO_LABEL_10	-0.4813748598098755	-0.32685795426368713	0.4122051000595093	0.26426950097084045	-0.24207063019275665	0.1342119425535202	-0.12642821669578552	n/a	0.09892682731151581	1.0	0.4850482642650604	0.43712934851646423	0.14578253030776978	0.05584391579031944	0.3325592577457428	-0.2004329115152359	0.39054039120674133	0.12787725031375885	-0.14320731163024902	0.5058084726333618	0.581677258014679	0.005707766395062208	0.22309091687202454	-0.419098436832428	0.16843469440937042	-0.6033976078033447	-0.09969939291477203	-0.3048555552959442	-0.18842469155788422	0.2398717850446701	0.49989694356918335	-0.12617610394954681	-0.31627869606018066	-0.03807368874549866	n/a	0.7829670906066895	0.5856722593307495	0.6262190937995911	0.6900713443756104	-0.02027183771133423	0.30191925168037415	0.3662271797657013	-0.18823671340942383	-0.022258754819631577	0.677952229976654	0.022033244371414185	0.0005935580120421946	-0.3991996645927429	0.1505671590566635	-0.2316063791513443	0.270427942276001	-0.6299469470977783	-0.41590362787246704	0.1880561113357544	-0.3141477704048157	-0.02747441828250885	0.002699641278013587	0.39059847593307495	0.4219416081905365	0.28022632002830505	0.1866285353899002	0.1908692866563797	-0.38375431299209595	0.11905721575021744	-0.14852114021778107	0.6725404858589172	0.2924233078956604	0.18036618828773499	0.052956756204366684	0.1733199506998062	-0.4008685052394867	0.4035341143608093	0.485287606716156	0.2641703486442566	0.190233051776886	0.1136949211359024	0.4539391100406647	0.4742439389228821	-0.1828492432832718	-0.05154893174767494
Sal_LABEL_11	-0.0870416909456253	-0.14338302612304688	0.08545289933681488	0.11139895021915436	-0.3267695903778076	-0.037123728543519974	0.01769975945353508	n/a	0.07616862654685974	0.4850482642650604	1.0	0.0013889942783862352	0.08436660468578339	-0.12128109484910965	-0.028567126020789146	-0.009774369187653065	0.10020632296800613	0.25519904494285583	0.14879781007766724	0.4202154874801636	0.3025476336479187	0.13626721501350403	-0.1453981101512909	0.0034724492579698563	0.02573043666779995	-0.3283653259277344	0.2308037132024765	-0.3680075407028198	0.11559481173753738	0.15499351918697357	0.0584929920732975	-0.35229921340942383	0.0015474242391064763	0.0664830356836319	n/a	0.0863853320479393	0.8395914435386658	0.2175419181585312	0.3101748824119568	-0.14900623261928558	0.13319221138954163	0.09150929749011993	-0.12299931049346924	-0.08348798006772995	0.4329693913459778	0.23311085999011993	0.09076055139303207	-0.07258199900388718	0.16118375957012177	0.06756307929754257	0.17801861464977264	-0.3977819085121155	-0.5382242202758789	-0.10495065152645111	-0.04882510378956795	-0.11866119503974915	-0.15363654494285583	0.5374761819839478	0.6521390080451965	0.3155141770839691	0.38678470253944397	0.3565818965435028	-0.5088264346122742	0.2957068681716919	0.03625592216849327	0.3145275413990021	0.16822469234466553	0.3029841184616089	0.26872920989990234	0.3314163088798523	-0.2820727527141571	0.3309655487537384	0.303232878446579	0.3667696714401245	0.4129384756088257	0.34525740146636963	0.10936807096004486	0.18464116752147675	-0.5174115300178528	-0.08733491599559784
CO_LABEL_12	-0.4611097574234009	-0.380412220954895	0.32748377323150635	0.17723269760608673	0.038545094430446625	0.0036958905402570963	-0.03628303483128548	n/a	-0.07626428455114365	0.43712934851646423	0.0013889942783862352	1.0	0.040235843509435654	0.1366632729768753	0.4103035032749176	-0.2137882262468338	0.6283473968505859	-0.09243330359458923	-0.3798821270465851	0.44527217745780945	0.5654310584068298	0.0067586833611130714	0.3795183598995209	-0.4307759702205658	0.4585320055484772	-0.49612465500831604	-0.349446177482605	-0.06748076528310776	-0.2744077444076538	0.06007406860589981	0.3103971779346466	0.004692872520536184	-0.3064841628074646	-0.1137634888291359	n/a	0.5390461683273315	0.07564249634742737	0.6252978444099426	0.33405566215515137	0.13593338429927826	0.27531638741493225	0.6019197702407837	-0.34470701217651367	0.13069380819797516	0.3725283145904541	0.08443092554807663	0.07328090816736221	-0.4597635269165039	-0.10914231836795807	-0.4670197665691376	0.04089311137795448	-0.3475419878959656	-0.41388267278671265	-0.08450359851121902	-0.23178116977214813	0.12379329651594162	0.42608192563056946	-0.06053651124238968	-0.04329456388950348	-0.0063143097795546055	-0.09153623133897781	-0.10457751154899597	-0.12571600079536438	-0.3528555929660797	-0.20155178010463715	0.22467994689941406	0.10566963255405426	-0.3056076169013977	-0.28991788625717163	-0.050325118005275726	-0.34318026900291443	-0.04729527607560158	0.001870152773335576	-0.19437889754772186	-0.16374748945236206	-0.21623454988002777	0.35786476731300354	0.2910812199115753	0.14077690243721008	-0.27810409665107727
SMd_LABEL_13	-0.1540469527244568	-0.18496207892894745	-0.10721506178379059	0.35047629475593567	-0.04399944469332695	-0.08822188526391983	-0.19712918996810913	n/a	-0.1618610918521881	0.14578253030776978	0.08436660468578339	0.040235843509435654	1.0	-0.1548335701227188	0.20626713335514069	-0.19264282286167145	0.30080604553222656	0.026145124807953835	0.03916459158062935	0.11154963076114655	0.20394229888916016	0.3425292372703552	-0.17007172107696533	-0.13230657577514648	-0.24659590423107147	0.17465874552726746	0.0015731154708191752	-0.04876468703150749	-0.02444472163915634	-0.066700778901577	0.1371789276599884	0.07654210180044174	-0.14144669473171234	-0.17187073826789856	n/a	0.0028599416837096214	0.20459525287151337	-0.04605215787887573	0.25632530450820923	-0.10959415137767792	-0.2187347710132599	0.1120099276304245	-0.1939956396818161	-0.0518544502556324	0.013575722463428974	0.29801255464553833	-0.25581037998199463	-0.07005636394023895	-0.23668929934501648	0.06817874312400818	-0.027555203065276146	0.19281919300556183	0.026598049327731133	0.011360789649188519	0.07776549458503723	-0.021365433931350708	-0.056840959936380386	0.11366080492734909	0.01795191504061222	-0.041243914514780045	-0.12231028079986572	-0.11090564727783203	0.015043171122670174	-0.026850927621126175	-0.19462177157402039	0.16112999618053436	-0.15802913904190063	0.28302544355392456	0.03570576384663582	-0.01851324923336506	-0.02751033939421177	-0.11641358584165573	0.5746936798095703	-0.022132117301225662	-0.1610749065876007	-0.07113843411207199	0.03214597329497337	0.17755013704299927	-0.1925775706768036	-0.11584543436765671
SMl_LABEL_14	-0.31957992911338806	0.1078130379319191	0.11748290061950684	0.44648829102516174	0.21500246226787567	0.09422559291124344	0.26118263602256775	n/a	0.27544450759887695	0.05584391579031944	-0.12128109484910965	0.1366632729768753	-0.1548335701227188	1.0	0.14237673580646515	-0.4831892251968384	0.3813250660896301	-0.11243215203285217	0.1076008602976799	-0.03481617197394371	0.2226061224937439	-0.2145322561264038	0.4117402732372284	-0.2643066346645355	0.1900290995836258	-0.4615073800086975	-0.15839684009552002	-0.46008092164993286	0.13568414747714996	0.2552320063114166	0.5462443232536316	-0.037447020411491394	-0.1556508094072342	0.27346304059028625	n/a	0.24615058302879333	-0.09571664035320282	0.10225407034158707	-0.07737350463867188	0.9440445303916931	0.1830141693353653	0.35810279846191406	0.10542396456003189	0.018653713166713715	0.3706013858318329	0.013792233541607857	0.3334372341632843	-0.1000976637005806	0.1988418996334076	0.002947180764749646	0.09837809205055237	-0.1278218775987625	0.10258243978023529	-0.06632682681083679	-0.10909000039100647	0.318574994802475	0.2704034447669983	-0.062140580266714096	0.05411471426486969	-0.20265357196331024	0.15502020716667175	0.16268931329250336	-0.030544888228178024	-0.15139994025230408	0.09738999605178833	-0.12824390828609467	0.6140738725662231	-0.11571554839611053	-0.07672790437936783	0.22650741040706635	-0.3905195891857147	0.09420063346624374	-0.24278433620929718	0.4001362919807434	-0.07233710587024689	-0.203435480594635	0.0899566188454628	-0.04592566192150116	0.2650277018547058	0.19866475462913513
DAN_LABEL_15	-0.43034693598747253	-0.1776653528213501	0.34096720814704895	0.22611796855926514	0.10865478962659836	-0.06578107178211212	-0.2327394187450409	n/a	-0.11739369481801987	0.3325592577457428	-0.028567126020789146	0.4103035032749176	0.20626713335514069	0.14237673580646515	1.0	-0.16090768575668335	0.46287456154823303	0.013908599503338337	0.1270184963941574	0.11720889806747437	0.5512843132019043	-0.11485272645950317	0.20068871974945068	-0.5198938846588135	0.44748225808143616	-0.43151354789733887	-0.07184413820505142	-0.04160550609230995	-0.08044616878032684	0.19843856990337372	0.37427642941474915	-0.11531109362840652	-0.2023644894361496	-0.1942659467458725	n/a	0.41765880584716797	0.17745685577392578	0.2228335440158844	0.32541316747665405	0.16105270385742188	0.5276683568954468	0.5418721437454224	-0.20713959634304047	0.26608118414878845	0.43894296884536743	0.008516415022313595	-0.08413852751255035	-0.466471403837204	0.21139435470104218	-0.19656133651733398	0.12091163545846939	-0.3454134166240692	0.00879273097962141	-0.07513897120952606	-0.3431507647037506	0.09935959428548813	0.29290974140167236	-0.026137586683034897	-0.01846102997660637	-0.14688339829444885	-0.19951555132865906	-0.09674230962991714	0.014160065911710262	-0.19922761619091034	0.0020214535761624575	0.29433301091194153	0.31957724690437317	0.1014530286192894	-0.12471950054168701	0.03339602053165436	-0.04696332663297653	0.08794998377561569	0.20506975054740906	-0.04038069397211075	-0.16135823726654053	-0.026751946657896042	0.04119594395160675	-0.10500328242778778	0.21050256490707397	-0.0516783744096756
DMN_LABEL_16	0.2429305911064148	-0.03304114565253258	0.2707664370536804	-0.3026960492134094	-0.23729170858860016	-0.29075124859809875	-0.19097664952278137	n/a	-0.14178328216075897	-0.2004329115152359	-0.009774369187653065	-0.2137882262468338	-0.19264282286167145	-0.4831892251968384	-0.16090768575668335	1.0	-0.44677165150642395	0.5165448188781738	-0.14898507297039032	-0.07701669633388519	-0.24817222356796265	-0.17614011466503143	-0.3188170790672302	0.26702767610549927	-0.26128602027893066	0.3731503486633301	0.40503042936325073	0.6807344555854797	-0.08761375397443771	0.09456430375576019	-0.3839840292930603	-0.0883866399526596	0.015481943264603615	-0.28433531522750854	n/a	-0.21754640340805054	-0.01821477711200714	-0.2586219906806946	-0.02124796062707901	-0.5144729018211365	-0.14958113431930542	-0.41606247425079346	0.016429061070084572	-0.14649789035320282	-0.25357916951179504	-0.1618707776069641	-0.2835555076599121	0.06064540892839432	-0.046198517084121704	0.35117682814598083	0.1578114926815033	-0.04303285852074623	-0.12858036160469055	-0.06265439838171005	0.16122345626354218	-0.3231450021266937	-0.18450458347797394	0.168517604470253	0.03662716969847679	0.0980922058224678	-0.1271984875202179	0.09651216119527817	-0.08387425541877747	0.3586336374282837	0.1672384887933731	0.18232469260692596	-0.25558218359947205	0.19313886761665344	0.04606126248836517	-0.10246672481298447	0.43196478486061096	0.28287211060523987	0.04915136843919754	-0.14526984095573425	0.005562037229537964	0.16462597250938416	-0.3413669764995575	-0.05812082439661026	-0.11727363616228104	-0.13822375237941742
CO_LABEL_17	-0.377460777759552	-0.1877990961074829	0.14446888864040375	0.4882860481739044	0.009706834331154823	0.0906793624162674	0.13342279195785522	n/a	0.12490770220756531	0.39054039120674133	0.10020632296800613	0.6283473968505859	0.30080604553222656	0.3813250660896301	0.46287456154823303	-0.44677165150642395	1.0	-0.11090545356273651	0.10100097209215164	0.5366901755332947	0.6528350710868835	0.10296311229467392	0.30830642580986023	-0.31057843565940857	0.47927090525627136	-0.4446471631526947	-0.05373861640691757	-0.21103987097740173	0.0056428746320307255	-0.07215184718370438	0.49401023983955383	-0.06501630693674088	-0.20882044732570648	0.07012250274419785	n/a	0.4025214910507202	0.20947909355163574	0.39298585057258606	0.1446056067943573	0.33161208033561707	0.13148176670074463	0.647526204586029	-0.09256190061569214	0.10435912013053894	0.3733648657798767	0.20738156139850616	0.00434027099981904	-0.1968216747045517	-0.0152060491964221	-0.2724403142929077	-0.18422774970531464	-0.2112124264240265	-0.2130446583032608	-0.057466112077236176	-0.15807442367076874	0.16225260496139526	0.25667914748191833	0.16793586313724518	0.09458081424236298	-0.05252017825841904	0.05772538483142853	0.1568775177001953	-0.1314907968044281	-0.19943547248840332	-0.006275205872952938	0.11611354351043701	0.23530809581279755	-0.011565715074539185	-0.06949932128190994	0.12877538800239563	-0.2744200825691223	0.02738460712134838	0.1449815332889557	0.1305931657552719	-0.018586190417408943	-0.18767033517360687	0.3561842441558838	0.28231877088546753	0.2393302619457245	0.1752549409866333
DMN_LABEL_18	0.02367590367794037	-0.026944154873490334	0.2644980847835541	0.1993321031332016	-0.19155347347259521	-0.2177492380142212	-0.11458703130483627	n/a	0.12467136979103088	0.12787725031375885	0.25519904494285583	-0.09243330359458923	0.026145124807953835	-0.11243215203285217	0.013908599503338337	0.5165448188781738	-0.11090545356273651	1.0	-0.048679668456315994	0.010719680227339268	-0.0026296256110072136	-0.23216590285301208	-0.13762901723384857	0.005376659799367189	-0.04628489166498184	-0.08648670464754105	0.24419574439525604	0.1528749018907547	0.038243237882852554	0.38422882556915283	-0.041919052600860596	-0.12845532596111298	0.02123819850385189	-0.15619993209838867	n/a	-0.07774894684553146	0.3413659632205963	-0.08651155233383179	-0.02718058042228222	-0.2497735470533371	-0.18068073689937592	-0.2712423801422119	0.0657634288072586	-0.3603426516056061	0.15645109117031097	0.07991600781679153	-0.21472297608852386	-0.026895077899098396	0.04768183082342148	0.5214202404022217	0.35186442732810974	-0.2691987454891205	-0.29749560356140137	-0.11454880237579346	0.13523411750793457	-0.16750700771808624	-0.2051972895860672	0.1758875697851181	0.20042330026626587	-0.13592174649238586	0.13349537551403046	0.3688565194606781	-0.16223816573619843	0.35666623711586	0.2817443907260895	0.12255211919546127	-0.0874016061425209	0.30625665187835693	0.006557657849043608	0.05713219940662384	0.04913411661982536	0.24883054196834564	0.12126141786575317	0.17517328262329102	0.08337840437889099	0.0917249247431755	-0.3122828006744385	0.1896134316921234	-0.05798353999853134	-0.035969581454992294
VAN_LABEL_19	0.319785475730896	0.41700223088264465	-0.1912713646888733	-0.03768577426671982	0.16332916915416718	0.25079265236854553	0.25770440697669983	n/a	0.2668610215187073	-0.14320731163024902	0.14879781007766724	-0.3798821270465851	0.03916459158062935	0.1076008602976799	0.1270184963941574	-0.14898507297039032	0.10100097209215164	-0.048679668456315994	1.0	-0.12207300215959549	-0.256032258272171	0.027878694236278534	0.06483064591884613	0.15338177978992462	0.06122333183884621	0.15153434872627258	0.5312283635139465	-0.2162386029958725	0.4560146927833557	-0.24922165274620056	-0.05745730549097061	-0.02761472389101982	0.3434428870677948	0.35795968770980835	n/a	-0.38039061427116394	0.13890253007411957	-0.29376307129859924	-0.20774511992931366	0.08926552534103394	0.11269527673721313	-0.09285950660705566	0.2899608016014099	0.0368661992251873	-0.19022613763809204	0.025790389627218246	0.06756265461444855	0.3802102506160736	0.23964788019657135	0.18393000960350037	-0.3694794178009033	0.16961361467838287	0.15281559526920319	0.07155174016952515	0.27366694808006287	0.09415198117494583	-0.1270408183336258	0.1955614537000656	0.11551584303379059	0.16753830015659332	0.26629766821861267	0.3654337227344513	-0.133816659450531	0.265465646982193	0.3087308704853058	-0.10899090021848679	0.10885262489318848	0.2338128536939621	0.52948397397995	0.4151032269001007	0.35509148240089417	0.039259687066078186	0.024026811122894287	0.3588368892669678	0.22168704867362976	0.2400510460138321	-0.16621556878089905	-0.0677151083946228	0.2894509732723236	0.45486530661582947
CO_LABEL_20	-0.13190948963165283	-0.14332787692546844	-0.012108868919312954	0.37552744150161743	-0.291170209646225	-0.1293959617614746	0.2276410609483719	n/a	0.15912364423274994	0.5058084726333618	0.4202154874801636	0.44527217745780945	0.11154963076114655	-0.03481617197394371	0.11720889806747437	-0.07701669633388519	0.5366901755332947	0.010719680227339268	-0.12207300215959549	1.0	0.45036813616752625	0.23147150874137878	0.05645041540265083	-0.001434176228940487	0.39194199442863464	-0.3665950298309326	0.08174243569374084	-0.23475810885429382	0.06932026892900467	-0.2075190246105194	0.26690009236335754	-0.17706705629825592	-0.26915907859802246	0.18456107378005981	n/a	0.4290219247341156	0.3933780789375305	0.41352999210357666	0.32728058099746704	-0.11121275275945663	0.1400347501039505	0.5181915163993835	0.05416197329759598	0.08557358384132385	0.3852040469646454	0.2767307758331299	0.0950608104467392	-0.10271066427230835	0.18286192417144775	-0.3179537355899811	-0.2353667914867401	-0.40224650502204895	-0.476685106754303	0.12008261680603027	-0.05486196279525757	-0.11557231843471527	-0.014743590727448463	0.390036940574646	0.4256078898906708	0.27389439940452576	0.15761101245880127	0.3006878197193146	-0.3885074555873871	0.060269445180892944	0.032961033284664154	0.3106834292411804	0.11769416928291321	0.12452485412359238	0.2946586310863495	0.23278050124645233	-0.11892468482255936	0.09682077914476395	0.25009655952453613	0.11601784825325012	0.19867423176765442	0.06622276455163956	0.4791468381881714	0.42299190163612366	-0.22774259746074677	0.11793532967567444
CO_LABEL_21	-0.7071883082389832	-0.5368195176124573	0.4514290988445282	0.3534371852874756	-0.12637585401535034	-0.1886737197637558	-0.2825297713279724	n/a	-0.13500365614891052	0.581677258014679	0.3025476336479187	0.5654310584068298	0.20394229888916016	0.2226061224937439	0.5512843132019043	-0.24817222356796265	0.6528350710868835	-0.0026296256110072136	-0.256032258272171	0.45036813616752625	1.0	0.15201324224472046	0.1695765256881714	-0.5835078954696655	0.3502832353115082	-0.5660045742988586	-0.3013298511505127	-0.12476728856563568	-0.3751657009124756	0.2834019958972931	0.48491019010543823	-0.15425527095794678	-0.4588695466518402	-0.2916472852230072	n/a	0.6079281568527222	0.4115985631942749	0.47876375913619995	0.34685611724853516	0.21104684472084045	0.2856632173061371	0.6164376735687256	-0.2519688606262207	0.2065339982509613	0.7224368453025818	0.1520674079656601	-0.021434275433421135	-0.6472463607788086	0.003627975471317768	-0.3327333629131317	0.34458839893341064	-0.42979732155799866	-0.3046073615550995	-0.14865586161613464	-0.44944414496421814	0.07032158225774765	0.3160263001918793	0.20206207036972046	0.29013341665267944	-0.19098199903964996	-0.18338048458099365	-0.1197003424167633	-0.16957704722881317	-0.19994604587554932	-0.17629583179950714	0.25426432490348816	0.21766114234924316	-0.008144448511302471	-0.3413883149623871	-0.12843017280101776	-0.4716125726699829	0.2593095004558563	0.16582272946834564	7.662306597921997e-05	0.05964602157473564	-0.11196345835924149	0.3114995062351227	0.1367136389017105	-0.06692220270633698	-0.1615266054868698
Sal_LABEL_22	0.06709784269332886	-0.2910855710506439	-0.37577617168426514	-0.02973596751689911	0.336823046207428	-0.1433737874031067	-0.22742947936058044	n/a	-0.3051568865776062	0.005707766395062208	0.13626721501350403	0.0067586833611130714	0.3425292372703552	-0.2145322561264038	-0.11485272645950317	-0.17614011466503143	0.10296311229467392	-0.23216590285301208	0.027878694236278534	0.23147150874137878	0.15201324224472046	1.0	-0.3092360496520996	-0.21607282757759094	-0.15985779464244843	0.24157249927520752	-0.11660275608301163	-0.019858460873365402	-0.2704794108867645	-0.49166810512542725	-0.15048903226852417	0.5750651955604553	-0.16879291832447052	-0.26732155680656433	n/a	-0.08646643161773682	0.05982526019215584	-0.11265945434570312	0.03595024347305298	-0.08748065680265427	-0.14827477931976318	0.16752836108207703	-0.054976657032966614	0.2960238456726074	0.058119531720876694	0.6366391777992249	-0.22577393054962158	-0.16771866381168365	-0.41205552220344543	-0.3813300132751465	-0.22577980160713196	0.3301090598106384	0.16238662600517273	0.05476229637861252	0.042864032089710236	0.3433554768562317	0.24700185656547546	-0.13725703954696655	-0.13996322453022003	-0.23628652095794678	-0.30192819237709045	-0.3724686801433563	0.139120951294899	-0.3310110867023468	-0.3757997751235962	-0.2642505168914795	-0.36975225806236267	-0.3616084158420563	-0.015376211144030094	-0.1995157152414322	0.11109592765569687	-0.388645201921463	-0.007591159548610449	-0.38643568754196167	-0.10104872286319733	-0.1573002189397812	0.2591724097728729	0.33303093910217285	-0.24712109565734863	0.006566318217664957
DAN_LABEL_23	-0.33026742935180664	0.13987158238887787	0.4000821113586426	0.04676283150911331	-0.03848573565483093	0.13738030195236206	0.31899750232696533	n/a	0.3463333249092102	0.22309091687202454	-0.1453981101512909	0.3795183598995209	-0.17007172107696533	0.4117402732372284	0.20068871974945068	-0.3188170790672302	0.30830642580986023	-0.13762901723384857	0.06483064591884613	0.05645041540265083	0.1695765256881714	-0.3092360496520996	1.0	-0.1014842540025711	0.40606924891471863	-0.30569425225257874	0.00874836090952158	-0.2695472538471222	0.055140070617198944	0.16476447880268097	0.31614449620246887	-0.14786358177661896	-0.17124658823013306	0.3304905593395233	n/a	0.2770000398159027	-0.009690145030617714	0.26472288370132446	-0.00877379346638918	0.3445236384868622	0.3689655661582947	0.21426881849765778	0.04576941579580307	-0.0665549784898758	0.2413763701915741	-0.16098526120185852	0.6332476735115051	-0.04233068600296974	0.43312788009643555	-0.02796326018869877	0.020780568942427635	-0.29599884152412415	-0.08159255981445312	0.06332937628030777	0.08067375421524048	0.01666519232094288	-0.029611965641379356	0.09030432254076004	0.08829167485237122	0.006436815485358238	0.18135273456573486	0.270760178565979	-0.1917298585176468	0.08753415197134018	0.14937874674797058	0.024475300684571266	0.2612912654876709	-0.08358611166477203	0.02172187529504299	0.3207167387008667	-0.23320549726486206	0.28244102001190186	-0.09947771579027176	0.26211047172546387	-0.14331556856632233	-0.024438614025712013	0.08144509047269821	-0.0503382608294487	0.3720664978027344	0.020029878243803978
PMN_LABEL_24	0.7010939717292786	0.5397142171859741	-0.4015275537967682	-0.06431249529123306	-0.25684309005737305	0.1716500222682953	0.559594988822937	n/a	0.27968671917915344	-0.419098436832428	0.0034724492579698563	-0.4307759702205658	-0.13230657577514648	-0.2643066346645355	-0.5198938846588135	0.26702767610549927	-0.31057843565940857	0.005376659799367189	0.15338177978992462	-0.001434176228940487	-0.5835078954696655	-0.21607282757759094	-0.1014842540025711	1.0	-0.16815486550331116	0.48637819290161133	0.48170608282089233	0.16816575825214386	0.5166808366775513	-0.3342885375022888	-0.33941781520843506	-0.26418739557266235	0.445985347032547	0.44681331515312195	n/a	-0.5589009523391724	-0.14082121849060059	-0.4706580340862274	-0.4229840040206909	-0.31134793162345886	-0.41146790981292725	-0.5149876475334167	0.3419051468372345	-0.25833702087402344	-0.6615427732467651	-0.12017708271741867	0.07117260247468948	0.8632218241691589	0.14531035721302032	0.24630118906497955	-0.41859301924705505	0.27874433994293213	-0.1037345826625824	0.057322464883327484	0.44664067029953003	-0.3663199543952942	-0.5518785119056702	0.12774059176445007	-0.014178823679685593	0.26846012473106384	0.3118766248226166	0.33311259746551514	-0.030193744227290154	0.3261467516422272	0.35109972953796387	-0.1682264506816864	-0.22892679274082184	0.330022394657135	0.31197091937065125	0.28362947702407837	0.38750073313713074	-0.01763603463768959	0.05955485999584198	0.17384502291679382	0.31462517380714417	0.20957981050014496	-0.17013320326805115	-0.2796199917793274	-0.10070936381816864	0.1763395518064499
DAN_LABEL_25	-0.18361294269561768	0.15290026366710663	0.10419560968875885	0.22823534905910492	0.09649255871772766	-0.019869524985551834	0.22770653665065765	n/a	0.2874559760093689	0.16843469440937042	0.02573043666779995	0.4585320055484772	-0.24659590423107147	0.1900290995836258	0.44748225808143616	-0.26128602027893066	0.47927090525627136	-0.04628489166498184	0.06122333183884621	0.39194199442863464	0.3502832353115082	-0.15985779464244843	0.40606924891471863	-0.16815486550331116	1.0	-0.5269631147384644	-0.14502592384815216	-0.2460269033908844	0.172211155295372	-0.06268429011106491	0.33250969648361206	-0.11410929262638092	-0.09395131468772888	0.16781939566135406	n/a	0.27561822533607483	0.1293312907218933	0.22354556620121002	0.002892159391194582	0.05902332067489624	0.3928941488265991	0.5987286567687988	-0.0330917090177536	0.12143506854772568	0.3633470833301544	0.06826387345790863	0.19762343168258667	-0.18989519774913788	0.4030560255050659	-0.3883712589740753	-0.23890267312526703	-0.4053000509738922	-0.21073654294013977	0.07354975491762161	-0.3627158999443054	0.2606208622455597	0.2038901448249817	-0.10203178972005844	-0.028080344200134277	0.009431470185518265	0.1003996953368187	0.06855946779251099	-0.11704777181148529	-0.31214815378189087	0.09057310968637466	-0.012920958921313286	0.15557684004306793	-0.04826073721051216	-0.024372871965169907	0.1660325527191162	-0.21968135237693787	0.016917910426855087	-0.2132740318775177	0.0030585837084800005	0.02822362631559372	0.08480935543775558	0.1187184527516365	-0.028254399076104164	0.38375499844551086	0.2122049629688263
