DMN_LABEL_1	Vis_LABEL_2	FP_LABEL_3	Aud_LABEL_4	Tpole_LABEL_5	PMN_LABEL_6	PON_LABEL_7	MTL_LABEL_8	PON_LABEL_9	CO_LABEL_10	Sal_LABEL_11	CO_LABEL_12	SMd_LABEL_13	SMl_LABEL_14	DAN_LABEL_15	DMN_LABEL_16	CO_LABEL_17	DMN_LABEL_18	VAN_LABEL_19	CO_LABEL_20	CO_LABEL_21	Sal_LABEL_22	DAN_LABEL_23	PMN_LABEL_24	DAN_LABEL_25	DMN_LABEL_26	DMN_LABEL_27	DMN_LABEL_28	Vis_LABEL_29	FP_LABEL_30	Aud_LABEL_31	Tpole_LABEL_32	PMN_LABEL_33	PON_LABEL_34	MTL_LABEL_35	CO_LABEL_36	Sal_LABEL_37	CO_LABEL_38	SMd_LABEL_39	SMl_LABEL_40	DAN_LABEL_41	CO_LABEL_42	VAN_LABEL_43	CO_LABEL_44	CO_LABEL_45	Sal_LABEL_46	DAN_LABEL_47	PMN_LABEL_48	DAN_LABEL_49	DMN_LABEL_50	FP_LABEL_51	DMN_LABEL_52	DMN_LABEL_53	PON_LABEL_54	DMN_LABEL_55	Tpole_LABEL_56	Tpole_LABEL_57	Sal_LABEL_58	Sal_LABEL_59	SMd_LABEL_60	DAN_LABEL_61	FP_LABEL_62	DMN_LABEL_63	FP_LABEL_64	FP_LABEL_65	SMd_LABEL_66	SMl_LABEL_67	SMd_LABEL_68	DMN_LABEL_69	DAN_LABEL_70	DMN_LABEL_71	FP_LABEL_72	SMd_LABEL_73	SMl_LABEL_74	MTL_LABEL_75	MTL_LABEL_76	CO_LABEL_77	CO_LABEL_78	Vis_LABEL_79	Vis_LABEL_80
-0.7259297966957092	1.5860750675201416	0.7389410138130188	-0.23288394510746002	-0.0832684263586998	0.01503460481762886	0.4376227557659149	n/a	0.1911545991897583	-0.09441882371902466	-0.16653917729854584	0.13836568593978882	-0.41918399930000305	-0.5791272521018982	0.46825259923934937	-0.5448164343833923	0.18863019347190857	-0.6233339309692383	-0.271675169467926	-0.3797219693660736	-0.13247402012348175	-0.3410027027130127	0.6628983020782471	2.103759288787842	0.4787484109401703	-1.6963012218475342	-1.1935608386993408	-1.029692530632019	1.4052492380142212	0.542167067527771	-0.23494525253772736	-0.05378091707825661	0.10809015482664108	0.3278239071369171	n/a	-0.06828160583972931	0.05489832162857056	-0.18336880207061768	-1.0253074169158936	-0.7543362975120544	-0.12070297449827194	0.9558126330375671	-0.17276158928871155	0.05776023492217064	-0.07636728882789612	-0.6783956289291382	0.6705411076545715	1.261349081993103	0.4471076428890228	0.11953403055667877	-1.2367157936096191	-1.10114324092865	-0.30633336305618286	0.17852403223514557	-1.4340392351150513	0.03635861352086067	-0.06591758877038956	-0.012834571301937103	-0.15713873505592346	-0.07270603626966476	0.11521266400814056	-0.1481168419122696	-0.6866428256034851	0.20140479505062103	0.17528943717479706	-0.2906455993652344	-0.18338395655155182	-0.42593327164649963	-0.29222509264945984	0.19175589084625244	-0.8693993091583252	0.002571513643488288	0.0226608756929636	-0.41352394223213196	-0.014180261641740799	0.047660697251558304	-0.2045985758304596	-0.22879494726657867	0.2731194496154785	0.3055410087108612
-0.5700656771659851	1.8304890394210815	0.7442198991775513	-0.40617430210113525	-0.20582063496112823	0.30719447135925293	0.6229594349861145	n/a	0.23358075320720673	-0.26648610830307007	-0.08216123282909393	0.028111351653933525	-0.4999505579471588	-1.1343533992767334	0.4295858144760132	-0.421163946390152	-0.2865334451198578	-0.47916847467422485	-0.47222673892974854	-0.6044002175331116	-0.3797888457775116	-0.33484047651290894	0.792515754699707	2.933471441268921	0.3910600543022156	-1.136599063873291	-1.0205446481704712	-0.7923954129219055	1.654730200767517	1.184584617614746	-0.44066980481147766	-0.14167609810829163	0.4170015752315521	0.4375101625919342	n/a	-0.16191411018371582	0.13824008405208588	-0.554387629032135	-0.8202118277549744	-1.3543299436569214	-0.061352264136075974	0.28218141198158264	-0.371272474527359	-0.15905331075191498	-0.2586926519870758	-0.7563343644142151	0.7939795255661011	1.8903323411941528	0.547324001789093	-0.0009564271313138306	-1.142482876777649	-0.542439877986908	-0.3526989817619324	0.17492103576660156	-1.2638914585113525	-0.0720825344324112	-0.10418520122766495	0.00699645048007369	-0.11597303301095963	-0.01757829077541828	0.13506735861301422	0.09265946596860886	-0.5706087350845337	0.25682762265205383	0.29789382219314575	-0.2529140114784241	-0.22332759201526642	-0.26573628187179565	-0.3841540217399597	0.13186992704868317	-0.7019496560096741	0.18594814836978912	0.08244440704584122	-0.4745454490184784	-0.01715206541121006	0.023807795718312263	-0.15172766149044037	-0.17443066835403442	0.39423903822898865	0.33309197425842285
-0.3741465210914612	1.973689317703247	0.5929901599884033	-0.5694158673286438	-0.3214032053947449	0.5332870483398438	0.8231756091117859	n/a	0.2757822275161743	-0.43977585434913635	-0.0364190936088562	-0.10844714194536209	-0.5332448482513428	-1.6283390522003174	0.4153420925140381	-0.257475346326828	-0.7202860116958618	-0.2990969121456146	-0.6356874108314514	-0.7935504913330078	-0.6090187430381775	-0.33746007084846497	0.913275957107544	3.4932820796966553	0.3330405652523041	-0.4597308933734894	-0.8135519027709961	-0.5425741076469421	1.818241000175476	1.7135404348373413	-0.6211483478546143	-0.2286653369665146	0.6513766646385193	0.5719109177589417	n/a	-0.2934974431991577	0.16490042209625244	-0.9761263728141785	-0.4921813905239105	-1.8649301528930664	0.04101903364062309	-0.3982362747192383	-0.5128765106201172	-0.3524085581302643	-0.4637705087661743	-0.7959399223327637	0.8957098722457886	2.304610252380371	0.647661566734314	-0.15959432721138	-1.0269490480422974	0.1264742612838745	-0.3813996911048889	0.18133051693439484	-1.1031349897384644	-0.16162298619747162	-0.11894027143716812	0.019459489732980728	-0.06582300364971161	0.03415731340646744	0.1426282823085785	0.2561633288860321	-0.39708539843559265	0.24786517024040222	0.31494227051734924	-0.18339097499847412	-0.2609672248363495	-0.06123373284935951	-0.4538074731826782	0.033266693353652954	-0.46990588307380676	0.3427714407444	0.14409993588924408	-0.5149596333503723	-0.023542093113064766	-0.013654431328177452	-0.11493019759654999	-0.09904158860445023	0.5036129951477051	0.3243236541748047
-0.20355452597141266	1.9580618143081665	0.3830491006374359	-0.7120048999786377	-0.4113336205482483	0.6680591702461243	0.9736623764038086	n/a	0.3020988404750824	-0.5574118494987488	-0.036349643021821976	-0.21885831654071808	-0.4930238723754883	-1.9915891885757446	0.4797022342681885	-0.09173138439655304	-1.0213133096694946	-0.12134998291730881	-0.7475520372390747	-0.8872396945953369	-0.7422288060188293	-0.34737905859947205	1.0574911832809448	3.716681957244873	0.35984063148498535	0.16606129705905914	-0.6190035939216614	-0.3033534586429596	1.843155026435852	2.038132667541504	-0.7676272392272949	-0.30381086468696594	0.7571031451225281	0.6854965090751648	n/a	-0.4199085235595703	0.12635204195976257	-1.3649243116378784	-0.11334323137998581	-2.22007417678833	0.19422252476215363	-0.8755432963371277	-0.5710124373435974	-0.468425989151001	-0.6206228137016296	-0.8072880506515503	1.0055387020111084	2.4137794971466064	0.7715433835983276	-0.340653657913208	-0.9631783366203308	0.6754234433174133	-0.40261417627334595	0.19669632613658905	-1.008762001991272	-0.22778183221817017	-0.11059434711933136	0.01732313446700573	-0.01541376207023859	0.07696234434843063	0.14181090891361237	0.32061371207237244	-0.21458600461483002	0.18702639639377594	0.28486454486846924	-0.09877423942089081	-0.29339560866355896	0.18210379779338837	-0.4902442991733551	-0.057775042951107025	-0.2259262651205063	0.47999587655067444	0.19976231455802917	-0.5158491134643555	-0.03033912181854248	-0.06403996795415878	-0.07717790454626083	-0.007991626858711243	0.5666585564613342	0.272477388381958
-0.10858533531427383	1.7517244815826416	0.2541140615940094	-0.8210158348083496	-0.45772817730903625	0.7051936388015747	1.0077407360076904	n/a	0.29780957102775574	-0.5713993310928345	-0.060146987438201904	-0.24945399165153503	-0.3865082561969757	-2.1661183834075928	0.6389489769935608	0.04511420056223869	-1.1364343166351318	0.013540178537368774	-0.8121461272239685	-0.8481036424636841	-0.7204016447067261	-0.3525860011577606	1.2331703901290894	3.6200714111328125	0.4802117645740509	0.5775172114372253	-0.47727110981941223	-0.0776294395327568	1.7001854181289673	2.120994806289673	-0.8763015270233154	-0.352329820394516	0.7109107375144958	0.7307640314102173	n/a	-0.4869445562362671	0.047382988035678864	-1.6209220886230469	0.1947271078824997	-2.3773014545440674	0.38062816858291626	-0.9828030467033386	-0.5501867532730103	-0.4704972505569458	-0.6542559266090393	-0.7877406477928162	1.1270426511764526	2.211387872695923	0.9184694886207581	-0.4880802631378174	-0.9677039980888367	0.8839461803436279	-0.4212573766708374	0.21583378314971924	-0.9991157650947571	-0.27211615443229675	-0.08675698190927505	0.0007313573150895536	0.03035108745098114	0.0972944125533104	0.13678207993507385	0.3098084330558777	-0.08862172812223434	0.1152159571647644	0.28413721919059753	-0.028182797133922577	-0.3190593719482422	0.42950910329818726	-0.4865063726902008	-0.09250003844499588	-0.04225477576255798	0.6098207831382751	0.2403036206960678	-0.46792885661125183	-0.030912453308701515	-0.11639150977134705	-0.009020596742630005	0.08950214833021164	0.5531731843948364	0.1834702342748642
-0.09810104221105576	1.3781455755233765	0.29234930872917175	-0.875495433807373	-0.4507463574409485	0.6550974249839783	0.8969608545303345	n/a	0.2571105360984802	-0.46886372566223145	-0.06778919696807861	-0.17470090091228485	-0.24485287070274353	-2.1234965324401855	0.8526773452758789	0.13396266102790833	-1.070833444595337	0.08036728203296661	-0.8456298112869263	-0.679114818572998	-0.537886917591095	-0.3362308442592621	1.4086778163909912	3.2684173583984375	0.6423779129981995	0.6966484785079956	-0.4074958562850952	0.1379769891500473	1.405657172203064	1.984575629234314	-0.9356741905212402	-0.3606477379798889	0.5340718030929565	0.6847094893455505	n/a	-0.46082815527915955	-0.025312693789601326	-1.672239899635315	0.33530744910240173	-2.3259963989257812	0.550288736820221	-0.6928113698959351	-0.4817538261413574	-0.3570522964000702	-0.535137414932251	-0.7198651432991028	1.2218515872955322	1.7747802734375	1.0477569103240967	-0.534923791885376	-0.9848237037658691	0.6704469919204712	-0.4319666624069214	0.22971880435943604	-1.0421088933944702	-0.2946458160877228	-0.05720070004463196	-0.019953489303588867	0.07123078405857086	0.08475832641124725	0.13246214389801025	0.27786558866500854	-0.06763280183076859	0.0808744728565216	0.34938907623291016	0.008322314359247684	-0.33424440026283264	0.630549430847168	-0.44055894017219543	-0.04780946299433708	0.02612011320888996	0.7316800951957703	0.26211223006248474	-0.37495535612106323	-0.0185747891664505	-0.1528233140707016	0.10629456490278244	0.1817113310098648	0.4562373757362366	0.07760873436927795
-0.1298125684261322	0.9112825989723206	0.4697691798210144	-0.8467856049537659	-0.39397403597831726	0.5424848198890686	0.6718899011611938	n/a	0.1891063004732132	-0.2827138304710388	-0.03587339445948601	-0.02240498922765255	-0.09604843705892563	-1.8708488941192627	1.0348371267318726	0.1740541160106659	-0.8797981142997742	0.0823659896850586	-0.8623839616775513	-0.42408835887908936	-0.255463570356369	-0.28976526856422424	1.5130423307418823	2.7245404720306396	0.7615364193916321	0.5746793150901794	-0.396395742893219	0.3313922584056854	1.0119743347167969	1.6929820775985718	-0.9199807047843933	-0.32293593883514404	0.2889094054698944	0.5597084164619446	n/a	-0.3519066870212555	-0.052990928292274475	-1.5078731775283813	0.3049551546573639	-2.078519344329834	0.6462817192077637	-0.1615310162305832	-0.40249282121658325	-0.16653995215892792	-0.3079725205898285	-0.5889714360237122	1.2268868684768677	1.2273608446121216	1.092629313468933	-0.4430130124092102	-0.9115254878997803	0.1648697704076767	-0.4176800847053528	0.22601573169231415	-1.057930827140808	-0.29360079765319824	-0.030419668182730675	-0.032492153346538544	0.10619355738162994	0.04501335322856903	0.1288364976644516	0.2689587473869324	-0.1451154202222824	0.10560745745897293	0.44602930545806885	0.01252522598952055	-0.3295975923538208	0.7400541305541992	-0.3609886169433594	0.056427232921123505	-0.02057647705078125	0.8194403052330017	0.26664745807647705	-0.250909686088562	0.00793028250336647	-0.15903069078922272	0.2516067922115326	0.252141535282135	0.2988952696323395	-0.019174648448824883
-0.12727761268615723	0.4396016299724579	0.6630224585533142	-0.7120231986045837	-0.3040136992931366	0.4085899591445923	0.41018015146255493	n/a	0.11617463827133179	-0.07543189078569412	0.02962268702685833	0.13829204440116882	0.047505855560302734	-1.4476983547210693	1.0722132921218872	0.18299433588981628	-0.6453233361244202	0.04727978631854057	-0.8643394708633423	-0.15175491571426392	0.017120540142059326	-0.22005422413349152	1.4502248764038086	2.0363032817840576	0.7570369243621826	0.3671030104160309	-0.39271602034568787	0.47789818048477173	0.5785015225410461	1.3172764778137207	-0.8018360733985901	-0.24334436655044556	0.06372331827878952	0.397270530462265	n/a	-0.20682139694690704	-0.02229950949549675	-1.1753524541854858	0.1882779449224472	-1.6628873348236084	0.6304219365119934	0.3249363899230957	-0.33721718192100525	0.0342252254486084	-0.07292234897613525	-0.3945913016796112	1.0782630443572998	0.6999006271362305	0.9862309098243713	-0.2228884994983673	-0.6393452882766724	-0.3384747803211212	-0.35510748624801636	0.19825056195259094	-0.9394976496696472	-0.26952502131462097	-0.010433307848870754	-0.03272097557783127	0.12901416420936584	-0.002260355046018958	0.1151350736618042	0.299689382314682	-0.2558097839355469	0.1709631234407425	0.4861232042312622	0.002574080368503928	-0.2929748594760895	0.730004608631134	-0.2646043300628662	0.1668338030576706	-0.12305182963609695	0.8232942819595337	0.25761041045188904	-0.11707480251789093	0.04369880259037018	-0.12988325953483582	0.37744516134262085	0.2812873423099518	0.12011019140481949	-0.08634395897388458
-0.06656765937805176	0.035965438932180405	0.7536117434501648	-0.4754641056060791	-0.20000620186328888	0.2971251606941223	0.18454226851463318	n/a	0.05684405192732811	0.10455911606550217	0.10787973552942276	0.2577061057090759	0.19251878559589386	-0.9213405847549438	0.8941020369529724	0.15562264621257782	-0.4153382182121277	-0.0010820580646395683	-0.8335357308387756	0.0881611555814743	0.19358283281326294	-0.144197478890419	1.1736606359481812	1.2489244937896729	0.607812225818634	0.2042853981256485	-0.346064954996109	0.5517969131469727	0.15796105563640594	0.894899308681488	-0.5771589875221252	-0.1347455084323883	-0.07264783978462219	0.2366403341293335	n/a	-0.07003268599510193	0.05113396793603897	-0.7400214672088623	0.0857030376791954	-1.127881646156311	0.4935873746871948	0.5654975771903992	-0.2896631956100464	0.19082967936992645	0.08343581110239029	-0.16341549158096313	0.7627931833267212	0.2741822600364685	0.7092648148536682	0.05282766744494438	-0.1660885512828827	-0.6076812744140625	-0.23840117454528809	0.1559029370546341	-0.6386707425117493	-0.22372405230998993	0.010178363882005215	-0.02449149079620838	0.1290939450263977	-0.032287340611219406	0.0873551219701767	0.360192209482193	-0.32824477553367615	0.2404288351535797	0.4103163480758667	0.0017354236915707588	-0.2160181850194931	0.6131402850151062	-0.15997415781021118	0.24111981689929962	-0.20714731514453888	0.7072889804840088	0.2438593953847885	0.00697731040418148	0.07951268553733826	-0.07261679321527481	0.42702749371528625	0.260178804397583	-0.04540349915623665	-0.11132223159074783
-0.025371044874191284	-0.2690683603286743	0.7161924839019775	-0.17503046989440918	-0.08791060745716095	0.21676959097385406	0.007925442419946194	n/a	0.009246796369552612	0.24846352636814117	0.17154058814048767	0.33862966299057007	0.35164502263069153	-0.36705973744392395	0.5416907668113708	0.055430907756090164	-0.1609519124031067	-0.05810866132378578	-0.7372025847434998	0.2918205261230469	0.276043176651001	-0.0817098617553711	0.7448832392692566	0.3935375511646271	0.373451828956604	0.10027115046977997	-0.2450118362903595	0.534387469291687	-0.21474003791809082	0.42460110783576965	-0.27617794275283813	-0.014950367622077465	-0.12102122604846954	0.07996328175067902	n/a	0.0456533208489418	0.12620440125465393	-0.24378295242786407	0.04700862988829613	-0.5353620052337646	0.26650312542915344	0.6119613647460938	-0.24562765657901764	0.290157675743103	0.1507810801267624	0.04361550137400627	0.35735589265823364	-0.0688827708363533	0.3225035071372986	0.2796429693698883	0.3559156060218811	-0.6395883560180664	-0.08871638029813766	0.11383134871721268	-0.21455204486846924	-0.1540612280368805	0.05061347782611847	-0.015137932263314724	0.09833723306655884	-0.02755974978208542	0.06273364275693893	0.41058349609375	-0.3341219425201416	0.2816753089427948	0.25061094760894775	0.0242098830640316	-0.09949760138988495	0.4435471296310425	-0.045502953231334686	0.27433493733406067	-0.23137246072292328	0.4825197756290436	0.23209737241268158	0.11339577287435532	0.10126659274101257	-0.007381415460258722	0.3727789521217346	0.19983606040477753	-0.17630399763584137	-0.0923740491271019
-0.0991012454032898	-0.508882999420166	0.6220888495445251	0.12826435267925262	0.042220596224069595	0.1324763000011444	-0.16886764764785767	n/a	-0.04490835219621658	0.37364521622657776	0.2004174292087555	0.41164928674697876	0.5086522102355957	0.1532982885837555	0.1274377405643463	-0.12137600779533386	0.17792896926403046	-0.12355700135231018	-0.5524923801422119	0.47166234254837036	0.3365159332752228	-0.04400625452399254	0.27759817242622375	-0.5029312968254089	0.12492873519659042	0.003924737684428692	-0.09631340205669403	0.431413859128952	-0.5412203669548035	-0.08488573133945465	0.04425877705216408	0.09842797368764877	-0.1366882622241974	-0.10522935539484024	n/a	0.15877346694469452	0.1642586588859558	0.30159053206443787	0.051778946071863174	0.05016467347741127	0.015872912481427193	0.6782881021499634	-0.19535233080387115	0.3416384160518646	0.19781394302845	0.16082310676574707	-0.01577860489487648	-0.4033747613430023	-0.07170074433088303	0.4034605324268341	0.7559289932250977	-0.5718019008636475	0.0672985389828682	0.0713500827550888	0.24496830999851227	-0.05714690685272217	0.1259850114583969	-0.012432439252734184	0.04002021625638008	0.007018895819783211	0.06030040606856346	0.4043025076389313	-0.28940269351005554	0.27935442328453064	0.09880362451076508	0.059510212391614914	0.042232315987348557	0.26989442110061646	0.06592285633087158	0.2814544141292572	-0.19832564890384674	0.18915918469429016	0.21126829087734222	0.20503968000411987	0.09442641586065292	0.04547571763396263	0.24169722199440002	0.12242281436920166	-0.26518550515174866	-0.04563867300748825
-0.3025800883769989	-0.7452101707458496	0.5745510458946228	0.37230539321899414	0.19634373486042023	0.003942424897104502	-0.40048280358314514	n/a	-0.11965911835432053	0.4942738711833954	0.20173147320747375	0.4958004653453827	0.6053626537322998	0.5978127121925354	-0.2646878957748413	-0.31646957993507385	0.6106692552566528	-0.188642218708992	-0.28806591033935547	0.6161661744117737	0.44236019253730774	-0.02072913385927677	-0.15785713493824005	-1.3738422393798828	-0.12949904799461365	-0.11543243378400803	0.0956721231341362	0.28353893756866455	-0.8406299352645874	-0.5660657286643982	0.3213535249233246	0.19053424894809723	-0.16746103763580322	-0.34317171573638916	n/a	0.29302653670310974	0.16450543701648712	0.8800844550132751	0.03392186760902405	0.5668849349021912	-0.1925847977399826	0.9182313084602356	-0.1529003381729126	0.3508952558040619	0.31125399470329285	0.1702774614095688	-0.27863675355911255	-0.7537199854850769	-0.3991258442401886	0.45473459362983704	0.9846985340118408	-0.5165836811065674	0.21288420259952545	0.014100050553679466	0.6907907724380493	0.06308067589998245	0.22826935350894928	-0.019465798512101173	-0.02802334725856781	0.04512704908847809	0.0784141793847084	0.33308035135269165	-0.233535036444664	0.24901485443115234	0.026644505560398102	0.07509070634841919	0.18204379081726074	0.10030246526002884	0.13847403228282928	0.27445492148399353	-0.1383741796016693	-0.1320538967847824	0.15899182856082916	0.2855835556983948	0.055469997227191925	0.08070313930511475	0.10177330672740936	0.04701367765665054	-0.31237003207206726	-0.0010068871779367328
-0.5636893510818481	-0.9844557046890259	0.6152381300926208	0.5268298387527466	0.3499918580055237	-0.17362479865550995	-0.6765844225883484	n/a	-0.2049715518951416	0.5954099297523499	0.19671106338500977	0.5650328993797302	0.5823444724082947	0.9472323656082153	-0.6187819838523865	-0.46023795008659363	1.0603537559509277	-0.2374449521303177	0.01670842245221138	0.6912649869918823	0.5905941128730774	0.016090791672468185	-0.5596196055412292	-2.1098461151123047	-0.42217564582824707	-0.24114222824573517	0.3076803982257843	0.14741352200508118	-1.094138741493225	-0.9117666482925415	0.5171812772750854	0.24837704002857208	-0.2215796262025833	-0.6048685908317566	n/a	0.4383173882961273	0.15781748294830322	1.4189612865447998	-0.05895429849624634	0.9759569764137268	-0.33654308319091797	1.2737207412719727	-0.14464972913265228	0.3209259510040283	0.5045446157455444	0.12028678506612778	-0.443376749753952	-1.065366268157959	-0.640086829662323	0.48500198125839233	1.092455506324768	-0.49380382895469666	0.3320219814777374	-0.06140410155057907	1.071340560913086	0.1864662617444992	0.32078275084495544	-0.02946416474878788	-0.08089032024145126	0.06447185575962067	0.09787947684526443	0.23177766799926758	-0.20382027328014374	0.22875313460826874	0.03440853953361511	0.047163475304841995	0.2917082905769348	-0.0838823914527893	0.14645352959632874	0.25299957394599915	-0.08364725857973099	-0.4368649423122406	0.07075382024049759	0.3522443473339081	-0.002883871551603079	0.10623863339424133	0.013488062657415867	-0.014376621693372726	-0.31861412525177	0.01566147245466709
-0.7787757515907288	-1.1490974426269531	0.683249294757843	0.6069739460945129	0.44957390427589417	-0.3632395267486572	-0.9102885723114014	n/a	-0.2683162987232208	0.6306681036949158	0.18780775368213654	0.5452181696891785	0.4292711615562439	1.1988097429275513	-0.9517865777015686	-0.5207989811897278	1.4025766849517822	-0.2520603835582733	0.3075992166996002	0.6719964742660522	0.7041910886764526	0.08716965466737747	-0.9513489603996277	-2.608863353729248	-0.757274866104126	-0.32284998893737793	0.48516613245010376	0.06407439708709717	-1.2327266931533813	-1.0391581058502197	0.6345817446708679	0.2609793543815613	-0.2787338197231293	-0.8105752468109131	n/a	0.5382574796676636	0.1678369790315628	1.7839487791061401	-0.21693646907806396	1.2728619575500488	-0.4411325454711914	1.5067393779754639	-0.18243011832237244	0.26229438185691833	0.6851736307144165	0.08675043284893036	-0.5813103914260864	-1.2572236061096191	-0.8066215515136719	0.49975332617759705	1.1297497749328613	-0.4485994577407837	0.40344473719596863	-0.1363442838191986	1.2957669496536255	0.27936285734176636	0.3537193238735199	-0.02675248682498932	-0.09910924732685089	0.06682127714157104	0.09779569506645203	0.13936270773410797	-0.204329714179039	0.24411049485206604	0.06382910162210464	-0.013800235465168953	0.35548755526542664	-0.29270651936531067	0.10545624792575836	0.2019975632429123	-0.040141504257917404	-0.670434832572937	-0.02836751751601696	0.3982101082801819	-0.0597713440656662	0.12879912555217743	-0.008002200163900852	-0.053102344274520874	-0.28507447242736816	-0.001197410048916936
-0.8769686222076416	-1.1501195430755615	0.6898224949836731	0.6430321335792542	0.45022013783454895	-0.5144495964050293	-1.0109142065048218	n/a	-0.28170520067214966	0.5564737915992737	0.1552172303199768	0.36881357431411743	0.192146897315979	1.3426737785339355	-1.249470829963684	-0.49810513854026794	1.5506359338760376	-0.21944597363471985	0.533730149269104	0.5649492740631104	0.7044652700424194	0.18813113868236542	-1.3179012537002563	-2.8183774948120117	-1.0846850872039795	-0.3115988075733185	0.5657410621643066	0.04440984129905701	-1.1963777542114258	-0.9293729066848755	0.6960452198982239	0.22416119277477264	-0.31696292757987976	-0.8891363739967346	n/a	0.529280960559845	0.18617787957191467	1.856024980545044	-0.3794863224029541	1.4585679769515991	-0.5376026630401611	1.4155075550079346	-0.2491711527109146	0.19531962275505066	0.7345481514930725	0.11365779489278793	-0.7384508848190308	-1.2811129093170166	-0.9023373126983643	0.4700022339820862	1.0902138948440552	-0.32631099224090576	0.4120855927467346	-0.18944048881530762	1.2745565176010132	0.3148890733718872	0.2957391142845154	0.0040280865505337715	-0.07582706958055496	0.06799555569887161	0.0681350901722908	0.06733101606369019	-0.19991110265254974	0.2875206172466278	0.06691718101501465	-0.07662901282310486	0.3734890818595886	-0.5002272725105286	0.05971533805131912	0.10098730027675629	0.01829483173787594	-0.7799859046936035	-0.10779134929180145	0.419858455657959	-0.10000622272491455	0.1434641033411026	0.01355277094990015	-0.06249161809682846	-0.21589991450309753	-0.03562351316213608
-0.839111864566803	-0.9735709428787231	0.6115039587020874	0.6457520127296448	0.34994620084762573	-0.5910665392875671	-0.9531382322311401	n/a	-0.24388214945793152	0.36938342452049255	0.08252446353435516	0.036888036876916885	-0.055284902453422546	1.3512784242630005	-1.4392625093460083	-0.3888500928878784	1.496232271194458	-0.13491541147232056	0.662795901298523	0.40006279945373535	0.5765466094017029	0.2975603938102722	-1.5828114748001099	-2.730015993118286	-1.3218990564346313	-0.19317996501922607	0.5156181454658508	0.08310983330011368	-0.9918086528778076	-0.631216287612915	0.7115386128425598	0.14774852991104126	-0.33085936307907104	-0.8271000981330872	n/a	0.38960543274879456	0.17976590991020203	1.6066869497299194	-0.484113484621048	1.5105394124984741	-0.627342939376831	0.9932027459144592	-0.30278462171554565	0.1418144404888153	0.6040070652961731	0.19024300575256348	-0.8890960812568665	-1.1454306840896606	-0.9019076824188232	0.3802552819252014	0.9280692338943481	-0.1470530480146408	0.35826873779296875	-0.21718597412109375	0.9697577357292175	0.29166728258132935	0.15588435530662537	0.06629817932844162	-0.017491357401013374	0.07606792449951172	0.011276833713054657	0.004761466756463051	-0.1493510752916336	0.3323841392993927	0.059120699763298035	-0.1190033033490181	0.3557206690311432	-0.6456176042556763	0.049148328602313995	-0.054456181824207306	0.1200418472290039	-0.7359323501586914	-0.1568758487701416	0.41706398129463196	-0.11963658034801483	0.13628190755844116	0.04613187164068222	-0.0414145402610302	-0.12124378979206085	-0.063729427754879
-0.6574433445930481	-0.6882943511009216	0.47759994864463806	0.6068540215492249	0.18748390674591064	-0.5703006386756897	-0.7653533220291138	n/a	-0.17329350113868713	0.10499867796897888	-0.017178285866975784	-0.3830537796020508	-0.25057169795036316	1.2020952701568604	-1.4403083324432373	-0.17634975910186768	1.2624098062515259	-0.0009669286082498729	0.6880682706832886	0.20664960145950317	0.352519690990448	0.39629271626472473	-1.6673123836517334	-2.3494365215301514	-1.394739031791687	0.020078418776392937	0.35988858342170715	0.1739303171634674	-0.6891643404960632	-0.24053752422332764	0.6718646287918091	0.05688798055052757	-0.3215075135231018	-0.6573750376701355	n/a	0.14791014790534973	0.12406957149505615	1.0944464206695557	-0.49894800782203674	1.3984289169311523	-0.6879479289054871	0.34213200211524963	-0.29959577322006226	0.10726390033960342	0.32479995489120483	0.27887701988220215	-0.9820976853370667	-0.8915532231330872	-0.7776009440422058	0.24146588146686554	0.6307644844055176	0.027881992980837822	0.255296915769577	-0.22655023634433746	0.4249769151210785	0.23110423982143402	-0.024408267810940742	0.14588265120983124	0.05832573026418686	0.08446092158555984	-0.06542670726776123	-0.056577399373054504	-0.03193235769867897	0.354771226644516	0.09581603854894638	-0.13721618056297302	0.31251370906829834	-0.6734159588813782	0.09255895763635635	-0.24126222729682922	0.26846906542778015	-0.5530534982681274	-0.18447235226631165	0.3861616551876068	-0.11877499520778656	0.0987398773431778	0.06836514919996262	0.0016307802870869637	-0.019565977156162262	-0.0683068111538887
-0.3102855086326599	-0.38903507590293884	0.30036661028862	0.5180472135543823	0.015250466763973236	-0.4320227801799774	-0.483408123254776	n/a	-0.0884542390704155	-0.1833360195159912	-0.09824876487255096	-0.7974342107772827	-0.3667949438095093	0.9040137529373169	-1.232319712638855	0.1354168951511383	0.8538354635238647	0.16821295022964478	0.6216802000999451	0.00509866327047348	0.0640687346458435	0.4708564579486847	-1.5555241107940674	-1.6903789043426514	-1.2647348642349243	0.31446170806884766	0.18730711936950684	0.29971060156822205	-0.37805819511413574	0.12864747643470764	0.5656088590621948	-0.01871432550251484	-0.2752901613712311	-0.42437827587127686	n/a	-0.13463567197322845	0.029556259512901306	0.4263002574443817	-0.4216330349445343	1.1186655759811401	-0.6926550269126892	-0.46741899847984314	-0.22348704934120178	0.0714184120297432	-0.03301369771361351	0.3459447920322418	-0.9957621097564697	-0.5607452988624573	-0.5396665930747986	0.06799384206533432	0.26226016879081726	0.19168581068515778	0.12318830192089081	-0.21720795333385468	-0.2231103777885437	0.1591704934835434	-0.19619068503379822	0.21345926821231842	0.12568503618240356	0.08285031467676163	-0.15322476625442505	-0.1097027063369751	0.15381741523742676	0.33659452199935913	0.20927585661411285	-0.13534100353717804	0.2491358369588852	-0.5751400589942932	0.1847408264875412	-0.41804879903793335	0.442036896944046	-0.2967308461666107	-0.20372304320335388	0.31876033544540405	-0.09446565061807632	0.04069066420197487	0.06938555836677551	0.04877761751413345	0.06768983602523804	-0.043833035975694656
0.19386054575443268	-0.1424957811832428	0.06464242935180664	0.38198837637901306	-0.12333503365516663	-0.17096669971942902	-0.1355145126581192	n/a	0.0011705518700182438	-0.43105658888816833	-0.10765127092599869	-1.1039549112319946	-0.41026657819747925	0.5056650638580322	-0.869739294052124	0.4847160875797272	0.28590914607048035	0.33705490827560425	0.48387810587882996	-0.18358030915260315	-0.25762808322906494	0.5058152675628662	-1.289003610610962	-0.8070042729377747	-0.9322628378868103	0.6625162363052368	0.1064198911190033	0.41808798909187317	-0.1257241815328598	0.3656761348247528	0.39777761697769165	-0.05928219109773636	-0.1684437096118927	-0.1665625423192978	n/a	-0.37677958607673645	-0.06630700081586838	-0.2530980706214905	-0.26942411065101624	0.710224986076355	-0.6190873980522156	-1.3709837198257446	-0.09764371067285538	0.004690183792263269	-0.38278642296791077	0.3660934567451477	-0.9311323165893555	-0.19208645820617676	-0.2383326292037964	-0.13451969623565674	-0.08001969754695892	0.40033265948295593	-0.014465338550508022	-0.17643147706985474	-0.7824720740318298	0.09366641193628311	-0.31919121742248535	0.23603473603725433	0.15530934929847717	0.06799309700727463	-0.23687493801116943	-0.1402049958705902	0.38495704531669617	0.26410725712776184	0.37027472257614136	-0.1120196133852005	0.171703040599823	-0.38792598247528076	0.2954757809638977	-0.5425167679786682	0.5980572700500488	-0.05586482211947441	-0.2192038744688034	0.21326443552970886	-0.042823903262615204	-0.011413348838686943	0.044814832508563995	0.0791272222995758	0.1270827054977417	0.004499216563999653
0.7525967359542847	0.030499296262860298	-0.21497249603271484	0.21330638229846954	-0.19653162360191345	0.17014381289482117	0.24345846474170685	n/a	0.09444999694824219	-0.5673437118530273	-0.018886292353272438	-1.2034246921539307	-0.41538888216018677	0.09552913159132004	-0.448569118976593	0.7555758953094482	-0.34627485275268555	0.4504651129245758	0.30042076110839844	-0.33198079466819763	-0.546737551689148	0.4873805642127991	-0.9338871240615845	0.1585443913936615	-0.44389426708221436	0.9926117658615112	0.16636396944522858	0.46700242161750793	0.04542251303792	0.4009438157081604	0.19710074365139008	-0.05901360884308815	0.002861935179680586	0.08631791174411774	n/a	-0.49229568243026733	-0.12207888811826706	-0.7583087086677551	-0.09435028582811356	0.25375109910964966	-0.4573318660259247	-2.1982409954071045	0.022270606830716133	-0.10050660371780396	-0.6219685077667236	0.32315242290496826	-0.7863516807556152	0.16729553043842316	0.06574568152427673	-0.3492119610309601	-0.3338349461555481	0.691791296005249	-0.12614981830120087	-0.09211135655641556	-1.084142804145813	0.050867028534412384	-0.3624507188796997	0.19622349739074707	0.12950648367404938	0.03791072592139244	-0.2921505570411682	-0.14183463156223297	0.5996429920196533	0.14025180041790009	0.48707640171051025	-0.06341531872749329	0.09651415795087814	-0.17040956020355225	0.3735450506210327	-0.5921213030815125	0.6782628297805786	0.09636571258306503	-0.2286296784877777	0.08902169018983841	0.035372309386730194	-0.02756926789879799	0.0041076974011957645	0.07967747747898102	0.1614905595779419	0.06194833666086197
1.1814013719558716	0.14774854481220245	-0.4714583158493042	0.03896487504243851	-0.18823440372943878	0.4925200045108795	0.5980914235115051	n/a	0.19442836940288544	-0.5427887439727783	0.14148303866386414	-1.0425914525985718	-0.42791861295700073	-0.21706359088420868	-0.05882779508829117	0.8265475034713745	-0.8679783344268799	0.46039748191833496	0.10285080224275589	-0.4127991199493408	-0.7059486508369446	0.4135504961013794	-0.55589359998703	0.9785239100456238	0.10899118334054947	1.1940429210662842	0.30818620324134827	0.3854033052921295	0.1603577584028244	0.24256905913352966	0.010954232886433601	-0.026019802317023277	0.1988539695739746	0.30745741724967957	n/a	-0.42719078063964844	-0.11556006968021393	-0.9171544313430786	0.02493055909872055	-0.14429119229316711	-0.2200743705034256	-2.6880416870117188	0.07595373690128326	-0.21603639423847198	-0.6621962785720825	0.21700046956539154	-0.5550616383552551	0.4528025984764099	0.329742431640625	-0.540307343006134	-0.4996781647205353	1.0171682834625244	-0.1778598427772522	0.027836227789521217	-1.0665829181671143	0.050922248512506485	-0.30867114663124084	0.10313402861356735	0.05618106946349144	-0.01281973347067833	-0.29758915305137634	-0.1272616982460022	0.7114741206169128	-0.012628459371626377	0.4439413249492645	0.006044906098395586	0.04650520160794258	0.01967475563287735	0.3682681918144226	-0.5763682126998901	0.6332691311836243	0.12848590314388275	-0.23117506504058838	-0.01719549670815468	0.12919875979423523	0.007823807187378407	-0.027655385434627533	0.05271497741341591	0.1867070347070694	0.11104794591665268
1.3281333446502686	0.23999497294425964	-0.6475339531898499	-0.1044941246509552	-0.1150505542755127	0.6899145245552063	0.8507053256034851	n/a	0.29497918486595154	-0.3625527024269104	0.29331472516059875	-0.6549362540245056	-0.46199992299079895	-0.3543020486831665	0.25272059440612793	0.6467909216880798	-1.1262437105178833	0.3619985580444336	-0.07288432121276855	-0.41302597522735596	-0.6722207069396973	0.29662832617759705	-0.1919577568769455	1.448236107826233	0.6253180503845215	1.1669678688049316	0.40551480650901794	0.14521749317646027	0.2613449990749359	-0.04511849209666252	-0.1120428591966629	0.014020842500030994	0.3490903973579407	0.46048206090927124	n/a	-0.19534945487976074	-0.06151022017002106	-0.6778421998023987	0.053932204842567444	-0.3918006420135498	0.056881822645664215	-2.651667594909668	0.043084822595119476	-0.300353467464447	-0.4903396964073181	0.06469326466321945	-0.24234670400619507	0.5891923308372498	0.530073881149292	-0.6747947931289673	-0.618389904499054	1.2436022758483887	-0.15719588100910187	0.15050473809242249	-0.8050497770309448	0.09599462896585464	-0.17353059351444244	-0.016653865575790405	-0.039045874029397964	-0.08019652962684631	-0.24883288145065308	-0.12099206447601318	0.6636903285980225	-0.17379578948020935	0.18199145793914795	0.08543868362903595	0.03345470130443573	0.145649254322052	0.26483428478240967	-0.5177453756332397	0.4565529525279999	0.0637684315443039	-0.22377605736255646	-0.07716700434684753	0.21440242230892181	0.0794680267572403	-0.033606428653001785	0.010824103839695454	0.21187016367912292	0.14089879393577576
1.1874380111694336	0.31297367811203003	-0.7491445541381836	-0.18584947288036346	-0.02069353125989437	0.7140262722969055	0.9215399622917175	n/a	0.36909908056259155	-0.08941715210676193	0.35148000717163086	-0.15012384951114655	-0.48963436484336853	-0.3127468228340149	0.47228220105171204	0.2845611572265625	-1.0894489288330078	0.2012968361377716	-0.19153596460819244	-0.34636974334716797	-0.4724225699901581	0.16088010370731354	0.1432240903377533	1.5191528797149658	1.0179182291030884	0.8869521617889404	0.3669469952583313	-0.21617206931114197	0.3562244474887848	-0.3878859579563141	-0.1470276117324829	0.02965151146054268	0.4040661156177521	0.503693699836731	n/a	0.1287897676229477	0.0032154815271496773	-0.14423497021198273	0.03262791037559509	-0.4547247886657715	0.3267037570476532	-2.1062326431274414	-0.04252764955163002	-0.33524295687675476	-0.18186402320861816	-0.09793991595506668	0.11308686435222626	0.5526334047317505	0.6363410353660583	-0.726831316947937	-0.7050630450248718	1.2433143854141235	-0.08191090822219849	0.23362679779529572	-0.43002834916114807	0.15439929068088531	-0.011334406211972237	-0.13428527116775513	-0.13191020488739014	-0.1483084261417389	-0.16001033782958984	-0.1335640400648117	0.47280722856521606	-0.3332638144493103	-0.2468547523021698	0.1627253144979477	0.04555226117372513	0.19093306362628937	0.0954202339053154	-0.4224485754966736	0.19862602651119232	-0.03576046600937843	-0.19848814606666565	-0.09276259690523148	0.26218146085739136	0.14796870946884155	-0.022901244461536407	-0.03528975322842598	0.2225201427936554	0.14571994543075562
0.8927932381629944	0.3383418023586273	-0.8192277550697327	-0.19741076231002808	0.05829330161213875	0.597963809967041	0.7752270698547363	n/a	0.38210153579711914	0.18719711899757385	0.29032212495803833	0.3384247422218323	-0.48408326506614685	-0.15614008903503418	0.5785521268844604	-0.1165938749909401	-0.851863443851471	0.041526611894369125	-0.23455899953842163	-0.25048962235450745	-0.20502135157585144	0.034219175577163696	0.41659849882125854	1.3152345418930054	1.2098180055618286	0.43183255195617676	0.20486025512218475	-0.602043628692627	0.40798455476760864	-0.7104259729385376	-0.10728400200605392	0.01032386627048254	0.3808665871620178	0.42000189423561096	n/a	0.45262786746025085	0.056924305856227875	0.49720919132232666	0.015841206535696983	-0.3699968755245209	0.5423438549041748	-1.2609939575195312	-0.13047301769256592	-0.33880338072776794	0.1542329341173172	-0.220090851187706	0.43400365114212036	0.4281507432460785	0.6021615266799927	-0.6751975417137146	-0.7059135437011719	1.004307746887207	0.01734219305217266	0.24947428703308105	-0.019312072545289993	0.18658235669136047	0.1130601242184639	-0.2279147207736969	-0.20756524801254272	-0.20499254763126373	-0.055904801934957504	-0.14361007511615753	0.2109861671924591	-0.4744695723056793	-0.7164896130561829	0.2242792844772339	0.05585668981075287	0.1452673375606537	-0.0894361361861229	-0.2818782329559326	-0.05853299796581268	-0.11417445540428162	-0.1540217101573944	-0.08998493105173111	0.2569194734096527	0.18102800846099854	-0.016972316429018974	-0.0826912447810173	0.19199568033218384	0.12215115129947662
0.6017412543296814	0.290045827627182	-0.891269862651825	-0.15661174058914185	0.11216776818037033	0.4224257171154022	0.452007919549942	n/a	0.3159475028514862	0.3859997093677521	0.15202024579048157	0.7013764977455139	-0.445890873670578	0.02550758235156536	0.5470725297927856	-0.43732962012290955	-0.5596194863319397	-0.07586931437253952	-0.21214348077774048	-0.16497811675071716	0.02703934535384178	-0.06589600443840027	0.575137734413147	1.0208821296691895	1.1501623392105103	-0.05773424357175827	0.011771212331950665	-0.9062532782554626	0.38075798749923706	-0.9347097873687744	-0.03369299694895744	-0.02638484723865986	0.3457176983356476	0.23462089896202087	n/a	0.6974236369132996	0.10390293598175049	1.056217908859253	0.020409703254699707	-0.21469005942344666	0.660895049571991	-0.3917146325111389	-0.1870632916688919	-0.3412260115146637	0.4299052953720093	-0.2581387758255005	0.6359437108039856	0.3530733287334442	0.3963431715965271	-0.530718982219696	-0.5516076683998108	0.6396759152412415	0.10933050513267517	0.19679811596870422	0.40823206305503845	0.17668968439102173	0.15876911580562592	-0.2840399146080017	-0.25559672713279724	-0.244726300239563	0.04079408943653107	-0.11554241180419922	-0.04044121131300926	-0.5682834982872009	-1.0907747745513916	0.25678056478500366	0.042443107813596725	0.010912386700510979	-0.2478095442056656	-0.09822296351194382	-0.24301762878894806	-0.14881233870983124	-0.10078873485326767	-0.09654533118009567	0.20438425242900848	0.1712070107460022	-0.030927978456020355	-0.13170304894447327	0.11299365013837814	0.07761427760124207
0.3890053927898407	0.17910824716091156	-0.978675365447998	-0.08849287033081055	0.14791318774223328	0.25046679377555847	0.04433838278055191	n/a	0.1780247688293457	0.45269832015037537	-0.008078509010374546	0.8727927207946777	-0.37995973229408264	0.16440492868423462	0.3973715007305145	-0.6337341070175171	-0.3238498270511627	-0.13951623439788818	-0.1456785649061203	-0.10550021380186081	0.16810251772403717	-0.13822144269943237	0.5876871943473816	0.740969181060791	0.854543924331665	-0.45133447647094727	-0.1193411722779274	-1.0594602823257446	0.2791603207588196	-1.0097129344940186	0.033025581389665604	-0.053045205771923065	0.34253165125846863	-0.0007092304294928908	n/a	0.8047852516174316	0.14657993614673615	1.3797264099121094	0.03475010022521019	-0.048576124012470245	0.6581038236618042	0.29319438338279724	-0.18641364574432373	-0.35262516140937805	0.5921056270599365	-0.19983221590518951	0.672189474105835	0.38305437564849854	0.042940180748701096	-0.3534335196018219	-0.2485937923192978	0.285799115896225	0.16703259944915771	0.09373466670513153	0.8278622031211853	0.1311287134885788	0.12102960050106049	-0.2944861948490143	-0.26555293798446655	-0.2597695291042328	0.1182885617017746	-0.04177369549870491	-0.21475888788700104	-0.5983367562294006	-1.2585970163345337	0.25145941972732544	0.001064429641701281	-0.1806642711162567	-0.3508478105068207	0.09813264012336731	-0.315240740776062	-0.14124521613121033	-0.051422636955976486	-0.1243603527545929	0.12243038415908813	0.12512654066085815	-0.07010773569345474	-0.1801351010799408	0.0105983791872859	0.03273368254303932
0.2294807881116867	0.04417535662651062	-1.0776740312576294	-0.010330352000892162	0.17153498530387878	0.09033441543579102	-0.358743280172348	n/a	-0.008060277439653873	0.37303709983825684	-0.1665370762348175	0.8395993113517761	-0.2721947133541107	0.2440119981765747	0.20672990381717682	-0.7147366404533386	-0.1804417073726654	-0.1549120843410492	-0.03444833308458328	-0.05754036828875542	0.21492204070091248	-0.18936893343925476	0.47530508041381836	0.4536641240119934	0.42070722579956055	-0.6915664672851562	-0.14763137698173523	-1.0418713092803955	0.13886791467666626	-0.9474127292633057	0.07246492058038712	-0.052086200565099716	0.3501283824443817	-0.2373233586549759	n/a	0.7460406422615051	0.1613522320985794	1.3894811868667603	0.054187189787626266	0.116866834461689	0.5458598136901855	0.7167361974716187	-0.09441971778869629	-0.359452486038208	0.6206382513046265	-0.07007114589214325	0.5578582286834717	0.43651601672172546	-0.3721224367618561	-0.21556732058525085	0.10076835006475449	0.0013793816324323416	0.1782236248254776	-0.036157578229904175	1.1851348876953125	0.060090795159339905	0.0228837039321661	-0.2585136890411377	-0.23388341069221497	-0.24130535125732422	0.1729194074869156	0.0403585284948349	-0.2704657018184662	-0.5802979469299316	-1.1599361896514893	0.20649945735931396	-0.05646510422229767	-0.3698407709598541	-0.38184410333633423	0.2622658908367157	-0.2757369875907898	-0.10053332895040512	-0.012273273430764675	-0.16638757288455963	0.025400426238775253	0.04962597042322159	-0.13283655047416687	-0.22486144304275513	-0.08155139535665512	0.0052547152154147625
0.07255241274833679	-0.08495650440454483	-1.171868920326233	0.07122528553009033	0.18051862716674805	-0.08010826259851456	-0.7022868990898132	n/a	-0.21537847816944122	0.17866572737693787	-0.31952807307243347	0.6473679542541504	-0.10742086172103882	0.2907193601131439	0.05803460255265236	-0.6934439539909363	-0.1158313974738121	-0.13194063305854797	0.1484607607126236	-8.08728946140036e-05	0.1871347278356552	-0.2199491411447525	0.29187923669815063	0.09311829507350922	-0.0218442864716053	-0.8024512529373169	-0.07723306864500046	-0.8664089441299438	-0.008893373422324657	-0.8138399124145508	0.08641834557056427	-0.022919394075870514	0.3170934021472931	-0.4432583451271057	n/a	0.5398479700088501	0.11853164434432983	1.1056947708129883	0.09135761857032776	0.2989943027496338	0.35702887177467346	0.9022688269615173	0.11578574031591415	-0.3454916477203369	0.5267329812049866	0.0921110138297081	0.34427887201309204	0.3889678716659546	-0.7486304640769958	-0.14092028141021729	0.37648043036460876	-0.23658548295497894	0.15213415026664734	-0.17331314086914062	1.4359740018844604	-0.031084056943655014	-0.10000650584697723	-0.1859823614358902	-0.1698066145181656	-0.1874767541885376	0.2034686952829361	0.08465743064880371	-0.20037421584129333	-0.543756902217865	-0.8090490698814392	0.12888094782829285	-0.11246545612812042	-0.4976334571838379	-0.3330053687095642	0.365343302488327	-0.16289910674095154	-0.040630728006362915	0.01758180744946003	-0.20707611739635468	-0.08032546192407608	-0.047442369163036346	-0.21074971556663513	-0.26593920588493347	-0.1487143188714981	-0.004971073940396309
-0.07427152246236801	-0.20377831161022186	-1.2507084608078003	0.15832126140594482	0.16818997263908386	-0.27031198143959045	-0.9489883780479431	n/a	-0.4144658148288727	-0.0720423087477684	-0.4520575702190399	0.37555959820747375	0.09614389389753342	0.34467074275016785	-0.02557476796209812	-0.5609612464904785	-0.11631210148334503	-0.07701049745082855	0.4214307367801666	0.06453331559896469	0.09401129931211472	-0.22179178893566132	0.0717957466840744	-0.3492833077907562	-0.3914739787578583	-0.8277249336242676	0.07112684100866318	-0.5635094046592712	-0.1563473343849182	-0.6736880540847778	0.0939653068780899	0.02285296842455864	0.22547385096549988	-0.5895978808403015	n/a	0.24460794031620026	0.01918555423617363	0.624088704586029	0.16360311210155487	0.5106700658798218	0.11346151679754257	0.8817130327224731	0.4318197965621948	-0.3081586956977844	0.33834508061408997	0.2639918327331543	0.06834559887647629	0.206602543592453	-1.0322519540786743	-0.0824698880314827	0.5377183556556702	-0.4396764934062958	0.11475306004285812	-0.30385059118270874	1.59147047996521	-0.13703493773937225	-0.21312959492206573	-0.09498859941959381	-0.0883399099111557	-0.10554324090480804	0.20748329162597656	0.07701374590396881	-0.02418578788638115	-0.5053088665008545	-0.30593153834342957	0.03579834848642349	-0.15304730832576752	-0.5405028462409973	-0.20543000102043152	0.40136244893074036	-0.02551320008933544	0.014475186355412006	0.041167501360177994	-0.23415318131446838	-0.18817830085754395	-0.1508980393409729	-0.2887475788593292	-0.3044859766960144	-0.19329184293746948	-0.01292751170694828
-0.1357620507478714	-0.3232966959476471	-1.318039894104004	0.25327903032302856	0.1313566267490387	-0.4593961536884308	-1.0589207410812378	n/a	-0.5681300759315491	-0.3271836042404175	-0.5335015654563904	0.09035945683717728	0.2876652479171753	0.4310835897922516	-0.08873030543327332	-0.29887908697128296	-0.19030523300170898	0.009792678989470005	0.7592582106590271	0.10851600766181946	-0.07305096834897995	-0.18866580724716187	-0.18931475281715393	-0.8039466142654419	-0.6802916526794434	-0.7678143978118896	0.2793303430080414	-0.18407876789569855	-0.31388163566589355	-0.5466932654380798	0.12050880491733551	0.06964239478111267	0.11359890550374985	-0.6386933922767639	n/a	-0.07459691911935806	-0.10064204782247543	0.06366204470396042	0.2845372259616852	0.7410746812820435	-0.17351515591144562	0.638459324836731	0.7937795519828796	-0.25950363278388977	0.08082716166973114	0.43875131011009216	-0.2584427297115326	-0.02563103660941124	-1.2236443758010864	0.0407024621963501	0.6404656767845154	-0.5344198942184448	0.09677083045244217	-0.41575825214385986	1.716422200202942	-0.247552290558815	-0.2927818298339844	-0.007319116033613682	-0.0018309809966012836	-0.008480649441480637	0.17746055126190186	0.031544290482997894	0.23125366866588593	-0.4668773114681244	0.18944773077964783	-0.050756826996803284	-0.17204372584819794	-0.5151582360267639	-0.019462106749415398	0.3729223608970642	0.11193235218524933	0.03149796649813652	0.05645863711833954	-0.2416120022535324	-0.28434157371520996	-0.23852387070655823	-0.3477919399738312	-0.3358498215675354	-0.2220674455165863	-0.03631657734513283
-0.033339519053697586	-0.45505809783935547	-1.3698939085006714	0.3450852632522583	0.07459886372089386	-0.601599395275116	-0.9988978505134583	n/a	-0.6370354890823364	-0.5556583404541016	-0.5288394689559937	-0.17766816914081573	0.4190453290939331	0.5422353148460388	-0.1920960396528244	0.0849248394370079	-0.35243701934814453	0.12604497373104095	1.0899032354354858	0.10327576845884323	-0.3142935037612915	-0.12091419100761414	-0.4985784888267517	-1.160007357597351	-0.9139439463615417	-0.5863497257232666	0.5355254411697388	0.20370016992092133	-0.4924350082874298	-0.4178430438041687	0.17759421467781067	0.10436148196458817	0.04464977607131004	-0.5590745806694031	n/a	-0.3688983917236328	-0.19201213121414185	-0.47559311985969543	0.4493998885154724	0.9525238871574402	-0.4792272448539734	0.148641899228096	1.1169333457946777	-0.21640139818191528	-0.22042186558246613	0.60518479347229	-0.6215855479240417	-0.18644775450229645	-1.3407670259475708	0.27765312790870667	0.7664311528205872	-0.40995126962661743	0.11575255542993546	-0.4952641725540161	1.8748645782470703	-0.34828439354896545	-0.328140527009964	0.05888032540678978	0.0818164125084877	0.08825797587633133	0.10374997556209564	-0.03357866033911705	0.5385407209396362	-0.42583197355270386	0.5337175130844116	-0.11555936932563782	-0.17041350901126862	-0.4514503479003906	0.18407385051250458	0.28651630878448486	0.2513861656188965	-0.018233682960271835	0.05585102364420891	-0.22839128971099854	-0.34909313917160034	-0.2872694134712219	-0.3669964075088501	-0.34649765491485596	-0.24319586157798767	-0.08538554608821869
0.23307687044143677	-0.5942615270614624	-1.3722801208496094	0.40791958570480347	0.0099823959171772	-0.6466073989868164	-0.7617325782775879	n/a	-0.5970271229743958	-0.7342417240142822	-0.41190239787101746	-0.4133042097091675	0.47928962111473083	0.6376117467880249	-0.34818345308303833	0.5220916867256165	-0.5825982689857483	0.2510499954223633	1.3275949954986572	0.04703647270798683	-0.5884536504745483	-0.0205994900316	-0.8149675130844116	-1.315495252609253	-1.0921950340270996	-0.27401822805404663	0.8131193518638611	0.5295340418815613	-0.6814308762550354	-0.28247755765914917	0.2506221532821655	0.12037508189678192	0.05569129064679146	-0.3493278920650482	n/a	-0.6058052182197571	-0.2169588953256607	-0.9282277226448059	0.6239014267921448	1.0922863483428955	-0.7555570602416992	-0.5196738243103027	1.324453353881836	-0.18317361176013947	-0.5249699354171753	0.7375176548957825	-0.9740201234817505	-0.2107444405555725	-1.3793972730636597	0.595535159111023	0.9197244048118591	-0.04178057238459587	0.16137640178203583	-0.5274452567100525	2.0604605674743652	-0.4224790930747986	-0.31596753001213074	0.09746021777391434	0.15610994398593903	0.17283128201961517	-0.008463619276881218	-0.10619177669286728	0.8548023700714111	-0.37709370255470276	0.6713954210281372	-0.15044476091861725	-0.15215231478214264	-0.3578602969646454	0.3655484914779663	0.16226260364055634	0.3923667073249817	-0.13155467808246613	0.035558514297008514	-0.19604219496250153	-0.36520469188690186	-0.28292179107666016	-0.32921430468559265	-0.3202468156814575	-0.26480066776275635	-0.1586335152387619
0.5781869292259216	-0.7219509482383728	-1.2789794206619263	0.4161601960659027	-0.048471737653017044	-0.5628700256347656	-0.37453189492225647	n/a	-0.4552955627441406	-0.8350115418434143	-0.17981930077075958	-0.5930375456809998	0.4983852505683899	0.6687922477722168	-0.504772961139679	0.9015467166900635	-0.8123511672019958	0.34885266423225403	1.4142155647277832	-0.03053424134850502	-0.818121612071991	0.10914962738752365	-1.0491671562194824	-1.2128605842590332	-1.169590711593628	0.11895105242729187	1.0616915225982666	0.7430224418640137	-0.8526334166526794	-0.17090719938278198	0.30706316232681274	0.11770899593830109	0.1346440613269806	-0.044399335980415344	n/a	-0.7602880597114563	-0.16203784942626953	-1.258566975593567	0.762231171131134	1.1186541318893433	-0.9408815503120422	-1.1862125396728516	1.3721011877059937	-0.14701439440250397	-0.7777557969093323	0.8065654635429382	-1.2402832508087158	-0.10838686674833298	-1.3100590705871582	0.8919746279716492	1.0077406167984009	0.4616856873035431	0.20065617561340332	-0.5023922920227051	2.1902213096618652	-0.4581286907196045	-0.2599928081035614	0.11578693985939026	0.21360039710998535	0.24138393998146057	-0.12823444604873657	-0.17651702463626862	1.1171495914459229	-0.315548300743103	0.6444637179374695	-0.14786188304424286	-0.12147992849349976	-0.21867252886295319	0.507732093334198	0.039534956216812134	0.5137990713119507	-0.2657470405101776	0.0032508668955415487	-0.1470501720905304	-0.326447457075119	-0.22882941365242004	-0.23068633675575256	-0.24956753849983215	-0.2916077971458435	-0.24610790610313416
0.9094167351722717	-0.8325768113136292	-1.0695521831512451	0.3589523732662201	-0.09035122394561768	-0.3475990891456604	0.1032368466258049	n/a	-0.25131750106811523	-0.8306921124458313	0.14440809190273285	-0.6864023804664612	0.5148256421089172	0.6129754185676575	-0.5928206443786621	1.138256311416626	-0.9645013213157654	0.3932128846645355	1.3332382440567017	-0.08973383903503418	-0.9303228855133057	0.259784996509552	-1.1256768703460693	-0.8459474444389343	-1.0977360010147095	0.5228040814399719	1.2363613843917847	0.8345136642456055	-0.9928638935089111	-0.12526406347751617	0.31510794162750244	0.10172220319509506	0.2383875846862793	0.29660120606422424	n/a	-0.8082951307296753	-0.03340364620089531	-1.4440982341766357	0.8303228616714478	1.0244591236114502	-0.9839602708816528	-1.6544064283370972	1.2549306154251099	-0.09382729232311249	-0.9219045042991638	0.801864743232727	-1.359404444694519	0.08070939779281616	-1.1133533716201782	1.0671197175979614	0.941062867641449	0.942505419254303	0.20113113522529602	-0.42495444416999817	2.1771938800811768	-0.4555476903915405	-0.17608466744422913	0.12892048060894012	0.24992398917675018	0.29291218519210815	-0.2134903371334076	-0.22922635078430176	1.266694188117981	-0.24091903865337372	0.551418125629425	-0.10658230632543564	-0.08361604064702988	-0.027628865092992783	0.6126011610031128	-0.04007052257657051	0.5868131518363953	-0.3686838746070862	-0.026107557117938995	-0.08562307059764862	-0.23975761234760284	-0.14410875737667084	-0.0809578076004982	-0.14022590219974518	-0.3221423327922821	-0.332575261592865
1.1822549104690552	-0.9381709098815918	-0.7621607184410095	0.24220451712608337	-0.11119355261325836	-0.021783949807286263	0.5910704731941223	n/a	-0.040295328944921494	-0.7071141004562378	0.5211797952651978	-0.6677675247192383	0.5430598855018616	0.4809713065624237	-0.5808125734329224	1.2106198072433472	-0.9934802651405334	0.3825671374797821	1.0995906591415405	-0.10158690065145493	-0.8893694877624512	0.4143340289592743	-1.032631278038025	-0.25228482484817505	-0.871151864528656	0.8908190727233887	1.3206087350845337	0.8294726014137268	-1.1117249727249146	-0.16592402756214142	0.25957924127578735	0.07998666167259216	0.32646211981773376	0.6070268154144287	n/a	-0.7316150069236755	0.15260928869247437	-1.4624942541122437	0.8158509731292725	0.8324242234230042	-0.8717491626739502	-1.8051540851593018	1.0001109838485718	-0.020508617162704468	-0.915886402130127	0.7359700202941895	-1.3162047863006592	0.325906366109848	-0.8099866509437561	1.0772079229354858	0.7150502800941467	1.2868038415908813	0.1487399935722351	-0.3145076632499695	1.9879480600357056	-0.4233996868133545	-0.08881928771734238	0.15171632170677185	0.26681873202323914	0.3260914087295532	-0.23448292911052704	-0.2418442666530609	1.2736148834228516	-0.15593847632408142	0.4893066883087158	-0.03651214763522148	-0.04159282147884369	0.19441883265972137	0.6846195459365845	-0.05863684043288231	0.5968608260154724	-0.40887191891670227	-0.03900767117738724	-0.017386436462402344	-0.12228398770093918	-0.05161312595009804	0.10056834667921066	-0.0050874571315944195	-0.34842461347579956	-0.3978257477283478
1.389930248260498	-1.0387601852416992	-0.4011008143424988	0.08463983237743378	-0.11249324679374695	0.37460440397262573	1.0091005563735962	n/a	0.1310511976480484	-0.4754054844379425	0.8998836874961853	-0.5364989042282104	0.5664717555046082	0.3042048215866089	-0.48833924531936646	1.1432503461837769	-0.8962664604187012	0.3341748118400574	0.7432821989059448	-0.0572439581155777	-0.705493688583374	0.54921954870224	-0.8231913447380066	0.4880335330963135	-0.5354993343353271	1.2100988626480103	1.3189773559570312	0.76256263256073	-1.2118165493011475	-0.2791830003261566	0.14930860698223114	0.05795634165406227	0.38110029697418213	0.8293086886405945	n/a	-0.5359688401222229	0.3710562288761139	-1.3009308576583862	0.7274550795555115	0.5779114365577698	-0.6369753479957581	-1.6345343589782715	0.6524658203125	0.0628976970911026	-0.753346860408783	0.6317274570465088	-1.1391966342926025	0.6040120720863342	-0.45563316345214844	0.931346595287323	0.40167441964149475	1.4578410387039185	0.05127489194273949	-0.1904355138540268	1.6342220306396484	-0.36887213587760925	-0.01796937733888626	0.19230122864246368	0.26982271671295166	0.34112390875816345	-0.18813148140907288	-0.19629861414432526	1.1455507278442383	-0.0639929473400116	0.5021989345550537	0.04513544961810112	0.0066915047354996204	0.4089118540287018	0.7172533273696899	-0.03217412903904915	0.5530614256858826	-0.38272425532341003	-0.03149019554257393	0.05187104642391205	0.004911355674266815	0.03284543752670288	0.2836892604827881	0.1437659114599228	-0.35762786865234375	-0.42252716422080994
1.5176819562911987	-1.102017879486084	-0.0327279269695282	-0.08710075914859772	-0.09755706787109375	0.7769842743873596	1.2965401411056519	n/a	0.24089181423187256	-0.1715209037065506	1.2239004373550415	-0.3272404968738556	0.5513255596160889	0.1238778755068779	-0.35696232318878174	0.9692336916923523	-0.6965606212615967	0.26813560724258423	0.3017023205757141	0.031972821801900864	-0.4168708622455597	0.6426663994789124	-0.5794082283973694	1.246432900428772	-0.16465626657009125	1.486435890197754	1.2357176542282104	0.65712970495224	-1.2635958194732666	-0.4246096909046173	0.013033921830356121	0.038069721311330795	0.3975299000740051	0.9272146224975586	n/a	-0.25767087936401367	0.5884162783622742	-0.9697356224060059	0.5815373659133911	0.30390867590904236	-0.3373096287250519	-1.2245025634765625	0.2592231035232544	0.1385495662689209	-0.4641629159450531	0.5092765688896179	-0.8779901266098022	0.8707987666130066	-0.10891901701688766	0.664732038974762	0.0888911709189415	1.4727776050567627	-0.066707544028759	-0.0641574040055275	1.1391555070877075	-0.29105234146118164	0.032953206449747086	0.24909193813800812	0.2651408910751343	0.33787205815315247	-0.09802962094545364	-0.09496034681797028	0.9128648638725281	0.030318183824419975	0.565535843372345	0.11779429763555527	0.06397737562656403	0.5756043195724487	0.6921030879020691	0.0008044523419812322	0.47704851627349854	-0.3023962676525116	-0.012006739154458046	0.11951752752065659	0.12331124395132065	0.10186292231082916	0.43623849749565125	0.2935926616191864	-0.33176305890083313	-0.3962215185165405
1.5183862447738647	-1.077977180480957	0.3122878074645996	-0.24544088542461395	-0.06990233063697815	1.1054013967514038	1.4161773920059204	n/a	0.29163268208503723	0.1630098670721054	1.4445594549179077	-0.08211518824100494	0.4726114571094513	-0.0200886819511652	-0.21474973857402802	0.7073273658752441	-0.42324331402778625	0.19425007700920105	-0.1723226010799408	0.14193779230117798	-0.0674828439950943	0.6834728121757507	-0.36206087470054626	1.873671293258667	0.1752312332391739	1.7046314477920532	1.0663903951644897	0.5202895998954773	-1.2167038917541504	-0.5594752430915833	-0.11392500251531601	0.02078453078866005	0.3708833158016205	0.8884750008583069	n/a	0.05654701963067055	0.765999972820282	-0.49851861596107483	0.3965052664279938	0.05511411651968956	-0.03125027194619179	-0.6737567782402039	-0.13520845770835876	0.19078397750854492	-0.09719102084636688	0.37709280848503113	-0.5769667625427246	1.0594418048858643	0.19024239480495453	0.32051607966423035	-0.1753145158290863	1.3485907316207886	-0.1752927154302597	0.05750091373920441	0.5329195857048035	-0.18465565145015717	0.07246473431587219	0.3089030981063843	0.2523803412914276	0.31451675295829773	1.288455769099528e-05	0.039052948355674744	0.6006816029548645	0.12308291345834732	0.6125576496124268	0.16662748157978058	0.12839172780513763	0.6689597368240356	0.59461510181427	0.006735820323228836	0.3810451030731201	-0.17765218019485474	0.008279351517558098	0.19069914519786835	0.21942026913166046	0.1531544178724289	0.5399097800254822	0.42327597737312317	-0.255402535200119	-0.31963250041007996
1.3573025465011597	-0.9364993572235107	0.6068459153175354	-0.3674266040325165	-0.03654180094599724	1.2985765933990479	1.3576710224151611	n/a	0.2999998927116394	0.4906109869480133	1.5353976488113403	0.17386718094348907	0.3261399567127228	-0.09949929267168045	-0.08022720366716385	0.3808302879333496	-0.11864584684371948	0.11517270654439926	-0.6102510094642639	0.24009253084659576	0.28901296854019165	0.6726704239845276	-0.19999241828918457	2.261143207550049	0.4374805986881256	1.8209900856018066	0.8205375075340271	0.35448822379112244	-1.0401660203933716	-0.657382071018219	-0.20278042554855347	0.005595606751739979	0.3085483908653259	0.7272129058837891	n/a	0.36786603927612305	0.8707357048988342	0.06687203794717789	0.1992224007844925	-0.1339080035686493	0.23209644854068756	-0.08760949969291687	-0.48931819200515747	0.20682977139949799	0.2884114384651184	0.23789183795452118	-0.27515649795532227	1.1245499849319458	0.40671974420547485	-0.04865735024213791	-0.3702947497367859	1.0980806350708008	-0.2489640861749649	0.17126014828681946	-0.10920829325914383	-0.053970061242580414	0.10464172065258026	0.34728536009788513	0.22084559500217438	0.2688617706298828	0.07416514307260513	0.17916157841682434	0.22778615355491638	0.2106843888759613	0.569946825504303	0.1896081268787384	0.19156870245933533	0.6741448640823364	0.42565545439720154	-0.025128858163952827	0.26585841178894043	-0.01814812608063221	0.025870325043797493	0.2737376391887665	0.28539764881134033	0.18949183821678162	0.5959169268608093	0.5051189661026001	-0.12977495789527893	-0.20281456410884857
1.0571292638778687	-0.6821573376655579	0.8002849817276001	-0.4374973773956299	-0.007791146170347929	1.3329315185546875	1.149246335029602	n/a	0.2897157371044159	0.768174946308136	1.4929171800613403	0.41625720262527466	0.12428285926580429	-0.1039443239569664	0.020746612921357155	0.033782992511987686	0.1507919728755951	0.0357741042971611	-0.949126660823822	0.2927935719490051	0.5836701989173889	0.6193099617958069	-0.10883661359548569	2.3625378608703613	0.5939050316810608	1.8000315427780151	0.5365924835205078	0.16888290643692017	-0.7424777746200562	-0.7112579941749573	-0.23700034618377686	-0.007178803440183401	0.2360774427652359	0.48951590061187744	n/a	0.6403072476387024	0.8865108489990234	0.6517415046691895	0.025435591116547585	-0.24557644128799438	0.41469910740852356	0.39680299162864685	-0.7678614854812622	0.17564035952091217	0.6218460202217102	0.10088303685188293	-0.018257033079862595	1.0606558322906494	0.500495433807373	-0.38697075843811035	-0.47020238637924194	0.766559362411499	-0.271516889333725	0.27806320786476135	-0.6593554019927979	0.07977377623319626	0.12303401529788971	0.33978304266929626	0.16006863117218018	0.2021787166595459	0.10564170032739639	0.30431240797042847	-0.16899698972702026	0.28345999121665955	0.3851880133152008	0.1944485455751419	0.24174340069293976	0.5767870545387268	0.19840437173843384	-0.08953991532325745	0.1403627097606659	0.15519645810127258	0.043662164360284805	0.36712145805358887	0.31864118576049805	0.217784121632576	0.6167296171188354	0.5191461443901062	0.026505228132009506	-0.06201624497771263
0.6686363816261292	-0.3360101878643036	0.8211281299591064	-0.44894272089004517	0.006631947122514248	1.2110321521759033	0.8565357327461243	n/a	0.2851182818412781	0.9514836668968201	1.3256038427352905	0.608039915561676	-0.09810958057641983	-0.045847006142139435	0.07295212149620056	-0.2965882420539856	0.32524195313453674	-0.039020296186208725	-1.1511658430099487	0.2851807773113251	0.7558376789093018	0.5321069359779358	-0.0805545523762703	2.166219472885132	0.6574620604515076	1.6273820400238037	0.25631967186927795	-0.027975350618362427	-0.3550436198711395	-0.739794909954071	-0.21243980526924133	-0.01607009954750538	0.1736593097448349	0.24424277245998383	n/a	0.8349910378456116	0.8117376565933228	1.153169870376587	-0.08133561164140701	-0.28178659081459045	0.4943103492259979	0.6537531018257141	-0.9424988031387329	0.09767857193946838	0.829896867275238	-0.025215929374098778	0.15930911898612976	0.8686167001724243	0.45593225955963135	-0.6641758680343628	-0.47406426072120667	0.41803282499313354	-0.2422003597021103	0.3803789019584656	-1.0039606094360352	0.18758416175842285	0.12020398676395416	0.2767430245876312	0.07002896815538406	0.1266719251871109	0.09266617894172668	0.3922387659549713	-0.5307576656341553	0.32130545377731323	0.04989263415336609	0.19470609724521637	0.27148526906967163	0.3818671703338623	-0.062321633100509644	-0.1742275357246399	0.026381811127066612	0.31654635071754456	0.06530788540840149	0.4528524577617645	0.31824401021003723	0.24161706864833832	0.6111205220222473	0.46417951583862305	0.18524865806102753	0.08115126937627792
0.2260294109582901	0.06717582046985626	0.6242371797561646	-0.40553760528564453	0.004404706880450249	0.9493734240531921	0.5462478995323181	n/a	0.2963393032550812	1.019869089126587	1.0485039949417114	0.7275131940841675	-0.280504047870636	0.040086083114147186	0.0955146998167038	-0.6001960635185242	0.39327117800712585	-0.10988377779722214	-1.2013945579528809	0.23165974020957947	0.7841385006904602	0.4121169447898865	-0.06370925158262253	1.6842560768127441	0.6878809332847595	1.2932751178741455	0.0023119545076042414	-0.23777776956558228	0.07430583983659744	-0.7895761132240295	-0.13813520967960358	-0.019720803946256638	0.12115035206079483	0.04959547519683838	n/a	0.9272187352180481	0.6510226726531982	1.4842027425765991	-0.07387863099575043	-0.264832079410553	0.4777069091796875	0.6590828895568848	-0.9894935488700867	-0.0097947483882308	0.8677465915679932	-0.14707902073860168	0.2670997381210327	0.5482373833656311	0.30498144030570984	-0.8786032199859619	-0.4366278648376465	0.08686549961566925	-0.17558719217777252	0.4742647409439087	-1.0972230434417725	0.24847474694252014	0.09573804587125778	0.1655605137348175	-0.0422968864440918	0.06329452246427536	0.050663769245147705	0.4200997054576874	-0.8022637963294983	0.29934757947921753	-0.3897145092487335	0.2058570832014084	0.2819681167602539	0.13347356021404266	-0.3155173659324646	-0.25627803802490234	-0.057486385107040405	0.4436687231063843	0.09166532009840012	0.5016157627105713	0.281191885471344	0.25441718101501465	0.5742647647857666	0.3556841313838959	0.3117932975292206	0.19996756315231323
-0.2364829033613205	0.460069477558136	0.2269936054944992	-0.32361742854118347	-0.0036453688517212868	0.5845344662666321	0.2507238984107971	n/a	0.30637574195861816	0.9858497381210327	0.6935461163520813	0.7915931940078735	-0.36505526304244995	0.106317438185215	0.12161245942115784	-0.8701796531677246	0.3850625455379486	-0.17935383319854736	-1.0968894958496094	0.15812033414840698	0.6863133311271667	0.2589467167854309	0.0039716786704957485	0.9782178401947021	0.7416073083877563	0.8022440671920776	-0.20148172974586487	-0.45410630106925964	0.46833619475364685	-0.9145728349685669	-0.0391518734395504	-0.01671081781387329	0.07571030408143997	-0.07561296224594116	n/a	0.9257135391235352	0.4216190576553345	1.6193407773971558	0.07146190106868744	-0.2327391505241394	0.40063372254371643	0.5020754337310791	-0.8962697982788086	-0.12453517317771912	0.7471862435340881	-0.2749602496623993	0.3465362787246704	0.14373354613780975	0.09910598397254944	-1.0266364812850952	-0.4186331629753113	-0.22185847163200378	-0.09065961837768555	0.5419967174530029	-0.9369419813156128	0.25646689534187317	0.05361408740282059	0.025292379781603813	-0.1678939014673233	0.02577618882060051	0.006671920884400606	0.379050612449646	-0.9522297382354736	0.20101560652256012	-0.8428743481636047	0.23767827451229095	0.27860569953918457	-0.10796920210123062	-0.5066222548484802	-0.301046758890152	-0.10640175640583038	0.5115929245948792	0.11866195499897003	0.48430347442626953	0.20470823347568512	0.2441815286874771	0.4959896206855774	0.2158694714307785	0.3707824647426605	0.26795098185539246
-0.6510947942733765	0.7549333572387695	-0.3041006326675415	-0.22770193219184875	0.0013681668788194656	0.17735819518566132	-0.01849311590194702	n/a	0.28364071249961853	0.8769730925559998	0.3175600469112396	0.8281192779541016	-0.3370468020439148	0.11062374711036682	0.15934085845947266	-1.0801969766616821	0.3265467882156372	-0.24561242759227753	-0.8526273965835571	0.08114444464445114	0.49654313921928406	0.0860159620642662	0.13087497651576996	0.16927795112133026	0.8167765140533447	0.20492097735404968	-0.3091713786125183	-0.6398363709449768	0.7374459505081177	-1.1349341869354248	0.04854073375463486	-0.0033227817621082067	0.04685886949300766	-0.14363382756710052	n/a	0.862122654914856	0.1667579710483551	1.5827077627182007	0.3188115060329437	-0.22067654132843018	0.3020842969417572	0.29271385073661804	-0.6777825355529785	-0.23023031651973724	0.5306848883628845	-0.39326712489128113	0.41612398624420166	-0.2433949112892151	-0.13064606487751007	-1.0935977697372437	-0.41961145401000977	-0.48860207200050354	-0.002890080912038684	0.5576077103614807	-0.5301771759986877	0.21745650470256805	-0.0025566646363586187	-0.1169552281498909	-0.2899634838104248	0.011615163646638393	-0.012036779895424843	0.28227075934410095	-0.9702088832855225	0.02891523577272892	-1.2004324197769165	0.2859611213207245	0.2644036114215851	-0.3078187108039856	-0.587090790271759	-0.2783661484718323	-0.12714122235774994	0.4891669750213623	0.13755729794502258	0.3866977095603943	0.09434980899095535	0.2053101658821106	0.3836910128593445	0.06791239231824875	0.3420334756374359	0.2685498595237732
-0.9331651329994202	0.8927254676818848	-0.8801948428153992	-0.13660483062267303	0.03233681246638298	-0.20287449657917023	-0.23548096418380737	n/a	0.2134351283311844	0.7134301066398621	-0.014397913590073586	0.8329077363014221	-0.23545292019844055	0.03876510262489319	0.18455639481544495	-1.195246934890747	0.21497517824172974	-0.3026531934738159	-0.5175294876098633	0.00797196663916111	0.25121602416038513	-0.07714693248271942	0.25196167826652527	-0.5953559279441833	0.851908802986145	-0.39829716086387634	-0.2757629156112671	-0.7410538792610168	0.8304619789123535	-1.401041865348816	0.09687241911888123	0.026824379339814186	0.04529719054698944	-0.1669265329837799	n/a	0.7618754506111145	-0.053116075694561005	1.4040157794952393	0.5755972862243652	-0.23566767573356628	0.20117658376693726	0.07623102515935898	-0.3840450644493103	-0.31293272972106934	0.2952435612678528	-0.4544486999511719	0.4457017481327057	-0.5129128098487854	-0.3736625909805298	-1.0721557140350342	-0.37765607237815857	-0.6608759164810181	0.07508140802383423	0.5043330788612366	0.09212586283683777	0.14386537671089172	-0.06920420378446579	-0.23270253837108612	-0.3797360360622406	0.009243646636605263	0.00906120240688324	0.15696749091148376	-0.8580828309059143	-0.19215254485607147	-1.3729510307312012	0.3290861248970032	0.2385728508234024	-0.47005510330200195	-0.5434689521789551	-0.1853877305984497	-0.13326707482337952	0.35186323523521423	0.13957656919956207	0.2183956652879715	-0.0319511741399765	0.14394629001617432	0.26955991983413696	-0.0637608990073204	0.23324701189994812	0.20444129407405853
-1.0242810249328613	0.875897228717804	-1.4023090600967407	-0.05295349657535553	0.08560334146022797	-0.49576181173324585	-0.35519683361053467	n/a	0.11432745307683945	0.503130316734314	-0.258135050535202	0.7683823108673096	-0.12675975263118744	-0.0865112766623497	0.16064155101776123	-1.1936231851577759	0.03447682037949562	-0.34443429112434387	-0.17236442863941193	-0.05595289543271065	-0.01571020297706127	-0.20052991807460785	0.2744068503379822	-1.1769899129867554	0.7714245915412903	-0.8918108344078064	-0.0949094295501709	-0.7172255516052246	0.7637593150138855	-1.602016806602478	0.1022551953792572	0.07720205932855606	0.07258021831512451	-0.1419258862733841	n/a	0.6309295892715454	-0.18898996710777283	1.100370168685913	0.738556444644928	-0.25212299823760986	0.0953175351023674	-0.1671159565448761	-0.08633675426244736	-0.3567075729370117	0.09368123859167099	-0.4040490984916687	0.3853263854980469	-0.6177117824554443	-0.6171095371246338	-0.9717124104499817	-0.21941213309764862	-0.6792548894882202	0.1323499232530594	0.38867729902267456	0.8464000821113586	0.04911224916577339	-0.14014406502246857	-0.3011263608932495	-0.40743690729141235	0.007247784174978733	0.06540341675281525	0.03200205788016319	-0.6286538243293762	-0.4187116026878357	-1.324748158454895	0.3371327817440033	0.1971798688173294	-0.6162373423576355	-0.40674397349357605	-0.05037224292755127	-0.1389308124780655	0.1032615378499031	0.12143479287624359	0.006652970798313618	-0.14787288010120392	0.0751727893948555	0.1884108930826187	-0.1567353457212448	0.07634663581848145	0.09987418353557587
-0.9321891069412231	0.754707396030426	-1.759318470954895	0.029599010944366455	0.1437302976846695	-0.6616026759147644	-0.34827154874801636	n/a	0.019456157460808754	0.26072075963020325	-0.40765827894210815	0.6124202013015747	-0.0619216226041317	-0.22422069311141968	0.07690026611089706	-1.084676742553711	-0.1955159455537796	-0.3692876100540161	0.10210872441530228	-0.10059716552495956	-0.26383352279663086	-0.2714741826057434	0.16173849999904633	-1.4620949029922485	0.5439223647117615	-1.2062828540802002	0.17360951006412506	-0.5605443716049194	0.5999650955200195	-1.6237462759017944	0.08267465233802795	0.13871631026268005	0.12089280039072037	-0.06523969024419785	n/a	0.47085779905319214	-0.2278636395931244	0.7004386186599731	0.7491285800933838	-0.2410552054643631	-0.023242255672812462	-0.4208412766456604	0.15216763317584991	-0.34232765436172485	-0.053644709289073944	-0.22293636202812195	0.22755621373653412	-0.5578063130378723	-0.8280426859855652	-0.8116308450698853	0.06133677065372467	-0.5448557138442993	0.16091899573802948	0.2325095236301422	1.5854235887527466	-0.055463869124650955	-0.20243187248706818	-0.3120681941509247	-0.3589143753051758	0.00048799600335769355	0.14624722301959991	-0.07262332737445831	-0.31192687153816223	-0.5968924760818481	-1.072490930557251	0.2963229715824127	0.1374773383140564	-0.7497872114181519	-0.22764630615711212	0.0902632549405098	-0.1522199511528015	-0.2046448439359665	0.08621975779533386	-0.21177585422992706	-0.2287379652261734	0.014047177508473396	0.14906567335128784	-0.19667746126651764	-0.0850355327129364	-0.008085103705525398
-0.7346112132072449	0.5850875973701477	-1.839684009552002	0.1114688366651535	0.18642723560333252	-0.6924548149108887	-0.2370183765888214	n/a	-0.05291536822915077	0.022907931357622147	-0.4929511845111847	0.39847907423973083	-0.04296792671084404	-0.3422579765319824	-0.01949196681380272	-0.9023792743682861	-0.3894790709018707	-0.3749677538871765	0.26622211933135986	-0.11219519376754761	-0.43997421860694885	-0.29673653841018677	-0.013202998787164688	-1.3889667987823486	0.2135423868894577	-1.3562270402908325	0.4128391146659851	-0.2981116771697998	0.40156641602516174	-1.4102331399917603	0.06138730049133301	0.18719236552715302	0.17230543494224548	0.04192033037543297	n/a	0.2957254648208618	-0.20177821815013885	0.2655346989631653	0.6315409541130066	-0.20061853528022766	-0.14550641179084778	-0.5583255887031555	0.3045326769351959	-0.2513914108276367	-0.1426255851984024	0.04556496813893318	0.04604342579841614	-0.3566686511039734	-0.9460691213607788	-0.6124593019485474	0.3622821867465973	-0.3644844591617584	0.15795482695102692	0.05270132049918175	2.1210222244262695	-0.15954533219337463	-0.23631034791469574	-0.26550835371017456	-0.2428806722164154	-0.0056128473952412605	0.24843372404575348	-0.15203414857387543	0.04055594280362129	-0.6801333427429199	-0.6546207666397095	0.22788497805595398	0.06654167175292969	-0.8346079587936401	-0.042444322258234024	0.21547773480415344	-0.17209665477275848	-0.4784840941429138	0.04035653918981552	-0.3942941427230835	-0.262849360704422	-0.03392855450510979	0.12411153316497803	-0.17970693111419678	-0.210016131401062	-0.0850222110748291
-0.50286865234375	0.39207029342651367	-1.5862054824829102	0.1849575936794281	0.19875313341617584	-0.6021468043327332	-0.08466684818267822	n/a	-0.10301265120506287	-0.1736438125371933	-0.5537049174308777	0.18215411901474	-0.03685557097196579	-0.4220534563064575	-0.06475801765918732	-0.6614482998847961	-0.4586404263973236	-0.34518036246299744	0.3351464569568634	-0.09209144115447998	-0.512499213218689	-0.2870398461818695	-0.1356198489665985	-0.9726853370666504	-0.13632555305957794	-1.3864463567733765	0.5264658331871033	0.03233276307582855	0.19798757135868073	-0.9712507724761963	0.05317749083042145	0.19850227236747742	0.2145373672246933	0.1397828310728073	n/a	0.12244796007871628	-0.16587792336940765	-0.13833288848400116	0.4695078730583191	-0.14917871356010437	-0.24669504165649414	-0.47481703758239746	0.3823058605194092	-0.09002802520990372	-0.1836201250553131	0.3265154957771301	-0.06312070041894913	-0.04458054155111313	-0.9083778262138367	-0.38766220211982727	0.5742773413658142	-0.2592436969280243	0.13102400302886963	-0.14037230610847473	2.311494827270508	-0.25340986251831055	-0.22840134799480438	-0.1728590428829193	-0.08459190279245377	-0.003571014851331711	0.36081215739250183	-0.20853476226329803	0.3750952184200287	-0.6496294140815735	-0.1215507835149765	0.1711069941520691	-0.0023260393645614386	-0.8258082866668701	0.13554087281227112	0.31524455547332764	-0.18603365123271942	-0.6330603957176208	-0.011507692746818066	-0.5056490898132324	-0.25114595890045166	-0.06816351413726807	0.06995891034603119	-0.1142372190952301	-0.27493029832839966	-0.11177923530340195
-0.2257469743490219	0.16440638899803162	-1.0438686609268188	0.2401563674211502	0.17542330920696259	-0.39975836873054504	0.04478146880865097	n/a	-0.1389128565788269	-0.3186633586883545	-0.6042172312736511	-0.014704855158925056	-0.02508268505334854	-0.4522069990634918	-0.056207697838544846	-0.3368188738822937	-0.40364938974380493	-0.2540203034877777	0.35440391302108765	-0.06745394319295883	-0.5076231360435486	-0.2472051978111267	-0.16688433289527893	-0.28816747665405273	-0.45416951179504395	-1.2951573133468628	0.5122835636138916	0.40426400303840637	-0.016447855159640312	-0.3447898030281067	0.05799655243754387	0.16687634587287903	0.26743656396865845	0.19257371127605438	n/a	-0.043128810822963715	-0.1496039628982544	-0.4720578193664551	0.330911785364151	-0.10377351194620132	-0.30928704142570496	-0.2547529637813568	0.40976977348327637	0.09239380806684494	-0.204890638589859	0.567817211151123	-0.07343868911266327	0.36313819885253906	-0.7030077576637268	-0.13765881955623627	0.7148357629776001	-0.22238491475582123	0.09933101385831833	-0.3331699073314667	2.155435562133789	-0.33073973655700684	-0.18772591650485992	-0.05589785799384117	0.08739050477743149	0.004382405895739794	0.45129576325416565	-0.234348326921463	0.6681211590766907	-0.5185517072677612	0.45157426595687866	0.14649717509746552	-0.06355183571577072	-0.7249653339385986	0.2973000705242157	0.37596791982650757	-0.16869273781776428	-0.6393640637397766	-0.06923825293779373	-0.5332145094871521	-0.19676606357097626	-0.08139193803071976	-0.03737670183181763	-0.022032203152775764	-0.28029173612594604	-0.08867694437503815
0.15121513605117798	-0.11355841904878616	-0.3419470489025116	0.2686665952205658	0.12056109309196472	-0.08467977494001389	0.11075977236032486	n/a	-0.17349113523960114	-0.4176955819129944	-0.626710832118988	-0.19988524913787842	-0.01829196698963642	-0.4365813434123993	-0.05676420405507088	0.08786740154027939	-0.30728408694267273	-0.09165831655263901	0.3649173974990845	-0.06689833849668503	-0.48704156279563904	-0.1815386414527893	-0.1560218334197998	0.5644586086273193	-0.7370324730873108	-1.044276475906372	0.4386696517467499	0.7929093837738037	-0.2555958032608032	0.41912803053855896	0.0627841129899025	0.10422846674919128	0.37559059262275696	0.17746658623218536	n/a	-0.1993640661239624	-0.135760098695755	-0.7157158255577087	0.2329084873199463	-0.08011086285114288	-0.3339468538761139	-0.10757423937320709	0.4011196494102478	0.22695375978946686	-0.23715463280677795	0.7491716146469116	-0.029429640620946884	0.8654912114143372	-0.38724812865257263	0.13380002975463867	0.888666033744812	-0.1272634118795395	0.08119551837444305	-0.5092695355415344	1.7740004062652588	-0.39085814356803894	-0.1425837129354477	0.061891596764326096	0.2500874400138855	0.013447041623294353	0.4893842935562134	-0.20818714797496796	0.9302356243133545	-0.3207241892814636	0.9776986241340637	0.14540071785449982	-0.11957493424415588	-0.5826725959777832	0.4265180230140686	0.38678327202796936	-0.09034976363182068	-0.5256351232528687	-0.13117574155330658	-0.48595646023750305	-0.10259778797626495	-0.06345388293266296	-0.188559427857399	0.0681421086192131	-0.24679549038410187	-0.03132437914609909
0.6216872930526733	-0.42398110032081604	0.3750537633895874	0.26859113574028015	0.043844375759363174	0.3266664147377014	0.0990663468837738	n/a	-0.21857504546642303	-0.47244128584861755	-0.5997843146324158	-0.3742809593677521	-0.027384571731090546	-0.3985730707645416	-0.12992674112319946	0.5693289637565613	-0.24340364336967468	0.12138353288173676	0.38741010427474976	-0.09055041521787643	-0.49171996116638184	-0.09739865362644196	-0.1558050811290741	1.4585349559783936	-0.9859133958816528	-0.6261651515960693	0.36371323466300964	1.1624878644943237	-0.5075185894966125	1.2457071542739868	0.05254427716135979	0.026783889159560204	0.5606417059898376	0.0873580053448677	n/a	-0.3393332064151764	-0.09548439830541611	-0.8552116751670837	0.1640031933784485	-0.09460116922855377	-0.33155637979507446	-0.1692323088645935	0.3595416843891144	0.27228784561157227	-0.2951822280883789	0.856986939907074	0.020562831312417984	1.4297053813934326	-0.03908427059650421	0.3963073492050171	1.1367019414901733	0.12687204778194427	0.07975004613399506	-0.6508916616439819	1.2982076406478882	-0.4346177875995636	-0.11745566874742508	0.16533099114894867	0.3882942199707031	0.024853898212313652	0.46916067600250244	-0.11436707526445389	1.171057105064392	-0.09485608339309692	1.3896715641021729	0.1484079360961914	-0.16800172626972198	-0.44538700580596924	0.5108293890953064	0.35194656252861023	0.06429960578680038	-0.3417752683162689	-0.1874130815267563	-0.38195767998695374	0.021320709958672523	-0.015823250636458397	-0.3588787913322449	0.13186673820018768	-0.20131048560142517	0.03717275336384773
1.091190218925476	-0.7198814749717712	1.0119003057479858	0.24673312902450562	-0.04270558059215546	0.7760704755783081	0.01157885417342186	n/a	-0.2755125164985657	-0.48284104466438293	-0.5236760973930359	-0.51838219165802	-0.04944610595703125	-0.36393681168556213	-0.29453808069229126	1.0275306701660156	-0.22363008558750153	0.348675012588501	0.42524248361587524	-0.11598622798919678	-0.5168955326080322	-0.0025921619962900877	-0.17004142701625824	2.2350873947143555	-1.1793335676193237	-0.09427140653133392	0.2947923541069031	1.475144863128662	-0.7326262593269348	2.0415308475494385	0.021200930699706078	-0.054146043956279755	0.7877456545829773	-0.06737397611141205	n/a	-0.45203644037246704	-0.027078352868556976	-0.8839050531387329	0.10383443534374237	-0.15301047265529633	-0.31407392024993896	-0.416089802980423	0.2865881621837616	0.2319709211587906	-0.3727460503578186	0.8735294342041016	0.06340131908655167	1.9591697454452515	0.29674461483955383	0.6136550903320312	1.3923838138580322	0.5168794393539429	0.08651884645223618	-0.7392654418945312	0.7998994588851929	-0.4576444923877716	-0.11699774861335754	0.24701304733753204	0.49363094568252563	0.0365285649895668	0.4020889103412628	0.04032386094331741	1.3644076585769653	0.13118427991867065	1.6483725309371948	0.14007706940174103	-0.19843004643917084	-0.31661349534988403	0.5512769818305969	0.2875622808933258	0.2808663249015808	-0.12586337327957153	-0.2241774946451187	-0.23775258660316467	0.15324176847934723	0.04380425810813904	-0.5275098085403442	0.15450258553028107	-0.16175666451454163	0.09155663847923279
1.4554954767227173	-0.9657379388809204	1.531790852546692	0.21325574815273285	-0.1269134283065796	1.179150104522705	-0.14216846227645874	n/a	-0.3353865444660187	-0.45927003026008606	-0.4106602370738983	-0.606744647026062	-0.08390938490629196	-0.3451859652996063	-0.5399140119552612	1.4106885194778442	-0.234737366437912	0.5628702044487	0.4663507640361786	-0.1302100569009781	-0.5392507314682007	0.09749185293912888	-0.18407784402370453	2.745380401611328	-1.3021433353424072	0.47484368085861206	0.2228911966085434	1.712212085723877	-0.8981466293334961	2.725919246673584	-0.02833402529358864	-0.13211116194725037	0.9908254742622375	-0.2618064284324646	n/a	-0.528171956539154	0.052954256534576416	-0.8136496543884277	0.022976284846663475	-0.24639058113098145	-0.29179397225379944	-0.7558155655860901	0.1858215481042862	0.12764090299606323	-0.45123955607414246	0.7937997579574585	0.09599842131137848	2.334501028060913	0.6020064949989319	0.7874426245689392	1.5857837200164795	0.9497230052947998	0.09668529778718948	-0.7625494599342346	0.3245345950126648	-0.4518156349658966	-0.1343882977962494	0.3027784824371338	0.5627268552780151	0.03512556105852127	0.29766878485679626	0.23811429738998413	1.4598712921142578	0.34782081842422485	1.7415493726730347	0.10883133858442307	-0.20406125485897064	-0.17498674988746643	0.5545037984848022	0.21166455745697021	0.5213667154312134	0.09943593293428421	-0.23400497436523438	-0.06673147529363632	0.266052782535553	0.0923711359500885	-0.675180971622467	0.12954698503017426	-0.1334056854248047	0.11130493134260178
1.6681777238845825	-1.155950665473938	1.9273536205291748	0.1757582724094391	-0.19698841869831085	1.4655563831329346	-0.34013912081718445	n/a	-0.3859037160873413	-0.42630836367607117	-0.2619371712207794	-0.6345330476760864	-0.14648909866809845	-0.34449511766433716	-0.8551949858665466	1.712633728981018	-0.2908581495285034	0.7520710825920105	0.4775717854499817	-0.14125178754329681	-0.5482833981513977	0.20105935633182526	-0.21761097013950348	2.896085739135742	-1.3808623552322388	1.0381503105163574	0.17091864347457886	1.8826736211776733	-0.9989150166511536	3.2616076469421387	-0.09047219157218933	-0.19981083273887634	1.1207126379013062	-0.4620722234249115	n/a	-0.5673442482948303	0.1434687077999115	-0.6854857802391052	-0.12302321195602417	-0.35867348313331604	-0.2752995491027832	-1.1481765508651733	0.056774914264678955	-0.025448037311434746	-0.5106548070907593	0.6441792249679565	0.08530499786138535	2.4724626541137695	0.8485754132270813	0.9530083537101746	1.7292555570602417	1.3710763454437256	0.11395805329084396	-0.724998414516449	-0.06233714148402214	-0.41281095147132874	-0.16504855453968048	0.3353656828403473	0.5987122058868408	0.005190923810005188	0.1589135229587555	0.47055602073669434	1.4284049272537231	0.5586507320404053	1.6994240283966064	0.04330054298043251	-0.19062262773513794	-0.01843133196234703	0.5213397145271301	0.13690687716007233	0.7488398551940918	0.31195172667503357	-0.2209479659795761	0.11503644287586212	0.3406326472759247	0.11612100154161453	-0.7715747356414795	0.060227058827877045	-0.1119583398103714	0.0912935882806778
1.7152280807495117	-1.289049506187439	2.2074339389801025	0.138579323887825	-0.24275848269462585	1.595207691192627	-0.5448441505432129	n/a	-0.4143310785293579	-0.41487768292427063	-0.07277442514896393	-0.6333506107330322	-0.2561972141265869	-0.3617275059223175	-1.2202107906341553	1.9261666536331177	-0.4201430082321167	0.9042187333106995	0.4079608619213104	-0.15594016015529633	-0.5408676266670227	0.3043877184391022	-0.3189554214477539	2.6410930156707764	-1.468779444694519	1.5885673761367798	0.18295450508594513	2.0029964447021484	-1.0361119508743286	3.661431312561035	-0.15910907089710236	-0.24778592586517334	1.1531120538711548	-0.6366174221038818	n/a	-0.5830404758453369	0.259569376707077	-0.5611743330955505	-0.3815295696258545	-0.47035712003707886	-0.27514782547950745	-1.6071821451187134	-0.11058445274829865	-0.2081780731678009	-0.5339093804359436	0.4691714942455292	-0.018312443047761917	2.322735071182251	1.0009918212890625	1.1290227174758911	1.8725754022598267	1.7808974981307983	0.14236865937709808	-0.6443434953689575	-0.2969372868537903	-0.34179458022117615	-0.20461635291576385	0.35554710030555725	0.6121783256530762	-0.055005066096782684	-0.0085909990593791	0.7318841814994812	1.28872549533844	0.7681761980056763	1.595083236694336	-0.0649951919913292	-0.17070616781711578	0.1268368661403656	0.44640854001045227	0.06674662232398987	0.9445013999938965	0.4865577220916748	-0.19774962961673737	0.28688493371009827	0.37296780943870544	0.11514511704444885	-0.779707670211792	-0.036416687071323395	-0.08528503030538559	0.04651921987533569
1.5583606958389282	-1.3394818305969238	2.4007914066314697	0.10506321489810944	-0.26106908917427063	1.54552161693573	-0.7183063626289368	n/a	-0.409183531999588	-0.44652485847473145	0.13730718195438385	-0.6516110301017761	-0.40546101331710815	-0.3934462070465088	-1.5728753805160522	2.00632643699646	-0.6079886555671692	0.9957848787307739	0.22046606242656708	-0.1622193306684494	-0.5030248761177063	0.39214420318603516	-0.501430332660675	1.9627211093902588	-1.5915340185165405	2.099260091781616	0.26678332686424255	2.0705361366271973	-0.992428183555603	3.95578932762146	-0.22446301579475403	-0.27170512080192566	1.0644268989562988	-0.7702460885047913	n/a	-0.5969952940940857	0.3946218192577362	-0.4940171539783478	-0.7593650817871094	-0.5574946999549866	-0.29589909315109253	-2.10345458984375	-0.3253278136253357	-0.3816593587398529	-0.5111613273620605	0.2943471074104309	-0.22159816324710846	1.8412827253341675	1.0524450540542603	1.28762686252594	1.9996685981750488	2.153803825378418	0.17949701845645905	-0.540776252746582	-0.37310314178466797	-0.24184510111808777	-0.23776042461395264	0.3711738586425781	0.6122997403144836	-0.12737934291362762	-0.1887904405593872	0.9944998621940613	1.0888326168060303	0.97330641746521	1.5045959949493408	-0.21127887070178986	-0.15001003444194794	0.24327431619167328	0.33094722032546997	-0.0005670912214554846	1.100807785987854	0.609229564666748	-0.175942525267601	0.43023577332496643	0.36810094118118286	0.09463000297546387	-0.6812784075737	-0.13350322842597961	-0.03977138176560402	0.005285677500069141
1.1493736505508423	-1.273603081703186	2.546311855316162	0.07898400723934174	-0.26035916805267334	1.3054924011230469	-0.8461670875549316	n/a	-0.3668505847454071	-0.519679069519043	0.31262606382369995	-0.7149739265441895	-0.5494058728218079	-0.4269047677516937	-1.8111821413040161	1.9052743911743164	-0.7800222039222717	1.005348801612854	-0.06786160916090012	-0.1430012285709381	-0.41537728905677795	0.4380539059638977	-0.7044999599456787	0.8995383977890015	-1.7189542055130005	2.4883129596710205	0.37038376927375793	2.0673937797546387	-0.8473771810531616	4.14792013168335	-0.2725517451763153	-0.2782456576824188	0.8284080624580383	-0.8687088489532471	n/a	-0.6235186457633972	0.49735400080680847	-0.5017045736312866	-1.1875728368759155	-0.5961640477180481	-0.3328050673007965	-2.5136663913726807	-0.5752707123756409	-0.4981761574745178	-0.4448188841342926	0.11294762045145035	-0.45963186025619507	1.0151684284210205	1.036354660987854	1.382700800895691	2.0103886127471924	2.384840250015259	0.2170506715774536	-0.43063125014305115	-0.35319146513938904	-0.12003401666879654	-0.23910512030124664	0.37688809633255005	0.5955570340156555	-0.18392162024974823	-0.3549662232398987	1.205122470855713	0.8689203262329102	1.16344153881073	1.4648170471191406	-0.37137672305107117	-0.12151986360549927	0.3498969078063965	0.1926434189081192	-0.06395271420478821	1.2029609680175781	0.6888321042060852	-0.15634948015213013	0.5345763564109802	0.33007287979125977	0.055042557418346405	-0.49246641993522644	-0.20460565388202667	0.02798166498541832	-0.006561460439115763
0.5207949876785278	-1.0957787036895752	2.6587061882019043	0.06636229902505875	-0.25936660170555115	0.8973502516746521	-0.9417445659637451	n/a	-0.2947525382041931	-0.6162617206573486	0.3903087079524994	-0.8200156092643738	-0.6319553256034851	-0.4389188587665558	-1.8562124967575073	1.6449120044708252	-0.8649650812149048	0.9390100836753845	-0.3814094066619873	-0.10126141458749771	-0.28612199425697327	0.42348968982696533	-0.8424854278564453	-0.4065045714378357	-1.79837965965271	2.6697123050689697	0.43691763281822205	1.992085337638855	-0.6170142889022827	4.204819679260254	-0.2893116772174835	-0.2797674834728241	0.4490508437156677	-0.9470482468605042	n/a	-0.6610026359558105	0.5010653734207153	-0.5652384757995605	-1.5405573844909668	-0.5685188174247742	-0.37727928161621094	-2.7209391593933105	-0.8230507969856262	-0.5337733030319214	-0.3520931601524353	-0.08256635069847107	-0.6463198065757751	-0.07923168689012527	0.9895797967910767	1.3969411849975586	1.833060383796692	2.3548405170440674	0.24618154764175415	-0.3230111300945282	-0.31080931425094604	0.0041613331995904446	-0.19444984197616577	0.3556159436702728	0.5463050603866577	-0.20512764155864716	-0.4816606938838959	1.3094290494918823	0.653483510017395	1.3183925151824951	1.4648830890655518	-0.5119470953941345	-0.07613317668437958	0.47598305344581604	0.058819402009248734	-0.12038422375917435	1.229336142539978	0.7429046630859375	-0.1308431327342987	0.5938806533813477	0.2608078122138977	-0.005147729534655809	-0.2545022964477539	-0.23049555718898773	0.10585032403469086	0.017031000927090645
-0.16466166079044342	-0.8665411472320557	2.702301502227783	0.07195387780666351	-0.2775360643863678	0.4008795917034149	-1.0225005149841309	n/a	-0.20800840854644775	-0.7162636518478394	0.3472806513309479	-0.9497991800308228	-0.6227321624755859	-0.4108964502811432	-1.7140986919403076	1.3262139558792114	-0.8609440922737122	0.8319249153137207	-0.6288910508155823	-0.06635844707489014	-0.16781306266784668	0.35486748814582825	-0.8784971833229065	-1.699705958366394	-1.8067303895950317	2.632615089416504	0.46737197041511536	1.8676767349243164	-0.3687816560268402	4.0840277671813965	-0.26725611090660095	-0.28459587693214417	-0.006048604846000671	-1.0129989385604858	n/a	-0.6921575665473938	0.38046422600746155	-0.6414347290992737	-1.6900832653045654	-0.47507092356681824	-0.42455950379371643	-2.725388526916504	-1.0292131900787354	-0.5079317688941956	-0.257357120513916	-0.272722065448761	-0.7402518391609192	-1.2395590543746948	0.9037360548973083	1.353085994720459	1.5249476432800293	2.0509400367736816	0.2629225552082062	-0.2219252586364746	-0.2610178589820862	0.10010647773742676	-0.11783096194267273	0.28813719749450684	0.4483393728733063	-0.18887606263160706	-0.5570839047431946	1.2829874753952026	0.4702226221561432	1.4072580337524414	1.4618146419525146	-0.6071597337722778	-0.01528359204530716	0.6182417273521423	-0.0511954203248024	-0.16999708116054535	1.1742324829101562	0.7686156034469604	-0.09234929084777832	0.6003283262252808	0.1664486676454544	-0.08053572475910187	-0.01475715171545744	-0.20334379374980927	0.17226262390613556	0.05535287782549858
-0.693925678730011	-0.6694037914276123	2.613858699798584	0.08840908110141754	-0.31844043731689453	-0.060390111058950424	-1.0844535827636719	n/a	-0.1257946938276291	-0.7937323451042175	0.22325195372104645	-1.067859172821045	-0.5266560912132263	-0.35577648878097534	-1.4557119607925415	1.0472337007522583	-0.816490888595581	0.718940794467926	-0.7582422494888306	-0.07280068844556808	-0.11554576456546783	0.25842350721359253	-0.825487494468689	-2.66646146774292	-1.7549666166305542	2.448824644088745	0.5052382946014404	1.7074122428894043	-0.18956944346427917	3.7610487937927246	-0.21386268734931946	-0.2946898937225342	-0.41816332936286926	-1.0589195489883423	n/a	-0.6856960654258728	0.18017789721488953	-0.673909604549408	-1.5553364753723145	-0.3567366600036621	-0.47050294280052185	-2.5904715061187744	-1.1802316904067993	-0.46401846408843994	-0.1714741587638855	-0.4291137456893921	-0.7431250810623169	-2.1690611839294434	0.7304568886756897	1.2788500785827637	1.2123968601226807	1.5934934616088867	0.2660110294818878	-0.1382969170808792	-0.16035036742687225	0.14568208158016205	-0.03898850455880165	0.1657673567533493	0.2985745072364807	-0.14124387502670288	-0.5779041647911072	1.1475253105163574	0.34748876094818115	1.4020061492919922	1.4062713384628296	-0.6456994414329529	0.05085339769721031	0.7476735711097717	-0.14082477986812592	-0.21448960900306702	1.057218074798584	0.7419790625572205	-0.039337027817964554	0.5497323870658875	0.06106945127248764	-0.15753914415836334	0.1930616945028305	-0.1320442110300064	0.2079954743385315	0.07369579374790192
-0.9361612200737	-0.5556467771530151	2.348177194595337	0.09986253827810287	-0.3653446435928345	-0.37177717685699463	-1.0935505628585815	n/a	-0.0622677281498909	-0.8164362907409668	0.09443043917417526	-1.1210428476333618	-0.3632164001464844	-0.3186289370059967	-1.1413850784301758	0.8284425735473633	-0.7644957900047302	0.6119077801704407	-0.7666117548942566	-0.1283540427684784	-0.13716454803943634	0.16519391536712646	-0.6956953406333923	-3.055070161819458	-1.6370692253112793	2.2142717838287354	0.5750588178634644	1.495030164718628	-0.13154380023479462	3.2321481704711914	-0.1476321667432785	-0.3092464208602905	-0.6783221960067749	-1.0587987899780273	n/a	-0.6148431301116943	-0.018932973966002464	-0.6247478127479553	-1.132158875465393	-0.28471338748931885	-0.5014247894287109	-2.3377692699432373	-1.2857871055603027	-0.43389028310775757	-0.09184802323579788	-0.5412168502807617	-0.6624232530593872	-2.6012651920318604	0.44671446084976196	1.157576084136963	0.9503154754638672	1.1381382942199707	0.24846705794334412	-0.08669473230838776	0.015831051394343376	0.14257864654064178	0.02249234728515148	-0.0013678164687007666	0.11197605729103088	-0.06702689081430435	-0.5393087267875671	0.9561535716056824	0.2828305661678314	1.293666958808899	1.265934705734253	-0.6227560639381409	0.11208120733499527	0.8528352975845337	-0.225747749209404	-0.2556765079498291	0.9054645299911499	0.6521498560905457	0.02945692278444767	0.45461732149124146	-0.03738607093691826	-0.2205299586057663	0.3578709661960602	-0.03830207139253616	0.20464777946472168	0.04831927269697189
-0.8813076615333557	-0.5252888798713684	1.8965880870819092	0.10016585141420364	-0.39722347259521484	-0.47101110219955444	-1.001298189163208	n/a	-0.01719840243458748	-0.7671000957489014	0.028474295511841774	-1.07192862033844	-0.15290261805057526	-0.34028759598731995	-0.7929518222808838	0.6357579231262207	-0.7063076496124268	0.5085057616233826	-0.6713641285896301	-0.20992432534694672	-0.20428252220153809	0.10534971207380295	-0.4905003309249878	-2.7729544639587402	-1.4082103967666626	2.0076353549957275	0.6651206016540527	1.2157764434814453	-0.19286221265792847	2.508138418197632	-0.08254987746477127	-0.3266245424747467	-0.7353233695030212	-0.9750691652297974	n/a	-0.4816305339336395	-0.15202197432518005	-0.5075928568840027	-0.49474701285362244	-0.31066054105758667	-0.49606168270111084	-1.9625244140625	-1.352918028831482	-0.42733410000801086	-0.02516801469027996	-0.6080734133720398	-0.510214626789093	-2.420304536819458	0.08881128579378128	0.9328741431236267	0.7039339542388916	0.7852914929389954	0.19858409464359283	-0.06562494486570358	0.2292483150959015	0.10681361705064774	0.06497406959533691	-0.1872779279947281	-0.08425838500261307	0.025113781914114952	-0.4426538646221161	0.7662147283554077	0.2342965006828308	1.0946564674377441	1.0379877090454102	-0.5311633944511414	0.16071709990501404	0.948168933391571	-0.3060550391674042	-0.2956564724445343	0.738507091999054	0.5218559503555298	0.1178804486989975	0.34416699409484863	-0.11552572250366211	-0.25684621930122375	0.4845644235610962	0.05811910703778267	0.16381874680519104	-0.021682238206267357
-0.576987087726593	-0.5570416450500488	1.281293511390686	0.09744807332754135	-0.4019525349140167	-0.3508546054363251	-0.7735031247138977	n/a	0.019926559180021286	-0.6586840748786926	0.0640077218413353	-0.9261051416397095	0.07558557391166687	-0.427402138710022	-0.4277300238609314	0.45184433460235596	-0.6514018177986145	0.4118308424949646	-0.5073257684707642	-0.2906879484653473	-0.290344774723053	0.10477268695831299	-0.23931896686553955	-1.8870893716812134	-1.0374418497085571	1.9015328884124756	0.7626774311065674	0.8884941935539246	-0.3450089395046234	1.6328850984573364	-0.02429342456161976	-0.34193965792655945	-0.5927355289459229	-0.7788978815078735	n/a	-0.31686142086982727	-0.1825309544801712	-0.376945823431015	0.22283770143985748	-0.43599626421928406	-0.43241432309150696	-1.5232528448104858	-1.377699613571167	-0.44289010763168335	0.011133861728012562	-0.6151310205459595	-0.32545092701911926	-1.67482328414917	-0.2809760868549347	0.5713664293289185	0.46031665802001953	0.6000699400901794	0.11299149692058563	-0.055774420499801636	0.4256076216697693	0.05170648545026779	0.09432531893253326	-0.3567679226398468	-0.2556840777397156	0.11638189852237701	-0.3086458742618561	0.6283340454101562	0.1611609011888504	0.8291337490081787	0.7535462975502014	-0.3717081546783447	0.18781787157058716	1.0381807088851929	-0.36416125297546387	-0.3393484055995941	0.5742783546447754	0.3870592415332794	0.22447162866592407	0.246168851852417	-0.16792018711566925	-0.2586888372898102	0.5900570154190063	0.1488148272037506	0.0957954153418541	-0.12181804329156876
-0.09033316373825073	-0.6237007975578308	0.5567982792854309	0.10275286436080933	-0.3759690225124359	-0.042113035917282104	-0.40461739897727966	n/a	0.06256703287363052	-0.5239595174789429	0.20958058536052704	-0.7292647957801819	0.28429365158081055	-0.5570888519287109	-0.08125912398099899	0.28622815012931824	-0.6335866451263428	0.33024531602859497	-0.34595245122909546	-0.3535516560077667	-0.37825873494148254	0.17370499670505524	-0.00973230879753828	-0.568051815032959	-0.5519512295722961	1.9588979482650757	0.8680863380432129	0.5513728857040405	-0.546974778175354	0.7080236077308655	0.022602256387472153	-0.34529441595077515	-0.28809627890586853	-0.4634546935558319	n/a	-0.1614048331975937	-0.09285107254981995	-0.28798386454582214	0.8592137098312378	-0.6257911920547485	-0.2937587797641754	-1.156648874282837	-1.3590691089630127	-0.4706743359565735	0.006347001530230045	-0.5376880764961243	-0.16330963373184204	-0.527543842792511	-0.6032637357711792	0.09953774511814117	0.277785062789917	0.6471915245056152	0.0024156898725777864	-0.03389033302664757	0.5772659778594971	-0.015785086899995804	0.11384963989257812	-0.4718228578567505	-0.3652888834476471	0.18501757085323334	-0.1714991182088852	0.578546404838562	0.060807619243860245	0.5259120464324951	0.4624877870082855	-0.16937027871608734	0.1802259087562561	1.0988768339157104	-0.38956016302108765	-0.39986997842788696	0.43687400221824646	0.26859918236732483	0.3363873362541199	0.17126020789146423	-0.19246286153793335	-0.2239670753479004	0.6993175745010376	0.2362741082906723	0.024518832564353943	-0.2301948219537735
0.4643884003162384	-0.6780322194099426	-0.17549937963485718	0.11716622114181519	-0.3202766478061676	0.3993227779865265	0.08102887123823166	n/a	0.12444528937339783	-0.3823706805706024	0.44708967208862305	-0.5239046812057495	0.4423593282699585	-0.7051095366477966	0.2124585211277008	0.12442285567522049	-0.6702446341514587	0.2577148675918579	-0.28033819794654846	-0.3775879740715027	-0.44181710481643677	0.295466810464859	0.14532560110092163	0.9783333539962769	-0.01650138944387436	2.166412115097046	0.9620495438575745	0.22888624668121338	-0.734722375869751	-0.12623527646064758	0.049502450972795486	-0.32605797052383423	0.11972332000732422	-0.04688708856701851	n/a	-0.039991095662117004	0.11369331181049347	-0.2569943964481354	1.275304913520813	-0.846259593963623	-0.0865442156791687	-0.9615943431854248	-1.3112894296646118	-0.48430097103118896	-0.02913190796971321	-0.37544459104537964	-0.04839291051030159	0.8094685077667236	-0.8210027813911438	-0.41623643040657043	0.20394057035446167	0.9255527853965759	-0.11930618435144424	0.01702866330742836	0.6624069809913635	-0.08812303841114044	0.1236134022474289	-0.5036632418632507	-0.38742369413375854	0.22101660072803497	-0.0566924586892128	0.6265937685966492	-0.047204311937093735	0.22361479699611664	0.210109680891037	0.031522251665592194	0.12653115391731262	1.1039031744003296	-0.3920605182647705	-0.4843742251396179	0.3441738188266754	0.1702789068222046	0.43720680475234985	0.11607405543327332	-0.18573494255542755	-0.15646892786026	0.8334975242614746	0.32978591322898865	-0.0181412510573864	-0.3223281800746918
0.9196591377258301	-0.6632341742515564	-0.7807300686836243	0.12849175930023193	-0.23798297345638275	0.8984994888305664	0.6269176602363586	n/a	0.2118208408355713	-0.21826446056365967	0.7323793172836304	-0.3045511841773987	0.5488285422325134	-0.8650791645050049	0.45633944869041443	-0.08768417686223984	-0.7187501788139343	0.1683209240436554	-0.37210237979888916	-0.33095499873161316	-0.43581318855285645	0.4293694496154785	0.247345969080925	2.556610345840454	0.5150891542434692	2.395155429840088	0.9861663579940796	-0.0698772519826889	-0.8374669551849365	-0.7566591501235962	0.045030005276203156	-0.2784087657928467	0.5565539002418518	0.4233047366142273	n/a	0.05565423145890236	0.4012446403503418	-0.24809157848358154	1.4128493070602417	-1.0862771272659302	0.15653544664382935	-0.8779633045196533	-1.2543749809265137	-0.44402825832366943	-0.0607973150908947	-0.17747396230697632	0.057986069470644	2.127314805984497	-0.8801910281181335	-0.9076909422874451	0.1901976317167282	1.2913621664047241	-0.24657368659973145	0.10215524584054947	0.6396797895431519	-0.1537349820137024	0.12723183631896973	-0.44556689262390137	-0.32276687026023865	0.23223620653152466	0.03523813188076019	0.7506416440010071	-0.15591084957122803	-0.03337970748543739	0.033869486302137375	0.19352386891841888	0.029432212933897972	1.0574172735214233	-0.38721415400505066	-0.5677829384803772	0.2903634011745453	0.09851096570491791	0.5192514061927795	0.07547468692064285	-0.14680689573287964	-0.06833257526159286	0.9978144764900208	0.43853959441185	-0.015523656271398067	-0.3793599605560303
1.1327816247940063	-0.5579121112823486	-1.1503362655639648	0.12151558697223663	-0.13407815992832184	1.3692563772201538	1.1489490270614624	n/a	0.31343963742256165	-0.005605622194707394	1.0014970302581787	-0.037430569529533386	0.6262694001197815	-1.0377371311187744	0.6866024732589722	-0.38293322920799255	-0.7021820545196533	0.04104452207684517	-0.6119660139083862	-0.19325163960456848	-0.3201073110103607	0.531464159488678	0.3688282370567322	3.9823973178863525	1.0098861455917358	2.4787657260894775	0.888296365737915	-0.31487417221069336	-0.8235194683074951	-1.1419426202774048	0.0022098668850958347	-0.2016238123178482	0.9440822005271912	0.8737027645111084	n/a	0.1541343331336975	0.7077244520187378	-0.204793319106102	1.3063751459121704	-1.338819980621338	0.3984605073928833	-0.7365455031394958	-1.1936439275741577	-0.32069435715675354	-0.04474123567342758	-0.010368602350354195	0.2194858193397522	3.2416813373565674	-0.7537630200386047	-1.316336750984192	0.1406007707118988	1.5179048776626587	-0.37605607509613037	0.21338880062103271	0.4814191460609436	-0.20429019629955292	0.1327383667230606	-0.31402328610420227	-0.1953079253435135	0.23076486587524414	0.12115838378667831	0.9044926166534424	-0.2714186906814575	-0.21650393307209015	-0.030897628515958786	0.30343687534332275	-0.09120924025774002	0.9798704385757446	-0.3764573335647583	-0.596900224685669	0.24859733879566193	0.06794440001249313	0.5834126472473145	0.04597931355237961	-0.08415793627500534	0.020509835332632065	1.178593635559082	0.5642552375793457	0.020116817206144333	-0.3954029679298401
1.0732920169830322	-0.3999176323413849	-1.2459076642990112	0.08706748485565186	-0.016495488584041595	1.7328929901123047	1.5536963939666748	n/a	0.4009658694267273	0.25611498951911926	1.1976583003997803	0.2898438274860382	0.675441563129425	-1.2137330770492554	0.9214123487472534	-0.7183598875999451	-0.5800567269325256	-0.11970081925392151	-0.9330448508262634	0.014214344322681427	-0.09390633553266525	0.5753653645515442	0.5451415777206421	5.087052345275879	1.4155150651931763	2.3231606483459473	0.6778969168663025	-0.4373401701450348	-0.7190074920654297	-1.2914626598358154	-0.0770765095949173	-0.10011675208806992	1.2241559028625488	1.223609209060669	n/a	0.28106239438056946	0.9807885885238647	-0.08941848576068878	1.0317686796188354	-1.5802428722381592	0.6014890670776367	-0.4090240001678467	-1.1230634450912476	-0.11838281899690628	0.05358649790287018	0.09793390333652496	0.44741520285606384	4.01651668548584	-0.48081138730049133	-1.5754210948944092	0.03701689466834068	1.4382916688919067	-0.4944101870059967	0.330046683549881	0.22797536849975586	-0.23989827930927277	0.1441054791212082	-0.1398739367723465	-0.035052329301834106	0.21662026643753052	0.21618270874023438	1.041919469833374	-0.3943426311016083	-0.31720954179763794	0.037413351237773895	0.3647937476634979	-0.20637260377407074	0.8665612936019897	-0.3501298725605011	-0.5235633850097656	0.18502654135227203	0.08445347845554352	0.6298826932907104	0.025372663512825966	-0.01531125232577324	0.09271837025880814	1.3549132347106934	0.6996538043022156	0.059915341436862946	-0.3776170015335083
0.8200438022613525	-0.2480032593011856	-1.0952264070510864	0.023378774523735046	0.10054665803909302	1.9390259981155396	1.771895408630371	n/a	0.4459408223628998	0.5375259518623352	1.290022850036621	0.6579695343971252	0.6608215570449829	-1.3745856285095215	1.1270012855529785	-1.0011651515960693	-0.37552544474601746	-0.2894069254398346	-1.2519080638885498	0.22744566202163696	0.1931500881910324	0.551032543182373	0.7427404522895813	5.75275993347168	1.6494134664535522	1.9330960512161255	0.4122925400733948	-0.3742595911026001	-0.5743096470832825	-1.2267868518829346	-0.17841464281082153	0.012211649678647518	1.3786230087280273	1.4151437282562256	n/a	0.443656325340271	1.1940797567367554	0.1033032163977623	0.6845478415489197	-1.7818028926849365	0.717388927936554	0.11713457852602005	-1.0429147481918335	0.12333465367555618	0.23492516577243805	0.15948031842708588	0.6870253086090088	4.401499271392822	-0.16805069148540497	-1.613762378692627	-0.036479368805885315	1.0286160707473755	-0.5787358283996582	0.42719632387161255	-0.01662188209593296	-0.26437702775001526	0.15795424580574036	0.03740642964839935	0.12821075320243835	0.18686683475971222	0.3258548080921173	1.13809072971344	-0.5183104872703552	-0.3320069909095764	0.2080938071012497	0.3934563398361206	-0.2859083116054535	0.6929209232330322	-0.30337026715278625	-0.3359825611114502	0.07422257959842682	0.13736075162887573	0.6571207642555237	0.01679815910756588	0.04001126438379288	0.1425129920244217	1.5028101205825806	0.8306740522384644	0.0804121345281601	-0.3393860161304474
0.506125807762146	-0.1308235377073288	-0.7796584963798523	-0.06536924093961716	0.19524864852428436	1.9779448509216309	1.7909483909606934	n/a	0.439285546541214	0.7911197543144226	1.2651188373565674	1.0238374471664429	0.5528346300125122	-1.5047253370285034	1.2279499769210815	-1.1425321102142334	-0.15952572226524353	-0.4334169626235962	-1.504923701286316	0.36883583664894104	0.44780823588371277	0.45087119936943054	0.8954980969429016	5.945431709289551	1.6406742334365845	1.393423080444336	0.15555503964424133	-0.12037448585033417	-0.4278343915939331	-0.9726369976997375	-0.2750224769115448	0.1121264100074768	1.4324705600738525	1.4372867345809937	n/a	0.6210874915122986	1.3267477750778198	0.3431960940361023	0.404695600271225	-1.9315508604049683	0.7057276368141174	0.7235296368598938	-0.9651741981506348	0.33928921818733215	0.44241634011268616	0.18685103952884674	0.8679247498512268	4.4512810707092285	0.05691508576273918	-1.3938179016113281	0.038763627409935	0.42340540885925293	-0.603730320930481	0.4894585907459259	-0.12528568506240845	-0.28406772017478943	0.1644551306962967	0.17403407394886017	0.26059311628341675	0.1559799313545227	0.44340085983276367	1.1878418922424316	-0.6245980858802795	-0.26346734166145325	0.37980037927627563	0.4193893373012543	-0.30830731987953186	0.4497873783111572	-0.24403700232505798	-0.07251464575529099	-0.07674841582775116	0.20180092751979828	0.6652386784553528	0.024368830025196075	0.06786932051181793	0.17422543466091156	1.5859663486480713	0.9374507069587708	0.07532213628292084	-0.295995831489563
0.2540113925933838	-0.04582955315709114	-0.40712422132492065	-0.17671415209770203	0.24705104529857635	1.8746039867401123	1.6480584144592285	n/a	0.3904411792755127	0.9694382548332214	1.1218856573104858	1.3277347087860107	0.3681454658508301	-1.6014866828918457	1.1551456451416016	-1.0942577123641968	-0.01852024346590042	-0.5166516304016113	-1.6696608066558838	0.3872899115085602	0.5720228552818298	0.27125275135040283	0.9499700665473938	5.7068867683410645	1.3730378150939941	0.8435264825820923	-0.03767595440149307	0.26874399185180664	-0.30316656827926636	-0.565754771232605	-0.34525105357170105	0.17704610526561737	1.4316999912261963	1.3170708417892456	n/a	0.7714841365814209	1.3540419340133667	0.5692082047462463	0.3456728160381317	-2.038266658782959	0.5705054402351379	1.2090078592300415	-0.9069239497184753	0.46094581484794617	0.586959183216095	0.17718330025672913	0.9499778747558594	4.279397487640381	0.10641048848628998	-0.947060227394104	0.34478315711021423	-0.14216257631778717	-0.5499773621559143	0.5119993686676025	0.00593192782253027	-0.31041741371154785	0.1491958647966385	0.23651959002017975	0.33128777146339417	0.15191034972667694	0.5483502745628357	1.1923203468322754	-0.6727261543273926	-0.13333112001419067	0.4431752562522888	0.46720418334007263	-0.26937201619148254	0.15808911621570587	-0.192569762468338	0.19665831327438354	-0.22142498195171356	0.24345137178897858	0.6533501744270325	0.04171038046479225	0.06422707438468933	0.19388437271118164	1.5650687217712402	0.9973204731941223	0.050925470888614655	-0.26315292716026306
0.0918421819806099	0.01849590614438057	-0.05027138814330101	-0.31346917152404785	0.24572956562042236	1.6650805473327637	1.3905411958694458	n/a	0.3124343454837799	1.050181269645691	0.8797133564949036	1.5205154418945312	0.1787879317998886	-1.6709372997283936	0.9193294048309326	-0.8860544562339783	0.006376533769071102	-0.5226144790649414	-1.7477147579193115	0.2931712865829468	0.5315413475036621	0.03145570307970047	0.9115703105926514	5.108151435852051	0.9199775457382202	0.40280336141586304	-0.14431968331336975	0.705673336982727	-0.21209871768951416	-0.06894046813249588	-0.39029690623283386	0.19438724219799042	1.3979918956756592	1.0910100936889648	n/a	0.8558571934700012	1.2570817470550537	0.7093085050582886	0.5821517705917358	-2.1115434169769287	0.36945638060569763	1.4443341493606567	-0.8703189492225647	0.454836905002594	0.6097549200057983	0.12236268073320389	0.9449873566627502	3.956758499145508	-0.009187036193907261	-0.39123889803886414	0.841608464717865	-0.5004457235336304	-0.4197852909564972	0.4962008595466614	0.3808993399143219	-0.35554683208465576	0.10511627793312073	0.21861231327056885	0.3267246186733246	0.19285821914672852	0.6208047270774841	1.1486310958862305	-0.6304860711097717	0.01952534355223179	0.3706836998462677	0.5364930033683777	-0.17929215729236603	-0.12110451608896255	-0.16739444434642792	0.41581520438194275	-0.3082057535648346	0.24464070796966553	0.6212236881256104	0.053721826523542404	0.03302045166492462	0.1995709240436554	1.420193076133728	0.9908207058906555	0.013286959379911423	-0.2454073280096054
-0.05341672524809837	0.06604505330324173	0.28831547498703003	-0.47327709197998047	0.19066505134105682	1.381723403930664	1.05134117603302	n/a	0.2138906717300415	1.0425318479537964	0.5809248685836792	1.586380958557129	0.08161843568086624	-1.712563395500183	0.6205595135688782	-0.6125925183296204	-0.053890425711870193	-0.4597625434398651	-1.7322536706924438	0.15062634646892548	0.37340041995048523	-0.21778973937034607	0.8441917300224304	4.225712299346924	0.42957979440689087	0.10672930628061295	-0.181644469499588	1.1115471124649048	-0.15858231484889984	0.43205010890960693	-0.4290817975997925	0.1629074215888977	1.3137286901474	0.792849063873291	n/a	0.8557893633842468	1.0355463027954102	0.7072040438652039	1.0578793287277222	-2.1421759128570557	0.18074919283390045	1.4568278789520264	-0.8285728693008423	0.3394521474838257	0.510855495929718	0.026114892214536667	0.8999119997024536	3.477867841720581	-0.18519096076488495	0.10892999917268753	1.3608587980270386	-0.662182629108429	-0.24237015843391418	0.4486926794052124	0.8808324933052063	-0.4259106516838074	0.039964985102415085	0.14174750447273254	0.25469693541526794	0.2731199264526367	0.6539497971534729	1.0514392852783203	-0.5081689357757568	0.15362954139709473	0.22654619812965393	0.6074990034103394	-0.057406120002269745	-0.3017096519470215	-0.16492854058742523	0.5704178810119629	-0.31534335017204285	0.22528693079948425	0.5730512142181396	0.04777434840798378	-0.016565799713134766	0.18146394193172455	1.1601412296295166	0.9064258933067322	-0.039024222642183304	-0.22762934863567352
-0.24568918347358704	0.0805382952094078	0.6361863613128662	-0.6410079598426819	0.08777925372123718	1.0587377548217773	0.660129189491272	n/a	0.10257799178361893	0.9697365760803223	0.28780776262283325	1.5373849868774414	0.1342848688364029	-1.7149940729141235	0.35558629035949707	-0.35345348715782166	-0.15348342061042786	-0.3454507291316986	-1.617989182472229	0.022245878353714943	0.16839829087257385	-0.4121229946613312	0.7972311973571777	3.1652536392211914	0.027375109493732452	-0.05931331589818001	-0.169139102101326	1.4445801973342896	-0.15109848976135254	0.8650448322296143	-0.4818229675292969	0.09240330010652542	1.1612412929534912	0.4620669186115265	n/a	0.7740491032600403	0.726571261882782	0.5427062511444092	1.6171942949295044	-2.11008358001709	0.05701129510998726	1.3249861001968384	-0.7478983998298645	0.1565849781036377	0.3302117586135864	-0.08052874356508255	0.843482255935669	2.839738368988037	-0.3126910924911499	0.4406602680683136	1.7486517429351807	-0.714519202709198	-0.0544036440551281	0.3750196695327759	1.3617112636566162	-0.5192859768867493	-0.03564184159040451	0.04005981236696243	0.13976910710334778	0.3667975962162018	0.6434730291366577	0.910846471786499	-0.34262770414352417	0.23864857852458954	0.09783973544836044	0.653026819229126	0.06734693795442581	-0.3315187692642212	-0.16440469026565552	0.6704736351966858	-0.25206926465034485	0.22119630873203278	0.5114584565162659	0.017197001725435257	-0.0705297663807869	0.13531555235385895	0.8225063681602478	0.7447548508644104	-0.11169560998678207	-0.1898941695690155
-0.4662169814109802	0.04137580096721649	0.9922201037406921	-0.793729305267334	-0.05015204846858978	0.7378224730491638	0.2698923349380493	n/a	-0.00527500594034791	0.8535873889923096	0.07323814928531647	1.400313138961792	0.31588780879974365	-1.6657941341400146	0.14220766723155975	-0.13590189814567566	-0.28769180178642273	-0.19799740612506866	-1.4319825172424316	-0.0683366134762764	-0.036885567009449005	-0.5023061633110046	0.7516167759895325	2.069912910461426	-0.2602658271789551	-0.10060564428567886	-0.1038656085729599	1.6891446113586426	-0.19392842054367065	1.2053403854370117	-0.5579270124435425	0.004924495704472065	0.9559649229049683	0.15482820570468903	n/a	0.6265794038772583	0.4092220067977905	0.23388570547103882	2.0771045684814453	-2.002410411834717	0.0010083542438223958	1.063799500465393	-0.6220566630363464	-0.058300599455833435	0.11772723495960236	-0.14445316791534424	0.7545212507247925	2.1066858768463135	-0.3535597026348114	0.5948535203933716	1.9755327701568604	-0.6744012832641602	0.11794611811637878	0.2786199152469635	1.7429224252700806	-0.6226979494094849	-0.11699311435222626	-0.05281759798526764	0.016783995553851128	0.44237226247787476	0.5777140855789185	0.7640917301177979	-0.1659502387046814	0.2671855390071869	0.031515881419181824	0.6462841629981995	0.16167685389518738	-0.22228994965553284	-0.1519598513841629	0.7249472737312317	-0.14363978803157806	0.2495286911725998	0.4341174364089966	-0.04065568745136261	-0.11179622262716293	0.07378921657800674	0.4648401737213135	0.5226321220397949	-0.20351453125476837	-0.12578076124191284
-0.6567789912223816	-0.04154912754893303	1.310074806213379	-0.9085604548454285	-0.2018873691558838	0.45783764123916626	-0.03978484869003296	n/a	-0.0833025723695755	0.7109298706054688	-0.008018006570637226	1.2063719034194946	0.5451881289482117	-1.5595048666000366	-0.0578448511660099	0.025136364623904228	-0.47593843936920166	-0.045200347900390625	-1.2321853637695312	-0.12215884774923325	-0.21557240188121796	-0.47527754306793213	0.6477538347244263	1.0755765438079834	-0.48224112391471863	-0.012151911854743958	0.016168521717190742	1.8254436254501343	-0.26340848207473755	1.4701387882232666	-0.6507390737533569	-0.07037326693534851	0.735070526599884	-0.06302250921726227	n/a	0.43643903732299805	0.1722499281167984	-0.17387348413467407	2.292705535888672	-1.817463755607605	-0.020486438646912575	0.6479661464691162	-0.4792836904525757	-0.2750585079193115	-0.0837295800447464	-0.12417270988225937	0.5901094675064087	1.382509469985962	-0.33291587233543396	0.6219006180763245	2.0887317657470703	-0.4802502393722534	0.2600269913673401	0.16689112782478333	2.001185178756714	-0.7135935425758362	-0.19705355167388916	-0.10954432189464569	-0.07830362021923065	0.4770331382751465	0.44863611459732056	0.6565930247306824	0.004960834980010986	0.25515052676200867	0.021499577909708023	0.5705355405807495	0.20154111087322235	-0.02209421992301941	-0.1340729147195816	0.7311668395996094	-0.018901368603110313	0.3008122742176056	0.3404841423034668	-0.12195803970098495	-0.12578435242176056	0.020887168124318123	0.14504370093345642	0.269761860370636	-0.2952304184436798	-0.042601291090250015
-0.7968569993972778	-0.12053915858268738	1.524079442024231	-0.9671926498413086	-0.34217676520347595	0.2346927523612976	-0.2017960399389267	n/a	-0.10994812846183777	0.5598824620246887	0.04471644014120102	0.9876663088798523	0.7331345677375793	-1.396645188331604	-0.2618938982486725	0.08919164538383484	-0.7018464803695679	0.07300624251365662	-1.0711747407913208	-0.1344805359840393	-0.3357122540473938	-0.35950806736946106	0.4651499092578888	0.26344767212867737	-0.6787080764770508	0.17591924965381622	0.1576642245054245	1.8159301280975342	-0.30869030952453613	1.6771752834320068	-0.740213930606842	-0.11275428533554077	0.5256552696228027	-0.14699697494506836	n/a	0.23477722704410553	0.06559421122074127	-0.6133826971054077	2.204484462738037	-1.5609031915664673	-0.03732866793870926	0.12100596725940704	-0.35593897104263306	-0.45716097950935364	-0.2391725480556488	-0.028169957920908928	0.3488686680793762	0.7439360022544861	-0.2875923812389374	0.564297080039978	2.094552993774414	-0.09945803135633469	0.3615220785140991	0.050259821116924286	2.117781639099121	-0.7681049108505249	-0.25934138894081116	-0.11449543386697769	-0.12219204753637314	0.46484944224357605	0.27233070135116577	0.605579674243927	0.15891093015670776	0.22565831243991852	0.03613262623548508	0.4309183955192566	0.18318557739257812	0.22471147775650024	-0.12583376467227936	0.6829800009727478	0.09292533248662949	0.36237072944641113	0.2394043356180191	-0.2119188755750656	-0.10934029519557953	-0.007048261817544699	-0.09661037474870682	0.019178325310349464	-0.35150545835494995	0.04643833264708519
-0.9154195189476013	-0.14668859541416168	1.587143898010254	-0.9585363864898682	-0.4523387551307678	0.05373897776007652	-0.2110874503850937	n/a	-0.08531200140714645	0.42305341362953186	0.17184899747371674	0.7798763513565063	0.8279549479484558	-1.1772950887680054	-0.42078763246536255	0.016599103808403015	-0.8898681998252869	0.12240273505449295	-0.958309531211853	-0.09028172492980957	-0.3550802767276764	-0.2101881057024002	0.2691051661968231	-0.3385719060897827	-0.8254446983337402	0.3749639391899109	0.254071444272995	1.623634934425354	-0.28673726320266724	1.8075950145721436	-0.8018830418586731	-0.1230107918381691	0.3277122676372528	-0.10359586030244827	n/a	0.06153660640120506	0.07550353556871414	-0.9981237649917603	1.8537627458572388	-1.2433397769927979	-0.044954899698495865	-0.3553594648838043	-0.2602636516094208	-0.5649171471595764	-0.3173977732658386	0.08477635681629181	0.10196399688720703	0.20884978771209717	-0.2284337878227234	0.44102293252944946	1.917612075805664	0.38287171721458435	0.41159293055534363	-0.06096730753779411	2.051449775695801	-0.773324728012085	-0.28473255038261414	-0.06909118592739105	-0.113472580909729	0.4155508279800415	0.09307861328125	0.5826951265335083	0.27836745977401733	0.19056718051433563	0.05633917450904846	0.25693947076797485	0.12202572822570801	0.49416399002075195	-0.13074597716331482	0.5892512798309326	0.1634199172258377	0.44022148847579956	0.14697659015655518	-0.28868672251701355	-0.07575370371341705	-0.015481925569474697	-0.2442208230495453	-0.19880548119544983	-0.34119322896003723	0.12440503388643265
-1.0201677083969116	-0.11514868587255478	1.4812278747558594	-0.883274257183075	-0.5245602130889893	-0.1053609624505043	-0.1270022690296173	n/a	-0.02943624183535576	0.3133150339126587	0.29105544090270996	0.6114028692245483	0.8167399168014526	-0.9041096568107605	-0.45957911014556885	-0.16632306575775146	-0.964893102645874	0.10018503665924072	-0.861629843711853	0.009156087413430214	-0.25220999121665955	-0.08392427861690521	0.1565748006105423	-0.7193318605422974	-0.8634006977081299	0.49363991618156433	0.2635877728462219	1.2507104873657227	-0.19993875920772552	1.8131318092346191	-0.8180894255638123	-0.1188114583492279	0.13315273821353912	0.015451124869287014	n/a	-0.046424750238657	0.14474360644817352	-1.2438884973526	1.3496423959732056	-0.8847274780273438	-0.006523530464619398	-0.6094590425491333	-0.1641751080751419	-0.5796473622322083	-0.2993089258670807	0.15128540992736816	-0.055579692125320435	-0.2314721941947937	-0.14880749583244324	0.2790599465370178	1.4968341588974	0.820984423160553	0.4041672646999359	-0.155672088265419	1.7838801145553589	-0.7330896854400635	-0.2657003700733185	0.00845665205270052	-0.06773235648870468	0.3428618609905243	-0.042403820902109146	0.5365936756134033	0.35209763050079346	0.14256444573402405	0.08299683779478073	0.0859183520078659	0.0395825132727623	0.7621530890464783	-0.14152395725250244	0.47526243329048157	0.17874056100845337	0.5428327918052673	0.07251544296741486	-0.33720362186431885	-0.04582664370536804	-0.02479092963039875	-0.3027026951313019	-0.3608076274394989	-0.26099643111228943	0.1702430099248886
-1.0533010959625244	-0.059476301074028015	1.2029024362564087	-0.7590420246124268	-0.5570554137229919	-0.2359571009874344	-0.020946869626641273	n/a	0.03376293182373047	0.22377078235149384	0.3450377881526947	0.4903404414653778	0.6973126530647278	-0.5993826389312744	-0.3511011004447937	-0.3623582124710083	-0.9216660261154175	0.03555219620466232	-0.7492519617080688	0.12935911118984222	-0.05670023709535599	-0.022084198892116547	0.16845731437206268	-0.8602485656738281	-0.7632434368133545	0.5054365396499634	0.21331125497817993	0.7525494694709778	-0.08660941570997238	1.652635931968689	-0.7864509224891663	-0.11783584952354431	-0.04297063872218132	0.15020540356636047	n/a	-0.07237035781145096	0.2164699137210846	-1.3039368391036987	0.811831533908844	-0.525128185749054	0.11048734933137894	-0.59443199634552	-0.03397078439593315	-0.519659161567688	-0.1935926228761673	0.1430739015340805	-0.07864974439144135	-0.5593006014823914	-0.055191077291965485	0.12774407863616943	0.8779187202453613	1.1313527822494507	0.344415545463562	-0.22210092842578888	1.3728021383285522	-0.6595199108123779	-0.21232907474040985	0.09071084856987	-0.005153123289346695	0.25638213753700256	-0.11187989264726639	0.43445736169815063	0.391194611787796	0.0657099038362503	0.11224143207073212	-0.05477358400821686	-0.048180047422647476	0.9796539545059204	-0.15481695532798767	0.3664539158344269	0.1491098552942276	0.6541802287101746	0.010979370214045048	-0.35773593187332153	-0.031692083925008774	-0.04964917153120041	-0.28967422246932983	-0.4552839398384094	-0.13909602165222168	0.16598838567733765
-0.9520719051361084	-0.00347439618781209	0.7692921757698059	-0.6179038882255554	-0.5483099222183228	-0.31264355778694153	0.0684611052274704	n/a	0.08744555711746216	0.1422034353017807	0.31808504462242126	0.41505032777786255	0.46823811531066895	-0.30952849984169006	-0.12668216228485107	-0.47625741362571716	-0.8097429871559143	-0.03557872772216797	-0.6166107058525085	0.2229749858379364	0.16827164590358734	-0.04473736137151718	0.2803861200809479	-0.7545700669288635	-0.5394405722618103	0.4349057376384735	0.16156060993671417	0.20917735993862152	0.02704322338104248	1.3179023265838623	-0.7196226119995117	-0.12627387046813965	-0.16909731924533844	0.2608168125152588	n/a	-0.02445281110703945	0.2561887204647064	-1.1814172267913818	0.3307957351207733	-0.2209027260541916	0.29937297105789185	-0.36742982268333435	0.1384669840335846	-0.42201364040374756	-0.035003550350666046	0.06270437687635422	0.017124023288488388	-0.7358400225639343	0.03505731746554375	0.03617030754685402	0.16958150267601013	1.301931381225586	0.2460627257823944	-0.2517465054988861	0.9177808165550232	-0.5593029856681824	-0.14347079396247864	0.15322478115558624	0.05816049128770828	0.16521619260311127	-0.12025702744722366	0.27832305431365967	0.40875062346458435	-0.04309723153710365	0.1257101148366928	-0.15142054855823517	-0.13027352094650269	1.090217113494873	-0.17391014099121094	0.27816009521484375	0.0925760492682457	0.7405726313591003	-0.04739219695329666	-0.3579377830028534	-0.03181840479373932	-0.08824434131383896	-0.2270238697528839	-0.48267102241516113	-0.015650270506739616	0.10914996266365051
-0.7220659255981445	0.060038380324840546	0.24066613614559174	-0.493110328912735	-0.4978986382484436	-0.3263736665248871	0.1327141672372818	n/a	0.1232062354683876	0.0651300922036171	0.2214997261762619	0.38703304529190063	0.1490338295698166	-0.07975117862224579	0.16666053235530853	-0.4672805070877075	-0.6729714274406433	-0.08743461221456528	-0.4687471389770508	0.2587728798389435	0.3665485978126526	-0.1464519202709198	0.45579513907432556	-0.4449305236339569	-0.21601861715316772	0.30274370312690735	0.1387479454278946	-0.30452319979667664	0.14929957687854767	0.8362006545066833	-0.6362472176551819	-0.1391255110502243	-0.23419994115829468	0.3272145986557007	n/a	0.07045389711856842	0.24110852181911469	-0.9148202538490295	-0.0419464074075222	-0.015427391044795513	0.519117534160614	0.010488157160580158	0.3394579589366913	-0.3158935308456421	0.13322842121124268	-0.07924278825521469	0.1963023692369461	-0.7620013356208801	0.12753458321094513	0.02886861190199852	-0.5444135069847107	1.3106772899627686	0.12500602006912231	-0.24180367588996887	0.4809575080871582	-0.43320930004119873	-0.07585062086582184	0.1835402399301529	0.11004021763801575	0.08014240115880966	-0.08937572687864304	0.0883423313498497	0.38820600509643555	-0.16621503233909607	0.1089896485209465	-0.20094190537929535	-0.1952565461397171	1.0715748071670532	-0.20027706027030945	0.21789920330047607	0.01188249047845602	0.777884840965271	-0.10498037934303284	-0.3393400311470032	-0.039160508662462234	-0.12907737493515015	-0.13794568181037903	-0.45271357893943787	0.07929538935422897	0.01811181753873825
-0.4158819019794464	0.1443379670381546	-0.2862628996372223	-0.4056553840637207	-0.4104689955711365	-0.2916480004787445	0.1747160702943802	n/a	0.14043979346752167	-0.008130853995680809	0.07825557887554169	0.39865103363990784	-0.21194340288639069	0.07426121085882187	0.48365283012390137	-0.33193439245224	-0.5359874367713928	-0.10216052085161209	-0.2998429536819458	0.2246416062116623	0.5018187165260315	-0.2980450987815857	0.6626860499382019	-0.02072332240641117	0.18388894200325012	0.1180863231420517	0.14556314051151276	-0.7233562469482422	0.2989107072353363	0.27079129219055176	-0.5525393486022949	-0.14537835121154785	-0.256661057472229	0.3396432101726532	n/a	0.17496587336063385	0.15566754341125488	-0.5635766983032227	-0.2949465215206146	0.08551336824893951	0.7225062251091003	0.48197537660598755	0.5510784983634949	-0.21879495680332184	0.2738591730594635	-0.2681814134120941	0.4209885597229004	-0.6950505375862122	0.2547483742237091	0.10728769749403	-1.201906442642212	1.116856336593628	-0.0024294094182550907	-0.19486023485660553	0.07305803149938583	-0.2855978012084961	-0.021225200966000557	0.18170218169689178	0.13995064795017242	0.007945616729557514	-0.04799101874232292	-0.1099294126033783	0.29320403933525085	-0.27688705921173096	0.06594638526439667	-0.2119659185409546	-0.23502607643604279	0.9413295388221741	-0.23168779909610748	0.186872199177742	-0.1051616221666336	0.7590955495834351	-0.15743879973888397	-0.29478317499160767	-0.04697273671627045	-0.15977954864501953	-0.04518413171172142	-0.3830684423446655	0.13467134535312653	-0.0765661671757698
-0.06333788484334946	0.2453259527683258	-0.7159813642501831	-0.3620070517063141	-0.2937203347682953	-0.2235528826713562	0.2086283415555954	n/a	0.14664697647094727	-0.08346310257911682	-0.08003361523151398	0.4162504971027374	-0.5640876293182373	0.1650707721710205	0.76116544008255	-0.07395541667938232	-0.43199601769447327	-0.06839468330144882	-0.10773725062608719	0.11465141922235489	0.5472370386123657	-0.4603205621242523	0.8427739143371582	0.42948490381240845	0.6073893904685974	-0.0904889777302742	0.1789810061454773	-1.0008491277694702	0.476647287607193	-0.26967713236808777	-0.4807450473308563	-0.1318681538105011	-0.25245335698127747	0.30012983083724976	n/a	0.2509748041629791	0.009895000606775284	-0.19734105467796326	-0.457541823387146	0.10329306870698929	0.8713424205780029	0.9344900846481323	0.7484584450721741	-0.1448328197002411	0.36067822575569153	-0.4774858355522156	0.6370465159416199	-0.5867571830749512	0.43437081575393677	0.27172690629959106	-1.709993839263916	0.7450112104415894	-0.11678704619407654	-0.11957390606403351	-0.29357221722602844	-0.12414391338825226	0.013314373791217804	0.15420730412006378	0.14280149340629578	-0.051219068467617035	-0.024980248883366585	-0.2803475260734558	0.11010953038930893	-0.35235869884490967	0.005800730083137751	-0.20917747914791107	-0.25276559591293335	0.7227696180343628	-0.27103838324546814	0.17223767936229706	-0.26363709568977356	0.6798592805862427	-0.20349937677383423	-0.21790076792240143	-0.04705986753106117	-0.16740232706069946	0.03787117451429367	-0.29669129848480225	0.1543845683336258	-0.14743423461914062
0.33892709016799927	0.3551453948020935	-0.9894186854362488	-0.3603212535381317	-0.15687263011932373	-0.12211985141038895	0.26527899503707886	n/a	0.15562036633491516	-0.1653440296649933	-0.21488848328590393	0.3926379680633545	-0.873831570148468	0.20829114317893982	0.9188573360443115	0.28343331813812256	-0.40489307045936584	0.009079783223569393	0.09074772149324417	-0.0690845251083374	0.483102023601532	-0.6008822321891785	0.917081356048584	0.8570482134819031	0.9707316756248474	-0.28035876154899597	0.23054978251457214	-1.1344349384307861	0.6694369912147522	-0.6544865965843201	-0.430462509393692	-0.08894164115190506	-0.21158836781978607	0.2294473648071289	n/a	0.27072674036026	-0.1551196426153183	0.11723648011684418	-0.5779749751091003	0.05619851127266884	0.937059223651886	1.2106856107711792	0.8949858546257019	-0.10457264631986618	0.37523218989372253	-0.6743139624595642	0.7811658382415771	-0.4344692826271057	0.642776370048523	0.5245973467826843	-1.9706469774246216	0.3092419505119324	-0.1997511088848114	-0.02667616493999958	-0.5825904011726379	0.046331439167261124	0.026831384748220444	0.10651211440563202	0.1198389008641243	-0.09903612732887268	-0.04129945486783981	-0.38167130947113037	-0.13695760071277618	-0.3770177364349365	-0.0795522928237915	-0.22166351974010468	-0.25873178243637085	0.43016719818115234	-0.3255593776702881	0.1498478651046753	-0.448318213224411	0.535787045955658	-0.24566394090652466	-0.11212141066789627	-0.029082724824547768	-0.13876402378082275	0.10667410492897034	-0.21720311045646667	0.15016353130340576	-0.1753806620836258
0.7656551003456116	0.4894506335258484	-1.0946035385131836	-0.39439311623573303	-0.013776041567325592	0.013942010700702667	0.3769494593143463	n/a	0.1800052523612976	-0.24517491459846497	-0.2943333685398102	0.29965269565582275	-1.1104098558425903	0.2069045752286911	0.9108796119689941	0.6669924259185791	-0.46527305245399475	0.10297579318284988	0.2760252058506012	-0.29797986149787903	0.31527450680732727	-0.70428866147995	0.8518658876419067	1.233476996421814	1.2181248664855957	-0.4439831078052521	0.2660503685474396	-1.170841097831726	0.8747321963310242	-0.8036445379257202	-0.40752920508384705	-0.018778735771775246	-0.12025619298219681	0.16049258410930634	n/a	0.22379207611083984	-0.29696884751319885	0.32684651017189026	-0.6862667202949524	-0.05030132085084915	0.9055164456367493	1.220046877861023	0.9618048667907715	-0.09440924227237701	0.3074769377708435	-0.8399233818054199	0.8203381299972534	-0.22202128171920776	0.8420106172561646	0.8376944065093994	-1.9854917526245117	-0.08984159678220749	-0.24751904606819153	0.07845418155193329	-0.778245747089386	0.22284947335720062	0.029527096077799797	0.04234864562749863	0.073055699467659	-0.1323249787092209	-0.09508685022592545	-0.3954886496067047	-0.41418376564979553	-0.34278300404548645	-0.20790058374404907	-0.2553192973136902	-0.25645214319229126	0.0945887640118599	-0.38633817434310913	0.10807444900274277	-0.6343175172805786	0.3408534526824951	-0.2796592116355896	0.010657808743417263	0.01365717127919197	-0.0693223625421524	0.14873342216014862	-0.16138628125190735	0.14206255972385406	-0.14403575658798218
1.1268558502197266	0.6814554929733276	-1.0549688339233398	-0.4511227011680603	0.11899900436401367	0.16148780286312103	0.548105001449585	n/a	0.2244630604982376	-0.3035522997379303	-0.3127465546131134	0.14156535267829895	-1.2319256067276	0.16457904875278473	0.7717146873474121	0.9703068733215332	-0.5581260919570923	0.17789500951766968	0.4480079114437103	-0.5140884518623352	0.0902336984872818	-0.7722143530845642	0.697002112865448	1.4948769807815552	1.3659747838974	-0.6266289353370667	0.23108936846256256	-1.1742998361587524	1.1043193340301514	-0.7406609058380127	-0.4094823896884918	0.06297240406274796	0.0005261804908514023	0.1187313124537468	n/a	0.11586571484804153	-0.40678802132606506	0.39924073219299316	-0.7787533402442932	-0.20115937292575836	0.7888533473014832	1.0193369388580322	0.9499598741531372	-0.09474793076515198	0.16469113528728485	-0.9799643754959106	0.7741820216178894	0.006440422963351011	1.0182132720947266	1.1388047933578491	-1.8902379274368286	-0.4538722336292267	-0.2723575830459595	0.1944635659456253	-0.9154582023620605	0.39970260858535767	0.043245598673820496	-0.031057650223374367	0.003922846633940935	-0.14109890162944794	-0.15946784615516663	-0.34502238035202026	-0.705089271068573	-0.25414490699768066	-0.38271602988243103	-0.2848414182662964	-0.23838846385478973	-0.21977946162223816	-0.4207540452480316	0.06006096303462982	-0.8045302629470825	0.1356930434703827	-0.29227757453918457	0.1369325816631317	0.07597886025905609	0.027859069406986237	0.13808730244636536	-0.1349239945411682	0.15595781803131104	-0.04189804941415787
1.3304935693740845	0.9438472390174866	-0.918433666229248	-0.507737934589386	0.22833716869354248	0.2750477194786072	0.7438621520996094	n/a	0.28419405221939087	-0.32900598645210266	-0.29251277446746826	-0.06438641250133514	-1.207650065422058	0.10767781734466553	0.5824680924415588	1.1230225563049316	-0.6039889454841614	0.21476419270038605	0.621212899684906	-0.6611781120300293	-0.12949427962303162	-0.8118308782577515	0.5289128422737122	1.5407072305679321	1.4654021263122559	-0.8777127265930176	0.09598473459482193	-1.1824017763137817	1.3597934246063232	-0.5674530863761902	-0.42342668771743774	0.13639990985393524	0.09827059507369995	0.11228495091199875	n/a	-0.036568909883499146	-0.5040162205696106	0.32875630259513855	-0.8452557921409607	-0.3504458963871002	0.6212931275367737	0.7351965308189392	0.8848234415054321	-0.09031017124652863	-0.028258267790079117	-1.1019623279571533	0.6765514016151428	0.1547251045703888	1.1733814477920532	1.3547694683074951	-1.8348571062088013	-0.8382583856582642	-0.2866515517234802	0.31671223044395447	-1.032966136932373	0.5644258260726929	0.0865386575460434	-0.10167960077524185	-0.08219922333955765	-0.11784981191158295	-0.20708192884922028	-0.27540308237075806	-1.006257176399231	-0.12939946353435516	-0.5966861844062805	-0.27857762575149536	-0.19660773873329163	-0.4505905508995056	-0.39693310856819153	0.02547302097082138	-0.9552927613258362	-0.035539112985134125	-0.27128690481185913	0.25381529331207275	0.14238668978214264	0.12780450284481049	0.052114926278591156	-0.13883419334888458	0.20677843689918518	0.12361066043376923
1.3529736995697021	1.2519962787628174	-0.7529104948043823	-0.5357112884521484	0.3055250942707062	0.3116048574447632	0.9033387303352356	n/a	0.34223854541778564	-0.3307410180568695	-0.26604366302490234	-0.30814042687416077	-1.045289397239685	0.08186862617731094	0.4065057337284088	1.1241034269332886	-0.5619763135910034	0.2163567841053009	0.8018782734870911	-0.71468186378479	-0.30423611402511597	-0.8238390684127808	0.38267889618873596	1.2919964790344238	1.5422190427780151	-1.2025814056396484	-0.11569593101739883	-1.1913846731185913	1.6182514429092407	-0.40375086665153503	-0.42950713634490967	0.18605896830558777	0.12383457273244858	0.13363277912139893	n/a	-0.210087850689888	-0.6033895611763	0.13817965984344482	-0.8973941206932068	-0.4321245849132538	0.43651852011680603	0.4457206428050995	0.7953715920448303	-0.08297686278820038	-0.24039749801158905	-1.1882834434509277	0.5327671766281128	0.14194141328334808	1.2919604778289795	1.4428178071975708	-1.8705813884735107	-1.2679328918457031	-0.2956846356391907	0.43375182151794434	-1.1278660297393799	0.6965917944908142	0.15928654372692108	-0.1568509340286255	-0.17448954284191132	-0.06718781590461731	-0.2291834056377411	-0.2202574461698532	-1.305844783782959	0.0065145185217261314	-0.8429023623466492	-0.22353319823741913	-0.13117921352386475	-0.5771996974945068	-0.30681052803993225	0.01169752236455679	-1.086350917816162	-0.1495564728975296	-0.21152713894844055	0.3482164740562439	0.19796957075595856	0.20705655217170715	-0.11396609246730804	-0.17397069931030273	0.2887405753135681	0.31959840655326843
1.2219070196151733	1.5592055320739746	-0.6287526488304138	-0.5125619769096375	0.3428380787372589	0.2433004230260849	0.9555674195289612	n/a	0.3691859543323517	-0.3270680010318756	-0.2587413489818573	-0.5757248401641846	-0.7780719995498657	0.12408751249313354	0.2728666365146637	1.0051288604736328	-0.43854740262031555	0.19307592511177063	0.9754382371902466	-0.6789000630378723	-0.4228823184967041	-0.8020364046096802	0.2658325731754303	0.7323427796363831	1.5897661447525024	-1.5655235052108765	-0.34873107075691223	-1.1828917264938354	1.8395304679870605	-0.35034698247909546	-0.4079724848270416	0.20195698738098145	0.05032169073820114	0.15873770415782928	n/a	-0.3735686242580414	-0.7009662389755249	-0.118776336312294	-0.946888267993927	-0.39414161443710327	0.2594362795352936	0.17702987790107727	0.7024560570716858	-0.0792894959449768	-0.439923495054245	-1.2063429355621338	0.3398229479789734	-0.06988675147294998	1.3361091613769531	1.3751580715179443	-1.9738608598709106	-1.7257518768310547	-0.30422443151474	0.5277342200279236	-1.1755467653274536	0.7726563811302185	0.24343512952327728	-0.189189612865448	-0.2613909840583801	-0.003429064294323325	-0.23067322373390198	-0.19113244116306305	-1.5692940950393677	0.12846390902996063	-1.1008844375610352	-0.12901030480861664	-0.049130573868751526	-0.6109404563903809	-0.16846857964992523	0.015114538371562958	-1.1845476627349854	-0.20246991515159607	-0.11682476103305817	0.4084243178367615	0.2331831455230713	0.24866485595703125	-0.34665828943252563	-0.237272709608078	0.3828839361667633	0.49627700448036194
0.9596045613288879	1.8114181756973267	-0.5835862755775452	-0.43584367632865906	0.3379758298397064	0.05206942558288574	0.8358839154243469	n/a	0.33565768599510193	-0.32337528467178345	-0.28115415573120117	-0.8268269896507263	-0.44183552265167236	0.24287676811218262	0.19187992811203003	0.7886808514595032	-0.2560420036315918	0.15038570761680603	1.1098287105560303	-0.5693054795265198	-0.47741207480430603	-0.737141489982605	0.1974206268787384	-0.09900166839361191	1.5885876417160034	-1.916849136352539	-0.5543464422225952	-1.1551004648208618	1.9792660474777222	-0.46624723076820374	-0.34943610429763794	0.1813913881778717	-0.13027437031269073	0.15132567286491394	n/a	-0.48749783635139465	-0.7826764583587646	-0.36060747504234314	-0.9835027456283569	-0.22317294776439667	0.11461169272661209	-0.03187093883752823	0.6119668483734131	-0.07638014853000641	-0.5859791040420532	-1.1381440162658691	0.1235261857509613	-0.4892198145389557	1.2712002992630005	1.1346524953842163	-2.114576816558838	-2.174757957458496	-0.31596246361732483	0.5761363506317139	-1.1657464504241943	0.7796063423156738	0.3151857852935791	-0.1983562856912613	-0.3325287997722626	0.05422644317150116	-0.22087210416793823	-0.18664193153381348	-1.7454354763031006	0.2169761210680008	-1.316921591758728	-0.02279827743768692	0.038227129727602005	-0.5687816739082336	-0.020251797512173653	0.027199100703001022	-1.221360683441162	-0.2025044858455658	-0.004684758372604847	0.42728468775749207	0.2417392134666443	0.24161319434642792	-0.6115155220031738	-0.31884101033210754	0.46817442774772644	0.6051928400993347
0.5488378405570984	1.9670472145080566	-0.5982348322868347	-0.3228778839111328	0.30235883593559265	-0.27894657850265503	0.5126059651374817	n/a	0.2299017608165741	-0.3091689348220825	-0.33970025181770325	-1.0025403499603271	-0.0706455186009407	0.4253422021865845	0.17919312417507172	0.4764513671398163	-0.015438176691532135	0.08788254857063293	1.1759032011032104	-0.39941489696502686	-0.4419369101524353	-0.619941771030426	0.21566332876682281	-1.146311640739441	1.5317070484161377	-2.2269039154052734	-0.7225234508514404	-1.1239866018295288	2.013289451599121	-0.7508143782615662	-0.2580776512622833	0.13160394132137299	-0.42163175344467163	0.08016495406627655	n/a	-0.5195727944374084	-0.8441458344459534	-0.5053645968437195	-0.9934307932853699	0.06316348165273666	0.02259121462702751	-0.09229745715856552	0.5170024037361145	-0.05654528737068176	-0.6321395635604858	-0.9960101842880249	-0.05792674049735069	-1.1151981353759766	1.1045488119125366	0.7239815592765808	-2.2993977069854736	-2.5980007648468018	-0.3295765519142151	0.5606597661972046	-1.1328922510147095	0.7293985486030579	0.36125826835632324	-0.1869550496339798	-0.37710365653038025	0.08440514653921127	-0.20701052248477936	-0.21084871888160706	-1.7947547435760498	0.26573416590690613	-1.4131869077682495	0.05841396376490593	0.1215086504817009	-0.4612928330898285	0.09666205197572708	0.03519900143146515	-1.1694315671920776	-0.16211964190006256	0.0981455147266388	0.40600892901420593	0.22087228298187256	0.17998698353767395	-0.8566304445266724	-0.39977729320526123	0.5300072431564331	0.6245871782302856
-0.03843431547284126	2.0117390155792236	-0.616502583026886	-0.1930909901857376	0.25380760431289673	-0.7505678534507751	0.002788509475067258	n/a	0.06254003942012787	-0.28013911843299866	-0.4502912163734436	-1.0641602277755737	0.30346906185150146	0.6556781530380249	0.25947871804237366	0.07227540761232376	0.3019133508205414	0.009339501149952412	1.1777628660202026	-0.18170110881328583	-0.2951717972755432	-0.4462525546550751	0.3546919524669647	-2.3506200313568115	1.440857172012329	-2.5041210651397705	-0.8750479221343994	-1.0953789949417114	1.9497851133346558	-1.1491163969039917	-0.14304129779338837	0.0640004426240921	-0.8215646743774414	-0.0695870891213417	n/a	-0.467785507440567	-0.9048429727554321	-0.5123838186264038	-0.976670503616333	0.44170448184013367	-0.016236327588558197	0.08105482906103134	0.4170198440551758	0.003183585125952959	-0.5546815395355225	-0.8098288178443909	-0.14572668075561523	-1.934902548789978	0.8958246111869812	0.1657370924949646	-2.556575059890747	-3.0283730030059814	-0.3429549038410187	0.4826972484588623	-1.1551989316940308	0.6503058671951294	0.3817199468612671	-0.16050612926483154	-0.39005979895591736	0.06809913367033005	-0.1919553279876709	-0.27964115142822266	-1.7144944667816162	0.2816504240036011	-1.3235793113708496	0.08829300850629807	0.19637218117713928	-0.29565009474754333	0.16247613728046417	0.02677631936967373	-1.0196959972381592	-0.0870141088962555	0.16951829195022583	0.3527616262435913	0.1739819198846817	0.06436861306428909	-1.0370286703109741	-0.45533132553100586	0.5596461296081543	0.5697690844535828
-0.766435444355011	1.938977837562561	-0.5862883925437927	-0.05595820024609566	0.2006949484348297	-1.3189888000488281	-0.6414060592651367	n/a	-0.14248304069042206	-0.25426027178764343	-0.6220445036888123	-1.0202245712280273	0.6440707445144653	0.9217569828033447	0.42743781208992004	-0.3739144504070282	0.6812416315078735	-0.06851375102996826	1.1534364223480225	0.060091741383075714	-0.05960147827863693	-0.2199571430683136	0.6031515002250671	-3.6183512210845947	1.3382309675216675	-2.7694406509399414	-1.0074481964111328	-1.0379724502563477	1.806650996208191	-1.5737090110778809	-0.013968618586659431	-0.013430546969175339	-1.3009847402572632	-0.30231839418411255	n/a	-0.3589325249195099	-0.9928800463676453	-0.39686498045921326	-0.9526366591453552	0.8913809061050415	-0.029272830113768578	0.469967246055603	0.326643705368042	0.10792838037014008	-0.36569541692733765	-0.5959590077400208	-0.12834803760051727	-2.906498432159424	0.7124983072280884	-0.48500683903694153	-2.851391315460205	-3.515350341796875	-0.35781440138816833	0.3659433424472809	-1.293785810470581	0.5612242221832275	0.3737342059612274	-0.13072021305561066	-0.3781284689903259	-0.007364706601947546	-0.1801261007785797	-0.39650988578796387	-1.5384347438812256	0.2781013548374176	-1.0112587213516235	0.05747121199965477	0.2550755441188812	-0.09456270933151245	0.1806420087814331	0.0021425674203783274	-0.7936506867408752	0.021474109962582588	0.19602452218532562	0.27688413858413696	0.11031836271286011	-0.09203862398862839	-1.1286430358886719	-0.46733155846595764	0.5465472936630249	0.4719518721103668
-1.5153332948684692	1.7391138076782227	-0.4862990379333496	0.0890302062034607	0.139501690864563	-1.8981776237487793	-1.3454041481018066	n/a	-0.35381704568862915	-0.26293590664863586	-0.8386552929878235	-0.92144376039505	0.9045549035072327	1.2067711353302002	0.6210918426513672	-0.762966513633728	1.0497865676879883	-0.12106387317180634	1.1382564306259155	0.2883603572845459	0.20053116977214813	0.04433409497141838	0.8885710835456848	-4.815887928009033	1.2123937606811523	-3.0137710571289062	-1.0625135898590088	-0.8979126214981079	1.5963834524154663	-1.927200198173523	0.11983334273099899	-0.09529247879981995	-1.8008357286453247	-0.6113830804824829	n/a	-0.23215161263942719	-1.1211234331130981	-0.21135985851287842	-0.9515158534049988	1.3826826810836792	-0.057959239929914474	0.9299627542495728	0.2601986229419708	0.237898051738739	-0.10228350013494492	-0.3493688702583313	-0.05338526889681816	-3.961167335510254	0.5855465531349182	-1.1387383937835693	-3.0557518005371094	-4.054828643798828	-0.3759154975414276	0.24160493910312653	-1.5380557775497437	0.46436259150505066	0.32453063130378723	-0.11138959974050522	-0.353588342666626	-0.1421549916267395	-0.1793166548013687	-0.5358151197433472	-1.3136401176452637	0.26552629470825195	-0.47248902916908264	-0.03428683802485466	0.28358811140060425	0.09506754577159882	0.1615404635667801	-0.026024678722023964	-0.5417980551719666	0.1546396017074585	0.17078132927417755	0.1895003318786621	0.04047960788011551	-0.2622784674167633	-1.1214215755462646	-0.43378451466560364	0.4806160628795624	0.3559488356113434
-2.126253843307495	1.431165337562561	-0.3515269458293915	0.25050556659698486	0.0648624375462532	-2.382432699203491	-2.0000786781311035	n/a	-0.5333276987075806	-0.33188411593437195	-1.0701982975006104	-0.8379080891609192	1.0424044132232666	1.4762356281280518	0.7437301278114319	-1.0024662017822266	1.3167234659194946	-0.1287343055009842	1.1365348100662231	0.45845678448677063	0.4029668867588043	0.3135290741920471	1.1005473136901855	-5.787894248962402	1.0248955488204956	-3.171353816986084	-0.9797835350036621	-0.6544981002807617	1.3374720811843872	-2.1247398853302	0.25630098581314087	-0.17430643737316132	-2.2348928451538086	-0.9575401544570923	n/a	-0.1318679302930832	-1.2769278287887573	-0.022321226075291634	-0.97413569688797	1.8660166263580322	-0.12858125567436218	1.246064305305481	0.21530289947986603	0.35826003551483154	0.1694759577512741	-0.06835296005010605	0.008773242123425007	-4.9658331871032715	0.4981384575366974	-1.706921100616455	-3.0258302688598633	-4.516910552978516	-0.38844984769821167	0.13182108104228973	-1.796132206916809	0.35848093032836914	0.22437995672225952	-0.11206819862127304	-0.32629135251045227	-0.31245267391204834	-0.1917235106229782	-0.6601839661598206	-1.0626393556594849	0.23820777237415314	0.2199416309595108	-0.17317843437194824	0.27270224690437317	0.21429888904094696	0.11837581545114517	-0.05164153873920441	-0.30818891525268555	0.28588980436325073	0.09890393912792206	0.10229428857564926	-0.02749445103108883	-0.4141853451728821	-1.0250046253204346	-0.37099209427833557	0.3628149628639221	0.23912565410137177
-2.463028907775879	1.078568935394287	-0.2627579867839813	0.43331408500671387	-0.018906310200691223	-2.669977903366089	-2.4754104614257812	n/a	-0.6481733918190002	-0.4620853066444397	-1.2857950925827026	-0.8187999725341797	1.0363447666168213	1.6721709966659546	0.7143562436103821	-1.0619220733642578	1.4288733005523682	-0.08819087594747543	1.130068063735962	0.5305074453353882	0.476072758436203	0.5378128886222839	1.1425235271453857	-6.369391441345215	0.742232084274292	-3.1466169357299805	-0.7541684508323669	-0.35112786293029785	1.0592446327209473	-2.1200997829437256	0.397274911403656	-0.2401425540447235	-2.496631622314453	-1.2670835256576538	n/a	-0.09405762702226639	-1.4226645231246948	0.11732662469148636	-0.9800687432289124	2.264275550842285	-0.23730681836605072	1.2427592277526855	0.1751404106616974	0.4325859844684601	0.3646836578845978	0.22472897171974182	0.01191922090947628	-5.689228057861328	0.40110665559768677	-2.129267454147339	-2.6970088481903076	-4.677642345428467	-0.37529200315475464	0.03970819339156151	-1.9307150840759277	0.24990849196910858	0.08132433146238327	-0.13539130985736847	-0.30141857266426086	-0.47174403071403503	-0.20631474256515503	-0.7405628561973572	-0.7766998410224915	0.1778208166360855	0.8992679715156555	-0.32045942544937134	0.22722120583057404	0.21543247997760773	0.0724516287446022	-0.08073048293590546	-0.10293770581483841	0.37438392639160156	0.0006265813135541975	0.021548911929130554	-0.08886540681123734	-0.5205091238021851	-0.8757492303848267	-0.30668362975120544	0.20636795461177826	0.13547343015670776
-2.475919008255005	0.7503864765167236	-0.2707504332065582	0.6216307282447815	-0.09296411275863647	-2.701125144958496	-2.6865744590759277	n/a	-0.6895697712898254	-0.6242645382881165	-1.451441764831543	-0.860447108745575	0.888609766960144	1.7342534065246582	0.5191349387168884	-0.9783769249916077	1.397876262664795	-0.01512990240007639	1.1104685068130493	0.49060994386672974	0.40148940682411194	0.674802303314209	0.9901710748672485	-6.443219184875488	0.3698118329048157	-2.8903348445892334	-0.4411965310573578	-0.06121217459440231	0.7887741923332214	-1.9219717979431152	0.5335103273391724	-0.28063568472862244	-2.5070180892944336	-1.473103642463684	n/a	-0.1268061399459839	-1.5137643814086914	0.19272509217262268	-0.9414898157119751	2.4926798343658447	-0.36113691329956055	0.9098321199417114	0.13024356961250305	0.44113969802856445	0.43221721053123474	0.4893573820590973	-0.04130850359797478	-5.909398078918457	0.2590923607349396	-2.3685686588287354	-2.1212656497955322	-4.396224021911621	-0.31983253359794617	-0.04725051671266556	-1.8427916765213013	0.1539960652589798	-0.07453373819589615	-0.17532342672348022	-0.2777380347251892	-0.577629804611206	-0.20389240980148315	-0.7637699842453003	-0.45827504992485046	0.07994367927312851	1.3916616439819336	-0.4240323603153229	0.16304844617843628	0.09007874131202698	0.048589736223220825	-0.11527694016695023	0.07674654573202133	0.38910147547721863	-0.09974455833435059	-0.04894408583641052	-0.14179842174053192	-0.5654009580612183	-0.7169130444526672	-0.26283159852027893	0.030761264264583588	0.05666360259056091
-2.2101383209228516	0.4794456660747528	-0.35852566361427307	0.7804117202758789	-0.13235001266002655	-2.4809985160827637	-2.6335928440093994	n/a	-0.673592209815979	-0.7768773436546326	-1.5332778692245483	-0.9235924482345581	0.6209202408790588	1.6366932392120361	0.2157912701368332	-0.8201297521591187	1.2727810144424438	0.06565356999635696	1.0939520597457886	0.3584340512752533	0.22141233086585999	0.7084290981292725	0.6918244957923889	-6.009191036224365	-0.04221217334270477	-2.430387020111084	-0.11637214571237564	0.15890344977378845	0.5370259284973145	-1.5829304456710815	0.6424598097801208	-0.2849200367927551	-2.2566235065460205	-1.5482354164123535	n/a	-0.21189841628074646	-1.520101547241211	0.21923570334911346	-0.8761121034622192	2.5011799335479736	-0.47251614928245544	0.3911489248275757	0.09429658204317093	0.3848891854286194	0.3807956576347351	0.6871330738067627	-0.11934464424848557	-5.5503997802734375	0.07766930758953094	-2.40409779548645	-1.4197371006011963	-3.7072079181671143	-0.21847772598266602	-0.1425153613090515	-1.5169892311096191	0.08933191746473312	-0.20353750884532928	-0.21995329856872559	-0.24920529127120972	-0.6141559481620789	-0.17007000744342804	-0.7336087226867676	-0.14062556624412537	-0.03632289916276932	1.601037859916687	-0.4462188482284546	0.09589126706123352	-0.12973974645137787	0.06232712045311928	-0.14761081337928772	0.2240792065858841	0.3237435519695282	-0.1868666261434555	-0.10637158900499344	-0.1855849176645279	-0.5450374484062195	-0.5753519535064697	-0.24529846012592316	-0.13882531225681305	0.011091480031609535
-1.7492260932922363	0.26218685507774353	-0.48615169525146484	0.8707501888275146	-0.12169080972671509	-2.0614101886749268	-2.373408794403076	n/a	-0.6234937310218811	-0.8821433782577515	-1.506190538406372	-0.9642941355705261	0.2709648907184601	1.3966717720031738	-0.115767702460289	-0.6475900411605835	1.0869072675704956	0.131625697016716	1.096613883972168	0.1703292727470398	-0.002769296523183584	0.6414245963096619	0.31464365124702454	-5.170387268066406	-0.42994925379753113	-1.837509036064148	0.1628735363483429	0.2834593951702118	0.30064332485198975	-1.1762638092041016	0.6981164216995239	-0.2493649423122406	-1.7915024757385254	-1.4976595640182495	n/a	-0.3157235383987427	-1.4262410402297974	0.2177874594926834	-0.8160140514373779	2.287203550338745	-0.5514488220214844	-0.14801162481307983	0.09190327674150467	0.27250438928604126	0.25086596608161926	0.7957297563552856	-0.20217840373516083	-4.680449962615967	-0.12491149455308914	-2.2341606616973877	-0.7017292976379395	-2.7380056381225586	-0.07901541888713837	-0.25074368715286255	-0.9881501793861389	0.06819110363721848	-0.2787391245365143	-0.25746864080429077	-0.2117081731557846	-0.5857672691345215	-0.10482801496982574	-0.6608254909515381	0.13822190463542938	-0.1457357555627823	1.504708170890808	-0.38015827536582947	0.03306013345718384	-0.4013689458370209	0.11333010345697403	-0.16912934184074402	0.3270779848098755	0.19001054763793945	-0.255174845457077	-0.15567830204963684	-0.21662920713424683	-0.46455687284469604	-0.45950067043304443	-0.24901041388511658	-0.27368536591529846	6.257233962969622e-06
-1.179259181022644	0.08238928765058517	-0.625162661075592	0.8640056252479553	-0.06485282629728317	-1.5192664861679077	-1.980628490447998	n/a	-0.5554492473602295	-0.906448245048523	-1.3599227666854858	-0.938867449760437	-0.10625473409891129	1.057456612586975	-0.4121520221233368	-0.4985278248786926	0.846333384513855	0.1654319167137146	1.1090699434280396	-0.034737728536129	-0.21906688809394836	0.4844939112663269	-0.08487339317798615	-4.075225830078125	-0.7431909441947937	-1.199986457824707	0.36426568031311035	0.3113999366760254	0.07551687955856323	-0.7804827690124512	0.6796613335609436	-0.18095536530017853	-1.1874215602874756	-1.3434885740280151	n/a	-0.39333343505859375	-1.2263833284378052	0.20821428298950195	-0.7704445123672485	1.8805181980133057	-0.5939098596572876	-0.589009165763855	0.13928452134132385	0.11717037856578827	0.08757638931274414	0.8117033839225769	-0.29177114367485046	-3.4493796825408936	-0.3459407389163971	-1.8768973350524902	-0.04070356488227844	-1.638447642326355	0.08127745985984802	-0.3654792606830597	-0.3133429288864136	0.08839897066354752	-0.2956719994544983	-0.2780296802520752	-0.16663877665996552	-0.5045116543769836	-0.022896556183695793	-0.5535217523574829	0.3548348546028137	-0.23177717626094818	1.132201075553894	-0.24887815117835999	-0.023379897698760033	-0.6855976581573486	0.18973097205162048	-0.17500780522823334	0.375975102186203	0.007659247610718012	-0.3027045726776123	-0.20629273355007172	-0.22738869488239288	-0.33764687180519104	-0.3699463903903961	-0.2656736969947815	-0.3524557650089264	0.017558269202709198
-0.6043226718902588	-0.07021767646074295	-0.7480806708335876	0.753456711769104	0.017598910257220268	-0.9565550684928894	-1.5337669849395752	n/a	-0.47861576080322266	-0.8239070773124695	-1.1127017736434937	-0.8099432587623596	-0.4288661777973175	0.6804344654083252	-0.6154404878616333	-0.39206016063690186	0.5698694586753845	0.1576668918132782	1.1069494485855103	-0.21204376220703125	-0.3776330053806305	0.2572920322418213	-0.44019511342048645	-2.9010348320007324	-0.9386208653450012	-0.6270195245742798	0.4668150246143341	0.2555854320526123	-0.1345120668411255	-0.47000494599342346	0.5815337300300598	-0.09530182927846909	-0.5519647598266602	-1.1214878559112549	n/a	-0.4010010063648224	-0.9411366581916809	0.21175582706928253	-0.7075266242027283	1.342733383178711	-0.5998989939689636	-0.8257999420166016	0.24267642199993134	-0.05117454379796982	-0.06417880952358246	0.7398857474327087	-0.38112756609916687	-2.076796293258667	-0.5796940326690674	-1.374198079109192	0.48255252838134766	-0.5947502851486206	0.2369978278875351	-0.46886345744132996	0.41121000051498413	0.13136087357997894	-0.2629607617855072	-0.2736590802669525	-0.11941853165626526	-0.3854633867740631	0.05659278482198715	-0.4283922612667084	0.500611424446106	-0.29213494062423706	0.575160562992096	-0.09460803121328354	-0.06789868324995041	-0.9289010763168335	0.27374327182769775	-0.16298188269138336	0.3686261475086212	-0.19862113893032074	-0.3278868794441223	-0.2578619420528412	-0.21394839882850647	-0.1908242106437683	-0.3085109293460846	-0.28618648648262024	-0.3686521649360657	0.05336591973900795
-0.14698608219623566	-0.19516484439373016	-0.8260785937309265	0.5610991716384888	0.09795098751783371	-0.4907000958919525	-1.1092642545700073	n/a	-0.4006843566894531	-0.6282156705856323	-0.8214746713638306	-0.5655583143234253	-0.5855978727340698	0.34150829911231995	-0.6587948203086853	-0.3251619338989258	0.3194948732852936	0.11711829900741577	1.0778838396072388	-0.3089126944541931	-0.42758557200431824	-0.0036766354460269213	-0.6557122468948364	-1.849915623664856	-0.9617285132408142	-0.2462140917778015	0.45557817816734314	0.14036116003990173	-0.3198346197605133	-0.31588292121887207	0.423330694437027	-0.014353809878230095	-0.022344855591654778	-0.8762063980102539	n/a	-0.31852495670318604	-0.6385440826416016	0.23989640176296234	-0.5478233695030212	0.7734487056732178	-0.5561121106147766	-0.7517667412757874	0.4056689143180847	-0.18100892007350922	-0.16525320708751678	0.5831485986709595	-0.4287567138671875	-0.8435450792312622	-0.7842106223106384	-0.8001176714897156	0.7561609148979187	0.15859155356884003	0.3565976023674011	-0.5337347388267517	1.0409070253372192	0.16634106636047363	-0.19157882034778595	-0.23981218039989471	-0.07946880906820297	-0.24131591618061066	0.11851277947425842	-0.32061806321144104	0.5751957893371582	-0.33936241269111633	-0.013238321989774704	0.04236455634236336	-0.090298131108284	-1.0490062236785889	0.34769415855407715	-0.12779474258422852	0.31452181935310364	-0.3938325047492981	-0.32692620158195496	-0.2942338287830353	-0.1839648336172104	-0.06385821849107742	-0.2830606997013092	-0.3019707500934601	-0.3320920765399933	0.08962574601173401
0.11623788625001907	-0.28895145654678345	-0.8562496304512024	0.33696532249450684	0.14835751056671143	-0.208856463432312	-0.760471522808075	n/a	-0.32589399814605713	-0.34325799345970154	-0.5552611947059631	-0.2372560054063797	-0.47621381282806396	0.12363462895154953	-0.5084527134895325	-0.2581597566604614	0.1612318456172943	0.07568041980266571	1.026924729347229	-0.28148794174194336	-0.34815722703933716	-0.23431862890720367	-0.6566426753997803	-1.0916492938995361	-0.7688716650009155	-0.15528135001659393	0.34968245029449463	0.014697051607072353	-0.4700397551059723	-0.37921956181526184	0.24854275584220886	0.03977714478969574	0.281512588262558	-0.6398457884788513	n/a	-0.1602427065372467	-0.40553006529808044	0.27411526441574097	-0.20989684760570526	0.3059273660182953	-0.4441191852092743	-0.3555411398410797	0.62289959192276	-0.22374823689460754	-0.1958688199520111	0.36941155791282654	-0.3999139368534088	-0.010530548170208931	-0.8931348919868469	-0.2545001804828644	0.7139145731925964	0.4177215099334717	0.40790948271751404	-0.5261267423629761	1.4305920600891113	0.15614017844200134	-0.09928281605243683	-0.17740371823310852	-0.05915505439043045	-0.0818098783493042	0.1459270715713501	-0.2614597678184509	0.577005922794342	-0.39248812198638916	-0.4611513018608093	0.14184634387493134	-0.08548565208911896	-0.9651804566383362	0.40080592036247253	-0.056935738772153854	0.2278071492910385	-0.5314496755599976	-0.290459543466568	-0.2929721474647522	-0.15066839754581451	0.007332671899348497	-0.3006400763988495	-0.30736014246940613	-0.26945021748542786	0.10068964958190918
0.20474693179130554	-0.3479827642440796	-0.8583690524101257	0.14590275287628174	0.14955538511276245	-0.12819038331508636	-0.49144506454467773	n/a	-0.24661488831043243	-0.021675188094377518	-0.347716361284256	0.09702381491661072	-0.09947030246257782	0.10924963653087616	-0.22264912724494934	-0.14038516581058502	0.09915623813867569	0.0638587698340416	0.9476777911186218	-0.12252452969551086	-0.17144808173179626	-0.356130450963974	-0.4750566780567169	-0.703144907951355	-0.3887556493282318	-0.34765350818634033	0.21614472568035126	-0.06630709022283554	-0.5626193881034851	-0.6533796191215515	0.10963562875986099	0.062310997396707535	0.31788432598114014	-0.4106326699256897	n/a	0.03534495830535889	-0.2735728323459625	0.27636557817459106	0.283052533864975	0.08829076588153839	-0.2686665952205658	0.2027374655008316	0.853420615196228	-0.16700513660907745	-0.15681874752044678	0.18238131701946259	-0.32973939180374146	0.28874674439430237	-0.8659300804138184	0.17302900552749634	0.425720751285553	0.16239887475967407	0.3730527460575104	-0.41817569732666016	1.5018280744552612	0.07477276027202606	-0.01450007501989603	-0.0957055538892746	-0.06372276693582535	0.07497468590736389	0.12029778212308884	-0.25354236364364624	0.49793216586112976	-0.45634493231773376	-0.659213662147522	0.19898754358291626	-0.05793590098619461	-0.6604563593864441	0.4201291501522064	0.054662588983774185	0.11073101311922073	-0.570397138595581	-0.21089310944080353	-0.2381044179201126	-0.11935742944478989	0.017853833734989166	-0.3427727520465851	-0.2952039837837219	-0.20907606184482574	0.06785979121923447
0.19534611701965332	-0.36557990312576294	-0.8255308866500854	0.03501153364777565	0.10728326439857483	-0.20553044974803925	-0.2610900402069092	n/a	-0.1476241797208786	0.2739379405975342	-0.1813908964395523	0.3472086191177368	0.397724986076355	0.3441339135169983	0.05938379839062691	0.031853530555963516	0.07652821391820908	0.076356902718544	0.7956767082214355	0.12260787189006805	0.04557262361049652	-0.3243655562400818	-0.2582593262195587	-0.6669067144393921	0.049643658101558685	-0.6928908228874207	0.12763071060180664	-0.0931839644908905	-0.556856095790863	-1.0108156204223633	0.0438205786049366	0.07673148810863495	0.1411120444536209	-0.16127876937389374	n/a	0.22643673419952393	-0.18664176762104034	0.23745103180408478	0.7576904296875	0.21716070175170898	-0.07211727648973465	0.687995970249176	1.008808970451355	-0.040022388100624084	-0.05284833163022995	0.11812156438827515	-0.3059512972831726	0.10406731814146042	-0.7190517783164978	0.4526807367801666	0.06885082274675369	-0.3773660957813263	0.26536598801612854	-0.21904321014881134	1.2842804193496704	-0.06397854536771774	0.038736630231142044	-0.010965066961944103	-0.07947861403226852	0.1975087970495224	0.04017982259392738	-0.274654358625412	0.331986665725708	-0.5048134922981262	-0.6264611482620239	0.20751149952411652	-0.012910459190607071	-0.21267388761043549	0.375419944524765	0.18044322729110718	-0.04849577695131302	-0.5001695156097412	-0.09965511411428452	-0.1275758296251297	-0.08542594313621521	-0.0005101155256852508	-0.3547598719596863	-0.25041714310646057	-0.1560782790184021	-0.0037658754736185074
0.17264775931835175	-0.34306836128234863	-0.7317458391189575	0.005537813529372215	0.052997320890426636	-0.3651321232318878	-0.025747328996658325	n/a	-0.02995898947119713	0.49102944135665894	-0.013119512237608433	0.4617826044559479	0.801704466342926	0.7766199111938477	0.20397235453128815	0.21593375504016876	0.03196318820118904	0.08059296756982803	0.5149077773094177	0.37210673093795776	0.2535788118839264	-0.15650631487369537	-0.17197000980377197	-0.8776795268058777	0.37555068731307983	-0.9918416142463684	0.12413445860147476	-0.10645070672035217	-0.43311458826065063	-1.2724343538284302	0.053199827671051025	0.1135779470205307	-0.12912453711032867	0.12389519810676575	n/a	0.37908175587654114	-0.0556504987180233	0.18591149151325226	1.0109444856643677	0.6514267325401306	0.09040989726781845	0.932824969291687	0.9989215731620789	0.10479314625263214	0.10637185722589493	0.2058255970478058	-0.3924802243709564	-0.3471871316432953	-0.520029604434967	0.6172318458557129	-0.1807803213596344	-0.8437893390655518	0.12666253745555878	0.01033693179488182	0.9229633212089539	-0.2108824998140335	0.05231193080544472	0.06416075676679611	-0.07827118784189224	0.2584649920463562	-0.0715838223695755	-0.29224881529808044	0.10658849775791168	-0.5016987323760986	-0.4763256013393402	0.1584215760231018	0.04625716060400009	0.24175480008125305	0.23663093149662018	0.2697004973888397	-0.24233302474021912	-0.3503158390522003	0.011839423328638077	0.019674701616168022	-0.045324020087718964	-0.008621212095022202	-0.28483763337135315	-0.16210931539535522	-0.09851959347724915	-0.08914613723754883
0.19978152215480804	-0.29941990971565247	-0.5882819294929504	0.024536432698369026	0.01717671938240528	-0.5192163586616516	0.2165040820837021	n/a	0.07585573196411133	0.5995627641677856	0.18632346391677856	0.44981250166893005	0.978722333908081	1.2571910619735718	0.1702050119638443	0.36336129903793335	-0.054540347307920456	0.052683424204587936	0.09764862805604935	0.5545996427536011	0.41679713129997253	0.08937991410493851	-0.2812937796115875	-1.1559975147247314	0.4843074083328247	-1.0681676864624023	0.20525045692920685	-0.15404996275901794	-0.22919324040412903	-1.3418227434158325	0.11156141757965088	0.17873455584049225	-0.36805394291877747	0.41823363304138184	n/a	0.469047486782074	0.16172482073307037	0.1441001296043396	0.9722360372543335	1.2190816402435303	0.19437259435653687	0.8909451365470886	0.8018776178359985	0.2179437279701233	0.2879902124404907	0.38681909441947937	-0.576625406742096	-0.7906115651130676	-0.3450365960597992	0.6935521364212036	-0.2524668574333191	-0.9649822115898132	-0.0006410485366359353	0.18958136439323425	0.5957072973251343	-0.3202527165412903	0.030144372954964638	0.1265355348587036	-0.04040493443608284	0.2567150592803955	-0.18348538875579834	-0.28384676575660706	-0.10247406363487244	-0.44300830364227295	-0.30938974022865295	0.05817631632089615	0.11201988905668259	0.5888302326202393	0.012750852853059769	0.2852010130882263	-0.4169688820838928	-0.17058567702770233	0.09482357650995255	0.164522185921669	-0.005427192430943251	0.0063437484204769135	-0.13459855318069458	-0.04136428236961365	-0.03659570589661598	-0.1593407243490219
0.2712996006011963	-0.26578354835510254	-0.4244104325771332	0.06000853702425957	0.011934896931052208	-0.5977640151977539	0.41264960169792175	n/a	0.12681281566619873	0.6048895120620728	0.4107801914215088	0.37308135628700256	0.9321306347846985	1.6240519285202026	0.026958417147397995	0.4264380931854248	-0.14244429767131805	-0.013239404186606407	-0.38809144496917725	0.6489224433898926	0.5265830755233765	0.3485463261604309	-0.5110234022140503	-1.329310417175293	0.3968399465084076	-0.8602455258369446	0.3259833753108978	-0.26131850481033325	-0.02078108862042427	-1.2436740398406982	0.19032427668571472	0.25281378626823425	-0.505265474319458	0.6527824997901917	n/a	0.4920133352279663	0.43357521295547485	0.12231232970952988	0.711020290851593	1.7236868143081665	0.26032111048698425	0.6544505953788757	0.4819841682910919	0.27881795167922974	0.4522324800491333	0.5563233494758606	-0.7680214047431946	-1.0495904684066772	-0.219818115234375	0.6552117466926575	-0.2251434475183487	-0.700664222240448	-0.09720144420862198	0.26575613021850586	0.3826402723789215	-0.3691251575946808	-0.012174134142696857	0.1774749606847763	0.028432266786694527	0.21268992125988007	-0.2682272791862488	-0.25908854603767395	-0.21524101495742798	-0.3613862693309784	-0.14925368130207062	-0.06451087445020676	0.17577047646045685	0.7939135432243347	-0.2405824214220047	0.2265060544013977	-0.504881739616394	-0.00030438959947787225	0.13875705003738403	0.26652026176452637	0.021822918206453323	0.02870074100792408	0.047331176698207855	0.08523514121770859	0.01187178585678339	-0.1922302395105362
0.31691405177116394	-0.2725919187068939	-0.24135489761829376	0.10058806836605072	0.03640884533524513	-0.5682743787765503	0.4827605187892914	n/a	0.09439443051815033	0.5467845797538757	0.6328939199447632	0.31556186079978943	0.7412877678871155	1.7813818454742432	-0.11329350620508194	0.3608037829399109	-0.15750965476036072	-0.11520889401435852	-0.8246839642524719	0.6783581972122192	0.6037325263023376	0.5697619318962097	-0.7237129807472229	-1.3044145107269287	0.21341927349567413	-0.44814959168434143	0.4121156632900238	-0.4242638945579529	0.12225080281496048	-1.0562249422073364	0.2734118103981018	0.3117040693759918	-0.5307392477989197	0.7469255924224854	n/a	0.47031185030937195	0.6939730644226074	0.14522100985050201	0.32764607667922974	2.030897617340088	0.32082399725914	0.40405115485191345	0.14373920857906342	0.3014717996120453	0.5827711820602417	0.6279652714729309	-0.8570656180381775	-1.0849785804748535	-0.11691603809595108	0.4607747197151184	-0.2514716386795044	-0.21941401064395905	-0.1643751561641693	0.23130309581756592	0.2449607253074646	-0.35107988119125366	-0.05053136125206947	0.21770884096622467	0.1040412113070488	0.14812833070755005	-0.30638986825942993	-0.24834273755550385	-0.198628231883049	-0.2928382456302643	0.03310348093509674	-0.176937535405159	0.2344895750284195	0.8795970678329468	-0.4489269256591797	0.12479296326637268	-0.47565531730651855	0.14034968614578247	0.14657387137413025	0.3043251931667328	0.029957005754113197	0.038826629519462585	0.20866692066192627	0.19199347496032715	0.028685955330729485	-0.17788110673427582
0.27263352274894714	-0.3256109058856964	-0.032092150300741196	0.15535858273506165	0.07696611434221268	-0.4266233742237091	0.3737667500972748	n/a	-0.017642226070165634	0.47617384791374207	0.8245358467102051	0.33738502860069275	0.4818153977394104	1.7118393182754517	-0.18031129240989685	0.14629560708999634	-0.0538308247923851	-0.24649028480052948	-1.1006901264190674	0.6750138401985168	0.6645561456680298	0.7220410108566284	-0.827645480632782	-1.0565463304519653	0.025119977071881294	0.005599419120699167	0.39347612857818604	-0.6241880655288696	0.172306627035141	-0.8350588083267212	0.3572455048561096	0.3359401524066925	-0.4543980360031128	0.6519898772239685	n/a	0.4376504123210907	0.8949268460273743	0.24014312028884888	-0.10908658057451248	2.0871403217315674	0.37606188654899597	0.2811388075351715	-0.12745748460292816	0.31547605991363525	0.6766592860221863	0.5799583792686462	-0.7888944149017334	-0.9154278039932251	-0.010736350901424885	0.10817880928516388	-0.43103882670402527	0.247991681098938	-0.21264728903770447	0.11604248732328415	0.09719862788915634	-0.27397027611732483	-0.06812819093465805	0.24276666343212128	0.159744992852211	0.0807643011212349	-0.28907614946365356	-0.26585298776626587	-0.07405560463666916	-0.25054141879081726	0.2533626854419708	-0.25643208622932434	0.28690585494041443	0.8684802055358887	-0.5510781407356262	0.02498658001422882	-0.34872493147850037	0.2419436126947403	0.12782669067382812	0.2821042239665985	0.02468896470963955	0.03321240469813347	0.3152281939983368	0.25946396589279175	0.010097691789269447	-0.11742927879095078
0.12917888164520264	-0.3976247310638428	0.18323177099227905	0.24232709407806396	0.10553896427154541	-0.19113381206989288	0.09308090060949326	n/a	-0.17384164035320282	0.42714816331863403	0.9522372484207153	0.4391690194606781	0.19719929993152618	1.4570268392562866	-0.1735268086194992	-0.19088570773601532	0.15451458096504211	-0.3891196846961975	-1.1569498777389526	0.6569746732711792	0.6988301873207092	0.7901375889778137	-0.8114953637123108	-0.6188809871673584	-0.12642566859722137	0.349327951669693	0.23767223954200745	-0.8449654579162598	0.1505986750125885	-0.5902429819107056	0.446676641702652	0.3106706440448761	-0.2884584963321686	0.3756118416786194	n/a	0.4163760542869568	1.0132324695587158	0.4073055386543274	-0.546907365322113	1.9115409851074219	0.39682185649871826	0.31558308005332947	-0.2926796078681946	0.3422873318195343	0.7225697040557861	0.44794073700904846	-0.5801966786384583	-0.5788881182670593	0.09325946867465973	-0.3518300950527191	-0.7553228139877319	0.5464720129966736	-0.2513892948627472	-0.03321122005581856	-0.1258249580860138	-0.15888077020645142	-0.06569666415452957	0.23962873220443726	0.17643238604068756	0.0269926730543375	-0.21923093497753143	-0.30173566937446594	0.1054273396730423	-0.22650237381458282	0.47886523604393005	-0.29045370221138	0.3264102637767792	0.764756441116333	-0.5264882445335388	-0.04022819176316261	-0.17410916090011597	0.29822590947151184	0.09316953271627426	0.22514060139656067	0.017982255667448044	0.021763574331998825	0.35339441895484924	0.27692675590515137	-0.027639830484986305	-0.02029944770038128
-0.05489357188344002	-0.45853179693222046	0.3430149257183075	0.3704732358455658	0.09776967018842697	0.08992038667201996	-0.2983492314815521	n/a	-0.3278249204158783	0.396575927734375	0.970488429069519	0.5518081188201904	-0.09510104358196259	1.0952833890914917	-0.1422286331653595	-0.5580741167068481	0.40224501490592957	-0.5040301084518433	-0.9983755350112915	0.6227449774742126	0.6767585277557373	0.7667789459228516	-0.7300876379013062	-0.11239815503358841	-0.24813245236873627	0.5326554775238037	-0.01284952461719513	-1.0660278797149658	0.09184558689594269	-0.3149648904800415	0.5458917021751404	0.231965571641922	-0.059949327260255814	-0.027601659297943115	n/a	0.4034770131111145	1.0314841270446777	0.6129927635192871	-0.9283095598220825	1.5783275365829468	0.3671722710132599	0.4261225163936615	-0.35295993089675903	0.3781510889530182	0.7020842432975769	0.2857949435710907	-0.29693835973739624	-0.15710949897766113	0.165095254778862	-0.8231885433197021	-1.1101754903793335	0.6845675706863403	-0.2729976773262024	-0.18080846965312958	-0.4045116603374481	-0.030533965677022934	-0.05562108755111694	0.19407401978969574	0.14995118975639343	-0.0049864123575389385	-0.11395183205604553	-0.3458259105682373	0.3005021810531616	-0.21508285403251648	0.6455439329147339	-0.2817450165748596	0.34030774235725403	0.5626081228256226	-0.40692105889320374	-0.07729262858629227	0.002073070267215371	0.29317745566368103	0.04373874515295029	0.16600263118743896	0.01880631595849991	0.013799547217786312	0.330900102853775	0.2452498823404312	-0.05564600229263306	0.09195172786712646
-0.19375188648700714	-0.5004733800888062	0.37104615569114685	0.5255011320114136	0.05509357526898384	0.34070801734924316	-0.7222997546195984	n/a	-0.44710469245910645	0.3550519645214081	0.8378569483757019	0.5778581500053406	-0.3824152648448944	0.7123296856880188	-0.14095455408096313	-0.826583981513977	0.6148706078529358	-0.5417044758796692	-0.6757158041000366	0.5609791874885559	0.5798652172088623	0.6509560942649841	-0.6571261882781982	0.2671566903591156	-0.3674967885017395	0.6085777282714844	-0.2547958791255951	-1.2554997205734253	0.013529477640986443	-0.02852283976972103	0.645329475402832	0.11274778842926025	0.17944861948490143	-0.48807013034820557	n/a	0.37848418951034546	0.9306482076644897	0.8105208277702332	-1.1977787017822266	1.1817411184310913	0.30656397342681885	0.5010663270950317	-0.3272615969181061	0.4003194272518158	0.6094444394111633	0.13065917789936066	-0.017992012202739716	0.2182959020137787	0.17392641305923462	-1.1936851739883423	-1.3462562561035156	0.7888961434364319	-0.25367406010627747	-0.31916892528533936	-0.6397848129272461	0.09448760002851486	-0.046334169805049896	0.10569646209478378	0.09368742257356644	-0.018718736246228218	0.001220658770762384	-0.4011525511741638	0.5055835843086243	-0.2247873842716217	0.7041272521018982	-0.2498588114976883	0.3178284168243408	0.2679864466190338	-0.24998116493225098	-0.12047205120325089	0.15670464932918549	0.20446555316448212	-0.029478615149855614	0.1299312859773636	0.027349933981895447	0.009023427963256836	0.2677682638168335	0.17554762959480286	-0.05183485522866249	0.18894870579242706
-0.25556671619415283	-0.5336524248123169	0.2438810020685196	0.671983540058136	0.00246453401632607	0.4774317741394043	-1.124854564666748	n/a	-0.5219162106513977	0.2851046621799469	0.5362382531166077	0.4678384065628052	-0.6289255023002625	0.37699756026268005	-0.16978506743907928	-0.9025895595550537	0.767706573009491	-0.47146645188331604	-0.2510479688644409	0.4716964662075043	0.438860684633255	0.45310476422309875	-0.6061358451843262	0.33370015025138855	-0.4774855077266693	0.6255617141723633	-0.3995078206062317	-1.379450798034668	-0.08203326165676117	0.2015669345855713	0.7192204594612122	-0.02405870147049427	0.35209083557128906	-0.9501021504402161	n/a	0.3293899595737457	0.6893451809883118	0.9680325984954834	-1.315024733543396	0.8018280863761902	0.2572764456272125	0.5339128375053406	-0.22672107815742493	0.3942969739437103	0.470150351524353	-0.013292244635522366	0.21549715101718903	0.390688955783844	0.12907379865646362	-1.3780755996704102	-1.4007591009140015	0.9162092804908752	-0.17951728403568268	-0.45865198969841003	-0.7580200433731079	0.2098056524991989	-0.03244958445429802	-0.005882794503122568	0.029119322076439857	-0.02207207679748535	0.10714985430240631	-0.4773690402507782	0.7089608907699585	-0.2639315128326416	0.6572052240371704	-0.21577519178390503	0.26180586218833923	-0.06715841591358185	-0.09519664198160172	-0.18486353754997253	0.273558109998703	0.035931479185819626	-0.13128754496574402	0.1289951652288437	0.03239581361413002	-0.004031912889331579	0.17897935211658478	0.08351249992847443	-0.018079198896884918	0.24565504491329193
-0.25406670570373535	-0.5769848227500916	0.007896322757005692	0.7742754817008972	-0.03197098523378372	0.44017961621284485	-1.4744879007339478	n/a	-0.5515006184577942	0.1896122395992279	0.08086395263671875	0.24055935442447662	-0.7910937666893005	0.1411941647529602	-0.17996163666248322	-0.7409827709197998	0.877788782119751	-0.2918410003185272	0.22483864426612854	0.3629457652568817	0.31328490376472473	0.1983070969581604	-0.532440721988678	-0.0012264254037290812	-0.5300721526145935	0.5786570310592651	-0.40592479705810547	-1.4019510746002197	-0.19666233658790588	0.28842535614967346	0.7416779398918152	-0.1530921459197998	0.3789447247982025	-1.365105390548706	n/a	0.2592330574989319	0.29720771312713623	1.065946102142334	-1.2671525478363037	0.49671560525894165	0.25847122073173523	0.5947499871253967	-0.04991865158081055	0.35838642716407776	0.325452983379364	-0.15277285873889923	0.3982255160808563	0.23386318981647491	0.08208929002285004	-1.32290518283844	-1.292462944984436	0.9953933954238892	-0.055912457406520844	-0.6016135215759277	-0.7527769207954407	0.3093203008174896	-0.0049095358699560165	-0.11202322691679001	-0.02622104249894619	-0.026769472286105156	0.1882859319448471	-0.5782450437545776	0.8645171523094177	-0.32926324009895325	0.5382411479949951	-0.1918579488992691	0.18766143918037415	-0.3619323968887329	0.04373107850551605	-0.25370287895202637	0.3275662660598755	-0.17587228119373322	-0.25611668825149536	0.15829433500766754	0.019010361284017563	-0.03651180490851402	0.07006794959306717	-0.019186312332749367	0.020947540178894997	0.2477329671382904
-0.18041740357875824	-0.6405372619628906	-0.26603928208351135	0.8131073713302612	-0.03227316588163376	0.22558458149433136	-1.7238050699234009	n/a	-0.527677595615387	0.07462410628795624	-0.46581757068634033	-0.04841197282075882	-0.8668088912963867	0.0376814566552639	-0.1456596553325653	-0.3355506658554077	0.9445900321006775	-0.028292085975408554	0.7056589126586914	0.23023878037929535	0.23303167521953583	-0.07937002182006836	-0.41469478607177734	-0.6801872849464417	-0.49337145686149597	0.45762237906455994	-0.26524606347084045	-1.2917571067810059	-0.32224538922309875	0.18992233276367188	0.7032207250595093	-0.24645613133907318	0.23157170414924622	-1.667128562927246	n/a	0.1751967966556549	-0.21039310097694397	1.086128830909729	-1.0794687271118164	0.2975994050502777	0.3157282769680023	0.6846777200698853	0.191791370511055	0.28926602005958557	0.19968801736831665	-0.2740081250667572	0.5147417187690735	-0.26533639430999756	0.0745842382311821	-0.9919002056121826	-1.0208828449249268	0.9582975506782532	0.10572662204504013	-0.72642582654953	-0.6293259859085083	0.38299399614334106	0.032834142446517944	-0.19180694222450256	-0.06275693327188492	-0.049309536814689636	0.22195588052272797	-0.687099814414978	0.9135411381721497	-0.4013586640357971	0.3592303991317749	-0.18366365134716034	0.11011646687984467	-0.5640340447425842	0.15291060507297516	-0.3042510151863098	0.2937772274017334	-0.39038151502609253	-0.3925902545452118	0.1968889683485031	-0.015850139781832695	-0.08005467802286148	-0.051414500921964645	-0.13004787266254425	0.03459171950817108	0.1904861032962799
-0.00922788493335247	-0.699776291847229	-0.5178260207176208	0.7830770015716553	-0.0025092128198593855	-0.0965748280286789	-1.7996635437011719	n/a	-0.43853047490119934	-0.04727884754538536	-0.9915491342544556	-0.3206825852394104	-0.8934730887413025	0.05564781650900841	-0.10191263258457184	0.24319575726985931	0.9373994469642639	0.2630321681499481	1.1342618465423584	0.06039644777774811	0.17935198545455933	-0.3486187160015106	-0.2806973159313202	-1.4918768405914307	-0.38542455434799194	0.26891669631004333	-0.01011596154421568	-1.0545796155929565	-0.4293968975543976	-0.058298978954553604	0.6114264726638794	-0.280327171087265	-0.03152645751833916	-1.7793241739273071	n/a	0.09009233117103577	-0.737400233745575	1.0266072750091553	-0.7897272706031799	0.18651916086673737	0.3838500678539276	0.7183444499969482	0.4553348422050476	0.18370528519153595	0.08938007801771164	-0.3526797592639923	0.5364778637886047	-0.9497624039649963	0.09812041372060776	-0.39769455790519714	-0.5682997107505798	0.8263958692550659	0.28802239894866943	-0.7947550415992737	-0.38910889625549316	0.42415162920951843	0.06258370727300644	-0.24010279774665833	-0.08109619468450546	-0.09352468699216843	0.1907387673854828	-0.7609300017356873	0.8213217258453369	-0.4431569278240204	0.09797908365726471	-0.18249142169952393	0.036855701357126236	-0.6632126569747925	0.21135875582695007	-0.3199045658111572	0.16879868507385254	-0.5763315558433533	-0.5211864709854126	0.21845389902591705	-0.05977245792746544	-0.10607628524303436	-0.1727258414030075	-0.25037071108818054	-8.493276982335374e-05	0.08383111655712128
0.25688719749450684	-0.7049968838691711	-0.7101188898086548	0.6852524280548096	0.03596455603837967	-0.4014852046966553	-1.630499243736267	n/a	-0.28318843245506287	-0.15056097507476807	-1.3686907291412354	-0.49233683943748474	-0.902374804019928	0.1288786381483078	-0.12019941955804825	0.838894248008728	0.8228941559791565	0.5081649422645569	1.4372164011001587	-0.1479608118534088	0.1084352433681488	-0.5885132551193237	-0.17737025022506714	-2.1347293853759766	-0.26054927706718445	0.04181806743144989	0.28707659244537354	-0.7422817349433899	-0.48505720496177673	-0.36576560139656067	0.48117104172706604	-0.24734067916870117	-0.28202494978904724	-1.6474297046661377	n/a	0.022545557469129562	-1.1600682735443115	0.9075155258178711	-0.4131055176258087	0.09567508101463318	0.3920101225376129	0.599357008934021	0.6753578782081604	0.047193385660648346	-0.02602456882596016	-0.3814874291419983	0.4485500752925873	-1.5292154550552368	0.10100138932466507	0.3493676483631134	0.035518404096364975	0.7041418552398682	0.459951788187027	-0.7741390466690063	-0.05829061567783356	0.43292319774627686	0.06269648671150208	-0.2615085542201996	-0.09069781005382538	-0.13598120212554932	0.10055683553218842	-0.7503002285957336	0.6102762222290039	-0.42241063714027405	-0.2659687101840973	-0.16097106039524078	-0.029173780232667923	-0.6726359724998474	0.20851938426494598	-0.2929185628890991	-0.010946682654321194	-0.7103719115257263	-0.6134883761405945	0.20193712413311005	-0.09598427265882492	-0.08841518312692642	-0.2808421552181244	-0.3714163303375244	-0.08926758170127869	-0.04659314826130867
0.5567544102668762	-0.626840353012085	-0.8138302564620972	0.5238368511199951	0.06417959183454514	-0.57659512758255	-1.1917271614074707	n/a	-0.08088088780641556	-0.20660367608070374	-1.5103514194488525	-0.5095373392105103	-0.8958523273468018	0.1644420027732849	-0.23198646306991577	1.2719247341156006	0.6048228144645691	0.6448866724967957	1.5399341583251953	-0.3680073916912079	0.003061029827222228	-0.7851264476776123	-0.1283559799194336	-2.3684821128845215	-0.16704517602920532	-0.1619325429201126	0.5471424460411072	-0.4227393567562103	-0.4815020263195038	-0.634800910949707	0.32580694556236267	-0.16061453521251678	-0.4017462730407715	-1.275195837020874	n/a	-0.014248901046812534	-1.3848586082458496	0.7588120102882385	0.0388081818819046	-0.0491701140999794	0.3034992516040802	0.3132953941822052	0.7925440669059753	-0.09852128475904465	-0.15252245962619781	-0.37859657406806946	0.27745798230171204	-1.7441680431365967	0.04208720475435257	1.0527607202529907	0.6823050379753113	0.7081131935119629	0.584063708782196	-0.6615827679634094	0.29527726769447327	0.4152488112449646	0.02620781399309635	-0.25610852241516113	-0.09787607192993164	-0.14114508032798767	-0.016038671135902405	-0.6411718726158142	0.35835176706314087	-0.33919134736061096	-0.6990693807601929	-0.09274326264858246	-0.08621754497289658	-0.6130996346473694	0.15367688238620758	-0.2290792614221573	-0.18058764934539795	-0.7785802483558655	-0.6467500925064087	0.13955339789390564	-0.11467821896076202	-0.02559410035610199	-0.35863637924194336	-0.466696560382843	-0.21239003539085388	-0.1683877855539322
0.7638481259346008	-0.4827655553817749	-0.7806562185287476	0.30855652689933777	0.07739707082509995	-0.590930163860321	-0.5549649596214294	n/a	0.1283475160598755	-0.19178105890750885	-1.4057061672210693	-0.36353424191474915	-0.8479703664779663	0.09623365104198456	-0.35963180661201477	1.4118834733963013	0.3528921902179718	0.6422308087348938	1.4092823266983032	-0.5423783659934998	-0.08922038972377777	-0.920280933380127	-0.09185853600502014	-2.1416409015655518	-0.09970911592245102	-0.2919955849647522	0.6972700953483582	-0.15252219140529633	-0.4386051893234253	-0.7992783188819885	0.157064750790596	-0.05109374597668648	-0.3661690652370453	-0.7468037605285645	n/a	-0.014175783842802048	-1.3899316787719727	0.6178850531578064	0.5225569009780884	-0.27579978108406067	0.1515541970729828	-0.002626346191391349	0.7880719900131226	-0.21214161813259125	-0.2531045377254486	-0.3746979236602783	0.10948295146226883	-1.5432811975479126	-0.05215563625097275	1.508819341659546	1.1924927234649658	0.83918297290802	0.6306953430175781	-0.48947277665138245	0.5535255670547485	0.3785431385040283	-0.03206735476851463	-0.21623721718788147	-0.09894542396068573	-0.09128419309854507	-0.1109812781214714	-0.47959375381469727	0.14747512340545654	-0.22209541499614716	-1.0920418500900269	0.023732293397188187	-0.13039356470108032	-0.49160218238830566	0.0733698382973671	-0.13726654648780823	-0.28968414664268494	-0.7715010046958923	-0.6177451014518738	0.04079144075512886	-0.1179489716887474	0.05673135071992874	-0.38475626707077026	-0.5042345523834229	-0.33095383644104004	-0.25296539068222046
0.762872576713562	-0.32444632053375244	-0.5684881806373596	0.06464631110429764	0.07448279112577438	-0.48771005868911743	0.12275312840938568	n/a	0.2964523136615753	-0.09507245570421219	-1.1100692749023438	-0.08941330760717392	-0.7248919606208801	-0.07827470451593399	-0.3720743656158447	1.2347718477249146	0.15910077095031738	0.5097807049751282	1.0832791328430176	-0.612586498260498	-0.09984445571899414	-0.9645400643348694	0.00044587734737433493	-1.571068525314331	-0.01440612692385912	-0.3421686589717865	0.6864511370658875	0.0438760407269001	-0.38860470056533813	-0.835188627243042	-0.007162638008594513	0.0428210087120533	-0.2363424301147461	-0.19968591630458832	n/a	0.026283305138349533	-1.218863606452942	0.5203366875648499	0.967588484287262	-0.5475748181343079	0.006883729249238968	-0.16040544211864471	0.6935445070266724	-0.2540755569934845	-0.27336585521698	-0.37906980514526367	0.038064997643232346	-1.079054355621338	-0.11090623587369919	1.6013537645339966	1.4131726026535034	0.9683759212493896	0.5918151140213013	-0.3051426410675049	0.596903920173645	0.32094812393188477	-0.09012429416179657	-0.13924701511859894	-0.0880393385887146	-0.0020822673104703426	-0.14959456026554108	-0.34352412819862366	0.02359933778643608	-0.10939330607652664	-1.3144651651382446	0.16109657287597656	-0.15730175375938416	-0.3061933219432831	0.002611116971820593	-0.023772504180669785	-0.32586154341697693	-0.6862348318099976	-0.5409685969352722	-0.075897216796875	-0.1153896301984787	0.12510375678539276	-0.34539347887039185	-0.467041015625	-0.415601521730423	-0.28502726554870605
0.5575011968612671	-0.19793933629989624	-0.21018573641777039	-0.16045257449150085	0.04847177863121033	-0.32166698575019836	0.6946393847465515	n/a	0.394722044467926	0.06969837099313736	-0.7082873582839966	0.23846450448036194	-0.5246682167053223	-0.30516937375068665	-0.2240554839372635	0.8370712995529175	0.05658792331814766	0.2975460886955261	0.6480712294578552	-0.5634563565254211	-0.02315077744424343	-0.8892414569854736	0.14069779217243195	-0.8244696855545044	0.09902357310056686	-0.3086777627468109	0.5131892561912537	0.17881512641906738	-0.35537344217300415	-0.7464402318000793	-0.1342775821685791	0.09516188502311707	-0.0783577486872673	0.25614482164382935	n/a	0.09959187358617783	-0.9383697509765625	0.472276508808136	1.3116987943649292	-0.7899548411369324	-0.09037455171346664	-0.1245206817984581	0.5607181787490845	-0.21733717620372772	-0.20597387850284576	-0.35814332962036133	0.07142338156700134	-0.5342743992805481	-0.10413889586925507	1.351674199104309	1.3482555150985718	0.9960885643959045	0.4910280108451843	-0.14286091923713684	0.399859219789505	0.23126238584518433	-0.13438664376735687	-0.03822537884116173	-0.06582269072532654	0.09017153829336166	-0.13527514040470123	-0.2906114161014557	0.0011528293834999204	-0.03980528935790062	-1.3235794305801392	0.2811848521232605	-0.16637389361858368	-0.08418000489473343	-0.031202297657728195	0.08775267750024796	-0.2975226938724518	-0.5438445806503296	-0.4366602599620819	-0.19561688601970673	-0.11392299830913544	0.1617688089609146	-0.24891166388988495	-0.36123085021972656	-0.4549122154712677	-0.26677751541137695
0.2713709771633148	-0.11199212074279785	0.175238236784935	-0.31322017312049866	-0.009121020324528217	-0.12085893005132675	1.1010581254959106	n/a	0.4299372434616089	0.26676860451698303	-0.27730733156204224	0.535861074924469	-0.28934723138809204	-0.5133852958679199	-0.0003016884147655219	0.37280020117759705	0.0038835855666548014	0.07394687086343765	0.18965739011764526	-0.43421095609664917	0.0705939531326294	-0.6916782259941101	0.2308441549539566	-0.02914072945713997	0.18735723197460175	-0.16266803443431854	0.22241540253162384	0.26905450224876404	-0.3386131525039673	-0.552469789981842	-0.1844618320465088	0.1032189130783081	0.08552857488393784	0.590487003326416	n/a	0.18269838392734528	-0.6003915071487427	0.44300949573516846	1.532079815864563	-0.9381626844406128	-0.15681542456150055	-0.04588166996836662	0.4259791076183319	-0.1326839029788971	-0.10874549299478531	-0.2640780210494995	0.1267968714237213	0.00720851868391037	-0.07789547741413116	0.8919298648834229	1.1533313989639282	0.9644765257835388	0.3730542063713074	-0.012101137079298496	0.05457274243235588	0.10526081919670105	-0.16338783502578735	0.061646029353141785	-0.04094041883945465	0.15813048183918	-0.10016810148954391	-0.329861581325531	0.07533106207847595	-0.0425947941839695	-1.204184651374817	0.35934218764305115	-0.16166582703590393	0.11243514716625214	-0.022674497216939926	0.15117228031158447	-0.214918315410614	-0.39242953062057495	-0.3205322325229645	-0.30816471576690674	-0.11275678873062134	0.17099571228027344	-0.1288309246301651	-0.2113107591867447	-0.44504570960998535	-0.2126120626926422
0.041593290865421295	-0.05086084455251694	0.45553573966026306	-0.36777761578559875	-0.09669148921966553	0.10639361292123795	1.347766399383545	n/a	0.4265364706516266	0.46243560314178467	0.1364121288061142	0.7531387805938721	-0.07165373861789703	-0.6554094552993774	0.18065543472766876	-0.040240541100502014	-0.05310749635100365	-0.10914476215839386	-0.2360181361436844	-0.28285330533981323	0.10980314016342163	-0.40805724263191223	0.18388143181800842	0.7419669032096863	0.1862092763185501	0.1133488118648529	-0.12343855947256088	0.3033771216869354	-0.3253025710582733	-0.29142892360687256	-0.140006884932518	0.07901711016893387	0.25988122820854187	0.82086181640625	n/a	0.25507038831710815	-0.2312871217727661	0.39709043502807617	1.641303539276123	-0.9712989330291748	-0.2239481657743454	-0.07901468873023987	0.3011710047721863	-0.0441104881465435	-0.04582228511571884	-0.0847935602068901	0.12223321199417114	0.5393447279930115	-0.104042649269104	0.3808750510215759	0.9893079996109009	0.9937738180160522	0.2752402722835541	0.09115228056907654	-0.30042704939842224	-0.043086543679237366	-0.18487292528152466	0.13741640746593475	-0.023741157725453377	0.2018435001373291	-0.071841299533844	-0.4269486367702484	0.2255125343799591	-0.12182976305484772	-1.0746859312057495	0.3922332227230072	-0.14776094257831573	0.23239471018314362	0.012139887548983097	0.13286961615085602	-0.08997774869203568	-0.2841659188270569	-0.2030681073665619	-0.40172794461250305	-0.10617268830537796	0.16652806103229523	-0.021913649514317513	-0.04754849523305893	-0.384573757648468	-0.14242583513259888
-0.08580362796783447	-0.0021425634622573853	0.5637568235397339	-0.3391517400741577	-0.1953963339328766	0.3445042073726654	1.4453251361846924	n/a	0.3968583047389984	0.6443292498588562	0.5078129768371582	0.8933723568916321	0.1043776124715805	-0.7210440039634705	0.28002768754959106	-0.37052926421165466	-0.10815602540969849	-0.2357558310031891	-0.5955824255943298	-0.1408664584159851	0.0954505130648613	-0.09881753474473953	0.01685769110918045	1.4290525913238525	0.09314319491386414	0.4786027669906616	-0.47794225811958313	0.2522500455379486	-0.30957233905792236	-0.02827124483883381	-0.022685088217258453	0.03550533205270767	0.434064120054245	0.9554140567779541	n/a	0.3149896264076233	0.1494591385126114	0.3267365097999573	1.6605640649795532	-0.9083103537559509	-0.28848281502723694	-0.19914564490318298	0.1884307563304901	0.02451445534825325	-0.029479822143912315	0.13781817257404327	0.05555758997797966	1.0476617813110352	-0.20820513367652893	-0.08160462230443954	0.8811899423599243	1.133927345275879	0.20675094425678253	0.16629748046398163	-0.5738546252250671	-0.1879301816225052	-0.20566897094249725	0.1809443235397339	-0.017833242192864418	0.24205586314201355	-0.048003580421209335	-0.5336058735847473	0.4140852093696594	-0.2513730227947235	-0.9769355058670044	0.3932279050350189	-0.12095445394515991	0.276843786239624	0.057895153760910034	0.04560096189379692	0.06016326695680618	-0.24236749112606049	-0.09102476388216019	-0.46091532707214355	-0.09032762795686722	0.1552087664604187	0.05427653715014458	0.10815344750881195	-0.2760075628757477	-0.0752493143081665
-0.14840352535247803	0.026722010225057602	0.5139580965042114	-0.2639179825782776	-0.27460432052612305	0.5562810301780701	1.3922702074050903	n/a	0.3365072011947632	0.8082358241081238	0.8130017518997192	0.9812802076339722	0.24143700301647186	-0.7187781929969788	0.34320583939552307	-0.6322440505027771	-0.10011371970176697	-0.3116988241672516	-0.8564470410346985	-0.008569898083806038	0.08979711681604385	0.18456250429153442	-0.17526890337467194	1.95502507686615	-0.02886284328997135	0.8505327701568604	-0.8088634014129639	0.11537694931030273	-0.30162692070007324	0.16082701086997986	0.12128106504678726	-0.017204580828547478	0.5676148533821106	0.9837245345115662	n/a	0.36929604411125183	0.5102033019065857	0.24314428865909576	1.5920660495758057	-0.775528073310852	-0.311733603477478	-0.24315306544303894	0.09434716403484344	0.07706999033689499	-0.025493379682302475	0.3426876366138458	-0.020569100975990295	1.4741978645324707	-0.35422608256340027	-0.469107061624527	0.7460042834281921	1.3111180067062378	0.1545635610818863	0.20437738299369812	-0.7453923225402832	-0.30626580119132996	-0.22373062372207642	0.2005314826965332	-0.016478054225444794	0.29265648126602173	-0.0071136062033474445	-0.6107053756713867	0.5940330624580383	-0.38951051235198975	-0.8655667901039124	0.38023778796195984	-0.06930664926767349	0.279771089553833	0.11891079694032669	-0.06194191426038742	0.21660290658473969	-0.25083860754966736	0.009844587184488773	-0.4728109538555145	-0.06690036505460739	0.1350240409374237	0.10505490750074387	0.24432922899723053	-0.1306762993335724	-0.022012101486325264
-0.172754168510437	0.007977052591741085	0.3602021038532257	-0.17643393576145172	-0.3037872314453125	0.6954280734062195	1.2039297819137573	n/a	0.24530355632305145	0.9268632531166077	1.0283256769180298	1.0099284648895264	0.33131715655326843	-0.6513611674308777	0.4168948531150818	-0.8082418441772461	0.003536530304700136	-0.33848217129707336	-0.991905927658081	0.1129249557852745	0.14163514971733093	0.4195330739021301	-0.32903921604156494	2.238858938217163	-0.12414257973432541	1.1796908378601074	-1.0630056858062744	-0.05524858087301254	-0.32431232929229736	0.23925581574440002	0.24665230512619019	-0.06657902896404266	0.6174749732017517	0.9072447419166565	n/a	0.4092197120189667	0.8145104646682739	0.1451052874326706	1.4083701372146606	-0.5812932848930359	-0.25157594680786133	-0.12306732684373856	0.02502300590276718	0.12150467187166214	0.0014226919738575816	0.49967506527900696	-0.08106786757707596	1.7474501132965088	-0.4881400167942047	-0.7716396450996399	0.5504540801048279	1.4383928775787354	0.10878125578165054	0.19854512810707092	-0.8053956627845764	-0.3843158185482025	-0.23273895680904388	0.21128441393375397	-0.0048435153439641	0.340351402759552	0.05681132897734642	-0.6293142437934875	0.7330370545387268	-0.4987991154193878	-0.6792913675308228	0.356256365776062	0.011799265630543232	0.2487795501947403	0.20340923964977264	-0.14967764914035797	0.3672112226486206	-0.2808323800563812	0.08668376505374908	-0.4340289235115051	-0.039452627301216125	0.10646122694015503	0.15364603698253632	0.3524409532546997	0.029083341360092163	0.01440366543829441
-0.13654528558254242	-0.07151023298501968	0.15209023654460907	-0.09933735430240631	-0.2671249210834503	0.7339973449707031	0.9415358304977417	n/a	0.14429593086242676	0.9478419423103333	1.1373307704925537	0.9316152334213257	0.34567710757255554	-0.5166659951210022	0.49702706933021545	-0.8486182689666748	0.15915898978710175	-0.3104911148548126	-0.9958653450012207	0.20568673312664032	0.23472042381763458	0.5994367003440857	-0.4546644985675812	2.234734296798706	-0.18504025042057037	1.470550775527954	-1.1712441444396973	-0.1970289796590805	-0.38714125752449036	0.2352556586265564	0.3261433243751526	-0.09690218418836594	0.573616623878479	0.7640379071235657	n/a	0.40198516845703125	1.031014084815979	0.010448824614286423	1.0892677307128906	-0.3259376585483551	-0.09497184306383133	0.0671117901802063	-0.01988556608557701	0.1523972749710083	0.04514160752296448	0.6129034161567688	-0.14746835827827454	1.8250130414962769	-0.5728112459182739	-0.9583917856216431	0.3601682782173157	1.51390540599823	0.07440705597400665	0.15650582313537598	-0.7232521772384644	-0.4132338762283325	-0.22668862342834473	0.22053951025009155	0.027632184326648712	0.35732969641685486	0.12198952585458755	-0.5720783472061157	0.8198699951171875	-0.5521044731140137	-0.42170271277427673	0.312924861907959	0.11071783304214478	0.1572205275297165	0.3016929030418396	-0.21286968886852264	0.5086235404014587	-0.3128814697265625	0.1236654669046402	-0.3504197597503662	-0.010035376995801926	0.07691992819309235	0.2193032056093216	0.4246692359447479	0.17721717059612274	0.0348106250166893
-0.007631492801010609	-0.18450632691383362	-0.0721430778503418	-0.04930504783987999	-0.17275819182395935	0.6830421090126038	0.6990867257118225	n/a	0.06860725581645966	0.8280154466629028	1.1384090185165405	0.7041890025138855	0.2606295049190521	-0.3281380236148834	0.5380768179893494	-0.7244412899017334	0.27726441621780396	-0.23026567697525024	-0.8803383708000183	0.24738988280296326	0.3005814552307129	0.7102994322776794	-0.5844854712486267	1.9694066047668457	-0.22932322323322296	1.7242178916931152	-1.0824531316757202	-0.2766910493373871	-0.4682825803756714	0.2037237286567688	0.34946250915527344	-0.09574733674526215	0.46904489398002625	0.6157084107398987	n/a	0.3127408027648926	1.1348652839660645	-0.18013101816177368	0.659551739692688	-0.03381938487291336	0.12020590901374817	0.14691650867462158	-0.042483508586883545	0.15520597994327545	0.06042605638504028	0.685794472694397	-0.24533183872699738	1.7150962352752686	-0.591900110244751	-0.990185022354126	0.2572578191757202	1.5802311897277832	0.05918196588754654	0.1027030497789383	-0.4786979556083679	-0.3866270184516907	-0.19955094158649445	0.2227022349834442	0.07550311088562012	0.3238927721977234	0.1574133038520813	-0.43753236532211304	0.8444767594337463	-0.5263073444366455	-0.17007112503051758	0.25204479694366455	0.20657992362976074	-0.011446760967373848	0.3901515007019043	-0.26647186279296875	0.6335402131080627	-0.33258914947509766	0.11604548990726471	-0.23322980105876923	0.020675022155046463	0.05593610182404518	0.29525262117385864	0.45569393038749695	0.2917345464229584	0.042888231575489044
0.2075851559638977	-0.2912127375602722	-0.2609981894493103	-0.04575487971305847	-0.04295629262924194	0.5786733031272888	0.5456075072288513	n/a	0.042938828468322754	0.5683678388595581	1.0482876300811768	0.33838167786598206	0.07542309910058975	-0.12076099961996078	0.49422168731689453	-0.4566228985786438	0.2865656018257141	-0.11776962876319885	-0.6691797375679016	0.2300824373960495	0.2812837064266205	0.7263321280479431	-0.7125944495201111	1.535987138748169	-0.27297961711883545	1.8892995119094849	-0.7862645983695984	-0.28627243638038635	-0.5346282124519348	0.17779959738254547	0.30972400307655334	-0.05940013751387596	0.3511281907558441	0.5013858675956726	n/a	0.14006194472312927	1.110284686088562	-0.4058689773082733	0.17792387306690216	0.238541841506958	0.31586340069770813	0.022842980921268463	-0.04330865293741226	0.12238696217536926	0.018095428124070168	0.6953230500221252	-0.36484295129776	1.4562214612960815	-0.5437630414962769	-0.8381356596946716	0.26487940549850464	1.6303434371948242	0.061259038746356964	0.06191803887486458	-0.0953109860420227	-0.3018271327018738	-0.14792704582214355	0.20918621122837067	0.12324775010347366	0.23746559023857117	0.14731894433498383	-0.24143140017986298	0.7882905602455139	-0.4023832380771637	0.001255385810509324	0.18423934280872345	0.2787734270095825	-0.23626868426799774	0.4426998794078827	-0.31572020053863525	0.7161681652069092	-0.32582125067710876	0.07012609392404556	-0.096026711165905	0.05224050581455231	0.04994768649339676	0.35809165239334106	0.4412520229816437	0.3565853238105774	0.04202399030327797
0.4469939172267914	-0.3659350574016571	-0.35557132959365845	-0.09968861192464828	0.09922249615192413	0.44806376099586487	0.48725858330726624	n/a	0.06469380855560303	0.22177764773368835	0.8857471942901611	-0.0910608246922493	-0.17268967628479004	0.0657423883676529	0.3613455295562744	-0.10784811526536942	0.18684114515781403	-0.003530973568558693	-0.3894788920879364	0.16408096253871918	0.17455750703811646	0.6251059174537659	-0.7747799754142761	1.0498813390731812	-0.3115856349468231	1.8699067831039429	-0.3387821614742279	-0.2284662276506424	-0.5647342801094055	0.14595602452754974	0.205320343375206	0.0049815066158771515	0.24378083646297455	0.4165651202201843	n/a	-0.07352271676063538	0.9463154673576355	-0.5977542996406555	-0.26998528838157654	0.4292144775390625	0.4130760729312897	-0.2269308716058731	-0.01926734670996666	0.06518885493278503	-0.06544868648052216	0.5976114869117737	-0.45255401730537415	1.0924243927001953	-0.43515175580978394	-0.5019235014915466	0.31850796937942505	1.5751924514770508	0.06987320631742477	0.03990063816308975	0.34145528078079224	-0.1625468134880066	-0.07544528692960739	0.17960631847381592	0.15579579770565033	0.11756628006696701	0.10474378615617752	-0.020647145807743073	0.6356741189956665	-0.18433064222335815	0.07414013892412186	0.11974019557237625	0.3138476312160492	-0.4632744789123535	0.4444673955440521	-0.34455710649490356	0.7194460034370422	-0.28045788407325745	-0.0016666807932779193	0.044825565069913864	0.08138392120599747	0.05619048699736595	0.3811667263507843	0.3789549469947815	0.36150065064430237	0.029969070106744766
0.6439552903175354	-0.3938973546028137	-0.3421778976917267	-0.19117440283298492	0.22941003739833832	0.30610471963882446	0.49030381441116333	n/a	0.1109885573387146	-0.13283155858516693	0.6605755090713501	-0.4808471202850342	-0.4123428165912628	0.20427142083644867	0.1677679419517517	0.2557334005832672	0.03338165581226349	0.09028404206037521	-0.06790488958358765	0.058618705719709396	0.009496523067355156	0.41217556595802307	-0.7071639895439148	0.6189669966697693	-0.32596033811569214	1.5979607105255127	0.1488930881023407	-0.10260745882987976	-0.5502598285675049	0.06600897759199142	0.05567054823040962	0.08262906968593597	0.15141968429088593	0.34333622455596924	n/a	-0.2672625184059143	0.6445861458778381	-0.6838670969009399	-0.5806535482406616	0.5007374882698059	0.36288461089134216	-0.46367713809013367	0.03309947997331619	0.0010913718724623322	-0.15998680889606476	0.3761782944202423	-0.462929368019104	0.6956212520599365	-0.2901057004928589	-0.029639042913913727	0.33094415068626404	1.325984239578247	0.07418647408485413	0.026228463277220726	0.7092447876930237	0.012160335667431355	0.003770682029426098	0.1418086439371109	0.16162998974323273	-0.001254596863873303	0.05694065988063812	0.17415544390678406	0.3952048420906067	0.08133970201015472	0.06273740530014038	0.06901980936527252	0.3070319890975952	-0.6379333734512329	0.4034501910209656	-0.3310970962047577	0.6219363808631897	-0.19753901660442352	-0.08095390349626541	0.16408494114875793	0.10194830596446991	0.06400755792856216	0.3392900824546814	0.2746425271034241	0.30290839076042175	0.002337257144972682
0.7798500657081604	-0.36989250779151917	-0.2674800753593445	-0.27100083231925964	0.3218115568161011	0.17356526851654053	0.5118618011474609	n/a	0.15650618076324463	-0.42169347405433655	0.3894402086734772	-0.7499892115592957	-0.5718082785606384	0.2810986340045929	-0.0652017667889595	0.5874418020248413	-0.12557148933410645	0.15746399760246277	0.24786584079265594	-0.08533917367458344	-0.18483158946037292	0.1357126086950302	-0.53251713514328	0.31995889544487	-0.31406617164611816	1.1068083047866821	0.5714460611343384	0.09130742400884628	-0.491562157869339	-0.07747112214565277	-0.09956054389476776	0.1594594269990921	0.0881076231598854	0.2750919759273529	n/a	-0.38869500160217285	0.2494707554578781	-0.6315344572067261	-0.6876963376998901	0.44921714067459106	0.1652740091085434	-0.6410143375396729	0.10379189997911453	-0.06353196501731873	-0.24046508967876434	0.08969586342573166	-0.4138057231903076	0.3727511465549469	-0.15686677396297455	0.4715234339237213	0.30502909421920776	0.9109553694725037	0.07142647355794907	0.011864371597766876	0.9143967628479004	0.18207472562789917	0.0679362341761589	0.10243090987205505	0.13575606048107147	-0.09169254451990128	0.014854290522634983	0.3003557622432709	0.11533068865537643	0.31452447175979614	-0.008796091191470623	0.03445598483085632	0.2561858594417572	-0.7376304864883423	0.334240198135376	-0.2727183401584625	0.43463459610939026	-0.10681231319904327	-0.1499805748462677	0.22691145539283752	0.10904648900032043	0.0670863538980484	0.2284817099571228	0.14448793232440948	0.18853452801704407	-0.038285233080387115
0.8381664752960205	-0.2820209264755249	-0.19959355890750885	-0.28372424840927124	0.3546923100948334	0.07068710774183273	0.5089352130889893	n/a	0.18314439058303833	-0.5831092000007629	0.10375859588384628	-0.8535741567611694	-0.5967610478401184	0.28270423412323	-0.31941884756088257	0.8173200488090515	-0.25715482234954834	0.19339540600776672	0.4775165915489197	-0.24474409222602844	-0.36345651745796204	-0.1217089295387268	-0.3530738651752472	0.15398462116718292	-0.2933351397514343	0.5106073617935181	0.8406897187232971	0.3216210603713989	-0.38039833307266235	-0.2331303060054779	-0.21233634650707245	0.22521990537643433	0.07073958963155746	0.21311882138252258	n/a	-0.40568259358406067	-0.14196498692035675	-0.45004546642303467	-0.596398115158081	0.29305630922317505	-0.12017280608415604	-0.7839441895484924	0.1679963767528534	-0.11968821287155151	-0.2784994840621948	-0.14168518781661987	-0.3664778470993042	0.2014329582452774	-0.08168900012969971	0.8267385363578796	0.31541749835014343	0.4652417004108429	0.06351161748170853	8.159525896189734e-05	0.898388147354126	0.2986731231212616	0.09976839274168015	0.06448833644390106	0.08386217802762985	-0.14288422465324402	-0.029192544519901276	0.3360632359981537	-0.12412194907665253	0.43187764286994934	-0.09915106743574142	0.010742133483290672	0.15851370990276337	-0.7543253302574158	0.2423568069934845	-0.1870688796043396	0.1969393938779831	-0.058022432029247284	-0.19169946014881134	0.19749172031879425	0.0993226170539856	0.06767187267541885	0.07404449582099915	0.010450636968016624	0.04282208904623985	-0.07462240010499954
0.7303112745285034	-0.08687049895524979	-0.18460100889205933	-0.18987014889717102	0.3147132992744446	-0.01251864805817604	0.4495014548301697	n/a	0.18206414580345154	-0.5718649625778198	-0.17152105271816254	-0.7702229022979736	-0.4569927155971527	0.19528010487556458	-0.5422331690788269	0.8152151107788086	-0.300864577293396	0.18118150532245636	0.5504176616668701	-0.35426586866378784	-0.45330891013145447	-0.2757655084133148	-0.25003212690353394	0.021659914404153824	-0.2645968496799469	-0.09495706111192703	0.8459725379943848	0.5098971724510193	-0.17701007425785065	-0.3155606985092163	-0.23528529703617096	0.2677479386329651	0.07882692664861679	0.1638645976781845	n/a	-0.31887924671173096	-0.4244976043701172	-0.1851840317249298	-0.3637028634548187	0.0651453360915184	-0.3955715000629425	-0.8586158156394958	0.20403726398944855	-0.13452449440956116	-0.2539074420928955	-0.20842179656028748	-0.3608757555484772	0.15297482907772064	-0.06656690686941147	0.8354924917221069	0.3711388409137726	0.08247479796409607	0.047243881970644	0.004656878765672445	0.5892841815948486	0.331339567899704	0.09760332107543945	0.03370844945311546	0.02116268128156662	-0.1550561636686325	-0.07513996213674545	0.2722265124320984	-0.2588825821876526	0.38082918524742126	-0.1684553623199463	0.0042016892693936825	0.01859365589916706	-0.6590645909309387	0.13689108192920685	-0.09076286107301712	-0.042818330228328705	-0.07957781106233597	-0.18351618945598602	0.05772579461336136	0.0695258229970932	0.06632817536592484	-0.09277647733688354	-0.10407673567533493	-0.09387670457363129	-0.07396916300058365
0.3370770514011383	0.2444142997264862	-0.19601498544216156	0.008727369830012321	0.20492899417877197	-0.12479592859745026	0.31386321783065796	n/a	0.153227761387825	-0.38062989711761475	-0.4377738833427429	-0.4972521662712097	-0.18278327584266663	0.033839572221040726	-0.6367892026901245	0.4725784659385681	-0.17818883061408997	0.09923423081636429	0.4534444212913513	-0.34636425971984863	-0.38540616631507874	-0.3031079173088074	-0.19538766145706177	-0.21234415471553802	-0.19177564978599548	-0.6977489590644836	0.4973856806755066	0.5505276918411255	0.15840432047843933	-0.2766776382923126	-0.14471563696861267	0.26727861166000366	0.05005718022584915	0.12669534981250763	n/a	-0.15920224785804749	-0.5606525540351868	0.10468065738677979	-0.07013435661792755	-0.17837899923324585	-0.5702968239784241	-0.7236002683639526	0.20022353529930115	-0.07283478230237961	-0.16809400916099548	-0.10717685520648956	-0.3556656539440155	0.08889231085777283	-0.05410885810852051	0.42010849714279175	0.36796215176582336	-0.2812086343765259	0.01788250170648098	0.03271912410855293	-0.0510590597987175	0.2855773866176605	0.07380847632884979	0.006656286306679249	-0.04212821274995804	-0.1368420124053955	-0.10662734508514404	0.10115835815668106	-0.30082273483276367	0.1698201298713684	-0.22023417055606842	0.0262391846626997	-0.13962924480438232	-0.42149239778518677	0.02253246121108532	0.00864036101847887	-0.2605260908603668	-0.1462991088628769	-0.1191377118229866	-0.16213519871234894	0.01932040974497795	0.057275354862213135	-0.2491328865289688	-0.18176709115505219	-0.17856059968471527	-0.013538037426769733
-0.350850909948349	0.6432619690895081	-0.13678881525993347	0.2598283886909485	0.05134105309844017	-0.3123164176940918	0.08883094787597656	n/a	0.0999431237578392	-0.053014665842056274	-0.7101759910583496	-0.061337850987911224	0.1257932484149933	-0.13852837681770325	-0.5109643936157227	-0.1615075021982193	0.1373414546251297	-0.05155770480632782	0.23122930526733398	-0.21111805737018585	-0.14411835372447968	-0.26889854669570923	-0.08341348171234131	-0.5976954698562622	-0.034373797476291656	-1.3209525346755981	-0.16980904340744019	0.3713074028491974	0.5863507390022278	-0.14136147499084473	0.03648673743009567	0.20483985543251038	-0.06656558811664581	0.08021781593561172	n/a	0.0351676344871521	-0.5983269214630127	0.3853723406791687	0.20435497164726257	-0.3610127568244934	-0.5908182263374329	-0.244783416390419	0.15529493987560272	0.060565609484910965	-0.03658977523446083	0.043991051614284515	-0.24591776728630066	-0.1285138726234436	0.025340622290968895	-0.26461610198020935	0.2094191312789917	-0.7205609083175659	-0.015306754969060421	0.0678657814860344	-0.9147158861160278	0.1930907815694809	0.040370505303144455	-0.038957878947257996	-0.11021651327610016	-0.10384465754032135	-0.10917612910270691	-0.1723136454820633	-0.3188468813896179	-0.13517716526985168	-0.2950573265552521	0.06466042250394821	-0.2763994336128235	-0.06668893247842789	-0.11218070238828659	0.10309095680713654	-0.4612787067890167	-0.20426878333091736	-0.032972197979688644	-0.3840879499912262	-0.04648732766509056	0.035357192158699036	-0.37551090121269226	-0.2193639874458313	-0.19211798906326294	0.08775002509355545
-1.1638191938400269	0.95478355884552	0.06090531498193741	0.4883595108985901	-0.10440775752067566	-0.5640579462051392	-0.21788769960403442	n/a	0.022086376324295998	0.3290359079837799	-0.9795567989349365	0.4640783369541168	0.3623068928718567	-0.248936265707016	-0.15457603335380554	-0.8693114519119263	0.5833548903465271	-0.23030458390712738	-0.03002663142979145	-0.0011553290532901883	0.20912741124629974	-0.25702160596847534	0.1432332992553711	-1.050628900527954	0.19941799342632294	-1.9243710041046143	-0.9820485711097717	0.009186701849102974	0.9646908640861511	0.018970314413309097	0.24913188815116882	0.08259475231170654	-0.2603784501552582	-0.0019071940332651138	n/a	0.23216503858566284	-0.5977954268455505	0.6455233693122864	0.4028225839138031	-0.4281715750694275	-0.4491235315799713	0.5440177321434021	0.09425880014896393	0.217253178358078	0.11778564751148224	0.12114227563142776	0.025856709107756615	-0.49826517701148987	0.17707014083862305	-0.9213685393333435	-0.0666230171918869	-1.2418698072433472	-0.025454597547650337	0.07975783199071884	-1.7468568086624146	0.08283400535583496	-0.001174681936390698	-0.11536755412817001	-0.18536712229251862	-0.07389703392982483	-0.08087721467018127	-0.5028202533721924	-0.3441108167171478	-0.44776496291160583	-0.4096343219280243	0.08980400115251541	-0.3571115732192993	0.3134832978248596	-0.25627392530441284	0.18211406469345093	-0.6342740654945374	-0.22349882125854492	0.026138855144381523	-0.5337834358215332	-0.11939927935600281	0.0011030135210603476	-0.46117034554481506	-0.22719356417655945	-0.15695323050022125	0.17973993718624115
-1.8329628705978394	1.030571460723877	0.37250015139579773	0.6268001794815063	-0.22244110703468323	-0.7993149757385254	-0.5660094618797302	n/a	-0.07966012507677078	0.6752464771270752	-1.1877949237823486	0.9682563543319702	0.4688898026943207	-0.27312570810317993	0.32108357548713684	-1.3902784585952759	1.030035376548767	-0.3752383887767792	-0.23615878820419312	0.20760305225849152	0.5600335001945496	-0.2945277690887451	0.4316810965538025	-1.405414342880249	0.43613988161087036	-2.3774685859680176	-1.7009665966033936	-0.393930584192276	1.1211198568344116	0.1438252478837967	0.42436128854751587	-0.06803522258996964	-0.45219293236732483	-0.13013918697834015	n/a	0.4095916450023651	-0.5702100396156311	0.8758820295333862	0.5019091367721558	-0.39450588822364807	-0.18650038540363312	1.4239754676818848	0.0601932629942894	0.33455735445022583	0.27071571350097656	0.09191301465034485	0.40770238637924194	-0.8586434125900269	0.32773011922836304	-1.2853753566741943	-0.29891374707221985	-1.7241958379745483	0.014080815948545933	0.04868372902274132	-2.257280111312866	-0.03161370009183884	-0.05257952958345413	-0.20321781933307648	-0.2541145086288452	-0.05821353197097778	-0.03004363179206848	-0.7931898236274719	-0.34483271837234497	-0.6824216842651367	-0.5284889340400696	0.08643065392971039	-0.3658004701137543	0.6089825630187988	-0.36235666275024414	0.2382870763540268	-0.733176052570343	-0.2118137925863266	0.034805573523044586	-0.5776760578155518	-0.18738149106502533	-0.03698311373591423	-0.5078704357147217	-0.22062453627586365	-0.11803604662418365	0.21858817338943481
-2.1300275325775146	0.8042432069778442	0.7252160906791687	0.63254314661026	-0.2777193784713745	-0.9069933891296387	-0.8921335935592651	n/a	-0.18976348638534546	0.915802001953125	-1.2499022483825684	1.335654377937317	0.42546361684799194	-0.2382178157567978	0.7133150100708008	-1.5535813570022583	1.3249326944351196	-0.44184523820877075	-0.35858404636383057	0.3443807363510132	0.7994502186775208	-0.3548166751861572	0.6574562191963196	-1.4965192079544067	0.5507788062095642	-2.501664638519287	-2.107060194015503	-0.6825810670852661	0.9559921622276306	0.24383090436458588	0.5066949129104614	-0.19716361165046692	-0.5274949073791504	-0.2923666536808014	n/a	0.5564228892326355	-0.48436421155929565	1.058184266090393	0.5022959113121033	-0.3266383409500122	0.1201648861169815	2.102417469024658	0.060268551111221313	0.3637234568595886	0.407073050737381	0.005614919122308493	0.7740544080734253	-0.9851305484771729	0.38363152742385864	-1.2334290742874146	-0.2967293858528137	-1.9486711025238037	0.10818690806627274	-0.02496921643614769	-2.2575531005859375	-0.13699369132518768	-0.10680420696735382	-0.2701248526573181	-0.29351693391799927	-0.05719520524144173	0.023938195779919624	-0.9191237092018127	-0.2854312062263489	-0.7625271081924438	-0.6023197174072266	0.059158116579055786	-0.3031536340713501	0.7355090379714966	-0.4013333022594452	0.2609851360321045	-0.7152995467185974	-0.19342590868473053	-0.004379104357212782	-0.5188043117523193	-0.23321890830993652	-0.06136295944452286	-0.5075448155403137	-0.20231226086616516	-0.10145387798547745	0.19166313111782074
-1.9851467609405518	0.3288833498954773	1.0419403314590454	0.5030737519264221	-0.26310354471206665	-0.818828284740448	-1.1234511137008667	n/a	-0.27490857243537903	1.0110069513320923	-1.1111499071121216	1.4707943201065063	0.23453618586063385	-0.18232452869415283	0.8365486860275269	-1.349387764930725	1.3650283813476562	-0.4247303903102875	-0.45654407143592834	0.36702394485473633	0.8756137490272522	-0.3983897268772125	0.7035342454910278	-1.2614772319793701	0.4258863031864166	-2.147697925567627	-2.084475517272949	-0.772575318813324	0.5061250925064087	0.39304259419441223	0.47478997707366943	-0.2567594349384308	-0.4125159680843353	-0.45367732644081116	n/a	0.6567255258560181	-0.3095115125179291	1.1519461870193481	0.4164492189884186	-0.2750869393348694	0.3965966999530792	2.352606773376465	0.04403124749660492	0.29330942034721375	0.5169786214828491	-0.06834400445222855	0.9938068389892578	-0.7489350438117981	0.297141969203949	-0.821988582611084	0.03415451571345329	-1.6942709684371948	0.23479287326335907	-0.12454687803983688	-1.7584229707717896	-0.20689882338047028	-0.1446806639432907	-0.29055798053741455	-0.2824065089225769	-0.0654670000076294	0.05838107317686081	-0.7960095405578613	-0.1627769023180008	-0.6505860686302185	-0.61097252368927	0.016998613253235817	-0.1819646805524826	0.6549960374832153	-0.3910147249698639	0.23092304170131683	-0.5743741989135742	-0.18766950070858002	-0.07788766175508499	-0.38407859206199646	-0.2393963485956192	-0.05610678344964981	-0.4310353696346283	-0.15256942808628082	-0.09612184017896652	0.12242501229047775
-1.531793236732483	-0.23430223762989044	1.2476565837860107	0.2759225070476532	-0.1915964037179947	-0.5678576231002808	-1.2020217180252075	n/a	-0.30189868807792664	0.9539482593536377	-0.7902151346206665	1.3332468271255493	-0.05009348317980766	-0.13071858882904053	0.659206211566925	-0.9153758883476257	1.1709002256393433	-0.3511810898780823	-0.5892332792282104	0.29199275374412537	0.8112746477127075	-0.4010678231716156	0.5566162467002869	-0.8132693767547607	0.06659359484910965	-1.318447232246399	-1.6722735166549683	-0.6789592504501343	-0.07020924240350723	0.6179824471473694	0.34637653827667236	-0.22660388052463531	-0.1524423211812973	-0.5735251307487488	n/a	0.6794251799583435	-0.06619371473789215	1.103829026222229	0.28144189715385437	-0.2415350377559662	0.6051391363143921	2.148444890975952	-0.036029499024152756	0.16012932360172272	0.5824967622756958	-0.10584062337875366	1.0124435424804688	-0.25428760051727295	0.10548613220453262	-0.24524734914302826	0.5745316743850708	-0.9312202334403992	0.3552144765853882	-0.21974943578243256	-0.9588011503219604	-0.2163407951593399	-0.14380009472370148	-0.2523520290851593	-0.21632517874240875	-0.07284635305404663	0.0679459273815155	-0.45255357027053833	-0.0083914864808321	-0.3788072168827057	-0.5609962344169617	-0.028393911197781563	-0.024139776825904846	0.40042644739151	-0.36019572615623474	0.1422753781080246	-0.3431892693042755	-0.19263407588005066	-0.16227145493030548	-0.21069294214248657	-0.20191499590873718	-0.0247995313256979	-0.2598702013492584	-0.05279291793704033	-0.07707978785037994	0.049088384956121445
-1.011012315750122	-0.7004556655883789	1.2938692569732666	0.01122861634939909	-0.09502511471509933	-0.26666152477264404	-1.1144239902496338	n/a	-0.2573891282081604	0.7755191326141357	-0.3702775537967682	0.9689280390739441	-0.32092487812042236	-0.08997111767530441	0.316881000995636	-0.43209871649742126	0.8721616268157959	-0.25643953680992126	-0.7397908568382263	0.18342028558254242	0.6745688319206238	-0.35861936211586	0.32020676136016846	-0.37051862478256226	-0.37287864089012146	-0.2243943214416504	-1.027592420578003	-0.47884416580200195	-0.584267795085907	0.8314722776412964	0.16286994516849518	-0.12590955197811127	0.10628227889537811	-0.6285098791122437	n/a	0.6021791100502014	0.1691880077123642	0.8915160298347473	0.15162843465805054	-0.19954749941825867	0.7445997595787048	1.673675537109375	-0.16635029017925262	0.028511563315987587	0.582649290561676	-0.137150838971138	0.8760029077529907	0.21579426527023315	-0.09115629643201828	0.28865179419517517	1.0495328903198242	0.08803065121173859	0.4309654235839844	-0.27499720454216003	-0.1336258202791214	-0.16469132900238037	-0.09455389529466629	-0.16236327588558197	-0.11555328965187073	-0.0647738128900528	0.06717458367347717	-0.023978600278496742	0.11700449138879776	-0.03603668138384819	-0.4646892249584198	-0.06081505864858627	0.1419278234243393	0.06660127639770508	-0.3166113495826721	0.024419670924544334	-0.08627448230981827	-0.18428468704223633	-0.2278795689344406	-0.03275080397725105	-0.13624171912670135	0.009953213855624199	-0.016014384105801582	0.08491263538599014	-0.038001980632543564	-0.007449058350175619
-0.6057583689689636	-0.9550934433937073	1.190913438796997	-0.22720174491405487	-0.00598776713013649	-0.02443339116871357	-0.8910251259803772	n/a	-0.15241113305091858	0.532781183719635	0.051362939178943634	0.4876721501350403	-0.4889870285987854	-0.04540587216615677	-0.022729024291038513	-0.022703170776367188	0.6098896265029907	-0.16677217185497284	-0.8399059176445007	0.10131637752056122	0.5295647978782654	-0.27795279026031494	0.10167945176362991	-0.0998893529176712	-0.7149161100387573	0.8206092119216919	-0.3342008590698242	-0.24412089586257935	-0.9093014597892761	0.9091323614120483	-0.02899990789592266	0.004857674241065979	0.22692589461803436	-0.6126048564910889	n/a	0.4361477196216583	0.3269350230693817	0.5536587238311768	0.03682958707213402	-0.12224258482456207	0.8141458630561829	1.17369544506073	-0.29230180382728577	-0.046096865087747574	0.5128324627876282	-0.19081780314445496	0.653549313545227	0.42781907320022583	-0.2076210230588913	0.6617634296417236	1.2387456893920898	0.9807661175727844	0.4386153817176819	-0.26578301191329956	0.48985910415649414	-0.0726122260093689	-0.005228199064731598	-0.044760506600141525	-0.010713417083024979	-0.03402233123779297	0.07282344996929169	0.3416459858417511	0.14659301936626434	0.2856288254261017	-0.33614781498908997	-0.07110279053449631	0.2854439914226532	-0.25423598289489746	-0.251146525144577	-0.07598038017749786	0.12219581007957458	-0.13803912699222565	-0.2542306184768677	0.12427657842636108	-0.06373612582683563	0.028705649077892303	0.2507907450199127	0.22343593835830688	0.0053840139880776405	-0.04788888245820999
-0.3803786337375641	-0.9722880125045776	1.0076320171356201	-0.3875415027141571	0.062154315412044525	0.10956106334924698	-0.5785563588142395	n/a	-0.014432968571782112	0.2863832712173462	0.4077132046222687	0.009939835406839848	-0.5392083525657654	0.02865004912018776	-0.2701197564601898	0.2493448406457901	0.47235938906669617	-0.1037260890007019	-0.8273976445198059	0.07641679793596268	0.4162086844444275	-0.16964149475097656	-0.0748257264494896	-0.038604605942964554	-0.870802640914917	1.5381784439086914	0.25376710295677185	-0.01601819135248661	-1.0022759437561035	0.7913492321968079	-0.18783864378929138	0.13054783642292023	0.16268117725849152	-0.5261023044586182	n/a	0.2203773856163025	0.3961227536201477	0.17693142592906952	-0.12669095396995544	0.004577202722430229	0.7814382314682007	0.8323476314544678	-0.3682613968849182	-0.032336365431547165	0.3940637409687042	-0.25759488344192505	0.3705877959728241	0.33950498700141907	-0.22267699241638184	0.8446113467216492	1.0791054964065552	1.4299434423446655	0.37168413400650024	-0.18572981655597687	0.7787060141563416	0.04012494534254074	0.10815539956092834	0.07119452208280563	0.07535095512866974	0.012794962152838707	0.09373431652784348	0.5602123737335205	0.03496377170085907	0.537566065788269	-0.1863892823457718	-0.06294010579586029	0.3815774917602539	-0.5091353058815002	-0.1504831165075302	-0.12490065395832062	0.22779496014118195	-0.04539414495229721	-0.23594187200069427	0.2474425882101059	0.004464749712496996	0.03032316453754902	0.49155566096305847	0.32872381806373596	0.035765036940574646	-0.0740557461977005
-0.311310738325119	-0.7868054509162903	0.8308855295181274	-0.4408210217952728	0.11701532453298569	0.14557059109210968	-0.21844233572483063	n/a	0.1266079545021057	0.08070652931928635	0.6688263416290283	-0.37754982709884644	-0.5118395686149597	0.15198275446891785	-0.4284304678440094	0.3566642105579376	0.48582178354263306	-0.08318079262971878	-0.6761969923973083	0.11318214982748032	0.3494913578033447	-0.04391168802976608	-0.2575608193874359	-0.13192707300186157	-0.8534178733825684	1.7780877351760864	0.6359771490097046	0.1800941377878189	-0.8829188942909241	0.5106910467147827	-0.2817211151123047	0.23468025028705597	-0.043440528213977814	-0.37271156907081604	n/a	-0.0018342663533985615	0.4125617742538452	-0.14238491654396057	-0.4160658121109009	0.18010875582695007	0.5982605814933777	0.7168708443641663	-0.3781457245349884	0.07428180426359177	0.25861504673957825	-0.3033332824707031	0.01813228242099285	0.06299599260091782	-0.16831527650356293	0.8520447015762329	0.6392239928245544	1.3031362295150757	0.23993472754955292	-0.043073493987321854	0.6961218118667603	0.1671963930130005	0.23096196353435516	0.1617792397737503	0.1310897171497345	0.061118099838495255	0.12304973602294922	0.6200523972511292	-0.2195916622877121	0.7170628905296326	-0.021380269899964333	-0.04842468351125717	0.4202878475189209	-0.6725457906723022	-0.008658037520945072	-0.11803293228149414	0.21626980602741241	0.079720638692379	-0.1780758947134018	0.33950477838516235	0.06901073455810547	0.029111433774232864	0.6707761883735657	0.38504019379615784	0.050214607268571854	-0.07854840159416199
-0.2955387532711029	-0.48783254623413086	0.70887291431427	-0.387555330991745	0.1780817210674286	0.13066966831684113	0.14931565523147583	n/a	0.24716877937316895	-0.06928441673517227	0.8307909369468689	-0.6449189186096191	-0.4665707051753998	0.3245103657245636	-0.5785225629806519	0.3336294889450073	0.6060279011726379	-0.09772853553295135	-0.4117166996002197	0.1821717470884323	0.30955803394317627	0.09106452763080597	-0.529865562915802	-0.29155197739601135	-0.7601321935653687	1.5931049585342407	0.8047682642936707	0.3307246267795563	-0.6302267909049988	0.1658225804567337	-0.2939262092113495	0.31977733969688416	-0.2862693667411804	-0.1676100641489029	n/a	-0.19622567296028137	0.4226016104221344	-0.3268992602825165	-0.8433572053909302	0.38353779911994934	0.2502395808696747	0.7331174612045288	-0.3353775143623352	0.23852387070655823	0.13285517692565918	-0.2875089645385742	-0.4145178198814392	-0.213792622089386	-0.11268962174654007	0.7412837743759155	0.11372460424900055	0.7424934506416321	0.07859484106302261	0.13605104386806488	0.33571934700012207	0.31092569231987	0.3505556583404541	0.21271397173404694	0.155306875705719	0.09090108424425125	0.12878169119358063	0.566323459148407	-0.5512225031852722	0.8371160626411438	0.13922721147537231	-0.048632342368364334	0.4069756865501404	-0.7481803894042969	0.15625141561031342	-0.09232494235038757	0.12408110499382019	0.1914927214384079	-0.0975816622376442	0.4110126495361328	0.13243833184242249	0.04557516798377037	0.7691929936408997	0.39175382256507874	0.05673404783010483	-0.056697458028793335
-0.1889655739068985	-0.20635230839252472	0.6331029534339905	-0.2594723105430603	0.2655336558818817	0.12780600786209106	0.46504098176956177	n/a	0.32604095339775085	-0.1666230410337448	0.9112650156021118	-0.8013571500778198	-0.4541480243206024	0.5135947465896606	-0.8232131004333496	0.2678036093711853	0.7375302314758301	-0.11894621700048447	-0.11561042070388794	0.2283201366662979	0.25913071632385254	0.22706177830696106	-0.9507604241371155	-0.41499924659729004	-0.7284864187240601	1.215537428855896	0.842622697353363	0.4376468062400818	-0.37023818492889404	-0.12866200506687164	-0.23282340168952942	0.39607691764831543	-0.4360489845275879	0.04770338535308838	n/a	-0.32882294058799744	0.4624701142311096	-0.3248986303806305	-1.3383198976516724	0.5656439661979675	-0.2106514871120453	0.6954676508903503	-0.27662959694862366	0.39379003643989563	0.044173743575811386	-0.18039366602897644	-0.9068311452865601	-0.2899410128593445	-0.13769744336605072	0.5979297757148743	-0.24242852628231049	0.10806657373905182	-0.06094975396990776	0.3029025197029114	-0.09938866645097733	0.47042039036750793	0.4553346335887909	0.22353042662143707	0.15843674540519714	0.08145490288734436	0.07420878112316132	0.48165184259414673	-0.8352388143539429	0.902998149394989	0.2689858376979828	-0.08537773042917252	0.35535478591918945	-0.7691171765327454	0.30238115787506104	-0.10532675683498383	0.025192638859152794	0.22644966840744019	-0.02077065221965313	0.4639926850795746	0.18997244536876678	0.09252595156431198	0.7886285781860352	0.35898905992507935	0.06121312081813812	-0.018705151975154877
0.06373246014118195	-0.044662125408649445	0.5703514218330383	-0.10261658579111099	0.3821111023426056	0.17764905095100403	0.6571077108383179	n/a	0.34364786744117737	-0.2093551754951477	0.9296321272850037	-0.8573685884475708	-0.47944244742393494	0.6653620004653931	-1.163504958152771	0.21460095047950745	0.813872754573822	-0.12663346529006958	0.1122477725148201	0.22104066610336304	0.1969955861568451	0.34991908073425293	-1.4615424871444702	-0.4242182970046997	-0.8209184408187866	0.8791572451591492	0.829584002494812	0.4995734989643097	-0.20472398400306702	-0.308377742767334	-0.12619616091251373	0.46069616079330444	-0.41680842638015747	0.20954358577728271	n/a	-0.3683403432369232	0.534310519695282	-0.12991061806678772	-1.7840460538864136	0.6755592823028564	-0.6764841675758362	0.5248409509658813	-0.2373807281255722	0.4921667277812958	0.02439199946820736	0.0030556684359908104	-1.3709365129470825	-0.07756522297859192	-0.2728416919708252	0.4617781341075897	-0.32065948843955994	-0.299133837223053	-0.15008124709129333	0.4059467315673828	-0.4503805637359619	0.63045334815979	0.5349076986312866	0.20950935781002045	0.1561029702425003	0.0288825836032629	-0.037807464599609375	0.4297761023044586	-0.9596187472343445	0.9060242772102356	0.37263205647468567	-0.15705880522727966	0.28239700198173523	-0.7545899748802185	0.392263263463974	-0.17916755378246307	-0.01598091423511505	0.1527203619480133	0.03509850800037384	0.4897724986076355	0.22888895869255066	0.15867847204208374	0.748651385307312	0.3070738911628723	0.06739898025989532	0.021426107734441757
0.35796770453453064	-0.016285255551338196	0.49658069014549255	0.054181892424821854	0.4989975392818451	0.25312384963035583	0.6846190094947815	n/a	0.2949831187725067	-0.19209450483322144	0.8766811490058899	-0.8147308230400085	-0.48927780985832214	0.7479571104049683	-1.4408820867538452	0.16457588970661163	0.8548897504806519	-0.11837949603796005	0.22610972821712494	0.18581555783748627	0.17333073914051056	0.43873247504234314	-1.8695895671844482	-0.3400985896587372	-0.9450768232345581	0.6557887196540833	0.7646535634994507	0.4945768415927887	-0.14678530395030975	-0.39636027812957764	0.004851977340877056	0.4867694675922394	-0.2788228988647461	0.2680254578590393	n/a	-0.314475417137146	0.5844489932060242	0.19507279992103577	-2.05973482131958	0.7131860256195068	-1.0241124629974365	0.3356441855430603	-0.22024817764759064	0.5365319848060608	0.08674387633800507	0.18667319416999817	-1.663970708847046	0.27747976779937744	-0.44404762983322144	0.30476561188697815	-0.25782379508018494	-0.45915544033050537	-0.19917529821395874	0.42268106341362	-0.7146962285041809	0.7572966814041138	0.5765636563301086	0.19029395282268524	0.15472565591335297	-0.04664355888962746	-0.15963038802146912	0.3945121169090271	-0.9001322984695435	0.8230519890785217	0.47908538579940796	-0.2351987510919571	0.2046310156583786	-0.6785126328468323	0.4144562780857086	-0.27973470091819763	0.008612721227109432	-0.002678960096091032	0.07209288328886032	0.48536452651023865	0.233038529753685	0.20834852755069733	0.6717286705970764	0.25706079602241516	0.08199524879455566	0.05886479467153549
0.5447860956192017	-0.07224705070257187	0.40093478560447693	0.21255375444889069	0.5715984106063843	0.2769581973552704	0.5664830207824707	n/a	0.19746915996074677	-0.13038037717342377	0.72530198097229	-0.692135751247406	-0.42140841484069824	0.7746644020080566	-1.4609501361846924	0.11336004734039307	0.9182431697845459	-0.09078437834978104	0.26577675342559814	0.16581642627716064	0.2305879294872284	0.478137731552124	-1.9875192642211914	-0.2723206877708435	-0.9417824745178223	0.4865367114543915	0.6007218956947327	0.4021332561969757	-0.1477184295654297	-0.456842839717865	0.15880167484283447	0.4427403211593628	-0.15327639877796173	0.22345325350761414	n/a	-0.21244430541992188	0.5363605618476868	0.5375702381134033	-2.090648889541626	0.7289387583732605	-1.166334867477417	0.27842947840690613	-0.19440598785877228	0.5506543517112732	0.20480838418006897	0.2839886546134949	-1.6827285289764404	0.5012183785438538	-0.5298100709915161	0.11086646467447281	-0.25154367089271545	-0.534720778465271	-0.22674690186977386	0.3642641305923462	-0.9618237018585205	0.8114753365516663	0.5648930668830872	0.17560438811779022	0.1481286734342575	-0.11915874481201172	-0.24497933685779572	0.30125221610069275	-0.7123307585716248	0.6318050026893616	0.5822218656539917	-0.2917996346950531	0.13110008835792542	-0.5131894946098328	0.38053032755851746	-0.36197608709335327	0.05830078572034836	-0.18591861426830292	0.0979752391576767	0.459291011095047	0.1917603313922882	0.20749914646148682	0.572053849697113	0.21732226014137268	0.10778864473104477	0.09088237583637238
0.5819079875946045	-0.1474476158618927	0.26461261510849	0.38610732555389404	0.5700768232345581	0.20108956098556519	0.37594980001449585	n/a	0.08305919170379639	-0.07046309858560562	0.4709494709968567	-0.5442571043968201	-0.26054805517196655	0.7754004597663879	-1.1566472053527832	0.09683031588792801	1.0093318223953247	-0.03490181639790535	0.30997270345687866	0.16821423172950745	0.3384450674057007	0.46609753370285034	-1.7736425399780273	-0.29817163944244385	-0.7296640872955322	0.3141908645629883	0.3171980679035187	0.22435708343982697	-0.15506017208099365	-0.517914891242981	0.33964768052101135	0.3205910623073578	-0.12301099300384521	0.12835724651813507	n/a	-0.13174694776535034	0.35816115140914917	0.7848072052001953	-1.8724397420883179	0.7638776302337646	-1.0904295444488525	0.3442798852920532	-0.1296398639678955	0.5376784205436707	0.310547798871994	0.26554569602012634	-1.4386308193206787	0.4510526955127716	-0.46941402554512024	-0.07809558510780334	-0.35349494218826294	-0.620658278465271	-0.2327219545841217	0.2580914795398712	-1.195813536643982	0.7693313360214233	0.4909484386444092	0.16053132712841034	0.12699027359485626	-0.17188620567321777	-0.2811943292617798	0.10007341206073761	-0.4641927480697632	0.3411508798599243	0.6091222763061523	-0.3135574162006378	0.06136578321456909	-0.2876286506652832	0.31215566396713257	-0.413344144821167	0.09501636773347855	-0.3600638508796692	0.11480198800563812	0.41786545515060425	0.11037622392177582	0.15139244496822357	0.4460819959640503	0.18223115801811218	0.13849103450775146	0.11009547859430313
0.5517957806587219	-0.17979547381401062	0.05336637794971466	0.5723852515220642	0.4896181523799896	0.056691426783800125	0.20417819917201996	n/a	-0.017167063429951668	-0.06215158477425575	0.15100102126598358	-0.4350244104862213	-0.038376010954380035	0.7542905211448669	-0.6205443739891052	0.15168820321559906	1.0539774894714355	0.05048879608511925	0.4046154022216797	0.15991109609603882	0.3980449140071869	0.40876805782318115	-1.320824384689331	-0.3686400055885315	-0.34405460953712463	0.1410839557647705	-0.05567893013358116	-0.022366976365447044	-0.13555049896240234	-0.5600261688232422	0.5376306176185608	0.14110471308231354	-0.16076388955116272	0.052339497953653336	n/a	-0.12549926340579987	0.08990617841482162	0.8616257905960083	-1.4365185499191284	0.8018343448638916	-0.8566998839378357	0.3613608777523041	-0.025707542896270752	0.4789046049118042	0.3184564709663391	0.16493812203407288	-1.0288186073303223	0.22352133691310883	-0.3026353716850281	-0.20050697028636932	-0.4685926139354706	-0.6538505554199219	-0.2074536234140396	0.13422943651676178	-1.3352115154266357	0.6316980719566345	0.3584882915019989	0.12964950501918793	0.08591722697019577	-0.19274553656578064	-0.2791643738746643	-0.18478716909885406	-0.1968398094177246	0.003180037485435605	0.4667198657989502	-0.29207560420036316	-0.008827712386846542	-0.07687295228242874	0.2292177528142929	-0.44330155849456787	0.11243253201246262	-0.5121706128120422	0.12409207969903946	0.3552173376083374	0.01042080856859684	0.06513991206884384	0.2726863622665405	0.14070270955562592	0.16181997954845428	0.10535277426242828
0.5843541026115417	-0.13970455527305603	-0.24609020352363586	0.739829421043396	0.3484113812446594	-0.06499595940113068	0.1095576360821724	n/a	-0.0879921168088913	-0.1251480132341385	-0.15980763733386993	-0.3984238803386688	0.19320005178451538	0.6766668558120728	-0.035232484340667725	0.28898483514785767	0.9443812370300293	0.1549420952796936	0.5295010805130005	0.09939710795879364	0.31006553769111633	0.32104039192199707	-0.7716280817985535	-0.33652815222740173	0.10037711262702942	0.019397394731640816	-0.43680551648139954	-0.29991820454597473	-0.08781036734580994	-0.5509687662124634	0.7192463278770447	-0.054907772690057755	-0.1687437891960144	0.03733712434768677	n/a	-0.20001617074012756	-0.17936742305755615	0.7478600740432739	-0.834040105342865	0.7730647921562195	-0.5589321851730347	0.14190168678760529	0.08681757748126984	0.3581565320491791	0.1776859164237976	0.0481608510017395	-0.5723212957382202	0.05078166723251343	-0.12752997875213623	-0.21738199889659882	-0.4594583511352539	-0.5032476782798767	-0.1502785086631775	0.0159786194562912	-1.2780237197875977	0.42177924513816833	0.18387800455093384	0.07149194926023483	0.029174890369176865	-0.17433559894561768	-0.25377678871154785	-0.46451276540756226	0.07230734080076218	-0.3036038279533386	0.1307164877653122	-0.22234785556793213	-0.08168806880712509	0.04939597100019455	0.14696678519248962	-0.4539753794670105	0.12883836030960083	-0.6363058686256409	0.13029634952545166	0.25787365436553955	-0.07880581170320511	-0.015490603633224964	0.040959205478429794	0.08869116753339767	0.1640985608100891	0.06502840667963028
0.7562985420227051	-0.045552730560302734	-0.5864186882972717	0.8371896147727966	0.18436448276042938	-0.07259534299373627	0.0916048139333725	n/a	-0.13407167792320251	-0.24256370961666107	-0.371914267539978	-0.4309394657611847	0.38348305225372314	0.49406546354293823	0.42377743124961853	0.48000848293304443	0.6153313517570496	0.2572164833545685	0.6176885366439819	-0.028532160446047783	0.047780539840459824	0.22932316362857819	-0.25193285942077637	-0.07332562655210495	0.46606579422950745	0.017886055633425713	-0.7192161083221436	-0.5430192351341248	-0.03740473464131355	-0.46873489022254944	0.8327285647392273	-0.21788808703422546	-0.05778861790895462	0.07634387910366058	n/a	-0.3196403384208679	-0.3570344150066376	0.471838116645813	-0.16168788075447083	0.6021608710289001	-0.28020963072776794	-0.37273189425468445	0.1651979684829712	0.18419210612773895	-0.09029495716094971	-0.016280870884656906	-0.1674746423959732	0.12458374351263046	-0.02791869267821312	-0.1406993418931961	-0.2530145049095154	-0.09942701458930969	-0.07771913707256317	-0.0847473293542862	-0.9836269617080688	0.18325413763523102	-0.00260537164285779	-0.006494453642517328	-0.026372669264674187	-0.12154505401849747	-0.21372507512569427	-0.6329671144485474	0.33312103152275085	-0.5025615096092224	-0.310668408870697	-0.1121797114610672	-0.15304909646511078	0.0662805512547493	0.07915986329317093	-0.433037668466568	0.16879859566688538	-0.7174949049949646	0.13743716478347778	0.11832506954669952	-0.13051089644432068	-0.06365392357110977	-0.22364817559719086	0.037806618958711624	0.13816480338573456	-0.010131550021469593
1.0174808502197266	0.0676635205745697	-0.8753035664558411	0.8192655444145203	0.04025174677371979	0.05898963660001755	0.10873720049858093	n/a	-0.16770416498184204	-0.37581634521484375	-0.4253327250480652	-0.5044763684272766	0.5048360228538513	0.1893317848443985	0.6786006093025208	0.6448999047279358	0.10214933753013611	0.3259854316711426	0.6085156202316284	-0.1924518346786499	-0.31867775321006775	0.16085949540138245	0.1775507926940918	0.41630831360816956	0.6679980158805847	0.15941213071346283	-0.8313257098197937	-0.6941224336624146	0.00042265732190571725	-0.32134485244750977	0.8311482071876526	-0.30922603607177734	0.17541086673736572	0.1286540925502777	n/a	-0.4398949146270752	-0.3974292576313019	0.0834672823548317	0.44623810052871704	0.27261024713516235	-0.06640207022428513	-1.054933786392212	0.17944622039794922	-0.0007992516621015966	-0.4063539206981659	0.008098329417407513	0.13880696892738342	0.4476780593395233	-0.014603921212255955	-0.04588210955262184	0.08315461874008179	0.4768548011779785	-0.020686982199549675	-0.1611764132976532	-0.5292471647262573	-0.030036762356758118	-0.16103936731815338	-0.07949858903884888	-0.05996530130505562	-0.049241866916418076	-0.15772707760334015	-0.6324722170829773	0.5630178451538086	-0.5502665042877197	-0.6983901858329773	0.01551884226500988	-0.21184170246124268	0.0072740791365504265	0.0363197848200798	-0.36378952860832214	0.2386050969362259	-0.7279547452926636	0.14810329675674438	-0.0511159785091877	-0.13218925893306732	-0.07466398924589157	-0.4659135937690735	0.006765652447938919	0.09178034961223602	-0.09702625125646591
1.2190876007080078	0.1714925765991211	-1.0311002731323242	0.6710524559020996	-0.05395998805761337	0.2646160423755646	0.11503604054450989	n/a	-0.1964670717716217	-0.4845844805240631	-0.3237967789173126	-0.5790900588035583	0.5614407658576965	-0.1930137425661087	0.7712821960449219	0.6950793266296387	-0.46150073409080505	0.33378756046295166	0.4964123070240021	-0.3266567587852478	-0.6594750881195068	0.12972289323806763	0.5241890549659729	0.9741045236587524	0.7141088843345642	0.38551297783851624	-0.7687532305717468	-0.7293229103088379	0.03170335665345192	-0.15777833759784698	0.6965502500534058	-0.317745178937912	0.4294591546058655	0.15323910117149353	n/a	-0.5308114290237427	-0.3236323893070221	-0.3624356687068939	0.8676332831382751	-0.14068150520324707	0.07956656068563461	-1.6490644216537476	0.1319916844367981	-0.13897591829299927	-0.6744179725646973	0.10524299740791321	0.35154491662979126	0.8189734220504761	-0.02608547918498516	-0.02996991015970707	0.37271174788475037	1.0137945413589478	-0.008003702387213707	-0.20753377676010132	-0.070698082447052	-0.17784811556339264	-0.25756531953811646	-0.12095058709383011	-0.05896107479929924	0.023225367069244385	-0.0790490061044693	-0.49041810631752014	0.7217010259628296	-0.4588397741317749	-0.8816226124763489	0.12905381619930267	-0.24636763334274292	-0.06053967773914337	0.02375171333551407	-0.2394208461046219	0.3134726285934448	-0.6408423781394958	0.163125678896904	-0.21672049164772034	-0.0925074964761734	-0.06699604541063309	-0.6243157386779785	0.003526578424498439	0.04440715163946152	-0.164340078830719
1.2284427881240845	0.23515670001506805	-1.0217074155807495	0.4146440029144287	-0.08661185204982758	0.4380554258823395	0.09053799510002136	n/a	-0.22225581109523773	-0.5408002734184265	-0.12347691506147385	-0.6113104224205017	0.5705947875976562	-0.557263195514679	0.7887002229690552	0.6012817025184631	-0.9060309529304504	0.27539893984794617	0.33607202768325806	-0.3743968904018402	-0.8530727028846741	0.13584254682064056	0.8024438619613647	1.3865069150924683	0.6576688885688782	0.5963189005851746	-0.5709142684936523	-0.6451613903045654	0.052577029913663864	-0.03600860759615898	0.44891151785850525	-0.25781911611557007	0.5718259215354919	0.13565941154956818	n/a	-0.5742975473403931	-0.19594554603099823	-0.7967075109481812	1.0334463119506836	-0.504489004611969	0.17477457225322723	-1.9068288803100586	0.05777376890182495	-0.1906040906906128	-0.8142414689064026	0.22653301060199738	0.4841226041316986	0.9982737302780151	0.0019368331413716078	-0.1350911259651184	0.4660031497478485	1.3019901514053345	-0.04595421999692917	-0.2255990356206894	0.26711246371269226	-0.25058215856552124	-0.2778650224208832	-0.11524724960327148	-0.022162288427352905	0.07325506210327148	0.022318271920084953	-0.28848588466644287	0.7716073393821716	-0.2857154905796051	-0.781028151512146	0.19950750470161438	-0.25133392214775085	-0.08627378195524216	0.04521670192480087	-0.07602246850728989	0.3576353192329407	-0.45252594351768494	0.179337739944458	-0.3379926383495331	-0.03587086871266365	-0.06734167784452438	-0.6541740894317627	0.0199733916670084	0.011277523823082447	-0.19635826349258423
1.0148634910583496	0.23687411844730377	-0.8694430589675903	0.10233113169670105	-0.06515978276729584	0.5038881301879883	0.05993666872382164	n/a	-0.2395983636379242	-0.5348323583602905	0.10214166343212128	-0.5659393072128296	0.5391011834144592	-0.8010958433151245	0.7711296677589417	0.40569067001342773	-1.1074732542037964	0.1708652526140213	0.2032156139612198	-0.3245978355407715	-0.845511257648468	0.170924112200737	0.9793248772621155	1.5132663249969482	0.5293940901756287	0.7090957164764404	-0.29781419038772583	-0.44666826725006104	0.046460218727588654	0.022415906190872192	0.14182470738887787	-0.1575809270143509	0.5336598753929138	0.1014845073223114	n/a	-0.562176525592804	-0.06616200506687164	-1.1379048824310303	0.9437684416770935	-0.7000965476036072	0.21659114956855774	-1.720834732055664	0.003911889158189297	-0.1524045318365097	-0.7924795746803284	0.32828521728515625	0.5188827514648438	0.8886232376098633	0.073494091629982	-0.3172881603240967	0.34029442071914673	1.2567131519317627	-0.11534611880779266	-0.2239818125963211	0.4428994357585907	-0.26346129179000854	-0.22904953360557556	-0.061662882566452026	0.041410837322473526	0.08370387554168701	0.13049593567848206	-0.1033562570810318	0.7001029849052429	-0.09816694259643555	-0.42581576108932495	0.2154158651828766	-0.22918656468391418	-0.06173181161284447	0.10204797983169556	0.08764331042766571	0.3528595566749573	-0.19327956438064575	0.18969985842704773	-0.38779154419898987	0.013170493766665459	-0.08976811915636063	-0.5501251816749573	0.04001592844724655	-0.006615389604121447	-0.19480286538600922
0.6554841995239258	0.18526773154735565	-0.6353726983070374	-0.19917047023773193	-0.01598401553928852	0.4495139718055725	0.0784367248415947	n/a	-0.23236742615699768	-0.4780717194080353	0.28561586141586304	-0.4387422204017639	0.46467435359954834	-0.8647981286048889	0.6922441124916077	0.18549898266792297	-1.046764612197876	0.056278422474861145	0.14361123740673065	-0.21220625936985016	-0.673617422580719	0.2178463637828827	0.9898012280464172	1.343953251838684	0.330206960439682	0.6874220371246338	-0.013231739401817322	-0.15227900445461273	0.009943002834916115	0.04130256921052933	-0.15500055253505707	-0.048058539628982544	0.34429553151130676	0.10180379450321198	n/a	-0.5031500458717346	0.03593852370977402	-1.3234705924987793	0.6682807803153992	-0.6822973489761353	0.17898127436637878	-1.1915843486785889	0.003401770954951644	-0.05704130977392197	-0.6403340101242065	0.3873376250267029	0.42287516593933105	0.5679662227630615	0.1409343183040619	-0.4859895706176758	0.0920238047838211	0.9442066550254822	-0.18529947102069855	-0.2063668668270111	0.4794338047504425	-0.2410096973180771	-0.13818129897117615	0.024185707792639732	0.11295239627361298	0.054056305438280106	0.2155686318874359	0.025112362578511238	0.534609854221344	0.050795890390872955	0.057509973645210266	0.18664279580116272	-0.18766668438911438	-0.0116795115172863	0.18167811632156372	0.2062631994485855	0.30831754207611084	0.080687016248703	0.1847638040781021	-0.36652088165283203	0.04373006522655487	-0.12548935413360596	-0.35356709361076355	0.04818590730428696	-0.018022704869508743	-0.16518695652484894
0.27629294991493225	0.10986418277025223	-0.38670387864112854	-0.43268805742263794	0.028365226462483406	0.3080260455608368	0.18092003464698792	n/a	-0.18225771188735962	-0.39715349674224854	0.3764529526233673	-0.26708337664604187	0.35209569334983826	-0.754975438117981	0.5129861831665039	0.010861729271709919	-0.8065181374549866	-0.03243770822882652	0.14687635004520416	-0.08899375051259995	-0.43224549293518066	0.24923957884311676	0.802436113357544	0.9654861092567444	0.06849285960197449	0.5420800447463989	0.23349608480930328	0.19773779809474945	-0.04208679869771004	0.06668292731046677	-0.38384976983070374	0.04536709189414978	0.09597685933113098	0.16994982957839966	n/a	-0.4181998074054718	0.09288137406110764	-1.333305835723877	0.3184014856815338	-0.4918796122074127	0.05441933497786522	-0.5615308284759521	0.05922901630401611	0.04118913784623146	-0.42788976430892944	0.3918150067329407	0.20241445302963257	0.19265460968017578	0.15958259999752045	-0.5630100965499878	-0.1474815160036087	0.5231198072433472	-0.22737158834934235	-0.1688780039548874	0.43213534355163574	-0.2047712206840515	-0.04491383954882622	0.11419599503278732	0.1693064272403717	-0.001926732948049903	0.24793508648872375	0.09135753661394119	0.34203389286994934	0.12900085747241974	0.5134595632553101	0.1311565637588501	-0.1353079080581665	0.02941953018307686	0.2528994083404541	0.24798263609409332	0.2524101734161377	0.3092358708381653	0.15524885058403015	-0.30075350403785706	0.05832744389772415	-0.1516171246767044	-0.13317078351974487	0.03507010266184807	-0.030617840588092804	-0.1131192296743393
-0.03478788211941719	0.047958191484212875	-0.1636015623807907	-0.5676296949386597	0.048393409699201584	0.11798752844333649	0.3460128605365753	n/a	-0.08402448892593384	-0.32055991888046265	0.3473474979400635	-0.11013215780258179	0.22136062383651733	-0.5292989015579224	0.2542157769203186	-0.08976404368877411	-0.5026338696479797	-0.07624372839927673	0.16826237738132477	0.0092579685151577	-0.20768000185489655	0.2389094978570938	0.47427889704704285	0.4931018054485321	-0.20220649242401123	0.3018685579299927	0.39783164858818054	0.536453366279602	-0.0790073350071907	0.1335868537425995	-0.5173872113227844	0.10601259768009186	-0.12718382477760315	0.2933806777000427	n/a	-0.3296794593334198	0.09075888991355896	-1.1913983821868896	-0.005959050729870796	-0.21997740864753723	-0.11702463775873184	-0.050282031297683716	0.15222077071666718	0.09731725603342056	-0.221620574593544	0.332329660654068	-0.06524529308080673	-0.1204039603471756	0.13588519394397736	-0.5212244391441345	-0.316703200340271	0.1278454214334488	-0.22652198374271393	-0.10694875568151474	0.3424988389015198	-0.16554585099220276	0.019906384870409966	0.18106107413768768	0.193648561835289	-0.06621250510215759	0.21741774678230286	0.10324417054653168	0.1907176822423935	0.12937964498996735	0.8284197449684143	0.0639638602733612	-0.07713980227708817	0.04469023644924164	0.2854612469673157	0.2105429321527481	0.21198703348636627	0.4577018618583679	0.09934639185667038	-0.2242567539215088	0.062440432608127594	-0.1517985761165619	0.042440515011548996	-0.0008084843284450471	-0.04101402312517166	-0.046249229460954666
-0.2462235540151596	0.0335378423333168	0.01798359863460064	-0.5992699265480042	0.04480975493788719	-0.08937402069568634	0.5124987959861755	n/a	0.04645613953471184	-0.27236810326576233	0.20154957473278046	-0.025697927922010422	0.09993398189544678	-0.2573116719722748	0.0012445405591279268	-0.12276680022478104	-0.2320510298013687	-0.07164609432220459	0.1725977659225464	0.06993292272090912	-0.04736532270908356	0.18103039264678955	0.12337961792945862	0.03436001017689705	-0.3923270106315613	0.001953448634594679	0.4423185884952545	0.7913995981216431	-0.0652579665184021	0.24491605162620544	-0.5569919943809509	0.1265980750322342	-0.2852378189563751	0.4286375641822815	n/a	-0.2587319016456604	0.025800419971346855	-0.9587252140045166	-0.25464871525764465	0.04666055738925934	-0.26335954666137695	0.22038443386554718	0.25903454422950745	0.09377787262201309	-0.06813780963420868	0.21533693373203278	-0.2742975056171417	-0.32981887459754944	0.12232883274555206	-0.38788679242134094	-0.43247926235198975	-0.18848998844623566	-0.18396978080272675	-0.020908283069729805	0.22044320404529572	-0.12628653645515442	0.049795765429735184	0.2099967747926712	0.1823531836271286	-0.12554126977920532	0.13660186529159546	0.06869577616453171	0.11451271921396255	0.06716614216566086	0.9522388577461243	-0.0037659797817468643	-0.018210500478744507	0.03989081457257271	0.2752378582954407	0.12032818049192429	0.1982167512178421	0.5258825421333313	0.025154441595077515	-0.16006547212600708	0.06013510003685951	-0.1267811506986618	0.12462057173252106	-0.05504694953560829	-0.03585771471261978	0.027830278500914574
-0.3280969262123108	0.0815393403172493	0.13570263981819153	-0.5412787795066833	0.02932460978627205	-0.26963987946510315	0.6252197027206421	n/a	0.1787172555923462	-0.2713804244995117	-0.018079247325658798	-0.05338592082262039	0.0029726107604801655	0.007397174369543791	-0.17457091808319092	-0.09362795948982239	-0.07646479457616806	-0.020489629358053207	0.15002253651618958	0.08473531156778336	0.01939433254301548	0.09614013135433197	-0.16154682636260986	-0.3047647476196289	-0.4410434365272522	-0.293132483959198	0.3690614700317383	0.9175087213516235	0.01719876565039158	0.3797707259654999	-0.520969033241272	0.11242125183343887	-0.35753291845321655	0.5353163480758667	n/a	-0.22284510731697083	-0.07843609899282455	-0.7146375775337219	-0.42267316579818726	0.2555013597011566	-0.32925960421562195	0.17402154207229614	0.3534258306026459	0.02876574918627739	0.0013902806676924229	0.07938148081302643	-0.3711491823196411	-0.41503816843032837	0.15661291778087616	-0.21149268746376038	-0.4968283772468567	-0.39271509647369385	-0.1096763163805008	0.08093822002410889	0.08638885617256165	-0.08987472951412201	0.05431336909532547	0.19998468458652496	0.1433720886707306	-0.1746504157781601	0.02660306543111801	0.004225162323564291	0.11454212665557861	-0.028566552326083183	0.873258650302887	-0.06367011368274689	0.029336415231227875	0.01892121322453022	0.2421906739473343	0.01245567761361599	0.20912857353687286	0.5243092775344849	-0.05464642122387886	-0.11873003095388412	0.05857766419649124	-0.08415744453668594	0.09502201527357101	-0.11942758411169052	-0.004431318491697311	0.10214566439390182
-0.23581138253211975	0.19228357076644897	0.15198253095149994	-0.42026710510253906	0.008961087092757225	-0.3636641502380371	0.6621218919754028	n/a	0.2847208082675934	-0.32395339012145996	-0.23807774484157562	-0.19540897011756897	-0.07457699626684189	0.22470469772815704	-0.2738192677497864	-0.003409162163734436	-0.10706426203250885	0.06796006858348846	0.0984005257487297	0.03802889212965965	-0.03455943986773491	0.01599288173019886	-0.360399454832077	-0.4256863296031952	-0.361844003200531	-0.4934017062187195	0.21903344988822937	0.8977721333503723	0.1678774654865265	0.51760333776474	-0.4333980977535248	0.08035986870527267	-0.3200547397136688	0.5945069789886475	n/a	-0.22927068173885345	-0.17278720438480377	-0.5295303463935852	-0.5153660774230957	0.37877434492111206	-0.3136463761329651	-0.24467958509922028	0.40188413858413696	-0.09468711167573929	-0.03274831548333168	-0.018965350463986397	-0.3791665732860565	-0.34322410821914673	0.21894700825214386	-0.027141427621245384	-0.45583611726760864	-0.41817596554756165	-0.016954267397522926	0.18365831673145294	-0.012511816807091236	-0.05975671112537384	0.04136829823255539	0.15749990940093994	0.0885910838842392	-0.21006332337856293	-0.0944659486413002	-0.05854346975684166	0.1716025471687317	-0.12096021324396133	0.5937801003456116	-0.10948540270328522	0.047974392771720886	-0.025709601119160652	0.2031812071800232	-0.08380821347236633	0.23371994495391846	0.45426979660987854	-0.12563371658325195	-0.10543897747993469	0.06839710474014282	-0.026576757431030273	-0.03664594516158104	-0.18375790119171143	0.0519268661737442	0.16684101521968842
0.03839237615466118	0.35330572724342346	0.04722848907113075	-0.271817684173584	-0.017973722890019417	-0.3296668827533722	0.6218867301940918	n/a	0.34548550844192505	-0.41207337379455566	-0.38560909032821655	-0.4072226881980896	-0.1439729481935501	0.3540571630001068	-0.3387237787246704	0.1302308440208435	-0.35222622752189636	0.16929160058498383	0.010979849845170975	-0.07772831618785858	-0.21252751350402832	-0.03812176734209061	-0.48048120737075806	-0.28441309928894043	-0.2194335162639618	-0.529444694519043	0.04558909311890602	0.732100784778595	0.3705027401447296	0.6472170352935791	-0.3210519254207611	0.04939738288521767	-0.1647443026304245	0.5990240573883057	n/a	-0.2672077417373657	-0.20941051840782166	-0.4407413899898529	-0.5278847813606262	0.39628252387046814	-0.25161632895469666	-0.9912478923797607	0.3765163719654083	-0.2609330117702484	-0.16469235718250275	-0.04228175804018974	-0.3508889079093933	-0.11500272899866104	0.25384435057640076	0.1463933140039444	-0.2597026228904724	-0.20765571296215057	0.0760297030210495	0.26738548278808594	-0.03626050055027008	-0.03859485313296318	0.011206812225282192	0.08947806805372238	0.0273404810577631	-0.2258230447769165	-0.20876984298229218	-0.08753204345703125	0.25281795859336853	-0.1766965389251709	0.15393666923046112	-0.13884198665618896	0.024580206722021103	-0.0954330712556839	0.1522224247455597	-0.1444617211818695	0.25111642479896545	0.3177320659160614	-0.17367489635944366	-0.12274842709302902	0.09431339800357819	0.04299784079194069	-0.23403507471084595	-0.23796866834163666	0.12014004588127136	0.20705220103263855
0.39840638637542725	0.5248603820800781	-0.13536854088306427	-0.1365552395582199	-0.0493876151740551	-0.18404321372509003	0.5071226954460144	n/a	0.342110276222229	-0.4873805642127991	-0.42027604579925537	-0.5974993109703064	-0.20482757687568665	0.3560261130332947	-0.3774486780166626	0.2638750970363617	-0.7343565225601196	0.2448139786720276	-0.0988907516002655	-0.2326248735189438	-0.45294108986854553	-0.06649615615606308	-0.5015831589698792	0.04739701375365257	-0.07105053216218948	-0.4118843376636505	-0.11067796498537064	0.44824808835983276	0.579076886177063	0.7457441091537476	-0.2124081701040268	0.029209226369857788	0.06130807474255562	0.5400121212005615	n/a	-0.30571407079696655	-0.17192935943603516	-0.4381698668003082	-0.4580671191215515	0.2978820204734802	-0.17548009753227234	-1.8000682592391968	0.28007522225379944	-0.4245786666870117	-0.33907145261764526	-0.0065054153092205524	-0.30917251110076904	0.17746661603450775	0.22347985208034515	0.2920004725456238	0.04008115828037262	0.17822054028511047	0.1459656059741974	0.3053957521915436	0.015203731134533882	-0.026531383395195007	-0.03075655922293663	0.005488773807883263	-0.032266709953546524	-0.2153649628162384	-0.28570014238357544	-0.07349013537168503	0.31171655654907227	-0.17849893867969513	-0.3332362473011017	-0.14944665133953094	-0.036947380751371384	-0.16629965603351593	0.07717327773571014	-0.1501317322254181	0.2339581698179245	0.1433435082435608	-0.18564867973327637	-0.16353291273117065	0.1252758502960205	0.10687893629074097	-0.43389198184013367	-0.2713569700717926	0.18352776765823364	0.2109910100698471
0.6581404209136963	0.6467418074607849	-0.2979224920272827	-0.049846749752759933	-0.07121025025844574	-0.009368914179503918	0.3353863060474396	n/a	0.2571786940097809	-0.49406126141548157	-0.35126811265945435	-0.6592692732810974	-0.23833131790161133	0.21418802440166473	-0.3403668701648712	0.34696435928344727	-1.0606732368469238	0.2604224383831024	-0.1716509610414505	-0.36009544134140015	-0.6366482377052307	-0.08662758767604828	-0.38010162115097046	0.38642406463623047	0.06129379943013191	-0.23547811806201935	-0.244954913854599	0.11191238462924957	0.71871417760849	0.7706127166748047	-0.1281069666147232	0.018425840884447098	0.2557011842727661	0.41862696409225464	n/a	-0.313795268535614	-0.08676692843437195	-0.47686824202537537	-0.3188290596008301	0.09780856221914291	-0.10178544372320175	-2.235666513442993	0.15761977434158325	-0.5168082118034363	-0.4700104892253876	0.023826541379094124	-0.23582565784454346	0.38404983282089233	0.13773739337921143	0.39408060908317566	0.27616310119628906	0.5412275195121765	0.17529332637786865	0.2701817750930786	0.10434206575155258	-0.017516134306788445	-0.062299590557813644	-0.07486578822135925	-0.07869270443916321	-0.17582041025161743	-0.28675857186317444	-0.03878403082489967	0.3013651967048645	-0.12867872416973114	-0.7197891473770142	-0.13109204173088074	-0.11194375157356262	-0.19496971368789673	-0.008756905794143677	-0.09863877296447754	0.17000049352645874	-0.009872930124402046	-0.1500246375799179	-0.208761528134346	0.13770683109760284	0.1327768713235855	-0.5701623558998108	-0.27430108189582825	0.23015056550502777	0.1811235249042511
0.6694401502609253	0.6711392402648926	-0.35374948382377625	-0.026089468970894814	-0.07004944235086441	0.097551129758358	0.14601947367191315	n/a	0.09672659635543823	-0.414286345243454	-0.2269609570503235	-0.5458919405937195	-0.21774165332317352	-0.0400809720158577	-0.1859656125307083	0.3546709418296814	-1.1464251279830933	0.20887576043605804	-0.13924036920070648	-0.40557295083999634	-0.6693890690803528	-0.11964517831802368	-0.11247721314430237	0.544684886932373	0.1660803109407425	-0.09721013903617859	-0.37209758162498474	-0.1962316781282425	0.7220710515975952	0.7012791037559509	-0.074666328728199	0.01259589847177267	0.32728537917137146	0.25947508215904236	n/a	-0.2875826358795166	-0.0038930417504161596	-0.5135167837142944	-0.13458804786205292	-0.15814504027366638	-0.030597420409321785	-2.006837844848633	0.06820224970579147	-0.4946085810661316	-0.5026892423629761	-0.008281777612864971	-0.10888128727674484	0.40656936168670654	0.038182102143764496	0.4500856101512909	0.3081566095352173	0.7064018845558167	0.16624774038791656	0.15597178041934967	0.19284197688102722	-0.005909209605306387	-0.06159739941358566	-0.1297556608915329	-0.10211436450481415	-0.11680483818054199	-0.20049145817756653	-0.019336989149451256	0.21016590297222137	-0.04681926965713501	-0.9111542105674744	-0.07818883657455444	-0.17251433432102203	-0.15476679801940918	-0.07727887481451035	-0.014272884465754032	0.07911625504493713	-0.09169917553663254	-0.06811825931072235	-0.2422437071800232	0.11323097348213196	0.09860316663980484	-0.6136772632598877	-0.24813544750213623	0.25170955061912537	0.13028663396835327
0.4142788052558899	0.5905564427375793	-0.26551270484924316	-0.05525059625506401	-0.04939783364534378	0.08368811011314392	-0.023951631039381027	n/a	-0.09567475318908691	-0.28189191222190857	-0.10459283739328384	-0.3076637387275696	-0.12941484153270721	-0.32983332872390747	0.06053486466407776	0.29288384318351746	-0.9456530809402466	0.10779640823602676	0.005402393639087677	-0.3634616434574127	-0.5432162880897522	-0.17743711173534393	0.23971140384674072	0.434704452753067	0.22424505650997162	-0.03886311501264572	-0.48798927664756775	-0.4182817041873932	0.5796059370040894	0.5677697062492371	-0.052784595638513565	0.007762553170323372	0.25023066997528076	0.09631408751010895	n/a	-0.2483975887298584	0.030609887093305588	-0.5247830152511597	0.0576770156621933	-0.40622493624687195	0.049284469336271286	-1.1903530359268188	0.0378112718462944	-0.3743901252746582	-0.43987298011779785	-0.10794060677289963	0.07220450043678284	0.2350759506225586	-0.030622201040387154	0.4696720540523529	0.15288802981376648	0.6487761735916138	0.13627727329730988	-0.00478240754455328	0.2560383975505829	0.0028172130696475506	-0.03297356143593788	-0.1504349410533905	-0.10406073927879333	-0.06133819743990898	-0.061176642775535583	-0.037809107452631	0.06987880915403366	0.039487097412347794	-0.9010228514671326	-0.010938967578113079	-0.20633894205093384	-0.058028221130371094	-0.1210009753704071	0.06827375292778015	-0.010564863681793213	-0.09620024263858795	0.03527538478374481	-0.2609608769416809	0.05320248752832413	0.015475327149033546	-0.5800685882568359	-0.2089725136756897	0.24011608958244324	0.06951740384101868
-0.03561735153198242	0.44278690218925476	-0.03388751298189163	-0.11448201537132263	-0.02495703659951687	-0.052199289202690125	-0.15617750585079193	n/a	-0.2554471492767334	-0.151656374335289	-0.03229895979166031	-0.044089239090681076	0.0160311758518219	-0.5677085518836975	0.3314801752567291	0.1728031188249588	-0.5370243191719055	-0.01798395998775959	0.1957111358642578	-0.26089951395988464	-0.31050992012023926	-0.2538743317127228	0.5939981341362	0.07654077559709549	0.22509969770908356	-0.06616270542144775	-0.5751393437385559	-0.527341365814209	0.35463443398475647	0.42601409554481506	-0.062448445707559586	-0.0007359575247392058	0.04802732169628143	-0.045942433178424835	n/a	-0.22224712371826172	-0.014694896526634693	-0.5043352246284485	0.20999695360660553	-0.5883145332336426	0.13752730190753937	-0.10526330024003983	0.04877360537648201	-0.20164403319358826	-0.31736648082733154	-0.2399217039346695	0.2906504273414612	-0.10474087297916412	-0.032242950052022934	0.45423805713653564	-0.07053117454051971	0.42932620644569397	0.09946659952402115	-0.15755382180213928	0.25235459208488464	-0.0003533547860570252	-4.529983561951667e-05	-0.13820724189281464	-0.09230399876832962	-0.02905280701816082	0.07687079161405563	-0.09511475265026093	-0.07738710194826126	0.11032517999410629	-0.7350630164146423	0.03412431851029396	-0.2138037532567978	0.06011920049786568	-0.14946332573890686	0.12564289569854736	-0.09033799916505814	-0.0476076640188694	0.12304236739873886	-0.267360657453537	-0.02452050894498825	-0.0802672728896141	-0.4989761710166931	-0.1722874492406845	0.19277159869670868	0.009081663563847542
-0.5801222920417786	0.28951507806777954	0.30210933089256287	-0.1772170066833496	-0.010155816562473774	-0.27511975169181824	-0.24185332655906677	n/a	-0.3299298882484436	-0.06972987204790115	-0.042029768228530884	0.15268152952194214	0.18907083570957184	-0.6907815337181091	0.5582731366157532	0.0014283969067037106	-0.04025595635175705	-0.14410167932510376	0.3427296578884125	-0.13083197176456451	-0.03921585530042648	-0.3226023316383362	0.879569947719574	-0.4416297376155853	0.17221833765506744	-0.16396673023700714	-0.6263546943664551	-0.5111866593360901	0.14250485599040985	0.3264719545841217	-0.09497903287410736	-0.015997016802430153	-0.23431305587291718	-0.15202416479587555	n/a	-0.2297930121421814	-0.14918650686740875	-0.46818968653678894	0.28707054257392883	-0.6608963012695312	0.20143885910511017	0.9089565277099609	0.06818406283855438	-0.013528501614928246	-0.18086299300193787	-0.35591259598731995	0.5064457654953003	-0.570719838142395	0.04854031652212143	0.384273886680603	-0.25586840510368347	0.10673559457063675	0.059011105448007584	-0.2563914954662323	0.1232234388589859	-0.015137542970478535	0.020183691754937172	-0.09503655135631561	-0.07025185972452164	-0.021645044907927513	0.1711636781692505	-0.1751377135515213	-0.2013716846704483	0.16217094659805298	-0.4684559404850006	0.03308723494410515	-0.19864636659622192	0.1643618494272232	-0.1622207909822464	0.15128321945667267	-0.1617235243320465	0.028148572891950607	0.16881580650806427	-0.26249441504478455	-0.09903571754693985	-0.15321967005729675	-0.3897517919540405	-0.14001332223415375	0.11522737145423889	-0.034649040549993515
-1.0862237215042114	0.17439714074134827	0.6523876786231995	-0.2178148329257965	-0.010887530632317066	-0.5184703469276428	-0.2765924632549286	n/a	-0.30173152685165405	-0.06119556352496147	-0.13320817053318024	0.22517991065979004	0.34969663619995117	-0.6749155521392822	0.6710097789764404	-0.19270043075084686	0.4173126220703125	-0.2439061850309372	0.3889886736869812	-0.008838524110615253	0.19525077939033508	-0.3498685359954834	1.0302526950836182	-0.9850597977638245	0.06876057386398315	-0.28332453966140747	-0.624178946018219	-0.3660948872566223	0.007467160001397133	0.2921491861343384	-0.1313345581293106	-0.036964982748031616	-0.5256267189979553	-0.21403229236602783	n/a	-0.27799543738365173	-0.3466179370880127	-0.44807592034339905	0.2885758876800537	-0.600491464138031	0.18908944725990295	1.5720754861831665	0.07201942056417465	0.15530787408351898	-0.0750211700797081	-0.4085846543312073	0.649628758430481	-1.073533296585083	0.18167422711849213	0.24593207240104675	-0.32339438796043396	-0.24421235918998718	0.016592932865023613	-0.279456228017807	-0.131210058927536	-0.03648582100868225	0.02532350644469261	-0.029358118772506714	-0.04058138281106949	-0.0280270054936409	0.19926238059997559	-0.24591246247291565	-0.2783084511756897	0.2005431056022644	-0.1522202342748642	-0.013259188272058964	-0.1668422520160675	0.2229795753955841	-0.1519213318824768	0.1525503247976303	-0.21978724002838135	0.10464704781770706	0.167344331741333	-0.2483249455690384	-0.1547578126192093	-0.18331296741962433	-0.26479029655456543	-0.1120971217751503	0.012549959123134613	-0.04958329722285271
-1.3904529809951782	0.09981715679168701	0.8943988084793091	-0.2172132134437561	-0.02457449957728386	-0.6928544640541077	-0.2569601237773895	n/a	-0.18987609446048737	-0.12223732471466064	-0.2673681080341339	0.16726821660995483	0.4527443051338196	-0.5377352833747864	0.5972703695297241	-0.3468531668186188	0.7154366970062256	-0.2910343110561371	0.3232467770576477	0.06762717664241791	0.3168380856513977	-0.3181162178516388	0.98200523853302	-1.3938426971435547	-0.09269236773252487	-0.34463733434677124	-0.5244112014770508	-0.10962626338005066	-0.04757218807935715	0.3106754422187805	-0.1513245403766632	-0.05772402882575989	-0.726841926574707	-0.2269614040851593	n/a	-0.3491574823856354	-0.5427814722061157	-0.4577444791793823	0.24356788396835327	-0.42082327604293823	0.06765113770961761	1.6917442083358765	0.04637465626001358	0.26425105333328247	-0.03182896971702576	-0.36717331409454346	0.645357072353363	-1.4573873281478882	0.28837695717811584	0.06443239003419876	-0.20048128068447113	-0.4879528880119324	-0.017902769148349762	-0.2322894185781479	-0.395731121301651	-0.05969489365816116	0.020821498706936836	0.037352532148361206	-0.01061728410422802	-0.03515959903597832	0.15989714860916138	-0.26684269309043884	-0.28253522515296936	0.2257310003042221	0.15335337817668915	-0.08238097280263901	-0.12585331499576569	0.20568397641181946	-0.12204132229089737	0.14162153005599976	-0.2485167384147644	0.15021222829818726	0.1296035349369049	-0.22841855883598328	-0.1819225549697876	-0.16467194259166718	-0.13916777074337006	-0.09748813509941101	-0.10958489775657654	-0.04269305616617203
-1.3703367710113525	0.0450604222714901	0.9274193644523621	-0.16859421133995056	-0.03909134864807129	-0.7199186086654663	-0.17811188101768494	n/a	-0.035544831305742264	-0.22263123095035553	-0.3919632136821747	0.01813117414712906	0.4579835534095764	-0.3341168761253357	0.30224621295928955	-0.4000615179538727	0.7815902829170227	-0.2710707187652588	0.16367207467556	0.07548542320728302	0.2830697298049927	-0.23778142035007477	0.7014986276626587	-1.531952977180481	-0.32255232334136963	-0.2736833393573761	-0.29458025097846985	0.2078896164894104	-0.06032087653875351	0.3570651412010193	-0.14298759400844574	-0.06787657737731934	-0.7479278445243835	-0.18646058440208435	n/a	-0.40711289644241333	-0.657127857208252	-0.47295844554901123	0.1846151202917099	-0.18060240149497986	-0.14761494100093842	1.2334991693496704	-0.018091954290866852	0.2865614593029022	-0.05841555818915367	-0.2345103770494461	0.4603136479854584	-1.5435023307800293	0.28072938323020935	-0.10777515172958374	0.13727229833602905	-0.4643755853176117	-0.030144942924380302	-0.1461576521396637	-0.4999980926513672	-0.07481871545314789	0.014394564554095268	0.08052266389131546	0.014033573679625988	-0.03310120478272438	0.07806526124477386	-0.2102462351322174	-0.19162268936634064	0.22761015594005585	0.3766493499279022	-0.1393832415342331	-0.08218736201524734	0.09321113675832748	-0.08871813118457794	0.12266997992992401	-0.2233932912349701	0.14053936302661896	0.07245421409606934	-0.20531044900417328	-0.17643672227859497	-0.10423029214143753	-0.028222937136888504	-0.10084149241447449	-0.22983062267303467	-0.03364686667919159
-1.0355205535888672	-0.0024429394397884607	0.7356194853782654	-0.08175508677959442	-0.03808487206697464	-0.5739232301712036	-0.05439146235585213	n/a	0.11238729953765869	-0.3193477690219879	-0.4700920283794403	-0.1618298441171646	0.35280653834342957	-0.13824695348739624	-0.15303541719913483	-0.34775498509407043	0.6299852132797241	-0.19427233934402466	-0.05590282380580902	0.026464123278856277	0.12088475376367569	-0.13524799048900604	0.2398027926683426	-1.3389787673950195	-0.5985503792762756	-0.06755930185317993	0.03340878710150719	0.5162774920463562	-0.06690943986177444	0.4162013828754425	-0.10890666395425797	-0.05799237638711929	-0.5639658570289612	-0.10361509770154953	n/a	-0.41618382930755615	-0.6335039138793945	-0.44787201285362244	0.12466705590486526	0.03553466498851776	-0.39493194222450256	0.38250264525413513	-0.12012238800525665	0.23252855241298676	-0.1264818012714386	-0.05010471120476723	0.14335502684116364	-1.2343755960464478	0.1281232386827469	-0.23988397419452667	0.5973396301269531	-0.12848427891731262	-0.016625912860035896	-0.06447906792163849	-0.3590162992477417	-0.06927324831485748	0.014459124766290188	0.08886266499757767	0.03455846384167671	-0.020487533882260323	0.0018947800854220986	-0.0799989327788353	-0.00974916573613882	0.19534577429294586	0.48251765966415405	-0.1536707729101181	-0.04059603065252304	-0.09784480929374695	-0.06451447308063507	0.09571472555398941	-0.13014516234397888	0.07945606112480164	0.011834288015961647	-0.18059755861759186	-0.1416417509317398	-0.02410808391869068	0.05974255129694939	-0.10740363597869873	-0.31333988904953003	-0.03410843387246132
-0.538108229637146	-0.03314771130681038	0.4098059833049774	0.021825719624757767	-0.014896881766617298	-0.2897404432296753	0.06578946858644485	n/a	0.2101966291666031	-0.3692706227302551	-0.49097201228141785	-0.30607759952545166	0.1738850325345993	-0.013978912495076656	-0.6100391745567322	-0.254961758852005	0.3552342355251312	-0.09661217778921127	-0.28502383828163147	-0.033671893179416656	-0.08351296186447144	-0.03287530317902565	-0.24998171627521515	-0.826854407787323	-0.8371043801307678	0.15905557572841644	0.35178035497665405	0.7553818225860596	-0.0757765918970108	0.48051533102989197	-0.06407032161951065	-0.02798117697238922	-0.23035182058811188	-0.01263477373868227	n/a	-0.3524133563041687	-0.4722498059272766	-0.3470311164855957	0.059089548885822296	0.1518009603023529	-0.5973426699638367	-0.504199743270874	-0.2360811084508896	0.14661520719528198	-0.18168561160564423	0.12781192362308502	-0.17976969480514526	-0.5682504177093506	-0.10916562378406525	-0.34786951541900635	0.9703805446624756	0.3412528336048126	0.005220888648182154	-0.01701325736939907	-0.05986284837126732	-0.04207297042012215	0.027699535712599754	0.06690296530723572	0.052291784435510635	-0.005837458185851574	-0.017961103469133377	0.09019824862480164	0.21231770515441895	0.13107988238334656	0.5123149156570435	-0.11092472076416016	-0.00499592674896121	-0.2999323904514313	-0.03907892853021622	0.07365857809782028	0.014521276578307152	0.0067386990413069725	-0.03601517155766487	-0.15714475512504578	-0.0871773213148117	0.04432490095496178	0.11896184086799622	-0.09150809049606323	-0.3352026641368866	-0.03659357875585556
-0.06065783649682999	-0.0335584357380867	0.09118703007698059	0.12015928328037262	0.019389450550079346	0.06852687895298004	0.12887221574783325	n/a	0.23444399237632751	-0.3444764018058777	-0.45738011598587036	-0.36381077766418457	-0.011180771514773369	0.008825074881315231	-0.9026079177856445	-0.19530336558818817	0.061993978917598724	-0.018064403906464577	-0.46586623787879944	-0.05810270458459854	-0.2460775375366211	0.058357492089271545	-0.5971572399139404	-0.04546117037534714	-0.9340270757675171	0.2409367561340332	0.542320966720581	0.8971284031867981	-0.07640018314123154	0.544638454914093	-0.02883569896221161	0.012817849405109882	0.1619238555431366	0.05192041024565697	n/a	-0.21147693693637848	-0.21993760764598846	-0.1725306659936905	-0.02504948154091835	0.12952634692192078	-0.6963682174682617	-1.1008440256118774	-0.32724612951278687	0.07239961624145508	-0.17624667286872864	0.2572096586227417	-0.38459548354148865	0.3249135911464691	-0.32402387261390686	-0.45861008763313293	1.0682998895645142	0.6526529788970947	0.00911764893680811	-0.0015103331534191966	0.21726705133914948	-0.010543393902480602	0.04990663751959801	0.023813530802726746	0.0626598373055458	-0.0023977337405085564	0.03864383324980736	0.2566303610801697	0.39765170216560364	0.05111026391386986	0.5498979091644287	-0.020549815148115158	0.017533069476485252	-0.4281463027000427	0.01045336201786995	0.07700144499540329	0.16857531666755676	-0.02704043872654438	-0.05697888508439064	-0.13851867616176605	-0.02207123301923275	0.07883527129888535	0.14222215116024017	-0.03934421017765999	-0.2928677201271057	-0.02401464618742466
0.30219772458076477	-0.012103351764380932	-0.11850207298994064	0.19383297860622406	0.048729512840509415	0.4277289807796478	0.12017127126455307	n/a	0.19243529438972473	-0.25271427631378174	-0.371765673160553	-0.33542266488075256	-0.16068203747272491	-0.06086157634854317	-0.9511587023735046	-0.17978431284427643	-0.2030957043170929	0.02502414770424366	-0.5608320236206055	-0.03647584468126297	-0.3320150077342987	0.13196800649166107	-0.7287812232971191	0.8946486115455627	-0.8441295623779297	0.10962314158678055	0.5637925863265991	0.941811740398407	-0.0600159615278244	0.6112974882125854	-0.023103272542357445	0.05396970734000206	0.5290430188179016	0.08343199640512466	n/a	-0.022273339331150055	0.06679734587669373	0.02759835124015808	-0.1525190770626068	-0.02032295987010002	-0.6613526940345764	-1.3078036308288574	-0.3675627112388611	0.02043904736638069	-0.09412147104740143	0.33455583453178406	-0.430087685585022	1.264579176902771	-0.43488654494285583	-0.5576547980308533	0.8814679980278015	0.6466641426086426	-0.013373062014579773	0.006009957753121853	0.360719233751297	0.003604340832680464	0.0638417899608612	-0.03129782900214195	0.06407443434000015	-0.02667318284511566	0.14107699692249298	0.3838459253311157	0.4931871294975281	-0.026282265782356262	0.6461510062217712	0.07726968824863434	0.015713637694716454	-0.44049322605133057	0.08121202886104584	0.1019483134150505	0.28952091932296753	-0.0027034750673919916	-0.0518588125705719	-0.12550370395183563	0.04914560914039612	0.0789886862039566	0.13527533411979675	0.04030875116586685	-0.19587808847427368	0.013763383962213993
0.5425004959106445	0.011761371046304703	-0.2033018320798874	0.22589555382728577	0.06705787032842636	0.7033376693725586	0.074100062251091	n/a	0.11712785810232162	-0.14004312455654144	-0.2443809062242508	-0.271646112203598	-0.28098365664482117	-0.18443563580513	-0.7714808583259583	-0.16666699945926666	-0.4409596621990204	0.04132435470819473	-0.5660964846611023	-0.0003180613275617361	-0.3517552614212036	0.17584921419620514	-0.6779422163963318	1.793445348739624	-0.6018112301826477	-0.15442343056201935	0.4533349573612213	0.8926596641540527	-0.02192814275622368	0.6880027651786804	-0.05598678067326546	0.088029645383358	0.8013326525688171	0.10655634105205536	n/a	0.15455223619937897	0.33559146523475647	0.18186186254024506	-0.3344234824180603	-0.24135664105415344	-0.48567235469818115	-1.2384474277496338	-0.357669472694397	-0.027373161166906357	0.0405624695122242	0.37514904141426086	-0.3514872193336487	2.0373237133026123	-0.415028840303421	-0.591749906539917	0.5593925714492798	0.3950992524623871	-0.043193571269512177	0.025196077302098274	0.37882786989212036	-0.005738948006182909	0.0531773567199707	-0.08599618822336197	0.06532064080238342	-0.09341447800397873	0.2268475443124771	0.44860297441482544	0.4963090419769287	-0.0925416350364685	0.7690615057945251	0.1286923885345459	-0.018054503947496414	-0.35597530007362366	0.13320833444595337	0.10961832851171494	0.35287415981292725	0.056872736662626266	-0.03962577506899834	-0.11734022200107574	0.11929851025342941	0.059062592685222626	0.12076335400342941	0.12368835508823395	-0.0567985363304615	0.07205067574977875
0.6661518812179565	0.04378114640712738	-0.21524456143379211	0.2094687521457672	0.07376404851675034	0.8229316473007202	0.04900386929512024	n/a	0.04783284291625023	-0.061778899282217026	-0.10853108763694763	-0.22232447564601898	-0.38265886902809143	-0.31293341517448425	-0.42457953095436096	-0.1327122449874878	-0.6459171772003174	0.042139869183301926	-0.49506449699401855	0.006219707895070314	-0.33805304765701294	0.1736541986465454	-0.4961968958377838	2.437974452972412	-0.2656918168067932	-0.4242246747016907	0.25421762466430664	0.7436874508857727	0.048060040920972824	0.7623420357704163	-0.11553328484296799	0.10888024419546127	0.9302475452423096	0.15814855694770813	n/a	0.2564009726047516	0.5309649109840393	0.23179523646831512	-0.5182989239692688	-0.457179993391037	-0.19665241241455078	-1.056235909461975	-0.30962055921554565	-0.09046071767807007	0.16473336517810822	0.3790719211101532	-0.19305822253227234	2.465947389602661	-0.27742984890937805	-0.5300832390785217	0.24353516101837158	0.06348024308681488	-0.05695921182632446	0.060377106070518494	0.31259575486183167	-0.027877915650606155	0.016350384801626205	-0.1266380399465561	0.07307300716638565	-0.1962757706642151	0.24963106215000153	0.43784165382385254	0.43374502658843994	-0.14771701395511627	0.8225294947624207	0.11160574108362198	-0.07806244492530823	-0.2183937430381775	0.13055114448070526	0.06293178349733353	0.3528454899787903	0.11784666031599045	-0.037216756492853165	-0.11839047819375992	0.17285259068012238	0.03353399783372879	0.10918280482292175	0.18530476093292236	0.10189297795295715	0.13507026433944702
0.6733978390693665	0.11576752364635468	-0.22668170928955078	0.15442712604999542	0.06595417112112045	0.769370436668396	0.0954883024096489	n/a	0.012980938889086246	-0.049588754773139954	-0.01039871945977211	-0.1994543820619583	-0.4459339678287506	-0.4088415503501892	0.013692234642803669	-0.09778696298599243	-0.7918418049812317	0.03115765191614628	-0.360864520072937	-0.04407987371087074	-0.3300999402999878	0.12135826051235199	-0.2121989130973816	2.7175166606903076	0.11965254694223404	-0.6282919645309448	-0.015431462787091732	0.5006152391433716	0.16040347516536713	0.7922775149345398	-0.17274340987205505	0.11290088295936584	0.9071905016899109	0.2657591998577118	n/a	0.25100547075271606	0.6038731932640076	0.15264497697353363	-0.5990796685218811	-0.6069682836532593	0.1309950202703476	-0.8736274242401123	-0.23131778836250305	-0.1695651412010193	0.2014225423336029	0.33569034934043884	0.016706837341189384	2.495413064956665	-0.05756128206849098	-0.3972260355949402	-0.0197141095995903	-0.24003341794013977	-0.05189448595046997	0.10651350766420364	0.1703639030456543	-0.05058472603559494	-0.032029300928115845	-0.1448318362236023	0.08065784722566605	-0.2976818084716797	0.20656530559062958	0.3544800579547882	0.32875120639801025	-0.18935464322566986	0.7199150919914246	0.05610659345984459	-0.1439734250307083	-0.06622422486543655	0.08236124366521835	-0.03510556370019913	0.2934205234050751	0.1592414528131485	-0.041066572070121765	-0.13693265616893768	0.19414061307907104	0.012422528117895126	0.08003958314657211	0.20858630537986755	0.24352040886878967	0.18542304635047913
0.6036133766174316	0.23996968567371368	-0.29360219836235046	0.08146127313375473	0.0421350859105587	0.593373715877533	0.23711258172988892	n/a	0.025014828890562057	-0.100322425365448	0.02472866326570511	-0.1891811043024063	-0.4414755702018738	-0.45787134766578674	0.4418323338031769	-0.0766349509358406	-0.8701921105384827	0.014629751443862915	-0.17931509017944336	-0.15299437940120697	-0.3649040758609772	0.03818269819021225	0.1247888058423996	2.654770851135254	0.5005097985267639	-0.7408379912376404	-0.3158610463142395	0.20229922235012054	0.3009064197540283	0.7303287386894226	-0.1991041898727417	0.10213980078697205	0.7713216543197632	0.43464499711990356	n/a	0.14854790270328522	0.5422924757003784	-0.040348365902900696	-0.49241021275520325	-0.6685147285461426	0.3939889669418335	-0.7755104899406433	-0.13135483860969543	-0.2507188618183136	0.10420941561460495	0.2539890706539154	0.2356218695640564	2.2068514823913574	0.1836211234331131	-0.23345881700515747	-0.20409680902957916	-0.4524100720882416	-0.0407206192612648	0.15684601664543152	-0.02071293629705906	-0.07296454161405563	-0.07477861642837524	-0.14211152493953705	0.07508637011051178	-0.3500944674015045	0.12189817428588867	0.22547787427902222	0.19840651750564575	-0.21046264469623566	0.438151091337204	0.012844786047935486	-0.19189095497131348	0.060788579285144806	0.027064615860581398	-0.14683367311954498	0.1858043223619461	0.16442511975765228	-0.03528790920972824	-0.1750897616147995	0.17900918424129486	0.00505552114918828	0.007211782969534397	0.19089128077030182	0.3299882709980011	0.20491203665733337
0.5370243191719055	0.38382911682128906	-0.43805238604545593	0.009553479962050915	0.007751089055091143	0.3843374252319336	0.4674340784549713	n/a	0.08011119067668915	-0.1812497079372406	0.01195529755204916	-0.17203330993652344	-0.35426759719848633	-0.4696037471294403	0.7411801218986511	-0.05479311943054199	-0.9055780172348022	0.002714902861043811	0.021241435781121254	-0.2937280833721161	-0.46178674697875977	-0.043176960200071335	0.425433486700058	2.35575532913208	0.8027876615524292	-0.7413122653961182	-0.5563112497329712	-0.08778147399425507	0.4229373037815094	0.5468675494194031	-0.18174904584884644	0.08306758850812912	0.5911073684692383	0.6460353136062622	n/a	-0.006968379952013493	0.3842436671257019	-0.29212686419487	-0.18657301366329193	-0.6586748957633972	0.5098816752433777	-0.8276177644729614	-0.028809016570448875	-0.31804159283638	-0.11483830213546753	0.1639912873506546	0.40195199847221375	1.7558379173278809	0.3655748963356018	-0.0647873654961586	-0.2497493475675583	-0.5002593994140625	-0.03523572161793709	0.20515023171901703	-0.16625715792179108	-0.10486697405576706	-0.10719078034162521	-0.1271909475326538	0.04870791733264923	-0.3255331516265869	0.02530270628631115	0.09217461198568344	0.065371572971344	-0.21050818264484406	0.01745956763625145	0.01583959348499775	-0.20968389511108398	0.1236988976597786	-0.01085355319082737	-0.22893045842647552	0.053109340369701385	0.11661636084318161	-0.009358085691928864	-0.2239217609167099	0.13721220195293427	0.019587235525250435	-0.10792369395494461	0.14304640889167786	0.3394700586795807	0.17266371846199036
0.512042224407196	0.49917712807655334	-0.6297245025634766	-0.04974953085184097	-0.024538423866033554	0.22250762581825256	0.7509444952011108	n/a	0.15639066696166992	-0.24339252710342407	-0.008159207180142403	-0.12621478736400604	-0.17463016510009766	-0.4658639132976532	0.8403227925300598	-0.03509727492928505	-0.9090467691421509	-0.005622389260679483	0.1995977908372879	-0.4069937467575073	-0.5915237069129944	-0.09032458066940308	0.6183419227600098	1.9384245872497559	0.9754278659820557	-0.6304567456245422	-0.6523355841636658	-0.30349162220954895	0.47869375348091125	0.23951350152492523	-0.12620562314987183	0.0625971332192421	0.4234711825847626	0.8614408373832703	n/a	-0.15990343689918518	0.19238221645355225	-0.5258899331092834	0.2518311142921448	-0.6111548542976379	0.45459458231925964	-0.9958422183990479	0.04950841888785362	-0.34873831272125244	-0.3878859877586365	0.09167955070734024	0.4756031632423401	1.281774878501892	0.43465757369995117	0.06502804905176163	-0.1448872983455658	-0.3617932200431824	-0.04752466082572937	0.24440699815750122	-0.1860831379890442	-0.15296949446201324	-0.12990902364253998	-0.10259144008159637	0.0057607595808804035	-0.22488389909267426	-0.05019539222121239	-0.012081279419362545	-0.049814965575933456	-0.19538694620132446	-0.44626542925834656	0.07347187399864197	-0.20002196729183197	0.11976606398820877	-0.029052669182419777	-0.24829669296741486	-0.07290517538785934	0.02064751274883747	0.038761723786592484	-0.26484695076942444	0.08697936683893204	0.055247530341148376	-0.23227231204509735	0.08653118461370468	0.2752353847026825	0.08199913799762726
0.47047001123428345	0.5526703000068665	-0.7721186876296997	-0.0882657989859581	-0.039300065487623215	0.1476123034954071	1.0195950269699097	n/a	0.21747957170009613	-0.23842336237430573	0.0008026972645893693	-0.03224625438451767	0.1141689270734787	-0.4576728940010071	0.768885612487793	-0.06874383240938187	-0.8370605707168579	-0.0276617631316185	0.3113236427307129	-0.4152613580226898	-0.6652837991714478	-0.07590419054031372	0.7048102021217346	1.4889100790023804	1.0285460948944092	-0.46366676688194275	-0.5979865193367004	-0.39017271995544434	0.4472191035747528	-0.15563896298408508	-0.049630306661129	0.04662317782640457	0.2840293347835541	1.026152491569519	n/a	-0.2631743252277374	0.01823505386710167	-0.672706127166748	0.6996930241584778	-0.5459364652633667	0.26298120617866516	-1.106946587562561	0.08163787424564362	-0.30364418029785156	-0.6138986945152283	0.04795316979289055	0.4680156111717224	0.8498249053955078	0.41176462173461914	0.07457148283720016	0.00219326070509851	-0.1583605408668518	-0.09723436087369919	0.26832836866378784	-0.1266663819551468	-0.20868989825248718	-0.13330471515655518	-0.057364437729120255	-0.03738661855459213	-0.07101646810770035	-0.07228589057922363	-0.07150080054998398	-0.14366327226161957	-0.16195882856845856	-0.7992537617683411	0.17198480665683746	-0.1704699993133545	0.10222455859184265	-0.023067323490977287	-0.1822938323020935	-0.16569463908672333	-0.08103331178426743	0.110588438808918	-0.2734975814819336	0.046443331986665726	0.09795977920293808	-0.31632763147354126	0.05008876696228981	0.16063615679740906	-0.04145314171910286
0.33415910601615906	0.5160746574401855	-0.7437480688095093	-0.09488123655319214	-0.022860651835799217	0.15749436616897583	1.1905571222305298	n/a	0.22958578169345856	-0.14204394817352295	0.05426209792494774	0.10588274896144867	0.5105457305908203	-0.4310418367385864	0.6174139380455017	-0.19437752664089203	-0.6300259232521057	-0.07609855383634567	0.3216286897659302	-0.26660269498825073	-0.5877447128295898	0.01556532084941864	0.7228124141693115	1.0526759624481201	0.9991680979728699	-0.31111520528793335	-0.45033562183380127	-0.3122444748878479	0.32309409976005554	-0.557648777961731	0.030708011239767075	0.04139670357108116	0.15795868635177612	1.085172176361084	n/a	-0.2917312681674957	-0.10642004758119583	-0.6922035813331604	1.0210182666778564	-0.4561881422996521	0.0026255950797349215	-0.9772714972496033	0.05637091025710106	-0.14976482093334198	-0.6987718343734741	0.041417088359594345	0.41186726093292236	0.466593861579895	0.36490651965141296	-0.08846894651651382	0.06189935654401779	-0.07483457028865814	-0.194844052195549	0.272187739610672	-0.11155779659748077	-0.2526818811893463	-0.10448736697435379	0.02074604481458664	-0.05784773826599121	0.09797750413417816	-0.030588367953896523	-0.08096817880868912	-0.21969278156757355	-0.09730144590139389	-0.8822258114814758	0.2774905860424042	-0.12781861424446106	0.13726742565631866	0.018934283405542374	-0.029903149232268333	-0.2107042819261551	-0.13601438701152802	0.20711515843868256	-0.22989436984062195	0.026323413476347923	0.12864968180656433	-0.31352511048316956	0.06065047159790993	0.024580761790275574	-0.15389494597911835
0.12088713049888611	0.3550657033920288	-0.4882926642894745	-0.05694232136011124	0.03470632806420326	0.21967001259326935	1.210033655166626	n/a	0.18174690008163452	0.025349633768200874	0.15119364857673645	0.246113583445549	0.9511586427688599	-0.3615615665912628	0.4410822093486786	-0.36283817887306213	-0.28797316551208496	-0.1378672868013382	0.21669122576713562	0.020775364711880684	-0.3372310400009155	0.17485758662223816	0.6690980195999146	0.6386828422546387	0.8820095062255859	-0.17300793528556824	-0.2567199766635895	-0.06632045656442642	0.09949339181184769	-0.8617399334907532	0.10695909708738327	0.05305248126387596	0.03380979225039482	1.0133439302444458	n/a	-0.25017404556274414	-0.15668749809265137	-0.5776140689849854	1.1203324794769287	-0.32553768157958984	-0.26113325357437134	-0.5875526070594788	-0.03197742626070976	0.0988796204328537	-0.6009570956230164	0.08705087751150131	0.3097881078720093	0.1342257857322693	0.32544368505477905	-0.35821372270584106	0.04783463105559349	-0.16017641127109528	-0.3135920464992523	0.24882455170154572	-0.17409957945346832	-0.26715144515037537	-0.04406712204217911	0.1291816234588623	-0.03463270515203476	0.2357625663280487	0.04819018021225929	-0.037759169936180115	-0.2681581676006317	0.0033524094615131617	-0.6410750150680542	0.34336379170417786	-0.08097375184297562	0.23756088316440582	0.09224409610033035	0.16725346446037292	-0.2006554752588272	-0.12952828407287598	0.31753823161125183	-0.13030558824539185	0.02629007399082184	0.13658075034618378	-0.2009117603302002	0.12583915889263153	-0.1086740642786026	-0.22551721334457397
-0.058729566633701324	0.04998915269970894	-0.05407189577817917	0.028270451352000237	0.1336732804775238	0.2933521568775177	1.075582504272461	n/a	0.08850038796663284	0.21078141033649445	0.2870902121067047	0.33655011653900146	1.32272207736969	-0.24434255063533783	0.22408686578273773	-0.46154776215553284	0.11218554526567459	-0.1835693120956421	0.010392146185040474	0.36308497190475464	0.01597893051803112	0.36256951093673706	0.4998796880245209	0.24639354646205902	0.6269652247428894	0.01976931281387806	-0.02531259134411812	0.3041973114013672	-0.22407753765583038	-0.9871264100074768	0.1774049550294876	0.08172294497489929	-0.07642792910337448	0.8273597955703735	n/a	-0.1636132001876831	-0.11137202382087708	-0.34573665261268616	0.9809483885765076	-0.15937282145023346	-0.48555561900138855	-0.08459598571062088	-0.18365120887756348	0.37575048208236694	-0.3466178774833679	0.1886083334684372	0.13850824534893036	-0.1184411272406578	0.2544747591018677	-0.5658989548683167	0.118459053337574	-0.2798462212085724	-0.3966662585735321	0.1916443407535553	-0.20568981766700745	-0.24358436465263367	0.03381166234612465	0.24631455540657043	0.039580438286066055	0.3036654591560364	0.11756758391857147	0.061754968017339706	-0.2736235558986664	0.12999022006988525	-0.1725703328847885	0.3305445909500122	-0.04155993089079857	0.3542979955673218	0.16360577940940857	0.3375159502029419	-0.13539648056030273	-0.09182337671518326	0.41903817653656006	0.009921720251441002	0.03526178374886513	0.12244285643100739	0.007405164185911417	0.22380267083644867	-0.2228594422340393	-0.2552962005138397
-0.11963596194982529	-0.3719657361507416	0.4550620913505554	0.14461860060691833	0.2577258050441742	0.3509155511856079	0.820355236530304	n/a	-0.024554628878831863	0.36312055587768555	0.4527145326137543	0.35740965604782104	1.5331106185913086	-0.10459475219249725	-0.05947396904230118	-0.41556331515312195	0.4767354130744934	-0.19546152651309967	-0.25804269313812256	0.6668245196342468	0.37121495604515076	0.5205888152122498	0.2097817361354828	-0.1119474247097969	0.21510306000709534	0.3170342743396759	0.2417943775653839	0.7159247398376465	-0.620177686214447	-0.9137083888053894	0.2349892556667328	0.11764921247959137	-0.15170864760875702	0.5670707821846008	n/a	-0.06256690621376038	0.030938057228922844	-0.02997943013906479	0.6628334522247314	0.00698623014613986	-0.6448885798454285	0.37822026014328003	-0.3851318955421448	0.6051469445228577	-0.004921785555779934	0.31614983081817627	-0.10020183026790619	-0.26201483607292175	0.097996786236763	-0.5671042203903198	0.4024519622325897	-0.27812737226486206	-0.4007370173931122	0.10598652064800262	-0.08401793986558914	-0.1830768585205078	0.11650773882865906	0.34146299958229065	0.15096314251422882	0.2886737883090973	0.14874692261219025	0.21631021797657013	-0.23994694650173187	0.2670910358428955	0.3568328320980072	0.23183982074260712	-0.019136441871523857	0.4344979226589203	0.19060789048671722	0.42610645294189453	-0.028410600498318672	-0.06085556373000145	0.49473026394844055	0.16405430436134338	0.03752930089831352	0.09088625758886337	0.2659578323364258	0.3168797194957733	-0.30741551518440247	-0.2598666548728943
-0.10621994733810425	-0.8213794827461243	0.9506938457489014	0.2634342312812805	0.37732595205307007	0.3735862374305725	0.4863588213920593	n/a	-0.1350049376487732	0.4536125063896179	0.6158479452133179	0.32728907465934753	1.5670925378799438	0.018079139292240143	-0.3657473623752594	-0.2591882646083832	0.7723507881164551	-0.18174543976783752	-0.5335928797721863	0.8819377422332764	0.6699885129928589	0.5956224799156189	-0.11204873025417328	-0.43326395750045776	-0.27527162432670593	0.6770210862159729	0.4978468716144562	1.0747106075286865	-1.0146981477737427	-0.6785561442375183	0.2658546268939972	0.14541423320770264	-0.19653759896755219	0.2697504460811615	n/a	0.021985238417983055	0.2313951700925827	0.31407177448272705	0.26471197605133057	0.12952692806720734	-0.7220650315284729	0.7805701494216919	-0.6047892570495605	0.7524561285972595	0.34559792280197144	0.4069274961948395	-0.3460904657840729	-0.3215784728527069	-0.13535024225711823	-0.3540198802947998	0.8364008665084839	-0.15530581772327423	-0.3288118839263916	0.012105864472687244	0.17244909703731537	-0.09000944346189499	0.2078038454055786	0.3923984467983246	0.2708745300769806	0.20976580679416656	0.1524389684200287	0.40591102838516235	-0.201261505484581	0.4012452960014343	0.8206443786621094	0.08081872761249542	-0.016329526901245117	0.4774441421031952	0.1532498151063919	0.42645081877708435	0.09056681394577026	-0.04377887770533562	0.5464220643043518	0.3059750497341156	0.020986465737223625	0.043188970535993576	0.5157055854797363	0.37908515334129333	-0.350266695022583	-0.2518223822116852
-0.15923140943050385	-1.1788156032562256	1.393760085105896	0.3598458468914032	0.46008601784706116	0.34536054730415344	0.10129265487194061	n/a	-0.230009526014328	0.4775307774543762	0.7176734805107117	0.2800842225551605	1.4776487350463867	0.09308665245771408	-0.5858303904533386	-0.10064072906970978	1.0344551801681519	-0.1637071818113327	-0.7585119605064392	1.004312515258789	0.9073633551597595	0.5620625019073486	-0.32158511877059937	-0.725203275680542	-0.6950737237930298	0.9716476798057556	0.646421492099762	1.3115015029907227	-1.3054826259613037	-0.33812469244003296	0.25864163041114807	0.15047961473464966	-0.24365879595279694	-0.04196413606405258	n/a	0.06615070253610611	0.41737449169158936	0.6164580583572388	-0.12363357841968536	0.17792633175849915	-0.7101910710334778	1.2206586599349976	-0.7987970113754272	0.8299962878227234	0.6391410827636719	0.39876312017440796	-0.5046916007995605	-0.3628409206867218	-0.36128345131874084	-0.03560299798846245	1.1991021633148193	-0.08627380430698395	-0.22228305041790009	-0.06391361355781555	0.3941153287887573	0.027601104229688644	0.3235044479370117	0.39302605390548706	0.368643194437027	0.10502701252698898	0.16098862886428833	0.5935001373291016	-0.20931658148765564	0.5246782898902893	1.1706479787826538	-0.06882323324680328	-0.02966274693608284	0.5269466638565063	0.06783491373062134	0.3723819851875305	0.18164148926734924	-0.012016798369586468	0.5865679383277893	0.41882023215293884	-0.01766837015748024	-0.02187277376651764	0.7005350589752197	0.4090087115764618	-0.3406538963317871	-0.23077663779258728
-0.38137364387512207	-1.358555793762207	1.7857917547225952	0.4233381450176239	0.47769710421562195	0.2695225477218628	-0.3293943703174591	n/a	-0.30619022250175476	0.4486660063266754	0.7040190100669861	0.2418595850467682	1.3316644430160522	0.11311575770378113	-0.6338004469871521	-0.025828825309872627	1.2976107597351074	-0.1559804081916809	-0.8907094597816467	1.0429704189300537	1.089924693107605	0.43053239583969116	-0.32118791341781616	-0.9558216333389282	-0.9230610132217407	1.056259274482727	0.5982092022895813	1.4014123678207397	-1.416103720664978	0.07438322901725769	0.21079063415527344	0.12339232116937637	-0.31303638219833374	-0.35700130462646484	n/a	0.06749367713928223	0.52542644739151	0.8225618600845337	-0.45720750093460083	0.14225782454013824	-0.6157134175300598	1.7817943096160889	-0.9293165802955627	0.8616352081298828	0.8358622193336487	0.27427834272384644	-0.5095803737640381	-0.40546509623527527	-0.4834805428981781	0.2743038237094879	1.306862711906433	-0.2824581563472748	-0.12831908464431763	-0.09991948306560516	0.393308162689209	0.14862507581710815	0.46695226430892944	0.3450634479522705	0.419707715511322	0.009300289675593376	0.18953867256641388	0.7500628232955933	-0.30930373072624207	0.6419751644134521	1.407846450805664	-0.1797635406255722	-0.0544423945248127	0.6139127612113953	-0.0313032791018486	0.31065258383750916	0.20612187683582306	0.06916070729494095	0.6219451427459717	0.4977140724658966	-0.07025042176246643	-0.09962727129459381	0.783170759677887	0.4178153872489929	-0.28270211815834045	-0.1927408128976822
-0.7635155916213989	-1.3405179977416992	2.1424834728240967	0.45268040895462036	0.41102391481399536	0.1745733767747879	-0.8062921166419983	n/a	-0.3658464848995209	0.39443618059158325	0.5631124973297119	0.22764243185520172	1.166064739227295	0.08720904588699341	-0.5116437673568726	-0.05456332862377167	1.5414819717407227	-0.16411903500556946	-0.9193903207778931	1.0015891790390015	1.2074004411697388	0.23513633012771606	-0.11277972906827927	-1.0408430099487305	-0.9326573014259338	0.8403164148330688	0.32923299074172974	1.3464150428771973	-1.3273751735687256	0.5550121068954468	0.1263728141784668	0.06088145449757576	-0.3842872083187103	-0.6670637726783752	n/a	0.04863288253545761	0.5384511947631836	0.9192118048667908	-0.7378571629524231	0.02247135154902935	-0.4591774642467499	2.4442689418792725	-0.9854049682617188	0.8551220297813416	0.9292284846305847	0.06496282666921616	-0.3541237413883209	-0.391482412815094	-0.45728689432144165	0.5297750234603882	1.143027663230896	-0.842002272605896	-0.07595548033714294	-0.08357610553503036	0.0929887592792511	0.24064430594444275	0.6129269599914551	0.24769598245620728	0.4077073335647583	-0.05745262652635574	0.2204001396894455	0.8744735717773438	-0.525181770324707	0.7724900841712952	1.540353536605835	-0.2514492869377136	-0.08625845611095428	0.7286756634712219	-0.12512585520744324	0.279653400182724	0.13547855615615845	0.20886008441448212	0.6471732258796692	0.5487344264984131	-0.11929691582918167	-0.17449547350406647	0.7612026929855347	0.41299599409103394	-0.19942781329154968	-0.14207714796066284
-1.2162723541259766	-1.1579303741455078	2.4619734287261963	0.44426092505455017	0.26233237981796265	0.08474816381931305	-1.3082427978515625	n/a	-0.41192910075187683	0.34265899658203125	0.326812207698822	0.24213169515132904	0.9792082905769348	0.02558840997517109	-0.2965501546859741	-0.15675897896289825	1.7086105346679688	-0.18647009134292603	-0.8655771017074585	0.8832753300666809	1.242835521697998	0.010419991798698902	0.2257201224565506	-0.9239842295646667	-0.7834469676017761	0.33734703063964844	-0.1034962385892868	1.150606393814087	-1.069570779800415	1.0992677211761475	0.012734182178974152	-0.0339873842895031	-0.4182353913784027	-0.9569765329360962	n/a	0.03685333952307701	0.48030710220336914	0.9309446811676025	-0.9856391549110413	-0.17815953493118286	-0.2627699077129364	3.101105213165283	-0.9874712228775024	0.8022013306617737	0.9409136176109314	-0.18602488934993744	-0.07420659810304642	-0.2590968906879425	-0.29863470792770386	0.744822084903717	0.8269131779670715	-1.676827311515808	-0.0668213814496994	-0.019769208505749702	-0.4353625476360321	0.2792763113975525	0.7198742628097534	0.10125632584095001	0.3294663429260254	-0.09080222249031067	0.2207721620798111	0.9836876392364502	-0.8461887240409851	0.9297630190849304	1.5623841285705566	-0.3133857846260071	-0.11942250281572342	0.837786853313446	-0.22750210762023926	0.29246506094932556	-0.03572975471615791	0.37960970401763916	0.6473877429962158	0.5835431814193726	-0.14781157672405243	-0.2271350771188736	0.6702432036399841	0.39717215299606323	-0.11762086302042007	-0.09271271526813507
-1.642738938331604	-0.8627859950065613	2.704418182373047	0.3918227255344391	0.06386012583971024	-0.008161717094480991	-1.7785565853118896	n/a	-0.4440203011035919	0.30121123790740967	0.03438370302319527	0.27050063014030457	0.7535394430160522	-0.06189633533358574	-0.07729136198759079	-0.28569650650024414	1.7628381252288818	-0.2112313061952591	-0.7652125358581543	0.7019328474998474	1.1950228214263916	-0.22003912925720215	0.599818229675293	-0.659615695476532	-0.5615744590759277	-0.33078712224960327	-0.5993297100067139	0.825602650642395	-0.6954827904701233	1.6708718538284302	-0.11702537536621094	-0.14998535811901093	-0.3995349705219269	-1.1989835500717163	n/a	0.03775421902537346	0.37805384397506714	0.8872146606445312	-1.2052849531173706	-0.4378856420516968	-0.0339222177863121	3.6287238597869873	-0.9669203758239746	0.6972247958183289	0.8993123173713684	-0.4534026086330414	0.28516316413879395	-0.02557283081114292	-0.04739360883831978	0.9377272129058838	0.4866446554660797	-2.559415340423584	-0.07986705005168915	0.06657852232456207	-1.0384361743927002	0.2654237747192383	0.7587524056434631	-0.07820409536361694	0.2019745260477066	-0.09889008849859238	0.17274470627307892	1.0834345817565918	-1.216389775276184	1.0940601825714111	1.4634062051773071	-0.39604610204696655	-0.14526313543319702	0.9106701016426086	-0.363485723733902	0.32928234338760376	-0.27600792050361633	0.5334763526916504	0.606454610824585	0.6109874248504639	-0.150089293718338	-0.24826523661613464	0.5591891407966614	0.375661700963974	-0.04845309630036354	-0.05610598996281624
-1.982004165649414	-0.5061628222465515	2.8138601779937744	0.2929226756095886	-0.1347278505563736	-0.12616197764873505	-2.148940324783325	n/a	-0.4603371024131775	0.25958549976348877	-0.28944098949432373	0.2881872057914734	0.48977941274642944	-0.16236676275730133	0.10184121131896973	-0.4005869925022125	1.7159522771835327	-0.22177010774612427	-0.6495110988616943	0.48577019572257996	1.0853835344314575	-0.4374329745769501	0.9495893120765686	-0.3715240955352783	-0.32152318954467773	-1.006060004234314	-1.065278172492981	0.4121907949447632	-0.26425790786743164	2.189669370651245	-0.24630457162857056	-0.26717689633369446	-0.3478175401687622	-1.3649210929870605	n/a	0.04078051820397377	0.23817242681980133	0.8027756810188293	-1.373533010482788	-0.7105813026428223	0.2328842729330063	3.9523282051086426	-0.9396196603775024	0.5501640439033508	0.8256869912147522	-0.7280696034431458	0.6903226375579834	0.22267024219036102	0.268495112657547	1.0923066139221191	0.1647777408361435	-3.272433042526245	-0.0919729694724083	0.14268583059310913	-1.585020661354065	0.22062736749649048	0.7277636528015137	-0.25682249665260315	0.05569982901215553	-0.09708285331726074	0.08806126564741135	1.1573407649993896	-1.5543686151504517	1.2158938646316528	1.2614127397537231	-0.5039505958557129	-0.15488754212856293	0.9364904761314392	-0.5322960019111633	0.35968172550201416	-0.5286644697189331	0.6347277164459229	0.5169869065284729	0.6309351921081543	-0.13364791870117188	-0.24348437786102295	0.4590000510215759	0.35407379269599915	0.011013333685696125	-0.03354700282216072
-2.1859424114227295	-0.14790678024291992	2.751840591430664	0.15018555521965027	-0.28886398673057556	-0.2653734087944031	-2.373483419418335	n/a	-0.46094340085983276	0.20916974544525146	-0.6185393333435059	0.2843751907348633	0.20790037512779236	-0.2635330855846405	0.23540715873241425	-0.4597797989845276	1.5868539810180664	-0.20672635734081268	-0.5434842705726624	0.26068544387817383	0.9373193979263306	-0.6232656836509705	1.241142988204956	-0.13859038054943085	-0.08810491114854813	-1.5636628866195679	-1.4250680208206177	-0.020344680175185204	0.1559678614139557	2.5568478107452393	-0.365040123462677	-0.3602907359600067	-0.28714239597320557	-1.4433000087738037	n/a	0.044985294342041016	0.06742256879806519	0.6891520619392395	-1.4575436115264893	-0.9478982090950012	0.541574239730835	4.034234523773193	-0.9040337204933167	0.374380499124527	0.7375280261039734	-0.9946078062057495	1.104799747467041	0.41189172863960266	0.6211035251617432	1.1855765581130981	-0.1370813548564911	-3.6877524852752686	-0.0910913348197937	0.18478836119174957	-1.9841545820236206	0.16689059138298035	0.6396450996398926	-0.4004499912261963	-0.08181964606046677	-0.10167654603719711	-0.007175688166171312	1.1860826015472412	-1.7876732349395752	1.2449289560317993	1.005539894104004	-0.6183359026908875	-0.1488126814365387	0.9090564846992493	-0.7060233354568481	0.36755022406578064	-0.7439414262771606	0.673731803894043	0.3827362060546875	0.6316970586776733	-0.11141964048147202	-0.22391377389431	0.37946179509162903	0.326665461063385	0.061055392026901245	-0.024091994389891624
-2.200362205505371	0.1598973274230957	2.499823808670044	-0.02518586255609989	-0.37494590878486633	-0.38775479793548584	-2.4197921752929688	n/a	-0.4403562545776367	0.15367725491523743	-0.9105414152145386	0.2699679136276245	-0.07775228470563889	-0.3584858477115631	0.31319645047187805	-0.4295506179332733	1.3626726865768433	-0.1680343747138977	-0.4725886285305023	0.03659592568874359	0.7507975697517395	-0.7664839029312134	1.4305877685546875	0.0492696650326252	0.11459635198116302	-1.9259607791900635	-1.6198416948318481	-0.40545418858528137	0.5082122087478638	2.702289581298828	-0.46896153688430786	-0.40584293007850647	-0.2181258201599121	-1.4284850358963013	n/a	0.0622732974588871	-0.10085108131170273	0.5613569617271423	-1.4336113929748535	-1.1198749542236328	0.871841311454773	3.8268280029296875	-0.8595794439315796	0.1751476228237152	0.6408804655075073	-1.21795654296875	1.4661364555358887	0.5367794036865234	0.950836181640625	1.2209609746932983	-0.3842826187610626	-3.7293331623077393	-0.0734504759311676	0.18836386501789093	-2.1572108268737793	0.11456452310085297	0.5065222978591919	-0.4913347363471985	-0.19581851363182068	-0.12011033296585083	-0.09295280277729034	1.1664615869522095	-1.8770514726638794	1.155035138130188	0.7198390364646912	-0.7083188891410828	-0.13800840079784393	0.8080312609672546	-0.8529936671257019	0.3487669825553894	-0.8971695899963379	0.6550660729408264	0.22011807560920715	0.5940060019493103	-0.09290260821580887	-0.1953943967819214	0.3197469413280487	0.2769317328929901	0.09603604674339294	-0.02709011174738407
-2.0063180923461914	0.40662264823913574	2.0640082359313965	-0.21161876618862152	-0.3933008313179016	-0.4452153444290161	-2.251871109008789	n/a	-0.3823453485965729	0.10951726138591766	-1.1150846481323242	0.27681735157966614	-0.3601731061935425	-0.44849956035614014	0.3102966248989105	-0.31887173652648926	1.0244901180267334	-0.12307197600603104	-0.4574490487575531	-0.1784190684556961	0.5143508911132812	-0.8657938838005066	1.4742374420166016	0.24570272862911224	0.2656595706939697	-2.0640106201171875	-1.6281201839447021	-0.7045847773551941	0.7770770192146301	2.6083664894104004	-0.552659809589386	-0.39044567942619324	-0.12385071069002151	-1.304933786392212	n/a	0.10380442440509796	-0.2187786102294922	0.434259295463562	-1.2901602983474731	-1.2196906805038452	1.164617657661438	3.301331043243408	-0.8146711587905884	-0.03889403119683266	0.5264263153076172	-1.3586121797561646	1.7011035680770874	0.6415032744407654	1.1788933277130127	1.2108824253082275	-0.5335190892219543	-3.366283893585205	-0.04209640622138977	0.16798622906208038	-2.0604026317596436	0.06518670171499252	0.34302785992622375	-0.5288376808166504	-0.2836013734340668	-0.14503827691078186	-0.15675903856754303	1.1086134910583496	-1.8247220516204834	0.954526960849762	0.38010939955711365	-0.7367985844612122	-0.1303323209285736	0.6197473406791687	-0.9514100551605225	0.30457571148872375	-0.9830952882766724	0.5891295671463013	0.059657562524080276	0.5049328207969666	-0.0808386504650116	-0.1566758155822754	0.27336230874061584	0.19328813254833221	0.11594720184803009	-0.0352097786962986
-1.6641361713409424	0.6091334819793701	1.5029051303863525	-0.3883626163005829	-0.3556300401687622	-0.41135627031326294	-1.8631287813186646	n/a	-0.27588412165641785	0.10122593492269516	-1.1944764852523804	0.3465025722980499	-0.6176154017448425	-0.5414631962776184	0.23045717179775238	-0.18528372049331665	0.5991078019142151	-0.09465304762125015	-0.502936601638794	-0.3577153980731964	0.2497943937778473	-0.9201977849006653	1.375856876373291	0.4778917133808136	0.3688543140888214	-1.999970555305481	-1.4693245887756348	-0.9001951813697815	0.977664589881897	2.300752639770508	-0.6141783595085144	-0.3152528405189514	-2.142324228771031e-05	-1.0693652629852295	n/a	0.17481467127799988	-0.2585330903530121	0.32623663544654846	-1.0350735187530518	-1.2597544193267822	1.3487648963928223	2.531304359436035	-0.7756145596504211	-0.2406930774450302	0.3969552218914032	-1.4010237455368042	1.7732634544372559	0.7505090832710266	1.262144684791565	1.1428815126419067	-0.5954853296279907	-2.672699451446533	-0.009459258057177067	0.14454126358032227	-1.7290440797805786	0.02022855170071125	0.17392945289611816	-0.5178797841072083	-0.3453368544578552	-0.16110600531101227	-0.18624211847782135	1.0178039073944092	-1.659833312034607	0.6795265674591064	-0.01555979996919632	-0.6769810914993286	-0.12090965360403061	0.3715142011642456	-0.9906966686248779	0.2471037209033966	-1.0028043985366821	0.499682754278183	-0.06555028259754181	0.37040776014328003	-0.07304168492555618	-0.10668431222438812	0.23354904353618622	0.08258852362632751	0.1319563090801239	-0.03349100053310394
-1.288670539855957	0.7741337418556213	0.9261447787284851	-0.543461799621582	-0.2725161612033844	-0.2957530915737152	-1.3134608268737793	n/a	-0.13122467696666718	0.14707553386688232	-1.142240285873413	0.4968825578689575	-0.8039264678955078	-0.6407728791236877	0.1344887614250183	-0.09850958734750748	0.16453677415847778	-0.09552935510873795	-0.5949921607971191	-0.46256396174430847	0.023466425016522408	-0.9204029440879822	1.1996161937713623	0.7203271389007568	0.45640888810157776	-1.7908114194869995	-1.1882290840148926	-0.9772818088531494	1.1219894886016846	1.834423303604126	-0.6587926745414734	-0.19426889717578888	0.1279514580965042	-0.7578786611557007	n/a	0.2749687135219574	-0.22908030450344086	0.2556256055831909	-0.7008873224258423	-1.2584537267684937	1.3862364292144775	1.692294716835022	-0.7348735928535461	-0.3904084861278534	0.28331562876701355	-1.3607556819915771	1.704298973083496	0.8314825892448425	1.2253221273422241	0.9755439758300781	-0.635960042476654	-1.8384299278259277	0.005625197663903236	0.13183918595314026	-1.2794657945632935	-0.014827912673354149	0.028929727151989937	-0.45981478691101074	-0.3753186762332916	-0.1562243551015854	-0.16935814917087555	0.8873279690742493	-1.4136686325073242	0.3761589527130127	-0.38797134160995483	-0.5274440050125122	-0.09709063172340393	0.12949705123901367	-0.9656292796134949	0.19784151017665863	-0.9578313827514648	0.4233245253562927	-0.1358191817998886	0.21224994957447052	-0.06515435874462128	-0.051388900727033615	0.19815565645694733	-0.02849157154560089	0.1568654626607895	-0.004153775051236153
-0.9580691456794739	0.888759195804596	0.43847689032554626	-0.6657106280326843	-0.15589657425880432	-0.1310345083475113	-0.7024255394935608	n/a	0.030236123129725456	0.24227243661880493	-0.9801163077354431	0.691737949848175	-0.8775916695594788	-0.7340636253356934	0.08869794756174088	-0.08616787195205688	-0.2064642459154129	-0.119409941136837	-0.7087351083755493	-0.4765181839466095	-0.10760290920734406	-0.8528130054473877	1.0085344314575195	0.9386704564094543	0.5513028502464294	-1.4897340536117554	-0.8396915197372437	-0.9230559468269348	1.2053662538528442	1.2940765619277954	-0.6885108351707458	-0.048879943788051605	0.2279188483953476	-0.4241601526737213	n/a	0.3944992125034332	-0.15468882024288177	0.22711680829524994	-0.3358176350593567	-1.2277122735977173	1.2834683656692505	0.93413907289505	-0.6797285676002502	-0.46361756324768066	0.21532650291919708	-1.2564547061920166	1.535488247871399	0.8503861427307129	1.1222366094589233	0.688412070274353	-0.6887014508247375	-1.0572313070297241	-0.00690704770386219	0.13451197743415833	-0.8364047408103943	-0.03636057302355766	-0.07235129922628403	-0.35746389627456665	-0.36387374997138977	-0.1291486918926239	-0.10502700507640839	0.7135463356971741	-1.1083359718322754	0.08772197365760803	-0.6368153095245361	-0.31250080466270447	-0.05102379992604256	-0.050872404128313065	-0.8770333528518677	0.16614530980587006	-0.8512798547744751	0.38368913531303406	-0.15167617797851562	0.05501216650009155	-0.05024171620607376	0.0024527255445718765	0.17004306614398956	-0.10624748468399048	0.19312262535095215	0.06271995604038239
-0.6588800549507141	0.9413868188858032	0.08627795428037643	-0.7386669516563416	-0.028293561190366745	0.04953505098819733	-0.10603558272123337	n/a	0.19541053473949432	0.3577577471733093	-0.7345012426376343	0.8553346991539001	-0.8423665761947632	-0.801498293876648	0.09346161782741547	-0.11505533009767532	-0.4985801875591278	-0.14707116782665253	-0.8204969167709351	-0.42685365676879883	-0.15117323398590088	-0.7136862874031067	0.8026913404464722	1.143560528755188	0.629950761795044	-1.123247742652893	-0.4785873591899872	-0.743291437625885	1.2204991579055786	0.7870246767997742	-0.693821370601654	0.09566652774810791	0.29477864503860474	-0.09280143678188324	n/a	0.5112050771713257	-0.044147737324237823	0.22698311507701874	0.011329219676554203	-1.1786779165267944	1.0673843622207642	0.2780410945415497	-0.6126548051834106	-0.4719187021255493	0.18692490458488464	-1.085200309753418	1.2847055196762085	0.8429374098777771	0.9756299257278442	0.33471325039863586	-0.6865332126617432	-0.4099782407283783	-0.03597727790474892	0.15594619512557983	-0.4492490887641907	-0.049301955848932266	-0.13092999160289764	-0.22705373167991638	-0.30885764956474304	-0.08989498019218445	-0.012059150263667107	0.512545645236969	-0.7718161940574646	-0.14469638466835022	-0.7431029081344604	-0.0728619173169136	0.011561652645468712	-0.16502654552459717	-0.7415898442268372	0.13511040806770325	-0.6943349242210388	0.3746054470539093	-0.1286921352148056	-0.08057133853435516	-0.017542053014039993	0.059047698974609375	0.15161851048469543	-0.13012699782848358	0.2334667146205902	0.1557927280664444
-0.32908788323402405	0.93952476978302	-0.14284253120422363	-0.7502087354660034	0.07544340193271637	0.22981218993663788	0.4507577419281006	n/a	0.36173856258392334	0.4566552937030792	-0.42057687044143677	0.9216106534004211	-0.7458170056343079	-0.8366877436637878	0.08599964529275894	-0.13428151607513428	-0.7493376135826111	-0.162674218416214	-0.9169169068336487	-0.36475154757499695	-0.17346221208572388	-0.5184888243675232	0.5413467884063721	1.3915538787841797	0.6419851183891296	-0.7061030268669128	-0.1499631553888321	-0.47089678049087524	1.1730124950408936	0.40801888704299927	-0.663372278213501	0.2119368612766266	0.35616204142570496	0.25092965364456177	n/a	0.5969581007957458	0.1103144958615303	0.22787868976593018	0.3063763380050659	-1.1324373483657837	0.7673016786575317	-0.3498832881450653	-0.5551906824111938	-0.45296546816825867	0.15868906676769257	-0.8364647030830383	0.9542289972305298	0.90269535779953	0.7716230154037476	0.01988525502383709	-0.515526533126831	0.13025148212909698	-0.05967874452471733	0.20585374534130096	-0.09074831753969193	-0.06677033752202988	-0.16572372615337372	-0.09943054616451263	-0.22431333363056183	-0.05250637233257294	0.07563174515962601	0.3235931396484375	-0.4546619653701782	-0.28333061933517456	-0.7744261026382446	0.14856483042240143	0.07372826337814331	-0.2407955378293991	-0.5924190282821655	0.0794539600610733	-0.5106833577156067	0.37429919838905334	-0.08301695436239243	-0.1750800907611847	0.04300640523433685	0.1305810660123825	0.14254721999168396	-0.1027136892080307	0.267579585313797	0.2415597289800644
0.06273189932107925	0.9014439582824707	-0.28761523962020874	-0.7041798830032349	0.12215112149715424	0.41125166416168213	0.9693390130996704	n/a	0.5235499143600464	0.5084114074707031	-0.053073178976774216	0.8620426058769226	-0.6381262540817261	-0.849097490310669	0.011316095478832722	-0.12804439663887024	-1.0000567436218262	-0.1633581966161728	-0.9958834052085876	-0.32781410217285156	-0.24179959297180176	-0.29888468980789185	0.2125265896320343	1.733270287513733	0.5612626075744629	-0.2589499056339264	0.11563810706138611	-0.15965653955936432	1.0746039152145386	0.20390182733535767	-0.5976706147193909	0.27782097458839417	0.44814085960388184	0.62575364112854	n/a	0.6267685294151306	0.3106592893600464	0.19675789773464203	0.5368481278419495	-1.1091928482055664	0.42755064368247986	-1.0077710151672363	-0.5299357175827026	-0.44223302602767944	0.09116999804973602	-0.5235223770141602	0.5663362741470337	1.1054857969284058	0.5001431107521057	-0.17221786081790924	-0.13134244084358215	0.6204922199249268	-0.06437626481056213	0.2932438552379608	0.2746410071849823	-0.10152799636125565	-0.19609981775283813	-0.005106640048325062	-0.1335151344537735	-0.026942173019051552	0.1274390071630478	0.19476595520973206	-0.20889677107334137	-0.31023579835891724	-0.8029784560203552	0.31856441497802734	0.11893583834171295	-0.2953858971595764	-0.4640793204307556	-0.00790535006672144	-0.32438981533050537	0.36477354168891907	-0.022918924689292908	-0.2140190154314041	0.13018468022346497	0.21984151005744934	0.1463695466518402	-0.03939076140522957	0.28599420189857483	0.28342562913894653
0.46733495593070984	0.8412545323371887	-0.37776604294776917	-0.6206230521202087	0.10186012089252472	0.591636598110199	1.4396448135375977	n/a	0.6620855331420898	0.4934667646884918	0.3322233259677887	0.6807326078414917	-0.534217357635498	-0.847861111164093	-0.11006303876638412	-0.13044534623622894	-1.24031662940979	-0.15743432939052582	-1.053834080696106	-0.3163583278656006	-0.36643099784851074	-0.09058301150798798	-0.12313660979270935	2.1548078060150146	0.42004451155662537	0.18086200952529907	0.28913411498069763	0.13004626333713531	0.9333100914955139	0.1641201376914978	-0.5106658339500427	0.2867363393306732	0.5799373388290405	1.0164583921432495	n/a	0.5826534032821655	0.5315276384353638	0.10448449105024338	0.7051076889038086	-1.1082264184951782	0.11835386604070663	-1.6414875984191895	-0.5404279232025146	-0.447683185338974	-0.025775445625185966	-0.19583404064178467	0.18500036001205444	1.4437689781188965	0.19604423642158508	-0.2343560755252838	0.36818182468414307	1.0653218030929565	-0.05364386364817619	0.4120199978351593	0.6142923831939697	-0.15153206884860992	-0.21976874768733978	0.04435643181204796	-0.05343376472592354	-0.01334189623594284	0.13577115535736084	0.15667910873889923	-0.0567626915872097	-0.23866207897663116	-0.8391720056533813	0.4213556945323944	0.14121337234973907	-0.308844655752182	-0.3699549734592438	-0.10704242438077927	-0.1455976814031601	0.34343135356903076	0.04663873836398125	-0.19860143959522247	0.22493460774421692	0.30854174494743347	0.16800451278686523	0.04771700128912926	0.2857910096645355	0.2664891183376312
0.7791255116462708	0.7560651302337646	-0.4125273525714874	-0.5282174944877625	0.035404324531555176	0.7548615336418152	1.8246971368789673	n/a	0.751121997833252	0.40757402777671814	0.6788414120674133	0.40652862191200256	-0.41188883781433105	-0.8333073258399963	-0.18853063881397247	-0.18654094636440277	-1.4058696031570435	-0.15361030399799347	-1.0736911296844482	-0.3012651205062866	-0.4943943917751312	0.08110637962818146	-0.3561379313468933	2.5792977809906006	0.2963966131210327	0.5557929873466492	0.3437957763671875	0.360120564699173	0.749250054359436	0.23440521955490112	-0.42509356141090393	0.24962007999420166	0.7235418558120728	1.3692138195037842	n/a	0.4595507085323334	0.7209861278533936	-0.06444820016622543	0.8129859566688538	-1.1085559129714966	-0.08945488184690475	-2.0932135581970215	-0.5667372941970825	-0.4494067132472992	-0.16716255247592926	0.08252792805433273	-0.10522273182868958	1.8302820920944214	-0.05908280611038208	-0.22568850219249725	0.787255048751831	1.381640911102295	-0.046361666172742844	0.5383517146110535	0.8195403814315796	-0.1983853578567505	-0.21249283850193024	0.06142312288284302	0.011696035973727703	-0.0011257838923484087	0.11574506014585495	0.21093089878559113	0.008831709623336792	-0.10188927501440048	-0.8238276243209839	0.4592171013355255	0.14407937228679657	-0.23381668329238892	-0.2900100648403168	-0.18186557292938232	0.024951132014393806	0.32122933864593506	0.1172933429479599	-0.14704307913780212	0.2980932891368866	0.36529746651649475	0.20411700010299683	0.15146391093730927	0.2730971574783325	0.20130395889282227
0.9285213947296143	0.6141465902328491	-0.37254735827445984	-0.4543164074420929	-0.03758064657449722	0.8836156129837036	2.077181816101074	n/a	0.7722970247268677	0.26134106516838074	0.9344805479049683	0.08526738733053207	-0.24941445887088776	-0.7971646785736084	-0.14414000511169434	-0.28584396839141846	-1.442136287689209	-0.14642803370952606	-1.0302437543869019	-0.2599678039550781	-0.5606632232666016	0.20716290175914764	-0.4108537435531616	2.9243686199188232	0.2510922849178314	0.8186949491500854	0.2899075150489807	0.5407261252403259	0.506881594657898	0.3491448163986206	-0.3659431040287018	0.18899932503700256	0.8380923271179199	1.6209183931350708	n/a	0.2708705961704254	0.8316381573677063	-0.30532118678092957	0.8489242792129517	-1.0832713842391968	-0.16083763539791107	-2.2303946018218994	-0.5773800611495972	-0.4266343414783478	-0.2881772518157959	0.2710219919681549	-0.2574518918991089	2.166015386581421	-0.18844233453273773	-0.19956840574741364	0.982943058013916	1.4703714847564697	-0.062277596443891525	0.6400360465049744	0.7987343072891235	-0.22423535585403442	-0.15556055307388306	0.07138726115226746	0.06628978997468948	0.0199159886687994	0.0836477130651474	0.3402113616466522	0.010473573580384254	0.06312448531389236	-0.6746785044670105	0.4412263035774231	0.13158343732357025	-0.04696672409772873	-0.18885189294815063	-0.20514938235282898	0.18475677073001862	0.301912784576416	0.17368103563785553	-0.08481871336698532	0.3268875777721405	0.36580926179885864	0.24727372825145721	0.26133278012275696	0.2560703456401825	0.10729721188545227
0.9407778382301331	0.3766786456108093	-0.2547943890094757	-0.4140617847442627	-0.07978323847055435	0.9642581939697266	2.1771175861358643	n/a	0.7297189235687256	0.07084768265485764	1.0717822313308716	-0.23554475605487823	-0.06292156130075455	-0.7231160998344421	0.027932969853281975	-0.3457171320915222	-1.3570456504821777	-0.11405697464942932	-0.905035138130188	-0.20262309908866882	-0.5407307147979736	0.28922030329704285	-0.30686044692993164	3.139915943145752	0.27722248435020447	0.9708588123321533	0.18773020803928375	0.7145313620567322	0.18908289074897766	0.46535196900367737	-0.3484494686126709	0.13077688217163086	0.8907074332237244	1.7415300607681274	n/a	0.04167338088154793	0.851213812828064	-0.5979301929473877	0.7936409711837769	-1.0079073905944824	-0.11255469173192978	-2.062776803970337	-0.5458752512931824	-0.3800392150878906	-0.354743093252182	0.3699750602245331	-0.29998040199279785	2.391284704208374	-0.17247216403484344	-0.14298568665981293	0.968552827835083	1.3226840496063232	-0.10319036990404129	0.6896250247955322	0.5649915337562561	-0.22301530838012695	-0.05917450413107872	0.09708947688341141	0.1170201450586319	0.04625425115227699	0.040480829775333405	0.5189621448516846	-0.025280877947807312	0.22455190122127533	-0.36272865533828735	0.37392082810401917	0.10356129705905914	0.21068185567855835	-0.04984143376350403	-0.180453822016716	0.32453951239585876	0.2699098289012909	0.19620516896247864	-0.034710805863142014	0.3052895963191986	0.30650559067726135	0.2942606508731842	0.35999244451522827	0.23899218440055847	0.0016441335901618004
0.9163434505462646	0.046420153230428696	-0.10143592953681946	-0.4051333963871002	-0.07607845962047577	0.9862692356109619	2.157020092010498	n/a	0.6529181003570557	-0.14990927278995514	1.0911805629730225	-0.5212578177452087	0.09701748937368393	-0.5989304780960083	0.2511337399482727	-0.2628798186779022	-1.2222089767456055	-0.032616641372442245	-0.697134792804718	-0.16616669297218323	-0.4707298278808594	0.3298600912094116	-0.14757713675498962	3.214812755584717	0.3107272684574127	1.061364769935608	0.1159236952662468	0.9092671871185303	-0.18894660472869873	0.5711159706115723	-0.3692460060119629	0.09559669345617294	0.865806519985199	1.7549759149551392	n/a	-0.2033299207687378	0.8034619688987732	-0.9194778800010681	0.6496193408966064	-0.8712496757507324	-0.009724619798362255	-1.757194995880127	-0.46239545941352844	-0.33308887481689453	-0.3746550977230072	0.4049238860607147	-0.3191467821598053	2.4946088790893555	-0.060688767582178116	0.012135178782045841	0.8787965774536133	1.053597331047058	-0.14950262010097504	0.674280047416687	0.23521295189857483	-0.19933530688285828	0.038283005356788635	0.1462087482213974	0.16583216190338135	0.06607917696237564	-0.024653639644384384	0.7175983190536499	-0.07438072562217712	0.3590743839740753	0.04341573268175125	0.2663366496562958	0.05643148720264435	0.44946154952049255	0.11273934692144394	-0.13968101143836975	0.43077588081359863	0.20553001761436462	0.17363916337490082	-0.013334476388990879	0.24426858127117157	0.20511460304260254	0.34278199076652527	0.425985187292099	0.22184354066848755	-0.10454434901475906
0.9699167013168335	-0.3103445768356323	-0.001878689625300467	-0.4132034182548523	-0.03835035488009453	0.9538887739181519	2.0871715545654297	n/a	0.5816169381141663	-0.38801315426826477	1.014902949333191	-0.7536019682884216	0.18171530961990356	-0.4388379454612732	0.4041970670223236	0.014699699357151985	-1.1383990049362183	0.10516417026519775	-0.4227810800075531	-0.1899062842130661	-0.43363916873931885	0.32738128304481506	-0.06067315489053726	3.1786327362060547	0.27614039182662964	1.1554359197616577	0.13250236213207245	1.102640151977539	-0.5684673190116882	0.6666040420532227	-0.41046640276908875	0.09277941286563873	0.780318558216095	1.7160145044326782	n/a	-0.44410714507102966	0.7276269197463989	-1.2495880126953125	0.4647572934627533	-0.6915852427482605	0.05703605338931084	-1.559190034866333	-0.3355430066585541	-0.32064300775527954	-0.40041449666023254	0.3990785777568817	-0.4069287180900574	2.5142273902893066	0.049849189817905426	0.3176109790802002	0.8562389612197876	0.85689777135849	-0.1758914291858673	0.5980300307273865	-0.031002847477793694	-0.1648547649383545	0.09101582318544388	0.2042403668165207	0.2046234905719757	0.07752249389886856	-0.11953532695770264	0.902536153793335	-0.1074851006269455	0.448397159576416	0.40674012899398804	0.14004768431186676	-0.014579277485609055	0.5809245705604553	0.2721821069717407	-0.11919627338647842	0.4995012879371643	0.1059734970331192	0.11453263461589813	-0.03248370811343193	0.16556420922279358	0.09286031126976013	0.3821798861026764	0.43799951672554016	0.20025499165058136	-0.20858830213546753
1.147748351097107	-0.5907319188117981	-0.045813389122486115	-0.42297735810279846	0.012718791142106056	0.88714200258255	2.031679391860962	n/a	0.5431243181228638	-0.6255084872245789	0.879645824432373	-0.922142744064331	0.17722555994987488	-0.2859874367713928	0.3943614065647125	0.43836015462875366	-1.1690884828567505	0.2792899012565613	-0.10291937738656998	-0.28542640805244446	-0.5003213882446289	0.2838667929172516	-0.12065044045448303	3.0743446350097656	0.1375986635684967	1.2943025827407837	0.24572895467281342	1.2315207719802856	-0.8691654205322266	0.7421908974647522	-0.4514240324497223	0.11973799020051956	0.6757389903068542	1.6664440631866455	n/a	-0.6637727618217468	0.6515377759933472	-1.564477801322937	0.30750685930252075	-0.5106499791145325	0.014089700765907764	-1.6347123384475708	-0.18126361072063446	-0.3638480007648468	-0.4874378442764282	0.3594714403152466	-0.6026433110237122	2.5052707195281982	0.07360470294952393	0.736539363861084	0.9307137727737427	0.8886319398880005	-0.17122046649456024	0.4778357446193695	-0.12512534856796265	-0.12888970971107483	0.07784880697727203	0.24596837162971497	0.22061468660831451	0.09092649817466736	-0.2351759821176529	1.0327695608139038	-0.09109902381896973	0.4780794382095337	0.6048471331596375	0.028947388753294945	-0.1068347692489624	0.5681763887405396	0.4139510691165924	-0.13742783665657043	0.5454334020614624	-0.00799061544239521	0.0438685268163681	-0.09402603656053543	0.09075970202684402	-9.908648644341156e-05	0.3906598687171936	0.38316527009010315	0.1701650321483612	-0.3052296042442322
1.3944367170333862	-0.7169793844223022	-0.25867757201194763	-0.4248862564563751	0.0677182525396347	0.8046739101409912	2.0104494094848633	n/a	0.5392013192176819	-0.8385574817657471	0.7286462783813477	-1.0197250843048096	0.10689427703619003	-0.1820858269929886	0.2216089963912964	0.8842362761497498	-1.2947825193405151	0.4528055787086487	0.2468792200088501	-0.42418739199638367	-0.6697194576263428	0.21991141140460968	-0.30680960416793823	2.918415069580078	-0.07722070813179016	1.475787878036499	0.41385239362716675	1.2409639358520508	-1.0298311710357666	0.7761080265045166	-0.4770694375038147	0.16449227929115295	0.5806638598442078	1.611526370048523	n/a	-0.8461966514587402	0.5765308737754822	-1.8308298587799072	0.21402204036712646	-0.36018744111061096	-0.15689784288406372	-1.9581843614578247	-0.008843242190778255	-0.45030146837234497	-0.6445592045783997	0.2874905467033386	-0.8718946576118469	2.4771313667297363	-0.003376192646101117	1.1491916179656982	0.9986265897750854	1.1579838991165161	-0.14368166029453278	0.33491215109825134	-0.052456870675086975	-0.09006273001432419	0.015818506479263306	0.2591090500354767	0.20950961112976074	0.11138174682855606	-0.34651604294776917	1.0657120943069458	-0.007319770287722349	0.44560280442237854	0.6033669114112854	-0.03657132387161255	-0.20131748914718628	0.44070035219192505	0.54029381275177	-0.18949802219867706	0.589519739151001	-0.10316833108663559	-0.013120586983859539	-0.18177200853824615	0.03340497985482216	-0.05811549350619316	0.3452220857143402	0.26599207520484924	0.13409988582134247	-0.3755253553390503
1.6290329694747925	-0.6838344931602478	-0.5971595048904419	-0.4125466048717499	0.1241409182548523	0.7221020460128784	2.000533103942871	n/a	0.549994945526123	-1.0071066617965698	0.6031221151351929	-1.0526567697525024	0.008003955706954002	-0.1369454264640808	-0.0373837947845459	1.2429261207580566	-1.4521530866622925	0.5961325168609619	0.6112387776374817	-0.5624698400497437	-0.8853175640106201	0.1727205067873001	-0.5432537794113159	2.712188720703125	-0.30533114075660706	1.6754347085952759	0.5851181149482727	1.1216686964035034	-1.0403814315795898	0.7464596629142761	-0.4774991273880005	0.20921754837036133	0.5012125372886658	1.5310947895050049	n/a	-0.976777970790863	0.48997026681900024	-2.0110116004943848	0.17584697902202606	-0.24192975461483002	-0.4162897765636444	-2.390263557434082	0.17870557308197021	-0.5484598278999329	-0.8358348608016968	0.19844476878643036	-1.1459441184997559	2.3937795162200928	-0.13330069184303284	1.4338264465332031	0.9452903270721436	1.558151364326477	-0.10876656323671341	0.18830443918704987	0.10973803699016571	-0.044014666229486465	-0.06247929856181145	0.25025781989097595	0.1785215139389038	0.12868373095989227	-0.4276595115661621	0.9771285653114319	0.14117248356342316	0.36246180534362793	0.4531291723251343	-0.04480807110667229	-0.269572377204895	0.254825234413147	0.6556283831596375	-0.25711026787757874	0.6433392763137817	-0.157083198428154	-0.043627817183732986	-0.26834940910339355	0.0016075881430879235	-0.07933683693408966	0.23489037156105042	0.10653440654277802	0.09750547260046005	-0.39990460872650146
1.829924464225769	-0.5474990010261536	-0.9980096220970154	-0.38108718395233154	0.17268402874469757	0.6648228764533997	1.9709540605545044	n/a	0.549589216709137	-1.1225744485855103	0.5350502133369446	-1.045966386795044	-0.09457024186849594	-0.13261069357395172	-0.2981260120868683	1.4733508825302124	-1.5997966527938843	0.6976606249809265	0.9648361802101135	-0.6736598610877991	-1.0946033000946045	0.17416280508041382	-0.7684515714645386	2.473196268081665	-0.4936639368534088	1.8765075206756592	0.7359415888786316	0.9041213393211365	-0.9366331696510315	0.6401128172874451	-0.4445769786834717	0.2356499880552292	0.44541192054748535	1.4074763059616089	n/a	-1.04704749584198	0.38860106468200684	-2.0773427486419678	0.16723249852657318	-0.14416737854480743	-0.6975374817848206	-2.8248398303985596	0.3701569736003876	-0.6347637176513672	-1.0188889503479004	0.12297568470239639	-1.3732930421829224	2.2312350273132324	-0.265648752450943	1.526174783706665	0.7565415501594543	1.987228274345398	-0.07747413963079453	0.05444230139255524	0.3030970096588135	0.006281187292188406	-0.13339871168136597	0.23145358264446259	0.1385422646999359	0.12707898020744324	-0.4651810824871063	0.7775375247001648	0.34363099932670593	0.24574729800224304	0.22616487741470337	-0.002739532385021448	-0.2920430600643158	0.047093916684389114	0.7534213662147522	-0.3232640027999878	0.7092675566673279	-0.17384281754493713	-0.047189269214868546	-0.3312535583972931	0.0022946372628211975	-0.06657279282808304	0.06860529631376266	-0.06931547075510025	0.06337335705757141	-0.3756501078605652
2.020040273666382	-0.37654390931129456	-1.412312388420105	-0.3328966200351715	0.20202146470546722	0.6540193557739258	1.905677318572998	n/a	0.5184811353683472	-1.1881877183914185	0.535406231880188	-1.0325740575790405	-0.20025376975536346	-0.14959818124771118	-0.5045859217643738	1.579094648361206	-1.7236697673797607	0.7558047771453857	1.271641731262207	-0.7520763278007507	-1.2677565813064575	0.2292710393667221	-0.9555021524429321	2.209829092025757	-0.6171578168869019	2.0767340660095215	0.8645228147506714	0.6303424835205078	-0.7673037648200989	0.45848503708839417	-0.3733043968677521	0.23030789196491241	0.4258231818675995	1.2398648262023926	n/a	-1.0598983764648438	0.2824336290359497	-2.021362543106079	0.16499653458595276	-0.06368009746074677	-0.9355545043945312	-3.2148196697235107	0.5360903143882751	-0.6973515152931213	-1.1639518737792969	0.08727431297302246	-1.5266331434249878	1.9889044761657715	-0.37884536385536194	1.4165229797363281	0.4968447983264923	2.4075710773468018	-0.053134988993406296	-0.056417107582092285	0.521250307559967	0.05633826181292534	-0.18156325817108154	0.21076439321041107	0.10061143338680267	0.09985808283090591	-0.4582480490207672	0.5045485496520996	0.5889533162117004	0.11006584018468857	-0.03163269907236099	0.06971899420022964	-0.269407719373703	-0.17173859477043152	0.8142086267471313	-0.38450056314468384	0.7898163795471191	-0.1766694337129593	-0.032563816756010056	-0.3592187464237213	0.037236474454402924	-0.025927184149622917	-0.12538093328475952	-0.23527877032756805	0.03830917552113533	-0.3131895363330841
2.1898579597473145	-0.20929810404777527	-1.803145408630371	-0.27763140201568604	0.21029916405677795	0.6726658940315247	1.7941583395004272	n/a	0.446098268032074	-1.2184028625488281	0.5747167468070984	-1.0405769348144531	-0.3138333559036255	-0.1775054931640625	-0.609449565410614	1.559355616569519	-1.797420620918274	0.7694554328918457	1.496024250984192	-0.7946277260780334	-1.3783364295959473	0.3126024007797241	-1.0740785598754883	1.8782739639282227	-0.658686101436615	2.263364791870117	0.9520959258079529	0.3312108814716339	-0.5634592175483704	0.21753902733325958	-0.2639872431755066	0.18747225403785706	0.43162086606025696	1.0370287895202637	n/a	-1.0329605340957642	0.17164300382137299	-1.8573092222213745	0.15928983688354492	0.0008637915016151965	-1.0744166374206543	-3.5002381801605225	0.6425819993019104	-0.7217382192611694	-1.2522536516189575	0.0932200476527214	-1.5712529420852661	1.6439802646636963	-0.45812365412712097	1.1164504289627075	0.20691505074501038	2.793717861175537	-0.03508710116147995	-0.14369870722293854	0.7549500465393066	0.10915122181177139	-0.19282692670822144	0.19166888296604156	0.07515162974596024	0.053655385971069336	-0.40862977504730225	0.19334568083286285	0.8590497374534607	-0.03692121431231499	-0.2957027554512024	0.14733697474002838	-0.21737396717071533	-0.39066430926322937	0.8178519606590271	-0.45012345910072327	0.8881021738052368	-0.18227043747901917	-0.015462669543921947	-0.35048967599868774	0.09642776101827621	0.026678351685404778	-0.3139183223247528	-0.36621344089508057	0.03743934631347656	-0.22280558943748474
2.2659573554992676	-0.04922957718372345	-2.1225643157958984	-0.2257581502199173	0.2015274614095688	0.671383261680603	1.6122760772705078	n/a	0.3283562958240509	-1.2291022539138794	0.5887218117713928	-1.079771637916565	-0.408517986536026	-0.20746572315692902	-0.5533688068389893	1.3934941291809082	-1.7677315473556519	0.7341883778572083	1.619099736213684	-0.7871994376182556	-1.3938182592391968	0.3863620460033417	-1.0531588792800903	1.4189990758895874	-0.5798787474632263	2.371201753616333	0.950471043586731	0.027083618566393852	-0.33661219477653503	-0.06723189353942871	-0.12621240317821503	0.1098097413778305	0.4204123914241791	0.8026794195175171	n/a	-0.9895897507667542	0.029605571180582047	-1.6191800832748413	0.1576826423406601	0.0618845596909523	-1.0714941024780273	-3.569488286972046	0.6809327006340027	-0.6869357228279114	-1.2719348669052124	0.1158892884850502	-1.4498069286346436	1.1440389156341553	-0.46418026089668274	0.6373881101608276	-0.15352623164653778	3.0397520065307617	-0.028371963649988174	-0.20952530205249786	0.9306017160415649	0.16946257650852203	-0.1604125201702118	0.17290546000003815	0.06474700570106506	0.0006817537359893322	-0.3140636384487152	-0.13853566348552704	1.113322138786316	-0.18952561914920807	-0.527151346206665	0.21094639599323273	-0.1528228223323822	-0.5755424499511719	0.7653446197509766	-0.5183301568031311	0.9928059577941895	-0.18163783848285675	-0.01039427425712347	-0.31061235070228577	0.1584727168083191	0.0646607056260109	-0.47581157088279724	-0.4449072480201721	0.06986025720834732	-0.11299411207437515
2.1689367294311523	0.1045161560177803	-2.3055100440979004	-0.1867859810590744	0.17575962841510773	0.6174032092094421	1.3235162496566772	n/a	0.16604836285114288	-1.2189397811889648	0.52842777967453	-1.1263703107833862	-0.4255509674549103	-0.2288968861103058	-0.29836493730545044	1.0707041025161743	-1.593591332435608	0.6437464356422424	1.6475560665130615	-0.7133870124816895	-1.2939532995224	0.42632028460502625	-0.8129030466079712	0.8487902283668518	-0.33838653564453125	2.2851200103759766	0.8232743144035339	-0.25522902607917786	-0.10416053980588913	-0.39558157324790955	0.014834010973572731	0.0055814990773797035	0.35201504826545715	0.530495822429657	n/a	-0.9368422031402588	-0.17039181292057037	-1.343498706817627	0.1662491410970688	0.13174453377723694	-0.9146314859390259	-3.3149447441101074	0.6780383586883545	-0.5821143388748169	-1.2137633562088013	0.1239401325583458	-1.1220039129257202	0.4770857095718384	-0.35667508840560913	0.009441951289772987	-0.6454776525497437	2.962723970413208	-0.047439321875572205	-0.2501603066921234	0.9482511878013611	0.23005825281143188	-0.09578083455562592	0.1482660174369812	0.0587184876203537	-0.052310869097709656	-0.1744680255651474	-0.47202348709106445	1.290708065032959	-0.33202528953552246	-0.6581267714500427	0.2520618736743927	-0.0875931978225708	-0.6829147934913635	0.6886898279190063	-0.5529110431671143	1.070478916168213	-0.1479315310716629	-0.0208711177110672	-0.24947811663150787	0.20007500052452087	0.06250865012407303	-0.6052448153495789	-0.47185686230659485	0.12000766396522522	0.0015485382173210382
1.8847025632858276	0.23429866135120392	-2.3002467155456543	-0.1694084256887436	0.13043470680713654	0.5170389413833618	0.905113935470581	n/a	-0.03158149868249893	-1.164604663848877	0.405722975730896	-1.1254613399505615	-0.32322049140930176	-0.23037752509117126	0.11824940145015717	0.624584436416626	-1.2901372909545898	0.4969255328178406	1.6069481372833252	-0.5725783109664917	-1.0906803607940674	0.43347468972206116	-0.34294888377189636	0.2750861644744873	0.056534603238105774	1.9156779050827026	0.5928177237510681	-0.48381295800209045	0.09591418504714966	-0.7756234407424927	0.12323161959648132	-0.11450299620628357	0.2201172113418579	0.21587035059928894	n/a	-0.8559658527374268	-0.4123162031173706	-1.0481946468353271	0.1643172651529312	0.20916667580604553	-0.6381525993347168	-2.7206106185913086	0.6746745109558105	-0.42198652029037476	-1.0700492858886719	0.10718543082475662	-0.6189694404602051	-0.2836935520172119	-0.14948169887065887	-0.6834356188774109	-1.2462170124053955	2.4323041439056396	-0.10253754258155823	-0.2574085295200348	0.7835333943367004	0.2702687978744507	-0.02695750817656517	0.11030004918575287	0.0412469319999218	-0.10719002038240433	-0.0043848128989338875	-0.7675474882125854	1.336869716644287	-0.4381595551967621	-0.6261035203933716	0.26540592312812805	-0.030617862939834595	-0.6948472261428833	0.6288756728172302	-0.5008442997932434	1.0814985036849976	-0.06425941735506058	-0.03982039913535118	-0.17614826560020447	0.20851834118366241	0.01173242088407278	-0.6992491483688354	-0.4640504717826843	0.15384209156036377	0.09852797538042068
1.473503828048706	0.31236106157302856	-2.1121740341186523	-0.17947973310947418	0.07125262916088104	0.38738685846328735	0.37938156723976135	n/a	-0.239022359251976	-1.0412651300430298	0.2833256721496582	-1.0282450914382935	-0.1239338219165802	-0.19809627532958984	0.5798719525337219	0.13705754280090332	-0.9246639013290405	0.30819401144981384	1.521070957183838	-0.38491228222846985	-0.8224997520446777	0.4229764938354492	0.254923552274704	-0.2112189084291458	0.5151406526565552	1.2953479290008545	0.34850773215293884	-0.648877739906311	0.2212047576904297	-1.2011107206344604	0.17076994478702545	-0.23625728487968445	0.045422520488500595	-0.1274224817752838	n/a	-0.7238283753395081	-0.6341861486434937	-0.7338269948959351	0.10983538627624512	0.2895820438861847	-0.3075084686279297	-1.8988959789276123	0.6939594149589539	-0.24269576370716095	-0.8401693105697632	0.08223165571689606	-0.048276398330926895	-1.036768913269043	0.07825855910778046	-1.3054980039596558	-1.8168836832046509	1.5162394046783447	-0.17942111194133759	-0.22898252308368683	0.5395751595497131	0.2740674912929535	0.016459770500659943	0.05889228731393814	0.008338701911270618	-0.16605624556541443	0.16255336999893188	-0.9800373315811157	1.237713098526001	-0.4884909391403198	-0.42543044686317444	0.23881414532661438	0.012027289718389511	-0.6337139010429382	0.5942264199256897	-0.3460213243961334	1.006639838218689	0.051045969128608704	-0.062205273658037186	-0.09346902370452881	0.18687750399112701	-0.07192228734493256	-0.7378665804862976	-0.4394664764404297	0.14776372909545898	0.1555723398923874
1.0184420347213745	0.3353683054447174	-1.8226052522659302	-0.21387016773223877	0.01236532349139452	0.2218637317419052	-0.1777532994747162	n/a	-0.4144600033760071	-0.8468643426895142	0.21687424182891846	-0.8323572874069214	0.09259101003408432	-0.11704864352941513	0.9539306163787842	-0.2966584861278534	-0.567644476890564	0.11000747233629227	1.395948052406311	-0.18295921385288239	-0.5340469479560852	0.40208756923675537	0.8144453167915344	-0.6311797499656677	0.9078108668327332	0.5892394185066223	0.19283613562583923	-0.7821235656738281	0.260836124420166	-1.6417357921600342	0.1563521772623062	-0.34335261583328247	-0.15449462831020355	-0.4632670283317566	n/a	-0.5425293445587158	-0.7720695734024048	-0.4067942500114441	-0.013147563673555851	0.3857985734939575	0.014420676045119762	-1.0353991985321045	0.7289372086524963	-0.08017486333847046	-0.5465235114097595	0.06789010018110275	0.4618128538131714	-1.7304158210754395	0.2292264699935913	-1.7239806652069092	-2.192582368850708	0.4819074869155884	-0.2399849146604538	-0.1787823736667633	0.3781154155731201	0.24650850892066956	0.01953057385981083	0.007442374713718891	-0.02505246363580227	-0.21594437956809998	0.289993554353714	-1.092925786972046	1.0297117233276367	-0.48631224036216736	-0.13175459206104279	0.1621064692735672	0.04272747039794922	-0.5473325252532959	0.555535078048706	-0.1371299922466278	0.8579882383346558	0.1504410356283188	-0.09074036777019501	0.00043599490891210735	0.14588499069213867	-0.15945476293563843	-0.6886822581291199	-0.4013271927833557	0.10970234125852585	0.16310633718967438
0.5660528540611267	0.34357208013534546	-1.5412113666534424	-0.2551499903202057	-0.039204955101013184	-0.008913510479032993	-0.6743417382240295	n/a	-0.5181212425231934	-0.6003307104110718	0.2082427591085434	-0.5728206038475037	0.248783141374588	0.0221323873847723	1.1721724271774292	-0.6130286455154419	-0.24331547319889069	-0.06047867611050606	1.2313575744628906	0.0007108990685082972	-0.2567709684371948	0.3626067042350769	1.2123395204544067	-1.0716570615768433	1.1470868587493896	-0.02544490434229374	0.15452010929584503	-0.9376770853996277	0.25263258814811707	-2.0550012588500977	0.10938150435686111	-0.42488446831703186	-0.3820246756076813	-0.7500710487365723	n/a	-0.33773353695869446	-0.8073719143867493	-0.08742377907037735	-0.15655004978179932	0.5249431133270264	0.28438839316368103	-0.26293325424194336	0.7622044682502747	0.053004827350378036	-0.23884308338165283	0.06134026497602463	0.8347293138504028	-2.3639755249023438	0.25162720680236816	-1.868205189704895	-2.319404363632202	-0.40145957469940186	-0.2509036362171173	-0.13220030069351196	0.3721608817577362	0.2057575285434723	-0.012257426045835018	-0.02367592789232731	-0.03916911780834198	-0.22528298199176788	0.36166059970855713	-1.1292400360107422	0.7665823101997375	-0.4496435821056366	0.13384976983070374	0.048582687973976135	0.07524098455905914	-0.47473928332328796	0.4906730353832245	0.049993377178907394	0.6593580842018127	0.19667142629623413	-0.12496864050626755	0.10541475564241409	0.09163516759872437	-0.2297472059726715	-0.5406985282897949	-0.33891743421554565	0.06587495654821396	0.13451282680034637
0.14127539098262787	0.37878748774528503	-1.3350825309753418	-0.278615266084671	-0.0877334475517273	-0.3183847665786743	-1.048057198524475	n/a	-0.5350735187530518	-0.32694411277770996	0.22213244438171387	-0.28916242718696594	0.3051031529903412	0.21499967575073242	1.2369189262390137	-0.779758095741272	0.05541589856147766	-0.17525650560855865	1.0456291437149048	0.13729509711265564	-0.010344602167606354	0.29425671696662903	1.4019478559494019	-1.5684661865234375	1.2147905826568604	-0.46084439754486084	0.1898622214794159	-1.1408276557922363	0.24485278129577637	-2.3948464393615723	0.06878496706485748	-0.47616228461265564	-0.6358130574226379	-0.9580280780792236	n/a	-0.13369302451610565	-0.7627374529838562	0.2030651569366455	-0.24801898002624512	0.7182587385177612	0.48114174604415894	0.37626326084136963	0.7882248759269714	0.1593862622976303	0.030779201537370682	0.05212129279971123	1.0519815683364868	-2.9193520545959473	0.15494869649410248	-1.7333701848983765	-2.2466752529144287	-1.0145885944366455	-0.20212331414222717	-0.10542838275432587	0.4751676619052887	0.16258567571640015	-0.06393227726221085	-0.02334900014102459	-0.028729159384965897	-0.1704588383436203	0.37849095463752747	-1.1249639987945557	0.4874085783958435	-0.39451199769973755	0.27060553431510925	-0.07045786082744598	0.12261962890625	-0.43684032559394836	0.4072253108024597	0.1639997363090515	0.42791539430618286	0.18247273564338684	-0.15880762040615082	0.21493081748485565	0.025369917973876	-0.2739922106266022	-0.31882888078689575	-0.2456793487071991	0.029931344091892242	0.09472327679395676
-0.1998080313205719	0.4428735375404358	-1.2202835083007812	-0.2650640308856964	-0.13866925239562988	-0.6709578633308411	-1.2607311010360718	n/a	-0.47515052556991577	-0.05435018986463547	0.23471012711524963	-0.012969533912837505	0.24206924438476562	0.43976718187332153	1.1557121276855469	-0.779086172580719	0.3107629716396332	-0.2227822095155716	0.8780897855758667	0.20011863112449646	0.1744442880153656	0.19454661011695862	1.3592400550842285	-2.0634753704071045	1.123948097229004	-0.7017788887023926	0.2651274800300598	-1.36141836643219	0.2555525302886963	-2.616123914718628	0.06096871942281723	-0.4926372170448303	-0.8750983476638794	-1.0620932579040527	n/a	0.05783448740839958	-0.6631020903587341	0.4488249719142914	-0.25281214714050293	0.9401721358299255	0.5947810411453247	0.8446768522262573	0.8080210089683533	0.2268902212381363	0.22595076262950897	0.04461197182536125	1.1024510860443115	-3.315335750579834	-0.03246184065937996	-1.3539050817489624	-2.0075979232788086	-1.3293685913085938	-0.09862082451581955	-0.09019796550273895	0.6341966390609741	0.11352961510419846	-0.12638217210769653	-0.001273054862394929	-0.007527665700763464	-0.062443166971206665	0.3433641791343689	-1.1014090776443481	0.22193419933319092	-0.334696888923645	0.21703556180000305	-0.16583570837974548	0.1822037398815155	-0.45545318722724915	0.31860098242759705	0.1897221803665161	0.18342836201190948	0.11410776525735855	-0.19074152410030365	0.3152769207954407	-0.04772145301103592	-0.28323104977607727	-0.07024893164634705	-0.13520081341266632	-0.004428522661328316	0.05742954835295677
-0.3947765827178955	0.5199004411697388	-1.186458945274353	-0.20858022570610046	-0.19454768300056458	-0.9920961260795593	-1.2784696817398071	n/a	-0.35493311285972595	0.19165915250778198	0.24388118088245392	0.23423129320144653	0.05947846919298172	0.6573581099510193	0.9188941121101379	-0.6305561661720276	0.48110532760620117	-0.21153035759925842	0.7642436623573303	0.18077266216278076	0.2597600221633911	0.06723394244909286	1.0781065225601196	-2.448737382888794	0.9055664539337158	-0.7799869179725647	0.37462884187698364	-1.5412261486053467	0.2865724563598633	-2.6893317699432373	0.09511799365282059	-0.4702543616294861	-1.0287702083587646	-1.0361039638519287	n/a	0.2308017462491989	-0.5276271104812622	0.6368963718414307	-0.16748832166194916	1.1328110694885254	0.6086701154708862	1.089234471321106	0.8190845251083374	0.23514166474342346	0.32290852069854736	0.04355628415942192	0.9799018502235413	-3.4472081661224365	-0.2841094136238098	-0.8079401850700378	-1.618977427482605	-1.3502230644226074	0.042668186128139496	-0.06297975778579712	0.8264455199241638	0.053037259727716446	-0.1946752965450287	0.018823029473423958	0.0025111245922744274	0.06664901971817017	0.2641710937023163	-1.0682945251464844	7.459540483978344e-06	-0.285739541053772	-0.05070996657013893	-0.21089446544647217	0.24133777618408203	-0.5373225808143616	0.23065881431102753	0.14077119529247284	-0.041189044713974	0.00387233542278409	-0.22241726517677307	0.3903200030326843	-0.11468788236379623	-0.24725177884101868	0.14602118730545044	-0.03605028614401817	-0.04458792135119438	0.024870717898011208
-0.4277816116809845	0.591687798500061	-1.2007235288619995	-0.12361536175012589	-0.24923551082611084	-1.2015143632888794	-1.0956940650939941	n/a	-0.19363285601139069	0.39429688453674316	0.2459830343723297	0.43696945905685425	-0.19786886870861053	0.8181627988815308	0.5440011620521545	-0.39638522267341614	0.544670581817627	-0.16136354207992554	0.7106485962867737	0.10488046705722809	0.2374325841665268	-0.07629074901342392	0.6108797788619995	-2.6272928714752197	0.6217813491821289	-0.7671518325805664	0.5059799551963806	-1.624184250831604	0.33541902899742126	-2.612391948699951	0.15860994160175323	-0.4077315032482147	-1.0394703149795532	-0.8769559264183044	n/a	0.3786146640777588	-0.3840753436088562	0.7583382725715637	0.003853393020108342	1.2270280122756958	0.5149491429328918	1.1045092344284058	0.8230675458908081	0.18503805994987488	0.31855306029319763	0.037113647907972336	0.7202414870262146	-3.257761001586914	-0.5511849522590637	-0.22387591004371643	-1.1523962020874023	-1.145986557006836	0.18956953287124634	-0.010861378163099289	1.0068919658660889	-0.012948191724717617	-0.2563360631465912	0.020083563402295113	-0.012509036809206009	0.19020037353038788	0.15943650901317596	-1.034448504447937	-0.14852626621723175	-0.26222750544548035	-0.4808740019798279	-0.18768437206745148	0.2908633053302765	-0.646221935749054	0.15314124524593353	0.05402405187487602	-0.2092515230178833	-0.12534740567207336	-0.2540896534919739	0.42891183495521545	-0.15777312219142914	-0.16600091755390167	0.2762940526008606	0.026142770424485207	-0.08615993708372116	0.002554035047069192
-0.3198961615562439	0.6168156862258911	-1.2133759260177612	-0.04495646432042122	-0.28290367126464844	-1.2432218790054321	-0.7630810737609863	n/a	-0.021042870357632637	0.5448816418647766	0.23090504109859467	0.580392062664032	-0.45407482981681824	0.8902938961982727	0.09713919460773468	-0.13775163888931274	0.5028167366981506	-0.09092129021883011	0.6933039426803589	0.012985708191990852	0.1407974660396576	-0.21315845847129822	0.05613315477967262	-2.546677589416504	0.34646734595298767	-0.7336935997009277	0.6387948989868164	-1.5679851770401	0.3765319585800171	-2.405336618423462	0.21535053849220276	-0.30421486496925354	-0.8935102820396423	-0.6212447881698608	n/a	0.4952048659324646	-0.2580152451992035	0.8132264018058777	0.2320423722267151	1.1832144260406494	0.3502098321914673	0.9378135800361633	0.8291592597961426	0.09392596036195755	0.24243594706058502	0.014744634740054607	0.3895908296108246	-2.7653257846832275	-0.7616561055183411	0.2684518098831177	-0.6996023654937744	-0.8304628729820251	0.30840930342674255	0.056463152170181274	1.1213788986206055	-0.06937813013792038	-0.29452329874038696	0.00206807442009449	-0.05265996977686882	0.2876822054386139	0.04786468297243118	-0.9991108179092407	-0.2018282115459442	-0.27486780285835266	-0.9405609965324402	-0.10781370103359222	0.3227541446685791	-0.7258277535438538	0.09683963656425476	-0.02616516500711441	-0.30166247487068176	-0.24771979451179504	-0.2900448739528656	0.4266287684440613	-0.16056036949157715	-0.051582496613264084	0.3008807599544525	0.03726772218942642	-0.1196880117058754	-0.0024517362471669912
-0.11158192902803421	0.5531139969825745	-1.1780238151550293	-0.00822259671986103	-0.27519625425338745	-1.1066118478775024	-0.36266735196113586	n/a	0.12856298685073853	0.6387217044830322	0.19637316465377808	0.658551812171936	-0.650047242641449	0.8887125253677368	-0.33681824803352356	0.0985749214887619	0.3629678785800934	-0.021470606327056885	0.6740400791168213	-0.06812287122011185	0.01938462443649769	-0.31339383125305176	-0.487182080745697	-2.2015583515167236	0.12689626216888428	-0.7213447690010071	0.7398184537887573	-1.3675625324249268	0.3764525353908539	-2.0916221141815186	0.22989489138126373	-0.15797202289104462	-0.6201393604278564	-0.31899577379226685	n/a	0.5772455930709839	-0.14945724606513977	0.8144469261169434	0.4536864161491394	1.0270678997039795	0.1802881360054016	0.6531920433044434	0.8385913372039795	-0.02313298173248768	0.14120343327522278	-0.012870476581156254	0.04042217135429382	-2.035952568054199	-0.861030638217926	0.5993421673774719	-0.31117209792137146	-0.49626660346984863	0.38133493065834045	0.11912043392658234	1.1464248895645142	-0.10187885165214539	-0.29972654581069946	-0.02648182585835457	-0.10991352051496506	0.33718928694725037	-0.056594159454107285	-0.9420045018196106	-0.1657063513994217	-0.3225128948688507	-1.3025739192962646	-0.0058434694074094296	0.32697993516921997	-0.7395984530448914	0.06158146634697914	-0.06865864247083664	-0.33000296354293823	-0.34234416484832764	-0.3340441584587097	0.38291171193122864	-0.11529988050460815	0.07949090003967285	0.23654355108737946	-0.003977689426392317	-0.13853591680526733	0.01035346370190382
0.13913390040397644	0.40379631519317627	-1.0729575157165527	-0.027844183146953583	-0.22087182104587555	-0.828894317150116	0.03067409247159958	n/a	0.23030777275562286	0.6732675433158875	0.15117554366588593	0.680086612701416	-0.7655510306358337	0.8602353930473328	-0.6891213059425354	0.2667013108730316	0.1403387486934662	0.020335035398602486	0.6149003505706787	-0.13208885490894318	-0.08947183191776276	-0.35424304008483887	-0.9437688589096069	-1.6336733102798462	-0.03255650773644447	-0.7464532256126404	0.7552331686019897	-1.0711181163787842	0.32972681522369385	-1.688633918762207	0.19400188326835632	0.028080057352781296	-0.2718361020088196	-0.009435528889298439	n/a	0.624333381652832	-0.03549354895949364	0.7862489819526672	0.6054620146751404	0.8310876488685608	0.05386383458971977	0.3147890567779541	0.8360843658447266	-0.1534726917743683	0.052503906190395355	-0.021401382982730865	-0.2967439293861389	-1.1488118171691895	-0.8444443345069885	0.7739572525024414	-0.00038724488695152104	-0.18018202483654022	0.4108524024486542	0.16001580655574799	1.0932530164718628	-0.10235089808702469	-0.27202120423316956	-0.05442505329847336	-0.17203406989574432	0.3226638436317444	-0.1394660919904709	-0.8361597657203674	-0.07297466695308685	-0.3873421847820282	-1.5224982500076294	0.08834727853536606	0.3011299967765808	-0.6831817030906677	0.0377669483423233	-0.06488121300935745	-0.3240981698036194	-0.39288654923439026	-0.37895748019218445	0.2990170419216156	-0.02989882230758667	0.2084091454744339	0.11061426252126694	-0.08577841520309448	-0.13967309892177582	0.035377051681280136
0.3954554498195648	0.1991707682609558	-0.9209882020950317	-0.09673801064491272	-0.12867474555969238	-0.48092353343963623	0.35159289836883545	n/a	0.27412986755371094	0.6442569494247437	0.10938669741153717	0.653566300868988	-0.8122122883796692	0.840079665184021	-0.9316266775131226	0.35476815700531006	-0.15290293097496033	0.023175863549113274	0.48697629570961	-0.19015251100063324	-0.17823441326618195	-0.33324721455574036	-1.276055932044983	-0.9434518218040466	-0.16516660153865814	-0.7812359929084778	0.6646983027458191	-0.7541816234588623	0.24685196578502655	-1.2225732803344727	0.12083141505718231	0.2365570068359375	0.09594855457544327	0.26754918694496155	n/a	0.6391449570655823	0.10490059107542038	0.7543929815292358	0.6588855981826782	0.6597922444343567	-0.0045240470208227634	-0.05098535493016243	0.8025665283203125	-0.29142525792121887	-0.002124188933521509	0.011539926752448082	-0.5988189578056335	-0.20758387446403503	-0.7555040121078491	0.8595377206802368	0.26891693472862244	0.1549346148967743	0.420259565114975	0.1668618619441986	1.0326036214828491	-0.07550190389156342	-0.22221043705940247	-0.07271408289670944	-0.22246716916561127	0.24049532413482666	-0.1965216100215912	-0.67046058177948	0.04918893799185753	-0.4509705901145935	-1.6256358623504639	0.1519702523946762	0.25335070490837097	-0.5866511464118958	0.0046045538038015366	-0.031146034598350525	-0.30637750029563904	-0.3958852291107178	-0.4173990488052368	0.1778537482023239	0.06964388489723206	0.31372499465942383	-0.05090096592903137	-0.19249409437179565	-0.12786763906478882	0.0573691688477993
0.6510264277458191	-0.03748670220375061	-0.7801646590232849	-0.2009885460138321	-0.014596972614526749	-0.14254410564899445	0.540640115737915	n/a	0.2641094923019409	0.5541310906410217	0.08677089959383011	0.5884909629821777	-0.8155336380004883	0.8271237015724182	-1.073997974395752	0.393624871969223	-0.5084918141365051	-0.0012979090679436922	0.282522588968277	-0.2566222548484802	-0.25884461402893066	-0.2696989178657532	-1.474808692932129	-0.2697523832321167	-0.30757659673690796	-0.7672739624977112	0.5200640559196472	-0.48476070165634155	0.13099616765975952	-0.7501001358032227	0.023635083809494972	0.4330073893070221	0.4351184368133545	0.4636879563331604	n/a	0.6321455240249634	0.27198782563209534	0.7369968295097351	0.6242049932479858	0.5359082818031311	0.01855883002281189	-0.44730979204177856	0.7311020493507385	-0.43888309597969055	-0.010315107181668282	0.09222830086946487	-0.8361799716949463	0.646848738193512	-0.6564950346946716	0.9399793148040771	0.5599206686019897	0.5695642232894897	0.44004198908805847	0.13579769432544708	1.083656668663025	-0.03955164551734924	-0.17125514149665833	-0.07891009747982025	-0.24560107290744781	0.10143591463565826	-0.23928995430469513	-0.45881351828575134	0.19039608538150787	-0.5088847279548645	-1.6540926694869995	0.16397784650325775	0.1949438899755478	-0.5017679929733276	-0.06649170070886612	0.005087549798190594	-0.28287243843078613	-0.36533939838409424	-0.4515782296657562	0.02724519930779934	0.1477990597486496	0.37732866406440735	-0.21611206233501434	-0.31255972385406494	-0.11905362457036972	0.05517921596765518
0.8547331094741821	-0.26831546425819397	-0.6963147521018982	-0.3247638940811157	0.09833283722400665	0.12140737473964691	0.5633024573326111	n/a	0.21421882510185242	0.43287551403045654	0.08630650490522385	0.5233126878738403	-0.7821046710014343	0.7941984534263611	-1.111703872680664	0.38271334767341614	-0.8722807765007019	-0.044195692986249924	0.029763327911496162	-0.31846874952316284	-0.3227691352367401	-0.19710449874401093	-1.5061066150665283	0.2623153626918793	-0.4367159605026245	-0.7040593028068542	0.37991011142730713	-0.31493982672691345	-0.0014960851985961199	-0.3632432520389557	-0.0870799794793129	0.5753090977668762	0.699880838394165	0.5406963229179382	n/a	0.623631477355957	0.43428778648376465	0.7412353157997131	0.5456401705741882	0.45003780722618103	0.11996018141508102	-0.7953335046768188	0.6354851722717285	-0.5786212682723999	0.03372165933251381	0.19110138714313507	-0.9509443640708923	1.2629852294921875	-0.5772309899330139	1.0303351879119873	0.8300096392631531	1.0083614587783813	0.475016713142395	0.07727736234664917	1.2909098863601685	-0.014181866310536861	-0.1354847103357315	-0.07660987228155136	-0.2380959391593933	-0.061008941382169724	-0.26720669865608215	-0.24034172296524048	0.3274120092391968	-0.5624288320541382	-1.6289479732513428	0.1273549199104309	0.13908283412456512	-0.453412264585495	-0.1801922470331192	0.03752507269382477	-0.25517305731773376	-0.31104880571365356	-0.4778006374835968	-0.1339108943939209	0.17558778822422028	0.38780921697616577	-0.3521258533000946	-0.42889493703842163	-0.1290045827627182	0.025726506486535072
0.8890290856361389	-0.42888662219047546	-0.6706116199493408	-0.44409382343292236	0.18305015563964844	0.2658750116825104	0.42336466908454895	n/a	0.1410038024187088	0.3318282961845398	0.08592025190591812	0.5166206955909729	-0.6891806125640869	0.7218180298805237	-0.9971348643302917	0.26441827416419983	-1.1264439821243286	-0.11010163277387619	-0.20826205611228943	-0.3311835527420044	-0.3257434368133545	-0.14804060757160187	-1.3042041063308716	0.5639621019363403	-0.46530717611312866	-0.6804003119468689	0.24796882271766663	-0.2733333110809326	-0.10644623637199402	-0.15780600905418396	-0.19405898451805115	0.627596914768219	0.837617039680481	0.48538467288017273	n/a	0.6311334371566772	0.5330599546432495	0.7604455351829529	0.4832229018211365	0.39435508847236633	0.2734863758087158	-0.9121094346046448	0.5445749163627625	-0.6621519923210144	0.12735094130039215	0.24793271720409393	-0.8703622817993164	1.5100626945495605	-0.49197959899902344	1.0521949529647827	0.9023222327232361	1.2679669857025146	0.4942682385444641	0.01051413081586361	1.5461575984954834	-0.009199649095535278	-0.11361135542392731	-0.0708698108792305	-0.2104707807302475	-0.19531869888305664	-0.25463083386421204	-0.07054968923330307	0.4126996397972107	-0.6076990365982056	-1.5329302549362183	0.07697055488824844	0.10100767761468887	-0.412278413772583	-0.2988615930080414	0.08726362884044647	-0.23190252482891083	-0.22439756989479065	-0.47902360558509827	-0.27353885769844055	0.14365974068641663	0.340066522359848	-0.43706104159355164	-0.5125243067741394	-0.15665777027606964	-0.007538891863077879
0.6664868593215942	-0.4728238880634308	-0.6692681908607483	-0.5272197127342224	0.21771655976772308	0.26467475295066833	0.15113410353660583	n/a	0.055331453680992126	0.2902493476867676	0.057106923311948776	0.595212459564209	-0.5185408592224121	0.6207025647163391	-0.6900728344917297	-0.0017040229868143797	-1.1587852239608765	-0.1988595575094223	-0.3618127107620239	-0.25537824630737305	-0.22275659441947937	-0.13627579808235168	-0.848320722579956	0.5870286822319031	-0.32687103748321533	-0.7890904545783997	0.10594523698091507	-0.3467283844947815	-0.14447283744812012	-0.17691200971603394	-0.2752733826637268	0.5709081292152405	0.8034816384315491	0.3052743375301361	n/a	0.6569674611091614	0.5179200172424316	0.7785245776176453	0.4703097939491272	0.37875357270240784	0.4374528229236603	-0.6566223502159119	0.4799310564994812	-0.6408740878105164	0.2619560956954956	0.2175464630126953	-0.5685193538665771	1.3160045146942139	-0.3603206276893616	0.9113364219665527	0.641181468963623	1.148141860961914	0.46001705527305603	-0.049652405083179474	1.6766031980514526	-0.02534554898738861	-0.09572069346904755	-0.06583870947360992	-0.17615969479084015	-0.2592005729675293	-0.1792682409286499	0.00498616648837924	0.4067949950695038	-0.6335696578025818	-1.3165769577026367	0.04487503319978714	0.08919783681631088	-0.3350272476673126	-0.3722320795059204	0.17304231226444244	-0.22652076184749603	-0.09849950671195984	-0.44237130880355835	-0.3550962507724762	0.06616384536027908	0.24019944667816162	-0.45872944593429565	-0.5372158885002136	-0.1860688030719757	-0.01965280808508396
0.2065141350030899	-0.402932345867157	-0.6499766707420349	-0.5405895113945007	0.19027625024318695	0.11951110512018204	-0.2074776440858841	n/a	-0.03989505022764206	0.3157840669155121	-0.010869146324694157	0.7311753630638123	-0.28112342953681946	0.5242738723754883	-0.2140752375125885	-0.3846580684185028	-0.9293740391731262	-0.29566919803619385	-0.3857899308204651	-0.08732625097036362	-0.0092691695317626	-0.1524076610803604	-0.21282455325126648	0.3392634689807892	-0.03714925795793533	-1.0460162162780762	-0.04388227313756943	-0.4846707880496979	-0.11121568828821182	-0.38344335556030273	-0.30948805809020996	0.40869230031967163	0.5891175866127014	0.02589395083487034	n/a	0.6892074346542358	0.38032907247543335	0.7812541723251343	0.49917954206466675	0.41893211007118225	0.5669282078742981	-0.04235868528485298	0.44096845388412476	-0.4987058639526367	0.4198344647884369	0.10606060177087784	-0.09901728481054306	0.7127130627632141	-0.17746056616306305	0.5737034678459167	0.08470094203948975	0.5962446331977844	0.3566436171531677	-0.0967206209897995	1.5645884275436401	-0.06194080039858818	-0.08090849965810776	-0.06594349443912506	-0.1448555290699005	-0.2376164197921753	-0.04420209303498268	-0.028596891090273857	0.3069435656070709	-0.6254596710205078	-0.9392417073249817	0.03716414049267769	0.09873011708259583	-0.20958435535430908	-0.37520796060562134	0.2902936637401581	-0.24686259031295776	0.049975428730249405	-0.3698122799396515	-0.3542027175426483	-0.02678019553422928	0.10880382359027863	-0.4155004918575287	-0.4936636984348297	-0.20376616716384888	-0.0042130728252232075
-0.37507694959640503	-0.2583300769329071	-0.582634687423706	-0.4542822539806366	0.10009036958217621	-0.1347472220659256	-0.5877886414527893	n/a	-0.14058324694633484	0.3872469961643219	-0.10944274067878723	0.8643529415130615	-0.009663129225373268	0.4664666950702667	0.3348969519138336	-0.7884196043014526	-0.4778052270412445	-0.3737447261810303	-0.27087530493736267	0.13873474299907684	0.2659547030925751	-0.173414409160614	0.45362311601638794	-0.11932402104139328	0.31743958592414856	-1.374691128730774	-0.1817692220211029	-0.6256420612335205	-0.03369718790054321	-0.6783243417739868	-0.2738446593284607	0.1693487912416458	0.23496003448963165	-0.3008693754673004	n/a	0.705679178237915	0.1536087989807129	0.7630408406257629	0.5519237518310547	0.5163969993591309	0.6234295964241028	0.7682138681411743	0.41354119777679443	-0.2588047683238983	0.5647251605987549	-0.03343893587589264	0.4243929386138916	-0.15594233572483063	0.017072301357984543	0.08765152096748352	-0.5756140351295471	-0.2606290280818939	0.20107275247573853	-0.1288922131061554	1.1898536682128906	-0.11921048909425735	-0.0811326876282692	-0.07420490682125092	-0.1216047927737236	-0.14096993207931519	0.12261743098497391	-0.1567891538143158	0.14701640605926514	-0.57460618019104	-0.42255398631095886	0.04596151411533356	0.11653443425893784	-0.05284392088651657	-0.3148505389690399	0.4108195900917053	-0.2858293950557709	0.17912670969963074	-0.27201154828071594	-0.2703942060470581	-0.10481052845716476	-0.024793965741991997	-0.32288795709609985	-0.3877217173576355	-0.20854492485523224	0.029916537925601006
-0.8988771438598633	-0.09268375486135483	-0.4669140875339508	-0.24879871308803558	-0.03902820870280266	-0.4310283064842224	-0.8948464393615723	n/a	-0.22805961966514587	0.46432238817214966	-0.21772654354572296	0.9297224879264832	0.24630965292453766	0.45907798409461975	0.790755569934845	-1.0766617059707642	0.08437525480985641	-0.3975558280944824	-0.0463436059653759	0.35532915592193604	0.5048590898513794	-0.17395053803920746	0.9518119692802429	-0.694283664226532	0.6011425256729126	-1.6156774759292603	-0.28448623418807983	-0.7122010588645935	0.04626508429646492	-0.9316785335540771	-0.14297007024288177	-0.09204087406396866	-0.16983507573604584	-0.5846538543701172	n/a	0.674663245677948	-0.09814170002937317	0.721335768699646	0.6236879229545593	0.6415060758590698	0.5784565210342407	1.4850211143493652	0.3814513385295868	0.018605228513479233	0.6355301737785339	-0.11833330988883972	0.8433271646499634	-1.053120493888855	0.1491459608078003	-0.4189751148223877	-1.0495684146881104	-1.1259158849716187	0.043052349239587784	-0.14465729892253876	0.6313940286636353	-0.19210852682590485	-0.10985204577445984	-0.08604856580495834	-0.10377988964319229	-0.0004402664490044117	0.2682218849658966	-0.3394825756549835	-0.008235457353293896	-0.4883951246738434	0.11104758083820343	0.06368286162614822	0.12737812101840973	0.10489849001169205	-0.2138264775276184	0.4824853539466858	-0.31606653332710266	0.23058071732521057	-0.16208066046237946	-0.13014796376228333	-0.150246262550354	-0.12875010073184967	-0.20922808349132538	-0.23482739925384521	-0.208298459649086	0.0649917721748352
-1.1851965188980103	0.04910026118159294	-0.32708460092544556	0.06956798583269119	-0.19888561964035034	-0.6742276549339294	-1.0117127895355225	n/a	-0.26899388432502747	0.5095358490943909	-0.3050973415374756	0.8869979977607727	0.42389920353889465	0.46862488985061646	0.957007110118866	-1.1388667821884155	0.5948652029037476	-0.34469953179359436	0.20881608128547668	0.48224860429763794	0.59511399269104	-0.1414724886417389	1.0829578638076782	-1.251642107963562	0.6682954430580139	-1.5893473625183105	-0.3408285975456238	-0.7054722309112549	0.09596633911132812	-1.0186582803726196	0.09380297362804413	-0.3023136556148529	-0.49913427233695984	-0.7092594504356384	n/a	0.5674039125442505	-0.2916233539581299	0.648751437664032	0.7080907821655273	0.7209065556526184	0.41775667667388916	1.774250864982605	0.3221642076969147	0.25276586413383484	0.5638965368270874	-0.07074256241321564	0.993776798248291	-1.6885021924972534	0.138841912150383	-0.7864930629730225	-1.0523772239685059	-1.618760108947754	-0.057459767907857895	-0.1393343210220337	0.03316414728760719	-0.2625753581523895	-0.16689567267894745	-0.08882153034210205	-0.08170750737190247	0.14273855090141296	0.3281463086605072	-0.5118867754936218	-0.0834449827671051	-0.38447925448417664	0.46302029490470886	0.08537106961011887	0.11611435562372208	0.23080630600452423	-0.0959714725613594	0.44693806767463684	-0.30304113030433655	0.15577395260334015	-0.053034115582704544	0.018641524016857147	-0.15920740365982056	-0.17249096930027008	-0.10398399829864502	-0.05840941146016121	-0.20978449285030365	0.081304632127285
-1.1790390014648438	0.13682077825069427	-0.15527711808681488	0.4443221986293793	-0.3411337733268738	-0.7792325019836426	-0.8826360106468201	n/a	-0.2425883412361145	0.5246138572692871	-0.3416207432746887	0.7613610625267029	0.47940847277641296	0.4146478772163391	0.7571728229522705	-0.9778354167938232	0.9233977794647217	-0.23922425508499146	0.3726107180118561	0.4838851988315582	0.5055574178695679	-0.09537007659673691	0.8053075671195984	-1.6317511796951294	0.4730103313922882	-1.2429161071777344	-0.363499253988266	-0.61403489112854	0.10507193952798843	-0.8797080516815186	0.3974534571170807	-0.4061026871204376	-0.648959219455719	-0.6142364144325256	n/a	0.39505264163017273	-0.3652026951313019	0.5542137026786804	0.7778043746948242	0.6529566645622253	0.17043305933475494	1.5227826833724976	0.2064957618713379	0.3908538818359375	0.3444616496562958	0.10593640804290771	0.8406969308853149	-1.8610554933547974	-0.019875355064868927	-0.9141384959220886	-0.5163259506225586	-1.5263428688049316	-0.0764273926615715	-0.11506880819797516	-0.477396696805954	-0.30476903915405273	-0.23327507078647614	-0.0735769122838974	-0.0487704873085022	0.25887542963027954	0.2732028365135193	-0.6132240295410156	-0.049740828573703766	-0.26940158009529114	0.5055786371231079	0.10195848345756531	0.07628598064184189	0.3214575946331024	0.007092786952853203	0.29609254002571106	-0.24618950486183167	-0.037327807396650314	0.04022110998630524	0.13196776807308197	-0.13967418670654297	-0.1425001174211502	-0.02053854428231716	0.11336102336645126	-0.20932352542877197	0.0668647363781929
-0.9988868236541748	0.13309578597545624	0.11364059150218964	0.7737368941307068	-0.4271036982536316	-0.7316469550132751	-0.5894820094108582	n/a	-0.16685989499092102	0.5573729872703552	-0.318104088306427	0.6458047032356262	0.42562320828437805	0.22281414270401	0.3408679962158203	-0.694425106048584	1.055722713470459	-0.14109350740909576	0.344254732131958	0.40379399061203003	0.34101366996765137	-0.07870366424322128	0.327284038066864	-1.7273155450820923	0.13525135815143585	-0.7197161912918091	-0.37597721815109253	-0.49092376232147217	0.06501396745443344	-0.5694776773452759	0.6763479709625244	-0.40128710865974426	-0.6116681694984436	-0.3656654953956604	n/a	0.2266576737165451	-0.3248770534992218	0.48821792006492615	0.8077048659324646	0.3724580705165863	-0.07052060961723328	1.0022701025009155	0.021834224462509155	0.4423142969608307	0.08045855909585953	0.29322299361228943	0.5548597574234009	-1.6094019412994385	-0.21702103316783905	-0.7944363951683044	0.31478121876716614	-0.9846206307411194	-0.0386912040412426	-0.09571221470832825	-0.8354998230934143	-0.30485570430755615	-0.2814379036426544	-0.044353798031806946	-0.009251059964299202	0.34000322222709656	0.1396895796060562	-0.6282265782356262	0.04332195222377777	-0.13830620050430298	0.3017115294933319	0.09625692665576935	0.01818831078708172	0.420393168926239	0.04931848123669624	0.09851598739624023	-0.19479340314865112	-0.27285701036453247	0.09838607162237167	0.19683848321437836	-0.11370181292295456	-0.061076026409864426	0.05523010715842247	0.2536299526691437	-0.19931726157665253	0.015255756676197052
-0.8066496253013611	-0.0013721715658903122	0.5101460814476013	0.9676403403282166	-0.4332008957862854	-0.5829768180847168	-0.2816252112388611	n/a	-0.0835232064127922	0.6480708718299866	-0.24913261830806732	0.6255630254745483	0.32442691922187805	-0.10506688803434372	-0.047232698649168015	-0.384624719619751	1.0625863075256348	-0.09242378175258636	0.12531882524490356	0.31841471791267395	0.2447788566350937	-0.11143085360527039	-0.06563489139080048	-1.5437272787094116	-0.1607118546962738	-0.22119085490703583	-0.38391274213790894	-0.37730512022972107	-0.045916832983493805	-0.2237550914287567	0.8428943753242493	-0.3251001536846161	-0.45979881286621094	-0.09633844345808029	n/a	0.13800905644893646	-0.22662664949893951	0.5016440153121948	0.8081664443016052	-0.08588068187236786	-0.20000465214252472	0.6038144826889038	-0.2034222036600113	0.4486965239048004	-0.09767750650644302	0.35683542490005493	0.351776123046875	-1.1353288888931274	-0.3164929449558258	-0.48068371415138245	1.0845071077346802	-0.306556761264801	0.021027471870183945	-0.11121808737516403	-1.0127068758010864	-0.2707442045211792	-0.2897287905216217	-0.0100247198715806	0.027145419269800186	0.38652458786964417	-0.004250733181834221	-0.5816868543624878	0.1225680485367775	-0.003687785007059574	0.016200855374336243	0.05857100710272789	-0.038125794380903244	0.5714394450187683	0.002273762132972479	-0.056821566075086594	-0.19473612308502197	-0.46445733308792114	0.10810381174087524	0.22166390717029572	-0.1082068681716919	0.02615901455283165	0.14355190098285675	0.3406373858451843	-0.18413814902305603	-0.07778357714414597
-0.6708565354347229	-0.26554417610168457	0.9429188966751099	0.998543918132782	-0.362205445766449	-0.38713523745536804	-0.056197088211774826	n/a	-0.026163244619965553	0.7782220244407654	-0.15755194425582886	0.7033330202102661	0.24608084559440613	-0.47729289531707764	-0.25714948773384094	-0.10178051143884659	1.0078917741775513	-0.09179592877626419	-0.17378175258636475	0.273444265127182	0.2720829248428345	-0.1655772477388382	-0.2391134351491928	-1.1713383197784424	-0.3087899088859558	0.14772817492485046	-0.3735562860965729	-0.2722545266151428	-0.2389550507068634	0.03479339927434921	0.8674304485321045	-0.21549244225025177	-0.2644228935241699	0.09840209782123566	n/a	0.14847907423973083	-0.11615782231092453	0.584064245223999	0.8166213035583496	-0.590668261051178	-0.1790553480386734	0.49308454990386963	-0.405038058757782	0.437317818403244	-0.13980832695960999	0.26543140411376953	0.295287162065506	-0.6065946817398071	-0.2703857123851776	-0.06821869313716888	1.5594911575317383	0.29177263379096985	0.08572756499052048	-0.16815288364887238	-1.0016202926635742	-0.22131450474262238	-0.2507759630680084	0.026910044252872467	0.05462668836116791	0.3968536853790283	-0.10519549995660782	-0.5030112862586975	0.1613231897354126	0.09378593415021896	-0.23371727764606476	0.005832620896399021	-0.0758967325091362	0.763708233833313	-0.1076035127043724	-0.1220555305480957	-0.23677876591682434	-0.5717628002166748	0.07658696919679642	0.20922207832336426	-0.1350724846124649	0.08290780335664749	0.2370733618736267	0.3609291613101959	-0.1798218935728073	-0.2022705078125
-0.5734642148017883	-0.6030445694923401	1.252357006072998	0.8959214091300964	-0.2426571249961853	-0.1763698160648346	0.056091226637363434	n/a	-0.012150331400334835	0.8875320553779602	-0.0639667958021164	0.8159894347190857	0.23513250052928925	-0.7612366080284119	-0.2677689492702484	0.11415747553110123	0.9197058081626892	-0.11506577581167221	-0.40911799669265747	0.2719340920448303	0.3851117193698883	-0.19543077051639557	-0.22932584583759308	-0.7227669358253479	-0.3162272274494171	0.36738142371177673	-0.343485027551651	-0.1687850058078766	-0.49022403359413147	0.16336564719676971	0.7758660912513733	-0.09941557049751282	-0.06386502087116241	0.18047316372394562	n/a	0.2248399257659912	-0.0033964451868087053	0.6788440942764282	0.8704014420509338	-0.9782626032829285	-0.05343664810061455	0.6103670001029968	-0.5160303711891174	0.4146721065044403	-0.07387180626392365	0.08839192241430283	0.30593985319137573	-0.09871090203523636	-0.13316300511360168	0.32998767495155334	1.6742143630981445	0.7334024310112	0.1475667953491211	-0.2503567934036255	-0.83468097448349	-0.17371059954166412	-0.17537857592105865	0.06758827716112137	0.0736844465136528	0.3752381503582001	-0.13665808737277985	-0.4115765392780304	0.18169164657592773	0.11526449024677277	-0.3994286358356476	-0.02830575406551361	-0.08799250423908234	0.9381226301193237	-0.21879492700099945	-0.09539923071861267	-0.27466416358947754	-0.5980562567710876	0.030097447335720062	0.15677818655967712	-0.184334859251976	0.0957125648856163	0.301203191280365	0.3140104115009308	-0.20089216530323029	-0.32794225215911865
-0.4718431234359741	-0.9298134446144104	1.3221690654754639	0.7105314135551453	-0.11902324110269547	0.019031474366784096	0.044594064354896545	n/a	-0.047794159501791	0.9201205968856812	0.015466541051864624	0.8962787389755249	0.29615169763565063	-0.8494843244552612	-0.14463631808757782	0.23751801252365112	0.8012996315956116	-0.136604443192482	-0.4855385422706604	0.29153162240982056	0.5089887976646423	-0.17507727444171906	-0.14196540415287018	-0.29639139771461487	-0.26346832513809204	0.43568599224090576	-0.3130563795566559	-0.08407041430473328	-0.7464898228645325	0.1973138153553009	0.615351676940918	-0.0006904398323968053	0.11780647188425064	0.14056158065795898	n/a	0.32201918959617615	0.11629163473844528	0.7382805943489075	0.9863466620445251	-1.1263234615325928	0.08886273205280304	0.821937084197998	-0.49930718541145325	0.3755786418914795	0.050043635070323944	-0.07794848829507828	0.2793537676334381	0.34982186555862427	-0.007468875963240862	0.6376563310623169	1.489822268486023	0.994229257106781	0.19948150217533112	-0.33591318130493164	-0.5719947814941406	-0.14162620902061462	-0.09200936555862427	0.10686354339122772	0.08719927817583084	0.3344113528728485	-0.10344717651605606	-0.31447023153305054	0.21769723296165466	0.05583500862121582	-0.4573775827884674	-0.025780851021409035	-0.078521728515625	1.029837727546692	-0.2864818572998047	-0.00437368405982852	-0.26896926760673523	-0.5599898099899292	-0.003535690251737833	0.07419609278440475	-0.23360198736190796	0.0687861293554306	0.3023472726345062	0.21181835234165192	-0.2524040639400482	-0.4186183214187622
-0.34531301259994507	-1.1589149236679077	1.131432294845581	0.4903814494609833	-0.034964848309755325	0.15512877702713013	-0.10075322538614273	n/a	-0.1268720030784607	0.8470979332923889	0.06721734255552292	0.9041895270347595	0.3936310410499573	-0.698066771030426	-0.004317400511354208	0.2664296329021454	0.6417952179908752	-0.1371987909078598	-0.39349421858787537	0.30372604727745056	0.5719984769821167	-0.1078081950545311	-0.07376440614461899	0.02128315158188343	-0.24846738576889038	0.35004907846450806	-0.3033204674720764	-0.04831909015774727	-0.9381392598152161	0.20524264872074127	0.4300824999809265	0.059737324714660645	0.25440067052841187	-0.01350482739508152	n/a	0.4047829806804657	0.2358015477657318	0.7460904121398926	1.1348406076431274	-0.9874228239059448	0.17304091155529022	1.0016131401062012	-0.35960787534713745	0.31034743785858154	0.18815839290618896	-0.160925030708313	0.16644112765789032	0.6895545721054077	0.018096663057804108	0.8344942927360535	1.1446598768234253	1.0494160652160645	0.236467644572258	-0.40406614542007446	-0.27542391419410706	-0.1350783407688141	-0.03350133076310158	0.13155198097229004	0.09533604979515076	0.28408128023147583	-0.04198937490582466	-0.2061585932970047	0.2812079191207886	-0.05169260501861572	-0.39706671237945557	-0.0006895715487189591	-0.05887600779533386	0.999367892742157	-0.3045674264431	0.10880666226148605	-0.20797663927078247	-0.467166006565094	-0.012959103100001812	-0.010893717408180237	-0.26103779673576355	0.017066992819309235	0.22760415077209473	0.07360067218542099	-0.3252812623977661	-0.44558101892471313
-0.23692913353443146	-1.2045637369155884	0.7477274537086487	0.2755855619907379	-0.015512931160628796	0.18294964730739594	-0.36790284514427185	n/a	-0.22257563471794128	0.6723746061325073	0.07147858291864395	0.8301030397415161	0.4687713384628296	-0.3270426094532013	0.05384848266839981	0.18928205966949463	0.4388672113418579	-0.11667690426111221	-0.20124086737632751	0.29692715406417847	0.5401712656021118	-0.025004399940371513	-0.05688925087451935	0.14137306809425354	-0.30906835198402405	0.1010797843337059	-0.32554417848587036	-0.08958692103624344	-0.9769887328147888	0.23280178010463715	0.25474414229393005	0.07252128422260284	0.3117568790912628	-0.2473820298910141	n/a	0.4485902786254883	0.3244599401950836	0.7010806798934937	1.2220349311828613	-0.5772233009338379	0.17622984945774078	1.0854579210281372	-0.1341421753168106	0.21749375760555267	0.3064218759536743	-0.13721564412117004	0.003304641228169203	0.8262054324150085	-0.0668363943696022	0.8972445726394653	0.7514808773994446	0.8507285118103027	0.2453216165304184	-0.42980310320854187	-0.027082927525043488	-0.15299665927886963	-0.014847435988485813	0.12408442795276642	0.08800175040960312	0.2248925119638443	0.0044759237207472324	-0.0886228159070015	0.3342665135860443	-0.15798602998256683	-0.23820285499095917	0.019295424222946167	-0.03753472492098808	0.8495261073112488	-0.2920508086681366	0.2105177938938141	-0.11875436455011368	-0.3131338655948639	-0.007887057960033417	-0.06797540932893753	-0.2534511089324951	-0.04025271534919739	0.08544746786355972	-0.07548515498638153	-0.3923307955265045	-0.38772526383399963
-0.22970016300678253	-1.0112934112548828	0.289266973733902	0.09419383853673935	-0.055188778787851334	0.08115670084953308	-0.6876670718193054	n/a	-0.28915655612945557	0.4389306902885437	0.0037893657572567463	0.7001997232437134	0.468733549118042	0.18959662318229675	0.017980800941586494	-0.019103968515992165	0.20851337909698486	-0.09993048757314682	-0.02010401338338852	0.28220081329345703	0.4335808753967285	0.014467662200331688	-0.04329746961593628	-0.0026054938789457083	-0.3724290728569031	-0.3114754557609558	-0.3550035357475281	-0.21993513405323029	-0.7837158441543579	0.25668999552726746	0.10775478929281235	0.048079222440719604	0.26166820526123047	-0.49061620235443115	n/a	0.4444104731082916	0.333414226770401	0.6003170013427734	1.1274620294570923	0.03681223839521408	0.1422138512134552	1.0867292881011963	0.12358994781970978	0.1040492057800293	0.3816100060939789	-0.05071477219462395	-0.10842572152614594	0.635384202003479	-0.17254874110221863	0.7650968432426453	0.3267839252948761	0.37693309783935547	0.20219628512859344	-0.38356873393058777	0.10016664117574692	-0.178089901804924	-0.02522142603993416	0.064705029129982	0.042074982076883316	0.15346510708332062	0.01592939719557762	0.007120749447494745	0.300161212682724	-0.231578066945076	-0.04591008275747299	0.02000458911061287	-0.013307105749845505	0.6193351149559021	-0.2747676372528076	0.2938034236431122	-0.06899712979793549	-0.0885312482714653	-0.010627584531903267	-0.08337856829166412	-0.20696136355400085	-0.08344147354364395	-0.09485501050949097	-0.20626354217529297	-0.41587990522384644	-0.2389722615480423
-0.3559822142124176	-0.6101929545402527	-0.12647049129009247	-0.048061929643154144	-0.11439643055200577	-0.12992943823337555	-0.9516280293464661	n/a	-0.2911399006843567	0.21798928081989288	-0.13399016857147217	0.5741576552391052	0.36282867193222046	0.7411910891532898	-0.05651824548840523	-0.32945379614830017	-0.01540220994502306	-0.11604304611682892	0.060673121362924576	0.2699209749698639	0.3076309263706207	-0.04027698189020157	0.02424362301826477	-0.4064682126045227	-0.3348217308521271	-0.8275952935218811	-0.32231080532073975	-0.41096043586730957	-0.36421406269073486	0.19779598712921143	-0.01361511554569006	0.016990257427096367	0.10586203634738922	-0.6599156260490417	n/a	0.4096316397190094	0.2326088696718216	0.4641067385673523	0.7816901206970215	0.7338386178016663	0.14809207618236542	1.0581899881362915	0.358767032623291	-0.022146008908748627	0.4164401888847351	0.019543765112757683	-0.08521139621734619	0.07381435483694077	-0.19661234319210052	0.4352412223815918	-0.13558582961559296	-0.2817302644252777	0.1088600903749466	-0.2591927945613861	0.1548932045698166	-0.18487881124019623	-0.040517013520002365	-0.04837571829557419	-0.05302872508764267	0.06547508388757706	0.002836936851963401	0.042429666966199875	0.1328737735748291	-0.2737528383731842	0.08802586048841476	0.0005081406561657786	0.021228106692433357	0.3440357744693756	-0.27098146080970764	0.365313857793808	-0.12593668699264526	0.1806408017873764	-0.04206504300236702	-0.06257506459951401	-0.12601612508296967	-0.09482227265834808	-0.2628454864025116	-0.2947384715080261	-0.3706190884113312	-0.026331309229135513
-0.5555339455604553	-0.11569348722696304	-0.4273070693016052	-0.16386297345161438	-0.14242585003376007	-0.4050808846950531	-1.0869864225387573	n/a	-0.2346157729625702	0.06502508372068405	-0.2927428185939789	0.502211332321167	0.14911045134067535	1.2128561735153198	-0.12262839078903198	-0.6354816555976868	-0.18720494210720062	-0.16991011798381805	0.03952477127313614	0.2522110939025879	0.21105730533599854	-0.17852185666561127	0.13424453139305115	-0.9839649796485901	-0.1827813982963562	-1.3223108053207397	-0.16797254979610443	-0.5973933339118958	0.16435182094573975	-0.006087389308959246	-0.12084265053272247	0.013251561671495438	-0.11845920234918594	-0.7105189561843872	n/a	0.3755943179130554	0.04754065349698067	0.34880268573760986	0.21497349441051483	1.3626266717910767	0.23566429316997528	1.038232684135437	0.5408311486244202	-0.14847542345523834	0.43699780106544495	0.03666691482067108	0.06359830498695374	-0.7392922639846802	-0.13146477937698364	0.033365294337272644	-0.572821319103241	-0.9494951367378235	0.0140365706756711	-0.09205350279808044	0.3017972409725189	-0.15959835052490234	-0.04250604659318924	-0.17827533185482025	-0.16857866942882538	-0.04162275418639183	-0.010020892135798931	0.00670795189216733	-0.12749046087265015	-0.3022301197052002	0.09452833980321884	-0.03901670500636101	0.06855927407741547	0.03135104477405548	-0.2756349444389343	0.42215877771377563	-0.29303330183029175	0.42504584789276123	-0.10735838115215302	-0.020439423620700836	-0.02464655041694641	-0.06776120513677597	-0.3691259026527405	-0.3323652744293213	-0.26140546798706055	0.19533474743366241
-0.7140414118766785	0.3424419164657593	-0.602065920829773	-0.2688426375389099	-0.11779928207397461	-0.6821345090866089	-1.0889513492584229	n/a	-0.15686459839344025	-0.010189544409513474	-0.4017427861690521	0.4854132831096649	-0.14179573953151703	1.5116291046142578	-0.1749616414308548	-0.8224219679832458	-0.29092007875442505	-0.23947252333164215	-0.0163936335593462	0.21053750813007355	0.15123191475868225	-0.3368830978870392	0.2224549949169159	-1.5949647426605225	0.009592427872121334	-1.6608507633209229	0.11905727535486221	-0.721373975276947	0.6437510848045349	-0.3489742577075958	-0.22097480297088623	0.050784945487976074	-0.3495090901851654	-0.6543353796005249	n/a	0.362528920173645	-0.15255458652973175	0.30139124393463135	-0.4517579972743988	1.7844312191009521	0.38537362217903137	1.0027896165847778	0.6740144491195679	-0.25956422090530396	0.4593680500984192	0.027609994634985924	0.25601911544799805	-1.5880707502365112	-0.05500923842191696	-0.27497804164886475	-0.8752154111862183	-1.4488240480422974	-0.023809077218174934	0.06870958209037781	0.6746854186058044	-0.1119948998093605	-0.0310159083455801	-0.27390944957733154	-0.2562587261199951	-0.16001485288143158	-0.007291445042937994	-0.08144745230674744	-0.37999218702316284	-0.3331756591796875	-0.04507080838084221	-0.09631851315498352	0.117720827460289	-0.3157285153865814	-0.2683357298374176	0.4503813087940216	-0.5022660493850708	0.574765145778656	-0.19387339055538177	0.023488346487283707	0.07672086358070374	-0.010827586054801941	-0.3907490372657776	-0.3275635540485382	-0.11733777821063995	0.3715628981590271
-0.7415059804916382	0.6783127784729004	-0.6782035827636719	-0.3741290867328644	-0.0582113191485405	-0.8948795199394226	-0.9805691838264465	n/a	-0.08891177922487259	-0.023315604776144028	-0.41267234086990356	0.49375027418136597	-0.45694446563720703	1.5828217267990112	-0.23011514544487	-0.8390679359436035	-0.35806411504745483	-0.29794859886169434	-0.05587201938033104	0.13574187457561493	0.10550547391176224	-0.45648762583732605	0.24008320271968842	-2.098184108734131	0.1674952656030655	-1.755466341972351	0.5042389631271362	-0.7660849690437317	0.9599915742874146	-0.7655453085899353	-0.31586575508117676	0.1182260513305664	-0.5276714563369751	-0.5270746350288391	n/a	0.3750881850719452	-0.29997554421424866	0.328375905752182	-1.053029179573059	1.9124780893325806	0.5490618348121643	0.8923958539962769	0.7679688334465027	-0.3433862030506134	0.47578826546669006	0.028242547065019608	0.41471073031425476	-2.2819838523864746	-0.04262106120586395	-0.3962700068950653	-0.9728590250015259	-1.649398684501648	0.021759366616606712	0.19070835411548615	1.276161789894104	-0.06388835608959198	-0.017767181620001793	-0.3081824481487274	-0.2856697738170624	-0.26797249913215637	0.010829021222889423	-0.1967015117406845	-0.5318685173988342	-0.37140172719955444	-0.3118112087249756	-0.16167256236076355	0.149603009223938	-0.67122483253479	-0.2435631901025772	0.4351370930671692	-0.6687429547309875	0.5985982418060303	-0.2815437316894531	0.05215280503034592	0.15976941585540771	0.06133655831217766	-0.32857874035835266	-0.29716992378234863	0.027185551822185516	0.466885507106781
-0.6489723324775696	0.873839259147644	-0.684877872467041	-0.48358818888664246	0.0007463912479579449	-1.008833885192871	-0.7825010418891907	n/a	-0.0385652519762516	0.014461242593824863	-0.3269186019897461	0.5062801241874695	-0.7258316278457642	1.4228103160858154	-0.2798849046230316	-0.7225662469863892	-0.4095779359340668	-0.3321140706539154	-0.07230120152235031	0.04624946787953377	0.06380653381347656	-0.5115113258361816	0.21016588807106018	-2.412490129470825	0.28688478469848633	-1.6157783269882202	0.9014945030212402	-0.7515830397605896	1.0826557874679565	-1.1823099851608276	-0.4021190106868744	0.18830129504203796	-0.6351163983345032	-0.3610648214817047	n/a	0.4076806902885437	-0.37288469076156616	0.4073534309864044	-1.425553798675537	1.739058256149292	0.6839085221290588	0.7192568778991699	0.8208373785018921	-0.38373881578445435	0.46980637311935425	0.032800596207380295	0.5246387124061584	-2.7375423908233643	-0.09845266491174698	-0.34324830770492554	-0.9217851758003235	-1.545369267463684	0.13443417847156525	0.26315516233444214	1.9614148139953613	-0.03279382362961769	-0.009567318484187126	-0.2822719216346741	-0.2579725682735443	-0.33682072162628174	0.043362122029066086	-0.32984399795532227	-0.5517157912254333	-0.4060526192188263	-0.6589617133140564	-0.21250706911087036	0.15314750373363495	-0.9711757898330688	-0.2119494527578354	0.3753264248371124	-0.7426698803901672	0.5183855295181274	-0.3496592938899994	0.061778366565704346	0.21171487867832184	0.13186581432819366	-0.20301586389541626	-0.2578131854534149	0.14321577548980713	0.4714337885379791
-0.5326934456825256	0.9541847705841064	-0.6346001029014587	-0.593230664730072	0.026441659778356552	-1.0308185815811157	-0.5273970365524292	n/a	-0.004091929644346237	0.1010851114988327	-0.1861010044813156	0.5285956859588623	-0.865669310092926	1.0773897171020508	-0.2742301821708679	-0.5561109781265259	-0.4176120162010193	-0.3388705849647522	-0.06471574306488037	-0.020910806953907013	0.04128166660666466	-0.49906235933303833	0.22200849652290344	-2.5232980251312256	0.43289250135421753	-1.3539708852767944	1.1978741884231567	-0.6979360580444336	1.043845295906067	-1.565517783164978	-0.4730489253997803	0.22946615517139435	-0.697749674320221	-0.1897999793291092	n/a	0.4519590139389038	-0.4020601809024811	0.5040196180343628	-1.4515159130096436	1.3300585746765137	0.7608654499053955	0.5988312363624573	0.8367538452148438	-0.36354827880859375	0.43310967087745667	0.004735003225505352	0.6234278678894043	-2.973964214324951	-0.1573350727558136	-0.20261462032794952	-0.8832319378852844	-1.29921293258667	0.26567819714546204	0.2899651825428009	2.4951963424682617	-0.029193561524152756	-0.004784972872585058	-0.2112296223640442	-0.19832076132297516	-0.34383365511894226	0.09575937688350677	-0.4826646149158478	-0.4781109392642975	-0.418255478143692	-1.004120945930481	-0.21658237278461456	0.1353297084569931	-1.1261910200119019	-0.1721835732460022	0.29790574312210083	-0.7236135601997375	0.3965722918510437	-0.38102421164512634	0.05996082350611687	0.22399243712425232	0.179885134100914	-0.056770388036966324	-0.2234436422586441	0.2041202336549759	0.40084028244018555
-0.46155187487602234	0.9408040046691895	-0.5388222336769104	-0.6925204992294312	3.927597572328523e-05	-0.9758980870246887	-0.2684819996356964	n/a	0.011309629306197166	0.23086683452129364	-0.03289549797773361	0.5777756571769714	-0.8188589215278625	0.6297481060028076	-0.1757328361272812	-0.397542268037796	-0.3581979274749756	-0.31576547026634216	-0.019717691466212273	-0.047398410737514496	0.045395396649837494	-0.4244067072868347	0.3388490676879883	-2.428236722946167	0.6513448357582092	-1.1054266691207886	1.3179398775100708	-0.5983471274375916	0.8890107870101929	-1.9058010578155518	-0.5223801136016846	0.21962714195251465	-0.7337953448295593	-0.051719993352890015	n/a	0.5062711238861084	-0.42367348074913025	0.5850200057029724	-1.1009694337844849	0.7938559651374817	0.7572485208511353	0.6215967535972595	0.8298348784446716	-0.28767433762550354	0.369686096906662	-0.06792106479406357	0.7284181714057922	-3.0195491313934326	-0.16161346435546875	-0.06275691092014313	-0.9620685577392578	-1.1156916618347168	0.362293004989624	0.28015318512916565	2.6816368103027344	-0.05920134857296944	-0.007137765176594257	-0.11522886902093887	-0.13818392157554626	-0.28369101881980896	0.16844406723976135	-0.6373751163482666	-0.37510958313941956	-0.3957240581512451	-1.2505841255187988	-0.1535770446062088	0.11277185380458832	-1.079790711402893	-0.1069163829088211	0.2457096129655838	-0.6410327553749084	0.29073283076286316	-0.36866095662117004	0.051331449300050735	0.19407816231250763	0.19095200300216675	0.0608280673623085	-0.20468685030937195	0.18576723337173462	0.2846137285232544
-0.41358160972595215	0.842303454875946	-0.42928722500801086	-0.764695942401886	-0.07889960706233978	-0.8475983142852783	-0.05444386601448059	n/a	0.007303258404135704	0.3814353048801422	0.1129455640912056	0.6475715637207031	-0.5918569564819336	0.18097896873950958	-0.010234874673187733	-0.260018527507782	-0.26783183217048645	-0.26123523712158203	0.06653477251529694	-0.05104517564177513	0.05374542623758316	-0.30050578713417053	0.5196645259857178	-2.121523380279541	0.8983010053634644	-0.9345481395721436	1.2553772926330566	-0.4443991482257843	0.6586470007896423	-2.1640076637268066	-0.5413765907287598	0.1553736925125122	-0.7227261662483215	0.025672059506177902	n/a	0.5685812830924988	-0.43698883056640625	0.6233359575271606	-0.44170787930488586	0.2491387575864792	0.6569688320159912	0.7254422307014465	0.8050323128700256	-0.189461350440979	0.28766775131225586	-0.14852620661258698	0.7920586466789246	-2.856553316116333	-0.12152931094169617	0.034276846796274185	-1.098171591758728	-1.0589255094528198	0.3948039710521698	0.24406656622886658	2.466776132583618	-0.12079484015703201	-0.03298381716012955	-0.016272323206067085	-0.09834722429513931	-0.1693129539489746	0.2427922934293747	-0.7541438341140747	-0.27740195393562317	-0.3410510718822479	-1.3405706882476807	-0.033962272107601166	0.09634192287921906	-0.8515235781669617	-0.01333779189735651	0.23879510164260864	-0.5231562852859497	0.21749445796012878	-0.3189997971057892	0.033329084515571594	0.1282767504453659	0.1689189374446869	0.12306362390518188	-0.20554815232753754	0.08404982835054398	0.15120679140090942
-0.31371212005615234	0.6718095541000366	-0.3541782796382904	-0.7916438579559326	-0.19183316826820374	-0.649185061454773	0.10138951241970062	n/a	-0.00034236369538120925	0.5146516561508179	0.24905899167060852	0.6967965960502625	-0.25345271825790405	-0.18293385207653046	0.14416705071926117	-0.13284702599048615	-0.22726179659366608	-0.17704251408576965	0.17001603543758392	-0.06827966123819351	0.02992856130003929	-0.15322895348072052	0.6440807580947876	-1.6248835325241089	1.0618090629577637	-0.803816020488739	1.0585517883300781	-0.258674293756485	0.39328840374946594	-2.2635748386383057	-0.5177532434463501	0.05135372281074524	-0.6267392039299011	0.04550579562783241	n/a	0.6223694086074829	-0.4117032289505005	0.5989373922348022	0.3983696699142456	-0.20810335874557495	0.4637366235256195	0.722761332988739	0.7451887726783752	-0.11360560357570648	0.1911347657442093	-0.1853363960981369	0.7328393459320068	-2.4513564109802246	-0.10106303542852402	0.09605194628238678	-1.121189832687378	-1.0036689043045044	0.3670530915260315	0.19483287632465363	1.9517475366592407	-0.1991272270679474	-0.09885644167661667	0.06571745127439499	-0.08251097798347473	-0.02188478596508503	0.28058668971061707	-0.7950417399406433	-0.17729249596595764	-0.2683503329753876	-1.2849735021591187	0.10711368173360825	0.08589331805706024	-0.5183836221694946	0.07671365886926651	0.2518381178379059	-0.38072308897972107	0.15769803524017334	-0.24848322570323944	0.006342089269310236	0.04006018862128258	0.13174700736999512	0.13669998943805695	-0.2202203869819641	-0.07301242649555206	0.01929553784430027
-0.10339979082345963	0.45681139826774597	-0.3591207265853882	-0.7618811130523682	-0.3072476387023926	-0.3927646279335022	0.2268671840429306	n/a	0.014483318664133549	0.59242182970047	0.37852123379707336	0.6801351308822632	0.1014074981212616	-0.4198349416255951	0.20442616939544678	-0.006276154890656471	-0.3030363917350769	-0.07220804691314697	0.24609750509262085	-0.12877556681632996	-0.05178172513842583	-0.017899364233016968	0.6009482741355896	-0.9913227558135986	1.0352576971054077	-0.6202065944671631	0.7949169874191284	-0.09032759070396423	0.13290522992610931	-2.1430721282958984	-0.4434768557548523	-0.06619025021791458	-0.42164528369903564	0.04397372528910637	n/a	0.6396750211715698	-0.3189017176628113	0.5030040740966797	1.2820276021957397	-0.5298425555229187	0.20234233140945435	0.4405503571033478	0.6204217672348022	-0.09524965286254883	0.07708747684955597	-0.15227971971035004	0.49380236864089966	-1.7898350954055786	-0.1704329550266266	0.15506242215633392	-0.883612334728241	-0.7437451481819153	0.3029642701148987	0.14636854827404022	1.3247835636138916	-0.26875752210617065	-0.20403534173965454	0.1174064576625824	-0.08335123211145401	0.14113087952136993	0.2451566904783249	-0.7374584674835205	-0.0508124902844429	-0.19570225477218628	-1.1482092142105103	0.23346233367919922	0.07584132254123688	-0.16661065816879272	0.11860799789428711	0.23725201189517975	-0.2130240797996521	0.08074118196964264	-0.1734766811132431	-0.023186150938272476	-0.055468253791332245	0.09696437418460846	0.12015529721975327	-0.2363182008266449	-0.2383924126625061	-0.10282082110643387
0.195310577750206	0.2338685542345047	-0.4591302275657654	-0.6740884184837341	-0.3880935609340668	-0.10960986465215683	0.3649977445602417	n/a	0.06961236149072647	0.594550371170044	0.4951227307319641	0.5843071937561035	0.39896491169929504	-0.5301631689071655	0.15382671356201172	0.10505607724189758	-0.4864719808101654	0.03267168253660202	0.25938549637794495	-0.22929683327674866	-0.17850454151630402	0.0742974653840065	0.3732173442840576	-0.30711570382118225	0.7981995940208435	-0.32492613792419434	0.5097352862358093	0.009130392223596573	-0.08874218165874481	-1.8123667240142822	-0.3216928243637085	-0.16718356311321259	-0.12630069255828857	0.06820943206548691	n/a	0.5960730314254761	-0.16296763718128204	0.34365764260292053	2.0854368209838867	-0.7093515396118164	-0.08468645066022873	-0.1264708787202835	0.4184111952781677	-0.13811518251895905	-0.054269690066576004	-0.06710099428892136	0.0942828580737114	-0.9249284863471985	-0.34540680050849915	0.2248508334159851	-0.38596054911613464	-0.1758383959531784	0.2234075665473938	0.10620278120040894	0.7417595982551575	-0.30069470405578613	-0.3224557638168335	0.13702571392059326	-0.09155609458684921	0.3082824647426605	0.13090576231479645	-0.5882701277732849	0.10839320719242096	-0.14282870292663574	-0.9936432838439941	0.32543453574180603	0.06594551354646683	0.1540607362985611	0.09376067668199539	0.1674145609140396	-0.025273030623793602	-0.02909349836409092	-0.10155116766691208	-0.048133522272109985	-0.14647230505943298	0.068687804043293	0.08143901079893112	-0.24058230221271515	-0.36594781279563904	-0.20858420431613922
0.48532193899154663	0.027829589322209358	-0.6262472867965698	-0.5334022641181946	-0.40122100710868835	0.14305098354816437	0.5411470532417297	n/a	0.1636209487915039	0.5251680612564087	0.5758592486381531	0.43319839239120483	0.6119495630264282	-0.5311681032180786	0.0724242553114891	0.17614386975765228	-0.6864521503448486	0.11547867953777313	0.21224835515022278	-0.3290545642375946	-0.2941650152206421	0.11175389587879181	0.05017618089914322	0.30993667244911194	0.4416487514972687	0.05730293691158295	0.21619802713394165	0.01274638157337904	-0.2549426555633545	-1.3598368167877197	-0.1635768711566925	-0.2269725501537323	0.18591764569282532	0.14959314465522766	n/a	0.48260951042175293	0.008987845852971077	0.14538291096687317	2.7013912200927734	-0.7537789940834045	-0.33946284651756287	-0.7941478490829468	0.16818483173847198	-0.21073925495147705	-0.18785186111927032	0.021634545177221298	-0.36607497930526733	-0.005207268986850977	-0.5578985810279846	0.28649207949638367	0.21424312889575958	0.6005541682243347	0.13567112386226654	0.07121868431568146	0.255959689617157	-0.2760603427886963	-0.412296324968338	0.1347036212682724	-0.10021843761205673	0.4661726653575897	-0.03203227370977402	-0.3910655975341797	0.2762618064880371	-0.13000726699829102	-0.8348718285560608	0.38086754083633423	0.06547864526510239	0.43972763419151306	0.02224668115377426	0.05230078473687172	0.15884800255298615	-0.16061383485794067	-0.032992251217365265	-0.06434877216815948	-0.22474971413612366	0.037715472280979156	0.020890887826681137	-0.22318735718727112	-0.42436879873275757	-0.2866268754005432
0.6919885277748108	-0.15492881834506989	-0.8239061832427979	-0.34188827872276306	-0.33485865592956543	0.3115415573120117	0.7587131857872009	n/a	0.2802303433418274	0.40319716930389404	0.6037696599960327	0.26413315534591675	0.7403784990310669	-0.43580809235572815	0.05728595331311226	0.20849522948265076	-0.8101188540458679	0.16727448999881744	0.14343246817588806	-0.38510164618492126	-0.3510584235191345	0.10961146652698517	-0.26107510924339294	0.768079936504364	0.09633730351924896	0.451943039894104	-0.07332297414541245	-0.07131476700305939	-0.36580684781074524	-0.9019982814788818	0.020776385441422462	-0.23427748680114746	0.429657906293869	0.29999110102653503	n/a	0.30793875455856323	0.14526282250881195	-0.06405290961265564	3.0441362857818604	-0.6709474921226501	-0.518220841884613	-1.3622127771377563	-0.07282347977161407	-0.2771995961666107	-0.3082957863807678	0.07867523282766342	-0.7813382744789124	0.8001217842102051	-0.7144066095352173	0.32056036591529846	0.740401566028595	1.3721834421157837	0.03957801312208176	0.03786018490791321	-0.145116925239563	-0.19972696900367737	-0.44267764687538147	0.12233294546604156	-0.10744955390691757	0.5948722958564758	-0.20481917262077332	-0.19935163855552673	0.41288110613822937	-0.16781756281852722	-0.6577635407447815	0.4058375358581543	0.08123825490474701	0.6943573951721191	-0.05695449933409691	-0.07344543933868408	0.3019331097602844	-0.29472243785858154	0.03469160199165344	-0.07367910444736481	-0.2808902859687805	-0.002109882887452841	-0.059325192123651505	-0.18461287021636963	-0.40743300318717957	-0.32912564277648926
0.8221921920776367	-0.30678802728652954	-1.0378285646438599	-0.09409648180007935	-0.2080327421426773	0.3828674554824829	1.0119677782058716	n/a	0.3972230553627014	0.2513567805290222	0.5943337082862854	0.10522565245628357	0.7823901772499084	-0.25606340169906616	0.13062520325183868	0.22279509902000427	-0.8336923122406006	0.18967601656913757	0.10193385928869247	-0.37798207998275757	-0.35136282444000244	0.10120073705911636	-0.5189374685287476	1.0478702783584595	-0.15141144394874573	0.7886472940444946	-0.3238532841205597	-0.21859045326709747	-0.4207651615142822	-0.5251280069351196	0.22631926834583282	-0.19223511219024658	0.5618429183959961	0.5193960070610046	n/a	0.09547248482704163	0.233683779835701	-0.2619785666465759	3.0570380687713623	-0.4773595333099365	-0.6207419633865356	-1.7581638097763062	-0.25383123755455017	-0.31964197754859924	-0.4154447615146637	0.108709417283535	-1.104550838470459	1.3956966400146484	-0.7724735736846924	0.3241857886314392	1.1028807163238525	1.9613547325134277	-0.0645800307393074	0.014864898286759853	-0.4758281409740448	-0.09629331529140472	-0.4128425121307373	0.10404419153928757	-0.11614982038736343	0.6737308502197266	-0.3614785969257355	-0.04738416150212288	0.4835299551486969	-0.2436184585094452	-0.4711167514324188	0.40526700019836426	0.10493597388267517	0.9047200083732605	-0.1116638258099556	-0.17374764382839203	0.3725106716156006	-0.4233390986919403	0.1058850884437561	-0.0808449313044548	-0.3008473515510559	-0.04183874651789665	-0.1484084576368332	-0.137462317943573	-0.33213385939598083	-0.3407765328884125
0.9260122179985046	-0.4144792854785919	-1.2581195831298828	0.21132779121398926	-0.05908355489373207	0.3848886489868164	1.2830675840377808	n/a	0.4895933270454407	0.0959501639008522	0.5853687524795532	-0.025815194472670555	0.735438346862793	-0.02154332585632801	0.24012665450572968	0.22897054255008698	-0.7862600088119507	0.1861589103937149	0.11795073747634888	-0.30234771966934204	-0.3253696858882904	0.11610951274633408	-0.7354410290718079	1.1761502027511597	-0.27995240688323975	1.0276528596878052	-0.48422685265541077	-0.40813153982162476	-0.41682082414627075	-0.26863187551498413	0.4469289779663086	-0.11585210263729095	0.5907847881317139	0.7880428433418274	n/a	-0.11871879547834396	0.29816484451293945	-0.4213372766971588	2.730769634246826	-0.21120458841323853	-0.6741072535514832	-1.9944673776626587	-0.3539183437824249	-0.3288058340549469	-0.50902259349823	0.13328030705451965	-1.3294166326522827	1.7658675909042358	-0.7513445019721985	0.2989238202571869	1.2792344093322754	2.2932677268981934	-0.1728219985961914	0.014342413283884525	-0.7265920639038086	0.007762396242469549	-0.345438688993454	0.07821425050497055	-0.12847067415714264	0.6909028887748718	-0.4852130115032196	0.05154955014586449	0.4757394790649414	-0.3242207169532776	-0.30426719784736633	0.379524290561676	0.11820071935653687	1.056296706199646	-0.13023555278778076	-0.23020820319652557	0.36366698145866394	-0.5426516532897949	0.18375080823898315	-0.08480348438024521	-0.2723657786846161	-0.06531175971031189	-0.2216164916753769	-0.09638037532567978	-0.2243553251028061	-0.3334217369556427
1.0381829738616943	-0.47962048649787903	-1.4533662796020508	0.5558193922042847	0.07509782165288925	0.3525908589363098	1.528557538986206	n/a	0.5327399373054504	-0.03735866770148277	0.6023487448692322	-0.12073083966970444	0.6121419668197632	0.22198615968227386	0.31630954146385193	0.22540435194969177	-0.698180079460144	0.16357296705245972	0.18843919038772583	-0.16041752696037292	-0.2894541919231415	0.16279669106006622	-0.9220180511474609	1.161978006362915	-0.3117181658744812	1.1758769750595093	-0.5092372894287109	-0.6240441203117371	-0.36445364356040955	-0.1388121396303177	0.6692842245101929	-0.0286395363509655	0.5437396168708801	1.053424596786499	n/a	-0.2976226210594177	0.36252543330192566	-0.5091618299484253	2.118342638015747	0.07742702960968018	-0.6916025280952454	-2.0775418281555176	-0.3816582262516022	-0.29557955265045166	-0.5693541169166565	0.16005919873714447	-1.4454374313354492	1.9091145992279053	-0.6919904351234436	0.2435508668422699	1.2681186199188232	2.3961257934570312	-0.27454227209091187	0.03099629655480385	-0.8728845715522766	0.09776713699102402	-0.262836217880249	0.04496481642127037	-0.1393558233976364	0.6461821794509888	-0.5609760284423828	0.09317564964294434	0.40894997119903564	-0.3779628574848175	-0.17241671681404114	0.32265931367874146	0.10776335000991821	1.1500924825668335	-0.12490909546613693	-0.25244301557540894	0.29629746079444885	-0.645228922367096	0.26231640577316284	-0.07710282504558563	-0.1979534924030304	-0.06486930698156357	-0.24887225031852722	-0.06769692152738571	-0.10485813021659851	-0.3162018060684204
1.1365183591842651	-0.5212245583534241	-1.5655312538146973	0.903228759765625	0.17229579389095306	0.2907806932926178	1.6756267547607422	n/a	0.5088462233543396	-0.13537876307964325	0.6316912770271301	-0.1864749640226364	0.44946932792663574	0.4426876902580261	0.337195485830307	0.2047455906867981	-0.5627003908157349	0.13292737305164337	0.2934185862541199	0.03675210103392601	-0.22435612976551056	0.23104208707809448	-1.0506575107574463	0.9574639797210693	-0.2694929242134094	1.2653546333312988	-0.39922475814819336	-0.8491432070732117	-0.2856571078300476	-0.1266726702451706	0.8772722482681274	0.04414045065641403	0.4243243932723999	1.2360684871673584	n/a	-0.4212702512741089	0.42021337151527405	-0.5038806796073914	1.3209569454193115	0.3610515296459198	-0.656756579875946	-1.9669818878173828	-0.35295090079307556	-0.20968420803546906	-0.5636923313140869	0.1792656034231186	-1.4218363761901855	1.7732627391815186	-0.6053406596183777	0.1499941051006317	1.0538729429244995	2.326205015182495	-0.3550907373428345	0.040723565965890884	-0.9248930215835571	0.1723700761795044	-0.16874104738235474	0.010294068604707718	-0.1367272287607193	0.5467174053192139	-0.5752480626106262	0.06943037360906601	0.31722593307495117	-0.39134451746940613	-0.06057686731219292	0.22595538198947906	0.07516935467720032	1.207270860671997	-0.11788080632686615	-0.2679590880870819	0.2025366872549057	-0.7156557440757751	0.325350284576416	-0.046393342316150665	-0.10054489970207214	-0.049477435648441315	-0.21837179362773895	-0.04796817898750305	0.015858560800552368	-0.28822803497314453
1.1575274467468262	-0.5593479871749878	-1.5282080173492432	1.217445969581604	0.22496923804283142	0.18295417726039886	1.6416362524032593	n/a	0.41129010915756226	-0.20096243917942047	0.6281728148460388	-0.2434086948633194	0.3008592426776886	0.6380143761634827	0.3407314717769623	0.15922199189662933	-0.34563177824020386	0.10478982329368591	0.4228075444698334	0.2699851393699646	-0.0965413898229599	0.3066341280937195	-1.0675957202911377	0.512581467628479	-0.14965523779392242	1.300247073173523	-0.21351447701454163	-1.051382064819336	-0.20217809081077576	-0.217015340924263	1.0573158264160156	0.08444467186927795	0.2168891727924347	1.2573221921920776	n/a	-0.48960569500923157	0.4379861056804657	-0.40808796882629395	0.45273029804229736	0.6439154744148254	-0.5514079332351685	-1.6130080223083496	-0.2719237208366394	-0.06226130574941635	-0.4720229506492615	0.18087811768054962	-1.2331507205963135	1.2953245639801025	-0.4634912312030792	0.003397828433662653	0.6128402352333069	2.0813465118408203	-0.40562015771865845	0.019343147054314613	-0.9518668055534363	0.2347288578748703	-0.056048113852739334	-0.016850730404257774	-0.11052581667900085	0.40314769744873047	-0.5236302614212036	-0.028562242165207863	0.22303053736686707	-0.3657088875770569	0.06343618035316467	0.09059875458478928	0.03303112834692001	1.254333257675171	-0.11409026384353638	-0.2961101531982422	0.10646449774503708	-0.7281236052513123	0.35626527667045593	0.014953922480344772	-0.012190758250653744	-0.037628378719091415	-0.1489993929862976	-0.028577402234077454	0.13039135932922363	-0.23779964447021484
1.0772486925125122	-0.6104304790496826	-1.313536286354065	1.4746904373168945	0.2354821413755417	0.03825904056429863	1.377058982849121	n/a	0.24846728146076202	-0.2477494180202484	0.5523244738578796	-0.3188798129558563	0.2067408561706543	0.8160505890846252	0.3574487864971161	0.09867300093173981	-0.04852623865008354	0.08738821744918823	0.5720536112785339	0.5059103965759277	0.08970357477664948	0.3793770968914032	-0.9641767740249634	-0.12990610301494598	0.0409545972943306	1.2638039588928223	-0.019197283312678337	-1.1827213764190674	-0.13871268928050995	-0.3786294460296631	1.1972488164901733	0.08877277374267578	-0.060336336493492126	1.0757039785385132	n/a	-0.512066125869751	0.391422301530838	-0.24538707733154297	-0.38297662138938904	0.9314532279968262	-0.38668227195739746	-1.069313883781433	-0.14293956756591797	0.13670144975185394	-0.3082769215106964	0.17342475056648254	-0.9096874594688416	0.5187385082244873	-0.2531692683696747	-0.19722597301006317	-0.002224770374596119	1.6573615074157715	-0.42400428652763367	-0.042918700724840164	-1.0090364217758179	0.2832069396972656	0.07083914428949356	-0.0330943800508976	-0.06105855107307434	0.22914069890975952	-0.42340996861457825	-0.19082511961460114	0.14324946701526642	-0.31167566776275635	0.21405641734600067	-0.06801076978445053	-0.008810063824057579	1.2863726615905762	-0.09832572937011719	-0.3388687074184418	0.02291286736726761	-0.6669132113456726	0.3461681306362152	0.10215570777654648	0.04495878517627716	-0.04007754847407341	-0.07234309613704681	-0.00379262981005013	0.22323651611804962	-0.15539564192295074
0.9429986476898193	-0.6846312284469604	-0.9624504446983337	1.662009358406067	0.21253415942192078	-0.09676916152238846	0.8964214324951172	n/a	0.045110516250133514	-0.291053831577301	0.3980112373828888	-0.43514588475227356	0.17264288663864136	0.9717334508895874	0.36245888471603394	0.05102464184165001	0.2633729875087738	0.08414176851511002	0.7191281318664551	0.6988089084625244	0.2787451148033142	0.44026246666908264	-0.8055500984191895	-0.8284464478492737	0.2473842352628708	1.1651215553283691	0.1554850935935974	-1.207798957824707	-0.12224797904491425	-0.5565938353538513	1.2870763540267944	0.06691031903028488	-0.33743369579315186	0.7068821787834167	n/a	-0.4985574185848236	0.2873159646987915	-0.046646829694509506	-1.0935359001159668	1.2037967443466187	-0.19971397519111633	-0.516056478023529	0.008624555543065071	0.3501094579696655	-0.11586188524961472	0.17967882752418518	-0.5420781373977661	-0.38065704703330994	-0.01441637147217989	-0.4216768443584442	-0.6267783641815186	1.148363709449768	-0.40776368975639343	-0.1410180926322937	-1.0681865215301514	0.3105301558971405	0.19095921516418457	-0.04419781640172005	0.0025042351335287094	0.04395833984017372	-0.3076845705509186	-0.38199371099472046	0.10339833796024323	-0.24717091023921967	0.3658888041973114	-0.22661885619163513	-0.0496060736477375	1.2597849369049072	-0.06061939895153046	-0.39059728384017944	-0.036904823035001755	-0.5473595261573792	0.2968237102031708	0.19714510440826416	0.06650194525718689	-0.05211862921714783	-0.007882618345320225	0.024046365171670914	0.27285271883010864	-0.048502158373594284
0.8212334513664246	-0.7766077518463135	-0.5603886246681213	1.7679493427276611	0.1680656373500824	-0.17201778292655945	0.27225786447525024	n/a	-0.16521070897579193	-0.3388650119304657	0.1927529275417328	-0.5940895080566406	0.17247091233730316	1.0795551538467407	0.30119967460632324	0.04328187182545662	0.5064514875411987	0.09139218181371689	0.8206574320793152	0.8074307441711426	0.4047654867172241	0.4780072271823883	-0.6799805760383606	-1.4179292917251587	0.3844417333602905	1.0450572967529297	0.3155606985092163	-1.1252230405807495	-0.1671362966299057	-0.6879873871803284	1.32094144821167	0.032402824610471725	-0.5319676995277405	0.21574148535728455	n/a	-0.45568692684173584	0.1535651832818985	0.16300731897354126	-1.6003137826919556	1.4145601987838745	-0.03434791415929794	-0.13963285088539124	0.13882896304130554	0.5301867723464966	0.05627502501010895	0.2152804583311081	-0.2302069365978241	-1.1828290224075317	0.17987848818302155	-0.6173058748245239	-1.0657572746276855	0.7198610305786133	-0.3541859984397888	-0.2628936469554901	-1.0435242652893066	0.3111875653266907	0.2798675000667572	-0.057142749428749084	0.0704333707690239	-0.12671883404254913	-0.20261946320533752	-0.5555472373962402	0.12846529483795166	-0.18940895795822144	0.4737624526023865	-0.359846830368042	-0.09061892330646515	1.1273033618927002	-0.012245476245880127	-0.4449252188205719	-0.06533137708902359	-0.407731831073761	0.2192976176738739	0.27843332290649414	0.06052049249410629	-0.06033497303724289	0.04137952998280525	0.05068442225456238	0.2671014070510864	0.0564575158059597
0.737549364566803	-0.8612903356552124	-0.19197434186935425	1.7777138948440552	0.11446079611778259	-0.16595317423343658	-0.39113113284111023	n/a	-0.35186031460762024	-0.3857421875	-0.018032630905508995	-0.7697116136550903	0.16874493658542633	1.104109764099121	0.1368928998708725	0.08051396161317825	0.6363670229911804	0.09906922280788422	0.8302685022354126	0.8119337558746338	0.4363594651222229	0.4802452325820923	-0.6375269293785095	-1.7837311029434204	0.38265734910964966	0.9443241357803345	0.46762213110923767	-0.9643158912658691	-0.2618642747402191	-0.7293264269828796	1.2953659296035767	-0.004053722135722637	-0.5931709408760071	-0.3078673481941223	n/a	-0.38721710443496704	0.019381830468773842	0.36741164326667786	-1.8531641960144043	1.5087050199508667	0.07431008666753769	-0.016324227675795555	0.20438188314437866	0.6411809921264648	0.17446933686733246	0.2746778130531311	-0.034933608025312424	-1.7209683656692505	0.26909905672073364	-0.7371214628219604	-1.2034533023834229	0.5040779709815979	-0.2679188847541809	-0.39466556906700134	-0.869799792766571	0.2906498312950134	0.32232773303985596	-0.07181660830974579	0.13654787838459015	-0.25479406118392944	-0.11585167795419693	-0.6730614304542542	0.22626759111881256	-0.14744596183300018	0.5120819211006165	-0.4465601146221161	-0.1286480724811554	0.8753433227539062	0.021947357803583145	-0.49418383836746216	-0.059149738401174545	-0.28890082240104675	0.12701669335365295	0.33073851466178894	0.039504945278167725	-0.05300629884004593	0.08095809072256088	0.07761722058057785	0.21119508147239685	0.1257421225309372
0.6468350887298584	-0.8987051844596863	0.0906774029135704	1.681697964668274	0.05957406014204025	-0.09512173384428024	-0.9887514710426331	n/a	-0.49425119161605835	-0.4098881483078003	-0.19496464729309082	-0.9075400829315186	0.14554788172245026	1.0213783979415894	-0.10669062286615372	0.12635523080825806	0.6784470081329346	0.09151806682348251	0.7302146553993225	0.727842390537262	0.3937591314315796	0.4400358200073242	-0.6504137516021729	-1.8971694707870483	0.24060285091400146	0.8576544523239136	0.5863951444625854	-0.7720534205436707	-0.36769697070121765	-0.684554934501648	1.2094252109527588	-0.037238869816064835	-0.5277636051177979	-0.7783241271972656	n/a	-0.2958877682685852	-0.1026550680398941	0.5527698993682861	-1.835780143737793	1.452128529548645	0.10877977311611176	-0.06989551335573196	0.186201810836792	0.6774012446403503	0.2282389998435974	0.3289877772331238	0.04620148986577988	-1.9415197372436523	0.24635601043701172	-0.7779650092124939	-1.0818885564804077	0.49771472811698914	-0.1694427877664566	-0.5167298913002014	-0.5798759460449219	0.26456132531166077	0.31568196415901184	-0.08247265964746475	0.19334422051906586	-0.31523963809013367	-0.03894035145640373	-0.7198718190193176	0.3738734722137451	-0.12262938916683197	0.5008431077003479	-0.47189176082611084	-0.15548992156982422	0.5470811128616333	0.027792923152446747	-0.5206899642944336	-0.024679992347955704	-0.2141493558883667	0.03405628353357315	0.34973132610321045	0.01324347872287035	-0.02986694872379303	0.11515199393033981	0.10806194692850113	0.11926183104515076	0.13988693058490753
0.4709644615650177	-0.8585780262947083	0.27577897906303406	1.4894843101501465	0.0040003452450037	0.0012021760921925306	-1.4408354759216309	n/a	-0.5829693078994751	-0.38341790437698364	-0.3207024335861206	-0.9415967464447021	0.121904157102108	0.83632493019104	-0.34071430563926697	0.12547536194324493	0.7072673439979553	0.056510575115680695	0.5528299808502197	0.6011952757835388	0.3294886350631714	0.3649541437625885	-0.6288920640945435	-1.797814130783081	0.03550329431891441	0.7263752222061157	0.6219161152839661	-0.5824822783470154	-0.44156286120414734	-0.607381284236908	1.0692284107208252	-0.06986696273088455	-0.39250844717025757	-1.1367462873458862	n/a	-0.18520455062389374	-0.21943239867687225	0.6994699835777283	-1.5688238143920898	1.253458857536316	0.06971997022628784	-0.1256033182144165	0.10350367426872253	0.6632867455482483	0.22743800282478333	0.34258008003234863	0.0642099678516388	-1.8964208364486694	0.162465900182724	-0.7884541153907776	-0.8708862066268921	0.5467205047607422	-0.09172342717647552	-0.6037059426307678	-0.3073138892650604	0.24393267929553986	0.2644243538379669	-0.08277693390846252	0.22915410995483398	-0.2947501838207245	0.042874183505773544	-0.7064765095710754	0.5228368639945984	-0.11252906918525696	0.5048485994338989	-0.4260410666465759	-0.16126768290996552	0.22821949422359467	0.021074946969747543	-0.49359121918678284	0.02099168673157692	-0.17854946851730347	-0.043168723583221436	0.3398861587047577	-0.01440542284399271	-0.004635229706764221	0.1387023627758026	0.13949574530124664	0.003425783710554242	0.10652650892734528
0.18898054957389832	-0.7485058903694153	0.37572339177131653	1.2334785461425781	-0.051424719393253326	0.08724334090948105	-1.6984986066818237	n/a	-0.6163102984428406	-0.2953086793422699	-0.394686758518219	-0.8339640498161316	0.11770962923765182	0.5830087065696716	-0.4730076193809509	0.06259109079837799	0.7806575894355774	-0.0003820371348410845	0.36222705245018005	0.4752378463745117	0.2854105532169342	0.2770000100135803	-0.5064676403999329	-1.5510209798812866	-0.14619620144367218	0.5041263103485107	0.550901472568512	-0.39199602603912354	-0.46600964665412903	-0.5523406863212585	0.891342282295227	-0.10868456214666367	-0.25048357248306274	-1.354644536972046	n/a	-0.06488338857889175	-0.3347528278827667	0.7838128209114075	-1.1207815408706665	0.9586374759674072	-0.03139837458729744	-0.050230152904987335	-0.0011832854943349957	0.6310121417045593	0.19257980585098267	0.30352583527565	0.06492500752210617	-1.6709061861038208	0.0775793120265007	-0.8209080100059509	-0.7159931063652039	0.4814518988132477	-0.059621959924697876	-0.6390669941902161	-0.1853368580341339	0.22601056098937988	0.17652960121631622	-0.06732417643070221	0.23640166223049164	-0.2010858654975891	0.1347833275794983	-0.6539762020111084	0.6324847936630249	-0.11202291399240494	0.5960219502449036	-0.31300947070121765	-0.1412576138973236	-0.009925245307385921	0.034910112619400024	-0.391565203666687	0.06383766233921051	-0.163862407207489	-0.09413200616836548	0.30624282360076904	-0.04217321425676346	0.00576334074139595	0.14069025218486786	0.16274893283843994	-0.124957375228405	0.049819465726614
-0.13127149641513824	-0.6069579720497131	0.4078606367111206	0.95928955078125	-0.0957249253988266	0.13873052597045898	-1.7361410856246948	n/a	-0.5936467051506042	-0.16717401146888733	-0.42298227548599243	-0.6101211905479431	0.11561042070388794	0.3090447187423706	-0.47122499346733093	-0.019745495170354843	0.8962870836257935	-0.05435417592525482	0.21648995578289032	0.36464637517929077	0.267199844121933	0.20019245147705078	-0.30570468306541443	-1.236703872680664	-0.27912214398384094	0.2206840068101883	0.40390825271606445	-0.17703470587730408	-0.4482763111591339	-0.5177785158157349	0.7019208073616028	-0.15423880517482758	-0.13897842168807983	-1.42337167263031	n/a	0.04050928354263306	-0.4341951906681061	0.78370201587677	-0.6052019000053406	0.6298292279243469	-0.1792178452014923	0.14860044419765472	-0.0925779938697815	0.5989081263542175	0.14224110543727875	0.23518547415733337	0.05290655791759491	-1.3392399549484253	0.02163083478808403	-0.8820295929908752	-0.6290127038955688	0.26708802580833435	-0.07161594927310944	-0.6265905499458313	-0.2536745071411133	0.20500227808952332	0.06748439371585846	-0.03231831640005112	0.22064919769763947	-0.06447675824165344	0.2215389460325241	-0.581641674041748	0.694665789604187	-0.11223547905683517	0.7997940182685852	-0.16046592593193054	-0.09883294999599457	-0.15138749778270721	0.08835861086845398	-0.23284365236759186	0.10439571738243103	-0.16116300225257874	-0.12405157089233398	0.25190141797065735	-0.06765533238649368	-0.005863677244633436	0.11866326630115509	0.1648612767457962	-0.24400795996189117	-0.00509709632024169
-0.3878903388977051	-0.47371500730514526	0.3907078206539154	0.7103007435798645	-0.11089711636304855	0.13913048803806305	-1.5552318096160889	n/a	-0.5155699849128723	-0.04612908884882927	-0.41914498805999756	-0.35263118147850037	0.07313446700572968	0.05778438225388527	-0.3647945523262024	-0.0583856999874115	1.008598804473877	-0.07517306506633759	0.14967316389083862	0.2624206244945526	0.2540926933288574	0.14895647764205933	-0.11258111149072647	-0.9430555701255798	-0.3906361162662506	-0.03345722705125809	0.23925860226154327	0.0751381441950798	-0.4031602442264557	-0.44468945264816284	0.5300841927528381	-0.19670061767101288	-0.07117737829685211	-1.347306251525879	n/a	0.09480470418930054	-0.4993826448917389	0.6829501390457153	-0.14567629992961884	0.32650378346443176	-0.3511461615562439	0.35500282049179077	-0.1537209302186966	0.5675814151763916	0.08459338545799255	0.17662328481674194	0.00858716107904911	-0.9681988954544067	0.0013703890144824982	-0.9322700500488281	-0.5251110196113586	0.003832001704722643	-0.10262702405452728	-0.5827233791351318	-0.45834386348724365	0.18209226429462433	-0.039361704140901566	0.02200932241976261	0.1967870444059372	0.07109387964010239	0.2762821912765503	-0.5020167827606201	0.7256172299385071	-0.10134965926408768	1.0785280466079712	-0.010231356136500835	-0.04037724435329437	-0.22310593724250793	0.17575395107269287	-0.07040011137723923	0.15257655084133148	-0.17294321954250336	-0.14815707504749298	0.1828458458185196	-0.08855821937322617	-0.035438839346170425	0.0787292942404747	0.13458865880966187	-0.3208117187023163	-0.0388362891972065
-0.5051431059837341	-0.37094542384147644	0.34829583764076233	0.5149909257888794	-0.08757273107767105	0.09080255776643753	-1.1944880485534668	n/a	-0.3918047845363617	0.021356074139475822	-0.4047603905200958	-0.15296196937561035	-0.03274368867278099	-0.1429271697998047	-0.21256127953529358	-0.013158533722162247	1.0679658651351929	-0.04422718286514282	0.16951480507850647	0.15960901975631714	0.22043098509311676	0.12475346028804779	-0.007464459631592035	-0.7190138101577759	-0.5123438835144043	-0.17330387234687805	0.09992821514606476	0.35710737109184265	-0.3480408489704132	-0.2608913481235504	0.39773815870285034	-0.22226904332637787	-0.03914494067430496	-1.1454675197601318	n/a	0.07044364511966705	-0.522046685218811	0.48285141587257385	0.17322731018066406	0.08740836381912231	-0.5144027471542358	0.44158950448036194	-0.17850449681282043	0.5270587205886841	0.016187505796551704	0.15533258020877838	-0.07651612162590027	-0.59663325548172	0.014387963339686394	-0.9187026023864746	-0.3202661871910095	-0.17604780197143555	-0.1228489950299263	-0.5227006673812866	-0.7038256525993347	0.1595313549041748	-0.12379462271928787	0.08840274065732956	0.176906019449234	0.16658878326416016	0.2831585705280304	-0.4160602390766144	0.7455376386642456	-0.06518483906984329	1.3559800386428833	0.10595740377902985	0.028545821085572243	-0.25992655754089355	0.280759334564209	0.04617178812623024	0.21874596178531647	-0.2010715901851654	-0.1742333024740219	0.10799857974052429	-0.10380461066961288	-0.07342347502708435	0.01778985932469368	0.07145194709300995	-0.33073848485946655	-0.04264790937304497
-0.4551081657409668	-0.30204522609710693	0.3127046525478363	0.3817414939403534	-0.03476939722895622	0.027658425271511078	-0.7233255505561829	n/a	-0.2417035847902298	0.012672025710344315	-0.3956294655799866	-0.0707080140709877	-0.1850457340478897	-0.2850465774536133	-0.08357679843902588	0.11399789899587631	1.0379588603973389	0.03673793375492096	0.2503487765789032	0.05581139028072357	0.149129718542099	0.11963837593793869	-0.03301558643579483	-0.5419783592224121	-0.6602581739425659	-0.15865826606750488	6.620899512199685e-05	0.6477901339530945	-0.3016550838947296	0.08371386677026749	0.3104058504104614	-0.22085176408290863	-0.011901922523975372	-0.8516676425933838	n/a	-0.033656686544418335	-0.4972583055496216	0.2114926278591156	0.3215090036392212	-0.08284539729356766	-0.6370959877967834	0.3212323784828186	-0.1733289361000061	0.4630946218967438	-0.07028557360172272	0.17856399714946747	-0.19388630986213684	-0.21233193576335907	0.049116894602775574	-0.8073320984840393	0.022887518629431725	-0.17450307309627533	-0.11372897028923035	-0.4548051059246063	-0.8926207423210144	0.13505524396896362	-0.18041284382343292	0.15207934379577637	0.16553664207458496	0.2041393369436264	0.24445076286792755	-0.31002309918403625	0.7655269503593445	0.011203479021787643	1.5508344173431396	0.17701014876365662	0.09840916097164154	-0.28464892506599426	0.3843749761581421	0.09536336362361908	0.30982568860054016	-0.24212601780891418	-0.19661107659339905	0.033305928111076355	-0.10939411073923111	-0.10773708671331406	-0.07530183345079422	-0.00933950673788786	-0.27549076080322266	-0.021234147250652313
-0.2702553868293762	-0.2596377730369568	0.3308204412460327	0.300581693649292	0.0265425443649292	-0.0032370106782764196	-0.22603322565555573	n/a	-0.08686969429254532	-0.06201774626970291	-0.38972070813179016	-0.1186864897608757	-0.3399266004562378	-0.37974298000335693	-0.03918470814824104	0.28150680661201477	0.9044286608695984	0.14617349207401276	0.3325306177139282	-0.03639720380306244	0.04547815024852753	0.12295225262641907	-0.18732142448425293	-0.3565932810306549	-0.8346916437149048	-0.002336462028324604	-0.06184851750731468	0.9266785383224487	-0.27510812878608704	0.5953847169876099	0.25358203053474426	-0.18895883858203888	0.04262959212064743	-0.5114970803260803	n/a	-0.18848484754562378	-0.42070648074150085	-0.08286669850349426	0.29936903715133667	-0.21011601388454437	-0.703068196773529	-0.020169861614704132	-0.16283884644508362	0.3680901825428009	-0.16840627789497375	0.23778535425662994	-0.32609090209007263	0.20196209847927094	0.09529731422662735	-0.6010612845420837	0.4862760007381439	0.033846307545900345	-0.07478444278240204	-0.3790506422519684	-0.9589279294013977	0.10553810000419617	-0.21439196169376373	0.19707344472408295	0.16348819434642792	0.18558667600154877	0.17006373405456543	-0.16338054835796356	0.7756155133247375	0.13637372851371765	1.6155287027359009	0.20207370817661285	0.1515510380268097	-0.3001303970813751	0.46334779262542725	0.08237127959728241	0.41858839988708496	-0.28827375173568726	-0.20612365007400513	-0.04002104327082634	-0.0967864915728569	-0.12682586908340454	-0.19503232836723328	-0.08154869824647903	-0.18030758202075958	0.011812170967459679
-0.05857309699058533	-0.22798658907413483	0.46582528948783875	0.2515275478363037	0.07548482716083527	0.015264634042978287	0.21100389957427979	n/a	0.05482747033238411	-0.1658393144607544	-0.3824281096458435	-0.25979116559028625	-0.44564080238342285	-0.44697967171669006	-0.09524855017662048	0.42244839668273926	0.6970658302307129	0.24907495081424713	0.34852656722068787	-0.09006305038928986	-0.052739836275577545	0.12386297434568405	-0.4027705490589142	-0.14588643610477448	-1.0033009052276611	0.2167409062385559	-0.10169339179992676	1.1862421035766602	-0.25881919264793396	1.2124282121658325	0.20145879685878754	-0.13069294393062592	0.11514440178871155	-0.176655575633049	n/a	-0.3466375768184662	-0.3094559907913208	-0.35087013244628906	0.1241164281964302	-0.3252837657928467	-0.7162601947784424	-0.47278961539268494	-0.17811384797096252	0.2565414309501648	-0.2506992816925049	0.30504733324050903	-0.4367702305316925	0.5851472020149231	0.16762585937976837	-0.3430720567703247	0.9732744693756104	0.3431711792945862	-0.024848317727446556	-0.2873523533344269	-0.9146760702133179	0.0708075687289238	-0.22437439858913422	0.21472105383872986	0.16867609322071075	0.12275023758411407	0.07573465257883072	0.029216015711426735	0.7336431741714478	0.30494439601898193	1.5625890493392944	0.1831611543893814	0.16920359432697296	-0.28377947211265564	0.49584344029426575	0.03255561366677284	0.5081906318664551	-0.31982797384262085	-0.19627413153648376	-0.1097961962223053	-0.061049822717905045	-0.12547999620437622	-0.3133389353752136	-0.11811284720897675	-0.07447385042905807	0.04466702789068222
0.035850293934345245	-0.19231422245502472	0.7687386870384216	0.21492208540439606	0.09950482845306396	0.05373857170343399	0.5111802816390991	n/a	0.16889441013336182	-0.25703638792037964	-0.3877745568752289	-0.4261198043823242	-0.4619222581386566	-0.49747610092163086	-0.20757706463336945	0.481773316860199	0.48457610607147217	0.3121260106563568	0.2579355239868164	-0.07938100397586823	-0.0939929261803627	0.11092407256364822	-0.5587714910507202	0.0398939810693264	-1.1005523204803467	0.37433046102523804	-0.14194069802761078	1.4365229606628418	-0.23079222440719604	1.8093886375427246	0.13128985464572906	-0.05683250352740288	0.14625665545463562	0.10145389288663864	n/a	-0.46282583475112915	-0.21045659482479095	-0.5592292547225952	-0.16184890270233154	-0.4346226155757904	-0.689045786857605	-0.833079993724823	-0.23870694637298584	0.15957529842853546	-0.28243863582611084	0.33719342947006226	-0.4740915596485138	0.7904242277145386	0.30096128582954407	-0.09556702524423599	1.3343772888183594	0.5376155376434326	0.008742502890527248	-0.1738801896572113	-0.8407377004623413	0.03322504833340645	-0.19877754151821136	0.20563896000385284	0.174702987074852	0.03087214194238186	-0.013428223319351673	0.24651193618774414	0.584771454334259	0.4959523379802704	1.4557677507400513	0.12797287106513977	0.1422671228647232	-0.20685900747776031	0.4704039990901947	-0.018190648406744003	0.5201664566993713	-0.30119287967681885	-0.16353081166744232	-0.16845214366912842	-0.008375067263841629	-0.10525616258382797	-0.3947017192840576	-0.10299388319253922	0.024480661377310753	0.0745151937007904
-0.0798855721950531	-0.15474611520767212	1.2342658042907715	0.17746028304100037	0.09720659255981445	0.06880708038806915	0.6177290678024292	n/a	0.23672737181186676	-0.3088746964931488	-0.4287198781967163	-0.5530264973640442	-0.37943798303604126	-0.524570882320404	-0.30978813767433167	0.4477842450141907	0.3308671712875366	0.3173532485961914	0.06121235340833664	-0.004904481582343578	-0.049964722245931625	0.07502418756484985	-0.5538174510002136	0.12221792340278625	-1.0709377527236938	0.3718036115169525	-0.1890307366847992	1.6925686597824097	-0.1836387813091278	2.2497990131378174	0.03091944009065628	0.019528638571500778	0.07678616791963577	0.27444252371788025	n/a	-0.5062296986579895	-0.16659599542617798	-0.6903864145278931	-0.49714890122413635	-0.515284538269043	-0.6269755363464355	-0.9282879829406738	-0.3460593521595001	0.10015837103128433	-0.24033482372760773	0.30321842432022095	-0.4073467254638672	0.691017746925354	0.5053012371063232	0.09219414740800858	1.4584006071090698	0.42863237857818604	0.009043745696544647	-0.0501580685377121	-0.809860110282898	-0.0035131932236254215	-0.13143043220043182	0.17578020691871643	0.17388637363910675	-0.07464281469583511	-0.06971573084592819	0.45732128620147705	0.3091047406196594	0.6772595643997192	1.3698328733444214	0.0514662079513073	0.07457074522972107	-0.07312684506177902	0.3923896253108978	-0.036515604704618454	0.4127854108810425	-0.19899070262908936	-0.10919278115034103	-0.20631954073905945	0.0473688468337059	-0.07026669383049011	-0.4084388315677643	-0.03958803415298462	0.10969562083482742	0.10617455095052719
-0.4056575298309326	-0.1193724051117897	1.782415509223938	0.13347311317920685	0.07358584553003311	0.03715045005083084	0.506476104259491	n/a	0.23784136772155762	-0.31449273228645325	-0.5107074975967407	-0.601723313331604	-0.225808784365654	-0.5128141045570374	-0.3630867600440979	0.33330631256103516	0.26246583461761475	0.26285943388938904	-0.20880267024040222	0.10005267709493637	0.0652780532836914	0.013941209763288498	-0.36663633584976196	0.0439644418656826	-0.9093632102012634	0.1892615705728531	-0.23879142105579376	1.9326517581939697	-0.12113829702138901	2.4520702362060547	-0.09693154692649841	0.08465485274791718	-0.09792665392160416	0.305976539850235	n/a	-0.4668165445327759	-0.18166038393974304	-0.7340115904808044	-0.8204523921012878	-0.5378187298774719	-0.5320757031440735	-0.7159774303436279	-0.48667603731155396	0.07900445908308029	-0.1281905621290207	0.20283934473991394	-0.24984222650527954	0.28155139088630676	0.737468421459198	0.1918194591999054	1.3266416788101196	-0.023005925118923187	-0.021309826523065567	0.05873221904039383	-0.8363413214683533	-0.03411297872662544	-0.033488061279058456	0.1295284926891327	0.16034629940986633	-0.17762695252895355	-0.07688368856906891	0.6382813453674316	-0.05751410871744156	0.8154088854789734	1.328721284866333	-0.028079500421881676	-0.01994330808520317	0.07446610182523727	0.27813857793807983	-0.007347777020186186	0.19518043100833893	-0.00934417825192213	-0.039677903056144714	-0.21628661453723907	0.0929645225405693	-0.025305448099970818	-0.3411601185798645	0.050219953060150146	0.1783282607793808	0.1463204324245453
-0.8648830652236938	-0.06884300708770752	2.276536464691162	0.0819304808974266	0.034382063895463943	-0.044918958097696304	0.19732680916786194	n/a	0.16698510944843292	-0.28633955121040344	-0.6173434257507324	-0.5715433955192566	-0.05234936252236366	-0.45467349886894226	-0.3693356513977051	0.15354011952877045	0.2713616192340851	0.16387566924095154	-0.5031818151473999	0.18695424497127533	0.20350156724452972	-0.06583070009946823	-0.05704120919108391	-0.22010132670402527	-0.6615335941314697	-0.10397350788116455	-0.28891730308532715	2.076545000076294	-0.03613709285855293	2.415555715560913	-0.23317784070968628	0.12192077934741974	-0.325314462184906	0.18774646520614624	n/a	-0.3640180230140686	-0.2304200530052185	-0.6891195178031921	-1.0783698558807373	-0.49139684438705444	-0.4071086347103119	-0.2975265383720398	-0.6386497020721436	0.07781955599784851	0.018841134384274483	0.057025518268346786	-0.039497461169958115	-0.3279663324356079	0.925585925579071	0.1874668151140213	1.0011285543441772	-0.6827968955039978	-0.06203880533576012	0.1320389360189438	-0.87950199842453	-0.05254461243748665	0.06988049298524857	0.06707583367824554	0.13149935007095337	-0.26279276609420776	-0.04092498868703842	0.7695707082748413	-0.43676674365997314	0.8819705843925476	1.27768075466156	-0.09780501574277878	-0.1197754517197609	0.18230248987674713	0.13866794109344482	0.04858795553445816	-0.06823591887950897	0.2318008840084076	0.03194219991564751	-0.19578425586223602	0.11967413127422333	0.02229538932442665	-0.20739515125751495	0.13651928305625916	0.2304058074951172	0.1958509236574173
-1.3445998430252075	0.02622019499540329	2.5734262466430664	0.021747959777712822	-0.014219687320291996	-0.1704423874616623	-0.2540077269077301	n/a	0.04041453078389168	-0.24838626384735107	-0.7305210828781128	-0.4950907230377197	0.09572402387857437	-0.36316385865211487	-0.339018851518631	-0.06513815373182297	0.3428504168987274	0.05286433920264244	-0.7690818905830383	0.2191530019044876	0.3110063672065735	-0.1491551548242569	0.2889689803123474	-0.6562002301216125	-0.38768142461776733	-0.3845684230327606	-0.3378047049045563	2.0350401401519775	0.08479895442724228	2.1897082328796387	-0.3500770628452301	0.11472443491220474	-0.5351895093917847	-0.05802874267101288	n/a	-0.24120067059993744	-0.29499608278274536	-0.569248378276825	-1.2237892150878906	-0.39357897639274597	-0.2466883808374405	0.16987727582454681	-0.7734490633010864	0.07600564509630203	0.15206167101860046	-0.10924865305423737	0.1974329650402069	-0.9779038429260254	1.0171509981155396	0.07099194079637527	0.5675907135009766	-1.3321826457977295	-0.08640659600496292	0.1599322259426117	-0.888452410697937	-0.054743796586990356	0.15531697869300842	-0.007644155528396368	0.08980681002140045	-0.3215543329715729	0.017124293372035027	0.8258165121078491	-0.7323068976402283	0.8565983176231384	1.1397290229797363	-0.15182164311408997	-0.19733479619026184	0.2139149010181427	-0.014745358377695084	0.08564361929893494	-0.2847537696361542	0.4684329628944397	0.08809047937393188	-0.14888423681259155	0.12201561033725739	0.058110881596803665	-0.04946061596274376	0.19669057428836823	0.26598143577575684	0.2486758828163147
-1.7458232641220093	0.184158593416214	2.5984811782836914	-0.04960041865706444	-0.06810326129198074	-0.3169873356819153	-0.7802319526672363	n/a	-0.11587376892566681	-0.215412437915802	-0.8382703065872192	-0.40241432189941406	0.20278902351856232	-0.2660599648952484	-0.2628823518753052	-0.2841605246067047	0.47706544399261475	-0.03682878240942955	-0.95467209815979	0.18995234370231628	0.36164364218711853	-0.21059635281562805	0.6224393844604492	-1.1732341051101685	-0.12352582812309265	-0.5667848587036133	-0.3991732597351074	1.7769230604171753	0.24557329714298248	1.8357326984405518	-0.42404696345329285	0.05483460798859596	-0.6781764626502991	-0.39081883430480957	n/a	-0.1372213065624237	-0.3776378631591797	-0.3964318037033081	-1.2286144495010376	-0.2804383635520935	-0.04738007113337517	0.600246787071228	-0.8548345565795898	0.07128287851810455	0.23809804022312164	-0.27133065462112427	0.45781320333480835	-1.5091181993484497	1.0096186399459839	-0.15088769793510437	0.07215234637260437	-1.8359605073928833	-0.08162057399749756	0.1439225673675537	-0.8727682828903198	-0.0420585460960865	0.21614381670951843	-0.08214380592107773	0.03958216309547424	-0.35463178157806396	0.07850166410207748	0.7865012884140015	-0.8785428404808044	0.7435698509216309	0.8938075304031372	-0.18286707997322083	-0.22681072354316711	0.16666467487812042	-0.15445655584335327	0.07857850193977356	-0.3859802186489105	0.6584650874137878	0.11903452128171921	-0.08418296277523041	0.09783882647752762	0.06252242624759674	0.07535473257303238	0.2237081527709961	0.2806757688522339	0.2974247634410858
-1.9932241439819336	0.39186370372772217	2.382749080657959	-0.13336876034736633	-0.12834800779819489	-0.4418994188308716	-1.3118913173675537	n/a	-0.275590181350708	-0.1818014234304428	-0.9166602492332458	-0.2954426407814026	0.26980361342430115	-0.18622657656669617	-0.13470561802387238	-0.45247313380241394	0.6633625626564026	-0.08622616529464722	-1.0190846920013428	0.11510071903467178	0.36152711510658264	-0.21689490973949432	0.9245375990867615	-1.590868592262268	0.11316327750682831	-0.6559558510780334	-0.49669915437698364	1.345268726348877	0.4312085211277008	1.424035906791687	-0.4456833302974701	-0.05086393281817436	-0.7335647940635681	-0.7575539946556091	n/a	-0.06252280622720718	-0.47472327947616577	-0.19225187599658966	-1.111569881439209	-0.18701058626174927	0.16960358619689941	0.9845904111862183	-0.8501313924789429	0.07677855342626572	0.27480313181877136	-0.3965609669685364	0.729196310043335	-1.792386770248413	0.9369868636131287	-0.4303220808506012	-0.45075592398643494	-2.2015790939331055	-0.056957218796014786	0.10095299780368805	-0.8965871334075928	-0.023457588627934456	0.25486746430397034	-0.14371202886104584	-0.01668064296245575	-0.3697645962238312	0.1271984577178955	0.6577028632164001	-0.8787153363227844	0.5832704305648804	0.5864055156707764	-0.18607386946678162	-0.20068825781345367	0.06316640973091125	-0.25107988715171814	0.04271853342652321	-0.3656650483608246	0.7813853025436401	0.12788398563861847	-0.008309813216328621	0.05357006564736366	0.02601522207260132	0.12355408072471619	0.21854226291179657	0.26915499567985535	0.3305344581604004
-2.0066401958465576	0.5986819863319397	2.014023542404175	-0.22840479016304016	-0.19453418254852295	-0.4909663200378418	-1.7678236961364746	n/a	-0.4136820435523987	-0.13304106891155243	-0.9163818359375	-0.16736775636672974	0.28448066115379333	-0.1389705240726471	0.008022530004382133	-0.5042035579681396	0.8380821347236633	-0.08926718682050705	-0.9537017941474915	0.011030742898583412	0.322078675031662	-0.14387880265712738	1.1489592790603638	-1.7091515064239502	0.28601527214050293	-0.6873721480369568	-0.615754246711731	0.8284900784492493	0.6038163304328918	1.0357850790023804	-0.42472630739212036	-0.17835165560245514	-0.691459059715271	-1.0924030542373657	n/a	-0.002736611757427454	-0.5487547516822815	0.021686267107725143	-0.9411017298698425	-0.14302977919578552	0.36077287793159485	1.2840263843536377	-0.7531993985176086	0.09470704942941666	0.2827155590057373	-0.4455568492412567	0.9543071985244751	-1.7458096742630005	0.8232857584953308	-0.67418372631073	-0.8988491296768188	-2.448366641998291	-0.02950494922697544	0.057198669761419296	-0.9764333367347717	-0.010762524791061878	0.26417794823646545	-0.1864526867866516	-0.07430168241262436	-0.3744906187057495	0.14183533191680908	0.48032766580581665	-0.7800275087356567	0.4305322468280792	0.2875344753265381	-0.17259350419044495	-0.1373448520898819	-0.07779814302921295	-0.2982015609741211	0.005717016756534576	-0.26387789845466614	0.8212956190109253	0.12212735414505005	0.07384132593870163	0.0072157415561378	-0.038398850709199905	0.0936584323644638	0.18147319555282593	0.23212799429893494	0.32798388600349426
-1.7255222797393799	0.7440610527992249	1.5689101219177246	-0.33417996764183044	-0.2533476948738098	-0.4233783185482025	-2.060147762298584	n/a	-0.5092775225639343	-0.061643194407224655	-0.7817346453666687	-0.029812609776854515	0.21892394125461578	-0.14749178290367126	0.09570000320672989	-0.39699888229370117	0.9066819548606873	-0.05034790560603142	-0.7946187853813171	-0.11059534549713135	0.24728450179100037	0.0016657415544614196	1.2228190898895264	-1.4196760654449463	0.3395846486091614	-0.6473754644393921	-0.6895109415054321	0.31962841749191284	0.7167696952819824	0.7386385202407837	-0.3879074454307556	-0.29284554719924927	-0.5437856316566467	-1.330733060836792	n/a	0.06057951971888542	-0.5384072065353394	0.2187928855419159	-0.799603283405304	-0.17974066734313965	0.4856448769569397	1.4100455045700073	-0.5961746573448181	0.10665596276521683	0.2871590256690979	-0.39648765325546265	1.0523897409439087	-1.3516385555267334	0.6608680486679077	-0.7993581295013428	-1.1328951120376587	-2.4957404136657715	-0.010717194527387619	0.02997085265815258	-1.0348249673843384	-0.0072549739852547646	0.23079536855220795	-0.20646780729293823	-0.12123754620552063	-0.3685719966888428	0.10753849893808365	0.31555676460266113	-0.6266515254974365	0.3233940005302429	0.055290188640356064	-0.1651214361190796	-0.0657561644911766	-0.2468028962612152	-0.30894145369529724	-0.02116013690829277	-0.12416139990091324	0.7684061527252197	0.10670982301235199	0.1528959423303604	-0.020473144948482513	-0.10504475980997086	0.026265809312462807	0.11907588690519333	0.17975430190563202	0.27678608894348145
-1.1881322860717773	0.8007258176803589	1.098511815071106	-0.44980761408805847	-0.2792210876941681	-0.24713338911533356	-2.118091106414795	n/a	-0.5473986864089966	0.0221396591514349	-0.4972863495349884	0.08446390926837921	0.05974852666258812	-0.2357257902622223	0.09967289119958878	-0.16072839498519897	0.8240809440612793	0.014591418206691742	-0.6036573052406311	-0.22841215133666992	0.15447156131267548	0.17732764780521393	1.1217083930969238	-0.7823334336280823	0.25618594884872437	-0.48402291536331177	-0.6563175916671753	-0.11075735092163086	0.746946394443512	0.5550442337989807	-0.36488404870033264	-0.3641135096549988	-0.311169296503067	-1.4271084070205688	n/a	0.12731143832206726	-0.40785664319992065	0.3620024621486664	-0.7406753301620483	-0.3112996518611908	0.5339694023132324	1.3279409408569336	-0.4322822391986847	0.09561923891305923	0.3034915328025818	-0.2748079299926758	0.9877340793609619	-0.6993517875671387	0.4518228769302368	-0.7954394817352295	-1.112358570098877	-2.236241579055786	-0.00795160885900259	0.020110858604311943	-0.9858034253120422	-0.001811061054468155	0.15918301045894623	-0.19512905180454254	-0.14008302986621857	-0.3446493148803711	0.038790639489889145	0.20927338302135468	-0.45011621713638306	0.271538108587265	-0.07250901311635971	-0.17510506510734558	-0.0026997001841664314	-0.4178633689880371	-0.2942762076854706	-0.043761011213064194	0.026112154126167297	0.6414824724197388	0.08404798805713654	0.21575728058815002	-0.020250868052244186	-0.15731118619441986	-0.02467816136777401	0.05214554816484451	0.1321972906589508	0.19100813567638397
-0.5425066351890564	0.7886035442352295	0.6485360860824585	-0.5666587948799133	-0.2536478638648987	-0.02368653193116188	-1.9025685787200928	n/a	-0.5139495134353638	0.08892203867435455	-0.11868235468864441	0.13662545382976532	-0.16116498410701752	-0.3978478014469147	0.07768922299146652	0.11940564215183258	0.6253033876419067	0.08484634011983871	-0.43355193734169006	-0.3092331886291504	0.0787261500954628	0.32282769680023193	0.9145203828811646	0.0038308363873511553	0.10878420621156693	-0.17869432270526886	-0.5108959674835205	-0.41431084275245667	0.7133526802062988	0.44939008355140686	-0.37118467688560486	-0.3800462484359741	-0.06434149295091629	-1.3534969091415405	n/a	0.17068715393543243	-0.19034403562545776	0.39948228001594543	-0.7644140124320984	-0.5072436928749084	0.530341625213623	1.0953017473220825	-0.30167973041534424	0.0624803863465786	0.32206594944000244	-0.15451720356941223	0.8052926063537598	0.0022736757528036833	0.2586536109447479	-0.7206295132637024	-0.9539555907249451	-1.6765094995498657	-0.030180854722857475	0.024844884872436523	-0.8316513895988464	0.020501121878623962	0.07694133371114731	-0.14452926814556122	-0.11976967751979828	-0.29530030488967896	-0.02489396370947361	0.16318973898887634	-0.286916583776474	0.2626666724681854	-0.08312816172838211	-0.18963216245174408	0.05208158493041992	-0.5337396264076233	-0.2510983943939209	-0.06930595636367798	0.16327998042106628	0.49517303705215454	0.058041125535964966	0.25187137722969055	0.002748493803665042	-0.19329559803009033	-0.024039890617132187	0.005939882714301348	0.11284437030553818	0.10429531335830688
0.05712689831852913	0.7488231658935547	0.2658158540725708	-0.6641241908073425	-0.18446114659309387	0.18096157908439636	-1.4060109853744507	n/a	-0.3933412432670593	0.10209867358207703	0.253895103931427	0.09594500064849854	-0.37911349534988403	-0.5865764617919922	0.11269446462392807	0.3696625232696533	0.3588598966598511	0.1453578919172287	-0.31473585963249207	-0.3344915211200714	0.0325908325612545	0.3864326477050781	0.7027903199195862	0.7306007742881775	0.02352585271000862	0.21879011392593384	-0.2858436703681946	-0.5479705333709717	0.6619815826416016	0.3602384030818939	-0.40460819005966187	-0.3455154001712799	0.11541420221328735	-1.0896354913711548	n/a	0.1545964479446411	0.030138695612549782	0.2736223638057709	-0.8316047787666321	-0.7003004550933838	0.5024198293685913	0.7550135850906372	-0.21696390211582184	0.01159865316003561	0.3026261627674103	-0.11198867112398148	0.581382155418396	0.5261220335960388	0.17691245675086975	-0.6350444555282593	-0.8187779784202576	-0.9501402974128723	-0.08489856123924255	0.05349692329764366	-0.644856870174408	0.06215856596827507	0.012448938563466072	-0.06106017902493477	-0.0674280896782875	-0.22103632986545563	-0.055055879056453705	0.15065260231494904	-0.1805717647075653	0.2781241834163666	0.002420474076643586	-0.18568626046180725	0.10066603869199753	-0.539048969745636	-0.17201919853687286	-0.09582225978374481	0.2540223300457001	0.3929459750652313	0.035215701907873154	0.2538605332374573	0.04067837819457054	-0.21012000739574432	0.031323596835136414	-0.007211750838905573	0.13663509488105774	0.04540910944342613
0.538804292678833	0.7143247723579407	-0.013042405247688293	-0.7148451209068298	-0.10260488092899323	0.33976835012435913	-0.6599153876304626	n/a	-0.1796668916940689	0.03384757041931152	0.5328478217124939	-0.05399160087108612	-0.5421798825263977	-0.732379674911499	0.21724608540534973	0.5579646229743958	0.025093376636505127	0.18780289590358734	-0.26201048493385315	-0.3195398151874542	-0.019957315176725388	0.34469056129455566	0.5290078520774841	1.2794990539550781	0.07889147102832794	0.6209546327590942	-0.014369502663612366	-0.4779845178127289	0.6371108293533325	0.2616749107837677	-0.45140495896339417	-0.2712755501270294	0.1929490715265274	-0.6342518329620361	n/a	0.05848043039441109	0.18104895949363708	-0.045578792691230774	-0.902260422706604	-0.8184671998023987	0.4465413987636566	0.2581791877746582	-0.17666175961494446	-0.06325069814920425	0.19493713974952698	-0.17223013937473297	0.354386568069458	0.7521849274635315	0.25195610523223877	-0.5456607341766357	-0.7701783776283264	-0.2120322585105896	-0.16821160912513733	0.12555181980133057	-0.4840327799320221	0.11185489594936371	-0.022308725863695145	0.03071231208741665	-0.005787788424640894	-0.1341107189655304	-0.05683621019124985	0.15349675714969635	-0.15878094732761383	0.3061848282814026	0.13158424198627472	-0.15335263311862946	0.13453301787376404	-0.4302143156528473	-0.06512477248907089	-0.11735004931688309	0.26684263348579407	0.3657952547073364	0.020828966051340103	0.2169857919216156	0.0918264091014862	-0.19282546639442444	0.11502107977867126	0.004708928521722555	0.20486855506896973	0.028935959562659264
0.8818264007568359	0.7015367746353149	-0.16317512094974518	-0.6966367959976196	-0.04034613072872162	0.45557957887649536	0.23870505392551422	n/a	0.1030774712562561	-0.11928235739469528	0.6718592643737793	-0.30158737301826477	-0.6255250573158264	-0.7772700190544128	0.322414755821228	0.6660236120223999	-0.3858200013637543	0.20628073811531067	-0.27252885699272156	-0.2936922013759613	-0.12681692838668823	0.21029925346374512	0.36939841508865356	1.6066932678222656	0.2561337947845459	0.9417001605033875	0.2623439431190491	-0.21222996711730957	0.6598409414291382	0.18683570623397827	-0.49067166447639465	-0.16888085007667542	0.1842576563358307	-0.037163566797971725	n/a	-0.11026731133460999	0.23463019728660583	-0.5159904360771179	-0.9455704092979431	-0.8163408041000366	0.33307012915611267	-0.44106563925743103	-0.17420834302902222	-0.16357478499412537	-0.022171568125486374	-0.3025657534599304	0.12540201842784882	0.6923478841781616	0.4410494863986969	-0.4174354672431946	-0.7734505534172058	0.4235323369503021	-0.2609573006629944	0.24884486198425293	-0.36255791783332825	0.1550997495651245	-0.02557988278567791	0.10029538720846176	0.04081616923213005	-0.0530393049120903	-0.05188361555337906	0.1698228418827057	-0.2126430869102478	0.34116441011428833	0.24073784053325653	-0.09816288948059082	0.1397688090801239	-0.25645652413368225	0.04501335695385933	-0.1320033073425293	0.19916881620883942	0.3954774737358093	0.018129173666238785	0.14446397125720978	0.15440194308757782	-0.12584391236305237	0.17841945588588715	0.021986745297908783	0.3065701425075531	0.06051468476653099
1.0346869230270386	0.7129363417625427	-0.15975986421108246	-0.603252649307251	-0.010152199305593967	0.5261961817741394	1.106502890586853	n/a	0.3892628848552704	-0.32642796635627747	0.6600950360298157	-0.5901172757148743	-0.6126523613929749	-0.7009804844856262	0.345144659280777	0.6610791683197021	-0.8052699565887451	0.1972491443157196	-0.31549012660980225	-0.2659757435321808	-0.28629451990127563	0.031506605446338654	0.19372151792049408	1.6790454387664795	0.46662870049476624	1.1030455827713013	0.4679211378097534	0.18147540092468262	0.7183888554573059	0.19572246074676514	-0.49782291054725647	-0.0540488064289093	0.12187258899211884	0.5776451230049133	n/a	-0.31681299209594727	0.1976197063922882	-1.0057941675186157	-0.9337683916091919	-0.6935549974441528	0.13983458280563354	-1.226212978363037	-0.19299985468387604	-0.262146919965744	-0.30903518199920654	-0.4414430856704712	-0.09377167373895645	0.43973907828330994	0.6480521559715271	-0.22511528432369232	-0.7887987494468689	0.843013346195221	-0.3348079025745392	0.39626190066337585	-0.2812049984931946	0.18250052630901337	0.005985243711620569	0.13044744729995728	0.0608162060379982	0.006821417715400457	-0.04984394460916519	0.20067033171653748	-0.3022604286670685	0.3778434693813324	0.29069411754608154	-0.030028948560357094	0.1098061203956604	-0.07819990813732147	0.137395441532135	-0.14159993827342987	0.08837681263685226	0.43416628241539	0.030446507036685944	0.05422305315732956	0.21672584116458893	-0.01338694617152214	0.17058654129505157	0.030566144734621048	0.4203290343284607	0.13811634480953217
0.9033714532852173	0.7226907014846802	0.02672053873538971	-0.44833946228027344	0.00030175215215422213	0.5218030214309692	1.677388072013855	n/a	0.5790383815765381	-0.5232322812080383	0.513664960861206	-0.8201364874839783	-0.4938112497329712	-0.5145854949951172	0.2525652348995209	0.5140125751495361	-1.054468035697937	0.16138052940368652	-0.33703556656837463	-0.21993982791900635	-0.4205109179019928	-0.1171727254986763	0.012212598696351051	1.4569379091262817	0.5928951501846313	1.0293350219726562	0.500691294670105	0.5900219678878784	0.7596256136894226	0.3334673345088959	-0.4513861835002899	0.04893622547388077	0.027386486530303955	1.0149904489517212	n/a	-0.4975775182247162	0.09813521057367325	-1.3151764869689941	-0.854155957698822	-0.4804611802101135	-0.11482460796833038	-1.7686407566070557	-0.21088138222694397	-0.3035094141960144	-0.5518501400947571	-0.5189491510391235	-0.2529173493385315	0.1173386499285698	0.774259090423584	0.018910521641373634	-0.7985339760780334	0.8911718130111694	-0.35999801754951477	0.4999663233757019	-0.25430163741111755	0.19016830623149872	0.07195219397544861	0.12532559037208557	0.06046963855624199	0.03492990881204605	-0.04267244413495064	0.24535828828811646	-0.38250821828842163	0.4142261743545532	0.30636951327323914	0.03366496413946152	0.05186997726559639	0.06097961217164993	0.1973460465669632	-0.1464606076478958	-0.011092422530055046	0.4351676106452942	0.055382974445819855	-0.020215919241309166	0.25512248277664185	0.11086735874414444	0.0738411471247673	0.029697248712182045	0.5088286399841309	0.2403407096862793
0.45658260583877563	0.6508500576019287	0.3915005922317505	-0.26024627685546875	0.012717366218566895	0.4120219647884369	1.67512845993042	n/a	0.5730990767478943	-0.6260424852371216	0.2711604833602905	-0.890152096748352	-0.2802087664604187	-0.23888333141803741	0.08073534071445465	0.25003549456596375	-0.9410239458084106	0.1045452132821083	-0.29725030064582825	-0.14217203855514526	-0.4179215133190155	-0.16194647550582886	-0.12501047551631927	0.9573377370834351	0.5231086015701294	0.6964573264122009	0.310355544090271	0.8886575698852539	0.68679279088974	0.5980907678604126	-0.34455040097236633	0.111045703291893	-0.0776604637503624	1.0633983612060547	n/a	-0.5654625296592712	-0.016994889825582504	-1.2574355602264404	-0.7049580216407776	-0.2065805345773697	-0.34970033168792725	-1.7034406661987305	-0.2202378660440445	-0.2395266592502594	-0.5969677567481995	-0.4670185446739197	-0.29182350635528564	-0.1465671956539154	0.7491622567176819	0.25308844447135925	-0.751604437828064	0.4774594306945801	-0.3155782222747803	0.47606196999549866	-0.2917274236679077	0.17190273106098175	0.14756964147090912	0.0978861078619957	0.053574297577142715	0.02266780473291874	-0.021478205919265747	0.3020682632923126	-0.4079800248146057	0.44108185172080994	0.3737713396549225	0.06344743072986603	-0.014574614353477955	0.13045553863048553	0.20218993723392487	-0.14038732647895813	-0.06043893098831177	0.370486855506897	0.07739944010972977	-0.048894960433244705	0.2404307723045349	0.19246481359004974	-0.06964249163866043	0.027622191235423088	0.5141965746879578	0.3175831735134125
-0.1509287804365158	0.4039835035800934	0.8114799857139587	-0.07237415015697479	0.035848867148160934	0.23694556951522827	1.0098700523376465	n/a	0.34004130959510803	-0.5726265907287598	-0.014163347892463207	-0.7652945518493652	-0.007706207223236561	0.0784357413649559	-0.09013215452432632	-0.03506649658083916	-0.44398483633995056	0.03837867081165314	-0.2148391157388687	-0.04749232530593872	-0.23401008546352386	-0.07670997828245163	-0.16825154423713684	0.32725781202316284	0.2196483314037323	0.22967280447483063	-0.006606169044971466	0.990507185459137	0.41485679149627686	0.9001650214195251	-0.1980515867471695	0.11498796939849854	-0.13825660943984985	0.6351698637008667	n/a	-0.4588698148727417	-0.09974450618028641	-0.8112086653709412	-0.46851131319999695	0.09102277457714081	-0.4464089870452881	-0.9749709963798523	-0.238704115152359	-0.07846548408269882	-0.36737561225891113	-0.2546687722206116	-0.20867963135242462	-0.2365855723619461	0.5550949573516846	0.34560301899909973	-0.5642492175102234	-0.21427319943904877	-0.20800934731960297	0.28625261783599854	-0.35498642921447754	0.1167987808585167	0.18300320208072662	0.05347771570086479	0.04614180326461792	-0.02675168216228485	0.012947863899171352	0.3644596040248871	-0.32090243697166443	0.41918712854385376	0.5507837533950806	0.046676814556121826	-0.06354113668203354	0.10739102959632874	0.13850684463977814	-0.11006353050470352	-0.04739462211728096	0.23945727944374084	0.08104369789361954	-0.036988530308008194	0.15727373957633972	0.18562515079975128	-0.17595186829566956	0.03813792020082474	0.3872966766357422	0.3167561888694763
-0.6358887553215027	-0.008332907222211361	1.0596314668655396	0.0799197107553482	0.05908059701323509	0.09558136016130447	-0.06479987502098083	n/a	-0.03287625312805176	-0.36784297227859497	-0.27755656838417053	-0.49160128831863403	0.25515833497047424	0.3311292231082916	-0.1910298615694046	-0.22528313100337982	0.21928828954696655	-0.0181976780295372	-0.1549084484577179	0.0346667654812336	0.052863672375679016	0.0865100622177124	-0.10455432534217834	-0.2092384696006775	-0.20639096200466156	-0.14049085974693298	-0.24165603518486023	0.8990451097488403	-0.0279874075204134	1.056361436843872	-0.057560767978429794	0.06772617250680923	-0.09772006422281265	-0.10811495035886765	n/a	-0.20329909026622772	-0.13293811678886414	-0.1760415881872177	-0.1581690013408661	0.3271738290786743	-0.3489982783794403	0.05402626469731331	-0.28171366453170776	0.10973227024078369	0.04177619889378548	0.06221592426300049	-0.06931985169649124	-0.11857359856367111	0.24468043446540833	0.17817744612693787	-0.21190063655376434	-0.7893163561820984	-0.0756811872124672	-0.010458829812705517	-0.3466811180114746	0.024000326171517372	0.14434801042079926	-0.005288969725370407	0.03541167452931404	-0.0895087867975235	0.056188322603702545	0.41759610176086426	-0.10646310448646545	0.31180092692375183	0.77345871925354	0.01131882332265377	-0.07642410695552826	-0.005407941527664661	0.036062389612197876	-0.04394150525331497	0.010282627306878567	0.07533842325210571	0.07113369554281235	-0.019014699384570122	0.02668004482984543	0.09075994044542313	-0.17844460904598236	0.068328358232975	0.1431744396686554	0.2221756875514984
-0.8190900087356567	-0.43200913071632385	0.9922344088554382	0.16291764378547668	0.06732191890478134	0.02268391288816929	-1.084153652191162	n/a	-0.3792935907840729	-0.08347620069980621	-0.45235326886177063	-0.13825970888137817	0.40979257225990295	0.3974429666996002	-0.1991318315267563	-0.25544601678848267	0.7597944140434265	-0.04212004318833351	-0.16288553178310394	0.09513271600008011	0.31498482823371887	0.2278541922569275	0.04258418455719948	-0.520398736000061	-0.537528395652771	-0.28634366393089294	-0.26026836037635803	0.7050563097000122	-0.47798818349838257	0.9023513197898865	0.033019568771123886	-0.007009295281022787	0.0077088442631065845	-0.8257713317871094	n/a	0.09437540173530579	-0.13764220476150513	0.387785941362381	0.09472979605197906	0.3897099494934082	-0.12927408516407013	0.9353747963905334	-0.32528191804885864	0.2521643042564392	0.4319724142551422	0.3490278720855713	0.06970924139022827	0.08019963651895523	-0.07319673895835876	-0.18614928424358368	0.21994978189468384	-1.0221424102783203	0.03691345080733299	-0.28656691312789917	-0.1913624256849289	-0.08206343650817871	0.05272042378783226	-0.06158221513032913	0.023585185408592224	-0.1394347846508026	0.10184109210968018	0.4348020553588867	0.13162890076637268	0.1509564369916916	0.8999214768409729	-0.012843664735555649	-0.060574065893888474	-0.16269882023334503	-0.049987614154815674	0.05152134969830513	0.06272813677787781	-0.06301552802324295	0.06295133382081985	-0.013576673343777657	-0.0983605682849884	-0.039972927421331406	-0.06695155799388885	0.1018763855099678	-0.1277654469013214	0.0641925185918808
-0.7486626505851746	-0.6815479397773743	0.6820175051689148	0.162517711520195	0.055404406040906906	-0.034717950969934464	-1.6855556964874268	n/a	-0.5653987526893616	0.18486452102661133	-0.5039577484130859	0.22462287545204163	0.3965248465538025	0.2305116057395935	-0.11822816729545593	-0.15522530674934387	1.0204696655273438	-0.026382386684417725	-0.22809122502803802	0.14334113895893097	0.4766343832015991	0.2655368447303772	0.23906637728214264	-0.6291301846504211	-0.6182149052619934	-0.24943092465400696	-0.10596691071987152	0.4992605447769165	-0.7461915612220764	0.46186262369155884	0.057825084775686264	-0.08487460762262344	0.07014249265193939	-1.2361977100372314	n/a	0.3150617182254791	-0.14643801748752594	0.7217739820480347	0.14140619337558746	0.2266104519367218	0.09271517395973206	1.4546250104904175	-0.32783016562461853	0.3194546103477478	0.6512594819068909	0.4711257815361023	0.20284290611743927	0.1624288111925125	-0.28366324305534363	-0.5426363945007324	0.5826467871665955	-0.9779912829399109	0.1026279404759407	-0.43449637293815613	0.06284137815237045	-0.15744639933109283	-0.03398388251662254	-0.09435413032770157	0.016702335327863693	-0.1637781709432602	0.138877272605896	0.38939857482910156	0.246442973613739	0.014397832565009594	0.841386616230011	-0.026938529685139656	-0.043198321014642715	-0.2881423234939575	-0.09378451108932495	0.14614436030387878	0.06497764587402344	-0.11960239708423615	0.06062858924269676	-0.012120812200009823	-0.17236115038394928	-0.14769242703914642	0.11498837918043137	0.11264173686504364	-0.32233384251594543	-0.10236551612615585
-0.5788437724113464	-0.6666805148124695	0.324018269777298	0.09724387526512146	0.025166848674416542	-0.10259224474430084	-1.7646503448486328	n/a	-0.5607006549835205	0.3549295663833618	-0.451434850692749	0.5041742920875549	0.25456947088241577	-0.1197613775730133	0.03457771614193916	-0.019450834020972252	1.003194808959961	0.009450078010559082	-0.30226951837539673	0.17182758450508118	0.5150995254516602	0.17636644840240479	0.4534800946712494	-0.5952777862548828	-0.46030524373054504	-0.11064659059047699	0.0905061811208725	0.3117251992225647	-0.7390653491020203	-0.042377740144729614	0.028741683810949326	-0.14954470098018646	0.04600046947598457	-1.2670718431472778	n/a	0.38631197810173035	-0.17715731263160706	0.7681475281715393	0.0008066377486102283	-0.11802132427692413	0.24886131286621094	1.593103289604187	-0.2804858982563019	0.31031718850135803	0.6485613584518433	0.37321680784225464	0.33267131447792053	0.07172592729330063	-0.32695272564888	-0.7506262063980103	0.7544094920158386	-0.7771940231323242	0.11205543577671051	-0.42060813307762146	0.27058374881744385	-0.16668812930583954	-0.0700489804148674	-0.10495462268590927	0.008237963542342186	-0.1557151973247528	0.15561822056770325	0.2842889726161957	0.1887284219264984	-0.054685767740011215	0.6091974377632141	-0.03471376746892929	-0.0439567044377327	-0.3158952593803406	-0.10729797929525375	0.2028391808271408	0.02149306796491146	-0.0720234140753746	0.06057412549853325	-0.011455855332314968	-0.18788310885429382	-0.20857396721839905	0.2871488332748413	0.09190934896469116	-0.3905870318412781	-0.22184547781944275
-0.4074259400367737	-0.4038643538951874	0.07261870056390762	0.00389703456312418	-0.02268597111105919	-0.1408412754535675	-1.4017044305801392	n/a	-0.4102739989757538	0.37533143162727356	-0.3418682813644409	0.6098551154136658	0.07133956998586655	-0.5562251210212708	0.2142430692911148	0.08036487549543381	0.7743632197380066	0.04192152991890907	-0.33807891607284546	0.1518559604883194	0.4207976460456848	-0.006286433432251215	0.6475700736045837	-0.41677600145339966	-0.17913538217544556	0.0740591287612915	0.2237153798341751	0.15606652200222015	-0.4729245901107788	-0.36500605940818787	-0.03436414897441864	-0.1923990100622177	-0.016352731734514236	-0.997241735458374	n/a	0.296211302280426	-0.2259388417005539	0.526740550994873	-0.18962761759757996	-0.5495893359184265	0.3108500838279724	1.3825461864471436	-0.20632153749465942	0.2296067476272583	0.4425148069858551	0.1021929681301117	0.4323153495788574	-0.07806254923343658	-0.22147567570209503	-0.7804197072982788	0.708067774772644	-0.4960671663284302	0.06837578117847443	-0.2707602083683014	0.3104822337627411	-0.10995373874902725	-0.044369082897901535	-0.11044047772884369	-0.015141273848712444	-0.1138952374458313	0.1448349952697754	0.16203860938549042	0.00423439871519804	-0.05754220485687256	0.28004035353660583	-0.026589225977659225	-0.06625113636255264	-0.2340494990348816	-0.1034390926361084	0.20365267992019653	-0.034771550446748734	0.05698950216174126	0.06582608073949814	-0.02376292645931244	-0.1629744917154312	-0.2254967838525772	0.36830762028694153	0.04834860935807228	-0.3382849097251892	-0.2556524872779846
-0.26499706506729126	0.041052207350730896	-0.007363901007920504	-0.0892770066857338	-0.08323480188846588	-0.11005879193544388	-0.7498423457145691	n/a	-0.17724795639514923	0.24716401100158691	-0.2125747948884964	0.5165249705314636	-0.09519209712743759	-0.9770668148994446	0.36254221200942993	0.12119617313146591	0.41596072912216187	0.05459234118461609	-0.32708674669265747	0.06730305403470993	0.21237128973007202	-0.21847839653491974	0.7829000949859619	-0.05555064603686333	0.11262504756450653	0.22934263944625854	0.2289070338010788	0.06702231615781784	-0.01843392848968506	-0.3799881339073181	-0.11889668554067612	-0.20832471549510956	-0.06142973154783249	-0.5444359183311462	n/a	0.0888674259185791	-0.2671734392642975	0.07332196831703186	-0.3408210575580597	-0.9750332236289978	0.2575139105319977	0.9094122648239136	-0.14054791629314423	0.10058355331420898	0.1082867830991745	-0.2325027883052826	0.47358813881874084	-0.14080145955085754	-0.0329350046813488	-0.6428840160369873	0.4940071702003479	-0.24097461998462677	-0.015251471661031246	-0.03901804983615875	0.14527444541454315	-0.017399227246642113	0.025865260511636734	-0.11547660827636719	-0.05167276784777641	-0.04961849004030228	0.11564864218235016	0.08100052922964096	-0.24895788729190826	0.002913631731644273	-0.031087934970855713	0.0013014277210459113	-0.1018078476190567	-0.08526283502578735	-0.08318416774272919	0.1636546105146408	-0.091910220682621	0.21528774499893188	0.08894913643598557	-0.05575466528534889	-0.11409346014261246	-0.2016059309244156	0.32184213399887085	-0.002580717671662569	-0.19168348610401154	-0.19055311381816864
-0.17554359138011932	0.5811415910720825	0.09216642379760742	-0.17630134522914886	-0.1356024593114853	-0.015844101086258888	0.007559020072221756	n/a	0.07822217047214508	0.03402305394411087	-0.08512303978204727	0.27928590774536133	-0.2327674925327301	-1.2903729677200317	0.439791202545166	0.09143410623073578	0.031015297397971153	0.028489043936133385	-0.3137259781360626	-0.06582819670438766	-0.038683753460645676	-0.3960699141025543	0.8358372449874878	0.482561320066452	0.34029102325439453	0.26620903611183167	0.07581359893083572	0.06900863349437714	0.5291173458099365	-0.08158496022224426	-0.2207125723361969	-0.19381850957870483	-0.06714212894439697	-0.028736405074596405	n/a	-0.14753642678260803	-0.26147985458374023	-0.4223523437976837	-0.45052042603492737	-1.321653127670288	0.10563218593597412	0.3457542061805725	-0.1331004798412323	-0.02973543293774128	-0.223679319024086	-0.5192945003509521	0.4714432954788208	-0.028002751991152763	0.17099685966968536	-0.3760423958301544	0.190247043967247	-0.11726712435483932	-0.11486987769603729	0.20703500509262085	-0.17585410177707672	0.07859426736831665	0.10853958874940872	-0.11034560203552246	-0.08141902089118958	0.01330527663230896	0.09719634801149368	0.08493398874998093	-0.5189802050590515	0.1343322992324829	-0.20423106849193573	0.035525865852832794	-0.13230329751968384	0.060107871890068054	-0.05977935716509819	0.11434844881296158	-0.16149595379829407	0.34451812505722046	0.13841979205608368	-0.09718433767557144	-0.047903452068567276	-0.13473579287528992	0.17539240419864655	-0.040425416082143784	0.020169604569673538	-0.0420398935675621
-0.15698042511940002	1.0986387729644775	0.3407686948776245	-0.26577386260032654	-0.14948156476020813	0.10635317862033844	0.6742500066757202	n/a	0.2996303141117096	-0.17525215446949005	0.014704158529639244	-0.01982707902789116	-0.3518654704093933	-1.4270973205566406	0.4352048337459564	-0.007941465824842453	-0.28261449933052063	-0.044527605175971985	-0.36449459195137024	-0.21340736746788025	-0.24151064455509186	-0.49963048100471497	0.7996990084648132	1.088975191116333	0.466663658618927	0.16407427191734314	-0.1994498074054718	0.1449185311794281	1.046229600906372	0.4567771255970001	-0.33701077103614807	-0.1507718861103058	-0.027562005445361137	0.42188212275505066	n/a	-0.3214828372001648	-0.1885383576154709	-0.7648589015007019	-0.5451325178146362	-1.5360736846923828	-0.05895105376839638	-0.14366869628429413	-0.23390533030033112	-0.12282514572143555	-0.4207431972026825	-0.6890983581542969	0.47871434688568115	0.25629764795303345	0.3531690835952759	-0.059743281453847885	-0.1080547571182251	-0.12360762059688568	-0.19812323153018951	0.40207725763320923	-0.5264865756034851	0.15774044394493103	0.1714126020669937	-0.09284505248069763	-0.08603157103061676	0.0430099256336689	0.10974276810884476	0.18247221410274506	-0.7424801588058472	0.3258875906467438	-0.18134601414203644	0.0518951416015625	-0.13970254361629486	0.13079407811164856	-0.07363586127758026	0.06842007488012314	-0.24650458991527557	0.39830949902534485	0.19842825829982758	-0.1288771629333496	0.030409643426537514	-0.03149450942873955	0.003788207657635212	-0.04636874422430992	0.2606032192707062	0.14594677090644836
-0.21180467307567596	1.470502257347107	0.6719878911972046	-0.36402109265327454	-0.10870873183012009	0.22295759618282318	1.0847440958023071	n/a	0.4428154230117798	-0.3216221034526825	0.046715106815099716	-0.3212624788284302	-0.45009371638298035	-1.3640601634979248	0.3827742040157318	-0.15284761786460876	-0.46091651916503906	-0.1428966224193573	-0.5116637945175171	-0.338051974773407	-0.3330073654651642	-0.5224660634994507	0.7074425220489502	1.5756745338439941	0.508066713809967	-0.015260376036167145	-0.5008493661880493	0.24560871720314026	1.4131557941436768	1.0939204692840576	-0.45891445875167847	-0.09183435142040253	0.04884558916091919	0.6894786357879639	n/a	-0.3887386918067932	-0.08187218010425568	-0.8540172576904297	-0.6310155987739563	-1.5851044654846191	-0.12728750705718994	-0.4691102206707001	-0.4491182267665863	-0.16863498091697693	-0.42596933245658875	-0.7400752305984497	0.5455153584480286	0.5979321002960205	0.526033341884613	0.1893339604139328	-0.34628453850746155	-0.19193021953105927	-0.24543751776218414	0.5060266256332397	-0.7871525883674622	0.211101233959198	0.1989063322544098	-0.07439862191677094	-0.065683513879776	0.01745404489338398	0.1439659595489502	0.34213224053382874	-0.8667253851890564	0.5302284955978394	0.0006274695042520761	0.03728022053837776	-0.11715273559093475	0.0946655347943306	-0.15786366164684296	0.015616455115377903	-0.3283577859401703	0.37073251605033875	0.2352021485567093	-0.13445286452770233	0.10843402147293091	0.07866327464580536	-0.11742455512285233	-0.01232918817549944	0.4866965413093567	0.3214801251888275
-0.3399827480316162	1.6229835748672485	1.0014443397521973	-0.465315580368042	-0.02509767934679985	0.3140107989311218	1.1601580381393433	n/a	0.4860538840293884	-0.3906097710132599	-0.020224854350090027	-0.5814038515090942	-0.4924495816230774	-1.1315932273864746	0.35926005244255066	-0.3035089671611786	-0.4699401259422302	-0.22464382648468018	-0.7207966446876526	-0.4040679633617401	-0.2905965745449066	-0.47244662046432495	0.6389384865760803	1.7911728620529175	0.5331058502197266	-0.21552824974060059	-0.7379947900772095	0.337618350982666	1.5639264583587646	1.6373258829116821	-0.5704113245010376	-0.038780577480793	0.12462849169969559	0.7135091423988342	n/a	-0.35865333676338196	-0.012774732895195484	-0.7303861975669861	-0.6920780539512634	-1.4604063034057617	-0.05173841118812561	-0.5716933012008667	-0.7193103432655334	-0.16685807704925537	-0.2736191749572754	-0.720273494720459	0.6798266768455505	0.8317551612854004	0.7312353849411011	0.26000842452049255	-0.5723510384559631	-0.33836472034454346	-0.2682981491088867	0.5158627033233643	-0.9417147636413574	0.23350019752979279	0.19666269421577454	-0.063608318567276	-0.03542608395218849	-0.05624667555093765	0.1784859448671341	0.5130696296691895	-0.8883404731750488	0.6848431825637817	0.26554253697395325	0.0035276964772492647	-0.06920629739761353	-0.018448615446686745	-0.28875625133514404	-0.04362743720412254	-0.3839814364910126	0.3080275356769562	0.2300415337085724	-0.10799630731344223	0.16864335536956787	0.15247763693332672	-0.1543581187725067	0.05671578273177147	0.6571682691574097	0.44977763295173645
-0.5106449723243713	1.542765736579895	1.2425988912582397	-0.551734983921051	0.06872114539146423	0.3759138882160187	0.9280567169189453	n/a	0.4296921491622925	-0.3910168409347534	-0.1697511374950409	-0.7493229508399963	-0.43459102511405945	-0.792913019657135	0.4140778183937073	-0.40110355615615845	-0.32230517268180847	-0.2503458559513092	-0.909257709980011	-0.39631810784339905	-0.14195479452610016	-0.35202479362487793	0.6557454466819763	1.7281875610351562	0.6015884280204773	-0.42207881808280945	-0.8529847264289856	0.4384789764881134	1.4878904819488525	1.9046601057052612	-0.6522596478462219	-0.010860099457204342	0.1594695895910263	0.519363522529602	n/a	-0.25929155945777893	-0.02680082432925701	-0.5095641016960144	-0.7061159610748291	-1.1824721097946167	0.1270758956670761	-0.43133923411369324	-0.948870062828064	-0.12295117974281311	-0.04292881488800049	-0.6692690253257751	0.8246960639953613	0.8715386390686035	0.9726443886756897	0.11151497811079025	-0.8442965745925903	-0.6506684422492981	-0.29303207993507385	0.4591481387615204	-1.0371183156967163	0.21575696766376495	0.17534618079662323	-0.05984484404325485	-0.014840982854366302	-0.14977535605430603	0.19682598114013672	0.6587935090065002	-0.8457407355308533	0.7406019568443298	0.5541496276855469	-0.023466836661100388	-0.009501677006483078	-0.14984621107578278	-0.39293819665908813	-0.08356276154518127	-0.4018499255180359	0.27005764842033386	0.19545036554336548	-0.06042196601629257	0.1972934603691101	0.16259980201721191	-0.12143626809120178	0.14106816053390503	0.7327600717544556	0.5127530097961426
-0.6386282444000244	1.268713116645813	1.3156036138534546	-0.601677656173706	0.13824838399887085	0.420748770236969	0.5009585618972778	n/a	0.29622751474380493	-0.3415801227092743	-0.33306264877319336	-0.7819288372993469	-0.2698357105255127	-0.4229516386985779	0.5098408460617065	-0.38926687836647034	-0.10165402293205261	-0.2026643007993698	-0.9977374076843262	-0.3352256417274475	0.031107788905501366	-0.16578231751918793	0.7374741435050964	1.5142264366149902	0.7058700919151306	-0.6118186712265015	-0.811535656452179	0.5787163972854614	1.220362663269043	1.8083635568618774	-0.6869374513626099	-0.01094135083258152	0.1533113270998001	0.2033563107252121	n/a	-0.11922643333673477	-0.10227072983980179	-0.302765429019928	-0.6596571207046509	-0.8058407306671143	0.3179657459259033	-0.14141707122325897	-1.0590951442718506	-0.06420555710792542	0.17999358475208282	-0.5858842134475708	0.8817571997642517	0.7737007737159729	1.1808738708496094	-0.20162083208560944	-1.1127140522003174	-1.1216752529144287	-0.3311319947242737	0.3785301446914673	-1.081926703453064	0.15217331051826477	0.13748744130134583	-0.06304371356964111	-0.02070561796426773	-0.23518233001232147	0.1876709908246994	0.7694692015647888	-0.7799607515335083	0.6797599792480469	0.8041664361953735	-0.022182516753673553	0.04326491430401802	-0.259765625	-0.4071770906448364	-0.07970651239156723	-0.37986525893211365	0.2867092788219452	0.15886199474334717	-0.01567886397242546	0.19195784628391266	0.11716078966856003	-0.060294151306152344	0.20968583226203918	0.6893569827079773	0.500494122505188
-0.6256898641586304	0.8864275217056274	1.168568730354309	-0.605816125869751	0.16565051674842834	0.461986780166626	0.035555288195610046	n/a	0.13172420859336853	-0.2707761526107788	-0.42820224165916443	-0.6809859275817871	-0.052881814539432526	-0.10174982249736786	0.5482914447784424	-0.25336316227912903	0.05968693271279335	-0.09473473578691483	-0.9609993100166321	-0.2621495723724365	0.12792375683784485	0.0585804283618927	0.7944003343582153	1.3082976341247559	0.7760475277900696	-0.7158239483833313	-0.6070712208747864	0.7442742586135864	0.8439671993255615	1.4019155502319336	-0.6686323285102844	-0.020546700805425644	0.14433784782886505	-0.10849348455667496	n/a	0.02536662109196186	-0.16909827291965485	-0.1869012713432312	-0.561130702495575	-0.41781631112098694	0.43513742089271545	0.09432552009820938	-1.0270887613296509	-0.03342190757393837	0.3205605447292328	-0.4521000385284424	0.7718385457992554	0.6730002760887146	1.2519603967666626	-0.5584766864776611	-1.2405953407287598	-1.569162368774414	-0.3691365122795105	0.3103705644607544	-1.015660047531128	0.053971804678440094	0.08178623020648956	-0.07727156579494476	-0.05794733762741089	-0.2927580177783966	0.14539434015750885	0.8491598963737488	-0.7052669525146484	0.5234691500663757	0.9338461756706238	0.011078006587922573	0.07288455218076706	-0.3425365388393402	-0.3289773166179657	-0.036673303693532944	-0.31813347339630127	0.3476354777812958	0.137036994099617	0.004050226882100105	0.16355650126934052	0.051515400409698486	-0.00837338250130415	0.2344248741865158	0.5397647619247437	0.41392242908477783
-0.4262591302394867	0.4949774742126465	0.8058194518089294	-0.5773777365684509	0.15582311153411865	0.498913049697876	-0.32464900612831116	n/a	-0.011170614510774612	-0.20927594602108002	-0.4061467945575714	-0.4981936514377594	0.12841427326202393	0.09694965183734894	0.44437482953071594	-0.02887137234210968	0.0481388196349144	0.03645263984799385	-0.8404727578163147	-0.21154022216796875	0.08568565547466278	0.26604941487312317	0.7351779341697693	1.201952338218689	0.7288486361503601	-0.6461640000343323	-0.2645310163497925	0.8794087767601013	0.4595807194709778	0.8453071713447571	-0.6123102307319641	-0.011642091907560825	0.17134423553943634	-0.31418317556381226	n/a	0.13414110243320465	-0.16071940958499908	-0.19778183102607727	-0.4359913766384125	-0.1140298917889595	0.4383939504623413	0.08536336570978165	-0.8863949179649353	-0.06186014413833618	0.339836061000824	-0.2710641920566559	0.4824628531932831	0.6739632487297058	1.1109129190444946	-0.8274611830711365	-1.1058645248413086	-1.7295376062393188	-0.3811948597431183	0.2642512023448944	-0.7523123025894165	-0.05236716940999031	0.011911287903785706	-0.10317803174257278	-0.11519637703895569	-0.3084874749183655	0.07594870030879974	0.9002236723899841	-0.6032921075820923	0.3196151852607727	0.8951691389083862	0.05965949594974518	0.07148386538028717	-0.40847858786582947	-0.21364827454090118	0.016616102308034897	-0.22015990316867828	0.4146979749202728	0.12701983749866486	-0.012042003683745861	0.1288551688194275	0.002015021862462163	0.02150333672761917	0.20205986499786377	0.3282634913921356	0.2685402035713196
-0.10247007012367249	0.16962449252605438	0.3146430552005768	-0.5416394472122192	0.12584325671195984	0.5100055932998657	-0.5108340978622437	n/a	-0.10268698632717133	-0.1782606989145279	-0.2777274549007416	-0.3019578158855438	0.21642020344734192	0.13772736489772797	0.20252931118011475	0.20658878982067108	-0.1475820094347	0.14607885479927063	-0.6997048258781433	-0.18723319470882416	-0.07451529800891876	0.3985857665538788	0.5463253855705261	1.1796456575393677	0.5299561023712158	-0.38262879848480225	0.1427636742591858	0.9297195672988892	0.14592935144901276	0.32327330112457275	-0.5450193285942078	0.030083810910582542	0.23471948504447937	-0.3818846642971039	n/a	0.17865429818630219	-0.064052514731884	-0.3235732316970825	-0.31050971150398254	0.05140262842178345	0.33703500032424927	-0.1757168471813202	-0.6871439218521118	-0.14100149273872375	0.2553255558013916	-0.07845935225486755	0.0854789987206459	0.7775670886039734	0.7683590650558472	-0.931239902973175	-0.7231770753860474	-1.4712578058242798	-0.35292550921440125	0.22224989533424377	-0.28781574964523315	-0.13752920925617218	-0.05641542375087738	-0.13064444065093994	-0.16994450986385345	-0.276703804731369	0.0036181523464620113	0.9132454991340637	-0.4509263336658478	0.12344944477081299	0.7364559769630432	0.10056997090578079	0.04469003900885582	-0.4477371573448181	-0.11875130981206894	0.054421912878751755	-0.09896519035100937	0.4538334608078003	0.11852165311574936	-0.06060565635561943	0.0974385216832161	-0.019315257668495178	0.035019371658563614	0.11888663470745087	0.10895176231861115	0.09808678179979324
0.20791512727737427	-0.057381030172109604	-0.15021367371082306	-0.5121632218360901	0.09086352586746216	0.46762615442276	-0.5441380739212036	n/a	-0.14562729001045227	-0.19172734022140503	-0.10870347917079926	-0.15232497453689575	0.21637210249900818	0.050799161195755005	-0.07834997773170471	0.3768186867237091	-0.42082563042640686	0.20806264877319336	-0.5688769221305847	-0.16857291758060455	-0.2603275179862976	0.43082430958747864	0.2995997965335846	1.1614391803741455	0.21356986463069916	-0.011042466387152672	0.49645140767097473	0.8854914307594299	-0.06562336534261703	-0.015222645364701748	-0.48516008257865906	0.09441395848989487	0.2973349988460541	-0.3481585383415222	n/a	0.14879877865314484	0.06815656274557114	-0.5172348618507385	-0.20590618252754211	0.09818161278963089	0.16928046941757202	-0.5012783408164978	-0.4574446976184845	-0.2250860631465912	0.1254207193851471	0.08498997986316681	-0.2996967136859894	0.908756673336029	0.3286333978176117	-0.8672225475311279	-0.2589839696884155	-0.9067845940589905	-0.29028400778770447	0.15678778290748596	0.2417999804019928	-0.18115639686584473	-0.09656267613172531	-0.14101670682430267	-0.19690997898578644	-0.20960670709609985	-0.04288862273097038	0.8717823028564453	-0.24834294617176056	-0.018868645653128624	0.5802450180053711	0.11951636523008347	0.01174074038863182	-0.42876607179641724	-0.05258877947926521	0.06818044185638428	0.028336789458990097	0.45939549803733826	0.10443511605262756	-0.12948402762413025	0.06650881469249725	-0.029340693727135658	0.03834010660648346	0.010014472529292107	-0.07069947570562363	-0.048879727721214294
0.4273815155029297	-0.20051023364067078	-0.45651334524154663	-0.4802866578102112	0.05704500526189804	0.3714931309223175	-0.48570433259010315	n/a	-0.15593735873699188	-0.2661994993686676	0.024331219494342804	-0.10054153949022293	0.1624322086572647	-0.08378402888774872	-0.302945613861084	0.47890928387641907	-0.6528409719467163	0.23496708273887634	-0.43991586565971375	-0.15282414853572845	-0.39598286151885986	0.3793567419052124	0.06169051304459572	1.0978368520736694	-0.17000669240951538	0.36176130175590515	0.7051627039909363	0.7893721461296082	-0.19647713005542755	-0.08488292992115021	-0.4338473975658417	0.15789571404457092	0.334771990776062	-0.2676871716976166	n/a	0.04696151986718178	0.1649026721715927	-0.7314903140068054	-0.13518023490905762	0.0905860960483551	-0.021600710228085518	-0.7341393232345581	-0.2069348394870758	-0.28091707825660706	-0.0029376244638115168	0.2093498259782791	-0.5931395292282104	1.02554190158844	-0.08820468932390213	-0.6582397222518921	0.13798116147518158	-0.23442955315113068	-0.201862171292305	0.049710217863321304	0.6705744862556458	-0.1810789853334427	-0.09158899635076523	-0.12244854867458344	-0.17895367741584778	-0.13710039854049683	-0.06284540891647339	0.7732160091400146	-0.0078610610216856	-0.08918662369251251	0.5121444463729858	0.11004973202943802	-0.011729342862963676	-0.35039907693862915	0.012637943029403687	0.057175684720277786	0.15316283702850342	0.43701526522636414	0.07644452154636383	-0.21264593303203583	0.0283951498568058	-0.05234147980809212	0.02536090277135372	-0.09593799710273743	-0.18608959019184113	-0.1347626894712448
0.5948764681816101	-0.2954857349395752	-0.5759325623512268	-0.4286944568157196	0.021070528775453568	0.2569919228553772	-0.382625013589859	n/a	-0.1427140235900879	-0.41210076212882996	0.08418843895196915	-0.17610672116279602	0.07658751308917999	-0.18778692185878754	-0.45061564445495605	0.5727914571762085	-0.8121325969696045	0.2590358853340149	-0.294833779335022	-0.17082804441452026	-0.4839048385620117	0.279538631439209	-0.16015666723251343	1.010712742805481	-0.5901505351066589	0.6879590749740601	0.763844907283783	0.6918397545814514	-0.29131677746772766	0.11083023250102997	-0.38374656438827515	0.19686342775821686	0.36273449659347534	-0.17399050295352936	n/a	-0.11592534184455872	0.19561775028705597	-0.9397623538970947	-0.09458035230636597	0.0785510241985321	-0.2047932744026184	-0.9061062335968018	0.050229042768478394	-0.32171690464019775	-0.12631255388259888	0.3111923933029175	-0.7929198741912842	1.1535273790359497	-0.42639705538749695	-0.322345495223999	0.46182942390441895	0.4512905478477478	-0.08850475400686264	-0.09564614295959473	0.9374972581863403	-0.15416310727596283	-0.05389568954706192	-0.08352327346801758	-0.119244284927845	-0.08777529746294022	-0.08443521708250046	0.6360280513763428	0.26229575276374817	-0.10457240045070648	0.5064213275909424	0.06959331780672073	-0.032024823129177094	-0.25699561834335327	0.09121303260326385	0.024388456717133522	0.27416232228279114	0.378415048122406	0.02514716051518917	-0.31312692165374756	-0.019969820976257324	-0.09709946811199188	-0.022073378786444664	-0.1871342957019806	-0.24105317890644073	-0.15847298502922058
0.7594257593154907	-0.36707985401153564	-0.5674583911895752	-0.348254531621933	-0.019925784319639206	0.16359637677669525	-0.25562864542007446	n/a	-0.10971599817276001	-0.6128098368644714	0.07768083363771439	-0.36055102944374084	-0.024717189371585846	-0.22188404202461243	-0.5312971472740173	0.6886371374130249	-0.9175508618354797	0.2953835427761078	-0.1175178736448288	-0.2424616664648056	-0.5589872002601624	0.1653488725423813	-0.36887505650520325	0.9393854737281799	-1.0016388893127441	0.9556174874305725	0.7240555286407471	0.6188023686408997	-0.38280341029167175	0.47030529379844666	-0.32787996530532837	0.193937748670578	0.40416061878204346	-0.0794769749045372	n/a	-0.31798437237739563	0.17322124540805817	-1.1268690824508667	-0.06451284885406494	0.0797109305858612	-0.36346107721328735	-1.1033859252929688	0.2937782406806946	-0.3726104199886322	-0.25999873876571655	0.40108588337898254	-0.9252607822418213	1.3107842206954956	-0.6829056143760681	0.08509477972984314	0.7516985535621643	1.1228970289230347	0.04127031937241554	-0.255541056394577	1.0705832242965698	-0.1225195899605751	-0.011457107029855251	-0.043129753321409225	-0.038933735340833664	-0.06974628567695618	-0.12493448704481125	0.4808850586414337	0.5477393269538879	-0.10028024762868881	0.4830388128757477	0.008363618515431881	-0.06747379899024963	-0.1812727302312851	0.17506054043769836	-0.01726161502301693	0.3903159201145172	0.2727087736129761	-0.04814448207616806	-0.42845118045806885	-0.07426183670759201	-0.15552173554897308	-0.1171998530626297	-0.26584771275520325	-0.2526439428329468	-0.14570532739162445
0.8947274088859558	-0.4351924657821655	-0.5045244097709656	-0.23897556960582733	-0.05708235502243042	0.10801854729652405	-0.11389438062906265	n/a	-0.0664721131324768	-0.8200154304504395	0.024400249123573303	-0.5878249406814575	-0.10699419677257538	-0.1781073361635208	-0.5306359529495239	0.7925863265991211	-0.9557457566261292	0.33637380599975586	0.10718648135662079	-0.3381221890449524	-0.6166177988052368	0.06728319823741913	-0.5344909429550171	0.883404016494751	-1.3217175006866455	1.1424627304077148	0.6382648348808289	0.5864131450653076	-0.494832307100296	0.8351467847824097	-0.2595267593860626	0.14642883837223053	0.4550262987613678	0.01027765404433012	n/a	-0.5231415033340454	0.11752111464738846	-1.2693339586257935	-0.019216692075133324	0.1072787269949913	-0.4847034215927124	-1.2857483625411987	0.5106550455093384	-0.4252084195613861	-0.3962840437889099	0.47221440076828003	-0.9970381855964661	1.4610506296157837	-0.8545610308647156	0.4536201059818268	0.9702820777893066	1.6995424032211304	0.16275404393672943	-0.40000584721565247	1.104157567024231	-0.10028029978275299	0.019409094005823135	-0.010528678074479103	0.039430879056453705	-0.07066939771175385	-0.16943974792957306	0.3168806731700897	0.8169982433319092	-0.10736006498336792	0.4132886826992035	-0.04648422822356224	-0.12394509464502335	-0.10943547636270523	0.2600181996822357	-0.04803021252155304	0.4997923672199249	0.1276749223470688	-0.1275562196969986	-0.5411232709884644	-0.12578918039798737	-0.21303613483905792	-0.24932798743247986	-0.33135950565338135	-0.236609548330307	-0.12211742252111435
0.9606466889381409	-0.5410963296890259	-0.4380709230899811	-0.10351183265447617	-0.07659655064344406	0.0950770229101181	0.026049310341477394	n/a	-0.031283341348171234	-0.9708580374717712	-0.05509647727012634	-0.7758325338363647	-0.1252627670764923	-0.057833775877952576	-0.4389336109161377	0.8483685851097107	-0.8963306546211243	0.3733457028865814	0.3789508640766144	-0.40134578943252563	-0.6200690865516663	0.010982145555317402	-0.6321804523468018	0.8217246532440186	-1.474405288696289	1.2231515645980835	0.5539056658744812	0.614396333694458	-0.6615214943885803	1.0618066787719727	-0.17301045358181	0.07038562744855881	0.4967421293258667	0.08560385555028915	n/a	-0.6823528409004211	0.042614445090293884	-1.3266019821166992	0.06375272572040558	0.1830185204744339	-0.5577017664909363	-1.337992548942566	0.6963598728179932	-0.4487927556037903	-0.49758434295654297	0.5200773477554321	-1.0133155584335327	1.5536993741989136	-0.9361335635185242	0.686759352684021	1.0645561218261719	2.06069016456604	0.2513652443885803	-0.5058998465538025	1.0731794834136963	-0.09706626087427139	0.0324103944003582	0.01564311608672142	0.1010841354727745	-0.07164698839187622	-0.1945350021123886	0.15422038733959198	1.0345593690872192	-0.14543434977531433	0.34513720870018005	-0.06923144310712814	-0.19057796895503998	-0.020153343677520752	0.3512164056301117	-0.050972066819667816	0.5952269434928894	-0.03920145705342293	-0.1923174411058426	-0.6239969730377197	-0.165805846452713	-0.2532219886779785	-0.3803907632827759	-0.3757423758506775	-0.21069079637527466	-0.10685054212808609
0.9823781251907349	-0.7349746227264404	-0.39925292134284973	0.05307962745428085	-0.07365775853395462	0.136982262134552	0.13685333728790283	n/a	-0.022182855755090714	-1.0103527307510376	-0.12818454205989838	-0.8570529818534851	-0.0593520849943161	0.12906259298324585	-0.29920411109924316	0.8633183240890503	-0.7555263042449951	0.40593037009239197	0.6567292809486389	-0.3950205445289612	-0.5506355166435242	0.008432510308921337	-0.6879501938819885	0.7632284760475159	-1.4492965936660767	1.2012217044830322	0.5180835127830505	0.7060402631759644	-0.912168562412262	1.078183650970459	-0.06773282587528229	-0.0069445474073290825	0.5257976055145264	0.1315799504518509	n/a	-0.7440270781517029	-0.02391451969742775	-1.250610589981079	0.19066835939884186	0.31497642397880554	-0.583686351776123	-1.2180532217025757	0.8410035371780396	-0.42652222514152527	-0.5203777551651001	0.5606304407119751	-1.0064842700958252	1.5756479501724243	-0.953772783279419	0.7712644934654236	1.0777770280838013	2.147674083709717	0.29841867089271545	-0.561638593673706	1.0376609563827515	-0.12140379101037979	0.015473133884370327	0.036695145070552826	0.1386287957429886	-0.05910538136959076	-0.192907452583313	0.01956382393836975	1.1813894510269165	-0.22226105630397797	0.34013622999191284	-0.055309075862169266	-0.25380629301071167	0.07067596912384033	0.4450693428516388	-0.019876781851053238	0.6592071056365967	-0.21829737722873688	-0.22737906873226166	-0.6529833674430847	-0.18760256469249725	-0.25979119539260864	-0.45860445499420166	-0.388108491897583	-0.19744673371315002	-0.1174459233880043
1.0105037689208984	-1.0289944410324097	-0.396579772233963	0.21751736104488373	-0.05072303116321564	0.23702193796634674	0.19835619628429413	n/a	-0.0436803363263607	-0.9051646590232849	-0.15219847857952118	-0.7857404947280884	0.06795469671487808	0.3553856909275055	-0.18534812331199646	0.8544849753379822	-0.5828935503959656	0.4295335114002228	0.8601855635643005	-0.31459036469459534	-0.4124116003513336	0.05070244520902634	-0.7506303787231445	0.7346544861793518	-1.3021844625473022	1.1128745079040527	0.5478043556213379	0.8181629776954651	-1.2341043949127197	0.8940173387527466	0.05173633620142937	-0.059467095881700516	0.5503524541854858	0.1391192227602005	n/a	-0.6725062727928162	-0.039119403809309006	-1.006468415260315	0.3497493267059326	0.4820691645145416	-0.5760731101036072	-0.9592070579528809	0.9206181168556213	-0.3606606423854828	-0.43481215834617615	0.6149530410766602	-1.0119194984436035	1.5369772911071777	-0.9583027362823486	0.7659777402877808	1.117641568183899	2.0028769969940186	0.3099465072154999	-0.56852787733078	1.0541298389434814	-0.17039471864700317	-0.040474627166986465	0.05130472779273987	0.15255555510520935	-0.026913151144981384	-0.16894209384918213	-0.05524411052465439	1.252586841583252	-0.32882726192474365	0.40718764066696167	-0.020109321922063828	-0.30407726764678955	0.12715047597885132	0.5151505470275879	0.035072822123765945	0.6684278249740601	-0.4034062922000885	-0.2283204346895218	-0.6146641373634338	-0.18926531076431274	-0.22279836237430573	-0.441841721534729	-0.35844552516937256	-0.21350090205669403	-0.16470500826835632
1.0344300270080566	-1.3722527027130127	-0.4150056838989258	0.3687566816806793	-0.00885570514947176	0.36041101813316345	0.21590165793895721	n/a	-0.08322307467460632	-0.6504026055335999	-0.09957002848386765	-0.5387948751449585	0.21324121952056885	0.5816275477409363	-0.1346667855978012	0.800794780254364	-0.3959357738494873	0.4260818362236023	0.9156816601753235	-0.1698402464389801	-0.2066989690065384	0.11131104826927185	-0.8286822438240051	0.7213577032089233	-1.0897108316421509	0.9960874915122986	0.6091158986091614	0.8717155456542969	-1.5616061687469482	0.5585699081420898	0.18044714629650116	-0.07131275534629822	0.5629442930221558	0.11657336354255676	n/a	-0.4651751220226288	0.02152877300977707	-0.5963338017463684	0.5265845656394958	0.6505531668663025	-0.5440119504928589	-0.577954888343811	0.9122582077980042	-0.25364747643470764	-0.23605437576770782	0.6781859993934631	-1.0211279392242432	1.4194974899291992	-0.9734401106834412	0.7325974106788635	1.2309051752090454	1.710130214691162	0.2975650727748871	-0.5353754758834839	1.1290498971939087	-0.22532513737678528	-0.1198592483997345	0.05923059210181236	0.1493517905473709	0.02585575543344021	-0.1258101761341095	-0.06176752597093582	1.2370030879974365	-0.4408206641674042	0.49589383602142334	0.01857016608119011	-0.3299960494041443	0.13923601806163788	0.5237603783607483	0.09235114604234695	0.6024562120437622	-0.575954020023346	-0.19889941811561584	-0.50533527135849	-0.17693080008029938	-0.14430662989616394	-0.3175833523273468	-0.28236207365989685	-0.2611963152885437	-0.24264389276504517
0.9954668879508972	-1.6777517795562744	-0.4339584410190582	0.4874128997325897	0.05016080662608147	0.4513903260231018	0.2137785404920578	n/a	-0.1224900633096695	-0.27298659086227417	0.022532327100634575	-0.12868550419807434	0.33850914239883423	0.7680193781852722	-0.1253170222043991	0.6646550893783569	-0.17849107086658478	0.3750249743461609	0.8042299151420593	0.02514212392270565	0.05844682827591896	0.16095362603664398	-0.8833823800086975	0.6769212484359741	-0.823814332485199	0.86604905128479	0.6468126177787781	0.812091588973999	-1.8092747926712036	0.11623646318912506	0.31445398926734924	-0.039220187813043594	0.5427186489105225	0.08744156360626221	n/a	-0.1542253941297531	0.1440524011850357	-0.0695476084947586	0.7055954933166504	0.7922146916389465	-0.4809020161628723	-0.07058726996183395	0.8179122805595398	-0.10522202402353287	0.04445115104317665	0.7222703099250793	-0.9858134388923645	1.1947970390319824	-0.9763001203536987	0.6950058937072754	1.369988203048706	1.327926516532898	0.2724711298942566	-0.4674087166786194	1.2220406532287598	-0.2671721279621124	-0.18775062263011932	0.061507754027843475	0.13558609783649445	0.09189333766698837	-0.06684789061546326	-0.023110220208764076	1.1168839931488037	-0.5311111807823181	0.5349414348602295	0.0544075146317482	-0.3185732364654541	0.1251727044582367	0.4555743634700775	0.13412578403949738	0.4555693566799164	-0.7020907402038574	-0.1453654021024704	-0.333051472902298	-0.16113238036632538	-0.03788873180747032	-0.10555052012205124	-0.1626552939414978	-0.33311766386032104	-0.3301962614059448
0.8769757151603699	-1.873549222946167	-0.4479411840438843	0.5585116744041443	0.11827096343040466	0.48408329486846924	0.21316924691200256	n/a	-0.15049757063388824	0.1735704392194748	0.1862015426158905	0.38950738310813904	0.4133397936820984	0.8745875358581543	-0.11792349815368652	0.44929414987564087	0.05845554545521736	0.2695353627204895	0.5598312020301819	0.24363543093204498	0.3389020562171936	0.1811443716287613	-0.878418505191803	0.599996030330658	-0.5045424103736877	0.7340731024742126	0.6350926160812378	0.6446071267127991	-1.9209774732589722	-0.3917708098888397	0.4422648847103119	0.030055338516831398	0.4900903105735779	0.07586066424846649	n/a	0.20767879486083984	0.30150121450424194	0.49527207016944885	0.8602030873298645	0.8753734230995178	-0.3648360073566437	0.5082281231880188	0.6647326350212097	0.06774008274078369	0.3436471223831177	0.7269593477249146	-0.8648332357406616	0.9004808068275452	-0.9400070905685425	0.660073459148407	1.4780535697937012	0.9129012823104858	0.24519942700862885	-0.3661257326602936	1.3045791387557983	-0.2922021448612213	-0.21913574635982513	0.058269236236810684	0.11572777479887009	0.15458407998085022	-0.0014487167354673147	0.028066447004675865	0.897788941860199	-0.5833360552787781	0.47108256816864014	0.09037689864635468	-0.26634952425956726	0.0989917740225792	0.3311852216720581	0.15500225126743317	0.24922014772891998	-0.7533071041107178	-0.07491546124219894	-0.12353262305259705	-0.1483161598443985	0.07699353992938995	0.15581558644771576	-0.009216904640197754	-0.4178352355957031	-0.405620276927948
0.715091347694397	-1.9153342247009277	-0.46622520685195923	0.5668820738792419	0.18439903855323792	0.47865724563598633	0.22829115390777588	n/a	-0.16235466301441193	0.6244238615036011	0.3662227392196655	0.9339749813079834	0.4166465699672699	0.8566458225250244	-0.08568128198385239	0.18876759707927704	0.26838162541389465	0.11497676372528076	0.23020516335964203	0.4496293067932129	0.5714089870452881	0.16413776576519012	-0.8019300699234009	0.5518022775650024	-0.15812817215919495	0.6267266869544983	0.5806629657745361	0.3981032371520996	-1.8770751953125	-0.9037482142448425	0.538492739200592	0.12353851646184921	0.43847495317459106	0.09732066839933395	n/a	0.5621174573898315	0.47913214564323425	1.01542329788208	0.9630926251411438	0.8524595499038696	-0.17151843011379242	1.0481994152069092	0.48164066672325134	0.23036453127861023	0.5929197669029236	0.6855321526527405	-0.6429768800735474	0.6509920358657837	-0.8631959557533264	0.625719428062439	1.5245896577835083	0.5622057914733887	0.22195954620838165	-0.2404126524925232	1.3808579444885254	-0.3046323359012604	-0.20908226072788239	0.051623277366161346	0.09563534706830978	0.20144245028495789	0.06441189348697662	0.06873588263988495	0.6211300492286682	-0.5960685610771179	0.2872559130191803	0.13374920189380646	-0.1810292750597	0.06479653716087341	0.185716450214386	0.15947620570659637	0.02845139615237713	-0.7243703603744507	0.003991092089563608	0.08285029977560043	-0.1369275450706482	0.18004170060157776	0.42346230149269104	0.161574587225914	-0.4922644793987274	-0.4497125744819641
0.5293541550636292	-1.767334222793579	-0.4876396358013153	0.5014031529426575	0.2398097813129425	0.4731519818305969	0.2767890989780426	n/a	-0.14960137009620667	1.0190050601959229	0.5390734672546387	1.4196466207504272	0.34860333800315857	0.6824482679367065	-0.005398837383836508	-0.10206964612007141	0.424145370721817	-0.07965721189975739	-0.14814652502536774	0.6154569983482361	0.7227538824081421	0.10849455744028091	-0.6475673913955688	0.5985113978385925	0.17709748446941376	0.557376503944397	0.4837980568408966	0.08825129270553589	-1.6657863855361938	-1.3328468799591064	0.5734491944313049	0.2250089794397354	0.4250871539115906	0.16051580011844635	n/a	0.8538273572921753	0.6623709201812744	1.413737416267395	0.9999656677246094	0.6803730726242065	0.09936144948005676	1.4724737405776978	0.2845330834388733	0.35648152232170105	0.7448829412460327	0.5873985290527344	-0.3197053372859955	0.5646337270736694	-0.7455665469169617	0.5580301880836487	1.457208514213562	0.36013713479042053	0.1973009705543518	-0.10910487920045853	1.4296399354934692	-0.29996711015701294	-0.1572256088256836	0.049843497574329376	0.08408869802951813	0.23496168851852417	0.13697423040866852	0.08633805811405182	0.33368271589279175	-0.574640154838562	0.0012680471409112215	0.1938352733850479	-0.07109402865171432	0.0370495468378067	0.046437617391347885	0.1571679711341858	-0.16432605683803558	-0.6233052611351013	0.08263501524925232	0.24567130208015442	-0.1198548898100853	0.2532723546028137	0.656913697719574	0.3309861719608307	-0.5170996785163879	-0.43838781118392944
0.31488892436027527	-1.4141775369644165	-0.4839438199996948	0.368085116147995	0.27592733502388	0.4951575994491577	0.3752001225948334	n/a	-0.0996396392583847	1.3059462308883667	0.6724170446395874	1.7659015655517578	0.23328466713428497	0.370052307844162	0.13609528541564941	-0.41259393095970154	0.5296685099601746	-0.294161319732666	-0.5444270372390747	0.7235748767852783	0.797082245349884	0.022112494334578514	-0.4176078736782074	0.7687419056892395	0.46921372413635254	0.502292811870575	0.3337286710739136	-0.2601556181907654	-1.2826988697052002	-1.5827890634536743	0.5306786894798279	0.31639787554740906	0.4617329239845276	0.26845237612724304	n/a	1.0377899408340454	0.819577157497406	1.6197105646133423	0.9638230800628662	0.3641756772994995	0.4107573628425598	1.7501894235610962	0.0855066329240799	0.43746495246887207	0.781019926071167	0.424709677696228	0.08091778308153152	0.6927950382232666	-0.5686314702033997	0.4087428152561188	1.213826298713684	0.30937615036964417	0.1573837846517563	0.009926887229084969	1.3734376430511475	-0.2677481472492218	-0.06400145590305328	0.06214187294244766	0.08646266162395477	0.2628282308578491	0.21902303397655487	0.07644440978765488	0.06077160686254501	-0.5245695114135742	-0.34418994188308716	0.27207857370376587	0.05553914234042168	0.03717523440718651	-0.07237759977579117	0.15785273909568787	-0.3124511241912842	-0.4610259532928467	0.15103799104690552	0.33906063437461853	-0.08881060779094696	0.2867639660835266	0.8216766119003296	0.47996389865875244	-0.4576851427555084	-0.3532179892063141
0.09760427474975586	-0.8946953415870667	-0.412435919046402	0.1928737461566925	0.2813350260257721	0.5500195026397705	0.5197675228118896	n/a	-0.006030641030520201	1.4446125030517578	0.7344827055931091	1.901889443397522	0.09983930736780167	-0.001301220734603703	0.3076677620410919	-0.6847579479217529	0.5751659274101257	-0.488065242767334	-0.924285352230072	0.7543112635612488	0.8017753958702087	-0.07674924284219742	-0.15184924006462097	1.0541728734970093	0.6790055632591248	0.42313796281814575	0.14081236720085144	-0.5864731073379517	-0.7586690783500671	-1.5714651346206665	0.4142610728740692	0.3795062005519867	0.5337627530097961	0.4109572172164917	n/a	1.088098168373108	0.9156325459480286	1.5847088098526	0.8410241603851318	-0.02757321484386921	0.6992008090019226	1.8376538753509521	-0.095913365483284	0.46732375025749207	0.7087141871452332	0.2160641998052597	0.48861587047576904	1.0008100271224976	-0.32436686754226685	0.17860496044158936	0.8081632256507874	0.35333842039108276	0.09299355000257492	0.10753829032182693	1.1409831047058105	-0.20856668055057526	0.05376727506518364	0.08813130855560303	0.0986359640955925	0.2839972972869873	0.2920495867729187	0.046257100999355316	-0.18751047551631927	-0.44962117075920105	-0.6887221932411194	0.3498114049434662	0.1812669038772583	0.06325637549161911	-0.16952794790267944	0.16680872440338135	-0.4251430630683899	-0.2595045268535614	0.19535286724567413	0.35538697242736816	-0.037739504128694534	0.28470879793167114	0.8930752277374268	0.5853757858276367	-0.30978259444236755	-0.20286893844604492
-0.05751614272594452	-0.3097904622554779	-0.23681768774986267	0.006311811972409487	0.24629130959510803	0.6168636679649353	0.6689245700836182	n/a	0.11952683329582214	1.4156566858291626	0.7200469374656677	1.7931758165359497	-0.03865434229373932	-0.3257772624492645	0.4259800612926483	-0.8208047747612	0.5227872133255005	-0.6153618097305298	-1.2461251020431519	0.6882419586181641	0.7332679033279419	-0.16648803651332855	0.07390943169593811	1.4089347124099731	0.7492196559906006	0.2961874008178711	-0.04672491177916527	-0.8130219578742981	-0.17402690649032593	-1.2663421630859375	0.2408226728439331	0.39864182472229004	0.6115403771400452	0.5520765781402588	n/a	1.0089654922485352	0.9371951818466187	1.3145009279251099	0.611432671546936	-0.3957071900367737	0.8925011157989502	1.6898804903030396	-0.23542572557926178	0.4381226599216461	0.5656206011772156	0.0051389713771641254	0.7992232441902161	1.3793962001800537	-0.052013199776411057	-0.049786146730184555	0.3615347146987915	0.4307520091533661	0.00877854973077774	0.18074920773506165	0.7522674798965454	-0.14004266262054443	0.15753355622291565	0.11536938697099686	0.10972278565168381	0.28646764159202576	0.3254040777683258	0.01650058478116989	-0.4017481207847595	-0.34690773487091064	-0.9535102248191833	0.38796013593673706	0.2757936716079712	0.08088730275630951	-0.25660184025764465	0.1859099119901657	-0.5219096541404724	-0.053982898592948914	0.20021569728851318	0.3024342358112335	0.03173460811376572	0.26256057620048523	0.8631795644760132	0.6186360716819763	-0.1074564978480339	-0.026547571644186974
-0.10084282606840134	0.20229960978031158	0.05175919085741043	-0.17258289456367493	0.17223264276981354	0.6492951512336731	0.7454623579978943	n/a	0.2410215437412262	1.2272666692733765	0.6594547033309937	1.4608312845230103	-0.18077245354652405	-0.5165641903877258	0.4049224257469177	-0.7474855184555054	0.34826329350471497	-0.6479626297950745	-1.4537371397018433	0.5271658897399902	0.5963504910469055	-0.22653032839298248	0.18886937201023102	1.7216227054595947	0.632687509059906	0.13005563616752625	-0.15518781542778015	-0.8749070167541504	0.3492583632469177	-0.721069872379303	0.03010558895766735	0.36425548791885376	0.6525754332542419	0.6283434629440308	n/a	0.8323837518692017	0.8920621871948242	0.8824436068534851	0.2689548134803772	-0.6478227972984314	0.9345964193344116	1.3335692882537842	-0.30677613615989685	0.35070377588272095	0.41590118408203125	-0.16286726295948029	0.9178807139396667	1.656662106513977	0.1703934520483017	-0.1589234322309494	0.032035063952207565	0.49190664291381836	-0.07470564544200897	0.22786203026771545	0.3347170650959015	-0.08548182249069214	0.20660443603992462	0.13016079366207123	0.11102078855037689	0.252614289522171	0.29949355125427246	0.00990057922899723	-0.5595729947090149	-0.2119721621274948	-1.0429726839065552	0.3435027599334717	0.30917149782180786	0.05096351355314255	-0.3458561599254608	0.2128308266401291	-0.6054717302322388	0.11863050609827042	0.15678510069847107	0.20152465999126434	0.10441846400499344	0.2337082177400589	0.7458407282829285	0.5570116639137268	0.08807338029146194	0.12481652200222015
-0.04919474944472313	0.5253560543060303	0.40841200947761536	-0.3345682919025421	0.0784391388297081	0.5890606641769409	0.6820760369300842	n/a	0.3099496066570282	0.9056198000907898	0.5885761380195618	0.965109646320343	-0.314450740814209	-0.5301253199577332	0.2227707803249359	-0.4730902910232544	0.0891757681965828	-0.5824699401855469	-1.4814121723175049	0.30655965209007263	0.41941386461257935	-0.23918533325195312	0.16604357957839966	1.8149240016937256	0.33675500750541687	-0.02131832018494606	-0.13490822911262512	-0.7391843795776367	0.6892464756965637	-0.07084494829177856	-0.19100917875766754	0.2810947299003601	0.6052901744842529	0.5819585919380188	n/a	0.5928553342819214	0.7876006960868835	0.3940097391605377	-0.1511690616607666	-0.7129634618759155	0.812000572681427	0.885707676410675	-0.2839091718196869	0.22368653118610382	0.3121163249015808	-0.2581731975078583	0.7987274527549744	1.647969126701355	0.27541613578796387	-0.08740109950304031	-0.10062774270772934	0.5035388469696045	-0.1264065057039261	0.24522081017494202	0.04209199547767639	-0.05473646521568298	0.1883731484413147	0.13136182725429535	0.1036866307258606	0.17155811190605164	0.21915122866630554	0.030813921242952347	-0.6182848215103149	-0.05652923882007599	-0.8889709115028381	0.20036368072032928	0.2709682881832123	-0.039949674159288406	-0.4261819124221802	0.23219995200634003	-0.6384268403053284	0.23216305673122406	0.07157974690198898	0.08244669437408447	0.15539604425430298	0.1976034790277481	0.5676171183586121	0.4030117392539978	0.22043056786060333	0.21585726737976074
0.024254541844129562	0.6361188292503357	0.7303523421287537	-0.46630504727363586	-0.0073260474018752575	0.4077470600605011	0.4851666986942291	n/a	0.2977244555950165	0.49048250913619995	0.5156739354133606	0.39064934849739075	-0.4048038125038147	-0.3726854622364044	-0.06351052224636078	-0.0950208380818367	-0.1588204801082611	-0.4352392554283142	-1.289329171180725	0.07638625055551529	0.237162247300148	-0.19738000631332397	0.03365073353052139	1.5549174547195435	-0.06285485625267029	-0.08239755779504776	-0.019144922494888306	-0.429533988237381	0.7938804626464844	0.522351086139679	-0.3805748224258423	0.17301082611083984	0.4417523145675659	0.41423195600509644	n/a	0.3104936182498932	0.6237339973449707	-0.06679457426071167	-0.557304322719574	-0.561134397983551	0.5514525175094604	0.4781046509742737	-0.15788152813911438	0.08704805374145508	0.2479611039161682	-0.26956143975257874	0.4610675573348999	1.2796986103057861	0.24610449373722076	0.1214536726474762	-0.08916973322629929	0.4611953794956207	-0.12239459902048111	0.23167990148067474	-0.06221996247768402	-0.03584758937358856	0.12816281616687775	0.12762273848056793	0.09324037283658981	0.05563817173242569	0.11012671887874603	0.0640236884355545	-0.5448293089866638	0.08911311626434326	-0.5324321389198303	-0.0030109777580946684	0.17703433334827423	-0.17031414806842804	-0.4517262876033783	0.22090588510036469	-0.5650834441184998	0.2799653112888336	-0.026880929246544838	-0.028113093227148056	0.16365711390972137	0.14455287158489227	0.3460715115070343	0.1889764964580536	0.26738664507865906	0.24107937514781952
0.057301025837659836	0.5986979007720947	0.9109718799591064	-0.550410807132721	-0.06635945290327072	0.1512908637523651	0.23391230404376984	n/a	0.21328246593475342	0.04507526755332947	0.43581098318099976	-0.15288826823234558	-0.4123292565345764	-0.10202053189277649	-0.36255785822868347	0.25575152039527893	-0.30572226643562317	-0.23663273453712463	-0.9014426469802856	-0.12506748735904694	0.06863662600517273	-0.10846284031867981	-0.14650239050388336	0.9903797507286072	-0.45407184958457947	-0.01474632415920496	0.09985536336898804	-0.022225860506296158	0.698456883430481	0.9307100176811218	-0.4977123737335205	0.07165556401014328	0.1963752955198288	0.1890408843755722	n/a	0.00839716661721468	0.41337457299232483	-0.45189034938812256	-0.8430399894714355	-0.2343989461660385	0.1963471621274948	0.17736245691776276	0.04474132880568504	-0.033993449062108994	0.1727287769317627	-0.19974201917648315	-0.02009645104408264	0.6739348769187927	0.11274673789739609	0.3583597242832184	-0.04781605675816536	0.37193790078163147	-0.06571868062019348	0.19584746658802032	-0.02861199341714382	-0.010396147146821022	0.0658474937081337	0.12391529232263565	0.0790610983967781	-0.060012854635715485	0.003202460240572691	0.10014261305332184	-0.359962522983551	0.20094013214111328	-0.11570024490356445	-0.18710514903068542	0.05768170207738876	-0.29891401529312134	-0.36418217420578003	0.17436262965202332	-0.3673872947692871	0.27691975235939026	-0.09683883190155029	-0.11353711783885956	0.12566083669662476	0.07310987263917923	0.09135186672210693	-0.03759235143661499	0.2385660707950592	0.2165370136499405
0.049492545425891876	0.47620704770088196	0.9131250381469727	-0.5811583995819092	-0.09001574665307999	-0.07373910397291183	0.012658596970140934	n/a	0.08580850809812546	-0.3482891917228699	0.36035263538360596	-0.5594598650932312	-0.33094391226768494	0.18366186320781708	-0.5893616080284119	0.4939998984336853	-0.3229958713054657	-0.021832985803484917	-0.40660274028778076	-0.2688855230808258	-0.07218533009290695	0.010842956602573395	-0.3218955993652344	0.33624565601348877	-0.7389609813690186	0.16082289814949036	0.16845686733722687	0.4051656126976013	0.4630837142467499	1.0971726179122925	-0.5326486229896545	-0.0006206553662195802	-0.04515610635280609	-0.023805245757102966	n/a	-0.26891660690307617	0.19807399809360504	-0.7268718481063843	-0.9684337377548218	0.15590161085128784	-0.19726456701755524	-0.013623532839119434	0.2671285569667816	-0.12312504649162292	0.06124446168541908	-0.06366155296564102	-0.5356131196022034	0.06900211423635483	-0.07414937019348145	0.5246105194091797	-0.04309057071805	0.22765104472637177	0.014866616576910019	0.14906026422977448	0.07418002933263779	0.02660040743649006	0.028490332886576653	0.11920658499002457	0.060257937759160995	-0.13994033634662628	-0.08042152225971222	0.1471266746520996	-0.12754540145397186	0.27992019057273865	0.24366697669029236	-0.28668349981307983	-0.05576351657509804	-0.3970828950405121	-0.13736340403556824	0.11271985620260239	-0.08282800763845444	0.2496825009584427	-0.11278078705072403	-0.16159631311893463	0.060679446905851364	-0.0022626128047704697	-0.15817217528820038	-0.22644977271556854	0.15969644486904144	0.16430674493312836
0.06282182037830353	0.2802499532699585	0.7704898715019226	-0.565648078918457	-0.0732448399066925	-0.17051219940185547	-0.12746967375278473	n/a	-0.051232438534498215	-0.6221699714660645	0.3054235279560089	-0.7796463370323181	-0.20350264012813568	0.38573819398880005	-0.6884766221046448	0.6228405833244324	-0.25074532628059387	0.18197907507419586	0.0743565559387207	-0.33283817768096924	-0.17070777714252472	0.1358630508184433	-0.47761234641075134	-0.17560511827468872	-0.871834933757782	0.4062664210796356	0.2157888114452362	0.8100849390029907	0.12512266635894775	1.0407179594039917	-0.5053339004516602	-0.03631149232387543	-0.19949369132518768	-0.1811235398054123	n/a	-0.4723486006259918	0.02943805791437626	-0.867246687412262	-0.9705644249916077	0.4824966788291931	-0.5544797778129578	-0.1353769451379776	0.4461679458618164	-0.17146608233451843	-0.06252297013998032	0.10835714638233185	-0.9724431037902832	-0.33279135823249817	-0.2688625156879425	0.5872859954833984	-0.05141167715191841	0.04186291992664337	0.08922933042049408	0.09625574201345444	0.23959948122501373	0.06341614574193954	0.02205095812678337	0.11141152679920197	0.04585135728120804	-0.16900451481342316	-0.13291218876838684	0.210654154419899	0.09923801571130753	0.33457693457603455	0.5178980231285095	-0.2897385358810425	-0.13773535192012787	-0.47202906012535095	0.1920166015625	0.052542757242918015	0.2278164029121399	0.21536163985729218	-0.0837031826376915	-0.1636483073234558	0.0013968062121421099	-0.0603785365819931	-0.3290513753890991	-0.333418607711792	0.06594937294721603	0.10199394077062607
0.17611739039421082	0.01201436948031187	0.5305675268173218	-0.5098325610160828	-0.01760571449995041	-0.1097385585308075	-0.15655000507831573	n/a	-0.15904566645622253	-0.7568145990371704	0.2680458426475525	-0.837970495223999	-0.09513530880212784	0.4498326778411865	-0.6541631817817688	0.7024579048156738	-0.16621144115924835	0.35833120346069336	0.43238988518714905	-0.3197301924228668	-0.23105105757713318	0.23451513051986694	-0.6206048727035522	-0.4111953675746918	-0.8679323792457581	0.7034974098205566	0.30148544907569885	1.1692054271697998	-0.27584442496299744	0.8332363367080688	-0.43718427419662476	-0.0378640741109848	-0.2274208962917328	-0.2536483705043793	n/a	-0.5802801847457886	-0.062423981726169586	-0.8775497674942017	-0.8988190293312073	0.6562968492507935	-0.8020006418228149	-0.2650085389614105	0.5333207249641418	-0.18345366418361664	-0.1677905023097992	0.27273136377334595	-1.2475378513336182	-0.44221970438957214	-0.44238439202308655	0.582595705986023	0.005975842475891113	-0.10247164219617844	0.14443367719650269	0.04230272024869919	0.49150142073631287	0.08426817506551743	0.038114406168460846	0.10096091777086258	0.049482934176921844	-0.15590745210647583	-0.1535676270723343	0.2806031107902527	0.2986103296279907	0.3584088683128357	0.7107563614845276	-0.2245197892189026	-0.174287810921669	-0.5516868233680725	0.5339561104774475	-0.010320084169507027	0.5094213485717773	0.1670353263616562	-0.037038207054138184	-0.12671764194965363	-0.026097610592842102	-0.08620142191648483	-0.3631960153579712	-0.33542710542678833	-0.004932818002998829	0.04137495905160904
0.39557111263275146	-0.2793678045272827	0.23892970383167267	-0.415290504693985	0.06598015874624252	0.06866464763879776	-0.06476949155330658	n/a	-0.20093564689159393	-0.7740628719329834	0.2306828647851944	-0.7970008850097656	-0.043948572129011154	0.3734573721885681	-0.5195804238319397	0.7594187259674072	-0.12227267026901245	0.48703548312187195	0.607008695602417	-0.2560628652572632	-0.267681360244751	0.2799208462238312	-0.7311065793037415	-0.3583410978317261	-0.7707204222679138	1.0242586135864258	0.4353890120983124	1.443251371383667	-0.6568431258201599	0.5695065259933472	-0.3399266004562378	-0.011591092683374882	-0.14049965143203735	-0.2263636291027069	n/a	-0.6052113175392151	-0.08156653493642807	-0.791160523891449	-0.7758464217185974	0.6408131122589111	-0.8986178040504456	-0.45105379819869995	0.5045604705810547	-0.17248445749282837	-0.24414388835430145	0.3814854621887207	-1.3147859573364258	-0.27903318405151367	-0.5637109875679016	0.5504540205001831	0.16722877323627472	-0.11305928230285645	0.17648163437843323	0.00012604166113305837	0.7889867424964905	0.08792202174663544	0.06902887672185898	0.09285536408424377	0.07616070657968521	-0.12109889835119247	-0.13993467390537262	0.3433348834514618	0.4498215317726135	0.342720627784729	0.812849760055542	-0.12255953997373581	-0.1637493520975113	-0.633663535118103	0.7881898283958435	-0.08083921670913696	0.7163752913475037	0.09214965999126434	0.007698087487369776	-0.07429832965135574	-0.016357215121388435	-0.07786637544631958	-0.26375675201416016	-0.23965118825435638	-0.027660047635436058	-0.004563093651086092
0.6210286021232605	-0.5063090324401855	-0.03430451825261116	-0.2866683602333069	0.16037076711654663	0.2941485643386841	0.11997849494218826	n/a	-0.16109725832939148	-0.702886164188385	0.1801365166902542	-0.7081227898597717	-0.0378127284348011	0.18776191771030426	-0.3288966119289398	0.7467697262763977	-0.1142311543226242	0.5365608334541321	0.5961858034133911	-0.16812901198863983	-0.27858567237854004	0.26667580008506775	-0.7505587339401245	-0.07954634726047516	-0.6148083209991455	1.282720923423767	0.5543822646141052	1.573996901512146	-0.9097707867622375	0.3431524932384491	-0.2259109616279602	0.035084545612335205	0.018184954300522804	-0.11402653157711029	n/a	-0.5688885450363159	-0.054017528891563416	-0.6473602652549744	-0.6130948662757874	0.44604334235191345	-0.8433963656425476	-0.6506586074829102	0.36275097727775574	-0.1477593332529068	-0.28739917278289795	0.4009346067905426	-1.1599078178405762	0.07482200860977173	-0.5836781859397888	0.48390254378318787	0.37740257382392883	0.0061433142982423306	0.17541059851646423	-0.014110906049609184	1.0025252103805542	0.0892924889922142	0.11314068734645844	0.08998873084783554	0.11452320218086243	-0.08219114691019058	-0.08900389820337296	0.400610089302063	0.5057767629623413	0.30149704217910767	0.819369912147522	-0.0017017696518450975	-0.11376692354679108	-0.6650412082672119	0.8874242901802063	-0.1415431797504425	0.8077225089073181	0.0007331329979933798	0.04618069529533386	-0.02881569229066372	0.017795616760849953	-0.04525281861424446	-0.08663611114025116	-0.07781881093978882	-0.0011702452320605516	-0.02261390909552574
0.7297729849815369	-0.6094096302986145	-0.2011646032333374	-0.1355285495519638	0.24813854694366455	0.5001152157783508	0.33674997091293335	n/a	-0.054328590631484985	-0.5614956617355347	0.12024416029453278	-0.5922624468803406	-0.048994943499565125	-0.049547940492630005	-0.13314612209796906	0.6077771186828613	-0.11090532690286636	0.4804486036300659	0.43802058696746826	-0.07390418648719788	-0.2500610053539276	0.20955787599086761	-0.6425765156745911	0.3467261493206024	-0.43365466594696045	1.3596956729888916	0.5783151388168335	1.5182052850723267	-0.9689433574676514	0.22674769163131714	-0.11374333500862122	0.09372378885746002	0.19976484775543213	0.04406468942761421	n/a	-0.47949719429016113	0.00036379200173541903	-0.4729260802268982	-0.4403546452522278	0.13135457038879395	-0.6687467098236084	-0.7658236026763916	0.1315908432006836	-0.11186793446540833	-0.28250202536582947	0.33354681730270386	-0.820591926574707	0.532715916633606	-0.47196444869041443	0.36811673641204834	0.5593950748443604	0.15933392941951752	0.1297532618045807	0.004622204694896936	1.0101251602172852	0.10118819028139114	0.16205893456935883	0.08416107296943665	0.14268280565738678	-0.05070725828409195	-0.006896809674799442	0.4708206355571747	0.41362956166267395	0.26737678050994873	0.745458722114563	0.12074726074934006	-0.04121941328048706	-0.597079336643219	0.8129078149795532	-0.16309550404548645	0.7516521215438843	-0.08251026272773743	0.07901223748922348	0.002317673061043024	0.057411544024944305	-0.0017145232995972037	0.10424166917800903	0.10640669614076614	0.05725253373384476	-0.011389758437871933
0.6663573980331421	-0.5950141549110413	-0.20597471296787262	0.023534998297691345	0.31785669922828674	0.6329178810119629	0.5206314921379089	n/a	0.08152494579553604	-0.37150099873542786	0.06718668341636658	-0.45927953720092773	-0.07273521274328232	-0.2563789188861847	0.014950166456401348	0.3451823592185974	-0.08586308360099792	0.3203721046447754	0.1921495944261551	0.012371488846838474	-0.17633730173110962	0.12825335562229156	-0.4474354088306427	0.8263793587684631	-0.27734819054603577	1.1870242357254028	0.476622074842453	1.2765785455703735	-0.8485668897628784	0.25351661443710327	-0.01901169680058956	0.1536681205034256	0.36261287331581116	0.20295974612236023	n/a	-0.340273380279541	0.08262715488672256	-0.28267261385917664	-0.30568525195121765	-0.19612492620944977	-0.4269144535064697	-0.7193028926849365	-0.15050847828388214	-0.06297794729471207	-0.2099827229976654	0.21535085141658783	-0.3973175883293152	1.0174827575683594	-0.26017245650291443	0.22492976486682892	0.6902331113815308	0.25638893246650696	0.04069561883807182	0.04119659960269928	0.7931829690933228	0.1234557032585144	0.19592255353927612	0.06327088177204132	0.1451096087694168	-0.033341094851493835	0.08890854567289352	0.5660409927368164	0.1669987440109253	0.26367485523223877	0.6236600875854492	0.21450281143188477	0.03210179880261421	-0.4440671503543854	0.5882633924484253	-0.13713254034519196	0.5458884239196777	-0.14627134799957275	0.10334602743387222	0.025404570624232292	0.08579467982053757	0.04191634804010391	0.2687343955039978	0.2706184387207031	0.12639394402503967	0.015437471680343151
0.45722496509552	-0.5077904462814331	-0.06650520116090775	0.17983992397785187	0.36315980553627014	0.6566680073738098	0.6282877922058105	n/a	0.2049059122800827	-0.17306141555309296	0.030753472819924355	-0.33257952332496643	-0.11622542142868042	-0.35231873393058777	0.07963978499174118	0.026037586852908134	-0.021440668031573296	0.09389428049325943	-0.07046321779489517	0.0792485773563385	-0.06958343833684921	0.03849964961409569	-0.2590106129646301	1.234361171722412	-0.1922706663608551	0.7999274730682373	0.28511330485343933	0.8962987065315247	-0.614870548248291	0.4006611704826355	0.057490091770887375	0.20062105357646942	0.47535112500190735	0.32679614424705505	n/a	-0.17305035889148712	0.19525308907032013	-0.09455076605081558	-0.24186889827251434	-0.4173007309436798	-0.1749391108751297	-0.5034617185592651	-0.43263012170791626	0.0014701170148327947	-0.07279060035943985	0.08837565779685974	-0.01886080950498581	1.440322995185852	-0.027026664465665817	0.0942433625459671	0.7867749333381653	0.27515074610710144	-0.07378397136926651	0.07083644717931747	0.431881844997406	0.14623485505580902	0.19778336584568024	0.025024287402629852	0.12211363762617111	-0.029293078929185867	0.17319968342781067	0.6702444553375244	-0.168725848197937	0.2847740948200226	0.4947303831577301	0.24656568467617035	0.08866626769304276	-0.272267609834671	0.26772186160087585	-0.0895836353302002	0.2326892465353012	-0.19932924211025238	0.1146615594625473	0.04984097555279732	0.09219139814376831	0.07783244550228119	0.3869197368621826	0.3825131058692932	0.18560582399368286	0.03908210247755051
0.1756758689880371	-0.3844866156578064	0.13736101984977722	0.3279578983783722	0.37546610832214355	0.5665348172187805	0.6418205499649048	n/a	0.28665781021118164	-0.013103151693940163	-0.00018070335499942303	-0.2429991364479065	-0.16530823707580566	-0.29968029260635376	0.05814838781952858	-0.2575916349887848	0.08783895522356033	-0.1385996788740158	-0.2826833426952362	0.12231405824422836	0.04171758145093918	-0.04632865637540817	-0.14949576556682587	1.4545693397521973	-0.18055443465709686	0.3029116094112396	0.07087408006191254	0.4539487659931183	-0.33497482538223267	0.5875706076622009	0.12789970636367798	0.21958912909030914	0.5171254277229309	0.39502352476119995	n/a	-0.020569466054439545	0.3126928210258484	0.0585334450006485	-0.24044477939605713	-0.457420289516449	0.03478016331791878	-0.17941856384277344	-0.6574316620826721	0.07950834184885025	0.08700846135616302	-0.01949351094663143	0.21626031398773193	1.7023783922195435	0.15563035011291504	-0.005208167713135481	0.8416383266448975	0.22785677015781403	-0.1888505071401596	0.0803576335310936	0.025606272742152214	0.15649865567684174	0.16677074134349823	-0.023302806541323662	0.08261899650096893	-0.029924390837550163	0.21796834468841553	0.7415463328361511	-0.48734918236732483	0.300726056098938	0.3942336440086365	0.2053397297859192	0.11973436921834946	-0.13926702737808228	-0.07499371469020844	-0.055879633873701096	-0.11301755160093307	-0.24929526448249817	0.11304128915071487	0.07849306613206863	0.07551657408475876	0.09964373707771301	0.4423171579837799	0.42356640100479126	0.2147429883480072	0.046701572835445404
-0.09105374664068222	-0.2462933361530304	0.31041738390922546	0.45936810970306396	0.34665802121162415	0.38952553272247314	0.5511699914932251	n/a	0.30799955129623413	0.07566869258880615	-0.05170613154768944	-0.2086964249610901	-0.1794930398464203	-0.122141532599926	-0.01116261724382639	-0.4189557433128357	0.22933149337768555	-0.3113022744655609	-0.3942926824092865	0.14780816435813904	0.12605540454387665	-0.10777205973863602	-0.1218830868601799	1.432259440422058	-0.19323456287384033	-0.18792535364627838	-0.11221636086702347	0.03930634260177612	-0.06345273554325104	0.7023237943649292	0.20043909549713135	0.20546728372573853	0.4723590016365051	0.3959728479385376	n/a	0.07420571148395538	0.38376158475875854	0.13757961988449097	-0.2674891948699951	-0.3189627528190613	0.16887588798999786	0.16382727026939392	-0.7665928602218628	0.1655704528093338	0.20804697275161743	-0.08815012127161026	0.27595436573028564	1.7267062664031982	0.254933625459671	-0.07393454015254974	0.8009344339370728	0.1046026200056076	-0.28098154067993164	0.07222310453653336	-0.36061787605285645	0.1445382833480835	0.11800547689199448	-0.06866969913244247	0.03771323710680008	-0.027424057945609093	0.20514938235282898	0.7341102361679077	-0.6892297267913818	0.27756476402282715	0.35300666093826294	0.10950944572687149	0.12294954061508179	-0.054102130234241486	-0.35439416766166687	-0.04970870539546013	-0.4052610695362091	-0.2846660017967224	0.10531727224588394	0.10495132952928543	0.04263726994395256	0.09979917854070663	0.4212930202484131	0.39238476753234863	0.1989266723394394	0.034764911979436874
-0.25231167674064636	-0.12513183057308197	0.37773820757865906	0.5526602864265442	0.2845715880393982	0.17092205584049225	0.34650614857673645	n/a	0.251874715089798	0.08248874545097351	-0.13104824721813202	-0.22862830758094788	-0.13173124194145203	0.11458104848861694	-0.075447216629982	-0.388688325881958	0.370378702878952	-0.3701168894767761	-0.37867578864097595	0.16317564249038696	0.1623658984899521	-0.12004847079515457	-0.1448827087879181	1.183812141418457	-0.1817372739315033	-0.5588375329971313	-0.228452667593956	-0.25779661536216736	0.13672812283039093	0.6519045829772949	0.26492422819137573	0.17169754207134247	0.33860328793525696	0.3195963203907013	n/a	0.09079594910144806	0.37565815448760986	0.12786677479743958	-0.3100240230560303	-0.06863515079021454	0.22139328718185425	0.443023681640625	-0.7165729999542236	0.2497582584619522	0.2521798312664032	-0.0942138060927391	0.17677438259124756	1.504360318183899	0.2564297318458557	-0.09195537865161896	0.6327263116836548	-0.09875704348087311	-0.3240155577659607	0.04746873676776886	-0.6591575741767883	0.11071440577507019	0.07400201261043549	-0.09178141504526138	0.003481787396594882	-0.024918505921959877	0.13895286619663239	0.6299768686294556	-0.7122312784194946	0.2030007690191269	0.39187946915626526	-0.008897831663489342	0.09867451339960098	-0.0002863186819013208	-0.49193817377090454	-0.060461293905973434	-0.5680814385414124	-0.28948456048965454	0.09951698780059814	0.11688665300607681	0.002151046646758914	0.07310573011636734	0.3291059732437134	0.30521711707115173	0.13527889549732208	0.0044512259773910046
-0.2494269758462906	-0.06405019760131836	0.3060530424118042	0.5806660056114197	0.21522721648216248	-0.03339705988764763	0.03718861564993858	n/a	0.11002691835165024	0.022097744047641754	-0.204981729388237	-0.28000307083129883	-0.036255791783332825	0.3433306813240051	-0.11264417320489883	-0.16049864888191223	0.47814059257507324	-0.3022410571575165	-0.24307973682880402	0.16830097138881683	0.15105177462100983	-0.06709784269332886	-0.20283544063568115	0.772534191608429	-0.1409960836172104	-0.7186735272407532	-0.24701222777366638	-0.3840005695819855	0.20323291420936584	0.409347802400589	0.3007906675338745	0.14117838442325592	0.1519816368818283	0.16052711009979248	n/a	0.04293326288461685	0.30407994985580444	0.06222456693649292	-0.38544949889183044	0.21231979131698608	0.20166625082492828	0.6146652698516846	-0.5117990970611572	0.3158191740512848	0.22835193574428558	-0.028972068801522255	-0.04406537488102913	1.1164382696151733	0.14651012420654297	-0.03410260006785393	0.37198182940483093	-0.32875871658325195	-0.2969840168952942	-0.0015675774775445461	-0.7751609086990356	0.07011478394269943	0.05415426939725876	-0.0808131992816925	-0.007509778253734112	-0.03050871007144451	0.04493274539709091	0.45589056611061096	-0.5596856474876404	0.09840290248394012	0.4892410933971405	-0.11924227327108383	0.05207955464720726	0.026236962527036667	-0.4537014663219452	-0.06811508536338806	-0.5671194195747375	-0.263777494430542	0.10076821595430374	0.10514700412750244	-0.03810496628284454	0.025165867060422897	0.19493833184242249	0.1898302137851715	0.038289155811071396	-0.04044150188565254
-0.09314758330583572	-0.08942535519599915	0.11998447775840759	0.5319263339042664	0.16091981530189514	-0.1674138605594635	-0.34179314970970154	n/a	-0.10098566114902496	-0.0679730623960495	-0.22976845502853394	-0.3226274847984314	0.07297786325216293	0.5274181962013245	-0.1443178951740265	0.18107259273529053	0.5396170020103455	-0.14668883383274078	-0.03810480982065201	0.1581925004720688	0.1151721253991127	0.0377592109143734	-0.29132312536239624	0.28083670139312744	-0.10111682116985321	-0.6398732662200928	-0.15280435979366302	-0.3561030626296997	0.11402194201946259	0.031214838847517967	0.2979324460029602	0.12499164789915085	-0.01464560441672802	-0.07757794111967087	n/a	-0.028692208230495453	0.20932021737098694	0.006588469259440899	-0.4984934329986572	0.4718126654624939	0.12377878278493881	0.689312756061554	-0.21584104001522064	0.3446688950061798	0.17757070064544678	0.08293189108371735	-0.32939809560775757	0.6908643841743469	-0.06549495458602905	0.07830952107906342	0.08818966150283813	-0.5010969042778015	-0.20436741411685944	-0.07793821394443512	-0.6515541076660156	0.04517533257603645	0.06524422764778137	-0.049880098551511765	-0.0018470169743523002	-0.04433121159672737	-0.04885943606495857	0.2668275237083435	-0.30603671073913574	0.0017202503513544798	0.5686066746711731	-0.19824910163879395	-0.006738461088389158	0.015333887189626694	-0.2776705026626587	-0.05839838460087776	-0.4293080270290375	-0.22301986813545227	0.10838013142347336	0.0737065002322197	-0.07220409065485	-0.0280169527977705	0.05874058976769447	0.0751548558473587	-0.06564702838659286	-0.0930740013718605
0.15287065505981445	-0.19810613989830017	-0.10034370422363281	0.41801029443740845	0.12363999336957932	-0.20445850491523743	-0.7487483620643616	n/a	-0.3371032476425171	-0.1473311334848404	-0.1906740963459015	-0.3206273317337036	0.1635505110025406	0.6617085337638855	-0.21012242138385773	0.5179587006568909	0.5513423085212708	0.037010498344898224	0.15556178987026215	0.12497763335704803	0.08618395030498505	0.15571174025535583	-0.3951035141944885	-0.2097441554069519	-0.10401391237974167	-0.369390606880188	0.031133903190493584	-0.24442943930625916	-0.09742758423089981	-0.36281049251556396	0.26147180795669556	0.11437330394983292	-0.1008007824420929	-0.3779110312461853	n/a	-0.07975107431411743	0.12027788162231445	0.02202298305928707	-0.6283503174781799	0.6874653697013855	0.008056588470935822	0.702395498752594	0.08085465431213379	0.31928375363349915	0.1446746438741684	0.1982869952917099	-0.6060264110565186	0.3229025900363922	-0.3318057954311371	0.19999264180660248	-0.14219971001148224	-0.5710919499397278	-0.07563859224319458	-0.1678856760263443	-0.3251188397407532	0.0503542497754097	0.09936730563640594	-0.030738497152924538	0.0006810954073444009	-0.06269653886556625	-0.13380762934684753	0.1151912584900856	-0.058286938816308975	-0.056932900100946426	0.5371283292770386	-0.24495594203472137	-0.0705120712518692	-0.04133161902427673	-0.05889083072543144	-0.03507746011018753	-0.22542405128479004	-0.1853407770395279	0.10979121923446655	0.04090079665184021	-0.09795772284269333	-0.06987947225570679	-0.03973836451768875	-0.01899711973965168	-0.15402089059352875	-0.14683975279331207
0.3835328221321106	-0.3532101809978485	-0.24543775618076324	0.26258155703544617	0.09151002764701843	-0.17358992993831635	-1.1435949802398682	n/a	-0.5413613319396973	-0.19340750575065613	-0.11441531777381897	-0.26097285747528076	0.21775087714195251	0.748239278793335	-0.31423860788345337	0.7548070549964905	0.523999035358429	0.20041368901729584	0.2743227779865265	0.06870190054178238	0.09495300054550171	0.24295417964458466	-0.46346256136894226	-0.6524059772491455	-0.15869727730751038	-0.02467142418026924	0.2349349856376648	-0.1284523457288742	-0.353425532579422	-0.6519509553909302	0.2020016312599182	0.09166905283927917	-0.11242643743753433	-0.7040843963623047	n/a	-0.08740753680467606	0.0323784239590168	0.1339177042245865	-0.750007152557373	0.8433434963226318	-0.11416860669851303	0.7150549292564392	0.31035399436950684	0.2366148680448532	0.1591338813304901	0.2670420706272125	-0.78822261095047	0.010275954380631447	-0.5636438131332397	0.29894402623176575	-0.2866818904876709	-0.5972052216529846	0.05094580352306366	-0.24055862426757812	0.07515712827444077	0.0874854251742363	0.1457519382238388	-0.04766201227903366	-0.016058141365647316	-0.08856037259101868	-0.21493873000144958	0.022008134052157402	0.08685658127069473	-0.0680587887763977	0.34180712699890137	-0.2779119610786438	-0.13471809029579163	-0.12617889046669006	0.1039964109659195	-0.016520828008651733	-0.034756798297166824	-0.14866194128990173	0.087778739631176	0.03067834861576557	-0.11602483689785004	-0.09520336240530014	-0.07420673221349716	-0.08528037369251251	-0.21399204432964325	-0.19305288791656494
0.4760051369667053	-0.4898602068424225	-0.22943150997161865	0.09293442964553833	0.05182777717709541	-0.1415218859910965	-1.4835704565048218	n/a	-0.6646208167076111	-0.20788615942001343	-0.06101517379283905	-0.1568559855222702	0.25259724259376526	0.7755181193351746	-0.3999190032482147	0.8423478603363037	0.4916103482246399	0.32078227400779724	0.3142396807670593	0.005274353548884392	0.15675845742225647	0.2735035717487335	-0.40642252564430237	-1.0439268350601196	-0.20803546905517578	0.24177655577659607	0.3629046082496643	-0.0522063672542572	-0.560049295425415	-0.7847275137901306	0.12980851531028748	0.04473280534148216	-0.11999098211526871	-1.0015368461608887	n/a	-0.06206364557147026	-0.09464239329099655	0.31664928793907166	-0.8304439187049866	0.9131414294242859	-0.20203223824501038	0.8038740754127502	0.46018844842910767	0.11608686298131943	0.2168239802122116	0.24359337985515594	-0.7912416458129883	-0.3277174234390259	-0.6505893468856812	0.348007470369339	-0.3934382498264313	-0.7280774712562561	0.1436079740524292	-0.2610364258289337	0.36510035395622253	0.14634694159030914	0.20001175999641418	-0.10116122663021088	-0.05821459740400314	-0.13065144419670105	-0.28950923681259155	-0.029376240447163582	0.07455825805664062	-0.04712724685668945	-0.00010848178499145433	-0.30212822556495667	-0.19214117527008057	-0.18694013357162476	0.1680096685886383	-0.016437362879514694	0.08934121578931808	-0.08310852944850922	0.03963204845786095	0.054190877825021744	-0.12717826664447784	-0.1152973473072052	-0.05467674881219864	-0.1254114955663681	-0.2405109405517578	-0.2161892205476761
0.380722314119339	-0.5435393452644348	-0.053792502731084824	-0.06441450119018555	0.00019849133968818933	-0.1537996232509613	-1.7188411951065063	n/a	-0.6811603307723999	-0.2100006490945816	-0.08511025458574295	-0.04009908437728882	0.29889410734176636	0.7215531468391418	-0.4070650637149811	0.7943828105926514	0.46847280859947205	0.4025002121925354	0.32009822130203247	-0.05704132840037346	0.2375742346048355	0.248647540807724	-0.16314594447612762	-1.3657130002975464	-0.18317554891109467	0.337358295917511	0.34701213240623474	-0.0032539728563278913	-0.6469777822494507	-0.7867728471755981	0.052309390157461166	-0.023295124992728233	-0.18577121198177338	-1.208420753479004	n/a	-0.03433678299188614	-0.2910256087779999	0.5012597441673279	-0.8261113166809082	0.8586043119430542	-0.2237953096628189	0.9645175933837891	0.5582709312438965	-0.01871667616069317	0.271870493888855	0.12476643919944763	-0.5889585018157959	-0.7227456569671631	-0.537793755531311	0.3317038118839264	-0.5035316348075867	-1.0490518808364868	0.19297777116298676	-0.21223224699497223	0.4013838768005371	0.2057586908340454	0.2558829188346863	-0.16904479265213013	-0.12226777523756027	-0.19609582424163818	-0.34439072012901306	-0.06051071360707283	-0.08206678181886673	-0.0237729474902153	-0.4247593879699707	-0.29324281215667725	-0.23584425449371338	-0.1821565330028534	0.16281676292419434	-0.029206546023488045	0.14061099290847778	0.03527246415615082	-0.017382262274622917	0.09203476458787918	-0.1299917995929718	-0.1447383165359497	-0.03169236704707146	-0.14978396892547607	-0.2401089370250702	-0.19934464991092682
0.15916657447814941	-0.4707714021205902	0.18603762984275818	-0.19181403517723083	-0.05387226864695549	-0.20139610767364502	-1.7855467796325684	n/a	-0.5908544063568115	-0.21693414449691772	-0.18843618035316467	0.05900195613503456	0.3453121483325958	0.5723078846931458	-0.33804863691329956	0.6510865092277527	0.41422486305236816	0.45087510347366333	0.33226436376571655	-0.13581998646259308	0.2602992355823517	0.17779146134853363	0.2242990881204605	-1.5514806509017944	-0.0799657478928566	0.27772602438926697	0.19308248162269592	0.05189603194594383	-0.5807902812957764	-0.6995192170143127	-0.029860278591513634	-0.09322308748960495	-0.2983922064304352	-1.2691528797149658	n/a	-0.02599632367491722	-0.5220783948898315	0.6103855967521667	-0.715065598487854	0.652070164680481	-0.1809084713459015	1.0717575550079346	0.6163972020149231	-0.16081927716732025	0.2670370936393738	-0.04030387103557587	-0.2516774535179138	-1.081871747970581	-0.28453558683395386	0.2581692039966583	-0.5627923011779785	-1.4486650228500366	0.21120098233222961	-0.10452815145254135	0.18187595903873444	0.24816232919692993	0.2976822257041931	-0.22610707581043243	-0.1982940286397934	-0.2803349196910858	-0.3645299971103668	-0.06662527471780777	-0.3187815845012665	-0.016866926103830338	-0.8679783344268799	-0.22199653089046478	-0.2598833739757538	-0.13006868958473206	0.14155720174312592	-0.032207947224378586	0.1398877054452896	0.19075195491313934	-0.05875641107559204	0.10389547049999237	-0.11945773661136627	-0.179532989859581	-0.05829756706953049	-0.1757318377494812	-0.22478993237018585	-0.13287806510925293
-0.08663209527730942	-0.2592134177684784	0.3738958239555359	-0.2871662378311157	-0.08967533707618713	-0.2467118352651596	-1.6215201616287231	n/a	-0.4122454822063446	-0.2262219935655594	-0.3194206953048706	0.12689007818698883	0.329452246427536	0.33409690856933594	-0.24645058810710907	0.43134161829948425	0.2678513824939728	0.4489809572696686	0.34478065371513367	-0.24936163425445557	0.17093892395496368	0.05971137061715126	0.6204075813293457	-1.5389165878295898	0.04087591916322708	0.1316491961479187	-0.020865879952907562	0.12423411011695862	-0.3585731089115143	-0.526688814163208	-0.1251119077205658	-0.13978247344493866	-0.38907870650291443	-1.1519194841384888	n/a	-0.032803650945425034	-0.6970609426498413	0.5981386303901672	-0.5273607969284058	0.30458560585975647	-0.10551901906728745	0.9788029193878174	0.5996787548065186	-0.3090516924858093	0.18696370720863342	-0.19078192114830017	0.0933585986495018	-1.2696948051452637	-0.020206429064273834	0.15041156113147736	-0.46668919920921326	-1.6920477151870728	0.2123565524816513	0.03311305120587349	-0.1498280167579651	0.2710075080394745	0.3056301772594452	-0.2605101764202118	-0.26976993680000305	-0.36251163482666016	-0.3385744094848633	-0.023769885301589966	-0.5639053583145142	-0.020486654713749886	-1.2625484466552734	-0.09101510047912598	-0.2574373781681061	-0.0961657464504242	0.11736775189638138	-0.00478667626157403	0.09778821468353271	0.334849089384079	-0.0704917162656784	0.061647675931453705	-0.0880279392004013	-0.19355420768260956	-0.1382453739643097	-0.213479146361351	-0.19470705091953278	-0.02203911356627941
-0.2881527245044708	0.067409448325634	0.4452264606952667	-0.3628883957862854	-0.08831014484167099	-0.2634933888912201	-1.212448239326477	n/a	-0.17810046672821045	-0.22175920009613037	-0.4190043807029724	0.15963105857372284	0.19397307932376862	0.028185592964291573	-0.17808490991592407	0.14405180513858795	0.0060964180156588554	0.3722613751888275	0.3117666244506836	-0.38536232709884644	-0.014962367713451385	-0.10701343417167664	0.8752302527427673	-1.3179116249084473	0.11239766329526901	-0.04750199243426323	-0.19559891521930695	0.20213231444358826	-0.009691691026091576	-0.24592441320419312	-0.24629442393779755	-0.14479953050613403	-0.393857479095459	-0.8653627634048462	n/a	-0.03530323505401611	-0.7341985702514648	0.4651868939399719	-0.3288830816745758	-0.13674256205558777	-0.030331801623106003	0.6287785172462463	0.46108803153038025	-0.4466407895088196	0.07137443125247955	-0.29103145003318787	0.34012630581855774	-1.2162437438964844	0.14948147535324097	0.0372028723359108	-0.16570831835269928	-1.6059361696243286	0.20274025201797485	0.16771264374256134	-0.3937104344367981	0.27565500140190125	0.2658481001853943	-0.26926401257514954	-0.31246936321258545	-0.4153772294521332	-0.26458579301834106	0.08429958671331406	-0.7541502118110657	-0.014053290709853172	-1.511791706085205	0.05561787262558937	-0.22713346779346466	-0.13967226445674896	0.05817070230841637	0.050782687962055206	0.015523846261203289	0.4182016849517822	-0.058081626892089844	-0.03133334964513779	-0.031786076724529266	-0.15926605463027954	-0.2238064557313919	-0.25474217534065247	-0.1364119052886963	0.10757031291723251
-0.4497181475162506	0.4728197455406189	0.40468716621398926	-0.4344857633113861	-0.04853877052664757	-0.25472626090049744	-0.6183900237083435	n/a	0.07123924791812897	-0.1928260773420334	-0.4669073820114136	0.1518653780221939	-0.05413949489593506	-0.31723275780677795	-0.12430261075496674	-0.1960139274597168	-0.3226776719093323	0.21268126368522644	0.1894512176513672	-0.500458836555481	-0.22731147706508636	-0.30702531337738037	0.9234065413475037	-0.9320919513702393	0.12679404020309448	-0.2578718960285187	-0.2851664423942566	0.263872355222702	0.42000511288642883	0.13848987221717834	-0.3963623642921448	-0.10673719644546509	-0.3015269935131073	-0.45745915174484253	n/a	-0.022811518982052803	-0.6241471767425537	0.243158757686615	-0.17310599982738495	-0.6067066192626953	0.03504714369773865	0.09588409215211868	0.19538231194019318	-0.5388675332069397	-0.027225347235798836	-0.3414171040058136	0.46759551763534546	-0.9563319683074951	0.2111767828464508	-0.06890561431646347	0.25871986150741577	-1.2068498134613037	0.18082129955291748	0.2786417603492737	-0.4299252927303314	0.2545316517353058	0.1802363097667694	-0.25152432918548584	-0.30793818831443787	-0.41962212324142456	-0.15176361799240112	0.24170348048210144	-0.8471150994300842	0.01786523126065731	-1.5161874294281006	0.162300705909729	-0.1771877259016037	-0.2629285752773285	-0.06690207123756409	0.11006899178028107	-0.09837405383586884	0.42389002442359924	-0.037916190922260284	-0.147450253367424	0.041594408452510834	-0.07244078069925308	-0.2656176686286926	-0.280676931142807	-0.03721963241696358	0.22197116911411285
-0.6379930973052979	0.9259150624275208	0.30243510007858276	-0.504440188407898	0.00885856058448553	-0.24916739761829376	0.048272378742694855	n/a	0.29865536093711853	-0.13974270224571228	-0.4927145838737488	0.10432028770446777	-0.334335058927536	-0.6625365614891052	-0.026712393388152122	-0.5655848383903503	-0.6098533272743225	-0.011171963065862656	-0.026829730719327927	-0.5441537499427795	-0.3847348392009735	-0.5054994225502014	0.8283350467681885	-0.4573216140270233	0.15224842727184296	-0.548267662525177	-0.32899272441864014	0.29122087359428406	0.8846954107284546	0.5589425563812256	-0.5555802583694458	-0.04206991195678711	-0.1620265394449234	0.005382247269153595	n/a	0.00021454566740430892	-0.44023001194000244	-0.025694042444229126	-0.06842061132192612	-1.028139352798462	0.10422435402870178	-0.4450088143348694	-0.14500482380390167	-0.5504528880119324	-0.08476493507623672	-0.3680454194545746	0.5410217046737671	-0.6042402386665344	0.24332712590694427	-0.18780136108398438	0.6105724573135376	-0.7009140253067017	0.13733384013175964	0.36403822898864746	-0.2966553270816803	0.19419267773628235	0.06699445098638535	-0.2110217660665512	-0.25953859090805054	-0.3698481321334839	-0.014166661538183689	0.3958844840526581	-0.8435330986976624	0.07261468470096588	-1.23393714427948	0.20176850259304047	-0.11891130357980728	-0.4046229124069214	-0.2461034506559372	0.14875751733779907	-0.23153056204319	0.3766000270843506	-0.02072005346417427	-0.2554599940776825	0.11205758154392242	0.0410115011036396	-0.2517049014568329	-0.2761710584163666	0.10156040638685226	0.3004146218299866
-0.8944922685623169	1.3799872398376465	0.18210193514823914	-0.556690514087677	0.05307069048285484	-0.2739117443561554	0.6670965552330017	n/a	0.47384926676750183	-0.0674605742096901	-0.5411682724952698	0.03986336663365364	-0.5399714112281799	-0.9563578963279724	0.1602308452129364	-0.9125033617019653	-0.7469435334205627	-0.254092276096344	-0.2933478355407715	-0.4931710660457611	-0.44316986203193665	-0.6570693850517273	0.718468427658081	0.0428156815469265	0.2692330777645111	-0.962252676486969	-0.3995615243911743	0.293515682220459	1.3219280242919922	0.893638551235199	-0.6843348741531372	0.022860927507281303	-0.04178578406572342	0.4590928554534912	n/a	0.029305266216397285	-0.28063249588012695	-0.2946889102458954	0.0239217858761549	-1.3266308307647705	0.18758928775787354	-0.8158748149871826	-0.4772135317325592	-0.47235509753227234	-0.11244097352027893	-0.3930087983608246	0.6381462216377258	-0.2570720314979553	0.3298351764678955	-0.3434250056743622	0.7081115245819092	-0.34322401881217957	0.06397738307714462	0.42691493034362793	-0.11644214391708374	0.08614415675401688	-0.05210978910326958	-0.1571681648492813	-0.19005891680717468	-0.2711929976940155	0.1378200352191925	0.4875478744506836	-0.7770217061042786	0.13014478981494904	-0.7179895639419556	0.19396179914474487	-0.05831174552440643	-0.492891401052475	-0.4179985523223877	0.16184847056865692	-0.37012454867362976	0.3123062252998352	-0.0039017717353999615	-0.3402355909347534	0.1559983491897583	0.14076656103134155	-0.21277330815792084	-0.23582272231578827	0.2575669288635254	0.33944374322891235
-1.1661629676818848	1.7590265274047852	0.051971644163131714	-0.5667159557342529	0.06106187775731087	-0.3251882493495941	1.1393500566482544	n/a	0.5737480521202087	0.01486833393573761	-0.626897931098938	-0.006253799423575401	-0.6043030619621277	-1.1491767168045044	0.41459789872169495	-1.157655954360962	-0.6917943954467773	-0.45833656191825867	-0.5367212295532227	-0.368324875831604	-0.4201745390892029	-0.7210903763771057	0.6804403066635132	0.5412439703941345	0.4916241466999054	-1.477484941482544	-0.5314828753471375	0.30955636501312256	1.6479690074920654	1.027794361114502	-0.7397551536560059	0.06527794152498245	0.02954769693315029	0.8462952375411987	n/a	0.0662507712841034	-0.19781355559825897	-0.519142746925354	0.1546701043844223	-1.4566658735275269	0.25955015420913696	-0.934183657169342	-0.7256918549537659	-0.3318727910518646	-0.13980905711650848	-0.40955209732055664	0.7733152508735657	0.07471132278442383	0.4775506556034088	-0.5304144024848938	0.5053982734680176	-0.28169509768486023	-0.03573385998606682	0.46213263273239136	0.015614748932421207	-0.0634140819311142	-0.16250500082969666	-0.10186847299337387	-0.12572315335273743	-0.13778039813041687	0.2961394488811493	0.4869406521320343	-0.6799530982971191	0.16721594333648682	-0.09948880970478058	0.18887193500995636	0.004998334683477879	-0.49959874153137207	-0.5007767677307129	0.16241244971752167	-0.49251124262809753	0.247996985912323	0.021532395854592323	-0.4040946364402771	0.1590355485677719	0.19557809829711914	-0.2002967745065689	-0.1634465903043747	0.3938792049884796	0.34449198842048645
-1.3365542888641357	1.9713293313980103	-0.08238478749990463	-0.517462432384491	0.030729273334145546	-0.3688720762729645	1.395209550857544	n/a	0.5874099135398865	0.08737660199403763	-0.7231448888778687	-0.02330903522670269	-0.531676173210144	-1.2057479619979858	0.657860517501831	-1.2314516305923462	-0.4902874231338501	-0.5739821791648865	-0.6893232464790344	-0.21647390723228455	-0.368047297000885	-0.6739242076873779	0.7062288522720337	1.0117346048355103	0.7509769797325134	-1.9916915893554688	-0.6966209411621094	0.3760516047477722	1.7840365171432495	0.9333481788635254	-0.6964928507804871	0.0789659172296524	0.0652441456913948	1.1125880479812622	n/a	0.10642439126968384	-0.1795087605714798	-0.67246413230896	0.3282577097415924	-1.4088054895401	0.2730715870857239	-0.8448737263679504	-0.8432080745697021	-0.1744173914194107	-0.18677540123462677	-0.38552728295326233	0.8894679546356201	0.42145904898643494	0.6279159188270569	-0.7159825563430786	0.10237224400043488	-0.5078689455986023	-0.14452968537807465	0.4601176381111145	0.059777483344078064	-0.22852781414985657	-0.25647541880607605	-0.05597410723567009	-0.08110092580318451	0.0007457594037987292	0.43975910544395447	0.40311095118522644	-0.5627168416976929	0.17289237678050995	0.4777061939239502	0.21987175941467285	0.0698210820555687	-0.441379576921463	-0.4437382221221924	0.16145673394203186	-0.5680018067359924	0.18378889560699463	0.05530136078596115	-0.4492878019809723	0.12507657706737518	0.1965319961309433	-0.24300962686538696	-0.06950843334197998	0.4769594669342041	0.3245106339454651
-1.2908515930175781	1.9303367137908936	-0.18654140830039978	-0.4096500873565674	-0.01724989339709282	-0.3619835674762726	1.4003924131393433	n/a	0.5209833383560181	0.11773315817117691	-0.778009831905365	-0.044575829058885574	-0.3831654489040375	-1.1083978414535522	0.7930045127868652	-1.0949139595031738	-0.25627651810646057	-0.5693987607955933	-0.7233489155769348	-0.08908097445964813	-0.33263251185417175	-0.5134000778198242	0.7063357830047607	1.3974560499191284	0.9252174496650696	-2.333986520767212	-0.8131728768348694	0.5001217126846313	1.6790488958358765	0.7015894055366516	-0.5610446929931641	0.0789974182844162	0.09834333509206772	1.214638113975525	n/a	0.1307573765516281	-0.17482630908489227	-0.7571908831596375	0.476659893989563	-1.1960997581481934	0.2100321352481842	-0.6993420720100403	-0.8176497220993042	-0.04496091231703758	-0.24533472955226898	-0.28143197298049927	0.8940987586975098	0.7843472361564636	0.7136172652244568	-0.8479995727539062	-0.30492159724235535	-0.8686131238937378	-0.2350778579711914	0.4148510694503784	0.019902285188436508	-0.36666229367256165	-0.3270765542984009	-0.025271523743867874	-0.05296047776937485	0.09987670183181763	0.5220218896865845	0.27720245718955994	-0.41235488653182983	0.1516548991203308	0.9110167026519775	0.2689305543899536	0.1235428899526596	-0.355671763420105	-0.2654324173927307	0.14861680567264557	-0.5639479160308838	0.11109235882759094	0.07697426527738571	-0.4691249132156372	0.07518894970417023	0.1565294712781906	-0.3196653723716736	0.031138116493821144	0.48977574706077576	0.2877873480319977
-0.9764777421951294	1.5950690507888794	-0.21379873156547546	-0.2607818841934204	-0.052092526108026505	-0.27690526843070984	1.1705683469772339	n/a	0.3970986008644104	0.07618430256843567	-0.7399051785469055	-0.12145163863897324	-0.235478937625885	-0.8579432368278503	0.7426181435585022	-0.7584778070449829	-0.1151055097579956	-0.4413672387599945	-0.6579564213752747	-0.028166063129901886	-0.3321763873100281	-0.2624049484729767	0.5750638246536255	1.6304768323898315	0.89130699634552	-2.322617530822754	-0.7963427305221558	0.6458447575569153	1.3329064846038818	0.4928359091281891	-0.36793309450149536	0.09074578434228897	0.15683463215827942	1.1373519897460938	n/a	0.11621368676424026	-0.13085214793682098	-0.7939340472221375	0.4994623064994812	-0.8422580361366272	0.09681699424982071	-0.6677566170692444	-0.6695044040679932	0.023747878149151802	-0.2888527512550354	-0.07594325393438339	0.7103942036628723	1.1209337711334229	0.6954885721206665	-0.8669552206993103	-0.5179766416549683	-1.1293638944625854	-0.2804217040538788	0.3273339569568634	-0.08251259475946426	-0.4318352937698364	-0.36190560460090637	-0.0076559558510780334	-0.02692779153585434	0.12174054980278015	0.4876706600189209	0.16429361701011658	-0.21233467757701874	0.11499077081680298	1.1408758163452148	0.2831149995326996	0.14504770934581757	-0.27833977341651917	-0.04308893904089928	0.0990927442908287	-0.46249738335609436	0.018671605736017227	0.05612152814865112	-0.45635682344436646	0.03473109006881714	0.09954708069562912	-0.3779616057872772	0.12117987871170044	0.43698081374168396	0.24098776280879974
-0.4599718451499939	1.0166937112808228	-0.14026319980621338	-0.09502649307250977	-0.05345234274864197	-0.11789320409297943	0.7751110196113586	n/a	0.24497798085212708	-0.036162421107292175	-0.5923558473587036	-0.26948899030685425	-0.12645430862903595	-0.4807589054107666	0.5064812898635864	-0.30806875228881836	-0.11630944162607193	-0.22534042596817017	-0.5205742120742798	-0.04064594581723213	-0.35076379776000977	0.02802634797990322	0.28794577717781067	1.661778450012207	0.6158627271652222	-1.8853092193603516	-0.6369239687919617	0.7342096567153931	0.8156636357307434	0.4192531704902649	-0.15778551995754242	0.1268797367811203	0.240797758102417	0.903210461139679	n/a	0.05233490839600563	-0.03128483146429062	-0.7948658466339111	0.351593017578125	-0.38493525981903076	-0.019679006189107895	-0.7898860573768616	-0.4298360049724579	0.02800634689629078	-0.29939472675323486	0.1975516974925995	0.344246506690979	1.3620238304138184	0.5843502283096313	-0.7467045187950134	-0.4836552143096924	-1.1234831809997559	-0.2700536549091339	0.20660077035427094	-0.24869456887245178	-0.3958779275417328	-0.3424771726131439	0.003945352975279093	0.004792089108377695	0.0636737197637558	0.3181978464126587	0.0944937989115715	0.024153001606464386	0.06781963258981705	1.1301077604293823	0.2324310690164566	0.12348601967096329	-0.2131233662366867	0.1451098471879959	0.0030628403183072805	-0.27445343136787415	-0.08376110345125198	-0.018150361254811287	-0.40894702076911926	0.01691633276641369	0.04354613274335861	-0.3810589611530304	0.1841919869184494	0.33991873264312744	0.19062884151935577
0.11283063143491745	0.32063478231430054	0.010564833879470825	0.06453465670347214	-0.02331489510834217	0.08495298773050308	0.31531432271003723	n/a	0.08769552409648895	-0.18053174018859863	-0.3648957908153534	-0.4415627419948578	-0.0367988683283329	-0.034746721386909485	0.175453782081604	0.13917717337608337	-0.2077949494123459	0.02184704691171646	-0.30842354893684387	-0.09458451718091965	-0.3570050597190857	0.2915157377719879	-0.07420788705348969	1.4822070598602295	0.19118081033229828	-1.1086969375610352	-0.4010098874568939	0.6885088086128235	0.23823830485343933	0.46049702167510986	0.03926141932606697	0.17388050258159637	0.3239234983921051	0.5656774640083313	n/a	-0.051217105239629745	0.0919249877333641	-0.7502920031547546	0.09172645956277847	0.11268872022628784	-0.09868522733449936	-0.9450253844261169	-0.11966179311275482	-0.011041998863220215	-0.28116291761398315	0.45124658942222595	-0.10534723103046417	1.4465252161026	0.4282953441143036	-0.5095729827880859	-0.31361478567123413	-0.8387789130210876	-0.2128564864397049	0.06649831682443619	-0.4811134338378906	-0.2672097086906433	-0.2568381130695343	0.016279954463243484	0.03414014354348183	-0.038389988243579865	0.054352689534425735	0.053289078176021576	0.24922306835651398	0.0006080464809201658	0.8691995739936829	0.13939408957958221	0.0684884712100029	-0.1313658356666565	0.2682787775993347	-0.12001217156648636	-0.034119851887226105	-0.1577238142490387	-0.12217789143323898	-0.32948046922683716	0.017459126189351082	-0.007255390286445618	-0.33474043011665344	0.2078559249639511	0.21869441866874695	0.13790717720985413
0.631933867931366	-0.35799139738082886	0.1639825701713562	0.19204334914684296	0.02053646370768547	0.29168736934661865	-0.10181780159473419	n/a	-0.0586555153131485	-0.30660152435302734	-0.09587348252534866	-0.5601059198379517	0.0555846244096756	0.40009891986846924	-0.1449098438024521	0.5152382254600525	-0.31275224685668945	0.2502666115760803	-0.012194578535854816	-0.15413552522659302	-0.33615604043006897	0.4732334017753601	-0.4142271876335144	1.1385259628295898	-0.24798889458179474	-0.1607079803943634	-0.1470208466053009	0.49254006147384644	-0.29948586225509644	0.5053600668907166	0.19858980178833008	0.20277689397335052	0.3791913092136383	0.19635100662708282	n/a	-0.166326642036438	0.19971086084842682	-0.6386470794677734	-0.1711651086807251	0.5661522150039673	-0.125518336892128	-0.9975377321243286	0.22981944680213928	-0.07393145561218262	-0.24328264594078064	0.6006890535354614	-0.5242393612861633	1.354596734046936	0.25745993852615356	-0.1871585100889206	-0.12088713049888611	-0.34334778785705566	-0.12346569448709488	-0.07694320380687714	-0.7013763785362244	-0.09022215753793716	-0.11817765235900879	0.033675771206617355	0.05012154579162598	-0.13558270037174225	-0.22798624634742737	0.013052163645625114	0.4130406081676483	-0.09479310363531113	0.4076850414276123	0.04285183176398277	-0.0010247952304780483	-0.02229241654276848	0.3308029770851135	-0.23542520403862	0.21102261543273926	-0.17376168072223663	-0.21458351612091064	-0.22446168959140778	0.02504012919962406	-0.04987713322043419	-0.2634645998477936	0.18488053977489471	0.0845898687839508	0.07388477027416229
1.0386571884155273	-0.8854702711105347	0.20631743967533112	0.2530510723590851	0.057612691074609756	0.4492163360118866	-0.36682742834091187	n/a	-0.1761881560087204	-0.3717350661754608	0.1958862692117691	-0.5597949624061584	0.12403568625450134	0.7363213300704956	-0.3876568078994751	0.7880761027336121	-0.3834553062915802	0.4134659767150879	0.3319852650165558	-0.19374942779541016	-0.2882825434207916	0.5456377267837524	-0.6763604283332825	0.7241084575653076	-0.5899107456207275	0.7639696002006531	0.09681546688079834	0.19001659750938416	-0.7129641175270081	0.4408825933933258	0.2926361858844757	0.18649044632911682	0.38512223958969116	-0.11803149431943893	n/a	-0.25137779116630554	0.2859923243522644	-0.4446749985218048	-0.3434939682483673	0.8915290236473083	-0.11719934642314911	-0.8853025436401367	0.5399796962738037	-0.14056004583835602	-0.1805536448955536	0.607031524181366	-0.8315469622612	1.1036317348480225	0.05376363918185234	0.1883135288953781	0.049347203224897385	0.2771742045879364	-0.01665869913995266	-0.20117944478988647	-0.7352694272994995	0.071629598736763	0.030478212982416153	0.059360090643167496	0.05544549971818924	-0.18368566036224365	-0.4380241930484772	-0.03502767160534859	0.4930129051208496	-0.19785772264003754	-0.1260436773300171	-0.038154684007167816	-0.06393777579069138	0.07949594408273697	0.33832961320877075	-0.3035160005092621	0.40543532371520996	-0.14271727204322815	-0.2534996271133423	-0.10093268752098083	0.03350754827260971	-0.07029127329587936	-0.17098738253116608	0.11660289764404297	-0.04539760947227478	-0.01159984152764082
1.2718197107315063	-1.125200629234314	0.030622372403740883	0.21775630116462708	0.07039528340101242	0.5003783106803894	-0.39072901010513306	n/a	-0.24247899651527405	-0.3485923111438751	0.48557183146476746	-0.41249027848243713	0.12105492502450943	0.8876034617424011	-0.5076180100440979	0.9092760682106018	-0.3965323865413666	0.4638301134109497	0.6247259974479675	-0.18953081965446472	-0.21465660631656647	0.5061725974082947	-0.8195158243179321	0.33678749203681946	-0.7387537956237793	1.4652824401855469	0.2979077100753784	-0.14667755365371704	-0.920240581035614	0.20377035439014435	0.29883477091789246	0.11232969909906387	0.3237282633781433	-0.29180315136909485	n/a	-0.26804447174072266	0.360893189907074	-0.18416833877563477	-0.35879090428352356	1.0169343948364258	-0.09924957156181335	-0.618595540523529	0.6992873549461365	-0.17862515151500702	-0.09032130986452103	0.47535955905914307	-0.9633618593215942	0.7306424975395203	-0.20897959172725677	0.5418202877044678	0.15669448673725128	0.9140041470527649	0.0875914916396141	-0.2761646509170532	-0.4240145683288574	0.15852855145931244	0.13384370505809784	0.09268753975629807	0.06243912875652313	-0.1509033739566803	-0.4893203675746918	-0.08596013486385345	0.5032513737678528	-0.2674397826194763	-0.5604321360588074	-0.09631947427988052	-0.09699232876300812	0.12531425058841705	0.2927461862564087	-0.2884950637817383	0.5029802322387695	-0.10003695636987686	-0.20683516561985016	0.029463190585374832	0.04164540022611618	-0.05348079651594162	-0.048464950174093246	0.016913659870624542	-0.14324980974197388	-0.11303475499153137
1.268152117729187	-1.0136137008666992	-0.3361218571662903	0.09007846564054489	0.04655514657497406	0.4296434819698334	-0.1884172409772873	n/a	-0.23780536651611328	-0.24218899011611938	0.7061107158660889	-0.15024027228355408	0.04334743320941925	0.7938560247421265	-0.4771602153778076	0.8310302495956421	-0.3613024652004242	0.3831672966480255	0.7322814464569092	-0.13279873132705688	-0.12255637347698212	0.3673987090587616	-0.7910046577453613	0.019892118871212006	-0.6406176686286926	1.8081121444702148	0.42711177468299866	-0.44318267703056335	-0.8694465160369873	-0.16075649857521057	0.21742454171180725	-0.00587525824084878	0.19809336960315704	-0.2996428608894348	n/a	-0.2090356945991516	0.40080127120018005	0.07997067272663116	-0.206837460398674	0.8923530578613281	-0.06979665160179138	-0.28842321038246155	0.639624297618866	-0.169322669506073	0.002309603849425912	0.24135544896125793	-0.8661123514175415	0.2658608853816986	-0.4778834283351898	0.7540160417556763	0.16509976983070374	1.4429489374160767	0.1640814244747162	-0.2774205207824707	0.19476211071014404	0.14942899346351624	0.15961512923240662	0.1159438043832779	0.07065510004758835	-0.043281037360429764	-0.3645954728126526	-0.13468427956104279	0.46758851408958435	-0.27883678674697876	-0.7772953510284424	-0.12649735808372498	-0.08976853638887405	0.10898306220769882	0.18998375535011292	-0.19076676666736603	0.4820835292339325	-0.06310388445854187	-0.08021090179681778	0.14320020377635956	0.04519009217619896	-0.005218667909502983	0.08658367395401001	-0.09236951172351837	-0.18688347935676575	-0.19947881996631622
0.9848715662956238	-0.6336303353309631	-0.6563303470611572	-0.0862860232591629	-0.013576528988778591	0.27748024463653564	0.08163265883922577	n/a	-0.1625583916902542	-0.08678718656301498	0.7678424715995789	0.1466028094291687	-0.05056636035442352	0.4674522876739502	-0.29253169894218445	0.5547130107879639	-0.2989855408668518	0.20292426645755768	0.5609307289123535	-0.036934152245521545	-0.009016398340463638	0.15529046952724457	-0.531873881816864	-0.23764529824256897	-0.32928454875946045	1.7475826740264893	0.4687757194042206	-0.6423975229263306	-0.58448326587677	-0.48505765199661255	0.07448574900627136	-0.13203178346157074	0.031022775918245316	-0.21675190329551697	n/a	-0.09693834185600281	0.3448612093925476	0.2722250819206238	0.03449580445885658	0.5280032753944397	-0.002331104129552841	0.02690090239048004	0.38830527663230896	-0.11706073582172394	0.07399488985538483	-0.04728972911834717	-0.514167070388794	-0.27921220660209656	-0.6016268134117126	0.7369909286499023	0.058173827826976776	1.6994990110397339	0.1858483999967575	-0.20826806128025055	0.8275173902511597	0.07722987234592438	0.12098509818315506	0.09990639239549637	0.06347926706075668	0.08800598978996277	-0.13958331942558289	-0.17401708662509918	0.3810403645038605	-0.2283710241317749	-0.7418754696846008	-0.13267484307289124	-0.053986549377441406	0.08705657720565796	0.024111071601510048	-0.05091334134340286	0.34125515818595886	-0.009024757891893387	0.07147616893053055	0.21726258099079132	0.035921089351177216	0.042205262929201126	0.19377635419368744	-0.18326985836029053	-0.173052117228508	-0.22840261459350586
0.447796106338501	-0.17333035171031952	-0.6585113406181335	-0.25088900327682495	-0.0888226255774498	0.10629480332136154	0.2281816452741623	n/a	-0.053249165415763855	0.07622026652097702	0.6256150007247925	0.3894452750682831	-0.08856457471847534	0.011955391615629196	0.019558323547244072	0.15956930816173553	-0.19710873067378998	-0.011277534067630768	0.14364296197891235	0.07639244943857193	0.14148275554180145	-0.0790606215596199	-0.043668199330568314	-0.4249531924724579	0.07997100055217743	1.3149142265319824	0.4161888062953949	-0.6862576603889465	-0.18474343419075012	-0.5958830714225769	-0.09009988605976105	-0.22900792956352234	-0.1461927890777588	-0.15744733810424805	n/a	0.038364227861166	0.16423261165618896	0.35095375776290894	0.24478307366371155	0.027678674086928368	0.11150908470153809	0.3406931757926941	0.04143767058849335	-0.029112059623003006	0.13460342586040497	-0.33315032720565796	0.03884420171380043	-0.8340684175491333	-0.4612761437892914	0.49655136466026306	-0.15772338211536407	1.5163286924362183	0.13698652386665344	-0.10646326839923859	1.1402325630187988	-0.00829728227108717	0.05651030316948891	0.04024580121040344	0.03463061898946762	0.18401065468788147	0.09144081920385361	-0.18544745445251465	0.23995807766914368	-0.11836834251880646	-0.4451281726360321	-0.12235748022794724	-0.00818573497235775	0.11369452625513077	-0.17049725353717804	0.09125212579965591	0.11567661166191101	0.08721084147691727	0.1832108348608017	0.241115540266037	0.010760997422039509	0.05244560167193413	0.24634772539138794	-0.22049765288829803	-0.11629374325275421	-0.179502472281456
-0.20046089589595795	0.186355322599411	-0.2817883789539337	-0.34483444690704346	-0.14560921490192413	-0.027079176157712936	0.1672055721282959	n/a	0.032473139464855194	0.2024824172258377	0.31549012660980225	0.5000872611999512	-0.03856368362903595	-0.4194938838481903	0.3749905228614807	-0.22207282483577728	-0.031431347131729126	-0.18428382277488708	-0.3496573269367218	0.1802513748407364	0.3077513575553894	-0.2638171911239624	0.5379443764686584	-0.4930633008480072	0.43658575415611267	0.6403331756591797	0.2876523435115814	-0.5158573389053345	0.1641387790441513	-0.43459466099739075	-0.22829239070415497	-0.2731637954711914	-0.284604012966156	-0.17913737893104553	n/a	0.15774118900299072	-0.09201233088970184	0.3077510595321655	0.3382926881313324	-0.44222187995910645	0.23837441205978394	0.641025722026825	-0.287515789270401	0.07766297459602356	0.1902129203081131	-0.539155900478363	0.6254841685295105	-1.223159909248352	-0.09172774851322174	0.10647619515657425	-0.4091055989265442	0.8862602710723877	0.03077869303524494	-0.017730772495269775	1.0046014785766602	-0.07736020535230637	-0.004688908811658621	-0.03195358067750931	-0.0017106295563280582	0.21160957217216492	0.2702617645263672	-0.14587873220443726	0.08421879261732101	0.03412318229675293	0.07555307447910309	-0.09278282523155212	0.03529302775859833	0.177656352519989	-0.3082624077796936	0.20858247578144073	-0.10534033179283142	0.20514807105064392	0.21956993639469147	0.21132200956344604	-0.0221695676445961	0.01479540579020977	0.23552952706813812	-0.17844800651073456	-0.04098965972661972	-0.07036902755498886
-0.7582787871360779	0.35841265320777893	0.31031808257102966	-0.32356148958206177	-0.15987594425678253	-0.0927078053355217	-0.05476346239447594	n/a	0.05709068104624748	0.2506121098995209	-0.06564047932624817	0.4278680682182312	0.07564886659383774	-0.6924691200256348	0.6382771134376526	-0.4791131019592285	0.18197713792324066	-0.25976359844207764	-0.7086580395698547	0.24699534475803375	0.4190163314342499	-0.3368074297904968	0.9870336055755615	-0.42453113198280334	0.6111718416213989	-0.07428021728992462	0.11949361115694046	-0.13146978616714478	0.3503788709640503	-0.058973077684640884	-0.29154154658317566	-0.256506085395813	-0.33277302980422974	-0.2581833302974701	n/a	0.21223704516887665	-0.32817837595939636	0.15637265145778656	0.28961917757987976	-0.7285889387130737	0.3148121237754822	0.8077941536903381	-0.506101131439209	0.16933615505695343	0.21342052519321442	-0.5883454084396362	1.0286725759506226	-1.281783103942871	0.35208287835121155	-0.33642929792404175	-0.5635526776313782	0.008988732472062111	-0.09286478906869888	0.03531798720359802	0.5063208341598511	-0.11804338544607162	-0.05205078795552254	-0.08022837340831757	-0.026705224066972733	0.1677505522966385	0.36392173171043396	-0.046792201697826385	-0.03807742893695831	0.19522351026535034	0.6763909459114075	-0.03784612566232681	0.06928624957799911	0.22441397607326508	-0.3132361173629761	0.2701975703239441	-0.22580677270889282	0.29102185368537903	0.17889021337032318	0.13417498767375946	-0.04651114344596863	-0.04776214063167572	0.1598062366247177	-0.06290800124406815	0.03311754763126373	0.059951458126306534
-1.062349557876587	0.364810049533844	0.8661778569221497	-0.17290936410427094	-0.12512703239917755	-0.10544627159833908	-0.3009006381034851	n/a	0.0292211901396513	0.19983160495758057	-0.404519647359848	0.17456768453121185	0.17672377824783325	-0.736976683139801	0.6758117079734802	-0.552923858165741	0.38123151659965515	-0.22062942385673523	-0.7898000478744507	0.25782692432403564	0.39954960346221924	-0.2727072834968567	1.0929169654846191	-0.27250251173973083	0.5353081822395325	-0.6357693076133728	-0.061920858919620514	0.3853222727775574	0.3662043511867523	0.40664517879486084	-0.24755308032035828	-0.1796979159116745	-0.27738457918167114	-0.30980348587036133	n/a	0.16544215381145477	-0.45127177238464355	-0.06714105606079102	0.10304394364356995	-0.7489156723022461	0.27480489015579224	0.6905345916748047	-0.5694715976715088	0.21632803976535797	0.1638624519109726	-0.43563178181648254	1.0769548416137695	-0.9746110439300537	0.6886838674545288	-0.7049797177314758	-0.4969083368778229	-0.8262285590171814	-0.18305335938930511	0.05776263028383255	-0.15037287771701813	-0.12447337806224823	-0.08118274807929993	-0.08199705928564072	-0.02388433925807476	0.06907767802476883	0.3541741669178009	0.09444430470466614	-0.11303636431694031	0.330476850271225	1.1367735862731934	0.03544360399246216	0.08931750804185867	0.1917642205953598	-0.16602842509746552	0.2421347200870514	-0.2054346352815628	0.2968887686729431	0.08437296748161316	0.03288930654525757	-0.043723635375499725	-0.0937076285481453	0.03265386447310448	0.08925638347864151	0.1021435409784317	0.1721252053976059
-1.0284364223480225	0.28941068053245544	1.1638578176498413	0.07970951497554779	-0.04675472900271416	-0.11194665729999542	-0.4047800302505493	n/a	-0.008410136215388775	0.05943869799375534	-0.6121336817741394	-0.19799475371837616	0.15881529450416565	-0.5609711408615112	0.4151465892791748	-0.42266300320625305	0.4871489405632019	-0.0899517759680748	-0.5618239045143127	0.2019370198249817	0.20821814239025116	-0.09561045467853546	0.7431267499923706	-0.13083116710186005	0.217650905251503	-0.9208401441574097	-0.23842047154903412	0.9055413007736206	0.27532079815864563	0.8125516772270203	-0.09454399347305298	-0.04828062653541565	-0.15366137027740479	-0.22645604610443115	n/a	0.014820835553109646	-0.4053613245487213	-0.30688878893852234	-0.21199430525302887	-0.5150541663169861	0.087061308324337	0.20832419395446777	-0.4849417805671692	0.20479047298431396	0.01603860780596733	-0.08910125494003296	0.7099686861038208	-0.3972639739513397	0.7773484587669373	-0.8421550989151001	-0.13887396454811096	-1.3537932634353638	-0.19221556186676025	0.06903461366891861	-0.7080121636390686	-0.0963209792971611	-0.0874132439494133	-0.031060734763741493	0.019130675122141838	-0.05996023491024971	0.24343562126159668	0.2338564246892929	-0.15079307556152344	0.41427725553512573	1.246873140335083	0.10387018322944641	0.09182655066251755	0.027927646413445473	0.09395219385623932	0.10592679679393768	-0.06993819773197174	0.19859103858470917	-0.028797050938010216	-0.06029737368226051	-0.0022200902458280325	-0.08570332825183868	-0.11445403844118118	0.22707147896289825	0.1715942919254303	0.2365967035293579
-0.6898078322410583	0.21082288026809692	1.1066190004348755	0.36758026480674744	0.05733989551663399	-0.15832239389419556	-0.281650185585022	n/a	-0.01695987768471241	-0.12163560837507248	-0.649420976638794	-0.5759207010269165	-0.03240690380334854	-0.23793156445026398	-0.09399128705263138	-0.13442470133304596	0.4536980986595154	0.07385140657424927	-0.10934366285800934	0.08526034653186798	-0.12402649968862534	0.12369585782289505	0.008549225516617298	-0.08566039055585861	-0.24675199389457703	-0.9267504215240479	-0.39072513580322266	1.2676057815551758	0.15620777010917664	1.0347493886947632	0.13199418783187866	0.11549665033817291	-0.023210003972053528	0.03419608250260353	n/a	-0.19309906661510468	-0.1993197798728943	-0.48420214653015137	-0.6037923693656921	-0.1243157759308815	-0.20706705749034882	-0.5562624931335449	-0.29980820417404175	0.13589084148406982	-0.208113893866539	0.36679667234420776	0.03908956050872803	0.25385358929634094	0.5838912129402161	-0.6510209441184998	0.4689244031906128	-1.4261540174484253	-0.10111809521913528	0.08385720103979111	-0.9688125252723694	-0.04116753116250038	-0.07361983507871628	0.05437330901622772	0.09648977965116501	-0.18863408267498016	0.06320703774690628	0.31108546257019043	-0.1622840315103531	0.4307883381843567	0.9180799126625061	0.1363520622253418	0.07544925063848495	-0.25866010785102844	0.3723911643028259	-0.11439879238605499	0.11047906428575516	0.0026366962119936943	-0.13244369626045227	-0.11736992001533508	0.06972008943557739	-0.01389264315366745	-0.2419251948595047	0.30640459060668945	0.2381676435470581	0.23726440966129303
-0.21845123171806335	0.16429613530635834	0.7596052289009094	0.612143337726593	0.15470853447914124	-0.2667123079299927	0.002758659655228257	n/a	0.010253751650452614	-0.2592170238494873	-0.5411238074302673	-0.827136218547821	-0.32414475083351135	0.12776729464530945	-0.665208637714386	0.1742173731327057	0.3191908299922943	0.1979733109474182	0.40978461503982544	-0.05290696769952774	-0.47913116216659546	0.29846134781837463	-0.8388031125068665	-0.1912021040916443	-0.6911340951919556	-0.7759869694709778	-0.516523003578186	1.3103677034378052	0.06413645297288895	1.0145808458328247	0.3728606104850769	0.26541849970817566	0.05073795095086098	0.3908119797706604	n/a	-0.3738677501678467	0.08473625034093857	-0.5169121623039246	-0.9336876273155212	0.28972941637039185	-0.4965439438819885	-1.3242374658584595	-0.07653899490833282	0.0364718921482563	-0.4322543144226074	0.7791111469268799	-0.6664261221885681	0.7277573943138123	0.2131446748971939	-0.1990950107574463	1.1186542510986328	-1.0947937965393066	0.06068838760256767	0.09832672029733658	-0.9265168309211731	0.027013162150979042	-0.05237477645277977	0.13671647012233734	0.17762582004070282	-0.2763333022594452	-0.12799905240535736	0.2705017924308777	-0.1519366055727005	0.37254661321640015	0.2525959312915802	0.11565249413251877	0.048750489950180054	-0.5610206127166748	0.5583716630935669	-0.3481874465942383	0.2573578357696533	-0.24533168971538544	-0.21160021424293518	-0.12252558022737503	0.14162491261959076	0.0914331004023552	-0.3167695999145508	0.3105602264404297	0.2820494771003723	0.1758309155702591
0.17603731155395508	0.14884449541568756	0.2681172788143158	0.7628814578056335	0.21237985789775848	-0.42369863390922546	0.3108130991458893	n/a	0.05431043729186058	-0.2839650511741638	-0.3596736788749695	-0.8708057999610901	-0.5635242462158203	0.4424172639846802	-1.0845541954040527	0.3577057123184204	0.1814270317554474	0.23831485211849213	0.8546606302261353	-0.15633456408977509	-0.7226364016532898	0.37531977891921997	-1.4868000745773315	-0.4553326964378357	-0.9541209936141968	-0.620384156703949	-0.6308021545410156	0.9753744006156921	0.017247429117560387	0.7560075521469116	0.576300323009491	0.35352906584739685	0.031283192336559296	0.7085632681846619	n/a	-0.45900049805641174	0.33234652876853943	-0.37686118483543396	-1.0402636528015137	0.6196812391281128	-0.6727150678634644	-1.7871618270874023	0.1375444084405899	-0.04661352559924126	-0.5823493599891663	1.0076203346252441	-1.1429028511047363	0.8457902669906616	-0.16619212925434113	0.31817567348480225	1.5359450578689575	-0.5655011534690857	0.23371420800685883	0.09859852492809296	-0.7356666922569275	0.09020429849624634	-0.035504717379808426	0.18875445425510406	0.2289823293685913	-0.28737279772758484	-0.27133774757385254	0.09054823219776154	-0.11768728494644165	0.24455896019935608	-0.5239483714103699	0.057302895933389664	0.030650004744529724	-0.7386925220489502	0.6011582612991333	-0.520622730255127	0.32920801639556885	-0.4757618010044098	-0.25589558482170105	-0.07713828980922699	0.1822209507226944	0.18075957894325256	-0.3281380236148834	0.257533997297287	0.2812657356262207	0.07376379519701004
0.38926681876182556	0.14975306391716003	-0.24906620383262634	0.813336968421936	0.2182447910308838	-0.5895065069198608	0.55241459608078	n/a	0.09508390724658966	-0.19016002118587494	-0.17457789182662964	-0.7215552926063538	-0.6495387554168701	0.6545521020889282	-1.2530646324157715	0.3670117259025574	0.10979226976633072	0.19963781535625458	1.161463975906372	-0.1933547854423523	-0.7977257966995239	0.3560747802257538	-1.7878135442733765	-0.8319982290267944	-0.9742147922515869	-0.532057523727417	-0.7333312034606934	0.3581174612045288	0.004630101379007101	0.3141055107116699	0.7172024846076965	0.36214780807495117	-0.07166136056184769	0.9084627628326416	n/a	-0.4376804530620575	0.46946990489959717	-0.11233503371477127	-0.8683454990386963	0.8194904327392578	-0.6985701322555542	-1.8314262628555298	0.31922441720962524	-0.08190758526325226	-0.6377479434013367	1.0118255615234375	-1.2959386110305786	0.6076538562774658	-0.4415174722671509	0.7280622720718384	1.5861306190490723	-0.032704394310712814	0.3712710738182068	0.07942689955234528	-0.5416161417961121	0.13319672644138336	-0.027231521904468536	0.20960834622383118	0.23880626261234283	-0.2173178493976593	-0.3401162326335907	-0.19816400110721588	-0.055769313126802444	0.06894608587026596	-1.211711049079895	-0.006963180843740702	0.035263605415821075	-0.7293397784233093	0.5296604037284851	-0.5992105603218079	0.3342152535915375	-0.6381062269210815	-0.26040807366371155	0.0018491946393623948	0.18250232934951782	0.2242927998304367	-0.2877802848815918	0.18159422278404236	0.23153378069400787	-0.03898036852478981
