Node	LH_Vis_1	LH_Vis_2	LH_Vis_3	LH_Vis_4	LH_Vis_5	LH_Vis_6	LH_Vis_7	LH_Vis_8	LH_Vis_9	LH_SomMot_1	LH_SomMot_2	LH_SomMot_3	LH_SomMot_4	LH_SomMot_5	LH_SomMot_6	LH_DorsAttn_Post_1	LH_DorsAttn_Post_2	LH_DorsAttn_Post_3	LH_DorsAttn_Post_4	LH_DorsAttn_Post_5	LH_DorsAttn_Post_6	LH_DorsAttn_PrCv_1	LH_DorsAttn_FEF_1	LH_SalVentAttn_ParOper_1	LH_SalVentAttn_FrOperIns_1	LH_SalVentAttn_FrOperIns_2	LH_SalVentAttn_PFCl_1	LH_SalVentAttn_Med_1	LH_SalVentAttn_Med_2	LH_SalVentAttn_Med_3	LH_Limbic_OFC_1	LH_Limbic_TempPole_1	LH_Limbic_TempPole_2	LH_Cont_Par_1	LH_Cont_PFCl_1	LH_Cont_pCun_1	LH_Cont_Cing_1	LH_Default_Temp_1	LH_Default_Temp_2	LH_Default_Par_1	LH_Default_Par_2	LH_Default_PFC_1	LH_Default_PFC_2	LH_Default_PFC_3	LH_Default_PFC_4	LH_Default_PFC_5	LH_Default_PFC_6	LH_Default_PFC_7	LH_Default_pCunPCC_1	LH_Default_pCunPCC_2	RH_Vis_1	RH_Vis_2	RH_Vis_3	RH_Vis_4	RH_Vis_5	RH_Vis_6	RH_Vis_7	RH_Vis_8	RH_SomMot_1	RH_SomMot_2	RH_SomMot_3	RH_SomMot_4	RH_SomMot_5	RH_SomMot_6	RH_SomMot_7	RH_SomMot_8	RH_DorsAttn_Post_1	RH_DorsAttn_Post_2	RH_DorsAttn_Post_3	RH_DorsAttn_Post_4	RH_DorsAttn_Post_5	RH_DorsAttn_PrCv_1	RH_DorsAttn_FEF_1	RH_SalVentAttn_TempOccPar_1	RH_SalVentAttn_TempOccPar_2	RH_SalVentAttn_FrOperIns_1	RH_SalVentAttn_Med_1	RH_SalVentAttn_Med_2	RH_Limbic_OFC_1	RH_Limbic_TempPole_1	RH_Cont_Par_1	RH_Cont_Par_2	RH_Cont_PFCl_1	RH_Cont_PFCl_2	RH_Cont_PFCl_3	RH_Cont_PFCl_4	RH_Cont_Cing_1	RH_Cont_PFCmp_1	RH_Cont_pCun_1	RH_Default_Par_1	RH_Default_Temp_1	RH_Default_Temp_2	RH_Default_Temp_3	RH_Default_PFCv_1	RH_Default_PFCv_2	RH_Default_PFCdPFCm_1	RH_Default_PFCdPFCm_2	RH_Default_PFCdPFCm_3	RH_Default_pCunPCC_1	RH_Default_pCunPCC_2	LH-Pu	LH-Ca	LH-NAC	LH-EXA	LH-GPe	LH-GPi	LH-SNc_PBP_VTA	LH-RN	LH-SNr	LH-VeP	LH-HN	LH-HTH	LH-MN	LH-STH	RH-Pu	RH-Ca	RH-NAC	RH-EXA	RH-GPe	RH-GPi	RH-SNc_PBP_VTA	RH-RN	RH-SNr	RH-VeP	RH-HN	RH-HTH	RH-MN	RH-STH	LH-Pulvinar	LH-Anterior	LH-Medio_Dorsal	LH-Ventral_Latero_Dorsal	LH-Central_Lateral-Lateral_Posterior-Medial_Pulvinar	LH-Ventral_Anterior	LH-Ventral_Latero_Ventral	RH-Pulvinar	RH-Anterior	RH-Medio_Dorsal	RH-Ventral_Latero_Dorsal	RH-Central_Lateral-Lateral_Posterior-Medial_Pulvinar	RH-Ventral_Anterior	RH-Ventral_Latero_Ventral	LH_Hippocampus	LH_Amygdala	RH_Hippocampus	RH_Amygdala	Cerebellar_Region1	Cerebellar_Region2	Cerebellar_Region3	Cerebellar_Region4	Cerebellar_Region5	Cerebellar_Region6	Cerebellar_Region7	Cerebellar_Region8	Cerebellar_Region9	Cerebellar_Region10
LH_Vis_1	1.0	0.4459376931190491	0.47245076298713684	-0.029499439522624016	0.17447791993618011	0.4479011595249176	0.5090931057929993	0.43066322803497314	0.22905568778514862	-0.008443951606750488	0.14790722727775574	0.03368547931313515	-0.013634947128593922	-0.008198765106499195	0.19658799469470978	0.2773139476776123	-0.16508600115776062	0.14340940117835999	-0.13627786934375763	0.11033501476049423	-0.025960786268115044	0.08483743667602539	0.12478838860988617	-0.6070140600204468	-0.010079321451485157	-0.24874159693717957	-0.4522842466831207	-0.03398114815354347	-0.06680615246295929	-0.15302318334579468	0.07850690931081772	0.05012773349881172	-0.04956686869263649	0.058927856385707855	0.26380717754364014	0.23960630595684052	0.06296303868293762	-0.10002925992012024	-0.18401287496089935	0.13665585219860077	0.07497168332338333	-0.17385001480579376	0.11880843341350555	0.4527634382247925	0.05760153383016586	0.005352842155843973	0.07560637593269348	0.26396048069000244	0.6324186325073242	0.3714157044887543	0.7928946018218994	0.5605095028877258	0.1965511441230774	0.013592470437288284	0.24137987196445465	0.7015929222106934	0.3782435655593872	0.24515566229820251	0.125391885638237	0.038148876279592514	-0.013318208046257496	-0.09673593193292618	-0.026638830080628395	-0.23441264033317566	-0.005368645768612623	0.08062902837991714	0.4842366874217987	-0.14457622170448303	-0.042224667966365814	-0.037987660616636276	-0.012114927172660828	-0.10876931995153427	-0.22727546095848083	0.20383045077323914	-0.40076279640197754	-0.21907827258110046	-0.39508897066116333	-0.2783781588077545	-0.133630633354187	0.07976033538579941	-0.4177483916282654	0.3837886154651642	-0.05110415816307068	0.04424603655934334	-0.5905783772468567	-0.01947072148323059	0.014601094648241997	-0.22078683972358704	0.13003945350646973	-0.1365484893321991	-0.01719859056174755	0.22390618920326233	-0.18991483747959137	-0.18257562816143036	-0.1532474160194397	0.35740482807159424	-0.10048733651638031	0.18827825784683228	0.6898615956306458	0.34268561005592346	0.4770566523075104	0.09116023033857346	0.20225360989570618	0.09318973124027252	0.15792323648929596	-0.1105860099196434	0.235366553068161	0.1325078159570694	-0.02916773036122322	-0.18399259448051453	-0.12234106659889221	0.27960583567619324	0.43836402893066406	0.16488853096961975	0.4503808915615082	-0.11998443305492401	-0.045920394361019135	0.09775349497795105	-0.19353504478931427	0.01757650077342987	0.28756943345069885	0.20819035172462463	0.04689944162964821	-0.03300110250711441	0.10540836304426193	0.22966134548187256	0.1733437478542328	0.3218117952346802	0.3684052526950836	-0.17964789271354675	0.3150409460067749	0.3478464186191559	0.24980054795742035	0.23308074474334717	0.33480677008628845	0.37663695216178894	-0.1768154799938202	0.2794216573238373	0.15353217720985413	0.0956365317106247	-0.04601120576262474	0.24560405313968658	0.6346852779388428	0.3822917938232422	0.4744458794593811	0.23579025268554688	0.17929024994373322	0.23986855149269104	0.48557049036026	0.0639238953590393	-0.1755095273256302	0.05285041779279709	0.14447802305221558	-0.08171773701906204	-0.1387949138879776	-0.34272289276123047
LH_Vis_2	0.4459376931190491	1.0	0.8062648177146912	0.4111839532852173	0.736237108707428	0.8070683479309082	0.7092552185058594	0.6657843589782715	0.574612021446228	0.29939714074134827	0.4509255886077881	0.29776817560195923	0.2307475358247757	0.24681131541728973	0.046167802065610886	0.5644577145576477	0.18860574066638947	0.17334400117397308	0.05888134241104126	-0.10048850625753403	-0.18288569152355194	0.4295600354671478	-0.10766290128231049	-0.27781549096107483	0.25794172286987305	0.34234580397605896	-0.02162071503698826	0.38822510838508606	0.0023505056742578745	0.1342482566833496	-0.0797850713133812	-0.17748618125915527	-0.3215634226799011	0.3243871331214905	0.29976963996887207	-0.05201287195086479	-0.16263216733932495	-0.5809320211410522	-0.5907306671142578	-0.19161826372146606	-0.4892961382865906	-0.14231257140636444	-0.22742733359336853	0.23616628348827362	0.0586412250995636	-0.3519381284713745	-0.32601621747016907	-0.2929728925228119	0.1626134067773819	-0.17676621675491333	0.4307335615158081	0.8884217739105225	0.42863330245018005	0.4519230127334595	0.8061837553977966	0.7158708572387695	0.5579484105110168	0.5434759259223938	0.28620675206184387	0.3871932625770569	0.26935237646102905	0.1411411315202713	-0.017790906131267548	0.16466964781284332	0.10731510072946548	-0.11449815332889557	0.22129997611045837	0.06275591999292374	0.31229960918426514	0.03449608013033867	-0.12578870356082916	0.3735496699810028	0.06179790198802948	0.16121980547904968	0.11634551733732224	0.3477365970611572	0.05873233824968338	0.12772740423679352	-0.11790138483047485	-0.1824883073568344	0.04577401280403137	0.05500587448477745	-0.27237993478775024	0.5687639117240906	-0.07971317321062088	0.0937739759683609	-0.06212347745895386	0.24966268241405487	0.05122033879160881	-0.40312233567237854	-0.5114030241966248	-0.1482546478509903	-0.35878902673721313	0.26920953392982483	0.07532629370689392	0.23434188961982727	-0.28449589014053345	-0.04706334322690964	0.3632524013519287	-0.11559280008077621	0.22759073972702026	-0.07176465541124344	0.478351354598999	0.2141166776418686	0.03970978781580925	-0.2096075564622879	0.2698229253292084	0.19583925604820251	-0.007350926753133535	-0.13438789546489716	0.01665465533733368	0.38009151816368103	0.14731530845165253	0.2624332308769226	0.19125892221927643	-0.10212045907974243	0.06353490799665451	0.12088775634765625	-0.18573060631752014	0.07830172032117844	0.6009244322776794	0.23848499357700348	0.27185237407684326	0.06828257441520691	0.14524562656879425	0.08604989945888519	-0.028066592290997505	0.20048393309116364	0.4518234431743622	-0.07175569981336594	0.2568018138408661	0.31352928280830383	0.10241055488586426	0.30499714612960815	0.28662484884262085	0.5499753952026367	0.18488731980323792	0.41581645607948303	0.1869983971118927	0.217202827334404	-0.04481438547372818	0.4220890700817108	0.24079856276512146	0.21536138653755188	0.325771301984787	0.283092737197876	0.36601513624191284	0.27478456497192383	0.3203873634338379	0.299816370010376	-0.12245001643896103	0.2955520451068878	-0.11411675810813904	-0.48651421070098877	-0.36370018124580383	-0.5141069293022156
LH_Vis_3	0.47245076298713684	0.8062648177146912	1.0	0.33954909443855286	0.5900219678878784	0.8533316850662231	0.7301665544509888	0.7562032341957092	0.6979557275772095	0.355065256357193	0.5681151151657104	0.4341799020767212	0.21906471252441406	0.3267228603363037	0.2365589439868927	0.6841316819190979	0.39259010553359985	0.36198192834854126	0.1310301125049591	0.23202235996723175	0.1366148144006729	0.6015522480010986	-0.03442162647843361	-0.16338405013084412	0.24102574586868286	0.31826847791671753	0.06567266583442688	0.41406166553497314	0.32285112142562866	0.3764709532260895	-0.22068080306053162	-0.21874810755252838	-0.28479593992233276	0.3331540822982788	0.2042514979839325	-0.27476081252098083	-0.27066129446029663	-0.571284830570221	-0.7369803786277771	-0.14581112563610077	-0.6749978065490723	-0.3436509370803833	-0.3227696418762207	0.153279110789299	-0.05669082701206207	-0.43651068210601807	-0.4896446466445923	-0.4394216239452362	-0.049873318523168564	-0.3553292155265808	0.5692314505577087	0.8137454986572266	0.531020998954773	0.3517376780509949	0.7013365626335144	0.830416738986969	0.5516020655632019	0.6313873529434204	0.3561244606971741	0.4655691087245941	0.2913179099559784	0.020302917808294296	0.1910398304462433	0.20503059029579163	0.35082870721817017	0.08176422864198685	0.2693546414375305	0.07110156118869781	0.5133554935455322	0.26811590790748596	0.2565858066082001	0.5814914107322693	0.4092027544975281	0.24158306419849396	0.38466161489486694	0.49659833312034607	0.27803847193717957	0.4035276472568512	-0.3892879784107208	-0.2070193737745285	0.040742602199316025	-0.17134258151054382	-0.5256379246711731	0.5838452577590942	0.01471633743494749	-0.04962203651666641	-0.1460694819688797	0.08046893775463104	-0.050269778817892075	-0.5713319182395935	-0.6467282176017761	-0.17817725241184235	-0.4848138093948364	0.08055491745471954	0.06955200433731079	0.045449234545230865	-0.35428643226623535	-0.22860558331012726	0.16330604255199432	-0.3360625207424164	0.2205323874950409	-0.1785927712917328	0.3996201753616333	0.22689925134181976	0.0024899099953472614	-0.4987255334854126	0.15667779743671417	0.1233469769358635	0.049315184354782104	-0.021236317232251167	0.2063683718442917	0.4609517753124237	0.1469634473323822	0.4288936257362366	0.21904848515987396	-0.16158074140548706	-0.10356563329696655	-0.05146050825715065	-0.10330259054899216	-0.07076601684093475	0.5297553539276123	-0.017934897914528847	0.3951885402202606	0.11009887605905533	-0.03355346620082855	0.05529433488845825	-0.028571199625730515	0.0419246181845665	0.36654072999954224	-0.28203079104423523	0.31853556632995605	0.39847880601882935	-0.03481364995241165	0.25836384296417236	0.15255190432071686	0.2995988726615906	0.10195636749267578	0.4989522099494934	0.19309841096401215	0.16614989936351776	0.09060616046190262	0.2901269495487213	0.2755697965621948	0.49406781792640686	0.41921329498291016	0.47840380668640137	0.42990949749946594	0.32490646839141846	0.2696124315261841	0.42837926745414734	-0.2854700982570648	0.15862509608268738	-0.2663704454898834	-0.6039472818374634	-0.585350513458252	-0.695950448513031
LH_Vis_4	-0.029499439522624016	0.4111839532852173	0.33954909443855286	1.0	0.19127149879932404	0.2854214012622833	0.4241131544113159	0.4901481866836548	0.23524565994739532	0.1325266808271408	0.19164836406707764	0.2877083718776703	0.29700949788093567	0.3249380588531494	0.05111193656921387	0.38118383288383484	0.3884664475917816	0.23337705433368683	0.1507197767496109	0.24165162444114685	-0.019024131819605827	0.54143887758255	0.1064978539943695	0.19749626517295837	0.2855220437049866	0.33312758803367615	0.14783023297786713	0.13863955438137054	0.14732524752616882	0.385839581489563	0.028836680576205254	-0.18823719024658203	-0.048812560737133026	0.09275832027196884	0.0641961544752121	-0.34472838044166565	-0.33062097430229187	-0.3500233590602875	-0.27255386114120483	0.04719322547316551	-0.48814037442207336	-0.17405551671981812	-0.11998217552900314	-0.12745589017868042	-0.20484325289726257	-0.3675435185432434	-0.30450186133384705	-0.4417112171649933	-0.32695677876472473	-0.43662479519844055	-0.005488668102771044	0.2951357066631317	0.25059112906455994	0.4007650315761566	0.37092089653015137	0.14080965518951416	0.38308432698249817	0.37567856907844543	0.007985031232237816	0.25561684370040894	0.19513799250125885	0.1494748741388321	0.3881215751171112	0.21335622668266296	0.20763976871967316	-0.060124218463897705	-0.07414287328720093	0.19255229830741882	0.20863661170005798	0.18120177090168	0.15523599088191986	0.3589642643928528	0.35048750042915344	0.0015493028331547976	0.2872190773487091	0.25834232568740845	0.1853295862674713	0.3196896016597748	-0.09879162162542343	-0.07029665261507034	-0.087779201567173	-0.5077306628227234	-0.29406705498695374	0.2947867512702942	-0.053293127566576004	-0.16361509263515472	-0.2967372536659241	-0.11052058637142181	-0.3282541334629059	-0.5567713379859924	-0.5071324706077576	-0.19299450516700745	-0.25612130761146545	-0.027745801955461502	0.0030495626851916313	-0.28441038727760315	-0.3514132797718048	-0.46878543496131897	-0.24529868364334106	-0.46457639336586	-0.028911974281072617	0.04456287622451782	0.2703983187675476	0.17406292259693146	0.15712067484855652	-0.17311450839042664	0.17836204171180725	0.10101544857025146	-0.0236436165869236	0.2850448191165924	0.07014936208724976	-0.07495824247598648	-0.1721532642841339	0.1489703208208084	0.0708591490983963	-0.16705618798732758	0.19451715052127838	0.08675526082515717	-0.2444942146539688	0.19544532895088196	0.22692938148975372	0.06291399151086807	-0.05223928391933441	-0.012027951888740063	-0.2388530671596527	0.03041417896747589	0.059341516345739365	-0.06425083428621292	0.1576700061559677	-0.19944554567337036	0.21448516845703125	0.2897073030471802	0.0016706552123650908	0.06601986289024353	-0.08789907395839691	-0.021101582795381546	0.03167828172445297	0.37716200947761536	0.21244946122169495	-0.050796717405319214	0.17531965672969818	0.2711750268936157	-0.19866803288459778	0.14633461833000183	0.03434659540653229	0.2230612337589264	0.13426081836223602	0.10687215626239777	0.16375768184661865	0.20270246267318726	-0.2846526503562927	0.15633422136306763	-0.17635230720043182	-0.15288464725017548	-0.09418325126171112	-0.2829704284667969
LH_Vis_5	0.17447791993618011	0.736237108707428	0.5900219678878784	0.19127149879932404	1.0	0.7797646522521973	0.5509582161903381	0.3866189420223236	0.47811159491539	0.2526971697807312	0.5486471652984619	0.30795204639434814	0.3132549524307251	0.24688521027565002	-0.035127148032188416	0.31173059344291687	0.14185048639774323	0.06106642633676529	0.13559292256832123	-0.2741070091724396	-0.06799298524856567	0.17203256487846375	-0.3094162940979004	-0.3974197208881378	0.31794676184654236	0.31118276715278625	-0.12708015739917755	0.23759648203849792	-0.05429104343056679	0.002611782168969512	-0.2582491934299469	-0.2895794212818146	-0.3067401945590973	0.22898079454898834	0.1636233776807785	-0.06763190031051636	-0.21072852611541748	-0.513265073299408	-0.49480652809143066	-0.3585902750492096	-0.37846630811691284	-0.33537206053733826	-0.37860313057899475	0.06923839449882507	0.11266394704580307	-0.4021000266075134	-0.30218639969825745	-0.2820664942264557	0.1450543850660324	-0.1650751829147339	0.11612436175346375	0.624929666519165	0.20429867506027222	0.4075104594230652	0.8672619462013245	0.530708372592926	0.3129095733165741	0.38482919335365295	0.367828905582428	0.4537283778190613	0.3197557032108307	0.3031340539455414	0.07267748564481735	0.24246032536029816	0.07734304666519165	-0.1380988359451294	0.22626829147338867	0.01477572601288557	0.21512673795223236	-0.019249742850661278	-0.2094237208366394	0.3496055603027344	-0.045907750725746155	0.17598247528076172	0.1998230218887329	0.47515764832496643	0.17793171107769012	0.1486247479915619	-0.18283705413341522	-0.17932742834091187	0.25214970111846924	0.07418724149465561	-0.30819812417030334	0.5138522386550903	0.08928895741701126	0.16009138524532318	-0.04401259869337082	0.2999105751514435	0.09184237569570541	-0.20033620297908783	-0.3683765232563019	-0.21412302553653717	-0.17970366775989532	0.36191326379776	0.11967463791370392	0.17458592355251312	-0.2857881486415863	0.011458382941782475	0.24832884967327118	-0.056915558874607086	-0.013187079690396786	-0.4101961851119995	0.22516849637031555	0.2073061168193817	-0.22557350993156433	-0.19342586398124695	0.19929514825344086	0.10292202979326248	-0.075197234749794	-0.2558552324771881	0.07927442342042923	0.2999318838119507	0.09290385991334915	0.1772422343492508	-0.06946305930614471	-0.16360171139240265	-0.018777990713715553	0.01376668456941843	-0.0704089030623436	0.09150034934282303	0.43654605746269226	0.293937623500824	0.31893450021743774	0.024730321019887924	0.09653747081756592	0.06765931844711304	-0.003849876346066594	0.12121186405420303	0.21075361967086792	-0.04096706956624985	-0.000930951617192477	0.1915368139743805	-0.0037621294613927603	0.23968906700611115	0.3229791224002838	0.42965778708457947	0.3726677894592285	0.33132776618003845	0.23629964888095856	0.26891669631004333	-0.00865041371434927	0.3546493649482727	0.05807625502347946	0.03544032573699951	0.20986513793468475	0.08277838677167892	0.42376038432121277	0.35465675592422485	0.1886623054742813	0.14222006499767303	0.147856667637825	0.355962872505188	0.1296655386686325	-0.3569515347480774	-0.2645202577114105	-0.2681454122066498
LH_Vis_6	0.4479011595249176	0.8070683479309082	0.8533316850662231	0.2854214012622833	0.7797646522521973	1.0	0.6882906556129456	0.5884844064712524	0.5531955361366272	0.35693398118019104	0.5415832996368408	0.27807867527008057	0.25734344124794006	0.272828608751297	0.231751948595047	0.555070161819458	0.26300540566444397	0.2528430223464966	0.14867979288101196	0.0830623209476471	0.06430217623710632	0.39045217633247375	-0.032676998525857925	-0.3645193576812744	0.3723907768726349	0.2661972939968109	-0.10570420324802399	0.44748881459236145	0.21365846693515778	0.1669524908065796	-0.2137729525566101	-0.2182762175798416	-0.21409207582473755	0.2695011794567108	0.28701093792915344	-0.2770586907863617	-0.3894169330596924	-0.5499163269996643	-0.5951523184776306	-0.3503519296646118	-0.5413001775741577	-0.2669283449649811	-0.30208566784858704	0.23691727221012115	0.07517431676387787	-0.3153958320617676	-0.3967345654964447	-0.30914008617401123	0.10961011797189713	-0.2959052622318268	0.5084686279296875	0.7779785990715027	0.4093921184539795	0.3513306975364685	0.8311855792999268	0.8104638457298279	0.4804357886314392	0.49337902665138245	0.30849358439445496	0.3587205708026886	0.19941997528076172	0.1692083179950714	0.10016133636236191	0.10006357729434967	0.11718552559614182	0.09789010882377625	0.263366162776947	-0.024322491139173508	0.27049940824508667	0.1679731011390686	0.09539570659399033	0.37986019253730774	0.15085232257843018	0.16165535151958466	0.2021130919456482	0.4429943561553955	0.18019939959049225	0.20744578540325165	-0.29098376631736755	-0.11117203533649445	0.04383281618356705	-0.03139295056462288	-0.4873278737068176	0.502403199672699	-0.04233502224087715	-0.04265882074832916	-0.26189324259757996	0.1935439556837082	-0.11849427223205566	-0.45874011516571045	-0.51985102891922	-0.16685937345027924	-0.32495585083961487	0.3035631477832794	0.10410980880260468	0.1688586324453354	-0.24569928646087646	-0.12853890657424927	0.30047014355659485	-0.27083659172058105	0.26806414127349854	-0.13620208203792572	0.3623958230018616	0.4074033498764038	-0.07818740606307983	-0.2590082585811615	0.1799984872341156	0.08173972368240356	-0.10530079156160355	-0.14026938378810883	0.1850273311138153	0.36592260003089905	0.17049771547317505	0.26495271921157837	0.2224784940481186	-0.017676370218396187	-0.06866857409477234	0.14118851721286774	-0.09100382775068283	-0.008212466724216938	0.538618266582489	0.08115969598293304	0.35070088505744934	0.13135084509849548	0.06099249795079231	0.030588680878281593	-0.004728858824819326	0.02531641349196434	0.28512129187583923	-0.048727381974458694	0.20735947787761688	0.3453800678253174	-0.05402076616883278	0.25826552510261536	0.3134816884994507	0.37529706954956055	0.2526627480983734	0.4704391658306122	0.17720144987106323	0.1535719931125641	0.06644953042268753	0.3719969689846039	0.22703732550144196	0.3528483211994171	0.42411670088768005	0.34878116846084595	0.348854660987854	0.42756548523902893	0.2642456889152527	0.22529450058937073	-0.09802848845720291	0.2658507227897644	-0.0880512148141861	-0.41953611373901367	-0.3480181396007538	-0.49820125102996826
LH_Vis_7	0.5090931057929993	0.7092552185058594	0.7301665544509888	0.4241131544113159	0.5509582161903381	0.6882906556129456	1.0	0.7005916833877563	0.6358858346939087	0.23250645399093628	0.5557780265808105	0.43157845735549927	0.3322332799434662	0.4185050427913666	0.2874521315097809	0.7584951519966125	0.3330550193786621	0.42292076349258423	0.30414557456970215	0.27028146386146545	0.1563572883605957	0.5068239569664001	0.10373370349407196	-0.3809938430786133	0.36886703968048096	0.21379348635673523	-0.20871081948280334	0.11713531613349915	0.15923713147640228	0.2520677447319031	-0.07430924475193024	-0.014889664016664028	-0.09130753576755524	0.3436628580093384	0.09423916041851044	0.0019965157844126225	-0.15881985425949097	-0.45588406920433044	-0.5533523559570312	0.07754530757665634	-0.44769296050071716	-0.3974469304084778	-0.2151680588722229	0.08530764281749725	-0.0200313962996006	-0.4770473539829254	-0.3467414379119873	-0.22670364379882812	0.11115449666976929	-0.07844864577054977	0.5366930365562439	0.7281612157821655	0.5947520732879639	0.17104460299015045	0.5991831421852112	0.674747884273529	0.5083125233650208	0.5291252732276917	0.3288557827472687	0.4721277058124542	0.32516276836395264	0.16306819021701813	0.20985294878482819	0.258643239736557	0.32131779193878174	0.10294949263334274	0.3595135807991028	0.1505836844444275	0.4044249355792999	0.2757810354232788	0.1871175318956375	0.4072730839252472	0.2324734777212143	0.2945123314857483	0.08301006257534027	0.24138511717319489	0.11227582395076752	0.1693066954612732	-0.36839810013771057	-0.0823093056678772	-0.23513956367969513	-0.010027517564594746	-0.5582841634750366	0.26752588152885437	-0.33232754468917847	-0.24766738712787628	-0.16257263720035553	-0.2831451892852783	0.06981230527162552	-0.5607907176017761	-0.6337469816207886	-0.17602543532848358	-0.35479429364204407	-0.11450716108083725	-0.1614585816860199	-0.14630460739135742	-0.5442429780960083	-0.30233049392700195	0.25131914019584656	-0.11514540761709213	0.19697238504886627	-0.30792033672332764	0.2905482053756714	0.03373943641781807	0.07580484449863434	-0.35322844982147217	0.2642492353916168	0.2605951726436615	0.043246835470199585	0.03196513652801514	0.0709257572889328	0.269970178604126	0.265755295753479	0.09535649418830872	0.2869565188884735	-0.43010228872299194	-0.0236918143928051	-0.03833674266934395	-0.2761392593383789	-0.009968508966267109	0.33615949749946594	0.17415280640125275	0.11653853952884674	-0.09359955042600632	-0.20586776733398438	0.2107456922531128	0.3218201696872711	0.1383279263973236	0.5000259876251221	-0.39719516038894653	0.20165599882602692	0.5169218182563782	0.16433513164520264	0.4372175931930542	0.30934566259384155	0.3022785782814026	-0.0263814777135849	0.46560853719711304	0.30820363759994507	0.15467534959316254	0.1160193607211113	0.3645063638687134	0.2782171964645386	0.46747639775276184	0.39254334568977356	0.506895899772644	0.5038050413131714	0.4889644682407379	0.545963704586029	0.36547183990478516	-0.22043351829051971	0.49370530247688293	0.0073653594590723515	-0.2980905771255493	-0.22199781239032745	-0.4442797899246216
LH_Vis_8	0.43066322803497314	0.6657843589782715	0.7562032341957092	0.4901481866836548	0.3866189420223236	0.5884844064712524	0.7005916833877563	1.0	0.7900833487510681	0.166696235537529	0.19498534500598907	0.16185571253299713	-0.01843232847750187	0.15137751400470734	0.07408418506383896	0.6465664505958557	0.16167929768562317	0.46919092535972595	0.07951439917087555	0.26639795303344727	-0.0503024123609066	0.48156729340553284	-0.21359580755233765	-0.12208538502454758	0.03959693759679794	0.06849657744169235	-0.16161185503005981	0.015043766237795353	0.13223116099834442	0.24073773622512817	-0.15841808915138245	-0.15313072502613068	-0.2548230290412903	0.2605694830417633	-0.06229156255722046	-0.09888596832752228	-0.1267116665840149	-0.3072417974472046	-0.5079540014266968	0.10676301270723343	-0.490529865026474	-0.35006585717201233	-0.1442430019378662	-0.024231918156147003	-0.2056703269481659	-0.47586533427238464	-0.28637635707855225	-0.41730377078056335	-0.09805981069803238	-0.2212832123041153	0.44139355421066284	0.7508890628814697	0.5531020164489746	0.47030219435691833	0.598208487033844	0.6572412252426147	0.832791805267334	0.8397478461265564	0.2680862545967102	0.15300095081329346	-0.0372619666159153	-0.24015502631664276	0.09829097986221313	0.09119896590709686	0.24979771673679352	0.013730740174651146	0.2457098811864853	-0.15038684010505676	0.5458629727363586	0.37106579542160034	0.17053838074207306	0.4896082580089569	0.2531893849372864	0.3196336030960083	0.18350113928318024	0.23664133250713348	0.11641865223646164	0.30946439504623413	-0.2827475965023041	-0.14618724584579468	-0.03922756388783455	-0.16964416205883026	-0.3461010456085205	0.4441983103752136	-0.12676623463630676	0.046774718910455704	0.03054499439895153	-0.16141970455646515	0.10451584309339523	-0.499711275100708	-0.44598260521888733	-0.04955899342894554	-0.331314355134964	-0.09044314920902252	0.05517302826046944	-0.06540144979953766	-0.363065630197525	-0.3251756429672241	0.1577787846326828	-0.18689048290252686	-0.021917495876550674	-0.2881101667881012	0.2899620532989502	0.10321000218391418	-0.03143630549311638	-0.35470953583717346	0.08902550488710403	0.05780579149723053	-0.12804603576660156	0.05605292320251465	0.07636579126119614	0.15826213359832764	0.18107588589191437	0.18650123476982117	0.04094277322292328	-0.3147052824497223	-0.060381609946489334	-0.19450537860393524	-0.12137501686811447	-0.19324138760566711	0.2915574312210083	0.015326390974223614	0.016985585913062096	-0.10038291662931442	-0.14576001465320587	-0.10972785204648972	0.05778403952717781	0.016297554597258568	0.3931173086166382	-0.42467188835144043	0.08543577045202255	0.18283456563949585	-0.13403666019439697	0.10628324747085571	-0.030209973454475403	0.2287496030330658	-0.10293073952198029	0.21758711338043213	0.2540868818759918	0.11244730651378632	-0.09195506572723389	0.14020995795726776	0.23803696036338806	0.4212530553340912	0.17156612873077393	0.32537636160850525	0.17861054837703705	0.019458798691630363	0.18358652293682098	0.18677662312984467	-0.3021929860115051	0.04119589179754257	-0.1681823432445526	-0.4165467321872711	-0.4274390935897827	-0.6130503416061401
LH_Vis_9	0.22905568778514862	0.574612021446228	0.6979557275772095	0.23524565994739532	0.47811159491539	0.5531955361366272	0.6358858346939087	0.7900833487510681	1.0	0.20552988350391388	0.33094948530197144	0.31013086438179016	0.08906035870313644	0.22043314576148987	0.024774717167019844	0.550711452960968	0.22006043791770935	0.352692574262619	0.12940682470798492	0.2375311404466629	0.058910075575113297	0.34387311339378357	-0.34568485617637634	-0.04182524234056473	0.09733869135379791	0.2076101154088974	0.029707809910178185	0.16821420192718506	0.3109246790409088	0.3175297677516937	-0.243586003780365	-0.25684040784835815	-0.23442696034908295	0.3033735752105713	-0.17255768179893494	0.04074485972523689	0.03331369161605835	-0.4371459186077118	-0.6494274139404297	0.060505762696266174	-0.5488519072532654	-0.44068294763565063	-0.4529884457588196	-0.1455259919166565	-0.179420605301857	-0.647256076335907	-0.4631495773792267	-0.44207870960235596	-0.1287507563829422	-0.24158768355846405	0.274834007024765	0.647894024848938	0.5080689787864685	0.4801863133907318	0.599340558052063	0.5901671051979065	0.5503141283988953	0.7868761420249939	0.3127381503582001	0.31709176301956177	0.10049813240766525	-0.10362760722637177	0.17103923857212067	0.23453673720359802	0.3729480504989624	-0.06556658446788788	0.342826247215271	-0.09544851630926132	0.659208357334137	0.3076339066028595	0.16490989923477173	0.612235963344574	0.3787952959537506	0.45879143476486206	0.42155006527900696	0.4002143144607544	0.45926424860954285	0.5043854713439941	-0.2641482353210449	-0.29236817359924316	0.2809153199195862	-0.06359446793794632	-0.34036168456077576	0.43782147765159607	0.18365201354026794	0.08389940112829208	0.2377442717552185	0.031523752957582474	0.3771171271800995	-0.32425883412361145	-0.46133342385292053	-0.2207266390323639	-0.3810628354549408	-0.027213795110583305	0.07435333728790283	-0.059753257781267166	-0.4502086639404297	-0.14768968522548676	0.13341131806373596	-0.10445123165845871	-0.20888330042362213	-0.43102580308914185	0.2870807945728302	-0.08772023022174835	-0.24900564551353455	-0.3525077998638153	0.12163683772087097	0.10258091241121292	0.020530356094241142	0.03941001743078232	0.06604170054197311	0.32272496819496155	0.22068651020526886	0.1683417558670044	-0.13718467950820923	-0.25124067068099976	-0.005438404157757759	-0.3353015184402466	0.00776500441133976	-0.17548131942749023	0.1827753782272339	-0.01713230088353157	0.07583027333021164	-0.0773390382528305	-0.005048410035669804	0.06022363156080246	0.14689098298549652	0.13020823895931244	0.32939842343330383	-0.4730341136455536	0.05556610971689224	0.18041518330574036	-0.10792849957942963	0.13622033596038818	-0.025305600836873055	0.1526186764240265	0.05597870424389839	0.18944406509399414	0.3636866807937622	0.23952513933181763	0.049136389046907425	-0.011561417020857334	0.18051376938819885	0.33348944783210754	0.14685675501823425	0.33913543820381165	0.23230211436748505	-0.07198413461446762	-0.034184087067842484	0.22015424072742462	-0.17427539825439453	0.03030710108578205	-0.22223110496997833	-0.5801439881324768	-0.5505961775779724	-0.49873054027557373
LH_SomMot_1	-0.008443951606750488	0.29939714074134827	0.355065256357193	0.1325266808271408	0.2526971697807312	0.35693398118019104	0.23250645399093628	0.166696235537529	0.20552988350391388	1.0	0.47102439403533936	0.36770686507225037	0.028534946963191032	0.24698445200920105	0.23714680969715118	0.361670583486557	0.406963974237442	-0.004113377537578344	0.08471132069826126	0.20483385026454926	0.23212306201457977	0.41143399477005005	-0.006006503943353891	0.29025521874427795	0.576210081577301	0.32270756363868713	0.22199563682079315	0.41330283880233765	0.4962058365345001	0.39346304535865784	0.053538817912340164	-0.34769800305366516	0.14806611835956573	0.19051800668239594	0.11560363322496414	-0.4205399751663208	-0.29853299260139465	-0.5982873439788818	-0.5912500619888306	-0.18559736013412476	-0.5930255055427551	-0.4048673212528229	-0.44807714223861694	-0.08188870549201965	-0.0867948979139328	-0.38896289467811584	-0.6773878335952759	-0.518224835395813	-0.22485896944999695	-0.5376784801483154	0.0716472640633583	0.2580024302005768	0.21082721650600433	0.2582644820213318	0.35737767815589905	0.2771642804145813	0.12069335579872131	0.17379142343997955	0.6396729350090027	0.3840782046318054	0.221344992518425	-0.11707543581724167	-0.03320418670773506	0.4091397225856781	0.43061408400535583	0.1705249398946762	0.12821391224861145	0.1626545935869217	0.24322010576725006	0.09224829077720642	0.4208453893661499	0.37059324979782104	0.42649123072624207	0.09539462625980377	0.47142165899276733	0.5080410242080688	0.5176025629043579	0.39969509840011597	0.12279071658849716	-0.4338833689689636	0.2748212218284607	-0.15082480013370514	-0.30847421288490295	0.4211815893650055	0.3052468001842499	-0.16935959458351135	-0.22342219948768616	0.1426868587732315	-0.17833924293518066	-0.37793418765068054	-0.27358943223953247	-0.21434904634952545	-0.46095165610313416	0.10002189129590988	0.03212415426969528	-0.08482137322425842	-0.3245725929737091	-0.06903141736984253	-0.1454959362745285	-0.4622242748737335	0.44709402322769165	-0.052482444792985916	-0.11406532675027847	0.2869877815246582	0.0705239400267601	-0.10117098689079285	-0.10479321330785751	-0.3606964647769928	-0.04073037579655647	-0.1750296950340271	0.293233722448349	0.1278286576271057	-0.3886231482028961	0.14668560028076172	0.44097208976745605	0.12853635847568512	-0.2658073604106903	0.06464631110429764	0.019665181636810303	-0.3308408260345459	0.01212194561958313	-0.30345162749290466	0.2228601574897766	0.20327240228652954	0.008799511007964611	-0.19341355562210083	-0.3375058174133301	-0.09498803317546844	-0.2104918211698532	0.0636412724852562	-0.1113751158118248	0.08115150034427643	-0.3619309067726135	-0.2773136496543884	0.15478451550006866	-0.12511728703975677	0.389874666929245	0.06277362257242203	-0.04546327143907547	-0.05036703497171402	-0.0012858569389209151	-0.07652714103460312	-0.07598444819450378	0.05604809522628784	0.038167402148246765	0.26121124625205994	0.1961345672607422	0.08525322377681732	-0.16528835892677307	0.04243370145559311	0.034138403832912445	-2.9247370548546314e-05	-0.28908398747444153	-0.5289109349250793	-0.33624112606048584	-0.2025875449180603
LH_SomMot_2	0.14790722727775574	0.4509255886077881	0.5681151151657104	0.19164836406707764	0.5486471652984619	0.5415832996368408	0.5557780265808105	0.19498534500598907	0.33094948530197144	0.47102439403533936	1.0	0.8517165780067444	0.4309269189834595	0.7162851095199585	0.3758038282394409	0.5439442992210388	0.6520358324050903	0.22131028771400452	0.4137716293334961	0.1835445761680603	0.5174691677093506	0.5352194309234619	0.06206754595041275	-0.03991251811385155	0.7342717051506042	0.5922622084617615	0.09480838477611542	0.43204039335250854	0.4308208227157593	0.5299291014671326	-0.16886554658412933	-0.13886253535747528	-0.014693387784063816	0.33156922459602356	0.13247407972812653	-0.3446747064590454	-0.35134389996528625	-0.6372959613800049	-0.6742129921913147	-0.2920326888561249	-0.6000346541404724	-0.45277583599090576	-0.49372807145118713	-0.056779924780130386	0.000630511378403753	-0.5293939113616943	-0.6070302724838257	-0.45575690269470215	-0.15121957659721375	-0.3673938512802124	0.28739088773727417	0.39201050996780396	0.3343469202518463	0.1108076423406601	0.4476970434188843	0.41351327300071716	0.016915734857320786	0.16054362058639526	0.6332995891571045	0.934834897518158	0.7568814754486084	0.24664734303951263	0.30324918031692505	0.6130526661872864	0.6482923030853271	0.23742711544036865	0.11553387343883514	0.4922772943973541	0.41910064220428467	0.17406882345676422	0.4068633019924164	0.5826009511947632	0.47331133484840393	0.055174820125103	0.546479344367981	0.7404647469520569	0.5181967616081238	0.48958244919776917	-0.23287437856197357	-0.24432264268398285	0.12993937730789185	-0.18613187968730927	-0.603888750076294	0.4482746422290802	0.14914222061634064	-0.21029303967952728	-0.287567138671875	0.05806680768728256	-0.1781851053237915	-0.5329698920249939	-0.6322587132453918	-0.4372573494911194	-0.5839476585388184	0.09981124848127365	-0.10617172718048096	-0.2646072506904602	-0.6026915907859802	-0.2551741600036621	-0.2007024586200714	-0.3797348141670227	0.30124878883361816	-0.30894508957862854	0.17799021303653717	0.17849799990653992	0.04139535129070282	-0.38010072708129883	0.08132707327604294	0.1743081510066986	0.06383248418569565	-0.17021746933460236	0.1980666220188141	0.41648298501968384	-0.06922748684883118	0.2255016416311264	0.3728775680065155	-0.1366063952445984	-0.13690496981143951	0.057572707533836365	0.0075933970510959625	-0.07245256006717682	0.2439028024673462	0.11847753822803497	0.46210965514183044	0.21709772944450378	-0.029758475720882416	0.21164359152317047	0.08912502974271774	0.21900740265846252	0.31050360202789307	-0.24985583126544952	0.18592119216918945	0.5059128999710083	0.14302845299243927	0.364726722240448	0.434624582529068	0.181548073887825	0.3869612216949463	0.5681230425834656	0.2726326584815979	0.3092838227748871	0.384472519159317	0.3276355266571045	0.029482271522283554	0.30363425612449646	0.3657853603363037	0.47675374150276184	0.6676023006439209	0.5298921465873718	0.21252566576004028	0.4529564082622528	-0.08470141142606735	0.3747469186782837	-0.22656989097595215	-0.568047046661377	-0.3953767418861389	-0.3845633864402771
LH_SomMot_3	0.03368547931313515	0.29776817560195923	0.4341799020767212	0.2877083718776703	0.30795204639434814	0.27807867527008057	0.43157845735549927	0.16185571253299713	0.31013086438179016	0.36770686507225037	0.8517165780067444	1.0	0.49190232157707214	0.6897478699684143	0.1705106496810913	0.40045949816703796	0.7536731362342834	0.06897472590208054	0.34091153740882874	0.2548815906047821	0.4242900311946869	0.5503764748573303	0.03710326552391052	0.1385132372379303	0.6251042485237122	0.6888121962547302	0.3103356957435608	0.3933691382408142	0.46611595153808594	0.6146703362464905	-0.06071270629763603	-0.14547736942768097	-0.04059944301843643	0.18990664184093475	0.0916338786482811	-0.306301087141037	-0.21728534996509552	-0.5798995494842529	-0.6245228052139282	-0.1747574508190155	-0.5719771385192871	-0.42366400361061096	-0.415000319480896	-0.1100502610206604	-0.011398839764297009	-0.49964413046836853	-0.576319694519043	-0.4342590272426605	-0.253555566072464	-0.3635746240615845	0.06208091601729393	0.19366595149040222	0.17068032920360565	0.0684356540441513	0.2420588880777359	0.21379528939723969	-0.09040316194295883	0.1187782734632492	0.4655901789665222	0.8967891931533813	0.87478107213974	0.2449190467596054	0.30749303102493286	0.6269798874855042	0.6590357422828674	0.014716633595526218	0.11029168963432312	0.568695068359375	0.3863239884376526	0.022863799706101418	0.4011566936969757	0.5586525201797485	0.5704959034919739	0.05835714563727379	0.6335914134979248	0.6592652797698975	0.5996699333190918	0.5903461575508118	-0.20005859434604645	-0.21624933183193207	0.07936732470989227	-0.3337605893611908	-0.47901543974876404	0.41674283146858215	0.23642581701278687	-0.10001946240663528	-0.17678159475326538	0.08090701699256897	-0.1643671989440918	-0.4543531537055969	-0.5768424272537231	-0.4273264408111572	-0.5628684163093567	0.07968077063560486	-0.006583185866475105	-0.34393739700317383	-0.5289976000785828	-0.2891775667667389	-0.33186304569244385	-0.3708867132663727	0.22127313911914825	-0.21625791490077972	0.2552444338798523	0.04679255187511444	0.13457655906677246	-0.4455266296863556	0.08669209480285645	0.21948185563087463	0.2775076627731323	-0.03932027146220207	0.18931198120117188	0.26102903485298157	-0.14241480827331543	0.19819238781929016	0.34578996896743774	-0.09324759989976883	0.04029609262943268	-0.003997416701167822	0.02345808781683445	-0.0025603126268833876	0.055769987404346466	-0.00782172754406929	0.32527244091033936	0.272967129945755	-0.0188438780605793	0.2416485846042633	0.13160163164138794	0.25050631165504456	0.2683824598789215	-0.30078211426734924	0.2602573037147522	0.385590136051178	0.1911628246307373	0.24201440811157227	0.18420694768428802	0.0020184495951980352	0.29262596368789673	0.3993082642555237	0.29867079854011536	0.26220273971557617	0.4054200053215027	0.1219569742679596	-0.10373123735189438	0.216507226228714	0.21182747185230255	0.4670368432998657	0.5222108364105225	0.2832302153110504	0.09800103306770325	0.4321545660495758	-0.1424345076084137	0.26251375675201416	-0.2327388972043991	-0.5215470790863037	-0.37132009863853455	-0.2726903259754181
