Node	LH_Vis_1	LH_Vis_2	LH_Vis_3	LH_Vis_4	LH_Vis_5	LH_Vis_6	LH_Vis_7	LH_Vis_8	LH_Vis_9	LH_SomMot_1	LH_SomMot_2	LH_SomMot_3	LH_SomMot_4	LH_SomMot_5	LH_SomMot_6	LH_DorsAttn_Post_1	LH_DorsAttn_Post_2	LH_DorsAttn_Post_3	LH_DorsAttn_Post_4	LH_DorsAttn_Post_5	LH_DorsAttn_Post_6	LH_DorsAttn_PrCv_1	LH_DorsAttn_FEF_1	LH_SalVentAttn_ParOper_1	LH_SalVentAttn_FrOperIns_1	LH_SalVentAttn_FrOperIns_2	LH_SalVentAttn_PFCl_1	LH_SalVentAttn_Med_1	LH_SalVentAttn_Med_2	LH_SalVentAttn_Med_3	LH_Limbic_OFC_1	LH_Limbic_TempPole_1	LH_Limbic_TempPole_2	LH_Cont_Par_1	LH_Cont_PFCl_1	LH_Cont_pCun_1	LH_Cont_Cing_1	LH_Default_Temp_1	LH_Default_Temp_2	LH_Default_Par_1	LH_Default_Par_2	LH_Default_PFC_1	LH_Default_PFC_2	LH_Default_PFC_3	LH_Default_PFC_4	LH_Default_PFC_5	LH_Default_PFC_6	LH_Default_PFC_7	LH_Default_pCunPCC_1	LH_Default_pCunPCC_2	RH_Vis_1	RH_Vis_2	RH_Vis_3	RH_Vis_4	RH_Vis_5	RH_Vis_6	RH_Vis_7	RH_Vis_8	RH_SomMot_1	RH_SomMot_2	RH_SomMot_3	RH_SomMot_4	RH_SomMot_5	RH_SomMot_6	RH_SomMot_7	RH_SomMot_8	RH_DorsAttn_Post_1	RH_DorsAttn_Post_2	RH_DorsAttn_Post_3	RH_DorsAttn_Post_4	RH_DorsAttn_Post_5	RH_DorsAttn_PrCv_1	RH_DorsAttn_FEF_1	RH_SalVentAttn_TempOccPar_1	RH_SalVentAttn_TempOccPar_2	RH_SalVentAttn_FrOperIns_1	RH_SalVentAttn_Med_1	RH_SalVentAttn_Med_2	RH_Limbic_OFC_1	RH_Limbic_TempPole_1	RH_Cont_Par_1	RH_Cont_Par_2	RH_Cont_PFCl_1	RH_Cont_PFCl_2	RH_Cont_PFCl_3	RH_Cont_PFCl_4	RH_Cont_Cing_1	RH_Cont_PFCmp_1	RH_Cont_pCun_1	RH_Default_Par_1	RH_Default_Temp_1	RH_Default_Temp_2	RH_Default_Temp_3	RH_Default_PFCv_1	RH_Default_PFCv_2	RH_Default_PFCdPFCm_1	RH_Default_PFCdPFCm_2	RH_Default_PFCdPFCm_3	RH_Default_pCunPCC_1	RH_Default_pCunPCC_2	LH-Pu	LH-Ca	LH-NAC	LH-EXA	LH-GPe	LH-GPi	LH-SNc_PBP_VTA	LH-RN	LH-SNr	LH-VeP	LH-HN	LH-HTH	LH-MN	LH-STH	RH-Pu	RH-Ca	RH-NAC	RH-EXA	RH-GPe	RH-GPi	RH-SNc_PBP_VTA	RH-RN	RH-SNr	RH-VeP	RH-HN	RH-HTH	RH-MN	RH-STH	LH-Pulvinar	LH-Anterior	LH-Medio_Dorsal	LH-Ventral_Latero_Dorsal	LH-Central_Lateral-Lateral_Posterior-Medial_Pulvinar	LH-Ventral_Anterior	LH-Ventral_Latero_Ventral	RH-Pulvinar	RH-Anterior	RH-Medio_Dorsal	RH-Ventral_Latero_Dorsal	RH-Central_Lateral-Lateral_Posterior-Medial_Pulvinar	RH-Ventral_Anterior	RH-Ventral_Latero_Ventral	LH_Hippocampus	LH_Amygdala	RH_Hippocampus	RH_Amygdala	Cerebellar_Region1	Cerebellar_Region2	Cerebellar_Region3	Cerebellar_Region4	Cerebellar_Region5	Cerebellar_Region6	Cerebellar_Region7	Cerebellar_Region8	Cerebellar_Region9	Cerebellar_Region10
LH_Vis_1	1.0	0.5018506050109863	0.24874190986156464	0.41230541467666626	0.3091604709625244	0.07265812903642654	0.49230653047561646	0.5138956308364868	0.1936269849538803	0.28756895661354065	0.017062578350305557	-0.011577218770980835	-0.04610373079776764	-0.21500560641288757	0.04322369769215584	0.5625110864639282	0.48981139063835144	0.2808910608291626	0.09837359935045242	0.35434281826019287	0.029996974393725395	-0.12071579694747925	-0.09651747345924377	-0.04018578305840492	0.6406169533729553	0.3009124994277954	0.08163260668516159	0.39892274141311646	0.46428215503692627	-0.12274186313152313	-0.14159803092479706	0.1934763342142105	-0.37581318616867065	-0.39961495995521545	-0.3097057640552521	0.4378814101219177	0.3940166234970093	0.022061113268136978	-0.5579268336296082	-0.2154914289712906	-0.29805609583854675	0.08615141361951828	-0.36942967772483826	0.3497525155544281	-0.17088696360588074	-0.31125810742378235	-0.4466231167316437	-0.14599309861660004	0.7996078133583069	0.292937308549881	0.7710222601890564	0.342766672372818	0.55842524766922	0.444654643535614	0.19310162961483002	0.08008547872304916	0.37847596406936646	0.29538896679878235	0.38547372817993164	0.14898385107517242	0.143989697098732	-0.014178827404975891	0.17489729821681976	-0.0109231723472476	0.05605544522404671	0.03245588764548302	0.5759236812591553	0.09122730791568756	0.31241315603256226	0.33030205965042114	0.2273663431406021	0.29798266291618347	0.23873379826545715	0.25934597849845886	0.36917775869369507	0.3812459111213684	0.44192972779273987	0.18853534758090973	-0.1926080584526062	0.23031143844127655	-0.4188358783721924	-0.30916887521743774	-0.5961014628410339	-0.261561781167984	0.07870379090309143	-0.474103182554245	0.5359642505645752	-0.0406099371612072	0.37697872519493103	-0.3372797667980194	-0.24888336658477783	0.11567014455795288	-0.28853467106819153	-0.05971604958176613	-0.4459332525730133	0.2793838679790497	-0.5309891104698181	-0.30743637681007385	0.700389564037323	0.36957240104675293	0.1863468885421753	0.28600844740867615	-0.1008441299200058	0.0706903338432312	-0.07230323553085327	-0.07332545518875122	-0.1987004429101944	0.30071842670440674	-0.02203974314033985	-0.2147962599992752	0.1603601723909378	0.5717304348945618	0.04926712438464165	0.31755468249320984	-0.024072788655757904	0.1486642211675644	0.12196118384599686	0.307264506816864	-0.10503453016281128	-0.4781002700328827	0.5471121072769165	0.5112802982330322	-0.30759361386299133	-0.051588401198387146	-0.11899308115243912	0.5446743369102478	0.17598599195480347	0.3340296745300293	0.2940518856048584	0.4175442159175873	0.2352948933839798	-0.20733068883419037	-0.0787976011633873	0.4292314052581787	-0.2726482152938843	0.32795241475105286	0.5017049312591553	0.07631998509168625	0.03833071142435074	-0.08751970529556274	0.35901084542274475	0.057605620473623276	0.6157466769218445	0.28123557567596436	0.4188953638076782	0.356332391500473	0.281474232673645	0.0033072468359023333	0.15884685516357422	0.29213815927505493	-0.4478279948234558	-0.12922194600105286	-0.33180245757102966	-0.40500393509864807	-0.35483381152153015	-0.5343340635299683
LH_Vis_2	0.5018506050109863	1.0	0.37585756182670593	0.4174823462963104	0.828757643699646	0.3544086217880249	0.5684269666671753	0.8093683123588562	0.49124279618263245	0.47618478536605835	0.060871437191963196	0.07792150229215622	0.1148499995470047	0.007476339116692543	-0.05248419567942619	0.5509502291679382	0.10146224498748779	0.4423132836818695	0.21599873900413513	0.3407888412475586	0.04748242348432541	-0.07847803831100464	-0.0807691290974617	0.02379666641354561	0.4705307185649872	0.4566304683685303	0.14698371291160583	0.3555888831615448	0.3289150893688202	-0.11560504138469696	-0.31182846426963806	-0.21757593750953674	-0.5115376710891724	-0.290522038936615	-0.30761680006980896	0.45810967683792114	0.23544415831565857	-0.29984042048454285	-0.4996614456176758	-0.13866634666919708	-0.5812921524047852	-0.12304577976465225	-0.4744226932525635	-0.10945302248001099	-0.4933074116706848	-0.6059440970420837	-0.6194047331809998	-0.5814221501350403	0.35016298294067383	-0.037263475358486176	0.6863454580307007	0.7399853467941284	0.6850173473358154	0.64679354429245	0.5850579738616943	0.2523540258407593	0.6763341426849365	0.6180320978164673	0.5182815194129944	0.18017330765724182	0.1705092042684555	0.16853927075862885	0.2368336021900177	0.12211442738771439	0.09975220263004303	0.0015333467163145542	0.5154187083244324	0.16329964995384216	0.43233102560043335	0.5450418591499329	0.2920520007610321	0.37677472829818726	0.26489490270614624	0.31952500343322754	0.4274870455265045	0.6048925518989563	0.3679847717285156	0.3045468032360077	-0.2869109511375427	-0.054173219949007034	-0.28323444724082947	-0.29650232195854187	-0.6545271277427673	-0.2882068455219269	0.23739641904830933	-0.4307687282562256	0.3924717605113983	-0.2072465717792511	0.38667044043540955	-0.4222564697265625	-0.46983835101127625	0.20755821466445923	-0.16998204588890076	-0.27395886182785034	-0.44953203201293945	-0.12668201327323914	-0.719284176826477	-0.49195796251296997	0.49072501063346863	0.07034272700548172	0.28757113218307495	0.06421320885419846	0.08798451721668243	0.08678530156612396	-0.00344786886125803	-0.02601723000407219	-0.04381905123591423	0.1243230476975441	-0.14426791667938232	0.1548980474472046	0.10181310027837753	0.3313330113887787	-0.20330412685871124	0.017710121348500252	0.26501575112342834	0.18988551199436188	0.3475912809371948	0.21289198100566864	0.0843890979886055	-0.1152392104268074	0.14311759173870087	-0.0074759856797754765	-0.034636903554201126	0.09807325899600983	0.008718051016330719	0.12376965582370758	-0.03941226005554199	0.3702485263347626	0.5416004657745361	0.17173345386981964	0.3805672228336334	-0.10263877362012863	0.06860227137804031	0.025291133671998978	0.24446488916873932	0.5833569169044495	0.3663974702358246	0.30250832438468933	0.39086291193962097	0.2678905725479126	0.3092239499092102	0.3204198181629181	0.24506399035453796	0.15779557824134827	0.26146188378334045	-0.02337750233709812	0.33498579263687134	0.16433292627334595	0.15879686176776886	0.1990310549736023	-0.5292266607284546	-0.24666710197925568	-0.3969198763370514	-0.652148962020874	-0.5518931150436401	-0.3887030780315399
LH_Vis_3	0.24874190986156464	0.37585756182670593	1.0	-0.21390336751937866	0.18815574049949646	0.8115605711936951	0.3230762481689453	0.47669726610183716	0.8084490895271301	0.2890315055847168	0.06271477043628693	-0.0014887256547808647	0.1715637445449829	0.19746065139770508	0.07743196189403534	0.020643703639507294	0.04802682623267174	0.3137584924697876	0.08135434240102768	0.0820930004119873	0.13872408866882324	-0.2344425618648529	0.007959958165884018	-0.027005808427929878	0.20959222316741943	0.23550789058208466	0.18222984671592712	0.15293975174427032	0.3273029625415802	-0.07832764089107513	-0.28918659687042236	-0.28223714232444763	-0.24160298705101013	-0.27324458956718445	-0.23643311858177185	0.14656467735767365	0.08427486568689346	-0.053502678871154785	-0.15086637437343597	-0.08445944637060165	-0.22515128552913666	-0.0011257275473326445	-0.22897005081176758	0.12280626595020294	-0.4026828408241272	-0.10034161061048508	-0.21162281930446625	-0.28682687878608704	0.2155579775571823	-0.0399649553000927	0.19516126811504364	0.612910807132721	0.3288046419620514	-0.028858093544840813	0.7463881373405457	0.8872541189193726	0.5366502404212952	0.7300539612770081	0.25493529438972473	-0.054440584033727646	0.07405079156160355	0.20317687094211578	0.19179391860961914	-0.08505033701658249	-0.0008487352752126753	-0.14713776111602783	0.0907076746225357	0.03477490320801735	0.20443159341812134	0.4847678244113922	-0.005556256510317326	0.20814509689807892	0.13124562799930573	0.209782212972641	0.16033874452114105	0.32483401894569397	0.22477145493030548	0.29474499821662903	-0.4708981513977051	-0.2497045248746872	-0.3038945496082306	-0.22118301689624786	-0.37087443470954895	-0.13779032230377197	0.1415257453918457	-0.30905798077583313	0.2182973027229309	0.009834574535489082	0.14796331524848938	-0.4065767526626587	-0.3124188780784607	0.14812219142913818	0.14927330613136292	-0.2087002843618393	-0.10651958733797073	-0.0379672646522522	-0.33764612674713135	-0.4855061173439026	0.2571399211883545	0.025312311947345734	0.15142673254013062	0.2556685209274292	0.07584499567747116	0.18412983417510986	0.10135934501886368	0.051608964800834656	-0.38015320897102356	-0.05754651129245758	-0.13334466516971588	0.019731430336833	-0.07147562503814697	0.0248201172798872	-0.11075844615697861	0.1067216694355011	0.016416601836681366	0.27999791502952576	0.07572230696678162	0.11851483583450317	-0.2181120365858078	-0.19769985973834991	0.2521294057369232	0.07501009106636047	-0.367784321308136	0.19981829822063446	-0.10354594886302948	-0.008569709956645966	0.11901403963565826	-0.048030294477939606	0.32176750898361206	0.03379158303141594	-0.009408329613506794	0.02733447030186653	-0.06575745344161987	-0.013297446072101593	-0.013066144660115242	0.42109888792037964	0.06162891164422035	0.007475923281162977	0.10541369020938873	0.1853453516960144	-0.1695249378681183	0.015673797577619553	-0.09795431792736053	-0.20947356522083282	0.001310062361881137	-0.0864330530166626	0.15731441974639893	0.2466059774160385	0.2564258277416229	0.18835563957691193	-0.40468451380729675	-0.22695523500442505	-0.43272119760513306	-0.4050850570201874	-0.3611508309841156	-0.3383186161518097
LH_Vis_4	0.41230541467666626	0.4174823462963104	-0.21390336751937866	1.0	0.387045294046402	-0.0858462005853653	0.35134607553482056	0.5198519825935364	-0.011090048588812351	0.06960462033748627	-0.22179198265075684	-0.12795953452587128	-0.15149521827697754	-0.24969634413719177	-0.07122764736413956	0.5464086532592773	0.22769340872764587	0.20197944343090057	0.05650242418050766	0.3408113121986389	-0.05497932434082031	-0.11401483416557312	-0.26473507285118103	-0.04206707701086998	0.23042616248130798	-0.09865644574165344	-0.1596522033214569	-0.09523535519838333	0.2941432595252991	-0.4194560945034027	-0.14050279557704926	0.07455740123987198	-0.43881526589393616	-0.2468716949224472	-0.32829031348228455	0.3583972156047821	0.2116079479455948	-0.22454333305358887	-0.4403877556324005	-0.21446160972118378	-0.389759361743927	-0.2698637843132019	-0.3885391354560852	-0.1893966645002365	-0.16252440214157104	-0.44704097509384155	-0.33763960003852844	-0.3739356994628906	0.3084985017776489	0.10098811984062195	0.5468053817749023	0.22920788824558258	0.4512980580329895	0.745823323726654	0.002255244180560112	-0.12530596554279327	0.3409454822540283	0.19088223576545715	0.19412362575531006	0.027029013261198997	-0.07983554154634476	-0.06156069412827492	-0.10024835169315338	0.001575800939463079	0.010242408141493797	0.13324610888957977	0.4598240554332733	0.05695899575948715	0.15664172172546387	0.21955980360507965	0.23297125101089478	0.15910106897354126	0.027879029512405396	0.20035474002361298	0.24430398643016815	0.19199609756469727	0.19787822663784027	-0.06504492461681366	0.0755254402756691	0.30532363057136536	-0.046837545931339264	-0.1254190355539322	-0.27432867884635925	-0.09416192024946213	0.058995138853788376	-0.10742687433958054	0.4243979752063751	-0.21847960352897644	0.36119839549064636	-0.11512105911970139	-0.27327990531921387	-0.010935701429843903	-0.20650967955589294	-0.1886478066444397	-0.18595503270626068	-0.17749236524105072	-0.31581711769104004	-0.15386749804019928	0.3189791142940521	0.062181249260902405	-0.03634683042764664	-0.13753989338874817	-0.032720327377319336	0.03833466023206711	-0.3486989140510559	-0.20251137018203735	0.025577984750270844	0.2939048111438751	-0.02016381174325943	0.11949912458658218	0.0005288668908178806	0.20081795752048492	0.20914258062839508	-0.030583785846829414	0.01698608137667179	-0.28093087673187256	0.1367141306400299	0.12404760718345642	0.18975867331027985	-0.03640305995941162	-0.05461682006716728	0.13647077977657318	0.042198795825242996	0.04164651036262512	0.07729826867580414	0.14736077189445496	-0.08086605370044708	0.12106853723526001	0.039958905428647995	0.18867644667625427	-0.07262511551380157	-0.3465953767299652	-0.1420200765132904	-0.1276186853647232	-0.17110112309455872	0.05423828586935997	0.04423379898071289	0.041271112859249115	0.05324294790625572	-0.20007596909999847	0.10187157243490219	-0.07371450960636139	0.20258751511573792	-0.009580839425325394	0.14756546914577484	0.1560308039188385	-0.04289165884256363	-0.16425669193267822	-0.22639422118663788	-0.08475691080093384	-0.17957594990730286	-0.2750765383243561	0.09091775864362717	-0.25911378860473633	-0.2219378501176834	-0.0013313646195456386
LH_Vis_5	0.3091604709625244	0.828757643699646	0.18815574049949646	0.387045294046402	1.0	0.3675768971443176	0.36592522263526917	0.6533660292625427	0.4428773820400238	0.39292430877685547	0.03887004032731056	0.19785833358764648	0.1831391453742981	0.06877687573432922	-0.048176754266023636	0.30276307463645935	0.13369148969650269	0.18241798877716064	0.16672153770923615	0.27360183000564575	0.16861002147197723	-0.21325312554836273	-0.15360738337039948	-0.009766987524926662	0.3778838515281677	0.29927858710289	0.06588735431432724	0.24677406251430511	0.3352005183696747	-0.2412806898355484	-0.29777464270591736	-0.3086340129375458	-0.5383777022361755	-0.33895358443260193	-0.40692806243896484	0.37982234358787537	0.17469395697116852	-0.3521775007247925	-0.4970419406890869	-0.21326419711112976	-0.6674478054046631	-0.14937859773635864	-0.5426613092422485	-0.19748495519161224	-0.5223780274391174	-0.667279839515686	-0.6855037212371826	-0.6939333081245422	0.2732827365398407	-0.10137563198804855	0.528292179107666	0.566443681716919	0.5814681053161621	0.6913883686065674	0.622011661529541	0.17788663506507874	0.5321632027626038	0.5715770125389099	0.4453659653663635	0.2542267441749573	0.2837238013744354	0.25958433747291565	0.2969712018966675	0.2807498574256897	0.2522624731063843	0.08255515992641449	0.5587619543075562	0.34073805809020996	0.35750463604927063	0.508640468120575	0.49949419498443604	0.3018519878387451	0.3158715069293976	0.3880901336669922	0.5316964983940125	0.583541214466095	0.48712465167045593	0.35010823607444763	-0.012314732186496258	-0.014418860897421837	-0.1499014049768448	-0.21787025034427643	-0.5909750461578369	-0.2799493670463562	0.20241756737232208	-0.3433358371257782	0.3282416760921478	-0.22842611372470856	0.40085259079933167	-0.23871764540672302	-0.35573649406433105	0.35579368472099304	-0.025456730276346207	-0.18736658990383148	-0.32131996750831604	-0.060176122933626175	-0.559585452079773	-0.43093693256378174	0.4946559965610504	0.016355015337467194	0.21887266635894775	-0.07516548037528992	0.06550107151269913	-0.06663817167282104	-0.039793673902750015	-0.23529016971588135	-0.03650941699743271	0.12717340886592865	-0.32403185963630676	0.07218066602945328	0.10315606743097305	0.3478769361972809	-0.25191327929496765	0.05901040509343147	0.2731829583644867	0.15327738225460052	0.261800080537796	0.14537814259529114	0.17029719054698944	-0.037191592156887054	0.08476430922746658	-0.04772590845823288	0.019828487187623978	-0.048354871571063995	0.10269297659397125	0.1974320411682129	-0.0733243077993393	0.5013265013694763	0.3406638205051422	0.11554017663002014	0.2970236539840698	-0.07883601635694504	0.09907812625169754	-0.03823560103774071	0.24319757521152496	0.5529610514640808	0.31561508774757385	0.31134361028671265	0.39439499378204346	0.31451040506362915	0.3732317388057709	0.3231469392776489	0.08969506621360779	0.25101885199546814	0.2847098410129547	0.08483883738517761	0.3542719781398773	0.22845615446567535	0.18998834490776062	0.26475825905799866	-0.47608184814453125	-0.2166917473077774	-0.3054671585559845	-0.6263418197631836	-0.4976121187210083	-0.2782449722290039
LH_Vis_6	0.07265812903642654	0.3544086217880249	0.8115605711936951	-0.0858462005853653	0.3675768971443176	1.0	0.18000252544879913	0.49270302057266235	0.8359627723693848	0.18850131332874298	-0.10658088326454163	0.03006548061966896	0.09965293109416962	0.22548891603946686	0.04736725986003876	-0.05813295394182205	0.014514164067804813	0.22284317016601562	0.15584054589271545	0.11245649307966232	0.23002344369888306	-0.3065214157104492	-0.017147662118077278	-0.021161576732993126	0.043343961238861084	0.08554624021053314	0.16029684245586395	0.14073389768600464	0.38057035207748413	-0.16534537076950073	-0.257756769657135	-0.3699371814727783	-0.35318267345428467	-0.31590309739112854	-0.33249932527542114	0.11161115765571594	-0.014718377031385899	-0.21902954578399658	-0.19289769232273102	-0.1859736144542694	-0.42480117082595825	-0.07967788726091385	-0.36064624786376953	-0.13335184752941132	-0.45992302894592285	-0.30208054184913635	-0.34398195147514343	-0.4611658453941345	0.07686160504817963	-0.2055361270904541	0.20499852299690247	0.5549378991127014	0.32456234097480774	0.17148952186107635	0.8335645794868469	0.9235501885414124	0.5391954183578491	0.7753070592880249	0.16892486810684204	-0.09627967327833176	0.06102025508880615	0.1365874856710434	0.19406230747699738	-0.021083753556013107	0.12573367357254028	-0.1276891678571701	0.17972491681575775	0.19434255361557007	0.23956234753131866	0.5965133905410767	0.13047783076763153	0.2970467209815979	0.28393805027008057	0.3211272954940796	0.28592753410339355	0.3609045147895813	0.31764036417007446	0.34872111678123474	-0.23486049473285675	-0.2117549628019333	-0.11589548736810684	-0.23618200421333313	-0.2764129340648651	0.006108535453677177	0.2975151836872101	-0.1960729956626892	0.19041942059993744	-0.023155858740210533	0.18917174637317657	-0.343201220035553	-0.32873013615608215	0.27152544260025024	0.19702419638633728	-0.15957926213741302	0.005352577660232782	-0.16863909363746643	-0.3372228145599365	-0.44790908694267273	0.24563920497894287	-0.1374696046113968	-0.055174075067043304	0.06727693974971771	-0.1116800606250763	0.0029288623481988907	-0.037098780274391174	-0.16423870623111725	-0.3686719238758087	-0.19278855621814728	-0.24434509873390198	-0.1721116006374359	-0.18329723179340363	0.03326341509819031	-0.15732410550117493	0.2415754199028015	-0.08102629333734512	0.14820578694343567	-0.053764913231134415	-0.06440739333629608	-0.08962780237197876	-0.04189422354102135	0.07391902804374695	-0.1330399513244629	-0.3066834509372711	0.031764283776283264	-0.051481567323207855	0.03358295187354088	0.03824934363365173	0.18163420259952545	0.32302871346473694	-0.14110268652439117	-0.08089010417461395	0.10111993551254272	-0.05275137349963188	-0.2070455104112625	0.06641582399606705	0.394723117351532	0.043025046586990356	0.015252958983182907	0.17438876628875732	0.17582914233207703	-0.04564986377954483	-0.020195264369249344	-0.18907876312732697	-0.116517074406147	-0.0028175096958875656	-0.01396826934069395	0.13342010974884033	0.28245946764945984	0.23365813493728638	0.2430182844400406	-0.3600326180458069	-0.24790284037590027	-0.3582909405231476	-0.4714944660663605	-0.3504725992679596	-0.1380605846643448
LH_Vis_7	0.49230653047561646	0.5684269666671753	0.3230762481689453	0.35134607553482056	0.36592522263526917	0.18000252544879913	1.0	0.6650198698043823	0.2718070447444916	0.239100843667984	-0.2648737132549286	-0.049137767404317856	-0.19712528586387634	-0.21622784435749054	-0.09336970746517181	0.7130568623542786	0.3616836369037628	0.5600872039794922	0.16958087682724	0.31786778569221497	-0.021579189226031303	-0.02947319857776165	0.0030779442749917507	0.31638869643211365	0.2727470099925995	0.3261893391609192	0.25232401490211487	0.2525593936443329	0.363160640001297	0.033562541007995605	-0.09373617172241211	0.043689653277397156	-0.15166841447353363	-0.28506460785865784	-0.29110613465309143	0.30368712544441223	0.23208309710025787	-0.07927586883306503	-0.18151763081550598	0.26563212275505066	-0.21003030240535736	0.028525246307253838	-0.18845544755458832	0.11936269700527191	-0.1978742778301239	-0.312142938375473	-0.417768657207489	-0.3616412580013275	0.4561607241630554	0.014367150142788887	0.5242077112197876	0.5940185785293579	0.6114470958709717	0.4706701338291168	0.2518172264099121	0.1878349632024765	0.6059234738349915	0.44306087493896484	0.22906091809272766	-0.206769660115242	-0.12961255013942719	-0.19071747362613678	-1.3853376913175453e-05	-0.164943665266037	-0.16563953459262848	-0.07542289793491364	0.5720665454864502	-0.07833817601203918	0.2932763993740082	0.4641694128513336	0.08763857930898666	0.35319986939430237	0.06997770071029663	0.405253529548645	0.374836802482605	0.4008682370185852	0.28559964895248413	0.18938030302524567	-0.24651671946048737	0.04950980097055435	-0.37384334206581116	-0.4938203990459442	-0.5722929835319519	-0.40372446179389954	0.1548476368188858	-0.558245837688446	0.22816994786262512	-0.31079748272895813	0.2189485728740692	-0.48561736941337585	-0.44377362728118896	0.15057139098644257	-0.18109533190727234	-0.3218620717525482	-0.2865484654903412	-0.031712546944618225	-0.5402440428733826	-0.5421460270881653	0.4116305708885193	-0.07809033244848251	0.03840470686554909	0.1332409381866455	0.06401000916957855	-0.051970113068819046	-0.00578009570017457	0.11845109611749649	-0.1751917451620102	0.12752997875213623	-0.18231841921806335	-0.012963606975972652	-0.2559775114059448	0.1447754055261612	-0.2001684606075287	0.22820444405078888	0.12061008810997009	-0.008956900797784328	0.19312506914138794	0.015085818246006966	-0.02591850981116295	-0.19582189619541168	0.013868585228919983	0.0005515369703061879	-0.08930327743291855	0.10922806710004807	-0.2460968792438507	0.08164220303297043	0.06551548838615417	0.2719763219356537	0.1957487314939499	-0.009444436058402061	0.0284525565803051	-0.28498512506484985	-0.12309790402650833	-0.010496407747268677	-0.05664393678307533	0.2822093963623047	0.1861039698123932	0.13423681259155273	0.08284421265125275	-0.05163866654038429	0.05184323340654373	0.08938530832529068	0.14248278737068176	-0.002527874894440174	0.14780187606811523	0.19545958936214447	0.10583179444074631	-0.067266546189785	-0.10860775411128998	0.07061897218227386	-0.5055838227272034	-0.34165626764297485	-0.31109732389450073	-0.3164835572242737	-0.33866989612579346	-0.2366202473640442
LH_Vis_8	0.5138956308364868	0.8093683123588562	0.47669726610183716	0.5198519825935364	0.6533660292625427	0.49270302057266235	0.6650198698043823	1.0	0.5807529091835022	0.29665446281433105	-0.28258243203163147	-0.21059803664684296	-0.1548684686422348	-0.2580936849117279	-0.1154489740729332	0.5573687553405762	0.15357449650764465	0.5524170994758606	0.08898615837097168	0.3792480230331421	-0.12120523303747177	-0.07727257162332535	-0.16353151202201843	0.1323913335800171	0.32888227701187134	0.23847144842147827	0.13525806367397308	0.09529604762792587	0.40500330924987793	-0.3236211836338043	-0.30967915058135986	-0.22177726030349731	-0.5259564518928528	-0.3566693365573883	-0.30996960401535034	0.4155072271823883	0.1932641565799713	-0.297426700592041	-0.46112093329429626	-0.07721663266420364	-0.5037634968757629	-0.14008869230747223	-0.39687463641166687	-0.11832035332918167	-0.35237374901771545	-0.5010139346122742	-0.4711929261684418	-0.5137656927108765	0.39390066266059875	-0.07518965005874634	0.6406551599502563	0.7867511510848999	0.7279107570648193	0.6817198991775513	0.572248101234436	0.4102717638015747	0.8884909152984619	0.7320026159286499	0.413459450006485	-0.12079545855522156	-0.07565481215715408	-0.05710233002901077	0.10385656356811523	-0.14304444193840027	-0.1585812121629715	-0.06380481272935867	0.5239098072052002	-0.07325819134712219	0.34841281175613403	0.6061468720436096	0.09201350808143616	0.3315097987651825	0.051764171570539474	0.3616923987865448	0.34471091628074646	0.49369382858276367	0.2394934743642807	0.08061297237873077	-0.31537681818008423	-0.0059073991142213345	-0.29204580187797546	-0.40120193362236023	-0.552527666091919	-0.20913104712963104	0.2588796019554138	-0.3694583475589752	0.384324848651886	-0.3167635500431061	0.3261953294277191	-0.46052736043930054	-0.5679962038993835	0.17310300469398499	-0.10845954716205597	-0.25885093212127686	-0.20256848633289337	-0.19122420251369476	-0.5937759876251221	-0.5337043404579163	0.4470333158969879	-0.06204327940940857	-0.03144722059369087	-0.04984614998102188	0.13165421783924103	-0.07388652116060257	-0.254816472530365	-0.24045652151107788	-0.2355143278837204	0.0862586572766304	-0.15354835987091064	0.11427614837884903	-0.16573812067508698	0.23129020631313324	-0.22358278930187225	0.02036450244486332	-0.06337305903434753	-0.09196476638317108	0.22539456188678741	0.07812724262475967	-0.0642394945025444	-0.16255339980125427	0.07795493304729462	0.007792395539581776	-0.27769404649734497	0.1982869952917099	-0.045015186071395874	0.08667529374361038	0.04931936040520668	0.24229151010513306	0.4195859134197235	0.009598483331501484	0.10367550700902939	-0.29905083775520325	-0.15063031017780304	-0.20726612210273743	-0.11263574659824371	0.44918927550315857	0.09680742770433426	0.03633756563067436	0.09908641874790192	0.04284978285431862	0.05365331843495369	0.021306313574314117	0.17766578495502472	0.04186157509684563	0.20224551856517792	0.04749545827507973	0.0011364227393642068	-0.06201548129320145	0.02643405832350254	0.005887925159186125	-0.47685396671295166	-0.27846938371658325	-0.3022835850715637	-0.5120563507080078	-0.4075215756893158	-0.24687159061431885
LH_Vis_9	0.1936269849538803	0.49124279618263245	0.8084490895271301	-0.011090048588812351	0.4428773820400238	0.8359627723693848	0.2718070447444916	0.5807529091835022	1.0	0.38892775774002075	0.06626622378826141	0.11694471538066864	0.1826835423707962	0.12378212809562683	-0.07187207788228989	-0.02271786890923977	0.04389800503849983	0.2607696056365967	0.043599918484687805	0.09837540239095688	0.07727804780006409	-0.3508034944534302	-0.1997745931148529	-0.023069968447089195	0.21305495500564575	0.2601308822631836	-0.017164291813969612	0.1847492903470993	0.44279056787490845	-0.3506821095943451	-0.4428972005844116	-0.5315107107162476	-0.45199722051620483	-0.2979765832424164	-0.3332608938217163	0.39027148485183716	0.2179638147354126	-0.3145034611225128	-0.38046514987945557	-0.2171134352684021	-0.4906870126724243	-0.15234433114528656	-0.5250425338745117	-0.06050284951925278	-0.5390897989273071	-0.3612646162509918	-0.4704166352748871	-0.5376043915748596	0.28743037581443787	-0.05041532963514328	0.25364771485328674	0.6348641514778137	0.33634382486343384	0.18340210616588593	0.8476197719573975	0.8416169881820679	0.548639178276062	0.9037596583366394	0.44842657446861267	0.14424347877502441	0.27120429277420044	0.3097977936267853	0.34896421432495117	0.11464764922857285	0.1702677309513092	-0.10854039341211319	0.23502221703529358	0.13530568778514862	0.2973201274871826	0.5361779928207397	0.1587662249803543	0.3368021547794342	0.2037201225757599	0.33528628945350647	0.3711055517196655	0.5788233876228333	0.3553536534309387	0.3671976327896118	-0.36079683899879456	-0.18115252256393433	-0.24122989177703857	-0.20769228041172028	-0.47657349705696106	-0.08956299722194672	0.24686715006828308	-0.2874155640602112	0.3961564600467682	-0.05356009304523468	0.3718947768211365	-0.3801195025444031	-0.3694723844528198	0.35979923605918884	0.13036568462848663	-0.14121344685554504	-0.06476912647485733	-0.04894771799445152	-0.3564344346523285	-0.49768081307411194	0.49795815348625183	0.06087477505207062	0.011962953954935074	-0.06081998720765114	0.02249865047633648	0.11381903290748596	-0.12060773372650146	-0.08185973763465881	-0.33476898074150085	-0.14702340960502625	-0.2033422291278839	-0.09830046445131302	-0.09379354864358902	0.0992821529507637	-0.19036927819252014	0.0848897323012352	0.06300945580005646	0.1402387022972107	0.1088675931096077	0.0642811506986618	0.07845839112997055	-0.11274582147598267	0.0855671688914299	-0.1263979971408844	-0.25328993797302246	-0.07320434600114822	0.02029658854007721	-0.06943218410015106	-0.028976351022720337	0.06911266595125198	0.3089250326156616	-0.03577323257923126	0.07557710260152817	-0.022005243226885796	0.029644915834069252	-0.222777858376503	0.07630123198032379	0.5789298415184021	0.03253445029258728	0.21335424482822418	0.1868453323841095	0.31142735481262207	-0.010487147606909275	0.14405059814453125	-0.2258426994085312	-0.17563627660274506	-0.06749428063631058	-0.17225009202957153	0.17953921854496002	0.18174704909324646	0.1718459576368332	0.2160017341375351	-0.41170576214790344	-0.3995487689971924	-0.37209850549697876	-0.5341295003890991	-0.46626895666122437	-0.30384811758995056
LH_SomMot_1	0.28756895661354065	0.47618478536605835	0.2890315055847168	0.06960462033748627	0.39292430877685547	0.18850131332874298	0.239100843667984	0.29665446281433105	0.38892775774002075	1.0	0.5646698474884033	0.4172620475292206	0.5052222013473511	-0.04731394350528717	0.40929198265075684	-0.018439801409840584	0.1280394345521927	0.013763719238340855	0.0071756914258003235	0.0261668860912323	0.08326858282089233	-0.26422303915023804	-0.2191399782896042	0.0711178183555603	0.6939862370491028	0.34621843695640564	-0.03960154950618744	0.13283087313175201	0.3696596920490265	-0.09605226665735245	-0.25751885771751404	-0.04081737622618675	-0.34833893179893494	-0.519431471824646	-0.4550895690917969	0.12672503292560577	-0.016825666651129723	-0.025083227083086967	-0.29940661787986755	-0.03211405128240585	-0.3392767012119293	-0.11154576390981674	-0.26754242181777954	0.016741231083869934	-0.4385192096233368	-0.317691832780838	-0.4285285472869873	-0.4183582365512848	0.3439299464225769	-0.060138337314128876	0.265680193901062	0.2418099045753479	0.09837190806865692	0.1796835958957672	0.33287298679351807	0.1972503960132599	0.1512225866317749	0.3183012008666992	0.8211508393287659	0.5268093347549438	0.6482340097427368	0.5479884147644043	0.7006667852401733	0.1382303386926651	0.20040470361709595	0.4227011799812317	0.2135515660047531	0.13154831528663635	0.050895631313323975	0.16043546795845032	0.3121885061264038	0.20457184314727783	0.2649936079978943	0.17030170559883118	0.42895588278770447	0.5905347466468811	0.5128336548805237	0.35904136300086975	-0.06951557099819183	0.20717644691467285	-0.23925870656967163	-0.23031730949878693	-0.3397022485733032	-0.18407204747200012	0.07853527367115021	-0.24634331464767456	0.10172498226165771	-0.1546989381313324	0.11679941415786743	-0.25514161586761475	-0.2723963260650635	0.4441329538822174	0.014136221259832382	-0.033927224576473236	-0.16662612557411194	0.01224223617464304	-0.3200312554836273	-0.2518998384475708	0.4815712571144104	0.07497433573007584	0.4073222279548645	0.09234361350536346	0.054048482328653336	0.12477044016122818	-0.03065759502351284	0.20157815515995026	-0.2700989842414856	-0.09103873372077942	0.046629857271909714	-0.07159200310707092	-0.053732555359601974	0.336961954832077	0.12447316944599152	0.04035693407058716	0.43362730741500854	0.3121919631958008	0.24595870077610016	0.1331435889005661	0.08774662017822266	-0.10845185071229935	0.12174725532531738	0.08598199486732483	-0.046260952949523926	-0.1742486208677292	-0.0035825264640152454	0.07777043431997299	0.044962603598833084	0.3141629099845886	0.3863335847854614	0.163457989692688	0.33474573493003845	0.1736305058002472	0.21360129117965698	0.100382000207901	0.2688552141189575	0.362682044506073	0.42127883434295654	0.11899750679731369	0.28635114431381226	0.2962411642074585	0.3415765166282654	0.5074648261070251	0.2619398236274719	0.16595205664634705	0.35165199637413025	0.12753474712371826	0.2285425066947937	0.04546913877129555	0.04347431659698486	0.34288352727890015	-0.23657025396823883	-0.2300959825515747	-0.1615074723958969	-0.33419710397720337	-0.4951958954334259	-0.30904123187065125
LH_SomMot_2	0.017062578350305557	0.060871437191963196	0.06271477043628693	-0.22179198265075684	0.03887004032731056	-0.10658088326454163	-0.2648737132549286	-0.28258243203163147	0.06626622378826141	0.5646698474884033	1.0	0.6601610779762268	0.7584361433982849	0.3194980025291443	0.5204824209213257	-0.34741201996803284	-0.00406602630391717	-0.29921525716781616	-0.07318229973316193	-0.20238450169563293	0.16331149637699127	-0.19943225383758545	-0.12793056666851044	-0.256954550743103	0.45757460594177246	0.2357260137796402	-0.17493432760238647	0.12186542898416519	0.14846643805503845	0.0890037789940834	-0.1565799117088318	-0.028069883584976196	-0.19518546760082245	-0.19108907878398895	-0.1953658014535904	-0.0662953108549118	-0.0443558506667614	0.01471167616546154	-0.21150317788124084	-0.1909007728099823	-0.20500437915325165	-0.08776386082172394	-0.14306586980819702	0.0454028956592083	-0.3099587559700012	-0.08250678330659866	-0.1824895292520523	-0.1956661194562912	0.08590741455554962	-0.06754088401794434	-0.09318392723798752	-0.16288165748119354	-0.21603943407535553	-0.20159009099006653	0.10119279474020004	0.005127500277012587	-0.33001160621643066	-0.08322662860155106	0.4518735706806183	0.7625770568847656	0.728390097618103	0.7826578617095947	0.6216591000556946	0.45478931069374084	0.4266424775123596	0.5228538513183594	-0.1342950463294983	0.2100549191236496	-0.030352607369422913	-0.18540146946907043	0.264104962348938	0.0038099687080830336	0.18087701499462128	-0.12960225343704224	0.14072111248970032	0.27976852655410767	0.3495965003967285	0.3366997539997101	-0.011870570480823517	0.011556284502148628	-0.06667999923229218	0.13166828453540802	-0.08410189300775528	0.0018860413692891598	-0.20801885426044464	-0.00017646330525167286	-0.02727707475423813	0.08857306092977524	0.023727338761091232	-0.11874870210886002	0.09634846448898315	0.1281067579984665	-0.048892792314291	0.1878708451986313	-0.15595510601997375	0.05239754542708397	-0.07351721823215485	0.03579751402139664	0.20345492660999298	0.1851009726524353	0.6369290351867676	0.284006267786026	0.1349550038576126	0.3460201621055603	0.20492412149906158	0.17063038051128387	0.032427962869405746	-0.01697380654513836	0.1697021871805191	0.05868175998330116	0.14598648250102997	0.2038467526435852	0.39295732975006104	-0.14974801242351532	0.4577973484992981	0.5012306571006775	0.15730655193328857	0.48473528027534485	0.10442870855331421	-0.1434958279132843	0.3612806797027588	0.2757757008075714	0.19122852385044098	-0.21756812930107117	-0.008077112026512623	0.1391693651676178	0.04581988975405693	0.015502817928791046	0.12778855860233307	0.3205046057701111	0.40148109197616577	0.471594899892807	0.5034772157669067	0.42946457862854004	0.3468533456325531	0.2764206826686859	0.35521310567855835	0.2749185860157013	0.2855984568595886	0.44008076190948486	0.3151760995388031	0.5464394688606262	0.2097267508506775	0.17119993269443512	0.14681528508663177	0.004315372556447983	0.4109252393245697	0.28709229826927185	0.3261279761791229	0.42222094535827637	0.07215509563684464	0.13715074956417084	-0.04843096062541008	-0.13240070641040802	-0.1965310275554657	-0.2911481261253357
LH_SomMot_3	-0.011577218770980835	0.07792150229215622	-0.0014887256547808647	-0.12795953452587128	0.19785833358764648	0.03006548061966896	-0.049137767404317856	-0.21059803664684296	0.11694471538066864	0.4172620475292206	0.6601610779762268	1.0	0.6823315620422363	0.426144003868103	0.19418132305145264	-0.1001906618475914	0.18566782772541046	-0.29016727209091187	0.12900206446647644	-0.2733556926250458	0.29480332136154175	-0.19959613680839539	-0.08566252887248993	-0.06764437258243561	0.2918303608894348	0.2695539891719818	-0.12708091735839844	0.30386286973953247	0.20854559540748596	-0.011835883371531963	0.14672382175922394	-0.08397623151540756	-0.020799174904823303	-0.12033287435770035	-0.22771674394607544	0.06538209319114685	0.10127491503953934	-0.1532285511493683	-0.16554954648017883	-0.009029603563249111	-0.2954692840576172	-0.13777588307857513	-0.2283414900302887	-0.020952275022864342	-0.24463889002799988	-0.24496327340602875	-0.3960247039794922	-0.2879398763179779	0.11641256511211395	-0.09840191900730133	-0.011017151176929474	-0.022153684869408607	-0.06938038766384125	-0.007295804563909769	0.21547187864780426	0.03159255161881447	-0.16735020279884338	0.060477662831544876	0.2217978984117508	0.6171461939811707	0.731791615486145	0.6689146757125854	0.5046499967575073	0.5329036712646484	0.5818905830383301	0.297212690114975	0.0010793237015604973	0.4316055178642273	-0.023869214579463005	-0.014703529886901379	0.33355066180229187	0.14732907712459564	0.2171775847673416	0.08944792300462723	0.29895973205566406	0.254806786775589	0.40399661660194397	0.39038190245628357	0.2705294191837311	-0.1430814415216446	-0.23399952054023743	0.043663520365953445	-0.24104411900043488	-0.1207243874669075	-0.16698318719863892	-0.17870642244815826	0.11987031251192093	-0.10182977467775345	0.0677415207028389	-0.24861890077590942	0.13688278198242188	0.1339556723833084	-0.15575847029685974	-0.01492556557059288	-0.24840636551380157	0.08892036974430084	-0.19189824163913727	-0.13048265874385834	0.31201624870300293	0.11795996129512787	0.4116169214248657	0.13686858117580414	-0.030969880521297455	0.040531814098358154	0.15203459560871124	-0.0031667822040617466	0.10784907639026642	-0.23705850541591644	-0.12436354905366898	-0.23158755898475647	-0.05295345187187195	0.1517428457736969	0.1389157623052597	0.10940136015415192	0.4216415584087372	0.3293376863002777	0.04852645471692085	0.3352300226688385	0.25453686714172363	-0.19784283638000488	0.1636103242635727	0.03319578245282173	0.2689620852470398	-0.24761885404586792	-0.015732618048787117	0.05862738564610481	0.013036414980888367	0.2555738091468811	0.14188648760318756	0.04171968623995781	0.2190483808517456	0.45416459441185	0.44628626108169556	0.25271785259246826	0.5084506869316101	0.28364717960357666	0.13729357719421387	0.3627840280532837	0.2845667600631714	0.33899712562561035	0.390789270401001	0.45057547092437744	0.11893537640571594	0.3129817545413971	0.10965938866138458	0.054139602929353714	0.5615718960762024	0.36334946751594543	0.24585464596748352	0.4686938524246216	-0.0822109654545784	-0.11961983144283295	-0.07864806056022644	-0.17632541060447693	-0.2357485592365265	-0.23308545351028442
