Node	HIP-head-m-rh	HIP-head-l-rh	HIP-body-rh	HIP-tail-rh	THA-VPm-rh	THA-VPl-rh	THA-VAi-rh	THA-VAs-rh	THA-DAm-rh	THA-DAl-rh	PUT-VA-rh	PUT-DA-rh	PUT-VP-rh	PUT-DP-rh	CAU-VA-rh	CAU-DA-rh	CAU-body-rh	CAU-tail-rh	lAMY-rh	mAMY-rh	THA-DP-rh	NAc-shell-rh	NAc-core-rh	pGP-rh	aGP-rh	HIP-head-m-lh	HIP-head-l-l	HIP-body-l	HIP-tail-lh	THA-VPm-lh	THA-VPl-lh	THA-VAi-lh	THA-VAs-lh	THA-DAm-lh	THA-DAl-lh	PUT-VA-lh	PUT-DA-l	PUT-VP-lh	PUT-DP-lh	CAU-VA-lh	CAU-DA-lh	CAU-body-lh	CAU-tail-lh	lAMY-lh	mAMY-lh	THA-DP-lh	NAc-shell-lh	NAc-core-lh	pGP-lh	aGP-lh
HIP-head-m-rh	1.0	0.4097852110862732	0.5383657813072205	0.6030582189559937	0.2579747140407562	0.40494710206985474	0.30070561170578003	0.33205726742744446	0.2948673665523529	0.1646253913640976	0.15954634547233582	0.03081049770116806	0.36673393845558167	0.19124183058738708	0.33942604064941406	0.5292078256607056	0.18342262506484985	0.09966199100017548	0.39344215393066406	0.5934978723526001	0.058139342814683914	0.055270854383707047	0.4276823401451111	-0.19940893352031708	0.2223806381225586	0.6222463250160217	0.43707871437072754	0.4623452126979828	0.23797468841075897	0.45917317271232605	0.34790799021720886	0.27827927470207214	0.025572238489985466	0.4009927809238434	0.007103387266397476	0.3554191589355469	0.20469479262828827	0.10828996449708939	0.20932437479496002	0.16113103926181793	0.46477705240249634	0.07496251165866852	0.22741636633872986	0.3899762034416199	0.19174887239933014	0.5130841135978699	0.30310070514678955	0.29044318199157715	0.2600501775741577	0.08623276650905609
HIP-head-l-rh	0.4097852110862732	1.0	0.27427753806114197	0.42915448546409607	0.5079869627952576	0.24536427855491638	0.3969484865665436	0.23274485766887665	0.612548828125	0.5562068223953247	0.35900795459747314	0.13952089846134186	0.5607033371925354	0.3281611502170563	0.5041003227233887	0.37169936299324036	0.4823055863380432	0.024655254557728767	-0.2500796914100647	0.11231216043233871	0.5097363591194153	0.09359335899353027	0.3173530697822571	0.32415270805358887	0.30046457052230835	0.4947121739387512	0.24856072664260864	0.38195228576660156	0.2346319556236267	0.4375579357147217	0.22902753949165344	0.22984807193279266	-0.18187443912029266	0.43757298588752747	0.4155769944190979	0.18340936303138733	0.40675613284111023	0.43232405185699463	0.4064055383205414	0.05954696610569954	0.48717784881591797	0.28180691599845886	0.5047231316566467	0.06630396842956543	-0.1661367416381836	0.6389278173446655	-0.035508815199136734	0.20202963054180145	0.23387953639030457	0.3801814913749695
HIP-body-rh	0.5383657813072205	0.27427753806114197	1.0	0.4774355888366699	0.4352901875972748	0.2946866452693939	0.4071369469165802	0.2889642119407654	0.26491180062294006	0.21935047209262848	0.2307378053665161	0.32866713404655457	0.31725597381591797	0.37482747435569763	0.31371769309043884	0.18972277641296387	0.13401652872562408	0.1601274311542511	-0.039453767240047455	0.31914541125297546	0.2597793936729431	-0.11130034923553467	0.2795775830745697	-0.14778506755828857	0.12915590405464172	0.3903152048587799	0.3855326473712921	0.4923678934574127	0.25786271691322327	0.43429258465766907	0.4141758680343628	0.14439864456653595	0.27834826707839966	0.1889325976371765	0.13035964965820312	0.3890731930732727	0.1509239375591278	0.28886258602142334	0.36354196071624756	0.22685997188091278	0.28212472796440125	0.3351243734359741	0.27907469868659973	0.11308835446834564	0.40282168984413147	0.3066464364528656	0.0698157399892807	0.3242757022380829	-0.1046123206615448	0.22090759873390198
HIP-tail-rh	0.6030582189559937	0.42915448546409607	0.4774355888366699	1.0	0.4797470271587372	0.483388215303421	0.44348248839378357	0.34108492732048035	0.27403199672698975	0.30407676100730896	0.30573922395706177	0.09941510856151581	0.5013192892074585	0.4220432639122009	0.532820463180542	0.5212647318840027	0.405766099691391	0.1939113438129425	0.14026309549808502	0.5353711843490601	0.4283401370048523	0.32929161190986633	0.6128295660018921	0.016330456361174583	0.24579182267189026	0.4225146770477295	0.36947980523109436	0.16539256274700165	0.36673134565353394	0.6837026476860046	0.28515422344207764	0.22384679317474365	-0.10475093871355057	0.2998562455177307	0.0256377961486578	0.49762555956840515	0.29612380266189575	0.3511103391647339	0.34100085496902466	0.36842620372772217	0.3036446273326874	0.269153356552124	0.5660733580589294	0.44648492336273193	0.37498003244400024	0.6405699849128723	0.3933582007884979	0.5781229734420776	0.11152813583612442	0.3725146949291229
THA-VPm-rh	0.2579747140407562	0.5079869627952576	0.4352901875972748	0.4797470271587372	1.0	0.4796864092350006	0.6798397898674011	0.28286105394363403	0.5651530623435974	0.5854893922805786	0.14827488362789154	0.2843174338340759	0.37766262888908386	0.2446007877588272	0.3197326064109802	0.2730564475059509	0.27205613255500793	0.09485510736703873	-0.12349580973386765	0.13055402040481567	0.6886796355247498	0.12917010486125946	0.2649979293346405	0.321695476770401	0.1403939574956894	0.2563324272632599	0.19998249411582947	0.05476405471563339	0.0739382654428482	0.6143375635147095	0.48653849959373474	0.28746849298477173	-0.04576079174876213	0.4028964042663574	0.36732980608940125	0.2629143297672272	0.1913367062807083	0.3248195946216583	0.3270116150379181	0.1067187488079071	0.21509765088558197	0.4523793160915375	0.4525373876094818	-0.11152400076389313	-0.026550132781267166	0.6599692106246948	0.11781786382198334	0.3714171051979065	0.047541048377752304	0.48440930247306824
THA-VPl-rh	0.40494710206985474	0.24536427855491638	0.2946866452693939	0.483388215303421	0.4796864092350006	1.0	0.3551226556301117	0.15489786863327026	0.1996222883462906	0.39389845728874207	0.021804697811603546	0.14623433351516724	0.2457999736070633	0.14841514825820923	0.19765783846378326	0.2132139801979065	0.13243325054645538	0.12020701169967651	0.040160756558179855	0.35009676218032837	0.4455927610397339	0.36771324276924133	0.25458940863609314	-0.060095179826021194	-0.11253341287374496	0.22460933029651642	0.13076619803905487	-0.06596671789884567	-0.006039355415850878	0.6651140451431274	0.3875645697116852	0.39189913868904114	-0.2002151757478714	0.33193859457969666	0.20666968822479248	0.39971059560775757	0.13558579981327057	0.3090510070323944	0.18827566504478455	0.056588008999824524	0.1256064772605896	0.23136495053768158	0.14794647693634033	0.13717904686927795	0.20735982060432434	0.4961596131324768	0.38800564408302307	0.46808144450187683	-0.060978688299655914	0.3434695303440094
THA-VAi-rh	0.30070561170578003	0.3969484865665436	0.4071369469165802	0.44348248839378357	0.6798397898674011	0.3551226556301117	1.0	0.6269678473472595	0.7029007077217102	0.4653829336166382	0.10470189154148102	0.20179763436317444	0.5252587795257568	0.3421160876750946	0.29350417852401733	0.3449762761592865	0.3707682490348816	0.153947114944458	-0.2561224699020386	0.10009513050317764	0.5071735382080078	0.3622788190841675	0.5184808969497681	0.48116591572761536	0.2938694655895233	0.03888409957289696	-0.11311660706996918	0.06609387695789337	0.4008527398109436	0.6848253011703491	0.5275058150291443	0.6911786198616028	0.1388758271932602	0.44021400809288025	0.29913264513015747	0.15476569533348083	0.07273602485656738	0.40206441283226013	0.34729495644569397	0.24037086963653564	0.38374531269073486	0.356489360332489	0.338960736989975	-0.1669069230556488	0.04616828262805939	0.38661670684814453	0.3023427724838257	0.5878604054450989	0.18551355600357056	0.6845333576202393
THA-VAs-rh	0.33205726742744446	0.23274485766887665	0.2889642119407654	0.34108492732048035	0.28286105394363403	0.15489786863327026	0.6269678473472595	1.0	0.53243488073349	0.2890951633453369	0.33591464161872864	0.20598390698432922	0.6622380018234253	0.4842992126941681	0.5323727130889893	0.5527390837669373	0.6419675350189209	0.5307233929634094	-0.11282289773225784	0.07494243234395981	0.28740015625953674	0.3913024961948395	0.6130099892616272	0.20471493899822235	0.24890461564064026	0.17907166481018066	-0.06774883717298508	0.045006342232227325	0.6658641695976257	0.39321258664131165	0.12313592433929443	0.5775267481803894	0.39665350317955017	0.3653576076030731	0.2037259042263031	0.2411271184682846	0.24650685489177704	0.4113207459449768	0.4677310883998871	0.497066468000412	0.5626749396324158	0.45252731442451477	0.4458072781562805	0.024393154308199883	0.14438456296920776	0.19429634511470795	0.45486196875572205	0.4867190718650818	0.21920795738697052	0.5266432166099548
THA-DAm-rh	0.2948673665523529	0.612548828125	0.26491180062294006	0.27403199672698975	0.5651530623435974	0.1996222883462906	0.7029007077217102	0.53243488073349	1.0	0.5109124183654785	0.25546467304229736	0.15961571037769318	0.47262513637542725	0.2517552971839905	0.518608033657074	0.4906857907772064	0.48619553446769714	0.06983193010091782	-0.2797508239746094	0.004771116655319929	0.3623497188091278	0.19948939979076385	0.4134129285812378	0.5052484273910522	0.38879603147506714	0.15003874897956848	-0.07067672163248062	0.1741756945848465	0.32859036326408386	0.523304283618927	0.21833887696266174	0.5479162931442261	-0.12367328256368637	0.4889534115791321	0.39530256390571594	0.088284932076931	0.24709489941596985	0.24887371063232422	0.25849300622940063	0.1494695097208023	0.6201618909835815	0.2329787164926529	0.3161732852458954	-0.25695401430130005	-0.32579994201660156	0.47540414333343506	0.08922040462493896	0.43927890062332153	0.17274406552314758	0.5649169087409973
THA-DAl-rh	0.1646253913640976	0.5562068223953247	0.21935047209262848	0.30407676100730896	0.5854893922805786	0.39389845728874207	0.4653829336166382	0.2890951633453369	0.5109124183654785	1.0	0.02807590924203396	0.06647653877735138	0.3883724510669708	0.21007786691188812	0.39049041271209717	0.3152562379837036	0.2592296600341797	-0.034332744777202606	-0.19924308359622955	-0.24855931103229523	0.6790772080421448	-0.0026626402977854013	0.08541706949472427	0.18959711492061615	0.09232904762029648	0.2010038048028946	-0.16255170106887817	-0.16047383844852448	-0.02381996251642704	0.5742732286453247	0.4621123671531677	0.3947881758213043	-0.06803879886865616	0.7466667890548706	0.7388336658477783	0.04254203662276268	0.12886479496955872	0.4397386312484741	0.2879386842250824	0.023896705359220505	0.3710617423057556	0.35526710748672485	0.3257308304309845	-0.05204101279377937	-0.2967773675918579	0.46851441264152527	-0.13436511158943176	0.15763354301452637	0.24860431253910065	0.567559540271759
PUT-VA-rh	0.15954634547233582	0.35900795459747314	0.2307378053665161	0.30573922395706177	0.14827488362789154	0.021804697811603546	0.10470189154148102	0.33591464161872864	0.25546467304229736	0.02807590924203396	1.0	0.5907328128814697	0.7127693891525269	0.7476846575737	0.6998148560523987	0.5171494483947754	0.7478249669075012	0.6018665432929993	-0.18946723639965057	0.25776609778404236	0.20269334316253662	0.2043352574110031	0.5994175672531128	0.1412593126296997	0.5204653143882751	0.3469615578651428	0.19432540237903595	0.049646779894828796	0.3793644309043884	0.07199642062187195	-0.3378024697303772	-0.14697721600532532	-0.10719435662031174	-0.2560097277164459	-0.19241361320018768	0.7144012451171875	0.7492638826370239	0.3248082399368286	0.6217410564422607	0.5496411323547363	0.5576962828636169	0.48915159702301025	0.6355676651000977	-0.010243655182421207	0.09558168798685074	0.22944210469722748	0.39294421672821045	0.4915740489959717	-0.4061332643032074	0.269161194562912
PUT-DA-rh	0.03081049770116806	0.13952089846134186	0.32866713404655457	0.09941510856151581	0.2843174338340759	0.14623433351516724	0.20179763436317444	0.20598390698432922	0.15961571037769318	0.06647653877735138	0.5907328128814697	1.0	0.46556928753852844	0.7626290917396545	0.2573373019695282	0.11385419219732285	0.5013834834098816	0.6614924669265747	-0.2102634757757187	0.10210134088993073	0.1592932641506195	0.12833482027053833	0.20158210396766663	-0.05449533835053444	0.29576870799064636	0.10511499643325806	0.17496779561042786	-0.09437824040651321	-0.06717690825462341	0.05896817892789841	-0.022708186879754066	-0.1515556126832962	0.2355276495218277	-0.2235778570175171	-0.10030782222747803	0.6703683137893677	0.653758704662323	0.44723784923553467	0.7431327104568481	0.3530428111553192	0.33891183137893677	0.725089430809021	0.46071940660476685	-0.2673322260379791	0.22411149740219116	0.08279695361852646	0.1545814722776413	0.35785698890686035	-0.6986832022666931	0.24437083303928375
PUT-VP-rh	0.36673393845558167	0.5607033371925354	0.31725597381591797	0.5013192892074585	0.37766262888908386	0.2457999736070633	0.5252587795257568	0.6622380018234253	0.47262513637542725	0.3883724510669708	0.7127693891525269	0.46556928753852844	1.0	0.7627146244049072	0.6896947622299194	0.6018825769424438	0.7923576831817627	0.5734815001487732	-0.20028147101402283	0.15125279128551483	0.4426170587539673	0.3017813265323639	0.6248918771743774	0.18187390267848969	0.47872403264045715	0.4335689842700958	0.19801951944828033	-0.009695016779005527	0.47576668858528137	0.43088066577911377	0.10621762275695801	0.23501211404800415	-0.015357796102762222	0.1854211688041687	0.14381739497184753	0.5775056481361389	0.5830009579658508	0.6281301975250244	0.7198106050491333	0.487265944480896	0.6610811352729797	0.5572675466537476	0.628175675868988	0.09640415012836456	0.03188024461269379	0.3565775454044342	0.47352835536003113	0.5710591673851013	-0.05357282608747482	0.5862951874732971
PUT-DP-rh	0.19124183058738708	0.3281611502170563	0.37482747435569763	0.4220432639122009	0.2446007877588272	0.14841514825820923	0.3421160876750946	0.4842992126941681	0.2517552971839905	0.21007786691188812	0.7476846575737	0.7626290917396545	0.7627146244049072	1.0	0.5667809844017029	0.47664496302604675	0.8058085441589355	0.7585069537162781	-0.21381032466888428	0.1569046825170517	0.20721858739852905	0.2075301706790924	0.5994020700454712	0.04651852697134018	0.45876553654670715	0.3320654034614563	0.17902112007141113	-0.03363893926143646	0.37722060084342957	0.2425476461648941	-0.042369164526462555	0.0813688337802887	0.2469605952501297	0.002182088792324066	-0.01111384853720665	0.7343006134033203	0.7632792592048645	0.7037570476531982	0.876180112361908	0.6652583479881287	0.6020914912223816	0.7962654829025269	0.7213160991668701	0.05533820763230324	0.3371526300907135	0.14299964904785156	0.3085780739784241	0.5378632545471191	-0.38705167174339294	0.43165287375450134
CAU-VA-rh	0.33942604064941406	0.5041003227233887	0.31371769309043884	0.532820463180542	0.3197326064109802	0.19765783846378326	0.29350417852401733	0.5323727130889893	0.518608033657074	0.39049041271209717	0.6998148560523987	0.2573373019695282	0.6896947622299194	0.5667809844017029	1.0	0.7359110713005066	0.7267184853553772	0.44584691524505615	-0.08683863282203674	0.16663293540477753	0.32791391015052795	0.22446608543395996	0.6782777905464172	0.27908527851104736	0.425396203994751	0.4507094919681549	0.21476635336875916	0.18114297091960907	0.5786494612693787	0.40860235691070557	-0.1761288195848465	0.1840706765651703	-0.16427220404148102	0.2085784524679184	0.12660519778728485	0.48104479908943176	0.5102513432502747	0.344435453414917	0.39059150218963623	0.43502214550971985	0.612387478351593	0.39316120743751526	0.5608158707618713	0.11569171398878098	-0.06685063987970352	0.3612535893917084	0.2767185866832733	0.48385167121887207	0.01270988304167986	0.42258700728416443
CAU-DA-rh	0.5292078256607056	0.37169936299324036	0.18972277641296387	0.5212647318840027	0.2730564475059509	0.2132139801979065	0.3449762761592865	0.5527390837669373	0.4906857907772064	0.3152562379837036	0.5171494483947754	0.11385419219732285	0.6018825769424438	0.47664496302604675	0.7359110713005066	1.0	0.732824444770813	0.49451538920402527	0.15981625020503998	0.25307297706604004	0.1274629831314087	0.1894962340593338	0.7793696522712708	0.17102612555027008	0.48758289217948914	0.5467631816864014	0.06004321575164795	-0.005475430283695459	0.49674469232559204	0.36278313398361206	-0.09398850053548813	0.3907424211502075	-0.1660669595003128	0.3898054361343384	0.0002443556732032448	0.40865784883499146	0.45619893074035645	0.2210182398557663	0.3249783515930176	0.45329973101615906	0.8108705878257751	0.38111600279808044	0.5396862626075745	0.21224018931388855	-0.11336278915405273	0.40812957286834717	0.39853399991989136	0.5398989915847778	0.0762573629617691	0.44783467054367065
CAU-body-rh	0.18342262506484985	0.4823055863380432	0.13401652872562408	0.405766099691391	0.27205613255500793	0.13243325054645538	0.3707682490348816	0.6419675350189209	0.48619553446769714	0.2592296600341797	0.7478249669075012	0.5013834834098816	0.7923576831817627	0.8058085441589355	0.7267184853553772	0.732824444770813	1.0	0.7319687604904175	-0.243845596909523	0.05694597214460373	0.24925267696380615	0.3577566146850586	0.7468209862709045	0.28558218479156494	0.5149327516555786	0.42012104392051697	0.06379871815443039	-0.03849378973245621	0.5215585827827454	0.23916484415531158	-0.20155692100524902	0.2518448829650879	0.04407708719372749	0.1341935396194458	0.017208194360136986	0.5540253520011902	0.7247487902641296	0.5640759468078613	0.690832257270813	0.6122299432754517	0.763689398765564	0.6821610331535339	0.7751643657684326	0.03113323636353016	0.042504895478487015	0.30385252833366394	0.3714783489704132	0.5771598219871521	-0.2011527568101883	0.5255979895591736
CAU-tail-rh	0.09966199100017548	0.024655254557728767	0.1601274311542511	0.1939113438129425	0.09485510736703873	0.12020701169967651	0.153947114944458	0.5307233929634094	0.06983193010091782	-0.034332744777202606	0.6018665432929993	0.6614924669265747	0.5734815001487732	0.7585069537162781	0.44584691524505615	0.49451538920402527	0.7319687604904175	1.0	-0.013893580995500088	0.05383898690342903	-0.004614314064383507	0.3033592104911804	0.5353269577026367	-0.09995602071285248	0.24755419790744781	0.3135724663734436	0.08024630695581436	-0.18620921671390533	0.3232555091381073	-0.06601569056510925	-0.22909080982208252	0.04420310631394386	0.3116331398487091	-0.11904674023389816	-0.15993882715702057	0.6749175190925598	0.6085519790649414	0.4927224814891815	0.6693152189254761	0.5834143757820129	0.5201282501220703	0.7576013803482056	0.5861052870750427	-0.016224686056375504	0.2929496467113495	0.032981812953948975	0.4309098422527313	0.4311237335205078	-0.4624788463115692	0.3409394919872284
lAMY-rh	0.39344215393066406	-0.2500796914100647	-0.039453767240047455	0.14026309549808502	-0.12349580973386765	0.040160756558179855	-0.2561224699020386	-0.11282289773225784	-0.2797508239746094	-0.19924308359622955	-0.18946723639965057	-0.2102634757757187	-0.20028147101402283	-0.21381032466888428	-0.08683863282203674	0.15981625020503998	-0.243845596909523	-0.013893580995500088	1.0	0.5061931610107422	-0.30062976479530334	-0.32357677817344666	0.0054582590237259865	-0.2932186424732208	-0.16084358096122742	0.20949935913085938	0.18525004386901855	0.025948582217097282	-0.012369434349238873	-0.03993789106607437	-0.11992335319519043	-0.15285295248031616	0.06496796756982803	0.08350101858377457	-0.30356037616729736	0.02921525202691555	-0.1375083178281784	-0.4230861961841583	-0.1906215250492096	-0.06867242604494095	-0.1051923930644989	-0.1805766522884369	-0.07680998742580414	0.40598320960998535	0.07299123704433441	-0.002158669289201498	0.07935286313295364	-0.29856008291244507	0.13590067625045776	-0.44732555747032166
mAMY-rh	0.5934978723526001	0.11231216043233871	0.31914541125297546	0.5353711843490601	0.13055402040481567	0.35009676218032837	0.10009513050317764	0.07494243234395981	0.004771116655319929	-0.24855931103229523	0.25776609778404236	0.10210134088993073	0.15125279128551483	0.1569046825170517	0.16663293540477753	0.25307297706604004	0.05694597214460373	0.05383898690342903	0.5061931610107422	1.0	0.029343275353312492	0.09290698915719986	0.38807663321495056	-0.14742633700370789	0.09776785224676132	0.18293669819831848	0.38915568590164185	0.2925603687763214	0.25954267382621765	0.3920634686946869	0.011984219774603844	0.07342807948589325	-0.039176348596811295	-0.03705223649740219	-0.3727039694786072	0.38687554001808167	0.20933231711387634	-0.1361420601606369	0.1698663830757141	0.20859363675117493	0.11025218665599823	-0.021673396229743958	0.22336916625499725	0.45051509141921997	0.42072612047195435	0.3864670395851135	0.4695385992527008	0.30712687969207764	-0.018422793596982956	-0.14660492539405823
THA-DP-rh	0.058139342814683914	0.5097363591194153	0.2597793936729431	0.4283401370048523	0.6886796355247498	0.4455927610397339	0.5071735382080078	0.28740015625953674	0.3623497188091278	0.6790772080421448	0.20269334316253662	0.1592932641506195	0.4426170587539673	0.20721858739852905	0.32791391015052795	0.1274629831314087	0.24925267696380615	-0.004614314064383507	-0.30062976479530334	0.029343275353312492	1.0	0.16452406346797943	0.18532177805900574	0.2573602795600891	0.09638083726167679	0.06510164588689804	-0.10005335509777069	-0.19590938091278076	0.030766770243644714	0.6107133030891418	0.4430452585220337	0.2687779664993286	-0.09664404392242432	0.42360979318618774	0.5403241515159607	0.13739995658397675	0.06262443214654922	0.3175067603588104	0.31069329380989075	0.10040614753961563	0.07182436436414719	0.34500226378440857	0.4677460193634033	0.02852778509259224	-0.025273654609918594	0.663066565990448	0.15460936725139618	0.28654760122299194	0.1554703414440155	0.42779621481895447
NAc-shell-rh	0.055270854383707047	0.09359335899353027	-0.11130034923553467	0.32929161190986633	0.12917010486125946	0.36771324276924133	0.3622788190841675	0.3913024961948395	0.19948939979076385	-0.0026626402977854013	0.2043352574110031	0.12833482027053833	0.3017813265323639	0.2075301706790924	0.22446608543395996	0.1894962340593338	0.3577566146850586	0.3033592104911804	-0.32357677817344666	0.09290698915719986	0.16452406346797943	1.0	0.4194785952568054	0.06590040773153305	0.010380602441728115	-0.09975831210613251	0.020753636956214905	-0.08011558651924133	0.222843199968338	0.29753729701042175	-0.003869130276143551	0.42318758368492126	-0.06089663505554199	-0.09469502419233322	-0.18892094492912292	0.3985793888568878	0.27209675312042236	0.34893450140953064	0.20695853233337402	0.25171852111816406	0.15438897907733917	0.1454627811908722	0.2081020474433899	-0.04817399010062218	0.23616810142993927	0.22077007591724396	0.5942249894142151	0.69712233543396	-0.11027082800865173	0.5079755187034607
NAc-core-rh	0.4276823401451111	0.3173530697822571	0.2795775830745697	0.6128295660018921	0.2649979293346405	0.25458940863609314	0.5184808969497681	0.6130099892616272	0.4134129285812378	0.08541706949472427	0.5994175672531128	0.20158210396766663	0.6248918771743774	0.5994020700454712	0.6782777905464172	0.7793696522712708	0.7468209862709045	0.5353269577026367	0.0054582590237259865	0.38807663321495056	0.18532177805900574	0.4194785952568054	1.0	0.3045566976070404	0.48960965871810913	0.38238146901130676	0.04080543294548988	0.12024536728858948	0.6822644472122192	0.44939887523651123	-0.013605732470750809	0.4619481563568115	0.02556499093770981	0.18129728734493256	-0.11879488825798035	0.4950135052204132	0.4318116009235382	0.34599244594573975	0.4242702126502991	0.6227719783782959	0.6167375445365906	0.41975584626197815	0.6187226176261902	0.22045943140983582	0.2875380218029022	0.3525118827819824	0.5691801905632019	0.7014979720115662	0.023823626339435577	0.39667385816574097
pGP-rh	-0.19940893352031708	0.32415270805358887	-0.14778506755828857	0.016330456361174583	0.321695476770401	-0.060095179826021194	0.48116591572761536	0.20471493899822235	0.5052484273910522	0.18959711492061615	0.1412593126296997	-0.05449533835053444	0.18187390267848969	0.04651852697134018	0.27908527851104736	0.17102612555027008	0.28558218479156494	-0.09995602071285248	-0.2932186424732208	-0.14742633700370789	0.2573602795600891	0.06590040773153305	0.3045566976070404	1.0	0.35844510793685913	-0.13732042908668518	-0.3136855959892273	0.08870209008455276	0.41557031869888306	0.16250360012054443	-0.10542500019073486	0.2424355149269104	-0.19450610876083374	0.07997788488864899	0.12037450075149536	-0.24053844809532166	-0.06364788115024567	-0.08966253697872162	-0.09923606365919113	-0.02986053377389908	0.10690964013338089	0.007973858155310154	0.1140114963054657	-0.3712291121482849	-0.39934441447257996	0.03591271862387657	-0.09450965374708176	0.07388018816709518	0.20176219940185547	0.2740379869937897
aGP-rh	0.2223806381225586	0.30046457052230835	0.12915590405464172	0.24579182267189026	0.1403939574956894	-0.11253341287374496	0.2938694655895233	0.24890461564064026	0.38879603147506714	0.09232904762029648	0.5204653143882751	0.29576870799064636	0.47872403264045715	0.45876553654670715	0.425396203994751	0.48758289217948914	0.5149327516555786	0.24755419790744781	-0.16084358096122742	0.09776785224676132	0.09638083726167679	0.010380602441728115	0.48960965871810913	0.35844510793685913	1.0	0.34831371903419495	-0.022439731284976006	0.017279496416449547	0.2804100513458252	0.05962667614221573	-0.025804638862609863	0.1708584427833557	-0.13520510494709015	0.05939947068691254	-0.13763079047203064	0.24417713284492493	0.3473939597606659	0.10593925416469574	0.22803616523742676	0.5432344675064087	0.5859657526016235	0.3530646562576294	0.3420071601867676	0.01242018025368452	-0.062006913125514984	0.22678948938846588	0.3116554915904999	0.3207853436470032	-0.12228497862815857	0.1482745260000229
HIP-head-m-lh	0.6222463250160217	0.4947121739387512	0.3903152048587799	0.4225146770477295	0.2563324272632599	0.22460933029651642	0.03888409957289696	0.17907166481018066	0.15003874897956848	0.2010038048028946	0.3469615578651428	0.10511499643325806	0.4335689842700958	0.3320654034614563	0.4507094919681549	0.5467631816864014	0.42012104392051697	0.3135724663734436	0.20949935913085938	0.18293669819831848	0.06510164588689804	-0.09975831210613251	0.38238146901130676	-0.13732042908668518	0.34831371903419495	1.0	0.5262264609336853	0.39610594511032104	0.19602665305137634	0.07530590891838074	0.035663723945617676	-0.03175320476293564	-0.08441492170095444	0.27102574706077576	0.028835078701376915	0.4426679015159607	0.4050157964229584	0.2675645649433136	0.27364930510520935	0.28836140036582947	0.4810589849948883	0.32372012734413147	0.4105140268802643	0.39655718207359314	0.0740603506565094	0.4215637147426605	0.15051054954528809	0.11450870335102081	0.02661321684718132	-0.0027575413696467876
HIP-head-l-l	0.43707871437072754	0.24856072664260864	0.3855326473712921	0.36947980523109436	0.19998249411582947	0.13076619803905487	-0.11311660706996918	-0.06774883717298508	-0.07067672163248062	-0.16255170106887817	0.19432540237903595	0.17496779561042786	0.19801951944828033	0.17902112007141113	0.21476635336875916	0.06004321575164795	0.06379871815443039	0.08024630695581436	0.18525004386901855	0.38915568590164185	-0.10005335509777069	0.020753636956214905	0.04080543294548988	-0.3136855959892273	-0.022439731284976006	0.5262264609336853	1.0	0.5348497629165649	0.12753641605377197	0.09403380751609802	-0.035623226314783096	-0.31029707193374634	-0.07486668229103088	-0.19288811087608337	-0.29808107018470764	0.3990541696548462	0.35390540957450867	0.21038678288459778	0.2102455049753189	0.057905036956071854	-0.015080645680427551	0.06920027732849121	0.11989574879407883	0.3581279218196869	0.2569155693054199	0.18701869249343872	0.10660474002361298	0.08014276623725891	-0.07466297596693039	-0.13953642547130585
HIP-body-l	0.4623452126979828	0.38195228576660156	0.4923678934574127	0.16539256274700165	0.05476405471563339	-0.06596671789884567	0.06609387695789337	0.045006342232227325	0.1741756945848465	-0.16047383844852448	0.049646779894828796	-0.09437824040651321	-0.009695016779005527	-0.03363893926143646	0.18114297091960907	-0.005475430283695459	-0.03849378973245621	-0.18620921671390533	0.025948582217097282	0.2925603687763214	-0.19590938091278076	-0.08011558651924133	0.12024536728858948	0.08870209008455276	0.017279496416449547	0.39610594511032104	0.5348497629165649	1.0	0.38731321692466736	0.028309384360909462	0.03194041922688484	-0.021542860195040703	0.15698562562465668	0.009286231361329556	-0.09341534227132797	6.531710823765025e-05	0.07190296053886414	-0.0263210479170084	-0.03342052549123764	-0.12935346364974976	0.07057040929794312	-0.1512260138988495	-0.036221470683813095	0.10195428878068924	0.16026827692985535	0.07802729308605194	-0.22552254796028137	-0.08530281484127045	0.21558134257793427	-0.15119801461696625
HIP-tail-lh	0.23797468841075897	0.2346319556236267	0.25786271691322327	0.36673134565353394	0.0739382654428482	-0.006039355415850878	0.4008527398109436	0.6658641695976257	0.32859036326408386	-0.02381996251642704	0.3793644309043884	-0.06717690825462341	0.47576668858528137	0.37722060084342957	0.5786494612693787	0.49674469232559204	0.5215585827827454	0.3232555091381073	-0.012369434349238873	0.25954267382621765	0.030766770243644714	0.222843199968338	0.6822644472122192	0.41557031869888306	0.2804100513458252	0.19602665305137634	0.12753641605377197	0.38731321692466736	1.0	0.25585123896598816	-0.1601424515247345	0.37889957427978516	0.20275478065013885	0.09352799504995346	-0.11328300833702087	0.12481001764535904	0.2041884958744049	0.21776701509952545	0.2260354906320572	0.4272523522377014	0.3868696689605713	0.19626469910144806	0.32118332386016846	0.1286299079656601	0.1952667385339737	-0.002570165554061532	0.3138488829135895	0.341171532869339	0.2790715992450714	0.33050528168678284
THA-VPm-lh	0.45917317271232605	0.4375579357147217	0.43429258465766907	0.6837026476860046	0.6143375635147095	0.6651140451431274	0.6848253011703491	0.39321258664131165	0.523304283618927	0.5742732286453247	0.07199642062187195	0.05896817892789841	0.43088066577911377	0.2425476461648941	0.40860235691070557	0.36278313398361206	0.23916484415531158	-0.06601569056510925	-0.03993789106607437	0.3920634686946869	0.6107133030891418	0.29753729701042175	0.44939887523651123	0.16250360012054443	0.05962667614221573	0.07530590891838074	0.09403380751609802	0.028309384360909462	0.25585123896598816	1.0	0.5706011056900024	0.6062532663345337	-0.07195054739713669	0.5641230344772339	0.36778318881988525	0.21013201773166656	0.07536373287439346	0.3782476782798767	0.2767132520675659	0.18137553334236145	0.2728201448917389	0.20105256140232086	0.32715877890586853	0.22991086542606354	0.1791771501302719	0.5826231241226196	0.32688161730766296	0.5785045623779297	0.2768922746181488	0.5074151754379272
THA-VPl-lh	0.34790799021720886	0.22902753949165344	0.4141758680343628	0.28515422344207764	0.48653849959373474	0.3875645697116852	0.5275058150291443	0.12313592433929443	0.21833887696266174	0.4621123671531677	-0.3378024697303772	-0.022708186879754066	0.10621762275695801	-0.042369164526462555	-0.1761288195848465	-0.09398850053548813	-0.20155692100524902	-0.22909080982208252	-0.11992335319519043	0.011984219774603844	0.4430452585220337	-0.003869130276143551	-0.013605732470750809	-0.10542500019073486	-0.025804638862609863	0.035663723945617676	-0.035623226314783096	0.03194041922688484	-0.1601424515247345	0.5706011056900024	1.0	0.41356685757637024	0.2022131383419037	0.5687876343727112	0.5053722858428955	-0.10551868379116058	-0.22699084877967834	0.3455010652542114	0.14180098474025726	-0.04540839046239853	0.032967377454042435	0.12592631578445435	0.020421098917722702	0.00593106122687459	0.2041032463312149	0.4185093641281128	-0.0006990744732320309	0.15465329587459564	0.30829378962516785	0.2701093554496765
THA-VAi-lh	0.27827927470207214	0.22984807193279266	0.14439864456653595	0.22384679317474365	0.28746849298477173	0.39189913868904114	0.6911786198616028	0.5775267481803894	0.5479162931442261	0.3947881758213043	-0.14697721600532532	-0.1515556126832962	0.23501211404800415	0.0813688337802887	0.1840706765651703	0.3907424211502075	0.2518448829650879	0.04420310631394386	-0.15285295248031616	0.07342807948589325	0.2687779664993286	0.42318758368492126	0.4619481563568115	0.2424355149269104	0.1708584427833557	-0.03175320476293564	-0.31029707193374634	-0.021542860195040703	0.37889957427978516	0.6062532663345337	0.41356685757637024	1.0	0.17182610929012299	0.6284029483795166	0.3017558753490448	-0.0730350986123085	-0.06155383959412575	0.27709609270095825	0.10327238589525223	0.2765551805496216	0.4349803626537323	0.19033510982990265	0.12542933225631714	0.07279764115810394	0.08092816174030304	0.28594163060188293	0.39042067527770996	0.48820507526397705	0.4085262417793274	0.49638819694519043
THA-VAs-lh	0.025572238489985466	-0.18187443912029266	0.27834826707839966	-0.10475093871355057	-0.04576079174876213	-0.2002151757478714	0.1388758271932602	0.39665350317955017	-0.12367328256368637	-0.06803879886865616	-0.10719435662031174	0.2355276495218277	-0.015357796102762222	0.2469605952501297	-0.16427220404148102	-0.1660669595003128	0.04407708719372749	0.3116331398487091	0.06496796756982803	-0.039176348596811295	-0.09664404392242432	-0.06089663505554199	0.02556499093770981	-0.19450610876083374	-0.13520510494709015	-0.08441492170095444	-0.07486668229103088	0.15698562562465668	0.20275478065013885	-0.07195054739713669	0.2022131383419037	0.17182610929012299	1.0	0.13825483620166779	0.1324003040790558	0.012311747297644615	-0.05252514034509659	0.23069734871387482	0.3120886981487274	0.35024014115333557	0.027326151728630066	0.4379130005836487	0.21763579547405243	0.10324909538030624	0.5537048578262329	-0.22574850916862488	-0.020150646567344666	-0.15113812685012817	0.0690714493393898	-0.07640577107667923
THA-DAm-lh	0.4009927809238434	0.43757298588752747	0.1889325976371765	0.2998562455177307	0.4028964042663574	0.33193859457969666	0.44021400809288025	0.3653576076030731	0.4889534115791321	0.7466667890548706	-0.2560097277164459	-0.2235778570175171	0.1854211688041687	0.002182088792324066	0.2085784524679184	0.3898054361343384	0.1341935396194458	-0.11904674023389816	0.08350101858377457	-0.03705223649740219	0.42360979318618774	-0.09469502419233322	0.18129728734493256	0.07997788488864899	0.05939947068691254	0.27102574706077576	-0.19288811087608337	0.009286231361329556	0.09352799504995346	0.5641230344772339	0.5687876343727112	0.6284029483795166	0.13825483620166779	1.0	0.699164867401123	-0.1882614940404892	-0.11525554209947586	0.23533301055431366	0.09435995668172836	0.05780409276485443	0.39831361174583435	0.18485106527805328	0.1991298794746399	0.23216450214385986	-0.1324024498462677	0.4783180058002472	-0.05917516350746155	0.04782676324248314	0.5545787811279297	0.29657652974128723
THA-DAl-lh	0.007103387266397476	0.4155769944190979	0.13035964965820312	0.0256377961486578	0.36732980608940125	0.20666968822479248	0.29913264513015747	0.2037259042263031	0.39530256390571594	0.7388336658477783	-0.19241361320018768	-0.10030782222747803	0.14381739497184753	-0.01111384853720665	0.12660519778728485	0.0002443556732032448	0.017208194360136986	-0.15993882715702057	-0.30356037616729736	-0.3727039694786072	0.5403241515159607	-0.18892094492912292	-0.11879488825798035	0.12037450075149536	-0.13763079047203064	0.028835078701376915	-0.29808107018470764	-0.09341534227132797	-0.11328300833702087	0.36778318881988525	0.5053722858428955	0.3017558753490448	0.1324003040790558	0.699164867401123	1.0	-0.2601306736469269	-0.21673664450645447	0.3263430893421173	0.08991649001836777	-0.1046343445777893	0.12915873527526855	0.16006599366664886	0.12747475504875183	-0.009305671788752079	-0.16815760731697083	0.27073219418525696	-0.2929014563560486	-0.11889579892158508	0.4080122113227844	0.26553261280059814
PUT-VA-lh	0.3554191589355469	0.18340936303138733	0.3890731930732727	0.49762555956840515	0.2629143297672272	0.39971059560775757	0.15476569533348083	0.2411271184682846	0.088284932076931	0.04254203662276268	0.7144012451171875	0.6703683137893677	0.5775056481361389	0.7343006134033203	0.48104479908943176	0.40865784883499146	0.5540253520011902	0.6749175190925598	0.02921525202691555	0.38687554001808167	0.13739995658397675	0.3985793888568878	0.4950135052204132	-0.24053844809532166	0.24417713284492493	0.4426679015159607	0.3990541696548462	6.531710823765025e-05	0.12481001764535904	0.21013201773166656	-0.10551868379116058	-0.0730350986123085	0.012311747297644615	-0.1882614940404892	-0.2601306736469269	1.0	0.7405443787574768	0.479372501373291	0.6712071299552917	0.567184567451477	0.4344586730003357	0.5853787064552307	0.5918834209442139	0.14951735734939575	0.39700645208358765	0.31632086634635925	0.5345202684402466	0.6148356795310974	-0.5459729433059692	0.28058600425720215
PUT-DA-l	0.20469479262828827	0.40675613284111023	0.1509239375591278	0.29612380266189575	0.1913367062807083	0.13558579981327057	0.07273602485656738	0.24650685489177704	0.24709489941596985	0.12886479496955872	0.7492638826370239	0.653758704662323	0.5830009579658508	0.7632792592048645	0.5102513432502747	0.45619893074035645	0.7247487902641296	0.6085519790649414	-0.1375083178281784	0.20933231711387634	0.06262443214654922	0.27209675312042236	0.4318116009235382	-0.06364788115024567	0.3473939597606659	0.4050157964229584	0.35390540957450867	0.07190296053886414	0.2041884958744049	0.07536373287439346	-0.22699084877967834	-0.06155383959412575	-0.05252514034509659	-0.11525554209947586	-0.21673664450645447	0.7405443787574768	1.0	0.5761557221412659	0.8025199174880981	0.4427417814731598	0.598366916179657	0.5885294079780579	0.6323691606521606	-0.013162310235202312	0.08241326361894608	0.2800677716732025	0.22762413322925568	0.46737945079803467	-0.40190473198890686	0.33985090255737305
PUT-VP-lh	0.10828996449708939	0.43232405185699463	0.28886258602142334	0.3511103391647339	0.3248195946216583	0.3090510070323944	0.40206441283226013	0.4113207459449768	0.24887371063232422	0.4397386312484741	0.3248082399368286	0.44723784923553467	0.6281301975250244	0.7037570476531982	0.344435453414917	0.2210182398557663	0.5640759468078613	0.4927224814891815	-0.4230861961841583	-0.1361420601606369	0.3175067603588104	0.34893450140953064	0.34599244594573975	-0.08966253697872162	0.10593925416469574	0.2675645649433136	0.21038678288459778	-0.0263210479170084	0.21776701509952545	0.3782476782798767	0.3455010652542114	0.27709609270095825	0.23069734871387482	0.23533301055431366	0.3263430893421173	0.479372501373291	0.5761557221412659	1.0	0.7783152461051941	0.43621736764907837	0.4297339618206024	0.6591176390647888	0.5379058718681335	0.06449829787015915	0.32638323307037354	0.2122124582529068	0.18346627056598663	0.4820881485939026	-0.06831590831279755	0.56355881690979
PUT-DP-lh	0.20932437479496002	0.4064055383205414	0.36354196071624756	0.34100085496902466	0.3270116150379181	0.18827566504478455	0.34729495644569397	0.4677310883998871	0.25849300622940063	0.2879386842250824	0.6217410564422607	0.7431327104568481	0.7198106050491333	0.876180112361908	0.39059150218963623	0.3249783515930176	0.690832257270813	0.6693152189254761	-0.1906215250492096	0.1698663830757141	0.31069329380989075	0.20695853233337402	0.4242702126502991	-0.09923606365919113	0.22803616523742676	0.27364930510520935	0.2102455049753189	-0.03342052549123764	0.2260354906320572	0.2767132520675659	0.14180098474025726	0.10327238589525223	0.3120886981487274	0.09435995668172836	0.08991649001836777	0.6712071299552917	0.8025199174880981	0.7783152461051941	1.0	0.5058043599128723	0.5437625646591187	0.7508648037910461	0.7271279096603394	0.02427767962217331	0.292142391204834	0.27552178502082825	0.2590879797935486	0.4670419991016388	-0.28847724199295044	0.4377337098121643
CAU-VA-lh	0.16113103926181793	0.05954696610569954	0.22685997188091278	0.36842620372772217	0.1067187488079071	0.056588008999824524	0.24037086963653564	0.497066468000412	0.1494695097208023	0.023896705359220505	0.5496411323547363	0.3530428111553192	0.487265944480896	0.6652583479881287	0.43502214550971985	0.45329973101615906	0.6122299432754517	0.5834143757820129	-0.06867242604494095	0.20859363675117493	0.10040614753961563	0.25171852111816406	0.6227719783782959	-0.02986053377389908	0.5432344675064087	0.28836140036582947	0.057905036956071854	-0.12935346364974976	0.4272523522377014	0.18137553334236145	-0.04540839046239853	0.2765551805496216	0.35024014115333557	0.05780409276485443	-0.1046343445777893	0.567184567451477	0.4427417814731598	0.43621736764907837	0.5058043599128723	1.0	0.5205203890800476	0.6351855397224426	0.6344336867332458	0.3219050168991089	0.5384325981140137	0.17755569517612457	0.6261429786682129	0.4949781894683838	-0.14733795821666718	0.1538313776254654
