Node	DMN_LABEL_1	Vis_LABEL_2	FP_LABEL_3	Aud_LABEL_4	Tpole_LABEL_5	PMN_LABEL_6	PON_LABEL_7	MTL_LABEL_8	PON_LABEL_9	CO_LABEL_10	Sal_LABEL_11	CO_LABEL_12	SMd_LABEL_13	SMl_LABEL_14	DAN_LABEL_15	DMN_LABEL_16	CO_LABEL_17	DMN_LABEL_18	VAN_LABEL_19	CO_LABEL_20	CO_LABEL_21	Sal_LABEL_22	DAN_LABEL_23	PMN_LABEL_24	DAN_LABEL_25	DMN_LABEL_26	DMN_LABEL_27	DMN_LABEL_28	Vis_LABEL_29	FP_LABEL_30	Aud_LABEL_31	Tpole_LABEL_32	PMN_LABEL_33	PON_LABEL_34	MTL_LABEL_35	CO_LABEL_36	Sal_LABEL_37	CO_LABEL_38	SMd_LABEL_39	SMl_LABEL_40	DAN_LABEL_41	CO_LABEL_42	VAN_LABEL_43	CO_LABEL_44	CO_LABEL_45	Sal_LABEL_46	DAN_LABEL_47	PMN_LABEL_48	DAN_LABEL_49	DMN_LABEL_50	FP_LABEL_51	DMN_LABEL_52	DMN_LABEL_53	PON_LABEL_54	DMN_LABEL_55	Tpole_LABEL_56	Tpole_LABEL_57	Sal_LABEL_58	Sal_LABEL_59	SMd_LABEL_60	DAN_LABEL_61	FP_LABEL_62	DMN_LABEL_63	FP_LABEL_64	FP_LABEL_65	SMd_LABEL_66	SMl_LABEL_67	SMd_LABEL_68	DMN_LABEL_69	DAN_LABEL_70	DMN_LABEL_71	FP_LABEL_72	SMd_LABEL_73	SMl_LABEL_74	MTL_LABEL_75	MTL_LABEL_76	CO_LABEL_77	CO_LABEL_78	Vis_LABEL_79	Vis_LABEL_80
DMN_LABEL_1	1.0	-0.04393671080470085	-0.4742087721824646	0.06211155280470848	0.4656071364879608	0.3737758994102478	0.5459401607513428	n/a	-0.24548204243183136	-0.33225521445274353	-0.38649576902389526	-0.562589704990387	0.28184008598327637	-0.16321414709091187	-0.1948261857032776	0.7345920205116272	-0.5918871164321899	0.6276764869689941	0.4989217221736908	-0.6767775416374207	-0.6833549737930298	-0.15835599601268768	-0.22671766579151154	0.132953941822052	-0.08577407896518707	0.7147665023803711	0.6292851567268372	0.46079587936401367	0.01074353139847517	-0.04769660159945488	0.002908174879848957	-0.099555104970932	0.6400399804115295	0.5328652858734131	n/a	-0.22660812735557556	-0.09533347934484482	-0.7098137736320496	0.32622742652893066	-0.1839025765657425	-0.3136838674545288	-0.6325721740722656	0.357791543006897	-0.43995994329452515	-0.6035919189453125	-0.21525365114212036	-0.29762816429138184	0.1417352259159088	-0.10648131370544434	0.7093640565872192	-0.06718025356531143	0.827741265296936	0.49711692333221436	-0.2780474126338959	0.561755359172821	0.08469846844673157	0.5054110884666443	-0.4180269241333008	-0.5939289331436157	0.28955546021461487	-0.11084271222352982	-0.2232414335012436	0.3918730616569519	-0.41128262877464294	-0.197060227394104	0.5253938436508179	0.33861979842185974	0.4995367228984833	0.7374032735824585	0.15429452061653137	0.15809789299964905	-0.001534202485345304	0.5134703516960144	0.35264772176742554	-0.1612897366285324	0.18855434656143188	0.09862280637025833	-0.2763312757015228	-0.11019514501094818	0.1888684183359146
Vis_LABEL_2	-0.04393671080470085	1.0	-0.21433082222938538	0.08203969150781631	-0.18193018436431885	0.3171294629573822	0.059952422976493835	n/a	0.026259172707796097	0.43498677015304565	0.41889816522598267	-0.05561557784676552	0.25250861048698425	-0.4248979389667511	0.2954752743244171	-0.27982035279273987	0.1839831918478012	-0.2549445927143097	-0.09015382081270218	0.18354229629039764	0.3628282845020294	0.014902861788868904	0.40032440423965454	0.22503328323364258	0.07608471065759659	-0.01581345498561859	-0.1768382340669632	-0.17386861145496368	0.9512724876403809	-0.6395823955535889	0.209685280919075	-0.16713039577007294	0.15687790513038635	0.18815189599990845	n/a	0.6266478300094604	0.02125461772084236	0.0786949023604393	0.20090408623218536	-0.19381658732891083	0.21344707906246185	0.17463922500610352	0.0209988821297884	0.322018563747406	0.48295629024505615	-0.36271992325782776	0.29066669940948486	0.13250185549259186	-0.1534971445798874	-0.2663695514202118	-0.2558988034725189	-0.18481700122356415	-0.37276721000671387	0.040636565536260605	-0.3608214557170868	-0.0943114161491394	-0.3112403452396393	-0.09470520913600922	0.03787384554743767	0.14448577165603638	-0.09997851401567459	-0.24459712207317352	-0.2707037329673767	-0.4647983908653259	-0.2992047071456909	-0.15182293951511383	-0.2498968541622162	0.21893827617168427	-0.23762886226177216	0.22945590317249298	-0.3327088952064514	-0.19446317851543427	-0.08748979866504669	-0.26651066541671753	-0.03920386731624603	-0.28699859976768494	-0.060997579246759415	0.1796632558107376	0.12841182947158813	0.5811527371406555
FP_LABEL_3	-0.4742087721824646	-0.21433082222938538	1.0	-0.06690777093172073	-0.6210888028144836	-0.03523438423871994	0.041401103138923645	n/a	0.4135535955429077	0.09620998799800873	0.03271062672138214	0.23663657903671265	-0.0536733902990818	-0.14707565307617188	0.2899032235145569	-0.4775926470756531	0.56636643409729	-0.5139741897583008	-0.48711273074150085	0.373933345079422	0.5286101698875427	-0.013989712111651897	0.23155580461025238	0.5549013614654541	0.40227439999580383	-0.13868814706802368	-0.4768596887588501	-0.2837774157524109	-0.15443643927574158	0.4333772659301758	0.003926205448806286	-0.423881858587265	-0.05782069265842438	-0.11011270433664322	n/a	-0.11978542059659958	-0.09788770973682404	0.253409206867218	-0.290810227394104	-0.24183350801467896	0.2574012577533722	0.4691873788833618	-0.45325806736946106	0.41434380412101746	0.27349886298179626	0.14078928530216217	-0.12203389406204224	0.48407796025276184	0.11714696884155273	-0.4527660608291626	0.25075584650039673	-0.18251343071460724	-0.4706081449985504	0.29528388381004333	-0.5794293284416199	-0.1816376894712448	-0.2874307930469513	0.13541068136692047	0.16137243807315826	-0.14382177591323853	0.2892306447029114	0.3199712038040161	-0.14361955225467682	0.31691962480545044	-0.01370311714708805	-0.47968727350234985	-0.39574164152145386	-0.20013290643692017	-0.4394146203994751	-0.13520701229572296	-0.14710700511932373	0.22021716833114624	-0.20674654841423035	-0.26650840044021606	-0.015133606269955635	0.07443469017744064	0.15585975348949432	-0.03403329476714134	0.35714268684387207	-0.27418801188468933
Aud_LABEL_4	0.06211155280470848	0.08203969150781631	-0.06690777093172073	1.0	-0.23872540891170502	0.07189168781042099	0.18528951704502106	n/a	-0.15628093481063843	0.09975116699934006	-0.06438346952199936	0.1366737186908722	0.5688165426254272	0.363163560628891	-0.03589784353971481	-0.3156737983226776	0.0894189327955246	-0.2346673160791397	-0.3018553555011749	0.14669150114059448	-0.054281920194625854	0.00618597911670804	0.07187668234109879	0.1413455605506897	-0.025838680565357208	0.10211999714374542	-0.35182860493659973	-0.33782392740249634	0.2401169091463089	-0.00999695248901844	0.9131644368171692	-0.3682588040828705	0.11682478338479996	0.1353522688150406	n/a	0.023873690515756607	0.2169184386730194	-0.05324564129114151	0.26591724157333374	0.325086385011673	-0.3227274715900421	0.01051631011068821	0.21015381813049316	0.2773723006248474	0.16986726224422455	0.05452943220734596	-0.09143123775720596	0.06271746754646301	-0.24754521250724792	-0.1839061826467514	-0.32166510820388794	0.015378471463918686	-0.14161056280136108	0.11737605184316635	-0.24902290105819702	0.2572241425514221	-0.19782611727714539	-0.22418656945228577	-0.4115005135536194	-0.07024319469928741	-0.07129978388547897	0.11484899371862411	-0.3360379636287689	-0.05118562653660774	-0.29233142733573914	0.07179408520460129	-0.010579539462924004	0.06920303404331207	-0.15844064950942993	0.3142038583755493	-0.43047311902046204	-0.17839723825454712	0.06856421381235123	0.09598924964666367	0.2595481276512146	0.3446584641933441	0.20797677338123322	-0.018406160175800323	-0.17492611706256866	0.039787761867046356
Tpole_LABEL_5	0.4656071364879608	-0.18193018436431885	-0.6210888028144836	-0.23872540891170502	1.0	-0.11163493990898132	0.07686060667037964	n/a	-0.3655907213687897	-0.30818691849708557	-0.41862067580223083	-0.2733043432235718	-0.29444876313209534	0.030307026579976082	-0.10643070936203003	0.7337915897369385	-0.5504547357559204	0.8007827997207642	0.6476109027862549	-0.49771037697792053	-0.5216863751411438	-0.2885075807571411	-0.39782777428627014	-0.565885066986084	-0.24753643572330475	0.060932695865631104	0.6192954182624817	0.6335576176643372	-0.23268966376781464	-0.05216939374804497	-0.31743353605270386	0.5073772668838501	0.0649573877453804	0.19732165336608887	n/a	-0.20552213490009308	-0.29249411821365356	-0.20281346142292023	-0.022341633215546608	-0.027122758328914642	-0.12762881815433502	-0.4337143003940582	0.30636098980903625	-0.5043699741363525	-0.428324431180954	-0.28279656171798706	-0.011375492438673973	-0.5127776861190796	0.07291745394468307	0.7412678003311157	0.188452810049057	0.3290272057056427	0.8518409132957458	-0.2982398271560669	0.5827767252922058	0.1695656180381775	0.46223488450050354	-0.13884669542312622	-0.19814004004001617	0.21427243947982788	-0.2214398831129074	-0.1079849824309349	0.4315968453884125	-0.1880345493555069	0.23528404533863068	0.6195026636123657	0.6796680092811584	0.16092322766780853	0.6452597975730896	-0.1638205349445343	0.48258259892463684	0.03149519860744476	0.21116545796394348	0.492404580116272	0.1752023547887802	0.26807940006256104	0.10839831829071045	-0.02093511074781418	0.0007813935517333448	0.13823938369750977
PMN_LABEL_6	0.3737758994102478	0.3171294629573822	-0.03523438423871994	0.07189168781042099	-0.11163493990898132	1.0	0.29591333866119385	n/a	0.01900719478726387	-0.06954595446586609	0.24945856630802155	-0.3335241973400116	0.3019607365131378	-0.4702547788619995	0.1861944943666458	0.008102142252027988	-0.09072902053594589	-0.029302209615707397	0.38316696882247925	-0.0905330702662468	-0.10582932084798813	0.16361717879772186	0.4227920472621918	0.5998818874359131	0.16371309757232666	0.6429428458213806	0.144071564078331	-0.0976305902004242	0.3859543800354004	-0.09718448668718338	0.08911290019750595	-0.4106863737106323	0.7609534859657288	0.3008993864059448	n/a	0.16336022317409515	0.2391556352376938	-0.4927833676338196	-0.04866957291960716	-0.4130195379257202	-0.1303856372833252	-0.32814714312553406	0.33848899602890015	0.09356459975242615	-0.10528116673231125	-0.023714298382401466	0.09405200928449631	0.6408718824386597	-0.37693649530410767	-0.09501099586486816	-0.30860716104507446	0.32221561670303345	-0.24631959199905396	0.003345687408000231	-0.056117553263902664	-0.06144074350595474	-0.0034923965577036142	-0.4593307077884674	-0.2707138657569885	0.06194087490439415	0.24691280722618103	0.08783917129039764	0.05716675519943237	-0.29441380500793457	-0.4004702568054199	-0.07187274843454361	0.11013202369213104	0.3001375198364258	0.338241308927536	0.2752865254878998	-0.13248975574970245	-0.03570296987891197	0.23588955402374268	0.001994407968595624	-0.20428165793418884	-0.08178135007619858	0.11635281145572662	-0.5819632411003113	0.20696868002414703	0.3760409355163574
PON_LABEL_7	0.5459401607513428	0.059952422976493835	0.041401103138923645	0.18528951704502106	0.07686060667037964	0.29591333866119385	1.0	n/a	0.44052115082740784	-0.4109099507331848	-0.34351277351379395	-0.4621107280254364	0.25365716218948364	-0.27901801466941833	0.14354564249515533	0.26383692026138306	-0.3169794976711273	0.20218662917613983	-0.06892354041337967	-0.41215458512306213	-0.4002055823802948	-0.07719174027442932	0.20712648332118988	0.35743868350982666	0.11189855635166168	0.447316437959671	-0.013129574246704578	0.09789114445447922	0.1439523547887802	-0.035897936671972275	0.11977564543485641	-0.5083080530166626	0.5524016618728638	0.9097391963005066	n/a	-0.24841614067554474	-0.1656988561153412	-0.45126873254776	0.01172418612986803	-0.26673799753189087	-0.0635489746928215	-0.27861544489860535	0.005370252300053835	-0.12626834213733673	-0.3162396252155304	-0.054398197680711746	0.09980875253677368	0.3721666634082794	0.01611163839697838	0.31018951535224915	-0.1283486932516098	0.4933522641658783	0.24189504981040955	0.31806305050849915	-0.02362360805273056	0.06216616556048393	0.1865939050912857	-0.11347581446170807	-0.4918832778930664	-0.028898803517222404	-0.10148876160383224	0.07675193250179291	0.0412306971848011	-0.39298754930496216	-0.3965037763118744	0.22573649883270264	-0.035408128052949905	0.16713008284568787	0.17606306076049805	0.30172979831695557	-0.00641362089663744	-0.13795730471611023	0.2528117001056671	0.2501552104949951	-0.16021065413951874	0.2787470519542694	0.29791969060897827	-0.2948296368122101	0.08635435253381729	0.17926591634750366
MTL_LABEL_8	n/a	n/a	n/a	n/a	n/a	n/a	n/a	1.0	n/a	n/a	n/a	n/a	n/a	n/a	n/a	n/a	n/a	n/a	n/a	n/a	n/a	n/a	n/a	n/a	n/a	n/a	n/a	n/a	n/a	n/a	n/a	n/a	n/a	n/a	n/a	n/a	n/a	n/a	n/a	n/a	n/a	n/a	n/a	n/a	n/a	n/a	n/a	n/a	n/a	n/a	n/a	n/a	n/a	n/a	n/a	n/a	n/a	n/a	n/a	n/a	n/a	n/a	n/a	n/a	n/a	n/a	n/a	n/a	n/a	n/a	n/a	n/a	n/a	n/a	n/a	n/a	n/a	n/a	n/a	n/a
PON_LABEL_9	-0.24548204243183136	0.026259172707796097	0.4135535955429077	-0.15628093481063843	-0.3655907213687897	0.01900719478726387	0.44052115082740784	n/a	1.0	-0.33625155687332153	0.04275552183389664	0.011223400011658669	-0.2197723090648651	-0.13823670148849487	0.1062433049082756	-0.19378966093063354	-0.002407543594017625	-0.2343936264514923	-0.49919575452804565	0.11049588024616241	0.034849025309085846	0.1603592336177826	0.22268354892730713	0.12632212042808533	0.10692092776298523	-0.0723327249288559	-0.3412865698337555	-0.1691075712442398	-0.02667165920138359	0.05417035147547722	-0.16186809539794922	-0.46418237686157227	-0.1061738058924675	0.2982812225818634	n/a	-0.2039027065038681	-0.054811760783195496	0.1506752073764801	-0.34102663397789	-0.07838547229766846	0.14125901460647583	0.03667913377285004	-0.33129245042800903	0.08286330103874207	-0.014982379972934723	0.2358199656009674	0.28552961349487305	0.22347019612789154	0.21012890338897705	-0.2170787900686264	-0.0613812692463398	-0.1490730345249176	-0.16971081495285034	0.8458063006401062	-0.27899032831192017	-0.26220887899398804	-0.31874290108680725	0.4876073896884918	0.28418540954589844	-0.4528573155403137	-0.07673119008541107	0.24451550841331482	-0.04557591304183006	-0.0025242366828024387	0.0297964196652174	-0.3354610800743103	-0.35965245962142944	-0.47463294863700867	-0.3057382106781006	0.1699049472808838	0.126569002866745	0.04087017476558685	-0.18273472785949707	-0.08064835518598557	-0.14139145612716675	-0.11728597432374954	0.17168554663658142	0.012274210341274738	0.2851331830024719	-0.031679727137088776
CO_LABEL_10	-0.33225521445274353	0.43498677015304565	0.09620998799800873	0.09975116699934006	-0.30818691849708557	-0.06954595446586609	-0.4109099507331848	n/a	-0.33625155687332153	1.0	0.3654274642467499	0.47669023275375366	0.17743177711963654	0.01019101869314909	0.016669781878590584	-0.45255202054977417	0.517620861530304	-0.3322157561779022	-0.2178962677717209	0.3398430645465851	0.6536400318145752	-0.0997396782040596	0.17840826511383057	0.21153579652309418	-0.10657675564289093	-0.2953646183013916	-0.26225367188453674	-0.20743970572948456	0.4848053455352783	-0.22350379824638367	0.293400377035141	0.09027265757322311	-0.08984603732824326	-0.4173036813735962	n/a	0.7744907736778259	-0.07450008392333984	0.4685221314430237	0.10869112610816956	0.14437822997570038	0.10038751363754272	0.485856831073761	-0.2570232152938843	0.4676191806793213	0.6918857097625732	-0.3456599712371826	0.01983622834086418	0.023217657580971718	-0.3058434724807739	-0.3537333011627197	-0.03622382506728172	-0.3430260717868805	-0.464486688375473	-0.33214110136032104	-0.41127800941467285	0.09433482587337494	-0.09901762008666992	-0.0814429521560669	-0.07368487864732742	0.36677464842796326	0.15152722597122192	-0.30157190561294556	-0.4835374653339386	-0.07258372753858566	-0.12198206782341003	-0.06503159552812576	-0.04222552478313446	0.2480267882347107	-0.40985023975372314	-0.12757928669452667	-0.4169301688671112	-0.015313399955630302	-0.031337056308984756	-0.1403130441904068	0.027740946039557457	-0.20207072794437408	-0.107324980199337	0.3680530786514282	0.1651117503643036	0.34150955080986023
Sal_LABEL_11	-0.38649576902389526	0.41889816522598267	0.03271062672138214	-0.06438346952199936	-0.41862067580223083	0.24945856630802155	-0.34351277351379395	n/a	0.04275552183389664	0.3654274642467499	1.0	0.1286400705575943	-0.009430072270333767	-0.2109001874923706	-0.06697653979063034	-0.33502525091171265	0.23870623111724854	-0.41591572761535645	-0.17248961329460144	0.41351670026779175	0.39596375823020935	0.6202532052993774	0.22990095615386963	0.07962755858898163	-0.24632656574249268	0.004140617325901985	-0.15284237265586853	-0.347720742225647	0.3155706524848938	-0.26609140634536743	-0.043145667761564255	-0.09522570669651031	-0.1536194533109665	-0.29928579926490784	n/a	0.4608539044857025	0.7157607078552246	0.1404830366373062	-0.012243874371051788	-0.1148800328373909	0.02437850832939148	0.15159918367862701	-0.22502893209457397	0.21068443357944489	0.4378368556499481	0.40133991837501526	0.12618407607078552	0.08194916695356369	-0.3526064157485962	-0.5034154653549194	-0.4004679024219513	-0.29056641459465027	-0.5541210174560547	0.07040038704872131	-0.12734194099903107	-0.3352498412132263	-0.4974847733974457	0.09831751883029938	0.4429848790168762	-0.16320480406284332	0.2331078052520752	-0.0835101455450058	-0.3273325562477112	-0.018228085711598396	-0.22015990316867828	-0.4512479603290558	-0.41186514496803284	-0.15782807767391205	-0.29636460542678833	0.1334652453660965	-0.3475140333175659	-0.05746717378497124	-0.3445765972137451	-0.5372115969657898	-0.12458429485559464	-0.3993016481399536	-0.44150441884994507	-0.10676690936088562	0.021061213687062263	0.014414817094802856
CO_LABEL_12	-0.562589704990387	-0.05561557784676552	0.23663657903671265	0.1366737186908722	-0.2733043432235718	-0.3335241973400116	-0.4621107280254364	n/a	0.011223400011658669	0.47669023275375366	0.1286400705575943	1.0	-0.03407278284430504	0.529194176197052	-0.0994560569524765	-0.5430729985237122	0.47737422585487366	-0.32149532437324524	-0.3353886306285858	0.38437947630882263	0.5277490019798279	-0.09701712429523468	-0.059653136879205704	-0.18207316100597382	-0.043505266308784485	-0.4977746903896332	-0.41485822200775146	-0.2778213322162628	-0.01627546362578869	0.10157384723424911	0.21070754528045654	0.03654561936855316	-0.499430775642395	-0.48933902382850647	n/a	0.2817056477069855	-0.23249678313732147	0.6844609379768372	-0.07414518296718597	0.5173299312591553	-0.013420311734080315	0.42409181594848633	-0.181900754570961	0.26121899485588074	0.43113070726394653	-0.11062949895858765	-0.04072428494691849	-0.19603413343429565	-0.15259265899658203	-0.36236289143562317	0.014127148315310478	-0.5479196906089783	-0.3635619580745697	0.16616031527519226	-0.4839663803577423	0.2008001059293747	-0.34836703538894653	0.28645843267440796	0.22027969360351562	-0.2559056878089905	0.11475774645805359	-0.061290763318538666	-0.3953244090080261	0.40591689944267273	0.2754075229167938	-0.24889294803142548	-0.03961121663451195	-0.251139372587204	-0.3938762843608856	-0.34587088227272034	-0.19483447074890137	0.22454103827476501	-0.12723179161548615	0.16109071671962738	0.08408819884061813	-0.1213873028755188	0.2822692394256592	0.4923296868801117	0.1067209243774414	0.06889094412326813
SMd_LABEL_13	0.28184008598327637	0.25250861048698425	-0.0536733902990818	0.5688165426254272	-0.29444876313209534	0.3019607365131378	0.25365716218948364	n/a	-0.2197723090648651	0.17743177711963654	-0.009430072270333767	-0.03407278284430504	1.0	-0.062269579619169235	0.3769828677177429	-0.28666576743125916	0.2699194550514221	-0.3159993290901184	-0.05217863246798515	0.014981658197939396	0.06293140351772308	0.01861121691763401	0.382619172334671	0.430449515581131	0.37753552198410034	0.3489699363708496	-0.25048935413360596	-0.5359296798706055	0.39769622683525085	-0.4191807210445404	0.5659247040748596	-0.4065926671028137	0.4716290831565857	0.2834104299545288	n/a	0.06465896964073181	0.1057806983590126	-0.37445271015167236	0.4261171221733093	-0.08963669091463089	0.04370950534939766	0.10299084335565567	0.29290127754211426	0.13059821724891663	-0.04638132080435753	-0.08207318186759949	-0.09396500885486603	0.39303675293922424	-0.1946500539779663	-0.22951200604438782	-0.539660632610321	0.15327617526054382	-0.3624557554721832	-0.12172786891460419	-0.2792920470237732	0.2880614697933197	0.12461391091346741	-0.4303698241710663	-0.624199390411377	0.16195082664489746	0.18930184841156006	-0.20336416363716125	-0.3093262314796448	-0.25242879986763	-0.7040163278579712	0.005055085755884647	-0.2447403073310852	0.5629105567932129	-0.050985176116228104	-0.06726910918951035	-0.48587939143180847	-0.37431925535202026	0.5186792016029358	-0.05242248997092247	-0.23096954822540283	-0.08129576593637466	0.23786789178848267	-0.22739122807979584	-0.3556995391845703	0.20939096808433533
SMl_LABEL_14	-0.16321414709091187	-0.4248979389667511	-0.14707565307617188	0.363163560628891	0.030307026579976082	-0.4702547788619995	-0.27901801466941833	n/a	-0.13823670148849487	0.01019101869314909	-0.2109001874923706	0.529194176197052	-0.062269579619169235	1.0	-0.4082264304161072	-0.13255675137043	-0.0966096967458725	-0.005035091657191515	-0.15573325753211975	-0.07768090814352036	-0.1982322484254837	-0.15566463768482208	-0.30246007442474365	-0.43332916498184204	-0.19451461732387543	-0.2851104736328125	-0.09975560754537582	-0.08521658182144165	-0.4068286120891571	0.24170655012130737	0.2483634352684021	0.3124959170818329	-0.415512353181839	-0.33736324310302734	n/a	-0.03930925577878952	-0.00113222177606076	0.2858586013317108	-0.07066179811954498	0.9253101348876953	-0.23398378491401672	-0.05831967666745186	0.1503297984600067	-0.1884641796350479	-0.075729601085186	0.02944786660373211	-0.1314355581998825	-0.379523903131485	0.02448427490890026	-0.08257108181715012	-0.0514400489628315	-0.23616279661655426	0.05102086812257767	0.06786101311445236	0.0403314009308815	0.16940785944461823	0.02315196767449379	0.45514968037605286	0.14770829677581787	-0.4094393253326416	-0.14360076189041138	0.06564722955226898	-0.18284845352172852	0.4115981161594391	0.30705469846725464	0.04053325206041336	0.17030005156993866	-0.3664790391921997	-0.06325384229421616	-0.11775916069746017	-0.024824585765600204	0.038345955312252045	0.017043281346559525	0.29641440510749817	0.12452191114425659	0.1584809422492981	0.10772600769996643	0.2705378234386444	-0.16474811732769012	-0.29581815004348755
DAN_LABEL_15	-0.1948261857032776	0.2954752743244171	0.2899032235145569	-0.03589784353971481	-0.10643070936203003	0.1861944943666458	0.14354564249515533	n/a	0.1062433049082756	0.016669781878590584	-0.06697653979063034	-0.0994560569524765	0.3769828677177429	-0.4082264304161072	1.0	-0.3335508406162262	0.4682466685771942	-0.3618408739566803	-0.06907885521650314	0.2974291145801544	0.38560694456100464	-0.13632526993751526	0.5969336032867432	0.3053668737411499	0.7668039798736572	-0.06660749018192291	-0.3242074251174927	-0.37391671538352966	0.3355995714664459	-0.390420138835907	0.06872837990522385	-0.1528303176164627	0.2350590080022812	0.2561526298522949	n/a	0.051298268139362335	-0.2374093383550644	0.004964984953403473	-0.031249890103936195	-0.4058815836906433	0.6610491871833801	0.47375789284706116	0.013423367403447628	0.3622525930404663	0.18907643854618073	-0.1942477971315384	0.34632056951522827	0.28628772497177124	0.35383427143096924	-0.28507184982299805	-0.12069951742887497	-0.21042735874652863	-0.2304009050130844	0.029369086027145386	-0.495548814535141	0.08257456123828888	0.02099032700061798	-0.18072658777236938	-0.1629706621170044	0.10058626532554626	0.10492661595344543	0.07331223785877228	-0.20036722719669342	-0.13710173964500427	-0.4520753026008606	-0.2523746192455292	-0.22241546213626862	0.21260054409503937	-0.15792785584926605	-0.20356428623199463	-0.2107527107000351	-0.28648534417152405	0.12409850209951401	-0.18674342334270477	-0.09999632090330124	-0.12190751731395721	0.45554739236831665	-0.24010106921195984	0.008103680796921253	0.1535876840353012
DMN_LABEL_16	0.7345920205116272	-0.27982035279273987	-0.4775926470756531	-0.3156737983226776	0.7337915897369385	0.008102142252027988	0.26383692026138306	n/a	-0.19378966093063354	-0.45255202054977417	-0.33502525091171265	-0.5430729985237122	-0.28666576743125916	-0.13255675137043	-0.3335508406162262	1.0	-0.7467154860496521	0.9085787534713745	0.5534262657165527	-0.646912157535553	-0.7161098718643188	-0.12089073657989502	-0.4924468398094177	-0.3495784401893616	-0.3315308392047882	0.45250698924064636	0.8683961033821106	0.8015732169151306	-0.3482649624347687	0.10086830705404282	-0.39435985684394836	0.19420486688613892	0.17291465401649475	0.24653132259845734	n/a	-0.31931957602500916	-0.06938622146844864	-0.4191790819168091	0.15935829281806946	-0.16346272826194763	-0.21409711241722107	-0.6143301129341125	0.14190933108329773	-0.6251025795936584	-0.5483896732330322	-0.040714509785175323	-0.20342016220092773	-0.3403329849243164	0.14516468346118927	0.8866317868232727	0.1478067934513092	0.6702772378921509	0.8267931342124939	-0.27514058351516724	0.8144149780273438	-0.2223440557718277	0.41487979888916016	-0.1531205028295517	-0.2055818736553192	0.1873272806406021	-0.31386715173721313	-0.14419713616371155	0.6249656081199646	-0.2208346575498581	0.18630099296569824	0.5644474625587463	0.4328780174255371	0.1335480958223343	0.7658864855766296	0.02255530282855034	0.532966136932373	0.2158946394920349	0.10375015437602997	0.3280285596847534	0.05585530400276184	0.2366497665643692	-0.09098008275032043	-0.12289032340049744	-0.0358424186706543	-0.09890303760766983
CO_LABEL_17	-0.5918871164321899	0.1839831918478012	0.56636643409729	0.0894189327955246	-0.5504547357559204	-0.09072902053594589	-0.3169794976711273	n/a	-0.002407543594017625	0.517620861530304	0.23870623111724854	0.47737422585487366	0.2699194550514221	-0.0966096967458725	0.4682466685771942	-0.7467154860496521	1.0	-0.7642750144004822	-0.4275539815425873	0.7962468266487122	0.8918738961219788	-0.04605228826403618	0.31235235929489136	0.3782264292240143	0.2963015139102936	-0.3686685562133789	-0.64314204454422	-0.6533511877059937	0.28650373220443726	-0.19233568012714386	0.23612523078918457	-0.06873394548892975	-0.11512269824743271	-0.25175732374191284	n/a	0.19891111552715302	-0.12436040490865707	0.45914918184280396	-0.133795827627182	-0.1328849047422409	0.21950066089630127	0.8492019772529602	-0.2351711541414261	0.7421215176582336	0.588742196559906	-0.15531203150749207	-0.14574047923088074	0.3208395838737488	-0.1822882741689682	-0.6791451573371887	-0.10885309427976608	-0.5257013440132141	-0.6062554717063904	0.05516549572348595	-0.6517580151557922	0.2900477647781372	-0.1254737377166748	-0.12338043004274368	0.09615477174520493	0.0983206108212471	0.2500963807106018	0.04181276634335518	-0.48587435483932495	0.22954392433166504	-0.2133943885564804	-0.5304256677627563	-0.3356703519821167	0.015535600483417511	-0.5756092071533203	-0.31048864126205444	-0.48032647371292114	-0.16378656029701233	0.011490682139992714	-0.4108654260635376	0.0016233365749940276	-0.20711006224155426	0.12829937040805817	0.004737097769975662	0.1554647833108902	0.029576627537608147
DMN_LABEL_18	0.6276764869689941	-0.2549445927143097	-0.5139741897583008	-0.2346673160791397	0.8007827997207642	-0.029302209615707397	0.20218662917613983	n/a	-0.2343936264514923	-0.3322157561779022	-0.41591572761535645	-0.32149532437324524	-0.3159993290901184	-0.005035091657191515	-0.3618408739566803	0.9085787534713745	-0.7642750144004822	1.0	0.5580580234527588	-0.6811976432800293	-0.6705285310745239	-0.237919420003891	-0.42234334349632263	-0.45692840218544006	-0.37574654817581177	0.3279838263988495	0.8129064440727234	0.8574484586715698	-0.3057105541229248	0.13377141952514648	-0.30028027296066284	0.19612811505794525	0.07106634974479675	0.16720734536647797	n/a	-0.20527231693267822	-0.23236536979675293	-0.23392152786254883	0.10433155298233032	-0.004938353318721056	-0.186677023768425	-0.5880669355392456	0.1267484724521637	-0.6293835639953613	-0.42709439992904663	-0.14464427530765533	-0.015598369762301445	-0.49392107129096985	0.12175920605659485	0.878889799118042	0.19312912225723267	0.5351799726486206	0.8558050990104675	-0.29409059882164	0.6664555072784424	-0.18142424523830414	0.31992894411087036	-0.11897081136703491	-0.24006935954093933	0.11642419546842575	-0.33290091156959534	-0.1131083145737648	0.5840827226638794	-0.15434692800045013	0.2887623906135559	0.712530255317688	0.5848850011825562	0.0875236839056015	0.7350500226020813	-0.028796304017305374	0.5962740778923035	0.2868073880672455	0.036628615111112595	0.5560227036476135	0.19244812428951263	0.29520589113235474	0.03397652134299278	0.054327592253685	0.060761455446481705	0.06979579478502274
VAN_LABEL_19	0.4989217221736908	-0.09015382081270218	-0.48711273074150085	-0.3018553555011749	0.6476109027862549	0.38316696882247925	-0.06892354041337967	n/a	-0.49919575452804565	-0.2178962677717209	-0.17248961329460144	-0.3353886306285858	-0.05217863246798515	-0.15573325753211975	-0.06907885521650314	0.5534262657165527	-0.4275539815425873	0.5580580234527588	1.0	-0.4763754606246948	-0.4039117395877838	-0.03409843519330025	-0.13341891765594482	-0.11650729179382324	-0.022104257717728615	0.3155682384967804	0.6403523087501526	0.33401161432266235	-0.12526513636112213	-0.028644472360610962	-0.33761700987815857	0.32121187448501587	0.4230612814426422	0.11167678236961365	n/a	-0.025110628455877304	-0.044313058257102966	-0.5146313905715942	-0.03760632500052452	-0.19579799473285675	-0.20687264204025269	-0.5758615732192993	0.6719024181365967	-0.4865332245826721	-0.494510680437088	-0.1342281550168991	-0.10553205013275146	-0.04508248716592789	-0.18930238485336304	0.4423709511756897	0.01852400042116642	0.3724542260169983	0.39389675855636597	-0.5053763389587402	0.5088687539100647	0.11847143620252609	0.4774264395236969	-0.4249972701072693	-0.25321507453918457	0.31749770045280457	0.09944910556077957	-0.24898044764995575	0.4033285677433014	-0.23554080724716187	-0.0034310624469071627	0.3679012656211853	0.5552813410758972	0.46351197361946106	0.6145495772361755	-0.2575960159301758	0.24357102811336517	-0.014205608516931534	0.39209645986557007	0.31155574321746826	-0.15755689144134521	-0.060294605791568756	-0.06169052794575691	-0.353421151638031	-0.15185929834842682	0.19328321516513824
CO_LABEL_20	-0.6767775416374207	0.18354229629039764	0.373933345079422	0.14669150114059448	-0.49771037697792053	-0.0905330702662468	-0.41215458512306213	n/a	0.11049588024616241	0.3398430645465851	0.41351670026779175	0.38437947630882263	0.014981658197939396	-0.07768090814352036	0.2974291145801544	-0.646912157535553	0.7962468266487122	-0.6811976432800293	-0.4763754606246948	1.0	0.7746016979217529	0.21097888052463531	0.11687930673360825	0.10025149583816528	0.044474221765995026	-0.3952576220035553	-0.5549120306968689	-0.5407071113586426	0.2238825112581253	-0.20092198252677917	0.2638890743255615	-0.06250827759504318	-0.3367921710014343	-0.33140087127685547	n/a	0.10147518664598465	0.1085759848356247	0.5538672804832458	-0.10056474804878235	-0.03783709183335304	0.1165732815861702	0.7474685907363892	-0.23906588554382324	0.7957981824874878	0.6591115593910217	0.11822830885648727	-0.03001871518790722	0.046737659722566605	-0.08880744129419327	-0.6374751329421997	-0.1553112119436264	-0.6477629542350769	-0.4715021848678589	0.1951328068971634	-0.4734628200531006	0.1492626965045929	-0.36695748567581177	-0.09825194627046585	0.32866498827934265	-0.05493415519595146	0.024050502106547356	0.1285208761692047	-0.4051317870616913	0.31430187821388245	-0.0356706902384758	-0.5894034504890442	-0.29058724641799927	-0.2805843651294708	-0.5275058150291443	-0.0016952722799032927	-0.35464757680892944	-0.13445523381233215	-0.323886901140213	-0.4031362533569336	0.17230002582073212	-0.2211257964372635	0.007571084890514612	-0.004701629281044006	0.0738588199019432	-0.021803811192512512
CO_LABEL_21	-0.6833549737930298	0.3628282845020294	0.5286101698875427	-0.054281920194625854	-0.5216863751411438	-0.10582932084798813	-0.4002055823802948	n/a	0.034849025309085846	0.6536400318145752	0.39596375823020935	0.5277490019798279	0.06293140351772308	-0.1982322484254837	0.38560694456100464	-0.7161098718643188	0.8918738961219788	-0.6705285310745239	-0.4039117395877838	0.7746016979217529	1.0	0.027371544390916824	0.3082750141620636	0.27838730812072754	0.21743538975715637	-0.47623512148857117	-0.5869272351264954	-0.4967579245567322	0.3932124674320221	-0.19545656442642212	0.14357537031173706	-0.07204379886388779	-0.2566280663013458	-0.3147067725658417	n/a	0.44155821204185486	-0.14230385422706604	0.6162149906158447	-0.14580391347408295	-0.12778246402740479	0.29165133833885193	0.8151800036430359	-0.3597652018070221	0.7393842935562134	0.7769913673400879	-0.1424509733915329	0.010731003247201443	0.15586717426776886	-0.14529189467430115	-0.6208792924880981	0.03720901906490326	-0.6097561717033386	-0.6072555184364319	0.013676022179424763	-0.6912486553192139	0.11227481812238693	-0.3251872956752777	-0.05118941143155098	0.22947117686271667	0.12501020729541779	0.20720355212688446	-0.012099614366889	-0.4468257427215576	0.18468168377876282	-0.08377349376678467	-0.4539296627044678	-0.3062540888786316	-0.019238725304603577	-0.6176847815513611	-0.27178892493247986	-0.4127073884010315	-0.0032686234917491674	-0.18333078920841217	-0.3215298652648926	0.07058463245630264	-0.3150694668292999	0.03716123476624489	0.18737562000751495	0.2378515750169754	0.1824445128440857
Sal_LABEL_22	-0.15835599601268768	0.014902861788868904	-0.013989712111651897	0.00618597911670804	-0.2885075807571411	0.16361717879772186	-0.07719174027442932	n/a	0.1603592336177826	-0.0997396782040596	0.6202532052993774	-0.09701712429523468	0.01861121691763401	-0.15566463768482208	-0.13632526993751526	-0.12089073657989502	-0.04605228826403618	-0.237919420003891	-0.03409843519330025	0.21097888052463531	0.027371544390916824	1.0	0.0898527130484581	0.005793072283267975	-0.18798977136611938	-0.004890170879662037	-0.12899300456047058	-0.3610999882221222	-0.09106387197971344	-0.045302532613277435	0.04562065005302429	-0.18060635030269623	0.013471825048327446	-0.003307881997898221	n/a	-0.027475006878376007	0.6748108267784119	-0.2525491416454315	0.006445151753723621	-0.13669805228710175	-0.19678236544132233	-0.18854764103889465	-0.07490503042936325	0.03257450833916664	-0.05341102555394173	0.8136645555496216	0.09697254747152328	0.08150652796030045	-0.27543434500694275	-0.2258274108171463	-0.3384871780872345	-0.06818980723619461	-0.3145188093185425	0.08390406519174576	0.08851702511310577	-0.09468241780996323	-0.3146210312843323	-0.024648984894156456	0.1593298465013504	-0.030465153977274895	0.3967131972312927	-0.34590184688568115	-0.3329854905605316	-0.21373821794986725	-0.3603825271129608	-0.2496325671672821	-0.29207754135131836	0.014950679615139961	-0.23417581617832184	0.23139913380146027	-0.4308057725429535	-0.2202574461698532	-0.06926364451646805	-0.30233967304229736	-0.3089156746864319	-0.39441898465156555	-0.2764488756656647	-0.28589338064193726	-0.3308851420879364	0.028696049004793167
DAN_LABEL_23	-0.22671766579151154	0.40032440423965454	0.23155580461025238	0.07187668234109879	-0.39782777428627014	0.4227920472621918	0.20712648332118988	n/a	0.22268354892730713	0.17840826511383057	0.22990095615386963	-0.059653136879205704	0.382619172334671	-0.30246007442474365	0.5969336032867432	-0.4924468398094177	0.31235235929489136	-0.42234334349632263	-0.13341891765594482	0.11687930673360825	0.3082750141620636	0.0898527130484581	1.0	0.4558454155921936	0.445881724357605	0.055089689791202545	-0.39611488580703735	-0.535333514213562	0.4535253345966339	-0.37659773230552673	0.1633671224117279	-0.3026770353317261	0.30987849831581116	0.2374870479106903	n/a	0.3994612395763397	0.07736025750637054	-0.002639828948304057	-0.25927209854125977	-0.20047172904014587	0.41416531801223755	0.28033000230789185	-0.04310542717576027	0.2962263524532318	0.2995432913303375	0.03296535834670067	0.6171960830688477	0.417896032333374	-0.05624779313802719	-0.5217204093933105	-0.3839125633239746	-0.23404037952423096	-0.47858333587646484	0.07758936285972595	-0.5382564067840576	-0.09889557212591171	-0.10924721509218216	-0.04495174065232277	-0.12681663036346436	-0.09713806957006454	0.2528962194919586	0.14078041911125183	-0.329914391040802	-0.166209414601326	-0.588901162147522	-0.11570833623409271	-0.26073598861694336	0.07338236272335052	-0.2829897999763489	-0.03492305055260658	-0.32912755012512207	-0.27811530232429504	0.09384821355342865	-0.18611982464790344	-0.1458510309457779	-0.25138983130455017	0.1360601931810379	-0.3250752091407776	0.1253788024187088	0.2548714578151703
PMN_LABEL_24	0.132953941822052	0.22503328323364258	0.5549013614654541	0.1413455605506897	-0.565885066986084	0.5998818874359131	0.35743868350982666	n/a	0.12632212042808533	0.21153579652309418	0.07962755858898163	-0.18207316100597382	0.430449515581131	-0.43332916498184204	0.3053668737411499	-0.3495784401893616	0.3782264292240143	-0.45692840218544006	-0.11650729179382324	0.10025149583816528	0.27838730812072754	0.005793072283267975	0.4558454155921936	1.0	0.41498589515686035	0.41035374999046326	-0.2540096044540405	-0.32712823152542114	0.36661556363105774	0.08907028287649155	0.23936866223812103	-0.542338490486145	0.6543903946876526	0.2765734791755676	n/a	0.13563257455825806	0.020733892917633057	-0.3303849995136261	-0.03694119304418564	-0.45030102133750916	0.024440856650471687	0.12206997722387314	0.002967747626826167	0.4101641774177551	0.08855380862951279	-0.10675652325153351	-0.16344647109508514	0.9201734066009521	-0.2666609287261963	-0.35281333327293396	-0.046304889023303986	0.26538729667663574	-0.5712785720825195	-0.0065336767584085464	-0.4115763008594513	0.05034678801894188	0.020791443064808846	-0.37611010670661926	-0.32686057686805725	0.2139403223991394	0.3970458209514618	0.06838057935237885	-0.16926072537899017	-0.17382551729679108	-0.47917160391807556	-0.30215319991111755	-0.2861235737800598	0.3667551279067993	-0.15020786225795746	0.1648087203502655	-0.40642815828323364	-0.052412740886211395	0.2595473825931549	-0.2607426345348358	-0.3179614245891571	-0.05535956844687462	0.10418884456157684	-0.3810359239578247	0.2579708695411682	0.18044410645961761
DAN_LABEL_25	-0.08577407896518707	0.07608471065759659	0.40227439999580383	-0.025838680565357208	-0.24753643572330475	0.16371309757232666	0.11189855635166168	n/a	0.10692092776298523	-0.10657675564289093	-0.24632656574249268	-0.043505266308784485	0.37753552198410034	-0.19451461732387543	0.7668039798736572	-0.3315308392047882	0.2963015139102936	-0.37574654817581177	-0.022104257717728615	0.044474221765995026	0.21743538975715637	-0.18798977136611938	0.445881724357605	0.41498589515686035	1.0	0.0109232347458601	-0.28228598833084106	-0.3262343406677246	0.09998880326747894	-0.05645676702260971	0.04563372582197189	-0.23741324245929718	0.25445303320884705	0.16457614302635193	n/a	-0.059623200446367264	-0.2711399793624878	-0.15638087689876556	0.0337543785572052	-0.24178780615329742	0.6101399064064026	0.24020294845104218	0.1208188608288765	0.16987833380699158	-0.07918670773506165	-0.11218695342540741	0.16005492210388184	0.41683951020240784	0.49669837951660156	-0.2351178675889969	0.13019883632659912	-0.043958138674497604	-0.35008418560028076	0.005846054293215275	-0.46275249123573303	0.050622448325157166	-0.037916399538517	-0.11221431940793991	-0.19208097457885742	0.05457821860909462	0.2591782212257385	0.12061949819326401	-0.025326455011963844	0.005743253976106644	-0.23187008500099182	-0.22624149918556213	-0.24802418053150177	0.2807989716529846	-0.10528939217329025	-0.2030300348997116	-0.1237579733133316	-0.05314461886882782	0.22332154214382172	-0.05225450545549393	-0.21374604105949402	-0.12478214502334595	0.40363186597824097	-0.10197843611240387	-0.1154465526342392	0.05174446851015091
