Node	HIP-head-m-rh	HIP-head-l-rh	HIP-body-rh	HIP-tail-rh	THA-VPm-rh	THA-VPl-rh	THA-VAi-rh	THA-VAs-rh	THA-DAm-rh	THA-DAl-rh	PUT-VA-rh	PUT-DA-rh	PUT-VP-rh	PUT-DP-rh	CAU-VA-rh	CAU-DA-rh	CAU-body-rh	CAU-tail-rh	lAMY-rh	mAMY-rh	THA-DP-rh	NAc-shell-rh	NAc-core-rh	pGP-rh	aGP-rh	HIP-head-m-lh	HIP-head-l-l	HIP-body-l	HIP-tail-lh	THA-VPm-lh	THA-VPl-lh	THA-VAi-lh	THA-VAs-lh	THA-DAm-lh	THA-DAl-lh	PUT-VA-lh	PUT-DA-l	PUT-VP-lh	PUT-DP-lh	CAU-VA-lh	CAU-DA-lh	CAU-body-lh	CAU-tail-lh	lAMY-lh	mAMY-lh	THA-DP-lh	NAc-shell-lh	NAc-core-lh	pGP-lh	aGP-lh
HIP-head-m-rh	1.0	0.4591532349586487	0.3365396559238434	0.2377699762582779	-0.05043761059641838	-0.14934416115283966	-0.04599915072321892	0.11868955940008163	0.03492957353591919	-0.18606232106685638	-0.04323241114616394	-0.21796314418315887	-0.026657093316316605	-0.1646161824464798	-0.02862907573580742	-0.027875548228621483	-0.5063528418540955	-0.22496406733989716	0.09399905800819397	0.2722078263759613	0.19669555127620697	0.33119019865989685	0.10028524696826935	-0.3319956362247467	-0.2040557563304901	0.6574603915214539	0.2583995759487152	0.3338880240917206	0.36031097173690796	-0.22366395592689514	-0.040966298431158066	0.02096581645309925	-0.19015243649482727	-0.03243595361709595	-0.1279490739107132	-0.041576679795980453	-0.14324289560317993	0.08190352469682693	0.013293127529323101	-0.14610326290130615	-0.16961823403835297	-0.2009037733078003	-0.03817448765039444	-0.08280740678310394	-0.05262379348278046	-0.28646615147590637	0.27980637550354004	-0.10646013170480728	-0.29413965344429016	-0.38516777753829956
HIP-head-l-rh	0.4591532349586487	1.0	0.4412592351436615	0.34533581137657166	-0.09382731467485428	-0.1454668492078781	0.47312065958976746	0.3045203387737274	0.1715446263551712	0.23379845917224884	0.07825806736946106	0.13295863568782806	0.2140062153339386	-0.2809893488883972	0.16246077418327332	-0.2067691683769226	-0.26881951093673706	-0.0788521096110344	0.16296698153018951	0.5532540678977966	0.28999608755111694	-0.021254759281873703	0.3768281042575836	-0.165299654006958	-0.159120112657547	0.36213138699531555	0.4661464989185333	0.2668240964412689	0.09724435955286026	-0.06291063129901886	0.04652492329478264	0.5929749011993408	-0.16252541542053223	-0.049802154302597046	0.21557775139808655	-0.033714234828948975	-0.023001564666628838	0.09551059454679489	0.14886686205863953	0.38745614886283875	-0.2911677360534668	0.01621810905635357	-0.1887613832950592	0.17469938099384308	0.36814260482788086	-0.07989580929279327	0.15847308933734894	0.24186168611049652	-0.0702752098441124	-0.12948371469974518
HIP-body-rh	0.3365396559238434	0.4412592351436615	1.0	0.030659548938274384	0.1940680742263794	-0.11691181361675262	0.11175204813480377	0.036590367555618286	0.20405817031860352	-0.30665770173072815	0.15455493330955505	-0.04083753004670143	-0.14587333798408508	-0.28044021129608154	0.19664011895656586	-0.12417338043451309	-0.25765714049339294	0.003128641052171588	0.2418358474969864	0.39160311222076416	0.35964086651802063	0.21762704849243164	0.23576807975769043	-0.14814478158950806	0.09543624520301819	0.31264185905456543	0.4289919137954712	0.5512632131576538	0.6612892746925354	0.13128170371055603	-0.10128951817750931	0.24746964871883392	-0.06730115413665771	0.39216193556785583	-0.00020404589304234833	-0.014314335770905018	-0.15898729860782623	0.04929249361157417	-0.14326246082782745	0.25506919622421265	-0.10251201689243317	0.05013269931077957	0.11009541898965836	0.35013189911842346	0.03966018185019493	0.07982189953327179	0.3203751742839813	-0.0022065455559641123	-0.09492476284503937	0.021679848432540894
HIP-tail-rh	0.2377699762582779	0.34533581137657166	0.030659548938274384	1.0	-0.1832292079925537	-0.18107277154922485	-0.03156698867678642	0.19544579088687897	-0.2096668928861618	0.11696822196245193	0.10738348215818405	0.21273460984230042	0.056833621114492416	0.025814266875386238	0.07393280416727066	-0.005971947219222784	0.13810434937477112	0.1990034431219101	-0.24292334914207458	0.3061666488647461	0.055826909840106964	0.01880054548382759	0.46207141876220703	-0.24625271558761597	-0.3009275496006012	0.35932424664497375	0.27771180868148804	0.30856144428253174	0.11555971950292587	-0.17335878312587738	0.0635971948504448	-0.0746404379606247	0.23664157092571259	-0.18428634107112885	0.1512654572725296	0.10382937639951706	-0.023014677688479424	0.03826267644762993	0.39111265540122986	0.11435166001319885	-0.16991084814071655	-0.027043921872973442	0.08011738955974579	-0.3204350471496582	0.2928679287433624	-0.1235821545124054	-0.3025858402252197	0.36895182728767395	-0.10230112075805664	-0.373519629240036
THA-VPm-rh	-0.05043761059641838	-0.09382731467485428	0.1940680742263794	-0.1832292079925537	1.0	0.48496749997138977	0.01425124891102314	0.09447889775037766	0.2978961765766144	0.11659137159585953	-0.11852818727493286	0.08914215862751007	-0.02792900800704956	0.3508659601211548	0.16126058995723724	0.0768277570605278	0.019545888528227806	-0.1533377766609192	0.37405869364738464	-0.15797163546085358	0.3585496246814728	0.039007917046546936	-0.15056990087032318	0.19473078846931458	0.262853741645813	0.17095015943050385	-0.09961249679327011	0.25691184401512146	0.19137942790985107	0.5038502216339111	0.08745279908180237	-0.003399966051802039	0.22978916764259338	0.4115505516529083	0.10237269848585129	0.15408986806869507	0.13962313532829285	0.21513406932353973	0.015214166603982449	0.16732056438922882	0.2162003368139267	0.11864174157381058	0.1688424050807953	0.2550610601902008	-0.1083410456776619	0.17829890549182892	0.015034915879368782	-0.05173535272479057	0.3117387592792511	0.23311391472816467
THA-VPl-rh	-0.14934416115283966	-0.1454668492078781	-0.11691181361675262	-0.18107277154922485	0.48496749997138977	1.0	0.11247764527797699	0.20012760162353516	0.2846686542034149	0.2304561287164688	-0.23033609986305237	-0.04814163222908974	0.020560024306178093	0.11454015225172043	-0.1611778438091278	-0.22330889105796814	-0.10935722291469574	-0.12587279081344604	0.31168192625045776	-0.012404551729559898	0.12425851076841354	-0.13854624330997467	-0.33327123522758484	0.48182764649391174	0.06692088395357132	0.18096108734607697	0.011259232647716999	0.2097558230161667	-0.13145755231380463	0.4492323100566864	0.14115853607654572	-0.005825674626976252	0.10235683619976044	0.1659039855003357	0.16089695692062378	-0.2373417317867279	0.01301132794469595	-0.0397624671459198	-0.17219913005828857	-0.1659269630908966	-0.2593989670276642	-0.2626378834247589	-0.23438329994678497	0.14910322427749634	0.1974196583032608	0.16320756077766418	0.04164987802505493	-0.2425011694431305	0.14793363213539124	-0.04739174246788025
THA-VAi-rh	-0.04599915072321892	0.47312065958976746	0.11175204813480377	-0.03156698867678642	0.01425124891102314	0.11247764527797699	1.0	0.255929172039032	0.4175048768520355	0.40102505683898926	0.017347685992717743	0.2182627022266388	0.144130676984787	-0.16998796164989471	0.1906229704618454	-0.015387147665023804	-0.005789825692772865	0.09734541922807693	0.122587189078331	0.3493781089782715	0.11360239237546921	-0.0240325927734375	0.34652796387672424	0.16006989777088165	0.14061757922172546	0.05839896574616432	0.30689743161201477	0.1421869695186615	-0.06450483947992325	0.08334227651357651	0.2669844329357147	0.6297871470451355	0.11761731654405594	0.20775587856769562	0.2982713580131531	-0.06392642855644226	-0.21335411071777344	-0.1324198991060257	-0.09318564087152481	0.2978985607624054	-0.1724926382303238	-0.024778060615062714	-0.12257552891969681	0.06224673613905907	0.32781749963760376	-0.07983846217393875	0.29192858934402466	0.3601951599121094	-0.014973251149058342	0.2121458202600479
THA-VAs-rh	0.11868955940008163	0.3045203387737274	0.036590367555618286	0.19544579088687897	0.09447889775037766	0.20012760162353516	0.255929172039032	1.0	0.2367599755525589	0.2844666838645935	0.08783543854951859	0.05573686957359314	-0.019378818571567535	0.014287546277046204	0.3347316086292267	0.22871245443820953	0.06126723811030388	0.18918684124946594	0.12907831370830536	-0.06157853081822395	-0.08977455645799637	0.13610662519931793	0.14544373750686646	0.06131276488304138	0.06867074221372604	0.2561008632183075	0.26336759328842163	0.3765181303024292	-0.027095690369606018	0.030313901603221893	0.21946552395820618	0.1783437728881836	0.07956165820360184	-0.15048569440841675	0.35438257455825806	-0.052321210503578186	-0.08825914561748505	-0.2026592344045639	-0.036221157759428024	0.13152047991752625	0.09928201138973236	0.055088963359594345	-0.01114463061094284	-0.1974169760942459	0.1448877453804016	-0.02003110572695732	0.15743303298950195	0.24072670936584473	-0.17084036767482758	0.07298238575458527
THA-DAm-rh	0.03492957353591919	0.1715446263551712	0.20405817031860352	-0.2096668928861618	0.2978961765766144	0.2846686542034149	0.4175048768520355	0.2367599755525589	1.0	0.3664928674697876	0.37199628353118896	0.37511491775512695	0.020184528082609177	0.1304827481508255	0.2294357270002365	0.4268077313899994	0.1306060403585434	-0.07209369540214539	0.331760972738266	0.20402203500270844	0.1516394466161728	0.39789944887161255	0.2529943585395813	0.235942080616951	0.3584738075733185	0.09704626351594925	0.029574967920780182	0.11664316058158875	0.14752675592899323	0.3012877404689789	0.4595765471458435	0.5276642441749573	0.300396203994751	0.6396268010139465	0.49403560161590576	0.3059448301792145	0.2474118322134018	0.22950248420238495	0.07685956358909607	0.23664125800132751	0.19002161920070648	-0.01054115779697895	-0.0859546884894371	0.15970736742019653	0.005693785846233368	0.366695374250412	0.366749107837677	0.12303879112005234	-0.04116801545023918	0.05740224942564964
THA-DAl-rh	-0.18606232106685638	0.23379845917224884	-0.30665770173072815	0.11696822196245193	0.11659137159585953	0.2304561287164688	0.40102505683898926	0.2844666838645935	0.3664928674697876	1.0	0.101849764585495	0.36383187770843506	0.2856496572494507	0.2555629014968872	0.07863140851259232	0.1445370614528656	0.24863705039024353	-0.15536172688007355	0.15362048149108887	-0.005736197344958782	0.10801412910223007	-0.16955965757369995	0.01180215459316969	0.3675954043865204	0.05283454433083534	-0.1818469911813736	-0.11060826480388641	-0.23952706158161163	-0.3308415412902832	0.258897989988327	0.5506796836853027	0.3520123064517975	0.2270447015762329	0.19460217654705048	0.4871486723423004	0.2556499242782593	0.3010368347167969	0.29851460456848145	0.1500287652015686	0.1045813262462616	0.057084523141384125	0.08457675576210022	-0.11998025327920914	0.015681281685829163	0.07331360131502151	0.25458428263664246	-0.09649576991796494	0.17418703436851501	0.3407312333583832	0.15457935631275177
PUT-VA-rh	-0.04323241114616394	0.07825806736946106	0.15455493330955505	0.10738348215818405	-0.11852818727493286	-0.23033609986305237	0.017347685992717743	0.08783543854951859	0.37199628353118896	0.101849764585495	1.0	0.444751113653183	0.00482527632266283	-0.0074023413471877575	0.35848116874694824	0.5225551724433899	0.4209930896759033	0.08415970206260681	0.010861082933843136	0.059744544327259064	-0.2292667180299759	0.5227355360984802	0.3931351602077484	-0.04235224798321724	0.15505293011665344	-0.19340264797210693	0.10264084488153458	0.053409185260534286	0.1470412164926529	0.008340268395841122	0.1832887828350067	0.3002915382385254	0.4341875910758972	0.36796504259109497	0.3729434907436371	0.7039954662322998	0.5397573709487915	0.23429907858371735	0.24504077434539795	0.34486377239227295	0.4708968997001648	0.4002211093902588	0.16577287018299103	0.11271683126688004	-0.13880838453769684	0.24645991623401642	0.31392574310302734	0.4011911153793335	0.015972353518009186	-0.0902918130159378
PUT-DA-rh	-0.21796314418315887	0.13295863568782806	-0.04083753004670143	0.21273460984230042	0.08914215862751007	-0.04814163222908974	0.2182627022266388	0.05573686957359314	0.37511491775512695	0.36383187770843506	0.444751113653183	1.0	0.390531450510025	0.5098289251327515	0.22806575894355774	0.3266547918319702	0.43328526616096497	0.10275531560182571	0.060294874012470245	0.09146221727132797	-0.21363115310668945	0.17576156556606293	0.2250450700521469	0.1353035569190979	-0.026228126138448715	-0.2061995416879654	0.05723416805267334	0.005724616814404726	0.05763360485434532	0.13365709781646729	0.24186453223228455	0.3600124716758728	0.4878524839878082	0.22470925748348236	0.3002941608428955	0.4694305956363678	0.5306841135025024	0.37787842750549316	0.5956479907035828	0.29135265946388245	0.2855275869369507	0.21895666420459747	0.1285610944032669	0.10459967702627182	0.13522648811340332	0.11980626732110977	-0.0585075244307518	0.3349461853504181	0.059226956218481064	0.21870289742946625
PUT-VP-rh	-0.026657093316316605	0.2140062153339386	-0.14587333798408508	0.056833621114492416	-0.02792900800704956	0.020560024306178093	0.144130676984787	-0.019378818571567535	0.020184528082609177	0.2856496572494507	0.00482527632266283	0.390531450510025	1.0	0.5649111270904541	-0.22210316359996796	-0.17007137835025787	0.29526785016059875	0.12197118252515793	-0.08945772051811218	-0.028692742809653282	-0.07012570649385452	-0.35904622077941895	-0.17674925923347473	0.3908604383468628	-0.10398014634847641	-0.09962913393974304	-0.04150744155049324	-0.18539991974830627	-0.07582727074623108	0.23656634986400604	0.21223554015159607	0.16971760988235474	0.15514811873435974	-0.14508651196956635	0.04425234720110893	-0.031180301681160927	0.2516160309314728	0.6318089962005615	0.4758725166320801	-0.07617837190628052	-0.11132381856441498	0.11046796292066574	-0.05831155553460121	0.22242416441440582	0.014626309275627136	-0.0396602526307106	-0.10920712351799011	-0.0019404594786465168	0.3393343985080719	0.017217785120010376
PUT-DP-rh	-0.1646161824464798	-0.2809893488883972	-0.28044021129608154	0.025814266875386238	0.3508659601211548	0.11454015225172043	-0.16998796164989471	0.014287546277046204	0.1304827481508255	0.2555629014968872	-0.0074023413471877575	0.5098289251327515	0.5649111270904541	1.0	-0.17119888961315155	0.2404950112104416	0.4686160087585449	0.04581669718027115	-0.13724879920482635	-0.3162587285041809	-0.20436544716358185	-0.16267938911914825	-0.25479036569595337	0.3122522234916687	-0.026731032878160477	-0.09611549228429794	-0.2553195357322693	-0.2182147204875946	0.026074666529893875	0.40624767541885376	0.2230829894542694	-0.13923196494579315	0.4249899089336395	0.12358340620994568	0.07961966097354889	0.19781449437141418	0.41999953985214233	0.6046523451805115	0.6182505488395691	-0.10409428924322128	0.28190794587135315	0.20087328553199768	0.2789943814277649	0.04589862748980522	-0.18162165582180023	0.07256488502025604	-0.22538626194000244	-0.018586833029985428	0.3928115665912628	0.18968570232391357
CAU-VA-rh	-0.02862907573580742	0.16246077418327332	0.19664011895656586	0.07393280416727066	0.16126058995723724	-0.1611778438091278	0.1906229704618454	0.3347316086292267	0.2294357270002365	0.07863140851259232	0.35848116874694824	0.22806575894355774	-0.22210316359996796	-0.17119888961315155	1.0	0.4337809085845947	0.08701625466346741	0.33304718136787415	0.19847372174263	-0.02990453876554966	-0.09224990010261536	0.5317368507385254	0.42264071106910706	-0.05269067734479904	0.18219232559204102	0.09889310598373413	0.23758064210414886	0.2811186909675598	0.22061677277088165	-0.18200945854187012	0.0936243012547493	0.2652607858181	0.20661309361457825	0.11664970964193344	0.2032247930765152	0.4739014506340027	0.07603877037763596	-0.15081509947776794	0.00573870912194252	0.7090763449668884	0.43737322092056274	0.24649961292743683	0.1526075005531311	-0.11501991003751755	0.0723552256822586	0.0556269995868206	0.20807667076587677	0.4146195352077484	-0.07320505380630493	0.17123740911483765
CAU-DA-rh	-0.027875548228621483	-0.2067691683769226	-0.12417338043451309	-0.005971947219222784	0.0768277570605278	-0.22330889105796814	-0.015387147665023804	0.22871245443820953	0.4268077313899994	0.1445370614528656	0.5225551724433899	0.3266547918319702	-0.17007137835025787	0.2404950112104416	0.4337809085845947	1.0	0.4864638149738312	0.14094989001750946	-0.1338081806898117	-0.34719282388687134	-0.29347628355026245	0.5125308036804199	0.37692734599113464	0.04962457716464996	0.3420642912387848	-0.02838052250444889	-0.18971899151802063	0.026653481647372246	0.12099044770002365	-0.04653813689947128	0.21941636502742767	0.014475999400019646	0.3911508619785309	0.19085519015789032	0.1991243064403534	0.6230134963989258	0.3912923336029053	0.03756506368517876	0.2331669181585312	0.2527443468570709	0.7387803196907043	0.40053486824035645	0.39219895005226135	-0.3042844235897064	-0.3398384153842926	0.12619630992412567	0.17038404941558838	0.3416995704174042	-0.08668743073940277	0.10324066877365112
CAU-body-rh	-0.5063528418540955	-0.26881951093673706	-0.25765714049339294	0.13810434937477112	0.019545888528227806	-0.10935722291469574	-0.005789825692772865	0.06126723811030388	0.1306060403585434	0.24863705039024353	0.4209930896759033	0.43328526616096497	0.29526785016059875	0.4686160087585449	0.08701625466346741	0.4864638149738312	1.0	0.4620230197906494	-0.359443336725235	-0.2572014629840851	-0.3158736228942871	-0.08347519487142563	0.19243142008781433	0.36789363622665405	0.25453075766563416	-0.3331858813762665	-0.14699530601501465	-0.11019688844680786	0.020518241450190544	0.33208003640174866	0.2686964273452759	0.0010853863786906004	0.5728007555007935	0.09325353056192398	0.27510252594947815	0.44477733969688416	0.5104194283485413	0.34414488077163696	0.45799821615219116	0.1326032131910324	0.4485577344894409	0.5322144627571106	0.34620368480682373	-0.011674972251057625	-0.1336204558610916	0.2718318700790405	-0.09481089562177658	0.36372703313827515	0.3121359050273895	0.22958402335643768
CAU-tail-rh	-0.22496406733989716	-0.0788521096110344	0.003128641052171588	0.1990034431219101	-0.1533377766609192	-0.12587279081344604	0.09734541922807693	0.18918684124946594	-0.07209369540214539	-0.15536172688007355	0.08415970206260681	0.10275531560182571	0.12197118252515793	0.04581669718027115	0.33304718136787415	0.14094989001750946	0.4620230197906494	1.0	-0.16132132709026337	-0.10764248669147491	-0.24177664518356323	-0.027549706399440765	0.1488235890865326	0.27562910318374634	0.1223316565155983	0.058028444647789	0.3135172426700592	0.17984478175640106	0.2215089052915573	-0.04887701943516731	0.08844669163227081	0.09286145865917206	0.22477146983146667	-0.038741711527109146	0.0005398112698458135	0.010530607774853706	-0.07128459960222244	-0.027375472709536552	0.2275266945362091	0.20691239833831787	0.11248059570789337	0.21957235038280487	0.3007494807243347	-0.0884714275598526	0.05853275954723358	0.050984032452106476	0.08263455331325531	0.25091978907585144	0.04798898473381996	0.12442411482334137
lAMY-rh	0.09399905800819397	0.16296698153018951	0.2418358474969864	-0.24292334914207458	0.37405869364738464	0.31168192625045776	0.122587189078331	0.12907831370830536	0.331760972738266	0.15362048149108887	0.010861082933843136	0.060294874012470245	-0.08945772051811218	-0.13724879920482635	0.19847372174263	-0.1338081806898117	-0.359443336725235	-0.16132132709026337	1.0	0.14797672629356384	0.36246395111083984	0.19878354668617249	-0.19422999024391174	0.15402579307556152	0.12924925982952118	0.010767852887511253	0.17937642335891724	0.15211312472820282	0.11176864057779312	0.223727747797966	0.3237771987915039	0.24136687815189362	-0.1269441843032837	0.2671973407268524	0.1651671975851059	0.042977701872587204	-0.07488453388214111	0.09718582034111023	-0.18798336386680603	0.13084536790847778	-0.003994749393314123	-0.24424949288368225	-0.25722089409828186	0.540683388710022	0.13643594086170197	0.2382322996854782	0.321064293384552	0.02513011544942856	0.08880898356437683	0.16385653614997864
mAMY-rh	0.2722078263759613	0.5532540678977966	0.39160311222076416	0.3061666488647461	-0.15797163546085358	-0.012404551729559898	0.3493781089782715	-0.06157853081822395	0.20402203500270844	-0.005736197344958782	0.059744544327259064	0.09146221727132797	-0.028692742809653282	-0.3162587285041809	-0.02990453876554966	-0.34719282388687134	-0.2572014629840851	-0.10764248669147491	0.14797672629356384	1.0	0.26010873913764954	-0.0023138676770031452	0.3875962793827057	-0.2842673659324646	-0.033360809087753296	0.26819539070129395	0.4686927795410156	0.34440720081329346	0.2517300844192505	-0.1333630383014679	0.10427981615066528	0.35614365339279175	-0.09419392049312592	0.14072294533252716	0.12012435495853424	-0.13420632481575012	-0.18353289365768433	-0.08315325528383255	0.03882613778114319	0.10645788162946701	-0.5588682889938354	-0.4550251364707947	-0.411681592464447	0.21697086095809937	0.632937490940094	-0.07884825766086578	0.13670791685581207	0.1502397209405899	-0.11631257832050323	-0.31572139263153076
THA-DP-rh	0.19669555127620697	0.28999608755111694	0.35964086651802063	0.055826909840106964	0.3585496246814728	0.12425851076841354	0.11360239237546921	-0.08977455645799637	0.1516394466161728	0.10801412910223007	-0.2292667180299759	-0.21363115310668945	-0.07012570649385452	-0.20436544716358185	-0.09224990010261536	-0.29347628355026245	-0.3158736228942871	-0.24177664518356323	0.36246395111083984	0.26010873913764954	1.0	-0.11319078505039215	0.1304781585931778	-0.024145256727933884	0.19527046382427216	0.22366327047348022	-0.03481351211667061	0.18658918142318726	0.1585964411497116	0.08074536174535751	0.15290789306163788	0.12791728973388672	-0.204509899020195	0.3259958326816559	0.038222264498472214	-0.11793867498636246	-0.17823933064937592	0.16168595850467682	-0.24994789063930511	-0.05748327821493149	-0.3393661677837372	-0.24319994449615479	-0.15009735524654388	0.11657223105430603	-0.011798632331192493	0.20616619288921356	-0.0690799131989479	-0.08237619698047638	0.07346327602863312	-0.18982398509979248
NAc-shell-rh	0.33119019865989685	-0.021254759281873703	0.21762704849243164	0.01880054548382759	0.039007917046546936	-0.13854624330997467	-0.0240325927734375	0.13610662519931793	0.39789944887161255	-0.16955965757369995	0.5227355360984802	0.17576156556606293	-0.35904622077941895	-0.16267938911914825	0.5317368507385254	0.5125308036804199	-0.08347519487142563	-0.027549706399440765	0.19878354668617249	-0.0023138676770031452	-0.11319078505039215	1.0	0.3818616271018982	-0.2543153762817383	0.13432057201862335	0.24169796705245972	0.04427214711904526	0.251844197511673	0.2070738673210144	-0.19571097195148468	0.054387275129556656	0.04921165481209755	0.20945008099079132	0.24897341430187225	0.04614327847957611	0.5058571100234985	0.11986872553825378	-0.04854883253574371	-0.08830466121435165	0.20589159429073334	0.426384299993515	0.04772280529141426	0.12315744906663895	-0.11978573352098465	-0.25076866149902344	-0.0852154865860939	0.45915475487709045	0.20569752156734467	-0.43871331214904785	-0.10692860931158066
NAc-core-rh	0.10028524696826935	0.3768281042575836	0.23576807975769043	0.46207141876220703	-0.15056990087032318	-0.33327123522758484	0.34652796387672424	0.14544373750686646	0.2529943585395813	0.01180215459316969	0.3931351602077484	0.2250450700521469	-0.17674925923347473	-0.25479036569595337	0.42264071106910706	0.37692734599113464	0.19243142008781433	0.1488235890865326	-0.19422999024391174	0.3875962793827057	0.1304781585931778	0.3818616271018982	1.0	-0.2794029414653778	0.1309080272912979	0.22784094512462616	0.1765735000371933	0.2784085273742676	0.11705010384321213	-0.2976973354816437	0.1525944471359253	0.32138970494270325	0.3310448229312897	0.11975717544555664	0.31329286098480225	0.34431684017181396	0.03437883034348488	-0.12379495054483414	0.1320970505475998	0.4394696354866028	0.07485418766736984	0.14904499053955078	0.09094087779521942	-0.3211108148097992	0.2407989799976349	-0.1564018577337265	0.07228334993124008	0.665447473526001	-0.28108537197113037	-0.1453046351671219
pGP-rh	-0.3319956362247467	-0.165299654006958	-0.14814478158950806	-0.24625271558761597	0.19473078846931458	0.48182764649391174	0.16006989777088165	0.06131276488304138	0.235942080616951	0.3675954043865204	-0.04235224798321724	0.1353035569190979	0.3908604383468628	0.3122522234916687	-0.05269067734479904	0.04962457716464996	0.36789363622665405	0.27562910318374634	0.15402579307556152	-0.2842673659324646	-0.024145256727933884	-0.2543153762817383	-0.2794029414653778	1.0	0.10284154862165451	-0.12283995747566223	-0.019138846546411514	-0.09219960868358612	-0.08551669120788574	0.49416330456733704	0.41621270775794983	0.1262074112892151	0.2367168366909027	0.21545661985874176	0.22196759283542633	0.04029761627316475	0.23784701526165009	0.3481072187423706	0.10650397837162018	-0.09088379889726639	0.022242335602641106	0.1512278914451599	0.05533527582883835	0.3126800060272217	-0.05834716185927391	0.3258843421936035	0.2370995134115219	-0.03786604106426239	0.3608221709728241	0.27179476618766785
aGP-rh	-0.2040557563304901	-0.159120112657547	0.09543624520301819	-0.3009275496006012	0.262853741645813	0.06692088395357132	0.14061757922172546	0.06867074221372604	0.3584738075733185	0.05283454433083534	0.15505293011665344	-0.026228126138448715	-0.10398014634847641	-0.026731032878160477	0.18219232559204102	0.3420642912387848	0.25453075766563416	0.1223316565155983	0.12924925982952118	-0.033360809087753296	0.19527046382427216	0.13432057201862335	0.1309080272912979	0.10284154862165451	1.0	-0.15371637046337128	-0.2727617025375366	0.1816563904285431	0.25632986426353455	0.08327266573905945	0.18242084980010986	0.0835212990641594	0.052169278264045715	0.2287798672914505	0.11537570506334305	0.12086896598339081	-0.02859439142048359	-0.1273256093263626	-0.10548701137304306	0.11195956915616989	0.18463920056819916	0.012842212803661823	0.006953064817935228	-0.0649004653096199	-0.07452002912759781	0.163107231259346	0.04771700128912926	-0.0884440615773201	0.16453669965267181	0.03156692162156105
HIP-head-m-lh	0.6574603915214539	0.36213138699531555	0.31264185905456543	0.35932424664497375	0.17095015943050385	0.18096108734607697	0.05839896574616432	0.2561008632183075	0.09704626351594925	-0.1818469911813736	-0.19340264797210693	-0.2061995416879654	-0.09962913393974304	-0.09611549228429794	0.09889310598373413	-0.02838052250444889	-0.3331858813762665	0.058028444647789	0.010767852887511253	0.26819539070129395	0.22366327047348022	0.24169796705245972	0.22784094512462616	-0.12283995747566223	-0.15371637046337128	1.0	0.502029538154602	0.5726604461669922	0.37343916296958923	-0.08622812479734421	-0.1108282133936882	0.030869310721755028	-0.06314373016357422	-0.031217403709888458	-0.10139388591051102	-0.1363069713115692	-0.22133511304855347	-0.11751802265644073	-0.07825906574726105	-0.035449303686618805	-0.24040445685386658	-0.2055046409368515	0.10694815218448639	-0.2052192986011505	0.1301501840353012	-0.2977842688560486	0.190181702375412	0.033790599554777145	-0.3030031621456146	-0.42990046739578247
HIP-head-l-l	0.2583995759487152	0.4661464989185333	0.4289919137954712	0.27771180868148804	-0.09961249679327011	0.011259232647716999	0.30689743161201477	0.26336759328842163	0.029574967920780182	-0.11060826480388641	0.10264084488153458	0.05723416805267334	-0.04150744155049324	-0.2553195357322693	0.23758064210414886	-0.18971899151802063	-0.14699530601501465	0.3135172426700592	0.17937642335891724	0.4686927795410156	-0.03481351211667061	0.04427214711904526	0.1765735000371933	-0.019138846546411514	-0.2727617025375366	0.502029538154602	1.0	0.4896697402000427	0.3063727915287018	0.0577600821852684	-0.06539230793714523	0.3856831192970276	0.11448847502470016	0.05963066220283508	0.13914074003696442	-0.03909169137477875	-0.12109498679637909	-0.1829891800880432	-0.02946060337126255	0.25514188408851624	-0.22148168087005615	-0.040432240813970566	0.05011935532093048	0.17290155589580536	0.4104682207107544	-0.03360404074192047	0.30390265583992004	0.37809792160987854	-0.13006369769573212	-0.07698183506727219
HIP-body-l	0.3338880240917206	0.2668240964412689	0.5512632131576538	0.30856144428253174	0.25691184401512146	0.2097558230161667	0.1421869695186615	0.3765181303024292	0.11664316058158875	-0.23952706158161163	0.053409185260534286	0.005724616814404726	-0.18539991974830627	-0.2182147204875946	0.2811186909675598	0.026653481647372246	-0.11019688844680786	0.17984478175640106	0.15211312472820282	0.34440720081329346	0.18658918142318726	0.251844197511673	0.2784085273742676	-0.09219960868358612	0.1816563904285431	0.5726604461669922	0.4896697402000427	1.0	0.6322090029716492	-0.05486021935939789	-0.0961950272321701	-0.03910522907972336	0.09505745023488998	0.01998165249824524	-0.08883246034383774	-0.04397948458790779	-0.2587321102619171	-0.2908579409122467	-0.13715989887714386	0.11833016574382782	-0.10271064937114716	-0.18007758259773254	0.061488065868616104	-0.01835816167294979	0.3282832205295563	-0.16155453026294708	0.1588745415210724	0.12095621228218079	-0.21645866334438324	-0.21398957073688507
HIP-tail-lh	0.36031097173690796	0.09724435955286026	0.6612892746925354	0.11555971950292587	0.19137942790985107	-0.13145755231380463	-0.06450483947992325	-0.027095690369606018	0.14752675592899323	-0.3308415412902832	0.1470412164926529	0.05763360485434532	-0.07582727074623108	0.026074666529893875	0.22061677277088165	0.12099044770002365	0.020518241450190544	0.2215089052915573	0.11176864057779312	0.2517300844192505	0.1585964411497116	0.2070738673210144	0.11705010384321213	-0.08551669120788574	0.25632986426353455	0.37343916296958923	0.3063727915287018	0.6322090029716492	1.0	0.044780805706977844	-0.038712091743946075	-0.007395971100777388	0.08506670594215393	0.30326366424560547	-0.15284088253974915	0.0977788120508194	-0.13681527972221375	0.06627817451953888	0.08219938725233078	0.10240340977907181	0.07515791803598404	-0.015989962965250015	0.21832433342933655	0.19539867341518402	-0.0006701603997498751	0.021758414804935455	0.17968417704105377	-0.06938373297452927	0.012567349709570408	-0.09064674377441406
THA-VPm-lh	-0.22366395592689514	-0.06291063129901886	0.13128170371055603	-0.17335878312587738	0.5038502216339111	0.4492323100566864	0.08334227651357651	0.030313901603221893	0.3012877404689789	0.258897989988327	0.008340268395841122	0.13365709781646729	0.23656634986400604	0.40624767541885376	-0.18200945854187012	-0.04653813689947128	0.33208003640174866	-0.04887701943516731	0.223727747797966	-0.1333630383014679	0.08074536174535751	-0.19571097195148468	-0.2976973354816437	0.49416330456733704	0.08327266573905945	-0.08622812479734421	0.0577600821852684	-0.05486021935939789	0.044780805706977844	1.0	0.19355039298534393	0.193571537733078	0.42304527759552	0.39236751198768616	0.34422728419303894	0.1201336681842804	0.3074643909931183	0.43436816334724426	0.17134544253349304	-0.018224339932203293	0.10216571390628815	0.24926255643367767	0.15630465745925903	0.4587421417236328	-0.11764194816350937	0.4259014129638672	0.009842760860919952	-0.007739000488072634	0.4231087863445282	0.27338701486587524
THA-VPl-lh	-0.040966298431158066	0.04652492329478264	-0.10128951817750931	0.0635971948504448	0.08745279908180237	0.14115853607654572	0.2669844329357147	0.21946552395820618	0.4595765471458435	0.5506796836853027	0.1832887828350067	0.24186453223228455	0.21223554015159607	0.2230829894542694	0.0936243012547493	0.21941636502742767	0.2686964273452759	0.08844669163227081	0.3237771987915039	0.10427981615066528	0.15290789306163788	0.054387275129556656	0.1525944471359253	0.41621270775794983	0.18242084980010986	-0.1108282133936882	-0.06539230793714523	-0.0961950272321701	-0.038712091743946075	0.19355039298534393	1.0	0.261414498090744	0.34163951873779297	0.32209792733192444	0.5935759544372559	0.19194374978542328	0.14799800515174866	0.3790998160839081	0.21439190208911896	0.061453692615032196	0.05469292402267456	-0.019932016730308533	-0.10191244632005692	0.18008668720722198	0.146915003657341	0.28172188997268677	0.2661072313785553	0.3375879228115082	0.2295452207326889	0.21352751553058624
THA-VAi-lh	0.02096581645309925	0.5929749011993408	0.24746964871883392	-0.0746404379606247	-0.003399966051802039	-0.005825674626976252	0.6297871470451355	0.1783437728881836	0.5276642441749573	0.3520123064517975	0.3002915382385254	0.3600124716758728	0.16971760988235474	-0.13923196494579315	0.2652607858181	0.014475999400019646	0.0010853863786906004	0.09286145865917206	0.24136687815189362	0.35614365339279175	0.12791728973388672	0.04921165481209755	0.32138970494270325	0.1262074112892151	0.0835212990641594	0.030869310721755028	0.3856831192970276	-0.03910522907972336	-0.007395971100777388	0.193571537733078	0.261414498090744	1.0	0.20231834053993225	0.40954843163490295	0.5468541383743286	0.1475742757320404	0.195234477519989	0.10864938795566559	0.10654442012310028	0.4010005593299866	-0.049071118235588074	0.18388885259628296	-0.04509078338742256	0.2566086947917938	0.21434274315834045	0.12552137672901154	0.26022207736968994	0.2997666299343109	0.11415240168571472	0.1470262110233307
THA-VAs-lh	-0.19015243649482727	-0.16252541542053223	-0.06730115413665771	0.23664157092571259	0.22978916764259338	0.10235683619976044	0.11761731654405594	0.07956165820360184	0.300396203994751	0.2270447015762329	0.4341875910758972	0.4878524839878082	0.15514811873435974	0.4249899089336395	0.20661309361457825	0.3911508619785309	0.5728007555007935	0.22477146983146667	-0.1269441843032837	-0.09419392049312592	-0.204509899020195	0.20945008099079132	0.3310448229312897	0.2367168366909027	0.052169278264045715	-0.06314373016357422	0.11448847502470016	0.09505745023488998	0.08506670594215393	0.42304527759552	0.34163951873779297	0.20231834053993225	1.0	0.36638134717941284	0.5364779233932495	0.5596631169319153	0.42873910069465637	0.30315977334976196	0.4318547546863556	0.20908010005950928	0.3881933391094208	0.4043923616409302	0.3509582579135895	-0.02750716544687748	0.0325070358812809	0.11172216385602951	-0.05655740946531296	0.5547189116477966	0.17719312012195587	0.17999252676963806
THA-DAm-lh	-0.03243595361709595	-0.049802154302597046	0.39216193556785583	-0.18428634107112885	0.4115505516529083	0.1659039855003357	0.20775587856769562	-0.15048569440841675	0.6396268010139465	0.19460217654705048	0.36796504259109497	0.22470925748348236	-0.14508651196956635	0.12358340620994568	0.11664970964193344	0.19085519015789032	0.09325353056192398	-0.038741711527109146	0.2671973407268524	0.14072294533252716	0.3259958326816559	0.24897341430187225	0.11975717544555664	0.21545661985874176	0.2287798672914505	-0.031217403709888458	0.05963066220283508	0.01998165249824524	0.30326366424560547	0.39236751198768616	0.32209792733192444	0.40954843163490295	0.36638134717941284	1.0	0.3861396014690399	0.36559346318244934	0.25257569551467896	0.3424892723560333	-0.009697888046503067	0.14781498908996582	0.1602076143026352	0.12198788672685623	0.16751739382743835	0.2951912581920624	-0.1904239058494568	0.4389773905277252	0.3309667706489563	0.02518773078918457	0.23706915974617004	0.13039280474185944
THA-DAl-lh	-0.1279490739107132	0.21557775139808655	-0.00020404589304234833	0.1512654572725296	0.10237269848585129	0.16089695692062378	0.2982713580131531	0.35438257455825806	0.49403560161590576	0.4871486723423004	0.3729434907436371	0.3002941608428955	0.04425234720110893	0.07961966097354889	0.2032247930765152	0.1991243064403534	0.27510252594947815	0.0005398112698458135	0.1651671975851059	0.12012435495853424	0.038222264498472214	0.04614327847957611	0.31329286098480225	0.22196759283542633	0.11537570506334305	-0.10139388591051102	0.13914074003696442	-0.08883246034383774	-0.15284088253974915	0.34422728419303894	0.5935759544372559	0.5468541383743286	0.5364779233932495	0.3861396014690399	1.0	0.257748544216156	0.2771989405155182	0.19576211273670197	0.2363649606704712	0.28427350521087646	0.07932859659194946	0.2205061912536621	-0.059296075254678726	0.002131541958078742	0.28096818923950195	0.3864510655403137	0.05803314223885536	0.44317182898521423	0.08582937717437744	0.1298084557056427
PUT-VA-lh	-0.041576679795980453	-0.033714234828948975	-0.014314335770905018	0.10382937639951706	0.15408986806869507	-0.2373417317867279	-0.06392642855644226	-0.052321210503578186	0.3059448301792145	0.2556499242782593	0.7039954662322998	0.4694305956363678	-0.031180301681160927	0.19781449437141418	0.4739014506340027	0.6230134963989258	0.44477733969688416	0.010530607774853706	0.042977701872587204	-0.13420632481575012	-0.11793867498636246	0.5058571100234985	0.34431684017181396	0.04029761627316475	0.12086896598339081	-0.1363069713115692	-0.03909169137477875	-0.04397948458790779	0.0977788120508194	0.1201336681842804	0.19194374978542328	0.1475742757320404	0.5596631169319153	0.36559346318244934	0.257748544216156	1.0	0.6851405501365662	0.37029004096984863	0.3560680150985718	0.381230890750885	0.669482946395874	0.47680461406707764	0.30234313011169434	0.035387616604566574	-0.2458990216255188	0.21159447729587555	0.15111768245697021	0.4240008592605591	0.20175549387931824	0.05862198770046234
PUT-DA-l	-0.14324289560317993	-0.023001564666628838	-0.15898729860782623	-0.023014677688479424	0.13962313532829285	0.01301132794469595	-0.21335411071777344	-0.08825914561748505	0.2474118322134018	0.3010368347167969	0.5397573709487915	0.5306841135025024	0.2516160309314728	0.41999953985214233	0.07603877037763596	0.3912923336029053	0.5104194283485413	-0.07128459960222244	-0.07488453388214111	-0.18353289365768433	-0.17823933064937592	0.11986872553825378	0.03437883034348488	0.23784701526165009	-0.02859439142048359	-0.22133511304855347	-0.12109498679637909	-0.2587321102619171	-0.13681527972221375	0.3074643909931183	0.14799800515174866	0.195234477519989	0.42873910069465637	0.25257569551467896	0.2771989405155182	0.6851405501365662	1.0	0.548182487487793	0.5184795260429382	0.22509969770908356	0.4478658437728882	0.5303682684898376	0.23478363454341888	0.1729385405778885	-0.17756059765815735	0.31616637110710144	0.03832419589161873	0.1311808079481125	0.33080896735191345	0.04454103857278824
PUT-VP-lh	0.08190352469682693	0.09551059454679489	0.04929249361157417	0.03826267644762993	0.21513406932353973	-0.0397624671459198	-0.1324198991060257	-0.2026592344045639	0.22950248420238495	0.29851460456848145	0.23429907858371735	0.37787842750549316	0.6318089962005615	0.6046523451805115	-0.15081509947776794	0.03756506368517876	0.34414488077163696	-0.027375472709536552	0.09718582034111023	-0.08315325528383255	0.16168595850467682	-0.04854883253574371	-0.12379495054483414	0.3481072187423706	-0.1273256093263626	-0.11751802265644073	-0.1829891800880432	-0.2908579409122467	0.06627817451953888	0.43436816334724426	0.3790998160839081	0.10864938795566559	0.30315977334976196	0.3424892723560333	0.19576211273670197	0.37029004096984863	0.548182487487793	1.0	0.5536642670631409	-0.03165595233440399	0.11893101781606674	0.21177808940410614	0.03619898483157158	0.4254285395145416	-0.2676563560962677	0.313039630651474	0.05891931802034378	-0.00511613255366683	0.4122495949268341	0.0721232146024704
PUT-DP-lh	0.013293127529323101	0.14886686205863953	-0.14326246082782745	0.39111265540122986	0.015214166603982449	-0.17219913005828857	-0.09318564087152481	-0.036221157759428024	0.07685956358909607	0.1500287652015686	0.24504077434539795	0.5956479907035828	0.4758725166320801	0.6182505488395691	0.00573870912194252	0.2331669181585312	0.45799821615219116	0.2275266945362091	-0.18798336386680603	0.03882613778114319	-0.24994789063930511	-0.08830466121435165	0.1320970505475998	0.10650397837162018	-0.10548701137304306	-0.07825906574726105	-0.02946060337126255	-0.13715989887714386	0.08219938725233078	0.17134544253349304	0.21439190208911896	0.10654442012310028	0.4318547546863556	-0.009697888046503067	0.2363649606704712	0.3560680150985718	0.5184795260429382	0.5536642670631409	1.0	0.24180878698825836	0.13326968252658844	0.2278701215982437	0.13559600710868835	0.02341853454709053	0.17706045508384705	0.1250491589307785	-0.21469001471996307	0.23331137001514435	0.27007976174354553	-0.009944189339876175
