Node	DMN_LABEL_1	Vis_LABEL_2	FP_LABEL_3	Aud_LABEL_4	Tpole_LABEL_5	PMN_LABEL_6	PON_LABEL_7	MTL_LABEL_8	PON_LABEL_9	CO_LABEL_10	Sal_LABEL_11	CO_LABEL_12	SMd_LABEL_13	SMl_LABEL_14	DAN_LABEL_15	DMN_LABEL_16	CO_LABEL_17	DMN_LABEL_18	VAN_LABEL_19	CO_LABEL_20	CO_LABEL_21	Sal_LABEL_22	DAN_LABEL_23	PMN_LABEL_24	DAN_LABEL_25	DMN_LABEL_26	DMN_LABEL_27	DMN_LABEL_28	Vis_LABEL_29	FP_LABEL_30	Aud_LABEL_31	Tpole_LABEL_32	PMN_LABEL_33	PON_LABEL_34	MTL_LABEL_35	CO_LABEL_36	Sal_LABEL_37	CO_LABEL_38	SMd_LABEL_39	SMl_LABEL_40	DAN_LABEL_41	CO_LABEL_42	VAN_LABEL_43	CO_LABEL_44	CO_LABEL_45	Sal_LABEL_46	DAN_LABEL_47	PMN_LABEL_48	DAN_LABEL_49	DMN_LABEL_50	FP_LABEL_51	DMN_LABEL_52	DMN_LABEL_53	PON_LABEL_54	DMN_LABEL_55	Tpole_LABEL_56	Tpole_LABEL_57	Sal_LABEL_58	Sal_LABEL_59	SMd_LABEL_60	DAN_LABEL_61	FP_LABEL_62	DMN_LABEL_63	FP_LABEL_64	FP_LABEL_65	SMd_LABEL_66	SMl_LABEL_67	SMd_LABEL_68	DMN_LABEL_69	DAN_LABEL_70	DMN_LABEL_71	FP_LABEL_72	SMd_LABEL_73	SMl_LABEL_74	MTL_LABEL_75	MTL_LABEL_76	CO_LABEL_77	CO_LABEL_78	Vis_LABEL_79	Vis_LABEL_80
DMN_LABEL_1	1.0	-0.2604961097240448	-0.005740410648286343	-0.08202489465475082	0.22393125295639038	0.5829731225967407	0.4442974627017975	n/a	0.19826295971870422	-0.4866771399974823	0.15740467607975006	-0.5436596274375916	-0.42041370272636414	-0.30242276191711426	-0.26486751437187195	0.5986200571060181	-0.03241591155529022	0.13369053602218628	0.2516428530216217	0.06979464739561081	-0.3328609764575958	0.051161330193281174	-0.016294661909341812	0.4531710743904114	-0.09626638889312744	0.48317989706993103	0.6932740807533264	0.39788153767585754	-0.08048824220895767	-0.10125293582677841	-0.07985712587833405	0.3407456576824188	0.5383797883987427	0.2318115532398224	n/a	-0.47628340125083923	0.16894643008708954	-0.6467894315719604	-0.4431875944137573	-0.315834641456604	-0.29100990295410156	-0.28112784028053284	-0.37341147661209106	0.06953079998493195	-0.4926670789718628	-0.0527009479701519	-0.04642590507864952	0.42313864827156067	-0.10788720846176147	0.39694884419441223	-0.2405966967344284	0.21829889714717865	0.49117785692214966	0.24983523786067963	0.3150869905948639	-0.1128980964422226	-0.09943048655986786	-0.02861066162586212	-0.049132972955703735	-0.21205972135066986	0.07444632053375244	0.12826402485370636	0.04653576761484146	-0.06440334022045135	0.10216666013002396	-0.10433603823184967	-0.28990116715431213	-0.053727541118860245	0.2979610562324524	-0.16527433693408966	0.5127657055854797	-0.036342546343803406	0.14110420644283295	-0.3618623614311218	-0.06141308322548866	-0.08753985911607742	0.03149918466806412	-0.27808305621147156	0.005381518043577671	0.29343733191490173
Vis_LABEL_2	-0.2604961097240448	1.0	-0.5256642699241638	0.13111254572868347	0.04587167873978615	-0.1753588616847992	0.12493330240249634	n/a	0.29253098368644714	0.23360998928546906	-0.17298728227615356	0.26913732290267944	0.22994545102119446	0.15826576948165894	-0.13282997906208038	-0.321047306060791	-0.024641258642077446	-0.1321759670972824	-0.22437423467636108	-0.06075632572174072	0.10543639212846756	-0.027239298447966576	0.048433296382427216	-0.005570013541728258	-0.09201910346746445	-0.4378443956375122	-0.3885883390903473	-0.21333344280719757	0.8303252458572388	-0.3428386449813843	0.3553098440170288	-0.06425999850034714	-0.14425510168075562	0.22478170692920685	n/a	0.23479285836219788	-0.09436198323965073	0.2795933187007904	-0.001327530131675303	0.28019437193870544	-0.1427215188741684	0.034644320607185364	0.008642862550914288	0.08331546932458878	0.079414501786232	0.37755000591278076	0.029606271535158157	-0.09703736752271652	-0.06472255289554596	-0.2825539708137512	-0.31592288613319397	-0.1826688051223755	-0.19244372844696045	0.21531841158866882	-0.04338575154542923	0.14812155067920685	-0.282005250453949	0.13755178451538086	0.13303497433662415	-0.07343842089176178	0.0827469676733017	-0.09056912362575531	-0.1706521064043045	-0.1983017474412918	-0.1896163821220398	0.1957610845565796	0.27002570033073425	0.2855759561061859	-0.34325405955314636	0.1179894357919693	-0.3918151557445526	-0.16161243617534637	0.03320962190628052	0.07125255465507507	0.22967524826526642	0.09985535591840744	-0.13970650732517242	0.15455925464630127	0.22659574449062347	-0.025243105366826057
FP_LABEL_3	-0.005740410648286343	-0.5256642699241638	1.0	-0.32017090916633606	-0.24737495183944702	-0.04630729928612709	-0.05243879556655884	n/a	-0.13424670696258545	-0.2943906784057617	-0.012994334101676941	-0.066083163022995	-0.17258504033088684	-0.08636133372783661	0.672175407409668	0.028918955475091934	-0.11481182277202606	-0.04872719943523407	-0.05406375229358673	-0.20203490555286407	-0.016768144443631172	-0.07408975064754486	0.29875266551971436	-0.09578976035118103	0.4456992745399475	0.2842642366886139	0.13672645390033722	0.19592390954494476	-0.5022569298744202	0.4208439886569977	-0.3062199354171753	-0.3248015344142914	-0.13211506605148315	-0.08174169063568115	n/a	-0.29619234800338745	-0.20912520587444305	-0.06317166239023209	0.09839743375778198	-0.14248181879520416	0.6033079028129578	-0.14804814755916595	-0.34138908982276917	-0.40277984738349915	-0.08928435295820236	-0.3235793113708496	0.23776309192180634	-0.19436626136302948	0.2536014914512634	-0.03987618535757065	0.504233717918396	0.140843465924263	-0.18408700823783875	-0.08056019246578217	-0.202962726354599	-0.15042871236801147	0.018176469951868057	-0.06254139542579651	-0.11768516898155212	-0.06947166472673416	-0.0032645873725414276	0.21205997467041016	0.10809820890426636	0.40033847093582153	0.32732877135276794	0.02732042223215103	-0.1659654974937439	-0.29071900248527527	-0.020223885774612427	-0.11141913384199142	0.20457647740840912	0.4568057954311371	-0.005842118989676237	0.005490660667419434	-0.3452960252761841	-0.34614354372024536	-0.04653293266892433	-0.009093175642192364	-0.08452072739601135	0.07727520167827606
Aud_LABEL_4	-0.08202489465475082	0.13111254572868347	-0.32017090916633606	1.0	-0.2562246322631836	0.0012028079945594072	0.17128849029541016	n/a	0.302011638879776	0.36093270778656006	0.31818491220474243	0.38228854537010193	0.16112077236175537	0.38845574855804443	-0.3148530125617981	-0.1582520455121994	0.4152398407459259	-0.032101165503263474	-0.12155535817146301	0.3159671127796173	0.3540962040424347	0.1464708149433136	-0.3000433146953583	-0.060798779129981995	-0.44528377056121826	-0.06119953840970993	0.017777658998966217	-0.04832030087709427	0.09850193560123444	-0.17656320333480835	0.5563583374023438	-0.0415821336209774	-0.11448899656534195	0.03758832439780235	n/a	0.27662384510040283	0.23257462680339813	0.20300011336803436	0.19870612025260925	0.4402954578399658	-0.3467508852481842	0.48320817947387695	0.14508184790611267	0.41873034834861755	0.3371557891368866	0.17358741164207458	-0.28801122307777405	-0.17698752880096436	-0.4326307475566864	-0.2560032904148102	-0.2940056324005127	-0.17561709880828857	-0.16009235382080078	-0.10111521929502487	0.04822580888867378	0.03408552333712578	-0.03807346150279045	0.07312805950641632	-0.03553934767842293	0.2873023450374603	-0.051715996116399765	-0.007122489158064127	-0.3071034550666809	-0.21556876599788666	-0.27202415466308594	0.15770161151885986	0.2805493474006653	0.05947398021817207	-0.16662822663784027	0.01532446313649416	-0.19257856905460358	-0.23510083556175232	-0.30120423436164856	-0.025977980345487595	0.12701453268527985	0.1842387318611145	0.12343230843544006	0.03982964903116226	-0.08803272247314453	-0.3810257613658905
Tpole_LABEL_5	0.22393125295639038	0.04587167873978615	-0.24737495183944702	-0.2562246322631836	1.0	0.014147218316793442	0.09003669023513794	n/a	-0.04753616079688072	-0.30254846811294556	-0.2837340235710144	-0.5072882175445557	-0.07677135616540909	-0.1868503987789154	-0.29102441668510437	0.1885414570569992	-0.1941738724708557	0.16989317536354065	0.33761361241340637	0.02922435849905014	-0.3201809525489807	-0.2282796949148178	0.018502110615372658	-0.0009013812523335218	0.012360181659460068	0.13705337047576904	0.17245186865329742	0.12371549010276794	0.19972637295722961	-0.08196771144866943	0.23631440103054047	0.531337559223175	0.18459972739219666	0.19894863665103912	n/a	-0.29677316546440125	-0.13239268958568573	-0.3124333322048187	-0.24956756830215454	-0.2020561844110489	-0.26445338129997253	-0.19362536072731018	-0.13185733556747437	9.535993740428239e-06	-0.4674001932144165	-0.09610964357852936	0.004322560969740152	0.10694969445466995	0.1289961040019989	0.24351558089256287	-0.02435237728059292	0.1270560771226883	0.4794692099094391	0.3455374836921692	0.31155040860176086	0.12872010469436646	-0.0725800022482872	-0.0058289943262934685	-0.1282111257314682	-0.30140456557273865	0.22603724896907806	0.06496719270944595	0.20977093279361725	0.014060384593904018	-0.054139696061611176	-0.10480602830648422	-0.07552239298820496	-0.027191990986466408	0.436796635389328	-0.15256841480731964	0.13556399941444397	-0.23164045810699463	-0.15410682559013367	-0.10470782965421677	0.38875386118888855	0.0936194434762001	-0.1793747842311859	-0.37761393189430237	0.004089125897735357	0.3523409366607666
PMN_LABEL_6	0.5829731225967407	-0.1753588616847992	-0.04630729928612709	0.0012028079945594072	0.014147218316793442	1.0	0.12039665877819061	n/a	-0.07515110820531845	-0.08679524809122086	0.28352293372154236	-0.3207266628742218	-0.37752020359039307	-0.4074610471725464	-0.18971921503543854	0.5451244711875916	-0.17047734558582306	0.08651351928710938	0.021948307752609253	-0.21170631051063538	-0.2068731188774109	0.28196966648101807	-0.02158764936029911	0.8469895124435425	-0.09362740814685822	0.3305147886276245	0.2061537206172943	0.0205529872328043	-0.17531926929950714	0.19912657141685486	-0.2575996518135071	0.39803311228752136	0.7262884378433228	-0.07509144395589828	n/a	-0.19988752901554108	0.34178227186203003	-0.3458845019340515	-0.4350444972515106	-0.3839690387248993	-0.25799936056137085	-0.2784639596939087	-0.21328268945217133	0.12767790257930756	-0.13172899186611176	0.24360355734825134	0.06185872480273247	0.7667620182037354	-0.1324516385793686	0.3453895151615143	-0.16198581457138062	0.36064061522483826	0.030946332961320877	-0.2151816040277481	0.3160170614719391	-0.11968863010406494	0.26256972551345825	0.09925943613052368	0.16355939209461212	-0.07352422177791595	0.050212714821100235	0.2545444965362549	-0.07396616786718369	0.0979379266500473	0.12384836375713348	-0.3255910575389862	-0.25520479679107666	-0.009015485644340515	0.0032338472083210945	0.22081442177295685	0.08123110979795456	-0.10220400989055634	-0.019067781046032906	-0.5085494518280029	-0.02969483658671379	-0.02085481956601143	-0.126230388879776	-0.3456266224384308	-0.05184618756175041	0.2859589457511902
PON_LABEL_7	0.4442974627017975	0.12493330240249634	-0.05243879556655884	0.17128849029541016	0.09003669023513794	0.12039665877819061	1.0	n/a	0.7365701794624329	-0.20098282396793365	0.13391253352165222	-0.112505242228508	-0.2369367480278015	0.047384995967149734	-0.052673112601041794	-0.11893326044082642	0.4106581211090088	-0.37536659836769104	-0.2696070075035095	0.12901173532009125	-0.01905668154358864	0.00927167758345604	0.14439433813095093	0.1375238448381424	-0.0429161973297596	0.29595378041267395	0.3536328673362732	0.016130903735756874	0.30708083510398865	-0.2720986008644104	0.1552003026008606	-0.1505906581878662	0.2884877324104309	0.8805528879165649	n/a	-0.16627128422260284	0.005129790399223566	-0.37093713879585266	-0.3585546910762787	-0.04001495987176895	-0.08449213206768036	0.06247233599424362	-0.3035537302494049	0.23412612080574036	-0.2126002013683319	-0.050629355013370514	0.04407999664545059	0.06899707764387131	-0.030911492183804512	-0.0851026251912117	-0.29537537693977356	0.02767718769609928	0.05570901185274124	0.6634374260902405	0.09358431398868561	-0.005287676118314266	-0.2246929109096527	0.17202529311180115	0.10317305475473404	-0.06268681585788727	-0.12877893447875977	0.09717345237731934	-0.08381250500679016	-0.19051459431648254	-0.0021676071919500828	0.011696943081915379	-0.1278706043958664	0.13919812440872192	0.04132309928536415	-0.12488998472690582	0.2770345211029053	0.07552061975002289	0.14391985535621643	-0.0984632596373558	0.00154261221177876	0.07913286238908768	-0.027736062183976173	-0.1659538596868515	0.28331100940704346	0.19027958810329437
MTL_LABEL_8	n/a	n/a	n/a	n/a	n/a	n/a	n/a	1.0	n/a	n/a	n/a	n/a	n/a	n/a	n/a	n/a	n/a	n/a	n/a	n/a	n/a	n/a	n/a	n/a	n/a	n/a	n/a	n/a	n/a	n/a	n/a	n/a	n/a	n/a	n/a	n/a	n/a	n/a	n/a	n/a	n/a	n/a	n/a	n/a	n/a	n/a	n/a	n/a	n/a	n/a	n/a	n/a	n/a	n/a	n/a	n/a	n/a	n/a	n/a	n/a	n/a	n/a	n/a	n/a	n/a	n/a	n/a	n/a	n/a	n/a	n/a	n/a	n/a	n/a	n/a	n/a	n/a	n/a	n/a	n/a
PON_LABEL_9	0.19826295971870422	0.29253098368644714	-0.13424670696258545	0.302011638879776	-0.04753616079688072	-0.07515110820531845	0.7365701794624329	n/a	1.0	-0.023840319365262985	0.04348769411444664	0.21361157298088074	-0.10697074234485626	0.18817488849163055	0.01576869748532772	-0.19724157452583313	0.48272040486335754	-0.23499678075313568	-0.2907739579677582	0.1905457079410553	0.008466711267828941	-0.062248844653367996	0.1844525784254074	0.057872526347637177	0.009086350910365582	0.17927126586437225	0.2458925098180771	-0.036146413534879684	0.40567848086357117	-0.43762293457984924	0.30723077058792114	-0.16253985464572906	-0.0010958908824250102	0.6614937782287598	n/a	-0.05725758150219917	-0.13594381511211395	-0.08439359813928604	-0.171547532081604	0.10610753297805786	-0.0265234112739563	0.25106486678123474	-0.23376590013504028	0.25234630703926086	-0.1411009281873703	-0.016174614429473877	0.08779767900705338	-0.16520164906978607	0.10136740654706955	-0.2462862879037857	-0.4530472159385681	-0.03771103918552399	-0.05567610636353493	0.45213231444358826	-0.13462668657302856	0.18858128786087036	-0.2645362913608551	0.15364284813404083	-0.008759141899645329	0.24320420622825623	0.08465980738401413	-0.12782353162765503	-0.1822127252817154	-0.22586749494075775	-0.11605951935052872	0.17143219709396362	0.04812633618712425	0.1898656189441681	-0.09029977023601532	0.10735712945461273	0.1683121770620346	0.08303959667682648	0.1784236580133438	-0.008860696107149124	0.015282416716217995	-0.07048845291137695	-0.060323283076286316	0.11043374240398407	0.27512338757514954	-0.09061770886182785
CO_LABEL_10	-0.4866771399974823	0.23360998928546906	-0.2943906784057617	0.36093270778656006	-0.30254846811294556	-0.08679524809122086	-0.20098282396793365	n/a	-0.023840319365262985	1.0	0.22282369434833527	0.6681898236274719	0.42087551951408386	0.2177286595106125	-0.15367479622364044	-0.19587156176567078	0.3544403612613678	-0.05529732257127762	-0.19424942135810852	0.2608364224433899	0.6615540385246277	0.21650151908397675	-0.39271312952041626	-0.027632620185613632	-0.24141865968704224	-0.3829496204853058	-0.47846660017967224	-0.30421799421310425	0.14642587304115295	-0.04444823041558266	0.08294591307640076	-0.06067061424255371	-0.3428148031234741	-0.173253133893013	n/a	0.8541882038116455	0.23746362328529358	0.6799576878547668	0.2215450406074524	0.26225242018699646	-0.15314047038555145	0.4717563986778259	0.5180591344833374	0.4977613389492035	0.8277459144592285	0.28916099667549133	-0.34200024604797363	-0.14807850122451782	-0.368330717086792	-0.3978860080242157	-0.1803177148103714	-0.34223729372024536	-0.3785674571990967	-0.3430641293525696	-0.2425515353679657	-0.029987117275595665	0.24428728222846985	0.1722201108932495	0.2400459498167038	0.15009166300296783	-0.2179388850927353	-0.37879690527915955	-0.43738773465156555	-0.3108989894390106	-0.4933096766471863	0.14383408427238464	0.1301272064447403	0.1550493836402893	-0.35893723368644714	0.26310569047927856	-0.5510236620903015	-0.2522815465927124	-0.029106203466653824	0.10461544245481491	-0.04935174807906151	0.17078335583209991	0.05512072890996933	0.2476179152727127	-0.07703901082277298	-0.34470611810684204
Sal_LABEL_11	0.15740467607975006	-0.17298728227615356	-0.012994334101676941	0.31818491220474243	-0.2837340235710144	0.28352293372154236	0.13391253352165222	n/a	0.04348769411444664	0.22282369434833527	1.0	0.16984082758426666	-0.08561789989471436	0.07868266850709915	-0.00787449348717928	-0.0011980087729170918	0.17129476368427277	-0.07298010587692261	-0.0520305335521698	0.3884619176387787	0.4525890052318573	0.6438221335411072	-0.11817888915538788	0.13523414731025696	-0.23765762150287628	0.05185271054506302	0.16024699807167053	-0.10078371316194534	-0.18178021907806396	0.08102478086948395	0.10437408834695816	0.13105086982250214	0.19025138020515442	0.005301762372255325	n/a	0.185838520526886	0.7156315445899963	0.04853682592511177	-0.19535832107067108	0.08593951910734177	-0.086668960750103	-0.11712392419576645	0.21911051869392395	0.21098490059375763	0.3434115946292877	0.4896615743637085	-0.1775531768798828	0.08430609852075577	-0.29081839323043823	0.033759575337171555	-0.06173757091164589	0.13025426864624023	-0.20849235355854034	-0.07698598504066467	0.24216869473457336	0.21272483468055725	-0.18197758495807648	0.25332292914390564	0.2414168417453766	-0.13188087940216064	-0.3325134813785553	0.09607721865177155	-0.18063338100910187	-0.09792159497737885	0.09774700552225113	-0.2540540397167206	0.09304612129926682	-0.16087928414344788	-0.34227827191352844	-0.28848522901535034	-0.1606597751379013	-0.02659422531723976	0.04616473242640495	-0.09288576245307922	-0.35525399446487427	-0.13929609954357147	0.2759462296962738	-0.09589787572622299	-0.045124758034944534	-0.1924411952495575
CO_LABEL_12	-0.5436596274375916	0.26913732290267944	-0.066083163022995	0.38228854537010193	-0.5072882175445557	-0.3207266628742218	-0.112505242228508	n/a	0.21361157298088074	0.6681898236274719	0.16984082758426666	1.0	0.3437660038471222	0.4492700397968292	0.1371702402830124	-0.3189655840396881	0.3046249747276306	0.04547151178121567	-0.36233586072921753	0.125999316573143	0.5890956521034241	0.059215277433395386	-0.19339807331562042	-0.2284552901983261	-0.12775157392024994	-0.25285428762435913	-0.2803325951099396	-0.22475992143154144	0.17612925171852112	-0.088770791888237	0.16868309676647186	-0.4848625957965851	-0.5320058465003967	-0.12928682565689087	n/a	0.7081181406974792	0.009810938499867916	0.7484543323516846	0.42908424139022827	0.5446340441703796	0.1453307718038559	0.47431671619415283	0.22661685943603516	0.17025654017925262	0.6724613904953003	0.0815187394618988	-0.14397576451301575	-0.4100722670555115	-0.18131442368030548	-0.3942279517650604	-0.14528301358222961	-0.2711785137653351	-0.4506057798862457	-0.2701113820075989	-0.25881633162498474	0.06463690847158432	-0.029498983174562454	0.2077147215604782	0.1897897571325302	0.2840414047241211	-0.20795834064483643	-0.2964898943901062	-0.4622882902622223	-0.2703040540218353	-0.34977900981903076	0.15025363862514496	0.33618491888046265	0.023330848664045334	-0.40034377574920654	0.2065165489912033	-0.46623000502586365	-0.04183483496308327	-0.03414628282189369	0.24921530485153198	-0.2007785141468048	0.0059945108368992805	0.23473337292671204	0.6067907810211182	-0.20074589550495148	-0.4660865366458893
SMd_LABEL_13	-0.42041370272636414	0.22994545102119446	-0.17258504033088684	0.16112077236175537	-0.07677135616540909	-0.37752020359039307	-0.2369367480278015	n/a	-0.10697074234485626	0.42087551951408386	-0.08561789989471436	0.3437660038471222	1.0	0.19227248430252075	-0.10112857073545456	-0.19634391367435455	0.22133129835128784	0.09994929283857346	0.0948115661740303	0.14723734557628632	0.2229900062084198	-0.13156156241893768	-0.0818461999297142	-0.34878942370414734	-0.17167411744594574	-0.16693830490112305	-0.22795213758945465	-0.15370123088359833	0.1479608714580536	-0.21387678384780884	0.2620059549808502	-0.019417976960539818	-0.4676922559738159	-0.12768957018852234	n/a	0.3087683916091919	-0.21900655329227448	0.25718265771865845	0.53858882188797	0.22140899300575256	-0.11297620087862015	0.29499104619026184	0.3010239601135254	0.09453301876783371	0.16016191244125366	-0.1258590966463089	-0.09250225871801376	-0.40766963362693787	-0.18899919092655182	-0.3626003563404083	-0.20581452548503876	-0.5067973732948303	-0.033000826835632324	-0.14899975061416626	-0.39584073424339294	0.012504099868237972	0.027848444879055023	-0.04308073967695236	-0.06959132105112076	0.07851807773113251	-0.08758123964071274	-0.49707141518592834	-0.3841840922832489	-0.3114664554595947	-0.4300699830055237	0.10433965921401978	-0.04543191194534302	0.3534752130508423	-0.20717072486877441	0.05190696939826012	-0.4443134367465973	0.030273476615548134	0.19250324368476868	-0.02149251103401184	0.24909906089305878	0.28315988183021545	0.06141972541809082	0.35684266686439514	0.12799692153930664	-0.23324516415596008
SMl_LABEL_14	-0.30242276191711426	0.15826576948165894	-0.08636133372783661	0.38845574855804443	-0.1868503987789154	-0.4074610471725464	0.047384995967149734	n/a	0.18817488849163055	0.2177286595106125	0.07868266850709915	0.4492700397968292	0.19227248430252075	1.0	-0.02041236311197281	-0.2394791692495346	0.16471701860427856	0.08416581898927689	-0.10972186177968979	0.1719970554113388	0.34653836488723755	0.18850666284561157	-0.04352056607604027	-0.5064396858215332	-0.19246356189250946	-0.18375486135482788	0.0007095950422808528	0.012476571835577488	0.21795791387557983	-0.16011697053909302	0.38598713278770447	-0.26198849081993103	-0.4628942012786865	0.110871821641922	n/a	0.20916041731834412	-0.03150482848286629	0.37380218505859375	0.423572301864624	0.9162117838859558	0.06711127609014511	0.41750970482826233	0.14258712530136108	0.007058031391352415	0.32032468914985657	-0.0677625983953476	-0.1102919653058052	-0.5221471786499023	-0.0506896935403347	-0.19735832512378693	-0.17791442573070526	-0.04549403116106987	-0.02856169454753399	0.12177351862192154	-0.03519797697663307	0.16628944873809814	-0.042537834495306015	-0.007719260640442371	-0.04567359760403633	0.19991332292556763	-0.23650632798671722	-0.28826871514320374	-0.2951815724372864	-0.2770863473415375	-0.22775430977344513	0.16131149232387543	0.20167769491672516	-0.2231510728597641	-0.29391756653785706	-0.09334667026996613	-0.25188806653022766	-0.19070297479629517	-0.32039111852645874	0.366346150636673	-0.12343139946460724	-0.023691272363066673	0.25824955105781555	0.14614899456501007	-0.1078721210360527	-0.5367223024368286
DAN_LABEL_15	-0.26486751437187195	-0.13282997906208038	0.672175407409668	-0.3148530125617981	-0.29102441668510437	-0.18971921503543854	-0.052673112601041794	n/a	0.01576869748532772	-0.15367479622364044	-0.00787449348717928	0.1371702402830124	-0.10112857073545456	-0.02041236311197281	1.0	-0.3939015567302704	-0.2409658432006836	-0.3560338020324707	-0.5194575190544128	-0.39880532026290894	-0.033333949744701385	0.0019595948979258537	0.6441161632537842	-0.050299834460020065	0.7636265754699707	0.05565040931105614	-0.19987088441848755	-0.2434650957584381	-0.22306491434574127	0.2777925431728363	-0.27447375655174255	-0.4449250400066376	-0.18346786499023438	0.03812290355563164	n/a	-0.11322043091058731	-0.17148612439632416	0.1947910338640213	0.2221411168575287	-0.060268521308898926	0.9000804424285889	-0.21053600311279297	-0.39458784461021423	-0.4432834982872009	0.05931774526834488	-0.008665874600410461	0.528049886226654	-0.1567169725894928	0.564562976360321	-0.16899213194847107	0.524501621723175	0.15408669412136078	-0.5191569328308105	0.03417261317372322	-0.2949385344982147	-0.01507248729467392	-0.11427649110555649	-0.1439349502325058	-0.1825570911169052	-0.04252360761165619	0.17386823892593384	0.2310129851102829	0.05486098676919937	0.3467385768890381	0.4532923102378845	0.09017568826675415	0.0008108267793431878	-0.2114902287721634	-0.10314444452524185	0.14473120868206024	0.04119764640927315	0.49346548318862915	-0.01633649319410324	0.08426564186811447	-0.34214144945144653	-0.19528813660144806	-0.0720435306429863	0.15477871894836426	0.12749417126178741	0.1459261178970337
DMN_LABEL_16	0.5986200571060181	-0.321047306060791	0.028918955475091934	-0.1582520455121994	0.1885414570569992	0.5451244711875916	-0.11893326044082642	n/a	-0.19724157452583313	-0.19587156176567078	-0.0011980087729170918	-0.3189655840396881	-0.19634391367435455	-0.2394791692495346	-0.3939015567302704	1.0	-0.138471782207489	0.7038089632987976	0.5443304777145386	-0.017148958519101143	-0.2485683560371399	-0.06441590934991837	-0.288608580827713	0.3753933310508728	-0.27060675621032715	0.5233398079872131	0.5310305953025818	0.6253672242164612	-0.22992102801799774	-0.0391668900847435	-0.19437114894390106	0.396244078874588	0.22335438430309296	-0.31445932388305664	n/a	-0.2583712041378021	0.03004094585776329	-0.36017581820487976	-0.19146409630775452	-0.19039525091648102	-0.42708995938301086	-0.12734735012054443	-0.10513024032115936	0.08738559484481812	-0.26134541630744934	-0.0859702080488205	-0.16128768026828766	0.23537513613700867	-0.16284440457820892	0.45943546295166016	-0.2642632722854614	0.14760790765285492	0.4660130739212036	-0.3062390983104706	0.2069762647151947	-0.14924664795398712	0.2891165316104889	-0.06384783238172531	-0.04817216843366623	-0.06116393581032753	0.09974279999732971	-0.09412511438131332	-0.04058791324496269	-0.1144714280962944	-0.20911955833435059	-0.1398574411869049	-0.2854725122451782	-0.03709859028458595	0.19740115106105804	0.031543899327516556	0.1812458634376526	-0.10448458790779114	0.08742353320121765	-0.2997298538684845	0.0555865578353405	-0.10727234929800034	0.01531616598367691	-0.078322634100914	-0.22380198538303375	0.06125836819410324
CO_LABEL_17	-0.03241591155529022	-0.024641258642077446	-0.11481182277202606	0.4152398407459259	-0.1941738724708557	-0.17047734558582306	0.4106581211090088	n/a	0.48272040486335754	0.3544403612613678	0.17129476368427277	0.3046249747276306	0.22133129835128784	0.16471701860427856	-0.2409658432006836	-0.138471782207489	1.0	-0.23260678350925446	-0.04638633877038956	0.6258038878440857	0.3428407609462738	-0.14077363908290863	-0.21884435415267944	-0.17838065326213837	-0.30493518710136414	0.17895837128162384	0.23909702897071838	-0.012646446004509926	0.0915607437491417	-0.3964279592037201	0.07882289588451385	-0.2143988162279129	-0.12164539843797684	0.30117154121398926	n/a	0.31135836243629456	0.09776423871517181	-0.056940335780382156	-0.07045650482177734	0.10889721661806107	-0.2672296166419983	0.7015362977981567	0.26727086305618286	0.6692036986351013	0.26179128885269165	-0.09639284014701843	-0.1613602340221405	-0.2815228998661041	-0.32468271255493164	-0.371518611907959	-0.45758572220802307	-0.37619107961654663	-0.0895964503288269	0.0629892572760582	-0.2996845245361328	-0.05353470519185066	0.05652138963341713	0.22407251596450806	0.16661815345287323	0.36557847261428833	-0.10490894317626953	-0.26489564776420593	-0.15082310140132904	-0.3760588765144348	-0.286298543214798	0.16442379355430603	-0.05917719006538391	0.361915647983551	-0.02656661532819271	0.14456242322921753	0.0983174592256546	0.06584636867046356	0.39591625332832336	0.12509778141975403	-0.01261097751557827	0.021647125482559204	0.20751827955245972	0.25768929719924927	0.2813831567764282	-0.12738250195980072
DMN_LABEL_18	0.13369053602218628	-0.1321759670972824	-0.04872719943523407	-0.032101165503263474	0.16989317536354065	0.08651351928710938	-0.37536659836769104	n/a	-0.23499678075313568	-0.05529732257127762	-0.07298010587692261	0.04547151178121567	0.09994929283857346	0.08416581898927689	-0.3560338020324707	0.7038089632987976	-0.23260678350925446	1.0	0.563751220703125	0.0493767149746418	-0.05632449686527252	-0.06393805146217346	-0.3108755052089691	-0.07569768279790878	-0.30780506134033203	0.20590586960315704	0.2931682765483856	0.60660719871521	-0.07112673670053482	-0.10689721256494522	0.12786386907100677	0.2704375386238098	-0.17441217601299286	-0.4670756459236145	n/a	-0.11111566424369812	-0.05360306426882744	-0.013930425979197025	0.13394440710544586	0.19405071437358856	-0.38920071721076965	-0.05281725525856018	-0.044746555387973785	-0.06324951350688934	-0.12286170572042465	-0.0503813773393631	-0.21666669845581055	-0.1926591545343399	-0.19001707434654236	0.3546386659145355	-0.23563368618488312	0.06955882161855698	0.4483065605163574	-0.40973958373069763	0.1925276219844818	0.056930892169475555	0.10345079004764557	-0.13802334666252136	-0.17767293751239777	0.09883050620555878	-0.0034168632701039314	-0.2645321786403656	-0.08241024613380432	-0.1585732400417328	-0.3906223773956299	-0.06375708431005478	0.005033925641328096	-0.15398825705051422	0.13868485391139984	-0.11372936517000198	-0.07324983179569244	-0.10512241721153259	-0.05958446115255356	-0.15385036170482635	0.08669238537549973	-0.1462583988904953	0.1331360936164856	0.14828065037727356	-0.4317997694015503	-0.313986599445343
VAN_LABEL_19	0.2516428530216217	-0.22437423467636108	-0.05406375229358673	-0.12155535817146301	0.33761361241340637	0.021948307752609253	-0.2696070075035095	n/a	-0.2907739579677582	-0.19424942135810852	-0.0520305335521698	-0.36233586072921753	0.0948115661740303	-0.10972186177968979	-0.5194575190544128	0.5443304777145386	-0.04638633877038956	0.563751220703125	1.0	0.20174631476402283	-0.16396020352840424	-0.0644693449139595	-0.4380461871623993	-0.20333777368068695	-0.47188112139701843	0.05412176251411438	0.22746427357196808	0.6189858317375183	-0.17156235873699188	0.043021805584430695	0.051819488406181335	0.4113003611564636	0.008902779780328274	-0.2649320363998413	n/a	-0.3277091681957245	0.05534703657031059	-0.3949662744998932	-0.1503438949584961	-0.06335102021694183	-0.500503659248352	-0.11245502531528473	0.26809024810791016	-0.06356436014175415	-0.32554829120635986	-0.14756083488464355	-0.40930798649787903	-0.1399925798177719	-0.27107685804367065	0.3323296308517456	-0.1607113629579544	-0.014815197326242924	0.5742397308349609	-0.15148109197616577	0.23242278397083282	0.029605170711874962	0.0024592846166342497	0.016117753461003304	0.005469220224767923	-0.003971083089709282	-0.12701447308063507	-0.12008269131183624	0.09300842881202698	0.0035879299975931644	-0.18679599463939667	-0.07133735716342926	-0.14670096337795258	0.027749843895435333	0.17277094721794128	-0.2889805734157562	0.05407971516251564	-0.11893695592880249	0.16533955931663513	-0.034915681928396225	0.19561316072940826	-0.10807044804096222	0.11292362213134766	-0.16840621829032898	-0.07538019865751266	-0.05681595578789711
CO_LABEL_20	0.06979464739561081	-0.06075632572174072	-0.20203490555286407	0.3159671127796173	0.02922435849905014	-0.21170631051063538	0.12901173532009125	n/a	0.1905457079410553	0.2608364224433899	0.3884619176387787	0.125999316573143	0.14723734557628632	0.1719970554113388	-0.39880532026290894	-0.017148958519101143	0.6258038878440857	0.0493767149746418	0.20174631476402283	1.0	0.4657845199108124	0.0506451316177845	-0.3683580458164215	-0.32826265692710876	-0.40131327509880066	-0.03472846373915672	0.2801240086555481	0.16450604796409607	0.04717613756656647	-0.4129602611064911	0.2931922674179077	0.14879611134529114	-0.21064186096191406	0.08407854288816452	n/a	0.3355375826358795	0.3516644537448883	0.016843611374497414	-0.003842210164293647	0.19649022817611694	-0.4187503159046173	0.44400331377983093	0.3913930654525757	0.639708936214447	0.2715751528739929	0.15242497622966766	-0.3359977900981903	-0.3614356517791748	-0.436343789100647	-0.24721458554267883	-0.36608049273490906	-0.3590618669986725	0.1261558085680008	0.08078667521476746	-0.026217013597488403	0.09915532171726227	-0.18051780760288239	0.27994635701179504	0.2185816913843155	0.10313783586025238	-0.18910962343215942	-0.32850733399391174	0.03315446153283119	-0.3856056332588196	-0.26922693848609924	0.05324161797761917	0.06287048757076263	0.03629219904541969	-0.07831526547670364	-0.3002296984195709	0.0847715213894844	-0.28254032135009766	0.15713800489902496	0.006290004588663578	-0.14479514956474304	-0.1565832495689392	0.37510743737220764	0.08243094384670258	0.019336210563778877	-0.26387453079223633
CO_LABEL_21	-0.3328609764575958	0.10543639212846756	-0.016768144443631172	0.3540962040424347	-0.3201809525489807	-0.2068731188774109	-0.01905668154358864	n/a	0.008466711267828941	0.6615540385246277	0.4525890052318573	0.5890956521034241	0.2229900062084198	0.34653836488723755	-0.033333949744701385	-0.2485683560371399	0.3428407609462738	-0.05632449686527252	-0.16396020352840424	0.4657845199108124	1.0	0.3825453817844391	-0.45414915680885315	-0.2924143075942993	-0.30769458413124084	-0.3677314519882202	-0.13342782855033875	-0.047037433832883835	0.16857461631298065	0.01933254487812519	0.28912729024887085	-0.181767076253891	-0.2666527032852173	-0.037544943392276764	n/a	0.7133352160453796	0.3514755964279175	0.6658637523651123	0.12269844859838486	0.42244037985801697	-0.013401229865849018	0.2918803095817566	0.2992075979709625	0.29200491309165955	0.8030194640159607	0.21248868107795715	-0.4842502772808075	-0.3495035469532013	-0.4940497875213623	-0.292959064245224	-0.006473640911281109	-0.33275309205055237	-0.2967790365219116	-0.06275856494903564	-0.0012350422330200672	-0.017825836315751076	-0.25751954317092896	0.48565396666526794	0.440743625164032	0.11251398921012878	-0.3245905339717865	-0.10892875492572784	-0.33132901787757874	-0.12063538283109665	-0.17292432487010956	0.061699435114860535	0.33057892322540283	-0.12085268646478653	-0.3666907846927643	-0.08342088013887405	-0.28950321674346924	-0.1528932750225067	-0.15782633423805237	0.1812310516834259	-0.30801066756248474	-0.181857630610466	0.2644721269607544	0.2305571585893631	-0.17991802096366882	-0.38525187969207764
Sal_LABEL_22	0.051161330193281174	-0.027239298447966576	-0.07408975064754486	0.1464708149433136	-0.2282796949148178	0.28196966648101807	0.00927167758345604	n/a	-0.062248844653367996	0.21650151908397675	0.6438221335411072	0.059215277433395386	-0.13156156241893768	0.18850666284561157	0.0019595948979258537	-0.06441590934991837	-0.14077363908290863	-0.06393805146217346	-0.0644693449139595	0.0506451316177845	0.3825453817844391	1.0	-0.02017066441476345	0.0894215777516365	-0.15795250236988068	-0.2302754819393158	-0.07592032104730606	-0.16587795317173004	0.010417811572551727	0.24855728447437286	0.0709325298666954	0.23420296609401703	0.2695298492908478	-0.04426627978682518	n/a	0.04707843437790871	0.6161579489707947	0.1736467033624649	-0.30025145411491394	0.1348075568675995	0.08524975180625916	-0.2507152557373047	0.18689784407615662	0.02566543221473694	0.363918274641037	0.5185576677322388	-0.10283878445625305	0.18243670463562012	-0.1541021466255188	0.22684670984745026	0.08632327616214752	0.25079283118247986	-0.08085426688194275	0.03106134571135044	0.3141627311706543	0.26166361570358276	-0.15843549370765686	0.1915082037448883	0.2282402515411377	-0.12693250179290771	-0.32295340299606323	0.09629348665475845	-0.18415218591690063	0.07238925993442535	0.23034586012363434	-0.26425260305404663	0.1377590149641037	-0.37266021966934204	-0.2892835736274719	-0.17699620127677917	-0.2409193217754364	-0.16050386428833008	-0.15465660393238068	-0.0706985667347908	-0.41263285279273987	-0.18684309720993042	-0.01798051781952381	-0.34813791513442993	0.0003509081434458494	-0.20688587427139282
DAN_LABEL_23	-0.016294661909341812	0.048433296382427216	0.29875266551971436	-0.3000433146953583	0.018502110615372658	-0.02158764936029911	0.14439433813095093	n/a	0.1844525784254074	-0.39271312952041626	-0.11817888915538788	-0.19339807331562042	-0.0818461999297142	-0.04352056607604027	0.6441161632537842	-0.288608580827713	-0.21884435415267944	-0.3108755052089691	-0.4380461871623993	-0.3683580458164215	-0.45414915680885315	-0.02017066441476345	1.0	0.08063630014657974	0.7417775392532349	0.17909544706344604	-0.05054950341582298	-0.3341823220252991	-0.020940354093909264	0.014881527051329613	-0.1411265730857849	-0.1971236765384674	0.06524685025215149	0.23976722359657288	n/a	-0.4619883596897125	-0.28450313210487366	-0.21817395091056824	-0.015160984359681606	-0.16337628662586212	0.6098694205284119	-0.2372875064611435	-0.4873659908771515	-0.2827496826648712	-0.3901303708553314	0.10958294570446014	0.8506622314453125	0.06442665308713913	0.7012775540351868	-0.10476988554000854	0.2830529510974884	0.2042233645915985	-0.20527194440364838	0.2475375533103943	-0.26217740774154663	0.16271263360977173	-0.012452559545636177	-0.30496272444725037	-0.31064373254776	-0.061460986733436584	0.354206919670105	0.12412481009960175	0.14347995817661285	0.1471966803073883	0.34007054567337036	-0.03189268708229065	-0.10052747279405594	-0.05644755810499191	-0.03348012641072273	0.15989136695861816	0.09512750804424286	0.29225221276283264	0.08087929338216782	-0.12935423851013184	0.0013140192022547126	-0.004532688297331333	-0.2808549404144287	-0.1486373394727707	0.3471040427684784	0.3118632733821869
PMN_LABEL_24	0.4531710743904114	-0.005570013541728258	-0.09578976035118103	-0.060798779129981995	-0.0009013812523335218	0.8469895124435425	0.1375238448381424	n/a	0.057872526347637177	-0.027632620185613632	0.13523414731025696	-0.2284552901983261	-0.34878942370414734	-0.5064396858215332	-0.050299834460020065	0.3753933310508728	-0.17838065326213837	-0.07569768279790878	-0.20333777368068695	-0.32826265692710876	-0.2924143075942993	0.0894215777516365	0.08063630014657974	1.0	0.07632879167795181	0.30374693870544434	-0.0012970680836588144	-0.19665083289146423	-0.02904825657606125	0.10173343867063522	-0.3032546937465668	0.3026788830757141	0.5956254005432129	-0.025898167863488197	n/a	-0.10056013613939285	0.16097040474414825	-0.27386847138404846	-0.3725999891757965	-0.5056272149085999	-0.14159715175628662	-0.24820822477340698	-0.2903694808483124	0.12820100784301758	-0.14885057508945465	0.21106529235839844	0.20036166906356812	0.8062068223953247	0.06342662125825882	0.19392789900302887	-0.1575274020433426	0.33520904183387756	-0.15821634232997894	-0.1864754855632782	0.12394089996814728	-0.22249993681907654	0.2840665280818939	-0.03924129903316498	0.025036979466676712	-0.09931207448244095	0.22025227546691895	0.26727256178855896	-0.030629677698016167	0.10469948500394821	0.08671383559703827	-0.12731631100177765	-0.18623504042625427	0.14063112437725067	-0.04666098952293396	0.34821125864982605	-0.015179560519754887	-0.0556144155561924	0.10114075988531113	-0.3980520963668823	0.12251733243465424	0.1282518208026886	-0.27449101209640503	-0.2197379469871521	-0.017720596864819527	0.38180112838745117
DAN_LABEL_25	-0.09626638889312744	-0.09201910346746445	0.4456992745399475	-0.44528377056121826	0.012360181659460068	-0.09362740814685822	-0.0429161973297596	n/a	0.009086350910365582	-0.24141865968704224	-0.23765762150287628	-0.12775157392024994	-0.17167411744594574	-0.19246356189250946	0.7636265754699707	-0.27060675621032715	-0.30493518710136414	-0.30780506134033203	-0.47188112139701843	-0.40131327509880066	-0.30769458413124084	-0.15795250236988068	0.7417775392532349	0.07632879167795181	1.0	0.043590087443590164	-0.12110002338886261	-0.2627291679382324	-0.15689919888973236	0.17151422798633575	-0.23342885076999664	-0.29275986552238464	-0.041057851165533066	0.07197217643260956	n/a	-0.21549227833747864	-0.3253692090511322	0.0392056405544281	0.098671093583107	-0.2866523861885071	0.7090721130371094	-0.17245323956012726	-0.4264027774333954	-0.3338932991027832	-0.20306581258773804	-0.051452841609716415	0.6204869151115417	0.0387345626950264	0.7514837980270386	-0.2415751814842224	0.5482655167579651	0.11597753316164017	-0.2990955114364624	0.16340704262256622	-0.37278544902801514	0.09142319858074188	-0.019209817051887512	-0.31193727254867554	-0.2807970643043518	-0.06290464103221893	0.4018802344799042	0.07558591663837433	0.12809902429580688	0.2943669259548187	0.3189639151096344	0.08987598866224289	-0.05167113244533539	-0.04568178951740265	0.10176395624876022	0.1855228841304779	0.18176190555095673	0.31900349259376526	-0.039884693920612335	-0.003927178680896759	-0.0858195573091507	-0.04893337935209274	-0.1762433648109436	-0.036714207381010056	0.1336725503206253	0.29128021001815796
