Node	DMN_LABEL_1	Vis_LABEL_2	FP_LABEL_3	Aud_LABEL_4	Tpole_LABEL_5	PMN_LABEL_6	PON_LABEL_7	MTL_LABEL_8	PON_LABEL_9	CO_LABEL_10	Sal_LABEL_11	CO_LABEL_12	SMd_LABEL_13	SMl_LABEL_14	DAN_LABEL_15	DMN_LABEL_16	CO_LABEL_17	DMN_LABEL_18	VAN_LABEL_19	CO_LABEL_20	CO_LABEL_21	Sal_LABEL_22	DAN_LABEL_23	PMN_LABEL_24	DAN_LABEL_25	DMN_LABEL_26	DMN_LABEL_27	DMN_LABEL_28	Vis_LABEL_29	FP_LABEL_30	Aud_LABEL_31	Tpole_LABEL_32	PMN_LABEL_33	PON_LABEL_34	MTL_LABEL_35	CO_LABEL_36	Sal_LABEL_37	CO_LABEL_38	SMd_LABEL_39	SMl_LABEL_40	DAN_LABEL_41	CO_LABEL_42	VAN_LABEL_43	CO_LABEL_44	CO_LABEL_45	Sal_LABEL_46	DAN_LABEL_47	PMN_LABEL_48	DAN_LABEL_49	DMN_LABEL_50	FP_LABEL_51	DMN_LABEL_52	DMN_LABEL_53	PON_LABEL_54	DMN_LABEL_55	Tpole_LABEL_56	Tpole_LABEL_57	Sal_LABEL_58	Sal_LABEL_59	SMd_LABEL_60	DAN_LABEL_61	FP_LABEL_62	DMN_LABEL_63	FP_LABEL_64	FP_LABEL_65	SMd_LABEL_66	SMl_LABEL_67	SMd_LABEL_68	DMN_LABEL_69	DAN_LABEL_70	DMN_LABEL_71	FP_LABEL_72	SMd_LABEL_73	SMl_LABEL_74	MTL_LABEL_75	MTL_LABEL_76	CO_LABEL_77	CO_LABEL_78	Vis_LABEL_79	Vis_LABEL_80
DMN_LABEL_1	1.0	-0.3301241993904114	-0.3548838198184967	0.16276760399341583	0.28418809175491333	0.1822442263364792	0.46058881282806396	n/a	0.38865402340888977	0.11610560119152069	0.2411390095949173	0.05975933372974396	-0.1486017107963562	0.20631752908229828	-0.18250493705272675	0.6212807297706604	-0.0008594068349339068	0.47080081701278687	0.022092632949352264	0.04383370280265808	-0.24774987995624542	0.08432836085557938	-0.08660197257995605	0.1976284682750702	-0.12105559557676315	0.7439173460006714	0.7331539988517761	0.2036670297384262	-0.36754563450813293	-0.6338174343109131	0.061380889266729355	-0.05492958053946495	0.2353094220161438	0.39870181679725647	n/a	0.05600547045469284	0.15984076261520386	0.3021228015422821	0.1817781776189804	-0.010813692584633827	-0.07387199997901917	0.1175365149974823	-0.12038835138082504	-0.0033479975536465645	-0.20778362452983856	0.04085356742143631	-0.09921378642320633	-0.051699988543987274	-0.16918398439884186	0.29283949732780457	-0.1271163672208786	0.4651665687561035	0.41129350662231445	0.30303215980529785	0.5758306384086609	0.19632519781589508	-0.13156236708164215	0.14501731097698212	0.06463883072137833	0.2512951195240021	0.10716275870800018	-0.3216472566127777	0.2662118375301361	0.1872057169675827	-0.060114238411188126	0.10515746474266052	0.14511020481586456	-0.18235734105110168	0.6297385692596436	0.059592995792627335	0.4855073094367981	0.23166732490062714	-0.020923780277371407	0.08542288094758987	0.3425750732421875	0.3181929886341095	-0.19902540743350983	-0.22893068194389343	-0.17737792432308197	-0.19180195033550262
Vis_LABEL_2	-0.3301241993904114	1.0	-0.3324871361255646	-0.45438098907470703	-0.32049939036369324	-0.4576663076877594	0.21271903812885284	n/a	0.18684813380241394	-0.11664895713329315	0.08628158271312714	-0.1796434074640274	0.18959949910640717	-0.0734776109457016	0.18232302367687225	-0.5081356167793274	-0.530079185962677	-0.5997024774551392	0.20741082727909088	-0.11828237026929855	-0.04209534078836441	0.028214432299137115	0.5001060962677002	-0.4654785990715027	0.626129150390625	-0.390082985162735	-0.480692058801651	-0.6119733452796936	0.9370402097702026	-0.27650561928749084	-0.3591264486312866	-0.10197471082210541	-0.34967270493507385	0.29731133580207825	n/a	0.0997186005115509	-0.11036878824234009	-0.09519297629594803	-0.10033605247735977	-0.02653859741985798	-0.06074105203151703	-0.4430021345615387	-0.03292372450232506	0.04641573876142502	0.10407955944538116	0.012002705596387386	0.6416953802108765	-0.33478015661239624	0.45011261105537415	-0.4450036287307739	-0.30753281712532043	-0.38096439838409424	-0.5897142291069031	0.15395627915859222	-0.5481863617897034	-0.0009869701461866498	-0.006183412857353687	-0.26236993074417114	-0.19345566630363464	-0.36206111311912537	0.1492232084274292	-0.3736489415168762	-0.18895456194877625	-0.6099748015403748	-0.5619760751724243	-0.11875692754983902	-0.1518055498600006	0.10015730559825897	-0.20478442311286926	0.3137108087539673	-0.203976109623909	-0.4741741418838501	0.007475372403860092	-0.37115180492401123	-0.15298928320407867	-0.2881000339984894	0.29778555035591125	0.23789586126804352	0.20886939764022827	0.16026021540164948
FP_LABEL_3	-0.3548838198184967	-0.3324871361255646	1.0	-0.0666503757238388	-0.25152093172073364	-0.10584106296300888	-0.45327597856521606	n/a	-0.2917351722717285	-0.3083064556121826	-0.5568221807479858	-0.24235665798187256	-0.2957148253917694	-0.2662087380886078	0.5242217183113098	-0.037297651171684265	0.14859570562839508	0.09658163785934448	-0.3273766040802002	-0.2658941149711609	0.010540510527789593	-0.5646448135375977	0.08745419979095459	-0.007288604509085417	-0.057650450617074966	-0.19212090969085693	-0.08840738981962204	0.5443349480628967	-0.38381943106651306	0.6551486849784851	-0.14270201325416565	-0.06962839514017105	-0.34167200326919556	-0.39004629850387573	n/a	-0.4332027733325958	-0.47998663783073425	-0.3515813946723938	-0.11801280081272125	-0.06818811595439911	0.40360528230667114	-0.09410002827644348	0.061338454484939575	-0.35901233553886414	-0.2665332853794098	-0.43882590532302856	-0.0743464007973671	-0.11077139526605606	-0.03467204421758652	0.3600766658782959	0.3740021586418152	0.2463827282190323	0.3028215765953064	-0.3259676396846771	0.12889708578586578	-0.11510108411312103	-0.09635982662439346	-0.18812140822410583	-0.27526453137397766	0.13758860528469086	0.03408610075712204	0.5246453881263733	-0.04237229377031326	0.40122127532958984	0.45776405930519104	-0.02038467489182949	0.06845711171627045	-0.04789324477314949	-0.4441206157207489	-0.18259413540363312	-0.20394310355186462	0.34880954027175903	-0.1677466481924057	0.013476467691361904	-0.4116348624229431	-0.26464977860450745	0.23722533881664276	0.1195741668343544	-0.07434655725955963	-0.14462368190288544
Aud_LABEL_4	0.16276760399341583	-0.45438098907470703	-0.0666503757238388	1.0	0.1279670000076294	0.23921677470207214	0.0885981097817421	n/a	0.12275078892707825	0.2630557417869568	0.09280867874622345	0.17021594941616058	0.07498981803655624	0.40700721740722656	-0.2692856788635254	0.08458489924669266	0.39292481541633606	0.2911156117916107	-0.125397190451622	0.3451065123081207	0.03879221901297569	0.15917479991912842	-0.6222782731056213	0.2205890715122223	-0.5932533740997314	0.360007107257843	0.35620078444480896	0.2056957185268402	-0.42525142431259155	0.10110986232757568	0.8231081366539001	0.11177832633256912	0.26331695914268494	-0.040792401880025864	n/a	-0.030728938058018684	0.0894065722823143	-0.007782381027936935	0.3919130861759186	0.42921948432922363	-0.14681819081306458	0.4626369774341583	-0.06926549971103668	0.1997014880180359	-0.10388558357954025	0.09979963302612305	-0.5660433173179626	0.127548485994339	-0.46748748421669006	0.10931471735239029	0.09097541868686676	0.12912517786026	0.16283109784126282	0.12992803752422333	0.3072982132434845	-0.15462151169776917	-0.06827864050865173	0.39581000804901123	0.11648940294981003	0.41674402356147766	-0.23412969708442688	0.33830201625823975	-0.14283010363578796	0.3755500018596649	0.18027344346046448	0.18131369352340698	0.3180624544620514	0.12170185148715973	0.097802072763443	-0.1264341175556183	-0.07689466327428818	0.3150523602962494	0.2352502942085266	0.3922221064567566	0.2171277552843094	0.3669068217277527	-0.1435168832540512	-0.15416455268859863	0.06263665854930878	0.10892904549837112
Tpole_LABEL_5	0.28418809175491333	-0.32049939036369324	-0.25152093172073364	0.1279670000076294	1.0	0.15823058784008026	0.018282897770404816	n/a	0.01696014776825905	0.3650418221950531	0.01379801519215107	0.15083464980125427	-0.0068082986399531364	-0.08139330893754959	-0.4774034321308136	0.3716142773628235	0.21021011471748352	0.4392663240432739	0.06295076757669449	0.4861966669559479	0.02408054657280445	0.07182159274816513	-0.32374411821365356	0.04441298544406891	-0.2594441771507263	0.2869952619075775	0.39584434032440186	0.227841317653656	-0.21655230224132538	-0.10668382048606873	0.21753163635730743	0.2520080506801605	0.2739681005477905	0.07434718310832977	n/a	0.2618292272090912	0.18051408231258392	0.16517743468284607	0.17173373699188232	-0.21814538538455963	-0.3047512173652649	0.12102033197879791	-0.04734426736831665	0.3662225306034088	0.1150575503706932	0.13915163278579712	-0.286668598651886	0.08515550196170807	-0.22554565966129303	0.0830291360616684	-0.03817969560623169	0.1876351237297058	0.2703656852245331	0.03352503478527069	0.30099785327911377	0.10570383816957474	0.1493338793516159	0.07585207372903824	0.09338033944368362	0.24962826073169708	-0.02673189342021942	0.08014960587024689	0.006007576361298561	0.24331237375736237	0.17472340166568756	-0.11654753983020782	-0.13036789000034332	0.03499167412519455	0.3894158601760864	-0.13066692650318146	0.3031974136829376	-0.04610143601894379	0.11440405249595642	-0.11433421075344086	0.2697656750679016	0.20747193694114685	-0.45673510432243347	-0.1986556202173233	-0.11203648895025253	-0.05337345227599144
PMN_LABEL_6	0.1822442263364792	-0.4576663076877594	-0.10584106296300888	0.23921677470207214	0.15823058784008026	1.0	-0.19823960959911346	n/a	-0.2857937514781952	0.10827916860580444	0.22986190021038055	0.2302837073802948	0.10940263420343399	0.09553337842226028	-0.486503928899765	0.12469244003295898	0.14405681192874908	0.39129671454429626	0.038150493055582047	0.14210498332977295	-0.056055277585983276	0.22283898293972015	-0.46132975816726685	0.8108142614364624	-0.4658854603767395	0.15256839990615845	0.13362877070903778	0.23004905879497528	-0.3671966791152954	0.011121232062578201	0.06655822694301605	0.17639878392219543	0.7108529806137085	-0.34106045961380005	n/a	-0.010315262712538242	0.3629859983921051	0.10627301782369614	0.07998967170715332	-0.0237214844673872	-0.20529644191265106	0.11665558815002441	-0.060430821031332016	-0.0031685600988566875	-0.05200587213039398	0.2364741712808609	-0.5716021060943604	0.6114899516105652	-0.37182483077049255	-0.07898767292499542	-0.11052902042865753	-0.12846639752388	0.12475129961967468	-0.2602010667324066	-0.016126181930303574	-0.18213051557540894	0.03628048300743103	0.18478833138942719	0.2544058561325073	0.1232314258813858	-0.2446012794971466	0.00963348988443613	0.13395173847675323	0.15159566700458527	0.33027327060699463	0.10810224711894989	-0.07463705539703369	0.006885678973048925	0.10535851866006851	-0.056871168315410614	0.19842223823070526	-0.00961454026401043	-0.10453077405691147	0.33622822165489197	0.050349634140729904	0.16337428987026215	-0.3913334906101227	-0.1749483197927475	-0.12569260597229004	-0.16053935885429382
PON_LABEL_7	0.46058881282806396	0.21271903812885284	-0.45327597856521606	0.0885981097817421	0.018282897770404816	-0.19823960959911346	1.0	n/a	0.843529224395752	0.14610938727855682	0.38833245635032654	-0.07167509943246841	-0.18143650889396667	0.32130423188209534	-0.028283609077334404	0.23945200443267822	-0.09414245933294296	0.024707403033971786	-0.1311132162809372	0.09861316531896591	-0.08588521182537079	0.005736027378588915	0.11907441914081573	-0.06718713045120239	0.21396894752979279	0.3576546311378479	0.26400092244148254	-0.182450532913208	0.12326190620660782	-0.5869412422180176	0.1523410826921463	-0.3650246858596802	0.10758741199970245	0.9050144553184509	n/a	0.1804237812757492	0.18882854282855988	0.1426464468240738	-0.03236312419176102	0.17993056774139404	-0.04836205765604973	0.05137414112687111	-0.20447173714637756	0.012475337833166122	0.07556013017892838	-0.05031505227088928	0.20153044164180756	-0.04136286675930023	-0.014185769483447075	0.06380555778741837	0.010588571429252625	0.19797088205814362	0.06775638461112976	0.7536364793777466	0.3115132749080658	0.19025881588459015	-0.14472100138664246	-0.04501006007194519	-0.17049682140350342	-0.0036915596574544907	0.4230212867259979	-0.3969476521015167	0.0372222363948822	-0.07414291799068451	-0.4358006417751312	0.17662739753723145	0.176749587059021	-0.17342549562454224	0.2662757933139801	0.058636825531721115	0.15327569842338562	-0.013074138201773167	0.05181671306490898	-0.12181627005338669	0.4180118143558502	0.25739991664886475	0.06526277214288712	0.08782517910003662	0.03880542889237404	0.11597567051649094
MTL_LABEL_8	n/a	n/a	n/a	n/a	n/a	n/a	n/a	1.0	n/a	n/a	n/a	n/a	n/a	n/a	n/a	n/a	n/a	n/a	n/a	n/a	n/a	n/a	n/a	n/a	n/a	n/a	n/a	n/a	n/a	n/a	n/a	n/a	n/a	n/a	n/a	n/a	n/a	n/a	n/a	n/a	n/a	n/a	n/a	n/a	n/a	n/a	n/a	n/a	n/a	n/a	n/a	n/a	n/a	n/a	n/a	n/a	n/a	n/a	n/a	n/a	n/a	n/a	n/a	n/a	n/a	n/a	n/a	n/a	n/a	n/a	n/a	n/a	n/a	n/a	n/a	n/a	n/a	n/a	n/a	n/a
PON_LABEL_9	0.38865402340888977	0.18684813380241394	-0.2917351722717285	0.12275078892707825	0.01696014776825905	-0.2857937514781952	0.843529224395752	n/a	1.0	0.0309457965195179	0.18039153516292572	-0.04617733135819435	-0.05457579344511032	0.4037150740623474	0.05393077805638313	0.15935498476028442	-0.13746143877506256	-0.004690803587436676	-0.25366371870040894	-0.005559180397540331	-0.2443389594554901	-0.2013557404279709	0.13686111569404602	-0.17317138612270355	0.20095416903495789	0.3179498016834259	0.1976386159658432	-0.1170586422085762	0.06443403661251068	-0.5081855654716492	0.16264894604682922	-0.25332117080688477	-0.012929962947964668	0.8501978516578674	n/a	0.016616879031062126	-0.056539278477430344	0.11468725651502609	0.1249188706278801	0.28721851110458374	0.12866012752056122	0.08156351000070572	-0.28851422667503357	-0.04320797696709633	-0.09565546363592148	-0.26299625635147095	0.22635653614997864	-0.15394474565982819	-0.008354940451681614	0.09148452430963516	-0.035028379410505295	0.26279929280281067	0.19207218289375305	0.8319527506828308	0.3613381087779999	0.19607356190681458	-0.10753493756055832	-0.0069929612800478935	-0.23635542392730713	0.04427134618163109	0.4278673231601715	-0.32262513041496277	-0.13874243199825287	-0.06849922239780426	-0.33011963963508606	0.1905333399772644	0.33679455518722534	-0.12112947553396225	0.22765547037124634	0.09229879081249237	0.02019791305065155	-0.00439311983063817	0.07184029370546341	-0.04214885085821152	0.3569270670413971	0.311079204082489	0.08870677649974823	0.13092070817947388	-0.040037237107753754	-0.10225533694028854
CO_LABEL_10	0.11610560119152069	-0.11664895713329315	-0.3083064556121826	0.2630557417869568	0.3650418221950531	0.10827916860580444	0.14610938727855682	n/a	0.0309457965195179	1.0	0.4780345559120178	0.6700527667999268	0.12962698936462402	-0.03576185181736946	-0.26206186413764954	-0.04734599590301514	0.2714597284793854	-0.10891254991292953	0.05281495302915573	0.36586999893188477	0.5388579368591309	0.40456312894821167	-0.12334712594747543	0.22793152928352356	-0.08295051753520966	-0.013959851115942001	-0.015566475689411163	-0.23935125768184662	-0.09114491939544678	-0.1664639562368393	0.27215903997421265	0.03729987144470215	0.3249243497848511	0.025790417566895485	n/a	0.7596350908279419	0.25282731652259827	0.63802570104599	0.1257491260766983	-0.15367254614830017	-0.32836636900901794	0.3358605206012726	-0.08282536268234253	0.4583316445350647	0.47350192070007324	0.28336331248283386	-0.16949711740016937	0.29273149371147156	-0.1542159616947174	-0.2790100872516632	0.0032276480924338102	-0.08658372610807419	-0.2582574784755707	-0.018156923353672028	-0.10870707035064697	0.11272701621055603	0.19429664313793182	0.26403284072875977	0.28672540187835693	0.19806642830371857	-0.029905349016189575	-0.20080818235874176	0.03346257656812668	-0.05798867344856262	-0.06299339234828949	0.06614762544631958	-0.15026982128620148	-0.03264877200126648	0.14231064915657043	0.13715805113315582	0.08538053929805756	0.030172422528266907	0.04803411290049553	-0.09476843476295471	0.2642832100391388	0.14360176026821136	-0.04605511948466301	0.1298902928829193	0.16755393147468567	0.2642863988876343
Sal_LABEL_11	0.2411390095949173	0.08628158271312714	-0.5568221807479858	0.09280867874622345	0.01379801519215107	0.22986190021038055	0.38833245635032654	n/a	0.18039153516292572	0.4780345559120178	1.0	0.25937390327453613	0.26368486881256104	0.138583704829216	-0.29868587851524353	-0.09038715064525604	-0.07325676828622818	-0.23355470597743988	0.10500352829694748	0.008908948861062527	0.2661084234714508	0.5907456278800964	-0.03763129562139511	0.2871914207935333	0.0374910943210125	0.09308376908302307	-0.05636008456349373	-0.3817659616470337	0.06376637518405914	-0.4067839980125427	0.07297223806381226	-0.17839927971363068	0.4843081831932068	0.13310596346855164	n/a	0.41138672828674316	0.7957955598831177	0.20570577681064606	-0.09955664724111557	0.026389524340629578	-0.1621290147304535	0.09930993616580963	-0.1910935342311859	0.12135102599859238	0.28662559390068054	0.4283888041973114	-0.08537164330482483	0.4412337839603424	-0.03300581872463226	-0.31719741225242615	-0.08309494704008102	-0.20927022397518158	-0.233682319521904	0.08367564529180527	-0.15690214931964874	0.3179956078529358	0.12593457102775574	0.5142290592193604	0.5541244149208069	0.04993825405836105	0.13499601185321808	-0.37275126576423645	0.2573699951171875	-0.15280959010124207	-0.13948006927967072	0.32790979743003845	-0.08133548498153687	0.13289867341518402	0.22520160675048828	0.1870732456445694	0.26874837279319763	-0.10954762995243073	0.2826370894908905	0.035800136625766754	0.4455578029155731	0.1293317973613739	0.08664729446172714	0.102314792573452	-0.09604137390851974	0.1771269142627716
CO_LABEL_12	0.05975933372974396	-0.1796434074640274	-0.24235665798187256	0.17021594941616058	0.15083464980125427	0.2302837073802948	-0.07167509943246841	n/a	-0.04617733135819435	0.6700527667999268	0.25937390327453613	1.0	0.025909367948770523	0.08843735605478287	-0.3113279640674591	-0.1295088827610016	0.4472573399543762	-0.2277531623840332	-0.07208225131034851	0.2477066069841385	0.48227205872535706	0.37373000383377075	-0.22359755635261536	0.2743845582008362	-0.18832577764987946	-0.09691920131444931	-0.1809074878692627	-0.3388359248638153	-0.17592474818229675	-0.046479951590299606	0.3023669719696045	0.137558713555336	0.3171640932559967	-0.15811526775360107	n/a	0.631556510925293	0.14850027859210968	0.8103259205818176	0.14818845689296722	-0.1162709966301918	-0.1304474174976349	0.6240772008895874	-0.06917079538106918	0.48679348826408386	0.4800848960876465	0.2602119743824005	-0.24594372510910034	0.2980145514011383	-0.010777213610708714	-0.3493695855140686	-0.06623221188783646	-0.25011807680130005	-0.27951690554618835	-0.027558201923966408	-0.23645146191120148	-0.00504233967512846	0.07446684688329697	0.1589139699935913	0.18838584423065186	0.008130227215588093	-0.21853803098201752	-0.20744389295578003	-0.14851966500282288	-0.26697397232055664	-0.061238355934619904	0.11723517626523972	0.01262934971600771	-0.1616331934928894	-0.06768099963665009	0.0656624585390091	-0.11437241733074188	-0.10193372517824173	-0.04290866479277611	0.26115453243255615	0.05861329287290573	0.19076746702194214	-0.12212072312831879	-0.04137101769447327	0.14051993191242218	0.04805612191557884
SMd_LABEL_13	-0.1486017107963562	0.18959949910640717	-0.2957148253917694	0.07498981803655624	-0.0068082986399531364	0.10940263420343399	-0.18143650889396667	n/a	-0.05457579344511032	0.12962698936462402	0.26368486881256104	0.025909367948770523	1.0	0.25074803829193115	-0.28212666511535645	-0.3013804852962494	-0.40236082673072815	-0.1629074066877365	0.23149935901165009	-0.06992080807685852	-0.2653406858444214	0.2968772351741791	-0.07259970903396606	-0.008338836021721363	-0.05697694420814514	-0.06994912028312683	-0.19124996662139893	-0.17326098680496216	0.258548378944397	-0.24341723322868347	-0.024997178465127945	0.2811354100704193	0.11551889032125473	-0.1880042999982834	n/a	-0.06056210771203041	0.05568014830350876	-0.06130265071988106	0.3528897762298584	0.3833670914173126	-0.1842770129442215	-0.23915909230709076	-0.15249986946582794	0.005857251584529877	-0.2042292207479477	0.20990440249443054	-0.1245032474398613	0.032840125262737274	-0.13523384928703308	-0.297635555267334	-0.39834097027778625	-0.37799152731895447	-0.2575439214706421	-0.0856623575091362	-0.35399729013442993	-0.053864140063524246	0.382588654756546	0.28584447503089905	0.26139378547668457	0.08590787649154663	-0.21044692397117615	-0.2409827709197998	-0.2857326865196228	-0.31881582736968994	-0.1727060228586197	0.10822858661413193	-0.01887209713459015	0.6262553930282593	0.08702805638313293	0.07711351662874222	-0.14693857729434967	-0.08111589401960373	0.3777065873146057	0.17173399031162262	0.15022240579128265	0.3454836905002594	-0.13552385568618774	-0.18049922585487366	-0.042669232934713364	0.027035146951675415
SMl_LABEL_14	0.20631752908229828	-0.0734776109457016	-0.2662087380886078	0.40700721740722656	-0.08139330893754959	0.09553337842226028	0.32130423188209534	n/a	0.4037150740623474	-0.03576185181736946	0.138583704829216	0.08843735605478287	0.25074803829193115	1.0	-0.23612838983535767	-0.050872527062892914	0.07456882297992706	0.019782138988375664	-0.23619641363620758	-0.22393327951431274	-0.1642684042453766	0.05392994359135628	-0.3296189606189728	-0.1441042572259903	-0.24611258506774902	0.29465946555137634	0.06988457590341568	-0.05725664272904396	-0.13655920326709747	-0.30619075894355774	0.3136875033378601	-0.12124687433242798	0.13192720711231232	0.23404505848884583	n/a	-0.171284019947052	-0.07445436716079712	0.01733480580151081	0.2559794485569	0.8759142160415649	0.01980607770383358	0.24929958581924438	-0.46378377079963684	-0.15567025542259216	-0.14229726791381836	-0.1125841736793518	-0.29690083861351013	-0.15566132962703705	-0.24288952350616455	-0.1438516229391098	-0.12159541249275208	0.00024995964486151934	0.023433461785316467	0.43252819776535034	0.03504005819559097	-0.06688929349184036	-0.028483979403972626	0.15567553043365479	-0.15530143678188324	-0.018541347235441208	-0.09579047560691833	-0.27041444182395935	-0.19250157475471497	-0.24951285123825073	-0.22264723479747772	0.09584854543209076	0.5284386277198792	0.181820347905159	0.197656512260437	-0.22327086329460144	0.02793472446501255	-0.036255210638046265	-0.07787957042455673	0.47081947326660156	0.34259381890296936	0.3881099224090576	-0.07682057470083237	-0.2300971895456314	-0.034972015768289566	-0.09132973849773407
DAN_LABEL_15	-0.18250493705272675	0.18232302367687225	0.5242217183113098	-0.2692856788635254	-0.4774034321308136	-0.486503928899765	-0.028283609077334404	n/a	0.05393077805638313	-0.26206186413764954	-0.29868587851524353	-0.3113279640674591	-0.28212666511535645	-0.23612838983535767	1.0	-0.16212761402130127	-0.23066574335098267	-0.2791408598423004	-0.18836192786693573	-0.4933077394962311	0.0975087434053421	-0.3801123797893524	0.6537322402000427	-0.30236873030662537	0.5975157618522644	-0.3401842415332794	-0.23124699294567108	-0.031448230147361755	0.07263494282960892	0.2735501527786255	-0.2058073729276657	-0.4012855291366577	-0.520176351070404	0.06403588503599167	n/a	-0.2001057118177414	-0.4284149408340454	-0.1340714395046234	-0.18707628548145294	-0.030705459415912628	0.7474583983421326	-0.16527028381824493	-0.008815175853669643	-0.35610830783843994	-0.040675289928913116	-0.5061663389205933	0.6008691191673279	-0.2943079471588135	0.5950129628181458	0.08757716417312622	0.1298881322145462	0.06484407931566238	-0.034145813435316086	0.03647957369685173	-0.019433515146374702	0.11880940198898315	-0.2804156541824341	-0.2317463606595993	-0.2811473309993744	-0.11330713331699371	0.16694992780685425	0.03596147894859314	-0.12968923151493073	-1.6278954717563465e-06	-0.059726011008024216	0.05534575507044792	-0.010259371250867844	-0.28133708238601685	-0.33341288566589355	0.1936333328485489	-0.2273230403661728	0.16722823679447174	-0.20450975000858307	-0.26575061678886414	-0.2151876837015152	-0.33912399411201477	0.5049110054969788	0.2781878113746643	-0.05883530154824257	0.04619063809514046
DMN_LABEL_16	0.6212807297706604	-0.5081356167793274	-0.037297651171684265	0.08458489924669266	0.3716142773628235	0.12469244003295898	0.23945200443267822	n/a	0.15935498476028442	-0.04734599590301514	-0.09038715064525604	-0.1295088827610016	-0.3013804852962494	-0.050872527062892914	-0.16212761402130127	1.0	0.07071543484926224	0.7415677905082703	0.12571997940540314	0.15070094168186188	-0.24646320939064026	-0.06766650080680847	-0.10596052557229996	0.20531347393989563	-0.1931789517402649	0.5459792613983154	0.7396793961524963	0.5121232867240906	-0.48198896646499634	-0.158284530043602	0.07403574883937836	-0.012745791114866734	0.18888717889785767	0.2298336625099182	n/a	-0.10033584386110306	0.06257332116365433	0.039542097598314285	0.019425157457590103	-0.18390816450119019	-0.12865647673606873	0.01655501313507557	0.15065045654773712	-0.045750390738248825	-0.1944657564163208	-0.032851073890924454	-0.17635194957256317	0.012727610766887665	-0.24111200869083405	0.6039104461669922	0.021365487948060036	0.4286726415157318	0.6450749635696411	0.12133833765983582	0.6738302707672119	-0.12731093168258667	-0.08338965475559235	0.020415285602211952	0.007664385251700878	0.0717664584517479	-0.015424278564751148	-0.007888981141149998	0.342487096786499	0.4558057188987732	0.1371164619922638	-0.09223930537700653	0.05298148840665817	-0.272256076335907	0.5519875884056091	-0.050597772002220154	0.36208418011665344	0.31270840764045715	0.00727118132635951	0.07006851583719254	0.30649030208587646	0.3204396069049835	-0.4263584315776825	-0.1757805049419403	-0.036387912929058075	-0.07245399802923203
CO_LABEL_17	-0.0008594068349339068	-0.530079185962677	0.14859570562839508	0.39292481541633606	0.21021011471748352	0.14405681192874908	-0.09414245933294296	n/a	-0.13746143877506256	0.2714597284793854	-0.07325676828622818	0.4472573399543762	-0.40236082673072815	0.07456882297992706	-0.23066574335098267	0.07071543484926224	1.0	0.07190092653036118	-0.24795477092266083	0.34462815523147583	0.45936790108680725	0.025981243699789047	-0.4065452814102173	0.24630245566368103	-0.471278578042984	0.08268538862466812	0.07513679563999176	0.07832954078912735	-0.442549467086792	0.3282451033592224	0.4620300531387329	0.010125277563929558	0.24308176338672638	-0.1436225324869156	n/a	0.2868400514125824	0.11044999212026596	0.2971646189689636	-0.0385449044406414	-0.051946673542261124	-0.03649987280368805	0.7689443826675415	0.018130704760551453	0.2843765616416931	0.42578423023223877	0.07919702678918839	-0.414780855178833	0.3549005389213562	-0.2814866006374359	0.050443146377801895	0.34761735796928406	0.11532434076070786	0.15387529134750366	-0.04987906292080879	0.16157570481300354	0.0011023588012903929	-0.05152919515967369	0.008451251313090324	0.03175244480371475	0.18305560946464539	-0.10824113339185715	0.2960931062698364	0.02426249533891678	0.26600971817970276	0.31635916233062744	-0.05691308155655861	0.11597245931625366	-0.16360653936862946	-0.06371613591909409	-0.34919020533561707	-0.0364929661154747	-0.0006227498524822295	-0.14598196744918823	0.29810211062431335	0.12615764141082764	0.11777792125940323	-0.1005910336971283	-0.10510372370481491	-0.09009016305208206	-0.037249889224767685
DMN_LABEL_18	0.47080081701278687	-0.5997024774551392	0.09658163785934448	0.2911156117916107	0.4392663240432739	0.39129671454429626	0.024707403033971786	n/a	-0.004690803587436676	-0.10891254991292953	-0.23355470597743988	-0.2277531623840332	-0.1629074066877365	0.019782138988375664	-0.2791408598423004	0.7415677905082703	0.07190092653036118	1.0	-0.08501557260751724	0.1694280356168747	-0.30325326323509216	-0.1178242564201355	-0.3721226155757904	0.26340851187705994	-0.4347984790802002	0.604080855846405	0.7860425114631653	0.7307402491569519	-0.5288338661193848	-0.0059892116114497185	0.1000993624329567	0.2443011999130249	0.2452768087387085	0.05088632553815842	n/a	-0.29060664772987366	-0.00026501796673983335	-0.15983946621418	0.16282573342323303	-0.05629928410053253	-0.2759281098842621	-0.058257512748241425	0.06940007954835892	-0.02438603900372982	-0.3508341312408447	0.010896246880292892	-0.4735957384109497	0.025236403569579124	-0.4582880139350891	0.5612542629241943	-0.06070879101753235	0.43348273634910583	0.7205461859703064	0.00678818766027689	0.6834095120429993	-0.23993369936943054	-0.07126738131046295	0.06740105152130127	-0.055461157113313675	0.21082071959972382	-0.1561223417520523	0.22305920720100403	0.20716042816638947	0.5185065269470215	0.3377986550331116	-0.017231514677405357	0.06631658971309662	-0.009699142538011074	0.3735167980194092	-0.21204617619514465	0.2993597686290741	0.335639089345932	-0.007369348779320717	0.12047070264816284	0.17095144093036652	0.30257511138916016	-0.4748993515968323	-0.17714130878448486	-0.21712155640125275	-0.18021275103092194
VAN_LABEL_19	0.022092632949352264	0.20741082727909088	-0.3273766040802002	-0.125397190451622	0.06295076757669449	0.038150493055582047	-0.1311132162809372	n/a	-0.25366371870040894	0.05281495302915573	0.10500352829694748	-0.07208225131034851	0.23149935901165009	-0.23619641363620758	-0.18836192786693573	0.12571997940540314	-0.24795477092266083	-0.08501557260751724	1.0	0.3077737092971802	0.044208887964487076	0.47414788603782654	-0.06473945081233978	0.04219285771250725	0.007793616969138384	-0.0058501968160271645	0.02489803545176983	-0.1627681404352188	0.3317522406578064	-0.19955457746982574	-0.012311014346778393	0.24043899774551392	-0.0927560105919838	-0.12659995257854462	n/a	0.1653313934803009	0.16396337747573853	-0.016929207369685173	0.11309746652841568	-0.19688117504119873	-0.3148834705352783	-0.20171336829662323	0.5038824081420898	0.16791421175003052	0.06728065758943558	0.5029807686805725	0.12737730145454407	-0.08252716064453125	0.07982739806175232	-0.242537721991539	-0.1795952171087265	-0.36151236295700073	-0.3489190936088562	-0.14794687926769257	-0.31374508142471313	0.13182321190834045	0.08870909363031387	-0.0464811734855175	0.12289099395275116	-0.048300065100193024	-0.15565894544124603	-0.17562229931354523	0.05925137549638748	-0.15244725346565247	-0.3748929500579834	-0.11478985846042633	-0.12250344455242157	0.022660966962575912	0.22066082060337067	0.30646753311157227	0.1634032279253006	-0.1646866500377655	0.22123390436172485	-0.0796891376376152	-0.055750489234924316	0.014505032449960709	-0.13318458199501038	-0.07414017617702484	0.1824362576007843	0.11482438445091248
CO_LABEL_20	0.04383370280265808	-0.11828237026929855	-0.2658941149711609	0.3451065123081207	0.4861966669559479	0.14210498332977295	0.09861316531896591	n/a	-0.005559180397540331	0.36586999893188477	0.008908948861062527	0.2477066069841385	-0.06992080807685852	-0.22393327951431274	-0.4933077394962311	0.15070094168186188	0.34462815523147583	0.1694280356168747	0.3077737092971802	1.0	0.18788529932498932	0.29204365611076355	-0.42993462085723877	0.20664596557617188	-0.2772442698478699	0.19214998185634613	0.2748456299304962	0.002752861473709345	0.0010639382526278496	-0.009526677429676056	0.4255453944206238	0.3460714817047119	0.2272448092699051	0.10515698045492172	n/a	0.34515950083732605	0.13398218154907227	0.1814364790916443	0.15955990552902222	-0.2890866994857788	-0.5263586044311523	0.25229254364967346	0.3248046338558197	0.5835426449775696	0.22344066202640533	0.38225552439689636	-0.23042690753936768	0.1274578720331192	-0.21222832798957825	-0.0749301090836525	0.11439801752567291	-0.03862190619111061	-0.0970923900604248	0.05890565365552902	0.0680248811841011	-0.05739237740635872	-0.034269023686647415	-0.048256609588861465	0.04601920023560524	0.165191188454628	-0.13755987584590912	0.2023402452468872	-0.01420375145971775	0.1770065277814865	-0.07793094962835312	-0.0827694833278656	-0.14564761519432068	-0.02417476661503315	0.08015988767147064	-0.10449136048555374	0.01549175102263689	-0.10886330157518387	0.19460684061050415	0.02985633723437786	-0.002367827109992504	0.1981448531150818	-0.36057743430137634	-0.05244086682796478	0.12605322897434235	0.15643613040447235
CO_LABEL_21	-0.24774987995624542	-0.04209534078836441	0.010540510527789593	0.03879221901297569	0.02408054657280445	-0.056055277585983276	-0.08588521182537079	n/a	-0.2443389594554901	0.5388579368591309	0.2661084234714508	0.48227205872535706	-0.2653406858444214	-0.1642684042453766	0.0975087434053421	-0.24646320939064026	0.45936790108680725	-0.30325326323509216	0.044208887964487076	0.18788529932498932	1.0	0.34077343344688416	-0.046901702880859375	-0.022786302492022514	0.12988945841789246	-0.3675580322742462	-0.29022035002708435	-0.3609063923358917	0.004247070290148258	0.3124488592147827	0.25082123279571533	-0.08885366469621658	0.13591070473194122	-0.16958868503570557	n/a	0.6737214922904968	0.2800169885158539	0.37729939818382263	-0.3551517426967621	-0.22430472075939178	-0.017339499667286873	0.38702642917633057	0.06652260571718216	0.4620192348957062	0.8093603849411011	0.2596123516559601	-0.05031221732497215	0.24582555890083313	0.25839564204216003	-0.4026077687740326	0.2017703652381897	-0.2883959710597992	-0.38404381275177	-0.12177649140357971	-0.30682429671287537	0.18335820734500885	-0.13920901715755463	0.028640659525990486	0.17218634486198425	-0.18069791793823242	-0.0780058205127716	-0.04973667114973068	0.003751638811081648	-0.12362368404865265	-0.04873459041118622	0.051983658224344254	-0.2027709186077118	-0.12622827291488647	-0.2640282213687897	0.03779594972729683	-0.07495520263910294	-0.25988832116127014	0.006124878767877817	-0.10010280460119247	0.052481140941381454	-0.16749167442321777	0.27450647950172424	0.2506379783153534	0.011980891227722168	0.337355375289917
Sal_LABEL_22	0.08432836085557938	0.028214432299137115	-0.5646448135375977	0.15917479991912842	0.07182159274816513	0.22283898293972015	0.005736027378588915	n/a	-0.2013557404279709	0.40456312894821167	0.5907456278800964	0.37373000383377075	0.2968772351741791	0.05392994359135628	-0.3801123797893524	-0.06766650080680847	0.025981243699789047	-0.1178242564201355	0.47414788603782654	0.29204365611076355	0.34077343344688416	1.0	-0.28151923418045044	0.19797077775001526	-0.17482668161392212	0.14857518672943115	0.028539638966321945	-0.3014982342720032	0.11377671360969543	-0.23626957833766937	0.22326941788196564	0.32113537192344666	0.20982030034065247	-0.17961610853672028	n/a	0.35579007863998413	0.6025407910346985	0.23534691333770752	0.14709873497486115	0.013442750088870525	-0.32225242257118225	0.22836853563785553	0.26041409373283386	0.4238414168357849	0.33224380016326904	0.8162255883216858	-0.15456503629684448	0.21740922331809998	0.0403631255030632	-0.3907417356967926	-0.19278906285762787	-0.4365897476673126	-0.41411301493644714	-0.09972543269395828	-0.3227289915084839	0.20002301037311554	0.027302321046590805	0.40496009588241577	0.4453361928462982	0.011254453100264072	-0.21390479803085327	-0.187749981880188	0.06488163769245148	-0.25021302700042725	-0.2598738968372345	0.30512717366218567	0.01408869307488203	0.07575901597738266	0.12230567634105682	0.21646830439567566	0.09586387872695923	-0.09767288714647293	0.20829607546329498	0.2531137466430664	0.2693420648574829	0.2975592017173767	-0.09563044458627701	-0.14612047374248505	-0.08631949871778488	0.2031276524066925
DAN_LABEL_23	-0.08660197257995605	0.5001060962677002	0.08745419979095459	-0.6222782731056213	-0.32374411821365356	-0.46132975816726685	0.11907441914081573	n/a	0.13686111569404602	-0.12334712594747543	-0.03763129562139511	-0.22359755635261536	-0.07259970903396606	-0.3296189606189728	0.6537322402000427	-0.10596052557229996	-0.4065452814102173	-0.3721226155757904	-0.06473945081233978	-0.42993462085723877	-0.046901702880859375	-0.28151923418045044	1.0	-0.2312471717596054	0.8671072125434875	-0.4602234959602356	-0.38868507742881775	-0.375130832195282	0.4137313961982727	-0.06979739665985107	-0.5897988677024841	-0.34809017181396484	-0.2981686592102051	0.20086923241615295	n/a	0.03500254824757576	-0.2343151718378067	0.046925559639930725	-0.3578295111656189	-0.29423004388809204	0.43292558193206787	-0.3982104957103729	-0.09582895040512085	-0.2280503809452057	0.06605527549982071	-0.39489880204200745	0.8853480815887451	-0.10530080646276474	0.6290048956871033	0.008142590522766113	-0.14795531332492828	-0.060015223920345306	-0.07685379683971405	0.038734450936317444	-0.2011498212814331	0.016348961740732193	-0.15137968957424164	-0.35742172598838806	-0.18426354229450226	-0.40447941422462463	0.3249050974845886	-0.3270707428455353	0.03357461094856262	-0.27044248580932617	-0.20290711522102356	-0.2022712230682373	-0.3035867214202881	-0.18158867955207825	-0.12351511418819427	0.33234840631484985	-0.14187873899936676	-0.2575589716434479	-0.23509910702705383	-0.4247431457042694	-0.01923063024878502	-0.28564074635505676	0.41117021441459656	0.28611379861831665	-0.0647532194852829	0.017210759222507477
PMN_LABEL_24	0.1976284682750702	-0.4654785990715027	-0.007288604509085417	0.2205890715122223	0.04441298544406891	0.8108142614364624	-0.06718713045120239	n/a	-0.17317138612270355	0.22793152928352356	0.2871914207935333	0.2743845582008362	-0.008338836021721363	-0.1441042572259903	-0.30236873030662537	0.20531347393989563	0.24630245566368103	0.26340851187705994	0.04219285771250725	0.20664596557617188	-0.022786302492022514	0.19797077775001526	-0.2312471717596054	1.0	-0.3948749005794525	0.1153152659535408	0.11811866611242294	0.19455693662166595	-0.4005696475505829	0.051053762435913086	0.07319438457489014	0.08982592076063156	0.6092955470085144	-0.23262257874011993	n/a	0.12278275936841965	0.36586374044418335	0.209458127617836	0.023629194125533104	-0.20043785870075226	-0.05222442373633385	0.23740039765834808	0.038754262030124664	-0.006436430849134922	0.018809868022799492	0.20802435278892517	-0.36200714111328125	0.7657489776611328	-0.3407994210720062	0.06273720413446426	0.020732106640934944	-0.06756265461444855	0.14541177451610565	-0.2236693799495697	0.030456066131591797	-0.12335719168186188	0.04402557387948036	0.21008917689323425	0.28594985604286194	0.19617679715156555	-0.06257963925600052	0.06327170133590698	0.1930684894323349	0.3034020662307739	0.3453066051006317	0.12059250473976135	-0.10869740694761276	-0.18879196047782898	0.05164073035120964	0.043372247368097305	0.12777478992938995	0.13245661556720734	-0.11394251883029938	0.2489374577999115	0.11323442310094833	0.2026912271976471	-0.2179243415594101	-0.04463605955243111	-0.08853054791688919	-0.09156525880098343
DAN_LABEL_25	-0.12105559557676315	0.626129150390625	-0.057650450617074966	-0.5932533740997314	-0.2594441771507263	-0.4658854603767395	0.21396894752979279	n/a	0.20095416903495789	-0.08295051753520966	0.0374910943210125	-0.18832577764987946	-0.05697694420814514	-0.24611258506774902	0.5975157618522644	-0.1931789517402649	-0.471278578042984	-0.4347984790802002	0.007793616969138384	-0.2772442698478699	0.12988945841789246	-0.17482668161392212	0.8671072125434875	-0.3948749005794525	1.0	-0.4873288571834564	-0.39087653160095215	-0.48628589510917664	0.5514656901359558	-0.16394051909446716	-0.4487568140029907	-0.36197346448898315	-0.27891501784324646	0.29003608226776123	n/a	0.14890702068805695	-0.17589126527309418	0.04326941445469856	-0.3751677870750427	-0.22801713645458221	0.3205684423446655	-0.43696531653404236	-0.14429700374603271	-0.03945904225111008	0.19081220030784607	-0.3276025652885437	0.8279405832290649	-0.2375016063451767	0.7516101002693176	-0.24638095498085022	-0.18650716543197632	-0.2036139965057373	-0.2897941768169403	0.15736624598503113	-0.2858574092388153	0.05584158003330231	-0.24250629544258118	-0.34608858823776245	-0.13978852331638336	-0.4831556975841522	0.26499080657958984	-0.3996715843677521	-0.01827065460383892	-0.407137006521225	-0.3814206123352051	-0.11739610135555267	-0.30837973952293396	-0.16126717627048492	-0.16029301285743713	0.321544885635376	-0.1236233189702034	-0.3923739492893219	-0.13867616653442383	-0.4924674332141876	-0.07600215822458267	-0.31336987018585205	0.4187057316303253	0.37064990401268005	-0.014094924554228783	0.16910983622074127
