Node	LH_Vis_1	LH_Vis_2	LH_Vis_3	LH_Vis_4	LH_Vis_5	LH_Vis_6	LH_Vis_7	LH_Vis_8	LH_Vis_9	LH_SomMot_1	LH_SomMot_2	LH_SomMot_3	LH_SomMot_4	LH_SomMot_5	LH_SomMot_6	LH_DorsAttn_Post_1	LH_DorsAttn_Post_2	LH_DorsAttn_Post_3	LH_DorsAttn_Post_4	LH_DorsAttn_Post_5	LH_DorsAttn_Post_6	LH_DorsAttn_PrCv_1	LH_DorsAttn_FEF_1	LH_SalVentAttn_ParOper_1	LH_SalVentAttn_FrOperIns_1	LH_SalVentAttn_FrOperIns_2	LH_SalVentAttn_PFCl_1	LH_SalVentAttn_Med_1	LH_SalVentAttn_Med_2	LH_SalVentAttn_Med_3	LH_Limbic_OFC_1	LH_Limbic_TempPole_1	LH_Limbic_TempPole_2	LH_Cont_Par_1	LH_Cont_PFCl_1	LH_Cont_pCun_1	LH_Cont_Cing_1	LH_Default_Temp_1	LH_Default_Temp_2	LH_Default_Par_1	LH_Default_Par_2	LH_Default_PFC_1	LH_Default_PFC_2	LH_Default_PFC_3	LH_Default_PFC_4	LH_Default_PFC_5	LH_Default_PFC_6	LH_Default_PFC_7	LH_Default_pCunPCC_1	LH_Default_pCunPCC_2	RH_Vis_1	RH_Vis_2	RH_Vis_3	RH_Vis_4	RH_Vis_5	RH_Vis_6	RH_Vis_7	RH_Vis_8	RH_SomMot_1	RH_SomMot_2	RH_SomMot_3	RH_SomMot_4	RH_SomMot_5	RH_SomMot_6	RH_SomMot_7	RH_SomMot_8	RH_DorsAttn_Post_1	RH_DorsAttn_Post_2	RH_DorsAttn_Post_3	RH_DorsAttn_Post_4	RH_DorsAttn_Post_5	RH_DorsAttn_PrCv_1	RH_DorsAttn_FEF_1	RH_SalVentAttn_TempOccPar_1	RH_SalVentAttn_TempOccPar_2	RH_SalVentAttn_FrOperIns_1	RH_SalVentAttn_Med_1	RH_SalVentAttn_Med_2	RH_Limbic_OFC_1	RH_Limbic_TempPole_1	RH_Cont_Par_1	RH_Cont_Par_2	RH_Cont_PFCl_1	RH_Cont_PFCl_2	RH_Cont_PFCl_3	RH_Cont_PFCl_4	RH_Cont_Cing_1	RH_Cont_PFCmp_1	RH_Cont_pCun_1	RH_Default_Par_1	RH_Default_Temp_1	RH_Default_Temp_2	RH_Default_Temp_3	RH_Default_PFCv_1	RH_Default_PFCv_2	RH_Default_PFCdPFCm_1	RH_Default_PFCdPFCm_2	RH_Default_PFCdPFCm_3	RH_Default_pCunPCC_1	RH_Default_pCunPCC_2	LH-Pu	LH-Ca	LH-NAC	LH-EXA	LH-GPe	LH-GPi	LH-SNc_PBP_VTA	LH-RN	LH-SNr	LH-VeP	LH-HN	LH-HTH	LH-MN	LH-STH	RH-Pu	RH-Ca	RH-NAC	RH-EXA	RH-GPe	RH-GPi	RH-SNc_PBP_VTA	RH-RN	RH-SNr	RH-VeP	RH-HN	RH-HTH	RH-MN	RH-STH	LH-Pulvinar	LH-Anterior	LH-Medio_Dorsal	LH-Ventral_Latero_Dorsal	LH-Central_Lateral-Lateral_Posterior-Medial_Pulvinar	LH-Ventral_Anterior	LH-Ventral_Latero_Ventral	RH-Pulvinar	RH-Anterior	RH-Medio_Dorsal	RH-Ventral_Latero_Dorsal	RH-Central_Lateral-Lateral_Posterior-Medial_Pulvinar	RH-Ventral_Anterior	RH-Ventral_Latero_Ventral	LH_Hippocampus	LH_Amygdala	RH_Hippocampus	RH_Amygdala	Cerebellar_Region1	Cerebellar_Region2	Cerebellar_Region3	Cerebellar_Region4	Cerebellar_Region5	Cerebellar_Region6	Cerebellar_Region7	Cerebellar_Region8	Cerebellar_Region9	Cerebellar_Region10
LH_Vis_1	1.0	0.3900814652442932	0.6123892068862915	-0.09484735876321793	0.45185354351997375	0.6308929920196533	0.5806183218955994	0.5809487700462341	0.5350216031074524	0.452614963054657	0.38258448243141174	0.24476255476474762	-0.019370075315237045	n/a	n/a	0.5853694677352905	0.22109149396419525	n/a	n/a	n/a	n/a	0.2981840968132019	n/a	-0.052948080003261566	0.11713898926973343	0.40219148993492126	0.11907181143760681	0.5684598684310913	0.14654399454593658	n/a	0.29283028841018677	0.48324447870254517	0.22489380836486816	n/a	0.5398730039596558	0.22906437516212463	0.2860158085823059	0.12810125946998596	0.10597081482410431	-0.006599277723580599	0.2205798178911209	0.23986762762069702	-0.02265910990536213	0.4371301531791687	0.0341966338455677	0.12386777251958847	0.6163662075996399	n/a	0.8793511390686035	0.20947521924972534	0.7786543965339661	0.47528690099716187	0.2569369077682495	-0.12130219489336014	0.5505948662757874	0.6933577060699463	0.35405460000038147	0.44701510667800903	0.4905738830566406	0.46700456738471985	0.20426255464553833	-0.09918063133955002	n/a	n/a	n/a	n/a	0.3457779586315155	n/a	n/a	n/a	n/a	0.3529864549636841	n/a	0.12696212530136108	0.024700038135051727	0.21603892743587494	n/a	n/a	0.20898157358169556	0.36553266644477844	n/a	n/a	0.20835959911346436	0.39406925439834595	0.03073771484196186	0.49841055274009705	0.40055298805236816	0.36400023102760315	0.14665426313877106	0.009743358008563519	0.4382847845554352	0.10827649384737015	0.14224474132061005	0.39377647638320923	0.02428368106484413	0.4316811263561249	0.1558765470981598	n/a	0.8182458877563477	0.2601853013038635	0.2563428580760956	-0.3924248218536377	-0.12024597823619843	-0.25681042671203613	-0.0716811865568161	-0.0728287622332573	0.48423582315444946	0.18843196332454681	0.10659512877464294	0.296599805355072	0.013358049094676971	0.2705402076244354	-0.19189521670341492	0.17772001028060913	0.2549363374710083	-0.3920089900493622	-0.23467038571834564	-0.6038671135902405	-0.3317241966724396	-0.052426815032958984	0.2189907431602478	-0.027776675298810005	-0.011066882871091366	0.043005168437957764	-0.11519239097833633	0.2009260356426239	0.30429500341415405	0.39378899335861206	0.5638762712478638	0.1847187876701355	0.21638068556785583	-0.009677737019956112	0.5947543978691101	-0.3242899477481842	0.29803580045700073	0.5834944248199463	-0.08934197574853897	0.24546858668327332	0.5151625275611877	0.32119500637054443	-0.35212141275405884	-0.10895486176013947	0.41768330335617065	0.10852396488189697	0.4516896605491638	0.06627567112445831	-0.12681233882904053	-0.2610653340816498	-0.14709985256195068	-0.4682597517967224	-0.5944350957870483	-0.6910069584846497	-0.40824806690216064	-0.6220459938049316	-0.6482242345809937	-0.5604082345962524
LH_Vis_2	0.3900814652442932	1.0	0.7699556350708008	0.647093653678894	0.9243454933166504	0.652941107749939	0.4860006868839264	0.8481433987617493	0.5791260004043579	-0.18954671919345856	0.37074005603790283	0.2604656517505646	0.09796105325222015	n/a	n/a	0.4390557110309601	0.3985644280910492	n/a	n/a	n/a	n/a	-0.11785004287958145	n/a	-0.17182733118534088	-0.4571633040904999	0.04452597349882126	-0.26247814297676086	0.36447790265083313	0.42323732376098633	n/a	0.11677232384681702	0.1844797432422638	0.07469473034143448	n/a	0.04683319479227066	-0.19313593208789825	0.5984659194946289	0.22372013330459595	0.23982000350952148	0.048688288778066635	-0.4588146507740021	0.1685142070055008	0.08892349898815155	0.1177506372332573	0.14522162079811096	-0.05610603094100952	0.26930829882621765	n/a	0.4507372975349426	-0.08299777656793594	0.3239479959011078	0.8933969140052795	0.5205206274986267	0.57894366979599	0.8843187093734741	0.5741368532180786	0.6165883541107178	0.7783254981040955	-0.042263127863407135	0.5196558833122253	0.2570672333240509	0.18352127075195312	n/a	n/a	n/a	n/a	-0.3421929180622101	n/a	n/a	n/a	n/a	0.06145896017551422	n/a	-0.0762750431895256	0.1741991490125656	-0.10626165568828583	n/a	n/a	0.04369598254561424	0.22013737261295319	n/a	n/a	0.3316750228404999	0.0014814661117270589	-0.15261799097061157	0.19715453684329987	0.4999406635761261	0.07021310925483704	-0.5071244239807129	-0.5971372723579407	0.15694564580917358	-0.021301666274666786	0.0391034334897995	0.2680053412914276	-0.16077321767807007	0.16719035804271698	-0.07410794496536255	n/a	0.31187567114830017	-0.14708442986011505	0.07191979140043259	-0.18049591779708862	-0.057570893317461014	-0.22058410942554474	-0.09451863914728165	-0.18517175316810608	0.5699219703674316	0.031022313982248306	0.08389955759048462	-0.2101382166147232	-0.005380242131650448	-0.013132049702107906	-0.5701253414154053	0.20832529664039612	0.08722784370183945	-0.07802563905715942	-0.17805053293704987	-0.1319563239812851	-0.06202441081404686	-0.028724336996674538	0.04736900329589844	-0.1635892689228058	-0.22530576586723328	-0.2996450662612915	-0.401317298412323	0.49692684412002563	-0.27090027928352356	0.31174156069755554	0.6554354429244995	-0.10432026535272598	0.1548372060060501	0.03780768811702728	0.24428819119930267	-0.008384277112782001	0.027699468657374382	0.6277182698249817	-0.006352512165904045	0.056303247809410095	0.11826802045106888	-0.3211362361907959	0.10356414318084717	0.10071058571338654	0.3643958568572998	0.04019460827112198	0.3880510628223419	0.23494884371757507	0.36790305376052856	0.17465431988239288	0.48795685172080994	0.24432745575904846	0.2333337366580963	0.07889357954263687	0.137481227517128	0.018909892067313194	0.03949993848800659	0.09730564802885056
LH_Vis_3	0.6123892068862915	0.7699556350708008	1.0	0.1969200074672699	0.7647554874420166	0.9590876698493958	0.4756351709365845	0.7173807621002197	0.8104906678199768	0.13728374242782593	0.3883295953273773	0.43371182680130005	0.041343752294778824	n/a	n/a	0.4208909869194031	0.29617589712142944	n/a	n/a	n/a	n/a	0.15641990303993225	n/a	-0.140025794506073	-0.06846397370100021	0.45055878162384033	-0.1888880431652069	0.4673382043838501	0.1424228698015213	n/a	0.04730900749564171	0.091901496052742	0.1209287941455841	n/a	0.3265310823917389	-0.028819484636187553	0.520607590675354	0.005642151925712824	0.22534190118312836	0.12948711216449738	-0.1727449595928192	0.20458656549453735	0.005864936392754316	0.08310064673423767	-0.036398228257894516	-0.13850779831409454	0.4528244137763977	n/a	0.6048800945281982	-0.028663279488682747	0.3612852990627289	0.7092574834823608	0.31525614857673645	0.08391962200403214	0.8155027627944946	0.8661680817604065	0.37505969405174255	0.6410669088363647	0.3497229516506195	0.5554055571556091	0.43721017241477966	0.11091926693916321	n/a	n/a	n/a	n/a	-0.09349880367517471	n/a	n/a	n/a	n/a	0.20132477581501007	n/a	-0.127868190407753	0.050063300877809525	0.31936395168304443	n/a	n/a	-0.08263452351093292	0.05775213986635208	n/a	n/a	0.1844245195388794	0.09441583603620529	-0.1647862195968628	0.18269728124141693	0.45171430706977844	0.13533729314804077	-0.28992760181427	-0.31384775042533875	0.24342891573905945	-0.027952641248703003	0.09415676444768906	0.33560851216316223	-0.08126197010278702	0.13467846810817719	-0.07098128646612167	n/a	0.40740323066711426	-0.056836601346731186	0.12623277306556702	-0.4203987419605255	-0.396396279335022	-0.45069998502731323	-0.1944761574268341	-0.27591750025749207	0.5009967088699341	-0.020870648324489594	0.34165388345718384	-0.16641737520694733	-0.16283166408538818	0.19225402176380157	-0.40589720010757446	0.2782745659351349	0.1186533123254776	-0.38382402062416077	-0.19714201986789703	-0.3569362759590149	-0.10593068599700928	0.052778229117393494	0.03660234063863754	-0.18821501731872559	0.025389350950717926	0.06719209998846054	-0.42339685559272766	0.3652176856994629	0.05361832678318024	0.31011292338371277	0.5975138545036316	0.040580134838819504	0.27118897438049316	-0.16015394032001495	0.2367527037858963	-0.21546858549118042	0.15835176408290863	0.5962477326393127	-0.17252930998802185	0.03511924669146538	0.08151689916849136	-0.1683419644832611	-0.17752708494663239	-0.08965445309877396	0.28686147928237915	-0.10563541203737259	0.4276036024093628	0.04438139870762825	0.19136691093444824	-0.08169299364089966	0.18902067840099335	0.05429742857813835	-0.17468425631523132	-0.20663516223430634	-0.27002957463264465	-0.37018707394599915	-0.30347517132759094	-0.31789231300354004
LH_Vis_4	-0.09484735876321793	0.647093653678894	0.1969200074672699	1.0	0.569657027721405	0.03488307073712349	0.09314510226249695	0.45453566312789917	-0.07693742215633392	-0.3952704966068268	0.2137479931116104	0.04621898755431175	-0.025959119200706482	n/a	n/a	0.047816094011068344	0.11041497439146042	n/a	n/a	n/a	n/a	-0.44891655445098877	n/a	0.19303546845912933	-0.6070733666419983	-0.43232405185699463	-0.11325640976428986	-0.08837636560201645	0.4124290347099304	n/a	0.17914973199367523	0.15504425764083862	0.13414858281612396	n/a	-0.41088491678237915	-0.4337412714958191	0.37205374240875244	0.4722452461719513	0.24182400107383728	0.00043773590005002916	-0.5780415534973145	-0.059038352221250534	0.2540754973888397	0.10961682349443436	0.42448627948760986	0.10366984456777573	-0.33535346388816833	n/a	-0.05717236548662186	0.08239550143480301	0.018313713371753693	0.5152580738067627	0.227531298995018	0.9168096780776978	0.3488086462020874	-0.12381070852279663	0.3748301863670349	0.3359065651893616	-0.44374820590019226	0.11120472103357315	0.033788807690143585	0.37844496965408325	n/a	n/a	n/a	n/a	-0.6740294098854065	n/a	n/a	n/a	n/a	-0.40487924218177795	n/a	0.20449022948741913	0.1574006825685501	-0.5539282560348511	n/a	n/a	0.17261585593223572	0.32194283604621887	n/a	n/a	0.3369467556476593	-0.37636762857437134	-0.11202526837587357	-0.261172354221344	0.15641331672668457	-0.1630873680114746	-0.4478749632835388	-0.5610135197639465	0.04491569474339485	-0.06729566305875778	0.12140320986509323	-0.1069246158003807	-0.0621408112347126	0.1232244148850441	0.0663185864686966	n/a	-0.07836286723613739	0.04574364051222801	-0.09505040943622589	0.16012611985206604	0.18376170098781586	0.18729060888290405	-0.02647705376148224	-0.04572301357984543	0.1024942472577095	-0.285688191652298	-0.14593423902988434	-0.27345967292785645	0.0621260404586792	-0.4143090546131134	-0.4852445423603058	-0.05954155698418617	0.040680255740880966	0.32065045833587646	-0.03184895217418671	0.1711186021566391	0.16065549850463867	-0.08599883317947388	0.019184917211532593	-0.010307553224265575	-0.4141974151134491	-0.38296350836753845	-0.06907956302165985	0.4219193458557129	-0.48212534189224243	0.05653119832277298	0.31157511472702026	-0.15349668264389038	0.04421421140432358	0.3759562075138092	0.1215047612786293	0.2966579794883728	-0.2674437165260315	0.15930777788162231	-0.11206004023551941	-0.10704834014177322	0.04373656213283539	-0.19501370191574097	0.3426959216594696	0.27058154344558716	0.28927135467529297	-0.011605466715991497	0.14700272679328918	0.21186460554599762	0.5015354156494141	0.4482492208480835	0.5533487200737	0.3407154679298401	0.4810045659542084	0.3955811858177185	0.4205111265182495	0.40102991461753845	0.44845184683799744	0.5798770785331726
LH_Vis_5	0.45185354351997375	0.9243454933166504	0.7647554874420166	0.569657027721405	1.0	0.6529945135116577	0.37922975420951843	0.8149987459182739	0.621859073638916	-0.014636954292654991	0.33235061168670654	0.35764575004577637	0.09593068808317184	n/a	n/a	0.30299073457717896	0.41077128052711487	n/a	n/a	n/a	n/a	-0.055414311587810516	n/a	-0.24660912156105042	-0.3476543724536896	0.11598379909992218	-0.2733331620693207	0.39959099888801575	0.43945807218551636	n/a	0.20331503450870514	0.24299238622188568	0.23836149275302887	n/a	0.21998563408851624	0.005356335546821356	0.6364629864692688	0.2856999933719635	0.30476874113082886	0.026291891932487488	-0.33083614706993103	0.17991675436496735	0.14217588305473328	0.22874875366687775	0.20888838171958923	-0.026825159788131714	0.3981053829193115	n/a	0.5165396928787231	-0.0542776882648468	0.26816222071647644	0.7877972722053528	0.38753774762153625	0.5517827272415161	0.8872135281562805	0.5645266175270081	0.6011345386505127	0.8648433685302734	0.13693347573280334	0.5328369140625	0.27900972962379456	0.025568552315235138	n/a	n/a	n/a	n/a	-0.24520912766456604	n/a	n/a	n/a	n/a	0.03333211690187454	n/a	-0.11608375608921051	0.16364826261997223	-0.040854696184396744	n/a	n/a	0.07726779580116272	0.2894657552242279	n/a	n/a	0.38836562633514404	0.016161350533366203	-0.21074524521827698	0.2371966540813446	0.6126863956451416	0.17539028823375702	-0.3472868800163269	-0.3981800377368927	0.3637608587741852	0.14491204917430878	0.20763014256954193	0.35536453127861023	-0.08613119274377823	0.3053949773311615	-0.008316167630255222	n/a	0.4028762876987457	-0.13446731865406036	0.08113205432891846	-0.2342747300863266	-0.08016596734523773	-0.08371692150831223	0.06459593772888184	-0.15964719653129578	0.588106095790863	0.07775162160396576	0.11413237452507019	-0.11918792873620987	0.10530884563922882	0.012075981125235558	-0.628746747970581	0.08223237842321396	0.11366360634565353	-0.13237470388412476	-0.10222624242305756	-0.23074612021446228	-0.04591802880167961	0.09987163543701172	0.21959124505519867	-0.02325117588043213	-0.09913641959428787	-0.2292666882276535	-0.25675737857818604	0.4067765474319458	-0.2713366448879242	0.2880650758743286	0.6634020209312439	0.10276137292385101	0.2653346061706543	0.14383451640605927	0.3906593322753906	-0.08155830204486847	0.13656260073184967	0.653343915939331	-0.06486751139163971	0.24416182935237885	0.08109374344348907	-0.23322232067584991	-0.009753730148077011	0.11533887684345245	0.46050843596458435	-0.01427651010453701	0.47610601782798767	0.15234090387821198	0.3578726351261139	0.2168440967798233	0.3582707643508911	0.0975596234202385	0.10425351560115814	-0.021424056962132454	0.055447738617658615	-0.056003421545028687	-0.05174809694290161	0.013618106953799725
LH_Vis_6	0.6308929920196533	0.652941107749939	0.9590876698493958	0.03488307073712349	0.6529945135116577	1.0	0.47637811303138733	0.6430438756942749	0.8517296314239502	0.21115268766880035	0.40567290782928467	0.4282014071941376	0.100445955991745	n/a	n/a	0.42564764618873596	0.2863563299179077	n/a	n/a	n/a	n/a	0.19066746532917023	n/a	-0.13305997848510742	0.027185702696442604	0.4781445860862732	-0.194203719496727	0.45907485485076904	0.1123521625995636	n/a	-0.0695633813738823	0.04996044933795929	0.12592633068561554	n/a	0.3550669848918915	0.024265972897410393	0.4070034325122833	-0.06478691846132278	0.1982484608888626	0.14234492182731628	-0.08359980583190918	0.12665711343288422	-0.08963903784751892	0.03401621803641319	-0.13817015290260315	-0.18919789791107178	0.5003511905670166	n/a	0.6228619813919067	0.008630615659058094	0.3539940118789673	0.6330084204673767	0.29768702387809753	-0.06244131177663803	0.787597119808197	0.9209856986999512	0.30356916785240173	0.6123975515365601	0.4114857316017151	0.5579142570495605	0.46547070145606995	0.0551360547542572	n/a	n/a	n/a	n/a	0.005716336891055107	n/a	n/a	n/a	n/a	0.23626093566417694	n/a	-0.1343749761581421	0.06048698350787163	0.39166662096977234	n/a	n/a	-0.1883586049079895	-0.04373553767800331	n/a	n/a	0.04675113409757614	0.10006272792816162	-0.18138955533504486	0.1998469978570938	0.4370022714138031	0.12263511121273041	-0.25581830739974976	-0.24621501564979553	0.1877375841140747	0.018552998080849648	0.06353352218866348	0.2588036060333252	-0.17673836648464203	0.047537658363580704	-0.1580016016960144	n/a	0.41309770941734314	-0.0668821781873703	0.07357501238584518	-0.4820059537887573	-0.37653011083602905	-0.47536274790763855	-0.16152143478393555	-0.38528984785079956	0.4423893988132477	-0.031086960807442665	0.33861416578292847	-0.09779489040374756	-0.1704426109790802	0.29210877418518066	-0.30145615339279175	0.32681405544281006	0.05287691950798035	-0.4842587113380432	-0.1760539710521698	-0.3825695514678955	-0.20201656222343445	0.013321714475750923	-0.0208396278321743	-0.28897517919540405	0.07173053920269012	0.2327853888273239	-0.45098167657852173	0.3484910726547241	0.14451660215854645	0.2636672258377075	0.5478265881538391	0.042249895632267	0.2383517175912857	-0.20770248770713806	0.20215848088264465	-0.23720486462116241	0.20320403575897217	0.5502821207046509	-0.17673571407794952	0.017382308840751648	0.0014463247498497367	-0.17381547391414642	-0.21903370320796967	-0.23103700578212738	0.27940335869789124	-0.13957008719444275	0.41828855872154236	0.04261641949415207	0.13421332836151123	-0.1899755597114563	0.1398073434829712	0.017226675525307655	-0.2631879448890686	-0.270955353975296	-0.3441949784755707	-0.42162349820137024	-0.37443533539772034	-0.40302854776382446
LH_Vis_7	0.5806183218955994	0.4860006868839264	0.4756351709365845	0.09314510226249695	0.37922975420951843	0.47637811303138733	1.0	0.7937052845954895	0.5207221508026123	0.11651121079921722	0.1886109560728073	-0.055488452315330505	0.16761992871761322	n/a	n/a	0.8790349364280701	0.4933779835700989	n/a	n/a	n/a	n/a	0.45473992824554443	n/a	-0.23541554808616638	-0.0980866551399231	0.15838374197483063	-0.0057753282599151134	0.36402416229248047	0.33945804834365845	n/a	0.22676792740821838	0.28964751958847046	-0.08442070335149765	n/a	0.37768498063087463	-0.025102324783802032	0.20878247916698456	-0.018597297370433807	-0.021402424201369286	0.11269478499889374	-0.12945018708705902	0.4033871293067932	0.014176641590893269	0.16479119658470154	-0.16932906210422516	0.008729695342481136	0.4659355580806732	n/a	0.58946293592453	-0.230158731341362	0.7359856963157654	0.6704443097114563	0.7819370627403259	0.10386694967746735	0.5026664733886719	0.6392317414283752	0.7212703824043274	0.4411608874797821	0.10122958570718765	0.4129709005355835	0.027250001206994057	0.006948811933398247	n/a	n/a	n/a	n/a	0.3681347370147705	n/a	n/a	n/a	n/a	0.626974880695343	n/a	0.008536077104508877	0.12958821654319763	0.15762203931808472	n/a	n/a	0.2228405475616455	0.1737924963235855	n/a	n/a	0.04797959700226784	0.5588108897209167	-0.003868898842483759	0.5680263638496399	0.38669800758361816	0.11730240285396576	-0.2315458208322525	-0.40279093384742737	0.0036574918776750565	-0.1876135766506195	-0.18351830542087555	0.33141058683395386	0.05867450684309006	0.12638312578201294	-0.11754706501960754	n/a	0.5142470598220825	-0.04404306039214134	0.3574499785900116	-0.09122466295957565	-0.10664232820272446	-0.3753666877746582	-0.28723761439323425	-0.018582556396722794	0.29429471492767334	0.0936686247587204	-0.0010633645579218864	0.2882515788078308	-0.15914452075958252	0.3112010359764099	-0.12470980733633041	0.20621022582054138	0.3300471603870392	-0.08663555979728699	-0.3160321116447449	-0.2526259422302246	-0.21133610606193542	-0.07314186543226242	-0.008038860745728016	-0.3216380774974823	-0.16814914345741272	-0.1479153037071228	-0.24732832610607147	0.043429043143987656	0.21178801357746124	0.34140872955322266	0.4316374361515045	-0.12237522751092911	0.12882663309574127	-0.022335363551974297	0.3174186050891876	-0.04667837917804718	0.25535348057746887	0.6900243163108826	0.09395967423915863	0.028393426910042763	0.3817565441131592	0.16809925436973572	-0.0727928951382637	-0.08343248814344406	0.07713840156793594	0.10608874261379242	0.21330103278160095	0.22705461084842682	-0.10241421312093735	-0.2898591458797455	0.18939682841300964	0.06497348845005035	-0.10949966311454773	-0.28416210412979126	-0.052363116294145584	-0.2907809913158417	-0.35087850689888	-0.3117949664592743
LH_Vis_8	0.5809487700462341	0.8481433987617493	0.7173807621002197	0.45453566312789917	0.8149987459182739	0.6430438756942749	0.7937052845954895	1.0	0.6857972741127014	-0.0115963751450181	0.3007170557975769	0.150714710354805	0.16855178773403168	n/a	n/a	0.7064206600189209	0.4502568542957306	n/a	n/a	n/a	n/a	0.2049565613269806	n/a	-0.31576773524284363	-0.3488364815711975	0.07402338832616806	-0.19002091884613037	0.4045054018497467	0.39978113770484924	n/a	0.2351236343383789	0.3103344738483429	0.09055028855800629	n/a	0.32001036405563354	0.0020013349130749702	0.45939087867736816	0.20459282398223877	0.1873936504125595	0.09821242094039917	-0.23792216181755066	0.348565936088562	0.13945607841014862	0.24511376023292542	0.024977313354611397	0.0030353956390172243	0.4616081714630127	n/a	0.6253412961959839	-0.17971837520599365	0.6022697687149048	0.9145105481147766	0.7421091198921204	0.4399719536304474	0.8200523853302002	0.6988142728805542	0.8621734380722046	0.8037233352661133	0.05542812868952751	0.5272193551063538	0.15945352613925934	-0.0036515607498586178	n/a	n/a	n/a	n/a	0.06849443912506104	n/a	n/a	n/a	n/a	0.37874531745910645	n/a	-0.10055845230817795	0.07452286034822464	0.006482307333499193	n/a	n/a	0.14910687506198883	0.30069854855537415	n/a	n/a	0.2778629660606384	0.32875049114227295	-0.15743333101272583	0.4646618068218231	0.48974141478538513	0.1429523080587387	-0.3134791851043701	-0.44497472047805786	0.22512660920619965	-0.01827073283493519	0.020085737109184265	0.41766291856765747	0.0057711172848939896	0.28645646572113037	-0.06558007746934891	n/a	0.5316072106361389	-0.08770476281642914	0.27739569544792175	-0.10383492708206177	-0.10526511818170547	-0.194722518324852	-0.10955934971570969	-0.07199379056692123	0.5251151919364929	0.06405792385339737	0.04498835653066635	0.06506787985563278	-0.057902030646800995	0.15974603593349457	-0.4644032418727875	0.1825983226299286	0.2941191792488098	-0.04494178667664528	-0.21055951714515686	-0.1894216388463974	-0.0828152522444725	-0.0172452162951231	0.10664134472608566	-0.18829882144927979	-0.18008652329444885	-0.25976479053497314	-0.23765769600868225	0.2863554358482361	-0.07573127001523972	0.3985542953014374	0.6205121278762817	-0.057146500796079636	0.21146667003631592	0.10753195732831955	0.3391055762767792	-0.0740833729505539	0.21687756478786469	0.7747759819030762	0.04931555315852165	0.12164448946714401	0.25530049204826355	-0.0549217127263546	-0.025376377627253532	0.021024692803621292	0.29916658997535706	0.051946770399808884	0.43669620156288147	0.29030516743659973	0.21200430393218994	0.042805422097444534	0.40341368317604065	0.12444626539945602	0.04138574004173279	-0.13397052884101868	0.042688217014074326	-0.16752754151821136	-0.20578846335411072	-0.13762708008289337
LH_Vis_9	0.5350216031074524	0.5791260004043579	0.8104906678199768	-0.07693742215633392	0.621859073638916	0.8517296314239502	0.5207221508026123	0.6857972741127014	1.0	0.11123745888471603	0.20784825086593628	0.27042728662490845	0.34886306524276733	n/a	n/a	0.4737803041934967	0.3194361627101898	n/a	n/a	n/a	n/a	0.3788643777370453	n/a	-0.5232023000717163	-0.044358156621456146	0.41171956062316895	-0.3389880061149597	0.4215701222419739	0.003169442294165492	n/a	-0.06691732257604599	-0.012755176983773708	0.08358754962682724	n/a	0.550442099571228	0.3501221835613251	0.3416239619255066	-0.1465177983045578	0.16706953942775726	0.10235877335071564	0.0652533769607544	0.20049190521240234	-0.08574608713388443	0.004839940462261438	-0.2661873400211334	-0.3055415749549866	0.6876416802406311	n/a	0.5852910876274109	-0.3129330277442932	0.33111369609832764	0.6278821229934692	0.4676561951637268	-0.08361811935901642	0.7465913891792297	0.9164788722991943	0.5538092255592346	0.7337994575500488	0.3634793162345886	0.4354507625102997	0.31006526947021484	-0.3017328679561615	n/a	n/a	n/a	n/a	0.2971522808074951	n/a	n/a	n/a	n/a	0.4270969033241272	n/a	-0.499583899974823	-0.052095528692007065	0.4119413495063782	n/a	n/a	-0.22810779511928558	-0.12884168326854706	n/a	n/a	-0.020029522478580475	0.2770070731639862	-0.3149774968624115	0.43017882108688354	0.48441991209983826	0.07694128900766373	-0.11457011848688126	-0.0708073303103447	0.189870223402977	0.0785655602812767	0.006827379576861858	0.3478121757507324	-0.1196155846118927	0.0697997659444809	-0.2852947413921356	n/a	0.4335668981075287	-0.2903096377849579	0.14388585090637207	-0.3932726979255676	-0.47131842374801636	-0.41780394315719604	-0.1311185508966446	-0.18136978149414062	0.4423312246799469	0.10295306146144867	0.2437129020690918	-0.030981415882706642	-0.252707839012146	0.37636077404022217	-0.3409026265144348	0.22908726334571838	0.0349445678293705	-0.44181230664253235	-0.15489462018013	-0.28742745518684387	-0.17638777196407318	0.08438701182603836	-0.007519391365349293	-0.32861533761024475	0.17983965575695038	0.13840962946414948	-0.37389522790908813	0.03214957192540169	0.04680526629090309	0.22932590544223785	0.42255327105522156	0.027443278580904007	0.12154190242290497	-0.22516869008541107	0.1269945651292801	-0.31987208127975464	0.3086433410644531	0.593524158000946	-0.08868499100208282	0.13232749700546265	0.02000083029270172	-0.2979343831539154	-0.25128865242004395	-0.2989639937877655	0.11003521084785461	-0.16790209710597992	0.33365967869758606	-0.03508998826146126	-0.02618866227567196	-0.218295618891716	0.06443993747234344	-0.04583486542105675	-0.23550662398338318	-0.2837204933166504	-0.29462093114852905	-0.3403201401233673	-0.3683313727378845	-0.4496336877346039
LH_SomMot_1	0.452614963054657	-0.18954671919345856	0.13728374242782593	-0.3952704966068268	-0.014636954292654991	0.21115268766880035	0.11651121079921722	-0.0115963751450181	0.11123745888471603	1.0	0.40337127447128296	0.4484866261482239	-0.05367448925971985	n/a	n/a	0.15337440371513367	-0.0212546456605196	n/a	n/a	n/a	n/a	0.4236152172088623	n/a	0.1355230063199997	0.4530859589576721	0.47289738059043884	0.15357723832130432	0.33443692326545715	-0.1388026773929596	n/a	0.1879522055387497	0.26224708557128906	0.29410821199417114	n/a	0.5276995301246643	0.1378980576992035	0.14535793662071228	0.046739429235458374	0.04613363742828369	0.3955911695957184	0.2281953990459442	0.200068861246109	0.19992780685424805	0.20527921617031097	-0.03133668377995491	0.08398502320051193	0.3553501069545746	n/a	0.29513293504714966	0.08364773541688919	0.31750187277793884	-0.05827705189585686	-0.05936294421553612	-0.4474186897277832	-0.018508944660425186	0.1950358897447586	-0.0632542222738266	0.02729508839547634	0.8564918041229248	0.3748144507408142	0.33729514479637146	-0.10749612003564835	n/a	n/a	n/a	n/a	0.30100366473197937	n/a	n/a	n/a	n/a	0.30153346061706543	n/a	0.17928871512413025	-0.019483083859086037	0.4738484025001526	n/a	n/a	0.06806652247905731	0.10233945399522781	n/a	n/a	0.045451413840055466	0.32760632038116455	0.053000885993242264	0.1823386549949646	0.18889370560646057	0.321462482213974	0.1883365511894226	0.25789764523506165	0.3431023061275482	0.28422826528549194	0.15871918201446533	0.20764979720115662	0.15465982258319855	0.1998022049665451	0.08252886682748795	n/a	0.2453078329563141	0.04823639243841171	0.45054930448532104	0.07828798145055771	-0.06822829693555832	0.14298109710216522	0.011603015474975109	-0.07665885984897614	-0.09992148727178574	0.22144244611263275	-0.06998449563980103	0.40795573592185974	0.17979055643081665	0.07275065034627914	0.07880716025829315	-0.10344839096069336	0.4580918848514557	-0.028382275253534317	0.18961726129055023	-0.13308796286582947	-0.21088555455207825	0.22411400079727173	0.3276853561401367	0.258291095495224	0.2211068868637085	0.18740972876548767	0.22504697740077972	-0.020372888073325157	0.39162319898605347	0.0801752582192421	0.18941166996955872	0.20834973454475403	0.4939713180065155	0.11687815934419632	0.386239230632782	-0.04137056693434715	0.4668417274951935	0.16647274792194366	-0.02649741806089878	0.4453067481517792	0.032406412065029144	0.41747167706489563	-0.09647543728351593	0.029969239607453346	0.3236296474933624	-0.11212155967950821	0.3267515301704407	0.08307662606239319	0.04133163392543793	0.04286843538284302	-0.2921023666858673	-0.22817257046699524	-0.5120947957038879	-0.3769543170928955	-0.5149359107017517	-0.5581405162811279	-0.5382922291755676	-0.5597119331359863
LH_SomMot_2	0.38258448243141174	0.37074005603790283	0.3883295953273773	0.2137479931116104	0.33235061168670654	0.40567290782928467	0.1886109560728073	0.3007170557975769	0.20784825086593628	0.40337127447128296	1.0	0.7006054520606995	0.12639769911766052	n/a	n/a	0.312186062335968	0.10035929083824158	n/a	n/a	n/a	n/a	0.02695605158805847	n/a	0.3091653287410736	-0.13537855446338654	0.19287382066249847	0.18412981927394867	0.3581089377403259	0.054354213178157806	n/a	0.1700500100851059	0.22112084925174713	0.46966829895973206	n/a	0.21787554025650024	-0.14005771279335022	0.2974008619785309	0.41283518075942993	0.3786800503730774	0.32922297716140747	0.029190924018621445	-0.03909984603524208	0.3940453827381134	0.33058926463127136	0.29784998297691345	0.16762007772922516	0.1378820389509201	n/a	0.4214814603328705	0.3486771583557129	0.44146373867988586	0.4678610563278198	0.24522057175636292	0.16849152743816376	0.4625142812728882	0.2826346457004547	0.17217931151390076	0.36526888608932495	0.40158119797706604	0.7108274102210999	0.7035370469093323	0.39476919174194336	n/a	n/a	n/a	n/a	-0.1650121510028839	n/a	n/a	n/a	n/a	0.02109978348016739	n/a	0.16438956558704376	0.2499939501285553	0.061602652072906494	n/a	n/a	0.0861397460103035	0.23532716929912567	n/a	n/a	0.33443549275398254	0.1129785105586052	0.17397953569889069	0.05536992847919464	0.15117937326431274	0.11525704711675644	-0.12630470097064972	-0.1666269600391388	0.38440588116645813	-0.06936123967170715	0.1954871267080307	0.12625275552272797	-0.12004200369119644	0.29144173860549927	0.1447579562664032	n/a	0.3408221900463104	0.2723587453365326	0.21119606494903564	0.09619845449924469	0.21285350620746613	0.1527400016784668	0.08939363062381744	-0.32424238324165344	0.22886720299720764	0.13512857258319855	0.04354361817240715	-0.06959417462348938	-0.02730184607207775	-0.1300712376832962	-0.2637670934200287	0.22209954261779785	0.24312815070152283	-0.0019379697041586041	0.31005245447158813	-0.022473953664302826	0.03970351815223694	0.14623235166072845	0.015877366065979004	0.15638525784015656	-0.36272960901260376	0.1392069160938263	-0.22029553353786469	0.5762051939964294	-0.055540576577186584	-0.011080722324550152	0.6362526416778564	-0.14482823014259338	0.32081443071365356	0.2951772212982178	0.3600250780582428	0.08446335047483444	-0.01723211072385311	0.36913028359413147	0.12471503019332886	0.16047319769859314	0.11474336683750153	-0.001918834401294589	0.33411940932273865	0.21703548729419708	0.5918574929237366	-0.009417634457349777	0.6320191025733948	0.4330533444881439	0.651030421257019	0.48404425382614136	0.4215152859687805	0.22897765040397644	0.11638423055410385	0.15866366028785706	0.056796927005052567	0.060445960611104965	0.09393317997455597	0.08976157009601593
LH_SomMot_3	0.24476255476474762	0.2604656517505646	0.43371182680130005	0.04621898755431175	0.35764575004577637	0.4282014071941376	-0.055488452315330505	0.150714710354805	0.27042728662490845	0.4484866261482239	0.7006054520606995	1.0	-0.023115631192922592	n/a	n/a	0.04155729338526726	0.08882836252450943	n/a	n/a	n/a	n/a	0.19303950667381287	n/a	0.19765731692314148	0.04198909178376198	0.5311158895492554	0.148323193192482	0.365945965051651	-0.044479988515377045	n/a	0.2495223730802536	0.20588234066963196	0.5753511190414429	n/a	0.3807232677936554	-0.013219192624092102	0.34925341606140137	0.4529591500759125	0.6141507625579834	0.4965636134147644	0.04981640726327896	0.1124725341796875	0.5195066928863525	0.2854246199131012	0.345376193523407	0.17048686742782593	0.2651294469833374	n/a	0.30714863538742065	0.2757311463356018	0.15315642952919006	0.28179270029067993	-0.016368336975574493	0.05615275725722313	0.38326331973075867	0.24409809708595276	0.008507165126502514	0.41132259368896484	0.5782918334007263	0.5788758993148804	0.8273754715919495	0.22319380939006805	n/a	n/a	n/a	n/a	-0.2363577038049698	n/a	n/a	n/a	n/a	0.06773992627859116	n/a	0.10356026887893677	0.38135671615600586	0.33433759212493896	n/a	n/a	0.07441148906946182	0.23255154490470886	n/a	n/a	0.4602665603160858	0.10229118168354034	0.23617427051067352	0.06576734781265259	0.32787513732910156	0.30404093861579895	-0.10617464035749435	-0.046637166291475296	0.5656449794769287	0.060225311666727066	0.550396740436554	0.37092748284339905	0.17819631099700928	0.3491896688938141	0.3010161221027374	n/a	0.2455163151025772	0.14367146790027618	0.16007551550865173	-0.020544998347759247	-0.05943385139107704	0.153077632188797	0.3308565020561218	-0.17110247910022736	0.33135369420051575	0.17327554523944855	0.29808059334754944	-0.03082207404077053	-0.02720625326037407	0.008789746090769768	-0.40007755160331726	0.2903624475002289	0.22397232055664062	-0.09573742747306824	0.3185693025588989	-0.09572815150022507	0.2793813645839691	0.28706279397010803	-0.05818146839737892	0.44582200050354004	-0.16013595461845398	0.29417380690574646	-0.11325064301490784	0.40932098031044006	-0.27517998218536377	-0.014293736778199673	0.4890134930610657	0.15672636032104492	0.5273791551589966	0.14443103969097137	0.35091471672058105	-0.07613355666399002	-0.08347802609205246	0.31450358033180237	0.0054831113666296005	0.33589038252830505	-0.05125337094068527	-0.01136893592774868	0.18812325596809387	0.24179820716381073	0.6032935976982117	0.008594105020165443	0.6143963932991028	0.12404663115739822	0.5823273658752441	0.4888640344142914	0.2534322440624237	0.24766093492507935	0.12582094967365265	0.19278185069561005	0.0380617156624794	0.011466654017567635	0.06020639091730118	0.0367087796330452
LH_SomMot_4	-0.019370075315237045	0.09796105325222015	0.041343752294778824	-0.025959119200706482	0.09593068808317184	0.100445955991745	0.16761992871761322	0.16855178773403168	0.34886306524276733	-0.05367448925971985	0.12639769911766052	-0.023115631192922592	1.0	n/a	n/a	0.07254265993833542	0.06303893774747849	n/a	n/a	n/a	n/a	-0.06657878309488297	n/a	-0.4595901370048523	-0.04350622743368149	-0.06276156008243561	-0.16337335109710693	0.16930405795574188	-0.15178176760673523	n/a	-0.410262793302536	-0.34248295426368713	-0.2555162012577057	n/a	0.05622941628098488	0.3066883087158203	0.02388090081512928	-0.3172822892665863	-0.20185412466526031	-0.1445414125919342	0.15423202514648438	-0.2445712834596634	-0.3257341682910919	-0.26913124322891235	-0.23811066150665283	-0.33220991492271423	0.17419947683811188	n/a	0.0548156201839447	-0.2976696193218231	-0.12943929433822632	0.12212223559617996	0.1842021942138672	-0.03627946600317955	0.2187723070383072	0.22151687741279602	0.24631379544734955	0.21340203285217285	0.06423690915107727	0.13282032310962677	0.17555907368659973	-0.20110073685646057	n/a	n/a	n/a	n/a	0.26473766565322876	n/a	n/a	n/a	n/a	0.0016933550359681249	n/a	-0.5704255700111389	-0.016941111534833908	0.2377893626689911	n/a	n/a	-0.38639628887176514	-0.4491172134876251	n/a	n/a	-0.21143315732479095	-0.06409338861703873	-0.16314035654067993	0.13605934381484985	0.2224307358264923	-0.1413566768169403	0.004170625936239958	0.007606258150190115	-0.29715222120285034	-0.13336853682994843	-0.36580976843833923	-0.35129496455192566	-0.4628666639328003	-0.25665390491485596	-0.43777284026145935	n/a	0.017141804099082947	-0.32791438698768616	-0.08633139729499817	-0.0953444316983223	-0.2895910441875458	-0.13140825927257538	-0.00910997949540615	-0.028496457263827324	-0.005494854878634214	-0.27846044301986694	0.22528116405010223	-0.13381752371788025	-0.007244867738336325	0.34940293431282043	-0.046260710805654526	-0.036197811365127563	-0.2155141681432724	-0.15489819645881653	-0.2041550874710083	0.02742197923362255	-0.2299008071422577	0.3158552646636963	-0.022929074242711067	-0.35634830594062805	0.16093944013118744	-0.03736573085188866	-0.32315492630004883	-0.07895128428936005	0.10171323269605637	0.07971374690532684	0.11662617325782776	-0.2587279677391052	-0.36952462792396545	0.17603395879268646	-0.18002687394618988	0.26873740553855896	0.23124787211418152	0.28994154930114746	0.2045338749885559	-0.17651784420013428	0.06684983521699905	-0.21182198822498322	0.34896010160446167	-0.21215498447418213	-0.06636839359998703	0.030591167509555817	-0.007816371507942677	0.05965998023748398	0.15420329570770264	-0.051366958767175674	0.1030241847038269	0.07415840029716492	0.06680085510015488	0.06738954037427902	0.016126124188303947	0.23653487861156464	0.13054105639457703	0.02625219151377678
LH_SomMot_5	n/a	n/a	n/a	n/a	n/a	n/a	n/a	n/a	n/a	n/a	n/a	n/a	n/a	1.0	n/a	n/a	n/a	n/a	n/a	n/a	n/a	n/a	n/a	n/a	n/a	n/a	n/a	n/a	n/a	n/a	n/a	n/a	n/a	n/a	n/a	n/a	n/a	n/a	n/a	n/a	n/a	n/a	n/a	n/a	n/a	n/a	n/a	n/a	n/a	n/a	n/a	n/a	n/a	n/a	n/a	n/a	n/a	n/a	n/a	n/a	n/a	n/a	n/a	n/a	n/a	n/a	n/a	n/a	n/a	n/a	n/a	n/a	n/a	n/a	n/a	n/a	n/a	n/a	n/a	n/a	n/a	n/a	n/a	n/a	n/a	n/a	n/a	n/a	n/a	n/a	n/a	n/a	n/a	n/a	n/a	n/a	n/a	n/a	n/a	n/a	n/a	n/a	n/a	n/a	n/a	n/a	n/a	n/a	n/a	n/a	n/a	n/a	n/a	n/a	n/a	n/a	n/a	n/a	n/a	n/a	n/a	n/a	n/a	n/a	n/a	n/a	n/a	n/a	n/a	n/a	n/a	n/a	n/a	n/a	n/a	n/a	n/a	n/a	n/a	n/a	n/a	n/a	n/a	n/a	n/a	n/a	n/a	n/a	n/a	n/a	n/a	n/a	n/a	n/a	n/a	n/a
LH_SomMot_6	n/a	n/a	n/a	n/a	n/a	n/a	n/a	n/a	n/a	n/a	n/a	n/a	n/a	n/a	1.0	n/a	n/a	n/a	n/a	n/a	n/a	n/a	n/a	n/a	n/a	n/a	n/a	n/a	n/a	n/a	n/a	n/a	n/a	n/a	n/a	n/a	n/a	n/a	n/a	n/a	n/a	n/a	n/a	n/a	n/a	n/a	n/a	n/a	n/a	n/a	n/a	n/a	n/a	n/a	n/a	n/a	n/a	n/a	n/a	n/a	n/a	n/a	n/a	n/a	n/a	n/a	n/a	n/a	n/a	n/a	n/a	n/a	n/a	n/a	n/a	n/a	n/a	n/a	n/a	n/a	n/a	n/a	n/a	n/a	n/a	n/a	n/a	n/a	n/a	n/a	n/a	n/a	n/a	n/a	n/a	n/a	n/a	n/a	n/a	n/a	n/a	n/a	n/a	n/a	n/a	n/a	n/a	n/a	n/a	n/a	n/a	n/a	n/a	n/a	n/a	n/a	n/a	n/a	n/a	n/a	n/a	n/a	n/a	n/a	n/a	n/a	n/a	n/a	n/a	n/a	n/a	n/a	n/a	n/a	n/a	n/a	n/a	n/a	n/a	n/a	n/a	n/a	n/a	n/a	n/a	n/a	n/a	n/a	n/a	n/a	n/a	n/a	n/a	n/a	n/a	n/a
