Node	DMN_LABEL_1	Vis_LABEL_2	FP_LABEL_3	Aud_LABEL_4	Tpole_LABEL_5	PMN_LABEL_6	PON_LABEL_7	MTL_LABEL_8	PON_LABEL_9	CO_LABEL_10	Sal_LABEL_11	CO_LABEL_12	SMd_LABEL_13	SMl_LABEL_14	DAN_LABEL_15	DMN_LABEL_16	CO_LABEL_17	DMN_LABEL_18	VAN_LABEL_19	CO_LABEL_20	CO_LABEL_21	Sal_LABEL_22	DAN_LABEL_23	PMN_LABEL_24	DAN_LABEL_25	DMN_LABEL_26	DMN_LABEL_27	DMN_LABEL_28	Vis_LABEL_29	FP_LABEL_30	Aud_LABEL_31	Tpole_LABEL_32	PMN_LABEL_33	PON_LABEL_34	MTL_LABEL_35	CO_LABEL_36	Sal_LABEL_37	CO_LABEL_38	SMd_LABEL_39	SMl_LABEL_40	DAN_LABEL_41	CO_LABEL_42	VAN_LABEL_43	CO_LABEL_44	CO_LABEL_45	Sal_LABEL_46	DAN_LABEL_47	PMN_LABEL_48	DAN_LABEL_49	DMN_LABEL_50	FP_LABEL_51	DMN_LABEL_52	DMN_LABEL_53	PON_LABEL_54	DMN_LABEL_55	Tpole_LABEL_56	Tpole_LABEL_57	Sal_LABEL_58	Sal_LABEL_59	SMd_LABEL_60	DAN_LABEL_61	FP_LABEL_62	DMN_LABEL_63	FP_LABEL_64	FP_LABEL_65	SMd_LABEL_66	SMl_LABEL_67	SMd_LABEL_68	DMN_LABEL_69	DAN_LABEL_70	DMN_LABEL_71	FP_LABEL_72	SMd_LABEL_73	SMl_LABEL_74	MTL_LABEL_75	MTL_LABEL_76	CO_LABEL_77	CO_LABEL_78	Vis_LABEL_79	Vis_LABEL_80
DMN_LABEL_1	1.0	-0.15812170505523682	0.04271053895354271	-0.218465656042099	-0.1734677404165268	0.16890427470207214	-0.08725075423717499	n/a	-0.012745622545480728	-0.12376672774553299	-0.11034015566110611	-0.011827937327325344	-0.02585209161043167	-0.2372259795665741	-0.031023966148495674	0.5430330038070679	-0.21190990507602692	0.2889234721660614	0.08820928633213043	-0.173460453748703	-0.1353445053100586	0.0633605346083641	0.02702486515045166	0.31067076325416565	0.09123871475458145	0.29190799593925476	0.30441176891326904	0.27925214171409607	-0.0715285912156105	0.02276252582669258	-0.042807143181562424	0.06956246495246887	0.2519553601741791	0.014111901633441448	n/a	0.1110910177230835	0.09117970615625381	0.053061921149492264	-0.04024653509259224	0.015628952533006668	-0.3328555226325989	-0.11101526767015457	-0.1668650060892105	-0.14904382824897766	-0.051935821771621704	0.11134685575962067	-0.06407003849744797	0.38388916850090027	-0.32090070843696594	0.24470914900302887	-0.16722525656223297	0.06396663188934326	0.011962758377194405	0.11058217287063599	0.07641725242137909	-0.22799021005630493	-0.2839312255382538	-0.1353294551372528	-0.008062655106186867	-0.006080568302422762	0.03898874297738075	-0.0921555906534195	0.14982229471206665	0.10386664420366287	0.04740415886044502	0.008720232173800468	0.09218044579029083	-0.13039904832839966	-0.015472020022571087	0.042204637080430984	0.24618496000766754	-0.0610676109790802	0.17649662494659424	0.03331286087632179	-0.041837580502033234	-0.1220104992389679	-0.32146328687667847	-0.3652361333370209	-0.07012223452329636	-0.185098335146904
Vis_LABEL_2	-0.15812170505523682	1.0	-0.23204512894153595	-0.007194539997726679	0.0955096110701561	0.18899774551391602	0.21945792436599731	n/a	0.1374514251947403	0.0521710067987442	-0.2829199731349945	-0.2890557646751404	-0.22061972320079803	-0.0038637120742350817	-0.012658856809139252	-0.23387356102466583	0.35184064507484436	-0.10733243077993393	-0.351859986782074	0.18479955196380615	0.07209320366382599	-0.30620190501213074	-0.06278041005134583	-0.020735356956720352	0.37970811128616333	-0.0959627777338028	-0.06103580445051193	-0.31920963525772095	0.8426332473754883	-0.3924561142921448	-0.14215382933616638	-0.06456667184829712	0.21555852890014648	0.1657414436340332	n/a	-0.22795799374580383	-0.4195466935634613	-0.15653325617313385	0.1684969663619995	-0.1491471230983734	0.10055773705244064	0.2836938202381134	0.0021320427767932415	0.24349914491176605	-0.12436266988515854	-0.4317287802696228	-0.07830886542797089	-0.1518644243478775	0.5165247321128845	-0.23826247453689575	-0.15899528563022614	0.22360669076442719	-0.04083508253097534	-0.14824147522449493	-0.09593739360570908	0.229665607213974	0.22221733629703522	0.2530999481678009	-0.009843212552368641	0.47719335556030273	0.1550709307193756	0.24042484164237976	-0.19034767150878906	0.062175169587135315	0.2569665312767029	0.169434055685997	0.24588929116725922	0.10390807688236237	0.3675149381160736	0.30620241165161133	-0.10129716992378235	-0.09644216299057007	-0.06058569997549057	0.2586803734302521	0.298641562461853	0.43866103887557983	0.021776387467980385	-0.03974015265703201	0.41477951407432556	0.6522624492645264
FP_LABEL_3	0.04271053895354271	-0.23204512894153595	1.0	-0.16550250351428986	-0.10004466027021408	0.2652272880077362	-0.2551690936088562	n/a	-0.36991530656814575	-0.43428683280944824	-0.010973997414112091	-0.049100279808044434	0.06571224331855774	0.03205014020204544	0.2056000530719757	0.3631094694137573	-0.037391066551208496	0.24501989781856537	-0.0552612766623497	-0.22996853291988373	-0.2383747547864914	0.02465510554611683	-0.3029830753803253	0.30631786584854126	-0.45242395997047424	-0.06644262373447418	0.11250260472297668	-0.017416613176465034	-0.07183315604925156	0.7572554349899292	-0.10511325299739838	-0.24968355894088745	0.1475919932126999	-0.22353792190551758	n/a	-0.4340372085571289	-0.1338149607181549	-0.09223943948745728	-0.06817126274108887	-0.05841417238116264	0.026084328070282936	-0.03915446624159813	-0.18989713490009308	-0.09804074466228485	-0.3028741478919983	0.030597422271966934	-0.29914820194244385	0.19956333935260773	-0.33737730979919434	0.07695183902978897	0.14498478174209595	0.007734635844826698	0.02353055402636528	-0.22717776894569397	0.3366944193840027	-0.28754740953445435	-0.10348769277334213	0.12998785078525543	0.12093890458345413	-0.1002265065908432	-0.2976963520050049	-0.18811580538749695	0.16004373133182526	-0.12908148765563965	-0.023974960669875145	-0.14401976764202118	0.05898571386933327	-0.011326286941766739	-0.10404671728610992	-0.3428298234939575	0.07967890053987503	0.3735380470752716	0.07174862176179886	-0.08732516318559647	-0.1462184339761734	-0.17917658388614655	-0.17222952842712402	-0.18521817028522491	0.1473895013332367	-0.1838051974773407
Aud_LABEL_4	-0.218465656042099	-0.007194539997726679	-0.16550250351428986	1.0	-0.022614436224102974	-0.07369624823331833	0.06944616138935089	n/a	0.12126573175191879	0.10541460663080215	0.026019198819994926	-0.3315174877643585	0.23907320201396942	0.24852818250656128	-0.20936544239521027	-0.02134847268462181	-0.025614820420742035	-0.050599925220012665	0.1116938591003418	0.5748064517974854	-0.05983977019786835	0.16305051743984222	-0.10788072645664215	-0.04138863459229469	0.07464814931154251	-0.16674423217773438	-0.11813334375619888	-0.36332669854164124	0.1863367110490799	-0.033977311104536057	0.8973430395126343	0.11296600848436356	0.023829607293009758	-0.05345962941646576	n/a	-0.15810821950435638	0.051600921899080276	-0.37639981508255005	0.27074873447418213	0.10931932181119919	-0.1102113127708435	-0.016649357974529266	-0.08571656793355942	0.5737622976303101	-0.15914955735206604	0.005138987675309181	-0.19858472049236298	-0.03808240219950676	0.2575582265853882	-0.15898916125297546	-0.3060204088687897	-0.11063657701015472	-0.025877883657813072	-0.2328653484582901	0.01769161969423294	0.18240468204021454	0.049309417605400085	0.5101990699768066	0.2985296845436096	0.13624557852745056	-0.18827702105045319	-0.013440698385238647	-0.1384391039609909	0.015627484768629074	-0.1303471028804779	-0.011550535447895527	0.10036560148000717	0.38540610671043396	-0.14304140210151672	-0.132075697183609	-0.19220349192619324	-0.1815672516822815	0.08564034104347229	0.36845237016677856	0.4190908968448639	0.32981377840042114	0.34587857127189636	0.2529694139957428	0.0053617325611412525	0.18734171986579895
Tpole_LABEL_5	-0.1734677404165268	0.0955096110701561	-0.10004466027021408	-0.022614436224102974	1.0	0.01074005663394928	-0.329801470041275	n/a	0.15907065570354462	0.14235714077949524	-0.1267608255147934	0.03482891619205475	0.14373542368412018	-0.05162864178419113	-0.10217168927192688	0.058698706328868866	0.3096868693828583	0.47266510128974915	0.21036073565483093	0.3499733507633209	0.22844122350215912	-0.04671134799718857	-0.005486222915351391	-0.13032065331935883	0.05021735280752182	-0.06677788496017456	-0.4148159921169281	-0.23621276021003723	-0.030910419300198555	-0.3565485179424286	-0.10094013810157776	0.6766287684440613	-0.06013871729373932	-0.38231176137924194	n/a	-0.09005315601825714	-0.1519029438495636	-0.25044599175453186	-0.026293303817510605	-0.0839133933186531	-0.16836600005626678	-0.07298700511455536	0.3658677339553833	0.28501030802726746	-0.061615731567144394	-0.11073995381593704	-0.047423604875802994	-0.15887098014354706	0.041510939598083496	0.014049411751329899	-0.09133338928222656	0.12114635854959488	0.34330812096595764	0.18455462157726288	-0.22474819421768188	0.4983067810535431	0.6295254826545715	-0.17540796101093292	-0.2059779018163681	0.17681992053985596	0.11912315338850021	-0.2759671211242676	0.12605169415473938	-0.19008347392082214	-0.010166697204113007	0.23302939534187317	-0.0210264902561903	0.24035243690013885	0.028441105037927628	0.2299833595752716	0.31701526045799255	0.12701745331287384	0.24084500968456268	0.0011547304457053542	0.15019848942756653	0.15013229846954346	0.15179409086704254	0.1368979811668396	0.303415983915329	-0.05023270472884178
PMN_LABEL_6	0.16890427470207214	0.18899774551391602	0.2652272880077362	-0.07369624823331833	0.01074005663394928	1.0	0.13874705135822296	n/a	0.22673361003398895	-0.14924730360507965	-0.13713255524635315	0.051141995936632156	0.07055122405290604	-0.21989129483699799	0.22786924242973328	-0.035529982298612595	0.03499225154519081	0.1529068797826767	-0.4722122550010681	-0.19127021729946136	-0.17907007038593292	-0.3887460231781006	0.05496867373585701	0.7397871017456055	-0.1469702124595642	0.3592253625392914	0.18362489342689514	-0.40116381645202637	0.18353961408138275	0.14812864363193512	-0.004827223718166351	-0.27125027775764465	0.8689848780632019	0.05649483948945999	n/a	-0.2963119149208069	-0.17663152515888214	-0.04169800505042076	0.06399654597043991	-0.40967169404029846	0.1637033224105835	-0.12887078523635864	-0.34038564562797546	-0.11191452294588089	-0.27552565932273865	-0.3640081286430359	0.22919680178165436	0.5155128836631775	0.06854551285505295	-0.3343588709831238	0.2683240473270416	0.518679141998291	-0.12128324806690216	0.04804050177335739	0.163484126329422	0.0339420810341835	0.0011488905875012279	0.26183009147644043	0.05894094333052635	0.1599009484052658	0.047011103481054306	0.033776938915252686	-0.09105605632066727	-0.12809932231903076	0.0019044409273192286	0.07408979535102844	-0.02927418239414692	0.09500471502542496	0.05222165957093239	0.2194177359342575	0.19174209237098694	0.2548726201057434	-0.13030225038528442	0.07139673084020615	0.47203686833381653	0.3183511793613434	0.1602736860513687	0.06305934488773346	0.31942710280418396	0.020266136154532433
PON_LABEL_7	-0.08725075423717499	0.21945792436599731	-0.2551690936088562	0.06944616138935089	-0.329801470041275	0.13874705135822296	1.0	n/a	0.5179300904273987	0.08265971392393112	0.06981974095106125	0.019273923709988594	-0.18891914188861847	0.07827848196029663	0.03041871264576912	-0.2627461552619934	-0.10154158622026443	-0.2806302011013031	-0.2987503111362457	-0.21086245775222778	-0.12209083884954453	-0.17054066061973572	0.10161657631397247	0.15961332619190216	0.10611958056688309	0.5169758796691895	0.25359657406806946	-0.21528789401054382	0.149983748793602	-0.05556637793779373	0.034784529358148575	-0.3069911301136017	0.1480424851179123	0.8507139086723328	n/a	0.1586061269044876	0.09636110067367554	0.2852173447608948	-0.11490653455257416	0.11662724614143372	0.07043007016181946	0.03220883011817932	-0.22174949944019318	-0.2437460869550705	0.11318613588809967	0.10124721378087997	0.11163593828678131	0.03946813941001892	0.2006717026233673	-0.27728790044784546	0.1512528359889984	0.40089643001556396	-0.35165590047836304	0.3826064169406891	-0.09107154607772827	-0.01502270344644785	-0.11509247869253159	0.0304903294891119	0.14310172200202942	-0.193531334400177	-0.08513906598091125	-0.089425228536129	-0.2061692327260971	-0.16367284953594208	-0.05518265813589096	-0.3348362445831299	-0.30773672461509705	-0.16554348170757294	0.04391687363386154	-0.0012544144410640001	-0.30375054478645325	-0.16265776753425598	-0.33098113536834717	-0.20328916609287262	0.18525998294353485	0.16574105620384216	0.1467917114496231	0.2753882110118866	0.10491126775741577	0.3595896363258362
MTL_LABEL_8	n/a	n/a	n/a	n/a	n/a	n/a	n/a	1.0	n/a	n/a	n/a	n/a	n/a	n/a	n/a	n/a	n/a	n/a	n/a	n/a	n/a	n/a	n/a	n/a	n/a	n/a	n/a	n/a	n/a	n/a	n/a	n/a	n/a	n/a	n/a	n/a	n/a	n/a	n/a	n/a	n/a	n/a	n/a	n/a	n/a	n/a	n/a	n/a	n/a	n/a	n/a	n/a	n/a	n/a	n/a	n/a	n/a	n/a	n/a	n/a	n/a	n/a	n/a	n/a	n/a	n/a	n/a	n/a	n/a	n/a	n/a	n/a	n/a	n/a	n/a	n/a	n/a	n/a	n/a	n/a
PON_LABEL_9	-0.012745622545480728	0.1374514251947403	-0.36991530656814575	0.12126573175191879	0.15907065570354462	0.22673361003398895	0.5179300904273987	n/a	1.0	0.4844096899032593	0.08845571428537369	0.14216680824756622	-0.03553729131817818	0.009071583859622478	-0.010203133337199688	-0.05315784364938736	0.27802759408950806	0.04732723906636238	-0.08057057112455368	0.24496950209140778	0.37050509452819824	-0.03317798301577568	0.2965394854545593	0.23210018873214722	0.21157759428024292	0.34450408816337585	-0.16411563754081726	-0.3090265095233917	-0.04892938956618309	-0.3784964382648468	0.10308282822370529	0.031243663281202316	0.18385468423366547	0.32774975895881653	n/a	0.2850472629070282	0.0978916808962822	0.08337761461734772	-0.19351495802402496	-0.0311737060546875	-0.12207835167646408	0.022621329873800278	0.011689860373735428	0.10208754986524582	0.29214218258857727	0.028995709493756294	0.30135348439216614	0.02955680526793003	0.07859083265066147	-0.22031956911087036	0.08777232468128204	0.39122438430786133	-0.15818104147911072	0.6867806911468506	-0.3721858263015747	0.274887353181839	0.10240362584590912	0.04458001255989075	0.1023167297244072	0.10660680383443832	0.06066140532493591	-0.2928870916366577	-0.25059977173805237	-0.17718537151813507	0.1170644536614418	0.04364265874028206	0.0347897969186306	0.06120143458247185	0.006016527768224478	0.14549089968204498	0.04628102108836174	-0.21279354393482208	0.12746308743953705	0.06972528994083405	0.4324340224266052	0.4997107684612274	0.313681423664093	0.34856116771698	0.16019867360591888	0.24157534539699554
CO_LABEL_10	-0.12376672774553299	0.0521710067987442	-0.43428683280944824	0.10541460663080215	0.14235714077949524	-0.14924730360507965	0.08265971392393112	n/a	0.4844096899032593	1.0	0.21778440475463867	0.41864362359046936	-0.08754276484251022	0.12143773585557938	-0.10138434171676636	-0.10277704149484634	0.5678730607032776	-0.07507017254829407	0.1704217940568924	0.4174206554889679	0.8170722723007202	0.2020554542541504	0.35730183124542236	-0.11158168315887451	0.31022611260414124	-0.17994390428066254	-0.2858333885669708	-0.07791721820831299	-0.10691952705383301	-0.5432133078575134	0.06058994680643082	0.214876189827919	-0.19467714428901672	0.08778611570596695	n/a	0.7296811938285828	0.18403169512748718	0.1513451635837555	-0.15733622014522552	0.1703234612941742	-0.2410726398229599	0.39017802476882935	0.3832409679889679	0.3559363782405853	0.6714044809341431	-0.005343383178114891	0.27634814381599426	-0.17183026671409607	0.020110899582505226	0.027897696942090988	-0.24637416005134583	-0.008766209706664085	0.05983688682317734	0.37428775429725647	-0.2911740839481354	0.2695319652557373	0.3037315607070923	-0.02069125510752201	0.020491670817136765	0.2441536784172058	0.20144294202327728	0.00878824107348919	-0.21082676947116852	-0.10783682763576508	0.0508117601275444	0.2531655430793762	0.35745400190353394	0.13267941772937775	-0.15376392006874084	0.3403773605823517	-0.06465394794940948	-0.258110910654068	0.30135196447372437	0.19540219008922577	-0.015475131571292877	0.14260777831077576	0.22220653295516968	0.14818692207336426	-0.12030783295631409	0.020835015922784805
Sal_LABEL_11	-0.11034015566110611	-0.2829199731349945	-0.010973997414112091	0.026019198819994926	-0.1267608255147934	-0.13713255524635315	0.06981974095106125	n/a	0.08845571428537369	0.21778440475463867	1.0	0.21309807896614075	-0.2530295252799988	-0.07677005976438522	-0.6236342787742615	-0.13730467855930328	-0.2937640845775604	-0.021366102620959282	0.3114546537399292	0.16637535393238068	0.34983882308006287	0.6911032795906067	-0.26797476410865784	-0.016914652660489082	-0.45841899514198303	-0.1530102789402008	0.01557586807757616	0.4115579426288605	-0.3097809851169586	0.19199785590171814	-0.008855069987475872	-0.09201487898826599	-0.04726559668779373	-0.16940079629421234	n/a	0.40295881032943726	0.7898567914962769	0.20231017470359802	-0.5240513682365417	0.04301924258470535	-0.22501789033412933	-0.3658667802810669	0.3172638714313507	-0.006949017755687237	0.5037884712219238	0.6432226896286011	-0.23409582674503326	0.02610963210463524	-0.3547050356864929	0.059365808963775635	0.24753022193908691	-0.3530423641204834	-0.1547318547964096	0.18126897513866425	0.01697481796145439	0.14255262911319733	0.16241028904914856	0.11986037343740463	0.49039390683174133	-0.131053626537323	-0.11980403959751129	-0.0594114251434803	0.31998366117477417	-0.09937162697315216	0.08301369100809097	-0.1393197774887085	-0.036588236689567566	0.0452287383377552	-0.21907126903533936	-0.2698648273944855	0.114520363509655	0.2550417184829712	0.0021771928295493126	0.036558330059051514	0.034037571400403976	-0.09813398867845535	0.3013973832130432	0.48365047574043274	-0.023791538551449776	-0.042370423674583435
CO_LABEL_12	-0.011827937327325344	-0.2890557646751404	-0.049100279808044434	-0.3315174877643585	0.03482891619205475	0.051141995936632156	0.019273923709988594	n/a	0.14216680824756622	0.41864362359046936	0.21309807896614075	1.0	0.05206397920846939	-0.0965578630566597	0.0919913724064827	-0.11724499613046646	0.12560290098190308	-0.15408508479595184	0.0313916876912117	-0.17294816672801971	0.2333468347787857	-0.0095131304115057	0.18739138543605804	0.16028882563114166	-0.20575974881649017	0.06544554978609085	-0.1510024219751358	0.028837120160460472	-0.3036195635795593	-0.08891845494508743	-0.36110734939575195	-0.05062466114759445	0.024363117292523384	0.07779038697481155	n/a	0.500320553779602	0.3018512427806854	0.6313276886940002	-0.33993858098983765	0.03803150728344917	-0.08891864120960236	0.06546890735626221	0.23001891374588013	-0.2205274999141693	0.3247296214103699	0.17671239376068115	0.31683436036109924	0.13712847232818604	-0.44817110896110535	0.05068271979689598	0.11257452517747879	-0.04288467764854431	-0.01651625521481037	0.37365472316741943	-0.15031038224697113	-0.15647642314434052	-0.016584200784564018	-0.18560566008090973	-0.1235814243555069	-0.03571886569261551	0.26298314332962036	-0.07649099081754684	-0.0694952979683876	-0.016108326613903046	-0.1870279610157013	0.3063415288925171	-0.01761367730796337	0.14838606119155884	0.009402766823768616	0.12791676819324493	0.2029624730348587	0.03435450419783592	0.2827613055706024	0.030899444594979286	-0.0841728076338768	-0.14948394894599915	-0.13503903150558472	0.03659248724579811	-0.10131588578224182	-0.394290953874588
SMd_LABEL_13	-0.02585209161043167	-0.22061972320079803	0.06571224331855774	0.23907320201396942	0.14373542368412018	0.07055122405290604	-0.18891914188861847	n/a	-0.03553729131817818	-0.08754276484251022	-0.2530295252799988	0.05206397920846939	1.0	0.03669014573097229	0.17231380939483643	0.18010282516479492	-0.14381086826324463	0.08217278867959976	0.14336366951465607	0.07014641910791397	-0.22773022949695587	-0.290811151266098	-0.08305399119853973	-0.03808559477329254	0.01981145702302456	-0.08016122132539749	-0.13909998536109924	-0.16342607140541077	-0.015506229363381863	-0.025078844279050827	0.21726585924625397	0.014297695830464363	-0.012118827551603317	-0.17538493871688843	n/a	-0.2015618234872818	-0.2147092968225479	-0.2880898416042328	0.3656914532184601	0.07329350709915161	-0.23793527483940125	-0.22254523634910583	-0.06940605491399765	-0.014920232817530632	-0.2810770571231842	-0.2172473669052124	0.0062670777551829815	-0.035339195281267166	0.003612958826124668	-0.1565169394016266	-0.16651411354541779	0.029819007962942123	-0.13069261610507965	-0.12247458845376968	-0.0701189860701561	-0.09887420386075974	-0.20103314518928528	0.08063746988773346	0.08967718482017517	0.030047129839658737	0.2631415128707886	-0.23613883554935455	-0.10350645333528519	-0.18075138330459595	-0.14054405689239502	0.18424677848815918	-0.20999795198440552	0.4733325242996216	-0.053289901465177536	-0.07926855981349945	0.14521528780460358	-0.18687744438648224	0.34052982926368713	0.03470423445105553	0.21440109610557556	-0.04185771197080612	-0.04356444999575615	-0.1333034634590149	0.07670958340167999	-0.0075560216791927814
SMl_LABEL_14	-0.2372259795665741	-0.0038637120742350817	0.03205014020204544	0.24852818250656128	-0.05162864178419113	-0.21989129483699799	0.07827848196029663	n/a	0.009071583859622478	0.12143773585557938	-0.07677005976438522	-0.0965578630566597	0.03669014573097229	1.0	0.11351966112852097	-0.028564874082803726	0.3314424157142639	0.1008274033665657	0.13347290456295013	-0.049872055649757385	0.21803848445415497	-0.02981068193912506	0.12830966711044312	-0.0208100788295269	0.2893046438694	-0.02089802548289299	-0.06146984547376633	-0.05523798242211342	-0.019226374104619026	-0.12722685933113098	0.1567237824201584	-0.04159243777394295	-0.1675720512866974	0.07721560448408127	n/a	-0.021166259422898293	-0.3358429968357086	-0.1704435646533966	0.35571202635765076	0.8258132338523865	-0.05711181461811066	0.4405261278152466	0.3354291617870331	0.1633145958185196	0.10053741186857224	-0.23151089251041412	0.007030935026705265	-0.029148776084184647	0.30247417092323303	0.0341600701212883	-0.209950253367424	0.014403712004423141	0.18836258351802826	-0.29803943634033203	0.029067108407616615	0.16624388098716736	0.21984821557998657	0.05094926431775093	-0.012999149970710278	0.03237786889076233	0.12600184977054596	0.10450807213783264	-0.27193209528923035	0.05957033857703209	0.05692056193947792	-0.04945127293467522	0.19468596577644348	-0.2113671749830246	-0.1785845309495926	0.03444119915366173	-0.5837774872779846	-0.054550930857658386	-0.1508788913488388	0.06166641041636467	-0.011076701804995537	-0.15788769721984863	0.0594949945807457	-0.11044900864362717	0.011472574435174465	-0.004883938003331423
DAN_LABEL_15	-0.031023966148495674	-0.012658856809139252	0.2056000530719757	-0.20936544239521027	-0.10217168927192688	0.22786924242973328	0.03041871264576912	n/a	-0.010203133337199688	-0.10138434171676636	-0.6236342787742615	0.0919913724064827	0.17231380939483643	0.11351966112852097	1.0	0.019951265305280685	0.33428236842155457	-0.10499102622270584	-0.29675352573394775	-0.3689080476760864	-0.11097903549671173	-0.503853976726532	0.4227873980998993	0.18288280069828033	0.3800892233848572	0.16275714337825775	-0.06731829047203064	-0.33880025148391724	-0.027972029522061348	0.03473547473549843	-0.12992078065872192	-0.1880934238433838	0.0018219344783574343	0.2869103252887726	n/a	-0.20698125660419464	-0.5063989758491516	-0.050192371010780334	0.44846460223197937	-0.08760333061218262	0.5089600086212158	0.3743184804916382	-0.22976769506931305	-0.1297551840543747	-0.22601687908172607	-0.45764395594596863	0.47516727447509766	0.02240041270852089	0.2848799228668213	-0.0184517540037632	-0.043266694992780685	0.27114343643188477	0.11198780685663223	-0.015665868297219276	-0.03842656686902046	-0.12422839552164078	-0.17493373155593872	-0.19776900112628937	-0.489225298166275	0.012279465794563293	0.13721904158592224	0.069777712225914	-0.46595537662506104	0.05169447883963585	-0.2794874906539917	0.16495636105537415	0.05203013867139816	-0.0989324226975441	0.18655666708946228	0.2343652844429016	-0.18555128574371338	-0.23263178765773773	0.021319443359971046	-0.12913550436496735	-0.08617010712623596	0.07804054021835327	-0.2273690551519394	-0.42328763008117676	-0.07377935945987701	-0.19692876935005188
DMN_LABEL_16	0.5430330038070679	-0.23387356102466583	0.3631094694137573	-0.02134847268462181	0.058698706328868866	-0.035529982298612595	-0.2627461552619934	n/a	-0.05315784364938736	-0.10277704149484634	-0.13730467855930328	-0.11724499613046646	0.18010282516479492	-0.028564874082803726	0.019951265305280685	1.0	0.039992500096559525	0.6302220225334167	0.2839912176132202	0.09148135781288147	-0.06942915916442871	0.05835198983550072	-0.047445107251405716	-0.059825509786605835	0.12078569084405899	0.06285566836595535	0.21639934182167053	0.19390299916267395	-0.1739710122346878	0.12947596609592438	0.14317508041858673	0.14142286777496338	-0.012093090452253819	-0.1957419216632843	n/a	-0.16384382545948029	-0.07359576225280762	-0.21185636520385742	-0.040719468146562576	0.143744096159935	-0.34648221731185913	-0.07382165640592575	0.01375944446772337	0.09610897302627563	-0.27033671736717224	0.08872649818658829	-0.23640428483486176	-0.12868183851242065	-0.37507688999176025	0.5670589804649353	-0.34669625759124756	-0.09487233310937881	0.39851176738739014	0.03387735038995743	0.25460076332092285	-0.2909248173236847	-0.11779948323965073	-0.004542656242847443	0.11602544039487839	0.15222181379795074	-0.09630398452281952	-0.20134025812149048	-0.0037336188834160566	0.09067078679800034	0.13382387161254883	0.1500546783208847	0.22614507377147675	0.22578631341457367	0.0747622698545456	-0.09057965874671936	0.16341641545295715	-0.013216998428106308	0.3351196348667145	0.11526019871234894	-0.138306125998497	-0.06821011006832123	-0.2779614329338074	-0.258600115776062	-0.21659627556800842	-0.1329343318939209
CO_LABEL_17	-0.21190990507602692	0.35184064507484436	-0.037391066551208496	-0.025614820420742035	0.3096868693828583	0.03499225154519081	-0.10154158622026443	n/a	0.27802759408950806	0.5678730607032776	-0.2937640845775604	0.12560290098190308	-0.14381086826324463	0.3314424157142639	0.33428236842155457	0.039992500096559525	1.0	0.13255523145198822	-0.0649058148264885	0.2772568464279175	0.6339397430419922	-0.18137845396995544	0.2974928319454193	0.00698451092466712	0.5747048258781433	-0.0960056260228157	-0.3256617784500122	-0.3980133533477783	0.18554604053497314	-0.4339456856250763	-0.1181921735405922	0.13289284706115723	-0.05984127148985863	-0.043905358761548996	n/a	0.06642359495162964	-0.5169639587402344	-0.12684282660484314	0.2052449733018875	0.1324349343776703	0.011990991421043873	0.7610043883323669	0.2894822657108307	0.4457651972770691	0.2568303644657135	-0.4897460341453552	0.18868973851203918	-0.19695588946342468	0.3464522063732147	0.0138204675167799	-0.4061793088912964	0.1871478110551834	0.28861647844314575	0.016347194090485573	-0.14846692979335785	0.27350476384162903	0.45903587341308594	-0.008220759220421314	-0.206950843334198	0.5138704180717468	0.1446395218372345	0.10239067673683167	-0.4472808837890625	-0.03879622742533684	0.1262912154197693	0.3566392958164215	0.5818084478378296	0.13107657432556152	0.17367975413799286	0.4179936647415161	-0.19999001920223236	-0.1381755769252777	0.27480626106262207	0.24030160903930664	0.0873410776257515	0.308898001909256	0.08163827657699585	-0.14410683512687683	0.05761846899986267	0.02711121179163456
DMN_LABEL_18	0.2889234721660614	-0.10733243077993393	0.24501989781856537	-0.050599925220012665	0.47266510128974915	0.1529068797826767	-0.2806302011013031	n/a	0.04732723906636238	-0.07507017254829407	-0.021366102620959282	-0.15408508479595184	0.08217278867959976	0.1008274033665657	-0.10499102622270584	0.6302220225334167	0.13255523145198822	1.0	0.24535821378231049	0.08856341242790222	0.12475833296775818	-0.060687582939863205	-0.09027599543333054	-0.007853117771446705	0.0894717127084732	0.1563592404127121	0.17959828674793243	0.06226600334048271	-0.16420389711856842	0.006700185593217611	-0.007114029955118895	0.2870366871356964	0.1558293104171753	-0.28707021474838257	n/a	-0.19008919596672058	-0.14892727136611938	-0.3257400095462799	-0.07631546258926392	0.1605045199394226	-0.21112851798534393	-0.18446078896522522	0.21830223500728607	0.15894383192062378	-0.1351861208677292	-0.0029044311959296465	-0.2587769627571106	-0.10382401943206787	-0.19437147676944733	0.44395914673805237	-0.13110721111297607	0.0887342318892479	0.635646402835846	0.06583677977323532	0.4110057055950165	0.0991394892334938	0.3328601121902466	0.0762350931763649	0.16585202515125275	0.2034221887588501	-0.1106550544500351	-0.2346741259098053	0.1480618566274643	-0.11306623369455338	0.20034146308898926	0.14503490924835205	0.20014485716819763	0.1782541126012802	0.13622665405273438	0.037501003593206406	0.2107963114976883	0.38377636671066284	0.2231302261352539	0.1991748809814453	0.1124441847205162	0.07180554419755936	0.06128334626555443	-0.062242474406957626	-0.05105961859226227	-0.092359259724617
VAN_LABEL_19	0.08820928633213043	-0.351859986782074	-0.0552612766623497	0.1116938591003418	0.21036073565483093	-0.4722122550010681	-0.2987503111362457	n/a	-0.08057057112455368	0.1704217940568924	0.3114546537399292	0.0313916876912117	0.14336366951465607	0.13347290456295013	-0.29675352573394775	0.2839912176132202	-0.0649058148264885	0.24535821378231049	1.0	0.12865179777145386	0.2290836125612259	0.4465281069278717	-0.0686132162809372	-0.3388110399246216	-0.0005175212281756103	-0.24797272682189941	-0.1723940521478653	0.49821364879608154	-0.37250542640686035	-0.09631894528865814	-0.018395282328128815	0.3256998658180237	-0.5078469514846802	-0.34492921829223633	n/a	0.17976988852024078	0.25913912057876587	-0.21192874014377594	-0.10642462223768234	0.20803530514240265	-0.2725582718849182	-0.2870276868343353	0.6202806830406189	0.0845375508069992	0.10260321199893951	0.2710605561733246	-0.18151696026325226	-0.3234003782272339	-0.22293785214424133	0.3012113571166992	-0.1681651920080185	-0.4073876738548279	0.2200103998184204	0.12349606305360794	-0.15829062461853027	0.12169808149337769	0.22470255196094513	-0.1313212662935257	0.0551827996969223	-0.03149612620472908	0.048320524394512177	-0.1523873507976532	0.1435369998216629	0.05235394462943077	-0.0170474611222744	0.00029414301388897	0.05241386219859123	0.12783727049827576	-0.24425362050533295	-0.11280042678117752	0.08948720991611481	-0.14642851054668427	0.24149370193481445	0.07775796204805374	-0.10210033506155014	-0.13822327554225922	-0.018336333334445953	0.0179872028529644	-0.33962690830230713	-0.15754540264606476
CO_LABEL_20	-0.173460453748703	0.18479955196380615	-0.22996853291988373	0.5748064517974854	0.3499733507633209	-0.19127021729946136	-0.21086245775222778	n/a	0.24496950209140778	0.4174206554889679	0.16637535393238068	-0.17294816672801971	0.07014641910791397	-0.049872055649757385	-0.3689080476760864	0.09148135781288147	0.2772568464279175	0.08856341242790222	0.12865179777145386	1.0	0.4133131206035614	0.3964771032333374	-0.057151999324560165	-0.19232001900672913	0.10727792233228683	-0.4395211338996887	-0.34301701188087463	-0.23379024863243103	0.20216768980026245	-0.3091048300266266	0.5219540596008301	0.39660513401031494	-0.06728501617908478	-0.2976711094379425	n/a	0.09886258840560913	0.15789566934108734	-0.25246885418891907	0.0994500070810318	-0.040201567113399506	-0.3153128921985626	0.10026033222675323	0.21725061535835266	0.8395348191261292	0.13548040390014648	0.14622648060321808	-0.18925081193447113	-0.19619113206863403	0.058960553258657455	0.14132516086101532	-0.4017718434333801	-0.21970891952514648	0.13442395627498627	-0.006875982042402029	-0.12012745440006256	0.3617042601108551	0.33720722794532776	0.18703627586364746	0.1339467465877533	0.4610927104949951	-0.10333124548196793	-0.06973771005868912	0.00518560316413641	-0.013328705914318562	0.15594498813152313	0.3948299288749695	0.46020475029945374	0.5467847585678101	0.08638007193803787	-0.025977803394198418	0.06279372423887253	-0.11921946704387665	0.40307918190956116	0.48715561628341675	0.27070480585098267	0.3828902542591095	0.19737492501735687	0.16710548102855682	0.12186764925718307	0.19174784421920776
CO_LABEL_21	-0.1353445053100586	0.07209320366382599	-0.2383747547864914	-0.05983977019786835	0.22844122350215912	-0.17907007038593292	-0.12209083884954453	n/a	0.37050509452819824	0.8170722723007202	0.34983882308006287	0.2333468347787857	-0.22773022949695587	0.21803848445415497	-0.11097903549671173	-0.06942915916442871	0.6339397430419922	0.12475833296775818	0.2290836125612259	0.4133131206035614	1.0	0.3303123116493225	0.29179149866104126	-0.0931151732802391	0.317297101020813	-0.2916593551635742	-0.3640473783016205	0.006377998739480972	-0.1762496829032898	-0.4450215697288513	-0.11784997582435608	0.18631349503993988	-0.23969674110412598	-0.15486878156661987	n/a	0.5539409518241882	0.12375354021787643	-0.060212861746549606	-0.13643939793109894	0.17976237833499908	-0.1647484451532364	0.39201831817626953	0.5194504857063293	0.37737366557121277	0.786285400390625	0.013785232789814472	0.17001214623451233	-0.15708117187023163	0.09529582411050797	0.10457226634025574	-0.16590535640716553	-0.13138507306575775	0.1502494364976883	0.2516423165798187	-0.2685338854789734	0.3973531126976013	0.46758079528808594	-0.08209842443466187	0.018814915791153908	0.3365800082683563	0.1423044353723526	0.012190830893814564	-0.16052648425102234	-0.1393607258796692	0.15618722140789032	0.2266802191734314	0.506018340587616	0.02409418299794197	-0.12966114282608032	0.3224450349807739	-0.0646284818649292	-0.051663175225257874	0.25060924887657166	0.1716102808713913	-0.012795928865671158	0.14637239277362823	0.2604634463787079	0.10497725754976273	0.011112759821116924	-0.0423659048974514
Sal_LABEL_22	0.0633605346083641	-0.30620190501213074	0.02465510554611683	0.16305051743984222	-0.04671134799718857	-0.3887460231781006	-0.17054066061973572	n/a	-0.03317798301577568	0.2020554542541504	0.6911032795906067	-0.0095131304115057	-0.290811151266098	-0.02981068193912506	-0.503853976726532	0.05835198983550072	-0.18137845396995544	-0.060687582939863205	0.4465281069278717	0.3964771032333374	0.3303123116493225	1.0	-0.2533906102180481	-0.12860210239887238	-0.31274721026420593	-0.39525529742240906	-0.2465277910232544	0.38585010170936584	-0.2742103636264801	0.2177768349647522	0.1903870552778244	0.2627390921115875	-0.2834724485874176	-0.30431821942329407	n/a	0.3363075256347656	0.7048009037971497	0.13596661388874054	-0.24655359983444214	0.09888876974582672	-0.27144280076026917	-0.1935705542564392	0.3027435839176178	0.27269333600997925	0.4097719192504883	0.7122440934181213	-0.3278990089893341	-0.02060749940574169	-0.34751373529434204	0.26708489656448364	-0.026730770245194435	-0.5059183835983276	-0.048089370131492615	0.048364993184804916	-0.10827591270208359	0.20921804010868073	0.06906817108392715	-0.06962434202432632	0.19244658946990967	-0.09326348453760147	-0.31514081358909607	-0.02481985092163086	0.37261655926704407	0.03413751721382141	-0.059075258672237396	-0.039224669337272644	0.15118806064128876	0.0038252309896051884	-0.29776719212532043	-0.3594990670681	0.002264210721477866	0.04985562711954117	0.1177414059638977	0.027620375156402588	-0.1253565400838852	-0.09918871521949768	0.019498346373438835	0.13776667416095734	-0.10357706248760223	-0.08815985172986984
DAN_LABEL_23	0.02702486515045166	-0.06278041005134583	-0.3029830753803253	-0.10788072645664215	-0.005486222915351391	0.05496867373585701	0.10161657631397247	n/a	0.2965394854545593	0.35730183124542236	-0.26797476410865784	0.18739138543605804	-0.08305399119853973	0.12830966711044312	0.4227873980998993	-0.047445107251405716	0.2974928319454193	-0.09027599543333054	-0.0686132162809372	-0.057151999324560165	0.29179149866104126	-0.2533906102180481	1.0	0.16566474735736847	0.3179859220981598	0.13153542578220367	-0.263927161693573	-0.10315629839897156	-0.29906097054481506	-0.4499219059944153	-0.03537023440003395	-0.05711367353796959	0.03874883055686951	0.2090045064687729	n/a	0.16211459040641785	-0.13197441399097443	-0.07672566920518875	0.2532491385936737	-0.037191253155469894	0.13698284327983856	0.3056187331676483	0.18323950469493866	0.018687866628170013	0.14003844559192657	-0.27461135387420654	0.9126802086830139	0.1227729320526123	0.3117969036102295	0.1654331386089325	-0.01563008688390255	0.2681834101676941	0.11764071136713028	0.2784922420978546	-0.3256783187389374	0.11134614795446396	0.15501083433628082	-0.33712059259414673	-0.45070400834083557	0.09463553130626678	0.4621541202068329	0.01802646368741989	-0.3566518723964691	0.2114938497543335	0.11859145015478134	0.19512060284614563	0.18979567289352417	-0.22424550354480743	-0.11484971642494202	0.44014284014701843	-0.12503185868263245	-0.12200430780649185	-0.1438501477241516	-0.059387773275375366	-0.06633699685335159	0.09396518021821976	0.04505482688546181	-0.10172560065984726	-0.14054080843925476	-0.07494402676820755
PMN_LABEL_24	0.31067076325416565	-0.020735356956720352	0.30631786584854126	-0.04138863459229469	-0.13032065331935883	0.7397871017456055	0.15961332619190216	n/a	0.23210018873214722	-0.11158168315887451	-0.016914652660489082	0.16028882563114166	-0.03808559477329254	-0.0208100788295269	0.18288280069828033	-0.059825509786605835	0.00698451092466712	-0.007853117771446705	-0.3388110399246216	-0.19232001900672913	-0.0931151732802391	-0.12860210239887238	0.16566474735736847	1.0	-0.23144303262233734	0.30497270822525024	-0.048589322715997696	-0.31492188572883606	0.012799668125808239	0.21588821709156036	-0.010919691063463688	-0.2490828037261963	0.7691510319709778	0.034454815089702606	n/a	-0.1472751945257187	-0.008230668492615223	0.1293022334575653	0.07315835356712341	-0.2314625382423401	-0.03085467964410782	-0.02628706395626068	-0.21442297101020813	-0.08643680810928345	-0.12236513197422028	-0.13882404565811157	0.26061737537384033	0.8840797543525696	-0.023648563772439957	-0.29108715057373047	0.23101328313350677	0.473134309053421	-0.310258686542511	-0.003928812686353922	-0.07248607277870178	0.03910617530345917	-0.024001508951187134	0.10154710710048676	-0.023630265146493912	0.05119112506508827	0.07178743928670883	-0.11456805467605591	-7.655016815988347e-05	-0.07372507452964783	-0.03333697095513344	-0.058269333094358444	0.009852140210568905	-0.14367122948169708	-0.14323940873146057	0.13343636691570282	0.14687702059745789	0.14055395126342773	-0.06253913044929504	0.016959138214588165	0.3849514126777649	0.16724300384521484	0.015698382630944252	-0.0405522957444191	0.30131739377975464	-0.11940333992242813
DAN_LABEL_25	0.09123871475458145	0.37970811128616333	-0.45242395997047424	0.07464814931154251	0.05021735280752182	-0.1469702124595642	0.10611958056688309	n/a	0.21157759428024292	0.31022611260414124	-0.45841899514198303	-0.20575974881649017	0.01981145702302456	0.2893046438694	0.3800892233848572	0.12078569084405899	0.5747048258781433	0.0894717127084732	-0.0005175212281756103	0.10727792233228683	0.317297101020813	-0.31274721026420593	0.3179859220981598	-0.23144303262233734	1.0	0.09241724014282227	-0.052932851016521454	-0.19654743373394012	0.18968747556209564	-0.593870222568512	0.0684891790151596	0.17924870550632477	-0.17928798496723175	0.21167461574077606	n/a	0.039995063096284866	-0.5255653262138367	-0.2903870642185211	0.5141399502754211	0.2543359100818634	0.07006292045116425	0.5616839528083801	0.15923790633678436	0.288377046585083	0.12226826697587967	-0.4540463984012604	0.190052792429924	-0.31908923387527466	0.5682708024978638	0.08549866825342178	-0.4759123921394348	0.09317993372678757	0.2708641290664673	-0.04927540943026543	-0.15642626583576202	0.22595810890197754	0.1740638017654419	-0.061262935400009155	-0.22986449301242828	0.4744054079055786	0.2585511803627014	0.3393724262714386	-0.6103787422180176	0.21950866281986237	-0.043709896504879	0.3318709135055542	0.3629375100135803	0.06864361464977264	0.25002002716064453	0.4867689907550812	-0.3217494487762451	-0.46098846197128296	0.10498848557472229	0.19681145250797272	0.12904830276966095	0.33698177337646484	-0.03743046894669533	-0.2778847813606262	-0.08040280640125275	0.16303177177906036
