Node	DMN_LABEL_1	Vis_LABEL_2	FP_LABEL_3	Aud_LABEL_4	Tpole_LABEL_5	PMN_LABEL_6	PON_LABEL_7	MTL_LABEL_8	PON_LABEL_9	CO_LABEL_10	Sal_LABEL_11	CO_LABEL_12	SMd_LABEL_13	SMl_LABEL_14	DAN_LABEL_15	DMN_LABEL_16	CO_LABEL_17	DMN_LABEL_18	VAN_LABEL_19	CO_LABEL_20	CO_LABEL_21	Sal_LABEL_22	DAN_LABEL_23	PMN_LABEL_24	DAN_LABEL_25	DMN_LABEL_26	DMN_LABEL_27	DMN_LABEL_28	Vis_LABEL_29	FP_LABEL_30	Aud_LABEL_31	Tpole_LABEL_32	PMN_LABEL_33	PON_LABEL_34	MTL_LABEL_35	CO_LABEL_36	Sal_LABEL_37	CO_LABEL_38	SMd_LABEL_39	SMl_LABEL_40	DAN_LABEL_41	CO_LABEL_42	VAN_LABEL_43	CO_LABEL_44	CO_LABEL_45	Sal_LABEL_46	DAN_LABEL_47	PMN_LABEL_48	DAN_LABEL_49	DMN_LABEL_50	FP_LABEL_51	DMN_LABEL_52	DMN_LABEL_53	PON_LABEL_54	DMN_LABEL_55	Tpole_LABEL_56	Tpole_LABEL_57	Sal_LABEL_58	Sal_LABEL_59	SMd_LABEL_60	DAN_LABEL_61	FP_LABEL_62	DMN_LABEL_63	FP_LABEL_64	FP_LABEL_65	SMd_LABEL_66	SMl_LABEL_67	SMd_LABEL_68	DMN_LABEL_69	DAN_LABEL_70	DMN_LABEL_71	FP_LABEL_72	SMd_LABEL_73	SMl_LABEL_74	MTL_LABEL_75	MTL_LABEL_76	CO_LABEL_77	CO_LABEL_78	Vis_LABEL_79	Vis_LABEL_80
DMN_LABEL_1	1.0	-0.2100389152765274	-0.4531571567058563	-0.2711302638053894	0.35600361227989197	-0.16465501487255096	0.6593310236930847	n/a	0.6626262664794922	-0.2750791013240814	-0.10287921130657196	-0.06967739015817642	0.004553170409053564	0.006024207919836044	-0.4341166317462921	0.6348207592964172	-0.3690534234046936	0.5199716091156006	0.26784229278564453	-0.2695229649543762	-0.4389234185218811	-0.10093226283788681	-0.1175430491566658	0.057783350348472595	-0.4494791030883789	0.6879802942276001	0.25421687960624695	0.03697855770587921	-0.0919007733464241	-0.33322006464004517	-0.15500929951667786	0.33013108372688293	-0.24843651056289673	0.576201856136322	n/a	-0.3157869577407837	-0.1956695169210434	-0.05936392396688461	0.00293352035805583	-0.09829550981521606	-0.3494229018688202	-0.32994696497917175	-0.22471871972084045	-0.16100473701953888	-0.52512127161026	-0.13307732343673706	-0.06368918716907501	-0.0074549149721860886	-0.36469316482543945	0.7084484696388245	-0.4660743474960327	0.2426413744688034	0.5841084122657776	0.466778963804245	-0.17172500491142273	-0.026234781369566917	0.12063176184892654	0.210624560713768	0.34713995456695557	0.30023056268692017	-0.1295607089996338	-0.14855870604515076	0.4439234137535095	-0.23401382565498352	-0.4381677508354187	0.024022964760661125	0.14800092577934265	0.17520926892757416	0.48540380597114563	-0.03149011731147766	0.15750694274902344	0.030268613249063492	0.23192977905273438	0.06675178557634354	-0.3200722336769104	-0.1352803260087967	-0.023354100063443184	0.1112670749425888	0.14926980435848236	0.2208148092031479
Vis_LABEL_2	-0.2100389152765274	1.0	-0.29698532819747925	-0.05406973138451576	-0.051567040383815765	-0.17379240691661835	0.06445727497339249	n/a	0.0028889745008200407	0.13308711349964142	-0.28422078490257263	0.07800260186195374	0.13232779502868652	0.005403989925980568	0.06337884068489075	-0.08048080652952194	0.11912437528371811	-0.0067474618554115295	0.15023578703403473	-0.049373455345630646	-0.13466466963291168	-0.29120782017707825	0.11120903491973877	-0.2000233680009842	0.4359089732170105	-0.09486847370862961	-0.29964080452919006	-0.28761473298072815	0.878112256526947	-0.35714682936668396	-0.009325475431978703	0.10529555380344391	-0.26263627409935	0.013884945772588253	n/a	0.04971665143966675	-0.30667686462402344	0.07577479630708694	0.21714887022972107	0.07701244205236435	0.06001152843236923	0.007462420500814915	-0.020222382619976997	0.0019133944297209382	-0.1446366161108017	-0.28951242566108704	-0.07804155349731445	-0.10458690673112869	0.39156675338745117	-0.29105326533317566	-0.3558569550514221	-0.34338679909706116	-0.20256918668746948	0.09331375360488892	-0.18920984864234924	0.06276283413171768	0.036682963371276855	-0.2256927341222763	-0.1409236341714859	-0.002857624087482691	0.3988891839981079	-0.1805763691663742	-0.4239318370819092	-0.19908204674720764	-0.23778192698955536	0.25321027636528015	0.3954399824142456	-0.027265168726444244	-0.17038939893245697	0.19670161604881287	-0.38795092701911926	-0.4295840561389923	0.037651728838682175	0.2967929542064667	-0.12880758941173553	-0.11355940252542496	0.31108558177948	0.2502312958240509	0.13636130094528198	0.18238888680934906
FP_LABEL_3	-0.4531571567058563	-0.29698532819747925	1.0	0.07998283207416534	-0.4810958802700043	0.24356627464294434	-0.46635904908180237	n/a	-0.41842982172966003	0.09859184175729752	0.008778775110840797	-0.29097262024879456	0.01843658834695816	-0.23838940262794495	0.34651970863342285	-0.07493557035923004	0.020696135237812996	-0.21383054554462433	-0.46887296438217163	-0.019855577498674393	0.15817593038082123	0.13202200829982758	-0.05506312474608421	0.22577834129333496	-0.004462618380784988	-0.306270569562912	0.242720827460289	0.4313277304172516	-0.3513200879096985	0.7916315793991089	0.02048753760755062	-0.4746638536453247	0.26422029733657837	-0.31309816241264343	n/a	0.010713355615735054	0.08903755992650986	-0.18943755328655243	-0.03260444104671478	-0.1723794788122177	0.26669856905937195	0.019210288301110268	-0.29275527596473694	-0.09054725617170334	0.3004211187362671	0.1309581696987152	0.02206660434603691	0.1421714723110199	0.049056291580200195	-0.019337717443704605	0.7625700235366821	-0.14258243143558502	-0.0221762266010046	-0.37808650732040405	0.4359568953514099	0.035410862416028976	-0.16799534857273102	-0.10291387140750885	-0.2548066973686218	-0.4495936930179596	-0.19156944751739502	0.3847474753856659	-0.21669545769691467	0.44623854756355286	0.4120550751686096	-0.23800915479660034	-0.38909852504730225	-0.15029451251029968	-0.1849796622991562	-0.2552783489227295	-0.19006165862083435	0.29751789569854736	-0.09426088631153107	-0.22444003820419312	0.17220570147037506	0.20805254578590393	-0.10548341274261475	-0.30066198110580444	-0.2981232702732086	-0.46670985221862793
Aud_LABEL_4	-0.2711302638053894	-0.05406973138451576	0.07998283207416534	1.0	0.1387568861246109	0.1931091994047165	-0.14165562391281128	n/a	0.0014768544351682067	0.39045754075050354	-0.10227137804031372	-0.05803968012332916	0.12900836765766144	0.31390392780303955	0.060544274747371674	-0.45117196440696716	0.292863130569458	-0.36498531699180603	-0.4344909191131592	0.7405357360839844	0.30508992075920105	-0.07601499557495117	-0.1860324591398239	0.06171538680791855	-0.07476149499416351	-0.28678351640701294	-0.21203234791755676	-0.083155058324337	-0.013390762731432915	0.3620315492153168	0.8658114075660706	-0.008236358873546124	0.38643786311149597	-0.026354728266596794	n/a	-0.11970680207014084	0.11942502111196518	-0.29676640033721924	0.13610681891441345	0.3605177402496338	0.09040232002735138	0.5734614729881287	0.2815462648868561	0.6077561974525452	0.42317742109298706	-0.09634361416101456	-0.09567006677389145	0.22288161516189575	-0.06888436526060104	-0.3797866106033325	0.4053003489971161	0.06345949321985245	-0.07833243161439896	0.07400491833686829	0.2291211187839508	0.1488705575466156	0.0745524913072586	-0.35509273409843445	-0.24412019550800323	-0.15566597878932953	-0.12420932948589325	0.3498084247112274	-0.2953903079032898	-0.08093592524528503	0.17807549238204956	-0.03797323256731033	0.06438987702131271	-0.027727708220481873	-0.28893038630485535	-0.23359306156635284	-0.07823359221220016	-0.2176607847213745	-0.09919150918722153	0.025374263525009155	0.4699731171131134	0.2104189395904541	-0.3006305992603302	-0.3579990565776825	-0.0269573163241148	-0.14500229060649872
Tpole_LABEL_5	0.35600361227989197	-0.051567040383815765	-0.4810958802700043	0.1387568861246109	1.0	-0.21681451797485352	0.22013942897319794	n/a	0.2904413342475891	-0.06384274363517761	-0.06539667397737503	0.055328089743852615	-0.09516187757253647	0.22761578857898712	-0.22178494930267334	0.29507964849472046	-0.01331201009452343	0.43021097779273987	0.09408539533615112	0.12041532248258591	-0.13421186804771423	-0.18672707676887512	0.13103753328323364	-0.0947856679558754	-0.136015385389328	0.2864944338798523	-0.08005406707525253	0.1460520178079605	0.0345977321267128	-0.246061772108078	0.10108412057161331	0.5943917036056519	-0.08138251304626465	0.11688055843114853	n/a	-0.20025202631950378	-0.2774995267391205	-0.15873369574546814	-0.15586915612220764	0.1678759604692459	-0.042226966470479965	0.06935302913188934	-0.0491936169564724	0.18881593644618988	-0.2003651112318039	-0.07673490047454834	0.15166254341602325	-0.05636381730437279	-0.0011004807893186808	0.19160021841526031	-0.3724636137485504	0.20039880275726318	0.30744120478630066	0.32855838537216187	-0.18617886304855347	0.08363226801156998	0.17251522839069366	-0.09054122865200043	0.07391467690467834	0.2853851616382599	-0.10865834355354309	-0.0943642258644104	0.2215525507926941	-0.22163528203964233	-0.04108606278896332	0.0647214725613594	0.24278661608695984	0.17715007066726685	0.2557376027107239	-0.14541035890579224	0.15712958574295044	-0.1432781219482422	0.011550179682672024	0.0155648123472929	-0.17594288289546967	-0.19473876059055328	-0.045434582978487015	0.13342465460300446	-0.10953424870967865	0.01646054908633232
PMN_LABEL_6	-0.16465501487255096	-0.17379240691661835	0.24356627464294434	0.1931091994047165	-0.21681451797485352	1.0	0.0828196182847023	n/a	-0.12493721395730972	0.4031042754650116	-0.006505333352833986	-0.05205559730529785	0.44392216205596924	0.18489669263362885	-0.0170376505702734	-0.30480751395225525	0.3304520845413208	-0.14010357856750488	-0.2678101062774658	0.2822215259075165	0.39930659532546997	-0.04553959146142006	-0.07120762020349503	0.8035417199134827	0.01611988991498947	-0.39067724347114563	-0.10706540197134018	-0.1587064266204834	-0.00621135113760829	0.3220450282096863	0.23629234731197357	0.0734792947769165	0.8363593816757202	0.1751653105020523	n/a	0.13116474449634552	0.27091702818870544	-0.04120314121246338	0.3876679837703705	0.10688433051109314	0.11315760761499405	0.3414846360683441	0.051063377410173416	0.1989072859287262	0.2354893982410431	-0.15625503659248352	-0.04481130465865135	0.8059459328651428	0.0931771770119667	-0.24875351786613464	0.121568962931633	-0.07054121047258377	-0.043917037546634674	-0.12866638600826263	0.08398494124412537	-0.18100616335868835	-0.08024287968873978	-0.18548351526260376	-0.16236171126365662	0.11466827243566513	-0.01068040356040001	0.19513823091983795	-0.27781713008880615	-0.3447539210319519	-0.00467623071745038	0.11674288660287857	-0.16044588387012482	0.08731468766927719	-0.4050629436969757	-0.47976142168045044	-0.23511698842048645	-0.23429718613624573	0.15061403810977936	0.050271205604076385	0.3825976252555847	0.38614434003829956	0.21312281489372253	-0.07288438826799393	0.01019302662461996	-0.10860113054513931
PON_LABEL_7	0.6593310236930847	0.06445727497339249	-0.46635904908180237	-0.14165562391281128	0.22013942897319794	0.0828196182847023	1.0	n/a	0.8618849515914917	-0.0356428436934948	-0.1626715213060379	0.12066309154033661	0.018571762368083	0.08439898490905762	-0.3819015324115753	0.12344025075435638	-0.09927653521299362	0.11856040358543396	0.012706409208476543	-0.10190916061401367	-0.1640031635761261	-0.18079674243927002	0.16473355889320374	0.1600753217935562	-0.3804832100868225	0.20045237243175507	-0.03307989612221718	-0.22899682819843292	0.1874169260263443	-0.2163727730512619	-0.004274518694728613	0.4554743766784668	-0.09870437532663345	0.9022801518440247	n/a	-0.07231145352125168	-0.21631310880184174	0.19617760181427002	-0.02654534950852394	0.05070219188928604	-0.3581157326698303	-0.09826439619064331	-0.2467823475599289	0.1431681364774704	-0.29214534163475037	-0.25757211446762085	0.14890065789222717	0.17387564480304718	-0.08742024749517441	0.3854790925979614	-0.43327775597572327	-0.06784526258707047	0.2579917311668396	0.779022216796875	-0.20377616584300995	-0.17424121499061584	0.13163384795188904	0.022517718374729156	0.2954087555408478	0.29241621494293213	0.019212624058127403	-0.1588257998228073	0.038461241871118546	-0.3740241825580597	-0.5785725116729736	0.20590941607952118	0.23943175375461578	0.01806509867310524	0.21969743072986603	-0.0480896420776844	-0.1608274132013321	-0.06945065408945084	0.08893873542547226	0.14292553067207336	-0.0879804939031601	0.020122764632105827	0.10133454948663712	0.35302504897117615	0.4242192506790161	0.24552080035209656
MTL_LABEL_8	n/a	n/a	n/a	n/a	n/a	n/a	n/a	1.0	n/a	n/a	n/a	n/a	n/a	n/a	n/a	n/a	n/a	n/a	n/a	n/a	n/a	n/a	n/a	n/a	n/a	n/a	n/a	n/a	n/a	n/a	n/a	n/a	n/a	n/a	n/a	n/a	n/a	n/a	n/a	n/a	n/a	n/a	n/a	n/a	n/a	n/a	n/a	n/a	n/a	n/a	n/a	n/a	n/a	n/a	n/a	n/a	n/a	n/a	n/a	n/a	n/a	n/a	n/a	n/a	n/a	n/a	n/a	n/a	n/a	n/a	n/a	n/a	n/a	n/a	n/a	n/a	n/a	n/a	n/a	n/a
PON_LABEL_9	0.6626262664794922	0.0028889745008200407	-0.41842982172966003	0.0014768544351682067	0.2904413342475891	-0.12493721395730972	0.8618849515914917	n/a	1.0	-0.030799539759755135	-0.07162871956825256	0.09606537222862244	-0.03395569324493408	0.040933530777692795	-0.252940833568573	0.1385282427072525	-0.062132950872182846	0.13955780863761902	-0.07832174003124237	0.021729398518800735	-0.13197393715381622	-0.07768936455249786	0.13092179596424103	0.010981409810483456	-0.33344000577926636	0.278286337852478	-0.024793578311800957	-0.19178153574466705	0.09776747971773148	-0.17172196507453918	0.07710245251655579	0.3814137578010559	-0.20413371920585632	0.8170634508132935	n/a	-0.10670582950115204	-0.11895778775215149	0.08840633183717728	-0.08214418590068817	0.03321872651576996	-0.3168990910053253	-0.009887014515697956	-0.2420291155576706	0.21323132514953613	-0.18446114659309387	-0.2058703899383545	0.07348334044218063	0.02950308285653591	-0.09066646546125412	0.3754795789718628	-0.3273325264453888	-0.02910315804183483	0.2830657958984375	0.796654999256134	-0.1709633320569992	-0.0794854462146759	0.13685235381126404	0.018843721598386765	0.30137160420417786	0.1682991087436676	-0.005872104782611132	-0.1269831508398056	0.05917797237634659	-0.2551480531692505	-0.5629685521125793	0.07205498963594437	0.2448032796382904	0.06323643028736115	0.2812351882457733	-0.16027285158634186	-0.04457031935453415	-0.024959836155176163	0.002095188479870558	0.09480445832014084	0.017390131950378418	0.05368271470069885	-0.010687076486647129	0.2368997037410736	0.3147164285182953	0.08906327188014984
CO_LABEL_10	-0.2750791013240814	0.13308711349964142	0.09859184175729752	0.39045754075050354	-0.06384274363517761	0.4031042754650116	-0.0356428436934948	n/a	-0.030799539759755135	1.0	0.21305853128433228	0.49739861488342285	0.4552312195301056	0.1417141556739807	0.08195744454860687	-0.5032485723495483	0.765873908996582	-0.28261011838912964	-0.21496109664440155	0.6370705962181091	0.6579552292823792	0.04595443606376648	-0.020193474367260933	0.38782012462615967	0.04417876899242401	-0.4375244975090027	-0.477867990732193	-0.3807981312274933	0.29950249195098877	0.25944092869758606	0.42532023787498474	0.038443002849817276	0.45484834909439087	0.03132794052362442	n/a	0.46615004539489746	0.30366456508636475	0.3241054117679596	0.27121639251708984	0.12880265712738037	-0.04381422698497772	0.6627258062362671	0.19700375199317932	0.5933506488800049	0.5847845077514648	0.044264622032642365	0.02081216312944889	0.4433649480342865	-0.009319500997662544	-0.49988633394241333	0.02868851274251938	-0.31634485721588135	-0.28718098998069763	-0.13051342964172363	-0.29895344376564026	-0.09947703778743744	-0.07010767608880997	-0.1376240849494934	-0.10841073840856552	-0.1273152083158493	0.0001466832181904465	0.10432910174131393	-0.4589058458805084	-0.3432130217552185	-0.23792621493339539	0.01761273294687271	0.19884632527828217	0.35255467891693115	-0.17978985607624054	-0.251896470785141	-0.29995158314704895	-0.3394086956977844	0.05090557038784027	0.09515805542469025	0.338066965341568	0.31139087677001953	0.22372373938560486	0.024338606745004654	-0.08271504193544388	-0.3502216339111328
Sal_LABEL_11	-0.10287921130657196	-0.28422078490257263	0.008778775110840797	-0.10227137804031372	-0.06539667397737503	-0.006505333352833986	-0.1626715213060379	n/a	-0.07162871956825256	0.21305853128433228	1.0	0.5674963593482971	-0.07160725444555283	0.1209508553147316	0.03793817013502121	-0.25357478857040405	0.39018601179122925	-0.16110287606716156	0.17102009057998657	0.1585153192281723	0.6369672417640686	0.701608419418335	0.005873061250895262	0.01891547068953514	-0.2474832832813263	-0.1449870765209198	-0.20259961485862732	-0.2646912932395935	-0.20890220999717712	-0.1320449709892273	-0.0783253014087677	-0.14027854800224304	0.03980451822280884	-0.2392057329416275	n/a	0.6333489418029785	0.7187482118606567	0.6701084971427917	-0.258180171251297	0.0981314554810524	-0.2521126866340637	0.18373671174049377	0.35482293367385864	0.03724832087755203	0.471123069524765	0.7066197395324707	0.08872278034687042	-0.10235100984573364	-0.3637297749519348	-0.23496216535568237	-0.1825028657913208	-0.07921741902828217	-0.4039747416973114	-0.21531324088573456	-0.5091721415519714	-0.2896617650985718	-0.3345879018306732	0.5176337361335754	0.3950706124305725	-0.09786375612020493	-0.2566632032394409	-0.2239174097776413	0.11277120560407639	0.05949760600924492	-0.19681081175804138	-0.22845512628555298	-0.38100743293762207	0.08312559127807617	0.18394631147384644	0.002909864764660597	0.12676119804382324	0.12060785293579102	-0.07036153227090836	-0.09124580770730972	0.01632853038609028	-0.14666368067264557	0.28191450238227844	0.1154845654964447	0.008640534244477749	-0.1302788406610489
CO_LABEL_12	-0.06967739015817642	0.07800260186195374	-0.29097262024879456	-0.05803968012332916	0.055328089743852615	-0.05205559730529785	0.12066309154033661	n/a	0.09606537222862244	0.49739861488342285	0.5674963593482971	1.0	-0.06675568968057632	0.2626332938671112	0.06089899688959122	-0.38174331188201904	0.647562563419342	-0.3104322850704193	0.19401025772094727	0.2816104590892792	0.5561019778251648	0.3752595782279968	0.2854255437850952	0.019104452803730965	-0.09442311525344849	-0.18239596486091614	-0.4964574873447418	-0.5070112347602844	0.15487134456634521	-0.3144112825393677	0.004940307233482599	0.08400046080350876	-0.03380456939339638	-0.020846381783485413	n/a	0.7277349233627319	0.32589367032051086	0.8157853484153748	-0.11937126517295837	0.25419431924819946	-0.25036606192588806	0.35855910181999207	0.35093966126441956	0.19148986041545868	0.36991313099861145	0.33003729581832886	0.31087565422058105	-0.0005042020347900689	-0.19214259088039398	-0.32957330346107483	-0.43639105558395386	-0.039086293429136276	-0.5284910202026367	-0.05642593652009964	-0.7399298548698425	-0.1287805736064911	-0.1355968564748764	0.25417235493659973	0.25110605359077454	0.08396237343549728	-0.0024861572310328484	-0.46038737893104553	-0.0588354766368866	-0.22105953097343445	-0.4067884087562561	-0.1281929314136505	0.03505484759807587	0.12807634472846985	0.14047753810882568	0.10271987318992615	0.04637248069047928	-0.1343955099582672	-0.12024897336959839	0.10964122414588928	-0.019932318478822708	-0.09815224260091782	0.3452722430229187	0.4376077651977539	0.2174680382013321	-0.04942583665251732
SMd_LABEL_13	0.004553170409053564	0.13232779502868652	0.01843658834695816	0.12900836765766144	-0.09516187757253647	0.44392216205596924	0.018571762368083	n/a	-0.03395569324493408	0.4552312195301056	-0.07160725444555283	-0.06675568968057632	1.0	-0.06987854093313217	-0.12977124750614166	-0.0878400057554245	0.2681969404220581	0.06596480309963226	-0.0854654535651207	0.15002912282943726	0.1926357001066208	-0.2968811094760895	-0.3216297924518585	0.33431312441825867	0.08665511757135391	-0.21845462918281555	-0.08004974573850632	-0.23068654537200928	0.2681586444377899	0.03344903513789177	0.0856236144900322	-0.12165595591068268	0.3144585192203522	-0.004283712711185217	n/a	0.048586200922727585	-0.003187368158251047	-0.1169646754860878	0.6092079281806946	-0.13991770148277283	-0.01854102499783039	0.23767638206481934	-0.02965879626572132	0.14673230051994324	0.03761491924524307	-0.3634728193283081	-0.3584056496620178	0.3486713469028473	-0.10738147050142288	-0.1410481482744217	-0.07693130522966385	-0.02186594344675541	0.14072398841381073	-0.17502403259277344	0.0745319277048111	-0.040174879133701324	0.0899781808257103	-0.401422381401062	-0.313178688287735	0.04732915014028549	0.07253158837556839	0.3148947060108185	-0.14585646986961365	-0.29820170998573303	0.029965633526444435	0.42333105206489563	0.09730613976716995	0.6431719660758972	-0.16523724794387817	-0.2864247262477875	-0.25776207447052	-0.2453289031982422	0.7029983401298523	0.31933990120887756	0.10395526140928268	0.15138089656829834	0.16515764594078064	-0.2662595808506012	-0.22030386328697205	-0.3225466310977936
SMl_LABEL_14	0.006024207919836044	0.005403989925980568	-0.23838940262794495	0.31390392780303955	0.22761578857898712	0.18489669263362885	0.08439898490905762	n/a	0.040933530777692795	0.1417141556739807	0.1209508553147316	0.2626332938671112	-0.06987854093313217	1.0	0.12231428176164627	-0.03873418644070625	0.217964768409729	-0.06735048443078995	0.08234997093677521	0.3565530478954315	0.2242572158575058	0.2316339910030365	0.06892417371273041	0.1653282195329666	-0.1332787424325943	-0.03677409142255783	-0.16849389672279358	-0.194405198097229	-0.002286608098074794	-0.17479681968688965	0.33083340525627136	0.10131802409887314	0.17005674540996552	-0.015947969630360603	n/a	0.18635371327400208	-0.04409538954496384	0.14065203070640564	0.15670634806156158	0.951840341091156	0.08161845058202744	0.3038395643234253	0.13637353479862213	0.2672470808029175	0.133106991648674	0.13623403012752533	0.1270696520805359	0.1453481763601303	-0.08060958236455917	-0.15019789338111877	-0.21365337073802948	-0.005421371199190617	-0.18377824127674103	0.00216478924266994	-0.2892471253871918	-0.13856729865074158	-0.05113010108470917	0.12835034728050232	0.19280283153057098	0.2641358971595764	0.011252797208726406	-0.2801314890384674	-0.024077387526631355	-0.22283785045146942	-0.1318790167570114	0.10401000827550888	0.28253334760665894	-0.2266770601272583	-0.20864397287368774	-0.2722927927970886	-0.016388321295380592	-0.2186395674943924	-0.16323956847190857	0.2638034224510193	0.0884561613202095	-0.1116359606385231	0.36135393381118774	0.3079955577850342	0.06525161117315292	0.09663901478052139
DAN_LABEL_15	-0.4341166317462921	0.06337884068489075	0.34651970863342285	0.060544274747371674	-0.22178494930267334	-0.0170376505702734	-0.3819015324115753	n/a	-0.252940833568573	0.08195744454860687	0.03793817013502121	0.06089899688959122	-0.12977124750614166	0.12231428176164627	1.0	-0.24357306957244873	0.24594026803970337	-0.4218596816062927	-0.1354851871728897	0.15655039250850677	0.2629022002220154	0.3660389184951782	0.5209060311317444	-0.20606589317321777	0.42216426134109497	-0.28247347474098206	-0.01901531033217907	0.11255151033401489	-0.17074137926101685	0.05892933905124664	-0.012995661236345768	-0.35989853739738464	-0.10952737182378769	-0.32115739583969116	n/a	0.2983914613723755	0.042165257036685944	-0.021708767861127853	0.2140466719865799	0.20862703025341034	0.7645966410636902	0.24709634482860565	-0.08377914130687714	0.22496767342090607	0.4333620071411133	0.22314085066318512	0.3095194697380066	-0.19421185553073883	0.44267547130584717	-0.2794971466064453	0.2775958180427551	-0.11085206270217896	-0.3753146827220917	-0.12324950098991394	0.11098257452249527	-0.01173104252666235	-0.1536397486925125	-0.0737440437078476	-0.10572241991758347	-0.05517524108290672	0.40551596879959106	-0.36533865332603455	-0.41547664999961853	0.1878623217344284	0.02066691406071186	-0.038054920732975006	0.12214706093072891	-0.03211082145571709	-0.21006295084953308	-0.08227881789207458	-0.16705766320228577	0.13461224734783173	-0.2203277349472046	0.13947470486164093	0.2899687886238098	0.20954473316669464	0.06362859904766083	0.05982527881860733	-0.11316270381212234	-0.1602550446987152
DMN_LABEL_16	0.6348207592964172	-0.08048080652952194	-0.07493557035923004	-0.45117196440696716	0.29507964849472046	-0.30480751395225525	0.12344025075435638	n/a	0.1385282427072525	-0.5032485723495483	-0.25357478857040405	-0.38174331188201904	-0.0878400057554245	-0.03873418644070625	-0.24357306957244873	1.0	-0.5789557695388794	0.8062129020690918	0.3550494909286499	-0.5285946726799011	-0.6861226558685303	-0.1683482974767685	-0.2593894600868225	-0.05985086038708687	-0.15109121799468994	0.7465842366218567	0.5765668749809265	0.5275315046310425	-0.10431955009698868	-0.21694548428058624	-0.40147966146469116	0.08273249864578247	-0.37400129437446594	0.03819023072719574	n/a	-0.47102221846580505	-0.46063417196273804	-0.3420918583869934	0.0007991672609932721	-0.12118672579526901	-0.11167741566896439	-0.5707693099975586	-0.381079763174057	-0.465704083442688	-0.7302629351615906	-0.12936760485172272	-0.23459187150001526	-0.21058402955532074	-0.17034116387367249	0.7622271180152893	-0.2879296541213989	0.14221778512001038	0.640336275100708	0.06031760573387146	0.05385506525635719	0.05114787444472313	0.0061499630101025105	0.1391262710094452	0.07415897399187088	0.19636264443397522	-0.15481150150299072	-0.09696590155363083	0.44721469283103943	0.06946367025375366	-0.029604407027363777	-0.023762643337249756	0.11213801056146622	0.03749709948897362	0.43168574571609497	-0.010468791238963604	0.16620293259620667	0.164335235953331	0.23299482464790344	-0.04095354303717613	-0.5728217959403992	-0.3356117308139801	-0.06519973278045654	-0.02802753448486328	-0.1761685013771057	0.05682453140616417
CO_LABEL_17	-0.3690534234046936	0.11912437528371811	0.020696135237812996	0.292863130569458	-0.01331201009452343	0.3304520845413208	-0.09927653521299362	n/a	-0.062132950872182846	0.765873908996582	0.39018601179122925	0.647562563419342	0.2681969404220581	0.217964768409729	0.24594026803970337	-0.5789557695388794	1.0	-0.4016454815864563	-0.251937597990036	0.6339786648750305	0.8023691177368164	0.13482977449893951	0.11531437188386917	0.28182676434516907	0.12366800755262375	-0.4028611481189728	-0.5747331380844116	-0.36130061745643616	0.16199932992458344	0.10289114713668823	0.2473791390657425	-0.04921166971325874	0.38415369391441345	-0.07362037897109985	n/a	0.6150107979774475	0.36664479970932007	0.4808305501937866	0.12591390311717987	0.2470257431268692	-0.033431511372327805	0.7965300679206848	0.24479970335960388	0.4993843138217926	0.6609455943107605	0.13029256463050842	0.0164109505712986	0.3032151758670807	0.02490580826997757	-0.5930995941162109	-0.09185829758644104	-0.2307940572500229	-0.5094329118728638	-0.15666639804840088	-0.41664302349090576	0.032667722553014755	0.0439201183617115	-0.22971634566783905	-0.21670174598693848	-0.08585832267999649	0.0987640768289566	-0.12843045592308044	-0.42711663246154785	-0.21918094158172607	-0.21385988593101501	-0.14172101020812988	0.023302223533391953	0.1790878176689148	-0.07689356803894043	-0.10790444910526276	-0.19209225475788116	-0.23448015749454498	-0.05851384997367859	0.09123159945011139	0.3468979001045227	0.18936800956726074	0.18217356503009796	0.07096594572067261	-0.11041690409183502	-0.3623989224433899
DMN_LABEL_18	0.5199716091156006	-0.0067474618554115295	-0.21383054554462433	-0.36498531699180603	0.43021097779273987	-0.14010357856750488	0.11856040358543396	n/a	0.13955780863761902	-0.28261011838912964	-0.16110287606716156	-0.3104322850704193	0.06596480309963226	-0.06735048443078995	-0.4218596816062927	0.8062129020690918	-0.4016454815864563	1.0	0.33456698060035706	-0.45611241459846497	-0.5409353375434875	-0.29329270124435425	-0.31399232149124146	0.06550323963165283	-0.12979286909103394	0.6466200351715088	0.39081308245658875	0.3907219469547272	0.06771377474069595	-0.23028689622879028	-0.32126057147979736	0.29121845960617065	-0.1342487782239914	0.10261300951242447	n/a	-0.4046473205089569	-0.32593539357185364	-0.2823518216609955	-0.04465854912996292	-0.20889952778816223	-0.17275862395763397	-0.43242380023002625	-0.17914029955863953	-0.4035739600658417	-0.6578361988067627	-0.18711663782596588	-0.24813708662986755	-0.009401016868650913	-0.06723488867282867	0.5402889847755432	-0.400234192609787	0.01878266967833042	0.6600000262260437	0.05176004394888878	-0.021425677463412285	-0.026661347597837448	0.10461500287055969	0.048105720430612564	0.060983262956142426	0.2487674206495285	-0.1847114861011505	0.09152406454086304	0.3371853828430176	-0.04062017425894737	-0.022936582565307617	-0.047230858355760574	0.1926535815000534	0.19423191249370575	0.4453226625919342	-0.10648470371961594	0.10364224016666412	-0.010085984133183956	0.20045678317546844	-0.10860035568475723	-0.5044122338294983	-0.28871971368789673	-0.020221928134560585	0.021285725757479668	-0.21466028690338135	0.08374961465597153
VAN_LABEL_19	0.26784229278564453	0.15023578703403473	-0.46887296438217163	-0.4344909191131592	0.09408539533615112	-0.2678101062774658	0.012706409208476543	n/a	-0.07832174003124237	-0.21496109664440155	0.17102009057998657	0.19401025772094727	-0.0854654535651207	0.08234997093677521	-0.1354851871728897	0.3550494909286499	-0.251937597990036	0.33456698060035706	1.0	-0.3320217728614807	-0.23459675908088684	0.2034267634153366	-0.05731545761227608	-0.28818103671073914	0.09292874485254288	0.32466986775398254	0.026738757267594337	-0.11231964826583862	0.14850351214408875	-0.6847819685935974	-0.42959141731262207	0.047680407762527466	-0.4070280194282532	-0.16762405633926392	n/a	0.1047244668006897	0.003504701890051365	0.1934736669063568	-0.059847623109817505	-0.018310412764549255	-0.11750289797782898	-0.4580667018890381	0.4888730049133301	-0.42473533749580383	-0.37782934308052063	0.22860567271709442	-0.0707860067486763	-0.33290842175483704	-0.0827394500374794	0.08975008875131607	-0.5684954524040222	0.08129573613405228	-0.09928815811872482	-0.18207213282585144	-0.4358806908130646	-0.002655997406691313	-0.2654583752155304	0.44870278239250183	0.25379490852355957	0.23999258875846863	0.03412090241909027	-0.36714479327201843	0.42592620849609375	-0.25586140155792236	-0.27609118819236755	0.07133731991052628	0.07270562648773193	0.14882111549377441	0.20496590435504913	0.33385026454925537	0.40811365842819214	-0.005169599782675505	0.14655308425426483	0.20449207723140717	-0.3544105589389801	-0.25464558601379395	0.19308850169181824	0.13691581785678864	0.06550808250904083	0.35259541869163513
CO_LABEL_20	-0.2695229649543762	-0.049373455345630646	-0.019855577498674393	0.7405357360839844	0.12041532248258591	0.2822215259075165	-0.10190916061401367	n/a	0.021729398518800735	0.6370705962181091	0.1585153192281723	0.2816104590892792	0.15002912282943726	0.3565530478954315	0.15655039250850677	-0.5285946726799011	0.6339786648750305	-0.45611241459846497	-0.3320217728614807	1.0	0.6455968618392944	0.1360444277524948	-0.11656065285205841	0.2070421576499939	-0.013507296331226826	-0.3321044445037842	-0.38102662563323975	-0.24074970185756683	0.02283884584903717	0.23421521484851837	0.720740795135498	-0.013031616806983948	0.42971479892730713	-0.07210894674062729	n/a	0.20084252953529358	0.3397298753261566	0.03001299686729908	0.13979507982730865	0.42260685563087463	0.006329129915684462	0.7975202202796936	0.29384645819664	0.7746807932853699	0.6615670323371887	0.08000348508358002	-0.10200724750757217	0.2771969437599182	-0.11229097098112106	-0.5544911026954651	0.20816273987293243	-0.08834166079759598	-0.3500322997570038	-0.06708166748285294	-0.12814544141292572	0.029495516791939735	-0.05959518998861313	-0.1767118126153946	-0.12519603967666626	-0.08400101959705353	-0.0780540183186531	0.03188009560108185	-0.32664889097213745	-0.2575720250606537	-0.0655428022146225	-0.08668682724237442	0.11583547294139862	0.060350824147462845	-0.32630014419555664	-0.2436819225549698	-0.061584100127220154	-0.2862987518310547	-0.20128104090690613	0.08832847326993942	0.5507728457450867	0.33950331807136536	-0.08292785286903381	-0.19200237095355988	-0.06514640897512436	-0.3230382800102234
CO_LABEL_21	-0.4389234185218811	-0.13466466963291168	0.15817593038082123	0.30508992075920105	-0.13421186804771423	0.39930659532546997	-0.1640031635761261	n/a	-0.13197393715381622	0.6579552292823792	0.6369672417640686	0.5561019778251648	0.1926357001066208	0.2242572158575058	0.2629022002220154	-0.6861226558685303	0.8023691177368164	-0.5409353375434875	-0.23459675908088684	0.6455968618392944	1.0	0.42317989468574524	0.09004293382167816	0.2490791380405426	-0.03201529011130333	-0.5978252291679382	-0.5110308527946472	-0.3930996358394623	-0.06316346675157547	0.2074442207813263	0.2664257287979126	-0.10775289684534073	0.38373827934265137	-0.13737794756889343	n/a	0.7358320951461792	0.5968624949455261	0.5272903442382812	-0.001071059494279325	0.24995549023151398	-0.007336826995015144	0.6949837803840637	0.30381813645362854	0.5361563563346863	0.8712999224662781	0.41156163811683655	0.10316392034292221	0.2280821055173874	-0.08696264028549194	-0.5968964099884033	0.0880088061094284	-0.1908647119998932	-0.5881149172782898	-0.1715334802865982	-0.33786797523498535	-0.17890146374702454	-0.16879339516162872	0.056202828884124756	0.0002841274836100638	-0.13670258224010468	-0.0797276496887207	-0.09660834074020386	-0.32497870922088623	-0.15225161612033844	-0.1599057912826538	-0.1315980851650238	-0.1806410700082779	0.1091228574514389	-0.19672830402851105	-0.22091291844844818	-0.16445554792881012	-0.12498976290225983	-0.09753963351249695	0.08436291664838791	0.4311285614967346	0.20100383460521698	0.20326969027519226	0.014688891358673573	-0.039950739592313766	-0.35486119985580444
Sal_LABEL_22	-0.10093226283788681	-0.29120782017707825	0.13202200829982758	-0.07601499557495117	-0.18672707676887512	-0.04553959146142006	-0.18079674243927002	n/a	-0.07768936455249786	0.04595443606376648	0.701608419418335	0.3752595782279968	-0.2968811094760895	0.2316339910030365	0.3660389184951782	-0.1683482974767685	0.13482977449893951	-0.29329270124435425	0.2034267634153366	0.1360444277524948	0.42317989468574524	1.0	0.25031012296676636	0.00038254456012509763	-0.1625417321920395	-0.12668722867965698	-0.09869245439767838	-0.12202399969100952	-0.3442215025424957	-0.059647854417562485	-0.020917976275086403	-0.16977337002754211	-0.04114389047026634	-0.20879842340946198	n/a	0.47275257110595703	0.6452665328979492	0.49790871143341064	-0.248633474111557	0.2429242581129074	0.06783199310302734	-0.0014084414578974247	0.23302777111530304	0.02806379273533821	0.42055341601371765	0.8365415930747986	0.2646882236003876	-0.09574569761753082	-0.2759787440299988	-0.168855220079422	0.00964928139001131	-0.09365520626306534	-0.4123416244983673	-0.20668581128120422	-0.3580404222011566	-0.3349563479423523	-0.5856432914733887	0.6046915650367737	0.4416362941265106	-0.20121879875659943	-0.1472664773464203	-0.4119862914085388	0.07098708301782608	0.13826283812522888	-0.18938656151294708	-0.2373036891222	-0.15829381346702576	-0.1348249763250351	-0.08652530610561371	-0.0991576537489891	0.24702468514442444	0.33107778429985046	-0.30986297130584717	-0.040137358009815216	0.017487267032265663	-0.1543513536453247	0.3088894486427307	0.1852216273546219	0.043335068970918655	-0.03780311346054077
DAN_LABEL_23	-0.1175430491566658	0.11120903491973877	-0.05506312474608421	-0.1860324591398239	0.13103753328323364	-0.07120762020349503	0.16473355889320374	n/a	0.13092179596424103	-0.020193474367260933	0.005873061250895262	0.2854255437850952	-0.3216297924518585	0.06892417371273041	0.5209060311317444	-0.2593894600868225	0.11531437188386917	-0.31399232149124146	-0.05731545761227608	-0.11656065285205841	0.09004293382167816	0.25031012296676636	1.0	-0.11499752849340439	0.12389175593852997	-0.27727556228637695	-0.22926077246665955	-0.1475025862455368	0.036903537809848785	-0.12094864994287491	-0.14982295036315918	0.20791567862033844	-0.16702130436897278	0.14567889273166656	n/a	0.2728728950023651	-0.09038075059652328	0.2910664975643158	-0.07185865193605423	0.10475054383277893	0.4642886817455292	0.03166288509964943	-0.14303095638751984	0.08495551347732544	0.14682643115520477	0.09829646348953247	0.8065911531448364	-0.04674144089221954	0.4523683488368988	-0.12349370121955872	-0.06859301775693893	-0.07371816039085388	-0.2637699246406555	0.313739150762558	-0.11690644174814224	-0.11638093739748001	0.024112582206726074	0.08403591066598892	0.2314930111169815	0.07465345412492752	0.3645884394645691	-0.49891406297683716	-0.27912575006484985	0.06327489018440247	-0.1658342033624649	0.07975534349679947	0.1384212225675583	-0.13912485539913177	-0.11551481485366821	-0.04886435717344284	-0.20156855881214142	0.04316985234618187	-0.2995584309101105	0.09334816783666611	0.007983175106346607	0.040500443428754807	0.3489743173122406	0.5413312315940857	0.23842118680477142	0.16257011890411377
PMN_LABEL_24	0.057783350348472595	-0.2000233680009842	0.22577834129333496	0.06171538680791855	-0.0947856679558754	0.8035417199134827	0.1600753217935562	n/a	0.010981409810483456	0.38782012462615967	0.01891547068953514	0.019104452803730965	0.33431312441825867	0.1653282195329666	-0.20606589317321777	-0.05985086038708687	0.28182676434516907	0.06550323963165283	-0.28818103671073914	0.2070421576499939	0.2490791380405426	0.00038254456012509763	-0.11499752849340439	1.0	-0.08181456476449966	-0.19477912783622742	-0.15294285118579865	-0.06973377615213394	0.02895350567996502	0.38645800948143005	0.16838902235031128	0.17329423129558563	0.8047947287559509	0.23533032834529877	n/a	0.03838827461004257	0.2301899939775467	0.028797965496778488	0.20851832628250122	0.08280439674854279	-0.08112126588821411	0.26068246364593506	-0.1283303201198578	0.1402466744184494	0.09848139435052872	-0.10278231650590897	-0.04647224768996239	0.9279035925865173	-0.06176537275314331	-0.04688819497823715	0.029450371861457825	-0.057210300117731094	0.06886560469865799	-0.15405519306659698	-0.0652964636683464	-0.17106522619724274	-0.07799756526947021	-0.10771447420120239	-0.08835654705762863	0.01952604576945305	-0.12299319356679916	0.08579113334417343	-0.16776598989963531	-0.3276624381542206	-0.07857967913150787	-0.10256683081388474	-0.07296951115131378	0.02594834193587303	-0.30878469347953796	-0.5385043025016785	-0.1508556753396988	-0.16345147788524628	0.01672498509287834	-0.20934809744358063	0.16256378591060638	0.19548644125461578	0.29325729608535767	0.11966365575790405	-0.11505063623189926	-0.1502203643321991
DAN_LABEL_25	-0.4494791030883789	0.4359089732170105	-0.004462618380784988	-0.07476149499416351	-0.136015385389328	0.01611988991498947	-0.3804832100868225	n/a	-0.33344000577926636	0.04417876899242401	-0.2474832832813263	-0.09442311525344849	0.08665511757135391	-0.1332787424325943	0.42216426134109497	-0.15109121799468994	0.12366800755262375	-0.12979286909103394	0.09292874485254288	-0.013507296331226826	-0.03201529011130333	-0.1625417321920395	0.12389175593852997	-0.08181456476449966	1.0	-0.15271054208278656	-0.18890582025051117	-0.07884601503610611	0.3350125849246979	-0.15090316534042358	-0.21789704263210297	-0.10829632729291916	-0.003768163500353694	-0.37054985761642456	n/a	0.0613822266459465	-0.0796259194612503	-0.22901317477226257	0.3726808428764343	-0.1165124773979187	0.4741623103618622	0.11549605429172516	0.0802900493144989	-0.008040480315685272	0.031579166650772095	-0.19608469307422638	-0.15851503610610962	-0.08555061370134354	0.699853777885437	-0.3406628370285034	0.037384748458862305	0.05247463285923004	-0.2902160584926605	-0.2875840663909912	0.06454546004533768	0.13951453566551208	0.08749746531248093	-0.1930108666419983	-0.32098159193992615	0.10457173734903336	0.608220100402832	-0.18666750192642212	-0.23492635786533356	-0.18480484187602997	0.1607832908630371	0.11739946156740189	0.16434668004512787	0.18371455371379852	-0.3363356292247772	0.12068857997655869	0.032746803015470505	-0.24967238306999207	0.06763589382171631	0.058737047016620636	0.1827976256608963	0.2683755159378052	0.08339390903711319	0.022648654878139496	-0.10052226483821869	0.138162299990654
