Node	HIP-head-m-rh	HIP-head-l-rh	HIP-body-rh	HIP-tail-rh	THA-VPm-rh	THA-VPl-rh	THA-VAi-rh	THA-VAs-rh	THA-DAm-rh	THA-DAl-rh	PUT-VA-rh	PUT-DA-rh	PUT-VP-rh	PUT-DP-rh	CAU-VA-rh	CAU-DA-rh	CAU-body-rh	CAU-tail-rh	lAMY-rh	mAMY-rh	THA-DP-rh	NAc-shell-rh	NAc-core-rh	pGP-rh	aGP-rh	HIP-head-m-lh	HIP-head-l-l	HIP-body-l	HIP-tail-lh	THA-VPm-lh	THA-VPl-lh	THA-VAi-lh	THA-VAs-lh	THA-DAm-lh	THA-DAl-lh	PUT-VA-lh	PUT-DA-l	PUT-VP-lh	PUT-DP-lh	CAU-VA-lh	CAU-DA-lh	CAU-body-lh	CAU-tail-lh	lAMY-lh	mAMY-lh	THA-DP-lh	NAc-shell-lh	NAc-core-lh	pGP-lh	aGP-lh
HIP-head-m-rh	1.0	0.44747394323349	0.2929842174053192	0.19294995069503784	-0.021456146612763405	-0.1574098914861679	0.38066402077674866	-0.2708430588245392	-0.07698207348585129	-0.3096392750740051	0.48579350113868713	0.21335819363594055	0.06205752491950989	-0.009920747950673103	0.5341649651527405	0.4533696472644806	0.26562508940696716	0.3146544396877289	-0.21551530063152313	-0.15917974710464478	0.2309880256652832	0.4185400605201721	0.552452564239502	-0.10041724890470505	0.4732191860675812	0.5868919491767883	0.4985783100128174	0.35628435015678406	0.2927740514278412	-0.005910180043429136	-0.24405984580516815	0.1945316344499588	-0.2557617425918579	0.09051388502120972	-0.2854975163936615	0.24311619997024536	0.07445338368415833	0.16847188770771027	0.1457839459180832	0.4933134913444519	0.3779449760913849	0.3493691384792328	0.3792683780193329	-0.10841101408004761	0.27608582377433777	0.016315296292304993	0.5314392447471619	0.4354601800441742	0.253450870513916	0.1715541034936905
HIP-head-l-rh	0.44747394323349	1.0	0.0918746143579483	0.10870920866727829	0.36618572473526	-0.030963292345404625	0.2677578926086426	-0.039733100682497025	-0.21046020090579987	0.36812955141067505	0.38570618629455566	-0.3573960065841675	-0.09614740312099457	-0.15145792067050934	0.48107826709747314	0.19835704565048218	0.07660561054944992	0.029182815924286842	0.18640342354774475	-0.12879599630832672	0.030176470056176186	0.5179848670959473	0.47835931181907654	-0.018441500142216682	0.14353063702583313	0.07837077230215073	0.4584220349788666	0.4718649387359619	0.19167104363441467	0.3118566870689392	0.22817362844944	-0.003991285804659128	-0.2696133553981781	0.15784771740436554	-0.08354133367538452	0.08869213610887527	-0.1180645227432251	-0.2788572311401367	-0.14901511371135712	0.47453948855400085	0.01236724853515625	0.30655261874198914	0.04390108212828636	0.21563713252544403	0.1275104135274887	0.3714717924594879	0.44438135623931885	0.5326274037361145	-0.43799537420272827	-0.33317843079566956
HIP-body-rh	0.2929842174053192	0.0918746143579483	1.0	0.794503927230835	0.311333566904068	-0.1004844382405281	0.5931504964828491	0.30884698033332825	0.3355470299720764	0.2983427941799164	0.19554878771305084	0.3050673007965088	0.03126436844468117	0.2230474352836609	0.2786206901073456	0.3310200273990631	0.29674237966537476	-0.16884362697601318	0.4762798845767975	0.3382539451122284	0.601549506187439	0.4683119058609009	0.03662010282278061	0.013181284070014954	-0.033499959856271744	0.5283451676368713	0.3211633563041687	0.43883171677589417	0.6695044040679932	0.33015507459640503	0.07579325884580612	0.3294893801212311	0.1794736236333847	0.49182236194610596	0.23189249634742737	0.2612195611000061	0.19963541626930237	0.2080962061882019	0.152485191822052	-0.014110956341028214	0.22420284152030945	0.19876517355442047	0.19862709939479828	0.5093436241149902	0.5185779333114624	0.42888695001602173	0.13637703657150269	0.21098996698856354	0.1395075023174286	0.35300061106681824
HIP-tail-rh	0.19294995069503784	0.10870920866727829	0.794503927230835	1.0	0.27491122484207153	-0.18587522208690643	0.35373908281326294	0.16141462326049805	0.19802317023277283	0.24851372838020325	0.21746671199798584	0.1549060195684433	-0.15233105421066284	0.1862211376428604	0.17539693415164948	0.1633542776107788	0.08100062608718872	-0.24968034029006958	0.46943771839141846	0.43620750308036804	0.6852714419364929	0.4926961660385132	-0.044469088315963745	0.20166519284248352	-0.12530384957790375	0.39670953154563904	0.3326885402202606	0.5396814346313477	0.7867926955223083	0.47612738609313965	0.05944172292947769	0.24209089577198029	-0.05611907318234444	0.3892936110496521	0.06457032263278961	0.1788817197084427	0.1059132069349289	0.04665142297744751	0.046612951904535294	-0.14133654534816742	0.06883452832698822	0.12860476970672607	-0.05017423257231712	0.4637134373188019	0.5444287061691284	0.5224325060844421	0.174077108502388	0.09012429416179657	0.2248161882162094	0.35159146785736084
THA-VPm-rh	-0.021456146612763405	0.36618572473526	0.311333566904068	0.27491122484207153	1.0	0.023819297552108765	0.3516308069229126	0.1481669694185257	0.09934093803167343	0.5132350921630859	0.307081937789917	0.06152128800749779	0.1660747230052948	0.18020477890968323	0.3691304326057434	0.19921793043613434	-0.04124806448817253	-0.19391390681266785	0.5144249200820923	0.36819663643836975	0.36032190918922424	0.40320390462875366	0.06164835765957832	0.0959816575050354	-0.061803027987480164	0.16212329268455505	0.2841550409793854	0.23080745339393616	0.40781551599502563	0.6003995537757874	0.18028095364570618	-0.08300185948610306	0.020820844918489456	0.1833239495754242	0.11461789160966873	0.08822176605463028	0.1566881537437439	0.08552738279104233	0.0929366797208786	0.24615775048732758	0.04653206840157509	0.1711517721414566	-0.1627831757068634	0.5821303725242615	0.30916669964790344	0.5107945203781128	0.11525193601846695	0.3774300515651703	-0.26803356409072876	-0.022431515157222748
THA-VPl-rh	-0.1574098914861679	-0.030963292345404625	-0.1004844382405281	-0.18587522208690643	0.023819297552108765	1.0	0.3102797865867615	-0.4087617099285126	0.35817500948905945	-0.05655715614557266	-0.10483497381210327	0.17538143694400787	0.5325976610183716	0.18566276133060455	0.000990018481388688	-0.11461295187473297	-0.1430944800376892	0.039040517061948776	-0.1863633245229721	0.06521859765052795	-0.02031499706208706	-0.1563013792037964	-0.07169225811958313	0.255454957485199	0.2362615317106247	-0.12478342652320862	-0.08277217298746109	-0.3267632722854614	-0.18591803312301636	-0.04355461895465851	0.2465817630290985	0.3993585705757141	-0.08820592612028122	0.12941212952136993	0.3269330561161041	-0.21153609454631805	0.11408437788486481	0.4953169524669647	0.33067259192466736	-0.01180855743587017	-0.0315454937517643	-0.2613680362701416	-0.06203405559062958	-0.22089995443820953	-0.010264898650348186	-0.11418144404888153	-0.38276413083076477	-0.15304683148860931	0.1142016276717186	0.1811751276254654
THA-VAi-rh	0.38066402077674866	0.2677578926086426	0.5931504964828491	0.35373908281326294	0.3516308069229126	0.3102797865867615	1.0	0.1683218777179718	0.4803953468799591	0.20863084495067596	0.31301364302635193	0.5370043516159058	0.4919224679470062	0.48583653569221497	0.6305590867996216	0.6066617965698242	0.5329517126083374	0.2739235758781433	0.07687164098024368	0.19003206491470337	0.2863950729370117	0.3853537142276764	0.43539223074913025	0.051171544939279556	0.49031856656074524	0.2690921127796173	0.314410924911499	0.019142290577292442	0.23709653317928314	0.10519453883171082	0.06968274712562561	0.7164275646209717	0.025285853073000908	0.428227037191391	0.30264610052108765	0.37017330527305603	0.5063309073448181	0.548865795135498	0.5611695647239685	0.49772152304649353	0.6280217170715332	0.4328601360321045	0.5277146100997925	0.07482333481311798	0.12304370105266571	0.05721786618232727	0.21333257853984833	0.49422043561935425	0.31150221824645996	0.40992608666419983
THA-VAs-rh	-0.2708430588245392	-0.039733100682497025	0.30884698033332825	0.16141462326049805	0.1481669694185257	-0.4087617099285126	0.1683218777179718	1.0	0.13049466907978058	0.3554663360118866	0.05335859954357147	0.10054515302181244	-0.2277681678533554	0.2021457701921463	0.13826149702072144	0.351028710603714	0.44481733441352844	0.12565623223781586	0.2644116282463074	0.10432986915111542	0.041422516107559204	-0.04251017048954964	0.15108804404735565	-0.3275381624698639	-0.059876397252082825	-0.29699942469596863	-0.10722704231739044	-0.02094305492937565	-0.00039190863026306033	0.05788033455610275	-0.046671513468027115	0.013711106963455677	0.4381909668445587	0.06065375357866287	0.21641217172145844	0.3732481598854065	0.27025100588798523	-0.14542320370674133	0.0021305736154317856	0.09378970414400101	0.303684264421463	0.4112730324268341	0.31338343024253845	0.19483840465545654	-0.2194664478302002	0.1674668788909912	0.030513472855091095	0.19718769192695618	-0.0994471088051796	0.08440572023391724
THA-DAm-rh	-0.07698207348585129	-0.21046020090579987	0.3355470299720764	0.19802317023277283	0.09934093803167343	0.35817500948905945	0.4803953468799591	0.13049466907978058	1.0	0.13048963248729706	0.04308346286416054	0.4398115575313568	0.10629891604185104	0.14554449915885925	0.1463506817817688	0.18726202845573425	0.1011100634932518	-0.11790081858634949	0.2560836672782898	0.2732435166835785	0.30868950486183167	0.11241044849157333	0.06727703660726547	-0.08769963681697845	-0.007621563971042633	-0.01808772049844265	-0.044157881289720535	-0.011584724299609661	0.10552043467760086	0.2468944489955902	0.37490442395210266	0.6023771166801453	0.2542094588279724	0.47840777039527893	0.35255876183509827	0.21927770972251892	0.307879775762558	0.29063376784324646	0.31750646233558655	-0.07233686745166779	0.2829025983810425	-0.06617816537618637	0.08289965242147446	0.1515125185251236	0.25829246640205383	0.1828608214855194	-0.30835598707199097	0.04823343828320503	0.3851446211338043	0.5608600974082947
THA-DAl-rh	-0.3096392750740051	0.36812955141067505	0.2983427941799164	0.24851372838020325	0.5132350921630859	-0.05655715614557266	0.20863084495067596	0.3554663360118866	0.13048963248729706	1.0	0.07044434547424316	-0.1887231022119522	-0.08174382895231247	0.10854008048772812	0.1903926283121109	-0.06827948242425919	-0.03849517181515694	-0.4205758273601532	0.7651956081390381	0.2682470381259918	0.09060315787792206	0.4439060389995575	-0.10748150199651718	0.07204750925302505	-0.3968750834465027	-0.09932073950767517	0.24574346840381622	0.15316475927829742	0.2593539357185364	0.4160776138305664	0.44872361421585083	-0.06806480139493942	0.34969088435173035	0.35722094774246216	0.3021065592765808	0.2579188048839569	0.02162325009703636	-0.16812631487846375	-0.154415562748909	-0.029686009511351585	-0.1707080453634262	0.0481770820915699	-0.17212864756584167	0.6396266222000122	0.2006436437368393	0.5405625700950623	0.14701873064041138	0.27932098507881165	-0.4019702970981598	-0.29970186948776245
PUT-VA-rh	0.48579350113868713	0.38570618629455566	0.19554878771305084	0.21746671199798584	0.307081937789917	-0.10483497381210327	0.31301364302635193	0.05335859954357147	0.04308346286416054	0.07044434547424316	1.0	0.3732752501964569	0.05695638805627823	0.21538622677326202	0.7320534586906433	0.6349402070045471	0.23781248927116394	0.3555443584918976	0.04603144899010658	-0.0582163967192173	0.40259894728660583	0.5874949097633362	0.715294599533081	0.1978096067905426	0.45068588852882385	0.16546331346035004	0.2899223268032074	0.3049296736717224	0.3537963330745697	0.4499620497226715	0.057072654366493225	0.10940051078796387	0.050296634435653687	0.4574172794818878	0.2884541153907776	0.5977340340614319	0.4786929190158844	0.24187837541103363	0.3956705629825592	0.5417912006378174	0.521125078201294	0.6655284762382507	0.24375019967556	0.18479666113853455	0.2503647804260254	0.19010692834854126	0.48680785298347473	0.801602840423584	0.0898478701710701	0.13599081337451935
PUT-DA-rh	0.21335819363594055	-0.3573960065841675	0.3050673007965088	0.1549060195684433	0.06152128800749779	0.17538143694400787	0.5370043516159058	0.10054515302181244	0.4398115575313568	-0.1887231022119522	0.3732752501964569	1.0	0.535773754119873	0.727102518081665	0.46930330991744995	0.5466251373291016	0.3673274517059326	0.4804568588733673	-0.2081342190504074	0.1990426778793335	0.2781289219856262	0.048707056790590286	0.24751126766204834	0.16005489230155945	0.49323636293411255	0.14413700997829437	-0.014415185898542404	-0.19115538895130157	0.01179648470133543	0.00045255053555592895	-0.19641657173633575	0.5314622521400452	0.13414783775806427	0.2982267141342163	0.2865579128265381	0.36782941222190857	0.7441192865371704	0.7245925664901733	0.8215082883834839	0.2967267334461212	0.6326711177825928	0.40099459886550903	0.41943439841270447	-0.22787903249263763	-0.03669298440217972	-0.2771664261817932	-0.07485272735357285	0.2528612017631531	0.5872962474822998	0.5130758285522461
PUT-VP-rh	0.06205752491950989	-0.09614740312099457	0.03126436844468117	-0.15233105421066284	0.1660747230052948	0.5325976610183716	0.4919224679470062	-0.2277681678533554	0.10629891604185104	-0.08174382895231247	0.05695638805627823	0.535773754119873	1.0	0.5438207983970642	0.33009010553359985	0.33698394894599915	0.2046465277671814	0.37761831283569336	-0.3976728320121765	-0.005414261948317289	-0.07387597113847733	-0.09872082620859146	0.13941438496112823	0.31097835302352905	0.46541285514831543	0.031718358397483826	-0.05922954902052879	-0.3797731101512909	-0.2725665271282196	-0.294929176568985	-0.09775727987289429	0.435259073972702	-0.21513943374156952	0.19455961883068085	0.33133310079574585	-0.1416856199502945	0.47810807824134827	0.7200881242752075	0.7003746032714844	0.3560865521430969	0.33562740683555603	0.0978870764374733	0.3097546696662903	-0.3393895924091339	-0.29639261960983276	-0.5072621703147888	-0.14120852947235107	0.030605360865592957	0.21727363765239716	0.043713390827178955
PUT-DP-rh	-0.009920747950673103	-0.15145792067050934	0.2230474352836609	0.1862211376428604	0.18020477890968323	0.18566276133060455	0.48583653569221497	0.2021457701921463	0.14554449915885925	0.10854008048772812	0.21538622677326202	0.727102518081665	0.5438207983970642	1.0	0.3889317512512207	0.3701168894767761	0.3119273781776428	0.4184626042842865	-0.10755017399787903	0.20658168196678162	0.14716850221157074	0.06129416450858116	0.08484234660863876	0.1773243248462677	0.49245935678482056	-0.10650447756052017	-0.15585438907146454	-0.08810102939605713	-0.06946484744548798	-0.06870896369218826	-0.17254070937633514	0.40150588750839233	-0.04935517907142639	0.15403024852275848	0.2637164294719696	0.4034179449081421	0.7736310958862305	0.5793044567108154	0.6932314038276672	0.24974681437015533	0.41266557574272156	0.41183024644851685	0.28341352939605713	-0.1912759244441986	-0.23802468180656433	-0.25465476512908936	0.047198060899972916	0.2572288513183594	0.4262596368789673	0.25230690836906433
CAU-VA-rh	0.5341649651527405	0.48107826709747314	0.2786206901073456	0.17539693415164948	0.3691304326057434	0.000990018481388688	0.6305590867996216	0.13826149702072144	0.1463506817817688	0.1903926283121109	0.7320534586906433	0.46930330991744995	0.33009010553359985	0.3889317512512207	1.0	0.7691563963890076	0.494678795337677	0.46273255348205566	0.05679456144571304	-0.005283512640744448	0.19953322410583496	0.5153160691261292	0.7690513134002686	0.16335628926753998	0.547968327999115	0.09899380803108215	0.3326908349990845	0.18271306157112122	0.16860897839069366	0.18148861825466156	-0.08938505500555038	0.38247209787368774	-0.04471316933631897	0.44361478090286255	0.24219335615634918	0.4989515244960785	0.5923362374305725	0.2640462815761566	0.5411763787269592	0.8165407776832581	0.7002456784248352	0.7420567274093628	0.4244498014450073	0.02394331991672516	0.0122502651065588	0.10412880778312683	0.35909634828567505	0.7743785977363586	0.08875702321529388	0.22373096644878387
CAU-DA-rh	0.4533696472644806	0.19835704565048218	0.3310200273990631	0.1633542776107788	0.19921793043613434	-0.11461295187473297	0.6066617965698242	0.351028710603714	0.18726202845573425	-0.06827948242425919	0.6349402070045471	0.5466251373291016	0.33698394894599915	0.3701168894767761	0.7691563963890076	1.0	0.7372115850448608	0.6532431840896606	-0.2023494988679886	-0.1398734152317047	0.24309678375720978	0.29270315170288086	0.7724512219429016	-0.1092449203133583	0.6831859350204468	0.1010415256023407	-0.0013223288115113974	0.10115831345319748	0.08741700649261475	0.022929197177290916	-0.2012324333190918	0.3970479667186737	0.031531158834695816	0.34489068388938904	0.22522622346878052	0.5078722834587097	0.5929003953933716	0.31239932775497437	0.5322511196136475	0.6728157997131348	0.796558678150177	0.7077223658561707	0.7254713177680969	-0.07819874584674835	-0.0496051199734211	-0.1316058188676834	0.2693721055984497	0.6309094429016113	0.257547527551651	0.2966517210006714
CAU-body-rh	0.26562508940696716	0.07660561054944992	0.29674237966537476	0.08100062608718872	-0.04124806448817253	-0.1430944800376892	0.5329517126083374	0.44481733441352844	0.1011100634932518	-0.03849517181515694	0.23781248927116394	0.3673274517059326	0.2046465277671814	0.3119273781776428	0.494678795337677	0.7372115850448608	1.0	0.6627214550971985	-0.16930007934570312	-0.16540482640266418	-0.05326823890209198	0.0807303860783577	0.6017982363700867	-0.3433818519115448	0.5194337964057922	0.01408474426716566	-0.01978055015206337	-0.06090246140956879	-0.1715669482946396	-0.14684408903121948	-0.24688367545604706	0.41731441020965576	0.04423896595835686	0.1393943876028061	0.001355173997581005	0.40546709299087524	0.35705435276031494	0.09224700182676315	0.30273622274398804	0.5073142647743225	0.6705887913703918	0.6774879693984985	0.864021897315979	-0.24732856452465057	-0.2722046673297882	-0.24381950497627258	0.1476670801639557	0.41382288932800293	0.19270995259284973	0.22241690754890442
CAU-tail-rh	0.3146544396877289	0.029182815924286842	-0.16884362697601318	-0.24968034029006958	-0.19391390681266785	0.039040517061948776	0.2739235758781433	0.12565623223781586	-0.11790081858634949	-0.4205758273601532	0.3555443584918976	0.4804568588733673	0.37761831283569336	0.4184626042842865	0.46273255348205566	0.6532431840896606	0.6627214550971985	1.0	-0.6202009320259094	-0.2504802644252777	-0.12349028885364532	-0.23111748695373535	0.5888678431510925	-0.07008074223995209	0.7293445467948914	-0.12075313180685043	-0.07877655327320099	-0.23348748683929443	-0.39549094438552856	-0.26882392168045044	-0.4028659462928772	0.33579203486442566	-0.11679093539714813	-0.057256028056144714	-0.04802917689085007	0.21157322824001312	0.44979262351989746	0.33619746565818787	0.5352168083190918	0.6297894716262817	0.6606850028038025	0.6481389403343201	0.7088413238525391	-0.6056081652641296	-0.43283477425575256	-0.5755532383918762	0.11514308303594589	0.36509421467781067	0.308770090341568	0.13758927583694458
lAMY-rh	-0.21551530063152313	0.18640342354774475	0.4762798845767975	0.46943771839141846	0.5144249200820923	-0.1863633245229721	0.07687164098024368	0.2644116282463074	0.2560836672782898	0.7651956081390381	0.04603144899010658	-0.2081342190504074	-0.3976728320121765	-0.10755017399787903	0.05679456144571304	-0.2023494988679886	-0.16930007934570312	-0.6202009320259094	1.0	0.4928244650363922	0.32913607358932495	0.46104851365089417	-0.23561477661132812	0.08373739570379257	-0.6304671168327332	0.13697472214698792	0.3152356743812561	0.3656122088432312	0.5424854755401611	0.6205929517745972	0.367269366979599	-0.12187687307596207	0.3481596112251282	0.3220825791358948	0.15135149657726288	0.19074006378650665	-0.10915789753198624	-0.28859254717826843	-0.28304100036621094	-0.2150251865386963	-0.2255602926015854	-0.045582469552755356	-0.3771207928657532	0.8261740803718567	0.5314592123031616	0.7717557549476624	0.006987994071096182	0.13710926473140717	-0.3084108233451843	-0.008782702498137951
mAMY-rh	-0.15917974710464478	-0.12879599630832672	0.3382539451122284	0.43620750308036804	0.36819663643836975	0.06521859765052795	0.19003206491470337	0.10432986915111542	0.2732435166835785	0.2682470381259918	-0.0582163967192173	0.1990426778793335	-0.005414261948317289	0.20658168196678162	-0.005283512640744448	-0.1398734152317047	-0.16540482640266418	-0.2504802644252777	0.4928244650363922	1.0	0.37736988067626953	0.0015754678752273321	-0.28353527188301086	0.3403625190258026	-0.30046793818473816	0.024699028581380844	0.22852441668510437	0.07759230583906174	0.28460532426834106	0.33802080154418945	-0.02858162857592106	0.25542739033699036	0.04347629100084305	0.0726790651679039	-0.0420258492231369	-0.054611168801784515	0.12541510164737701	0.18977077305316925	0.11600130051374435	0.019765103235840797	0.020068444311618805	-0.009383915923535824	-0.270155668258667	0.3075089156627655	0.36079367995262146	0.25571802258491516	-0.1750430166721344	-0.14081569015979767	0.1635020226240158	0.3289220929145813
THA-DP-rh	0.2309880256652832	0.030176470056176186	0.601549506187439	0.6852714419364929	0.36032190918922424	-0.02031499706208706	0.2863950729370117	0.041422516107559204	0.30868950486183167	0.09060315787792206	0.40259894728660583	0.2781289219856262	-0.07387597113847733	0.14716850221157074	0.19953322410583496	0.24309678375720978	-0.05326823890209198	-0.12349028885364532	0.32913607358932495	0.37736988067626953	1.0	0.29710933566093445	-0.053649622946977615	0.19356611371040344	0.002796716522425413	0.5153881311416626	0.21741575002670288	0.41363152861595154	0.7124024629592896	0.5701953768730164	0.25583410263061523	0.17751289904117584	0.044120073318481445	0.3887344002723694	0.07047621160745621	0.24307742714881897	0.179103821516037	0.30675071477890015	0.07641218602657318	-0.06015763431787491	0.03692135587334633	0.07271013408899307	-0.05859925225377083	0.5029517412185669	0.7289294600486755	0.5227946639060974	0.20319698750972748	0.17129464447498322	0.3674602508544922	0.4839784502983093
NAc-shell-rh	0.4185400605201721	0.5179848670959473	0.4683119058609009	0.4926961660385132	0.40320390462875366	-0.1563013792037964	0.3853537142276764	-0.04251017048954964	0.11241044849157333	0.4439060389995575	0.5874949097633362	0.048707056790590286	-0.09872082620859146	0.06129416450858116	0.5153160691261292	0.29270315170288086	0.0807303860783577	-0.23111748695373535	0.46104851365089417	0.0015754678752273321	0.29710933566093445	1.0	0.3915933668613434	0.11958836019039154	0.036706551909446716	0.27474382519721985	0.4364819824695587	0.52732914686203	0.6417679786682129	0.4568351209163666	0.14958123862743378	0.04146910831332207	0.06904321908950806	0.4034796953201294	0.22148726880550385	0.5191787481307983	0.17481113970279694	-0.05740191042423248	0.045443154871463776	0.15029026567935944	0.1563543975353241	0.3399958908557892	0.027990899980068207	0.511455237865448	0.3872348368167877	0.5123813152313232	0.5083742737770081	0.58492112159729	-0.1405797302722931	0.02922166883945465
NAc-core-rh	0.552452564239502	0.47835931181907654	0.03662010282278061	-0.044469088315963745	0.06164835765957832	-0.07169225811958313	0.43539223074913025	0.15108804404735565	0.06727703660726547	-0.10748150199651718	0.715294599533081	0.24751126766204834	0.13941438496112823	0.08484234660863876	0.7690513134002686	0.7724512219429016	0.6017982363700867	0.5888678431510925	-0.23561477661132812	-0.28353527188301086	-0.053649622946977615	0.3915933668613434	1.0	-0.08494985103607178	0.6224148869514465	-0.060694679617881775	0.19913561642169952	0.11360999196767807	-0.07034438848495483	0.040140923112630844	-0.11032730340957642	0.32688823342323303	-0.1511131078004837	0.2664322257041931	0.12754368782043457	0.4408775568008423	0.41301727294921875	0.07143127173185349	0.3867773115634918	0.7662380337715149	0.7442356944084167	0.7569209933280945	0.5778201222419739	-0.2252448946237564	-0.19557200372219086	-0.13516156375408173	0.381770521402359	0.7378808856010437	0.052455734461545944	0.09522893279790878
pGP-rh	-0.10041724890470505	-0.018441500142216682	0.013181284070014954	0.20166519284248352	0.0959816575050354	0.255454957485199	0.051171544939279556	-0.3275381624698639	-0.08769963681697845	0.07204750925302505	0.1978096067905426	0.16005489230155945	0.31097835302352905	0.1773243248462677	0.16335628926753998	-0.1092449203133583	-0.3433818519115448	-0.07008074223995209	0.08373739570379257	0.3403625190258026	0.19356611371040344	0.11958836019039154	-0.08494985103607178	1.0	-0.06923225522041321	-0.034755464643239975	0.21025140583515167	-0.05204000696539879	0.22067473828792572	0.048839304596185684	-0.0485861673951149	0.18775907158851624	-0.08055604994297028	0.272392600774765	0.3758618235588074	-0.1092422679066658	0.28064122796058655	0.35641735792160034	0.40142378211021423	0.13086697459220886	0.08539581298828125	0.07268556207418442	-0.3549909293651581	0.04666838422417641	0.048986613750457764	-0.05873695760965347	0.016006022691726685	0.042564358562231064	0.04294507950544357	0.009897075593471527
aGP-rh	0.4732191860675812	0.14353063702583313	-0.033499959856271744	-0.12530384957790375	-0.061803027987480164	0.2362615317106247	0.49031856656074524	-0.059876397252082825	-0.007621563971042633	-0.3968750834465027	0.45068588852882385	0.49323636293411255	0.46541285514831543	0.49245935678482056	0.547968327999115	0.6831859350204468	0.5194337964057922	0.7293445467948914	-0.6304671168327332	-0.30046793818473816	0.002796716522425413	0.036706551909446716	0.6224148869514465	-0.06923225522041321	1.0	-0.00014810721040703356	-0.16357487440109253	-0.03470891714096069	-0.2159212827682495	-0.2907230257987976	-0.2638729512691498	0.43767133355140686	-0.3044120967388153	0.08438845723867416	0.06793422996997833	0.3728456497192383	0.5518701076507568	0.4524693787097931	0.5659376382827759	0.6287404894828796	0.6390417814254761	0.4988064467906952	0.5716428160667419	-0.5184162855148315	-0.2739165425300598	-0.43830135464668274	0.30546340346336365	0.4773573577404022	0.4209192991256714	0.2626870572566986
HIP-head-m-lh	0.5868919491767883	0.07837077230215073	0.5283451676368713	0.39670953154563904	0.16212329268455505	-0.12478342652320862	0.2690921127796173	-0.29699942469596863	-0.01808772049844265	-0.09932073950767517	0.16546331346035004	0.14413700997829437	0.031718358397483826	-0.10650447756052017	0.09899380803108215	0.1010415256023407	0.01408474426716566	-0.12075313180685043	0.13697472214698792	0.024699028581380844	0.5153881311416626	0.27474382519721985	-0.060694679617881775	-0.034755464643239975	-0.00014810721040703356	1.0	0.49303415417671204	0.2406580001115799	0.5778522491455078	0.23437663912773132	0.05609545111656189	-0.0005557950353249907	-0.02510998584330082	0.18430739641189575	-0.17528901994228363	0.019454050809144974	-0.22119556367397308	0.26776188611984253	-0.08629012852907181	-0.034880224615335464	-0.04241158440709114	-0.08134046196937561	0.09205686300992966	0.37007981538772583	0.6744459867477417	0.26321539282798767	0.3226209580898285	0.1357869654893875	0.1819697469472885	0.17773942649364471
HIP-head-l-l	0.4985783100128174	0.4584220349788666	0.3211633563041687	0.3326885402202606	0.2841550409793854	-0.08277217298746109	0.314410924911499	-0.10722704231739044	-0.044157881289720535	0.24574346840381622	0.2899223268032074	-0.014415185898542404	-0.05922954902052879	-0.15585438907146454	0.3326908349990845	-0.0013223288115113974	-0.01978055015206337	-0.07877655327320099	0.3152356743812561	0.22852441668510437	0.21741575002670288	0.4364819824695587	0.19913561642169952	0.21025140583515167	-0.16357487440109253	0.49303415417671204	1.0	0.05600135400891304	0.469468355178833	0.38123950362205505	0.0402919165790081	0.09142540395259857	0.041430648416280746	0.08082327991724014	-0.16723209619522095	0.02673601359128952	-0.19248254597187042	0.1275700032711029	-0.014628155156970024	0.22653983533382416	0.10843630135059357	0.20733247697353363	0.02306963875889778	0.2321561872959137	0.3666878342628479	0.3674195408821106	0.41604429483413696	0.29938724637031555	-0.03761819377541542	-0.050388116389513016
HIP-body-l	0.35628435015678406	0.4718649387359619	0.43883171677589417	0.5396814346313477	0.23080745339393616	-0.3267632722854614	0.019142290577292442	-0.02094305492937565	-0.011584724299609661	0.15316475927829742	0.3049296736717224	-0.19115538895130157	-0.3797731101512909	-0.08810102939605713	0.18271306157112122	0.10115831345319748	-0.06090246140956879	-0.23348748683929443	0.3656122088432312	0.07759230583906174	0.41363152861595154	0.52732914686203	0.11360999196767807	-0.05204000696539879	-0.03470891714096069	0.2406580001115799	0.05600135400891304	1.0	0.49653616547584534	0.4077661633491516	0.08422095328569412	-0.04895994812250137	-0.22353221476078033	0.37721332907676697	-0.056016672402620316	0.16765433549880981	-0.03289233520627022	-0.4013586938381195	-0.18990376591682434	0.02380240149796009	-0.1187712699174881	0.12166465073823929	-0.21424269676208496	0.42658570408821106	0.4570592939853668	0.48238852620124817	0.24304336309432983	0.2507930099964142	-0.18034528195858002	0.01822139136493206
HIP-tail-lh	0.2927740514278412	0.19167104363441467	0.6695044040679932	0.7867926955223083	0.40781551599502563	-0.18591803312301636	0.23709653317928314	-0.00039190863026306033	0.10552043467760086	0.2593539357185364	0.3537963330745697	0.01179648470133543	-0.2725665271282196	-0.06946484744548798	0.16860897839069366	0.08741700649261475	-0.1715669482946396	-0.39549094438552856	0.5424854755401611	0.28460532426834106	0.7124024629592896	0.6417679786682129	-0.07034438848495483	0.22067473828792572	-0.2159212827682495	0.5778522491455078	0.469468355178833	0.49653616547584534	1.0	0.5824055671691895	0.08895064890384674	-0.06977501511573792	0.18058452010154724	0.28215038776397705	0.0763763040304184	0.2676725685596466	-0.06195342168211937	0.04989229887723923	-0.10483968257904053	-0.16775809228420258	-0.06961143761873245	0.01946687512099743	-0.18050365149974823	0.7054065465927124	0.7502723336219788	0.7236351370811462	0.30861586332321167	0.2055046111345291	0.06363759189844131	0.27238306403160095
THA-VPm-lh	-0.005910180043429136	0.3118566870689392	0.33015507459640503	0.47612738609313965	0.6003995537757874	-0.04355461895465851	0.10519453883171082	0.05788033455610275	0.2468944489955902	0.4160776138305664	0.4499620497226715	0.00045255053555592895	-0.294929176568985	-0.06870896369218826	0.18148861825466156	0.022929197177290916	-0.14684408903121948	-0.26882392168045044	0.6205929517745972	0.33802080154418945	0.5701953768730164	0.4568351209163666	0.040140923112630844	0.048839304596185684	-0.2907230257987976	0.23437663912773132	0.38123950362205505	0.4077661633491516	0.5824055671691895	1.0	0.4974462687969208	-0.11181873083114624	0.14011774957180023	0.30433565378189087	0.06042642146348953	0.1530899554491043	-0.07370203733444214	-0.1045849621295929	-0.09302453696727753	-0.08350920677185059	-0.12745405733585358	0.11295446008443832	-0.18943043053150177	0.6513648629188538	0.6378976702690125	0.7274759411811829	0.021168876439332962	0.3060426115989685	-0.16475437581539154	0.07405095547437668
THA-VPl-lh	-0.24405984580516815	0.22817362844944	0.07579325884580612	0.05944172292947769	0.18028095364570618	0.2465817630290985	0.06968274712562561	-0.046671513468027115	0.37490442395210266	0.44872361421585083	0.057072654366493225	-0.19641657173633575	-0.09775727987289429	-0.17254070937633514	-0.08938505500555038	-0.2012324333190918	-0.24688367545604706	-0.4028659462928772	0.367269366979599	-0.02858162857592106	0.25583410263061523	0.14958123862743378	-0.11032730340957642	-0.0485861673951149	-0.2638729512691498	0.05609545111656189	0.0402919165790081	0.08422095328569412	0.08895064890384674	0.4974462687969208	1.0	0.04366082325577736	0.05438690260052681	0.3609810173511505	0.2522660493850708	-0.02125377766788006	-0.1414439082145691	-0.040409501641988754	-0.21836484968662262	-0.23602044582366943	-0.27989891171455383	-0.2703408896923065	-0.18768350780010223	0.44533857703208923	0.3809364140033722	0.39684194326400757	-0.044330548495054245	0.11113335937261581	-0.11449746787548065	-0.08501742780208588
THA-VAi-lh	0.1945316344499588	-0.003991285804659128	0.3294893801212311	0.24209089577198029	-0.08300185948610306	0.3993585705757141	0.7164275646209717	0.013711106963455677	0.6023771166801453	-0.06806480139493942	0.10940051078796387	0.5314622521400452	0.435259073972702	0.40150588750839233	0.38247209787368774	0.3970479667186737	0.41731441020965576	0.33579203486442566	-0.12187687307596207	0.25542739033699036	0.17751289904117584	0.04146910831332207	0.32688823342323303	0.18775907158851624	0.43767133355140686	-0.0005557950353249907	0.09142540395259857	-0.04895994812250137	-0.06977501511573792	-0.11181873083114624	0.04366082325577736	1.0	-0.19122570753097534	0.45419323444366455	0.18038329482078552	0.12193076312541962	0.46930360794067383	0.4701397716999054	0.624980628490448	0.36828702688217163	0.618752121925354	0.2506634294986725	0.3566623330116272	-0.30104175209999084	-0.06016271561384201	-0.24293257296085358	-0.059193290770053864	0.17001359164714813	0.5516682863235474	0.5304019451141357
THA-VAs-lh	-0.2557617425918579	-0.2696133553981781	0.1794736236333847	-0.05611907318234444	0.020820844918489456	-0.08820592612028122	0.025285853073000908	0.4381909668445587	0.2542094588279724	0.34969088435173035	0.050296634435653687	0.13414783775806427	-0.21513943374156952	-0.04935517907142639	-0.04471316933631897	0.031531158834695816	0.04423896595835686	-0.11679093539714813	0.3481596112251282	0.04347629100084305	0.044120073318481445	0.06904321908950806	-0.1511131078004837	-0.08055604994297028	-0.3044120967388153	-0.02510998584330082	0.041430648416280746	-0.22353221476078033	0.18058452010154724	0.14011774957180023	0.05438690260052681	-0.19122570753097534	1.0	0.14587783813476562	0.41299909353256226	0.35152027010917664	0.07271713763475418	0.07163788378238678	-0.03395688533782959	-0.21257300674915314	0.02733219787478447	0.03814287856221199	0.10346967726945877	0.38619714975357056	0.14835815131664276	0.2456146478652954	-0.0010002051712945104	0.11491305381059647	-0.138642355799675	-0.012710092589259148
THA-DAm-lh	0.09051388502120972	0.15784771740436554	0.49182236194610596	0.3892936110496521	0.1833239495754242	0.12941212952136993	0.428227037191391	0.06065375357866287	0.47840777039527893	0.35722094774246216	0.4574172794818878	0.2982267141342163	0.19455961883068085	0.15403024852275848	0.44361478090286255	0.34489068388938904	0.1393943876028061	-0.057256028056144714	0.3220825791358948	0.0726790651679039	0.3887344002723694	0.4034796953201294	0.2664322257041931	0.272392600774765	0.08438845723867416	0.18430739641189575	0.08082327991724014	0.37721332907676697	0.28215038776397705	0.30433565378189087	0.3609810173511505	0.45419323444366455	0.14587783813476562	1.0	0.6371497511863708	0.2721400260925293	0.3733676075935364	0.21969659626483917	0.36120450496673584	0.18769221007823944	0.280510276556015	0.2139957994222641	-0.019438832998275757	0.3452518582344055	0.317770779132843	0.21491187810897827	0.09677665680646896	0.4254787564277649	0.023036649450659752	0.16428638994693756
THA-DAl-lh	-0.2854975163936615	-0.08354133367538452	0.23189249634742737	0.06457032263278961	0.11461789160966873	0.3269330561161041	0.30264610052108765	0.21641217172145844	0.35255876183509827	0.3021065592765808	0.2884541153907776	0.2865579128265381	0.33133310079574585	0.2637164294719696	0.24219335615634918	0.22522622346878052	0.001355173997581005	-0.04802917689085007	0.15135149657726288	-0.0420258492231369	0.07047621160745621	0.22148726880550385	0.12754368782043457	0.3758618235588074	0.06793422996997833	-0.17528901994228363	-0.16723209619522095	-0.056016672402620316	0.0763763040304184	0.06042642146348953	0.2522660493850708	0.18038329482078552	0.41299909353256226	0.6371497511863708	1.0	0.3101830780506134	0.5152643322944641	0.38232123851776123	0.43374282121658325	0.03406551852822304	0.2197614312171936	0.19405581057071686	-0.02784680761396885	0.24563634395599365	-0.03440369293093681	0.02201905846595764	-0.05277256667613983	0.2900539040565491	-0.15997104346752167	0.051925621926784515
PUT-VA-lh	0.24311619997024536	0.08869213610887527	0.2612195611000061	0.1788817197084427	0.08822176605463028	-0.21153609454631805	0.37017330527305603	0.3732481598854065	0.21927770972251892	0.2579188048839569	0.5977340340614319	0.36782941222190857	-0.1416856199502945	0.4034179449081421	0.4989515244960785	0.5078722834587097	0.40546709299087524	0.21157322824001312	0.19074006378650665	-0.054611168801784515	0.24307742714881897	0.5191787481307983	0.4408775568008423	-0.1092422679066658	0.3728456497192383	0.019454050809144974	0.02673601359128952	0.16765433549880981	0.2676725685596466	0.1530899554491043	-0.02125377766788006	0.12193076312541962	0.35152027010917664	0.2721400260925293	0.3101830780506134	1.0	0.5511966943740845	0.18823125958442688	0.22442223131656647	0.2725566327571869	0.4494175910949707	0.6023962497711182	0.37321653962135315	0.20270584523677826	0.11221668869256973	0.2047935128211975	0.5144335031509399	0.6707226037979126	0.2433689683675766	0.29244574904441833
PUT-DA-l	0.07445338368415833	-0.1180645227432251	0.19963541626930237	0.1059132069349289	0.1566881537437439	0.11408437788486481	0.5063309073448181	0.27025100588798523	0.307879775762558	0.02162325009703636	0.4786929190158844	0.7441192865371704	0.47810807824134827	0.7736310958862305	0.5923362374305725	0.5929003953933716	0.35705435276031494	0.44979262351989746	-0.10915789753198624	0.12541510164737701	0.179103821516037	0.17481113970279694	0.41301727294921875	0.28064122796058655	0.5518701076507568	-0.22119556367397308	-0.19248254597187042	-0.03289233520627022	-0.06195342168211937	-0.07370203733444214	-0.1414439082145691	0.46930360794067383	0.07271713763475418	0.3733676075935364	0.5152643322944641	0.5511966943740845	1.0	0.5844141244888306	0.8181354999542236	0.48150402307510376	0.6958777904510498	0.6127589344978333	0.32363349199295044	-0.16939248144626617	-0.2700778543949127	-0.2289932668209076	0.13195642828941345	0.4610940217971802	0.4076303243637085	0.35122302174568176
PUT-VP-lh	0.16847188770771027	-0.2788572311401367	0.2080962061882019	0.04665142297744751	0.08552738279104233	0.4953169524669647	0.548865795135498	-0.14542320370674133	0.29063376784324646	-0.16812631487846375	0.24187837541103363	0.7245925664901733	0.7200881242752075	0.5793044567108154	0.2640462815761566	0.31239932775497437	0.09224700182676315	0.33619746565818787	-0.28859254717826843	0.18977077305316925	0.30675071477890015	-0.05740191042423248	0.07143127173185349	0.35641735792160034	0.4524693787097931	0.26776188611984253	0.1275700032711029	-0.4013586938381195	0.04989229887723923	-0.1045849621295929	-0.040409501641988754	0.4701397716999054	0.07163788378238678	0.21969659626483917	0.38232123851776123	0.18823125958442688	0.5844141244888306	1.0	0.7136204838752747	0.22280965745449066	0.41535449028015137	0.14951929450035095	0.2796647846698761	-0.179584339261055	0.048612311482429504	-0.29842308163642883	0.07778595387935638	0.1301507204771042	0.5535503625869751	0.36504220962524414
PUT-DP-lh	0.1457839459180832	-0.14901511371135712	0.152485191822052	0.046612951904535294	0.0929366797208786	0.33067259192466736	0.5611695647239685	0.0021305736154317856	0.31750646233558655	-0.154415562748909	0.3956705629825592	0.8215082883834839	0.7003746032714844	0.6932314038276672	0.5411763787269592	0.5322511196136475	0.30273622274398804	0.5352168083190918	-0.28304100036621094	0.11600130051374435	0.07641218602657318	0.045443154871463776	0.3867773115634918	0.40142378211021423	0.5659376382827759	-0.08629012852907181	-0.014628155156970024	-0.18990376591682434	-0.10483968257904053	-0.09302453696727753	-0.21836484968662262	0.624980628490448	-0.03395688533782959	0.36120450496673584	0.43374282121658325	0.22442223131656647	0.8181354999542236	0.7136204838752747	1.0	0.47324031591415405	0.6988867521286011	0.45468801259994507	0.34870821237564087	-0.3492996394634247	-0.2646915316581726	-0.40997058153152466	-0.06252190470695496	0.3133794665336609	0.42772218585014343	0.2858206033706665
