Node	LH_Vis_1	LH_Vis_2	LH_Vis_3	LH_Vis_4	LH_Vis_5	LH_Vis_6	LH_Vis_7	LH_Vis_8	LH_Vis_9	LH_SomMot_1	LH_SomMot_2	LH_SomMot_3	LH_SomMot_4	LH_SomMot_5	LH_SomMot_6	LH_DorsAttn_Post_1	LH_DorsAttn_Post_2	LH_DorsAttn_Post_3	LH_DorsAttn_Post_4	LH_DorsAttn_Post_5	LH_DorsAttn_Post_6	LH_DorsAttn_PrCv_1	LH_DorsAttn_FEF_1	LH_SalVentAttn_ParOper_1	LH_SalVentAttn_FrOperIns_1	LH_SalVentAttn_FrOperIns_2	LH_SalVentAttn_PFCl_1	LH_SalVentAttn_Med_1	LH_SalVentAttn_Med_2	LH_SalVentAttn_Med_3	LH_Limbic_OFC_1	LH_Limbic_TempPole_1	LH_Limbic_TempPole_2	LH_Cont_Par_1	LH_Cont_PFCl_1	LH_Cont_pCun_1	LH_Cont_Cing_1	LH_Default_Temp_1	LH_Default_Temp_2	LH_Default_Par_1	LH_Default_Par_2	LH_Default_PFC_1	LH_Default_PFC_2	LH_Default_PFC_3	LH_Default_PFC_4	LH_Default_PFC_5	LH_Default_PFC_6	LH_Default_PFC_7	LH_Default_pCunPCC_1	LH_Default_pCunPCC_2	RH_Vis_1	RH_Vis_2	RH_Vis_3	RH_Vis_4	RH_Vis_5	RH_Vis_6	RH_Vis_7	RH_Vis_8	RH_SomMot_1	RH_SomMot_2	RH_SomMot_3	RH_SomMot_4	RH_SomMot_5	RH_SomMot_6	RH_SomMot_7	RH_SomMot_8	RH_DorsAttn_Post_1	RH_DorsAttn_Post_2	RH_DorsAttn_Post_3	RH_DorsAttn_Post_4	RH_DorsAttn_Post_5	RH_DorsAttn_PrCv_1	RH_DorsAttn_FEF_1	RH_SalVentAttn_TempOccPar_1	RH_SalVentAttn_TempOccPar_2	RH_SalVentAttn_FrOperIns_1	RH_SalVentAttn_Med_1	RH_SalVentAttn_Med_2	RH_Limbic_OFC_1	RH_Limbic_TempPole_1	RH_Cont_Par_1	RH_Cont_Par_2	RH_Cont_PFCl_1	RH_Cont_PFCl_2	RH_Cont_PFCl_3	RH_Cont_PFCl_4	RH_Cont_Cing_1	RH_Cont_PFCmp_1	RH_Cont_pCun_1	RH_Default_Par_1	RH_Default_Temp_1	RH_Default_Temp_2	RH_Default_Temp_3	RH_Default_PFCv_1	RH_Default_PFCv_2	RH_Default_PFCdPFCm_1	RH_Default_PFCdPFCm_2	RH_Default_PFCdPFCm_3	RH_Default_pCunPCC_1	RH_Default_pCunPCC_2	LH-Pu	LH-Ca	LH-NAC	LH-EXA	LH-GPe	LH-GPi	LH-SNc_PBP_VTA	LH-RN	LH-SNr	LH-VeP	LH-HN	LH-HTH	LH-MN	LH-STH	RH-Pu	RH-Ca	RH-NAC	RH-EXA	RH-GPe	RH-GPi	RH-SNc_PBP_VTA	RH-RN	RH-SNr	RH-VeP	RH-HN	RH-HTH	RH-MN	RH-STH	LH-Pulvinar	LH-Anterior	LH-Medio_Dorsal	LH-Ventral_Latero_Dorsal	LH-Central_Lateral-Lateral_Posterior-Medial_Pulvinar	LH-Ventral_Anterior	LH-Ventral_Latero_Ventral	RH-Pulvinar	RH-Anterior	RH-Medio_Dorsal	RH-Ventral_Latero_Dorsal	RH-Central_Lateral-Lateral_Posterior-Medial_Pulvinar	RH-Ventral_Anterior	RH-Ventral_Latero_Ventral	LH_Hippocampus	LH_Amygdala	RH_Hippocampus	RH_Amygdala	Cerebellar_Region1	Cerebellar_Region2	Cerebellar_Region3	Cerebellar_Region4	Cerebellar_Region5	Cerebellar_Region6	Cerebellar_Region7	Cerebellar_Region8	Cerebellar_Region9	Cerebellar_Region10
LH_Vis_1	1.0	0.481083482503891	0.5083789825439453	0.2099512815475464	0.47279781103134155	0.4362874925136566	0.09413700550794601	0.3298857808113098	0.3158426880836487	0.09370723366737366	0.1469065099954605	0.14751581847667694	0.21404479444026947	0.10152224451303482	0.1864193081855774	-0.2641684114933014	0.10999264568090439	0.4151608645915985	0.0037642342504113913	0.28519701957702637	0.17868191003799438	-0.18722021579742432	0.17236872017383575	-0.2951621115207672	-0.2855532467365265	-0.2292817085981369	-0.1765061467885971	-0.32363757491111755	0.29930466413497925	0.132390558719635	0.014854244887828827	-0.06890596449375153	-0.3329669237136841	-0.24352377653121948	-0.08987931162118912	-0.5653455853462219	-0.436409592628479	0.14453379809856415	-0.3714076280593872	-0.22071120142936707	-0.22345642745494843	-0.4801156520843506	-0.24790190160274506	0.2750782370567322	-0.16482844948768616	-0.18668398261070251	-0.12256617844104767	0.07044918090105057	0.7108027935028076	0.16799689829349518	0.8512402772903442	0.31169864535331726	-0.08837724477052689	0.44727998971939087	0.38795924186706543	0.49170491099357605	0.2617351710796356	0.19222865998744965	0.02020043320953846	0.16471724212169647	0.18455088138580322	0.19853413105010986	0.15250112116336823	0.13683560490608215	0.2060314118862152	0.31527379155158997	0.45847076177597046	0.13015605509281158	-0.10525383055210114	0.3198463022708893	0.300039142370224	-0.19193169474601746	0.20637010037899017	-0.36023733019828796	-0.10748884081840515	-0.33850589394569397	-0.026397649198770523	-0.048637405037879944	-0.18044552206993103	-0.26944664120674133	-0.41851675510406494	0.028489429503679276	-0.42309993505477905	-0.18844452500343323	-0.30668210983276367	-0.22048251330852509	-0.40545666217803955	-0.44911739230155945	0.1960337609052658	-0.41214054822921753	-0.2569737434387207	-0.26472529768943787	-0.5371289253234863	-0.4532042443752289	-0.6824322938919067	-0.028695618733763695	-0.3617992401123047	0.25995123386383057	0.818085253238678	-0.180381178855896	0.37850144505500793	-0.10027962177991867	-0.47576114535331726	-0.24481213092803955	-0.2594471871852875	0.13626667857170105	-0.42096322774887085	0.1360071748495102	-0.2945629060268402	0.2410125434398651	0.061663009226322174	-0.31571829319000244	0.060181163251399994	-0.1634526401758194	0.3190900981426239	-0.16763384640216827	0.3299556374549866	0.15094207227230072	0.07111631333827972	-0.03702884539961815	0.23347334563732147	-0.1729331761598587	0.1799764186143875	-0.44704729318618774	-0.0174311064183712	0.10476571321487427	0.31585121154785156	0.12054482102394104	0.3009810447692871	0.23959992825984955	0.3420239984989166	0.30708473920822144	0.028016826137900352	0.27054524421691895	0.38387688994407654	0.2648235857486725	-0.060891516506671906	-0.10665363818407059	0.4028191566467285	0.1986878216266632	0.10940547287464142	-0.2962043285369873	0.30836400389671326	0.051045626401901245	0.3284691870212555	-0.03585246577858925	0.22010724246501923	0.1699700504541397	0.3368515372276306	0.12371785193681717	-0.34694647789001465	0.07426036894321442	-0.0766548439860344	-0.11190181970596313	-0.1793096661567688	0.050009023398160934
LH_Vis_2	0.481083482503891	1.0	0.8207423090934753	0.29035767912864685	0.751575231552124	0.6852608323097229	0.2242737114429474	0.8471325039863586	0.5402810573577881	0.2569080591201782	0.14932787418365479	0.1733182668685913	0.30722281336784363	0.28855520486831665	-0.058331072330474854	-0.4408857822418213	-0.021626144647598267	0.1953519582748413	-0.0828690379858017	-0.14604797959327698	-0.14091050624847412	-0.3676890432834625	-0.2284347414970398	-0.4900355339050293	-0.38438326120376587	-0.26348426938056946	-0.15331187844276428	-0.6011673212051392	0.15404486656188965	0.481166273355484	-0.17229047417640686	-0.26224812865257263	-0.5585044026374817	-0.40632984042167664	-0.581381618976593	-0.674872636795044	-0.5245806574821472	0.3015497028827667	-0.020047122612595558	-0.264800101518631	-0.3976079523563385	-0.4131608307361603	-0.08002947270870209	0.24197977781295776	-0.32982587814331055	-0.050521370023489	-0.023285582661628723	-0.250610888004303	0.5483497977256775	0.15439876914024353	0.5716264843940735	0.8875799179077148	0.17830303311347961	0.7697809934616089	0.7018622756004333	0.7142229676246643	0.8251804709434509	0.6964268088340759	0.07537175714969635	0.19419990479946136	0.22474658489227295	0.27471837401390076	0.23275776207447052	0.002096825046464801	0.11239679902791977	0.26403459906578064	-0.08658604323863983	0.15765157341957092	0.1963057667016983	0.4459783136844635	-0.022196559235453606	0.034640997648239136	0.11076875030994415	-0.6891270279884338	-0.16186784207820892	-0.29721346497535706	-0.11959748715162277	-0.08797076344490051	-0.2960052192211151	-0.3710244297981262	-0.5649626851081848	-0.06808759272098541	-0.42587345838546753	-0.23010408878326416	-0.5857056379318237	-0.2575001120567322	-0.3360297381877899	-0.35614752769470215	-0.13885456323623657	-0.5222926735877991	-0.5013123750686646	-0.44866690039634705	-0.42443373799324036	-0.4301171898841858	-0.6228590607643127	-0.12888897955417633	-0.3640613555908203	-0.10844087600708008	0.637803852558136	-0.1629970669746399	0.44115230441093445	-0.19019052386283875	-0.30568310618400574	-0.269743412733078	0.002574664307758212	-0.16171665489673615	-0.3969959020614624	-0.018684517592191696	-0.0398733951151371	0.17428629100322723	0.29881027340888977	-0.26954108476638794	0.27377551794052124	-0.05993257835507393	0.4543685019016266	-0.209464892745018	0.2511943280696869	0.0049717603251338005	0.17508569359779358	0.16037745773792267	0.08229140937328339	-0.015069801360368729	0.16359424591064453	-0.19444096088409424	0.23849526047706604	0.08602038025856018	0.4235838055610657	-0.019258541986346245	0.5551945567131042	0.20681263506412506	0.5914430022239685	0.32113298773765564	-0.10078581422567368	0.67701256275177	0.39321282505989075	0.5289106369018555	0.08777888864278793	0.2276434749364853	0.4167400300502777	0.4014536142349243	0.15484477579593658	-0.12067247182130814	0.06482217460870743	-0.3600408732891083	0.0029933264013379812	-0.2133643925189972	0.10969045758247375	0.009700197726488113	0.6166006326675415	-0.20741711556911469	-0.549439013004303	-0.28728047013282776	-0.3484358787536621	-0.24385157227516174	-0.6029199361801147	-0.42147278785705566
LH_Vis_3	0.5083789825439453	0.8207423090934753	1.0	0.29385218024253845	0.7418006658554077	0.870898962020874	0.1334197223186493	0.8017508387565613	0.6357696056365967	0.26885274052619934	0.11240974813699722	0.1671431064605713	0.35509127378463745	0.2943599224090576	0.14608360826969147	-0.49460870027542114	-0.21976898610591888	0.2560671865940094	-0.4033347964286804	0.10617639124393463	-0.08578816056251526	-0.3216624855995178	-0.02385922521352768	-0.22230245172977448	-0.19849616289138794	-0.04350552335381508	-0.01769026182591915	-0.33094242215156555	0.4134238064289093	0.4866986870765686	-0.33066099882125854	-0.43141961097717285	-0.6452016234397888	-0.3041709363460541	-0.4893879294395447	-0.7553125023841858	-0.6173408031463623	-0.026192765682935715	-0.26020151376724243	-0.20298825204372406	-0.5817544460296631	-0.39097490906715393	-0.25936049222946167	0.16644525527954102	-0.3118145763874054	-0.22407105565071106	-0.2706901431083679	-0.23068979382514954	0.3144793212413788	-0.1495029777288437	0.6180322170257568	0.8295178413391113	-0.012887362390756607	0.7918084263801575	0.808412492275238	0.9115404486656189	0.7108169198036194	0.662527859210968	0.011238944716751575	0.09040889889001846	0.2600431740283966	0.29147204756736755	0.36013588309288025	-0.27370306849479675	0.06596850603818893	0.3749482333660126	-0.1254158914089203	-0.1587509661912918	0.1613646149635315	0.42074424028396606	0.081202931702137	0.14132782816886902	0.15853701531887054	-0.5242389440536499	-0.16998177766799927	-0.11799967288970947	0.1421470195055008	0.10783251374959946	-0.32593047618865967	-0.387559711933136	-0.34440359473228455	-0.16393887996673584	-0.24241691827774048	-0.10721654444932938	-0.46320533752441406	-0.3393346071243286	-0.3922349810600281	-0.16664068400859833	-0.20016847550868988	-0.6206077933311462	-0.6030936241149902	-0.5586678385734558	-0.5520303845405579	-0.5116497874259949	-0.5488331913948059	-0.24231018126010895	-0.49817439913749695	-0.06375472992658615	0.46668440103530884	-0.4627918303012848	0.4899919331073761	-0.12414880096912384	-0.15863224864006042	-0.3283994793891907	-0.11227530986070633	0.023751037195324898	-0.23393552005290985	0.18129900097846985	-0.13907936215400696	0.3024182915687561	0.24980975687503815	-0.35126516222953796	0.23509708046913147	-0.27284130454063416	0.625948429107666	-0.109132781624794	0.32319867610931396	0.18593285977840424	0.28765442967414856	0.2705647051334381	0.09201106429100037	0.09584107995033264	0.07199762016534805	-0.21258723735809326	0.3432442247867584	0.002777170855551958	0.3641418516635895	-0.27173665165901184	0.47310617566108704	0.16119736433029175	0.3355713486671448	0.3390280604362488	0.019402334466576576	0.5368759632110596	0.36064988374710083	0.5083646774291992	0.2577744424343109	0.10907041281461716	0.42286592721939087	0.2197883576154709	0.14189617335796356	-0.10322775691747665	-0.12251534312963486	-0.2989497482776642	-0.08665166795253754	-0.15494148433208466	0.2998908758163452	0.29455456137657166	0.7641485929489136	-0.014344191178679466	-0.3844711482524872	-0.05203614756464958	-0.502561092376709	-0.32417914271354675	-0.4270261526107788	-0.15987110137939453
LH_Vis_4	0.2099512815475464	0.29035767912864685	0.29385218024253845	1.0	0.42885661125183105	0.45302605628967285	0.052062902599573135	0.3333318829536438	0.2749883830547333	-0.014536334201693535	0.08365318924188614	0.10809025168418884	0.09572431445121765	0.2210877686738968	0.13647286593914032	0.07273104786872864	-0.030351433902978897	0.0412997268140316	-0.035170573741197586	-0.15461969375610352	-0.11681956052780151	-0.12249820679426193	-0.18854914605617523	-0.055172547698020935	-0.19857506453990936	-0.04082588106393814	0.09107696264982224	-0.21494846045970917	-0.08850100636482239	0.36369532346725464	-0.3700694441795349	0.007381722796708345	-0.19916824996471405	-0.1370604932308197	-0.1386503279209137	-0.4118918478488922	-0.427176833152771	0.03147321194410324	0.05181017145514488	0.10861044377088547	-0.39817389845848083	-0.23558762669563293	0.17523692548274994	-0.0602775439620018	-0.4262104332447052	-0.05009566992521286	-0.1620849221944809	-0.26532086730003357	0.09308816492557526	-0.1952337771654129	0.1704353243112564	0.2283446490764618	0.2923417091369629	0.532912015914917	0.46309417486190796	0.3865821957588196	0.2716085910797119	0.4169403910636902	-0.07441194355487823	-0.15567266941070557	-0.0545278824865818	-0.0069849370047450066	0.10310526192188263	-0.030750228092074394	-0.04250195994973183	0.04238639026880264	-0.020757852122187614	-0.040138211101293564	0.1774505376815796	0.23889487981796265	-0.17550228536128998	0.001544441794976592	-0.009876458905637264	-0.3541841506958008	-0.09937798231840134	-0.17747214436531067	-0.1965216100215912	0.026549601927399635	-0.05663388594985008	0.03263286501169205	-0.27110108733177185	-0.1230754554271698	-0.2043047845363617	-0.05759143829345703	-0.45113515853881836	-0.44503676891326904	-0.12304476648569107	-0.3078085780143738	-0.14521752297878265	-0.5025830268859863	-0.2676410675048828	-0.039263833314180374	-0.06724313646554947	-0.3397834599018097	-0.20142114162445068	-0.38363659381866455	-0.3155318796634674	-0.15400736033916473	0.2562180757522583	-0.31867507100105286	0.26009735465049744	0.12170872092247009	-0.09837193787097931	-0.2557874619960785	0.033397600054740906	0.1672874540090561	-0.13517707586288452	0.3812008202075958	-0.11323829740285873	0.10803353786468506	0.13690169155597687	-0.01907058246433735	-0.03122575394809246	-0.2069045454263687	0.30187976360321045	-0.07042382657527924	0.16577649116516113	-0.12277638912200928	0.13974985480308533	-0.06687014549970627	-0.08092242479324341	0.27295634150505066	0.004731934051960707	-0.02903428114950657	0.3233792781829834	-0.21052606403827667	0.050311267375946045	-0.2568095326423645	0.3411806523799896	0.16413040459156036	0.16288116574287415	0.14755026996135712	0.16746531426906586	0.04139693081378937	-0.07820495218038559	0.173701211810112	-0.21534140408039093	-0.23810069262981415	-0.06444652378559113	-0.08247597515583038	0.055334147065877914	-0.16507472097873688	0.07386782765388489	-0.10938899964094162	-0.030686868354678154	-0.3757600486278534	0.2945214807987213	0.26911887526512146	0.36890608072280884	0.3001786470413208	0.024809090420603752	0.25395843386650085	-0.24102340638637543	-0.10173433274030685	-0.030551595613360405	0.028343522921204567
LH_Vis_5	0.47279781103134155	0.751575231552124	0.7418006658554077	0.42885661125183105	1.0	0.8690347671508789	-0.21004362404346466	0.6873933672904968	0.7169808149337769	0.09491647779941559	-0.07374555617570877	-0.031033482402563095	0.1794864386320114	0.06563757359981537	-0.06781243532896042	-0.39390477538108826	-0.03500547632575035	0.22217530012130737	-0.1580125093460083	0.07011047750711441	-0.23843787610530853	-0.12728223204612732	0.06686805933713913	-0.3393879234790802	-0.41793692111968994	-0.1987161785364151	-0.0995650440454483	-0.2864222824573517	0.13922631740570068	0.30396538972854614	-0.4180704355239868	-0.36240026354789734	-0.5003661513328552	-0.08754885196685791	-0.2054031491279602	-0.46366262435913086	-0.36667564511299133	0.11574617773294449	-0.20648786425590515	-0.5566728711128235	-0.44269683957099915	-0.5068748593330383	-0.29599422216415405	0.2535146176815033	-0.3504631221294403	-0.21412712335586548	-0.27119117975234985	-0.18670374155044556	0.43598926067352295	0.07042772322893143	0.43459200859069824	0.703973650932312	-0.16612643003463745	0.8849287033081055	0.9439760446548462	0.773931086063385	0.636558473110199	0.6845835447311401	-0.194488063454628	-0.073543980717659	-0.07332049310207367	0.06016112491488457	-0.08357178419828415	-0.1376570463180542	-0.1962614506483078	0.24622836709022522	-0.187215656042099	-0.10749593377113342	0.13300199806690216	0.3909327983856201	-0.0801069363951683	-0.10487424582242966	0.1692705750465393	-0.6255955696105957	-0.37126561999320984	-0.33884197473526	-0.2252776324748993	-0.2031467705965042	-0.40296533703804016	-0.46562543511390686	-0.3625904321670532	0.0851084366440773	-0.4131152629852295	-0.04800306260585785	-0.4248262345790863	-0.2910356819629669	-0.19989408552646637	-0.14617128670215607	0.15872998535633087	-0.5649347901344299	-0.4988178014755249	-0.41907861828804016	-0.4718346893787384	-0.5890974998474121	-0.7195029258728027	-0.24874168634414673	-0.5300256013870239	0.0236658975481987	0.5394920110702515	-0.26050257682800293	0.220489040017128	-0.21099187433719635	-0.3185466229915619	-0.29252853989601135	-0.035153403878211975	-0.07373937219381332	-0.22935190796852112	0.3141323924064636	-0.059206295758485794	0.4586023986339569	0.08553631603717804	-0.32829025387763977	0.28905823826789856	0.014949655160307884	0.31645888090133667	-0.2760561406612396	0.28797057271003723	-0.03319760039448738	0.039879512041807175	0.12554790079593658	0.08994249254465103	0.134516641497612	0.2868010997772217	-0.17060251533985138	0.2792442739009857	-0.09063872694969177	0.2209617644548416	-0.25455546379089355	0.38363030552864075	0.24718794226646423	0.37181082367897034	0.4816211462020874	0.2954857051372528	0.44289177656173706	0.35279518365859985	0.5178923010826111	-0.05307241529226303	-0.2259926050901413	0.3328060507774353	0.2734488546848297	-0.07632064074277878	-0.22665876150131226	0.061765726655721664	-0.3575141429901123	-0.10125942528247833	-0.32518744468688965	0.26370319724082947	0.35802194476127625	0.5491761565208435	0.06109707057476044	-0.1757182627916336	0.18165293335914612	-0.5061473846435547	-0.3236008882522583	-0.2051759511232376	-0.0742807611823082
LH_Vis_6	0.4362874925136566	0.6852608323097229	0.870898962020874	0.45302605628967285	0.8690347671508789	1.0	-0.17675216495990753	0.6905456781387329	0.724579930305481	0.07803790271282196	-0.015577108599245548	-0.03625284507870674	0.18897241353988647	0.1027602031826973	0.030638331547379494	-0.43193498253822327	-0.2689422070980072	0.17920376360416412	-0.4000386893749237	0.07192185521125793	-0.20574195683002472	-0.21301855146884918	0.014953887090086937	-0.23130705952644348	-0.33321917057037354	-0.10248161852359772	0.07446776330471039	-0.19018936157226562	0.25528839230537415	0.36558815836906433	-0.3822995126247406	-0.36448565125465393	-0.494710773229599	-0.17063412070274353	-0.30612003803253174	-0.6017552018165588	-0.47458383440971375	-0.016043324023485184	-0.20303136110305786	-0.35005125403404236	-0.5195710062980652	-0.3400895893573761	-0.2114294320344925	0.224913090467453	-0.2662088871002197	-0.18688929080963135	-0.31795522570610046	-0.17808650434017181	0.28270357847213745	-0.11630366742610931	0.45992693305015564	0.6890926361083984	-0.1934008151292801	0.8172539472579956	0.9434029459953308	0.9444512128829956	0.5854838490486145	0.6753708720207214	-0.22738836705684662	-0.07872229069471359	-0.027101241052150726	0.07525091618299484	0.11784941703081131	-0.2777475118637085	-0.0796317309141159	0.2613907754421234	-0.24608708918094635	-0.25869643688201904	0.10662884265184402	0.37049901485443115	-0.05359942093491554	0.024271078407764435	0.09875471889972687	-0.5851701498031616	-0.34811174869537354	-0.24085573852062225	-0.010737874545156956	-0.01478124875575304	-0.2091175615787506	-0.3408139646053314	-0.2941184937953949	-0.024579811841249466	-0.15664799511432648	-0.014892936684191227	-0.36272332072257996	-0.29770100116729736	-0.20136645436286926	0.001315477304160595	-0.0735015794634819	-0.5761682391166687	-0.5190838575363159	-0.5204185843467712	-0.4576222896575928	-0.4668266177177429	-0.530428946018219	-0.2722892463207245	-0.4768529236316681	0.012191600166261196	0.4307907521724701	-0.4207221269607544	0.4041168689727783	-0.08312790840864182	-0.2007247656583786	-0.33628880977630615	0.0006179434712976217	0.0681011974811554	-0.08184918761253357	0.3602422773838043	-0.08799247443675995	0.4043898284435272	0.2190706580877304	-0.31933602690696716	0.16953133046627045	-0.16386814415454865	0.5128077864646912	-0.021868310868740082	0.35300320386886597	0.18963304162025452	0.2261093556880951	0.2411763072013855	0.07422704994678497	0.3133101761341095	0.1356792002916336	-0.18214218318462372	0.3197627663612366	-0.156305193901062	0.19178736209869385	-0.447248637676239	0.36071106791496277	0.23657776415348053	0.25230225920677185	0.2892930507659912	0.1472351849079132	0.47157976031303406	0.17989277839660645	0.4711182415485382	0.18588434159755707	-0.10733821988105774	0.38352730870246887	0.14805811643600464	0.006156872492283583	-0.20947909355163574	-0.1404830664396286	-0.285090833902359	-0.18140706419944763	-0.23025411367416382	0.26970091462135315	0.33347946405410767	0.6199962496757507	0.016428839415311813	-0.09743575751781464	0.12468098849058151	-0.49020493030548096	-0.3102818727493286	-0.22999747097492218	0.020051689818501472
LH_Vis_7	0.09413700550794601	0.2242737114429474	0.1334197223186493	0.052062902599573135	-0.21004362404346466	-0.17675216495990753	1.0	0.42245107889175415	0.1815783679485321	0.4214201271533966	0.3029444217681885	0.6282698512077332	0.33772969245910645	0.5596233010292053	0.3540709316730499	0.18489496409893036	0.40540269017219543	0.4967428147792816	0.050878122448921204	0.18900667130947113	0.41561460494995117	0.0408671498298645	0.060104355216026306	0.29883918166160583	0.39666831493377686	0.42331674695014954	-0.2618649899959564	-0.0844278335571289	0.4525671601295471	0.5064536333084106	-0.13008171319961548	-0.09379739314317703	-0.5435357093811035	0.011972387321293354	-0.3281765580177307	-0.2517823576927185	-0.5223425030708313	-0.22568905353546143	-0.20416410267353058	0.48385611176490784	-0.4865148365497589	-0.17311692237854004	-0.21661366522312164	-0.48172178864479065	-0.40505656599998474	-0.39173954725265503	-0.21011902391910553	-0.6003465056419373	-0.01667063869535923	-0.3823467493057251	0.23116566240787506	0.2510291337966919	0.706996738910675	0.015897847712039948	-0.1555083990097046	0.03907876834273338	0.37865591049194336	0.3342098593711853	0.6141602993011475	0.4271724224090576	0.7580587863922119	0.37925273180007935	0.787777841091156	-0.0033476664684712887	0.3517001271247864	0.09970949590206146	0.3481334149837494	0.2546650767326355	0.5246371030807495	0.4783211648464203	0.4255070984363556	0.545528769493103	0.4611715078353882	0.27779898047447205	0.6901088953018188	0.5339106321334839	0.534943699836731	0.5531248450279236	-0.2956567704677582	-0.21651385724544525	0.0173641350120306	-0.4660216271877289	-0.37526166439056396	-0.033426433801651	-0.33738216757774353	-0.46814456582069397	-0.6243087649345398	-0.35414013266563416	-0.08220658451318741	-0.41411831974983215	-0.4799761176109314	-0.2763923406600952	-0.2529716491699219	-0.3584820628166199	0.08155081421136856	-0.38969966769218445	-0.4071671664714813	-0.5813788175582886	0.07373765110969543	-0.39966845512390137	0.4480971693992615	0.0588560551404953	0.21964441239833832	0.09669326990842819	-0.151023268699646	-0.09102512151002884	-0.1808876246213913	-0.22801423072814941	0.1599949151277542	-0.23176443576812744	0.00642353156581521	-0.19588546454906464	0.22495949268341064	-0.14221397042274475	0.417226642370224	-0.07851187884807587	-0.18537750840187073	-0.016019225120544434	0.23437055945396423	-0.06943558901548386	0.023841453716158867	-0.4768431782722473	0.17244760692119598	-0.012174762785434723	0.31083202362060547	-0.010457036085426807	0.3241662383079529	0.5124524831771851	0.17654123902320862	-0.06473799049854279	0.10311343520879745	0.269347608089447	-0.5014751553535461	0.06309904903173447	0.11740186810493469	-0.14618970453739166	0.28226760029792786	0.531100332736969	0.12854646146297455	-0.15162251889705658	0.45591285824775696	-0.0023751419503241777	-0.06968951225280762	-0.09250331670045853	-0.13012056052684784	-0.1677345484495163	0.3039169907569885	-0.025831017643213272	0.49714967608451843	0.2902657687664032	-0.5101765394210815	-0.26659339666366577	-0.124358631670475	-0.31626972556114197	-0.616479218006134	-0.5999683141708374
LH_Vis_8	0.3298857808113098	0.8471325039863586	0.8017508387565613	0.3333318829536438	0.6873933672904968	0.6905456781387329	0.42245107889175415	1.0	0.7478525638580322	0.21836242079734802	0.13098618388175964	0.23821111023426056	0.34641972184181213	0.33381929993629456	-0.006383269559592009	-0.2086840122938156	-0.04479080066084862	0.41952160000801086	-0.35630548000335693	0.10191911458969116	-0.16424442827701569	-0.1910312920808792	-0.06548399478197098	-0.1445116400718689	-0.09551791846752167	0.11918787658214569	-0.05369030311703682	-0.3411557376384735	0.3394104838371277	0.5945972800254822	-0.4405018091201782	-0.3784469664096832	-0.7062037587165833	-0.11676348745822906	-0.5796633958816528	-0.6028953790664673	-0.6560397744178772	-0.023994000628590584	-0.16436758637428284	-0.11679021269083023	-0.6600340008735657	-0.3004121482372284	-0.23974749445915222	-0.05700013041496277	-0.5054912567138672	-0.28800636529922485	-0.33826613426208496	-0.55243980884552	0.21395957469940186	-0.26312240958213806	0.4400855004787445	0.9200477600097656	0.3352513909339905	0.8004775643348694	0.7426718473434448	0.7593827843666077	0.9580547213554382	0.9176780581474304	0.08118792623281479	0.17032690346240997	0.3443460762500763	0.2570158839225769	0.4723901152610779	-0.31598100066185	-0.06774401664733887	0.13779520988464355	-0.12225557118654251	-0.09118358045816422	0.5324276089668274	0.6588778495788574	0.05258907377719879	0.3596772849559784	0.2729683220386505	-0.3617526590824127	0.07903530448675156	0.11763443052768707	0.2363472729921341	0.1500319540500641	-0.45391929149627686	-0.4505419135093689	-0.2231549471616745	-0.30957627296447754	-0.4047660231590271	-0.11146429181098938	-0.4436975419521332	-0.48249155282974243	-0.5352446436882019	-0.20508041977882385	-0.08515321463346481	-0.6560977697372437	-0.7460696697235107	-0.5826149582862854	-0.4887220561504364	-0.49658289551734924	-0.3539278209209442	-0.37946653366088867	-0.579352855682373	-0.4510330557823181	0.39917823672294617	-0.49854153394699097	0.48390886187553406	-0.12331540882587433	-0.1577126532793045	-0.2867355942726135	-0.05107846483588219	-0.22106826305389404	-0.2070639431476593	-0.019242582842707634	0.0849878191947937	0.2151099145412445	0.23738925158977509	-0.4369225800037384	0.4596936106681824	-0.09515365958213806	0.5470845103263855	-0.257039338350296	0.10328202694654465	0.11356163769960403	0.28365859389305115	0.2551269233226776	-0.08637706190347672	-0.04159795492887497	0.1432461142539978	-0.17236922681331635	0.48999640345573425	-0.17599184811115265	0.303433358669281	-0.06158089637756348	0.45660579204559326	0.0023986874148249626	0.36314016580581665	0.4475259482860565	-0.2401610165834427	0.5891779065132141	0.2965088486671448	0.4786357581615448	0.23126579821109772	0.2714924216270447	0.3598320782184601	0.061294350773096085	0.09312194585800171	-0.12521979212760925	-0.17139801383018494	-0.3934241235256195	-0.286236047744751	-0.306359201669693	0.22763271629810333	0.11546581238508224	0.7734448313713074	0.09012840688228607	-0.4400468170642853	-0.21276406943798065	-0.6071722507476807	-0.526746392250061	-0.7212074995040894	-0.5580617189407349
LH_Vis_9	0.3158426880836487	0.5402810573577881	0.6357696056365967	0.2749883830547333	0.7169808149337769	0.724579930305481	0.1815783679485321	0.7478525638580322	1.0	0.02918306179344654	-0.12065470963716507	0.1278230994939804	0.30108633637428284	0.13707035779953003	-0.02912110462784767	0.021945100277662277	0.124475859105587	0.6232339143753052	-0.33826470375061035	0.43599316477775574	-0.11087056249380112	0.2611054480075836	0.39083483815193176	0.19144275784492493	0.0420563668012619	0.29835397005081177	-0.06074022874236107	0.07594708353281021	0.4973212480545044	0.4056701958179474	-0.4984617829322815	-0.4377610385417938	-0.6177245378494263	0.332764595746994	-0.08075915277004242	-0.2419619858264923	-0.5219302177429199	-0.3027971088886261	-0.4442879855632782	-0.2809913456439972	-0.6873999834060669	-0.304129421710968	-0.4746759831905365	-0.1255139410495758	-0.49618053436279297	-0.5220836400985718	-0.6270005106925964	-0.5339404940605164	0.15581156313419342	-0.3934187889099121	0.36631760001182556	0.5867787003517151	0.03751359134912491	0.6928900480270386	0.7853946089744568	0.7420055866241455	0.6186384558677673	0.8159048557281494	-0.07829829305410385	-0.07171845436096191	0.147184357047081	0.1539546698331833	0.22077904641628265	-0.3558715581893921	-0.18889765441417694	0.05407751351594925	0.0017048028530552983	-0.2741348445415497	0.4917818009853363	0.6437602639198303	0.19025835394859314	0.3390701115131378	0.4382075071334839	-0.1830107718706131	0.058599941432476044	0.20677533745765686	0.2583547532558441	0.14311803877353668	-0.4535119831562042	-0.4928989112377167	0.08353085815906525	-0.20163746178150177	-0.3513503670692444	0.19595877826213837	-0.2705497741699219	-0.566412627696991	-0.46769654750823975	0.0802118107676506	0.3424531817436218	-0.6672868132591248	-0.7059703469276428	-0.5083790421485901	-0.5680311322212219	-0.6022366881370544	-0.3246091306209564	-0.5303841829299927	-0.7404177188873291	-0.37147828936576843	0.3209474980831146	-0.5693804025650024	0.39036786556243896	-0.07223597913980484	-0.031183844432234764	-0.21968203783035278	-0.03214479982852936	0.07119110971689224	0.030388688668608665	0.13014109432697296	0.21821507811546326	0.3156869113445282	-0.09204170107841492	-0.6185035109519958	0.3919462263584137	0.027217596769332886	0.4593474864959717	-0.18824633955955505	0.09936655312776566	0.14047887921333313	0.15690043568611145	0.16853272914886475	0.17942221462726593	0.036515653133392334	0.4140618145465851	0.014700554311275482	0.3884975016117096	-0.3534198999404907	0.08041633665561676	-0.031353581696748734	0.13085995614528656	0.02444138377904892	-0.05419353395700455	0.5431514978408813	-0.144391730427742	0.3551067113876343	0.23146918416023254	0.2897326946258545	0.23501372337341309	-0.07503501325845718	0.3213045299053192	-0.12026236206293106	0.04636070504784584	-0.1282396912574768	-0.26209190487861633	-0.2687915563583374	-0.4099636375904083	-0.4079333245754242	0.43894287943840027	0.39082667231559753	0.6190940141677856	0.4107866883277893	-0.10433909296989441	0.2186536341905594	-0.6338760852813721	-0.7049250602722168	-0.4441072344779968	-0.33156898617744446
LH_SomMot_1	0.09370723366737366	0.2569080591201782	0.26885274052619934	-0.014536334201693535	0.09491647779941559	0.07803790271282196	0.4214201271533966	0.21836242079734802	0.02918306179344654	1.0	0.5999709963798523	0.6573842763900757	0.339249849319458	0.6479263305664062	0.7321172952651978	-0.3171447813510895	0.3441142737865448	0.0029653823003172874	0.24984003603458405	0.0360904335975647	0.6149734854698181	-0.26106587052345276	-0.06291458010673523	0.14617349207401276	0.2375747561454773	0.0942157506942749	-0.17356203496456146	-0.08890977501869202	0.365630179643631	0.4218360185623169	0.15482527017593384	-0.0160411074757576	-0.45314130187034607	-0.29195329546928406	-0.3254224956035614	-0.38684627413749695	-0.24446916580200195	0.0473097525537014	-0.07749185711145401	0.3006975054740906	-0.3464224636554718	-0.40920108556747437	-0.17612214386463165	-0.010754358023405075	-0.22437331080436707	-0.18590226769447327	-0.07377229630947113	-0.19894765317440033	0.03517873212695122	0.018250754103064537	0.2558305859565735	0.21900561451911926	0.17037829756736755	0.12953415513038635	0.11700855940580368	0.21841345727443695	0.18239040672779083	0.18030503392219543	0.8673417568206787	0.6916370987892151	0.6979584097862244	0.4308851659297943	0.5244848132133484	0.3698328733444214	0.58607017993927	0.6848521828651428	-0.021443698555231094	0.41227486729621887	-0.07675441354513168	-0.049647893756628036	0.3372786343097687	-0.11563263833522797	0.18446703255176544	0.009391680359840393	0.3486199975013733	0.1724238395690918	0.18550123274326324	0.36031821370124817	-0.2646620571613312	0.017288437113165855	-0.4341311454772949	-0.37830621004104614	-0.5128849148750305	-0.40183767676353455	-0.374024897813797	-0.4286690354347229	-0.33693110942840576	-0.46806421875953674	-0.375241756439209	-0.43537357449531555	-0.4080595374107361	-0.03603321686387062	-0.0902383029460907	-0.5076074600219727	-0.35213276743888855	-0.1798093020915985	-0.31803271174430847	-0.3130553662776947	-0.007041746284812689	-0.18867714703083038	0.20164340734481812	-0.25253310799598694	0.23761297762393951	-0.10131971538066864	-0.10081178694963455	-0.19249983131885529	-0.28413352370262146	0.03018917702138424	-0.1378234326839447	0.2642557919025421	0.41909119486808777	0.3190045654773712	0.00627453438937664	-0.19090914726257324	0.29027724266052246	-0.11311627179384232	-0.062406472861766815	-0.07230382412672043	-0.1520833969116211	-0.024741971865296364	0.16597968339920044	-0.17167465388774872	0.22388607263565063	-0.06749925017356873	0.23487243056297302	0.4089614450931549	0.32710227370262146	0.01703372411429882	0.2804633378982544	0.31535786390304565	0.40155085921287537	0.28008079528808594	0.2040329873561859	0.05805720388889313	0.32792070508003235	0.11039111763238907	0.16317208111286163	0.34474900364875793	0.06990399211645126	0.22996848821640015	0.371054470539093	0.047167614102363586	0.22371737658977509	-0.0021821074187755585	0.16990764439105988	0.17105542123317719	0.5642457008361816	0.42011675238609314	0.5634647011756897	0.11501763015985489	-0.5150384306907654	0.08126239478588104	-0.010925490409135818	0.13212791085243225	-0.1245923563838005	-0.02448500320315361
LH_SomMot_2	0.1469065099954605	0.14932787418365479	0.11240974813699722	0.08365318924188614	-0.07374555617570877	-0.015577108599245548	0.3029444217681885	0.13098618388175964	-0.12065470963716507	0.5999709963798523	1.0	0.6792113184928894	0.5206212997436523	0.6760047674179077	0.6561719179153442	-0.2763497233390808	0.10563662648200989	-0.15196843445301056	0.07911151647567749	-0.16329209506511688	0.43550461530685425	-0.40320202708244324	-0.3076755702495575	-0.052484180778265	-0.026741687208414078	0.03011663630604744	0.37049737572669983	-0.09128819406032562	0.08207432180643082	0.4783734083175659	0.21836033463478088	0.3749805688858032	-0.1733563393354416	-0.4138411581516266	-0.4645221531391144	-0.3651480972766876	-0.3704383075237274	0.33071720600128174	0.35865843296051025	0.5681442618370056	-0.11102144420146942	0.017718566581606865	0.27408692240715027	0.306418240070343	0.07115291804075241	0.23798082768917084	0.2540860176086426	-0.13670119643211365	0.14729060232639313	0.18718311190605164	0.12940937280654907	0.030397731810808182	0.010533617809414864	-0.0201471745967865	-0.04607469588518143	0.10596361011266708	0.10990646481513977	0.03019428439438343	0.5329528450965881	0.5616763234138489	0.5672129988670349	0.5849552750587463	0.3955875039100647	0.20116207003593445	0.3073680102825165	0.5926946997642517	-0.027179863303899765	0.2158050239086151	-0.14211687445640564	-0.07280471175909042	0.07411026954650879	-0.16492849588394165	-0.17035287618637085	0.0630955621600151	0.10266055166721344	0.0561184398829937	-0.047266069799661636	0.15242432057857513	-0.13043981790542603	0.28149545192718506	-0.4919172525405884	-0.42115479707717896	-0.41526344418525696	-0.5269667506217957	-0.13450686633586884	-0.28478243947029114	-0.3369096517562866	-0.3324865698814392	-0.3753184378147125	-0.29217204451560974	-0.2727546691894531	0.1480085253715515	0.158597931265831	-0.1533488631248474	-0.044684235006570816	-0.01917773112654686	-0.06527119129896164	-0.3629704713821411	0.06291808187961578	-0.07273349910974503	0.25546106696128845	0.09221197664737701	-0.03789354860782623	-0.16947247087955475	-0.2339993417263031	0.06829635798931122	-0.31764647364616394	-0.3013785183429718	-0.038981709629297256	0.2213137000799179	0.4940236508846283	0.41529062390327454	0.0905512273311615	0.1538577377796173	0.21740831434726715	0.12457839399576187	-0.30107876658439636	-0.06223976984620094	-0.021315285935997963	0.052489910274744034	-0.09301166236400604	0.10867848247289658	0.01460956409573555	-0.16541732847690582	0.02089940942823887	-0.00675796577706933	0.15773652493953705	0.026078440248966217	-0.04563595727086067	0.137993723154068	0.2619253695011139	-0.06514710932970047	0.000483549723867327	0.20361319184303284	0.372923344373703	-0.0027011039201170206	0.18889498710632324	0.22436121106147766	0.013577067293226719	0.028453707695007324	0.0883205384016037	0.19456034898757935	-0.006769385188817978	-0.077021025121212	0.11560194194316864	-0.05570848286151886	0.3783705234527588	0.09845785796642303	0.37085413932800293	-0.009778433479368687	-0.3076344430446625	0.1805514246225357	0.32407060265541077	0.3412500321865082	-0.11611560732126236	-0.07928836345672607
LH_SomMot_3	0.14751581847667694	0.1733182668685913	0.1671431064605713	0.10809025168418884	-0.031033482402563095	-0.03625284507870674	0.6282698512077332	0.23821111023426056	0.1278230994939804	0.6573842763900757	0.6792113184928894	1.0	0.7580157518386841	0.8318825960159302	0.7055972218513489	-0.14695100486278534	0.5473440885543823	0.21318690478801727	0.2505674362182617	0.10707134008407593	0.5288689732551575	-0.14086082577705383	0.011230718344449997	0.20824335515499115	0.1844300925731659	0.3248855173587799	-0.03725876659154892	-0.08479812741279602	0.295743465423584	0.6074283123016357	-0.14777429401874542	0.04056599363684654	-0.47171661257743835	-0.14554421603679657	-0.35626134276390076	-0.31479355692863464	-0.6028468608856201	-0.005616109352558851	0.03184986859560013	0.5428085327148438	-0.4237607419490814	-0.3125578463077545	-0.1300678700208664	-0.2093764692544937	-0.36626625061035156	-0.24371352791786194	-0.0700029507279396	-0.48497453331947327	0.08088452368974686	-0.11435917764902115	0.16036342084407806	0.09464794397354126	0.21461595594882965	0.039999380707740784	-0.022605717182159424	0.09369660168886185	0.18521349132061005	0.1813705563545227	0.7234550714492798	0.5551729202270508	0.9110375046730042	0.7807139754295349	0.6364368796348572	0.228732168674469	0.3573109805583954	0.504570722579956	0.127030149102211	0.3833620250225067	0.18788856267929077	0.2253732979297638	0.39323893189430237	0.1519656628370285	0.2766033411026001	0.24904800951480865	0.4836256802082062	0.3092935085296631	0.17238853871822357	0.43092405796051025	-0.4834313988685608	-0.03474932536482811	-0.18199388682842255	-0.4645366966724396	-0.6196520924568176	-0.22813495993614197	-0.3205954432487488	-0.5036279559135437	-0.6099535226821899	-0.43676885962486267	-0.10575711727142334	-0.45358800888061523	-0.43733450770378113	0.01922852359712124	-0.03460042551159859	-0.5084160566329956	-0.11472182720899582	-0.4159832298755646	-0.411569207906723	-0.4937177300453186	0.05424169823527336	-0.2914385199546814	0.2643190026283264	-0.06414507329463959	0.15363331139087677	0.059676796197891235	-0.18927855789661407	0.1362345963716507	-0.35337671637535095	-0.20380252599716187	0.06298863142728806	0.1443585455417633	0.08605405688285828	0.1228158101439476	0.1041983962059021	-0.047547534108161926	0.35229989886283875	-0.12924198806285858	-0.3295955955982208	-0.28910425305366516	0.06568919867277145	0.1529541164636612	0.20063044130802155	-0.2355232983827591	0.225579172372818	0.01722167804837227	0.06290300190448761	-0.04079869017004967	0.3675851821899414	0.3010386824607849	-0.07224468141794205	0.052355360239744186	0.18308711051940918	0.24842214584350586	0.01758691482245922	0.09067119657993317	0.5130850672721863	-0.005176748614758253	0.2131786346435547	0.21839293837547302	0.1730993390083313	-0.04298092797398567	0.45929405093193054	0.12461318075656891	-0.11493204534053802	-0.24992915987968445	0.0044377692975103855	-0.2910284399986267	0.5936049222946167	0.2320900559425354	0.5461858510971069	0.31108635663986206	-0.39311525225639343	0.2078607827425003	0.10621785372495651	-0.04805034026503563	-0.3265169560909271	-0.3672472834587097
