Node	HIP-head-m-rh	HIP-head-l-rh	HIP-body-rh	HIP-tail-rh	THA-VPm-rh	THA-VPl-rh	THA-VAi-rh	THA-VAs-rh	THA-DAm-rh	THA-DAl-rh	PUT-VA-rh	PUT-DA-rh	PUT-VP-rh	PUT-DP-rh	CAU-VA-rh	CAU-DA-rh	CAU-body-rh	CAU-tail-rh	lAMY-rh	mAMY-rh	THA-DP-rh	NAc-shell-rh	NAc-core-rh	pGP-rh	aGP-rh	HIP-head-m-lh	HIP-head-l-l	HIP-body-l	HIP-tail-lh	THA-VPm-lh	THA-VPl-lh	THA-VAi-lh	THA-VAs-lh	THA-DAm-lh	THA-DAl-lh	PUT-VA-lh	PUT-DA-l	PUT-VP-lh	PUT-DP-lh	CAU-VA-lh	CAU-DA-lh	CAU-body-lh	CAU-tail-lh	lAMY-lh	mAMY-lh	THA-DP-lh	NAc-shell-lh	NAc-core-lh	pGP-lh	aGP-lh
HIP-head-m-rh	1.0	0.003116684267297387	-0.14193667471408844	-0.2598375678062439	0.051077794283628464	0.14301621913909912	-0.05756090208888054	0.0947902724146843	-0.030638685449957848	-0.0513252355158329	0.01535407081246376	-0.06287331879138947	0.1068343073129654	0.03469988331198692	-0.03378596901893616	-0.15332838892936707	-0.31756114959716797	-0.26683732867240906	0.3554159700870514	0.3501570224761963	0.03660259768366814	0.2154865711927414	-0.053453944623470306	-0.16635940968990326	-0.1204410269856453	0.4682930111885071	0.14617936313152313	0.0487956739962101	-0.012539857998490334	-0.05965466797351837	0.24128973484039307	0.019024670124053955	-0.14888258278369904	0.04272382706403732	0.004535662941634655	0.16404254734516144	0.1315169632434845	0.1398390233516693	0.03313416987657547	-0.024425627663731575	0.02627224661409855	-0.2246517539024353	-0.2707842290401459	0.35117030143737793	0.3308112323284149	0.17672930657863617	0.4533996284008026	-0.036349646747112274	-0.006063653621822596	0.10366680473089218
HIP-head-l-rh	0.003116684267297387	1.0	-0.11137094348669052	0.03661397844552994	0.21219442784786224	0.27575552463531494	0.2222503274679184	0.06501750648021698	0.138168066740036	0.3134307861328125	-0.18788276612758636	0.035358626395463943	0.27598926424980164	0.0030065570026636124	-0.0017721944022923708	-0.12023070454597473	0.01796681061387062	0.004050233401358128	-0.12040459364652634	0.06843959540128708	0.104041688144207	0.1393091231584549	0.2583206295967102	-0.2286999672651291	-0.08205088973045349	0.06536683440208435	0.6610450744628906	0.031216440722346306	0.12152456492185593	0.11397510766983032	0.5270894765853882	0.3046950399875641	0.021130533888936043	0.20170031487941742	0.35755807161331177	0.06916464120149612	0.168458953499794	-0.004154880531132221	-0.020914986729621887	0.10219798237085342	0.033056631684303284	0.05102301761507988	-0.09552063792943954	-0.014420514926314354	-0.020390909165143967	-0.15196050703525543	0.16259562969207764	0.28685829043388367	-0.0711732730269432	-0.25940582156181335
HIP-body-rh	-0.14193667471408844	-0.11137094348669052	1.0	0.27553844451904297	-0.012316391803324223	-0.37726661562919617	-0.33161407709121704	-0.2021947056055069	-0.09653562307357788	0.07173266261816025	-0.08195813745260239	-0.07857738435268402	-0.22404734790325165	0.05970200151205063	0.24636228382587433	0.03770742565393448	0.0408569872379303	-0.014631069265305996	0.1377515345811844	0.3691629469394684	0.050783030688762665	-0.2226279079914093	0.2562275826931	-0.09123053401708603	-0.12330034375190735	0.09583945572376251	-0.04520485922694206	0.554496169090271	0.17636141180992126	-0.27917635440826416	-0.3142087459564209	-0.15500901639461517	-0.06685471534729004	-0.11494799703359604	-0.1738900989294052	-0.17639385163784027	-0.1887078732252121	-0.3070940375328064	-0.3163297176361084	-0.008804223500192165	-0.1608748883008957	0.15919138491153717	0.166311576962471	0.12565356492996216	0.22816407680511475	0.25822558999061584	-0.013983333483338356	0.23377853631973267	-0.1443074643611908	-0.19303682446479797
HIP-tail-rh	-0.2598375678062439	0.03661397844552994	0.27553844451904297	1.0	-0.08060116320848465	-0.3450082838535309	0.34464430809020996	0.1696232259273529	0.3178672194480896	0.30040833353996277	-0.07541900873184204	-0.06485351920127869	-0.1466086506843567	0.0799717977643013	0.24528314173221588	0.25704243779182434	0.3082694709300995	0.23447801172733307	0.02795691229403019	0.06756843626499176	0.2694987654685974	0.035374321043491364	0.2363237887620926	0.14301186800003052	0.0044997758232057095	-0.04376649111509323	0.05955251678824425	0.16939117014408112	0.32459625601768494	-0.06130156293511391	-0.30920806527137756	0.13424982130527496	0.33546698093414307	0.14351369440555573	0.02885168418288231	-0.2071991115808487	-0.11407629400491714	-0.16917020082473755	-0.1495721936225891	0.37566259503364563	0.19147615134716034	0.41941455006599426	0.38659027218818665	0.1811705231666565	0.19371482729911804	0.4262639880180359	0.08106501400470734	0.15847869217395782	0.01690673828125	-0.09906018525362015
THA-VPm-rh	0.051077794283628464	0.21219442784786224	-0.012316391803324223	-0.08060116320848465	1.0	0.22937171161174774	0.35058748722076416	0.22078372538089752	0.25803694128990173	0.30521026253700256	-0.23978571593761444	-0.288600355386734	0.086252361536026	0.0022978680208325386	-0.026975976303219795	0.16565893590450287	-0.03502925485372543	-0.04300150275230408	-0.022174077108502388	-0.20314662158489227	0.24849307537078857	0.19135935604572296	0.2944892644882202	0.09890633076429367	-0.16805532574653625	0.037272389978170395	0.05342043936252594	0.0889577865600586	0.05745985731482506	0.42073696851730347	0.28491920232772827	0.2131374031305313	0.23392799496650696	0.2603899836540222	0.20144078135490417	0.06579095125198364	-0.036234017461538315	-0.08847890794277191	-0.10467001795768738	0.06720711290836334	0.19476355612277985	-0.057032059878110886	-0.028630711138248444	0.16559840738773346	-0.1037692204117775	0.20092761516571045	0.15353244543075562	0.44660747051239014	-0.15240223705768585	-0.2509938180446625
THA-VPl-rh	0.14301621913909912	0.27575552463531494	-0.37726661562919617	-0.3450082838535309	0.22937171161174774	1.0	-0.05864687263965607	-0.2943643033504486	-0.1366976648569107	-0.12284097820520401	-0.07794369757175446	0.14210303127765656	0.37529706954956055	0.22066964209079742	-0.21994461119174957	-0.2685144245624542	-0.29651299118995667	-0.10619518160820007	0.03894633427262306	-0.11597811430692673	-0.18286022543907166	0.12471305578947067	-0.19045902788639069	0.050116099417209625	-0.04952765628695488	-0.10756225138902664	-0.10198935866355896	-0.3441026210784912	-0.2534792125225067	0.13433046638965607	0.5784888863563538	-0.15722957253456116	-0.3885171413421631	-0.2729170322418213	-0.1380312144756317	0.19313937425613403	0.1875540018081665	0.4287509024143219	0.4878527820110321	-0.21983583271503448	-0.10489148646593094	-0.38613641262054443	-0.4485641121864319	0.0164201557636261	0.005495339632034302	-0.1577482372522354	0.36085036396980286	0.03043241612613201	0.012079964391887188	-0.19843006134033203
THA-VAi-rh	-0.05756090208888054	0.2222503274679184	-0.33161407709121704	0.34464430809020996	0.35058748722076416	-0.05864687263965607	1.0	0.6611872315406799	0.7239295244216919	0.5722046494483948	0.09116049110889435	-0.09979722648859024	0.11303664743900299	0.06621454656124115	0.2754894196987152	0.48405149579048157	0.4841594398021698	0.29330286383628845	-0.08361329883337021	-0.27758607268333435	0.18914830684661865	0.33727285265922546	0.2639133334159851	0.014457864686846733	0.05385554954409599	-0.11271726340055466	0.2828758656978607	-0.04518694058060646	0.23028720915317535	0.38016143441200256	-0.07998105138540268	0.6967903971672058	0.60481858253479	0.6379410624504089	0.3491612374782562	0.195017471909523	0.1927519291639328	0.02354244701564312	0.01720135286450386	0.4967115521430969	0.6327223181724548	0.43921130895614624	0.39983659982681274	0.09572143852710724	-0.12597665190696716	0.2102849930524826	0.12514744699001312	0.33108970522880554	-0.106992207467556	0.23453280329704285
THA-VAs-rh	0.0947902724146843	0.06501750648021698	-0.2021947056055069	0.1696232259273529	0.22078372538089752	-0.2943643033504486	0.6611872315406799	1.0	0.7030023336410522	0.6099246740341187	0.04469866305589676	-0.23869867622852325	0.03208288922905922	-0.061331603676080704	0.24583323299884796	0.5614811778068542	0.46837565302848816	0.27406370639801025	-0.04755930230021477	-0.12639543414115906	0.28105685114860535	0.266722172498703	0.2153041809797287	-0.16918079555034637	-0.15000119805335999	0.14100460708141327	0.26721668243408203	-0.0751909464597702	0.03322680667042732	0.18593265116214752	-0.18017379939556122	0.701411783695221	0.84383225440979	0.7705956101417542	0.5385552048683167	0.0003507584915496409	0.010402970016002655	-0.09945715963840485	-0.16792446374893188	0.3498987853527069	0.5959802269935608	0.40782424807548523	0.4172913730144501	0.10029074549674988	-0.04792509973049164	0.25194692611694336	0.06742262095212936	0.2752407193183899	-0.1224934533238411	0.48131808638572693
THA-DAm-rh	-0.030638685449957848	0.138168066740036	-0.09653562307357788	0.3178672194480896	0.25803694128990173	-0.1366976648569107	0.7239295244216919	0.7030023336410522	1.0	0.6386641263961792	0.22174708545207977	-0.07590000331401825	0.1482839286327362	0.08104269206523895	0.22414232790470123	0.6535292863845825	0.5335987210273743	0.3299487829208374	0.01567593403160572	-0.1656501293182373	0.0795387476682663	0.332128643989563	0.2037338763475418	-0.04208751395344734	-0.10611820966005325	-0.01901865564286709	0.14474448561668396	-0.1879265010356903	0.09019912779331207	0.20351728796958923	-0.15118622779846191	0.7175176739692688	0.6718237400054932	0.6239683628082275	0.261775940656662	0.03128489851951599	0.16856737434864044	-0.047056298702955246	-0.06841693818569183	0.29163023829460144	0.6740476489067078	0.506289541721344	0.3927897810935974	0.15117226541042328	-0.06142350286245346	0.2382836639881134	0.2608349323272705	0.4154604375362396	-0.10931558907032013	0.25412842631340027
THA-DAl-rh	-0.0513252355158329	0.3134307861328125	0.07173266261816025	0.30040833353996277	0.30521026253700256	-0.12284097820520401	0.5722046494483948	0.6099246740341187	0.6386641263961792	1.0	-0.013336632400751114	-0.15932217240333557	0.05490506812930107	-0.024890895932912827	0.1729774922132492	0.3448331952095032	0.24529320001602173	0.0711379423737526	-0.004095252137631178	-0.07786835730075836	0.26658323407173157	0.36914002895355225	0.4064059257507324	-0.13994377851486206	0.033681273460388184	0.1232253685593605	0.3720392882823944	0.10881492495536804	0.1526649296283722	0.20038311183452606	-0.20124304294586182	0.6719151735305786	0.6409355998039246	0.574729859828949	0.5814417600631714	0.05872619152069092	0.0932818204164505	-0.10777585953474045	-0.1908511370420456	0.28751063346862793	0.5038731098175049	0.3857446014881134	0.39210808277130127	0.12161248177289963	-0.04447988048195839	0.3099159300327301	0.2644636034965515	0.5707442164421082	-0.18733970820903778	0.16853156685829163
PUT-VA-rh	0.01535407081246376	-0.18788276612758636	-0.08195813745260239	-0.07541900873184204	-0.23978571593761444	-0.07794369757175446	0.09116049110889435	0.04469866305589676	0.22174708545207977	-0.013336632400751114	1.0	0.6919540166854858	0.3309217393398285	0.3901897966861725	0.12174192070960999	0.41381439566612244	0.3044194281101227	0.5046399831771851	0.25293079018592834	0.09274119138717651	0.061723340302705765	0.4884013235569	0.05534060671925545	0.12698009610176086	0.16645856201648712	-0.298839807510376	-0.014125099405646324	-0.0512346476316452	0.06813827902078629	-0.16692841053009033	-0.24898570775985718	-0.02362952008843422	0.12811796367168427	-0.13344243168830872	-0.3634167015552521	0.6486408710479736	0.6496773958206177	0.42297112941741943	0.5119220614433289	0.05120242387056351	0.2677932679653168	0.43766361474990845	0.38747987151145935	0.14356161653995514	0.05957544967532158	-0.3274495601654053	0.17072980105876923	-0.1500747799873352	-0.20407414436340332	0.04456879198551178
PUT-DA-rh	-0.06287331879138947	0.035358626395463943	-0.07857738435268402	-0.06485351920127869	-0.288600355386734	0.14210303127765656	-0.09979722648859024	-0.23869867622852325	-0.07590000331401825	-0.15932217240333557	0.6919540166854858	1.0	0.5150352120399475	0.6639950275421143	0.12297624349594116	0.12107135355472565	0.1439320296049118	0.48978352546691895	0.22106316685676575	0.258270263671875	0.047511279582977295	0.34952524304389954	0.1746922731399536	0.06453345715999603	0.06707006692886353	-0.3467419743537903	-0.0010184475686401129	-0.08651702851057053	-0.02887183427810669	-0.3277006447315216	-0.1211143434047699	-0.24227921664714813	-0.13364830613136292	-0.4592472314834595	-0.3864779770374298	0.4153699278831482	0.6164856553077698	0.5535672903060913	0.632158100605011	-0.18963298201560974	0.006745674181729555	0.18183927237987518	0.16306336224079132	0.18607832491397858	0.25543391704559326	-0.3893624544143677	0.21429480612277985	-0.22347715497016907	-0.25106191635131836	-0.12182389944791794
PUT-VP-rh	0.1068343073129654	0.27598926424980164	-0.22404734790325165	-0.1466086506843567	0.086252361536026	0.37529706954956055	0.11303664743900299	0.03208288922905922	0.1482839286327362	0.05490506812930107	0.3309217393398285	0.5150352120399475	1.0	0.6632885336875916	0.13796693086624146	0.19618067145347595	0.2890126407146454	0.2479851096868515	0.23838549852371216	0.2730628550052643	0.039748240262269974	0.25197064876556396	0.22629588842391968	0.05504189059138298	-0.1649601012468338	0.04313812777400017	0.20379775762557983	-0.24869577586650848	-0.19696083664894104	-0.2666304111480713	0.051807381212711334	0.05301007255911827	-0.04597313329577446	-0.15090662240982056	-0.013989463448524475	0.3486912250518799	0.6523153781890869	0.6153117418289185	0.6103784441947937	-0.1242486909031868	0.1350451558828354	0.08850686252117157	0.09482575207948685	0.35675424337387085	0.20559978485107422	-0.27961230278015137	0.32748082280158997	0.17122995853424072	-0.32357731461524963	0.0044191074557602406
PUT-DP-rh	0.03469988331198692	0.0030065570026636124	0.05970200151205063	0.0799717977643013	0.0022978680208325386	0.22066964209079742	0.06621454656124115	-0.061331603676080704	0.08104269206523895	-0.024890895932912827	0.3901897966861725	0.6639950275421143	0.6632885336875916	1.0	0.3713848888874054	0.18990032374858856	0.28730008006095886	0.41982096433639526	0.2741541266441345	0.49353229999542236	0.06591861695051193	0.3210255205631256	0.3516284227371216	0.017940260469913483	-0.22727222740650177	0.10000457614660263	0.008407270535826683	-0.11765415221452713	-0.04054773226380348	-0.37429675459861755	-0.16516566276550293	-0.06350784003734589	-0.043538324534893036	-0.26209956407546997	-0.2191752791404724	0.4010448455810547	0.6517812013626099	0.6107971668243408	0.6895243525505066	-0.07376524806022644	0.1470005363225937	0.20191994309425354	0.2196398228406906	0.41331782937049866	0.4701257348060608	0.02514958754181862	0.2853565812110901	0.1368800848722458	-0.18837688863277435	0.02457869052886963
CAU-VA-rh	-0.03378596901893616	-0.0017721944022923708	0.24636228382587433	0.24528314173221588	-0.026975976303219795	-0.21994461119174957	0.2754894196987152	0.24583323299884796	0.22414232790470123	0.1729774922132492	0.12174192070960999	0.12297624349594116	0.13796693086624146	0.3713848888874054	1.0	0.3318384885787964	0.39039838314056396	0.282199501991272	0.2636558413505554	0.3602432310581207	0.20403233170509338	0.10560297966003418	0.4754984974861145	-0.4007076621055603	-0.31792211532592773	0.11604998260736465	0.11371075361967087	0.18454621732234955	0.27705034613609314	-0.06926638633012772	-0.3006575405597687	0.26933151483535767	0.21803255379199982	0.036131080240011215	-0.06543071568012238	0.1478663682937622	0.20886515080928802	0.13358549773693085	0.0591200552880764	0.41453224420547485	0.19284185767173767	0.21264855563640594	0.28104159235954285	0.25786593556404114	0.29664406180381775	0.21725954115390778	0.10262835770845413	0.3427528142929077	-0.08321210741996765	0.3331901431083679
CAU-DA-rh	-0.15332838892936707	-0.12023070454597473	0.03770742565393448	0.25704243779182434	0.16565893590450287	-0.2685144245624542	0.48405149579048157	0.5614811778068542	0.6535292863845825	0.3448331952095032	0.41381439566612244	0.12107135355472565	0.19618067145347595	0.18990032374858856	0.3318384885787964	1.0	0.5824042558670044	0.5531219840049744	0.10879949480295181	-0.04457308351993561	0.13255131244659424	0.35910898447036743	0.24880702793598175	0.07316664606332779	-0.06715918332338333	-0.13858643174171448	-0.01925373636186123	-0.040038418024778366	0.050338078290224075	-0.02833903580904007	-0.3370356559753418	0.30010807514190674	0.5438546538352966	0.42879700660705566	0.07039867341518402	0.09170040488243103	0.12191132456064224	-0.030537130311131477	0.05431850627064705	0.1823781430721283	0.5531182289123535	0.4231669306755066	0.48794567584991455	0.10679834336042404	0.08175615221261978	0.09521280974149704	0.1717004030942917	0.3485099971294403	-0.29044055938720703	0.2753848135471344
CAU-body-rh	-0.31756114959716797	0.01796681061387062	0.0408569872379303	0.3082694709300995	-0.03502925485372543	-0.29651299118995667	0.4841594398021698	0.46837565302848816	0.5335987210273743	0.24529320001602173	0.3044194281101227	0.1439320296049118	0.2890126407146454	0.28730008006095886	0.39039838314056396	0.5824042558670044	1.0	0.6133552193641663	-0.10899127274751663	-0.12586304545402527	0.17031671106815338	0.07447588443756104	0.20262254774570465	0.010780191980302334	0.06235753372311592	-0.18474383652210236	0.10331755131483078	-0.056761663407087326	0.048941198736429214	0.041570574045181274	-0.4703243374824524	0.3820274770259857	0.4729815125465393	0.32655999064445496	-0.052825868129730225	0.05261114239692688	0.14970533549785614	-0.10632719099521637	0.06536424160003662	0.3259124755859375	0.40652528405189514	0.6950210332870483	0.7311151623725891	0.28308773040771484	-0.1344374567270279	-0.020062746480107307	-0.0963532105088234	0.0928521603345871	-0.27699413895606995	0.23410817980766296
CAU-tail-rh	-0.26683732867240906	0.004050233401358128	-0.014631069265305996	0.23447801172733307	-0.04300150275230408	-0.10619518160820007	0.29330286383628845	0.27406370639801025	0.3299487829208374	0.0711379423737526	0.5046399831771851	0.48978352546691895	0.2479851096868515	0.41982096433639526	0.282199501991272	0.5531219840049744	0.6133552193641663	1.0	0.09182943403720856	-0.11108769476413727	0.09318458288908005	0.31627556681632996	0.2553733289241791	-0.08690560609102249	0.18724407255649567	-0.3198342025279999	0.10482968389987946	-0.011299801990389824	0.08768531680107117	-0.024830879643559456	-0.26259660720825195	0.04587918519973755	0.376862108707428	0.027150090783834457	-0.3164604902267456	0.29290682077407837	0.23986408114433289	0.1627962440252304	0.3216105103492737	0.08608792722225189	0.34745001792907715	0.6170306205749512	0.6597786545753479	0.21121563017368317	0.01672813668847084	-0.07234285771846771	0.0682382583618164	-0.052532169967889786	-0.3007517457008362	0.03664953261613846
lAMY-rh	0.3554159700870514	-0.12040459364652634	0.1377515345811844	0.02795691229403019	-0.022174077108502388	0.03894633427262306	-0.08361329883337021	-0.04755930230021477	0.01567593403160572	-0.004095252137631178	0.25293079018592834	0.22106316685676575	0.23838549852371216	0.2741541266441345	0.2636558413505554	0.10879949480295181	-0.10899127274751663	0.09182943403720856	1.0	0.5171958804130554	0.010563214309513569	0.20435085892677307	0.22422833740711212	-0.22369466722011566	-0.3440777063369751	0.15288998186588287	-0.026016682386398315	0.17855845391750336	0.1445305496454239	-0.046340081840753555	-0.018355587497353554	-0.019872646778821945	-0.03167922794818878	-0.17526912689208984	-0.23559190332889557	0.23410482704639435	0.22966504096984863	0.2621503174304962	0.15351523458957672	-0.08313753455877304	-0.05168965831398964	0.07660794258117676	-0.052262526005506516	0.4698791205883026	0.6264327764511108	0.17291037738323212	0.4327109158039093	-0.002865120302885771	-0.13583065569400787	-0.16580113768577576
mAMY-rh	0.3501570224761963	0.06843959540128708	0.3691629469394684	0.06756843626499176	-0.20314662158489227	-0.11597811430692673	-0.27758607268333435	-0.12639543414115906	-0.1656501293182373	-0.07786835730075836	0.09274119138717651	0.258270263671875	0.2730628550052643	0.49353229999542236	0.3602432310581207	-0.04457308351993561	-0.12586304545402527	-0.11108769476413727	0.5171958804130554	1.0	0.10812991112470627	0.0948241576552391	0.3120310604572296	-0.28759485483169556	-0.43601638078689575	0.43078169226646423	0.18230722844600677	0.3045121133327484	0.18101505935192108	-0.5693808197975159	-0.03966303542256355	-0.12361256778240204	-0.1913849413394928	-0.2115742564201355	0.033768076449632645	0.12616567313671112	0.3205621540546417	0.254503458738327	0.1948326677083969	-0.07001300901174545	-0.17539170384407043	-0.05009865388274193	-0.12157224863767624	0.4231420159339905	0.7756689190864563	0.07178284227848053	0.2073313593864441	0.09506073594093323	-0.10094299167394638	0.003556466195732355
THA-DP-rh	0.03660259768366814	0.104041688144207	0.050783030688762665	0.2694987654685974	0.24849307537078857	-0.18286022543907166	0.18914830684661865	0.28105685114860535	0.0795387476682663	0.26658323407173157	0.061723340302705765	0.047511279582977295	0.039748240262269974	0.06591861695051193	0.20403233170509338	0.13255131244659424	0.17031671106815338	0.09318458288908005	0.010563214309513569	0.10812991112470627	1.0	0.2830357253551483	0.3537368178367615	0.059405367821455	0.08222083747386932	0.042130619287490845	0.23797520995140076	0.24595150351524353	0.4004895091056824	0.011181989684700966	-0.11321473121643066	-0.00019349555077496916	0.4210231304168701	0.09351102262735367	0.18682144582271576	0.17463980615139008	0.09067005664110184	0.09394429624080658	0.07287544012069702	0.3157452940940857	0.18834403157234192	0.25804197788238525	0.396401047706604	0.2411595582962036	0.10644709318876266	0.20443235337734222	0.19928312301635742	0.12478510290384293	-0.19758780300617218	-0.18005454540252686
NAc-shell-rh	0.2154865711927414	0.1393091231584549	-0.2226279079914093	0.035374321043491364	0.19135935604572296	0.12471305578947067	0.33727285265922546	0.266722172498703	0.332128643989563	0.36914002895355225	0.4884013235569	0.34952524304389954	0.25197064876556396	0.3210255205631256	0.10560297966003418	0.35910898447036743	0.07447588443756104	0.31627556681632996	0.20435085892677307	0.0948241576552391	0.2830357253551483	1.0	0.28448259830474854	-0.015748856589198112	0.10070178657770157	-0.005949061829596758	0.25089406967163086	-0.019586525857448578	0.29549896717071533	0.04690578579902649	0.0690518394112587	0.26308950781822205	0.3432696759700775	0.12910149991512299	0.05900173634290695	0.5619940757751465	0.4986562728881836	0.34511810541152954	0.4049539566040039	0.06650812923908234	0.42479538917541504	0.21389277279376984	0.22506584227085114	0.18490007519721985	0.14044317603111267	-0.075139619410038	0.4416281282901764	0.2437116652727127	-0.13454073667526245	0.06791447848081589
NAc-core-rh	-0.053453944623470306	0.2583206295967102	0.2562275826931	0.2363237887620926	0.2944892644882202	-0.19045902788639069	0.2639133334159851	0.2153041809797287	0.2037338763475418	0.4064059257507324	0.05534060671925545	0.1746922731399536	0.22629588842391968	0.3516284227371216	0.4754984974861145	0.24880702793598175	0.20262254774570465	0.2553733289241791	0.22422833740711212	0.3120310604572296	0.3537368178367615	0.28448259830474854	1.0	-0.3026926517486572	-0.14078284800052643	0.17369630932807922	0.44009819626808167	0.26998135447502136	0.33241263031959534	0.06557416915893555	-0.21573056280612946	0.3223114013671875	0.26949912309646606	0.1081317812204361	0.19401811063289642	0.20483535528182983	0.2726748585700989	0.11608760058879852	-0.07478068023920059	-0.0026156441308557987	0.10500162839889526	0.2194889336824417	0.26365044713020325	0.2801341414451599	0.3635917007923126	0.12717373669147491	0.2864556312561035	0.45880722999572754	-0.4506440758705139	-0.06858301907777786
pGP-rh	-0.16635940968990326	-0.2286999672651291	-0.09123053401708603	0.14301186800003052	0.09890633076429367	0.050116099417209625	0.014457864686846733	-0.16918079555034637	-0.04208751395344734	-0.13994377851486206	0.12698009610176086	0.06453345715999603	0.05504189059138298	0.017940260469913483	-0.4007076621055603	0.07316664606332779	0.010780191980302334	-0.08690560609102249	-0.22369466722011566	-0.28759485483169556	0.059405367821455	-0.015748856589198112	-0.3026926517486572	1.0	0.32114627957344055	-0.33841001987457275	-0.22572831809520721	-0.17462147772312164	0.01460355706512928	-0.1383138746023178	-0.025752447545528412	-0.2446737140417099	-0.09881071001291275	-0.06431400030851364	-0.0705733671784401	0.03498629108071327	0.09946199506521225	-0.0075108059681952	0.11022146791219711	0.0810258612036705	0.1128445416688919	0.021643107756972313	0.03498862311244011	-0.09726453572511673	-0.19718152284622192	-0.06530346721410751	-0.1181759238243103	-0.19740813970565796	0.16192759573459625	-0.08779224008321762
aGP-rh	-0.1204410269856453	-0.08205088973045349	-0.12330034375190735	0.0044997758232057095	-0.16805532574653625	-0.04952765628695488	0.05385554954409599	-0.15000119805335999	-0.10611820966005325	0.033681273460388184	0.16645856201648712	0.06707006692886353	-0.1649601012468338	-0.22727222740650177	-0.31792211532592773	-0.06715918332338333	0.06235753372311592	0.18724407255649567	-0.3440777063369751	-0.43601638078689575	0.08222083747386932	0.10070178657770157	-0.14078284800052643	0.32114627957344055	1.0	-0.32266685366630554	0.1350204199552536	0.1389133334159851	0.23343610763549805	0.02086460031569004	-0.2178850620985031	-0.16930750012397766	-0.0053768400102853775	-0.061561211943626404	-0.09412258118391037	0.09006702899932861	-0.04389972984790802	-0.11946722120046616	-0.014320529997348785	0.06359207630157471	0.01689784601330757	0.18364015221595764	0.3659150004386902	-0.11710675060749054	-0.4400080442428589	-0.16682687401771545	-0.10845089703798294	-0.2997336685657501	-0.10209877789020538	-0.037883833050727844
HIP-head-m-lh	0.4682930111885071	0.06536683440208435	0.09583945572376251	-0.04376649111509323	0.037272389978170395	-0.10756225138902664	-0.11271726340055466	0.14100460708141327	-0.01901865564286709	0.1232253685593605	-0.298839807510376	-0.3467419743537903	0.04313812777400017	0.10000457614660263	0.11604998260736465	-0.13858643174171448	-0.18474383652210236	-0.3198342025279999	0.15288998186588287	0.43078169226646423	0.042130619287490845	-0.005949061829596758	0.17369630932807922	-0.33841001987457275	-0.32266685366630554	1.0	0.18888968229293823	0.07355984300374985	0.0801544040441513	-0.09218908101320267	0.1064240112900734	0.17561675608158112	-0.011554548516869545	0.24874389171600342	0.3049430251121521	-0.024255450814962387	0.023235706612467766	0.08390167355537415	-0.11873157322406769	-0.10431810468435287	0.03937962278723717	-0.21506965160369873	-0.15573665499687195	0.059655509889125824	0.3242415487766266	0.47451338171958923	0.07187321782112122	0.24660231173038483	0.14284135401248932	0.1678888350725174
HIP-head-l-l	0.14617936313152313	0.6610450744628906	-0.04520485922694206	0.05955251678824425	0.05342043936252594	-0.10198935866355896	0.2828758656978607	0.26721668243408203	0.14474448561668396	0.3720392882823944	-0.014125099405646324	-0.0010184475686401129	0.20379775762557983	0.008407270535826683	0.11371075361967087	-0.01925373636186123	0.10331755131483078	0.10482968389987946	-0.026016682386398315	0.18230722844600677	0.23797520995140076	0.25089406967163086	0.44009819626808167	-0.22572831809520721	0.1350204199552536	0.18888968229293823	1.0	0.20256198942661285	0.31596478819847107	-0.0863092914223671	0.19743500649929047	0.35726064443588257	0.20977313816547394	0.31406110525131226	0.44753381609916687	0.30353060364723206	0.3016645014286041	0.024617310613393784	-0.047797854989767075	0.2556152939796448	0.24939388036727905	0.31734493374824524	0.22857557237148285	0.023455025628209114	-0.03592051565647125	-0.11795232445001602	0.1347338855266571	0.21335530281066895	-0.07968533039093018	0.05736880749464035
HIP-body-l	0.0487956739962101	0.031216440722346306	0.554496169090271	0.16939117014408112	0.0889577865600586	-0.3441026210784912	-0.04518694058060646	-0.0751909464597702	-0.1879265010356903	0.10881492495536804	-0.0512346476316452	-0.08651702851057053	-0.24869577586650848	-0.11765415221452713	0.18454621732234955	-0.040038418024778366	-0.056761663407087326	-0.011299801990389824	0.17855845391750336	0.3045121133327484	0.24595150351524353	-0.019586525857448578	0.26998135447502136	-0.17462147772312164	0.1389133334159851	0.07355984300374985	0.20256198942661285	1.0	0.3618847727775574	-0.06165347620844841	-0.16706305742263794	-0.11000848561525345	-0.0211227647960186	-0.027440235018730164	0.03862156346440315	0.04898728430271149	-0.1609460711479187	-0.1796143800020218	-0.2761450707912445	0.1251259297132492	-0.13692213594913483	0.14081628620624542	0.21213765442371368	0.19362711906433105	0.19860278069972992	0.1299363523721695	-0.08801534026861191	0.031718965619802475	-0.19900988042354584	-0.26708516478538513
HIP-tail-lh	-0.012539857998490334	0.12152456492185593	0.17636141180992126	0.32459625601768494	0.05745985731482506	-0.2534792125225067	0.23028720915317535	0.03322680667042732	0.09019912779331207	0.1526649296283722	0.06813827902078629	-0.02887183427810669	-0.19696083664894104	-0.04054773226380348	0.27705034613609314	0.050338078290224075	0.048941198736429214	0.08768531680107117	0.1445305496454239	0.18101505935192108	0.4004895091056824	0.29549896717071533	0.33241263031959534	0.01460355706512928	0.23343610763549805	0.0801544040441513	0.31596478819847107	0.3618847727775574	1.0	0.05923597142100334	-0.03867175802588463	0.08751734346151352	0.1230330765247345	0.12356327474117279	-0.04343225806951523	0.21089017391204834	0.12414497137069702	-0.02186235971748829	-0.049639277160167694	0.3193810284137726	0.15306708216667175	0.21370363235473633	0.2226666510105133	-0.017338121309876442	0.07460731267929077	0.08172549307346344	0.08126221597194672	0.11746365576982498	-0.0820145457983017	-0.1067638024687767
THA-VPm-lh	-0.05965466797351837	0.11397510766983032	-0.27917635440826416	-0.06130156293511391	0.42073696851730347	0.13433046638965607	0.38016143441200256	0.18593265116214752	0.20351728796958923	0.20038311183452606	-0.16692841053009033	-0.3277006447315216	-0.2666304111480713	-0.37429675459861755	-0.06926638633012772	-0.02833903580904007	0.041570574045181274	-0.024830879643559456	-0.046340081840753555	-0.5693808197975159	0.011181989684700966	0.04690578579902649	0.06557416915893555	-0.1383138746023178	0.02086460031569004	-0.09218908101320267	-0.0863092914223671	-0.06165347620844841	0.05923597142100334	1.0	0.20840899646282196	0.3447633683681488	0.15061908960342407	0.30074653029441833	-0.0013400194002315402	-0.08627843856811523	-0.29807475209236145	-0.1976122260093689	-0.26687702536582947	0.08199857175350189	0.03392937406897545	0.030391788110136986	-0.013072304427623749	-0.14978598058223724	-0.2534286379814148	0.11098361760377884	0.019935181364417076	0.09319180995225906	-0.08388146013021469	-0.2090301662683487
THA-VPl-lh	0.24128973484039307	0.5270894765853882	-0.3142087459564209	-0.30920806527137756	0.28491920232772827	0.5784888863563538	-0.07998105138540268	-0.18017379939556122	-0.15118622779846191	-0.20124304294586182	-0.24898570775985718	-0.1211143434047699	0.051807381212711334	-0.16516566276550293	-0.3006575405597687	-0.3370356559753418	-0.4703243374824524	-0.26259660720825195	-0.018355587497353554	-0.03966303542256355	-0.11321473121643066	0.0690518394112587	-0.21573056280612946	-0.025752447545528412	-0.2178850620985031	0.1064240112900734	0.19743500649929047	-0.16706305742263794	-0.03867175802588463	0.20840899646282196	1.0	0.0011240447638556361	-0.3000347912311554	-0.015379367396235466	0.045541465282440186	0.05385037139058113	-0.020451480522751808	0.15204723179340363	0.05188245326280594	-0.09289269894361496	-0.020828207954764366	-0.38780656456947327	-0.5970689058303833	-0.21096089482307434	-0.032362956553697586	-0.13998273015022278	0.0852111205458641	-0.027684880420565605	0.2674626410007477	-0.2798396050930023
THA-VAi-lh	0.019024670124053955	0.3046950399875641	-0.15500901639461517	0.13424982130527496	0.2131374031305313	-0.15722957253456116	0.6967903971672058	0.701411783695221	0.7175176739692688	0.6719151735305786	-0.02362952008843422	-0.24227921664714813	0.05301007255911827	-0.06350784003734589	0.26933151483535767	0.30010807514190674	0.3820274770259857	0.04587918519973755	-0.019872646778821945	-0.12361256778240204	-0.00019349555077496916	0.26308950781822205	0.3223114013671875	-0.2446737140417099	-0.16930750012397766	0.17561675608158112	0.35726064443588257	-0.11000848561525345	0.08751734346151352	0.3447633683681488	0.0011240447638556361	1.0	0.6231774091720581	0.7309657335281372	0.4777810573577881	0.03733706846833229	0.08812355995178223	-0.0995028093457222	-0.2889728844165802	0.29767176508903503	0.5279794931411743	0.3421962261199951	0.21504609286785126	0.057646650820970535	-0.10900546610355377	0.20625358819961548	0.07159862667322159	0.37471482157707214	0.053740568459033966	0.37259429693222046
THA-VAs-lh	-0.14888258278369904	0.021130533888936043	-0.06685471534729004	0.33546698093414307	0.23392799496650696	-0.3885171413421631	0.60481858253479	0.84383225440979	0.6718237400054932	0.6409355998039246	0.12811796367168427	-0.13364830613136292	-0.04597313329577446	-0.043538324534893036	0.21803255379199982	0.5438546538352966	0.4729815125465393	0.376862108707428	-0.03167922794818878	-0.1913849413394928	0.4210231304168701	0.3432696759700775	0.26949912309646606	-0.09881071001291275	-0.0053768400102853775	-0.011554548516869545	0.20977313816547394	-0.0211227647960186	0.1230330765247345	0.15061908960342407	-0.3000347912311554	0.6231774091720581	1.0	0.654735803604126	0.4329269826412201	0.042240872979164124	0.008791028521955013	-0.11882194876670837	-0.14320574700832367	0.38272199034690857	0.5955554246902466	0.5408349633216858	0.5918129086494446	0.18377892673015594	-0.10770619660615921	0.244391068816185	0.056448351591825485	0.2639652490615845	-0.09548681974411011	0.3018047511577606
THA-DAm-lh	0.04272382706403732	0.20170031487941742	-0.11494799703359604	0.14351369440555573	0.2603899836540222	-0.2729170322418213	0.6379410624504089	0.7705956101417542	0.6239683628082275	0.574729859828949	-0.13344243168830872	-0.4592472314834595	-0.15090662240982056	-0.26209956407546997	0.036131080240011215	0.42879700660705566	0.32655999064445496	0.027150090783834457	-0.17526912689208984	-0.2115742564201355	0.09351102262735367	0.12910149991512299	0.1081317812204361	-0.06431400030851364	-0.061561211943626404	0.24874389171600342	0.31406110525131226	-0.027440235018730164	0.12356327474117279	0.30074653029441833	-0.015379367396235466	0.7309657335281372	0.654735803604126	1.0	0.5842568874359131	-0.09935452044010162	-0.13603128492832184	-0.29633253812789917	-0.36218035221099854	0.32862499356269836	0.5615209341049194	0.3290269672870636	0.30318063497543335	-0.10861436277627945	-0.13204358518123627	0.3265208899974823	-0.013143019750714302	0.30459851026535034	-0.06991615891456604	0.3548983931541443
THA-DAl-lh	0.004535662941634655	0.35755807161331177	-0.1738900989294052	0.02885168418288231	0.20144078135490417	-0.1380312144756317	0.3491612374782562	0.5385552048683167	0.261775940656662	0.5814417600631714	-0.3634167015552521	-0.3864779770374298	-0.013989463448524475	-0.2191752791404724	-0.06543071568012238	0.07039867341518402	-0.052825868129730225	-0.3164604902267456	-0.23559190332889557	0.033768076449632645	0.18682144582271576	0.05900173634290695	0.19401811063289642	-0.0705733671784401	-0.09412258118391037	0.3049430251121521	0.44753381609916687	0.03862156346440315	-0.04343225806951523	-0.0013400194002315402	0.045541465282440186	0.4777810573577881	0.4329269826412201	0.5842568874359131	1.0	-0.13378861546516418	-0.023842772468924522	-0.1711275279521942	-0.2843623757362366	0.09199439734220505	0.21130870282649994	-0.032658953219652176	0.005092750769108534	-0.15126493573188782	-0.014988158829510212	0.14389072358608246	-0.15859799087047577	0.29993411898612976	0.020434493198990822	0.31824755668640137
PUT-VA-lh	0.16404254734516144	0.06916464120149612	-0.17639385163784027	-0.2071991115808487	0.06579095125198364	0.19313937425613403	0.195017471909523	0.0003507584915496409	0.03128489851951599	0.05872619152069092	0.6486408710479736	0.4153699278831482	0.3486912250518799	0.4010448455810547	0.1478663682937622	0.09170040488243103	0.05261114239692688	0.29290682077407837	0.23410482704639435	0.12616567313671112	0.17463980615139008	0.5619940757751465	0.20483535528182983	0.03498629108071327	0.09006702899932861	-0.024255450814962387	0.30353060364723206	0.04898728430271149	0.21089017391204834	-0.08627843856811523	0.05385037139058113	0.03733706846833229	0.042240872979164124	-0.09935452044010162	-0.13378861546516418	1.0	0.7703794836997986	0.5498332381248474	0.5947626829147339	0.17263208329677582	0.3153556287288666	0.28549957275390625	0.20555397868156433	0.1010080948472023	0.022264963015913963	-0.20891012251377106	0.26012104749679565	0.10662580281496048	0.0350777730345726	-0.031733326613903046
PUT-DA-l	0.1315169632434845	0.168458953499794	-0.1887078732252121	-0.11407629400491714	-0.036234017461538315	0.1875540018081665	0.1927519291639328	0.010402970016002655	0.16856737434864044	0.0932818204164505	0.6496773958206177	0.6164856553077698	0.6523153781890869	0.6517812013626099	0.20886515080928802	0.12191132456064224	0.14970533549785614	0.23986408114433289	0.22966504096984863	0.3205621540546417	0.09067005664110184	0.4986562728881836	0.2726748585700989	0.09946199506521225	-0.04389972984790802	0.023235706612467766	0.3016645014286041	-0.1609460711479187	0.12414497137069702	-0.29807475209236145	-0.020451480522751808	0.08812355995178223	0.008791028521955013	-0.13603128492832184	-0.023842772468924522	0.7703794836997986	1.0	0.6431005597114563	0.7003343105316162	0.01682322658598423	0.22233140468597412	0.22294333577156067	0.12043958157300949	0.17314347624778748	0.17327755689620972	-0.29598331451416016	0.25468409061431885	0.1159101352095604	-0.10513733327388763	0.10322786867618561
PUT-VP-lh	0.1398390233516693	-0.004154880531132221	-0.3070940375328064	-0.16917020082473755	-0.08847890794277191	0.4287509024143219	0.02354244701564312	-0.09945715963840485	-0.047056298702955246	-0.10777585953474045	0.42297112941741943	0.5535672903060913	0.6153117418289185	0.6107971668243408	0.13358549773693085	-0.030537130311131477	-0.10632719099521637	0.1627962440252304	0.2621503174304962	0.254503458738327	0.09394429624080658	0.34511810541152954	0.11608760058879852	-0.0075108059681952	-0.11946722120046616	0.08390167355537415	0.024617310613393784	-0.1796143800020218	-0.02186235971748829	-0.1976122260093689	0.15204723179340363	-0.0995028093457222	-0.11882194876670837	-0.29633253812789917	-0.1711275279521942	0.5498332381248474	0.6431005597114563	1.0	0.7922600507736206	-0.08132573962211609	0.19960510730743408	-0.04825427383184433	-0.04551183059811592	0.0940830409526825	0.20630310475826263	-0.11199314892292023	0.36608874797821045	0.02737208642065525	-0.0798344761133194	0.01403751876205206
PUT-DP-lh	0.03313416987657547	-0.020914986729621887	-0.3163297176361084	-0.1495721936225891	-0.10467001795768738	0.4878527820110321	0.01720135286450386	-0.16792446374893188	-0.06841693818569183	-0.1908511370420456	0.5119220614433289	0.632158100605011	0.6103784441947937	0.6895243525505066	0.0591200552880764	0.05431850627064705	0.06536424160003662	0.3216105103492737	0.15351523458957672	0.1948326677083969	0.07287544012069702	0.4049539566040039	-0.07478068023920059	0.11022146791219711	-0.014320529997348785	-0.11873157322406769	-0.047797854989767075	-0.2761450707912445	-0.049639277160167694	-0.26687702536582947	0.05188245326280594	-0.2889728844165802	-0.14320574700832367	-0.36218035221099854	-0.2843623757362366	0.5947626829147339	0.7003343105316162	0.7922600507736206	1.0	-0.04183913767337799	0.15450461208820343	0.08610653132200241	0.06687452644109726	0.14509108662605286	0.16565576195716858	-0.291119784116745	0.30113017559051514	-0.035150326788425446	-0.06801875680685043	-0.019820887595415115
