Node	DMN_LABEL_1	Vis_LABEL_2	FP_LABEL_3	Aud_LABEL_4	Tpole_LABEL_5	PMN_LABEL_6	PON_LABEL_7	MTL_LABEL_8	PON_LABEL_9	CO_LABEL_10	Sal_LABEL_11	CO_LABEL_12	SMd_LABEL_13	SMl_LABEL_14	DAN_LABEL_15	DMN_LABEL_16	CO_LABEL_17	DMN_LABEL_18	VAN_LABEL_19	CO_LABEL_20	CO_LABEL_21	Sal_LABEL_22	DAN_LABEL_23	PMN_LABEL_24	DAN_LABEL_25	DMN_LABEL_26	DMN_LABEL_27	DMN_LABEL_28	Vis_LABEL_29	FP_LABEL_30	Aud_LABEL_31	Tpole_LABEL_32	PMN_LABEL_33	PON_LABEL_34	MTL_LABEL_35	CO_LABEL_36	Sal_LABEL_37	CO_LABEL_38	SMd_LABEL_39	SMl_LABEL_40	DAN_LABEL_41	CO_LABEL_42	VAN_LABEL_43	CO_LABEL_44	CO_LABEL_45	Sal_LABEL_46	DAN_LABEL_47	PMN_LABEL_48	DAN_LABEL_49	DMN_LABEL_50	FP_LABEL_51	DMN_LABEL_52	DMN_LABEL_53	PON_LABEL_54	DMN_LABEL_55	Tpole_LABEL_56	Tpole_LABEL_57	Sal_LABEL_58	Sal_LABEL_59	SMd_LABEL_60	DAN_LABEL_61	FP_LABEL_62	DMN_LABEL_63	FP_LABEL_64	FP_LABEL_65	SMd_LABEL_66	SMl_LABEL_67	SMd_LABEL_68	DMN_LABEL_69	DAN_LABEL_70	DMN_LABEL_71	FP_LABEL_72	SMd_LABEL_73	SMl_LABEL_74	MTL_LABEL_75	MTL_LABEL_76	CO_LABEL_77	CO_LABEL_78	Vis_LABEL_79	Vis_LABEL_80
DMN_LABEL_1	1.0	-0.07386991381645203	-0.179359570145607	-0.08097933232784271	-0.02616850472986698	0.5015155673027039	0.23041845858097076	n/a	-0.24922378361225128	-0.09519097208976746	-0.27555641531944275	-0.10546699166297913	0.36700549721717834	-0.2138289511203766	-0.2875629961490631	0.7457139492034912	-0.1625596582889557	0.32846665382385254	0.22481711208820343	-0.3873182535171509	-0.44267815351486206	-0.23328891396522522	0.17515632510185242	0.5059710741043091	-0.2327878773212433	0.23431208729743958	0.5486057996749878	0.3432072401046753	-0.10788412392139435	-0.060557618737220764	0.021763812750577927	0.09604056924581528	0.5548941493034363	0.2591404318809509	n/a	-0.2713156044483185	0.1812560260295868	-0.345100075006485	0.2842167913913727	-0.16570861637592316	-0.047826170921325684	-0.19979311525821686	0.24942375719547272	-0.24400249123573303	-0.32788029313087463	-0.019224753603339195	0.029208526015281677	0.7950842976570129	-0.43975406885147095	0.5677168965339661	-0.5002902746200562	0.3653324246406555	0.5277968049049377	-0.23330742120742798	0.23235942423343658	-0.15814779698848724	-0.13764403760433197	0.24059933423995972	0.36993783712387085	0.34986168146133423	0.0447489358484745	0.28107357025146484	0.19449764490127563	0.2150162309408188	2.1982557882438414e-05	0.24530184268951416	-0.026395361870527267	0.5354200601577759	0.22449395060539246	0.13083872199058533	0.3037729263305664	0.33923783898353577	0.21821832656860352	-0.1679634153842926	0.10886041820049286	0.032010868191719055	0.2608456611633301	0.028524894267320633	-0.3168471157550812	-0.1865575909614563
Vis_LABEL_2	-0.07386991381645203	1.0	-0.2781803607940674	-0.08766037970781326	-0.4892362356185913	0.10225264728069305	0.3144477903842926	n/a	0.11062450706958771	0.17829403281211853	-0.018727213144302368	0.08914822340011597	0.031382977962493896	-0.26437315344810486	0.04077629745006561	-0.19663137197494507	0.0005101655260659754	-0.3388794958591461	-0.3913453221321106	-0.06748734414577484	-0.04116100072860718	-0.09490743279457092	0.3708558678627014	0.16141676902770996	0.28860917687416077	-0.17859727144241333	-0.07975994050502777	-0.31808310747146606	0.9050291180610657	-0.27319830656051636	-0.014268116094172001	-0.5409855246543884	0.18277278542518616	0.09656549245119095	n/a	0.08168505877256393	-0.01845802180469036	-0.09637665003538132	0.04962336644530296	-0.2907324731349945	-0.04420055076479912	-0.10969410091638565	-0.37523820996284485	0.03675251826643944	-0.13321566581726074	-0.20009098947048187	0.43956807255744934	0.07923075556755066	0.1777237504720688	-0.1667909175157547	-0.16758786141872406	-0.02991548739373684	-0.3416093587875366	0.24273252487182617	-0.12742744386196136	-0.2956894636154175	-0.20417113602161407	-0.04286772012710571	-0.07438980042934418	-0.1336570680141449	0.25128644704818726	-0.04868113249540329	-0.19094684720039368	-0.33519741892814636	-0.1684921532869339	-0.047011468559503555	-0.3692760467529297	0.07193572074174881	-0.2013363540172577	0.4496608078479767	-0.24104349315166473	-0.0841778963804245	0.0720919817686081	-0.42784860730171204	0.014569692313671112	-0.07405728101730347	-0.031966228038072586	-0.0836150124669075	0.1952178180217743	0.2698171138763428
FP_LABEL_3	-0.179359570145607	-0.2781803607940674	1.0	-0.0962662547826767	-0.09208518266677856	0.1321718692779541	-0.4257908761501312	n/a	-0.33504247665405273	-0.10149224102497101	0.5358110070228577	-0.1160527765750885	-0.32997873425483704	0.22217266261577606	0.24245132505893707	-0.076783686876297	-0.17377303540706635	-0.22982729971408844	-0.39969268441200256	0.07646467536687851	0.2102285921573639	0.5707645416259766	0.09614289551973343	0.20589742064476013	-0.08115842938423157	-0.12908145785331726	0.17131920158863068	0.25588035583496094	-0.44923868775367737	0.8928409218788147	-0.2699835002422333	-0.03361324220895767	-0.024459948763251305	-0.4837825894355774	n/a	0.037609100341796875	0.5147802829742432	0.013756796717643738	-0.43443289399147034	0.1214761734008789	0.15375369787216187	-0.27042508125305176	-0.28367388248443604	-0.05039948970079422	0.043575625866651535	0.5231284499168396	0.005064892116934061	0.14220473170280457	0.027195347473025322	0.12741631269454956	0.30958476662635803	-0.1534222662448883	-0.06899122893810272	-0.284913033246994	0.4971323609352112	0.08584405481815338	-0.16450011730194092	0.20621031522750854	0.16373437643051147	-0.2738454043865204	-0.3567253649234772	0.18409062922000885	0.0021386481821537018	0.380766898393631	0.4793616533279419	-0.3833308815956116	-0.04955725371837616	-0.39831432700157166	-0.4649710953235626	0.092744380235672	-0.07655838876962662	0.1496029645204544	-0.4075952172279358	0.038624998182058334	-0.03316430002450943	-0.04148275777697563	-0.20542404055595398	-0.00480464706197381	-0.25425949692726135	-0.30185526609420776
Aud_LABEL_4	-0.08097933232784271	-0.08766037970781326	-0.0962662547826767	1.0	-0.28561410307884216	0.13611775636672974	0.1697133183479309	n/a	-0.05802654102444649	0.430847704410553	0.10417380183935165	0.5191372036933899	0.3247252106666565	-0.08745964616537094	0.11079780757427216	-0.3746492564678192	0.6997177004814148	-0.3773801624774933	0.22714409232139587	0.6113114953041077	0.24653790891170502	-0.298353910446167	0.23989124596118927	0.17393049597740173	0.2537795901298523	-0.25774720311164856	-0.2774190306663513	-0.4630473554134369	-0.021784493699669838	-0.23161844909191132	0.8860419392585754	-0.17354343831539154	0.1916065216064453	0.019696589559316635	n/a	0.2567422389984131	-0.10876819491386414	0.2589646577835083	0.15585462749004364	-0.11333654075860977	0.23962678015232086	0.6047540903091431	0.372981458902359	0.7177016139030457	0.4342251121997833	-0.5481849312782288	0.35837864875793457	-0.05166633427143097	0.06744468212127686	-0.5601708889007568	-0.12838637828826904	-0.2893509268760681	-0.43976345658302307	-0.08925064653158188	-0.44417980313301086	0.19888462126255035	0.09126661717891693	0.05204909294843674	-0.16304439306259155	0.20008476078510284	0.24237850308418274	-0.2450883537530899	-0.16862091422080994	-0.15313036739826202	-0.33601608872413635	0.3739292025566101	0.008762752637267113	0.22976383566856384	-0.13140079379081726	-0.07533805817365646	-0.29652178287506104	-0.29803740978240967	0.46724796295166016	-0.06632817536592484	0.39167481660842896	0.04657835140824318	0.34171438217163086	0.4507701098918915	0.15681447088718414	0.09007348865270615
Tpole_LABEL_5	-0.02616850472986698	-0.4892362356185913	-0.09208518266677856	-0.28561410307884216	1.0	-0.4931291341781616	0.009933347813785076	n/a	0.21204237639904022	-0.6209866404533386	-0.4460592269897461	-0.5111725330352783	-0.04072287678718567	0.22123850882053375	0.01621098630130291	0.362634539604187	-0.32159867882728577	0.6300877928733826	0.3636886477470398	-0.2966741919517517	-0.18623191118240356	-0.13086222112178802	-0.49825429916381836	-0.40034031867980957	-0.24976378679275513	0.3653784692287445	0.13188374042510986	0.2679738998413086	-0.3219189941883087	0.10221835970878601	-0.36051446199417114	0.6930260062217712	-0.4439357817173004	0.2600518763065338	n/a	-0.5112345814704895	-0.4660476744174957	-0.38582706451416016	-0.15311285853385925	0.23295021057128906	0.09024028480052948	-0.1571872979402542	0.06607285887002945	-0.38409122824668884	-0.14330829679965973	0.01611422188580036	-0.4624212682247162	-0.2694794237613678	0.02715594880282879	0.3401428163051605	0.4413127303123474	0.26369959115982056	0.5581494569778442	0.17842400074005127	0.15346616506576538	0.40134623646736145	0.4750627279281616	-0.15470580756664276	-0.03141884133219719	-0.16269850730895996	-0.19580939412117004	-0.1533431112766266	0.17873984575271606	-0.07137586921453476	0.09224236011505127	-0.12497417628765106	0.17110496759414673	-0.156316876411438	0.47180184721946716	-0.3526955246925354	0.37445443868637085	0.14695096015930176	-0.1276858001947403	0.31342071294784546	-0.3295537233352661	-0.015025591477751732	-0.1799089014530182	-0.2954058349132538	-0.1390109807252884	0.12304959446191788
PMN_LABEL_6	0.5015155673027039	0.10225264728069305	0.1321718692779541	0.13611775636672974	-0.4931291341781616	1.0	0.2606034278869629	n/a	-0.15125274658203125	0.4348333775997162	0.333989679813385	0.2064732164144516	0.25236302614212036	-0.2287703901529312	-0.11459267884492874	0.032964762300252914	0.16971130669116974	-0.38400256633758545	-0.37320271134376526	0.10846777260303497	-0.19793696701526642	0.16397270560264587	0.3963816165924072	0.861054003238678	0.11045978963375092	-0.081076979637146	0.15879671275615692	-0.08587794005870819	0.04810650646686554	0.02435060776770115	0.20913802087306976	-0.42259418964385986	0.9137287735939026	0.0841146782040596	n/a	0.2904101014137268	0.5352824330329895	-0.0048178210854530334	0.19904808700084686	-0.263925164937973	-0.058179713785648346	-0.0224953331053257	-0.17094038426876068	0.29215767979621887	-0.10936657339334488	0.07958105206489563	0.3275336027145386	0.7176267504692078	-0.09740378707647324	-0.08871230483055115	-0.44191092252731323	-0.12678617238998413	-0.23840497434139252	-0.07001451402902603	-0.04342222586274147	-0.07415520399808884	-0.2737238109111786	0.21850113570690155	0.14203740656375885	0.1316385418176651	0.10480330884456635	0.3743881285190582	-0.23097215592861176	0.19614310562610626	0.05338607728481293	0.1111615002155304	-0.2609677314758301	0.43634462356567383	-0.08849537372589111	0.26595592498779297	-0.26619115471839905	0.13560807704925537	0.25045260787010193	-0.336082398891449	0.5095930099487305	0.13955029845237732	0.09848109632730484	0.14703169465065002	-0.10885854065418243	-0.09955816715955734
PON_LABEL_7	0.23041845858097076	0.3144477903842926	-0.4257908761501312	0.1697133183479309	0.009933347813785076	0.2606034278869629	1.0	n/a	0.658027172088623	0.09780345112085342	-0.11464428901672363	0.02009797841310501	0.3472456932067871	-0.46289902925491333	-0.4069713056087494	-0.01316735427826643	0.22994443774223328	-0.02804507501423359	-0.04281574860215187	0.12137226015329361	-0.36568158864974976	-0.2441081702709198	-0.14220456779003143	0.37638747692108154	-0.2346690148115158	0.16260235011577606	-0.11213645339012146	-0.2834931015968323	0.37929943203926086	-0.4583617150783539	0.16452154517173767	-0.25194165110588074	0.40384894609451294	0.888032078742981	n/a	0.050122104585170746	-0.16674958169460297	-0.1781582087278366	0.4946247637271881	-0.45086589455604553	-0.17378368973731995	0.2168784737586975	0.016165755689144135	0.16490048170089722	-0.16188281774520874	-0.3907405436038971	0.04735914617776871	0.2689143121242523	-0.2544936537742615	-0.214065819978714	-0.2978767454624176	0.05907387658953667	-0.05292554199695587	0.5568958520889282	-0.4120800793170929	0.019114777445793152	0.22012001276016235	-0.1894157975912094	-0.2507970631122589	0.22461163997650146	0.4355125427246094	-0.16848360002040863	-0.3853883743286133	-0.3749406337738037	-0.20874564349651337	0.46763941645622253	-0.2069138139486313	0.4238937199115753	0.2278629094362259	0.022731781005859375	-0.30727478861808777	-0.15570040047168732	0.40301260352134705	-0.38358625769615173	0.2028152346611023	0.15015511214733124	0.06576529145240784	-0.025424156337976456	0.014289850369095802	0.21163545548915863
MTL_LABEL_8	n/a	n/a	n/a	n/a	n/a	n/a	n/a	1.0	n/a	n/a	n/a	n/a	n/a	n/a	n/a	n/a	n/a	n/a	n/a	n/a	n/a	n/a	n/a	n/a	n/a	n/a	n/a	n/a	n/a	n/a	n/a	n/a	n/a	n/a	n/a	n/a	n/a	n/a	n/a	n/a	n/a	n/a	n/a	n/a	n/a	n/a	n/a	n/a	n/a	n/a	n/a	n/a	n/a	n/a	n/a	n/a	n/a	n/a	n/a	n/a	n/a	n/a	n/a	n/a	n/a	n/a	n/a	n/a	n/a	n/a	n/a	n/a	n/a	n/a	n/a	n/a	n/a	n/a	n/a	n/a
PON_LABEL_9	-0.24922378361225128	0.11062450706958771	-0.33504247665405273	-0.05802654102444649	0.21204237639904022	-0.15125274658203125	0.658027172088623	n/a	1.0	0.07766374945640564	0.027843855321407318	-0.11173757165670395	-0.12666021287441254	-0.15613295137882233	-0.3222200870513916	-0.24419407546520233	-0.013209518976509571	0.07704102993011475	-0.09751772880554199	0.16523399949073792	-0.13876281678676605	-0.044758595526218414	-0.5768056511878967	-0.15515652298927307	-0.2603103816509247	0.2830891013145447	-0.3864111304283142	-0.1401529759168625	0.25777748227119446	-0.4398685097694397	-0.06034988909959793	-0.13722342252731323	-0.12273598462343216	0.7625308036804199	n/a	0.16532960534095764	-0.23034292459487915	-0.010477511212229729	0.33740171790122986	-0.09482252597808838	-0.3105308711528778	0.12459231168031693	-0.1857483983039856	-0.018187368288636208	-0.050014059990644455	-0.15790371596813202	-0.3083000183105469	-0.2801496982574463	0.003555675270035863	-0.290893018245697	0.05932651832699776	0.00019680080004036427	-0.14263023436069489	0.8683422803878784	-0.4370241165161133	0.07403626292943954	0.3563513159751892	-0.4072285592556	-0.45686012506484985	0.11655116826295853	0.40654125809669495	-0.24154169857501984	-0.5014168620109558	-0.44365400075912476	-0.06330660730600357	0.2644805908203125	0.05409828573465347	-0.07979048043489456	0.2025061547756195	-0.1302282065153122	-0.4076833426952362	-0.3337218463420868	0.06219371408224106	-0.07369296252727509	0.14552026987075806	0.27402257919311523	-0.16984890401363373	-0.1576710045337677	0.09661339223384857	0.3508501350879669
CO_LABEL_10	-0.09519097208976746	0.17829403281211853	-0.10149224102497101	0.430847704410553	-0.6209866404533386	0.4348333775997162	0.09780345112085342	n/a	0.07766374945640564	1.0	0.5422502160072327	0.5903269648551941	-0.07882992923259735	-0.022864695638418198	0.052791088819503784	-0.5439908504486084	0.3814322054386139	-0.6150408983230591	-0.2477053850889206	0.5718187689781189	0.47074252367019653	0.08218739181756973	0.16454854607582092	0.282484769821167	0.2347315102815628	-0.2046717405319214	-0.3852166533470154	-0.4351978898048401	0.11966140568256378	-0.31359735131263733	0.44459041953086853	-0.61351078748703	0.3487538993358612	-0.06381908804178238	n/a	0.8665280342102051	0.32695472240448	0.5510278940200806	0.22153514623641968	0.018759772181510925	0.03162806108593941	0.34601426124572754	-0.013238971121609211	0.6222291588783264	0.5096753239631653	-0.11590716242790222	0.27449166774749756	-0.036402419209480286	0.1359342485666275	-0.6172171831130981	-0.2671663761138916	-0.2536793649196625	-0.6952337026596069	0.026906026527285576	-0.5271733999252319	-0.169830784201622	-0.08147464692592621	0.12454582005739212	0.02295704185962677	0.34665927290916443	0.32801252603530884	0.05021131411194801	-0.3589751124382019	-0.0012279676739126444	-0.27203118801116943	0.2781079411506653	0.0750230997800827	0.1579074263572693	-0.28513967990875244	0.21352528035640717	-0.4802475571632385	-0.16640730202198029	0.2624518871307373	-0.004367257934063673	0.4782503545284271	0.2960927486419678	0.3005034923553467	0.5125831961631775	0.25929903984069824	0.008337380364537239
Sal_LABEL_11	-0.27555641531944275	-0.018727213144302368	0.5358110070228577	0.10417380183935165	-0.4460592269897461	0.333989679813385	-0.11464428901672363	n/a	0.027843855321407318	0.5422502160072327	1.0	-0.007255564909428358	-0.3167124092578888	0.25975924730300903	0.1538543850183487	-0.4396745562553406	-0.06048908829689026	-0.5895689129829407	-0.6238840818405151	0.3223191797733307	0.31734684109687805	0.5712921619415283	0.10104069113731384	0.2639150619506836	0.1388801634311676	-0.17645643651485443	-0.012242529541254044	-0.0593581385910511	-0.18182115256786346	0.29640933871269226	0.012443738989531994	-0.47687551379203796	0.23360370099544525	-0.21778973937034607	n/a	0.6452433466911316	0.7315399646759033	0.18311655521392822	-0.19143366813659668	0.16680337488651276	0.02761664055287838	-0.1640535593032837	-0.41601958870887756	0.27927982807159424	0.15102355182170868	0.37963587045669556	0.12243685126304626	0.04786195233464241	0.22314803302288055	-0.4045744240283966	0.04409739002585411	-0.2917816936969757	-0.5394430160522461	0.10553935915231705	0.025540053844451904	-0.15562386810779572	-0.07518333196640015	0.35124725103378296	0.14139941334724426	-0.07387940585613251	-0.12385056912899017	0.2275487333536148	-0.3693902790546417	0.3141140639781952	0.34047311544418335	-0.1939743310213089	0.04730873182415962	-0.1946331411600113	-0.5208252668380737	0.2791338562965393	-0.4653293192386627	0.000428929430199787	-0.09872821718454361	0.07488182932138443	0.23943883180618286	0.2000991404056549	0.01606646552681923	0.3895167112350464	0.044473908841609955	-0.08554435521364212
CO_LABEL_12	-0.10546699166297913	0.08914822340011597	-0.1160527765750885	0.5191372036933899	-0.5111725330352783	0.2064732164144516	0.02009797841310501	n/a	-0.11173757165670395	0.5903269648551941	-0.007255564909428358	1.0	0.1480151116847992	-0.41683217883110046	0.08509843051433563	-0.47247883677482605	0.6899574995040894	-0.3702327609062195	0.12232306599617004	0.5429685115814209	0.41219139099121094	-0.16647955775260925	0.28654661774635315	0.18016326427459717	0.15817761421203613	-0.3781422972679138	-0.44021591544151306	-0.4423530101776123	0.04163599759340286	-0.25971248745918274	0.4986785650253296	-0.3440054953098297	0.1730116307735443	-0.15674790740013123	n/a	0.5141632556915283	-0.06546236574649811	0.7303451895713806	0.255667120218277	-0.37682411074638367	0.14922690391540527	0.6612714529037476	0.4106312692165375	0.5491688251495361	0.5896029472351074	-0.28754690289497375	0.32929539680480957	-0.0239582359790802	-0.11418112367391586	-0.4367014467716217	-0.19732467830181122	-0.21928858757019043	-0.4350137710571289	-0.21608276665210724	-0.47665727138519287	-0.07903888821601868	-0.04015325754880905	0.002204431686550379	-0.010083628818392754	0.3226850628852844	0.279986709356308	-0.26125794649124146	-0.008180125616490841	0.04762451350688934	-0.37145304679870605	0.428688108921051	-0.06137974187731743	0.17503032088279724	-0.11091728508472443	0.019579825922846794	-0.12662212550640106	-0.08887834846973419	0.2703808844089508	-0.2076682299375534	0.20362190902233124	-0.08461374044418335	0.4084891080856323	0.40719345211982727	0.10288121551275253	-0.22694838047027588
SMd_LABEL_13	0.36700549721717834	0.031382977962493896	-0.32997873425483704	0.3247252106666565	-0.04072287678718567	0.25236302614212036	0.3472456932067871	n/a	-0.12666021287441254	-0.07882992923259735	-0.3167124092578888	0.1480151116847992	1.0	-0.4444260001182556	-0.1584043949842453	0.13605116307735443	0.4814637303352356	-0.0044431984424591064	0.26164647936820984	0.07036752253770828	-0.23184393346309662	-0.3455723226070404	0.31810930371284485	0.38739171624183655	-0.0006148245884105563	-0.2492745965719223	0.07268302142620087	-0.22176706790924072	0.050003308802843094	-0.3329676389694214	0.43131473660469055	0.024287784472107887	0.4070064127445221	0.2573060393333435	n/a	-0.17473118007183075	-0.23548513650894165	-0.2819518744945526	0.3109965920448303	-0.4635384678840637	0.04270989075303078	0.30680063366889954	0.3431932032108307	0.17855842411518097	-0.11650655418634415	-0.3390032649040222	0.32365554571151733	0.38417112827301025	-0.3509886562824249	-0.032967761158943176	-0.32950559258461	-0.15405961871147156	0.13853882253170013	-0.11014295369386673	-0.2323540598154068	-0.12069389224052429	-0.08707579970359802	-0.018799543380737305	0.0250813327729702	0.1467333436012268	0.053055066615343094	0.10233656316995621	0.07894162088632584	-0.027802681550383568	-0.2723797559738159	0.2689542770385742	-0.3024885654449463	0.7915178537368774	0.342343270778656	0.053350165486335754	0.03734781965613365	0.11537206172943115	0.665852427482605	-0.2587212026119232	-0.01080472394824028	-0.25928789377212524	0.17765240371227264	0.1561613827943802	-0.14391890168190002	-0.18746566772460938
SMl_LABEL_14	-0.2138289511203766	-0.26437315344810486	0.22217266261577606	-0.08745964616537094	0.22123850882053375	-0.2287703901529312	-0.46289902925491333	n/a	-0.15613295137882233	-0.022864695638418198	0.25975924730300903	-0.41683217883110046	-0.4444260001182556	1.0	0.23733176290988922	-0.012469333596527576	-0.3874642252922058	-0.058904312551021576	-0.06410057842731476	-0.08446071296930313	0.14261789619922638	0.16262267529964447	-0.22056323289871216	-0.3565594553947449	0.1690581887960434	0.0929257944226265	0.0943528562784195	0.1096949428319931	-0.17737706005573273	0.2283446341753006	-0.2081446647644043	0.18922215700149536	-0.35183781385421753	-0.31471407413482666	n/a	-0.05894835293292999	0.13429796695709229	-0.061460789293050766	-0.40871426463127136	0.9588237404823303	0.08489403873682022	-0.3076075613498688	-0.1653597503900528	-0.11097058653831482	-0.016371291130781174	0.1569543182849884	-0.20141348242759705	-0.3898314833641052	0.3972574770450592	-0.06740381568670273	0.1821611374616623	0.1488724946975708	-0.0925903171300888	-0.12483604997396469	0.20859511196613312	0.12957459688186646	0.06100226193666458	0.18637104332447052	0.02567519247531891	-0.14087849855422974	-0.16007621586322784	0.05722430720925331	-0.10539139062166214	0.038194265216588974	0.1370972841978073	-0.3328700065612793	0.5956225395202637	-0.4037439823150635	-0.22941957414150238	-0.27409663796424866	-0.10244499146938324	-0.1468127965927124	-0.2797596752643585	0.7734451293945312	0.03158380836248398	0.11241388320922852	-0.04900960251688957	0.04611877351999283	0.38635846972465515	0.2108367681503296
DAN_LABEL_15	-0.2875629961490631	0.04077629745006561	0.24245132505893707	0.11079780757427216	0.01621098630130291	-0.11459267884492874	-0.4069713056087494	n/a	-0.3222200870513916	0.052791088819503784	0.1538543850183487	0.08509843051433563	-0.1584043949842453	0.23733176290988922	1.0	-0.31097474694252014	0.06630252301692963	-0.3252025544643402	-0.1146215945482254	-0.1055338978767395	0.4085915982723236	0.116536945104599	0.5250334739685059	-0.0340617299079895	0.7627959847450256	-0.4177435040473938	-0.15348291397094727	-0.325302392244339	0.03825752064585686	0.32160937786102295	0.0644175335764885	-0.10081567615270615	-0.2184668332338333	-0.46002817153930664	n/a	0.10594252496957779	-0.0019490718841552734	0.029810167849063873	-0.2840864360332489	0.19276952743530273	0.8475944995880127	0.0020470942836254835	-0.13718801736831665	-0.021358536556363106	0.320399671792984	0.038946881890296936	0.5582930445671082	-0.18369774520397186	0.7103073596954346	-0.20901834964752197	0.6078510284423828	-0.26773378252983093	-0.2613551616668701	-0.05253269523382187	0.04574205353856087	0.09257617592811584	-0.009729556739330292	0.32136645913124084	0.2879221439361572	-0.15784889459609985	-0.22788594663143158	-0.08248201012611389	0.12952102720737457	0.23357020318508148	0.07457524538040161	-0.2613796591758728	0.0743216797709465	-0.3534482419490814	-0.24305281043052673	0.21001900732517242	0.01196382101625204	0.08146481215953827	-0.27174443006515503	0.11910112202167511	0.017206065356731415	-0.06472247838973999	0.07330187410116196	0.2406759411096573	0.006827740930020809	0.09905542433261871
DMN_LABEL_16	0.7457139492034912	-0.19663137197494507	-0.076783686876297	-0.3746492564678192	0.362634539604187	0.032964762300252914	-0.01316735427826643	n/a	-0.24419407546520233	-0.5439908504486084	-0.4396745562553406	-0.47247883677482605	0.13605116307735443	-0.012469333596527576	-0.31097474694252014	1.0	-0.4941726624965668	0.7195215821266174	0.38502630591392517	-0.6527902483940125	-0.5348452925682068	-0.29345306754112244	-0.09548114985227585	0.01803920790553093	-0.3564152419567108	0.44771331548690796	0.7615657448768616	0.7032579779624939	-0.22876007854938507	0.14143215119838715	-0.2823692858219147	0.5014249086380005	0.0923718512058258	0.16006411612033844	n/a	-0.6512407064437866	0.03632116690278053	-0.5811051726341248	-0.04157698154449463	0.03417447581887245	-0.17948947846889496	-0.46775129437446594	0.13440264761447906	-0.5857042670249939	-0.5337416529655457	0.06883245706558228	-0.29176557064056396	0.48048868775367737	-0.3808628022670746	0.859632670879364	-0.2169252187013626	0.5184290409088135	0.8666441440582275	-0.20304343104362488	0.5783503651618958	-0.11199291050434113	-0.0973701998591423	0.08436580747365952	0.2571917772293091	0.01627049222588539	-0.10283154249191284	0.16955448687076569	0.32003548741340637	0.1225937157869339	0.20478756725788116	-0.013937553390860558	0.03333153948187828	0.20742331445217133	0.3043515086174011	-0.012155660428106785	0.5092913508415222	0.3223421573638916	-0.016225900501012802	-0.007525359746068716	-0.20411823689937592	-0.09854155778884888	0.006002402864396572	-0.2868649959564209	-0.2782030701637268	-0.05092186853289604
CO_LABEL_17	-0.1625596582889557	0.0005101655260659754	-0.17377303540706635	0.6997177004814148	-0.32159867882728577	0.16971130669116974	0.22994443774223328	n/a	-0.013209518976509571	0.3814322054386139	-0.06048908829689026	0.6899574995040894	0.4814637303352356	-0.3874642252922058	0.06630252301692963	-0.4941726624965668	1.0	-0.41230061650276184	0.21661125123500824	0.6297129392623901	0.29759863018989563	-0.18310454487800598	0.2933737337589264	0.24402053654193878	0.223787322640419	-0.3501719832420349	-0.47059735655784607	-0.6375970244407654	0.06080920621752739	-0.34791120886802673	0.7179571986198425	-0.15752489864826202	0.22015933692455292	0.029879793524742126	n/a	0.2909320592880249	-0.2160041332244873	0.4454517364501953	0.32165056467056274	-0.38197118043899536	0.17398975789546967	0.8967291712760925	0.42251598834991455	0.6420427560806274	0.4632895588874817	-0.37896597385406494	0.367166668176651	-0.025754081085324287	-0.0491044744849205	-0.5401883721351624	-0.2146671861410141	-0.33547621965408325	-0.385441392660141	-0.12063965201377869	-0.5803137421607971	0.15317879617214203	0.031597819179296494	-0.03234196454286575	-0.15419510006904602	0.1976931393146515	0.19901685416698456	-0.277980774641037	-0.05416101589798927	-0.26921623945236206	-0.48278963565826416	0.39616695046424866	-0.17201408743858337	0.29395484924316406	-0.047929808497428894	-0.22182697057724	-0.21546494960784912	-0.3136386275291443	0.4014778137207031	-0.2802055776119232	0.12657026946544647	-0.025288129225373268	0.24896009266376495	0.384870320558548	0.08943087607622147	-0.09254200011491776
DMN_LABEL_18	0.32846665382385254	-0.3388794958591461	-0.22982729971408844	-0.3773801624774933	0.6300877928733826	-0.38400256633758545	-0.02804507501423359	n/a	0.07704102993011475	-0.6150408983230591	-0.5895689129829407	-0.3702327609062195	-0.0044431984424591064	-0.058904312551021576	-0.3252025544643402	0.7195215821266174	-0.41230061650276184	1.0	0.6278048157691956	-0.503566563129425	-0.33265480399131775	-0.399869441986084	-0.4997563660144806	-0.43687498569488525	-0.48399004340171814	0.4914374351501465	0.34836727380752563	0.6814369559288025	-0.33428657054901123	-0.03692115470767021	-0.28064340353012085	0.6278672814369202	-0.2940458655357361	0.2754647135734558	n/a	-0.6204445958137512	-0.44348087906837463	-0.3836660385131836	0.10659637302160263	0.04465489089488983	-0.19757048785686493	-0.22615759074687958	0.30260589718818665	-0.5533207058906555	-0.27802973985671997	-0.07529235631227493	-0.6019123792648315	-0.027742180973291397	-0.40335243940353394	0.6823587417602539	0.09217385947704315	0.5049704313278198	0.8491758704185486	-0.014855967834591866	0.26508012413978577	0.09276220947504044	0.2225804328918457	-0.15663672983646393	-0.05026629567146301	0.097862608730793	-0.0030962610617280006	0.01889263652265072	0.19568654894828796	0.0153464050963521	0.20130585134029388	0.10363733023405075	0.2217414230108261	-0.041707560420036316	0.5417409539222717	-0.2493334710597992	0.51617830991745	0.2280307114124298	-0.11867554485797882	0.1242232620716095	-0.365623414516449	-0.11527770012617111	-0.04890672117471695	-0.39480623602867126	-0.18660545349121094	0.0063589876517653465
VAN_LABEL_19	0.22481711208820343	-0.3913453221321106	-0.39969268441200256	0.22714409232139587	0.3636886477470398	-0.37320271134376526	-0.04281574860215187	n/a	-0.09751772880554199	-0.2477053850889206	-0.6238840818405151	0.12232306599617004	0.26164647936820984	-0.06410057842731476	-0.1146215945482254	0.38502630591392517	0.21661125123500824	0.6278048157691956	1.0	-0.15842752158641815	-0.016350194811820984	-0.6142377853393555	-0.22963929176330566	-0.39782074093818665	-0.20926004648208618	0.16734077036380768	0.06842518597841263	0.2204432487487793	-0.3246963620185852	-0.26848551630973816	0.344374418258667	0.45633628964424133	-0.30970895290374756	0.09663055837154388	n/a	-0.3548498749732971	-0.5625324249267578	-0.0061510708183050156	0.31486251950263977	0.08814655989408493	0.04204276576638222	0.388231098651886	0.7975249290466309	-0.14861899614334106	0.12108424305915833	-0.4022599160671234	-0.28433048725128174	-0.18426969647407532	-0.35222455859184265	0.25573521852493286	-0.06946101039648056	0.22944875061511993	0.5475163459777832	-0.25684207677841187	-0.09081748127937317	0.13010069727897644	0.14193642139434814	-0.17643451690673828	-0.16910642385482788	0.3580813407897949	0.1719069629907608	-0.2253362536430359	0.2811891734600067	-0.0708184689283371	-0.2393321841955185	0.4571293294429779	0.3952781558036804	0.15151625871658325	0.4183460772037506	-0.5051273107528687	0.3988659381866455	0.03289353474974632	0.13731242716312408	0.23235023021697998	-0.16702575981616974	-0.07165885716676712	0.16175174713134766	-0.06457076221704483	-0.05248909816145897	-0.050189580768346786
CO_LABEL_20	-0.3873182535171509	-0.06748734414577484	0.07646467536687851	0.6113114953041077	-0.2966741919517517	0.10846777260303497	0.12137226015329361	n/a	0.16523399949073792	0.5718187689781189	0.3223191797733307	0.5429685115814209	0.07036752253770828	-0.08446071296930313	-0.1055338978767395	-0.6527902483940125	0.6297129392623901	-0.503566563129425	-0.15842752158641815	1.0	0.4479028880596161	0.10103554278612137	-0.05713159963488579	0.13740752637386322	0.011968156322836876	-0.09171326458454132	-0.5156156420707703	-0.5407022833824158	-0.030593721196055412	-0.1584831327199936	0.4523382782936096	-0.217226043343544	0.11479473859071732	-0.005716036539524794	n/a	0.5065999031066895	0.037700969725847244	0.5267569422721863	0.06528829038143158	-0.12954454123973846	-0.03412299603223801	0.5980011224746704	0.07902444154024124	0.8402124643325806	0.5112736225128174	-0.21118082106113434	0.06525622308254242	-0.21053847670555115	0.0010331657249480486	-0.63913494348526	-0.14207588136196136	-0.1652936339378357	-0.6221975684165955	-0.012629464268684387	-0.5385950207710266	0.2214515656232834	0.2002941519021988	-0.023917628452181816	-0.14720986783504486	0.13668619096279144	0.16932079195976257	-0.1542351394891739	-0.24963273108005524	-0.23974184691905975	-0.2950175702571869	0.1817656308412552	-0.1254798024892807	0.071273073554039	-0.2143496870994568	-0.08060018718242645	-0.3701499104499817	-0.4025785028934479	0.2929956018924713	-0.10693206638097763	0.2938928008079529	0.15198659896850586	0.15479382872581482	0.421045184135437	0.18349026143550873	-0.038500577211380005
CO_LABEL_21	-0.44267815351486206	-0.04116100072860718	0.2102285921573639	0.24653790891170502	-0.18623191118240356	-0.19793696701526642	-0.36568158864974976	n/a	-0.13876281678676605	0.47074252367019653	0.31734684109687805	0.41219139099121094	-0.23184393346309662	0.14261789619922638	0.4085915982723236	-0.5348452925682068	0.29759863018989563	-0.33265480399131775	-0.016350194811820984	0.4479028880596161	1.0	0.25811856985092163	0.014723924919962883	-0.16470302641391754	0.1730828434228897	-0.25120508670806885	-0.40773263573646545	-0.2645310163497925	-0.12961092591285706	0.10363651067018509	0.21217843890190125	-0.12726040184497833	-0.23782393336296082	-0.38977399468421936	n/a	0.5502201914787292	-0.018841754645109177	0.5480062365531921	-0.0518312081694603	0.16354116797447205	0.36936676502227783	0.3967321515083313	0.09159599244594574	0.31402069330215454	0.852033793926239	0.1456068903207779	0.11694967746734619	-0.4007401466369629	0.24354548752307892	-0.3433735966682434	0.28591904044151306	-0.1518734097480774	-0.4127562940120697	-0.16501249372959137	-0.25628232955932617	0.13074137270450592	0.10187418758869171	0.15205730497837067	0.08498723804950714	0.05066338926553726	-0.06633969396352768	-0.12617716193199158	-0.10626953095197678	0.02562912367284298	-0.21026036143302917	0.019263090565800667	0.04256238415837288	-0.3542996048927307	-0.27015191316604614	-0.006766291800886393	-0.10558473318815231	-0.05957457050681114	-0.21005120873451233	0.10760138183832169	0.04612699896097183	0.22740770876407623	0.14852702617645264	0.3806099593639374	0.011099783703684807	-0.023541390895843506
Sal_LABEL_22	-0.23328891396522522	-0.09490743279457092	0.5707645416259766	-0.298353910446167	-0.13086222112178802	0.16397270560264587	-0.2441081702709198	n/a	-0.044758595526218414	0.08218739181756973	0.5712921619415283	-0.16647955775260925	-0.3455723226070404	0.16262267529964447	0.116536945104599	-0.29345306754112244	-0.18310454487800598	-0.399869441986084	-0.6142377853393555	0.10103554278612137	0.25811856985092163	1.0	0.003691526362672448	0.14997446537017822	-0.014362908899784088	-0.13173580169677734	0.0014836980262771249	0.02050059661269188	-0.19058440625667572	0.4978731572628021	-0.39914995431900024	-0.13966690003871918	-0.010474834591150284	-0.35634568333625793	n/a	0.32469305396080017	0.5379636883735657	0.18247050046920776	-0.3162798285484314	0.0364382266998291	-0.09085354208946228	-0.2512625753879547	-0.4248482286930084	-0.05655140429735184	0.005314749199897051	0.8766031861305237	-0.06387647241353989	0.08237011730670929	0.1624336689710617	0.001994040794670582	0.09112181514501572	-0.2540914714336395	-0.2326793670654297	0.006720308680087328	0.2742379307746887	0.04551180824637413	-0.09895145893096924	0.18220016360282898	0.2244277149438858	-0.32068461179733276	-0.42812320590019226	0.27010491490364075	0.012459781020879745	0.28342846035957336	0.34685733914375305	-0.47686854004859924	-0.1935948133468628	-0.38631942868232727	-0.3927782475948334	0.1215132474899292	-0.10583823174238205	0.14952416718006134	-0.4155815839767456	-0.03809739276766777	-0.01892463117837906	0.040868308395147324	-0.3161740005016327	-0.04125293344259262	-0.16399620473384857	-0.1542688012123108
DAN_LABEL_23	0.17515632510185242	0.3708558678627014	0.09614289551973343	0.23989124596118927	-0.49825429916381836	0.3963816165924072	-0.14220456779003143	n/a	-0.5768056511878967	0.16454854607582092	0.10104069113731384	0.28654661774635315	0.31810930371284485	-0.22056323289871216	0.5250334739685059	-0.09548114985227585	0.2933737337589264	-0.4997563660144806	-0.22963929176330566	-0.05713159963488579	0.014723924919962883	0.003691526362672448	1.0	0.46346405148506165	0.6509204506874084	-0.5325654745101929	0.13435226678848267	-0.35222482681274414	0.2696731388568878	0.13143248856067657	0.27038756012916565	-0.34523335099220276	0.4023112654685974	-0.412911593914032	n/a	0.06337843835353851	0.2703041732311249	-0.04650091007351875	-0.13414166867733002	-0.308925062417984	0.47711479663848877	0.048513397574424744	-0.08447083830833435	0.17234735190868378	-0.024067897349596024	-0.06259462237358093	0.8819733262062073	0.43312835693359375	0.3046815097332001	-0.12404103577136993	-0.06748097389936447	-0.2994645833969116	-0.23084963858127594	-0.31246277689933777	0.10374382883310318	-0.2941752076148987	-0.441652774810791	0.27773556113243103	0.31990909576416016	-0.13413654267787933	-0.12637965381145477	0.13394327461719513	0.22051629424095154	0.21434059739112854	-0.05400930717587471	-0.08240966498851776	-0.3264283835887909	0.21586163341999054	-0.33348140120506287	0.4372311234474182	0.030559135600924492	0.1376902163028717	0.1352178156375885	-0.35583752393722534	0.04992803558707237	-0.2670023739337921	0.14295031130313873	0.22450938820838928	-0.15701882541179657	-0.07911386340856552
PMN_LABEL_24	0.5059710741043091	0.16141676902770996	0.20589742064476013	0.17393049597740173	-0.40034031867980957	0.861054003238678	0.37638747692108154	n/a	-0.15515652298927307	0.282484769821167	0.2639150619506836	0.18016326427459717	0.38739171624183655	-0.3565594553947449	-0.0340617299079895	0.01803920790553093	0.24402053654193878	-0.43687498569488525	-0.39782074093818665	0.13740752637386322	-0.16470302641391754	0.14997446537017822	0.46346405148506165	1.0	0.05670754984021187	-0.13032692670822144	0.11710168421268463	-0.19381695985794067	0.10389372706413269	0.132710799574852	0.18089236319065094	-0.39449936151504517	0.8717784285545349	0.1520712524652481	n/a	0.2099163681268692	0.4542469084262848	-0.0915098562836647	0.20084312558174133	-0.42255929112434387	0.15456102788448334	0.04529287666082382	-0.1403617411851883	0.286033570766449	-0.052605364471673965	0.03568030521273613	0.4446357786655426	0.8067532777786255	-0.17050831019878387	-0.05748847872018814	-0.3642900586128235	-0.08692887425422668	-0.1869777888059616	-0.06155525892972946	-0.05725281313061714	-0.04018048197031021	-0.16031837463378906	0.30919888615608215	0.2702198326587677	0.13284088671207428	-0.0011528671020641923	0.27221813797950745	-0.12822699546813965	0.2013244479894638	0.005128249991685152	0.09330220520496368	-0.4012203514575958	0.5138800144195557	-0.12689277529716492	0.3440681993961334	-0.18867206573486328	0.18373440206050873	0.28952980041503906	-0.45766955614089966	0.33759263157844543	0.09912573546171188	0.16021116077899933	0.2785860598087311	-0.26541537046432495	-0.24612222611904144
DAN_LABEL_25	-0.2327878773212433	0.28860917687416077	-0.08115842938423157	0.2537795901298523	-0.24976378679275513	0.11045978963375092	-0.2346690148115158	n/a	-0.2603103816509247	0.2347315102815628	0.1388801634311676	0.15817761421203613	-0.0006148245884105563	0.1690581887960434	0.7627959847450256	-0.3564152419567108	0.223787322640419	-0.48399004340171814	-0.20926004648208618	0.011968156322836876	0.1730828434228897	-0.014362908899784088	0.6509204506874084	0.05670754984021187	1.0	-0.33142316341400146	-0.17263421416282654	-0.4956319332122803	0.34382423758506775	-0.0632411316037178	0.29297035932540894	-0.17106714844703674	0.030608391389250755	-0.3571862280368805	n/a	0.14393165707588196	0.06764370203018188	0.05397746339440346	-0.1744699478149414	0.11264587938785553	0.5401831269264221	0.08229260891675949	-0.2344323843717575	0.19763225317001343	0.1423073709011078	-0.166961669921875	0.6442923545837402	-0.10696312040090561	0.791632890701294	-0.38485831022262573	0.2469111680984497	-0.2963700294494629	-0.46188440918922424	0.034711580723524094	-0.12728048861026764	0.013396191410720348	-0.1114763393998146	0.27402856945991516	0.1482873558998108	-0.17687994241714478	-0.06056654453277588	-0.08877719938755035	0.005524377804249525	-0.03637303411960602	-0.1257602423429489	-0.2565793991088867	-0.05069718509912491	-0.13092835247516632	-0.1709786057472229	0.2887994945049286	-0.15630152821540833	-0.1812988966703415	-0.011138658970594406	-0.019834930077195168	0.1787775158882141	-0.07901851832866669	0.08781643956899643	0.23902440071105957	0.27428027987480164	0.2997508645057678
