Node	DMN_LABEL_1	Vis_LABEL_2	FP_LABEL_3	Aud_LABEL_4	Tpole_LABEL_5	PMN_LABEL_6	PON_LABEL_7	MTL_LABEL_8	PON_LABEL_9	CO_LABEL_10	Sal_LABEL_11	CO_LABEL_12	SMd_LABEL_13	SMl_LABEL_14	DAN_LABEL_15	DMN_LABEL_16	CO_LABEL_17	DMN_LABEL_18	VAN_LABEL_19	CO_LABEL_20	CO_LABEL_21	Sal_LABEL_22	DAN_LABEL_23	PMN_LABEL_24	DAN_LABEL_25	DMN_LABEL_26	DMN_LABEL_27	DMN_LABEL_28	Vis_LABEL_29	FP_LABEL_30	Aud_LABEL_31	Tpole_LABEL_32	PMN_LABEL_33	PON_LABEL_34	MTL_LABEL_35	CO_LABEL_36	Sal_LABEL_37	CO_LABEL_38	SMd_LABEL_39	SMl_LABEL_40	DAN_LABEL_41	CO_LABEL_42	VAN_LABEL_43	CO_LABEL_44	CO_LABEL_45	Sal_LABEL_46	DAN_LABEL_47	PMN_LABEL_48	DAN_LABEL_49	DMN_LABEL_50	FP_LABEL_51	DMN_LABEL_52	DMN_LABEL_53	PON_LABEL_54	DMN_LABEL_55	Tpole_LABEL_56	Tpole_LABEL_57	Sal_LABEL_58	Sal_LABEL_59	SMd_LABEL_60	DAN_LABEL_61	FP_LABEL_62	DMN_LABEL_63	FP_LABEL_64	FP_LABEL_65	SMd_LABEL_66	SMl_LABEL_67	SMd_LABEL_68	DMN_LABEL_69	DAN_LABEL_70	DMN_LABEL_71	FP_LABEL_72	SMd_LABEL_73	SMl_LABEL_74	MTL_LABEL_75	MTL_LABEL_76	CO_LABEL_77	CO_LABEL_78	Vis_LABEL_79	Vis_LABEL_80
DMN_LABEL_1	1.0	-0.12460288405418396	-0.3120894432067871	-0.3105982542037964	0.1072734147310257	-0.04226706922054291	0.2868816554546356	n/a	0.0006965760258026421	-0.8303669095039368	0.29899582266807556	-0.6589590311050415	-0.22551961243152618	-0.16720986366271973	-0.1076747328042984	0.7346177697181702	-0.7387636303901672	0.5354883074760437	-0.16783010959625244	-0.5208866000175476	-0.7402106523513794	0.3063626289367676	-0.19533532857894897	0.7571043372154236	-0.05466163158416748	0.4541899263858795	0.5377268195152283	0.11802385002374649	0.045993510633707047	-0.19490601122379303	-0.3472631275653839	-0.2350964993238449	0.0406273752450943	0.3170551657676697	n/a	-0.6266012787818909	0.032905422151088715	-0.18877114355564117	0.04515578970313072	-0.04691477119922638	-0.23567314445972443	-0.5720000863075256	-0.09492772072553635	-0.5486587285995483	-0.8000565767288208	-0.1287686973810196	0.04742938280105591	0.289872407913208	-0.26824262738227844	0.28336796164512634	0.04395655170083046	0.0895593911409378	0.40306103229522705	0.0670657828450203	0.6487672924995422	-0.13333123922348022	-0.32843977212905884	0.2589915990829468	0.25818493962287903	0.14900325238704681	0.0065949782729148865	0.18176543712615967	0.291655570268631	0.14471761882305145	-0.10922542959451675	0.3221401274204254	0.18226292729377747	0.13573229312896729	0.4054783284664154	-0.27472469210624695	0.4263880252838135	0.3225482404232025	0.3545905649662018	0.34048008918762207	0.18495315313339233	-0.253094345331192	-0.24801619350910187	-0.34569573402404785	0.1370677500963211	0.3591988682746887
Vis_LABEL_2	-0.12460288405418396	1.0	-0.18023571372032166	0.11940866708755493	-0.01779549941420555	0.24947285652160645	-0.08087662607431412	n/a	0.06172797083854675	0.13939043879508972	0.20846594870090485	0.23892806470394135	-0.21052581071853638	0.0896969735622406	-0.21390041708946228	-0.3540390729904175	-0.01609191857278347	-0.2102745771408081	-0.1796063929796219	-0.038970377296209335	0.18760527670383453	-0.1276155561208725	0.04740062728524208	0.09591925889253616	0.12277587503194809	0.20259329676628113	-0.012083622626960278	0.010828654281795025	0.9437868595123291	-0.3253287374973297	0.11864408850669861	-0.2578867971897125	-0.011202090419828892	-0.12508916854858398	n/a	0.22741271555423737	-0.21215824782848358	0.042770784348249435	-0.2273697704076767	-0.019027531147003174	0.05983222648501396	-0.1256883591413498	-0.00047930804430507123	0.038964878767728806	0.16845951974391937	-0.13660727441310883	-0.029625719413161278	-0.11536303162574768	-0.00396226579323411	-0.3993636667728424	-0.30511534214019775	0.19510288536548615	-0.31551870703697205	0.2643885910511017	-0.024113979190587997	0.3802555799484253	0.14860300719738007	0.1268240362405777	-0.19894078373908997	-0.4068538248538971	-0.3552682101726532	-0.28813785314559937	-0.35743892192840576	0.02065483294427395	0.012557427398860455	-0.062318507581949234	0.3433389663696289	-0.4652930796146393	-0.010651307180523872	-0.3037681579589844	0.0852554589509964	0.01190144382417202	-0.2320685088634491	0.2860685884952545	0.1845509111881256	-0.106112040579319	-0.03640744090080261	-0.025298163294792175	-0.06480992585420609	0.3116331994533539
FP_LABEL_3	-0.3120894432067871	-0.18023571372032166	1.0	-0.5152735114097595	-0.18767857551574707	0.5005728602409363	-0.3471224308013916	n/a	-0.42147213220596313	0.09522460401058197	-0.44266703724861145	-0.019566146656870842	-0.0818236842751503	-0.059195779263973236	0.00769266439601779	-0.24636323750019073	0.19589930772781372	-0.11161813884973526	0.5424436926841736	-0.04113689437508583	0.00851111114025116	-0.07944121956825256	0.157278373837471	-0.018628867343068123	0.036761391907930374	0.008091269992291927	-0.10172083228826523	0.20336347818374634	-0.26641085743904114	0.5934724807739258	-0.31955498456954956	-0.008830209262669086	0.3619776964187622	-0.48707568645477295	n/a	0.0996478796005249	0.019813701510429382	-0.024820424616336823	-0.3804372251033783	-0.10566093027591705	0.45805463194847107	0.06623203307390213	-0.02610238641500473	0.013767716474831104	0.16302822530269623	0.12904758751392365	0.25406530499458313	0.053781770169734955	0.16935063898563385	-0.13328194618225098	0.44939813017845154	-0.22407233715057373	0.1123126745223999	-0.3909454941749573	-0.6009302139282227	0.11086703091859818	0.11033948510885239	-0.2851530909538269	-0.06430567800998688	0.11574909090995789	0.29472616314888	0.36828434467315674	-0.030658680945634842	0.27974629402160645	0.3773675262928009	-0.051665179431438446	-0.21697677671909332	0.1859542727470398	0.03105870634317398	0.13040995597839355	-0.10143724828958511	0.21475021541118622	-0.11017967015504837	-0.14447446167469025	-0.37210553884506226	0.019524356350302696	0.00699215941131115	0.0431397445499897	-0.0416443906724453	0.05423814430832863
Aud_LABEL_4	-0.3105982542037964	0.11940866708755493	-0.5152735114097595	1.0	0.34310927987098694	-0.1853586733341217	0.11533962935209274	n/a	0.4223794937133789	0.5411209464073181	0.1817149668931961	0.5030820965766907	0.38905009627342224	0.2548972964286804	0.20925183594226837	-0.40187761187553406	0.463559091091156	-0.4239726960659027	-0.3006047010421753	0.644967794418335	0.6565577387809753	0.008303576149046421	-0.0037877485156059265	-0.4673749506473541	-0.0391085259616375	-0.48417994379997253	-0.13879072666168213	-0.23519419133663177	0.026625540107488632	-0.33781152963638306	0.7470248341560364	0.28226131200790405	-0.18242552876472473	0.21996134519577026	n/a	0.43452852964401245	0.06809346377849579	0.14161278307437897	0.24732856452465057	0.20268170535564423	-0.2449415773153305	0.5001322627067566	0.10230036079883575	0.4928790330886841	0.5339683294296265	0.1486961394548416	-0.33252742886543274	-0.19159841537475586	0.051079750061035156	-0.1648261994123459	-0.4424245059490204	-0.04415889084339142	-0.5078021883964539	0.09233056008815765	0.032463058829307556	0.22307033836841583	0.28558143973350525	-0.03363962098956108	-0.025363368913531303	-0.2654593288898468	-0.2461245208978653	-0.455818772315979	-0.3981436789035797	-0.5965317487716675	-0.346973717212677	-0.3910791575908661	0.01305242720991373	-0.3521120548248291	-0.39770790934562683	0.1616964489221573	-0.4237951636314392	-0.6549886465072632	0.05599307641386986	-0.3112131953239441	0.14594699442386627	0.3209173381328583	0.20164808630943298	0.2605714797973633	0.10363253951072693	-0.28770384192466736
Tpole_LABEL_5	0.1072734147310257	-0.01779549941420555	-0.18767857551574707	0.34310927987098694	1.0	-0.13525532186031342	0.395830899477005	n/a	0.43488869071006775	-0.1249731034040451	-0.23810426890850067	-0.007694872096180916	0.1371123492717743	0.06243082135915756	0.08495894074440002	-0.0852288231253624	-0.10434864461421967	-0.23296423256397247	0.03168852999806404	0.16850408911705017	-0.021594252437353134	-0.10748675465583801	0.056536540389060974	-0.00932396948337555	0.18521776795387268	0.040082938969135284	-0.011476232670247555	-0.02824854664504528	-0.053509633988142014	-0.2681242823600769	0.1299687922000885	0.3371880054473877	-0.1833546757698059	0.4799966514110565	n/a	-0.35792455077171326	-0.5132433176040649	0.4592260718345642	0.3328568637371063	0.02249544858932495	-0.20427212119102478	0.009040983393788338	0.2353479564189911	-0.11212319880723953	-0.15938657522201538	-0.2521882951259613	0.06072617322206497	-0.18680520355701447	0.12085811793804169	-0.308696448802948	-0.2334236353635788	0.07114635407924652	-0.4083597958087921	0.09932476282119751	0.2651522159576416	0.4411838948726654	0.32534170150756836	-0.0019502949435263872	-0.08299589902162552	0.014936116524040699	0.1283983588218689	-0.09652140736579895	-0.43548932671546936	-0.255372017621994	-0.410205602645874	-0.13665682077407837	0.12407615780830383	0.046317145228385925	-0.1324014961719513	0.16509748995304108	-0.13931375741958618	-0.4877358675003052	0.2831824719905853	-0.35079729557037354	0.6502062678337097	0.5109716653823853	-0.0415009930729866	0.04604501649737358	0.4024285674095154	0.17643672227859497
PMN_LABEL_6	-0.04226706922054291	0.24947285652160645	0.5005728602409363	-0.1853586733341217	-0.13525532186031342	1.0	-0.3641825318336487	n/a	-0.37393486499786377	0.04764755815267563	-0.06277430802583694	0.02095406875014305	0.008790368214249611	-0.08853750675916672	0.1100904643535614	-0.3291780948638916	0.24176529049873352	-0.193967804312706	0.25758352875709534	0.06255774199962616	0.14344803988933563	-0.10197211802005768	0.2337924838066101	0.3261977434158325	0.22510886192321777	0.08309934288263321	0.2077893316745758	0.08671198040246964	0.1605926752090454	0.3041379749774933	-0.11572569608688354	-0.31714993715286255	0.6493755578994751	-0.49417686462402344	n/a	0.3019251525402069	0.10999113321304321	0.10714157670736313	-0.5609782934188843	-0.2048613727092743	0.26739922165870667	0.12818944454193115	-0.2620885372161865	0.20679740607738495	0.27775701880455017	0.031968288123607635	0.12278037518262863	0.3258216679096222	0.01821042038500309	-0.30705854296684265	0.2577304542064667	-0.19034208357334137	-0.022976161912083626	-0.46571052074432373	-0.39946117997169495	0.2952311336994171	0.31474167108535767	-0.3120814859867096	-0.12446723133325577	-0.10914725810289383	0.01427479088306427	0.18448574841022491	-0.1940542608499527	0.375628262758255	0.3389887809753418	-0.0899897962808609	-0.07798928022384644	-0.07532814145088196	0.18366733193397522	-0.20688892900943756	0.16830722987651825	0.2075529545545578	0.08820705860853195	0.19021514058113098	-0.28573077917099	-0.24375231564044952	0.06587108969688416	-0.09234140068292618	0.035858627408742905	0.25648292899131775
PON_LABEL_7	0.2868816554546356	-0.08087662607431412	-0.3471224308013916	0.11533962935209274	0.395830899477005	-0.3641825318336487	1.0	n/a	0.8380159139633179	-0.23148371279239655	0.2410619705915451	-0.17902186512947083	-0.2661767303943634	-0.026445657014846802	-0.1762726753950119	0.1083710566163063	-0.3305562138557434	-0.2336633950471878	-0.36699312925338745	0.10649076849222183	-0.15637809038162231	0.14205196499824524	-0.3567500412464142	0.25429123640060425	0.15444062650203705	0.2756633758544922	0.3558462858200073	0.23691336810588837	-0.11249638348817825	-0.6067355275154114	-0.051899220794439316	0.049707990139722824	-0.34684625267982483	0.9108025431632996	n/a	-0.31956982612609863	-0.1833728402853012	-0.00831114687025547	0.275041401386261	0.012746747583150864	-0.3522370159626007	-0.27219969034194946	0.2119590938091278	-0.07052180171012878	-0.3485123813152313	-0.1126655638217926	-0.43664687871932983	0.04333677887916565	-0.039634499698877335	-0.1787896752357483	-0.21565835177898407	0.0022523188963532448	-0.30198749899864197	0.7038403153419495	0.637510359287262	-0.1803096979856491	-0.0558549240231514	0.39406412839889526	0.09696348011493683	-0.01801048032939434	0.1291959583759308	-0.24892066419124603	-0.21285685896873474	-0.3237821161746979	-0.5105957388877869	0.26094701886177063	0.2692437767982483	-0.1253454089164734	-0.07293497025966644	0.21303847432136536	-0.19358059763908386	0.010246633552014828	0.12551820278167725	0.23821696639060974	0.7382777333259583	0.16020643711090088	0.1080748587846756	0.046016354113817215	0.0588483102619648	-0.1399523913860321
MTL_LABEL_8	n/a	n/a	n/a	n/a	n/a	n/a	n/a	1.0	n/a	n/a	n/a	n/a	n/a	n/a	n/a	n/a	n/a	n/a	n/a	n/a	n/a	n/a	n/a	n/a	n/a	n/a	n/a	n/a	n/a	n/a	n/a	n/a	n/a	n/a	n/a	n/a	n/a	n/a	n/a	n/a	n/a	n/a	n/a	n/a	n/a	n/a	n/a	n/a	n/a	n/a	n/a	n/a	n/a	n/a	n/a	n/a	n/a	n/a	n/a	n/a	n/a	n/a	n/a	n/a	n/a	n/a	n/a	n/a	n/a	n/a	n/a	n/a	n/a	n/a	n/a	n/a	n/a	n/a	n/a	n/a
PON_LABEL_9	0.0006965760258026421	0.06172797083854675	-0.42147213220596313	0.4223794937133789	0.43488869071006775	-0.37393486499786377	0.8380159139633179	n/a	1.0	0.11247751116752625	0.23617437481880188	0.0010184841230511665	0.08636369556188583	-0.08398597687482834	0.03974614664912224	-0.04384581372141838	-0.08933233469724655	-0.3236059546470642	-0.4390128254890442	0.34385326504707336	0.1704665869474411	0.11998876929283142	-0.20111896097660065	-0.09860720485448837	0.36325398087501526	0.11337509751319885	0.17073217034339905	0.15183532238006592	0.006867238320410252	-0.566704511642456	0.20801487565040588	0.11048544943332672	-0.44903361797332764	0.7886300086975098	n/a	-0.08623851090669632	-0.2604793906211853	0.06342612951993942	0.3775157928466797	-0.09582755714654922	-0.13673469424247742	0.006730798166245222	0.1201745867729187	0.1254279762506485	-0.00044686091132462025	0.02328415960073471	-0.39268437027931213	-0.20301051437854767	0.29033464193344116	-0.2165856808423996	-0.31023821234703064	0.11922159045934677	-0.48387035727500916	0.7536126971244812	0.4132716953754425	-0.053908444941043854	0.1881372183561325	0.3706188201904297	0.015095197595655918	0.03618298098444939	0.13538715243339539	-0.36488431692123413	-0.44143423438072205	-0.48702681064605713	-0.4355756640434265	0.03895914927124977	0.11570709198713303	-0.14895722270011902	-0.14002884924411774	0.3847925364971161	-0.33494865894317627	-0.21330873668193817	0.1773976981639862	-0.0596204549074173	0.6852183938026428	0.315103143453598	0.2205212116241455	0.20064355432987213	0.14246293902397156	-0.10726401954889297
CO_LABEL_10	-0.8303669095039368	0.13939043879508972	0.09522460401058197	0.5411209464073181	-0.1249731034040451	0.04764755815267563	-0.23148371279239655	n/a	0.11247751116752625	1.0	0.08259496092796326	0.7703553438186646	0.43098050355911255	0.13573682308197021	0.24693439900875092	-0.5688948035240173	0.7674304246902466	-0.5517209768295288	-0.06729035824537277	0.6831169128417969	0.9068547487258911	-0.11100904643535614	0.2140778750181198	-0.7019672989845276	-0.009348959662020206	-0.6072553992271423	-0.3516830801963806	0.044630736112594604	0.025610847398638725	0.06279599666595459	0.4351131021976471	0.37868258357048035	0.08170106261968613	-0.2390640377998352	n/a	0.842483401298523	0.2165723741054535	0.17924851179122925	-0.01700715906918049	0.04730459302663803	0.0873367041349411	0.6780823469161987	-0.02876279689371586	0.61539626121521	0.8722110986709595	0.2573898136615753	-0.2411397397518158	-0.1862707883119583	0.1539398729801178	-0.14620500802993774	-0.23481249809265137	-0.009541807696223259	-0.3806827664375305	-0.008350828662514687	-0.459878534078598	0.0022603755351155996	0.37047192454338074	-0.07733341306447983	-0.22037172317504883	-0.261201947927475	-0.1762121617794037	-0.3250937759876251	-0.24734815955162048	-0.39991775155067444	-0.041251491755247116	-0.39194223284721375	-0.22793422639369965	-0.27810972929000854	-0.49728596210479736	0.13345365226268768	-0.48482468724250793	-0.35497045516967773	-0.28103014826774597	-0.33926987648010254	-0.17368069291114807	0.2346029430627823	0.2054043859243393	0.43235209584236145	-0.11503100395202637	-0.5195645689964294
Sal_LABEL_11	0.29899582266807556	0.20846594870090485	-0.44266703724861145	0.1817149668931961	-0.23810426890850067	-0.06277430802583694	0.2410619705915451	n/a	0.23617437481880188	0.08259496092796326	1.0	0.03110211342573166	-0.012410661205649376	-0.2600244879722595	0.009742806665599346	0.30493977665901184	-0.0774885043501854	0.014447802677750587	-0.4739932417869568	0.2280447632074356	0.16846400499343872	0.4878968894481659	-0.24436423182487488	0.1940673291683197	-0.023451128974556923	0.027299093082547188	0.6271923184394836	0.31484663486480713	0.3081696629524231	-0.4530658721923828	-0.0412592776119709	0.0318380743265152	0.002054198645055294	0.2020980715751648	n/a	0.3166848421096802	0.5824249982833862	-0.20550541579723358	0.02015027031302452	-0.20922330021858215	-0.32251042127609253	0.0315939299762249	-0.2346849888563156	0.18738563358783722	0.04004644602537155	0.36556121706962585	-0.5058264136314392	0.1422712653875351	-0.25169920921325684	0.2446899712085724	-0.18908551335334778	0.24150899052619934	0.0234320517629385	0.282143235206604	0.4723514914512634	-0.369672954082489	-0.1253892183303833	0.4105882942676544	0.17034390568733215	-0.2949407398700714	-0.31000980734825134	-0.3998143672943115	0.041254546493291855	-0.3314487636089325	-0.1523568332195282	0.19356565177440643	-0.010517647489905357	-0.4521733224391937	0.10950623452663422	-0.29567134380340576	-0.10637981444597244	0.14438436925411224	0.039139747619628906	0.26823025941848755	0.1221018061041832	-0.24131274223327637	0.05262310057878494	0.08409926295280457	-0.024060595780611038	-0.10625546425580978
CO_LABEL_12	-0.6589590311050415	0.23892806470394135	-0.019566146656870842	0.5030820965766907	-0.007694872096180916	0.02095406875014305	-0.17902186512947083	n/a	0.0010184841230511665	0.7703553438186646	0.03110211342573166	1.0	0.1698816567659378	0.4503660500049591	-0.03351697698235512	-0.6223437190055847	0.6160901188850403	-0.6829102635383606	0.04941532388329506	0.5302075743675232	0.7243162989616394	-0.13869160413742065	0.19307933747768402	-0.37922054529190063	-0.3340741693973541	-0.6444425582885742	-0.40021419525146484	0.043469738215208054	0.10049683600664139	-0.06480101495981216	0.428879976272583	0.39598530530929565	0.20028546452522278	-0.08248333632946014	n/a	0.679355800151825	0.17988115549087524	0.4072575867176056	-0.12009016424417496	0.3699744939804077	-0.3823107182979584	0.5208271741867065	0.3024212718009949	0.5344429612159729	0.6556938290596008	0.05330054834485054	-0.20422737300395966	0.1242753118276596	-0.2579311728477478	-0.2723005712032318	-0.27831146121025085	-0.30814236402511597	-0.44511425495147705	-0.09099157899618149	-0.24268817901611328	0.12026827782392502	0.3994634747505188	-0.27160587906837463	-0.36630043387413025	-0.5567792654037476	-0.3554891347885132	-0.44543883204460144	-0.2023458033800125	-0.430046021938324	-0.2573701739311218	-0.5323238372802734	0.00545249879360199	-0.4048551023006439	-0.6068650484085083	0.05447513982653618	-0.42178526520729065	-0.42315399646759033	-0.4172402620315552	-0.1926369071006775	-0.10340835154056549	0.25364652276039124	-0.24300816655158997	0.1866905838251114	-0.08127821236848831	-0.3986828327178955
SMd_LABEL_13	-0.22551961243152618	-0.21052581071853638	-0.0818236842751503	0.38905009627342224	0.1371123492717743	0.008790368214249611	-0.2661767303943634	n/a	0.08636369556188583	0.43098050355911255	-0.012410661205649376	0.1698816567659378	1.0	-0.2786256670951843	0.7389269471168518	0.05554888769984245	0.42972439527511597	-0.1142374649643898	-0.058335401117801666	0.40896672010421753	0.44419023394584656	-0.05149466544389725	0.5301357507705688	-0.41881951689720154	0.3280203938484192	-0.4466310441493988	-0.10428842902183533	0.08699391037225723	-0.15177872776985168	0.3082426190376282	0.12886609137058258	0.3493388891220093	0.10951343178749084	-0.1864035725593567	n/a	0.30274587869644165	0.05256170779466629	0.22541344165802002	0.1798287183046341	-0.2904692590236664	0.2753586769104004	0.6456789970397949	-0.2985357642173767	0.26740896701812744	0.38133490085601807	0.22636087238788605	0.18908028304576874	-0.14379781484603882	0.48827463388442993	0.1817704737186432	-0.03502720594406128	0.18914127349853516	-0.06944915652275085	-0.22933828830718994	-0.1504632532596588	-0.16711364686489105	0.4086954593658447	-0.03338524326682091	-0.07383206486701965	0.2597307860851288	0.11855622380971909	-0.020586080849170685	-0.09894958138465881	-0.2567003071308136	0.01651102304458618	-0.34615761041641235	-0.49733680486679077	0.3403346836566925	-0.12183854728937149	0.3700242042541504	-0.24959023296833038	-0.3423355519771576	0.520052969455719	-0.5074276924133301	-0.1516764909029007	0.1392693668603897	0.09641209244728088	0.2719849944114685	0.2920698821544647	-0.049008116126060486
SMl_LABEL_14	-0.16720986366271973	0.0896969735622406	-0.059195779263973236	0.2548972964286804	0.06243082135915756	-0.08853750675916672	-0.026445657014846802	n/a	-0.08398597687482834	0.13573682308197021	-0.2600244879722595	0.4503660500049591	-0.2786256670951843	1.0	-0.5619569420814514	-0.4033041298389435	0.04365840181708336	-0.24612730741500854	0.2734646499156952	-0.09591075778007507	0.0971410945057869	-0.3651209771633148	-0.24542982876300812	-0.08491721004247665	-0.5454874634742737	-0.29951784014701843	-0.2841716706752777	-0.3791937530040741	-0.03893112391233444	-0.049341075122356415	0.5317210555076599	0.1074080765247345	-0.07459402084350586	0.09558704495429993	n/a	0.06867669522762299	-0.15922947227954865	0.2690126597881317	0.049053601920604706	0.9645233154296875	-0.3455493450164795	-0.1545034795999527	0.5392943024635315	0.013331363908946514	0.10945221036672592	-0.4734392464160919	-0.13870085775852203	-0.013096129521727562	-0.3134625554084778	-0.3992708623409271	0.023694561794400215	-0.15451714396476746	-0.42170727252960205	-0.008406971581280231	-0.06436089426279068	0.3142206072807312	-0.06185157969594002	-0.5250769853591919	-0.447319358587265	-0.21757328510284424	-0.061192404478788376	0.11899705231189728	-0.17807307839393616	-0.06167667731642723	-0.21246759593486786	-0.3175447881221771	0.5859997868537903	-0.11167683452367783	-0.17578808963298798	0.00037577003240585327	-0.08740579336881638	-0.41660112142562866	-0.45137301087379456	0.09207503497600555	0.008872691541910172	0.23127293586730957	-0.2988413870334625	-0.4259427785873413	-0.33070629835128784	-0.2674539387226105
DAN_LABEL_15	-0.1076747328042984	-0.21390041708946228	0.00769266439601779	0.20925183594226837	0.08495894074440002	0.1100904643535614	-0.1762726753950119	n/a	0.03974614664912224	0.24693439900875092	0.009742806665599346	-0.03351697698235512	0.7389269471168518	-0.5619569420814514	1.0	0.08229686319828033	0.3873847424983978	-0.13093148171901703	-0.28329676389694214	0.3918703496456146	0.29737594723701477	0.05403139814734459	0.7385693788528442	-0.21357136964797974	0.5281597375869751	-0.4157688021659851	-0.06824959069490433	0.23659689724445343	-0.16197064518928528	0.37973299622535706	-0.15096482634544373	0.15881562232971191	0.2338840663433075	-0.18218594789505005	n/a	0.21870659291744232	0.20905999839305878	-0.0079466812312603	-0.12419252097606659	-0.5843391418457031	0.35677841305732727	0.6364203095436096	-0.49270692467689514	0.21828442811965942	0.21499796211719513	0.298522412776947	0.39544203877449036	0.10338566452264786	0.4675147235393524	0.28896862268447876	-0.11380686610937119	0.06815002858638763	0.23437295854091644	-0.2906104624271393	-0.026708045974373817	-0.20932643115520477	0.4749930500984192	0.20639729499816895	0.15794861316680908	0.17100970447063446	0.11771819740533829	-0.04511169344186783	0.16083183884620667	-0.2294645756483078	-0.07296928018331528	-0.17149990797042847	-0.5343989133834839	0.1190769299864769	-0.3181277811527252	0.2920193374156952	-0.11089838296175003	-0.09982871264219284	0.4340342879295349	-0.34622621536254883	-0.21398691833019257	-0.14020591974258423	0.12873443961143494	0.4248310923576355	0.3077484369277954	-0.027579013258218765
DMN_LABEL_16	0.7346177697181702	-0.3540390729904175	-0.24636323750019073	-0.40187761187553406	-0.0852288231253624	-0.3291780948638916	0.1083710566163063	n/a	-0.04384581372141838	-0.5688948035240173	0.30493977665901184	-0.6223437190055847	0.05554888769984245	-0.4033041298389435	0.08229686319828033	1.0	-0.652059018611908	0.7703945636749268	-0.16610723733901978	-0.5296448469161987	-0.6649994850158691	0.3389742076396942	-0.06325309723615646	0.3669196665287018	-0.009593428112566471	0.35435712337493896	0.3625771701335907	0.21927452087402344	-0.0947941392660141	-0.02302154339849949	-0.42413532733917236	-0.029308520257472992	-0.08556262403726578	0.15580867230892181	n/a	-0.563830554485321	0.056127674877643585	-0.18902412056922913	0.20546002686023712	-0.23503468930721283	-0.05995111167430878	-0.43961554765701294	-0.2616782784461975	-0.5659390091896057	-0.6952364444732666	0.010233718901872635	0.09583602100610733	0.06563164293766022	-0.08500132709741592	0.6181869506835938	0.029957430437207222	0.34712547063827515	0.5777314901351929	0.10277419537305832	0.4829707443714142	-0.47275304794311523	-0.36580175161361694	0.33681002259254456	0.2340436726808548	0.25003135204315186	0.04107263311743736	0.09717324376106262	0.5115184783935547	0.049980759620666504	0.07451314479112625	0.29914969205856323	-0.12494545429944992	0.32971441745758057	0.38200315833091736	-0.20400582253932953	0.35598620772361755	0.3963327407836914	0.27059295773506165	0.06341896206140518	0.042390674352645874	-0.2417224645614624	-0.21698346734046936	-0.2102101445198059	0.04154784977436066	0.2540391981601715
CO_LABEL_17	-0.7387636303901672	-0.01609191857278347	0.19589930772781372	0.463559091091156	-0.10434864461421967	0.24176529049873352	-0.3305562138557434	n/a	-0.08933233469724655	0.7674304246902466	-0.0774885043501854	0.6160901188850403	0.42972439527511597	0.04365840181708336	0.3873847424983978	-0.652059018611908	1.0	-0.5761319994926453	0.019702425226569176	0.7430208921432495	0.8544868230819702	-0.2894853353500366	0.32911837100982666	-0.5735387802124023	-0.013789399527013302	-0.566616952419281	-0.2794841229915619	-0.05076198652386665	-0.15076734125614166	0.17588666081428528	0.39343443512916565	0.12288595736026764	0.09127302467823029	-0.4175804555416107	n/a	0.757067084312439	0.269363671541214	0.1380665898323059	-0.09477166831493378	-0.08252667635679245	0.10351748764514923	0.8496201634407043	-0.12683255970478058	0.8076477646827698	0.8658158779144287	0.17321939766407013	-0.12585698068141937	-0.01793689839541912	0.2069372832775116	-0.28725460171699524	-0.134313702583313	-0.24126890301704407	-0.28196364641189575	-0.29344069957733154	-0.5620088577270508	0.026411959901452065	0.29847970604896545	-0.20989678800106049	-0.17009501159191132	-0.0957324206829071	0.0332481674849987	-0.12436270713806152	-0.22163309156894684	-0.12255148589611053	0.1262955516576767	-0.22480635344982147	-0.21949157118797302	-0.06857912242412567	-0.40174978971481323	0.3428904414176941	-0.3501015901565552	-0.2474847286939621	0.04752088338136673	-0.1809581220149994	-0.2583920359611511	0.07838702946901321	0.39326974749565125	0.28426092863082886	-0.04973122105002403	-0.45184290409088135
DMN_LABEL_18	0.5354883074760437	-0.2102745771408081	-0.11161813884973526	-0.4239726960659027	-0.23296423256397247	-0.193967804312706	-0.2336633950471878	n/a	-0.3236059546470642	-0.5517209768295288	0.014447802677750587	-0.6829102635383606	-0.1142374649643898	-0.24612730741500854	-0.13093148171901703	0.7703945636749268	-0.5761319994926453	1.0	-0.028151735663414	-0.6819283962249756	-0.6303066611289978	0.1966029554605484	-0.22587206959724426	0.1539444923400879	-0.058611493557691574	0.49057498574256897	0.15667597949504852	-0.10959178954362869	0.0007019747863523662	0.15268534421920776	-0.27052003145217896	-0.34300342202186584	-0.18602143228054047	-0.1915910392999649	n/a	-0.5009501576423645	-0.08181338012218475	-0.3604831397533417	0.0964045375585556	-0.13063691556453705	0.2151157557964325	-0.5550357103347778	-0.3609372079372406	-0.59677654504776	-0.5079384446144104	-0.047540083527565	0.11406134068965912	-0.1848069131374359	0.009006348438560963	0.5259995460510254	0.21796992421150208	0.33439767360687256	0.5836137533187866	-0.05516170337796211	0.06622849404811859	-0.2258061021566391	-0.583153247833252	0.14450600743293762	0.25061991810798645	0.42209160327911377	0.03441322222352028	0.38173285126686096	0.4652411639690399	0.3975007236003876	0.42193934321403503	0.33162808418273926	0.026105523109436035	0.36961784958839417	0.580407440662384	-0.29535895586013794	0.6156416535377502	0.41002392768859863	0.11949758976697922	0.13391907513141632	-0.1926417499780655	-0.215843066573143	-0.0007394449785351753	-0.32939767837524414	-0.11079219728708267	0.35035014152526855
VAN_LABEL_19	-0.16783010959625244	-0.1796063929796219	0.5424436926841736	-0.3006047010421753	0.03168852999806404	0.25758352875709534	-0.36699312925338745	n/a	-0.4390128254890442	-0.06729035824537277	-0.4739932417869568	0.04941532388329506	-0.058335401117801666	0.2734646499156952	-0.28329676389694214	-0.16610723733901978	0.019702425226569176	-0.028151735663414	1.0	-0.23107731342315674	-0.15820136666297913	-0.2163313627243042	-0.04588964954018593	-0.10094829648733139	-0.19764432311058044	-0.049762699753046036	-0.2429526448249817	-0.3833097517490387	-0.28095543384552	0.24631565809249878	0.05200792849063873	0.12541721761226654	0.10609297454357147	-0.36415475606918335	n/a	-0.18726424872875214	-0.22356243431568146	0.13336488604545593	0.13719362020492554	0.24230000376701355	0.18889768421649933	-0.15932457149028778	0.5265081524848938	-0.13873589038848877	0.007218297105282545	-0.12221809476613998	0.29784730076789856	-0.18572011590003967	-0.00907757505774498	-0.14657257497310638	0.31444472074508667	-0.0844956487417221	-0.05739213526248932	-0.3790529668331146	-0.3972223103046417	0.3296222984790802	-0.0035549532622098923	-0.49094998836517334	-0.13501757383346558	0.15468177199363708	0.28819790482521057	0.24329963326454163	-0.13032709062099457	0.2814253270626068	0.3153378963470459	-0.010519609786570072	-0.05707238242030144	0.327327698469162	0.2292887419462204	0.024744568392634392	-0.183848038315773	-0.11601440608501434	-0.06432244926691055	-0.28455448150634766	-0.17884664237499237	0.2865636646747589	-0.1989312618970871	-0.18812496960163116	-0.04984747990965843	0.18934351205825806
CO_LABEL_20	-0.5208866000175476	-0.038970377296209335	-0.04113689437508583	0.644967794418335	0.16850408911705017	0.06255774199962616	0.10649076849222183	n/a	0.34385326504707336	0.6831169128417969	0.2280447632074356	0.5302075743675232	0.40896672010421753	-0.09591075778007507	0.3918703496456146	-0.5296448469161987	0.7430208921432495	-0.6819283962249756	-0.23107731342315674	1.0	0.8062757253646851	0.16236944496631622	0.1718183010816574	-0.41556620597839355	0.1849658042192459	-0.4544355869293213	-0.06258359551429749	0.017405372112989426	-0.15638971328735352	-0.10403721779584885	0.4188178777694702	0.3265238404273987	0.059810541570186615	0.08912094682455063	n/a	0.6456534266471863	0.3122292459011078	0.16530565917491913	0.06022702157497406	-0.16730080544948578	-0.07534801214933395	0.8271617293357849	-0.02092309668660164	0.8543054461479187	0.7490102052688599	0.46235278248786926	-0.2727507948875427	0.03573416545987129	0.20297737419605255	-0.2008122056722641	-0.2841204106807709	-0.28104591369628906	-0.38486552238464355	0.004530328791588545	-0.19465158879756927	0.11660352349281311	0.48179054260253906	-0.009602796286344528	0.03455737978219986	-0.18292875587940216	-0.0530112087726593	-0.3864198625087738	-0.3678935170173645	-0.4174567759037018	-0.1693609058856964	-0.19320888817310333	-0.32244962453842163	-0.28782591223716736	-0.4427180886268616	0.3510498106479645	-0.4867824912071228	-0.3557080328464508	0.11625934392213821	-0.28555262088775635	0.05143536627292633	0.19111917912960052	0.3828876316547394	0.5599588751792908	0.3482505977153778	-0.422694593667984
CO_LABEL_21	-0.7402106523513794	0.18760527670383453	0.00851111114025116	0.6565577387809753	-0.021594252437353134	0.14344803988933563	-0.15637809038162231	n/a	0.1704665869474411	0.9068547487258911	0.16846400499343872	0.7243162989616394	0.44419023394584656	0.0971410945057869	0.29737594723701477	-0.6649994850158691	0.8544868230819702	-0.6303066611289978	-0.15820136666297913	0.8062757253646851	1.0	-0.08403924852609634	0.14330561459064484	-0.6414304971694946	0.06758452951908112	-0.5642001032829285	-0.1668456792831421	0.037643421441316605	0.04834281653165817	-0.008510583080351353	0.44278502464294434	0.2250630408525467	0.03762089088559151	-0.1985921412706375	n/a	0.8883790373802185	0.285767525434494	0.11395296454429626	-0.06693440675735474	-0.02437613718211651	0.05585441365838051	0.7454180121421814	-0.12679532170295715	0.7205656170845032	0.9275197386741638	0.3078194260597229	-0.3708842396736145	-0.17279848456382751	0.1964346319437027	-0.25810155272483826	-0.14707531034946442	-0.0857871025800705	-0.4918298125267029	-0.04991921782493591	-0.397327184677124	0.06104586273431778	0.3455811142921448	-0.03404206037521362	-0.12976446747779846	-0.20896728336811066	-0.1715395301580429	-0.2777159810066223	-0.39132848381996155	-0.38191667199134827	-0.06136634200811386	-0.33394187688827515	-0.12651538848876953	-0.3492888808250427	-0.4303547441959381	0.21456791460514069	-0.4384653568267822	-0.41589629650115967	-0.07459934055805206	-0.2082170844078064	-0.09887749701738358	0.22744621336460114	0.3306844234466553	0.3845013380050659	-0.03899681940674782	-0.45498016476631165
Sal_LABEL_22	0.3063626289367676	-0.1276155561208725	-0.07944121956825256	0.008303576149046421	-0.10748675465583801	-0.10197211802005768	0.14205196499824524	n/a	0.11998876929283142	-0.11100904643535614	0.4878968894481659	-0.13869160413742065	-0.05149466544389725	-0.3651209771633148	0.05403139814734459	0.3389742076396942	-0.2894853353500366	0.1966029554605484	-0.2163313627243042	0.16236944496631622	-0.08403924852609634	1.0	-0.2090071588754654	0.18900971114635468	0.1362323760986328	0.12546639144420624	0.1805880218744278	0.12869279086589813	-0.0573427677154541	-0.056643929332494736	-0.17953476309776306	-0.003342974465340376	0.10310693085193634	0.19033145904541016	n/a	0.019101586192846298	0.388791024684906	-0.3983759880065918	-0.15382178127765656	-0.28749600052833557	-0.019421519711613655	-0.07130563259124756	-0.10717932879924774	-0.02556164748966694	-0.07979598641395569	0.7810715436935425	-0.18143430352210999	0.1604004204273224	-0.10273229330778122	0.49122628569602966	0.052365709096193314	-0.10155323147773743	0.30594801902770996	0.03186623007059097	0.22237925231456757	-0.07914914190769196	-0.011623432859778404	0.33004698157310486	0.5528837442398071	-0.04510018974542618	-0.13775914907455444	-0.22283881902694702	0.15372024476528168	-0.2568293809890747	0.030014103278517723	0.07864692062139511	-0.21284475922584534	-0.3213474154472351	-0.02543506771326065	-0.1605987548828125	-0.006069468799978495	0.14177295565605164	0.008740011602640152	-0.08359957486391068	-0.1862638294696808	-0.12674736976623535	-0.15670697391033173	0.25829017162323	0.35864272713661194	0.22306814789772034
DAN_LABEL_23	-0.19533532857894897	0.04740062728524208	0.157278373837471	-0.0037877485156059265	0.056536540389060974	0.2337924838066101	-0.3567500412464142	n/a	-0.20111896097660065	0.2140778750181198	-0.24436423182487488	0.19307933747768402	0.5301357507705688	-0.24542982876300812	0.7385693788528442	-0.06325309723615646	0.32911837100982666	-0.22587206959724426	-0.04588964954018593	0.1718183010816574	0.14330561459064484	-0.2090071588754654	1.0	-0.015478838235139847	0.3438662588596344	-0.3874557912349701	-0.3399289548397064	0.20433029532432556	0.08655655384063721	0.457959920167923	-0.11202884465456009	0.162113219499588	0.39520707726478577	-0.2969447076320648	n/a	0.10320867598056793	-0.062008246779441833	0.3706071078777313	-0.261980265378952	-0.29055219888687134	0.23311425745487213	0.5208187699317932	-0.2600380480289459	0.1991502344608307	0.13046033680438995	-0.08156244456768036	0.7053686380386353	0.284024178981781	0.322370320558548	-0.01004740223288536	-0.22064772248268127	-0.05267192795872688	0.1789732277393341	-0.37298262119293213	-0.18033653497695923	-0.006991927977651358	0.5845924019813538	-0.15245069563388824	-0.2767075002193451	-0.037079308182001114	0.06666329503059387	-0.05845709145069122	0.19036565721035004	-0.06564943492412567	-0.04589240252971649	-0.2853851616382599	-0.3593681752681732	0.150249645113945	-0.41493573784828186	0.20720317959785461	0.026418866589665413	-0.08733135461807251	0.183501198887825	-0.2742115557193756	-0.20321835577487946	-0.18363319337368011	-0.17499318718910217	0.19856873154640198	0.21139287948608398	0.05196912959218025
PMN_LABEL_24	0.7571043372154236	0.09591925889253616	-0.018628867343068123	-0.4673749506473541	-0.00932396948337555	0.3261977434158325	0.25429123640060425	n/a	-0.09860720485448837	-0.7019672989845276	0.1940673291683197	-0.37922054529190063	-0.41881951689720154	-0.08491721004247665	-0.21357136964797974	0.3669196665287018	-0.5735387802124023	0.1539444923400879	-0.10094829648733139	-0.41556620597839355	-0.6414304971694946	0.18900971114635468	-0.015478838235139847	1.0	-0.05006202682852745	0.45442885160446167	0.45523956418037415	0.28845587372779846	0.19114038348197937	-0.09029419720172882	-0.4494536817073822	-0.2617304027080536	0.39535585045814514	0.23786988854408264	n/a	-0.43357887864112854	0.050621360540390015	0.07987014949321747	-0.35384970903396606	-0.030746744945645332	-0.3280884027481079	-0.4501091241836548	-0.010990365408360958	-0.3023410737514496	-0.6499910950660706	-0.16540858149528503	0.128868967294693	0.662295937538147	-0.42658814787864685	-0.04455289989709854	0.08519557863473892	-0.16980589926242828	0.2671836018562317	-0.036184292286634445	0.4475865662097931	-0.03397982940077782	-0.06783747673034668	0.009005178697407246	0.013260016217827797	-0.1757272630929947	-0.04157465696334839	0.07071106135845184	0.19587181508541107	0.26925235986709595	-0.09098370373249054	0.18068574368953705	0.18389669060707092	-0.001647818018682301	0.23916666209697723	-0.3204896152019501	0.3857386112213135	0.4130324125289917	0.1292485147714615	0.4857769012451172	0.12862618267536163	-0.42361509799957275	-0.3525673747062683	-0.339907705783844	0.1415431946516037	0.33557748794555664
DAN_LABEL_25	-0.05466163158416748	0.12277587503194809	0.036761391907930374	-0.0391085259616375	0.18521776795387268	0.22510886192321777	0.15444062650203705	n/a	0.36325398087501526	-0.009348959662020206	-0.023451128974556923	-0.3340741693973541	0.3280203938484192	-0.5454874634742737	0.5281597375869751	-0.009593428112566471	-0.013789399527013302	-0.058611493557691574	-0.19764432311058044	0.1849658042192459	0.06758452951908112	0.1362323760986328	0.3438662588596344	-0.05006202682852745	1.0	0.22408047318458557	0.07081308960914612	0.004020866472274065	0.10801374167203903	0.13981033861637115	-0.18350659310817719	-0.22694355249404907	0.002824628259986639	0.06253360211849213	n/a	-0.062270402908325195	-0.26890718936920166	-0.010417905636131763	-0.07233156263828278	-0.6114898920059204	0.60410076379776	0.1639203280210495	-0.36710941791534424	0.05704563483595848	0.08812418580055237	0.20005574822425842	0.25085610151290894	-0.15966695547103882	0.7410328984260559	-0.06398272514343262	0.14139190316200256	0.2112082988023758	-0.07139445841312408	0.17479068040847778	-0.04904128238558769	0.14884695410728455	0.47976773977279663	0.20781880617141724	0.10350047051906586	0.3180548846721649	0.21300724148750305	0.03677474334836006	-0.27304548025131226	0.09598872065544128	0.15371069312095642	0.10018353164196014	-0.20332305133342743	0.014944182708859444	0.09674186259508133	0.21021433174610138	0.09715176373720169	0.04840201884508133	0.3211594820022583	-0.11796661466360092	0.16316565871238708	-0.11788558959960938	0.2554570138454437	0.26658764481544495	0.3320772349834442	0.33564653992652893
