Node	HIP-head-m-rh	HIP-head-l-rh	HIP-body-rh	HIP-tail-rh	THA-VPm-rh	THA-VPl-rh	THA-VAi-rh	THA-VAs-rh	THA-DAm-rh	THA-DAl-rh	PUT-VA-rh	PUT-DA-rh	PUT-VP-rh	PUT-DP-rh	CAU-VA-rh	CAU-DA-rh	CAU-body-rh	CAU-tail-rh	lAMY-rh	mAMY-rh	THA-DP-rh	NAc-shell-rh	NAc-core-rh	pGP-rh	aGP-rh	HIP-head-m-lh	HIP-head-l-l	HIP-body-l	HIP-tail-lh	THA-VPm-lh	THA-VPl-lh	THA-VAi-lh	THA-VAs-lh	THA-DAm-lh	THA-DAl-lh	PUT-VA-lh	PUT-DA-l	PUT-VP-lh	PUT-DP-lh	CAU-VA-lh	CAU-DA-lh	CAU-body-lh	CAU-tail-lh	lAMY-lh	mAMY-lh	THA-DP-lh	NAc-shell-lh	NAc-core-lh	pGP-lh	aGP-lh
HIP-head-m-rh	1.0	0.4340221881866455	-0.04725812003016472	0.039495669305324554	-0.007380042225122452	0.12578018009662628	-0.12958788871765137	0.197884663939476	-0.09341186285018921	0.023921627551317215	-0.3152669072151184	-0.45402541756629944	-0.3645174205303192	-0.4067304730415344	-0.014822740107774734	-0.12513026595115662	-0.31515029072761536	-0.34280118346214294	0.058152612298727036	0.19761128723621368	-0.1466919332742691	0.3429635763168335	-0.3269116282463074	0.0618409626185894	0.2130560576915741	0.7459790110588074	0.6023735404014587	-0.2513673007488251	-0.3438017964363098	0.4161396920681	0.14824774861335754	0.09175723791122437	0.08295191824436188	-0.031122546643018723	0.059410061687231064	-0.24560244381427765	-0.5320964455604553	-0.3551879823207855	-0.2352401316165924	0.11254841834306717	-0.18982245028018951	-0.3693438768386841	-0.4158788025379181	0.460095077753067	0.38959255814552307	-0.31004762649536133	-0.32316848635673523	-0.40998244285583496	-0.10402248799800873	-0.1830635815858841
HIP-head-l-rh	0.4340221881866455	1.0	0.43578964471817017	0.23016001284122467	0.05216473340988159	-0.20486348867416382	-0.24535956978797913	-0.14253567159175873	0.2587377727031708	0.08031363785266876	0.06626314669847488	-0.13687388598918915	-0.08498748391866684	-0.009011080488562584	-0.03143109753727913	-0.0015024424064904451	0.32637259364128113	0.11123858392238617	0.48747482895851135	0.20278772711753845	-0.4803803563117981	0.0687142089009285	0.22020716965198517	-0.11458993703126907	-0.12404356896877289	0.3183009922504425	0.7883437871932983	-0.14622114598751068	-0.08315618336200714	0.4932936131954193	-0.2423282116651535	0.2218194603919983	-0.03394056856632233	0.22332344949245453	-0.1609172374010086	0.19097156822681427	0.0960751473903656	0.09900956600904465	0.1080569475889206	0.4275636374950409	0.01961611956357956	0.11340729147195816	-0.08493132144212723	0.2888639569282532	0.6582385301589966	-0.29066649079322815	-0.18294231593608856	-0.03186784312129021	-0.17022345960140228	-0.08528628200292587
HIP-body-rh	-0.04725812003016472	0.43578964471817017	1.0	0.3507780432701111	0.13679951429367065	-0.23286625742912292	-0.18041948974132538	-0.438813716173172	-0.34253159165382385	-0.409609854221344	0.32527172565460205	0.08606287837028503	-0.10911285877227783	-0.0733364075422287	0.03553047403693199	0.03688492253422737	0.0007022243225947022	-0.05330689623951912	0.30965641140937805	0.09143832325935364	-0.07085002213716507	-0.06056841090321541	0.28149521350860596	-0.20342007279396057	-0.18864059448242188	-0.04934664070606232	0.3367845416069031	0.3993217647075653	0.5295906066894531	0.15549340844154358	-0.6546178460121155	-0.24153101444244385	-0.0421362929046154	-0.22753940522670746	-0.562771737575531	0.5473997592926025	0.15475496649742126	-0.1365760862827301	-0.1675930917263031	0.24388445913791656	-0.11277751624584198	-0.01691891998052597	-0.23528997600078583	0.05528050661087036	0.29033857583999634	-0.5143388509750366	-0.008527261205017567	0.36467665433883667	-0.18213173747062683	0.3800167739391327
HIP-tail-rh	0.039495669305324554	0.23016001284122467	0.3507780432701111	1.0	-0.10451344400644302	0.05734173208475113	-0.43482542037963867	0.0740131065249443	-0.13534820079803467	-0.03960787132382393	0.07614365220069885	0.03366045653820038	-0.18162333965301514	-0.18757224082946777	-0.10450994223356247	0.00395763898268342	0.02755560539662838	-0.16943110525608063	0.03519683703780174	-0.05078612640500069	-0.020614447072148323	0.08532178401947021	0.3233097791671753	-0.014879768714308739	-0.09703315049409866	0.04203184321522713	0.2133040726184845	0.21324662864208221	0.509975790977478	0.13586896657943726	-0.0905081033706665	0.06743291765451431	0.2329864650964737	0.32747161388397217	-0.2378823310136795	0.00525340810418129	-0.13210517168045044	-0.21191689372062683	-0.2369447499513626	0.1850692182779312	0.286521852016449	-0.008176746778190136	-0.013143767602741718	-0.007074562832713127	-0.06268957257270813	-0.15434984862804413	-0.13822980225086212	-0.02569926716387272	-0.3574201762676239	0.09353917837142944
THA-VPm-rh	-0.007380042225122452	0.05216473340988159	0.13679951429367065	-0.10451344400644302	1.0	0.07179109752178192	0.19416852295398712	0.10603491961956024	-0.059533510357141495	-0.005197430495172739	-0.21131418645381927	-0.13467812538146973	0.06841769814491272	0.0738459900021553	-0.017886333167552948	0.0026672719977796078	-0.001292722998186946	0.053963202983140945	-0.028257107362151146	0.14446024596691132	0.03722317889332771	-0.018645692616701126	0.005891114007681608	-0.03618612140417099	0.11360616236925125	0.38877788186073303	0.07181653380393982	0.15418346226215363	0.2121957540512085	0.16762933135032654	0.21361421048641205	-0.14930613338947296	0.10546097904443741	-0.13779349625110626	0.2147015780210495	-0.20407547056674957	-0.06355080753564835	0.09755310416221619	-0.03402917459607124	-0.03980918973684311	-0.015436862595379353	0.010641603730618954	-0.14710809290409088	-0.09017393738031387	-0.08990062028169632	-0.2698526084423065	-0.18191394209861755	-0.2168116718530655	0.2962406873703003	0.2534848749637604
THA-VPl-rh	0.12578018009662628	-0.20486348867416382	-0.23286625742912292	0.05734173208475113	0.07179109752178192	1.0	0.25027990341186523	0.4714187681674957	-0.06612533330917358	0.13833753764629364	-0.1897222101688385	-0.18956612050533295	-0.27443385124206543	-0.36802294850349426	-0.02840258926153183	-0.1352085918188095	-0.40163829922676086	-0.28716403245925903	-0.01514564361423254	0.2858870327472687	0.538153350353241	0.0025590986479073763	-0.2958128750324249	-0.034842442721128464	0.12369827926158905	0.20112162828445435	-0.1213882714509964	0.10854031145572662	0.0913987010717392	-0.09409788995981216	0.20613351464271545	0.18520382046699524	0.3022971749305725	-0.032538529485464096	0.39913779497146606	-0.40046560764312744	-0.3068203330039978	-0.38701391220092773	-0.49734368920326233	-0.2431393265724182	0.014421764761209488	-0.3241594731807709	-0.15030479431152344	0.1427556723356247	-0.15464121103286743	0.11777546256780624	-0.3461715281009674	0.08331281691789627	0.13827601075172424	0.018493810668587685
THA-VAi-rh	-0.12958788871765137	-0.24535956978797913	-0.18041948974132538	-0.43482542037963867	0.19416852295398712	0.25027990341186523	1.0	0.14104849100112915	0.19800367951393127	0.09218765050172806	-0.18074411153793335	-0.1235460489988327	0.29413631558418274	0.23353219032287598	0.45596691966056824	-0.18205991387367249	-0.012203153222799301	0.2042178064584732	0.07784578949213028	0.11999985575675964	0.1960044652223587	-0.30745890736579895	-0.31005266308784485	0.38546040654182434	0.3392913341522217	-0.10070055723190308	-0.29446643590927124	-0.1932544857263565	-0.13905556499958038	0.12794993817806244	0.18850958347320557	0.14026501774787903	-0.10315912216901779	-0.1442696899175644	0.2803947329521179	-0.18311652541160583	-0.02661440148949623	0.18775665760040283	0.1503540575504303	-0.025965357199311256	-0.34196773171424866	-0.24542425572872162	-0.07691971957683563	0.2472192645072937	0.005091086961328983	0.2392442524433136	-0.1692577749490738	0.12442564219236374	0.6364564299583435	0.11786451935768127
THA-VAs-rh	0.197884663939476	-0.14253567159175873	-0.438813716173172	0.0740131065249443	0.10603491961956024	0.4714187681674957	0.14104849100112915	1.0	0.3984164297580719	0.27489981055259705	-0.29009106755256653	-0.35423946380615234	-0.18624433875083923	-0.14590097963809967	-0.06771991401910782	0.25188228487968445	-0.13299855589866638	0.04779866337776184	-0.37996548414230347	-0.0908651277422905	0.22455789148807526	0.4490721523761749	0.04769646376371384	0.08008543401956558	0.39050909876823425	0.28815147280693054	0.0018205518135800958	-0.21151086688041687	-0.20086480677127838	0.13772329688072205	0.4569787085056305	0.3850518465042114	0.5490528345108032	0.2784367799758911	0.5675515532493591	-0.5376110076904297	-0.43705102801322937	-0.16769622266292572	-0.4379705488681793	0.1525881290435791	0.4313885569572449	-0.18834908306598663	0.1940910369157791	-0.02133212424814701	-0.3776363730430603	0.06742919981479645	-0.14833492040634155	-0.013694386929273605	-0.03685799241065979	0.12004786729812622
THA-DAm-rh	-0.09341186285018921	0.2587377727031708	-0.34253159165382385	-0.13534820079803467	-0.059533510357141495	-0.06612533330917358	0.19800367951393127	0.3984164297580719	1.0	0.643613874912262	-0.06856907904148102	0.04716434329748154	0.24998605251312256	0.3168307840824127	0.017452914267778397	0.2637993097305298	0.5414730310440063	0.48701241612434387	0.06558376550674438	-0.18247045576572418	-0.3117138147354126	0.01961461454629898	0.3446219861507416	0.17950959503650665	0.2312832623720169	-0.16972941160202026	0.03564245626330376	-0.32998842000961304	-0.42457929253578186	0.2991683781147003	0.2796576917171478	0.4888438880443573	0.1473788619041443	0.47749239206314087	0.5312442779541016	-0.23544476926326752	0.15770262479782104	0.38527151942253113	0.24015264213085175	0.3705243766307831	0.4242536425590515	0.1502615362405777	0.4613782465457916	0.059227511286735535	0.007385078817605972	0.33997291326522827	0.11156834661960602	-0.010229410603642464	0.1297951340675354	-0.16456954181194305
THA-DAl-rh	0.023921627551317215	0.08031363785266876	-0.409609854221344	-0.03960787132382393	-0.005197430495172739	0.13833753764629364	0.09218765050172806	0.27489981055259705	0.643613874912262	1.0	-0.07449186593294144	0.30161818861961365	0.5012328624725342	0.3893508315086365	0.11838704347610474	0.09039545804262161	0.4639378786087036	0.3304428160190582	0.09888782352209091	0.018932711333036423	-0.2434917390346527	-0.08388739824295044	0.10724083334207535	0.2175692766904831	0.29781585931777954	-0.18640919029712677	-0.15375223755836487	-0.21230030059814453	-0.4143601357936859	0.1992354542016983	0.33378201723098755	0.15227632224559784	-0.1186777874827385	0.20691439509391785	0.5009046792984009	-0.2759804427623749	0.14240063726902008	0.34155529737472534	0.3135063350200653	0.29273757338523865	0.3928902745246887	-0.054813411086797714	0.3021273910999298	0.2155846208333969	0.05275185406208038	0.3189556300640106	-0.18220894038677216	-0.07760639488697052	0.278180867433548	-0.2613639533519745
PUT-VA-rh	-0.3152669072151184	0.06626314669847488	0.32527172565460205	0.07614365220069885	-0.21131418645381927	-0.1897222101688385	-0.18074411153793335	-0.29009106755256653	-0.06856907904148102	-0.07449186593294144	1.0	0.6160269379615784	0.09442897140979767	0.1324159950017929	0.24527834355831146	0.25243934988975525	0.13150164484977722	0.17023161053657532	0.13346198201179504	-0.22781719267368317	0.03461987525224686	-0.011960076168179512	0.3113967180252075	-0.35162875056266785	-0.3732263445854187	-0.3707693815231323	-0.09275361895561218	0.507240891456604	0.10034799575805664	-0.3670837879180908	-0.6288747191429138	-0.3311753571033478	-0.4445399343967438	-0.13202211260795593	-0.44060853123664856	0.7680683135986328	0.5903152227401733	0.2303556501865387	0.10285253822803497	0.25264665484428406	0.20141293108463287	0.39736977219581604	0.20665407180786133	-0.12406323850154877	0.13896340131759644	-0.15936587750911713	0.17070025205612183	0.5419071316719055	-0.3662160038948059	0.23038950562477112
PUT-DA-rh	-0.45402541756629944	-0.13687388598918915	0.08606287837028503	0.03366045653820038	-0.13467812538146973	-0.18956612050533295	-0.1235460489988327	-0.35423946380615234	0.04716434329748154	0.30161818861961365	0.6160269379615784	1.0	0.6167767643928528	0.5917858481407166	0.14264699816703796	0.0477934293448925	0.524639904499054	0.4951413869857788	0.22576886415481567	-0.18054050207138062	-0.17224887013435364	-0.3830409646034241	0.1324194073677063	0.07148654013872147	-0.3307611346244812	-0.6050148010253906	-0.40751248598098755	0.5118197202682495	0.12278316915035248	-0.5023949146270752	-0.27415311336517334	-0.18335416913032532	-0.517055869102478	-0.24541841447353363	-0.4094182550907135	0.4082466661930084	0.7059547305107117	0.5823608040809631	0.435992032289505	0.142038956284523	0.20673102140426636	0.32507869601249695	0.31408798694610596	-0.08927402645349503	0.01424961257725954	-0.17512302100658417	-0.010789738968014717	0.30535122752189636	0.11971259862184525	0.05447319522500038
PUT-VP-rh	-0.3645174205303192	-0.08498748391866684	-0.10911285877227783	-0.18162333965301514	0.06841769814491272	-0.27443385124206543	0.29413631558418274	-0.18624433875083923	0.24998605251312256	0.5012328624725342	0.09442897140979767	0.6167767643928528	1.0	0.9377061724662781	0.414399117231369	-0.016259515658020973	0.7327901721000671	0.682388424873352	0.12436599284410477	0.0021261374931782484	-0.3474581241607666	-0.49816831946372986	-0.04158622771501541	0.5213609933853149	-0.05979708954691887	-0.4995245337486267	-0.42456239461898804	-0.05863301455974579	-0.16944529116153717	-0.1283184438943863	0.12138389050960541	-0.042903438210487366	-0.45457929372787476	-0.17367878556251526	-0.03771400451660156	0.01788274198770523	0.5949980616569519	0.7532498240470886	0.7160766124725342	0.22220876812934875	0.105193130671978	0.2046554535627365	0.2189500331878662	-0.027203813195228577	0.05396117642521858	0.07593005150556564	-0.2626055181026459	0.0788310095667839	0.5619404911994934	-0.0062662940472364426
PUT-DP-rh	-0.4067304730415344	-0.009011080488562584	-0.0733364075422287	-0.18757224082946777	0.0738459900021553	-0.36802294850349426	0.23353219032287598	-0.14590097963809967	0.3168307840824127	0.3893508315086365	0.1324159950017929	0.5917858481407166	0.9377061724662781	1.0	0.2809867858886719	0.08171838521957397	0.781575083732605	0.7663272023200989	0.12769584357738495	-0.07649108022451401	-0.36449506878852844	-0.46703022718429565	0.06530705094337463	0.4600520133972168	-0.0982934758067131	-0.4894615709781647	-0.3679378926753998	-0.021519742906093597	-0.16661973297595978	-0.19555066525936127	0.06812768429517746	0.029834983870387077	-0.4005889594554901	-0.11705852299928665	-0.09333287179470062	0.08642604202032089	0.6633003950119019	0.80527663230896	0.6940808296203613	0.21064084768295288	0.1878901869058609	0.34917640686035156	0.34689781069755554	-0.11123301833868027	-0.0003938041045330465	0.029136668890714645	-0.09879657626152039	0.12522156536579132	0.4478098750114441	0.07238645106554031
CAU-VA-rh	-0.014822740107774734	-0.03143109753727913	0.03553047403693199	-0.10450994223356247	-0.017886333167552948	-0.02840258926153183	0.45596691966056824	-0.06771991401910782	0.017452914267778397	0.11838704347610474	0.24527834355831146	0.14264699816703796	0.414399117231369	0.2809867858886719	1.0	0.2064962238073349	0.08686932176351547	0.21237759292125702	-0.163294717669487	0.057915929704904556	-0.03628779575228691	-0.22166363894939423	-0.14787955582141876	0.374018132686615	0.02661401592195034	-0.10283158719539642	-0.1552836298942566	-0.25305917859077454	-0.14549316465854645	0.118397556245327	0.07616816461086273	-0.1948968768119812	-0.36518779397010803	-0.14922459423542023	0.06333665549755096	0.09249397367238998	0.17899923026561737	0.0842280238866806	0.21261121332645416	0.36535948514938354	-0.05799059569835663	-0.13118548691272736	-0.18010780215263367	-0.015182432718575	0.12825636565685272	0.19257047772407532	-0.4627283811569214	0.08290278166532516	0.3346586525440216	0.33767253160476685
CAU-DA-rh	-0.12513026595115662	-0.0015024424064904451	0.03688492253422737	0.00395763898268342	0.0026672719977796078	-0.1352085918188095	-0.18205991387367249	0.25188228487968445	0.2637993097305298	0.09039545804262161	0.25243934988975525	0.0477934293448925	-0.016259515658020973	0.08171838521957397	0.2064962238073349	1.0	0.08557801693677902	0.11278172582387924	-0.431185245513916	-0.15689091384410858	-0.037674978375434875	0.3693076968193054	0.5518372654914856	-0.12541642785072327	0.0256466306746006	-0.09417692571878433	-0.08633376657962799	-0.06326818466186523	-0.06071597710251808	-0.036728132516145706	-0.0633455365896225	0.021414123475551605	0.20097598433494568	0.18340745568275452	0.15132975578308105	0.14339911937713623	0.1430579423904419	-0.16154535114765167	-0.18525169789791107	0.3734298646450043	0.6291854381561279	0.22239845991134644	0.2805032730102539	-0.3454844355583191	-0.22359086573123932	0.2235945612192154	0.2206868976354599	0.21985529363155365	-0.3147996664047241	0.22437961399555206
CAU-body-rh	-0.31515029072761536	0.32637259364128113	0.0007022243225947022	0.02755560539662838	-0.001292722998186946	-0.40163829922676086	-0.012203153222799301	-0.13299855589866638	0.5414730310440063	0.4639378786087036	0.13150164484977722	0.524639904499054	0.7327901721000671	0.781575083732605	0.08686932176351547	0.08557801693677902	1.0	0.7471871376037598	0.2553299069404602	-0.18207187950611115	-0.601290225982666	-0.30641797184944153	0.2637409567832947	0.3534843921661377	-0.13723115622997284	-0.4275514483451843	-0.01859576255083084	-0.134062260389328	-0.17863287031650543	0.04753085970878601	0.04414769262075424	0.2253536731004715	-0.17246544361114502	0.14523448050022125	-0.0334891602396965	0.03244777396321297	0.6459829807281494	0.8297325968742371	0.6432323455810547	0.3421781659126282	0.299273282289505	0.43814441561698914	0.3458704352378845	-0.027203084900975227	0.16423849761486053	-0.009186994284391403	-0.039849311113357544	0.1341675966978073	0.22432857751846313	-0.16435296833515167
CAU-tail-rh	-0.34280118346214294	0.11123858392238617	-0.05330689623951912	-0.16943110525608063	0.053963202983140945	-0.28716403245925903	0.2042178064584732	0.04779866337776184	0.48701241612434387	0.3304428160190582	0.17023161053657532	0.4951413869857788	0.682388424873352	0.7663272023200989	0.21237759292125702	0.11278172582387924	0.7471871376037598	1.0	-0.02151530049741268	-0.3187748193740845	-0.3393385112285614	-0.33445608615875244	0.20748355984687805	0.4381903409957886	-0.10787176340818405	-0.36504071950912476	-0.09484398365020752	-0.07736404240131378	-0.1481139063835144	-0.1347641944885254	0.15475061535835266	0.1760382503271103	-0.108426034450531	-0.13516049087047577	-0.020972786471247673	0.1429363340139389	0.6519634127616882	0.736931324005127	0.5563207268714905	0.10387586057186127	0.21519477665424347	0.19219480454921722	0.3914368152618408	-0.2768320143222809	-0.05987384542822838	-0.12769339978694916	0.017963463440537453	0.18797823786735535	0.2997933328151703	0.23012924194335938
lAMY-rh	0.058152612298727036	0.48747482895851135	0.30965641140937805	0.03519683703780174	-0.028257107362151146	-0.01514564361423254	0.07784578949213028	-0.37996548414230347	0.06558376550674438	0.09888782352209091	0.13346198201179504	0.22576886415481567	0.12436599284410477	0.12769584357738495	-0.163294717669487	-0.431185245513916	0.2553299069404602	-0.02151530049741268	1.0	0.379692941904068	-0.10384274274110794	-0.41082707047462463	-0.0772087350487709	-0.1732601821422577	-0.05415191128849983	-0.1459648609161377	0.17522244155406952	0.2755146622657776	0.04403932765126228	-0.03312114253640175	-0.4609825015068054	0.23515169322490692	-0.40178123116493225	-0.05495626851916313	-0.27279481291770935	0.20217734575271606	0.21609507501125336	0.2323218733072281	0.15915848314762115	0.18107883632183075	-0.2926521599292755	0.06029708683490753	-0.10262750834226608	0.6567243337631226	0.578446626663208	-0.1554664671421051	-0.10080253332853317	0.2677015960216522	0.1890074759721756	-0.1667483001947403
mAMY-rh	0.19761128723621368	0.20278772711753845	0.09143832325935364	-0.05078612640500069	0.14446024596691132	0.2858870327472687	0.11999985575675964	-0.0908651277422905	-0.18247045576572418	0.018932711333036423	-0.22781719267368317	-0.18054050207138062	0.0021261374931782484	-0.07649108022451401	0.057915929704904556	-0.15689091384410858	-0.18207187950611115	-0.3187748193740845	0.379692941904068	1.0	-0.0454951748251915	-0.04827925190329552	-0.3491690754890442	-0.17245006561279297	-0.0473635271191597	0.2894533574581146	0.12347941100597382	-0.08550548553466797	-0.10222852230072021	0.1959906816482544	-0.19821959733963013	0.10132811218500137	-0.08046290278434753	0.07344716787338257	-0.030617648735642433	-0.07433950155973434	-0.1599631905555725	-0.2086293250322342	0.02262967638671398	0.1030389741063118	-0.11986567825078964	-0.03708154335618019	0.03545987606048584	0.3883731961250305	0.5309128761291504	0.13691820204257965	-0.5297520160675049	-0.11688341200351715	0.15168438851833344	-0.24729400873184204
THA-DP-rh	-0.1466919332742691	-0.4803803563117981	-0.07085002213716507	-0.020614447072148323	0.03722317889332771	0.538153350353241	0.1960044652223587	0.22455789148807526	-0.3117138147354126	-0.2434917390346527	0.03461987525224686	-0.17224887013435364	-0.3474581241607666	-0.36449506878852844	-0.03628779575228691	-0.037674978375434875	-0.601290225982666	-0.3393385112285614	-0.10384274274110794	-0.0454951748251915	1.0	-0.0239470936357975	-0.09524290263652802	-0.2530904710292816	0.01226735394448042	-0.13350912928581238	-0.4516122341156006	0.32992419600486755	0.3007165193557739	-0.4884586036205292	0.029502252116799355	-0.1465538740158081	0.01181272603571415	-0.3872604966163635	0.17754371464252472	-0.06795104593038559	-0.23421546816825867	-0.45687124133110046	-0.5982943773269653	-0.36595508456230164	-0.21218720078468323	-0.35136112570762634	-0.2960267663002014	-0.10187531262636185	-0.4930507242679596	0.11460468918085098	0.13869890570640564	0.3522532880306244	0.12644903361797333	0.4046170711517334
NAc-shell-rh	0.3429635763168335	0.0687142089009285	-0.06056841090321541	0.08532178401947021	-0.018645692616701126	0.0025590986479073763	-0.30745890736579895	0.4490721523761749	0.01961461454629898	-0.08388739824295044	-0.011960076168179512	-0.3830409646034241	-0.49816831946372986	-0.46703022718429565	-0.22166363894939423	0.3693076968193054	-0.30641797184944153	-0.33445608615875244	-0.41082707047462463	-0.04827925190329552	-0.0239470936357975	1.0	0.11315961182117462	-0.361924946308136	0.1439438760280609	0.4656102955341339	0.34443679451942444	-0.22844797372817993	-0.14776712656021118	0.2995944023132324	0.019520947709679604	-0.05193502828478813	0.4228450357913971	0.28883516788482666	0.11064893752336502	-0.023336760699748993	-0.421342670917511	-0.3282485902309418	-0.4173528552055359	0.16203348338603973	0.26591548323631287	0.051687031984329224	0.10663172602653503	-0.11572548002004623	-0.004005416762083769	-0.06556399166584015	0.1328345239162445	-0.09421605616807938	-0.48425570130348206	-0.1833752542734146
NAc-core-rh	-0.3269116282463074	0.22020716965198517	0.28149521350860596	0.3233097791671753	0.005891114007681608	-0.2958128750324249	-0.31005266308784485	0.04769646376371384	0.3446219861507416	0.10724083334207535	0.3113967180252075	0.1324194073677063	-0.04158622771501541	0.06530705094337463	-0.14787955582141876	0.5518372654914856	0.2637409567832947	0.20748355984687805	-0.0772087350487709	-0.3491690754890442	-0.09524290263652802	0.11315961182117462	1.0	-0.09913290292024612	-0.11828375607728958	-0.3235173225402832	0.003153481986373663	0.20396359264850616	0.3449995815753937	0.0321815088391304	-0.2537578344345093	0.14120136201381683	0.2904271185398102	0.32114797830581665	-0.05108910799026489	0.2732287645339966	0.21411167085170746	0.03778259828686714	-0.06047450751066208	0.3851166367530823	0.5700849890708923	0.24257934093475342	0.2696153521537781	-0.2725560665130615	-0.23011429607868195	0.00462240818887949	0.4453856647014618	0.2943703532218933	-0.3830828368663788	0.20407383143901825
pGP-rh	0.0618409626185894	-0.11458993703126907	-0.20342007279396057	-0.014879768714308739	-0.03618612140417099	-0.034842442721128464	0.38546040654182434	0.08008543401956558	0.17950959503650665	0.2175692766904831	-0.35162875056266785	0.07148654013872147	0.5213609933853149	0.4600520133972168	0.374018132686615	-0.12541642785072327	0.3534843921661377	0.4381903409957886	-0.1732601821422577	-0.17245006561279297	-0.2530904710292816	-0.361924946308136	-0.09913290292024612	1.0	-0.00955300871282816	-0.10371243208646774	-0.18342965841293335	-0.3009321093559265	-0.08943154662847519	0.1315850168466568	0.5104106664657593	0.22268469631671906	0.09277825802564621	-0.08726725727319717	0.14731381833553314	-0.4188287854194641	-0.003080426249653101	0.34529560804367065	0.32706791162490845	0.03844446688890457	-0.037859346717596054	-0.32509610056877136	-0.21337413787841797	0.03138323873281479	-0.1706160604953766	0.019597897306084633	-0.337423712015152	-0.2379712611436844	0.5057938694953918	0.1010897159576416
aGP-rh	0.2130560576915741	-0.12404356896877289	-0.18864059448242188	-0.09703315049409866	0.11360616236925125	0.12369827926158905	0.3392913341522217	0.39050909876823425	0.2312832623720169	0.29781585931777954	-0.3732263445854187	-0.3307611346244812	-0.05979708954691887	-0.0982934758067131	0.02661401592195034	0.0256466306746006	-0.13723115622997284	-0.10787176340818405	-0.05415191128849983	-0.0473635271191597	0.01226735394448042	0.1439438760280609	-0.11828375607728958	-0.00955300871282816	1.0	0.19160422682762146	0.06607562303543091	-0.33112263679504395	-0.2408754974603653	0.3623580038547516	0.207636296749115	0.16936305165290833	0.18392233550548553	0.19194401800632477	0.3812021315097809	-0.19071145355701447	-0.3393036127090454	-0.22816705703735352	-0.09970426559448242	-0.0052381232380867004	-0.05870677903294563	-0.23184512555599213	0.10679525882005692	0.2113509178161621	0.05395004525780678	0.23186664283275604	0.14952266216278076	-0.15767960250377655	0.0291132852435112	-0.10286786407232285
HIP-head-m-lh	0.7459790110588074	0.3183009922504425	-0.04934664070606232	0.04203184321522713	0.38877788186073303	0.20112162828445435	-0.10070055723190308	0.28815147280693054	-0.16972941160202026	-0.18640919029712677	-0.3707693815231323	-0.6050148010253906	-0.4995245337486267	-0.4894615709781647	-0.10283158719539642	-0.09417692571878433	-0.4275514483451843	-0.36504071950912476	-0.1459648609161377	0.2894533574581146	-0.13350912928581238	0.4656102955341339	-0.3235173225402832	-0.10371243208646774	0.19160422682762146	1.0	0.6541826128959656	-0.2586063742637634	-0.1563469022512436	0.453233540058136	0.24638794362545013	0.0055815065279603004	0.3034915030002594	0.13157600164413452	0.14202988147735596	-0.25594058632850647	-0.5611171722412109	-0.38506728410720825	-0.287315309047699	-0.11619485914707184	-0.09179697185754776	-0.17768867313861847	-0.20583632588386536	0.10613889992237091	0.24095109105110168	-0.25936955213546753	-0.3017703592777252	-0.5825825333595276	-0.21234185993671417	-0.0691479817032814
HIP-head-l-l	0.6023735404014587	0.7883437871932983	0.3367845416069031	0.2133040726184845	0.07181653380393982	-0.1213882714509964	-0.29446643590927124	0.0018205518135800958	0.03564245626330376	-0.15375223755836487	-0.09275361895561218	-0.40751248598098755	-0.42456239461898804	-0.3679378926753998	-0.1552836298942566	-0.08633376657962799	-0.01859576255083084	-0.09484398365020752	0.17522244155406952	0.12347941100597382	-0.4516122341156006	0.34443679451942444	0.003153481986373663	-0.18342965841293335	0.06607562303543091	0.6541826128959656	1.0	-0.2902017831802368	-0.10767907649278641	0.5899673104286194	-0.08843075484037399	0.17038770020008087	0.2218199372291565	0.2393442541360855	-0.17267334461212158	0.13754065334796906	-0.22002987563610077	-0.17508718371391296	-0.07356341928243637	0.10756129026412964	-0.0938674807548523	-0.05490531772375107	-0.08629544824361801	0.1765911877155304	0.5772855281829834	-0.3232385218143463	-0.11378937214612961	-0.24687670171260834	-0.39608460664749146	-0.1277502477169037
HIP-body-l	-0.2513673007488251	-0.14622114598751068	0.3993217647075653	0.21324662864208221	0.15418346226215363	0.10854031145572662	-0.1932544857263565	-0.21151086688041687	-0.32998842000961304	-0.21230030059814453	0.507240891456604	0.5118197202682495	-0.05863301455974579	-0.021519742906093597	-0.25305917859077454	-0.06326818466186523	-0.134062260389328	-0.07736404240131378	0.2755146622657776	-0.08550548553466797	0.32992419600486755	-0.22844797372817993	0.20396359264850616	-0.3009321093559265	-0.33112263679504395	-0.2586063742637634	-0.2902017831802368	1.0	0.49254193902015686	-0.49182409048080444	-0.4928244352340698	-0.20289041101932526	-0.18200594186782837	-0.33143290877342224	-0.41671866178512573	0.3263496458530426	0.22706978023052216	0.02998528443276882	-0.18456050753593445	0.012527970597147942	0.0729842558503151	0.12215773016214371	-0.056826040148735046	0.038241468369960785	-0.17217344045639038	-0.4973272383213043	0.09655086696147919	0.3758462369441986	-0.10704438388347626	0.2939991056919098
HIP-tail-lh	-0.3438017964363098	-0.08315618336200714	0.5295906066894531	0.509975790977478	0.2121957540512085	0.0913987010717392	-0.13905556499958038	-0.20086480677127838	-0.42457929253578186	-0.4143601357936859	0.10034799575805664	0.12278316915035248	-0.16944529116153717	-0.16661973297595978	-0.14549316465854645	-0.06071597710251808	-0.17863287031650543	-0.1481139063835144	0.04403932765126228	-0.10222852230072021	0.3007165193557739	-0.14776712656021118	0.3449995815753937	-0.08943154662847519	-0.2408754974603653	-0.1563469022512436	-0.10767907649278641	0.49254193902015686	1.0	-0.2127625048160553	-0.2385578155517578	-0.15973997116088867	0.1340644210577011	-0.11362341046333313	-0.44199338555336	0.1873658299446106	-0.06322890520095825	-0.23236756026744843	-0.34940358996391296	-0.1292925626039505	-0.061726223677396774	-0.06783927232027054	-0.19569861888885498	-0.24896065890789032	-0.2845365107059479	-0.315409392118454	0.07868660986423492	0.13618716597557068	-0.038283683359622955	0.3540267050266266
THA-VPm-lh	0.4161396920681	0.4932936131954193	0.15549340844154358	0.13586896657943726	0.16762933135032654	-0.09409788995981216	0.12794993817806244	0.13772329688072205	0.2991683781147003	0.1992354542016983	-0.3670837879180908	-0.5023949146270752	-0.1283184438943863	-0.19555066525936127	0.118397556245327	-0.036728132516145706	0.04753085970878601	-0.1347641944885254	-0.03312114253640175	0.1959906816482544	-0.4884586036205292	0.2995944023132324	0.0321815088391304	0.1315850168466568	0.3623580038547516	0.453233540058136	0.5899673104286194	-0.49182409048080444	-0.2127625048160553	1.0	0.1780528724193573	0.10416358709335327	0.2903731167316437	0.41388142108917236	0.2613224387168884	-0.23185060918331146	-0.4086368680000305	-0.08506228029727936	0.0608329102396965	0.3543701767921448	0.04468825086951256	-0.17397856712341309	-0.04334616661071777	0.23497998714447021	0.3976008892059326	0.03729182109236717	-0.26731017231941223	-0.3930948078632355	-0.056734178215265274	-0.2804926633834839
THA-VPl-lh	0.14824774861335754	-0.2423282116651535	-0.6546178460121155	-0.0905081033706665	0.21361421048641205	0.20613351464271545	0.18850958347320557	0.4569787085056305	0.2796576917171478	0.33378201723098755	-0.6288747191429138	-0.27415311336517334	0.12138389050960541	0.06812768429517746	0.07616816461086273	-0.0633455365896225	0.04414769262075424	0.15475061535835266	-0.4609825015068054	-0.19821959733963013	0.029502252116799355	0.019520947709679604	-0.2537578344345093	0.5104106664657593	0.207636296749115	0.24638794362545013	-0.08843075484037399	-0.4928244352340698	-0.2385578155517578	0.1780528724193573	1.0	0.18093091249465942	0.24700215458869934	0.0830615758895874	0.6209874749183655	-0.7533339858055115	-0.3514151871204376	0.059455905109643936	0.04155685007572174	-0.2680537700653076	0.018999023362994194	-0.3601172864437103	-0.09254921972751617	-0.2043362706899643	-0.40530627965927124	0.2822147607803345	-0.22822654247283936	-0.5731819868087769	0.4010787904262543	-0.03519962355494499
THA-VAi-lh	0.09175723791122437	0.2218194603919983	-0.24153101444244385	0.06743291765451431	-0.14930613338947296	0.18520382046699524	0.14026501774787903	0.3850518465042114	0.4888438880443573	0.15227632224559784	-0.3311753571033478	-0.18335416913032532	-0.042903438210487366	0.029834983870387077	-0.1948968768119812	0.021414123475551605	0.2253536731004715	0.1760382503271103	0.23515169322490692	0.10132811218500137	-0.1465538740158081	-0.05193502828478813	0.14120136201381683	0.22268469631671906	0.16936305165290833	0.0055815065279603004	0.17038770020008087	-0.20289041101932526	-0.15973997116088867	0.10416358709335327	0.18093091249465942	1.0	0.48702311515808105	0.5286900401115417	0.1880495697259903	-0.36697593331336975	-0.08926869928836823	0.0389910563826561	0.06257423758506775	0.1344650834798813	0.09867528080940247	0.036040861159563065	0.20066215097904205	0.3402680456638336	0.10581575334072113	0.15899883210659027	0.0016625698190182447	-0.009209842421114445	0.10275302827358246	-0.2170248180627823
THA-VAs-lh	0.08295191824436188	-0.03394056856632233	-0.0421362929046154	0.2329864650964737	0.10546097904443741	0.3022971749305725	-0.10315912216901779	0.5490528345108032	0.1473788619041443	-0.1186777874827385	-0.4445399343967438	-0.517055869102478	-0.45457929372787476	-0.4005889594554901	-0.36518779397010803	0.20097598433494568	-0.17246544361114502	-0.108426034450531	-0.40178123116493225	-0.08046290278434753	0.01181272603571415	0.4228450357913971	0.2904271185398102	0.09277825802564621	0.18392233550548553	0.3034915030002594	0.2218199372291565	-0.18200594186782837	0.1340644210577011	0.2903731167316437	0.24700215458869934	0.48702311515808105	1.0	0.4463687539100647	0.3247756063938141	-0.4220965802669525	-0.4354129731655121	-0.3556341826915741	-0.39088648557662964	-0.07751736789941788	0.28953516483306885	-0.09746342897415161	0.0793287456035614	-0.14573079347610474	-0.30200812220573425	-0.02278664894402027	0.11582733690738678	-0.11900884658098221	-0.25967079401016235	-0.03490027040243149
THA-DAm-lh	-0.031122546643018723	0.22332344949245453	-0.22753940522670746	0.32747161388397217	-0.13779349625110626	-0.032538529485464096	-0.1442696899175644	0.2784367799758911	0.47749239206314087	0.20691439509391785	-0.13202211260795593	-0.24541841447353363	-0.17367878556251526	-0.11705852299928665	-0.14922459423542023	0.18340745568275452	0.14523448050022125	-0.13516049087047577	-0.05495626851916313	0.07344716787338257	-0.3872604966163635	0.28883516788482666	0.32114797830581665	-0.08726725727319717	0.19194401800632477	0.13157600164413452	0.2393442541360855	-0.33143290877342224	-0.11362341046333313	0.41388142108917236	0.0830615758895874	0.5286900401115417	0.4463687539100647	1.0	0.2312639355659485	-0.20264552533626556	-0.148575097322464	-0.05891774222254753	0.10311771929264069	0.26804319024086	0.4053741991519928	0.40096306800842285	0.46232977509498596	0.058857355266809464	0.12102215737104416	0.42039254307746887	0.09249327331781387	-0.30123838782310486	-0.34869563579559326	-0.422573983669281
THA-DAl-lh	0.059410061687231064	-0.1609172374010086	-0.562771737575531	-0.2378823310136795	0.2147015780210495	0.39913779497146606	0.2803947329521179	0.5675515532493591	0.5312442779541016	0.5009046792984009	-0.44060853123664856	-0.4094182550907135	-0.03771400451660156	-0.09333287179470062	0.06333665549755096	0.15132975578308105	-0.0334891602396965	-0.020972786471247673	-0.27279481291770935	-0.030617648735642433	0.17754371464252472	0.11064893752336502	-0.05108910799026489	0.14731381833553314	0.3812021315097809	0.14202988147735596	-0.17267334461212158	-0.41671866178512573	-0.44199338555336	0.2613224387168884	0.6209874749183655	0.1880495697259903	0.3247756063938141	0.2312639355659485	1.0	-0.6575226187705994	-0.2564058303833008	-0.09998709708452225	-0.1478964388370514	0.005045024678111076	0.2230728268623352	-0.2237212359905243	-0.033078473061323166	-0.011980258859694004	-0.30562111735343933	0.4949262738227844	-0.06764347851276398	-0.19124692678451538	0.24372227489948273	-0.04475308582186699
PUT-VA-lh	-0.24560244381427765	0.19097156822681427	0.5473997592926025	0.00525340810418129	-0.20407547056674957	-0.40046560764312744	-0.18311652541160583	-0.5376110076904297	-0.23544476926326752	-0.2759804427623749	0.7680683135986328	0.4082466661930084	0.01788274198770523	0.08642604202032089	0.09249397367238998	0.14339911937713623	0.03244777396321297	0.1429363340139389	0.20217734575271606	-0.07433950155973434	-0.06795104593038559	-0.023336760699748993	0.2732287645339966	-0.4188287854194641	-0.19071145355701447	-0.25594058632850647	0.13754065334796906	0.3263496458530426	0.1873658299446106	-0.23185060918331146	-0.7533339858055115	-0.36697593331336975	-0.4220965802669525	-0.20264552533626556	-0.6575226187705994	1.0	0.5413299798965454	0.07125464081764221	0.19357644021511078	0.027583925053477287	-0.08477382361888885	0.3093593716621399	0.22974075376987457	-0.18548139929771423	0.36257773637771606	-0.18441735208034515	0.36898133158683777	0.4023347496986389	-0.40966036915779114	0.18606984615325928
PUT-DA-l	-0.5320964455604553	0.0960751473903656	0.15475496649742126	-0.13210517168045044	-0.06355080753564835	-0.3068203330039978	-0.02661440148949623	-0.43705102801322937	0.15770262479782104	0.14240063726902008	0.5903152227401733	0.7059547305107117	0.5949980616569519	0.6633003950119019	0.17899923026561737	0.1430579423904419	0.6459829807281494	0.6519634127616882	0.21609507501125336	-0.1599631905555725	-0.23421546816825867	-0.421342670917511	0.21411167085170746	-0.003080426249653101	-0.3393036127090454	-0.5611171722412109	-0.22002987563610077	0.22706978023052216	-0.06322890520095825	-0.4086368680000305	-0.3514151871204376	-0.08926869928836823	-0.4354129731655121	-0.148575097322464	-0.2564058303833008	0.5413299798965454	1.0	0.6357327699661255	0.6049572229385376	0.06543999165296555	0.1304033100605011	0.5658755898475647	0.3343065679073334	-0.25302574038505554	0.14403092861175537	-0.0023271359968930483	0.19689293205738068	0.4098067581653595	0.04899623990058899	0.0837884172797203
PUT-VP-lh	-0.3551879823207855	0.09900956600904465	-0.1365760862827301	-0.21191689372062683	0.09755310416221619	-0.38701391220092773	0.18775665760040283	-0.16769622266292572	0.38527151942253113	0.34155529737472534	0.2303556501865387	0.5823608040809631	0.7532498240470886	0.80527663230896	0.0842280238866806	-0.16154535114765167	0.8297325968742371	0.736931324005127	0.2323218733072281	-0.2086293250322342	-0.45687124133110046	-0.3282485902309418	0.03778259828686714	0.34529560804367065	-0.22816705703735352	-0.38506728410720825	-0.17508718371391296	0.02998528443276882	-0.23236756026744843	-0.08506228029727936	0.059455905109643936	0.0389910563826561	-0.3556341826915741	-0.05891774222254753	-0.09998709708452225	0.07125464081764221	0.6357327699661255	1.0	0.7340830564498901	0.18177348375320435	0.12024085223674774	0.4430341124534607	0.32806894183158875	-0.027557004243135452	0.08741409331560135	-0.11172287911176682	-0.036650944501161575	0.1129702553153038	0.34213969111442566	-0.1437825709581375
PUT-DP-lh	-0.2352401316165924	0.1080569475889206	-0.1675930917263031	-0.2369447499513626	-0.03402917459607124	-0.49734368920326233	0.1503540575504303	-0.4379705488681793	0.24015264213085175	0.3135063350200653	0.10285253822803497	0.435992032289505	0.7160766124725342	0.6940808296203613	0.21261121332645416	-0.18525169789791107	0.6432323455810547	0.5563207268714905	0.15915848314762115	0.02262967638671398	-0.5982943773269653	-0.4173528552055359	-0.06047450751066208	0.32706791162490845	-0.09970426559448242	-0.287315309047699	-0.07356341928243637	-0.18456050753593445	-0.34940358996391296	0.0608329102396965	0.04155685007572174	0.06257423758506775	-0.39088648557662964	0.10311771929264069	-0.1478964388370514	0.19357644021511078	0.6049572229385376	0.7340830564498901	1.0	0.0539969727396965	-0.10750645399093628	0.4379081726074219	0.3309471309185028	-0.03740476816892624	0.3641633093357086	0.13897272944450378	0.006033745128661394	-0.20469647645950317	0.2710966467857361	-0.3378616273403168
