Node	DMN_LABEL_1	Vis_LABEL_2	FP_LABEL_3	Aud_LABEL_4	Tpole_LABEL_5	PMN_LABEL_6	PON_LABEL_7	MTL_LABEL_8	PON_LABEL_9	CO_LABEL_10	Sal_LABEL_11	CO_LABEL_12	SMd_LABEL_13	SMl_LABEL_14	DAN_LABEL_15	DMN_LABEL_16	CO_LABEL_17	DMN_LABEL_18	VAN_LABEL_19	CO_LABEL_20	CO_LABEL_21	Sal_LABEL_22	DAN_LABEL_23	PMN_LABEL_24	DAN_LABEL_25	DMN_LABEL_26	DMN_LABEL_27	DMN_LABEL_28	Vis_LABEL_29	FP_LABEL_30	Aud_LABEL_31	Tpole_LABEL_32	PMN_LABEL_33	PON_LABEL_34	MTL_LABEL_35	CO_LABEL_36	Sal_LABEL_37	CO_LABEL_38	SMd_LABEL_39	SMl_LABEL_40	DAN_LABEL_41	CO_LABEL_42	VAN_LABEL_43	CO_LABEL_44	CO_LABEL_45	Sal_LABEL_46	DAN_LABEL_47	PMN_LABEL_48	DAN_LABEL_49	DMN_LABEL_50	FP_LABEL_51	DMN_LABEL_52	DMN_LABEL_53	PON_LABEL_54	DMN_LABEL_55	Tpole_LABEL_56	Tpole_LABEL_57	Sal_LABEL_58	Sal_LABEL_59	SMd_LABEL_60	DAN_LABEL_61	FP_LABEL_62	DMN_LABEL_63	FP_LABEL_64	FP_LABEL_65	SMd_LABEL_66	SMl_LABEL_67	SMd_LABEL_68	DMN_LABEL_69	DAN_LABEL_70	DMN_LABEL_71	FP_LABEL_72	SMd_LABEL_73	SMl_LABEL_74	MTL_LABEL_75	MTL_LABEL_76	CO_LABEL_77	CO_LABEL_78	Vis_LABEL_79	Vis_LABEL_80
DMN_LABEL_1	1.0	-0.43842813372612	-0.42033395171165466	-0.5308695435523987	0.4036998152732849	0.3834789991378784	0.5859139561653137	n/a	0.3579258620738983	-0.6358532905578613	0.22517210245132446	-0.6155045628547668	-0.3979220986366272	-0.35407212376594543	-0.4294087588787079	0.8360761404037476	-0.7445685863494873	0.7191683650016785	0.5092725157737732	-0.3772203028202057	-0.696321427822113	0.04979420453310013	-0.23957021534442902	0.6935973763465881	-0.34085339307785034	0.6559616923332214	0.6411154270172119	0.8136324882507324	-0.3760160505771637	-0.4227839708328247	-0.2115703821182251	0.39521324634552	0.2989206612110138	0.4247545599937439	n/a	-0.6152958273887634	-0.15102598071098328	-0.7437095046043396	-0.4773797392845154	-0.12561768293380737	-0.5861432552337646	-0.7577036023139954	0.5540415644645691	-0.6454819440841675	-0.6687496304512024	-0.28386539220809937	-0.4032447040081024	0.22286410629749298	-0.3609539270401001	0.6308940649032593	0.07387632131576538	0.5643252730369568	0.529635488986969	0.17437288165092468	0.7184088826179504	-0.017624003812670708	-0.22505253553390503	-0.11415587365627289	-0.2429364025592804	-0.4043677747249603	-0.16922622919082642	-0.11918006837368011	0.37040412425994873	-0.1787486970424652	0.19208061695098877	-0.2302602231502533	-0.23185375332832336	-0.06579755991697311	0.621353805065155	-0.18272560834884644	0.5895243287086487	0.39502963423728943	-0.0219219122081995	-0.0337105430662632	0.08003643900156021	0.12200327217578888	0.037828098982572556	-0.2231762856245041	-0.016750680282711983	0.26942887902259827
Vis_LABEL_2	-0.43842813372612	1.0	0.10161910206079483	0.3741852045059204	-0.05355740711092949	-0.19384263455867767	-0.06819315999746323	n/a	0.20324388146400452	0.4203646183013916	-0.279337614774704	0.24490365386009216	0.2607284486293793	0.17780037224292755	0.26554423570632935	-0.6844810843467712	0.3098152279853821	-0.6469729542732239	-0.5521414279937744	0.38323867321014404	0.36194008588790894	-0.011306686326861382	-0.021055569872260094	-0.25973978638648987	0.4936194121837616	-0.31293681263923645	-0.3870271146297455	-0.647294282913208	0.8630943298339844	0.06199102848768234	0.3477950394153595	-0.07999260723590851	-0.06871122121810913	0.13810387253761292	n/a	0.40957531332969666	0.008480781689286232	0.3187463879585266	0.16773180663585663	0.029705911874771118	0.543349027633667	0.32761090993881226	-0.3075374364852905	0.39179757237434387	0.3908790647983551	0.09385037422180176	0.09649459272623062	-0.002315673278644681	0.25276416540145874	-0.5849631428718567	0.26464715600013733	-0.5404645800590515	-0.5939096808433533	0.25895601511001587	-0.4164046049118042	0.2168055921792984	0.22986900806427002	-0.19788210093975067	-0.1339356005191803	0.24995656311511993	0.01875472627580166	-0.08884891867637634	-0.4304720461368561	-0.37335118651390076	0.02958717755973339	0.2675046920776367	0.030769607052206993	0.050534676760435104	-0.42511290311813354	-0.1447102129459381	-0.557872474193573	-0.2841307818889618	0.07647382467985153	0.06814702600240707	0.14378981292247772	0.2043341100215912	0.014957467094063759	0.13890321552753448	0.4099974036216736	0.3802613914012909
FP_LABEL_3	-0.42033395171165466	0.10161910206079483	1.0	0.20605230331420898	-0.2534342110157013	-0.015117049217224121	-0.23289592564105988	n/a	-0.38500088453292847	0.1576928049325943	0.017045140266418457	0.2643730342388153	0.35070279240608215	0.2124401032924652	0.3249446451663971	-0.30630239844322205	0.5097009539604187	-0.39099109172821045	-0.260101318359375	0.14865146577358246	0.2828908860683441	0.07251636683940887	0.2504652440547943	-0.18655206263065338	0.33224132657051086	-0.45408251881599426	-0.4012349545955658	-0.27651262283325195	-0.1000044122338295	0.6784444451332092	0.11562781035900116	-0.43749934434890747	0.014032094739377499	-0.16121946275234222	n/a	0.18321646749973297	0.11981372535228729	0.2689574956893921	0.28859928250312805	0.1393723040819168	0.36544328927993774	0.4869776964187622	-0.4498639404773712	0.5707852244377136	0.2396165281534195	0.13953909277915955	0.21844695508480072	0.06951497495174408	0.22747987508773804	-0.32282960414886475	0.023734761402010918	-0.4174513816833496	-0.4685365855693817	-0.3132632076740265	-0.4782666862010956	0.00549151049926877	-0.07036039978265762	-0.1777878999710083	0.014394858852028847	0.264310747385025	0.22310157120227814	0.24581578373908997	-0.42508962750434875	0.22184093296527863	-0.05253688246011734	0.4310000240802765	0.2171793431043625	0.3105514347553253	-0.22334928810596466	-0.15026648342609406	-0.36487051844596863	-0.1316044181585312	-0.278499037027359	-0.038292303681373596	0.22561901807785034	0.17690560221672058	-0.2739478349685669	-0.08329707384109497	0.11356857419013977	-0.11525414139032364
Aud_LABEL_4	-0.5308695435523987	0.3741852045059204	0.20605230331420898	1.0	-0.34765100479125977	-0.26906976103782654	-0.1926022320985794	n/a	-0.08843754231929779	0.4682268798351288	-0.20047737658023834	0.44810184836387634	0.3436760902404785	-0.01687697507441044	0.15681762993335724	-0.5921067595481873	0.5673003196716309	-0.5486607551574707	-0.569848895072937	0.42960649728775024	0.539366602897644	-0.2181522697210312	-0.08929461240768433	-0.4975106120109558	0.24101626873016357	-0.3687365651130676	-0.3091984689235687	-0.5754565596580505	0.37153488397598267	0.2637752890586853	0.7207267880439758	-0.13350333273410797	-0.2910928726196289	-0.11717581003904343	n/a	0.33225876092910767	0.021131131798028946	0.48950517177581787	0.418140709400177	-0.15620191395282745	0.32576999068260193	0.4648427665233612	-0.4812345802783966	0.4599691927433014	0.5093953013420105	0.08883517235517502	0.12751302123069763	-0.23998068273067474	0.19449380040168762	-0.4872972071170807	-0.058681778609752655	-0.32196518778800964	-0.39250311255455017	0.06195375695824623	-0.49952539801597595	0.17546895146369934	0.11290273815393448	-0.11503192782402039	0.19898000359535217	0.13066232204437256	-0.15927642583847046	0.15228590369224548	-0.4169025719165802	0.07679987698793411	0.0391731858253479	0.33029285073280334	0.03673199564218521	0.0027511732187122107	-0.5999624133110046	-0.08706460148096085	-0.518421471118927	-0.195863738656044	0.17577384412288666	0.05292046442627907	-0.06464706361293793	0.047375015914440155	0.348926842212677	0.4971514046192169	0.07758215814828873	-0.1300749033689499
Tpole_LABEL_5	0.4036998152732849	-0.05355740711092949	-0.2534342110157013	-0.34765100479125977	1.0	0.09555695205926895	0.07913212478160858	n/a	0.07871886342763901	-0.18756267428398132	0.13764625787734985	-0.20619897544384003	-0.032948173582553864	-0.28966137766838074	0.21613536775112152	0.25109583139419556	-0.2814885675907135	0.25116923451423645	0.49349018931388855	-0.16204623878002167	-0.2853691279888153	0.23434780538082123	0.24846632778644562	0.16150349378585815	0.26092565059661865	0.22579866647720337	0.4794328212738037	0.2700314521789551	-0.06652097404003143	-0.5019758939743042	-0.2989659607410431	0.701808750629425	0.10863415151834488	0.019576966762542725	n/a	-0.19713838398456573	-0.2221188098192215	-0.32576271891593933	-0.30752792954444885	-0.24086105823516846	-0.11549229174852371	-0.32695627212524414	0.5112585425376892	-0.189405620098114	-0.2971700131893158	-0.2026222050189972	0.17917005717754364	-0.023643670603632927	0.18859006464481354	0.029900958761572838	-0.024326620623469353	-0.10009413212537766	0.040238168090581894	0.11553719639778137	0.2551639974117279	0.45425111055374146	0.2412751466035843	0.06381670385599136	-0.21784116327762604	-0.1973731368780136	0.060081567615270615	-0.3614855110645294	0.04308731108903885	-0.2894892990589142	-0.08174776285886765	-0.08297106623649597	-0.4407835602760315	0.08042450994253159	0.43039581179618835	0.15922236442565918	0.22180022299289703	0.10343451052904129	-0.006858409848064184	-0.18206475675106049	0.14833401143550873	0.29229438304901123	0.15240472555160522	0.12582547962665558	0.3415154218673706	0.07701071351766586
PMN_LABEL_6	0.3834789991378784	-0.19384263455867767	-0.015117049217224121	-0.26906976103782654	0.09555695205926895	1.0	0.36689668893814087	n/a	0.12480489164590836	-0.054480936378240585	0.03284398093819618	-0.07104279100894928	-0.3444375693798065	-0.21607135236263275	-0.23861432075500488	0.25839465856552124	-0.18021006882190704	0.2112405151128769	0.14672933518886566	-0.3645476996898651	-0.1899433732032776	0.05219478905200958	-0.23188330233097076	0.8120415210723877	-0.17833612859249115	0.10702124983072281	-0.028334910050034523	0.11972422152757645	-0.13737037777900696	0.05987730249762535	0.00482987379655242	-0.1712924987077713	0.9148026704788208	0.3452933132648468	n/a	0.08388636261224747	0.02257585898041725	-0.13190720975399017	-0.2733708620071411	-0.18292590975761414	0.02078639157116413	-0.10667324811220169	0.2024468630552292	-0.12649759650230408	-0.2304186075925827	-0.017916813492774963	-0.3233877122402191	0.8257240056991577	-0.1264590322971344	0.26094451546669006	-0.021332867443561554	0.20313937962055206	0.1347837746143341	-0.15595893561840057	0.23961612582206726	-0.06161901727318764	-0.02210194617509842	-0.2621364891529083	-0.39042747020721436	-0.03659262880682945	0.06066049635410309	-0.05763646587729454	-0.018865618854761124	0.07013481855392456	-0.08332895487546921	-0.13761445879936218	-0.19310764968395233	-0.476717472076416	-0.011741753667593002	-0.2984507083892822	0.00558995408937335	-0.1744205206632614	-0.3240927755832672	0.0067918067798018456	0.1383514106273651	0.11999324709177017	-0.24144352972507477	-0.42924168705940247	-0.03325600177049637	0.0931108295917511
PON_LABEL_7	0.5859139561653137	-0.06819315999746323	-0.23289592564105988	-0.1926022320985794	0.07913212478160858	0.36689668893814087	1.0	n/a	0.7515724897384644	-0.29450011253356934	0.20704618096351624	-0.511991024017334	-0.373603880405426	-0.07288914918899536	-0.5170263051986694	0.4714391827583313	-0.6305233836174011	0.46629974246025085	0.12837357819080353	-0.12954522669315338	-0.5827635526657104	-0.06964243203401566	-0.404387891292572	0.6274977326393127	-0.3811131715774536	0.5176819562911987	0.5062711238861084	0.4084591567516327	-0.08476044237613678	-0.19413185119628906	0.0109252305701375	0.25782549381256104	0.35331371426582336	0.9061030149459839	n/a	-0.4740619957447052	-0.023076510056853294	-0.5614587068557739	-0.37251147627830505	0.06658113747835159	-0.5293249487876892	-0.6308367848396301	0.10718303918838501	-0.3721453845500946	-0.6025246977806091	-0.28767919540405273	-0.5677965879440308	0.3202334940433502	-0.49971330165863037	0.3872282803058624	0.2664135992527008	0.5708224177360535	0.34772807359695435	0.5088510513305664	0.5812852382659912	-0.0907120481133461	-0.12471013516187668	-0.10213734954595566	-0.18477754294872284	-0.3421938419342041	-0.14367349445819855	-0.021553460508584976	0.21589019894599915	-0.19669046998023987	0.48277348279953003	0.10295066237449646	0.008306179195642471	-0.08398865163326263	0.27229470014572144	-0.27549827098846436	0.3251478672027588	0.20685096085071564	0.035230252891778946	0.22751480340957642	0.4637121558189392	0.2990977466106415	0.12491009384393692	-0.18649162352085114	0.14642666280269623	0.338255375623703
MTL_LABEL_8	n/a	n/a	n/a	n/a	n/a	n/a	n/a	1.0	n/a	n/a	n/a	n/a	n/a	n/a	n/a	n/a	n/a	n/a	n/a	n/a	n/a	n/a	n/a	n/a	n/a	n/a	n/a	n/a	n/a	n/a	n/a	n/a	n/a	n/a	n/a	n/a	n/a	n/a	n/a	n/a	n/a	n/a	n/a	n/a	n/a	n/a	n/a	n/a	n/a	n/a	n/a	n/a	n/a	n/a	n/a	n/a	n/a	n/a	n/a	n/a	n/a	n/a	n/a	n/a	n/a	n/a	n/a	n/a	n/a	n/a	n/a	n/a	n/a	n/a	n/a	n/a	n/a	n/a	n/a	n/a
PON_LABEL_9	0.3579258620738983	0.20324388146400452	-0.38500088453292847	-0.08843754231929779	0.07871886342763901	0.12480489164590836	0.7515724897384644	n/a	1.0	-0.11281187832355499	0.03968116641044617	-0.3366541862487793	-0.220037579536438	-0.023392101749777794	-0.1993267685174942	0.17477838695049286	-0.4477716088294983	0.22380100190639496	-0.159658744931221	-0.05982369929552078	-0.42503273487091064	-0.2365386039018631	-0.16507013142108917	0.34116098284721375	-0.06625035405158997	0.3288995325565338	0.3911626935005188	0.18524128198623657	0.18052271008491516	-0.3430371880531311	0.03933091089129448	0.24808110296726227	0.15324728190898895	0.7822772860527039	n/a	-0.32235071063041687	-0.17710557579994202	-0.38745930790901184	-0.3053866922855377	-0.01966504380106926	-0.1999678611755371	-0.5164215564727783	-0.0946979820728302	-0.2493448704481125	-0.4116676449775696	-0.38401731848716736	-0.2475280910730362	0.133358895778656	-0.226302370429039	0.10066815465688705	0.3916546404361725	0.24032846093177795	0.18525390326976776	0.8144555687904358	0.4406682550907135	0.21316216886043549	0.11478304117918015	-0.04990145564079285	-0.14167773723602295	-0.3400059938430786	0.08258721977472305	-0.22768816351890564	-0.011139408685266972	-0.3928495943546295	0.4314427077770233	-0.020348045974969864	-0.0403861477971077	-0.014304734766483307	0.10356906056404114	-0.0511757954955101	0.07289426773786545	-0.05570307374000549	0.21352681517601013	0.2928096354007721	0.4211842119693756	0.4330502152442932	0.2076277881860733	0.0152042917907238	0.14993466436862946	0.352653831243515
CO_LABEL_10	-0.6358532905578613	0.4203646183013916	0.1576928049325943	0.4682268798351288	-0.18756267428398132	-0.054480936378240585	-0.29450011253356934	n/a	-0.11281187832355499	1.0	-0.3618502914905548	0.8300455212593079	0.5053161978721619	0.29871246218681335	0.4159284830093384	-0.7699210047721863	0.7214793562889099	-0.662168025970459	-0.44514551758766174	0.4233382046222687	0.8357155919075012	0.027353262528777122	0.08210140466690063	-0.3496909737586975	0.31858599185943604	-0.4703097343444824	-0.5158397555351257	-0.7579734325408936	0.32008033990859985	0.13201864063739777	0.43229666352272034	-0.12228982150554657	0.008492395281791687	-0.26928749680519104	n/a	0.8642213940620422	0.10457827895879745	0.8286164402961731	0.48510509729385376	0.07911824434995651	0.5759749412536621	0.7353651523590088	-0.33704423904418945	0.693493127822876	0.7941058278083801	0.24197910726070404	0.24653303623199463	0.04033820331096649	0.4384366571903229	-0.6293488144874573	-0.24521352350711823	-0.4998646080493927	-0.6491047739982605	-0.033346399664878845	-0.6078405976295471	0.15144728124141693	0.4498419165611267	-0.07890497893095016	0.01065731979906559	0.4429451823234558	0.10965859144926071	-0.2086201161146164	-0.4024246037006378	0.22936728596687317	-0.13362975418567657	0.2211855798959732	0.05415757745504379	0.056905146688222885	-0.7260570526123047	-0.04392419755458832	-0.6444593667984009	-0.4543059468269348	0.11784082651138306	0.06572917848825455	0.13385406136512756	0.16620135307312012	0.0313224196434021	0.2978246808052063	0.19910722970962524	-0.2224806845188141
Sal_LABEL_11	0.22517210245132446	-0.279337614774704	0.017045140266418457	-0.20047737658023834	0.13764625787734985	0.03284398093819618	0.20704618096351624	n/a	0.03968116641044617	-0.3618502914905548	1.0	-0.4029335081577301	-0.3168077766895294	-0.04608924686908722	-0.33509859442710876	0.29255029559135437	-0.22905759513378143	0.26405608654022217	0.19351989030838013	-0.1183275654911995	-0.2805810868740082	0.5223692059516907	-0.12708967924118042	0.055114634335041046	-0.3275775611400604	0.2913924753665924	0.5446714758872986	0.3172678053379059	-0.2741051912307739	0.035061322152614594	-0.43470025062561035	0.10294242948293686	-0.08978341519832611	0.2042282074689865	n/a	-0.4113014042377472	0.576350212097168	-0.4452897608280182	-0.4056541323661804	0.12230180203914642	-0.5230463743209839	-0.3161124587059021	0.18984916806221008	-0.366482675075531	-0.47818028926849365	0.32910624146461487	-0.2158513367176056	-0.13918259739875793	-0.4546656012535095	0.37681156396865845	0.10476069152355194	0.2947421371936798	0.3222537636756897	0.03694329410791397	0.4920421242713928	-0.03952254354953766	-0.08207309246063232	0.5514369606971741	0.5473968982696533	-0.37246963381767273	0.08218788355588913	0.025077249854803085	0.008788715116679668	0.07173250615596771	0.09456844627857208	-0.3291700780391693	-0.2843761742115021	-0.11285492032766342	0.4715849757194519	0.22880128026008606	0.23360642790794373	0.17597445845603943	-0.17612168192863464	0.09993911534547806	0.06699740141630173	0.2501808702945709	0.09396824240684509	-0.0477607361972332	-0.10569962859153748	-0.0245277788490057
CO_LABEL_12	-0.6155045628547668	0.24490365386009216	0.2643730342388153	0.44810184836387634	-0.20619897544384003	-0.07104279100894928	-0.511991024017334	n/a	-0.3366541862487793	0.8300455212593079	-0.4029335081577301	1.0	0.42231157422065735	0.2159949690103531	0.4491567611694336	-0.6291727423667908	0.8128013610839844	-0.5793324112892151	-0.4108808636665344	0.11674536019563675	0.8304336071014404	-0.10174304991960526	0.13908600807189941	-0.3622053861618042	0.34318897128105164	-0.49011537432670593	-0.6081527471542358	-0.5994076728820801	0.10813044011592865	0.09558199346065521	0.3180130124092102	-0.2169770449399948	-0.09470981359481812	-0.5010045766830444	n/a	0.8115317225456238	-0.028330322355031967	0.9065818190574646	0.41111066937446594	-0.020096706226468086	0.5874935984611511	0.751391589641571	-0.3084459602832794	0.6938173174858093	0.775998055934906	0.1117410808801651	0.3213983178138733	-0.059025343507528305	0.46613809466362	-0.6325179934501648	-0.359403520822525	-0.5333631038665771	-0.6148183941841125	-0.1848357617855072	-0.652355968952179	0.12632469832897186	0.3598022758960724	-0.17557533085346222	-0.02299896813929081	0.3970586955547333	0.1745051145553589	-0.09342736005783081	-0.3293848931789398	0.283211886882782	-0.21443283557891846	0.037277720868587494	0.013860396109521389	-0.05496813356876373	-0.5733731389045715	0.10199045389890671	-0.4944213330745697	-0.36806827783584595	-0.04481660574674606	-0.04434150457382202	0.010592171922326088	0.12011145800352097	0.07757773250341415	0.31456175446510315	0.04496677964925766	-0.3338505029678345
SMd_LABEL_13	-0.3979220986366272	0.2607284486293793	0.35070279240608215	0.3436760902404785	-0.032948173582553864	-0.3444375693798065	-0.373603880405426	n/a	-0.220037579536438	0.5053161978721619	-0.3168077766895294	0.42231157422065735	1.0	0.2262629270553589	0.6175240278244019	-0.5222718715667725	0.5372277498245239	-0.4958963394165039	-0.315822035074234	0.6426349878311157	0.5641773343086243	0.012294844724237919	0.2908283770084381	-0.4586871862411499	0.6054413914680481	-0.30622637271881104	-0.30100369453430176	-0.4695259928703308	0.1773836463689804	0.21962949633598328	0.27487674355506897	-0.13827234506607056	-0.3258898854255676	-0.3961551785469055	n/a	0.3388606011867523	-0.1763775795698166	0.42639413475990295	0.7250597476959229	0.08996885269880295	0.529237687587738	0.43451225757598877	-0.42777255177497864	0.624859631061554	0.56270831823349	0.09387029707431793	0.3846742510795593	-0.24817924201488495	0.6394025683403015	-0.525388240814209	0.061964310705661774	-0.5599126815795898	-0.5921316146850586	-0.10147742182016373	-0.6375173330307007	0.29610395431518555	0.4198255240917206	-0.09504911303520203	0.013278231024742126	0.4016694128513336	-0.08608545362949371	-0.03246300294995308	-0.49724429845809937	-0.11127936094999313	-0.1500350534915924	0.5188712477684021	0.14209158718585968	0.5637398362159729	-0.40625107288360596	-0.24021397531032562	-0.47021108865737915	-0.08586792647838593	0.4438634514808655	0.08254056423902512	0.2860596477985382	0.17041803896427155	-0.09750288724899292	0.20282036066055298	0.26901063323020935	0.18492579460144043
SMl_LABEL_14	-0.35407212376594543	0.17780037224292755	0.2124401032924652	-0.01687697507441044	-0.28966137766838074	-0.21607135236263275	-0.07288914918899536	n/a	-0.023392101749777794	0.29871246218681335	-0.04608924686908722	0.2159949690103531	0.2262629270553589	1.0	0.09474834054708481	-0.33581817150115967	0.23512941598892212	-0.29108256101608276	-0.3303055167198181	0.12389613687992096	0.3208523392677307	0.001352792140096426	0.06416255980730057	-0.24346137046813965	-0.018339915201067924	-0.1363876760005951	-0.29734888672828674	-0.29231181740760803	-0.10441984981298447	0.1073920726776123	-0.0688665360212326	-0.16555073857307434	-0.2366747409105301	-0.06343930959701538	n/a	0.12983933091163635	0.1688031405210495	0.1953294724225998	0.2757966220378876	0.9386656880378723	0.058989234268665314	0.2074170708656311	-0.28944602608680725	0.2436434030532837	0.2635422348976135	0.17811815440654755	-0.0032949033193290234	-0.14227555692195892	-0.0206293947994709	-0.15407635271549225	-0.19592495262622833	-0.17419585585594177	-0.28778180480003357	-0.1586039662361145	-0.2595285475254059	-0.1747865080833435	0.09199734032154083	-0.06303174048662186	-0.06322579830884933	0.002868278883397579	0.28593891859054565	0.06472595781087875	0.020591162145137787	0.04871575906872749	0.2060786783695221	-0.03087618015706539	0.5832962989807129	0.25386446714401245	-0.0712759867310524	-0.1895858347415924	-0.19763042032718658	0.013705344870686531	0.115542933344841	0.6684183478355408	0.02550698257982731	0.022632531821727753	0.03398732468485832	0.16655413806438446	0.08162040263414383	-0.030563313513994217
DAN_LABEL_15	-0.4294087588787079	0.26554423570632935	0.3249446451663971	0.15681762993335724	0.21613536775112152	-0.23861432075500488	-0.5170263051986694	n/a	-0.1993267685174942	0.4159284830093384	-0.33509859442710876	0.4491567611694336	0.6175240278244019	0.09474834054708481	1.0	-0.5120654106140137	0.4146393835544586	-0.5204811692237854	-0.19620797038078308	0.2288704365491867	0.38061389327049255	-0.11374690383672714	0.8182622194290161	-0.3842802047729492	0.8641762137413025	-0.5708417296409607	-0.34752270579338074	-0.4745025932788849	0.21743687987327576	0.18507863581180573	0.10863173753023148	-0.0846823900938034	-0.1493067890405655	-0.3898146450519562	n/a	0.35416099429130554	-0.2286955863237381	0.3818007707595825	0.2794246971607208	-0.11250847578048706	0.7403919100761414	0.43843692541122437	-0.26980817317962646	0.557637095451355	0.4359647035598755	-0.05879239737987518	0.8491740226745605	-0.03969283029437065	0.875098466873169	-0.5352075099945068	0.029615839943289757	-0.7696151733398438	-0.5914224982261658	-0.09152492880821228	-0.4837557375431061	0.4637649953365326	0.4345538318157196	-0.1665540635585785	-0.24427318572998047	0.264344185590744	0.2903210520744324	-0.20348213613033295	-0.5871416926383972	-0.07845931500196457	-0.23649068176746368	0.2933446764945984	-0.030110156163573265	0.44271573424339294	-0.3071640431880951	0.16481293737888336	-0.5337874889373779	-0.32690107822418213	0.17703619599342346	0.05017509311437607	0.1487378627061844	0.20901504158973694	-0.1779157817363739	0.10074066370725632	0.2504948377609253	0.0606173500418663
DMN_LABEL_16	0.8360761404037476	-0.6844810843467712	-0.30630239844322205	-0.5921067595481873	0.25109583139419556	0.25839465856552124	0.4714391827583313	n/a	0.17477838695049286	-0.7699210047721863	0.29255029559135437	-0.6291727423667908	-0.5222718715667725	-0.33581817150115967	-0.5120654106140137	1.0	-0.7441328167915344	0.9063345193862915	0.5805088877677917	-0.5225729942321777	-0.7599488496780396	-0.0015575811266899109	-0.2080889344215393	0.5680024027824402	-0.5141894817352295	0.6135093569755554	0.6361541152000427	0.9243886470794678	-0.5964367985725403	-0.28555214405059814	-0.3772437572479248	0.27912211418151855	0.1712268590927124	0.2919979393482208	n/a	-0.6974055171012878	-0.079600490629673	-0.6963656544685364	-0.5485466718673706	-0.12547868490219116	-0.7123526930809021	-0.7249849438667297	0.4413946270942688	-0.709847092628479	-0.7431104779243469	-0.2787512540817261	-0.4356051981449127	0.10257278382778168	-0.49005165696144104	0.790743887424469	0.016627054661512375	0.6769443154335022	0.7806973457336426	0.0002955670061055571	0.7122408747673035	-0.16027864813804626	-0.35101228952407837	-0.0023416096810251474	-0.028330998495221138	-0.38073357939720154	-0.1718735545873642	0.09039146453142166	0.5745830535888672	-0.0253656804561615	0.19971409440040588	-0.3080786466598511	-0.09196361899375916	-0.07372593879699707	0.6812468767166138	-0.010369231924414635	0.7635659575462341	0.5082514882087708	-0.119538314640522	-0.11965984851121902	0.023614276200532913	-0.05301966145634651	-0.0789521187543869	-0.329723596572876	-0.19131949543952942	0.04589993506669998
CO_LABEL_17	-0.7445685863494873	0.3098152279853821	0.5097009539604187	0.5673003196716309	-0.2814885675907135	-0.18021006882190704	-0.6305233836174011	n/a	-0.4477716088294983	0.7214793562889099	-0.22905759513378143	0.8128013610839844	0.5372277498245239	0.23512941598892212	0.4146393835544586	-0.7441328167915344	1.0	-0.676778256893158	-0.5541694760322571	0.33424538373947144	0.8999764323234558	-0.01040442194789648	0.08712306618690491	-0.5808040499687195	0.3631494343280792	-0.5642619132995605	-0.5715286731719971	-0.6909211874008179	0.1794772446155548	0.29010459780693054	0.3477877974510193	-0.30308735370635986	-0.19073225557804108	-0.5802438259124756	n/a	0.7584537267684937	0.0786963701248169	0.8532983064651489	0.5700725317001343	0.016845017671585083	0.639983594417572	0.8737017512321472	-0.48853662610054016	0.7350021004676819	0.8225153088569641	0.2315712571144104	0.3060331344604492	-0.20513302087783813	0.43667715787887573	-0.6674805879592896	-0.20405566692352295	-0.6275937557220459	-0.6330300569534302	-0.23857788741588593	-0.7583155632019043	0.15810734033584595	0.2868994176387787	-0.02376137301325798	0.18990343809127808	0.4137229919433594	0.14346100389957428	0.08423794060945511	-0.4523122012615204	0.22463074326515198	-0.2873142957687378	0.14041030406951904	0.05596425011754036	0.0319686122238636	-0.5920605659484863	0.06610432267189026	-0.6070627570152283	-0.43356016278266907	-0.0886794701218605	-0.10427815467119217	-0.05333758145570755	0.12647077441215515	0.019575152546167374	0.3926182687282562	0.043716687709093094	-0.3569098114967346
DMN_LABEL_18	0.7191683650016785	-0.6469729542732239	-0.39099109172821045	-0.5486607551574707	0.25116923451423645	0.2112405151128769	0.46629974246025085	n/a	0.22380100190639496	-0.662168025970459	0.26405608654022217	-0.5793324112892151	-0.4958963394165039	-0.29108256101608276	-0.5204811692237854	0.9063345193862915	-0.676778256893158	1.0	0.6363338232040405	-0.506226658821106	-0.7271523475646973	-0.06480027735233307	-0.19907215237617493	0.4167310297489166	-0.5025582313537598	0.75774085521698	0.7109261751174927	0.8462809324264526	-0.5478571653366089	-0.46705836057662964	-0.35556110739707947	0.37349021434783936	0.10361377894878387	0.25194501876831055	n/a	-0.6175842881202698	-0.2076115608215332	-0.642325222492218	-0.5304907560348511	-0.11895322799682617	-0.7260633707046509	-0.7302458882331848	0.3761923015117645	-0.7603645324707031	-0.7364663481712341	-0.36266055703163147	-0.38391542434692383	-0.05639700964093208	-0.43456950783729553	0.6369572281837463	-0.07093866914510727	0.7568734884262085	0.7854285836219788	0.1206207275390625	0.6287777423858643	-0.15495744347572327	-0.2658703327178955	0.11256039142608643	-0.0008990957285277545	-0.4651080369949341	-0.056944023817777634	0.03912188112735748	0.6460292935371399	-0.030890684574842453	0.09673349559307098	-0.379048615694046	-0.14472393691539764	-0.04249238595366478	0.6773642301559448	-0.015781573951244354	0.8592939376831055	0.3581553101539612	-0.08192852139472961	-0.14886318147182465	-0.037491586059331894	-0.08684538304805756	0.04438178613781929	-0.19660809636116028	-0.34729933738708496	-0.07052663713693619
VAN_LABEL_19	0.5092725157737732	-0.5521414279937744	-0.260101318359375	-0.569848895072937	0.49349018931388855	0.14672933518886566	0.12837357819080353	n/a	-0.159658744931221	-0.44514551758766174	0.19351989030838013	-0.4108808636665344	-0.315822035074234	-0.3303055167198181	-0.19620797038078308	0.5805088877677917	-0.5541694760322571	0.6363338232040405	1.0	-0.3615277111530304	-0.5527406334877014	0.13488908112049103	0.14733542501926422	0.27005651593208313	-0.2905842363834381	0.48967087268829346	0.5026223063468933	0.5729613900184631	-0.3798915445804596	-0.316363662481308	-0.45708712935447693	0.35081014037132263	0.1353709101676941	-0.029221564531326294	n/a	-0.37323814630508423	-0.20222872495651245	-0.5016679167747498	-0.36554965376853943	-0.1417103260755539	-0.517604410648346	-0.47699347138404846	0.6815273761749268	-0.4889569580554962	-0.5105721354484558	-0.18926899135112762	0.046222541481256485	-0.01154163759201765	-0.13053160905838013	0.3955424129962921	-0.26159927248954773	0.5249270796775818	0.4382958710193634	-0.09255281090736389	0.410159707069397	-0.07448814809322357	-0.10149794816970825	0.20497910678386688	-0.12144070863723755	-0.3085443377494812	0.012927690520882607	-0.23733891546726227	0.43367695808410645	0.06661123037338257	-0.321850061416626	-0.19074870645999908	-0.2766074240207672	-0.03732142224907875	0.5979920625686646	0.02883332222700119	0.6467093229293823	0.18178816139698029	-0.20507724583148956	-0.3048567473888397	-0.1794142872095108	-0.24490155279636383	0.044845499098300934	-0.19874878227710724	-0.27747681736946106	-0.17563366889953613
CO_LABEL_20	-0.3772203028202057	0.38323867321014404	0.14865146577358246	0.42960649728775024	-0.16204623878002167	-0.3645476996898651	-0.12954522669315338	n/a	-0.05982369929552078	0.4233382046222687	-0.1183275654911995	0.11674536019563675	0.6426349878311157	0.12389613687992096	0.2288704365491867	-0.5225729942321777	0.33424538373947144	-0.506226658821106	-0.3615277111530304	1.0	0.45200613141059875	0.20721517503261566	-0.03818126767873764	-0.39199408888816833	0.2535072863101959	-0.2692907750606537	-0.20174995064735413	-0.4786587655544281	0.44284021854400635	0.2909122705459595	0.45449137687683105	-0.1280510127544403	-0.23037682473659515	-0.11346672475337982	n/a	0.2656887471675873	0.17335093021392822	0.25369471311569214	0.6657143235206604	0.06976247578859329	0.2796545624732971	0.3357938230037689	-0.39893776178359985	0.47105899453163147	0.4683986306190491	0.3218153417110443	0.10468640923500061	-0.14383292198181152	0.2666928768157959	-0.3270702660083771	0.19859880208969116	-0.32182496786117554	-0.4193986654281616	0.0136720547452569	-0.43931519985198975	0.12818874418735504	0.2529921233654022	0.11406318098306656	0.21909496188163757	0.3400767743587494	-0.3363674283027649	0.03836008533835411	-0.4543657600879669	-0.08479529619216919	-0.11374408006668091	0.5446773171424866	0.1622181385755539	0.26822686195373535	-0.49266454577445984	-0.2324250340461731	-0.4934791326522827	-0.08865182101726532	0.43613508343696594	-0.01391842681914568	0.1671169251203537	0.0032314297277480364	-0.11178608983755112	0.2108653485774994	0.45410194993019104	0.2339756339788437
CO_LABEL_21	-0.696321427822113	0.36194008588790894	0.2828908860683441	0.539366602897644	-0.2853691279888153	-0.1899433732032776	-0.5827635526657104	n/a	-0.42503273487091064	0.8357155919075012	-0.2805810868740082	0.8304336071014404	0.5641773343086243	0.3208523392677307	0.38061389327049255	-0.7599488496780396	0.8999764323234558	-0.7271523475646973	-0.5527406334877014	0.45200613141059875	1.0	0.10143915563821793	0.00610327860340476	-0.5129144787788391	0.28173133730888367	-0.5481303334236145	-0.6061437726020813	-0.7275387644767761	0.2605103850364685	0.26335859298706055	0.3921409547328949	-0.24489767849445343	-0.17522750794887543	-0.558458685874939	n/a	0.8186550140380859	0.19104599952697754	0.8736366033554077	0.6176111698150635	0.11391040682792664	0.6094890236854553	0.8497129678726196	-0.4006119966506958	0.7010029554367065	0.9060086607933044	0.39316612482070923	0.23042325675487518	-0.1281735599040985	0.3998170793056488	-0.5876800417900085	-0.1958460658788681	-0.5873516201972961	-0.6322149634361267	-0.30094751715660095	-0.729222297668457	0.06259134411811829	0.28952085971832275	-0.06555265933275223	0.1477494090795517	0.5148042440414429	-0.019926434382796288	0.0886259526014328	-0.3890279531478882	0.2161901742219925	-0.2164476215839386	0.14210361242294312	0.14667648077011108	-0.008739878423511982	-0.664078414440155	-0.01566542312502861	-0.6508398056030273	-0.2955936789512634	0.04398821294307709	-0.021810663864016533	-0.05353924632072449	0.0646686777472496	0.008883177302777767	0.36938604712486267	0.14612337946891785	-0.23981720209121704
Sal_LABEL_22	0.04979420453310013	-0.011306686326861382	0.07251636683940887	-0.2181522697210312	0.23434780538082123	0.05219478905200958	-0.06964243203401566	n/a	-0.2365386039018631	0.027353262528777122	0.5223692059516907	-0.10174304991960526	0.012294844724237919	0.001352792140096426	-0.11374690383672714	-0.0015575811266899109	-0.01040442194789648	-0.06480027735233307	0.13488908112049103	0.20721517503261566	0.10143915563821793	1.0	-0.16181489825248718	0.07813787460327148	-0.09178613126277924	0.06517437845468521	0.12907326221466064	0.0626530647277832	-0.0858164131641388	0.1293756514787674	-0.19145537912845612	0.12407515197992325	0.06519145518541336	-0.08010571449995041	n/a	0.07242436707019806	0.6264491081237793	-0.09727049618959427	0.04132723808288574	0.08144484460353851	-0.10108347237110138	0.01216003019362688	0.1928979605436325	0.04104892164468765	-0.061445582658052444	0.7475918531417847	-0.16283322870731354	0.05732123926281929	-0.16192200779914856	0.07554931193590164	0.16368842124938965	-0.01498425006866455	-0.13530747592449188	-0.22513778507709503	0.08564029633998871	-0.2019568681716919	0.012743554078042507	0.26452314853668213	0.25909894704818726	0.0954560935497284	-0.10922364145517349	0.016910370439291	-0.18742765486240387	0.14164963364601135	0.014593931846320629	0.007453571539372206	-0.11784329265356064	-0.03771018236875534	0.0877925232052803	0.07854925841093063	-0.07737202197313309	0.11521439254283905	0.06194183975458145	-0.1962832361459732	0.09375745803117752	0.08447684347629547	-0.1978505551815033	-0.10944695770740509	0.23215121030807495	0.10575717687606812
DAN_LABEL_23	-0.23957021534442902	-0.021055569872260094	0.2504652440547943	-0.08929461240768433	0.24846632778644562	-0.23188330233097076	-0.404387891292572	n/a	-0.16507013142108917	0.08210140466690063	-0.12708967924118042	0.13908600807189941	0.2908283770084381	0.06416255980730057	0.8182622194290161	-0.2080889344215393	0.08712306618690491	-0.19907215237617493	0.14733542501926422	-0.03818126767873764	0.00610327860340476	-0.16181489825248718	1.0	-0.29580655694007874	0.6016457080841064	-0.38847845792770386	-0.11356932669878006	-0.16575083136558533	-0.005639493465423584	0.13464203476905823	-0.1418285369873047	-0.008742491714656353	-0.13490808010101318	-0.3058505952358246	n/a	0.02625625766813755	-0.18858212232589722	0.054815102368593216	-0.04136024788022041	-0.05418563634157181	0.3881113529205322	0.17961324751377106	-0.043617382645606995	0.21158979833126068	0.09955103695392609	-0.15856331586837769	0.8566785454750061	-0.0667448565363884	0.6113189458847046	-0.24571964144706726	-0.09267492592334747	-0.46171462535858154	-0.2373674362897873	-0.0996139645576477	-0.17150940001010895	0.3652217984199524	0.2786597013473511	0.0021643717773258686	-0.19756875932216644	0.0006951026734896004	0.42545977234840393	-0.2508363425731659	-0.3376077115535736	-0.020234521478414536	-0.274383544921875	0.10831286013126373	-0.08704279363155365	0.45749571919441223	-0.030241940170526505	0.26804646849632263	-0.2298216074705124	-0.23612377047538757	0.06373124569654465	0.06705651432275772	0.010946360416710377	0.1276339590549469	-0.0849389061331749	-0.008703860454261303	-0.028262563049793243	-0.05623261630535126
PMN_LABEL_24	0.6935973763465881	-0.25973978638648987	-0.18655206263065338	-0.4975106120109558	0.16150349378585815	0.8120415210723877	0.6274977326393127	n/a	0.34116098284721375	-0.3496909737586975	0.055114634335041046	-0.3622053861618042	-0.4586871862411499	-0.24346137046813965	-0.3842802047729492	0.5680024027824402	-0.5808040499687195	0.4167310297489166	0.27005651593208313	-0.39199408888816833	-0.5129144787788391	0.07813787460327148	-0.29580655694007874	1.0	-0.31272828578948975	0.2971755564212799	0.14970183372497559	0.4487978219985962	-0.22368071973323822	-0.05751070752739906	-0.15985403954982758	-0.004375495947897434	0.7860113978385925	0.5949025750160217	n/a	-0.27906954288482666	-0.0041131325997412205	-0.4604640007019043	-0.3992486894130707	-0.11809241771697998	-0.2645414173603058	-0.48448869585990906	0.3659168779850006	-0.35544586181640625	-0.5311248898506165	-0.09731797128915787	-0.4645005762577057	0.7876068949699402	-0.3434825837612152	0.52751624584198	0.14918196201324463	0.4141491651535034	0.3281250298023224	0.004620305262506008	0.5422528982162476	-0.193945050239563	-0.18259358406066895	-0.29257306456565857	-0.4473884701728821	-0.10100921988487244	-0.08476026356220245	0.007061017211526632	0.1930016577243805	-0.005310991313308477	0.20966891944408417	-0.11782307177782059	-0.09401201456785202	-0.3526726961135864	0.2368965446949005	-0.2627527415752411	0.2588052451610565	0.17946822941303253	-0.16217464208602905	0.04559265077114105	0.2546062469482422	0.08097167313098907	-0.2484612911939621	-0.5398828983306885	0.06913917511701584	0.32895609736442566
DAN_LABEL_25	-0.34085339307785034	0.4936194121837616	0.33224132657051086	0.24101626873016357	0.26092565059661865	-0.17833612859249115	-0.3811131715774536	n/a	-0.06625035405158997	0.31858599185943604	-0.3275775611400604	0.34318897128105164	0.6054413914680481	-0.018339915201067924	0.8641762137413025	-0.5141894817352295	0.3631494343280792	-0.5025582313537598	-0.2905842363834381	0.2535072863101959	0.28173133730888367	-0.09178613126277924	0.6016457080841064	-0.31272828578948975	1.0	-0.41362622380256653	-0.3029613792896271	-0.46107566356658936	0.39246872067451477	0.0930820181965828	0.21022255718708038	-0.03199188411235809	-0.12623806297779083	-0.2329404056072235	n/a	0.27639949321746826	-0.3461812436580658	0.27936944365501404	0.28081056475639343	-0.20744845271110535	0.7291203737258911	0.2851274311542511	-0.32493817806243896	0.49023163318634033	0.30974850058555603	-0.1299247294664383	0.6947055459022522	-0.05784399062395096	0.846645176410675	-0.63811194896698	0.18436647951602936	-0.7664710283279419	-0.6568268537521362	0.06189681589603424	-0.5127074122428894	0.4902486205101013	0.36199796199798584	-0.21396023035049438	-0.2601245939731598	0.23967428505420685	0.27036353945732117	-0.17038698494434357	-0.6278057098388672	-0.2453135848045349	-0.13653983175754547	0.3493941128253937	-0.09895770996809006	0.3954058587551117	-0.24419960379600525	0.01391378603875637	-0.4815356433391571	-0.28106290102005005	0.2076544612646103	-0.011448976583778858	0.21305082738399506	0.29468414187431335	-0.105040043592453	0.1324087530374527	0.36374548077583313	0.24800480902194977
