Node	HIP-head-m-rh	HIP-head-l-rh	HIP-body-rh	HIP-tail-rh	THA-VPm-rh	THA-VPl-rh	THA-VAi-rh	THA-VAs-rh	THA-DAm-rh	THA-DAl-rh	PUT-VA-rh	PUT-DA-rh	PUT-VP-rh	PUT-DP-rh	CAU-VA-rh	CAU-DA-rh	CAU-body-rh	CAU-tail-rh	lAMY-rh	mAMY-rh	THA-DP-rh	NAc-shell-rh	NAc-core-rh	pGP-rh	aGP-rh	HIP-head-m-lh	HIP-head-l-l	HIP-body-l	HIP-tail-lh	THA-VPm-lh	THA-VPl-lh	THA-VAi-lh	THA-VAs-lh	THA-DAm-lh	THA-DAl-lh	PUT-VA-lh	PUT-DA-l	PUT-VP-lh	PUT-DP-lh	CAU-VA-lh	CAU-DA-lh	CAU-body-lh	CAU-tail-lh	lAMY-lh	mAMY-lh	THA-DP-lh	NAc-shell-lh	NAc-core-lh	pGP-lh	aGP-lh
HIP-head-m-rh	1.0	0.5272108316421509	0.135287806391716	0.013329755514860153	0.058747775852680206	0.06170317530632019	-0.08276298642158508	0.17877943813800812	0.09757397323846817	-0.036714062094688416	-0.14408162236213684	0.015060638077557087	0.19072909653186798	0.09867121279239655	0.0979294553399086	-0.2614375948905945	0.07074659317731857	-0.037693437188863754	0.10004101693630219	0.4560990035533905	-0.19760070741176605	-0.0888247862458229	-0.03161150589585304	-0.06632626056671143	-0.3221642076969147	0.5681005120277405	0.09920638799667358	0.37149935960769653	0.25168025493621826	-0.2216966301202774	0.009064693003892899	0.0009380435803905129	0.05842587724328041	0.0952949970960617	0.11103959381580353	-0.37419405579566956	-0.11148040741682053	0.008795008063316345	-0.14698034524917603	-0.1649158000946045	-0.14807404577732086	-0.2393178790807724	-0.0039716921746730804	0.2512552738189697	0.4052049517631531	0.11377272009849548	0.10257972031831741	-0.010385524481534958	-0.22527018189430237	-0.17335186898708344
HIP-head-l-rh	0.5272108316421509	1.0	0.002599124563857913	0.08932679146528244	0.0505906380712986	-0.03711908683180809	-0.10956255346536636	-0.07378746569156647	0.013832319527864456	-0.19460447132587433	-0.29912400245666504	-0.02482033707201481	0.03341338410973549	0.056518543511629105	0.08426791429519653	-0.1020592451095581	-0.00989439431577921	-0.11064549535512924	0.18441520631313324	0.3718574643135071	-0.12555862963199615	-0.07449876517057419	0.02377334050834179	-0.10490072518587112	-0.09789249300956726	0.5312809944152832	0.2779979705810547	0.29529908299446106	0.14006556570529938	-0.1782662719488144	0.06120818480849266	-0.045379117131233215	-0.0931854173541069	0.20975910127162933	-0.08416405320167542	-0.23739580810070038	-0.07766182720661163	-0.08264718949794769	-0.06888526678085327	-0.07092344015836716	0.10976408421993256	-0.02891753427684307	-0.150874525308609	0.2448640763759613	0.3059949576854706	0.06984468549489975	-0.19753368198871613	0.13543185591697693	-0.07836568355560303	-0.3080933392047882
HIP-body-rh	0.135287806391716	0.002599124563857913	1.0	0.06616292148828506	0.018655408173799515	-0.12821759283542633	0.3050829768180847	0.6772719025611877	0.4026374816894531	-0.022788630798459053	-0.012713438831269741	0.04856901243329048	0.31593087315559387	0.03896872326731682	0.04589781537652016	-0.03811988607048988	0.016755109652876854	0.07252373546361923	0.378310889005661	-0.08272223174571991	0.07396829128265381	0.18302375078201294	0.18308715522289276	-0.032073430716991425	0.02137451432645321	0.17695274949073792	0.0706079825758934	0.23979437351226807	0.3199373185634613	0.012575403787195683	0.01688898541033268	0.3856247663497925	0.3939879238605499	-0.08554244786500931	-0.1167176142334938	-0.18867243826389313	-0.215959832072258	0.18036741018295288	-0.1072743833065033	-0.23428912460803986	0.11840346455574036	-0.07871690392494202	0.010886816307902336	0.08383969962596893	-0.06304749846458435	-0.18689413368701935	0.2820205092430115	-0.053562432527542114	0.0589943453669548	0.2978978455066681
HIP-tail-rh	0.013329755514860153	0.08932679146528244	0.06616292148828506	1.0	0.1273103654384613	0.29901379346847534	0.20252610743045807	0.19957922399044037	0.13132096827030182	0.13800403475761414	0.1874142289161682	0.059514980763196945	0.2518109977245331	0.05001113563776016	-0.05738309025764465	-0.17504481971263885	-0.028798483312129974	0.047031469643116	-0.18510447442531586	-0.0668751522898674	-0.10469933599233627	0.06794186681509018	0.07888023555278778	0.31466081738471985	0.13035382330417633	0.04359148070216179	0.4415569603443146	0.17551752924919128	0.26254138350486755	0.04084598645567894	0.00485105998814106	0.3122437596321106	0.04858386516571045	0.25135305523872375	0.008971377275884151	0.06469453871250153	0.13944140076637268	0.3449547290802002	-0.15231460332870483	-0.18116138875484467	-0.18394656479358673	0.09753087908029556	0.05909911170601845	-0.03244515508413315	-0.09011045843362808	0.07783311605453491	-0.08391651511192322	0.05188020318746567	0.0992891937494278	0.09050613641738892
THA-VPm-rh	0.058747775852680206	0.0505906380712986	0.018655408173799515	0.1273103654384613	1.0	0.2566553056240082	0.13690544664859772	0.040186312049627304	0.4514424800872803	0.30647656321525574	0.17043906450271606	-0.14385393261909485	-0.10345570743083954	-0.09881900995969772	0.17952483892440796	0.12681302428245544	0.08682699501514435	0.09462232887744904	0.2357238084077835	-0.036549706012010574	0.22495630383491516	-0.2938138544559479	0.09481357038021088	0.1345641314983368	0.06963595002889633	0.02044561877846718	-0.04488351568579674	-0.009291250258684158	0.3106890916824341	-0.0017023030668497086	-0.05198071151971817	0.09044872224330902	0.0028413257095962763	0.2991330027580261	0.2839869260787964	0.18557453155517578	0.020931828767061234	-0.029030730947852135	-0.053827427327632904	-0.03393474593758583	0.22685794532299042	0.052026670426130295	-0.25172555446624756	0.028169136494398117	0.05284211039543152	0.2826838791370392	-0.05622187629342079	0.0059949918650090694	0.3999216556549072	-0.16048946976661682
THA-VPl-rh	0.06170317530632019	-0.03711908683180809	-0.12821759283542633	0.29901379346847534	0.2566553056240082	1.0	-0.0615333653986454	0.126529261469841	0.14048205316066742	0.08520323038101196	0.40192824602127075	0.0496942475438118	0.04680183529853821	-0.01286078430712223	0.3139079809188843	0.17111092805862427	0.4179600775241852	0.4943715035915375	-0.16004762053489685	-0.13314396142959595	0.15619347989559174	0.021429384127259254	0.3034948706626892	0.22957339882850647	0.053861889988183975	0.0388997383415699	0.3575216233730316	0.026600319892168045	0.05709793418645859	0.19924680888652802	0.17052367329597473	0.29995065927505493	0.18167760968208313	0.397764652967453	0.19433528184890747	0.3804028630256653	0.2628040611743927	0.029362211003899574	0.07176804542541504	0.2021714448928833	0.040577877312898636	0.2977033853530884	0.26079481840133667	0.15950216352939606	-0.08265579491853714	0.15500934422016144	0.1561618149280548	0.3749018609523773	0.4979759752750397	0.010156591422855854
THA-VAi-rh	-0.08276298642158508	-0.10956255346536636	0.3050829768180847	0.20252610743045807	0.13690544664859772	-0.0615333653986454	1.0	0.3508760631084442	0.5129871368408203	0.40461084246635437	0.12365738302469254	0.07261945307254791	0.4493614733219147	-0.004827611148357391	0.048563264310359955	-0.07720410823822021	-0.030715322121977806	0.07385005801916122	0.032385360449552536	-0.13048969209194183	-0.0050634415820240974	0.11344907432794571	0.01411257404834032	0.03940535709261894	0.43209877610206604	-0.08709017187356949	-0.07493512332439423	0.19593548774719238	0.4206487834453583	-0.0326288677752018	0.15445354580879211	0.6106122136116028	0.17656688392162323	0.18688951432704926	-0.004034698940813541	0.001655413769185543	-0.07012298703193665	0.02405819669365883	-0.11401843279600143	0.015868188813328743	0.18660955131053925	0.14293554425239563	-0.04147956892848015	-0.09198398143053055	-0.08848389983177185	0.03747977316379547	0.2103610634803772	-0.15438634157180786	0.045484691858291626	0.08999688178300858
THA-VAs-rh	0.17877943813800812	-0.07378746569156647	0.6772719025611877	0.19957922399044037	0.040186312049627304	0.126529261469841	0.3508760631084442	1.0	0.36360952258110046	0.15530702471733093	0.13610345125198364	0.01982169598340988	0.2728879451751709	-0.14435116946697235	0.3013789653778076	0.040658582001924515	0.3169432580471039	0.2700551450252533	0.21831494569778442	-0.18430429697036743	0.0834326297044754	0.3192042112350464	0.2896302044391632	0.013462875969707966	0.17280417680740356	0.07853841781616211	0.15443018078804016	0.15724383294582367	0.3302282691001892	-0.24207600951194763	-0.037117891013622284	0.48909083008766174	0.544044554233551	0.04609465226531029	-0.08629582822322845	0.042269084602594376	-0.10599569976329803	0.07507683336734772	-0.23706458508968353	0.09397009015083313	0.08958064764738083	0.19692403078079224	0.22447611391544342	0.03170451894402504	-0.11813891679048538	-0.09417713433504105	0.4585198163986206	0.11554645001888275	0.20533114671707153	0.4157376289367676
THA-DAm-rh	0.09757397323846817	0.013832319527864456	0.4026374816894531	0.13132096827030182	0.4514424800872803	0.14048205316066742	0.5129871368408203	0.36360952258110046	1.0	0.359771728515625	0.10887281596660614	-0.2263987809419632	0.12278041988611221	-0.04006761685013771	0.1983327865600586	0.02326483651995659	-0.02330721542239189	0.1320282220840454	0.18832986056804657	-0.18188044428825378	0.30131110548973083	0.02531605400145054	0.036095719784498215	0.23585271835327148	0.08557982742786407	0.10872906446456909	0.029631908982992172	0.16829530894756317	0.4976043701171875	0.0020598149858415127	0.3951526880264282	0.47722646594047546	0.20234869420528412	0.29644331336021423	0.028800848871469498	0.013194323517382145	-0.3148517608642578	-0.056165311485528946	-0.32000118494033813	0.03390359506011009	0.27121952176094055	0.13451984524726868	-0.3410148024559021	-0.05088717117905617	-0.012814965099096298	0.24627874791622162	0.24755769968032837	0.05507965013384819	0.23531168699264526	-0.02655748277902603
THA-DAl-rh	-0.036714062094688416	-0.19460447132587433	-0.022788630798459053	0.13800403475761414	0.30647656321525574	0.08520323038101196	0.40461084246635437	0.15530702471733093	0.359771728515625	1.0	0.28958678245544434	0.1145450547337532	0.073471300303936	0.09280005842447281	-0.030009735375642776	0.1619632989168167	0.07482744008302689	-0.08944931626319885	0.03369705751538277	-0.13303020596504211	-0.045084398239851	-0.044727057218551636	0.0009226432885043323	0.21004310250282288	0.12237973511219025	-0.15826234221458435	-0.18131357431411743	0.061462245881557465	0.3002513647079468	-0.07477820664644241	0.1267067939043045	0.23649564385414124	-0.017900293692946434	0.009101527743041515	0.12008994817733765	0.11219581961631775	0.2812848687171936	0.16354063153266907	0.08706068247556686	0.04211925342679024	0.05739286541938782	0.2502583861351013	-0.1591997891664505	-0.24215087294578552	-0.06429629772901535	0.15072160959243774	-0.03008483722805977	-0.12264251708984375	0.0294033233076334	-0.07848463952541351
PUT-VA-rh	-0.14408162236213684	-0.29912400245666504	-0.012713438831269741	0.1874142289161682	0.17043906450271606	0.40192824602127075	0.12365738302469254	0.13610345125198364	0.10887281596660614	0.28958678245544434	1.0	0.483599990606308	0.24417124688625336	0.37877118587493896	0.20110490918159485	0.40770629048347473	0.32507723569869995	0.4658593535423279	-0.118258036673069	-0.052827779203653336	-0.04372583329677582	0.20557411015033722	0.3813435733318329	-0.025708217173814774	0.3485634922981262	-0.2114846557378769	0.10195204615592957	-0.1097978875041008	0.019074678421020508	0.0062209791503846645	-0.11674351245164871	0.18132390081882477	0.011557525023818016	0.010312399826943874	0.0430169552564621	0.5936909317970276	0.4230859875679016	0.23745808005332947	0.3125784993171692	0.08370184898376465	0.24390360713005066	0.38573765754699707	0.14859898388385773	0.06175888702273369	-0.13235339522361755	-0.24211549758911133	0.16707544028759003	0.2500145733356476	0.1941036880016327	-0.02130887098610401
PUT-DA-rh	0.015060638077557087	-0.02482033707201481	0.04856901243329048	0.059514980763196945	-0.14385393261909485	0.0496942475438118	0.07261945307254791	0.01982169598340988	-0.2263987809419632	0.1145450547337532	0.483599990606308	1.0	0.28523147106170654	0.4400254189968109	-0.020131051540374756	0.15005843341350555	0.294431209564209	0.13443076610565186	0.0007085024262778461	0.01797446422278881	-0.409172922372818	0.1546037495136261	0.09126421809196472	-0.030308416113257408	0.34036505222320557	-0.07060029357671738	0.1514400690793991	0.05344147980213165	-0.1393289566040039	0.128645122051239	0.0078821936622262	0.07178591191768646	-0.053065501153469086	-0.18505463004112244	-0.17703230679035187	0.3581380546092987	0.5506017208099365	0.2629276216030121	0.5621630549430847	-0.2940690815448761	0.24117758870124817	0.13297709822654724	0.17313168942928314	0.10430650413036346	0.10492046922445297	-0.12971743941307068	-0.148378387093544	0.03606942296028137	-0.05041056498885155	-0.002933309879153967
PUT-VP-rh	0.19072909653186798	0.03341338410973549	0.31593087315559387	0.2518109977245331	-0.10345570743083954	0.04680183529853821	0.4493614733219147	0.2728879451751709	0.12278041988611221	0.073471300303936	0.24417124688625336	0.28523147106170654	1.0	0.30892428755760193	-0.03469165414571762	0.002915681805461645	0.06897273659706116	0.10916189104318619	0.14617404341697693	0.29756608605384827	-0.28468775749206543	0.19224728643894196	-0.0366363450884819	-0.10139919817447662	0.03585846722126007	0.2672528028488159	0.1778339147567749	0.16111093759536743	0.32559099793434143	-0.12643569707870483	-0.06281161308288574	0.36834558844566345	-0.06778579950332642	0.00102218275424093	-0.06616724282503128	-0.17606708407402039	0.05110200121998787	0.23786099255084991	0.02849528379738331	-0.3287029266357422	-0.08432523161172867	-0.11362124979496002	0.042231447994709015	0.02729104273021221	0.21385769546031952	-0.2740301191806793	0.25913557410240173	-0.007225553505122662	-0.13639087975025177	0.08937125653028488
PUT-DP-rh	0.09867121279239655	0.056518543511629105	0.03896872326731682	0.05001113563776016	-0.09881900995969772	-0.01286078430712223	-0.004827611148357391	-0.14435116946697235	-0.04006761685013771	0.09280005842447281	0.37877118587493896	0.4400254189968109	0.30892428755760193	1.0	-0.15327292680740356	0.09503879398107529	0.08371049910783768	0.15392360091209412	-0.16356003284454346	-0.013888927176594734	-0.3573634624481201	-0.0988149419426918	0.07520514726638794	-0.16204942762851715	0.043620191514492035	-0.02218536287546158	0.30555272102355957	0.10127884894609451	0.11022152751684189	0.012140395119786263	-0.05420787259936333	-0.015886275097727776	-0.14103934168815613	-0.018109986558556557	-0.10026799887418747	-0.05389317125082016	0.2138218879699707	0.4671500623226166	0.5282419919967651	-0.18904609978199005	-0.004506932571530342	0.01240016333758831	-0.1029452309012413	-0.19983412325382233	0.05730476230382919	0.08364333212375641	-0.2553917169570923	0.04529567435383797	-0.2894885540008545	-0.1262485235929489
CAU-VA-rh	0.0979294553399086	0.08426791429519653	0.04589781537652016	-0.05738309025764465	0.17952483892440796	0.3139079809188843	0.048563264310359955	0.3013789653778076	0.1983327865600586	-0.030009735375642776	0.20110490918159485	-0.020131051540374756	-0.03469165414571762	-0.15327292680740356	1.0	0.13778169453144073	0.3683578670024872	0.48161178827285767	0.0431177131831646	-0.14283661544322968	0.191024050116539	-0.08389686793088913	0.21214058995246887	0.16816754639148712	0.11744126677513123	-0.003772493451833725	0.019234608858823776	-0.14611868560314178	-0.023022430017590523	0.1815682202577591	-0.0020882415119558573	0.19678276777267456	0.1777382493019104	0.5317471027374268	0.03487410023808479	0.3193622827529907	-0.08655041456222534	-0.04351448267698288	-0.2568534016609192	0.580786406993866	0.3749925196170807	0.39795929193496704	0.2760188579559326	-0.1526363492012024	-0.4041856825351715	0.058521583676338196	0.19678455591201782	0.42633041739463806	0.2608451247215271	-0.013977321796119213
CAU-DA-rh	-0.2614375948905945	-0.1020592451095581	-0.03811988607048988	-0.17504481971263885	0.12681302428245544	0.17111092805862427	-0.07720410823822021	0.040658582001924515	0.02326483651995659	0.1619632989168167	0.40770629048347473	0.15005843341350555	0.002915681805461645	0.09503879398107529	0.13778169453144073	1.0	0.3817717432975769	0.20130394399166107	0.07326983660459518	-0.15251705050468445	0.07416378706693649	0.09628694504499435	0.32535821199417114	-0.2577258348464966	0.2658997178077698	-0.02797156386077404	0.005464721005409956	-0.5650874376296997	-0.2845711410045624	-0.042073071002960205	-0.10052400827407837	0.0902453362941742	-0.04574881121516228	0.021054279059171677	0.07535894215106964	0.5195437669754028	0.1059148758649826	-0.017039205878973007	0.18401123583316803	0.317268431186676	0.37027260661125183	0.4706375300884247	0.10198917984962463	0.19915950298309326	-0.07242242991924286	-0.2045358419418335	0.13477791845798492	0.32855692505836487	0.29838332533836365	0.049120914191007614
CAU-body-rh	0.07074659317731857	-0.00989439431577921	0.016755109652876854	-0.028798483312129974	0.08682699501514435	0.4179600775241852	-0.030715322121977806	0.3169432580471039	-0.02330721542239189	0.07482744008302689	0.32507723569869995	0.294431209564209	0.06897273659706116	0.08371049910783768	0.3683578670024872	0.3817717432975769	1.0	0.5347641706466675	-0.07167466729879379	-0.2899968922138214	-0.13181357085704803	0.004971411544829607	0.27290982007980347	0.046640634536743164	0.32269012928009033	0.046649325639009476	0.18039749562740326	-0.3585547208786011	-0.024465737864375114	-0.03796195611357689	0.05361201986670494	0.3091385066509247	0.08373238146305084	0.2095167487859726	0.2362889051437378	0.31809136271476746	0.26282012462615967	0.12255752831697464	0.18677553534507751	0.2946781814098358	0.3618381917476654	0.4733630120754242	0.4301733076572418	-0.0068403370678424835	-0.14154572784900665	0.046466339379549026	0.07017368078231812	0.3718617558479309	0.4526948928833008	0.23558712005615234
CAU-tail-rh	-0.037693437188863754	-0.11064549535512924	0.07252373546361923	0.047031469643116	0.09462232887744904	0.4943715035915375	0.07385005801916122	0.2700551450252533	0.1320282220840454	-0.08944931626319885	0.4658593535423279	0.13443076610565186	0.10916189104318619	0.15392360091209412	0.48161178827285767	0.20130394399166107	0.5347641706466675	1.0	-0.05310777202248573	-0.19533023238182068	-0.05771401897072792	0.07618288695812225	0.19447453320026398	0.02558043599128723	0.3481171727180481	-0.15978075563907623	0.12199439853429794	-0.11336766928434372	0.140110582113266	-0.015800729393959045	0.08194363117218018	0.37115439772605896	0.22013528645038605	0.30801573395729065	0.0946541354060173	0.3639305531978607	0.05777721107006073	0.029015667736530304	-0.03808589652180672	0.4054678976535797	0.30435124039649963	0.4882085919380188	0.449226051568985	0.022160112857818604	-0.17621289193630219	-0.15868546068668365	0.3050279915332794	0.39077359437942505	0.30606672167778015	0.1080104410648346
lAMY-rh	0.10004101693630219	0.18441520631313324	0.378310889005661	-0.18510447442531586	0.2357238084077835	-0.16004762053489685	0.032385360449552536	0.21831494569778442	0.18832986056804657	0.03369705751538277	-0.118258036673069	0.0007085024262778461	0.14617404341697693	-0.16356003284454346	0.0431177131831646	0.07326983660459518	-0.07167466729879379	-0.05310777202248573	1.0	0.2599565386772156	-0.03655225783586502	0.11018158495426178	0.11033893376588821	-0.06577884405851364	-0.11383599787950516	0.2592338025569916	-0.25837329030036926	0.14340339601039886	0.20297639071941376	-0.11897532641887665	-0.0862465649843216	-0.05907950550317764	-0.03368235379457474	-0.07841497659683228	-0.1670791506767273	-0.07253923267126083	-0.1676054447889328	-0.09894347935914993	-0.0016659657703712583	-0.2552429139614105	0.24225041270256042	-0.04687528312206268	0.03437277674674988	0.08962389081716537	0.24873360991477966	-0.31016725301742554	0.20390550792217255	0.0655779168009758	-0.018922345712780952	-0.11296623200178146
mAMY-rh	0.4560990035533905	0.3718574643135071	-0.08272223174571991	-0.0668751522898674	-0.036549706012010574	-0.13314396142959595	-0.13048969209194183	-0.18430429697036743	-0.18188044428825378	-0.13303020596504211	-0.052827779203653336	0.01797446422278881	0.29756608605384827	-0.013888927176594734	-0.14283661544322968	-0.15251705050468445	-0.2899968922138214	-0.19533023238182068	0.2599565386772156	1.0	0.0092238774523139	0.15320904552936554	-0.03248335421085358	-0.05158321186900139	-0.15891847014427185	0.3036338686943054	-0.13319411873817444	0.3087289333343506	0.15970923006534576	-0.15204636752605438	-0.19409726560115814	-0.3406483829021454	-0.19645915925502777	-0.08774632960557938	0.12051627784967422	-0.33347466588020325	0.08868309110403061	0.027295075356960297	0.0992923229932785	-0.3257787227630615	-0.21945485472679138	-0.367384672164917	-0.07770686596632004	0.2368144541978836	0.5150378346443176	-0.32446780800819397	0.1473066359758377	-0.047155316919088364	-0.4584815502166748	-0.21886712312698364
THA-DP-rh	-0.19760070741176605	-0.12555862963199615	0.07396829128265381	-0.10469933599233627	0.22495630383491516	0.15619347989559174	-0.0050634415820240974	0.0834326297044754	0.30131110548973083	-0.045084398239851	-0.04372583329677582	-0.409172922372818	-0.28468775749206543	-0.3573634624481201	0.191024050116539	0.07416378706693649	-0.13181357085704803	-0.05771401897072792	-0.03655225783586502	0.0092238774523139	1.0	0.10095125436782837	0.19340549409389496	0.2500707507133484	-0.03651353716850281	-0.13416509330272675	-0.2546698749065399	-0.12841485440731049	-0.00230609904974699	0.22180993854999542	0.046960942447185516	-0.006751064211130142	0.13263168931007385	0.007459159940481186	0.15553709864616394	0.0589892715215683	-0.20085617899894714	-0.3046422600746155	-0.2520168721675873	0.18472011387348175	0.20508454740047455	-0.005599340423941612	-0.29997119307518005	0.03919327259063721	-0.1950225681066513	-0.02614223025739193	0.20933479070663452	0.07210053503513336	0.19917407631874084	0.21688638627529144
NAc-shell-rh	-0.0888247862458229	-0.07449876517057419	0.18302375078201294	0.06794186681509018	-0.2938138544559479	0.021429384127259254	0.11344907432794571	0.3192042112350464	0.02531605400145054	-0.044727057218551636	0.20557411015033722	0.1546037495136261	0.19224728643894196	-0.0988149419426918	-0.08389686793088913	0.09628694504499435	0.004971411544829607	0.07618288695812225	0.11018158495426178	0.15320904552936554	0.10095125436782837	1.0	0.32609230279922485	-0.06309479475021362	0.3000665605068207	0.03562374413013458	-0.06136442348361015	0.07037074863910675	0.07920506596565247	-0.3312794268131256	-0.15681153535842896	0.197922483086586	0.27789586782455444	-0.2941482961177826	-0.37345823645591736	0.01155700720846653	-0.15856724977493286	-0.17133833467960358	0.016669629141688347	0.018745770677924156	-0.017750615254044533	0.11668936908245087	0.19895024597644806	0.07776918262243271	-0.058619651943445206	-0.3043690621852875	0.4191891849040985	-0.06293847411870956	0.04868284612894058	0.3539097309112549
NAc-core-rh	-0.03161150589585304	0.02377334050834179	0.18308715522289276	0.07888023555278778	0.09481357038021088	0.3034948706626892	0.01411257404834032	0.2896302044391632	0.036095719784498215	0.0009226432885043323	0.3813435733318329	0.09126421809196472	-0.0366363450884819	0.07520514726638794	0.21214058995246887	0.32535821199417114	0.27290982007980347	0.19447453320026398	0.11033893376588821	-0.03248335421085358	0.19340549409389496	0.32609230279922485	1.0	-0.1908191740512848	0.18987342715263367	-0.03129679709672928	0.04926472157239914	-0.1031244620680809	0.004638370592147112	0.06609854847192764	-0.27802520990371704	0.222283735871315	0.2641552686691284	0.19668908417224884	-0.02533746138215065	0.3650534451007843	0.19462408125400543	0.02037525363266468	0.24523678421974182	0.20649398863315582	0.32893669605255127	0.43854451179504395	0.2645953595638275	0.05076107010245323	-0.31413546204566956	-0.1384175717830658	0.42803341150283813	0.4444809854030609	0.21031534671783447	0.18929655849933624
pGP-rh	-0.06632626056671143	-0.10490072518587112	-0.032073430716991425	0.31466081738471985	0.1345641314983368	0.22957339882850647	0.03940535709261894	0.013462875969707966	0.23585271835327148	0.21004310250282288	-0.025708217173814774	-0.030308416113257408	-0.10139919817447662	-0.16204942762851715	0.16816754639148712	-0.2577258348464966	0.046640634536743164	0.02558043599128723	-0.06577884405851364	-0.05158321186900139	0.2500707507133484	-0.06309479475021362	-0.1908191740512848	1.0	0.021661030128598213	-0.24490690231323242	0.01940072514116764	0.09813192486763	0.33098849654197693	0.1805514246225357	0.36969950795173645	0.007939026691019535	-0.010243416763842106	0.19948932528495789	0.1647728681564331	0.05021035298705101	0.08635158091783524	0.17762385308742523	-0.0663616731762886	-0.044418804347515106	-0.043603163212537766	-0.030369186773896217	-0.14461147785186768	-0.22879831492900848	-0.05801208317279816	0.18053865432739258	-0.12823157012462616	-0.1491687297821045	0.1445654332637787	0.11922626942396164
aGP-rh	-0.3221642076969147	-0.09789249300956726	0.02137451432645321	0.13035382330417633	0.06963595002889633	0.053861889988183975	0.43209877610206604	0.17280417680740356	0.08557982742786407	0.12237973511219025	0.3485634922981262	0.34036505222320557	0.03585846722126007	0.043620191514492035	0.11744126677513123	0.2658997178077698	0.32269012928009033	0.3481171727180481	-0.11383599787950516	-0.15891847014427185	-0.03651353716850281	0.3000665605068207	0.18987342715263367	0.021661030128598213	1.0	-0.39348259568214417	-0.007391303312033415	-0.15142221748828888	0.07853536307811737	-0.10208377242088318	-0.08884033560752869	0.23697783052921295	0.18831157684326172	0.001221104641444981	-0.06870126724243164	0.33980682492256165	0.20282933115959167	-0.006822078488767147	0.21434172987937927	0.2719564437866211	0.41497603058815	0.42782193422317505	0.22041648626327515	-0.012733531184494495	-0.24254630506038666	-0.11497920751571655	-0.0003221952065359801	0.05888775363564491	0.20909833908081055	0.09997113794088364
HIP-head-m-lh	0.5681005120277405	0.5312809944152832	0.17695274949073792	0.04359148070216179	0.02044561877846718	0.0388997383415699	-0.08709017187356949	0.07853841781616211	0.10872906446456909	-0.15826234221458435	-0.2114846557378769	-0.07060029357671738	0.2672528028488159	-0.02218536287546158	-0.003772493451833725	-0.02797156386077404	0.046649325639009476	-0.15978075563907623	0.2592338025569916	0.3036338686943054	-0.13416509330272675	0.03562374413013458	-0.03129679709672928	-0.24490690231323242	-0.39348259568214417	1.0	0.18621425330638885	0.13280661404132843	0.19757066667079926	-0.17377489805221558	0.012949628755450249	0.19190460443496704	0.014239432290196419	0.09739343076944351	-0.051164641976356506	-0.20115958154201508	-0.25290367007255554	0.034325022250413895	-0.22396467626094818	-0.19510717689990997	-0.03856148570775986	-0.01654336042702198	0.054448701441287994	0.38727355003356934	0.4108909070491791	0.05632200464606285	0.11189067363739014	0.26778778433799744	0.08049656450748444	-0.2329876720905304
HIP-head-l-l	0.09920638799667358	0.2779979705810547	0.0706079825758934	0.4415569603443146	-0.04488351568579674	0.3575216233730316	-0.07493512332439423	0.15443018078804016	0.029631908982992172	-0.18131357431411743	0.10195204615592957	0.1514400690793991	0.1778339147567749	0.30555272102355957	0.019234608858823776	0.005464721005409956	0.18039749562740326	0.12199439853429794	-0.25837329030036926	-0.13319411873817444	-0.2546698749065399	-0.06136442348361015	0.04926472157239914	0.01940072514116764	-0.007391303312033415	0.18621425330638885	1.0	0.26039478182792664	0.11956547200679779	-0.06253218650817871	0.0729522630572319	0.19411025941371918	0.2349812239408493	0.2741069495677948	-0.1544835865497589	0.1440185308456421	0.14256878197193146	0.24726392328739166	0.07625795155763626	-0.053767140954732895	-0.06463997811079025	0.08910033851861954	-0.009212346747517586	0.035450711846351624	0.10322415828704834	0.17794689536094666	-0.13301795721054077	0.24262315034866333	0.16974323987960815	0.07489337027072906
HIP-body-l	0.37149935960769653	0.29529908299446106	0.23979437351226807	0.17551752924919128	-0.009291250258684158	0.026600319892168045	0.19593548774719238	0.15724383294582367	0.16829530894756317	0.061462245881557465	-0.1097978875041008	0.05344147980213165	0.16111093759536743	0.10127884894609451	-0.14611868560314178	-0.5650874376296997	-0.3585547208786011	-0.11336766928434372	0.14340339601039886	0.3087289333343506	-0.12841485440731049	0.07037074863910675	-0.1031244620680809	0.09813192486763	-0.15142221748828888	0.13280661404132843	0.26039478182792664	1.0	0.4364749789237976	-0.190557062625885	0.2048446536064148	0.03525927662849426	0.2952462434768677	0.09220783412456512	-0.04693755879998207	-0.3244186043739319	0.04905437305569649	0.023511556908488274	0.060336582362651825	-0.28238311409950256	-0.23827846348285675	-0.22487719357013702	-0.08349412679672241	0.13549619913101196	0.28348085284233093	0.004184499848634005	-0.036168891936540604	-0.1911740005016327	-0.2990226149559021	-0.1347598433494568
HIP-tail-lh	0.25168025493621826	0.14006556570529938	0.3199373185634613	0.26254138350486755	0.3106890916824341	0.05709793418645859	0.4206487834453583	0.3302282691001892	0.4976043701171875	0.3002513647079468	0.019074678421020508	-0.1393289566040039	0.32559099793434143	0.11022152751684189	-0.023022430017590523	-0.2845711410045624	-0.024465737864375114	0.140110582113266	0.20297639071941376	0.15970923006534576	-0.00230609904974699	0.07920506596565247	0.004638370592147112	0.33098849654197693	0.07853536307811737	0.19757066667079926	0.11956547200679779	0.4364749789237976	1.0	-0.2818117141723633	0.010607349686324596	0.2898823618888855	0.20375415682792664	0.21006588637828827	0.05376390740275383	-0.1655777096748352	-0.10517972707748413	0.10106948763132095	-0.1235685646533966	-0.1153218150138855	-0.018474658951163292	0.03517252206802368	-0.1244501918554306	-0.017412399873137474	0.1925032138824463	0.06366987526416779	0.1270575225353241	-0.04477962478995323	0.004280842840671539	-0.05181918293237686
THA-VPm-lh	-0.2216966301202774	-0.1782662719488144	0.012575403787195683	0.04084598645567894	-0.0017023030668497086	0.19924680888652802	-0.0326288677752018	-0.24207600951194763	0.0020598149858415127	-0.07477820664644241	0.0062209791503846645	0.128645122051239	-0.12643569707870483	0.012140395119786263	0.1815682202577591	-0.042073071002960205	-0.03796195611357689	-0.015800729393959045	-0.11897532641887665	-0.15204636752605438	0.22180993854999542	-0.3312794268131256	0.06609854847192764	0.1805514246225357	-0.10208377242088318	-0.17377489805221558	-0.06253218650817871	-0.190557062625885	-0.2818117141723633	1.0	0.3122231662273407	0.024200597777962685	-0.14727957546710968	0.26319119334220886	0.16708602011203766	0.10828476399183273	0.13088233768939972	0.2732805907726288	0.08048873394727707	-0.11795646697282791	0.0897594466805458	-0.13257333636283875	-0.0851297453045845	-0.11481383442878723	-0.23341301083564758	0.15060578286647797	-0.15588881075382233	0.06655018031597137	-0.0009361145203001797	0.010230028070509434
THA-VPl-lh	0.009064693003892899	0.06120818480849266	0.01688898541033268	0.00485105998814106	-0.05198071151971817	0.17052367329597473	0.15445354580879211	-0.037117891013622284	0.3951526880264282	0.1267067939043045	-0.11674351245164871	0.0078821936622262	-0.06281161308288574	-0.05420787259936333	-0.0020882415119558573	-0.10052400827407837	0.05361201986670494	0.08194363117218018	-0.0862465649843216	-0.19409726560115814	0.046960942447185516	-0.15681153535842896	-0.27802520990371704	0.36969950795173645	-0.08884033560752869	0.012949628755450249	0.0729522630572319	0.2048446536064148	0.010607349686324596	0.3122231662273407	1.0	0.3372785151004791	0.11119677871465683	0.2361859679222107	0.2231764942407608	-0.037149302661418915	-0.024550599977374077	0.08598126471042633	-0.11493423581123352	-0.053331147879362106	0.016068819910287857	0.010196773335337639	-0.17940375208854675	0.006129745859652758	0.1833343505859375	0.23728130757808685	-0.019754210487008095	-0.01768912933766842	0.014260910451412201	0.03693361207842827
THA-VAi-lh	0.0009380435803905129	-0.045379117131233215	0.3856247663497925	0.3122437596321106	0.09044872224330902	0.29995065927505493	0.6106122136116028	0.48909083008766174	0.47722646594047546	0.23649564385414124	0.18132390081882477	0.07178591191768646	0.36834558844566345	-0.015886275097727776	0.19678276777267456	0.0902453362941742	0.3091385066509247	0.37115439772605896	-0.05907950550317764	-0.3406483829021454	-0.006751064211130142	0.197922483086586	0.222283735871315	0.007939026691019535	0.23697783052921295	0.19190460443496704	0.19411025941371918	0.03525927662849426	0.2898823618888855	0.024200597777962685	0.3372785151004791	1.0	0.41495364904403687	0.30426058173179626	0.0531986728310585	0.19128410518169403	-0.09330727159976959	0.0628996193408966	-0.2867484390735626	0.1263868361711502	0.27658811211586	0.387701153755188	0.19331184029579163	0.09194368124008179	-0.04483954235911369	0.09587385505437851	0.4116666316986084	0.22995847463607788	0.3820028007030487	0.2755012810230255
THA-VAs-lh	0.05842587724328041	-0.0931854173541069	0.3939879238605499	0.04858386516571045	0.0028413257095962763	0.18167760968208313	0.17656688392162323	0.544044554233551	0.20234869420528412	-0.017900293692946434	0.011557525023818016	-0.053065501153469086	-0.06778579950332642	-0.14103934168815613	0.1777382493019104	-0.04574881121516228	0.08373238146305084	0.22013528645038605	-0.03368235379457474	-0.19645915925502777	0.13263168931007385	0.27789586782455444	0.2641552686691284	-0.010243416763842106	0.18831157684326172	0.014239432290196419	0.2349812239408493	0.2952462434768677	0.20375415682792664	-0.14727957546710968	0.11119677871465683	0.41495364904403687	1.0	0.15581580996513367	0.00483874324709177	0.05093764886260033	-0.0967685803771019	0.10077038407325745	-0.1293938159942627	0.245237797498703	0.13039226830005646	0.23185847699642181	0.30322107672691345	0.1874861866235733	-0.01996949315071106	0.15999770164489746	0.35315588116645813	0.028524385765194893	0.23020854592323303	0.20079946517944336
THA-DAm-lh	0.0952949970960617	0.20975910127162933	-0.08554244786500931	0.25135305523872375	0.2991330027580261	0.397764652967453	0.18688951432704926	0.04609465226531029	0.29644331336021423	0.009101527743041515	0.010312399826943874	-0.18505463004112244	0.00102218275424093	-0.018109986558556557	0.5317471027374268	0.021054279059171677	0.2095167487859726	0.30801573395729065	-0.07841497659683228	-0.08774632960557938	0.007459159940481186	-0.2941482961177826	0.19668908417224884	0.19948932528495789	0.001221104641444981	0.09739343076944351	0.2741069495677948	0.09220783412456512	0.21006588637828827	0.26319119334220886	0.2361859679222107	0.30426058173179626	0.15581580996513367	1.0	0.32825177907943726	0.11773889511823654	-0.10538006573915482	0.21126049757003784	-0.12644539773464203	0.366966187953949	0.13939371705055237	0.31712502241134644	0.2337162047624588	-0.13198406994342804	-0.1646474450826645	0.38395196199417114	0.024866031482815742	0.299064964056015	0.18739615380764008	-0.05792342498898506
THA-DAl-lh	0.11103959381580353	-0.08416405320167542	-0.1167176142334938	0.008971377275884151	0.2839869260787964	0.19433528184890747	-0.004034698940813541	-0.08629582822322845	0.028800848871469498	0.12008994817733765	0.0430169552564621	-0.17703230679035187	-0.06616724282503128	-0.10026799887418747	0.03487410023808479	0.07535894215106964	0.2362889051437378	0.0946541354060173	-0.1670791506767273	0.12051627784967422	0.15553709864616394	-0.37345823645591736	-0.02533746138215065	0.1647728681564331	-0.06870126724243164	-0.051164641976356506	-0.1544835865497589	-0.04693755879998207	0.05376390740275383	0.16708602011203766	0.2231764942407608	0.0531986728310585	0.00483874324709177	0.32825177907943726	1.0	-0.12458714097738266	0.129281684756279	0.2951160967350006	-0.009142566472291946	0.06516121327877045	-0.17781363427639008	-0.04892106354236603	0.13899460434913635	0.1168827936053276	0.09031151980161667	0.15189717710018158	-0.043867867439985275	-0.022047720849514008	0.030737819150090218	0.0174370426684618
PUT-VA-lh	-0.37419405579566956	-0.23739580810070038	-0.18867243826389313	0.06469453871250153	0.18557453155517578	0.3804028630256653	0.001655413769185543	0.042269084602594376	0.013194323517382145	0.11219581961631775	0.5936909317970276	0.3581380546092987	-0.17606708407402039	-0.05389317125082016	0.3193622827529907	0.5195437669754028	0.31809136271476746	0.3639305531978607	-0.07253923267126083	-0.33347466588020325	0.0589892715215683	0.01155700720846653	0.3650534451007843	0.05021035298705101	0.33980682492256165	-0.20115958154201508	0.1440185308456421	-0.3244186043739319	-0.1655777096748352	0.10828476399183273	-0.037149302661418915	0.19128410518169403	0.05093764886260033	0.11773889511823654	-0.12458714097738266	1.0	0.43386319279670715	-0.13462963700294495	0.157438725233078	0.32075464725494385	0.5025548934936523	0.5937179923057556	0.16853293776512146	0.16371655464172363	-0.17299775779247284	-0.1391952484846115	0.17731836438179016	0.5077700614929199	0.5148089528083801	-0.03694711625576019
PUT-DA-l	-0.11148040741682053	-0.07766182720661163	-0.215959832072258	0.13944140076637268	0.020931828767061234	0.2628040611743927	-0.07012298703193665	-0.10599569976329803	-0.3148517608642578	0.2812848687171936	0.4230859875679016	0.5506017208099365	0.05110200121998787	0.2138218879699707	-0.08655041456222534	0.1059148758649826	0.26282012462615967	0.05777721107006073	-0.1676054447889328	0.08868309110403061	-0.20085617899894714	-0.15856724977493286	0.19462408125400543	0.08635158091783524	0.20282933115959167	-0.25290367007255554	0.14256878197193146	0.04905437305569649	-0.10517972707748413	0.13088233768939972	-0.024550599977374077	-0.09330727159976959	-0.0967685803771019	-0.10538006573915482	0.129281684756279	0.43386319279670715	1.0	0.2502606213092804	0.5418235063552856	-0.04988211393356323	0.06888648122549057	0.23368944227695465	0.1086815670132637	-0.007559452671557665	0.048383928835392	-0.06201540306210518	-0.1446668654680252	0.23574234545230865	-0.020081831142306328	-0.15450695157051086
PUT-VP-lh	0.008795008063316345	-0.08264718949794769	0.18036741018295288	0.3449547290802002	-0.029030730947852135	0.029362211003899574	0.02405819669365883	0.07507683336734772	-0.056165311485528946	0.16354063153266907	0.23745808005332947	0.2629276216030121	0.23786099255084991	0.4671500623226166	-0.04351448267698288	-0.017039205878973007	0.12255752831697464	0.029015667736530304	-0.09894347935914993	0.027295075356960297	-0.3046422600746155	-0.17133833467960358	0.02037525363266468	0.17762385308742523	-0.006822078488767147	0.034325022250413895	0.24726392328739166	0.023511556908488274	0.10106948763132095	0.2732805907726288	0.08598126471042633	0.0628996193408966	0.10077038407325745	0.21126049757003784	0.2951160967350006	-0.13462963700294495	0.2502606213092804	1.0	0.3015483319759369	-0.2710607051849365	-0.26736748218536377	-0.06346548348665237	0.16579796373844147	-0.18103095889091492	0.016162080690264702	0.18899977207183838	-0.2576269209384918	-0.05528700351715088	-0.17436230182647705	-0.014370836317539215
PUT-DP-lh	-0.14698034524917603	-0.06888526678085327	-0.1072743833065033	-0.15231460332870483	-0.053827427327632904	0.07176804542541504	-0.11401843279600143	-0.23706458508968353	-0.32000118494033813	0.08706068247556686	0.3125784993171692	0.5621630549430847	0.02849528379738331	0.5282419919967651	-0.2568534016609192	0.18401123583316803	0.18677553534507751	-0.03808589652180672	-0.0016659657703712583	0.0992923229932785	-0.2520168721675873	0.016669629141688347	0.24523678421974182	-0.0663616731762886	0.21434172987937927	-0.22396467626094818	0.07625795155763626	0.060336582362651825	-0.1235685646533966	0.08048873394727707	-0.11493423581123352	-0.2867484390735626	-0.1293938159942627	-0.12644539773464203	-0.009142566472291946	0.157438725233078	0.5418235063552856	0.3015483319759369	1.0	-0.23554903268814087	0.033147942274808884	0.007989753969013691	0.12562187016010284	-0.06170297786593437	-0.007748445961624384	-0.06415138393640518	-0.27474504709243774	-0.09454263746738434	-0.08623150736093521	-0.10556959360837936
