Node	DMN_LABEL_1	Vis_LABEL_2	FP_LABEL_3	Aud_LABEL_4	Tpole_LABEL_5	PMN_LABEL_6	PON_LABEL_7	MTL_LABEL_8	PON_LABEL_9	CO_LABEL_10	Sal_LABEL_11	CO_LABEL_12	SMd_LABEL_13	SMl_LABEL_14	DAN_LABEL_15	DMN_LABEL_16	CO_LABEL_17	DMN_LABEL_18	VAN_LABEL_19	CO_LABEL_20	CO_LABEL_21	Sal_LABEL_22	DAN_LABEL_23	PMN_LABEL_24	DAN_LABEL_25	DMN_LABEL_26	DMN_LABEL_27	DMN_LABEL_28	Vis_LABEL_29	FP_LABEL_30	Aud_LABEL_31	Tpole_LABEL_32	PMN_LABEL_33	PON_LABEL_34	MTL_LABEL_35	CO_LABEL_36	Sal_LABEL_37	CO_LABEL_38	SMd_LABEL_39	SMl_LABEL_40	DAN_LABEL_41	CO_LABEL_42	VAN_LABEL_43	CO_LABEL_44	CO_LABEL_45	Sal_LABEL_46	DAN_LABEL_47	PMN_LABEL_48	DAN_LABEL_49	DMN_LABEL_50	FP_LABEL_51	DMN_LABEL_52	DMN_LABEL_53	PON_LABEL_54	DMN_LABEL_55	Tpole_LABEL_56	Tpole_LABEL_57	Sal_LABEL_58	Sal_LABEL_59	SMd_LABEL_60	DAN_LABEL_61	FP_LABEL_62	DMN_LABEL_63	FP_LABEL_64	FP_LABEL_65	SMd_LABEL_66	SMl_LABEL_67	SMd_LABEL_68	DMN_LABEL_69	DAN_LABEL_70	DMN_LABEL_71	FP_LABEL_72	SMd_LABEL_73	SMl_LABEL_74	MTL_LABEL_75	MTL_LABEL_76	CO_LABEL_77	CO_LABEL_78	Vis_LABEL_79	Vis_LABEL_80
DMN_LABEL_1	1.0	-0.17777250707149506	-0.22907261550426483	-0.08969389647245407	0.15824022889137268	0.4230904281139374	0.38843780755996704	n/a	0.015547388233244419	-0.16682852804660797	-0.007652969099581242	-0.3736080229282379	-0.1331462413072586	-0.0880294069647789	-0.1965363621711731	0.5624396800994873	-0.10008532553911209	0.49894145131111145	0.03378751873970032	-0.07445263117551804	-0.21868561208248138	-0.04502656310796738	-0.17591699957847595	0.41731205582618713	-0.0830218642950058	0.7332125902175903	0.611609160900116	0.29470664262771606	-0.2215213030576706	-0.37660330533981323	-0.2165781855583191	0.04513413831591606	0.2989574372768402	0.38349398970603943	n/a	-0.33082860708236694	-0.23092113435268402	-0.1909114420413971	0.31425055861473083	-0.024538220837712288	-0.13117805123329163	-0.01480486337095499	0.3095455765724182	-0.07108128815889359	-0.35273197293281555	-0.3823290765285492	-0.2002318948507309	-0.00827883929014206	-0.12166016548871994	0.3312312662601471	-0.47549062967300415	0.22960861027240753	0.36815375089645386	-0.060131389647722244	0.5371790528297424	0.09995599836111069	-0.07941222190856934	0.04570898413658142	-0.25382664799690247	-0.2464626431465149	0.010635919868946075	-0.2253846377134323	0.1343495398759842	-0.39476725459098816	-0.1912250518798828	-0.08501975238323212	0.05757512152194977	-0.14144113659858704	0.2581266760826111	0.003894092980772257	0.22046612203121185	-0.00927840918302536	-0.1282191425561905	-0.0683845728635788	0.3454219102859497	0.29004302620887756	-0.09833555668592453	-0.2647351026535034	-0.057371556758880615	-0.05998102203011513
Vis_LABEL_2	-0.17777250707149506	1.0	-0.37019312381744385	-0.06842783093452454	0.015361987054347992	-0.3643006384372711	0.43213778734207153	n/a	0.592907726764679	-0.19316086173057556	-0.4184544086456299	-0.15188579261302948	-0.4161377549171448	0.27694976329803467	0.005428538657724857	-0.027281181886792183	-0.2277727872133255	0.1485508233308792	-0.03460550308227539	-0.01863943226635456	-0.23055356740951538	-0.08025547862052917	0.23862755298614502	-0.23843835294246674	0.10027290135622025	0.07647965848445892	0.0301758274435997	-0.21863077580928802	0.8337862491607666	-0.3301903307437897	0.11143660545349121	0.09238602221012115	-0.3386877775192261	0.436859130859375	n/a	-0.03247242793440819	-0.3764842748641968	-0.15108062326908112	-0.38159722089767456	0.3498036861419678	-0.0336923748254776	-0.24445165693759918	-0.09374288469552994	-0.05591108277440071	-0.4228666424751282	-0.1920909732580185	0.2101646214723587	0.10937203466892242	-0.02714870311319828	-0.08008724451065063	-0.33727729320526123	-0.2563909590244293	0.09581753611564636	0.6082354187965393	-0.23434385657310486	-0.37260887026786804	0.05536237359046936	-0.22136075794696808	-0.1039542406797409	-0.3311428427696228	0.07969172298908234	-0.18378353118896484	-0.1150677502155304	-0.0868554413318634	-0.30965086817741394	-0.29682427644729614	0.05236871540546417	-0.15118718147277832	0.39478230476379395	0.13772669434547424	-0.015318460762500763	-0.26570528745651245	-0.30211278796195984	-0.38089990615844727	0.0008294968865811825	0.02541653998196125	-0.1183900460600853	0.04980519786477089	0.3351038694381714	0.27136024832725525
FP_LABEL_3	-0.22907261550426483	-0.37019312381744385	1.0	-0.20844058692455292	-0.12418767064809799	0.010993650183081627	-0.5906723141670227	n/a	-0.29428592324256897	0.15552055835723877	0.1549721509218216	0.3650662302970886	0.33098676800727844	-0.20173485577106476	0.2130032181739807	-0.46417054533958435	-0.010158829391002655	-0.5932836532592773	-0.27608785033226013	0.020618276670575142	0.23105622828006744	-0.20101256668567657	-0.05565802380442619	0.1862851083278656	0.007471052464097738	-0.5293532609939575	-0.40263867378234863	-0.08411746472120285	-0.32893478870391846	0.6369152665138245	-0.19957029819488525	-0.053126901388168335	-0.03728983551263809	-0.5562272071838379	n/a	0.05807049199938774	0.49283820390701294	0.04463016986846924	0.008498046547174454	-0.29888811707496643	0.12042717635631561	-0.13620160520076752	-0.0698356032371521	-0.1944274753332138	0.4311533272266388	0.0787210762500763	0.015445370227098465	0.21212095022201538	0.0677618607878685	-0.008811289444565773	0.5555065870285034	0.06100502237677574	-0.3888598680496216	-0.22043056786060333	-0.11334334313869476	0.08705446124076843	-0.2652975618839264	0.20022206008434296	0.22247958183288574	0.05422038584947586	0.08788096904754639	0.33080750703811646	-0.3376534581184387	0.3394875228404999	0.45115941762924194	0.25208812952041626	-0.053772732615470886	0.3662275969982147	-0.4064173996448517	-0.12793518602848053	-0.3162716031074524	0.5558582544326782	0.48384398221969604	0.32290366291999817	-0.23268269002437592	-0.24002912640571594	0.020223557949066162	0.13454143702983856	-0.37980109453201294	-0.11226338893175125
Aud_LABEL_4	-0.08969389647245407	-0.06842783093452454	-0.20844058692455292	1.0	0.1063595712184906	0.25237154960632324	0.022778797894716263	n/a	-0.12464281171560287	0.2828868627548218	0.1495252251625061	0.19061444699764252	0.16225627064704895	0.18234048783779144	-0.10486596822738647	-0.09363885223865509	0.31025174260139465	-0.1733854115009308	-0.15615692734718323	0.33790144324302673	0.3186788558959961	0.354893296957016	-0.24277198314666748	0.2684151530265808	-0.1925937682390213	-0.11051249504089355	-0.2340402752161026	-0.01801876351237297	-0.21189945936203003	0.014889515936374664	0.7007269263267517	0.12845826148986816	0.2931750416755676	-0.023297328501939774	n/a	0.44286927580833435	0.30548810958862305	0.27174168825149536	0.05023331567645073	0.165045827627182	-0.34985801577568054	0.34971243143081665	-0.03597863391041756	0.2386770099401474	0.28999999165534973	0.37603557109832764	-0.24186718463897705	0.299910306930542	-0.17383740842342377	0.13117393851280212	0.053945429623126984	0.1868632733821869	0.1324472576379776	-0.007930143736302853	-0.04119855910539627	-0.10686886310577393	0.022847086191177368	-0.28136342763900757	-0.35250526666641235	-0.009979591704905033	-0.046768322587013245	0.009711011312901974	0.06605052202939987	0.020742958411574364	-0.037594735622406006	-0.11202890425920486	0.15386085212230682	0.011194773949682713	-0.19634905457496643	-0.05936027318239212	-0.2513744831085205	-0.4403102993965149	0.0336330346763134	0.07252442836761475	-0.026281429454684258	-0.0751788467168808	0.13330233097076416	0.23706917464733124	0.18234391510486603	-0.0919245257973671
Tpole_LABEL_5	0.15824022889137268	0.015361987054347992	-0.12418767064809799	0.1063595712184906	1.0	-0.11618074029684067	0.12424620985984802	n/a	-0.06942573189735413	0.049201153218746185	0.16136418282985687	0.11646776646375656	-0.08982077240943909	-0.24116139113903046	0.0005368175334297121	0.2937701642513275	-0.08735913783311844	0.3551136255264282	0.039285752922296524	-0.17854830622673035	0.14677467942237854	0.1119854524731636	-0.1813090294599533	-0.30159446597099304	-0.28999829292297363	0.33817681670188904	0.4101104438304901	0.09128831326961517	-0.2453167885541916	-0.254685640335083	0.18072748184204102	0.3842911124229431	-0.12740683555603027	0.02998586744070053	n/a	0.09626798331737518	0.05780109018087387	-0.05164138972759247	0.12962639331817627	-0.1438419073820114	-0.1922384351491928	-0.07844175398349762	0.2079973965883255	-0.11004331707954407	0.0024998376611620188	0.010639826767146587	-0.12839698791503906	-0.48754385113716125	-0.23413921892642975	0.036772843450307846	-0.17245090007781982	0.0021810089237987995	0.42863166332244873	-0.067293182015419	0.050697553902864456	0.3259957432746887	0.12949730455875397	-0.09072716534137726	-0.2020261138677597	0.05700871720910072	-0.1334698647260666	-0.1766279637813568	0.21186377108097076	-0.05457659065723419	-0.31233733892440796	0.039542634040117264	-0.10690685361623764	-0.004275946877896786	0.24261800944805145	0.011618289165198803	0.1320103406906128	-0.2786370515823364	0.014796474948525429	-0.33246123790740967	0.25932738184928894	0.32440587878227234	-0.2452840656042099	-0.21743738651275635	-0.16384601593017578	-0.20233049988746643
PMN_LABEL_6	0.4230904281139374	-0.3643006384372711	0.010993650183081627	0.25237154960632324	-0.11618074029684067	1.0	-0.14421512186527252	n/a	-0.39866530895233154	0.17950154840946198	0.18245548009872437	-0.08636195957660675	0.08909256011247635	-0.2132350653409958	-0.2821921706199646	0.023459618911147118	0.10255176573991776	-0.055310554802417755	-0.05554930120706558	0.049770060926675797	0.014036864042282104	0.10549737513065338	-0.3340342938899994	0.7264509797096252	-0.325674831867218	0.22369571030139923	-0.06321819126605988	0.04235784336924553	-0.35267582535743713	0.005277592688798904	-0.02953159809112549	-0.007278685458004475	0.9301885366439819	-0.0658264011144638	n/a	-0.01635216549038887	0.1367693394422531	-0.023294227197766304	0.3674566447734833	-0.27955833077430725	-0.3005248010158539	0.15681292116641998	0.14973562955856323	0.08325513452291489	-0.020286450162529945	-0.03284670412540436	-0.36347293853759766	0.4738258719444275	-0.3494878113269806	0.31674373149871826	-0.10732655972242355	0.38364362716674805	0.09831870347261429	-0.34145814180374146	0.33867400884628296	0.11794476211071014	-0.19457554817199707	0.22228968143463135	0.04404270648956299	-0.021166659891605377	-0.05211390182375908	-0.030080853030085564	0.3030047118663788	-0.0701650083065033	0.20178699493408203	-0.24927343428134918	-0.10533546656370163	-0.022497529163956642	-0.30050230026245117	-0.1301117241382599	0.16870975494384766	-0.005577245727181435	-0.11939524859189987	0.04891308769583702	0.09368925541639328	-0.04941852390766144	0.11537420749664307	0.08823026716709137	0.08161872625350952	-0.22184044122695923
PON_LABEL_7	0.38843780755996704	0.43213778734207153	-0.5906723141670227	0.022778797894716263	0.12424620985984802	-0.14421512186527252	1.0	n/a	0.632506251335144	-0.009453902021050453	-0.3818117678165436	-0.11485973745584488	-0.22196099162101746	0.09167467802762985	0.23711460828781128	0.4182330071926117	0.18074555695056915	0.42384690046310425	-0.07681793719530106	0.24882960319519043	-0.16181230545043945	-0.1935938149690628	0.4163554906845093	0.08054440468549728	0.2995929718017578	0.5070436000823975	0.5359004735946655	-0.16983072459697723	0.3821018636226654	-0.72989422082901	0.07324857264757156	0.13843666017055511	-0.15197278559207916	0.937483012676239	n/a	0.05139254033565521	-0.4978254735469818	0.09258714318275452	0.02919744700193405	0.16914811730384827	0.08684054017066956	0.3012568950653076	-0.08601926267147064	0.25704899430274963	-0.39703652262687683	-0.31430238485336304	0.3307795524597168	-0.049071162939071655	0.031091652810573578	-0.1078965812921524	-0.6653574705123901	-0.12110548466444016	0.30403727293014526	0.46531617641448975	0.007443780545145273	-0.25203314423561096	0.26555538177490234	-0.24958303570747375	-0.42375949025154114	-0.11629461497068405	0.20997634530067444	-0.36567869782447815	-0.11049601435661316	-0.41764721274375916	-0.5919920802116394	-0.10122435539960861	0.00783871952444315	-0.23930276930332184	0.43138277530670166	0.3300780951976776	0.010653113946318626	-0.31817036867141724	-0.21384061872959137	-0.2468080371618271	0.2735411822795868	0.22853216528892517	-0.028007108718156815	-0.20885063707828522	0.24324370920658112	0.26115483045578003
MTL_LABEL_8	n/a	n/a	n/a	n/a	n/a	n/a	n/a	1.0	n/a	n/a	n/a	n/a	n/a	n/a	n/a	n/a	n/a	n/a	n/a	n/a	n/a	n/a	n/a	n/a	n/a	n/a	n/a	n/a	n/a	n/a	n/a	n/a	n/a	n/a	n/a	n/a	n/a	n/a	n/a	n/a	n/a	n/a	n/a	n/a	n/a	n/a	n/a	n/a	n/a	n/a	n/a	n/a	n/a	n/a	n/a	n/a	n/a	n/a	n/a	n/a	n/a	n/a	n/a	n/a	n/a	n/a	n/a	n/a	n/a	n/a	n/a	n/a	n/a	n/a	n/a	n/a	n/a	n/a	n/a	n/a
PON_LABEL_9	0.015547388233244419	0.592907726764679	-0.29428592324256897	-0.12464281171560287	-0.06942573189735413	-0.39866530895233154	0.632506251335144	n/a	1.0	-0.2321518510580063	-0.5283170342445374	-0.17208200693130493	-0.16567787528038025	0.11184480041265488	0.27261900901794434	0.12289028614759445	-0.08678308129310608	0.22684240341186523	-0.007711818907409906	0.1810224950313568	-0.35851168632507324	-0.23440366983413696	0.5485795736312866	-0.12257273495197296	0.39748984575271606	0.07998901605606079	0.1320548802614212	-0.2422219216823578	0.5589842796325684	-0.4032900333404541	-0.0659123882651329	-0.12787559628486633	-0.38950538635253906	0.6849684715270996	n/a	-0.043559398502111435	-0.41851964592933655	-0.10924050956964493	-0.12768320739269257	0.1324460655450821	0.17742842435836792	-0.049062881618738174	-0.12956634163856506	0.01077687181532383	-0.416054904460907	-0.08195033669471741	0.46703672409057617	-0.0038887744303792715	0.3049009442329407	-0.23794975876808167	-0.24684585630893707	-0.2689542770385742	0.15189918875694275	0.7942434549331665	-0.18078742921352386	-0.26026448607444763	0.30666983127593994	-0.32558301091194153	-0.3111315965652466	-0.24408107995986938	0.21100416779518127	-0.11498219519853592	-0.26296722888946533	-0.0820961520075798	-0.379464328289032	-0.14949896931648254	-0.006616172846406698	-0.12899371981620789	0.43289893865585327	0.39417576789855957	-0.19568787515163422	-0.16384345293045044	-0.09257195889949799	-0.09652674943208694	0.2030888944864273	0.04348701611161232	-0.029713338240981102	-0.15110014379024506	0.22200804948806763	0.2817226052284241
CO_LABEL_10	-0.16682852804660797	-0.19316086173057556	0.15552055835723877	0.2828868627548218	0.049201153218746185	0.17950154840946198	-0.009453902021050453	n/a	-0.2321518510580063	1.0	0.2974659204483032	0.7646918892860413	0.33595457673072815	-0.02842104621231556	0.2858346700668335	-0.1531945765018463	0.7677998542785645	-0.3011102080345154	-0.1420721709728241	0.5437449216842651	0.7519803643226624	0.03169500082731247	0.0880921483039856	0.31766876578330994	0.14102649688720703	-0.2628462314605713	-0.1956825852394104	-0.2432834804058075	-0.1129511147737503	-0.17289170622825623	0.19593100249767303	0.12300490587949753	0.2232872098684311	-0.0357004851102829	n/a	0.7770563364028931	0.07198415696620941	0.5922877192497253	-0.16760490834712982	-0.25961652398109436	-0.1146465539932251	0.625015914440155	-0.19119307398796082	0.48879411816596985	0.45746368169784546	0.10980362445116043	0.07735062390565872	0.2048075646162033	-0.14040155708789825	-0.08115820586681366	-0.17666971683502197	-0.11356060951948166	-0.37365999817848206	-0.12367643415927887	-0.5046116709709167	0.18835224211215973	0.1419893503189087	0.0889236181974411	-0.06074490398168564	0.41456368565559387	0.11319294571876526	-0.12575064599514008	-0.23873363435268402	-0.00019255830557085574	-0.15520600974559784	0.29681262373924255	-0.038192931562662125	0.386880487203598	-0.35301893949508667	0.1814970225095749	-0.1291791796684265	-0.18606172502040863	0.3745279610157013	0.11675035953521729	-0.09122104942798615	-0.2736016511917114	0.12400215119123459	0.3682359755039215	-0.09115546941757202	-0.04437508434057236
Sal_LABEL_11	-0.007652969099581242	-0.4184544086456299	0.1549721509218216	0.1495252251625061	0.16136418282985687	0.18245548009872437	-0.3818117678165436	n/a	-0.5283170342445374	0.2974659204483032	1.0	0.1356090009212494	0.009274816140532494	0.011772760190069675	-0.23999716341495514	0.08717207610607147	-0.06481457501649857	-0.0707051083445549	0.07713024318218231	-0.1409655660390854	0.28160232305526733	0.4657452404499054	-0.37098634243011475	-0.013192451559007168	-0.2412036955356598	-0.0965929627418518	-0.05595023185014725	0.37783825397491455	-0.463339626789093	0.15394791960716248	-0.004103463143110275	0.11449173092842102	0.14416465163230896	-0.4118499755859375	n/a	0.045095670968294144	0.5529229044914246	-0.19171570241451263	0.06650512665510178	-0.08795081079006195	-0.23990735411643982	-0.1435433030128479	0.3030551075935364	-0.06789128482341766	0.2951425313949585	0.332547128200531	-0.44170933961868286	-0.06734438985586166	-0.06748490035533905	0.2623468339443207	0.10606203973293304	0.2627456486225128	-0.11053045839071274	-0.43465185165405273	-0.0671948716044426	0.2804774045944214	-0.1664169579744339	0.18075348436832428	0.12750016152858734	0.09181425720453262	-0.3983032703399658	-0.0025369988288730383	0.17182669043540955	-0.06630250811576843	0.23244686424732208	0.1707705557346344	-0.0924261212348938	-0.11613573879003525	-0.050472259521484375	-0.22280040383338928	0.22807534039020538	-0.07129701226949692	0.16535601019859314	0.03394472599029541	-0.06753633916378021	-0.120848648250103	0.034511446952819824	0.08735764026641846	-0.157569020986557	-0.35341453552246094
CO_LABEL_12	-0.3736080229282379	-0.15188579261302948	0.3650662302970886	0.19061444699764252	0.11646776646375656	-0.08636195957660675	-0.11485973745584488	n/a	-0.17208200693130493	0.7646918892860413	0.1356090009212494	1.0	0.4881485104560852	-0.10453725606203079	0.4184335768222809	-0.299972802400589	0.6345938444137573	-0.38806071877479553	-0.29541122913360596	0.5155023336410522	0.5640913248062134	-0.10981014370918274	0.1674450784921646	0.11806504428386688	0.08643272519111633	-0.47334855794906616	-0.3793540894985199	-0.3377268314361572	-0.12104008346796036	0.17336170375347137	0.18634675443172455	0.053831521421670914	0.05001673847436905	-0.11963290721178055	n/a	0.7577425241470337	0.13465532660484314	0.6403143405914307	-0.19621257483959198	-0.2605457901954651	-0.099790059030056	0.4565744698047638	-0.28891614079475403	0.20338819921016693	0.49678197503089905	0.20250682532787323	0.17627830803394318	0.13146516680717468	-0.17462210357189178	-0.10058034211397171	0.16342103481292725	-0.13084328174591064	-0.23035460710525513	-0.07119743525981903	-0.4940926730632782	0.07308824360370636	0.10006271302700043	-0.0871075987815857	-0.12696899473667145	0.502496063709259	0.18279869854450226	0.13518235087394714	-0.3165047764778137	0.21908146142959595	-0.08030956238508224	0.3966444730758667	-0.016426755115389824	0.585185706615448	-0.3274194300174713	0.17820318043231964	-0.3058067262172699	-0.03468513488769531	0.6067541837692261	0.22984087467193604	-0.09253986179828644	-0.12963372468948364	0.24388210475444794	0.4535844027996063	-0.0545923225581646	-0.060032736510038376
SMd_LABEL_13	-0.1331462413072586	-0.4161377549171448	0.33098676800727844	0.16225627064704895	-0.08982077240943909	0.08909256011247635	-0.22196099162101746	n/a	-0.16567787528038025	0.33595457673072815	0.009274816140532494	0.4881485104560852	1.0	0.031772345304489136	0.5107576847076416	-0.3870232403278351	0.511816143989563	-0.35834619402885437	-0.18650449812412262	0.46615633368492126	0.32530781626701355	-0.06195751577615738	0.2511768043041229	0.18045412003993988	0.36577916145324707	-0.3726631999015808	-0.3559465706348419	-0.2688731253147125	-0.336000919342041	0.27193790674209595	-0.006243690848350525	-0.08878138661384583	0.21946050226688385	-0.16246852278709412	n/a	0.46766427159309387	0.19974462687969208	0.5031164884567261	0.2579498589038849	-0.16705800592899323	0.13914194703102112	0.4775596261024475	-0.0573941245675087	0.22395646572113037	0.4713718891143799	0.2505141794681549	0.17702177166938782	0.1545499712228775	0.24544796347618103	-0.06762393563985825	0.30441713333129883	0.033111512660980225	-0.18486209213733673	-0.17792509496212006	-0.1787220537662506	0.10612744837999344	0.16946469247341156	0.0874641016125679	-0.0199180506169796	0.517753541469574	0.14993296563625336	0.15454280376434326	-0.20185479521751404	-0.004527866840362549	0.04870178923010826	0.4200553894042969	-0.04225922003388405	0.5114476084709167	-0.4433118999004364	0.29023557901382446	-0.5380889177322388	0.005564918741583824	0.6279199719429016	0.2993408739566803	0.06664174050092697	-0.015833722427487373	0.41206175088882446	0.27828750014305115	-0.08805888146162033	0.1251666247844696
SMl_LABEL_14	-0.0880294069647789	0.27694976329803467	-0.20173485577106476	0.18234048783779144	-0.24116139113903046	-0.2132350653409958	0.09167467802762985	n/a	0.11184480041265488	-0.02842104621231556	0.011772760190069675	-0.10453725606203079	0.031772345304489136	1.0	-0.18323612213134766	-0.03356250002980232	-0.04503331705927849	0.04523180425167084	0.021180564537644386	0.04194090515375137	0.10754158347845078	0.24464590847492218	-0.08506079763174057	-0.07752025127410889	0.040845178067684174	-0.19726680219173431	-0.0647532194852829	0.14482566714286804	0.27954068779945374	0.014032802544534206	0.20041219890117645	-0.11506948620080948	-0.22668564319610596	0.07138685137033463	n/a	0.09654944390058517	-0.046401526778936386	0.15573549270629883	-0.18136799335479736	0.8532546162605286	-0.19682922959327698	-0.028567388653755188	0.11334072053432465	0.0019551755394786596	-0.0347529835999012	0.10882203280925751	-0.09638294577598572	0.23990878462791443	-0.008749876171350479	0.05243629589676857	-0.03471618518233299	-0.16925586760044098	-0.18105193972587585	0.05317423492670059	-0.06026381626725197	-0.2797955870628357	-0.14304713904857635	0.13511362671852112	0.15045933425426483	-0.15009023249149323	-0.024179261177778244	-0.11400678008794785	-0.2353750616312027	-0.18504564464092255	0.050380460917949677	0.03645072504878044	0.5425196886062622	-0.07494734972715378	0.2558177411556244	0.0737638771533966	-0.3339132070541382	-0.18764570355415344	-0.13574402034282684	0.2751895785331726	0.057411350309848785	0.04282306134700775	0.15928934514522552	0.21043798327445984	0.18723784387111664	0.24151769280433655
DAN_LABEL_15	-0.1965363621711731	0.005428538657724857	0.2130032181739807	-0.10486596822738647	0.0005368175334297121	-0.2821921706199646	0.23711460828781128	n/a	0.27261900901794434	0.2858346700668335	-0.23999716341495514	0.4184335768222809	0.5107576847076416	-0.18323612213134766	1.0	-0.26000627875328064	0.49938729405403137	-0.25922825932502747	-0.3181394934654236	0.5008898377418518	0.1973952054977417	-0.22559314966201782	0.7292941808700562	-0.00743059953674674	0.6900113821029663	-0.17508435249328613	-0.05928285792469978	-0.4089207649230957	0.07403644919395447	-0.17711974680423737	0.0070175910368561745	0.07058818638324738	-0.14927290380001068	0.24391044676303864	n/a	0.3838888704776764	-0.07225970178842545	0.3640633821487427	0.026757150888442993	-0.30183306336402893	0.45048168301582336	0.4804586172103882	-0.27645638585090637	0.41008076071739197	0.25303950905799866	0.0004641207924578339	0.5994030833244324	-0.011855408549308777	0.4168258011341095	-0.4240652024745941	-0.06539449095726013	-0.13885673880577087	-0.23125794529914856	0.16366852819919586	-0.4184848666191101	0.039040904492139816	0.2630872130393982	0.06641723215579987	-0.07156635820865631	0.32361358404159546	0.2575189471244812	-0.19885750114917755	-0.406235009431839	-0.22163422405719757	-0.3426668643951416	0.32110777497291565	-0.2638307511806488	0.23572908341884613	-0.2538072466850281	0.37108439207077026	-0.3600071966648102	0.0014814448077231646	0.4327429234981537	-0.019329166039824486	-0.12627024948596954	-0.14910823106765747	0.2168848216533661	0.07900473475456238	-0.13588491082191467	0.25848159193992615
DMN_LABEL_16	0.5624396800994873	-0.027281181886792183	-0.46417054533958435	-0.09363885223865509	0.2937701642513275	0.023459618911147118	0.4182330071926117	n/a	0.12289028614759445	-0.1531945765018463	0.08717207610607147	-0.299972802400589	-0.3870232403278351	-0.03356250002980232	-0.26000627875328064	1.0	-0.15417978167533875	0.7955532073974609	0.30425769090652466	-0.08254498988389969	-0.24770165979862213	0.08611884713172913	0.01512475311756134	-0.14409278333187103	-0.11643073707818985	0.5804851055145264	0.7402918338775635	0.5876097679138184	-0.008220043033361435	-0.4517105519771576	-0.0001723747991491109	0.11928782612085342	-0.08860258013010025	0.3439326584339142	n/a	-0.26202958822250366	-0.4010355770587921	-0.26162001490592957	0.00033253818401135504	0.041074320673942566	-0.08755334466695786	-0.06594055145978928	0.2697793245315552	0.039602361619472504	-0.45258617401123047	-0.11070623993873596	0.020915823057293892	-0.36837372183799744	-0.06511063873767853	0.1087653636932373	-0.4729900360107422	0.11807828396558762	0.4813166558742523	0.05145587399601936	0.3461751639842987	-0.04255858436226845	0.1385694146156311	0.02973700501024723	-0.14155174791812897	-0.08669424057006836	-0.008173491805791855	-0.3160206973552704	0.26501262187957764	-0.30350440740585327	-0.3476923704147339	-0.24200543761253357	-0.16443105041980743	-0.22894378006458282	0.4969455599784851	-0.046280354261398315	0.4208628535270691	-0.22997210919857025	-0.31004101037979126	-0.21718180179595947	0.3778960704803467	0.36926689743995667	-0.4483419358730316	-0.5358936190605164	0.1284356564283371	0.005955251399427652
CO_LABEL_17	-0.10008532553911209	-0.2277727872133255	-0.010158829391002655	0.31025174260139465	-0.08735913783311844	0.10255176573991776	0.18074555695056915	n/a	-0.08678308129310608	0.7677998542785645	-0.06481457501649857	0.6345938444137573	0.511816143989563	-0.04503331705927849	0.49938729405403137	-0.15417978167533875	1.0	-0.29965004324913025	-0.14239594340324402	0.7177314162254333	0.5815446376800537	-0.07743477821350098	0.2699207067489624	0.36457735300064087	0.42105063796043396	-0.2405826300382614	-0.14778730273246765	-0.20786063373088837	-0.032570309937000275	-0.258916974067688	0.17547747492790222	-0.09033818542957306	0.21395190060138702	0.17125694453716278	n/a	0.7147043347358704	-0.1733371913433075	0.7674334645271301	-0.17014917731285095	-0.2146032154560089	0.022569308057427406	0.9035109877586365	-0.2720499038696289	0.6214471459388733	0.37201640009880066	0.011950950138270855	0.28098294138908386	0.2128869742155075	0.08615806698799133	-0.22394528985023499	-0.21820546686649323	-0.17970781028270721	-0.3137109875679016	-0.06399756669998169	-0.3469133973121643	0.12984822690486908	0.24949583411216736	-0.05323044955730438	-0.24872449040412903	0.4563016891479492	0.3172703981399536	-0.043046895414590836	-0.3236084282398224	-0.10062509775161743	-0.24041707813739777	0.2963726818561554	-0.0728781521320343	0.41547051072120667	-0.41842037439346313	0.2140958309173584	-0.26678070425987244	-0.19782578945159912	0.3892376124858856	0.10965893417596817	-0.12731650471687317	-0.15396705269813538	0.20040974020957947	0.2196321040391922	-0.028070686385035515	0.1697538048028946
DMN_LABEL_18	0.49894145131111145	0.1485508233308792	-0.5932836532592773	-0.1733854115009308	0.3551136255264282	-0.055310554802417755	0.42384690046310425	n/a	0.22684240341186523	-0.3011102080345154	-0.0707051083445549	-0.38806071877479553	-0.35834619402885437	0.04523180425167084	-0.25922825932502747	0.7955532073974609	-0.29965004324913025	1.0	0.271092027425766	-0.16223791241645813	-0.3333672881126404	-0.00705718481913209	0.004726366605609655	-0.33290284872055054	-0.17074090242385864	0.7198619842529297	0.7230051159858704	0.3203752934932709	0.04418299347162247	-0.4644268751144409	0.027121271938085556	0.20231613516807556	-0.1306326687335968	0.3538861572742462	n/a	-0.2609042525291443	-0.39912188053131104	-0.3247479796409607	0.14808833599090576	0.16224946081638336	-0.12801416218280792	-0.1429036259651184	0.22290191054344177	-0.032559528946876526	-0.5190359950065613	-0.14417406916618347	-0.05160778760910034	-0.481474369764328	-0.16087326407432556	0.09569219499826431	-0.4411601126194	-0.05282238498330116	0.6300352811813354	0.05589066445827484	0.3495486080646515	0.02190234884619713	0.23149995505809784	-0.04380491375923157	-0.1010785847902298	-0.09463431686162949	-0.04362676292657852	-0.33651062846183777	0.3817130923271179	-0.34308522939682007	-0.4980311691761017	-0.2463545948266983	-0.04293253272771835	-0.1649170219898224	0.644961416721344	0.09310631453990936	0.49115264415740967	-0.25891929864883423	-0.3515280485153198	-0.26150748133659363	0.5266754627227783	0.43225744366645813	-0.3576643168926239	-0.3882063329219818	0.2087755650281906	-0.06975206732749939
VAN_LABEL_19	0.03378751873970032	-0.03460550308227539	-0.27608785033226013	-0.15615692734718323	0.039285752922296524	-0.05554930120706558	-0.07681793719530106	n/a	-0.007711818907409906	-0.1420721709728241	0.07713024318218231	-0.29541122913360596	-0.18650449812412262	0.021180564537644386	-0.3181394934654236	0.30425769090652466	-0.14239594340324402	0.271092027425766	1.0	-0.2512407898902893	-0.042411044239997864	0.21743671596050262	-0.1549866646528244	-0.22849661111831665	-0.08382246643304825	0.14931634068489075	0.20059522986412048	0.3033215403556824	0.05799206718802452	-0.19658403098583221	-0.132160022854805	-0.2074652463197708	-0.03877085819840431	-0.07443463057279587	n/a	-0.24647971987724304	-0.31287676095962524	-0.04135899245738983	-0.013062276877462864	0.10268402844667435	-0.1016869843006134	-0.15136860311031342	0.3227504789829254	-0.0069841849617660046	-0.30924707651138306	-0.12054238468408585	-0.12364556640386581	-0.4080873429775238	0.01484228391200304	0.020156290382146835	-0.1980135440826416	-0.23011229932308197	-0.08628547191619873	-0.06198875978589058	-0.010083012282848358	0.18768294155597687	0.23076239228248596	0.15678364038467407	0.18523862957954407	0.23189441859722137	-0.07091255486011505	0.07300981879234314	0.08197524398565292	0.08031780272722244	0.16035516560077667	0.15373645722866058	0.09778319299221039	-0.014995012432336807	0.09296324849128723	0.18766570091247559	0.31671398878097534	0.08454270660877228	-0.09317927062511444	-0.08301395177841187	0.07858309894800186	-0.06402266770601273	-0.1318396031856537	-0.21477752923965454	0.09766983240842819	-0.019049156457185745
CO_LABEL_20	-0.07445263117551804	-0.01863943226635456	0.020618276670575142	0.33790144324302673	-0.17854830622673035	0.049770060926675797	0.24882960319519043	n/a	0.1810224950313568	0.5437449216842651	-0.1409655660390854	0.5155023336410522	0.46615633368492126	0.04194090515375137	0.5008898377418518	-0.08254498988389969	0.7177314162254333	-0.16223791241645813	-0.2512407898902893	1.0	0.3565969169139862	-0.16233448684215546	0.47932785749435425	0.28118377923965454	0.4663396179676056	-0.23875272274017334	-0.12865367531776428	-0.2157311588525772	0.02807668037712574	-0.17184855043888092	0.25566285848617554	0.005260559264570475	0.10658862441778183	0.27848830819129944	n/a	0.6609663367271423	-0.15532492101192474	0.5587952136993408	-0.0633309930562973	-0.07605520635843277	0.08074051886796951	0.6429259181022644	-0.19965296983718872	0.47782576084136963	0.21395328640937805	0.09107264131307602	0.41760584712028503	0.34803739190101624	0.12755650281906128	-0.10756430774927139	-0.15040580928325653	-0.029777567833662033	-0.060738641768693924	0.17811760306358337	-0.21799154579639435	-0.22201207280158997	0.16563954949378967	-0.09640370309352875	-0.17496360838413239	0.335700660943985	0.28178900480270386	-0.032403867691755295	-0.32027679681777954	-0.06575769186019897	-0.3207344710826874	0.13566827774047852	-0.04408066347241402	0.29642048478126526	-0.21754910051822662	0.17361411452293396	-0.3822663128376007	-0.17022448778152466	0.32180026173591614	0.15259353816509247	0.08864840865135193	-0.14346139132976532	0.2282760888338089	0.22239504754543304	0.03551588952541351	0.15227849781513214
CO_LABEL_21	-0.21868561208248138	-0.23055356740951538	0.23105622828006744	0.3186788558959961	0.14677467942237854	0.014036864042282104	-0.16181230545043945	n/a	-0.35851168632507324	0.7519803643226624	0.28160232305526733	0.5640913248062134	0.32530781626701355	0.10754158347845078	0.1973952054977417	-0.24770165979862213	0.5815446376800537	-0.3333672881126404	-0.042411044239997864	0.3565969169139862	1.0	0.1637793928384781	-0.09090928733348846	0.1835985779762268	0.01218809187412262	-0.29342901706695557	-0.1518762707710266	-0.13562427461147308	-0.21633844077587128	0.03468577191233635	0.29418402910232544	0.031691502779722214	0.07134898006916046	-0.25779545307159424	n/a	0.7123287320137024	0.24665997922420502	0.5245475769042969	-0.1188294067978859	-0.00902659259736538	-0.03390393778681755	0.5309210419654846	-0.074659563601017	0.49783551692962646	0.7034900188446045	0.07632219791412354	-0.0669003501534462	0.03362173214554787	-0.1590650975704193	-0.07193020731210709	0.043548621237277985	-0.2342328131198883	-0.4432774782180786	-0.26693373918533325	-0.4214036464691162	0.23679019510746002	0.12442667782306671	0.2365380972623825	0.06878837943077087	0.2809200882911682	-0.1262817680835724	0.11761121451854706	-0.28120115399360657	0.14128291606903076	0.0905507504940033	0.4045368432998657	0.23144319653511047	0.2753318250179291	-0.38012829422950745	0.09562326222658157	-0.19676579535007477	-0.07627090811729431	0.32814469933509827	0.11501077562570572	-0.17414866387844086	-0.21874825656414032	0.1571163833141327	0.4015372097492218	-0.20513075590133667	-0.08255129307508469
Sal_LABEL_22	-0.04502656310796738	-0.08025547862052917	-0.20101256668567657	0.354893296957016	0.1119854524731636	0.10549737513065338	-0.1935938149690628	n/a	-0.23440366983413696	0.03169500082731247	0.4657452404499054	-0.10981014370918274	-0.06195751577615738	0.24464590847492218	-0.22559314966201782	0.08611884713172913	-0.07743477821350098	-0.00705718481913209	0.21743671596050262	-0.16233448684215546	0.1637793928384781	1.0	-0.38787826895713806	0.011624778620898724	-0.17461663484573364	-0.003995866049081087	-0.11193104088306427	0.29438504576683044	-0.09952704608440399	0.03868243843317032	0.08687739074230194	-0.019685151055455208	0.18581509590148926	-0.21480731666088104	n/a	-0.07472971826791763	0.20944298803806305	-0.10532458871603012	-0.10906683653593063	0.1338559240102768	-0.3515842854976654	-0.14556729793548584	0.4513900578022003	0.08733324706554413	0.1135779619216919	0.6375806331634521	-0.5127903819084167	0.0776003897190094	-0.033426910638809204	0.22503751516342163	0.013597593642771244	0.03567376360297203	-0.12054888159036636	-0.03704114258289337	-0.1880122870206833	0.21127596497535706	-0.053314920514822006	0.12961691617965698	0.14986947178840637	-0.14349690079689026	-0.5830070376396179	-0.02884717844426632	0.08621355891227722	-0.18236428499221802	0.1618138551712036	0.1132454127073288	0.13372470438480377	-0.28313907980918884	0.0030124825425446033	-0.20171575248241425	0.10038071870803833	-0.3990161120891571	-0.053773894906044006	0.02752554975450039	-0.20832251012325287	-0.21135157346725464	0.18471349775791168	0.18760819733142853	0.04239308834075928	0.1486520618200302
DAN_LABEL_23	-0.17591699957847595	0.23862755298614502	-0.05565802380442619	-0.24277198314666748	-0.1813090294599533	-0.3340342938899994	0.4163554906845093	n/a	0.5485795736312866	0.0880921483039856	-0.37098634243011475	0.1674450784921646	0.2511768043041229	-0.08506079763174057	0.7292941808700562	0.01512475311756134	0.2699207067489624	0.004726366605609655	-0.1549866646528244	0.47932785749435425	-0.09090928733348846	-0.38787826895713806	1.0	-0.14865964651107788	0.7012739181518555	-0.07667667418718338	0.04762796312570572	-0.3277203142642975	0.34563297033309937	-0.31043028831481934	-0.043416429311037064	0.007533057127147913	-0.26554372906684875	0.46356502175331116	n/a	0.2143343985080719	-0.3714115023612976	0.1508607417345047	-0.03325708582997322	-0.1691318303346634	0.5866996645927429	0.29299578070640564	-0.28769659996032715	0.2841346263885498	-0.09724495559930801	-0.07891155034303665	0.8732498288154602	-0.01457532774657011	0.5111480355262756	-0.5234732627868652	-0.17868131399154663	-0.1242072731256485	-0.11395541578531265	0.37550002336502075	-0.3613279163837433	-0.24206240475177765	0.24827517569065094	0.0357121080160141	-0.022489363327622414	0.2537600100040436	0.2917998135089874	-0.24403654038906097	-0.2811252474784851	-0.08524254709482193	-0.35139843821525574	0.04456103965640068	-0.3158927261829376	0.07040459662675858	0.007946649566292763	0.37985360622406006	-0.19457107782363892	0.013261208310723305	0.11445112526416779	-0.12210582196712494	-0.05370548740029335	-0.18486462533473969	0.02083698660135269	-0.0923648327589035	0.04764428734779358	0.2344328761100769
PMN_LABEL_24	0.41731205582618713	-0.23843835294246674	0.1862851083278656	0.2684151530265808	-0.30159446597099304	0.7264509797096252	0.08054440468549728	n/a	-0.12257273495197296	0.31766876578330994	-0.013192451559007168	0.11806504428386688	0.18045412003993988	-0.07752025127410889	-0.00743059953674674	-0.14409278333187103	0.36457735300064087	-0.33290284872055054	-0.22849661111831665	0.28118377923965454	0.1835985779762268	0.011624778620898724	-0.14865964651107788	1.0	-0.021120939403772354	0.03190716356039047	-0.22020027041435242	-0.09467894583940506	-0.12614759802818298	0.016581930220127106	-0.040335431694984436	-0.1876133382320404	0.7083454132080078	0.17223282158374786	n/a	0.16343408823013306	0.04999677464365959	0.2727288603782654	0.20109383761882782	-0.1740335375070572	-0.19903609156608582	0.3548576831817627	0.03212190791964531	0.20536617934703827	0.04136074706912041	-0.12777677178382874	-0.1437550038099289	0.7119069695472717	-0.1889653354883194	0.2634696066379547	-0.1298786699771881	0.08432304114103317	-0.2028713971376419	-0.10727132856845856	0.06395965814590454	-0.0007582638063468039	-0.2174571305513382	0.11896460503339767	-0.14002329111099243	-0.11683905124664307	0.04873484745621681	0.07328420877456665	-0.19799639284610748	-0.0737571120262146	0.23003382980823517	-0.013616635464131832	0.12622393667697906	0.052544597536325455	-0.38467538356781006	0.005904484540224075	-0.2076629102230072	0.05688675120472908	0.060794610530138016	0.1949167102575302	-0.03761504963040352	-0.20411287248134613	0.28795039653778076	0.28548160195350647	-0.026499908417463303	0.06027183309197426
DAN_LABEL_25	-0.0830218642950058	0.10027290135622025	0.007471052464097738	-0.1925937682390213	-0.28999829292297363	-0.325674831867218	0.2995929718017578	n/a	0.39748984575271606	0.14102649688720703	-0.2412036955356598	0.08643272519111633	0.36577916145324707	0.040845178067684174	0.6900113821029663	-0.11643073707818985	0.42105063796043396	-0.17074090242385864	-0.08382246643304825	0.4663396179676056	0.01218809187412262	-0.17461663484573364	0.7012739181518555	-0.021120939403772354	1.0	-0.08550960570573807	-0.0005324126686900854	-0.18817925453186035	0.257056325674057	-0.2720871567726135	-0.21009576320648193	-0.06942040473222733	-0.2578216791152954	0.3164949417114258	n/a	0.1221037209033966	-0.22214588522911072	0.22300215065479279	-0.0761231780052185	-0.04405565187335014	0.4888267517089844	0.37281426787376404	-0.21172776818275452	0.4168919026851654	0.08638110756874084	-0.07255695015192032	0.5260371565818787	-0.008157899603247643	0.7611171007156372	-0.392049103975296	-0.10100474953651428	-0.1694028675556183	-0.3110531270503998	0.3730480670928955	-0.30076995491981506	-0.055561818182468414	0.26213502883911133	-0.015572872012853622	-0.10986615717411041	0.23151859641075134	0.1816932111978531	-0.12154052406549454	-0.36221733689308167	-0.21270054578781128	-0.291179358959198	0.1798926740884781	-0.20332007110118866	0.10638201981782913	-0.09465724229812622	0.30296018719673157	-0.2876441776752472	0.0003059438895434141	0.3191929757595062	0.029102247208356857	-0.21080954372882843	-0.2333969622850418	0.10144759714603424	-0.1457281857728958	-0.15350797772407532	0.37993577122688293
