Node	LH_Vis_1	LH_Vis_2	LH_Vis_3	LH_Vis_4	LH_Vis_5	LH_Vis_6	LH_Vis_7	LH_Vis_8	LH_Vis_9	LH_SomMot_1	LH_SomMot_2	LH_SomMot_3	LH_SomMot_4	LH_SomMot_5	LH_SomMot_6	LH_DorsAttn_Post_1	LH_DorsAttn_Post_2	LH_DorsAttn_Post_3	LH_DorsAttn_Post_4	LH_DorsAttn_Post_5	LH_DorsAttn_Post_6	LH_DorsAttn_PrCv_1	LH_DorsAttn_FEF_1	LH_SalVentAttn_ParOper_1	LH_SalVentAttn_FrOperIns_1	LH_SalVentAttn_FrOperIns_2	LH_SalVentAttn_PFCl_1	LH_SalVentAttn_Med_1	LH_SalVentAttn_Med_2	LH_SalVentAttn_Med_3	LH_Limbic_OFC_1	LH_Limbic_TempPole_1	LH_Limbic_TempPole_2	LH_Cont_Par_1	LH_Cont_PFCl_1	LH_Cont_pCun_1	LH_Cont_Cing_1	LH_Default_Temp_1	LH_Default_Temp_2	LH_Default_Par_1	LH_Default_Par_2	LH_Default_PFC_1	LH_Default_PFC_2	LH_Default_PFC_3	LH_Default_PFC_4	LH_Default_PFC_5	LH_Default_PFC_6	LH_Default_PFC_7	LH_Default_pCunPCC_1	LH_Default_pCunPCC_2	RH_Vis_1	RH_Vis_2	RH_Vis_3	RH_Vis_4	RH_Vis_5	RH_Vis_6	RH_Vis_7	RH_Vis_8	RH_SomMot_1	RH_SomMot_2	RH_SomMot_3	RH_SomMot_4	RH_SomMot_5	RH_SomMot_6	RH_SomMot_7	RH_SomMot_8	RH_DorsAttn_Post_1	RH_DorsAttn_Post_2	RH_DorsAttn_Post_3	RH_DorsAttn_Post_4	RH_DorsAttn_Post_5	RH_DorsAttn_PrCv_1	RH_DorsAttn_FEF_1	RH_SalVentAttn_TempOccPar_1	RH_SalVentAttn_TempOccPar_2	RH_SalVentAttn_FrOperIns_1	RH_SalVentAttn_Med_1	RH_SalVentAttn_Med_2	RH_Limbic_OFC_1	RH_Limbic_TempPole_1	RH_Cont_Par_1	RH_Cont_Par_2	RH_Cont_PFCl_1	RH_Cont_PFCl_2	RH_Cont_PFCl_3	RH_Cont_PFCl_4	RH_Cont_Cing_1	RH_Cont_PFCmp_1	RH_Cont_pCun_1	RH_Default_Par_1	RH_Default_Temp_1	RH_Default_Temp_2	RH_Default_Temp_3	RH_Default_PFCv_1	RH_Default_PFCv_2	RH_Default_PFCdPFCm_1	RH_Default_PFCdPFCm_2	RH_Default_PFCdPFCm_3	RH_Default_pCunPCC_1	RH_Default_pCunPCC_2	LH-Pu	LH-Ca	LH-NAC	LH-EXA	LH-GPe	LH-GPi	LH-SNc_PBP_VTA	LH-RN	LH-SNr	LH-VeP	LH-HN	LH-HTH	LH-MN	LH-STH	RH-Pu	RH-Ca	RH-NAC	RH-EXA	RH-GPe	RH-GPi	RH-SNc_PBP_VTA	RH-RN	RH-SNr	RH-VeP	RH-HN	RH-HTH	RH-MN	RH-STH	LH-Pulvinar	LH-Anterior	LH-Medio_Dorsal	LH-Ventral_Latero_Dorsal	LH-Central_Lateral-Lateral_Posterior-Medial_Pulvinar	LH-Ventral_Anterior	LH-Ventral_Latero_Ventral	RH-Pulvinar	RH-Anterior	RH-Medio_Dorsal	RH-Ventral_Latero_Dorsal	RH-Central_Lateral-Lateral_Posterior-Medial_Pulvinar	RH-Ventral_Anterior	RH-Ventral_Latero_Ventral	LH_Hippocampus	LH_Amygdala	RH_Hippocampus	RH_Amygdala	Cerebellar_Region1	Cerebellar_Region2	Cerebellar_Region3	Cerebellar_Region4	Cerebellar_Region5	Cerebellar_Region6	Cerebellar_Region7	Cerebellar_Region8	Cerebellar_Region9	Cerebellar_Region10
LH_Vis_1	1.0	0.16096685826778412	0.4988552927970886	-0.15983761847019196	0.16504694521427155	0.3197823464870453	-0.23257231712341309	-0.16283951699733734	0.2605395019054413	0.32605642080307007	0.2078104317188263	0.23090489208698273	0.2866422235965729	-0.13450497388839722	0.17655736207962036	-0.3461310863494873	-0.3416508734226227	-0.3837757408618927	-0.25227463245391846	0.011806386522948742	-0.18791356682777405	-0.0883679911494255	0.14641620218753815	0.1521240919828415	0.22238416969776154	0.33282268047332764	0.2788371741771698	0.23439186811447144	0.450422465801239	0.2979145348072052	0.12287843227386475	-0.11751709878444672	-0.29105016589164734	-0.4192889332771301	0.10535850375890732	-0.3233757019042969	0.06343606114387512	-0.0720435380935669	-0.18964886665344238	-0.24390509724617004	-0.2992703914642334	0.3465985059738159	0.17168119549751282	0.5102498531341553	-0.06112341210246086	-0.059654559940099716	-0.3267262876033783	-0.06642702221870422	0.5705325603485107	-0.02150881104171276	0.7821059823036194	0.45306575298309326	-0.14015887677669525	0.17783010005950928	0.3426954448223114	0.20441973209381104	0.008069581352174282	0.027933426201343536	0.1572052240371704	0.0007993379258550704	0.2607976198196411	0.2291744500398636	0.35035860538482666	0.04048354923725128	0.032346028834581375	0.2196710854768753	-0.06615680456161499	-0.17558637261390686	-0.14181110262870789	-0.18848368525505066	-0.015053153038024902	0.02193499356508255	-0.06956073641777039	0.02748803049325943	-0.07300442457199097	0.28246378898620605	0.26704201102256775	0.23054124414920807	-0.07823421061038971	0.028445636853575706	-0.21110376715660095	-0.3827725052833557	-0.26908382773399353	0.009907749481499195	0.2068595439195633	-0.5073122382164001	-0.26776832342147827	0.2756728529930115	-0.10561191290616989	-0.4773406386375427	-0.04204602167010307	0.11371707916259766	-0.18024782836437225	0.0600472167134285	-0.15782810747623444	0.4652128219604492	-0.48530882596969604	-0.13396747410297394	0.5637838840484619	0.024374738335609436	0.40105098485946655	0.29401934146881104	-0.01759088784456253	0.10327114909887314	0.10535747557878494	0.1940341293811798	-0.053605761379003525	0.14154259860515594	-0.18954725563526154	-0.04848649725317955	-0.08762481808662415	0.42489951848983765	0.17960025370121002	0.2788102924823761	0.3248778283596039	0.09514129906892776	-0.0321415551006794	0.07929185032844543	0.2139943540096283	0.5394570231437683	-0.04311400651931763	0.3523642420768738	-0.011599001474678516	0.09979260712862015	0.1956256479024887	0.0538845956325531	0.25910279154777527	-0.1412172019481659	0.002061309991404414	0.26542016863822937	0.2931559979915619	0.30914169549942017	-0.02757529728114605	0.29490798711776733	0.2732255756855011	0.01823897287249565	0.42394590377807617	0.2634488046169281	0.268417626619339	0.1781902015209198	0.1758667528629303	0.30239570140838623	0.38852614164352417	0.2587638199329376	0.5333345532417297	0.28800225257873535	0.3304041028022766	0.32105347514152527	0.13527056574821472	0.17688819766044617	-0.09176675230264664	0.02666006237268448	-0.36630791425704956	-0.3486442267894745	-0.2903948426246643	-0.11072243750095367
LH_Vis_2	0.16096685826778412	1.0	0.7135308384895325	0.11637428402900696	0.6727956533432007	0.7199299335479736	-0.3441546857357025	-0.06418246030807495	0.6361221671104431	0.24262653291225433	0.48805272579193115	0.3422328233718872	0.38951751589775085	-0.07987412065267563	0.48936647176742554	-0.5487550497055054	-0.46370774507522583	-0.4746362566947937	-0.36136922240257263	-0.11687341332435608	-0.11979185044765472	-0.3214506506919861	-0.059583764523267746	-0.14663244783878326	-0.025523589923977852	0.2631201446056366	-0.42609065771102905	0.3448314666748047	0.5774034857749939	0.37692224979400635	-0.3952934443950653	-0.2324725091457367	-0.2318509966135025	-0.5304051637649536	-0.6053500771522522	-0.35731545090675354	0.05464578792452812	-0.06059587001800537	-0.16105778515338898	-0.5063226819038391	-0.003876304253935814	0.21107858419418335	-0.3199857771396637	0.2613675594329834	-0.14510154724121094	-0.09692293405532837	-0.3190598785877228	-0.03033287264406681	0.5756813883781433	-0.2079475224018097	0.1924714595079422	0.6585779190063477	-0.3255658745765686	0.6178672909736633	0.7852587699890137	0.49223464727401733	0.11851231008768082	0.5066877007484436	0.051383595913648605	0.2344886213541031	0.3494879901409149	0.5333592891693115	0.5237179398536682	0.14498241245746613	-0.03975827991962433	0.5739210844039917	0.053532931953668594	-0.43677225708961487	-0.48623374104499817	-0.3028896749019623	0.15910759568214417	-0.16163752973079681	-0.23240654170513153	-0.011140253394842148	-0.2003025859594345	0.050623271614313126	0.2995055913925171	0.32821834087371826	0.022502001374959946	-0.11278651654720306	-0.1309177279472351	0.00589116383343935	-0.187289297580719	-0.34619057178497314	-0.3377116620540619	-0.10065436363220215	-0.1074419915676117	0.1349727064371109	-0.04404370114207268	0.20932509005069733	-0.35896435379981995	-0.1815943568944931	0.07438862323760986	0.11009028553962708	-0.08951481431722641	0.3224341571331024	-0.1336098164319992	-0.20428594946861267	0.489757239818573	-0.08375007659196854	0.06883186101913452	0.3280521035194397	-0.0654003918170929	0.265225350856781	0.3870331943035126	0.20831014215946198	-0.1046643778681755	0.3646417558193207	-0.10926853865385056	-0.1870425045490265	0.18059077858924866	0.08172275871038437	0.07718153297901154	0.1338595151901245	0.22064703702926636	0.32204824686050415	-0.03526242449879646	0.3301369845867157	0.40521517395973206	0.3971579670906067	-0.06478040665388107	0.33858203887939453	0.09828433394432068	-0.22347129881381989	0.3142193853855133	-0.16812796890735626	0.13959740102291107	0.13450069725513458	0.3459722399711609	0.09381949156522751	0.3760492205619812	0.3479573726654053	0.0992492213845253	0.33473560214042664	0.1511969268321991	0.46373429894447327	0.4076942205429077	0.40229377150535583	0.37607792019844055	0.41443100571632385	0.18231971561908722	0.34925737977027893	0.3054136633872986	0.04538089409470558	0.1820276975631714	-0.07917135953903198	-0.21744969487190247	-0.31090763211250305	-0.254208505153656	-0.27011311054229736	-0.46017152070999146	-0.4659191966056824	-0.4933294951915741	-0.42372310161590576	-0.41802778840065	0.016788532957434654
LH_Vis_3	0.4988552927970886	0.7135308384895325	1.0	-0.3256257474422455	0.33951303362846375	0.933655321598053	-0.15245363116264343	-0.22284530103206635	0.8807337284088135	0.523024320602417	0.6989496946334839	0.6388348937034607	0.4483148157596588	0.12347688525915146	0.3812463581562042	-0.5386422872543335	-0.4023115634918213	-0.6205187439918518	-0.3017892837524414	-0.2034376561641693	-0.16647247970104218	-0.42142295837402344	0.039918284863233566	0.24939870834350586	0.34988296031951904	0.6133458018302917	-0.15273885428905487	0.6189026832580566	0.7626956105232239	0.4712037146091461	-0.08990032970905304	-0.2585797905921936	-0.4211418926715851	-0.5088842511177063	-0.32531195878982544	-0.14028695225715637	0.3032535910606384	-0.15897484123706818	-0.1548021286725998	-0.3593786060810089	-0.09120547771453857	0.43515318632125854	-0.3595599830150604	0.4314438998699188	-0.18936270475387573	-0.22302258014678955	-0.3725472092628479	-0.197787344455719	0.797732949256897	-0.13676723837852478	0.5494494438171387	0.7946555614471436	-0.28277382254600525	0.2401922643184662	0.7463119029998779	0.8026910424232483	-0.08250248432159424	0.5414502024650574	0.3165213167667389	0.4341486096382141	0.5978936553001404	0.5106865763664246	0.7619815468788147	0.33616918325424194	0.1500236690044403	0.5095980167388916	0.22281137108802795	-0.44301408529281616	-0.31419482827186584	-0.5038833022117615	-0.03808498755097389	-0.2192697376012802	-0.3701796531677246	0.1535082459449768	0.0884423777461052	0.4343720078468323	0.47486159205436707	0.3837127983570099	0.31103280186653137	-0.1539439857006073	0.10526224970817566	-0.04737980663776398	-0.009371001273393631	-0.040801748633384705	-0.21722184121608734	-0.1658610999584198	0.027250366285443306	0.3713977038860321	0.09375803172588348	0.028020232915878296	-0.3674309253692627	-0.1546175479888916	0.03410644829273224	0.35444918274879456	-0.19069407880306244	0.4741923213005066	-0.3820154368877411	-0.4871232211589813	0.7644234895706177	-0.09522885084152222	0.3826678395271301	0.4911610782146454	0.1646595597267151	0.40232521295547485	0.5671366453170776	0.05239502713084221	0.01645248383283615	0.46822816133499146	-0.28976738452911377	-0.1822897046804428	0.26643478870391846	0.3890683650970459	0.2751694321632385	0.3026130199432373	0.47639915347099304	0.40261581540107727	0.14249879121780396	0.3925793468952179	0.40629762411117554	0.4326823353767395	-0.08549495786428452	0.46420028805732727	0.18288183212280273	-0.08452733606100082	0.5665052533149719	-0.041704289615154266	0.10951123386621475	0.21613739430904388	0.39757537841796875	0.07979503273963928	0.6613427400588989	0.5249900817871094	0.29424723982810974	0.38453978300094604	0.3626968264579773	0.42275387048721313	0.441295325756073	0.5737980604171753	0.5972458720207214	0.5549530982971191	0.21737031638622284	0.5609534382820129	0.4426535367965698	0.206987664103508	0.46300947666168213	0.19112646579742432	-0.0935700461268425	-0.18154026567935944	-0.4123983681201935	-0.2768830955028534	-0.572837233543396	-0.4333859980106354	-0.6568865180015564	-0.6283825635910034	-0.4974539875984192	-0.30324405431747437
LH_Vis_4	-0.15983761847019196	0.11637428402900696	-0.3256257474422455	1.0	0.3320135474205017	-0.33468326926231384	-0.15009675920009613	0.11670263111591339	-0.38998374342918396	-0.430985689163208	-0.6427969336509705	-0.5403967499732971	-0.36363059282302856	-0.354676753282547	-0.20577026903629303	0.04067929834127426	-0.265550822019577	0.21970902383327484	0.1330505907535553	0.46591973304748535	0.09738441556692123	0.1438191682100296	-0.10936257988214493	-0.6821779608726501	-0.49246281385421753	-0.5404954552650452	-0.22347426414489746	-0.5468642711639404	-0.32354244589805603	-0.2861338257789612	-0.46179908514022827	0.3341563940048218	0.3548603355884552	-0.1264062076807022	-0.2620373070240021	-0.5076438188552856	-0.5131744146347046	0.504204511642456	0.19139070808887482	-0.033018145710229874	0.25010553002357483	-0.20464582741260529	0.36205804347991943	-0.030187569558620453	0.2487221509218216	0.37245187163352966	0.025315051898360252	0.17411799728870392	-0.21684496104717255	0.31205007433891296	-0.17789767682552338	-0.3994787037372589	0.2862326204776764	0.6288761496543884	-0.1892465502023697	-0.4121614098548889	0.25134071707725525	-0.3588840067386627	-0.6202804446220398	-0.6912030577659607	-0.5295103192329407	-0.24251766502857208	-0.45593559741973877	-0.48236843943595886	-0.15327833592891693	-0.22752602398395538	0.05223633348941803	-0.0015298002399504185	-0.213173046708107	0.214979350566864	0.31115347146987915	0.15759693086147308	-0.00021679526253137738	0.14722998440265656	-0.7545139789581299	-0.6933954954147339	-0.5242035984992981	-0.35309356451034546	-0.475668728351593	0.43357786536216736	-0.31183913350105286	0.16558018326759338	-0.40657365322113037	-0.5105306506156921	-0.14924617111682892	-0.053992390632629395	-0.519098699092865	-0.28415730595588684	-0.018435940146446228	0.26618149876594543	0.41255295276641846	0.49344170093536377	0.25846633315086365	-0.39653635025024414	0.21279674768447876	-0.06197797879576683	0.3401629328727722	0.6151772737503052	-0.33785879611968994	0.4014888107776642	-0.5737689137458801	-0.4625511169433594	-0.5802351236343384	-0.40102821588516235	-0.48923417925834656	-0.265982985496521	-0.3280668556690216	-0.3942602574825287	0.10548367351293564	-0.28907153010368347	-0.3815463185310364	-0.23367713391780853	-0.302857369184494	-0.34350255131721497	-0.4679872989654541	-0.5413995981216431	-0.5752782225608826	-0.2801147997379303	-0.13116592168807983	0.08479199558496475	0.09466621279716492	-0.22549140453338623	-0.1860443651676178	-0.305658757686615	-0.5166937708854675	-0.2908644378185272	0.1210491880774498	-0.4462401568889618	-0.3090971112251282	-0.03167342767119408	-0.5366299152374268	-0.3616475462913513	-0.3641173541545868	-0.3053165078163147	-0.38720932602882385	-0.15824533998966217	-0.09934680908918381	-0.4123884439468384	-0.5005068778991699	-0.5018576383590698	-0.2411893904209137	-0.4533839821815491	-0.14880496263504028	-0.2529868185520172	-0.38483771681785583	-0.43800443410873413	-0.07413066923618317	-0.03945118561387062	0.2889645993709564	0.04075605794787407	0.2947220504283905	0.1464507281780243	0.18382582068443298	0.21213144063949585	0.10181082040071487	0.3497258424758911
LH_Vis_5	0.16504694521427155	0.6727956533432007	0.33951303362846375	0.3320135474205017	1.0	0.41576606035232544	-0.4453233480453491	0.11005871742963791	0.3566514253616333	-0.08013923466205597	0.1799866110086441	-0.14597508311271667	0.45357754826545715	-0.3489232361316681	0.48515206575393677	-0.5130557417869568	-0.37559059262275696	-0.23046576976776123	-0.5028072595596313	0.4922676384449005	-0.22462788224220276	0.06395482271909714	-0.21344894170761108	-0.12011677026748657	-0.1813463419675827	0.08057394623756409	-0.2451196163892746	0.11232759803533554	0.6090635657310486	0.16244666278362274	-0.246318981051445	-0.16379910707473755	0.1153351366519928	-0.3456519842147827	-0.420046329498291	-0.34041622281074524	-0.12069196999073029	0.20695678889751434	-0.12736529111862183	-0.12663030624389648	0.15228600800037384	0.03005927801132202	-0.04916927590966225	0.26014357805252075	0.055312491953372955	0.15873360633850098	-0.28685885667800903	0.3811230957508087	0.5919996500015259	0.01665787398815155	-0.14921322464942932	0.09852229058742523	-0.5721480250358582	0.7627710700035095	0.563960611820221	-0.033504582941532135	0.22237427532672882	0.28806909918785095	-0.2063242495059967	-0.054923538118600845	0.1879299432039261	0.6047632098197937	0.2774036228656769	-0.27199578285217285	-0.26693564653396606	0.4841499626636505	-0.05234641209244728	-0.5246488451957703	-0.5960900187492371	-0.04596401005983353	0.3820126950740814	-0.03367109224200249	-0.202287957072258	0.13758358359336853	-0.4063653349876404	-0.12652476131916046	0.2970491945743561	0.11010564118623734	-0.20499064028263092	-0.07530652731657028	-0.47246843576431274	-0.25871336460113525	-0.3050040304660797	-0.4520232081413269	-0.0167581494897604	-0.29554376006126404	-0.4725249409675598	-0.12632650136947632	-0.031125010922551155	0.2212160974740982	-0.2928735315799713	0.07144815474748611	-0.013473598286509514	-0.17537735402584076	0.1692555695772171	0.21877720952033997	-0.03442371264100075	0.09886515140533447	0.43118026852607727	0.20713920891284943	-0.1484847366809845	-0.015133568085730076	-0.4615289866924286	-0.0294241514056921	0.1268022209405899	0.34994593262672424	-0.2045571506023407	-0.08438856154680252	-0.0027920440770685673	-0.037542201578617096	-0.04628186300396919	0.15919576585292816	-0.13664673268795013	-0.12465452402830124	-0.12184842675924301	0.00931420549750328	-0.5189046263694763	0.3575875461101532	0.31969690322875977	0.4675251245498657	-0.001275533577427268	0.4354799687862396	-0.1406756490468979	-0.0763174518942833	-0.10260684788227081	-0.39360618591308594	0.174833282828331	0.08653073012828827	0.03495549038052559	0.40411481261253357	0.1454879194498062	0.07237900048494339	-0.2029830664396286	0.31065255403518677	-0.09092847257852554	0.10695181787014008	0.48265212774276733	0.2149016112089157	0.2190796285867691	0.13396109640598297	0.29279670119285583	0.13572782278060913	0.1029127910733223	-0.06680794805288315	-0.12196190655231476	-0.15341788530349731	-0.253680944442749	-0.30825498700141907	-0.19091318547725677	-0.3849392235279083	-0.401466429233551	-0.5126259922981262	-0.5181304812431335	-0.25072720646858215	-0.3543865978717804	0.09709108620882034
LH_Vis_6	0.3197823464870453	0.7199299335479736	0.933655321598053	-0.33468326926231384	0.41576606035232544	1.0	-0.09604650735855103	-0.14675380289554596	0.8864651918411255	0.4340168833732605	0.6852292418479919	0.5878993272781372	0.48772767186164856	0.0971137210726738	0.3255663812160492	-0.48227477073669434	-0.2847510576248169	-0.5577164888381958	-0.2710278034210205	-0.18257521092891693	-0.2099718302488327	-0.3910120725631714	0.010794466361403465	0.22046798467636108	0.37508511543273926	0.6630975008010864	-0.25996726751327515	0.6221120357513428	0.7283435463905334	0.5043092966079712	-0.057986389845609665	-0.26295018196105957	-0.3380056619644165	-0.4381316304206848	-0.3986256420612335	-0.08089844882488251	0.306814044713974	-0.12703651189804077	-0.1727265864610672	-0.31692612171173096	-0.033044688403606415	0.40660029649734497	-0.4319968819618225	0.3873918950557709	-0.208976149559021	-0.1338774710893631	-0.31792789697647095	-0.10914234071969986	0.7727408409118652	-0.1416863352060318	0.35312244296073914	0.7139872908592224	-0.3385677635669708	0.2012183517217636	0.7927173972129822	0.8359674215316772	-0.046961210668087006	0.6354025602340698	0.2573314905166626	0.42922064661979675	0.6459853053092957	0.5466865301132202	0.7685210704803467	0.28101104497909546	0.10118799656629562	0.43883925676345825	0.28894972801208496	-0.38414421677589417	-0.34244200587272644	-0.47979506850242615	-0.0874975174665451	-0.2927889823913574	-0.3427305817604065	0.17321524024009705	0.10405445843935013	0.43671950697898865	0.43509000539779663	0.38217082619667053	0.3864606022834778	-0.14956583082675934	0.11998943239450455	-0.02787187695503235	0.0009770536562427878	-0.08673933148384094	-0.32751837372779846	-0.06878665834665298	0.06509970128536224	0.3067615032196045	0.11507001519203186	0.18119442462921143	-0.4055088460445404	-0.2003650665283203	0.0016053441213443875	0.40988221764564514	-0.16536730527877808	0.37285956740379333	-0.2859300374984741	-0.4212626516819	0.720791220664978	-0.10364557802677155	0.3338910937309265	0.46542128920555115	0.1150539368391037	0.4341050088405609	0.675779402256012	0.06887082010507584	-0.07531081140041351	0.4510726034641266	-0.35856544971466064	-0.17194391787052155	0.4087201952934265	0.4037317633628845	0.306643545627594	0.34732308983802795	0.3955622613430023	0.4188314378261566	0.11271113157272339	0.45208740234375	0.33325162529945374	0.35890284180641174	-0.17543387413024902	0.4953969717025757	0.17314273118972778	-0.15857981145381927	0.6163257956504822	-0.18951021134853363	0.16011331975460052	0.2530093789100647	0.45004069805145264	0.08458615839481354	0.7099459767341614	0.541681706905365	0.36084192991256714	0.4851418137550354	0.2617341876029968	0.4450353980064392	0.4565953314304352	0.6364637613296509	0.6422946453094482	0.5946487784385681	0.33741599321365356	0.5163101553916931	0.44049057364463806	0.2632581293582916	0.43499746918678284	0.18989862501621246	-0.2813843786716461	-0.3461262881755829	-0.5099852681159973	-0.27407538890838623	-0.5985273718833923	-0.4899861514568329	-0.6242324709892273	-0.5521669983863831	-0.45684096217155457	-0.32186418771743774
LH_Vis_7	-0.23257231712341309	-0.3441546857357025	-0.15245363116264343	-0.15009675920009613	-0.4453233480453491	-0.09604650735855103	1.0	0.2611822187900543	-0.1650916188955307	-0.15776580572128296	-0.17498637735843658	0.18417637050151825	-0.1468346118927002	0.5123292803764343	-0.30547016859054565	0.7435703873634338	0.5903156995773315	0.19014276564121246	0.6919462084770203	-0.12510111927986145	0.5095543265342712	-0.07817382365465164	0.27938809990882874	0.21480673551559448	0.5585427284240723	-0.05106212571263313	-0.20245683193206787	-0.3339102566242218	-0.31709569692611694	-0.16304177045822144	0.126149520277977	0.2721790373325348	0.18924343585968018	0.33367666602134705	0.06928092986345291	0.0782196894288063	-0.3916972279548645	-0.16147352755069733	-0.21747036278247833	0.09686785191297531	-0.21393996477127075	-0.44504514336586	-0.0722653716802597	-0.5432188510894775	-0.5431798696517944	-0.4266526997089386	-0.16199155151844025	-0.5588635206222534	-0.3282422423362732	-0.3518170714378357	0.09667931497097015	-0.165976420044899	0.6305915713310242	-0.5762697458267212	-0.3235214650630951	0.07661052793264389	-0.01661241240799427	0.03705655783414841	-0.0005506351590156555	0.09117776155471802	-0.016428815200924873	-0.0010941816726699471	0.005084902513772249	0.14426283538341522	0.39939767122268677	-0.265884667634964	0.6257723569869995	0.6181692481040955	0.44454193115234375	0.06372346729040146	0.007717105560004711	-0.21631254255771637	-0.0695120245218277	-0.0256506260484457	0.37035343050956726	-0.10694319009780884	-0.11563214659690857	-0.40878868103027344	0.48667579889297485	0.25979819893836975	0.637083113193512	0.16506758332252502	-0.06749937683343887	0.2396932989358902	-0.23731179535388947	0.28003567457199097	-0.02464146539568901	-0.42577221989631653	-0.211505725979805	0.08405008912086487	0.44203129410743713	-0.15298689901828766	-0.4339559078216553	-0.24454089999198914	-0.4389323890209198	-0.5792528986930847	-0.29068928956985474	0.059444740414619446	-0.4008752107620239	-0.41076987981796265	-0.23320825397968292	-0.4229048490524292	0.019413350149989128	-0.3110348880290985	-0.18830342590808868	-0.45578327775001526	-0.1673501878976822	-0.22013221681118011	-0.3654678761959076	0.10486163944005966	-0.008143959566950798	0.04577834904193878	0.07994823157787323	0.25514379143714905	-0.30383098125457764	-0.3929847478866577	0.3579380512237549	-0.3955051898956299	-0.4457080662250519	-0.41570496559143066	-0.26385241746902466	-0.18755339086055756	-0.22329877316951752	0.017374688759446144	-0.19202303886413574	0.06773563474416733	0.2408338487148285	-0.3360477089881897	0.1847504824399948	-0.5433164834976196	-0.24423052370548248	-0.3526013493537903	-0.06514180451631546	-0.2686590850353241	-0.24889247119426727	-0.10105444490909576	-0.6711475849151611	-0.34860628843307495	-0.3041396737098694	-0.3625923991203308	-0.370592325925827	-0.29872360825538635	-0.15072014927864075	0.4601423740386963	0.003437437117099762	0.4618845283985138	-0.36656081676483154	0.10947597771883011	-0.13330189883708954	0.27586686611175537	0.20995521545410156	0.24893410503864288	0.4147176146507263	0.3891599476337433	0.3997057378292084	0.014579632319509983
LH_Vis_8	-0.16283951699733734	-0.06418246030807495	-0.22284530103206635	0.11670263111591339	0.11005871742963791	-0.14675380289554596	0.2611822187900543	1.0	-0.13902898132801056	-0.37863433361053467	-0.37238675355911255	-0.3899543881416321	-0.08151054382324219	0.03175075352191925	0.013425041921436787	0.29731860756874084	0.26856160163879395	0.6460054516792297	0.28820568323135376	0.19379748404026031	0.644431471824646	-0.2588617205619812	-0.050224531441926956	-0.36527374386787415	-0.021402303129434586	-0.31960529088974	-0.2701431214809418	-0.44348767399787903	-0.14207908511161804	-0.19824175536632538	0.2246449589729309	-0.020204881206154823	0.3342631459236145	0.12799227237701416	-0.39378565549850464	-0.026404401287436485	-0.2114979475736618	-0.23119193315505981	-0.3838527202606201	-0.24189838767051697	-0.2583501636981964	-0.42153921723365784	0.12723295390605927	-0.4001559615135193	0.024892831221222878	-0.3491101861000061	-0.1580195128917694	-0.17487196624279022	-0.21815021336078644	-0.24179312586784363	-0.2989276349544525	-0.12691710889339447	-0.04700864106416702	-0.20384666323661804	-0.0899924710392952	-0.1965077668428421	0.8281449675559998	0.4314480125904083	-0.32679635286331177	-0.21082109212875366	-0.4115755259990692	-0.012530879117548466	-0.20322543382644653	-0.18853875994682312	0.45762133598327637	-0.1127079501748085	0.25818371772766113	0.22712819278240204	-0.0693974420428276	0.7389707565307617	0.48876914381980896	-0.5767821669578552	-0.27470117807388306	-0.5004259943962097	-0.1341865062713623	-0.4509848952293396	0.020150193944573402	-0.3460061252117157	0.14726866781711578	-0.14747850596904755	-0.13211184740066528	-0.31784787774086	-0.08547043800354004	-0.38314497470855713	-0.004129203502088785	-0.27652034163475037	-0.06890614330768585	-0.6980472803115845	-0.32540369033813477	0.03029751405119896	-0.0910848081111908	-0.353583961725235	-0.3889654278755188	-0.2855047583580017	-0.23319466412067413	-0.49000614881515503	-0.31977978348731995	-0.0560629665851593	-0.291614294052124	-0.19056835770606995	-0.2857251763343811	-0.20282697677612305	-0.06778853386640549	-0.14621460437774658	-0.31641510128974915	0.051778797060251236	-0.47826290130615234	-0.39305004477500916	-0.07086575031280518	0.16653163731098175	-0.01252586767077446	0.022486062720417976	-0.04954654350876808	0.21388685703277588	-0.422920286655426	-0.10330710560083389	-0.027708260342478752	0.005848665256053209	-0.40004611015319824	0.0446774885058403	-0.2528300881385803	-0.07819455116987228	-0.284197598695755	0.09547063708305359	-0.33760300278663635	-0.28182852268218994	0.2957616150379181	-0.13655667006969452	-0.01842200942337513	-0.25142648816108704	-0.28766608238220215	-0.23600026965141296	-0.2236291617155075	-0.0434936098754406	-0.4894760549068451	-0.18667277693748474	-0.17506785690784454	-0.27835163474082947	-0.2363968938589096	-0.37033960223197937	-0.20446601510047913	-0.43220168352127075	-0.16702571511268616	0.10182810574769974	-0.25454404950141907	0.01615772768855095	-0.2788851261138916	0.030350057408213615	0.31446462869644165	0.26820701360702515	0.38358089327812195	0.29446831345558167	0.23969580233097076	0.648084282875061	0.642129123210907	0.6054959893226624
LH_Vis_9	0.2605395019054413	0.6361221671104431	0.8807337284088135	-0.38998374342918396	0.3566514253616333	0.8864651918411255	-0.1650916188955307	-0.13902898132801056	1.0	0.5540781617164612	0.6975998878479004	0.4742724895477295	0.5939242839813232	0.17612528800964355	0.4476884603500366	-0.5079745054244995	-0.2963450253009796	-0.6110200881958008	-0.36847826838493347	-0.10732316970825195	-0.213241308927536	-0.27258676290512085	0.05836741626262665	0.2914637327194214	0.27108651399612427	0.5671629905700684	-0.08252015709877014	0.716076672077179	0.7472801208496094	0.570387065410614	0.07548531144857407	-0.27837228775024414	-0.3592502772808075	-0.39702433347702026	-0.25088441371917725	0.09244456142187119	0.4336855411529541	-0.11114837229251862	0.013586597517132759	-0.20641812682151794	-0.009348771534860134	0.4646075963973999	-0.2861655652523041	0.37163469195365906	-0.13799914717674255	-0.1393515020608902	-0.2045740783214569	-0.030435608699917793	0.7401747703552246	-0.006733505986630917	0.2468019276857376	0.625968873500824	-0.38031455874443054	0.15063324570655823	0.71741783618927	0.6955358386039734	-0.11607598513364792	0.6224569082260132	0.3449316918849945	0.44019752740859985	0.5316394567489624	0.5513644218444824	0.7703943252563477	0.26402997970581055	0.024515485391020775	0.5034369230270386	0.1046195700764656	-0.4777042865753174	-0.30749455094337463	-0.512152373790741	-0.09565885365009308	-0.11745810508728027	-0.2993572950363159	0.26910293102264404	0.08237077295780182	0.42463138699531555	0.47574180364608765	0.48098546266555786	0.31629934906959534	-0.24192184209823608	0.05721946060657501	-0.07138819992542267	0.015311145223677158	0.010384850203990936	-0.22569146752357483	-0.09447985887527466	0.16165757179260254	0.4263097047805786	0.17452028393745422	0.040332067757844925	-0.4933805763721466	-0.15430457890033722	0.13512709736824036	0.29634156823158264	-0.02651515230536461	0.3867463171482086	-0.30101555585861206	-0.5584807395935059	0.6710916757583618	-0.031215881928801537	0.3582000434398651	0.43991056084632874	0.1602083146572113	0.3409390151500702	0.5659666061401367	0.15536461770534515	0.21298734843730927	0.44392699003219604	-0.19032208621501923	-0.08816709369421005	0.3559657037258148	0.4002563953399658	0.3243533968925476	0.07589003443717957	0.4635370671749115	0.41988128423690796	0.1451737880706787	0.4851449728012085	0.42523470520973206	0.34362685680389404	0.09734483063220978	0.49415987730026245	0.4410572350025177	-0.09531872719526291	0.6250725984573364	0.0645093321800232	-0.20262187719345093	0.4209402799606323	0.35596320033073425	0.1831720620393753	0.7296897768974304	0.5296328663825989	0.36049410700798035	0.40738409757614136	0.33389151096343994	0.33095914125442505	0.3911515772342682	0.6679269671440125	0.6420580744743347	0.592696487903595	0.2930472791194916	0.5236470103263855	0.23090842366218567	0.017216050997376442	0.26346108317375183	-0.010635118000209332	-0.07321169227361679	-0.2856253981590271	-0.4196052551269531	-0.3725143373012543	-0.6178380250930786	-0.5460960268974304	-0.6927561163902283	-0.630364716053009	-0.46466368436813354	-0.23704087734222412
LH_SomMot_1	0.32605642080307007	0.24262653291225433	0.523024320602417	-0.430985689163208	-0.08013923466205597	0.4340168833732605	-0.15776580572128296	-0.37863433361053467	0.5540781617164612	1.0	0.7473636269569397	0.6431034207344055	0.3768010139465332	0.4204436242580414	0.35439199209213257	-0.4949181079864502	-0.24414077401161194	-0.628061830997467	-0.21557287871837616	-0.489702969789505	-0.24463647603988647	-0.31162771582603455	-0.035221561789512634	0.3072778582572937	0.38393092155456543	0.37898513674736023	0.06587228178977966	0.7249137759208679	0.3906724750995636	0.46206629276275635	0.15905077755451202	-0.38518965244293213	-0.6531861424446106	-0.5354403853416443	0.001078377477824688	0.3231973648071289	0.5398876667022705	-0.08053527027368546	0.16264447569847107	-0.04613848403096199	-0.08810143172740936	0.49183064699172974	-0.3144787549972534	0.5169255137443542	0.03886106237769127	0.01831713505089283	0.0851980447769165	-0.21574825048446655	0.4417445957660675	0.006814888678491116	0.3405207097530365	0.4756067097187042	-0.22473634779453278	-0.051282256841659546	0.4705963432788849	0.48512884974479675	-0.30865558981895447	0.3846692442893982	0.8503997325897217	0.6098963618278503	0.5185569524765015	0.1795598417520523	0.5899288654327393	0.6100606918334961	-0.02011803351342678	0.4056396484375	-0.2879132628440857	-0.27566733956336975	-0.25927770137786865	-0.5413491129875183	-0.33679521083831787	0.04437072202563286	-0.10517000406980515	0.17048783600330353	0.2770962119102478	0.5956830382347107	0.4426225423812866	0.6306242346763611	0.18903443217277527	-0.3347337245941162	-0.09380676597356796	-0.07111205905675888	0.26930880546569824	0.18490616977214813	-0.05103783309459686	0.14934967458248138	0.5071679353713989	0.7602034211158752	0.3123980164527893	-0.3080001473426819	-0.5328305959701538	-0.10348083823919296	0.2788861095905304	0.496433287858963	-0.1016659364104271	0.627800464630127	-0.10740675032138824	-0.48613181710243225	0.5530232787132263	0.07516980171203613	0.4723157286643982	0.5258070230484009	0.34570589661598206	0.1997092366218567	0.5517550706863403	0.07067573815584183	0.47360852360725403	0.32918503880500793	0.054944250732660294	-0.009438274428248405	0.3907291889190674	0.24954518675804138	0.42951521277427673	0.21245402097702026	0.6795098781585693	0.5283212065696716	0.22822046279907227	0.39315369725227356	0.38728079199790955	0.11797969043254852	0.23282964527606964	0.48592397570610046	0.39107751846313477	0.1320473849773407	0.6073062419891357	0.4206661880016327	-0.20843029022216797	0.35875120759010315	0.5660063624382019	0.16254134476184845	0.6800350546836853	0.6589938998222351	0.6539839506149292	0.3239229917526245	0.6389216184616089	0.564578115940094	0.2735629379749298	0.7478729486465454	0.7286558747291565	0.7680730819702148	0.3606727123260498	0.6841413974761963	0.18713249266147614	-0.03193039447069168	0.32513561844825745	-0.02220875956118107	0.2173519730567932	-0.05654659494757652	-0.07679001986980438	-0.09907049685716629	-0.37903058528900146	-0.27554142475128174	-0.45213502645492554	-0.6072021126747131	-0.45372915267944336	-0.4191594123840332
LH_SomMot_2	0.2078104317188263	0.48805272579193115	0.6989496946334839	-0.6427969336509705	0.1799866110086441	0.6852292418479919	-0.17498637735843658	-0.37238675355911255	0.6975998878479004	0.7473636269569397	1.0	0.8035693168640137	0.5645003914833069	0.3377271592617035	0.5541768074035645	-0.5526378750801086	-0.1855819672346115	-0.652902364730835	-0.416222482919693	-0.47165536880493164	-0.2917179465293884	-0.2777641713619232	-0.09273578971624374	0.5206336379051208	0.4454657733440399	0.6213213205337524	-0.08151949197053909	0.8085613250732422	0.6912816762924194	0.4538365602493286	0.012090512551367283	-0.48808661103248596	-0.601043701171875	-0.3955371081829071	-0.11544761806726456	0.24887947738170624	0.49024105072021484	-0.2715860903263092	-0.09369000047445297	-0.1116885244846344	-0.09531573206186295	0.3654833137989044	-0.6045776605606079	0.3550831079483032	-0.21214552223682404	-0.17101354897022247	-0.13451333343982697	-0.1308792531490326	0.6087291836738586	-0.290441632270813	0.23106753826141357	0.6168527007102966	-0.5141087174415588	0.002392409136518836	0.6568366885185242	0.624569296836853	-0.3198138475418091	0.5357582569122314	0.7696493268013	0.8368416428565979	0.7805433869361877	0.539252758026123	0.7366248369216919	0.6531520485877991	-0.007151254918426275	0.6650153398513794	-0.15988841652870178	-0.4140799939632416	-0.30048495531082153	-0.5535940527915955	-0.17297843098640442	-0.07593619078397751	-0.16287165880203247	0.07702954858541489	0.4860331118106842	0.7238394021987915	0.7148207426071167	0.5917783379554749	0.2694786489009857	-0.44941702485084534	0.007346555590629578	-0.12432262301445007	0.28696000576019287	0.21108883619308472	-0.05619503930211067	0.1068178340792656	0.38586267828941345	0.5311850905418396	0.12433064728975296	-0.09098285436630249	-0.6595962643623352	-0.32579606771469116	0.06360610574483871	0.4716204106807709	-0.1474585235118866	0.4663519263267517	-0.18435285985469818	-0.5823801755905151	0.6780906915664673	-0.20534595847129822	0.5307322144508362	0.5836194753646851	0.4308220148086548	0.4318101108074188	0.7094901204109192	0.27240443229675293	0.3602274954319	0.4710639715194702	-0.015657277777791023	0.04997709393501282	0.4250999391078949	0.20376227796077728	0.25441721081733704	0.29331836104393005	0.6624075770378113	0.6559231877326965	0.3117440640926361	0.5305011868476868	0.5133653283119202	0.13379815220832825	0.009023558348417282	0.49476584792137146	0.18426133692264557	0.14295490086078644	0.6057841181755066	0.19576452672481537	-0.05410991609096527	0.48896753787994385	0.6208075284957886	0.18227435648441315	0.7413229942321777	0.6278390884399414	0.49038729071617126	0.47746405005455017	0.6341871619224548	0.5821129679679871	0.4077836573123932	0.7198336124420166	0.8035698533058167	0.8274291753768921	0.38883933424949646	0.8411998748779297	0.3047930598258972	0.15665337443351746	0.3384305536746979	0.25436824560165405	-0.0222000814974308	-0.21924030780792236	-0.4558064639568329	-0.32597795128822327	-0.6572740077972412	-0.5380004644393921	-0.5934637784957886	-0.6359627842903137	-0.5748122334480286	-0.4807928502559662
LH_SomMot_3	0.23090489208698273	0.3422328233718872	0.6388348937034607	-0.5403967499732971	-0.14597508311271667	0.5878993272781372	0.18417637050151825	-0.3899543881416321	0.4742724895477295	0.6431034207344055	0.8035693168640137	1.0	0.3050473630428314	0.5349042415618896	0.2895292639732361	-0.16789086163043976	0.036380585283041	-0.5112219452857971	0.06403481215238571	-0.679847002029419	-0.07246214151382446	-0.2716173529624939	0.03799786791205406	0.4608970582485199	0.6030798554420471	0.6026961803436279	-0.2481292337179184	0.576259434223175	0.36347800493240356	0.3358461856842041	-0.14962860941886902	-0.23664569854736328	-0.5140407085418701	-0.23047040402889252	-0.06924325972795486	0.03522021695971489	0.21547934412956238	-0.28545352816581726	-0.11491608619689941	-0.18074747920036316	-0.1428968757390976	0.23918135464191437	-0.5472849011421204	0.1977107971906662	-0.40585124492645264	-0.27094152569770813	-0.24446722865104675	-0.39847448468208313	0.3990310728549957	-0.46029579639434814	0.48150238394737244	0.602448582649231	-0.06879249960184097	-0.18349073827266693	0.4362119436264038	0.6910684108734131	-0.38695618510246277	0.32269203662872314	0.6730062961578369	0.7708084583282471	0.7649919986724854	0.34258925914764404	0.5968899130821228	0.7004770040512085	0.19702591001987457	0.44906339049339294	0.11131074279546738	-0.024579331278800964	-0.051407888531684875	-0.5447472929954529	-0.20333591103553772	-0.07727660238742828	-0.15098035335540771	0.03899502754211426	0.576827347278595	0.6525071263313293	0.4411887526512146	0.40028488636016846	0.36840584874153137	-0.1708325445652008	0.30859002470970154	0.018873052671551704	0.18975357711315155	0.23536452651023865	-0.24241597950458527	0.1447591483592987	0.27280154824256897	0.4125598967075348	-0.08930082619190216	-0.025820568203926086	-0.30391794443130493	-0.23203502595424652	-0.0023784181103110313	0.4536956250667572	-0.32659780979156494	0.2898576259613037	-0.23101459443569183	-0.4814600944519043	0.4407255947589874	-0.4059527814388275	0.34331637620925903	0.4027784764766693	0.46772047877311707	0.2684631943702698	0.4932841956615448	-0.14295576512813568	0.16445553302764893	0.4748571813106537	-0.18511459231376648	-0.12047315388917923	0.2922971248626709	0.148769810795784	0.32617709040641785	0.43222519755363464	0.4779367744922638	0.4004554748535156	0.49564072489738464	0.1844634860754013	0.15421006083488464	-0.12041423469781876	-0.20628100633621216	0.3452942371368408	-0.041279084980487823	0.03483469784259796	0.4846760034561157	0.11850795149803162	0.1770372837781906	0.13607919216156006	0.5721791982650757	-0.2372494637966156	0.4987199008464813	0.4303167760372162	0.37018075585365295	0.2058885395526886	0.4753107726573944	0.49953925609588623	0.06602368503808975	0.4425431489944458	0.5358747839927673	0.5545037388801575	0.07439497858285904	0.6013138890266418	0.3447732925415039	0.301602303981781	0.4338946044445038	0.4209384024143219	-0.12273002415895462	-0.05853516608476639	-0.4821065068244934	-0.16420383751392365	-0.49218326807022095	-0.3140636086463928	-0.3615211546421051	-0.523283064365387	-0.38824522495269775	-0.5681769251823425
