Node	LH_Vis_1	LH_Vis_2	LH_Vis_3	LH_Vis_4	LH_Vis_5	LH_Vis_6	LH_Vis_7	LH_Vis_8	LH_Vis_9	LH_SomMot_1	LH_SomMot_2	LH_SomMot_3	LH_SomMot_4	LH_SomMot_5	LH_SomMot_6	LH_DorsAttn_Post_1	LH_DorsAttn_Post_2	LH_DorsAttn_Post_3	LH_DorsAttn_Post_4	LH_DorsAttn_Post_5	LH_DorsAttn_Post_6	LH_DorsAttn_PrCv_1	LH_DorsAttn_FEF_1	LH_SalVentAttn_ParOper_1	LH_SalVentAttn_FrOperIns_1	LH_SalVentAttn_FrOperIns_2	LH_SalVentAttn_PFCl_1	LH_SalVentAttn_Med_1	LH_SalVentAttn_Med_2	LH_SalVentAttn_Med_3	LH_Limbic_OFC_1	LH_Limbic_TempPole_1	LH_Limbic_TempPole_2	LH_Cont_Par_1	LH_Cont_PFCl_1	LH_Cont_pCun_1	LH_Cont_Cing_1	LH_Default_Temp_1	LH_Default_Temp_2	LH_Default_Par_1	LH_Default_Par_2	LH_Default_PFC_1	LH_Default_PFC_2	LH_Default_PFC_3	LH_Default_PFC_4	LH_Default_PFC_5	LH_Default_PFC_6	LH_Default_PFC_7	LH_Default_pCunPCC_1	LH_Default_pCunPCC_2	RH_Vis_1	RH_Vis_2	RH_Vis_3	RH_Vis_4	RH_Vis_5	RH_Vis_6	RH_Vis_7	RH_Vis_8	RH_SomMot_1	RH_SomMot_2	RH_SomMot_3	RH_SomMot_4	RH_SomMot_5	RH_SomMot_6	RH_SomMot_7	RH_SomMot_8	RH_DorsAttn_Post_1	RH_DorsAttn_Post_2	RH_DorsAttn_Post_3	RH_DorsAttn_Post_4	RH_DorsAttn_Post_5	RH_DorsAttn_PrCv_1	RH_DorsAttn_FEF_1	RH_SalVentAttn_TempOccPar_1	RH_SalVentAttn_TempOccPar_2	RH_SalVentAttn_FrOperIns_1	RH_SalVentAttn_Med_1	RH_SalVentAttn_Med_2	RH_Limbic_OFC_1	RH_Limbic_TempPole_1	RH_Cont_Par_1	RH_Cont_Par_2	RH_Cont_PFCl_1	RH_Cont_PFCl_2	RH_Cont_PFCl_3	RH_Cont_PFCl_4	RH_Cont_Cing_1	RH_Cont_PFCmp_1	RH_Cont_pCun_1	RH_Default_Par_1	RH_Default_Temp_1	RH_Default_Temp_2	RH_Default_Temp_3	RH_Default_PFCv_1	RH_Default_PFCv_2	RH_Default_PFCdPFCm_1	RH_Default_PFCdPFCm_2	RH_Default_PFCdPFCm_3	RH_Default_pCunPCC_1	RH_Default_pCunPCC_2	LH-Pu	LH-Ca	LH-NAC	LH-EXA	LH-GPe	LH-GPi	LH-SNc_PBP_VTA	LH-RN	LH-SNr	LH-VeP	LH-HN	LH-HTH	LH-MN	LH-STH	RH-Pu	RH-Ca	RH-NAC	RH-EXA	RH-GPe	RH-GPi	RH-SNc_PBP_VTA	RH-RN	RH-SNr	RH-VeP	RH-HN	RH-HTH	RH-MN	RH-STH	LH-Pulvinar	LH-Anterior	LH-Medio_Dorsal	LH-Ventral_Latero_Dorsal	LH-Central_Lateral-Lateral_Posterior-Medial_Pulvinar	LH-Ventral_Anterior	LH-Ventral_Latero_Ventral	RH-Pulvinar	RH-Anterior	RH-Medio_Dorsal	RH-Ventral_Latero_Dorsal	RH-Central_Lateral-Lateral_Posterior-Medial_Pulvinar	RH-Ventral_Anterior	RH-Ventral_Latero_Ventral	LH_Hippocampus	LH_Amygdala	RH_Hippocampus	RH_Amygdala	Cerebellar_Region1	Cerebellar_Region2	Cerebellar_Region3	Cerebellar_Region4	Cerebellar_Region5	Cerebellar_Region6	Cerebellar_Region7	Cerebellar_Region8	Cerebellar_Region9	Cerebellar_Region10
LH_Vis_1	1.0	-0.024404989555478096	0.1671927273273468	-0.2851676344871521	-0.2042561173439026	0.06821440905332565	0.24511168897151947	-0.18707816302776337	-0.03598317876458168	0.25239095091819763	0.2879038155078888	0.26726606488227844	-0.0027019656263291836	0.20525583624839783	0.16413521766662598	0.33504343032836914	0.11575205624103546	0.16844120621681213	-0.004751923494040966	-0.015340364538133144	0.021618083119392395	0.4726123511791229	0.1396729201078415	0.1862163096666336	0.28192928433418274	0.2784184515476227	0.10669109970331192	0.328215628862381	0.12013117223978043	0.2101307511329651	-0.07268206030130386	0.27736055850982666	-0.08826663345098495	0.49688073992729187	0.25286006927490234	-0.06221693381667137	-0.1906207650899887	0.16026027500629425	-0.04792872443795204	0.10059674829244614	0.08973091840744019	0.22024673223495483	0.2899955213069916	0.1710275411605835	-0.0554262213408947	-0.1172996535897255	0.12413860857486725	0.07334837317466736	0.2132605016231537	-0.22519443929195404	0.6810741424560547	0.20916442573070526	0.2909717559814453	-0.12647023797035217	-0.16484791040420532	0.20429237186908722	-0.021083930507302284	-0.20159953832626343	0.18591445684432983	0.040725227445364	0.10287075489759445	-0.024085139855742455	0.16449785232543945	-0.12991741299629211	0.045745063573122025	0.03488422557711601	0.37677350640296936	0.06561890244483948	0.08012999594211578	0.19070641696453094	-0.06900789588689804	0.30274030566215515	0.19602158665657043	0.0920347347855568	0.09360317140817642	0.24671609699726105	0.005516635254025459	0.12092757225036621	-0.12554234266281128	0.0891466811299324	0.2257007211446762	0.15058542788028717	-0.10309334844350815	0.22182853519916534	-0.17459964752197266	0.19132503867149353	-0.13595879077911377	0.27554330229759216	0.029068445786833763	0.0549447201192379	0.16426774859428406	0.2186361402273178	0.06271746009588242	0.17008613049983978	0.24235199391841888	0.14238634705543518	0.04600900411605835	0.022045297548174858	0.30185750126838684	-0.15723542869091034	0.18042732775211334	0.028230156749486923	0.1750728189945221	0.017690356820821762	0.17177313566207886	-0.17995141446590424	0.28803569078445435	0.20630383491516113	0.27046999335289	0.1590864211320877	0.15307901799678802	0.15963071584701538	-0.24511775374412537	0.3375416696071625	0.04565237835049629	0.05629091337323189	0.279311865568161	-0.021720202639698982	0.1609058678150177	0.109632208943367	-0.00516246585175395	-0.013986058533191681	0.1892988234758377	0.1581488996744156	0.18808899819850922	-0.03244141861796379	-0.0037291175685822964	0.24242191016674042	0.23151357471942902	0.3214119076728821	0.29935792088508606	0.11504143476486206	0.34726038575172424	0.2492232471704483	0.05287415534257889	0.3612392246723175	0.1519761085510254	0.3388349413871765	-0.021312177181243896	0.15659481287002563	0.019311318174004555	0.1572505235671997	0.425800621509552	0.35552331805229187	0.3967931866645813	-0.1275247484445572	-0.1635098159313202	0.11389476805925369	0.0034896330907940865	0.11691247671842575	-0.21945521235466003	-0.13308097422122955	-0.2709440588951111	-0.2650426924228668	-0.3393430709838867	-0.07895278930664062
LH_Vis_2	-0.024404989555478096	1.0	0.6932864785194397	0.6670309901237488	0.6500661969184875	0.5240064859390259	-0.4400980472564697	0.6867098808288574	0.3794722259044647	-0.5124150514602661	-0.40955543518066406	-0.5614405274391174	-0.3068890869617462	-0.4747304320335388	-0.3560180962085724	0.0374298095703125	-0.4478420913219452	0.13262295722961426	-0.15401749312877655	0.06710126250982285	-0.22533519566059113	-0.4414689838886261	-0.5127105712890625	-0.46192434430122375	-0.32249170541763306	-0.46849948167800903	-0.3522632420063019	-0.3269922137260437	-0.258369505405426	-0.288495808839798	0.20551393926143646	-0.20150938630104065	0.22860029339790344	-0.296935498714447	-0.372792512178421	-0.10796858370304108	-0.03442038595676422	-0.3618217408657074	-0.38793015480041504	-0.6203635334968567	-0.11092279106378555	-0.32373034954071045	-0.09209869801998138	0.14570987224578857	0.12838181853294373	0.1401446908712387	-0.19038034975528717	0.13994494080543518	0.41294389963150024	0.20986007153987885	0.16313688457012177	0.7906681299209595	-0.07873360067605972	0.7881676554679871	0.6694559454917908	0.2464979737997055	0.7046523690223694	0.5559490323066711	-0.4725427031517029	-0.39149701595306396	-0.42450833320617676	-0.30431097745895386	-0.4237247109413147	-0.22615255415439606	-0.27392756938934326	-0.3344513773918152	-0.14288052916526794	-0.2685549259185791	-0.018001914024353027	0.14015376567840576	-0.05543026328086853	-0.2899843752384186	-0.3213101029396057	-0.6280995011329651	-0.39913153648376465	-0.32823437452316284	-0.18771126866340637	-0.38126298785209656	0.13486026227474213	-0.12960860133171082	-0.20379061996936798	0.05169570446014404	0.14412355422973633	-0.21275757253170013	-0.2742384076118469	0.11735572665929794	0.18260037899017334	-0.047507476061582565	-0.02417745813727379	-0.06092121824622154	0.043956875801086426	-0.4391542971134186	-0.5329499244689941	0.042216502130031586	-0.2123497575521469	0.0868038535118103	0.1200629472732544	0.2140541821718216	0.3400040566921234	0.18451027572155	-0.23109985888004303	-0.12902188301086426	-0.4164293706417084	-0.2751231789588928	-0.20265702903270721	-0.16411356627941132	0.06415294110774994	0.14434407651424408	0.0066431863233447075	-0.22663669288158417	0.19480641186237335	0.11831381916999817	0.16353857517242432	0.1763797402381897	-0.06280522793531418	-0.02460145577788353	-0.3010821044445038	0.17000111937522888	-0.3412816822528839	-0.27417853474617004	0.026839550584554672	-0.0642610564827919	0.0650971531867981	-0.04601103067398071	-0.1180921196937561	0.30927759408950806	-0.09483963251113892	-0.04916113615036011	0.4372912645339966	-0.0313880518078804	-0.21941104531288147	0.06609499454498291	0.0711127296090126	-0.0396951287984848	-0.3356724977493286	0.3428625464439392	-0.10760234296321869	-0.13967059552669525	0.29299554228782654	0.10497082769870758	0.250162810087204	-0.23060238361358643	0.01563245989382267	0.05609540641307831	0.13512606918811798	-0.07649096101522446	0.11045501381158829	0.008212676271796227	0.5371370911598206	0.10881165415048599	0.21896329522132874	0.26112085580825806	0.13289710879325867	0.21926653385162354	0.27952682971954346	0.3413035273551941
LH_Vis_3	0.1671927273273468	0.6932864785194397	1.0	0.2709484100341797	0.5443311929702759	0.8082253932952881	-0.3065316081047058	0.5199812054634094	0.6674067974090576	-0.3127953112125397	-0.1669769287109375	-0.3891025185585022	-0.32631823420524597	-0.5060489177703857	-0.4542206823825836	-0.07650822401046753	-0.5527377724647522	0.14812399446964264	-0.3608302175998688	0.1677137315273285	-0.2383888214826584	-0.14076006412506104	-0.3801705539226532	-0.24636222422122955	0.08682853728532791	-0.12413143366575241	-0.11598510295152664	0.0074056475423276424	0.008822460658848286	0.00033511698711663485	-0.11203970015048981	-0.3090405762195587	0.02130032703280449	-0.02991684153676033	-0.14982309937477112	0.0529031865298748	0.19724881649017334	-0.5101455450057983	-0.5988426208496094	-0.6007401943206787	-0.14608129858970642	-0.2641707956790924	-0.11821968853473663	0.19165444374084473	-0.008990318514406681	0.03452446684241295	0.016076553612947464	0.2695934772491455	0.49259206652641296	0.15501824021339417	0.2619744837284088	0.8596600890159607	-0.23840896785259247	0.5481882691383362	0.6789546012878418	0.5538089871406555	0.5658650398254395	0.5781363844871521	-0.2667793929576874	-0.335771381855011	-0.3166152834892273	-0.3902125656604767	-0.2917574346065521	-0.41826266050338745	-0.3498258888721466	-0.41660046577453613	0.03552540764212608	-0.427703320980072	-0.03521554917097092	0.23671488463878632	0.018190201371908188	-0.053564708679914474	-0.053634464740753174	-0.5796263217926025	-0.33677393198013306	0.0038229485508054495	0.057950541377067566	-0.08081292361021042	-0.06728918105363846	-0.34569475054740906	0.051226142793893814	0.1452975869178772	-0.08532854914665222	-0.018857553601264954	-0.24416236579418182	0.20613762736320496	0.1857854723930359	0.14324481785297394	0.28982508182525635	-0.13128116726875305	-0.0929521918296814	-0.384782999753952	-0.6260568499565125	-0.024030359461903572	-0.13463735580444336	0.051200516521930695	0.02997216396033764	0.18939480185508728	0.5116066932678223	0.0740136057138443	0.10627481341362	-0.02391296811401844	-0.41630661487579346	-0.33709678053855896	0.06864329427480698	-0.04389791935682297	0.06928478926420212	0.21724441647529602	0.20105765759944916	-0.10675176978111267	0.28586310148239136	0.12685102224349976	0.14268772304058075	0.3296392560005188	0.2837370038032532	0.020685628056526184	-0.12986163794994354	0.09794088453054428	-0.22555451095104218	-0.16744446754455566	0.06355340033769608	0.046995654702186584	0.1779232919216156	-0.16412633657455444	0.14851929247379303	0.28298404812812805	0.03490572050213814	0.038141049444675446	0.5755912065505981	0.2709534168243408	0.17890603840351105	0.3041435480117798	0.4667607843875885	0.2330569475889206	-0.11837482452392578	0.6340753436088562	0.18074914813041687	0.21019703149795532	0.35743996500968933	0.3918966054916382	0.28986266255378723	0.07972230017185211	0.18955855071544647	0.24151158332824707	0.2239433079957962	-0.09453195333480835	-0.029395151883363724	-0.04352307692170143	0.446658730506897	0.08254554867744446	0.0041571566835045815	0.03596986457705498	-0.1643245667219162	-0.1135520488023758	-0.18780185282230377	0.02820773981511593
LH_Vis_4	-0.2851676344871521	0.6670309901237488	0.2709484100341797	1.0	0.49085044860839844	0.22910833358764648	-0.27154844999313354	0.8276253938674927	0.18080691993236542	-0.633364737033844	-0.5918216705322266	-0.6411112546920776	-0.2403935194015503	-0.32222798466682434	-0.15689902007579803	0.06516440212726593	-0.3298635184764862	0.3347770571708679	0.07825101166963577	0.144442617893219	-0.10432109981775284	-0.5726872682571411	-0.36968809366226196	-0.5293435454368591	-0.5670933723449707	-0.63414067029953	-0.30386820435523987	-0.6379950642585754	-0.34680885076522827	-0.4742167592048645	0.19395051896572113	0.03205320984125137	0.08215747028589249	-0.3476193845272064	-0.4926774799823761	-0.10463158786296844	-0.13683471083641052	-0.0457797572016716	-0.0975671261548996	-0.42344653606414795	-0.3136158883571625	-0.46484947204589844	-0.17160464823246002	-0.0007386633078567684	-0.05974786728620529	0.12376181036233902	-0.3477964699268341	-0.16321735084056854	0.11680706590414047	0.3006798028945923	-0.11562544107437134	0.35511696338653564	0.11609897762537003	0.7746559381484985	0.44591617584228516	0.03567897900938988	0.7465052008628845	0.47093716263771057	-0.6678463816642761	-0.44536277651786804	-0.4785401523113251	-0.20637072622776031	-0.44085973501205444	-0.14428366720676422	-0.2527649700641632	-0.10568839311599731	-0.18553702533245087	-0.1770777702331543	0.07406962662935257	0.18883676826953888	0.03733855113387108	-0.49235647916793823	-0.31706514954566956	-0.4209442734718323	-0.38346245884895325	-0.6270544528961182	-0.381385862827301	-0.5812591910362244	0.05330028757452965	0.04156416282057762	-0.4602826237678528	-0.21939830482006073	-0.0217096246778965	-0.37800952792167664	-0.2028432935476303	-0.15733712911605835	-0.015092900022864342	-0.43359097838401794	-0.31114354729652405	-0.21681468188762665	-0.06617548316717148	-0.2699393630027771	-0.30259907245635986	-0.15424828231334686	-0.14695602655410767	-0.036212723702192307	0.07133528590202332	0.03764433413743973	-0.022481078281998634	0.14310753345489502	-0.21412393450737	-0.3785855770111084	-0.11619789153337479	-0.3745667338371277	-0.27949050068855286	-0.045626863837242126	-0.26627859473228455	-0.2446291595697403	-0.20591923594474792	-0.19615277647972107	-0.15684062242507935	0.0506635345518589	-0.07111653685569763	-0.1062568873167038	-0.26493725180625916	-0.28270402550697327	-0.40069764852523804	-0.17133378982543945	-0.2143763303756714	-0.19395573437213898	-0.0909309983253479	-0.22852468490600586	-0.22655372321605682	0.15215055644512177	-0.21672503650188446	0.276446133852005	-0.4248287081718445	0.06613471359014511	0.12751536071300507	-0.5348086357116699	-0.5569519400596619	-0.2967844605445862	-0.3548666834831238	-0.46074941754341125	-0.09421693533658981	-0.11822551488876343	-0.49755826592445374	-0.5239975452423096	0.03399898111820221	-0.2528509497642517	-0.12893730401992798	-0.39703884720802307	-0.15887698531150818	-0.1369248479604721	-0.10564342141151428	-0.0035739480517804623	0.09091343730688095	0.09611456841230392	0.3232806622982025	0.05071059986948967	0.274535208940506	0.2877792418003082	0.3782522976398468	0.4997689425945282	0.5343341827392578	0.45508280396461487
LH_Vis_5	-0.2042561173439026	0.6500661969184875	0.5443311929702759	0.49085044860839844	1.0	0.4136433005332947	-0.7304093241691589	0.568427324295044	0.3141745328903198	-0.6749805212020874	-0.6042224764823914	-0.7502764463424683	-0.7130541205406189	-0.7583200931549072	-0.7122305035591125	-0.4364972710609436	-0.6552325487136841	-0.29178181290626526	-0.49567586183547974	-0.2392735332250595	-0.5461675524711609	-0.5010508894920349	-0.6596513390541077	-0.7163512706756592	-0.4836467504501343	-0.5152186751365662	-0.5272893905639648	-0.24949100613594055	-0.6003063917160034	-0.49718621373176575	0.023539919406175613	-0.09792795032262802	0.2350134253501892	-0.5073946714401245	-0.5049831867218018	-0.28847983479499817	0.20252305269241333	-0.31411412358283997	-0.3716711103916168	-0.778571605682373	-0.09403911978006363	-0.09804823994636536	0.009599625132977962	0.4135550856590271	0.07115531712770462	0.5478244423866272	0.14079712331295013	0.07424017041921616	0.26367664337158203	0.47244343161582947	-0.11159523576498032	0.5279258489608765	-0.617221474647522	0.7778090238571167	0.8197849988937378	-0.13539446890354156	0.3846895694732666	0.625328779220581	-0.608309268951416	-0.6933046579360962	-0.71420818567276	-0.7270069122314453	-0.7231748104095459	-0.41445448994636536	-0.6604495644569397	-0.6948026418685913	-0.2633719742298126	-0.5964543223381042	-0.3765961229801178	-0.28270086646080017	-0.4257599413394928	-0.19128109514713287	-0.24492663145065308	-0.6960867643356323	-0.6648422479629517	-0.44238850474357605	-0.41078710556030273	-0.3606332838535309	0.19495168328285217	0.11007268726825714	-0.30367976427078247	0.3422876298427582	0.290935218334198	-0.23804274201393127	-0.041771259158849716	0.4294975697994232	0.4671277105808258	0.21279489994049072	-0.02000345289707184	0.22246196866035461	0.330297589302063	-0.6893710494041443	-0.5775582790374756	0.22558020055294037	0.07113254815340042	0.42664361000061035	0.4643859565258026	0.4623437225818634	0.22010663151741028	0.5249559879302979	-0.1600666344165802	0.20401735603809357	-0.3149014711380005	-0.08801660686731339	0.01859377510845661	0.036680757999420166	0.0511939562857151	0.09793572127819061	0.005136910825967789	0.019121455028653145	0.029165923595428467	0.15325184166431427	0.22990232706069946	0.040846001356840134	0.07924114912748337	0.3466475009918213	0.0004713486123364419	0.3728350102901459	-0.1581188291311264	-0.14653140306472778	0.18750867247581482	-0.05636835843324661	0.12136691808700562	0.0040994249284267426	0.09457402676343918	0.5568153858184814	-0.20670351386070251	-0.19494794309139252	0.29820945858955383	0.15146926045417786	-0.07859878987073898	0.2785007059574127	0.18950212001800537	0.12202440947294235	-0.3996261656284332	0.4263385236263275	0.3109976649284363	0.04153033345937729	0.5216740965843201	0.3987692892551422	0.5046860575675964	-0.1273941844701767	0.20157550275325775	0.24072685837745667	0.23694218695163727	0.06808044761419296	0.20762999355793	0.002835370134562254	0.7133052349090576	0.11336522549390793	0.6325098276138306	0.3848218619823456	0.5042328834533691	0.5565658211708069	0.4394867718219757	0.49843108654022217
LH_Vis_6	0.06821440905332565	0.5240064859390259	0.8082253932952881	0.22910833358764648	0.4136433005332947	1.0	-0.16219425201416016	0.40343520045280457	0.735335111618042	-0.3647609353065491	-0.24562865495681763	-0.3626980781555176	-0.30123504996299744	-0.42814573645591736	-0.3246952295303345	-0.006363420281559229	-0.37663954496383667	0.26067978143692017	-0.2173740118741989	0.18626363575458527	-0.19830158352851868	-0.1601126790046692	-0.2392459362745285	-0.1596921682357788	-0.00573583273217082	-0.1358642727136612	-0.1724320650100708	-0.11823450773954391	0.0431797057390213	-0.0068002608604729176	-0.21960337460041046	-0.22208984196186066	0.03910784795880318	0.033175017684698105	-0.2645021677017212	0.06705692410469055	0.1217699721455574	-0.2889311909675598	-0.4542309641838074	-0.5337396860122681	-0.1380450278520584	-0.27316001057624817	-0.3650715947151184	0.16771258413791656	-0.09000904858112335	0.07928589731454849	-0.09417442977428436	0.08127666264772415	0.5094924569129944	0.22381357848644257	0.1402885913848877	0.7048599123954773	-0.15798285603523254	0.42748916149139404	0.6701769828796387	0.7897557616233826	0.44468435645103455	0.5786120295524597	-0.3278428912162781	-0.36213457584381104	-0.29431018233299255	-0.36445310711860657	-0.15642867982387543	-0.3977876603603363	-0.32911184430122375	-0.3780278265476227	-0.0006193388253450394	-0.3840576410293579	0.09116213023662567	0.35306939482688904	-0.0027175669092684984	-0.13557957112789154	-0.044706881046295166	-0.5111270546913147	-0.246331587433815	-0.0798010602593422	0.04755306988954544	-0.12039759755134583	-0.1448206901550293	-0.24610184133052826	-0.02159086987376213	-0.022451769560575485	-0.20873738825321198	-0.19762815535068512	-0.1351422369480133	0.04016755893826485	0.1219421997666359	0.016834009438753128	0.1418343037366867	-0.12137209624052048	-0.08393212407827377	-0.3181377947330475	-0.46584126353263855	-0.14405940473079681	-0.1292024701833725	0.0855601355433464	0.08672070503234863	0.10220758616924286	0.5331670045852661	0.13922159373760223	0.1827496588230133	-0.10949113219976425	-0.3822076916694641	-0.3074024021625519	-0.14093957841396332	0.004510944709181786	0.09770742058753967	0.11615485697984695	0.22381055355072021	-0.27524158358573914	0.12500537931919098	0.1906018704175949	0.06274238228797913	0.3137214481830597	0.21729020774364471	-0.03466293588280678	-0.15652744472026825	-0.018730688840150833	-0.272251695394516	-0.030584774911403656	0.023551810532808304	0.06917832046747208	0.0539725199341774	-0.133687362074852	-0.035668499767780304	0.1747165322303772	-0.0163910910487175	0.09682254493236542	0.5231279134750366	0.09819769859313965	0.011023467406630516	0.18899106979370117	0.30443236231803894	0.1527407020330429	-0.15090599656105042	0.4823029935359955	0.03937644138932228	0.06923811882734299	0.10032421350479126	0.259935200214386	0.10132608562707901	0.05443709343671799	0.09934405982494354	0.0355595238506794	0.23298417031764984	-0.1407274305820465	-0.08408734947443008	-0.15408048033714294	0.3256089985370636	0.05978503078222275	-0.01564156822860241	0.0010868145618587732	-0.08908793330192566	-0.015304995700716972	-0.05911398306488991	-0.05648774281144142
LH_Vis_7	0.24511168897151947	-0.4400980472564697	-0.3065316081047058	-0.27154844999313354	-0.7304093241691589	-0.16219425201416016	1.0	-0.2615882456302643	-0.06785058975219727	0.4779418408870697	0.43398576974868774	0.6515220403671265	0.6101418733596802	0.6229122281074524	0.6292057037353516	0.6095758080482483	0.6315443515777588	0.4642452001571655	0.5505395531654358	0.44950705766677856	0.607448399066925	0.4756409525871277	0.6928211450576782	0.7546926736831665	0.39706867933273315	0.43115562200546265	0.5569770932197571	0.0924505814909935	0.6114938259124756	0.5026308298110962	-0.10693654417991638	-0.02026795968413353	-0.3693510591983795	0.6317938566207886	0.4976682960987091	0.3716764450073242	-0.17945349216461182	0.13503257930278778	0.15999941527843475	0.6947482824325562	-0.13754674792289734	-0.15630300343036652	-0.27518710494041443	-0.39776793122291565	-0.215379998087883	-0.5528361201286316	-0.37151139974594116	-0.1355462223291397	-0.17213264107704163	-0.3868437111377716	0.19129106402397156	-0.441893607378006	0.6864964962005615	-0.6606582999229431	-0.6315147876739502	0.24290327727794647	-0.18786603212356567	-0.42976707220077515	0.3664335012435913	0.5525064468383789	0.6449763178825378	0.6076215505599976	0.6698763966560364	0.41441136598587036	0.6687523722648621	0.6917852163314819	0.43868815898895264	0.6336842775344849	0.6180036067962646	0.552628219127655	0.48974817991256714	0.16014915704727173	0.38794901967048645	0.5003206729888916	0.7088544368743896	0.30361220240592957	0.49919575452804565	0.19511374831199646	-0.34261825680732727	-0.1386268138885498	0.3189038336277008	-0.4371248483657837	-0.41762346029281616	0.2631821036338806	-0.04604538157582283	-0.5657998919487	-0.5370618104934692	-0.37556928396224976	0.10296546667814255	-0.47702130675315857	-0.5088627934455872	0.48496800661087036	0.34079527854919434	-0.5256832838058472	-0.30593806505203247	-0.48126259446144104	-0.5669739842414856	-0.5369632840156555	-0.2037080079317093	-0.5606672763824463	0.27681267261505127	-0.34495413303375244	0.20741169154644012	-0.10527026653289795	-0.0928114801645279	-0.004761938005685806	-0.15039999783039093	-0.16096092760562897	-0.06841500103473663	-0.025569597259163857	-0.032191433012485504	-0.0388442799448967	-0.1225445345044136	0.02222621440887451	-0.0029709222726523876	-0.5120705366134644	-0.18015579879283905	-0.3072109818458557	0.013461866416037083	0.25408294796943665	-0.08700025826692581	-0.04259593039751053	-0.2782282531261444	-0.13917188346385956	-0.19082987308502197	-0.4293819069862366	0.08718474209308624	0.09364953637123108	-0.11008017510175705	-0.28835058212280273	-0.03252963721752167	-0.3000795245170593	-0.2556767761707306	-0.25508707761764526	0.42409470677375793	-0.3001459836959839	-0.4324769079685211	-0.20534063875675201	-0.42280927300453186	-0.28080397844314575	-0.6019889116287231	0.14532116055488586	-0.15933452546596527	-0.20690220594406128	-0.1731201410293579	-0.022175230085849762	-0.06259239464998245	0.04463804513216019	-0.45037946105003357	0.08361233025789261	-0.5596899390220642	-0.22616685926914215	-0.40347984433174133	-0.4590231478214264	-0.37094351649284363	-0.4687384366989136
LH_Vis_8	-0.18707816302776337	0.6867098808288574	0.5199812054634094	0.8276253938674927	0.568427324295044	0.40343520045280457	-0.2615882456302643	1.0	0.5353713631629944	-0.5356340408325195	-0.48233529925346375	-0.5692726373672485	-0.2942623794078827	-0.3662160336971283	-0.25258105993270874	-0.02576674520969391	-0.46604132652282715	0.30899563431739807	-0.056540295481681824	0.18292470276355743	-0.1959903985261917	-0.3708013892173767	-0.3748769760131836	-0.45203518867492676	-0.36026766896247864	-0.5143003463745117	-0.2625928521156311	-0.5268990397453308	-0.25473451614379883	-0.3678925931453705	0.027427107095718384	-0.05601179227232933	0.03438953310251236	-0.16295281052589417	-0.3410129249095917	-0.00711195170879364	-0.003858728101477027	-0.20473633706569672	-0.33267396688461304	-0.46071410179138184	-0.3369467258453369	-0.44402652978897095	-0.14715155959129333	0.012902885675430298	-0.15055154263973236	0.07984235137701035	-0.2667895257472992	-0.09458379447460175	0.20762476325035095	0.33895164728164673	-0.012713182717561722	0.5138187408447266	0.023242024704813957	0.7667925953865051	0.509627103805542	0.1256287395954132	0.8808153867721558	0.6874620914459229	-0.5837658047676086	-0.45391082763671875	-0.45852506160736084	-0.30770450830459595	-0.38646847009658813	-0.27856940031051636	-0.3304580748081207	-0.202201709151268	-0.06078079342842102	-0.28030067682266235	0.01384706236422062	0.2571581304073334	-0.03710447996854782	-0.36124148964881897	-0.27665579319000244	-0.4911282956600189	-0.4111764132976532	-0.47718149423599243	-0.28193017840385437	-0.5245663523674011	-0.052278026938438416	-0.09716042131185532	-0.23204928636550903	-0.16197079420089722	-0.14041079580783844	-0.23102828860282898	-0.4215243458747864	-0.0865127369761467	-0.006890412885695696	-0.37444865703582764	-0.14421167969703674	-0.28440040349960327	-0.11462921649217606	-0.3413234055042267	-0.47144678235054016	-0.21701252460479736	-0.1534089744091034	-0.11870039254426956	-0.002791014965623617	-0.061428334563970566	0.047326844185590744	0.07210946828126907	-0.03462354466319084	-0.35114896297454834	-0.18687395751476288	-0.49967965483665466	-0.21162676811218262	-0.17180851101875305	-0.25494053959846497	-0.275178462266922	-0.07445013523101807	-0.12168193608522415	-0.06592953205108643	0.08291961252689362	-0.029755162075161934	-0.09475396573543549	-0.1293221265077591	-0.3290408253669739	-0.32622626423835754	-0.1864132285118103	-0.23238669335842133	-0.17777672410011292	-0.055974412709474564	-0.32070502638816833	-0.19507786631584167	0.09712933748960495	-0.035969726741313934	0.20307688415050507	-0.33048489689826965	0.07161746174097061	0.2869705855846405	-0.30627021193504333	-0.2848862111568451	-0.09492216259241104	-0.053016871213912964	-0.2691839039325714	0.010032392106950283	0.0977226123213768	-0.3315514028072357	-0.35031411051750183	0.09205837547779083	-0.11636710911989212	-0.07212790101766586	-0.34457793831825256	0.02554265223443508	0.03930875286459923	0.01807737722992897	0.09250036627054214	-0.056084342300891876	-0.022746266797184944	0.30166059732437134	0.02520717866718769	0.11586815863847733	0.12093175947666168	0.15603111684322357	0.29673337936401367	0.2494424730539322	0.30321308970451355
LH_Vis_9	-0.03598317876458168	0.3794722259044647	0.6674067974090576	0.18080691993236542	0.3141745328903198	0.735335111618042	-0.06785058975219727	0.5353713631629944	1.0	-0.10255061835050583	-0.042215507477521896	-0.1308836042881012	-0.092829130589962	-0.2549997866153717	-0.2207121104001999	-0.1177731528878212	-0.35359013080596924	0.12734799087047577	-0.24094736576080322	0.34730803966522217	-0.21214301884174347	0.18319809436798096	0.003257111180573702	0.1005048006772995	0.22470007836818695	0.11751601845026016	0.13548287749290466	-0.13444334268569946	0.3112255930900574	0.2333724945783615	-0.34630993008613586	-0.3418169915676117	-0.24587538838386536	0.2269333153963089	0.12689226865768433	0.3172304630279541	0.1323695331811905	-0.3371378779411316	-0.5016424059867859	-0.24608488380908966	-0.38037019968032837	-0.39449790120124817	-0.45293760299682617	-0.1508280634880066	-0.28443336486816406	-0.2389315664768219	-0.22154581546783447	-0.024057460948824883	0.2276991903781891	0.01984529197216034	0.08437641710042953	0.5258866548538208	-0.1199289858341217	0.2825683355331421	0.5598378777503967	0.6035213470458984	0.5106783509254456	0.8190586566925049	-0.11305242776870728	-0.1407674252986908	-0.01478690467774868	-0.14309115707874298	0.1076584979891777	-0.17873097956180573	-0.15522654354572296	-0.12585948407649994	0.032286252826452255	-0.22518379986286163	0.1249861940741539	0.3279154896736145	0.08677363395690918	0.06192668154835701	0.15264460444450378	-0.25468358397483826	-0.04406098276376724	0.11336255818605423	0.31095606088638306	0.03327695280313492	-0.32955676317214966	-0.4189470112323761	0.2673782706260681	-0.21967646479606628	-0.42964014410972595	0.153527170419693	-0.17645707726478577	-0.14516720175743103	-0.16785979270935059	-0.2642604112625122	0.17288964986801147	-0.380746990442276	-0.31157469749450684	-0.05149325355887413	-0.3392111361026764	-0.4862215518951416	-0.19055506587028503	-0.32092878222465515	-0.2542707026004791	-0.3140532076358795	0.22930896282196045	-0.23345588147640228	0.4423673748970032	-0.10480150580406189	-0.20835107564926147	-0.44306156039237976	-0.11995778977870941	-0.18104463815689087	-0.13979005813598633	-0.1456744223833084	0.12474199384450912	-0.2317197322845459	0.03725326061248779	0.09963800013065338	-0.007319352123886347	0.057276107370853424	0.40049034357070923	-0.21472547948360443	-0.11679544299840927	-0.2124897986650467	-0.11095375567674637	0.03675184026360512	-0.06900911033153534	-0.17617475986480713	-0.1871907263994217	0.011631861329078674	0.14772410690784454	-0.043059930205345154	0.024192942306399345	0.08541417121887207	0.38037756085395813	0.08884316682815552	0.10049832612276077	0.191075399518013	0.2730167806148529	0.141072615981102	0.1357714831829071	0.25087210536003113	-0.031808748841285706	-0.013459458947181702	0.009367302991449833	0.1311626136302948	-0.0850570872426033	-0.027097417041659355	0.04479769989848137	0.1653120070695877	0.15843577682971954	0.03398436680436134	-0.03596855700016022	-0.08945345878601074	0.06678924709558487	0.1347745954990387	-0.23202188313007355	-0.07485990971326828	-0.30278703570365906	-0.22145503759384155	-0.16432073712348938	-0.19980011880397797
LH_SomMot_1	0.25239095091819763	-0.5124150514602661	-0.3127953112125397	-0.633364737033844	-0.6749805212020874	-0.3647609353065491	0.4779418408870697	-0.5356340408325195	-0.10255061835050583	1.0	0.8967450857162476	0.8988428115844727	0.6806373596191406	0.7594439387321472	0.5398407578468323	0.21607285737991333	0.5603507161140442	-0.0646500363945961	0.290889173746109	-0.0700550451874733	0.3866654932498932	0.7389059662818909	0.5443271994590759	0.7677525877952576	0.7632434964179993	0.6986953020095825	0.4434375464916229	0.45543789863586426	0.563736081123352	0.6447365283966064	-0.11834564805030823	0.02302447520196438	-0.25053247809410095	0.4462229311466217	0.6477919816970825	0.07246168702840805	0.010981472209095955	0.19766567647457123	0.2710922658443451	0.7447750568389893	-0.028017345815896988	0.2555416226387024	0.18650197982788086	-0.4363953471183777	-0.10416623204946518	-0.5797275900840759	0.07916504144668579	-0.04552929848432541	-0.34002968668937683	-0.6502420902252197	0.230865016579628	-0.3040451407432556	0.3779042065143585	-0.7103025913238525	-0.616533100605011	-0.019250571727752686	-0.3906039595603943	-0.44405531883239746	0.9412844777107239	0.7821733355522156	0.8296371102333069	0.6824701428413391	0.7774041295051575	0.3557640016078949	0.5537859797477722	0.5203932523727417	0.11713366955518723	0.4946548044681549	0.1735667735338211	0.04967799037694931	0.14844940602779388	0.4962242543697357	0.1620408147573471	0.6768913865089417	0.6240118145942688	0.6611894369125366	0.472321093082428	0.5677529573440552	-0.15272186696529388	-0.11265318095684052	0.40732359886169434	-0.21131177246570587	-0.26313191652297974	0.43043839931488037	-0.11620591580867767	-0.07221568375825882	-0.2767406404018402	0.01596148870885372	-0.06979469954967499	-0.16528242826461792	-0.17184506356716156	0.6656966805458069	0.5796387195587158	-0.08683767169713974	0.11199230700731277	-0.401425302028656	-0.3723546862602234	-0.561190128326416	-0.1901780217885971	-0.5347601771354675	0.42459169030189514	0.09307573735713959	0.21668392419815063	0.1497684121131897	0.24329715967178345	0.03974064067006111	0.06476051360368729	0.13955329358577728	-0.0012982924235984683	0.09570866823196411	0.05481681600213051	-0.13634321093559265	-0.04415076971054077	0.10246291756629944	0.2666473686695099	-0.1340644210577011	0.13670122623443604	-0.13303597271442413	0.3512483537197113	0.09888658672571182	-0.12147489935159683	0.21138896048069	0.049402039498090744	0.047368522733449936	0.17747096717357635	-0.5808101892471313	0.35186994075775146	0.09541698545217514	-0.06454513967037201	0.30956968665122986	0.5170559287071228	0.05144183710217476	0.24035537242889404	0.2645825743675232	0.5052790641784668	-0.12756745517253876	0.07551134377717972	0.3875497281551361	-0.33399033546447754	-0.014566818252205849	-0.263486385345459	0.38382208347320557	0.022831590846180916	0.11560516059398651	0.0047543165273964405	-0.04162105545401573	-0.22591617703437805	-0.07522399723529816	-0.5838573575019836	-0.10569542646408081	-0.6437181830406189	-0.4762955904006958	-0.6385376453399658	-0.7289695739746094	-0.589652955532074	-0.621074914932251
LH_SomMot_2	0.2879038155078888	-0.40955543518066406	-0.1669769287109375	-0.5918216705322266	-0.6042224764823914	-0.24562865495681763	0.43398576974868774	-0.48233529925346375	-0.042215507477521896	0.8967450857162476	1.0	0.8883959650993347	0.6602252125740051	0.7236714363098145	0.5790436267852783	0.23732075095176697	0.5026595592498779	-0.06736025214195251	0.2683331370353699	0.004594802390784025	0.45561090111732483	0.6938575506210327	0.503724217414856	0.6920246481895447	0.7518094182014465	0.7032321095466614	0.41504308581352234	0.5535726547241211	0.5375323295593262	0.6992214918136597	-0.16986733675003052	-0.021252021193504333	-0.30569618940353394	0.42200520634651184	0.59110426902771	-0.026058176532387733	-0.12167255580425262	0.15963226556777954	0.2260914146900177	0.6685599088668823	-0.1455940306186676	0.19533535838127136	0.1967114806175232	-0.39038947224617004	-0.28046512603759766	-0.5688092708587646	-0.01922338828444481	-0.07268287986516953	-0.292907178401947	-0.6942665576934814	0.30612775683403015	-0.21986398100852966	0.2995917797088623	-0.6702696084976196	-0.5331641435623169	0.04644498974084854	-0.3955593407154083	-0.39906248450279236	0.9297733306884766	0.8428784608840942	0.8314017057418823	0.6598343253135681	0.7357872128486633	0.3771345317363739	0.5825724601745605	0.5758413672447205	0.15961897373199463	0.46982765197753906	0.14786526560783386	0.06095859408378601	0.2760864198207855	0.5603330135345459	0.23275230824947357	0.6343103647232056	0.6082234978675842	0.7364059686660767	0.5023255348205566	0.6945958733558655	-0.1902485340833664	-0.1711164116859436	0.4034601151943207	-0.13016866147518158	-0.33034083247184753	0.3540826141834259	-0.14791111648082733	-0.033537670969963074	-0.279441773891449	0.14832277595996857	-0.025411702692508698	-0.1609005182981491	-0.1515435427427292	0.6498883366584778	0.5286755561828613	-0.05663613975048065	0.11648692190647125	-0.3435589075088501	-0.33104100823402405	-0.48609060049057007	-0.09188072383403778	-0.5339893102645874	0.44115978479385376	0.06753510236740112	0.12214470654726028	0.10548397153615952	0.24569793045520782	0.02859916165471077	0.11260281503200531	0.24996061623096466	-0.016657575964927673	0.02599753998219967	0.20604053139686584	-0.18269462883472443	-0.13065855205059052	0.15623725950717926	0.36276474595069885	-0.08073415607213974	0.0010165934218093753	-0.04265569522976875	0.2898443043231964	0.2099999040365219	-0.10495328903198242	0.2762282192707062	0.09573809057474136	-0.06369724869728088	0.15522919595241547	-0.4918300211429596	0.1730167120695114	0.0927371084690094	-0.010617608204483986	0.31994062662124634	0.5002457499504089	0.058268237859010696	0.2822381854057312	0.1973235309123993	0.4413760304450989	-0.0066932388581335545	0.08670563250780106	0.4150327444076538	-0.26231566071510315	0.08692491799592972	-0.19592434167861938	0.48495790362358093	0.1939937174320221	0.08414620161056519	0.07641571760177612	-0.04410013183951378	-0.0807328149676323	0.0933605208992958	-0.4800499379634857	0.03992529958486557	-0.6117254495620728	-0.38029196858406067	-0.628961443901062	-0.7720237970352173	-0.6268775463104248	-0.635719895362854
LH_SomMot_3	0.26726606488227844	-0.5614405274391174	-0.3891025185585022	-0.6411112546920776	-0.7502764463424683	-0.3626980781555176	0.6515220403671265	-0.5692726373672485	-0.1308836042881012	0.8988428115844727	0.8883959650993347	1.0	0.7177350521087646	0.7835700511932373	0.6423772573471069	0.36166954040527344	0.7413709163665771	0.02828553318977356	0.45796626806259155	0.08973942697048187	0.5675567984580994	0.7242454290390015	0.6711384057998657	0.8585626482963562	0.7111456394195557	0.751250684261322	0.515882134437561	0.45434656739234924	0.6366385221481323	0.7021626234054565	-0.12437455356121063	0.05808631330728531	-0.2823113799095154	0.5394750833511353	0.6558765769004822	0.11352092772722244	-0.13692335784435272	0.24962131679058075	0.2903187870979309	0.8109749555587769	-0.06471191346645355	0.19469496607780457	0.09143850952386856	-0.4010798931121826	-0.21314939856529236	-0.5766929388046265	-0.11658508330583572	-0.1435955911874771	-0.33997058868408203	-0.6440456509590149	0.2229507565498352	-0.4647585451602936	0.4588163495063782	-0.8328372836112976	-0.7253850102424622	-0.005457501858472824	-0.49238070845603943	-0.5358628630638123	0.8738049864768982	0.8744426369667053	0.9259955286979675	0.724708616733551	0.8271471858024597	0.5563941597938538	0.7427590489387512	0.6719304919242859	0.14680606126785278	0.688556432723999	0.3438106179237366	0.15780742466449738	0.2999672293663025	0.4626195430755615	0.2868952751159668	0.7263104319572449	0.7996907830238342	0.6853541731834412	0.5642698407173157	0.633602499961853	-0.22580841183662415	-0.11976541578769684	0.4104361832141876	-0.3081958293914795	-0.3568165898323059	0.3379550278186798	-0.09252353757619858	-0.27991241216659546	-0.42643365263938904	-0.04997125640511513	-0.06398952752351761	-0.2563318610191345	-0.275557279586792	0.7169563174247742	0.6009816527366638	-0.21594417095184326	-0.004938661586493254	-0.42474839091300964	-0.4393288791179657	-0.6173104047775269	-0.23158979415893555	-0.594349205493927	0.4389983117580414	0.01943373493850231	0.23824460804462433	0.16173145174980164	0.13883133232593536	-0.005023859906941652	-0.0034707849845290184	0.03949423134326935	-0.11311496794223785	0.05758056417107582	0.037087611854076385	-0.12733827531337738	-0.1899012327194214	0.07057696580886841	0.2600909173488617	-0.21607705950737	0.06261887401342392	-0.10889126360416412	0.2952074110507965	0.24011363089084625	-0.18693633377552032	0.15087080001831055	-0.061243120580911636	-0.009230480529367924	0.04893343895673752	-0.5400811433792114	0.21721695363521576	0.0871509239077568	-0.08656758815050125	0.13275600969791412	0.32835209369659424	-0.03560676798224449	0.06708864867687225	0.10708197206258774	0.4505135416984558	-0.17901155352592468	-0.07991904765367508	0.2248457968235016	-0.3969268500804901	-0.04750410094857216	-0.3851683735847473	0.3970991373062134	0.039664991199970245	-0.07947331666946411	-0.019107721745967865	-0.02572551928460598	-0.024542735889554024	0.08079556375741959	-0.5879406929016113	0.037048593163490295	-0.6585640907287598	-0.37840089201927185	-0.6039454340934753	-0.700873851776123	-0.5568070411682129	-0.6699684858322144
