Node	DMN_LABEL_1	Vis_LABEL_2	FP_LABEL_3	Aud_LABEL_4	Tpole_LABEL_5	PMN_LABEL_6	PON_LABEL_7	MTL_LABEL_8	PON_LABEL_9	CO_LABEL_10	Sal_LABEL_11	CO_LABEL_12	SMd_LABEL_13	SMl_LABEL_14	DAN_LABEL_15	DMN_LABEL_16	CO_LABEL_17	DMN_LABEL_18	VAN_LABEL_19	CO_LABEL_20	CO_LABEL_21	Sal_LABEL_22	DAN_LABEL_23	PMN_LABEL_24	DAN_LABEL_25	DMN_LABEL_26	DMN_LABEL_27	DMN_LABEL_28	Vis_LABEL_29	FP_LABEL_30	Aud_LABEL_31	Tpole_LABEL_32	PMN_LABEL_33	PON_LABEL_34	MTL_LABEL_35	CO_LABEL_36	Sal_LABEL_37	CO_LABEL_38	SMd_LABEL_39	SMl_LABEL_40	DAN_LABEL_41	CO_LABEL_42	VAN_LABEL_43	CO_LABEL_44	CO_LABEL_45	Sal_LABEL_46	DAN_LABEL_47	PMN_LABEL_48	DAN_LABEL_49	DMN_LABEL_50	FP_LABEL_51	DMN_LABEL_52	DMN_LABEL_53	PON_LABEL_54	DMN_LABEL_55	Tpole_LABEL_56	Tpole_LABEL_57	Sal_LABEL_58	Sal_LABEL_59	SMd_LABEL_60	DAN_LABEL_61	FP_LABEL_62	DMN_LABEL_63	FP_LABEL_64	FP_LABEL_65	SMd_LABEL_66	SMl_LABEL_67	SMd_LABEL_68	DMN_LABEL_69	DAN_LABEL_70	DMN_LABEL_71	FP_LABEL_72	SMd_LABEL_73	SMl_LABEL_74	MTL_LABEL_75	MTL_LABEL_76	CO_LABEL_77	CO_LABEL_78	Vis_LABEL_79	Vis_LABEL_80
DMN_LABEL_1	1.0	0.06202571466565132	-0.5589214563369751	0.1975329965353012	0.3018733263015747	-0.09463918209075928	0.6402667164802551	n/a	0.08893858641386032	-0.38890504837036133	-0.5611788034439087	-0.11542198807001114	-0.07952147722244263	-0.06563984602689743	-0.2948051691055298	0.3618723750114441	-0.05573000758886337	0.8334800004959106	0.35275453329086304	-0.2461709976196289	-0.49926239252090454	-0.6639991998672485	0.15058626234531403	-0.37029990553855896	-0.496901273727417	0.4957736134529114	0.7830029129981995	0.5616574883460999	0.2086309790611267	-0.6393426656723022	0.12631039321422577	0.36264580488204956	0.466042160987854	0.5294412970542908	n/a	-0.532428503036499	-0.39241400361061096	-0.2782050669193268	-0.1414412558078766	0.051575738936662674	-0.17065012454986572	-0.1044844537973404	0.35384106636047363	-0.11944671720266342	-0.5173113942146301	-0.554724931716919	0.026986582204699516	-0.39240553975105286	-0.14484000205993652	0.15096154808998108	-0.6561206579208374	0.09198757261037827	0.6948463320732117	0.2457503229379654	0.6338745951652527	0.1833835393190384	0.4024018347263336	-0.17839977145195007	-0.269987553358078	0.11699362099170685	-0.30078190565109253	-0.22845850884914398	0.47346317768096924	-0.003662972943857312	-0.15706758201122284	-0.04880024120211601	-0.35113343596458435	-0.05594190955162048	0.4985547661781311	-0.19033373892307281	0.5470365285873413	-0.28176259994506836	-0.1355709284543991	0.06966792792081833	0.3166677951812744	0.5579752326011658	-0.21186095476150513	-0.3229529559612274	-0.07134260982275009	-0.11881282925605774
Vis_LABEL_2	0.06202571466565132	1.0	-0.22815494239330292	-0.22042310237884521	0.21369101107120514	0.3081338405609131	0.07043053954839706	n/a	-0.0028513805009424686	0.18223385512828827	0.1477397084236145	-0.2628839612007141	-0.15272831916809082	-0.2419232279062271	-0.03737148270010948	0.08545119315385818	-0.16422614455223083	0.003438165644183755	-0.31468135118484497	-0.20942771434783936	0.1887432038784027	0.04047904536128044	-0.2601511776447296	0.0788952112197876	-0.3322103023529053	0.27602580189704895	0.06372858583927155	0.1455669105052948	0.7648730874061584	-0.2846384048461914	-0.22942277789115906	-0.08297045528888702	0.11145688593387604	-0.014803538098931313	n/a	0.06835837662220001	-0.096686452627182	-0.0999806672334671	-0.09620531648397446	-0.2201610952615738	-0.4042811989784241	-0.3205130696296692	-0.4304850995540619	-0.3486728072166443	0.08908768743276596	0.1827843189239502	-0.26051071286201477	-0.1261836290359497	-0.547005832195282	-0.04739987105131149	-0.05957690253853798	-0.08408575505018234	-0.10727360844612122	0.061750754714012146	-0.016964353621006012	0.03006979078054428	-0.03905884549021721	0.08564837276935577	0.02193746715784073	0.04490402340888977	0.1822095811367035	-0.00014456066128332168	0.036997899413108826	-0.04547841474413872	-0.10500222444534302	0.20346753299236298	-0.0868782252073288	-0.129100039601326	-0.14132386445999146	0.11062904447317123	0.12105817347764969	-0.006456354632973671	0.07556065171957016	0.02538464218378067	0.20574842393398285	0.07270090281963348	0.2902216911315918	0.15425951778888702	0.381304532289505	0.332964688539505
FP_LABEL_3	-0.5589214563369751	-0.22815494239330292	1.0	0.02497830241918564	-0.45012038946151733	0.2360466718673706	-0.2591075003147125	n/a	-0.059849660843610764	0.22897778451442719	0.12375584244728088	0.053264811635017395	0.0854533314704895	0.038179174065589905	0.44766080379486084	-0.30134451389312744	0.2391040027141571	-0.6073632836341858	-0.24406197667121887	0.28828468918800354	0.33218884468078613	0.34056970477104187	-0.14767484366893768	0.3535526692867279	0.6801857948303223	-0.17201201617717743	-0.5011682510375977	-0.25318416953086853	-0.21781064569950104	0.4626238942146301	0.06313643604516983	-0.01875895820558071	-0.1307646632194519	-0.08298877626657486	n/a	0.3665335774421692	-0.04010387510061264	0.1550084948539734	0.27194738388061523	0.04874027892947197	0.41380465030670166	0.35372352600097656	-0.08679917454719543	0.22566962242126465	0.32443371415138245	0.20876970887184143	0.10317417979240417	0.3484495282173157	0.22345924377441406	-0.3766948878765106	0.5084770917892456	-0.11421031504869461	-0.5005117058753967	0.03567082807421684	-0.4392815828323364	-0.1704939603805542	-0.37908613681793213	-0.020979495719075203	0.09590884298086166	0.1333010196685791	-0.029990220442414284	0.0432468056678772	-0.5117357969284058	-0.24548819661140442	-0.04033270105719566	0.13512977957725525	0.17252278327941895	-0.13845601677894592	-0.4549654424190521	0.034074533730745316	-0.5663899183273315	0.13172826170921326	-0.14302651584148407	-0.11106148362159729	-0.23251116275787354	-0.38217610120773315	0.23334208130836487	0.12125705927610397	-0.020359864458441734	0.12678822875022888
Aud_LABEL_4	0.1975329965353012	-0.22042310237884521	0.02497830241918564	1.0	0.10367525368928909	-0.4714265465736389	0.13624796271324158	n/a	0.3397255539894104	0.05647806450724602	-0.5112506151199341	-0.01208905503153801	0.24647726118564606	0.6595107913017273	0.201556995511055	-0.3239976465702057	0.5289952754974365	0.28763797879219055	0.6941401362419128	0.1564774215221405	-0.02449587732553482	-0.40013524889945984	-0.07318884879350662	-0.4695853590965271	-0.05911141633987427	-0.27144506573677063	0.07817713916301727	-0.259662389755249	-0.07026101648807526	0.004210557322949171	0.8558440804481506	0.1123497486114502	-0.18748719990253448	0.15023933351039886	n/a	0.20317940413951874	-0.33172544836997986	-0.010651007294654846	0.4498620927333832	0.6157544851303101	0.19961801171302795	0.44993555545806885	0.7463513016700745	0.33397653698921204	0.10244445502758026	-0.460060179233551	0.16677431762218475	-0.445639044046402	0.20101648569107056	-0.2894324064254761	-0.024129876866936684	0.411860853433609	0.2965397536754608	0.15900863707065582	0.29804128408432007	0.059732090681791306	0.1791272610425949	-0.4198385775089264	-0.4039513170719147	0.17393925786018372	-0.33173659443855286	-0.15973109006881714	-0.09802072495222092	-0.25306761264801025	-0.3563685119152069	0.06325551867485046	0.12273605912923813	-0.12488514184951782	0.20012572407722473	-0.24046942591667175	-0.21947132050991058	-0.6566843390464783	-0.3248036205768585	0.12790009379386902	-0.02891576662659645	0.3152916431427002	-0.2794650197029114	-0.44828131794929504	-0.3935770094394684	-0.26727673411369324
Tpole_LABEL_5	0.3018733263015747	0.21369101107120514	-0.45012038946151733	0.10367525368928909	1.0	-0.08525104075670242	0.19022239744663239	n/a	0.027056362479925156	-0.14633208513259888	-0.10789338499307632	-0.29218870401382446	-0.19924777746200562	0.02418345771729946	-0.2833103835582733	0.2814139425754547	-0.18286947906017303	0.3225063681602478	-0.09195661544799805	-0.13380932807922363	-0.32239779829978943	-0.1423153430223465	0.17150697112083435	0.022956985980272293	-0.37455636262893677	0.2784915864467621	0.3266983926296234	0.24329030513763428	0.12851287424564362	-0.2733309864997864	0.15431639552116394	0.3828706443309784	-0.074796661734581	0.09202659130096436	n/a	-0.311855673789978	-0.07594015449285507	-0.3775262236595154	-0.2066037803888321	-0.01680140197277069	-0.49236923456192017	-0.3470466732978821	-0.1080949679017067	-0.07426173985004425	-0.28934407234191895	0.06087386980652809	-0.05942660570144653	-0.0605434775352478	-0.307523250579834	0.2578478157520294	-0.4384777247905731	0.09161107987165451	0.3834848701953888	0.03749503567814827	0.242726132273674	0.1887146234512329	0.1967507153749466	-0.2875531017780304	-0.34102559089660645	-0.16563357412815094	0.031064139679074287	-0.0660165473818779	0.28045395016670227	-0.22851698100566864	-0.18142391741275787	-0.32211652398109436	-0.4491741359233856	-0.22543159127235413	0.3229033350944519	0.01760631613433361	0.3092813789844513	-0.14782272279262543	-0.14457248151302338	-0.08902142941951752	-0.05280843749642372	0.03806867450475693	-0.1536082774400711	-0.19911828637123108	0.028832806274294853	0.039560798555612564
PMN_LABEL_6	-0.09463918209075928	0.3081338405609131	0.2360466718673706	-0.4714265465736389	-0.08525104075670242	1.0	0.1553668975830078	n/a	-0.6161032915115356	0.04138099402189255	0.36093759536743164	-0.056905847042798996	-0.14206938445568085	-0.4228919446468353	-0.16714638471603394	0.34064993262290955	-0.2631601095199585	-0.3339940309524536	-0.556117594242096	0.03258058428764343	0.07985485345125198	0.3984646499156952	-0.09552279859781265	0.6617591977119446	0.013930258341133595	0.37299540638923645	-0.15594948828220367	0.28114232420921326	0.2915944457054138	-0.22482815384864807	-0.34518206119537354	0.17945563793182373	0.655997097492218	0.25410112738609314	n/a	-0.21456913650035858	0.15566381812095642	-0.10515332221984863	-0.09500689059495926	-0.3517022430896759	-0.08406177908182144	-0.13369260728359222	-0.5092294812202454	-0.03405814990401268	-0.07085276395082474	0.4730503261089325	-0.1954289972782135	0.5777884125709534	-0.29065850377082825	0.03417757898569107	-0.10588573664426804	-0.5475387573242188	-0.43872663378715515	0.006536797154694796	-0.3730008602142334	0.11167500913143158	-0.35252314805984497	0.10582026839256287	0.058431439101696014	0.07754401117563248	0.11062367260456085	-0.15885357558727264	-0.19849446415901184	-0.14108730852603912	0.06417732685804367	-0.04534660279750824	-0.29071855545043945	-0.12181547284126282	-0.2992929518222809	0.1140742152929306	-0.08261413872241974	0.3787077069282532	0.2512093186378479	-0.28327882289886475	0.23045283555984497	-0.10302411764860153	0.09433384984731674	0.019754823297262192	0.29028964042663574	0.4262208044528961
PON_LABEL_7	0.6402667164802551	0.07043053954839706	-0.2591075003147125	0.13624796271324158	0.19022239744663239	0.1553668975830078	1.0	n/a	-0.03362974897027016	-0.17944078147411346	-0.43237870931625366	0.041916824877262115	-0.035515956580638885	-0.0010737854754552245	-0.2626436650753021	0.4650055766105652	0.1735495626926422	0.5915784239768982	0.0703122541308403	0.021871985867619514	-0.2359791100025177	-0.46342313289642334	0.24555175006389618	-0.049364734441041946	-0.22674129903316498	0.6446585655212402	0.6627593636512756	0.6370117664337158	0.09332307428121567	-0.702582061290741	0.13078415393829346	0.5200396180152893	0.5052810907363892	0.9346629977226257	n/a	-0.3321472108364105	-0.23337946832180023	-0.14659065008163452	-0.14159612357616425	0.10409189760684967	0.06402695924043655	0.13512331247329712	0.11871033906936646	0.11808747798204422	-0.35726118087768555	-0.39565443992614746	0.042676448822021484	-0.04428930580615997	-0.24711912870407104	-0.049524784088134766	-0.6632384061813354	-0.3383103609085083	0.4600886106491089	0.5530866384506226	0.4335155189037323	0.15501157939434052	0.2520698308944702	-0.1647934466600418	-0.3460736572742462	0.01571783609688282	-0.3181210160255432	-0.32037922739982605	0.12247966974973679	-0.28632766008377075	-0.18262529373168945	-0.18972666561603546	-0.4458892047405243	-0.09161205589771271	0.14952251315116882	-0.2794952988624573	0.3952539265155792	-0.15639331936836243	-0.16727323830127716	0.057402417063713074	0.31512120366096497	0.46864113211631775	-0.13850201666355133	-0.37863561511039734	-0.08227881044149399	0.011685553938150406
MTL_LABEL_8	n/a	n/a	n/a	n/a	n/a	n/a	n/a	1.0	n/a	n/a	n/a	n/a	n/a	n/a	n/a	n/a	n/a	n/a	n/a	n/a	n/a	n/a	n/a	n/a	n/a	n/a	n/a	n/a	n/a	n/a	n/a	n/a	n/a	n/a	n/a	n/a	n/a	n/a	n/a	n/a	n/a	n/a	n/a	n/a	n/a	n/a	n/a	n/a	n/a	n/a	n/a	n/a	n/a	n/a	n/a	n/a	n/a	n/a	n/a	n/a	n/a	n/a	n/a	n/a	n/a	n/a	n/a	n/a	n/a	n/a	n/a	n/a	n/a	n/a	n/a	n/a	n/a	n/a	n/a	n/a
PON_LABEL_9	0.08893858641386032	-0.0028513805009424686	-0.059849660843610764	0.3397255539894104	0.027056362479925156	-0.6161032915115356	-0.03362974897027016	n/a	1.0	0.18633218109607697	-0.07114095985889435	0.03882813826203346	0.0746021717786789	0.07501943409442902	0.1887379288673401	-0.32420167326927185	0.24779169261455536	0.13015492260456085	0.25999715924263	0.06565045565366745	0.07370132952928543	-0.08478141576051712	0.047618087381124496	-0.3580695390701294	0.1304350644350052	-0.16550074517726898	-0.01878836378455162	-0.20131798088550568	-8.251988765550777e-05	-0.013991345651447773	0.23891709744930267	-0.172694593667984	-0.46769192814826965	-0.14903798699378967	n/a	0.3671986758708954	-0.002213791711255908	0.1862742006778717	0.13410812616348267	-0.016426686197519302	0.1291714459657669	0.13723400235176086	0.212103933095932	-0.034495968371629715	0.142878457903862	-0.1829526275396347	0.017891546711325645	-0.3653915524482727	0.20927712321281433	-0.3043944239616394	-0.026282697916030884	0.3676912784576416	0.1497197449207306	0.3079226613044739	0.08961071074008942	-0.071430504322052	0.017696399241685867	-0.0902685895562172	-0.09319615364074707	0.09104056656360626	-0.08462397009134293	-0.05792407691478729	-0.16395244002342224	0.03472793102264404	-0.24434787034988403	0.07033781707286835	0.1535516083240509	-0.0065274774096906185	-0.00023318130115512758	-0.06777004152536392	-0.14429797232151031	-0.28331074118614197	-0.15947818756103516	0.08454947173595428	-0.17152978479862213	0.2181338369846344	0.1315029263496399	0.2050286829471588	0.168897345662117	-0.0005591562367044389
CO_LABEL_10	-0.38890504837036133	0.18223385512828827	0.22897778451442719	0.05647806450724602	-0.14633208513259888	0.04138099402189255	-0.17944078147411346	n/a	0.18633218109607697	1.0	0.23511850833892822	0.3286365866661072	0.22847598791122437	0.02258886955678463	0.3568338453769684	-0.3354949951171875	0.6082718968391418	-0.3718321621417999	-0.1635282188653946	0.6419046521186829	0.8660187125205994	0.35381755232810974	-0.19100694358348846	0.023956818506121635	0.29222410917282104	-0.3674497604370117	-0.41295769810676575	-0.369707852602005	-0.03677576780319214	0.08247938752174377	0.1299835443496704	-0.36734357476234436	-0.26299911737442017	-0.14662045240402222	n/a	0.7687828540802002	0.1358003169298172	0.6825016736984253	0.3523825705051422	-0.021665522828698158	0.34260350465774536	0.5212002992630005	-0.12875567376613617	0.5618399977684021	0.7806598544120789	0.2678447365760803	-0.07635805755853653	-0.009513286873698235	-0.20806950330734253	-0.3593583106994629	0.18591591715812683	-0.05678006634116173	-0.4451395273208618	0.18140500783920288	-0.31037604808807373	0.06976457685232162	0.024365464225411415	-0.1088656634092331	-0.14109909534454346	0.25583240389823914	0.19507469236850739	-0.07098639011383057	-0.48864778876304626	-0.1821378618478775	-0.27418750524520874	0.22015002369880676	0.32666194438934326	-0.19507120549678802	-0.3704639971256256	-0.3116796612739563	-0.4407796263694763	-0.2275598794221878	-0.12203074246644974	-0.1706250011920929	-0.22448353469371796	-0.07493259012699127	0.04373648017644882	0.1328568309545517	0.10886465758085251	0.021440083160996437
Sal_LABEL_11	-0.5611788034439087	0.1477397084236145	0.12375584244728088	-0.5112506151199341	-0.10789338499307632	0.36093759536743164	-0.43237870931625366	n/a	-0.07114095985889435	0.23511850833892822	1.0	-0.0344080850481987	-0.0805228129029274	-0.4290056526660919	-0.1674676388502121	0.07126996666193008	-0.2881539762020111	-0.6296048164367676	-0.5684400200843811	0.24659639596939087	0.27673885226249695	0.8746062517166138	0.0266403891146183	0.5108789801597595	0.14542359113693237	-0.15391482412815094	-0.5750724673271179	-0.1296168714761734	0.10869961231946945	0.13356009125709534	-0.4452865421772003	-0.26605501770973206	-0.12191368639469147	-0.407368540763855	n/a	0.1845073103904724	0.7601054906845093	0.13972702622413635	-0.2487684041261673	-0.5453798174858093	-0.14645299315452576	-0.22117722034454346	-0.6006972789764404	-0.016061848029494286	0.2743784189224243	0.8243871927261353	-0.2041752189397812	0.5163702368736267	-0.09730706363916397	0.06746155023574829	0.2399655133485794	-0.25608447194099426	-0.5807954668998718	-0.28025737404823303	-0.6673926115036011	-0.11335943639278412	-0.4098687767982483	0.3250216543674469	0.22271791100502014	-0.17278742790222168	0.45513594150543213	-0.009079216979444027	-0.32668831944465637	0.011177906766533852	0.12257599085569382	-0.08612103760242462	0.0511007197201252	0.09854435175657272	-0.3766288161277771	0.24494637548923492	-0.31333979964256287	0.4125452935695648	0.35116133093833923	-0.13541533052921295	-0.22133859992027283	-0.3345899283885956	0.10210493206977844	0.38451170921325684	0.4529615640640259	0.3810976445674896
CO_LABEL_12	-0.11542198807001114	-0.2628839612007141	0.053264811635017395	-0.01208905503153801	-0.29218870401382446	-0.056905847042798996	0.041916824877262115	n/a	0.03882813826203346	0.3286365866661072	-0.0344080850481987	1.0	0.06879135966300964	0.022121457383036613	-0.11354757100343704	-0.10754228383302689	0.2956573963165283	-0.11298318952322006	0.0014688778901472688	0.3133041560649872	0.28836923837661743	0.008426439948379993	-0.00416422076523304	0.006904104258865118	0.12195499241352081	-0.18399754166603088	-0.20071427524089813	-0.010561009868979454	-0.23812232911586761	0.026611918583512306	0.023151112720370293	0.007967721670866013	-0.033235207200050354	0.1459483802318573	n/a	0.3499518930912018	-0.002980867400765419	0.557374119758606	0.05948896333575249	0.06682445853948593	0.362161248922348	0.3743366301059723	0.16606295108795166	0.2763255834579468	0.21306481957435608	-0.09462852776050568	0.07954002171754837	0.1388062983751297	0.1790691465139389	-0.1724453717470169	-0.024960869923233986	-0.22419200837612152	-0.19608910381793976	0.11330880224704742	-0.1541157066822052	-0.05234688147902489	-0.06638757139444351	-0.08319307863712311	-0.06421266496181488	0.14809727668762207	-0.10021553188562393	-0.08925920724868774	-0.2202785164117813	0.03747297450900078	0.13773363828659058	0.03539956733584404	0.1761307418346405	0.13725924491882324	-0.2189158797264099	-0.05506439507007599	-0.16011841595172882	0.023448258638381958	0.18523339927196503	-0.00228853989392519	0.016051867976784706	-0.08494275063276291	-0.07544857263565063	0.1356058269739151	0.021951552480459213	-0.040685441344976425
SMd_LABEL_13	-0.07952147722244263	-0.15272831916809082	0.0854533314704895	0.24647726118564606	-0.19924777746200562	-0.14206938445568085	-0.035515956580638885	n/a	0.0746021717786789	0.22847598791122437	-0.0805228129029274	0.06879135966300964	1.0	0.27252197265625	0.10172344744205475	-0.15551745891571045	0.41212227940559387	-0.020486164838075638	0.2659130394458771	0.2632882595062256	0.13935968279838562	0.0912521556019783	-0.11596168577671051	-0.1636374443769455	0.21738511323928833	-0.20651614665985107	-0.19581735134124756	-0.1551712304353714	0.030953509733080864	0.10653071105480194	0.09257536381483078	-0.18486016988754272	-0.12681955099105835	0.04405219107866287	n/a	0.1321450024843216	-0.0472516193985939	-0.0038034089375287294	0.42233970761299133	0.23756451904773712	0.3146858215332031	0.568954586982727	0.22863523662090302	0.20020617544651031	0.060076091438531876	-0.13259060680866241	-0.2121777981519699	-0.1717531681060791	0.16189102828502655	-0.15003927052021027	0.023696979507803917	0.022703155875205994	-0.08470720052719116	-0.049235861748456955	-0.07573871314525604	0.018160341307520866	-0.09063281118869781	-0.11035645008087158	-0.10826636105775833	0.07749740034341812	-0.06648969650268555	-0.16359739005565643	-0.2588997483253479	-0.35849475860595703	-0.3011080026626587	0.24278558790683746	0.18632923066616058	0.06528398394584656	-0.17804811894893646	0.03703451529145241	-0.2813660204410553	-0.3694097697734833	0.10910364985466003	-0.28036177158355713	-0.10328713059425354	0.15439662337303162	-0.2264074832201004	-0.07850609719753265	-0.0143342399969697	-0.16603605449199677
SMl_LABEL_14	-0.06563984602689743	-0.2419232279062271	0.038179174065589905	0.6595107913017273	0.02418345771729946	-0.4228919446468353	-0.0010737854754552245	n/a	0.07501943409442902	0.02258886955678463	-0.4290056526660919	0.022121457383036613	0.27252197265625	1.0	0.287028431892395	-0.4393290579319	0.4030469059944153	0.1175202950835228	0.4332349896430969	0.0009770541219040751	0.08960684388875961	-0.31617704033851624	-0.2676848769187927	-0.38992705941200256	-0.10656498372554779	-0.41488105058670044	-0.034813184291124344	-0.4468649923801422	-0.12237302213907242	0.27176129817962646	0.6501988768577576	0.1486663669347763	-0.3854522705078125	0.003943105693906546	n/a	0.2615150809288025	-0.4185757637023926	0.05095059424638748	0.45621809363365173	0.9568043351173401	0.17056798934936523	0.3460939824581146	0.48051175475120544	0.20358042418956757	0.24456581473350525	-0.3397156298160553	0.1635998636484146	-0.3546900749206543	0.08413442969322205	-0.35957762598991394	0.15635791420936584	0.40132540464401245	0.12678880989551544	0.01601419784128666	0.26678159832954407	0.22115911543369293	0.2531176507472992	-0.3625575602054596	-0.3713396191596985	0.19883280992507935	-0.2980981767177582	0.06384884566068649	0.015579195693135262	-0.14831270277500153	-0.2444543093442917	0.18476411700248718	0.17844127118587494	0.07676655799150467	0.1222878247499466	-0.10708384960889816	-0.07688741385936737	-0.36470261216163635	-0.2160762995481491	0.26640117168426514	0.01947885751724243	0.12823861837387085	-0.2866816520690918	-0.38869181275367737	-0.49698102474212646	-0.4218451976776123
DAN_LABEL_15	-0.2948051691055298	-0.03737148270010948	0.44766080379486084	0.201556995511055	-0.2833103835582733	-0.16714638471603394	-0.2626436650753021	n/a	0.1887379288673401	0.3568338453769684	-0.1674676388502121	-0.11354757100343704	0.10172344744205475	0.287028431892395	1.0	-0.5934944748878479	0.5085154175758362	-0.1558292955160141	0.15521450340747833	0.16443373262882233	0.42244845628738403	-0.07981783151626587	-0.18303899466991425	-0.26288676261901855	0.3570958375930786	-0.38143181800842285	-0.19356444478034973	-0.578852117061615	-0.1280985176563263	0.4509057104587555	0.37341785430908203	-0.1647254228591919	-0.3189660310745239	-0.22156642377376556	n/a	0.49585381150245667	-0.22792546451091766	0.2612955570220947	0.5850974917411804	0.2704806625843048	0.39726850390434265	0.3850771486759186	0.018810883164405823	0.3190484046936035	0.4611290991306305	-0.03656502068042755	0.1574132889509201	-0.2582356631755829	0.14165328443050385	-0.5207905769348145	0.41863808035850525	0.26349887251853943	-0.15773430466651917	0.2297520637512207	0.059242766350507736	0.17435461282730103	0.14836712181568146	-6.171623681439087e-05	0.03316819667816162	0.246363565325737	-0.23751336336135864	0.24388740956783295	-0.1838056743144989	0.06267137825489044	-0.3373837471008301	0.11354274302721024	0.33102601766586304	-0.032167233526706696	-0.226274311542511	-0.07489743828773499	-0.29779693484306335	-0.31300419569015503	-0.2967694103717804	0.16136065125465393	0.00464241998270154	0.07687346637248993	0.11161619424819946	0.033238787204027176	-0.23128440976142883	-0.2981041669845581
DMN_LABEL_16	0.3618723750114441	0.08545119315385818	-0.30134451389312744	-0.3239976465702057	0.2814139425754547	0.34064993262290955	0.4650055766105652	n/a	-0.32420167326927185	-0.3354949951171875	0.07126996666193008	-0.10754228383302689	-0.15551745891571045	-0.4393290579319	-0.5934944748878479	1.0	-0.4036160409450531	0.3212055563926697	-0.22145767509937286	-0.14042483270168304	-0.3502580225467682	0.05752813071012497	0.26083701848983765	0.36795637011528015	-0.18687745928764343	0.711302638053894	0.37926411628723145	0.7969833612442017	-0.011882198043167591	-0.5029332041740417	-0.4228721857070923	0.2507266104221344	0.5072318315505981	0.4244619905948639	n/a	-0.5042345523834229	0.08868834376335144	-0.4003354012966156	-0.5406484007835388	-0.4062420725822449	-0.38412025570869446	-0.3591010868549347	-0.26008304953575134	-0.14270393550395966	-0.530785322189331	0.04588910564780235	-0.15644386410713196	0.35454899072647095	-0.27187976241111755	0.715793251991272	-0.5922641158103943	-0.4593685269355774	0.33759522438049316	0.07238855957984924	0.039455216377973557	-0.02397947944700718	-0.0272180438041687	0.2583794891834259	0.07606872171163559	-0.44730716943740845	0.00569668784737587	-0.4001724421977997	0.13456381857395172	-0.25324779748916626	0.07762676477432251	-0.3856985867023468	-0.5099344849586487	-0.16335107386112213	0.1483691781759262	0.03688935190439224	0.4321165382862091	0.2565487027168274	0.023298265412449837	0.05622459575533867	-0.014643991366028786	-0.05543823167681694	0.06849493086338043	0.04985981434583664	0.15993578732013702	0.2553178071975708
CO_LABEL_17	-0.05573000758886337	-0.16422614455223083	0.2391040027141571	0.5289952754974365	-0.18286947906017303	-0.2631601095199585	0.1735495626926422	n/a	0.24779169261455536	0.6082718968391418	-0.2881539762020111	0.2956573963165283	0.41212227940559387	0.4030469059944153	0.5085154175758362	-0.4036160409450531	1.0	-0.023382622748613358	0.3492169678211212	0.5895853042602539	0.5698100328445435	-0.11475007236003876	-0.08055799454450607	-0.2826542556285858	0.21623949706554413	-0.3776155412197113	-0.1426810473203659	-0.3412083089351654	-0.15874788165092468	-0.006008091848343611	0.5987857580184937	-0.058128681033849716	-0.2712189853191376	0.21298032999038696	n/a	0.54344642162323	-0.2224750518798828	0.4727146327495575	0.6096035838127136	0.40423011779785156	0.6659326553344727	0.896089494228363	0.3616407513618469	0.6659841537475586	0.5438681840896606	-0.17964360117912292	0.08938758075237274	-0.23678167164325714	0.01056938711553812	-0.4990036189556122	0.04515210911631584	0.04949451610445976	-0.1215747818350792	0.24581246078014374	0.007996478118002415	0.09139498323202133	0.22132807970046997	-0.23665359616279602	-0.3203440010547638	0.2794525921344757	-0.17413495481014252	-0.14012590050697327	-0.43222588300704956	-0.30930382013320923	-0.44804322719573975	0.19656524062156677	0.26124194264411926	-0.2251022309064865	-0.19897934794425964	-0.42847806215286255	-0.456845223903656	-0.5386527180671692	-0.3814767301082611	-0.09950274229049683	-0.14761731028556824	0.20792217552661896	-0.2038148194551468	-0.31238797307014465	-0.23131853342056274	-0.36245617270469666
DMN_LABEL_18	0.8334800004959106	0.003438165644183755	-0.6073632836341858	0.28763797879219055	0.3225063681602478	-0.3339940309524536	0.5915784239768982	n/a	0.13015492260456085	-0.3718321621417999	-0.6296048164367676	-0.11298318952322006	-0.020486164838075638	0.1175202950835228	-0.1558292955160141	0.3212055563926697	-0.023382622748613358	1.0	0.4844285547733307	-0.29899153113365173	-0.4780774712562561	-0.7695761322975159	0.1490270048379898	-0.586920440196991	-0.4721139371395111	0.4440820813179016	0.8905170559883118	0.42289966344833374	0.026162536814808846	-0.41929033398628235	0.21524377167224884	0.2521132230758667	0.29839271306991577	0.45036402344703674	n/a	-0.39998510479927063	-0.43156301975250244	-0.24923478066921234	-0.11783440411090851	0.19520816206932068	-0.2477693110704422	-0.1574760377407074	0.3890855312347412	-0.08705023676156998	-0.49911341071128845	-0.6849858164787292	0.07752032577991486	-0.5856797695159912	-0.0937117412686348	0.23011918365955353	-0.5392873287200928	0.20762741565704346	0.9061145782470703	0.28769803047180176	0.8077092170715332	0.15821334719657898	0.49808481335639954	-0.11328163743019104	-0.09944737702608109	-0.055804185569286346	-0.4373660087585449	-0.12333215773105621	0.6144983172416687	0.0446489192545414	-0.15111736953258514	-0.11396404355764389	-0.27996745705604553	0.0990326777100563	0.5209596753120422	-0.133271262049675	0.683369517326355	-0.35850515961647034	-0.23390361666679382	0.30370140075683594	0.3088013529777527	0.5549167394638062	-0.24756856262683868	-0.338508278131485	-0.278491735458374	-0.2243751734495163
VAN_LABEL_19	0.35275453329086304	-0.31468135118484497	-0.24406197667121887	0.6941401362419128	-0.09195661544799805	-0.556117594242096	0.0703122541308403	n/a	0.25999715924263	-0.1635282188653946	-0.5684400200843811	0.0014688778901472688	0.2659130394458771	0.4332349896430969	0.15521450340747833	-0.22145767509937286	0.3492169678211212	0.4844285547733307	1.0	-0.07808145135641098	-0.18702545762062073	-0.5614991784095764	0.011910955421626568	-0.6456078886985779	-0.14936646819114685	-0.24559658765792847	0.1986619532108307	-0.18802016973495483	-0.2471967339515686	-0.002112407935783267	0.5497943758964539	-0.03822634741663933	-0.06152984872460365	0.010004634968936443	n/a	-0.024774353951215744	-0.2543374300003052	-0.0010670269839465618	0.36015814542770386	0.44107523560523987	0.22799457609653473	0.3465579152107239	0.8553481101989746	0.1882510781288147	-0.10638368129730225	-0.5908344984054565	0.1242942288517952	-0.5571513772010803	0.30894526839256287	-0.039114467799663544	-0.08099785447120667	0.3192392885684967	0.4446273744106293	-0.06600991636514664	0.3574378788471222	-0.07053714245557785	0.2423619031906128	-0.15098515152931213	-0.1133226677775383	0.13118702173233032	-0.25684642791748047	-0.06539591401815414	0.13200508058071136	0.04134296625852585	-0.07223587483167648	0.12919588387012482	0.26450544595718384	0.14323605597019196	0.3599602282047272	-0.1414341926574707	-0.0017363198567181826	-0.6289023160934448	-0.10989033430814743	0.17895299196243286	0.12597350776195526	0.40368345379829407	-0.21173931658267975	-0.2866159677505493	-0.3456780016422272	-0.35728299617767334
CO_LABEL_20	-0.2461709976196289	-0.20942771434783936	0.28828468918800354	0.1564774215221405	-0.13380932807922363	0.03258058428764343	0.021871985867619514	n/a	0.06565045565366745	0.6419046521186829	0.24659639596939087	0.3133041560649872	0.2632882595062256	0.0009770541219040751	0.16443373262882233	-0.14042483270168304	0.5895853042602539	-0.29899153113365173	-0.07808145135641098	1.0	0.6403263211250305	0.3343937397003174	0.06323779374361038	0.1733657717704773	0.3087542653083801	-0.237865149974823	-0.2928942143917084	-0.09346280246973038	-0.15015384554862976	-0.038838692009449005	0.1683599054813385	-0.14587092399597168	-0.17694832384586334	0.09590613842010498	n/a	0.39662066102027893	0.23187223076820374	0.43410372734069824	0.09684095531702042	-0.036213669925928116	0.4280271530151367	0.594207763671875	0.004279255401343107	0.7793952226638794	0.567869246006012	0.20509016513824463	-0.001962685491889715	0.19963940978050232	-0.052060823887586594	-0.29066774249076843	0.036035750061273575	-0.19797691702842712	-0.33098575472831726	0.16590309143066406	-0.27133581042289734	0.18029238283634186	0.055390506982803345	-0.19684945046901703	-0.36961108446121216	0.04380912333726883	0.20129574835300446	-0.2739337086677551	-0.5384668707847595	-0.2983417809009552	-0.34512367844581604	-0.06741229444742203	0.19718849658966064	-0.1576412320137024	-0.2876940965652466	-0.24861395359039307	-0.45772916078567505	-0.25022104382514954	-0.08870198577642441	-0.18293799459934235	-0.17221958935260773	-0.05820896849036217	-0.14643548429012299	-0.10564561188220978	0.039348408579826355	-0.054460156708955765
CO_LABEL_21	-0.49926239252090454	0.1887432038784027	0.33218884468078613	-0.02449587732553482	-0.32239779829978943	0.07985485345125198	-0.2359791100025177	n/a	0.07370132952928543	0.8660187125205994	0.27673885226249695	0.28836923837661743	0.13935968279838562	0.08960684388875961	0.42244845628738403	-0.3502580225467682	0.5698100328445435	-0.4780774712562561	-0.18702545762062073	0.6403263211250305	1.0	0.38894009590148926	-0.3633212745189667	0.08436193317174911	0.19437295198440552	-0.39387863874435425	-0.47583624720573425	-0.41177070140838623	-0.04384690895676613	0.2366957664489746	0.06777448207139969	-0.3939545750617981	-0.3250029385089874	-0.19599999487400055	n/a	0.805374264717102	0.04192599281668663	0.6512787342071533	0.2597578763961792	0.056221239268779755	0.31485265493392944	0.47544628381729126	-0.2086564004421234	0.5315595865249634	0.9125000834465027	0.29726678133010864	-0.11509792506694794	0.039056044071912766	-0.25999873876571655	-0.35740596055984497	0.40198856592178345	-0.0538666695356369	-0.5239115953445435	0.046979278326034546	-0.3539500832557678	0.13103608787059784	0.03660356253385544	-0.015023825690150261	-0.1316663771867752	0.1800708770751953	0.3254985213279724	-0.010715944692492485	-0.5578426718711853	-0.10155709832906723	-0.21609391272068024	0.33065706491470337	0.4136646091938019	-0.14931754767894745	-0.47776731848716736	-0.17268626391887665	-0.511919379234314	-0.11563276499509811	-0.06529780477285385	-0.019493285566568375	-0.12015561014413834	-0.16570109128952026	0.23981605470180511	0.16693845391273499	0.08745148032903671	-0.07914722710847855
Sal_LABEL_22	-0.6639991998672485	0.04047904536128044	0.34056970477104187	-0.40013524889945984	-0.1423153430223465	0.3984646499156952	-0.46342313289642334	n/a	-0.08478141576051712	0.35381755232810974	0.8746062517166138	0.008426439948379993	0.0912521556019783	-0.31617704033851624	-0.07981783151626587	0.05752813071012497	-0.11475007236003876	-0.7695761322975159	-0.5614991784095764	0.3343937397003174	0.38894009590148926	1.0	-0.03751271218061447	0.6401633620262146	0.36991897225379944	-0.2205689549446106	-0.7509099245071411	-0.20571406185626984	0.0014302792260423303	0.23088525235652924	-0.32801949977874756	-0.3070429265499115	-0.19756558537483215	-0.39801913499832153	n/a	0.27152761816978455	0.6213504076004028	0.155508354306221	-0.09135767072439194	-0.4406064748764038	0.023631051182746887	-0.011374389752745628	-0.5643727779388428	0.10465992242097855	0.3617798686027527	0.8590924739837646	-0.176040917634964	0.6293697357177734	-0.0020985514856874943	0.05611471086740494	0.2600502073764801	-0.30402129888534546	-0.7271285057067871	-0.2887447476387024	-0.7928908467292786	-0.168499156832695	-0.55367112159729	0.252219557762146	0.15987904369831085	-0.10226351022720337	0.4511342942714691	-0.06980286538600922	-0.5351357460021973	-0.13561378419399261	0.055949389934539795	0.007235152181237936	0.054782137274742126	-0.07136578857898712	-0.4505014419555664	0.23026469349861145	-0.5077018737792969	0.3701072633266449	0.21818731725215912	-0.30885663628578186	-0.3800632953643799	-0.485544890165329	0.09532714635133743	0.36356496810913086	0.385317862033844	0.3331442177295685
DAN_LABEL_23	0.15058626234531403	-0.2601511776447296	-0.14767484366893768	-0.07318884879350662	0.17150697112083435	-0.09552279859781265	0.24555175006389618	n/a	0.047618087381124496	-0.19100694358348846	0.0266403891146183	-0.00416422076523304	-0.11596168577671051	-0.2676848769187927	-0.18303899466991425	0.26083701848983765	-0.08055799454450607	0.1490270048379898	0.011910955421626568	0.06323779374361038	-0.3633212745189667	-0.03751271218061447	1.0	0.217115119099617	0.3321777582168579	0.10102555900812149	0.15160848200321198	0.22902286052703857	-0.29093632102012634	-0.2545768618583679	-0.09781409054994583	0.12728720903396606	0.02974560484290123	0.1592947244644165	n/a	-0.34756964445114136	0.3888475298881531	-0.03161340206861496	-0.28389328718185425	-0.2736220359802246	0.23665988445281982	-0.043133702129125595	0.038855910301208496	0.06301446259021759	-0.3357555866241455	0.05223642662167549	0.6254940629005432	0.3083318769931793	0.3766198754310608	0.17793773114681244	-0.40402644872665405	-0.3047857880592346	0.1571454107761383	0.17416970431804657	-0.05311949551105499	-0.2028820961713791	0.004139681812375784	0.037285804748535156	0.08716102689504623	-0.13674396276474	-0.022011475637555122	-0.17631244659423828	0.16629718244075775	0.040027182549238205	0.14026808738708496	-0.608895480632782	-0.2765079438686371	0.07841824740171432	0.19256266951560974	-0.08313050866127014	0.1677885800600052	-0.0619719959795475	-0.1267583668231964	-0.11800216883420944	-0.1608041226863861	0.012349583208560944	-0.3978124260902405	-0.1935480833053589	-0.08448921144008636	0.107598215341568
PMN_LABEL_24	-0.37029990553855896	0.0788952112197876	0.3535526692867279	-0.4695853590965271	0.022956985980272293	0.6617591977119446	-0.049364734441041946	n/a	-0.3580695390701294	0.023956818506121635	0.5108789801597595	0.006904104258865118	-0.1636374443769455	-0.38992705941200256	-0.26288676261901855	0.36795637011528015	-0.2826542556285858	-0.586920440196991	-0.6456078886985779	0.1733657717704773	0.08436193317174911	0.6401633620262146	0.217115119099617	1.0	0.32103756070137024	0.22726687788963318	-0.44709882140159607	0.23236259818077087	0.04094332456588745	-0.02028294838964939	-0.41057682037353516	0.12091335654258728	0.1793249398469925	0.014533440582454205	n/a	-0.13977742195129395	0.330793172121048	-0.08889295160770416	-0.30194994807243347	-0.4047340452671051	0.00565069867298007	-0.11046396940946579	-0.5259660482406616	-0.06308746337890625	-0.04098786041140556	0.5938910841941833	0.01756211929023266	0.9299687147140503	-0.09819136559963226	0.09560276567935944	-0.06951510161161423	-0.5068567991256714	-0.5727424025535583	-0.10343274474143982	-0.6903573870658875	-0.02171616069972515	-0.4562603235244751	0.11232105642557144	0.00559729989618063	-0.19634829461574554	0.28658485412597656	-0.2739725708961487	-0.3937085270881653	-0.21943968534469604	0.11917655915021896	-0.27900683879852295	-0.2102900892496109	-0.14658281207084656	-0.35218536853790283	0.23493432998657227	-0.24533134698867798	0.46361956000328064	0.22440871596336365	-0.3381241261959076	-0.2004161924123764	-0.44780823588371277	0.13554343581199646	0.14062567055225372	0.3247605562210083	0.44805818796157837
DAN_LABEL_25	-0.496901273727417	-0.3322103023529053	0.6801857948303223	-0.05911141633987427	-0.37455636262893677	0.013930258341133595	-0.22674129903316498	n/a	0.1304350644350052	0.29222410917282104	0.14542359113693237	0.12195499241352081	0.21738511323928833	-0.10656498372554779	0.3570958375930786	-0.18687745928764343	0.21623949706554413	-0.4721139371395111	-0.14936646819114685	0.3087542653083801	0.19437295198440552	0.36991897225379944	0.3321777582168579	0.32103756070137024	1.0	-0.190987691283226	-0.4627574682235718	-0.21164973080158234	-0.3605477213859558	0.31756529211997986	-0.09703217446804047	-0.16652144491672516	-0.19478410482406616	-0.1479528546333313	n/a	0.2440146654844284	0.23296700417995453	0.22889737784862518	0.1378987431526184	-0.15742971003055573	0.5732685923576355	0.3524225354194641	-0.06411134451627731	0.21681301295757294	0.16852323710918427	0.2234182059764862	0.25008007884025574	0.3899797201156616	0.4873964190483093	-0.240569069981575	0.1800098568201065	-0.28210338950157166	-0.4207479953765869	0.1887877881526947	-0.4207495450973511	-0.3624332547187805	-0.40321671962738037	0.1566895842552185	0.1813955307006836	0.05012393370270729	-0.033106282353401184	-0.03894028440117836	-0.4183615744113922	-0.1443469524383545	0.07392485439777374	-0.16295017302036285	0.13279081881046295	0.022321240976452827	-0.26444926857948303	0.06198282539844513	-0.37492066621780396	0.07856228202581406	-0.15691211819648743	-0.19696727395057678	-0.40063920617103577	-0.3256154954433441	0.06122796982526779	0.24289138615131378	-0.07240775972604752	0.2329576462507248
