Node	DMN_LABEL_1	Vis_LABEL_2	FP_LABEL_3	Aud_LABEL_4	Tpole_LABEL_5	PMN_LABEL_6	PON_LABEL_7	MTL_LABEL_8	PON_LABEL_9	CO_LABEL_10	Sal_LABEL_11	CO_LABEL_12	SMd_LABEL_13	SMl_LABEL_14	DAN_LABEL_15	DMN_LABEL_16	CO_LABEL_17	DMN_LABEL_18	VAN_LABEL_19	CO_LABEL_20	CO_LABEL_21	Sal_LABEL_22	DAN_LABEL_23	PMN_LABEL_24	DAN_LABEL_25	DMN_LABEL_26	DMN_LABEL_27	DMN_LABEL_28	Vis_LABEL_29	FP_LABEL_30	Aud_LABEL_31	Tpole_LABEL_32	PMN_LABEL_33	PON_LABEL_34	MTL_LABEL_35	CO_LABEL_36	Sal_LABEL_37	CO_LABEL_38	SMd_LABEL_39	SMl_LABEL_40	DAN_LABEL_41	CO_LABEL_42	VAN_LABEL_43	CO_LABEL_44	CO_LABEL_45	Sal_LABEL_46	DAN_LABEL_47	PMN_LABEL_48	DAN_LABEL_49	DMN_LABEL_50	FP_LABEL_51	DMN_LABEL_52	DMN_LABEL_53	PON_LABEL_54	DMN_LABEL_55	Tpole_LABEL_56	Tpole_LABEL_57	Sal_LABEL_58	Sal_LABEL_59	SMd_LABEL_60	DAN_LABEL_61	FP_LABEL_62	DMN_LABEL_63	FP_LABEL_64	FP_LABEL_65	SMd_LABEL_66	SMl_LABEL_67	SMd_LABEL_68	DMN_LABEL_69	DAN_LABEL_70	DMN_LABEL_71	FP_LABEL_72	SMd_LABEL_73	SMl_LABEL_74	MTL_LABEL_75	MTL_LABEL_76	CO_LABEL_77	CO_LABEL_78	Vis_LABEL_79	Vis_LABEL_80
DMN_LABEL_1	1.0	0.020571744069457054	-0.19881463050842285	-0.25927573442459106	0.3116074800491333	-0.24536657333374023	0.1153818815946579	n/a	-0.07104276120662689	0.06977929174900055	-0.48288390040397644	0.031084898859262466	0.2827289402484894	-0.3325178027153015	-0.06019141897559166	0.12510545551776886	-0.03901570662856102	0.653780460357666	0.2346951812505722	0.12827560305595398	-0.3135168254375458	-0.399507999420166	-0.2626344859600067	-0.42790475487709045	0.03848281875252724	-0.07640498876571655	-0.17834141850471497	0.05540740489959717	0.017131013795733452	-0.3337722718715668	-0.3733959197998047	0.1882433444261551	0.05285726860165596	0.2974919080734253	n/a	0.05668497085571289	-0.5073915123939514	0.04459535703063011	0.25329962372779846	-0.4112388789653778	0.11558187752962112	0.1246117651462555	0.3033885657787323	-0.15982791781425476	-0.338517427444458	-0.4512763023376465	-0.23506209254264832	-0.33992916345596313	0.12170030176639557	0.3588927984237671	-0.36584094166755676	0.5177702903747559	0.7014657855033875	0.04700255021452904	0.37972232699394226	0.20784993469715118	0.23083660006523132	-0.23865070939064026	-0.002323277061805129	0.2838990092277527	0.330217570066452	0.257034033536911	0.20627905428409576	-0.2223677784204483	0.2589869201183319	0.29419708251953125	0.357831746339798	0.20231758058071136	0.3179883658885956	0.028829894959926605	0.006254313047975302	0.09007695317268372	0.3561776578426361	0.20169655978679657	0.10992495715618134	0.4596901834011078	0.03496193885803223	-0.3781648278236389	0.24432331323623657	0.04124275594949722
Vis_LABEL_2	0.020571744069457054	1.0	-0.0344356894493103	-0.27990928292274475	0.016826065257191658	-0.0033065704628825188	-0.23384197056293488	n/a	-0.006395351141691208	0.1150103285908699	-0.1398446261882782	-0.06527025252580643	-0.42433685064315796	-0.021560242399573326	-0.21667169034481049	-0.05279865488409996	-0.02017081156373024	-0.07433387637138367	-0.06282326579093933	-0.15610989928245544	0.04894142970442772	-0.09904321283102036	-0.2871490716934204	0.0385390967130661	-0.22969329357147217	-0.2979741394519806	-0.0608346201479435	-0.013398950919508934	0.9264572262763977	0.10348041355609894	-0.06747108697891235	-0.07238024473190308	0.015444627963006496	0.01358403917402029	n/a	0.10301478952169418	-0.17288164794445038	0.05604104325175285	0.00562678137794137	-0.1670478880405426	-0.06345308572053909	0.1621052771806717	-0.1565268635749817	-0.028613822534680367	0.2211182564496994	-0.1845756322145462	0.06690576672554016	0.036621879786252975	-0.4851769506931305	-0.147233784198761	0.07936105132102966	-0.1313904970884323	-0.0712919756770134	0.04594515264034271	0.27826207876205444	-0.20903581380844116	-0.36820289492607117	-0.008967542089521885	-0.1669536978006363	-0.12021169811487198	0.24900323152542114	-0.12266888469457626	-0.040691863745450974	-0.21632933616638184	-0.1977931708097458	0.29820024967193604	0.0958123728632927	-0.40932759642601013	-0.22643139958381653	-5.3083575039636344e-05	-0.18796387314796448	-0.05646507814526558	-0.12354637682437897	-0.16780498623847961	-0.13294728100299835	-0.22468416392803192	0.004761104937642813	0.07228324562311172	0.5788867473602295	0.4591098427772522
FP_LABEL_3	-0.19881463050842285	-0.0344356894493103	1.0	0.16468572616577148	-0.30462518334388733	0.02714911662042141	0.2412758469581604	n/a	0.10468493402004242	-0.3300049602985382	0.09675140678882599	-0.48983824253082275	-0.29851433634757996	0.10725212097167969	0.2180413454771042	0.47201576828956604	0.08301085978746414	-0.07429216802120209	0.05246121808886528	-0.15530402958393097	-0.18512660264968872	0.021408265456557274	-0.1666136533021927	0.20646199584007263	0.24021676182746887	0.03354301303625107	-0.07636424899101257	0.10917841643095016	0.1672070473432541	0.5680182576179504	0.14937333762645721	-0.23400846123695374	-0.10584152489900589	0.331583708524704	n/a	-0.20611560344696045	0.002854676451534033	-0.3404473662376404	0.016594724729657173	0.1382845938205719	-0.0702633187174797	-0.1004052385687828	0.08451978117227554	-0.27406880259513855	-0.11789299547672272	0.15632008016109467	0.15741156041622162	0.2823914885520935	-0.061768561601638794	0.26604247093200684	0.4489845931529999	-0.24118784070014954	0.019043654203414917	0.08680254966020584	-0.35903066396713257	-0.11150792986154556	-0.16396775841712952	-0.00706828385591507	-0.31929561495780945	0.0806254968047142	-0.10742717981338501	-0.18336214125156403	-0.3647174835205078	0.041474081575870514	-0.24331064522266388	-0.31307244300842285	-0.12811662256717682	-0.23310989141464233	-0.17027907073497772	0.11392472684383392	-0.28625795245170593	0.09861260652542114	-0.5170586705207825	-0.29657408595085144	-0.28970393538475037	0.04709818586707115	-0.168256938457489	-0.16008636355400085	-0.05932062491774559	0.2166999876499176
Aud_LABEL_4	-0.25927573442459106	-0.27990928292274475	0.16468572616577148	1.0	-0.0759473368525505	-0.19183535873889923	-0.13419976830482483	n/a	0.5747484564781189	-0.04594925791025162	0.08989977836608887	-0.14818178117275238	0.1355399340391159	0.40028178691864014	0.41101500391960144	0.018530139699578285	0.49070438742637634	-0.2385593056678772	0.5413960814476013	0.3537932336330414	0.382925420999527	0.32358139753341675	0.294293075799942	-0.03794349357485771	0.25607937574386597	-0.5104726552963257	-0.32110145688056946	-0.39357995986938477	-0.1661260575056076	0.20900356769561768	0.8980506658554077	-0.14031773805618286	-0.33349528908729553	-0.0929042249917984	n/a	0.19035793840885162	0.19328555464744568	0.20352783799171448	-0.1603086292743683	0.41029712557792664	0.12995558977127075	0.14218895137310028	0.47242292761802673	0.38508081436157227	0.3574053645133972	0.326105535030365	0.29567480087280273	-0.023265860974788666	0.43003159761428833	0.031210588291287422	0.24143363535404205	-0.4955320656299591	-0.03957142308354378	0.29236820340156555	-0.12193315476179123	0.02296384610235691	-0.08213778585195541	0.029585523530840874	0.04338482394814491	-0.5801517367362976	-0.158079132437706	-0.47245001792907715	-0.4851442277431488	0.10823668539524078	-0.2970111668109894	-0.1924184262752533	-0.3566581904888153	-0.22409379482269287	-0.2032894343137741	0.44246190786361694	-0.4852689504623413	-0.14927911758422852	-0.2100401669740677	0.08875889331102371	-0.04764984920620918	-0.08550017327070236	0.3780686855316162	-0.0359371043741703	-0.2741023600101471	-0.08127672970294952
Tpole_LABEL_5	0.3116074800491333	0.016826065257191658	-0.30462518334388733	-0.0759473368525505	1.0	-0.2967517673969269	-0.10056299716234207	n/a	0.21308279037475586	-0.026249544695019722	-0.2563100755214691	-0.06401795893907547	-0.10111939907073975	0.07236441969871521	-0.14816288650035858	-0.1653834581375122	-0.04083763808012009	0.373598575592041	0.18754273653030396	0.26963457465171814	-0.16278274357318878	-0.28753209114074707	-0.02782057225704193	-0.48300400376319885	0.031631022691726685	0.12418003380298615	0.018206289038062096	0.0023581956047564745	-0.049858249723911285	-0.19224365055561066	-0.18608631193637848	0.6151160001754761	-0.1843239814043045	0.0407053604722023	n/a	0.07379598915576935	-0.2774389684200287	0.019122526049613953	-0.3339318335056305	0.019951174035668373	-0.05788359418511391	0.1654331088066101	0.10614977777004242	0.2386300414800644	0.07108042389154434	-0.29039818048477173	-0.22270150482654572	-0.46554815769195557	-0.045020781457424164	0.0011727988021448255	-0.30334311723709106	0.3690023720264435	0.3113737404346466	0.21356867253780365	0.23885002732276917	0.1924005150794983	0.3795434534549713	0.10653365403413773	0.28754961490631104	0.06673271954059601	0.2132088541984558	0.19932854175567627	0.340932160615921	-0.12919633090496063	0.16628588736057281	0.17323678731918335	0.08403842151165009	-0.13065172731876373	0.09308142960071564	-0.3394606113433838	0.37412726879119873	-0.20172369480133057	0.05038173124194145	0.34221649169921875	0.2518678605556488	0.08699821680784225	-0.2503940165042877	-0.3583497703075409	0.18846341967582703	-0.02916020341217518
PMN_LABEL_6	-0.24536657333374023	-0.0033065704628825188	0.02714911662042141	-0.19183535873889923	-0.2967517673969269	1.0	0.1879459023475647	n/a	-0.2144567370414734	0.44963157176971436	0.6534019112586975	0.31705641746520996	-0.20278821885585785	-0.2912861704826355	-0.358763188123703	-0.11807502806186676	-0.3781334459781647	-0.4567580223083496	-0.5905529856681824	-0.1157432273030281	0.27849075198173523	0.4705733358860016	0.14751459658145905	0.8341522216796875	-0.31483420729637146	0.27460217475891113	0.3647885322570801	0.07396023720502853	-0.06925267726182938	-0.2150004506111145	-0.05271339416503906	-0.4478769898414612	0.7978998422622681	0.065317802131176	n/a	0.3039866089820862	0.6707125902175903	0.3689720034599304	-0.06958238780498505	-0.26607686281204224	0.01362496055662632	-0.2665853500366211	-0.6221674680709839	-0.03597724065184593	0.2907826602458954	0.39251911640167236	0.1953991949558258	0.8071516752243042	-0.3428420126438141	-0.45252013206481934	-0.00022271285706665367	-0.0670635774731636	-0.5026859045028687	-0.14885395765304565	-0.18732120096683502	-0.13494418561458588	-0.4417680501937866	-0.11048375815153122	0.05444721505045891	0.24992935359477997	0.2071019411087036	-0.32279065251350403	0.012345335446298122	-0.15445047616958618	-0.24497021734714508	0.35093605518341064	0.34070125222206116	0.012491217814385891	-0.3679114878177643	-0.14031699299812317	0.01892804726958275	-0.20959340035915375	0.35319390892982483	-0.25184765458106995	0.18475964665412903	-0.39020800590515137	-0.10172067582607269	0.4902005195617676	-0.3126544654369354	0.2857469916343689
PON_LABEL_7	0.1153818815946579	-0.23384197056293488	0.2412758469581604	-0.13419976830482483	-0.10056299716234207	0.1879459023475647	1.0	n/a	0.3116167485713959	-0.08388209342956543	-0.021180937066674232	0.12821869552135468	0.09639681130647659	-0.21204057335853577	0.30490827560424805	0.31893154978752136	0.2531178295612335	0.18970268964767456	0.16833141446113586	-0.11448314785957336	-0.12857367098331451	0.026138538494706154	0.35925501585006714	0.20402392745018005	0.3799575865268707	0.15999360382556915	-0.17693644762039185	-0.004262473899871111	-0.16280484199523926	-0.20682449638843536	-0.19405648112297058	0.003970402292907238	0.19222937524318695	0.7931888103485107	n/a	-0.22404660284519196	0.0040137022733688354	0.21065473556518555	0.06832987815141678	-0.03037271462380886	0.340556800365448	0.19576376676559448	0.2527639865875244	-0.19160734117031097	-0.27105778455734253	-0.05724840238690376	0.5283678770065308	0.2245018482208252	0.3458916246891022	-0.10750856250524521	-0.21043293178081512	-0.041493985801935196	0.05811118334531784	0.3387930989265442	-0.2931205928325653	-0.21425442397594452	-0.12883707880973816	-0.4236869812011719	-0.5188762545585632	0.36970293521881104	-0.20069372653961182	-0.31795477867126465	-0.2984912097454071	-0.5407723188400269	-0.3106098473072052	-0.007967791520059109	-0.14474885165691376	0.29674848914146423	-0.20807933807373047	-0.028945107012987137	-0.23033864796161652	0.03269258514046669	0.16463272273540497	-0.058955851942300797	0.10020798444747925	0.2522895038127899	-0.311748206615448	-0.08578627556562424	-0.12400912493467331	-0.18123900890350342
MTL_LABEL_8	n/a	n/a	n/a	n/a	n/a	n/a	n/a	1.0	n/a	n/a	n/a	n/a	n/a	n/a	n/a	n/a	n/a	n/a	n/a	n/a	n/a	n/a	n/a	n/a	n/a	n/a	n/a	n/a	n/a	n/a	n/a	n/a	n/a	n/a	n/a	n/a	n/a	n/a	n/a	n/a	n/a	n/a	n/a	n/a	n/a	n/a	n/a	n/a	n/a	n/a	n/a	n/a	n/a	n/a	n/a	n/a	n/a	n/a	n/a	n/a	n/a	n/a	n/a	n/a	n/a	n/a	n/a	n/a	n/a	n/a	n/a	n/a	n/a	n/a	n/a	n/a	n/a	n/a	n/a	n/a
PON_LABEL_9	-0.07104276120662689	-0.006395351141691208	0.10468493402004242	0.5747484564781189	0.21308279037475586	-0.2144567370414734	0.3116167485713959	n/a	1.0	0.11314836889505386	-0.012208418920636177	0.0542781800031662	0.135476753115654	0.12884210050106049	0.3917420208454132	-0.06676497310400009	0.511971652507782	-0.16263990104198456	0.5854176878929138	0.34277620911598206	0.4298240840435028	0.2593112587928772	0.423773854970932	-0.049687787890434265	0.4559164345264435	-0.49249961972236633	-0.5978839993476868	-0.573129415512085	-0.01943523995578289	0.18427033722400665	0.4338340163230896	4.353004624135792e-05	-0.3835475742816925	0.1702231466770172	n/a	0.33231422305107117	0.08360825479030609	0.45677563548088074	-0.1828565150499344	0.13866689801216125	0.39783206582069397	0.42416197061538696	0.5323161482810974	0.15611565113067627	0.4512222409248352	0.05712946876883507	0.5358908772468567	-0.11333275586366653	0.5579389333724976	-0.31005334854125977	0.009986677207052708	-0.4867580235004425	-0.02351316437125206	0.7206624746322632	-0.2823737859725952	-0.21271009743213654	-0.2089950293302536	-0.18543380498886108	-0.3321298360824585	-0.248357892036438	0.10791585594415665	-0.5128929615020752	-0.5828685164451599	-0.3406580686569214	-0.5975843071937561	0.013417321257293224	-0.33087781071662903	-0.11463267356157303	-0.4838450849056244	0.26389509439468384	-0.5263411402702332	-0.22045797109603882	-0.02907814271748066	0.22272822260856628	-0.10624517500400543	0.017959825694561005	0.14978663623332977	0.06900860369205475	-0.1194305270910263	0.05928891524672508
CO_LABEL_10	0.06977929174900055	0.1150103285908699	-0.3300049602985382	-0.04594925791025162	-0.026249544695019722	0.44963157176971436	-0.08388209342956543	n/a	0.11314836889505386	1.0	0.4856238067150116	0.3756868243217468	0.11154458671808243	-0.44387394189834595	-0.38996681571006775	-0.28348270058631897	-0.27094218134880066	-0.17637944221496582	-0.3765181303024292	0.19375863671302795	0.6412239074707031	0.37772443890571594	0.046017955988645554	0.2904619872570038	-0.25117143988609314	-0.04736766591668129	0.16802701354026794	-0.22772321105003357	-0.09155473113059998	-0.32340267300605774	0.05213097482919693	-0.22601081430912018	0.4605811834335327	-0.24936208128929138	n/a	0.7902737259864807	0.558067262172699	0.49836573004722595	0.03046194091439247	-0.5320911407470703	0.009306459687650204	-0.0748853012919426	-0.32639843225479126	0.024869481101632118	0.5872984528541565	0.23741228878498077	0.015465679578483105	0.32424232363700867	-0.11250187456607819	-0.31908345222473145	-0.3900317847728729	0.030552849173545837	-0.07539995014667511	0.14964821934700012	0.14572228491306305	0.24338655173778534	-0.11793007701635361	-0.12275945395231247	0.20077833533287048	0.10005029290914536	0.34841039776802063	-0.08748170733451843	0.16351723670959473	-0.1829628199338913	-0.08800196647644043	0.3353290855884552	0.3460427224636078	0.015571563504636288	-0.12067750841379166	0.03271310776472092	-0.07452672719955444	-0.10019960254430771	0.34102413058280945	0.25848686695098877	0.3047669529914856	0.0045671709813177586	0.06946638971567154	0.5407301187515259	-0.0515744723379612	0.2106335163116455
Sal_LABEL_11	-0.48288390040397644	-0.1398446261882782	0.09675140678882599	0.08989977836608887	-0.2563100755214691	0.6534019112586975	-0.021180937066674232	n/a	-0.012208418920636177	0.4856238067150116	1.0	0.006743910722434521	-0.2694101631641388	-0.10030553489923477	-0.5218194127082825	0.09006877988576889	-0.4021162986755371	-0.5364880561828613	-0.6026673913002014	0.12553632259368896	0.5835248231887817	0.803753137588501	-0.05065913125872612	0.6650475859642029	-0.31882956624031067	0.24607565999031067	0.3560752868652344	0.13768765330314636	-0.1312408149242401	0.0683198943734169	0.16102969646453857	-0.40737804770469666	0.4930410385131836	-0.2285715788602829	n/a	0.5390360355377197	0.909924328327179	0.13280513882637024	-0.4305785894393921	-0.09980413317680359	-0.3486020565032959	-0.5115261673927307	-0.5616333484649658	-0.025166405364871025	0.5876443386077881	0.8071397542953491	0.025579985231161118	0.7043834924697876	-0.31360694766044617	-0.31371426582336426	0.1727258861064911	-0.3628290593624115	-0.5396878719329834	0.10243372619152069	-0.4077461361885071	-0.007423843257129192	-0.28233978152275085	0.38527074456214905	0.42728152871131897	0.17506177723407745	0.03011227957904339	-0.22604461014270782	-0.012231786735355854	0.13982537388801575	-0.13221809267997742	-0.11244798451662064	0.14199590682983398	-0.13021546602249146	-0.31590622663497925	-0.01720447465777397	0.02188112959265709	-0.22927632927894592	0.07984209060668945	-0.026871269568800926	0.12661319971084595	-0.19156405329704285	-0.1370527148246765	0.6555635333061218	-0.2583538889884949	0.27715152502059937
CO_LABEL_12	0.031084898859262466	-0.06527025252580643	-0.48983824253082275	-0.14818178117275238	-0.06401795893907547	0.31705641746520996	0.12821869552135468	n/a	0.0542781800031662	0.3756868243217468	0.006743910722434521	1.0	0.5298938751220703	-0.3137802481651306	0.09619663655757904	-0.6567574143409729	0.19695232808589935	-0.18346309661865234	-0.035731054842472076	-0.017420386895537376	0.32423704862594604	0.039577413350343704	0.5133858323097229	0.34696388244628906	0.10519493371248245	-0.07309622317552567	-0.12626132369041443	-0.28064751625061035	-0.29189130663871765	-0.4241364598274231	-0.20807087421417236	-0.2348322868347168	0.21194274723529816	-0.08110012859106064	n/a	0.19359365105628967	0.08077022433280945	0.6444073915481567	0.42022356390953064	-0.35639673471450806	0.5467703938484192	0.30038318037986755	-0.09020580351352692	-0.010950076393783092	0.16490623354911804	-0.25110766291618347	0.3162057399749756	0.18264031410217285	0.3336471617221832	-0.512903094291687	-0.3225066065788269	0.1433364450931549	-0.1687546968460083	-0.1498708575963974	0.12943603098392487	-0.35910874605178833	-0.0744597464799881	-0.2816648483276367	-0.23725971579551697	-0.015592963434755802	0.3373264670372009	-0.160481259226799	-0.1054726392030716	-0.2553330659866333	-0.28134486079216003	0.45040571689605713	0.1843460649251938	0.43089619278907776	-0.06087450310587883	0.012667512521147728	-0.10847172886133194	-0.3619733154773712	0.48476463556289673	-0.09180936217308044	-0.024356387555599213	-0.19588063657283783	0.3669835329055786	0.3853418231010437	-0.2913854420185089	-0.06027085706591606
SMd_LABEL_13	0.2827289402484894	-0.42433685064315796	-0.29851433634757996	0.1355399340391159	-0.10111939907073975	-0.20278821885585785	0.09639681130647659	n/a	0.135476753115654	0.11154458671808243	-0.2694101631641388	0.5298938751220703	1.0	-0.06877853721380234	0.38377711176872253	-0.409955233335495	0.3431149423122406	-0.010812852531671524	0.257898211479187	-0.056493863463401794	0.15760327875614166	0.032129038125276566	0.35953253507614136	-0.06436258554458618	0.25143200159072876	-0.3024424910545349	-0.38577747344970703	-0.36022132635116577	-0.5194351077079773	-0.08986038714647293	-0.02343437448143959	-0.17424005270004272	-0.1849384903907776	-0.0796719342470169	n/a	0.011629407294094563	-0.1939062625169754	0.20479905605316162	0.5315415263175964	-0.06423632800579071	0.5895631313323975	0.35911527276039124	0.38674241304397583	-0.1703261137008667	-0.11128763854503632	-0.21418270468711853	0.10182458162307739	-0.12487072497606277	0.716062068939209	-0.10735277831554413	-0.1835109293460846	0.08918197453022003	0.1503591686487198	-0.1343296319246292	0.09875496476888657	0.04727550223469734	0.33211272954940796	-0.31977710127830505	-0.28632718324661255	-0.16739383339881897	0.14797741174697876	-0.01794692687690258	-0.24874728918075562	-0.08394140750169754	-0.07752391695976257	-0.0810609981417656	-0.17092165350914001	0.5466907620429993	0.06485772877931595	0.20101992785930634	-0.24587146937847137	-0.181464284658432	0.33253100514411926	-0.018042508512735367	-0.27497372031211853	0.15947462618350983	0.48919224739074707	0.04381730034947395	-0.4342333674430847	-0.31255945563316345
SMl_LABEL_14	-0.3325178027153015	-0.021560242399573326	0.10725212097167969	0.40028178691864014	0.07236441969871521	-0.2912861704826355	-0.21204057335853577	n/a	0.12884210050106049	-0.44387394189834595	-0.10030553489923477	-0.3137802481651306	-0.06877853721380234	1.0	0.20478373765945435	-0.17695555090904236	0.14160677790641785	-0.30173832178115845	0.23371246457099915	0.20218385756015778	-0.06551916152238846	0.009124623611569405	-0.023421745747327805	-0.1325150579214096	0.06923426687717438	-0.42173847556114197	-0.25663331151008606	-0.33476677536964417	0.07654563337564468	0.3262691795825958	0.4009974002838135	-0.05602163448929787	-0.3304550051689148	-0.05727779492735863	n/a	-0.25051945447921753	-0.1949063241481781	-0.3348221480846405	-0.07338588684797287	0.9222519993782043	-0.18020503222942352	-0.14788709580898285	0.18222551047801971	0.12758956849575043	-0.04015543311834335	0.0375576913356781	-0.054228272289037704	-0.0911521166563034	-0.0002553241793066263	-0.19977086782455444	0.5475185513496399	-0.4564373791217804	-0.3538553714752197	0.05606716498732567	-0.18944300711154938	-0.12835021317005157	0.04243946820497513	0.1869587004184723	-0.007476933300495148	-0.390646755695343	-0.2013218253850937	-0.06875286251306534	-0.13808651268482208	0.3076503872871399	0.10671461373567581	-0.33135539293289185	-0.4286310374736786	-0.3042322099208832	-0.20976665616035461	0.049696873873472214	-0.01100366935133934	-0.24705347418785095	-0.12099985033273697	0.1262490600347519	-0.18362486362457275	-0.10705357789993286	0.04732115566730499	-0.3516363799571991	-0.09556611627340317	-0.03940441459417343
DAN_LABEL_15	-0.06019141897559166	-0.21667169034481049	0.2180413454771042	0.41101500391960144	-0.14816288650035858	-0.358763188123703	0.30490827560424805	n/a	0.3917420208454132	-0.38996681571006775	-0.5218194127082825	0.09619663655757904	0.38377711176872253	0.20478373765945435	1.0	-0.06558308005332947	0.7468944787979126	0.14912012219429016	0.673968493938446	-0.17628686130046844	-0.18545539677143097	-0.3431212306022644	0.5626174807548523	-0.19643716514110565	0.6373500227928162	-0.28552699089050293	-0.4386623501777649	-0.4113408923149109	-0.13695992529392242	0.039221469312906265	0.3599565923213959	0.1968098133802414	-0.47985073924064636	0.2195473611354828	n/a	-0.44410187005996704	-0.3737642168998718	0.14270366728305817	0.35681620240211487	0.3642897307872772	0.5791959166526794	0.5901650786399841	0.6916635036468506	-0.040801070630550385	-0.2710142433643341	-0.385505348443985	0.512233555316925	-0.28944194316864014	0.6586134433746338	-0.0007656787056475878	-0.04374230280518532	-0.08560480922460556	0.1166737973690033	0.07453557103872299	-0.06321276724338531	-0.15641789138317108	0.12097451090812683	-0.4422348141670227	-0.6549208760261536	-0.3500082492828369	-0.2707426846027374	-0.4311641752719879	-0.4579956531524658	-0.3290657103061676	-0.3723289966583252	-0.13196828961372375	-0.4443795382976532	0.21429212391376495	0.04966644570231438	0.17835423350334167	-0.32663920521736145	-0.021967830136418343	-0.14028562605381012	-0.060991398990154266	-0.16297225654125214	0.1483055204153061	0.21708160638809204	-0.3236664831638336	-0.22399789094924927	-0.3095008432865143
DMN_LABEL_16	0.12510545551776886	-0.05279865488409996	0.47201576828956604	0.018530139699578285	-0.1653834581375122	-0.11807502806186676	0.31893154978752136	n/a	-0.06676497310400009	-0.28348270058631897	0.09006877988576889	-0.6567574143409729	-0.409955233335495	-0.17695555090904236	-0.06558308005332947	1.0	0.007470021490007639	0.3768965005874634	0.03942791000008583	-0.09350693970918655	-0.2482343316078186	0.07101278752088547	-0.4126737415790558	-0.10612994432449341	-0.08817887306213379	0.29320651292800903	0.13871242105960846	0.5766016840934753	0.20490992069244385	0.14659996330738068	0.03299778699874878	0.11660551279783249	-0.011774720624089241	0.4342350959777832	n/a	-0.23598460853099823	0.012166570872068405	-0.4238829016685486	-0.3260103464126587	-0.047769129276275635	-0.3648660480976105	-0.18468806147575378	0.15939389169216156	-0.10977642238140106	-0.2737131118774414	0.35751745104789734	-0.08187791705131531	0.07101774960756302	-0.1816207468509674	0.6690896153450012	0.07349798828363419	-0.05590271204710007	0.36593884229660034	0.09990467876195908	-0.14104539155960083	0.1681395173072815	-0.02848157286643982	0.19761475920677185	0.10511413216590881	0.22855371236801147	-0.37104523181915283	0.008888214826583862	-0.03334474191069603	-0.05459341034293175	0.1340637058019638	-0.3650553524494171	-0.04135238379240036	-0.1880083531141281	0.13345010578632355	-0.015998810529708862	-0.07860724627971649	0.3602634370326996	-0.2867482602596283	-0.07867728173732758	0.1544160693883896	0.34629857540130615	-0.3124094009399414	-0.20903773605823517	0.28815001249313354	-0.08487026393413544
CO_LABEL_17	-0.03901570662856102	-0.02017081156373024	0.08301085978746414	0.49070438742637634	-0.04083763808012009	-0.3781334459781647	0.2531178295612335	n/a	0.511971652507782	-0.27094218134880066	-0.4021162986755371	0.19695232808589935	0.3431149423122406	0.14160677790641785	0.7468944787979126	0.007470021490007639	1.0	0.1272418051958084	0.7460312843322754	0.002080777194350958	0.11798971146345139	-0.12548084557056427	0.32092034816741943	-0.12665769457817078	0.37475425004959106	-0.34916138648986816	-0.4417055547237396	-0.21727286279201508	0.06641478091478348	0.09639632701873779	0.4059706926345825	0.08514077961444855	-0.5212986469268799	0.24576891958713531	n/a	-0.3408750593662262	-0.3358537554740906	0.2902742326259613	0.21105186641216278	0.19817325472831726	0.6423969864845276	0.7501634359359741	0.7547255754470825	0.14980533719062805	-0.0005767613183706999	-0.15781599283218384	0.4715154767036438	-0.20068302750587463	0.5885894298553467	-0.008967176079750061	0.06293559074401855	-0.22175905108451843	0.23206202685832977	0.015679042786359787	0.17934709787368774	-0.36240923404693604	0.02219584584236145	-0.12122459709644318	-0.5034334063529968	-0.430183082818985	-0.1537068635225296	-0.4669656753540039	-0.5967618227005005	-0.3485317826271057	-0.49715620279312134	-0.1567523032426834	-0.43913161754608154	-0.038032326847314835	-0.0896352231502533	0.1035333126783371	-0.5561923980712891	-0.17509141564369202	-0.06652235239744186	-0.15667372941970825	-0.1847172975540161	0.03175143152475357	0.25336652994155884	-0.23446309566497803	0.09543723613023758	-0.37865161895751953
DMN_LABEL_18	0.653780460357666	-0.07433387637138367	-0.07429216802120209	-0.2385593056678772	0.373598575592041	-0.4567580223083496	0.18970268964767456	n/a	-0.16263990104198456	-0.17637944221496582	-0.5364880561828613	-0.18346309661865234	-0.010812852531671524	-0.30173832178115845	0.14912012219429016	0.3768965005874634	0.1272418051958084	1.0	0.30688706040382385	-0.06432782113552094	-0.5729249715805054	-0.6901217699050903	-0.1763947457075119	-0.6396329998970032	0.17616525292396545	0.3126674294471741	0.23181314766407013	0.36232563853263855	0.014745382592082024	-0.46193528175354004	-0.31284695863723755	0.6374737620353699	-0.07262834161520004	0.353310227394104	n/a	-0.32756802439689636	-0.5335326194763184	-0.1536223441362381	0.041903622448444366	-0.22882996499538422	-0.08404877036809921	0.14940087497234344	0.3660729229450226	-0.06561273336410522	-0.5487341284751892	-0.4880453050136566	-0.1698036640882492	-0.542812168598175	0.030888836830854416	0.602922797203064	-0.5163928866386414	0.6833379864692688	0.8467806577682495	-0.027388757094740868	0.5185453295707703	0.24918746948242188	0.46280354261398315	-0.06988893449306488	0.055583685636520386	0.29292088747024536	-0.18448270857334137	0.3052476644515991	0.3844546675682068	-0.2655271291732788	0.3687228858470917	0.023596590384840965	0.22268643975257874	0.15059813857078552	0.6738708019256592	-0.14755630493164062	0.2673951983451843	0.2837488055229187	0.0083174929022789	0.26021236181259155	0.37928247451782227	0.6583256125450134	-0.27439525723457336	-0.5806434154510498	0.3987683355808258	-0.20898810029029846
VAN_LABEL_19	0.2346951812505722	-0.06282326579093933	0.05246121808886528	0.5413960814476013	0.18754273653030396	-0.5905529856681824	0.16833141446113586	n/a	0.5854176878929138	-0.3765181303024292	-0.6026673913002014	-0.035731054842472076	0.257898211479187	0.23371246457099915	0.673968493938446	0.03942791000008583	0.7460312843322754	0.30688706040382385	1.0	0.21780508756637573	-0.12153046578168869	-0.30866965651512146	0.3117606043815613	-0.4668998420238495	0.5771650075912476	-0.5007875561714172	-0.5723944306373596	-0.3626900911331177	0.043572425842285156	0.04964444041252136	0.3503817319869995	0.27131935954093933	-0.60907381772995	0.2773948609828949	n/a	-0.19128455221652985	-0.4904822111129761	0.19797225296497345	0.10097712278366089	0.2893351912498474	0.44314318895339966	0.6006340384483337	0.914658784866333	0.14500819146633148	-0.11667434871196747	-0.3678443133831024	0.364199161529541	-0.5125433802604675	0.6661468148231506	0.1860325038433075	-0.03761137276887894	-0.12441791594028473	0.41043156385421753	0.3043137192726135	0.12764982879161835	-0.2169080674648285	0.03277851641178131	-0.2896122336387634	-0.3650462031364441	-0.42388248443603516	-0.15814991295337677	-0.33343276381492615	-0.46037471294403076	-0.2048109918832779	-0.3165437877178192	0.03885405510663986	-0.3247285485267639	-0.07387398183345795	-0.02325407601892948	0.19345904886722565	-0.43811196088790894	0.015967698767781258	-0.15780077874660492	0.14571724832057953	-0.10210846364498138	0.20616097748279572	0.23734533786773682	-0.41810986399650574	0.0588664747774601	-0.15557079017162323
CO_LABEL_20	0.12827560305595398	-0.15610989928245544	-0.15530402958393097	0.3537932336330414	0.26963457465171814	-0.1157432273030281	-0.11448314785957336	n/a	0.34277620911598206	0.19375863671302795	0.12553632259368896	-0.017420386895537376	-0.056493863463401794	0.20218385756015778	-0.17628686130046844	-0.09350693970918655	0.002080777194350958	-0.06432782113552094	0.21780508756637573	1.0	0.416946142911911	0.18089978396892548	-0.05505219101905823	-0.18745893239974976	0.1389937847852707	-0.3031752109527588	-0.33498823642730713	-0.3051815330982208	-0.19638557732105255	0.07735001295804977	0.18285997211933136	-0.07961958646774292	-0.25320276618003845	-0.1165742352604866	n/a	0.4067758023738861	0.09736844152212143	0.13834820687770844	-0.2309752255678177	0.06371305882930756	-0.15911391377449036	-0.12970925867557526	0.09383884817361832	0.5568813681602478	0.41491326689720154	0.1340164989233017	-0.13387911021709442	-0.13663794100284576	0.1847713440656662	-0.006920771673321724	0.08490398526191711	-0.22152544558048248	0.029551025480031967	0.27736347913742065	-0.10334146022796631	-0.08028852939605713	-0.06094100698828697	0.1484564244747162	0.3394719362258911	-0.18009313941001892	0.24027767777442932	0.04564579203724861	-0.04795321822166443	0.1792544424533844	0.02259865030646324	0.22918781638145447	-0.02873782254755497	-0.16335515677928925	-0.04496924951672554	0.14529137313365936	-0.11218560487031937	-0.06502915173768997	0.04534715414047241	0.48822686076164246	0.2343452423810959	0.0042652469128370285	-0.006006177049130201	0.00467540230602026	0.055383969098329544	-0.03282028064131737
CO_LABEL_21	-0.3135168254375458	0.04894142970442772	-0.18512660264968872	0.382925420999527	-0.16278274357318878	0.27849075198173523	-0.12857367098331451	n/a	0.4298240840435028	0.6412239074707031	0.5835248231887817	0.32423704862594604	0.15760327875614166	-0.06551916152238846	-0.18545539677143097	-0.2482343316078186	0.11798971146345139	-0.5729249715805054	-0.12153046578168869	0.416946142911911	1.0	0.7435226440429688	0.16064509749412537	0.4225817322731018	-0.12241040915250778	-0.3424837589263916	-0.21300633251667023	-0.3193627893924713	-0.053484801203012466	0.09461160004138947	0.3632417917251587	-0.49180373549461365	0.053035471588373184	-0.29577866196632385	n/a	0.6526491641998291	0.5861614942550659	0.45616939663887024	-0.1660112589597702	-0.1629793494939804	0.087913379073143	0.012160256505012512	-0.09809533506631851	0.2634337842464447	0.8246498107910156	0.5244235992431641	0.24671848118305206	0.3961732089519501	0.17305076122283936	-0.4011194407939911	0.05147941783070564	-0.5531768202781677	-0.3336229920387268	0.17908407747745514	-0.16356807947158813	-0.17274460196495056	-0.32666200399398804	0.1312558352947235	0.11360950767993927	-0.2738114595413208	0.2986709177494049	-0.34218892455101013	-0.39895761013031006	-0.0596294067800045	-0.43530571460723877	0.04092264920473099	-0.07320297509431839	-0.061920490115880966	-0.3802119195461273	0.24857477843761444	-0.47439858317375183	-0.3963242769241333	0.12540394067764282	0.08384177088737488	-0.09301502257585526	-0.23992758989334106	0.3652687966823578	0.6542639136314392	-0.1756696254014969	0.08364883065223694
Sal_LABEL_22	-0.399507999420166	-0.09904321283102036	0.021408265456557274	0.32358139753341675	-0.28753209114074707	0.4705733358860016	0.026138538494706154	n/a	0.2593112587928772	0.37772443890571594	0.803753137588501	0.039577413350343704	0.032129038125276566	0.009124623611569405	-0.3431212306022644	0.07101278752088547	-0.12548084557056427	-0.6901217699050903	-0.30866965651512146	0.18089978396892548	0.7435226440429688	1.0	0.0635291263461113	0.6129159927368164	-0.22322571277618408	-0.14926744997501373	-0.07559411972761154	-0.05569036304950714	-0.07754424959421158	0.2521364092826843	0.3411690294742584	-0.5551407933235168	0.2537253201007843	-0.13791556656360626	n/a	0.5365169644355774	0.7721602320671082	0.21192248165607452	-0.3455566465854645	-0.008362012915313244	-0.08282805979251862	-0.27030566334724426	-0.25752854347229004	0.09020336717367172	0.6586441993713379	0.8537948131561279	0.19241096079349518	0.6359880566596985	0.009822698310017586	-0.3120727241039276	0.2896234095096588	-0.6198011040687561	-0.5245436429977417	0.2001756876707077	-0.43530625104904175	-0.08792068064212799	-0.37505894899368286	0.25465357303619385	0.2303543984889984	-0.1394989788532257	0.08921397477388382	-0.4091450572013855	-0.3927849531173706	0.08339954167604446	-0.3391772210597992	-0.17716336250305176	-0.15183156728744507	-0.10686679929494858	-0.5443410277366638	0.20174552500247955	-0.3646406829357147	-0.3016796112060547	0.06631559133529663	-0.18218876421451569	-0.16200295090675354	-0.3322760760784149	0.19611632823944092	0.6439195275306702	-0.3080371618270874	0.18922583758831024
DAN_LABEL_23	-0.2626344859600067	-0.2871490716934204	-0.1666136533021927	0.294293075799942	-0.02782057225704193	0.14751459658145905	0.35925501585006714	n/a	0.423773854970932	0.046017955988645554	-0.05065913125872612	0.5133858323097229	0.35953253507614136	-0.023421745747327805	0.5626174807548523	-0.4126737415790558	0.32092034816741943	-0.1763947457075119	0.3117606043815613	-0.05505219101905823	0.16064509749412537	0.0635291263461113	1.0	0.1986323446035385	0.6368773579597473	-0.1884804666042328	-0.2665211260318756	-0.5018659234046936	-0.3489248752593994	-0.3037624955177307	0.2183655947446823	0.05146171525120735	-0.007947253994643688	0.1487569361925125	n/a	0.04804767668247223	0.17300130426883698	0.5497598648071289	0.07106880843639374	0.16595059633255005	0.4741714596748352	0.33030396699905396	0.20184987783432007	0.08914727717638016	0.1148102805018425	-0.1946595162153244	0.754929780960083	0.0597815103828907	0.6141645908355713	-0.3822377324104309	-0.33110129833221436	-0.10178821533918381	-0.25919145345687866	0.3013618588447571	-0.25424087047576904	-0.22047792375087738	-0.08442274481058121	-0.4996889531612396	-0.3712312877178192	-0.20359596610069275	-0.11491217464208603	-0.504057765007019	-0.3693947494029999	-0.40694916248321533	-0.4983980655670166	0.2591332793235779	-0.2577587962150574	0.4271531403064728	-0.16847538948059082	0.22811883687973022	-0.18145817518234253	-0.24891389906406403	0.05470079928636551	-0.005242547485977411	0.050292644649744034	-0.07665453106164932	0.23432011902332306	0.22243154048919678	-0.5899879932403564	-0.005601033568382263
PMN_LABEL_24	-0.42790475487709045	0.0385390967130661	0.20646199584007263	-0.03794349357485771	-0.48300400376319885	0.8341522216796875	0.20402392745018005	n/a	-0.049687787890434265	0.2904619872570038	0.6650475859642029	0.34696388244628906	-0.06436258554458618	-0.1325150579214096	-0.19643716514110565	-0.10612994432449341	-0.12665769457817078	-0.6396329998970032	-0.4668998420238495	-0.18745893239974976	0.4225817322731018	0.6129159927368164	0.1986323446035385	1.0	-0.19275422394275665	0.06491536647081375	0.12817633152008057	0.019804194569587708	0.007060475647449493	0.04513939097523689	0.03400450199842453	-0.6955105066299438	0.5692213177680969	0.053350064903497696	n/a	0.2106478214263916	0.5969811081886292	0.27393823862075806	-0.06271329522132874	-0.13015127182006836	0.06429510563611984	-0.23226884007453918	-0.46880850195884705	-0.1915419101715088	0.3113206923007965	0.47782328724861145	0.3492603600025177	0.9271553158760071	-0.18536168336868286	-0.5013903975486755	0.2568342089653015	-0.3971835970878601	-0.609502375125885	-0.10215865075588226	-0.34781724214553833	-0.37401217222213745	-0.47697579860687256	0.039397455751895905	-0.10691022872924805	0.1439717411994934	0.2342357635498047	-0.4249246418476105	-0.33405831456184387	-0.07171660661697388	-0.39992743730545044	0.07944351434707642	0.11072901636362076	0.10353191941976547	-0.4962657690048218	0.08324812352657318	-0.2502380609512329	-0.3319340646266937	0.24830006062984467	-0.33950427174568176	-0.11255534738302231	-0.3731459379196167	0.13994449377059937	0.611644446849823	-0.413237065076828	0.31840744614601135
DAN_LABEL_25	0.03848281875252724	-0.22969329357147217	0.24021676182746887	0.25607937574386597	0.031631022691726685	-0.31483420729637146	0.3799575865268707	n/a	0.4559164345264435	-0.25117143988609314	-0.31882956624031067	0.10519493371248245	0.25143200159072876	0.06923426687717438	0.6373500227928162	-0.08817887306213379	0.37475425004959106	0.17616525292396545	0.5771650075912476	0.1389937847852707	-0.12241040915250778	-0.22322571277618408	0.6368773579597473	-0.19275422394275665	1.0	-0.27260491251945496	-0.5100150108337402	-0.42604556679725647	-0.1542869657278061	0.013018469326198101	0.07564956694841385	0.16592355072498322	-0.3770274817943573	0.2872641086578369	n/a	-0.06535802781581879	-0.18429143726825714	0.21564102172851562	0.11655345559120178	0.18482017517089844	0.31089016795158386	0.23959167301654816	0.46603161096572876	-0.054064370691776276	-0.05305255204439163	-0.38533884286880493	0.5644819140434265	-0.26194700598716736	0.6715071797370911	0.03922180086374283	-0.10599811375141144	-0.02430357225239277	0.06669392436742783	0.4052278399467468	-0.2528538703918457	-0.29339247941970825	-0.05844927579164505	-0.37233883142471313	-0.4710242748260498	-0.23176555335521698	-0.15066704154014587	-0.36930304765701294	-0.44060155749320984	-0.24989597499370575	-0.4287891983985901	0.06979246437549591	-0.35860583186149597	0.24050939083099365	0.052566513419151306	0.272729754447937	-0.25403279066085815	-0.01390125323086977	-0.2721146047115326	0.052047282457351685	-0.10188355296850204	0.21012967824935913	0.09549468010663986	-0.07539305835962296	-0.20676805078983307	0.14672031998634338
