Node	HIP-head-m-rh	HIP-head-l-rh	HIP-body-rh	HIP-tail-rh	THA-VPm-rh	THA-VPl-rh	THA-VAi-rh	THA-VAs-rh	THA-DAm-rh	THA-DAl-rh	PUT-VA-rh	PUT-DA-rh	PUT-VP-rh	PUT-DP-rh	CAU-VA-rh	CAU-DA-rh	CAU-body-rh	CAU-tail-rh	lAMY-rh	mAMY-rh	THA-DP-rh	NAc-shell-rh	NAc-core-rh	pGP-rh	aGP-rh	HIP-head-m-lh	HIP-head-l-l	HIP-body-l	HIP-tail-lh	THA-VPm-lh	THA-VPl-lh	THA-VAi-lh	THA-VAs-lh	THA-DAm-lh	THA-DAl-lh	PUT-VA-lh	PUT-DA-l	PUT-VP-lh	PUT-DP-lh	CAU-VA-lh	CAU-DA-lh	CAU-body-lh	CAU-tail-lh	lAMY-lh	mAMY-lh	THA-DP-lh	NAc-shell-lh	NAc-core-lh	pGP-lh	aGP-lh
HIP-head-m-rh	1.0	0.7227923274040222	0.1962529420852661	0.2899894714355469	-0.189038947224617	0.2819461524486542	-0.09275811910629272	0.18950781226158142	0.0235243309289217	-0.06417646259069443	-0.07727530598640442	-0.0828653946518898	0.17009316384792328	0.06650066375732422	-0.10890157520771027	-0.27993515133857727	-0.2198466658592224	-0.06655564159154892	0.4254017174243927	0.35215431451797485	0.243671715259552	0.020768199115991592	-0.1346137672662735	0.2454603612422943	0.07849395275115967	0.4101736843585968	0.38306882977485657	0.14151188731193542	0.19140559434890747	0.39942666888237	0.24580860137939453	-0.10774072259664536	-0.08253608644008636	0.3364553153514862	0.10763699561357498	-0.22615864872932434	-0.06258445233106613	-0.12325238436460495	0.24483048915863037	-0.01394270732998848	0.10257891565561295	-0.1509632021188736	-0.04225132614374161	0.03275859355926514	0.4518929719924927	0.24380315840244293	-0.26935961842536926	-0.25005197525024414	0.1771133691072464	0.1518082469701767
HIP-head-l-rh	0.7227923274040222	1.0	0.4122118353843689	0.39908766746520996	-0.18710243701934814	0.47661903500556946	-0.08092179149389267	0.3185192048549652	-0.11933340132236481	-0.09662485122680664	-0.052360162138938904	-0.049961235374212265	0.16619251668453217	0.16513927280902863	-0.15302912890911102	-0.2198394238948822	0.03650853410363197	0.07567262649536133	0.48745137453079224	0.5465648770332336	0.374602735042572	-0.17024026811122894	-0.058014169335365295	0.3928847908973694	-0.005403971299529076	0.45874860882759094	0.3376193940639496	0.2930026054382324	0.15093392133712769	0.2997516691684723	-0.07094798237085342	0.14971567690372467	0.11227968335151672	0.18189626932144165	-0.08218926936388016	-0.027743950486183167	-0.09391391277313232	-0.09069397300481796	0.259264200925827	0.12758219242095947	0.1780650019645691	0.06900525838136673	0.2621409296989441	0.37728139758110046	0.5511308312416077	0.18530622124671936	-0.2576840817928314	-0.36590901017189026	0.30407261848449707	0.20588532090187073
HIP-body-rh	0.1962529420852661	0.4122118353843689	1.0	0.44350066781044006	-0.4878069758415222	0.12229311466217041	-0.39200669527053833	0.0763508602976799	-0.2982312738895416	-0.3040691316127777	-0.045781973749399185	-0.06090536341071129	-0.0372992567718029	-0.009457405656576157	-0.259491890668869	-0.010036308318376541	-0.17457081377506256	-0.12275061011314392	0.36358749866485596	0.3210783898830414	0.22151581943035126	-0.18638917803764343	-0.026563245803117752	0.19045132398605347	-0.09435731917619705	0.06561455875635147	0.18289527297019958	0.6046866178512573	0.2111988663673401	-0.08269807696342468	-0.10906662791967392	0.08004199713468552	0.018946751952171326	-0.15420863032341003	-0.257118821144104	0.017693789675831795	-0.35892045497894287	0.09096900373697281	-0.03325273096561432	-0.14165768027305603	-0.0636991411447525	-0.1388252079486847	0.006401950493454933	0.16788853704929352	0.2941930294036865	0.2949713170528412	-0.04385889694094658	-0.037447426468133926	0.31124287843704224	-0.0435158833861351
HIP-tail-rh	0.2899894714355469	0.39908766746520996	0.44350066781044006	1.0	-0.2183704972267151	0.22039441764354706	-0.14469163119792938	0.08360587060451508	-0.09865894913673401	-0.06484121829271317	-0.10629468411207199	-0.044487014412879944	0.269964337348938	0.11180729418992996	0.12397442013025284	0.05597187206149101	-0.11894355714321136	-0.05467715114355087	0.037315815687179565	0.2614807188510895	0.1413908302783966	0.12537193298339844	0.09353823959827423	0.04138219356536865	0.08456675708293915	0.1966915875673294	0.05315431207418442	0.3707209527492523	0.5086495876312256	0.24222876131534576	-0.17398913204669952	0.10175890475511551	0.0445844903588295	0.2850255072116852	-0.004482946824282408	-0.023202164098620415	-0.0368594229221344	0.16949765384197235	0.08369901776313782	0.10386543720960617	0.062219101935625076	-0.020655473694205284	-0.11413149535655975	0.07310305535793304	0.17993603646755219	0.11418020725250244	-0.1909686177968979	-0.12360230088233948	0.2027282565832138	0.2501089572906494
THA-VPm-rh	-0.189038947224617	-0.18710243701934814	-0.4878069758415222	-0.2183704972267151	1.0	-0.05758284032344818	0.5781269073486328	-0.15230853855609894	0.4850010573863983	0.2954528033733368	0.21943879127502441	0.26042529940605164	0.17640455067157745	0.3431176245212555	0.3760460317134857	0.1353789120912552	0.11779650300741196	0.10924545675516129	-0.09395628422498703	-0.06214376538991928	-0.026598665863275528	0.1271200180053711	0.263774037361145	-0.19935283064842224	-0.06774086505174637	-0.02281181514263153	-0.06251221895217896	-0.32194265723228455	0.24114257097244263	0.38930827379226685	0.16481763124465942	-0.024578392505645752	-0.1271234154701233	0.21678254008293152	0.1939048022031784	0.0722050741314888	0.3884628713130951	0.2627527117729187	0.08591658622026443	0.17629051208496094	0.12703873217105865	0.20005588233470917	-0.01759503036737442	0.11303755640983582	-0.15983746945858002	-0.021084247156977654	0.3911512792110443	-0.09615889191627502	-0.07386302202939987	-0.0886354148387909
THA-VPl-rh	0.2819461524486542	0.47661903500556946	0.12229311466217041	0.22039441764354706	-0.05758284032344818	1.0	0.20664054155349731	0.24426668882369995	-0.1766965389251709	0.26492783427238464	0.026754679158329964	0.13089650869369507	0.48148953914642334	0.18215878307819366	0.1077452003955841	-0.018813205882906914	0.175614133477211	0.14267876744270325	0.08911411464214325	0.29922381043434143	0.5193715691566467	0.1187148243188858	0.025994906201958656	0.2296658754348755	0.048524387180805206	0.4294295608997345	0.15463082492351532	0.26536035537719727	0.06635582447052002	0.1421976536512375	0.07560144364833832	0.5702309012413025	0.0825137197971344	0.20230664312839508	0.2287256270647049	0.013987170532345772	-0.06646613031625748	0.1088482066988945	0.31860169768333435	0.29790666699409485	0.053310029208660126	-0.02582612819969654	0.11406602710485458	0.06021541729569435	0.22206856310367584	-0.16558387875556946	0.09433438628911972	-0.03815103694796562	0.1511211097240448	0.06544672697782516
THA-VAi-rh	-0.09275811910629272	-0.08092179149389267	-0.39200669527053833	-0.14469163119792938	0.5781269073486328	0.20664054155349731	1.0	0.0015248319832608104	0.575579047203064	0.45931828022003174	0.31806379556655884	0.2492804080247879	0.2957112193107605	0.3712037205696106	0.39090216159820557	0.04111044108867645	0.2714700698852539	0.25162965059280396	0.029670098796486855	-0.0066482978872954845	0.049321290105581284	0.32833796739578247	0.3173289895057678	-0.06270062178373337	-0.03900502622127533	-0.037238579243421555	0.033476460725069046	-0.3206004500389099	0.1096435934305191	0.4713945686817169	0.2893964648246765	0.39122962951660156	0.1479104906320572	0.39577925205230713	0.32244622707366943	0.011761330999433994	0.22821855545043945	0.22012044489383698	0.15191228687763214	0.2165571004152298	0.17293494939804077	0.16770271956920624	0.05266307294368744	0.16280558705329895	-0.14243586361408234	-0.015767395496368408	0.3385578691959381	0.052268899977207184	0.11861656606197357	0.02317892014980316
THA-VAs-rh	0.18950781226158142	0.3185192048549652	0.0763508602976799	0.08360587060451508	-0.15230853855609894	0.24426668882369995	0.0015248319832608104	1.0	0.1234060525894165	0.3506371080875397	-0.26743900775909424	-0.10029873996973038	-0.1002616360783577	-0.06367941945791245	0.1854928880929947	0.030908411368727684	0.36799055337905884	0.10468350350856781	0.018728362396359444	0.16037146747112274	0.15352317690849304	0.002079757396131754	-0.012062758207321167	-0.016347074881196022	0.17828109860420227	0.13161009550094604	0.01849564164876938	-0.041502367705106735	-0.2456372231245041	0.043308258056640625	-0.14974403381347656	0.2894234359264374	0.5018877983093262	0.1969662308692932	-0.03488754481077194	-0.05911977216601372	-0.11553747951984406	-0.25241878628730774	-0.05595003068447113	0.2945587933063507	-0.00905478373169899	0.004427173174917698	0.05610030144453049	-0.017290083691477776	0.2396591454744339	0.018110690638422966	-0.04829443246126175	0.1268576979637146	-0.11230795830488205	0.4369470179080963
THA-DAm-rh	0.0235243309289217	-0.11933340132236481	-0.2982312738895416	-0.09865894913673401	0.4850010573863983	-0.1766965389251709	0.575579047203064	0.1234060525894165	1.0	0.41603904962539673	0.039412274956703186	0.04649420827627182	0.12360884994268417	0.1697731763124466	0.2938101887702942	-0.0443684384226799	0.12628838419914246	0.07790841162204742	0.16239096224308014	0.053929660469293594	-0.17712822556495667	0.10849401354789734	0.15531137585639954	-0.08188076317310333	0.13972170650959015	-0.2904364764690399	0.029414772987365723	-0.39506226778030396	0.2144138664007187	0.45639878511428833	0.18571272492408752	0.0001851773267844692	0.14262381196022034	0.4150264859199524	0.3399293124675751	-0.10727250576019287	0.22334426641464233	0.1755179762840271	-0.022068917751312256	-0.005157589912414551	0.025671839714050293	0.11719058454036713	-0.16470322012901306	0.012221865355968475	-0.020351659506559372	0.11845871806144714	0.2503032088279724	-0.022941777482628822	-0.003253758419305086	0.17352505028247833
THA-DAl-rh	-0.06417646259069443	-0.09662485122680664	-0.3040691316127777	-0.06484121829271317	0.2954528033733368	0.26492783427238464	0.45931828022003174	0.3506371080875397	0.41603904962539673	1.0	0.10798434168100357	0.25365546345710754	0.4282335340976715	0.37074097990989685	0.3663126230239868	0.18559129536151886	0.20472365617752075	0.3844042420387268	-0.042775318026542664	-0.10283516347408295	0.014050397090613842	0.25835901498794556	0.17369495332241058	-0.08037471771240234	0.2503574788570404	0.21911020576953888	-0.031857386231422424	-0.052561454474925995	-0.08142570406198502	0.0985250473022461	0.14955434203147888	0.405040442943573	0.44595739245414734	0.4234600365161896	0.6470513343811035	0.16656219959259033	0.39300331473350525	0.34151691198349	0.36893153190612793	0.3347139358520508	0.0664350762963295	0.2244015485048294	0.0002229737292509526	-0.056771740317344666	-0.1019488275051117	0.05861154943704605	0.36588233709335327	0.1477552056312561	0.0881880596280098	0.3352172076702118
PUT-VA-rh	-0.07727530598640442	-0.052360162138938904	-0.045781973749399185	-0.10629468411207199	0.21943879127502441	0.026754679158329964	0.31806379556655884	-0.26743900775909424	0.039412274956703186	0.10798434168100357	1.0	0.7216047048568726	0.33978816866874695	0.6984562277793884	0.39666667580604553	0.356496661901474	0.0965384840965271	0.49928927421569824	0.35255131125450134	0.050963710993528366	-0.26676449179649353	0.5106897354125977	0.7184137105941772	-0.11112818121910095	-0.046247776597738266	0.06445416063070297	-0.10845956951379776	-0.18483391404151917	0.12154699862003326	0.15369859337806702	0.21487398445606232	0.1453573852777481	-0.14020110666751862	0.10353105515241623	0.1780950427055359	0.7037800550460815	0.39140790700912476	0.229190856218338	0.5240864753723145	0.4337628185749054	0.6207994222640991	0.42677879333496094	0.22422558069229126	0.20328828692436218	-0.06834730505943298	0.15004636347293854	0.1469707041978836	0.17645342648029327	-0.009595327079296112	-0.37807366251945496
PUT-DA-rh	-0.0828653946518898	-0.049961235374212265	-0.06090536341071129	-0.044487014412879944	0.26042529940605164	0.13089650869369507	0.2492804080247879	-0.10029873996973038	0.04649420827627182	0.25365546345710754	0.7216047048568726	1.0	0.44884413480758667	0.7333231568336487	0.5000529885292053	0.40157532691955566	0.029111823067069054	0.6134863495826721	0.19547785818576813	-0.07643415778875351	-0.09095165878534317	0.5726280808448792	0.6874746680259705	-0.19772563874721527	0.05916903167963028	0.08331765979528427	-0.28754159808158875	-0.041307199746370316	0.1975211352109909	0.14492389559745789	0.15697424113750458	0.1666821986436844	0.06081857532262802	0.2325078248977661	0.3896738886833191	0.6020854711532593	0.6034379601478577	0.34871554374694824	0.4839482605457306	0.4791882336139679	0.42681625485420227	0.3529093563556671	0.057447876781225204	0.2290361374616623	-0.10127204656600952	0.11691407859325409	0.21813668310642242	0.0376536063849926	-0.03888070955872536	-0.36200860142707825
PUT-VP-rh	0.17009316384792328	0.16619251668453217	-0.0372992567718029	0.269964337348938	0.17640455067157745	0.48148953914642334	0.2957112193107605	-0.1002616360783577	0.12360884994268417	0.4282335340976715	0.33978816866874695	0.44884413480758667	1.0	0.6562422513961792	0.10980116575956345	0.06942149996757507	-0.03833862766623497	0.3813363015651703	0.12046247720718384	0.016815558075904846	0.11687695235013962	0.3054438829421997	0.27501747012138367	0.22218139469623566	0.2463822066783905	0.1743893027305603	-0.06609722226858139	0.19035880267620087	0.23709452152252197	0.2895173132419586	0.3447224199771881	0.2696968615055084	0.029807019978761673	0.3440674841403961	0.5175260901451111	0.2556024193763733	0.4147745668888092	0.6664731502532959	0.6411741971969604	0.2581588625907898	0.14551231265068054	0.11180207133293152	0.059761714190244675	0.02280743420124054	-0.014058766886591911	0.03718744218349457	0.11628711968660355	-0.03152475133538246	0.32876163721084595	-0.1978704184293747
PUT-DP-rh	0.06650066375732422	0.16513927280902863	-0.009457405656576157	0.11180729418992996	0.3431176245212555	0.18215878307819366	0.3712037205696106	-0.06367941945791245	0.1697731763124466	0.37074097990989685	0.6984562277793884	0.7333231568336487	0.6562422513961792	1.0	0.3111864924430847	0.2513574957847595	0.09156538546085358	0.5776036977767944	0.2235945761203766	-0.001552853616885841	-0.04937789589166641	0.41578608751296997	0.5687272548675537	-0.08968576788902283	0.08612246066331863	0.18583910167217255	-0.08083593845367432	0.015957199037075043	0.2201368510723114	0.28929340839385986	0.26555514335632324	0.09776726365089417	-0.041864410042762756	0.304470956325531	0.41702044010162354	0.5250730514526367	0.6029868721961975	0.5671426653862	0.7356624603271484	0.4102939963340759	0.4249233305454254	0.42542916536331177	0.31015947461128235	0.3246282935142517	-0.05595063790678978	0.22973276674747467	0.25356966257095337	0.047542210668325424	0.20569868385791779	-0.23601114749908447
CAU-VA-rh	-0.10890157520771027	-0.15302912890911102	-0.259491890668869	0.12397442013025284	0.3760460317134857	0.1077452003955841	0.39090216159820557	0.1854928880929947	0.2938101887702942	0.3663126230239868	0.39666667580604553	0.5000529885292053	0.10980116575956345	0.3111864924430847	1.0	0.5247319936752319	0.282967746257782	0.410530686378479	-0.06875154376029968	-0.1079680398106575	-0.2103331983089447	0.6548995971679688	0.645717978477478	-0.43122947216033936	-0.02198926731944084	0.04341021552681923	-0.2514195740222931	-0.35018473863601685	0.14359506964683533	0.16522297263145447	-0.08557166159152985	0.2037191092967987	0.12853537499904633	0.3719828128814697	0.28804704546928406	0.37330713868141174	0.3780258297920227	-0.03238099440932274	0.07526163011789322	0.5592561364173889	0.3629973530769348	0.29671475291252136	-0.17208516597747803	-0.0859699696302414	-0.2004815936088562	-0.27244243025779724	0.19413867592811584	0.16474759578704834	-0.2978720963001251	0.05449651554226875
CAU-DA-rh	-0.27993515133857727	-0.2198394238948822	-0.010036308318376541	0.05597187206149101	0.1353789120912552	-0.018813205882906914	0.04111044108867645	0.030908411368727684	-0.0443684384226799	0.18559129536151886	0.356496661901474	0.40157532691955566	0.06942149996757507	0.2513574957847595	0.5247319936752319	1.0	0.4802444577217102	0.4306689500808716	-0.15044480562210083	-0.2999287247657776	-0.2436511516571045	0.30420926213264465	0.4094792604446411	-0.35009005665779114	0.1975231021642685	0.07886359840631485	-0.20548109710216522	-0.08983249962329865	0.018747644498944283	-0.13491526246070862	-0.21693506836891174	0.21083104610443115	0.08158368617296219	-0.026832105591893196	0.07144175469875336	0.33814823627471924	0.30181586742401123	0.15692336857318878	0.16405674815177917	0.34355857968330383	0.25542762875556946	0.30009737610816956	-0.07430800050497055	-0.09032105654478073	-0.1168346256017685	-0.19405879080295563	0.18263830244541168	0.23046109080314636	-0.14634618163108826	-0.06346511095762253
CAU-body-rh	-0.2198466658592224	0.03650853410363197	-0.17457081377506256	-0.11894355714321136	0.11779650300741196	0.175614133477211	0.2714700698852539	0.36799055337905884	0.12628838419914246	0.20472365617752075	0.0965384840965271	0.029111823067069054	-0.03833862766623497	0.09156538546085358	0.282967746257782	0.4802444577217102	1.0	0.198869988322258	-0.20165488123893738	-0.13287214934825897	-0.07401826232671738	-0.06117384135723114	0.18141596019268036	-0.03692837804555893	-0.05958274006843567	-0.03563535958528519	0.045418109744787216	-0.3294714391231537	-0.21930046379566193	0.021467139944434166	-0.1085599809885025	0.34359538555145264	0.08906398713588715	0.08081699907779694	-0.08651605993509293	0.22424933314323425	0.10968895256519318	-0.014705793932080269	0.03656208515167236	0.32424527406692505	0.09213113784790039	0.2842993438243866	0.21040600538253784	0.055149178951978683	0.001807754160836339	-0.24431782960891724	0.21011631190776825	0.24237608909606934	-0.14091753959655762	0.1953687071800232
CAU-tail-rh	-0.06655564159154892	0.07567262649536133	-0.12275061011314392	-0.05467715114355087	0.10924545675516129	0.14267876744270325	0.25162965059280396	0.10468350350856781	0.07790841162204742	0.3844042420387268	0.49928927421569824	0.6134863495826721	0.3813363015651703	0.5776036977767944	0.410530686378479	0.4306689500808716	0.198869988322258	1.0	0.13454879820346832	-0.16882653534412384	-0.23480618000030518	0.45172119140625	0.507014811038971	-0.10494093596935272	0.045194048434495926	0.2179361879825592	-0.280434250831604	-0.12816272675991058	-0.1467774510383606	-0.050382182002067566	-0.1270895153284073	0.19209367036819458	0.30286726355552673	0.15750835835933685	0.17952483892440796	0.3262958526611328	0.34615492820739746	0.23229536414146423	0.3871306777000427	0.5053243041038513	0.4497934579849243	0.38818976283073425	0.16367457807064056	0.35735756158828735	-0.19090536236763	-0.1374582052230835	-0.034344423562288284	-0.011416823603212833	0.02275075577199459	-0.2544839382171631
lAMY-rh	0.4254017174243927	0.48745137453079224	0.36358749866485596	0.037315815687179565	-0.09395628422498703	0.08911411464214325	0.029670098796486855	0.018728362396359444	0.16239096224308014	-0.042775318026542664	0.35255131125450134	0.19547785818576813	0.12046247720718384	0.2235945761203766	-0.06875154376029968	-0.15044480562210083	-0.20165488123893738	0.13454879820346832	1.0	0.5455601811408997	0.037744633853435516	0.03421309217810631	0.23517878353595734	0.31159576773643494	-0.06926602870225906	0.24850109219551086	0.31879785656929016	0.14666752517223358	0.16180646419525146	0.26650482416152954	0.279959499835968	0.2072242945432663	0.07253029942512512	0.15882979333400726	0.07396720349788666	0.2430773675441742	-0.025493597611784935	0.09593762457370758	0.26051461696624756	0.11873684823513031	0.4915429651737213	0.18935489654541016	0.023149413987994194	0.2906407117843628	0.4958111345767975	0.42273107171058655	0.11561789363622665	-0.043022751808166504	0.3258947730064392	-0.06149997562170029
mAMY-rh	0.35215431451797485	0.5465648770332336	0.3210783898830414	0.2614807188510895	-0.06214376538991928	0.29922381043434143	-0.0066482978872954845	0.16037146747112274	0.053929660469293594	-0.10283516347408295	0.050963710993528366	-0.07643415778875351	0.016815558075904846	-0.001552853616885841	-0.1079680398106575	-0.2999287247657776	-0.13287214934825897	-0.16882653534412384	0.5455601811408997	1.0	0.28883254528045654	-0.16846174001693726	-0.0785549134016037	0.35726165771484375	-0.09688881039619446	0.21289615333080292	0.1847614198923111	0.1914803832769394	0.22080202400684357	0.09565842896699905	0.0551832877099514	0.20567020773887634	0.015743106603622437	0.11586470901966095	-0.1444888412952423	0.08340445160865784	-0.1207723543047905	-0.03088647499680519	0.06813429296016693	0.09744865447282791	0.1708288937807083	-0.05089443922042847	0.08131884783506393	0.3291669487953186	0.3648272156715393	0.23497550189495087	-0.08265391737222672	-0.16822801530361176	0.2620962858200073	0.11621911078691483
THA-DP-rh	0.243671715259552	0.374602735042572	0.22151581943035126	0.1413908302783966	-0.026598665863275528	0.5193715691566467	0.049321290105581284	0.15352317690849304	-0.17712822556495667	0.014050397090613842	-0.26676449179649353	-0.09095165878534317	0.11687695235013962	-0.04937789589166641	-0.2103331983089447	-0.2436511516571045	-0.07401826232671738	-0.23480618000030518	0.037744633853435516	0.28883254528045654	1.0	-0.15571512281894684	-0.29822227358818054	0.17558391392230988	0.01592833548784256	0.1887599676847458	0.04460926353931427	0.4997731149196625	0.3159065842628479	-0.03725871071219444	-0.035532210022211075	0.21576616168022156	-0.174752339720726	-0.005438278894871473	0.013658909127116203	-0.13634468615055084	-0.193649023771286	-0.08901354670524597	-0.04137962684035301	-0.09489300101995468	-0.3371708393096924	-0.3455904722213745	-0.03510461747646332	0.030957192182540894	0.27399948239326477	0.08197639882564545	0.07906750589609146	-0.10645822435617447	0.2619988024234772	0.024326572194695473
NAc-shell-rh	0.020768199115991592	-0.17024026811122894	-0.18638917803764343	0.12537193298339844	0.1271200180053711	0.1187148243188858	0.32833796739578247	0.002079757396131754	0.10849401354789734	0.25835901498794556	0.5106897354125977	0.5726280808448792	0.3054438829421997	0.41578608751296997	0.6548995971679688	0.30420926213264465	-0.06117384135723114	0.45172119140625	0.03421309217810631	-0.16846174001693726	-0.15571512281894684	1.0	0.6944578886032104	-0.4080681800842285	-0.08441028743982315	0.047373827546834946	-0.20700694620609283	-0.16402815282344818	0.15403877198696136	0.21558552980422974	0.17779548466205597	0.10433349758386612	0.006060638930648565	0.40681731700897217	0.338511198759079	0.2516615390777588	0.34187227487564087	0.03040352277457714	0.30162513256073	0.4929385483264923	0.3858602046966553	0.12367547303438187	-0.10303454846143723	-0.1155218631029129	-0.1582663357257843	-0.09362063556909561	0.1411302089691162	0.3031088709831238	-0.2805076837539673	-0.21118901669979095
NAc-core-rh	-0.1346137672662735	-0.058014169335365295	-0.026563245803117752	0.09353823959827423	0.263774037361145	0.025994906201958656	0.3173289895057678	-0.012062758207321167	0.15531137585639954	0.17369495332241058	0.7184137105941772	0.6874746680259705	0.27501747012138367	0.5687272548675537	0.645717978477478	0.4094792604446411	0.18141596019268036	0.507014811038971	0.23517878353595734	-0.0785549134016037	-0.29822227358818054	0.6944578886032104	1.0	-0.30848100781440735	-0.16858531534671783	-0.004709772299975157	-0.19672849774360657	-0.20533305406570435	0.2006806582212448	0.2951730191707611	0.0439126081764698	0.12828795611858368	-0.005808176472783089	0.35189929604530334	0.197459876537323	0.5427550673484802	0.3426128923892975	0.1941729635000229	0.2720481753349304	0.6043124198913574	0.5429149866104126	0.43388232588768005	0.013275436125695705	0.19808052480220795	-0.04149096831679344	-0.013894326984882355	0.26830554008483887	0.21122626960277557	-0.2496066838502884	-0.18775102496147156
pGP-rh	0.2454603612422943	0.3928847908973694	0.19045132398605347	0.04138219356536865	-0.19935283064842224	0.2296658754348755	-0.06270062178373337	-0.016347074881196022	-0.08188076317310333	-0.08037471771240234	-0.11112818121910095	-0.19772563874721527	0.22218139469623566	-0.08968576788902283	-0.43122947216033936	-0.35009005665779114	-0.03692837804555893	-0.10494093596935272	0.31159576773643494	0.35726165771484375	0.17558391392230988	-0.4080681800842285	-0.30848100781440735	1.0	0.11559468507766724	0.03462112694978714	0.013778002932667732	0.05356019735336304	-0.032515689730644226	-0.019810190424323082	0.1632731556892395	0.26859378814697266	0.18313947319984436	-0.07577665895223618	-0.133515864610672	-0.07222408801317215	-0.1755014955997467	0.08558530360460281	0.04310924932360649	-0.26877447962760925	-0.014243969693779945	-0.1781708002090454	0.02504168078303337	0.09071324020624161	0.4240928590297699	0.03918870538473129	-0.29528671503067017	-0.33418476581573486	0.46511292457580566	0.07437296956777573
aGP-rh	0.07849395275115967	-0.005403971299529076	-0.09435731917619705	0.08456675708293915	-0.06774086505174637	0.048524387180805206	-0.03900502622127533	0.17828109860420227	0.13972170650959015	0.2503574788570404	-0.046247776597738266	0.05916903167963028	0.2463822066783905	0.08612246066331863	-0.02198926731944084	0.1975231021642685	-0.05958274006843567	0.045194048434495926	-0.06926602870225906	-0.09688881039619446	0.01592833548784256	-0.08441028743982315	-0.16858531534671783	0.11559468507766724	1.0	-0.025418296456336975	-0.2872599959373474	0.009966552257537842	0.1057276725769043	-0.01297529973089695	-0.07244278490543365	-0.03079279325902462	0.3273699879646301	-0.0629153773188591	0.3446113169193268	0.06188579648733139	0.2977180480957031	0.1598234921693802	0.23177555203437805	-0.18980719149112701	-0.20973415672779083	-0.07307076454162598	-0.20516763627529144	-0.2960062623023987	-0.12953174114227295	0.03441234305500984	-0.2782387435436249	-0.2157132923603058	0.12785449624061584	0.23439204692840576
HIP-head-m-lh	0.4101736843585968	0.45874860882759094	0.06561455875635147	0.1966915875673294	-0.02281181514263153	0.4294295608997345	-0.037238579243421555	0.13161009550094604	-0.2904364764690399	0.21911020576953888	0.06445416063070297	0.08331765979528427	0.1743893027305603	0.18583910167217255	0.04341021552681923	0.07886359840631485	-0.03563535958528519	0.2179361879825592	0.24850109219551086	0.21289615333080292	0.1887599676847458	0.047373827546834946	-0.004709772299975157	0.03462112694978714	-0.025418296456336975	1.0	0.22564171254634857	0.2387624830007553	0.03681646287441254	0.08826085180044174	0.06950035691261292	0.2730991542339325	0.0459582582116127	0.2669733762741089	0.08753614872694016	-0.054795362055301666	-0.016648542135953903	0.11649875342845917	0.28745535016059875	0.29240548610687256	0.2315596491098404	0.06022544577717781	0.08192401379346848	0.18356342613697052	0.25457140803337097	0.0639079362154007	-0.029104890301823616	0.02054617553949356	0.2242855280637741	0.1932774782180786
HIP-head-l-l	0.38306882977485657	0.3376193940639496	0.18289527297019958	0.05315431207418442	-0.06251221895217896	0.15463082492351532	0.033476460725069046	0.01849564164876938	0.029414772987365723	-0.031857386231422424	-0.10845956951379776	-0.28754159808158875	-0.06609722226858139	-0.08083593845367432	-0.2514195740222931	-0.20548109710216522	0.045418109744787216	-0.280434250831604	0.31879785656929016	0.1847614198923111	0.04460926353931427	-0.20700694620609283	-0.19672849774360657	0.013778002932667732	-0.2872599959373474	0.22564171254634857	1.0	0.21211794018745422	-0.044328413903713226	0.378641813993454	0.3217713236808777	0.07419005781412125	-0.09954270720481873	-0.04052670672535896	0.017896277830004692	-0.17735826969146729	-0.1354198157787323	0.06368081271648407	0.13789422810077667	0.004079209174960852	0.24360375106334686	0.25957968831062317	0.30792850255966187	0.2254572957754135	0.35328635573387146	0.41850531101226807	0.3243151009082794	0.20573510229587555	0.13936522603034973	0.22038328647613525
HIP-body-l	0.14151188731193542	0.2930026054382324	0.6046866178512573	0.3707209527492523	-0.32194265723228455	0.26536035537719727	-0.3206004500389099	-0.041502367705106735	-0.39506226778030396	-0.052561454474925995	-0.18483391404151917	-0.041307199746370316	0.19035880267620087	0.015957199037075043	-0.35018473863601685	-0.08983249962329865	-0.3294714391231537	-0.12816272675991058	0.14666752517223358	0.1914803832769394	0.4997731149196625	-0.16402815282344818	-0.20533305406570435	0.05356019735336304	0.009966552257537842	0.2387624830007553	0.21211794018745422	1.0	0.23106828331947327	-0.12870581448078156	-0.0699690505862236	0.16381771862506866	0.033415552228689194	-0.08693760633468628	0.06054389104247093	-0.0005984286544844508	-0.18886448442935944	0.29644152522087097	0.15178196132183075	-0.13662143051624298	-0.24104243516921997	-0.12731745839118958	0.032478511333465576	0.12272454798221588	0.2499544322490692	0.3072468936443329	0.09446204453706741	-0.08133107423782349	0.34218496084213257	-0.01567847654223442
HIP-tail-lh	0.19140559434890747	0.15093392133712769	0.2111988663673401	0.5086495876312256	0.24114257097244263	0.06635582447052002	0.1096435934305191	-0.2456372231245041	0.2144138664007187	-0.08142570406198502	0.12154699862003326	0.1975211352109909	0.23709452152252197	0.2201368510723114	0.14359506964683533	0.018747644498944283	-0.21930046379566193	-0.1467774510383606	0.16180646419525146	0.22080202400684357	0.3159065842628479	0.15403877198696136	0.2006806582212448	-0.032515689730644226	0.1057276725769043	0.03681646287441254	-0.044328413903713226	0.23106828331947327	1.0	0.4010118842124939	-0.023988528177142143	-0.04424982890486717	-0.31628334522247314	0.2974967658519745	0.1459454596042633	0.007492379751056433	0.13099022209644318	0.24161653220653534	0.0992797315120697	0.06284981966018677	-0.01317271962761879	0.0163638386875391	-0.1764986664056778	0.13762512803077698	0.20178750157356262	0.28162217140197754	0.14493657648563385	-0.14101655781269073	0.16642692685127258	-0.0404813252389431
THA-VPm-lh	0.39942666888237	0.2997516691684723	-0.08269807696342468	0.24222876131534576	0.38930827379226685	0.1421976536512375	0.4713945686817169	0.043308258056640625	0.45639878511428833	0.0985250473022461	0.15369859337806702	0.14492389559745789	0.2895173132419586	0.28929340839385986	0.16522297263145447	-0.13491526246070862	0.021467139944434166	-0.050382182002067566	0.26650482416152954	0.09565842896699905	-0.03725871071219444	0.21558552980422974	0.2951730191707611	-0.019810190424323082	-0.01297529973089695	0.08826085180044174	0.378641813993454	-0.12870581448078156	0.4010118842124939	1.0	0.4004417955875397	0.062322959303855896	0.005419353488832712	0.4967994689941406	0.32191386818885803	-0.10025443136692047	0.17937606573104858	0.22529807686805725	0.23228289186954498	0.1147797554731369	0.24558565020561218	0.1993209570646286	0.03668958693742752	0.10041031241416931	0.3053846061229706	0.2960119843482971	0.14936161041259766	-0.10353601723909378	0.1396605372428894	0.2099391371011734
THA-VPl-lh	0.24580860137939453	-0.07094798237085342	-0.10906662791967392	-0.17398913204669952	0.16481763124465942	0.07560144364833832	0.2893964648246765	-0.14974403381347656	0.18571272492408752	0.14955434203147888	0.21487398445606232	0.15697424113750458	0.3447224199771881	0.26555514335632324	-0.08557166159152985	-0.21693506836891174	-0.1085599809885025	-0.1270895153284073	0.279959499835968	0.0551832877099514	-0.035532210022211075	0.17779548466205597	0.0439126081764698	0.1632731556892395	-0.07244278490543365	0.06950035691261292	0.3217713236808777	-0.0699690505862236	-0.023988528177142143	0.4004417955875397	1.0	0.10701845586299896	-0.12992820143699646	0.2851550877094269	0.31772732734680176	0.029842134565114975	0.1707153618335724	0.37594759464263916	0.3066476881504059	-0.044891826808452606	0.12571793794631958	-0.06996069848537445	0.03714897111058235	-0.24508632719516754	0.024352341890335083	0.3485456705093384	0.24374186992645264	0.26257699728012085	0.2584910988807678	-0.09055452793836594
THA-VAi-lh	-0.10774072259664536	0.14971567690372467	0.08004199713468552	0.10175890475511551	-0.024578392505645752	0.5702309012413025	0.39122962951660156	0.2894234359264374	0.0001851773267844692	0.405040442943573	0.1453573852777481	0.1666821986436844	0.2696968615055084	0.09776726365089417	0.2037191092967987	0.21083104610443115	0.34359538555145264	0.19209367036819458	0.2072242945432663	0.20567020773887634	0.21576616168022156	0.10433349758386612	0.12828795611858368	0.26859378814697266	-0.03079279325902462	0.2730991542339325	0.07419005781412125	0.16381771862506866	-0.04424982890486717	0.062322959303855896	0.10701845586299896	1.0	0.43989571928977966	0.2595237195491791	0.16078007221221924	0.15930497646331787	-0.07800865173339844	0.18298181891441345	0.1472431719303131	0.2978643774986267	0.21399401128292084	0.07231469452381134	0.00843428447842598	0.052346277981996536	0.3130108714103699	-0.05606799200177193	0.2331695705652237	0.11161255091428757	0.26028063893318176	0.19011592864990234
THA-VAs-lh	-0.08253608644008636	0.11227968335151672	0.018946751952171326	0.0445844903588295	-0.1271234154701233	0.0825137197971344	0.1479104906320572	0.5018877983093262	0.14262381196022034	0.44595739245414734	-0.14020110666751862	0.06081857532262802	0.029807019978761673	-0.041864410042762756	0.12853537499904633	0.08158368617296219	0.08906398713588715	0.30286726355552673	0.07253029942512512	0.015743106603622437	-0.174752339720726	0.006060638930648565	-0.005808176472783089	0.18313947319984436	0.3273699879646301	0.0459582582116127	-0.09954270720481873	0.033415552228689194	-0.31628334522247314	0.005419353488832712	-0.12992820143699646	0.43989571928977966	1.0	0.1332947462797165	0.19386430084705353	0.0379854217171669	0.09589087218046188	0.0680682510137558	0.05120055750012398	0.08443640172481537	0.07119608670473099	0.10119692236185074	-0.04797562584280968	0.03587687388062477	0.06672192364931107	0.102110356092453	-0.154341921210289	-0.22521063685417175	0.09145519882440567	0.4470984637737274
THA-DAm-lh	0.3364553153514862	0.18189626932144165	-0.15420863032341003	0.2850255072116852	0.21678254008293152	0.20230664312839508	0.39577925205230713	0.1969662308692932	0.4150264859199524	0.4234600365161896	0.10353105515241623	0.2325078248977661	0.3440674841403961	0.304470956325531	0.3719828128814697	-0.026832105591893196	0.08081699907779694	0.15750835835933685	0.15882979333400726	0.11586470901966095	-0.005438278894871473	0.40681731700897217	0.35189929604530334	-0.07577665895223618	-0.0629153773188591	0.2669733762741089	-0.04052670672535896	-0.08693760633468628	0.2974967658519745	0.4967994689941406	0.2851550877094269	0.2595237195491791	0.1332947462797165	1.0	0.48525992035865784	-0.012220571748912334	0.16551952064037323	0.24866876006126404	0.22686947882175446	0.3198213279247284	0.09376819431781769	-0.041651271283626556	-0.2608638107776642	-0.09554394334554672	0.1946958750486374	0.08118478208780289	0.10015831142663956	0.0518651008605957	0.01940038800239563	0.2727021276950836
THA-DAl-lh	0.10763699561357498	-0.08218926936388016	-0.257118821144104	-0.004482946824282408	0.1939048022031784	0.2287256270647049	0.32244622707366943	-0.03488754481077194	0.3399293124675751	0.6470513343811035	0.1780950427055359	0.3896738886833191	0.5175260901451111	0.41702044010162354	0.28804704546928406	0.07144175469875336	-0.08651605993509293	0.17952483892440796	0.07396720349788666	-0.1444888412952423	0.013658909127116203	0.338511198759079	0.197459876537323	-0.133515864610672	0.3446113169193268	0.08753614872694016	0.017896277830004692	0.06054389104247093	0.1459454596042633	0.32191386818885803	0.31772732734680176	0.16078007221221924	0.19386430084705353	0.48525992035865784	1.0	0.23234859108924866	0.5483454465866089	0.4438985288143158	0.5530782341957092	0.1707722693681717	0.06202266737818718	0.22716131806373596	-0.09559286385774612	-0.1748448610305786	-0.021331211552023888	0.13774874806404114	0.3087257146835327	0.05724078789353371	0.10290392488241196	0.2485426664352417
PUT-VA-lh	-0.22615864872932434	-0.027743950486183167	0.017693789675831795	-0.023202164098620415	0.0722050741314888	0.013987170532345772	0.011761330999433994	-0.05911977216601372	-0.10727250576019287	0.16656219959259033	0.7037800550460815	0.6020854711532593	0.2556024193763733	0.5250730514526367	0.37330713868141174	0.33814823627471924	0.22424933314323425	0.3262958526611328	0.2430773675441742	0.08340445160865784	-0.13634468615055084	0.2516615390777588	0.5427550673484802	-0.07222408801317215	0.06188579648733139	-0.054795362055301666	-0.17735826969146729	-0.0005984286544844508	0.007492379751056433	-0.10025443136692047	0.029842134565114975	0.15930497646331787	0.0379854217171669	-0.012220571748912334	0.23234859108924866	1.0	0.4686112701892853	0.20534159243106842	0.4213060736656189	0.4646216928958893	0.48885607719421387	0.5075772404670715	0.27335861325263977	0.06786162406206131	-0.03250378742814064	0.15249298512935638	0.12406004965305328	0.16948510706424713	-0.03917399421334267	-0.14519989490509033
PUT-DA-l	-0.06258445233106613	-0.09391391277313232	-0.35892045497894287	-0.0368594229221344	0.3884628713130951	-0.06646613031625748	0.22821855545043945	-0.11553747951984406	0.22334426641464233	0.39300331473350525	0.39140790700912476	0.6034379601478577	0.4147745668888092	0.6029868721961975	0.3780258297920227	0.30181586742401123	0.10968895256519318	0.34615492820739746	-0.025493597611784935	-0.1207723543047905	-0.193649023771286	0.34187227487564087	0.3426128923892975	-0.1755014955997467	0.2977180480957031	-0.016648542135953903	-0.1354198157787323	-0.18886448442935944	0.13099022209644318	0.17937606573104858	0.1707153618335724	-0.07800865173339844	0.09589087218046188	0.16551952064037323	0.5483454465866089	0.4686112701892853	1.0	0.4713567793369293	0.6147844195365906	0.19069913029670715	0.24295981228351593	0.4229670464992523	0.11656796187162399	0.0906728059053421	-0.15919147431850433	0.055838484317064285	0.23033379018306732	0.021040819585323334	0.04040394723415375	-0.03908026963472366
PUT-VP-lh	-0.12325238436460495	-0.09069397300481796	0.09096900373697281	0.16949765384197235	0.2627527117729187	0.1088482066988945	0.22012044489383698	-0.25241878628730774	0.1755179762840271	0.34151691198349	0.229190856218338	0.34871554374694824	0.6664731502532959	0.5671426653862	-0.03238099440932274	0.15692336857318878	-0.014705793932080269	0.23229536414146423	0.09593762457370758	-0.03088647499680519	-0.08901354670524597	0.03040352277457714	0.1941729635000229	0.08558530360460281	0.1598234921693802	0.11649875342845917	0.06368081271648407	0.29644152522087097	0.24161653220653534	0.22529807686805725	0.37594759464263916	0.18298181891441345	0.0680682510137558	0.24866876006126404	0.4438985288143158	0.20534159243106842	0.4713567793369293	1.0	0.5093043446540833	0.05744614824652672	0.07146000117063522	0.24522945284843445	0.05340079218149185	0.19590282440185547	-0.056556329131126404	0.2641291916370392	0.3977915346622467	0.11785528808832169	0.4078478515148163	-0.052171651273965836
PUT-DP-lh	0.24483048915863037	0.259264200925827	-0.03325273096561432	0.08369901776313782	0.08591658622026443	0.31860169768333435	0.15191228687763214	-0.05595003068447113	-0.022068917751312256	0.36893153190612793	0.5240864753723145	0.4839482605457306	0.6411741971969604	0.7356624603271484	0.07526163011789322	0.16405674815177917	0.03656208515167236	0.3871306777000427	0.26051461696624756	0.06813429296016693	-0.04137962684035301	0.30162513256073	0.2720481753349304	0.04310924932360649	0.23177555203437805	0.28745535016059875	0.13789422810077667	0.15178196132183075	0.0992797315120697	0.23228289186954498	0.3066476881504059	0.1472431719303131	0.05120055750012398	0.22686947882175446	0.5530782341957092	0.4213060736656189	0.6147844195365906	0.5093043446540833	1.0	0.2703276574611664	0.3708297312259674	0.3819941282272339	0.35594525933265686	0.16025766730308533	0.14214353263378143	0.2780033349990845	0.20260891318321228	-0.00589295569807291	0.17371833324432373	-0.11316804587841034
