Node	LH_Vis_1	LH_Vis_2	LH_Vis_3	LH_Vis_4	LH_Vis_5	LH_Vis_6	LH_Vis_7	LH_Vis_8	LH_Vis_9	LH_SomMot_1	LH_SomMot_2	LH_SomMot_3	LH_SomMot_4	LH_SomMot_5	LH_SomMot_6	LH_DorsAttn_Post_1	LH_DorsAttn_Post_2	LH_DorsAttn_Post_3	LH_DorsAttn_Post_4	LH_DorsAttn_Post_5	LH_DorsAttn_Post_6	LH_DorsAttn_PrCv_1	LH_DorsAttn_FEF_1	LH_SalVentAttn_ParOper_1	LH_SalVentAttn_FrOperIns_1	LH_SalVentAttn_FrOperIns_2	LH_SalVentAttn_PFCl_1	LH_SalVentAttn_Med_1	LH_SalVentAttn_Med_2	LH_SalVentAttn_Med_3	LH_Limbic_OFC_1	LH_Limbic_TempPole_1	LH_Limbic_TempPole_2	LH_Cont_Par_1	LH_Cont_PFCl_1	LH_Cont_pCun_1	LH_Cont_Cing_1	LH_Default_Temp_1	LH_Default_Temp_2	LH_Default_Par_1	LH_Default_Par_2	LH_Default_PFC_1	LH_Default_PFC_2	LH_Default_PFC_3	LH_Default_PFC_4	LH_Default_PFC_5	LH_Default_PFC_6	LH_Default_PFC_7	LH_Default_pCunPCC_1	LH_Default_pCunPCC_2	RH_Vis_1	RH_Vis_2	RH_Vis_3	RH_Vis_4	RH_Vis_5	RH_Vis_6	RH_Vis_7	RH_Vis_8	RH_SomMot_1	RH_SomMot_2	RH_SomMot_3	RH_SomMot_4	RH_SomMot_5	RH_SomMot_6	RH_SomMot_7	RH_SomMot_8	RH_DorsAttn_Post_1	RH_DorsAttn_Post_2	RH_DorsAttn_Post_3	RH_DorsAttn_Post_4	RH_DorsAttn_Post_5	RH_DorsAttn_PrCv_1	RH_DorsAttn_FEF_1	RH_SalVentAttn_TempOccPar_1	RH_SalVentAttn_TempOccPar_2	RH_SalVentAttn_FrOperIns_1	RH_SalVentAttn_Med_1	RH_SalVentAttn_Med_2	RH_Limbic_OFC_1	RH_Limbic_TempPole_1	RH_Cont_Par_1	RH_Cont_Par_2	RH_Cont_PFCl_1	RH_Cont_PFCl_2	RH_Cont_PFCl_3	RH_Cont_PFCl_4	RH_Cont_Cing_1	RH_Cont_PFCmp_1	RH_Cont_pCun_1	RH_Default_Par_1	RH_Default_Temp_1	RH_Default_Temp_2	RH_Default_Temp_3	RH_Default_PFCv_1	RH_Default_PFCv_2	RH_Default_PFCdPFCm_1	RH_Default_PFCdPFCm_2	RH_Default_PFCdPFCm_3	RH_Default_pCunPCC_1	RH_Default_pCunPCC_2	LH-Pu	LH-Ca	LH-NAC	LH-EXA	LH-GPe	LH-GPi	LH-SNc_PBP_VTA	LH-RN	LH-SNr	LH-VeP	LH-HN	LH-HTH	LH-MN	LH-STH	RH-Pu	RH-Ca	RH-NAC	RH-EXA	RH-GPe	RH-GPi	RH-SNc_PBP_VTA	RH-RN	RH-SNr	RH-VeP	RH-HN	RH-HTH	RH-MN	RH-STH	LH-Pulvinar	LH-Anterior	LH-Medio_Dorsal	LH-Ventral_Latero_Dorsal	LH-Central_Lateral-Lateral_Posterior-Medial_Pulvinar	LH-Ventral_Anterior	LH-Ventral_Latero_Ventral	RH-Pulvinar	RH-Anterior	RH-Medio_Dorsal	RH-Ventral_Latero_Dorsal	RH-Central_Lateral-Lateral_Posterior-Medial_Pulvinar	RH-Ventral_Anterior	RH-Ventral_Latero_Ventral	LH_Hippocampus	LH_Amygdala	RH_Hippocampus	RH_Amygdala	Cerebellar_Region1	Cerebellar_Region2	Cerebellar_Region3	Cerebellar_Region4	Cerebellar_Region5	Cerebellar_Region6	Cerebellar_Region7	Cerebellar_Region8	Cerebellar_Region9	Cerebellar_Region10
LH_Vis_1	1.0	0.0851786658167839	0.20647865533828735	0.09597310423851013	0.18825580179691315	0.1431485414505005	0.26568523049354553	0.11419425904750824	0.2847975492477417	0.13920935988426208	0.21268050372600555	0.18669676780700684	-0.06701263040304184	0.20189990103244781	0.3611670136451721	0.16128838062286377	0.23682457208633423	0.012590454891324043	0.2786629796028137	0.16279268264770508	0.30184677243232727	-0.07508474588394165	0.07234539836645126	0.07983745634555817	0.19439171254634857	-0.18646356463432312	-0.07792028784751892	0.02328798919916153	0.5808761715888977	-0.15401358902454376	0.24329818785190582	0.5997650623321533	0.24155302345752716	-0.19910211861133575	-0.13688531517982483	-0.030848676338791847	0.19128555059432983	0.5328564643859863	-0.041899990290403366	0.10677487403154373	0.142170712351799	0.10548684000968933	0.008252231404185295	0.3847317695617676	-0.19954586029052734	0.14249181747436523	-0.08162108063697815	0.10696670413017273	0.6047213077545166	0.36650964617729187	0.5598039031028748	0.07371950149536133	0.1726045161485672	0.04042363539338112	0.04472363740205765	0.2837454080581665	0.011066391132771969	0.0805167481303215	0.2738054096698761	0.28671321272850037	-0.039708126336336136	-0.0005799020291306078	0.15518084168434143	0.2630939185619354	0.3919666111469269	0.3126106262207031	0.09927452355623245	0.22733046114444733	-0.3754076361656189	0.13168637454509735	0.3686915338039398	-0.2704199254512787	-0.07509215921163559	-0.1702885776758194	0.05953001603484154	-0.137161523103714	0.28725290298461914	-0.2681378722190857	-0.05574648082256317	0.5117142200469971	-0.45675280690193176	-0.3431362211704254	-0.3992730677127838	-0.26210638880729675	-0.3123149573802948	-0.34742236137390137	0.2465205192565918	-0.26201096177101135	-0.09978722780942917	-0.04937243089079857	0.08903232216835022	0.42084813117980957	-0.12997449934482574	-0.05675959959626198	-0.2713533341884613	0.25521963834762573	-0.06427418440580368	-0.2405576854944229	0.49595412611961365	0.20479604601860046	0.23829516768455505	0.0725499838590622	0.1620379388332367	-0.258963406085968	0.2502281069755554	0.11757715046405792	-0.04769419506192207	-0.3284916579723358	-0.0009963035117834806	-0.12932874262332916	0.2626394033432007	0.11987250298261642	0.0004890839918516576	-0.1364736109972	0.04734345152974129	-0.33365321159362793	-0.25325629115104675	-0.33032119274139404	0.04553009197115898	0.048912446945905685	-0.42655184864997864	-0.18777982890605927	-0.11833123862743378	-0.356008917093277	-0.08125459402799606	0.07245762646198273	-0.07949664443731308	0.08566112071275711	0.5364956855773926	-0.07363907992839813	-0.010697509162127972	0.19501221179962158	0.5447337031364441	0.2014746516942978	0.336066335439682	-0.02830987237393856	-0.13239140808582306	-0.135603129863739	0.02653510682284832	0.22978198528289795	0.0010325656039640307	-0.08577646315097809	0.5221517086029053	0.5212951898574829	0.4582770764827728	0.4819156229496002	-0.2763417661190033	0.1645379364490509	-0.17606449127197266	-0.06337130814790726	-0.19850601255893707	-0.04908714070916176	-0.1211555153131485	0.13252636790275574	-0.0721852108836174	0.13524991273880005
LH_Vis_2	0.0851786658167839	1.0	0.7575110793113708	0.019432002678513527	0.24978570640087128	0.5497018694877625	0.4403110444545746	0.7108393907546997	0.40665027499198914	0.1717129647731781	0.2018236219882965	0.14488448202610016	0.031630612909793854	0.14102129638195038	0.24386878311634064	0.7170945405960083	0.10481195151805878	0.36284783482551575	0.10861728340387344	0.08002577722072601	0.2858657240867615	0.44602975249290466	0.24835056066513062	0.5004103779792786	0.1691018044948578	0.2051783800125122	0.12688413262367249	0.26597827672958374	0.09341518580913544	0.0941212847828865	-0.11019585281610489	-0.40417149662971497	0.5779162049293518	0.4867331385612488	0.3404761552810669	0.2615034580230713	0.0025120223872363567	-0.2655194103717804	0.5432124733924866	0.41918766498565674	0.23458440601825714	0.1540479063987732	-0.20021668076515198	-0.1226235181093216	0.16907469928264618	-0.21564340591430664	0.025417961180210114	-0.2330593466758728	0.03843594714999199	-0.0740910992026329	0.3834784924983978	0.8164104223251343	0.5067818760871887	0.21513468027114868	0.6532185673713684	0.5153727531433105	0.6282259225845337	0.6425585746765137	0.23706482350826263	0.3138798773288727	0.07947511970996857	0.09211420267820358	0.11486893147230148	0.11824983358383179	0.0756012350320816	0.18279783427715302	0.3926197290420532	-0.2786211371421814	0.20646384358406067	0.26956677436828613	0.33571839332580566	0.3210820257663727	0.35034841299057007	0.40865814685821533	0.42863112688064575	0.26689377427101135	0.29281920194625854	0.2642451524734497	-0.24352583289146423	-0.4958007335662842	0.3309670388698578	0.22056257724761963	-0.24018192291259766	0.1619286835193634	0.2853541374206543	-0.0052717686630785465	-0.01053587719798088	0.1493280977010727	0.3122733533382416	0.05015822499990463	-0.14749515056610107	-0.19887849688529968	-0.054797228425741196	0.06863678246736526	-0.1776362806558609	-0.05695921555161476	0.20482486486434937	-0.13385680317878723	0.08173276484012604	-0.038328032940626144	0.2760092616081238	0.2001582235097885	0.06427203118801117	0.3862038254737854	-0.04180053249001503	-0.29994136095046997	0.15248094499111176	-0.021880578249692917	-0.046056997030973434	0.43110719323158264	0.40064525604248047	-0.7352551817893982	-0.351715624332428	-0.11712254583835602	0.458610862493515	0.3002745807170868	0.3720903694629669	0.051072727888822556	0.22758519649505615	-0.3412139117717743	0.35517770051956177	0.04228794947266579	-0.2410140335559845	-0.1292094737291336	0.25021034479141235	-0.45360302925109863	-0.24179361760616302	-0.16434289515018463	0.2566933333873749	-0.3490069508552551	0.2762592136859894	0.22506356239318848	0.3419491946697235	-0.08024965226650238	0.09916353970766068	-0.2865079939365387	-0.09425637125968933	-0.035378843545913696	-0.09153987467288971	0.36005064845085144	0.20685015618801117	-0.061040010303258896	-0.16910909116268158	-0.20459948480129242	-0.1718897521495819	-0.24887359142303467	0.5302666425704956	0.20735998451709747	0.28247910737991333	-0.12246792018413544	0.5996109843254089	0.375911146402359	0.37638697028160095	0.2452244907617569	0.3441340923309326	0.026308415457606316
LH_Vis_3	0.20647865533828735	0.7575110793113708	1.0	-0.32341933250427246	0.14830848574638367	0.8817305564880371	0.2083980143070221	0.5465134382247925	0.6926720142364502	0.0635543093085289	0.3224290609359741	0.19871626794338226	-0.002399835968390107	0.4023378789424896	0.3809886574745178	0.44415199756622314	0.32161954045295715	0.4757695496082306	0.2090124934911728	0.3893197476863861	0.5186806321144104	0.29889267683029175	0.40205296874046326	0.529562771320343	0.2697230875492096	0.3518664538860321	0.2109977900981903	0.4743788242340088	0.26812270283699036	0.14780375361442566	0.09474833309650421	-0.3872869908809662	0.3862830698490143	0.3724415600299835	0.31367000937461853	0.19482260942459106	-0.10826585441827774	-0.3420245349407196	0.20988793671131134	0.18604065477848053	0.10819179564714432	0.22485826909542084	-0.2175654172897339	0.04488047957420349	0.17400503158569336	-0.2224072366952896	-0.03854108974337578	-0.1674928516149521	0.07808028906583786	-0.18311721086502075	0.32290107011795044	0.717886209487915	0.37736693024635315	-0.15809625387191772	0.7805517911911011	0.7627807259559631	0.41356316208839417	0.7212529182434082	0.1889314204454422	0.45545831322669983	0.07458353787660599	0.01816694065928459	0.07875005900859833	0.11895076185464859	0.12976448237895966	0.21563024818897247	0.4641146957874298	-0.19302859902381897	0.12727481126785278	0.4168274402618408	0.5309001207351685	0.10371199995279312	0.28887394070625305	0.12259252369403839	0.49571070075035095	0.38860267400741577	0.32575148344039917	0.24433520436286926	-0.024758368730545044	-0.5055782198905945	0.19501705467700958	-0.009155519306659698	-0.24245813488960266	0.19907359778881073	0.2795511484146118	-0.09647548943758011	-0.17143614590168	0.20157955586910248	0.08500353991985321	-0.01366790197789669	-0.3189443051815033	-0.31047701835632324	-0.3720516264438629	0.05742122232913971	-0.34330442547798157	0.027592511847615242	0.03226383775472641	-0.18287676572799683	0.08384696394205093	-0.2038230299949646	0.29609131813049316	0.23898084461688995	-0.10071006417274475	0.4346294701099396	0.10502689331769943	-0.16470050811767578	0.20132187008857727	0.022933166474103928	-0.014670543372631073	0.40458944439888	0.5269145369529724	-0.6938222646713257	-0.3381787836551666	-0.35149505734443665	0.3834291100502014	0.17050136625766754	0.4688963294029236	0.0005744119989685714	0.18380258977413177	-0.27858778834342957	0.17997319996356964	-0.06891949474811554	-0.350435346364975	-0.28968843817710876	0.29378649592399597	-0.548790454864502	-0.33429017663002014	-0.12940409779548645	0.09260760992765427	-0.38062411546707153	0.2021932452917099	0.45789825916290283	0.321018785238266	0.06284543126821518	0.051959920674562454	-0.43744510412216187	-0.07553395628929138	0.03208027780056	-0.06696351617574692	0.4096515476703644	0.1419549137353897	-0.149285227060318	-0.1923237442970276	-0.2676776349544525	-0.20883239805698395	-0.2432674914598465	0.4572084844112396	0.21433432400226593	0.09770059585571289	-0.3494853675365448	0.4133480191230774	0.2874307930469513	0.1489238142967224	0.036328867077827454	0.16289122402668	-0.21422909200191498
LH_Vis_4	0.09597310423851013	0.019432002678513527	-0.32341933250427246	1.0	0.6139439940452576	-0.2615847885608673	0.6683955788612366	0.5050304532051086	0.05592424422502518	0.10333344340324402	-0.17122593522071838	0.03723187744617462	0.20279957354068756	-0.2731316387653351	-0.14802618324756622	0.503423273563385	-0.13582375645637512	0.2330407351255417	0.11279909312725067	-0.1338667869567871	0.0810866579413414	0.06322826445102692	-0.11956082284450531	-0.15568283200263977	-0.14481966197490692	-0.4862130880355835	-0.13598118722438812	-0.4771760106086731	0.18391358852386475	-0.16897965967655182	-0.24439112842082977	0.15193423628807068	0.2219310998916626	0.10914763808250427	-0.14884628355503082	-0.047420039772987366	0.11552713811397552	0.0892036184668541	0.15968725085258484	0.0549040362238884	-0.19782662391662598	-0.4625927209854126	-0.19905370473861694	-0.20484252274036407	-0.2526523470878601	-0.29959824681282043	-0.32197123765945435	-0.3948316276073456	0.1781284660100937	0.07848366349935532	0.1177128478884697	-0.05042484402656555	0.22277528047561646	0.903925895690918	0.01859704963862896	-0.10774744302034378	0.42198172211647034	0.08107873052358627	0.16724489629268646	-0.15227992832660675	0.048959940671920776	0.20263026654720306	0.2649693489074707	-0.03802552819252014	0.23407161235809326	0.0023127009626477957	-0.19572491943836212	0.02210908569395542	0.035438038408756256	0.19912126660346985	0.13594606518745422	0.21845565736293793	0.045107144862413406	0.15401941537857056	-0.07305959612131119	-0.3548052906990051	0.15946424007415771	-0.166931614279747	-0.3062274158000946	0.12904392182826996	-0.2298697680234909	-0.09438999742269516	-0.1326362043619156	-0.06142900511622429	-0.13009674847126007	-0.2919299304485321	0.1134500652551651	-0.45783841609954834	-0.029584258794784546	-0.4175853729248047	-0.018287401646375656	0.15448662638664246	0.18105681240558624	-0.30493342876434326	0.005140532739460468	-0.3103802800178528	-0.238751620054245	-0.37421318888664246	0.1647510677576065	-0.0006211849395185709	-0.0501883439719677	-0.129312664270401	-0.013694757595658302	-0.28844210505485535	-0.2615279257297516	-0.020673062652349472	-0.091168113052845	-0.3806617558002472	-0.1068720743060112	-0.18248730897903442	-0.14023041725158691	0.16109414398670197	-0.0243776086717844	0.24344877898693085	-0.05550089478492737	-0.26336008310317993	-0.1987709403038025	0.11960767954587936	0.057167090475559235	-0.006894465535879135	-0.09718368947505951	-0.16139240562915802	0.3003051280975342	0.15501952171325684	-0.419944167137146	0.254890114068985	0.07972577959299088	0.09292241930961609	0.4192812442779541	-0.025918373838067055	-0.0818866640329361	-0.17130617797374725	-0.18380673229694366	-0.27783098816871643	0.0011177882552146912	0.6733558177947998	-0.05034760385751724	-0.17163999378681183	-0.13259178400039673	-0.18431344628334045	0.06957381963729858	0.22823867201805115	0.11928124725818634	0.20680327713489532	0.2673993408679962	0.2752755582332611	0.037373095750808716	-0.09998954087495804	0.4681474268436432	0.472703218460083	0.08844905346632004	0.11741434037685394	0.12478727847337723	0.2204819768667221	0.31951192021369934	0.5214402079582214
LH_Vis_5	0.18825580179691315	0.24978570640087128	0.14830848574638367	0.6139439940452576	1.0	0.2323913723230362	0.48659396171569824	0.637358546257019	0.568549394607544	0.10914484411478043	0.048598334193229675	0.2238985300064087	0.3056122064590454	0.01263521146029234	0.1118522509932518	0.498831182718277	0.0640118420124054	0.30729562044143677	0.20775124430656433	0.1525518298149109	0.3693186640739441	0.14718642830848694	-0.01427116896957159	0.128318190574646	0.13866961002349854	-0.19906866550445557	-0.07494194805622101	-0.22878460586071014	0.48403826355934143	-0.2230924367904663	-0.017229074612259865	0.09460840374231339	0.1631457656621933	0.11951243877410889	-0.01026440691202879	0.08960745483636856	0.08004090189933777	0.160587877035141	0.08379456400871277	0.0679156631231308	-0.13093474507331848	-0.3618685007095337	-0.1051778569817543	0.012588415294885635	-0.12628574669361115	-0.22054500877857208	-0.2295159250497818	-0.428961843252182	0.19506490230560303	0.09661658108234406	0.2608865797519684	0.19121313095092773	0.3075493276119232	0.6324033737182617	0.45697206258773804	0.26650702953338623	0.4805719256401062	0.4548468589782715	0.32449081540107727	0.09128805249929428	0.15794017910957336	0.24798518419265747	0.13852381706237793	0.03199855610728264	0.32716622948646545	0.20587928593158722	0.16047737002372742	-0.03528846800327301	0.011596816591918468	0.37154504656791687	0.4027768075466156	0.08077602088451385	0.025662090629339218	0.25913989543914795	0.05720352753996849	-0.14327946305274963	0.43183964490890503	-0.26528400182724	-0.2578601539134979	0.07480818778276443	-0.21933315694332123	-0.10375551879405975	-0.24045704305171967	-0.0998375341296196	-0.1979721337556839	-0.33168670535087585	-0.02517005428671837	-0.5234926342964172	0.05991019681096077	-0.2947263717651367	-0.16980969905853271	0.16116459667682648	0.026192596182227135	-0.2090596854686737	-0.09911466389894485	-0.09770803898572922	-0.11542461812496185	-0.4086567461490631	0.18682031333446503	0.0677020475268364	0.1563573032617569	0.014206096529960632	0.1628270149230957	-0.16232100129127502	-0.05574978515505791	-0.022890320047736168	-0.06811175495386124	-0.3082221448421478	-0.034186720848083496	-0.17833735048770905	0.02107098139822483	-0.15544092655181885	-0.2321552187204361	0.046825673431158066	0.21287953853607178	-0.1500014215707779	0.11272697150707245	0.05930902063846588	0.19728097319602966	-0.11256793886423111	-0.00010744010796770453	-0.23859186470508575	0.1385537087917328	-0.04460300877690315	-0.32992833852767944	0.16337352991104126	-0.04599658027291298	0.2857288718223572	0.41518017649650574	0.013540403917431831	0.03605818748474121	0.1331113576889038	0.0007669129408895969	-0.16965164244174957	-0.012465824373066425	0.4095930755138397	-0.13897450268268585	-0.2918940484523773	0.0018102950416505337	-0.16492953896522522	0.1264752596616745	0.27481549978256226	0.25459539890289307	0.059567127376794815	0.2497079074382782	0.2632526457309723	-0.04402720928192139	-0.10273219645023346	0.27528712153434753	0.14389975368976593	-0.14516885578632355	-0.05854634940624237	-0.10883758217096329	-0.07170885056257248	0.05747996270656586	0.3030579090118408
LH_Vis_6	0.1431485414505005	0.5497018694877625	0.8817305564880371	-0.2615847885608673	0.2323913723230362	1.0	0.143053337931633	0.49256712198257446	0.7405117750167847	0.2171201854944229	0.45057412981987	0.28948625922203064	0.14024245738983154	0.47746264934539795	0.33198821544647217	0.3493896722793579	0.38586878776550293	0.5951329469680786	0.31954425573349	0.5169685482978821	0.6058950424194336	0.295558363199234	0.44812896847724915	0.5122767090797424	0.341350257396698	0.3370652198791504	0.2896287739276886	0.4119560718536377	0.4002744257450104	0.13530689477920532	0.06602025777101517	-0.3325682282447815	0.24153847992420197	0.33920449018478394	0.28313666582107544	0.1436053216457367	-0.15356934070587158	-0.3197941780090332	0.02684338018298149	0.10751006752252579	-0.06196191906929016	0.010489482432603836	-0.18186204135417938	-0.05722483992576599	0.06101619452238083	-0.294310599565506	-0.1319294273853302	-0.2016817331314087	-0.017662955448031425	-0.27136892080307007	0.1564742922782898	0.579651951789856	0.3033086657524109	-0.13645873963832855	0.8316395282745361	0.8153124451637268	0.3632860481739044	0.7455480098724365	0.29824045300483704	0.4327644407749176	0.15524372458457947	0.1396956741809845	0.08710221946239471	-0.011084286496043205	0.22794105112552643	0.11767721176147461	0.36154523491859436	-0.20254895091056824	0.1420935094356537	0.5206432342529297	0.5749996304512024	0.05960511043667793	0.24804961681365967	0.056998081505298615	0.47870197892189026	0.3883603811264038	0.4387752115726471	0.1905028223991394	-0.05219966545701027	-0.42354661226272583	0.09803435951471329	-0.1768486350774765	-0.20358623564243317	0.2928980886936188	0.23187865316867828	-0.21428638696670532	-0.29259756207466125	0.11854071170091629	-0.07250865548849106	-0.18906672298908234	-0.3879207968711853	-0.28341206908226013	-0.4404746890068054	-0.12987764179706573	-0.33598199486732483	-0.08345263451337814	-0.145917147397995	-0.25814130902290344	0.011187245137989521	-0.31495192646980286	0.2577081322669983	0.05349496379494667	-0.09860479831695557	0.20890472829341888	0.09674646705389023	-0.1597619503736496	0.18252849578857422	-0.035296790301799774	-0.0738150030374527	0.19337308406829834	0.415297269821167	-0.5324262976646423	-0.33544981479644775	-0.2535038888454437	0.2720278203487396	-0.06605535000562668	0.3282270133495331	-0.0836053341627121	0.17532140016555786	-0.0910179615020752	-0.011083285324275494	-0.25978749990463257	-0.26897698640823364	-0.28620097041130066	0.1635027527809143	-0.506642758846283	-0.3088207244873047	-0.08313842117786407	0.0703878253698349	-0.34321609139442444	0.08569972217082977	0.5206138491630554	0.2329639494419098	0.04360809549689293	0.05396420881152153	-0.3716645836830139	-0.12833920121192932	-0.03554169088602066	-0.08101943880319595	0.28124672174453735	-0.006625260226428509	-0.12752489745616913	-0.1689792424440384	-0.2913500964641571	-0.2885322868824005	-0.18304315209388733	0.3874785900115967	0.24720671772956848	0.19033348560333252	-0.21140627562999725	0.29370781779289246	0.284625381231308	0.11313015967607498	0.009969371370971203	0.1562531590461731	-0.08497413247823715
LH_Vis_7	0.26568523049354553	0.4403110444545746	0.2083980143070221	0.6683955788612366	0.48659396171569824	0.143053337931633	1.0	0.7437459826469421	0.4178590178489685	0.12845520675182343	0.04241909831762314	0.09794794768095016	0.08833809942007065	0.10760532319545746	0.11126335710287094	0.7974787354469299	0.20027729868888855	0.44735848903656006	0.44251441955566406	0.059385307133197784	0.4196382761001587	0.2995378077030182	0.1941576600074768	0.1217152327299118	-0.10215898603200912	-0.3385494351387024	-0.13032230734825134	-0.2111033797264099	0.3142416477203369	-0.0605330727994442	-0.2520615756511688	0.008342454209923744	0.6127601861953735	0.47084900736808777	0.0901191234588623	0.16711916029453278	0.12025000154972076	-0.049370963126420975	0.45710620284080505	0.32514336705207825	0.1758846491575241	-0.27179089188575745	-0.3040826916694641	-0.08635975420475006	-0.20264822244644165	-0.3636951446533203	-0.328644722700119	-0.37297365069389343	0.36557736992836	0.15923894941806793	0.24940091371536255	0.35438841581344604	0.43722161650657654	0.6918005347251892	0.4206352233886719	0.30487674474716187	0.5933871865272522	0.4828798770904541	0.14518168568611145	0.025664564222097397	-0.03574470430612564	0.0850113108754158	0.17469850182533264	-0.0611373633146286	0.35096442699432373	0.16392379999160767	0.17461693286895752	0.01401718519628048	0.073387511074543	0.3340716063976288	0.36913996934890747	0.2654974162578583	0.1656908243894577	0.22226302325725555	0.04500659927725792	-0.26196539402008057	0.19846811890602112	-0.11348709464073181	-0.3260558545589447	-0.23123851418495178	-0.13756798207759857	0.06755122542381287	-0.32217103242874146	-0.1147511824965477	-0.14466658234596252	-0.2572305202484131	0.17195354402065277	-0.37422212958335876	0.2147928923368454	-0.18963514268398285	-0.16357074677944183	-0.07316379249095917	-0.017464805394411087	-0.23727335035800934	-0.23577427864074707	-0.256507933139801	-0.18364061415195465	-0.4529080390930176	0.26203495264053345	0.09583379328250885	0.19399729371070862	0.08107253164052963	0.03523484617471695	0.08967430144548416	-0.07208707928657532	-0.11548169702291489	0.025790350511670113	-0.437425822019577	-0.23231054842472076	0.12469872832298279	0.4229138493537903	-0.2661496698856354	-0.1865689903497696	-0.03490541875362396	0.11222951114177704	-0.1485929787158966	-0.027099085971713066	0.08669159561395645	-0.0815119743347168	-0.06417056918144226	-0.007376607041805983	0.07425607740879059	0.013320828787982464	-0.07697458565235138	-0.12030839920043945	-0.14738696813583374	-0.3249228000640869	-0.2664799094200134	0.4889049530029297	-0.2865184545516968	-0.03480472415685654	0.03552122041583061	0.06610942631959915	-0.255003422498703	0.00483755674213171	0.2068077027797699	-0.012799832969903946	-0.09488583356142044	-0.17404867708683014	0.13117359578609467	0.19530732929706573	-0.046829115599393845	0.051593974232673645	0.08209511637687683	0.15998375415802002	0.07833351939916611	0.23090972006320953	0.016447091475129128	0.4675823748111725	0.16563506424427032	0.43022850155830383	0.3131638169288635	0.4083898365497589	0.35062316060066223	0.48037970066070557	0.3644029200077057
LH_Vis_8	0.11419425904750824	0.7108393907546997	0.5465134382247925	0.5050304532051086	0.637358546257019	0.49256712198257446	0.7437459826469421	1.0	0.6257458925247192	0.12620802223682404	0.06217609718441963	0.06603043526411057	0.17016451060771942	0.008163144811987877	0.15044428408145905	0.8376407027244568	0.05949965491890907	0.6032923460006714	0.2216385453939438	0.1575520932674408	0.39226147532463074	0.3723406493663788	0.23086674511432648	0.3111923038959503	0.003270180430263281	-0.13174743950366974	0.0417468436062336	-0.05325102433562279	0.2671504020690918	-0.05350008234381676	-0.08154454827308655	-0.2671917974948883	0.5787823796272278	0.5022768378257751	0.2863815426826477	0.13829374313354492	0.008707784116268158	-0.1605709344148636	0.4622277319431305	0.3149501383304596	0.10879496484994888	-0.11378467082977295	-0.18861466646194458	-0.09521344304084778	0.031676482409238815	-0.32121556997299194	-0.15342754125595093	-0.3987516760826111	0.08660495281219482	-0.010032870806753635	0.3230995237827301	0.619431734085083	0.5361201763153076	0.5972393751144409	0.6882670521736145	0.5073893070220947	0.8116022348403931	0.7127049565315247	0.17456138134002686	0.10895314812660217	-0.021217424422502518	0.17398753762245178	0.26192814111709595	0.0238288976252079	0.1806284636259079	0.15554998815059662	0.25170132517814636	-0.2144935429096222	0.1926841139793396	0.5021552443504333	0.4027010500431061	0.3122444450855255	0.24151700735092163	0.32629725337028503	0.20531044900417328	-0.07481586933135986	0.30719032883644104	0.013562817126512527	-0.26000067591667175	-0.39052292704582214	0.01993541419506073	0.056018248200416565	-0.23619534075260162	0.1065145805478096	0.07218688726425171	-0.24837756156921387	-0.01453764270991087	-0.22248494625091553	0.06831800937652588	-0.24788813292980194	-0.23802196979522705	-0.1823001205921173	-0.0818437784910202	-0.08926281332969666	-0.17945176362991333	-0.17446652054786682	-0.03191659599542618	-0.407462477684021	0.11053480952978134	-0.08151208609342575	0.136685311794281	0.11688227951526642	0.007987615652382374	0.1819080412387848	-0.142130047082901	-0.2176351547241211	0.08251620084047318	-0.32101500034332275	-0.11479194462299347	0.2705324590206146	0.33791065216064453	-0.5252199172973633	-0.3201686143875122	0.04505252093076706	0.23573258519172668	-0.040109533816576004	0.20370426774024963	0.11055449396371841	0.13824068009853363	-0.2844957709312439	0.08837419748306274	-0.13639697432518005	-0.095551997423172	0.06149549037218094	-0.09576763957738876	-0.3316497802734375	-0.23036076128482819	-0.0773281380534172	0.3745271563529968	-0.36999958753585815	0.07907853275537491	0.18761327862739563	0.10275168716907501	-0.2962533235549927	-0.01307631004601717	0.13044282793998718	-0.12659431993961334	-0.10849307477474213	-0.16881856322288513	0.11662121117115021	0.24533717334270477	0.07888499647378922	-0.07770553231239319	-0.151255264878273	-0.05057642608880997	-0.04721314087510109	0.4292035400867462	0.019402293488383293	0.45982423424720764	0.07723812013864517	0.47350403666496277	0.3025234043598175	0.2817562222480774	0.2304752767086029	0.4403463900089264	0.2590166926383972
LH_Vis_9	0.2847975492477417	0.40665027499198914	0.6926720142364502	0.05592424422502518	0.568549394607544	0.7405117750167847	0.4178590178489685	0.6257458925247192	1.0	0.05345351994037628	0.2860766351222992	0.23435617983341217	0.1984780877828598	0.39290013909339905	0.3822645843029022	0.4294794499874115	0.35544559359550476	0.5035146474838257	0.4592168927192688	0.46668753027915955	0.6339910626411438	0.1304013729095459	0.25521087646484375	0.25157585740089417	0.2450542449951172	-0.018647467717528343	-0.07010705769062042	0.1130710244178772	0.5116972327232361	-0.08399581164121628	0.1291816234588623	-0.08870235830545425	0.289133220911026	0.26331767439842224	0.15275821089744568	0.27828288078308105	0.07594358921051025	-0.08619733899831772	0.08172566443681717	0.08283563703298569	0.11031404882669449	-0.1389322727918625	-0.20152588188648224	0.19813893735408783	-0.08133947849273682	-0.270883172750473	-0.20732739567756653	-0.23093998432159424	0.3352968692779541	0.11541274935007095	0.28316256403923035	0.4053686261177063	0.29550901055336	0.12503308057785034	0.6918004155158997	0.6923367977142334	0.3573565185070038	0.7298094630241394	0.23670350015163422	0.3651498258113861	0.1093093678355217	0.12464907020330429	0.03717929497361183	0.016428878530859947	0.312826931476593	0.3228316307067871	0.3463747203350067	0.04914042353630066	-0.08116628229618073	0.4351404011249542	0.5677504539489746	-0.09989114850759506	-0.025683391839265823	0.04354909434914589	0.220292866230011	-0.039075709879398346	0.38062143325805664	-0.18781575560569763	-0.09892898052930832	-0.22399014234542847	-0.29207050800323486	-0.17804262042045593	-0.3201703429222107	-0.09737924486398697	-0.15796907246112823	-0.38230806589126587	0.004282891284674406	-0.32973915338516235	0.15729255974292755	-0.17421014606952667	-0.3366020917892456	-0.09780912101268768	-0.3386298418045044	-0.14846213161945343	-0.3290055990219116	0.07262350618839264	-0.15037257969379425	-0.4039773643016815	0.24145272374153137	0.08181087672710419	0.3318557143211365	0.221536785364151	0.024958431720733643	0.18364161252975464	0.030656889081001282	-0.12912340462207794	0.05496872588992119	-0.320043683052063	-0.11110386997461319	0.029677696526050568	0.49343737959861755	-0.4763283133506775	-0.39541110396385193	-0.3135511577129364	0.33356451988220215	-0.11058873683214188	0.27901768684387207	0.04040417820215225	0.07410740107297897	-0.19751736521720886	-0.1269116997718811	-0.24942156672477722	-0.28467562794685364	-0.27889832854270935	-0.05990719795227051	-0.31867513060569763	-0.3296831548213959	0.078201062977314	0.20131200551986694	-0.2099485695362091	0.01550848875194788	0.3528071641921997	0.15244238078594208	-0.156102254986763	-0.04540037363767624	-0.10084538906812668	-0.19569161534309387	-0.14541155099868774	-0.22703927755355835	0.0649072676897049	0.017188958823680878	0.03236917406320572	0.0956529974937439	-0.16648876667022705	0.09155246615409851	0.0989273265004158	0.10067339241504669	-0.003514232812449336	0.05680318921804428	-0.3150848150253296	0.050745490938425064	0.0017758471658453345	-0.002576014958322048	-0.07839140295982361	0.060865167528390884	0.019051000475883484
LH_SomMot_1	0.13920935988426208	0.1717129647731781	0.0635543093085289	0.10333344340324402	0.10914484411478043	0.2171201854944229	0.12845520675182343	0.12620802223682404	0.05345351994037628	1.0	0.6954488158226013	0.5953670144081116	0.5171483159065247	0.39035069942474365	0.26657503843307495	0.2603595554828644	0.3674808442592621	0.18809692561626434	0.358544260263443	-0.03718593716621399	0.26941075921058655	0.2215779721736908	0.24403680860996246	0.24283438920974731	0.5156210064888	0.29467713832855225	0.27435585856437683	0.19409337639808655	0.1299833059310913	0.08121119439601898	-0.10264848172664642	0.14796392619609833	0.1277298629283905	0.20173117518424988	0.0952274352312088	0.060591619461774826	-0.06306876242160797	0.06674687564373016	0.06080218777060509	-0.027652205899357796	-0.11355391889810562	-0.23717348277568817	-0.08083832263946533	-0.081002376973629	-0.09667341411113739	-0.05031667277216911	-0.04006177559494972	-0.17659173905849457	0.028300505131483078	-0.1408388465642929	0.13989794254302979	0.12317362427711487	0.27283549308776855	0.16536085307598114	0.2001326084136963	0.1718124896287918	0.1670238971710205	0.2517789602279663	0.6792853474617004	0.5651748776435852	0.5394231677055359	0.5727019906044006	0.3286309540271759	0.12500563263893127	0.20332396030426025	0.20415019989013672	-0.01175414863973856	0.06886958330869675	-0.007237957790493965	0.09938239306211472	0.03136691823601723	0.1252104490995407	0.18853774666786194	0.003974627703428268	0.19822049140930176	0.3538060486316681	0.386747270822525	0.17613038420677185	-0.25031641125679016	0.04442521557211876	0.018303334712982178	-0.046299777925014496	0.003180570900440216	0.21429705619812012	0.032574061304330826	-0.052431073039770126	0.0028167827986180782	0.12283699959516525	0.08071357011795044	-0.09508123993873596	-0.008956783451139927	-0.049968671053647995	-0.17282648384571075	-0.03316831961274147	-0.12434631586074829	0.08063697069883347	-0.07814481109380722	-0.07110869139432907	0.02198675088584423	-0.06643535196781158	0.49455028772354126	-0.14068397879600525	0.29285892844200134	-0.2822413444519043	0.29199275374412537	-0.021888533607125282	0.26694440841674805	-0.12509524822235107	-0.10035505145788193	-0.3916425108909607	0.01308001670986414	0.11432724446058273	0.11481110006570816	0.4283277690410614	0.2967330813407898	-0.06463233381509781	-0.193130761384964	-0.019554728642106056	0.20045852661132812	0.27266114950180054	-0.09335854649543762	-0.05176610127091408	0.26880893111228943	-0.18494857847690582	-0.10488074272871017	0.054370105266571045	-0.002052567433565855	0.07379185408353806	0.343374103307724	-0.17554275691509247	0.16605792939662933	0.49076735973358154	0.07946402579545975	0.10042756795883179	0.4799462556838989	0.06604664772748947	-0.05071508511900902	0.08585010468959808	0.2533905804157257	0.1335466504096985	0.10470284521579742	0.19568023085594177	0.23308055102825165	0.04236752539873123	-0.048427846282720566	0.10594853013753891	0.2372676432132721	0.48412618041038513	0.31386810541152954	0.30603185296058655	0.15276983380317688	0.32584908604621887	0.20710726082324982	0.26938745379447937	0.3037922978401184	0.3296857178211212
LH_SomMot_2	0.21268050372600555	0.2018236219882965	0.3224290609359741	-0.17122593522071838	0.048598334193229675	0.45057412981987	0.04241909831762314	0.06217609718441963	0.2860766351222992	0.6954488158226013	1.0	0.7878508567810059	0.5974832773208618	0.7662305235862732	0.48723211884498596	0.1615970879793167	0.5808343291282654	0.20535951852798462	0.5533835291862488	0.19034963846206665	0.508734405040741	0.22645510733127594	0.4601762592792511	0.30917349457740784	0.6460390090942383	0.5221123099327087	0.2667486369609833	0.4852258265018463	0.3403139114379883	0.3743414878845215	0.015427055768668652	0.05727803334593773	0.016641663387417793	0.24796845018863678	0.13869890570640564	0.23264481127262115	0.10425441712141037	-0.05963302403688431	-0.0732489600777626	-0.11936583369970322	-0.12162991613149643	-0.16076812148094177	-0.15528088808059692	-0.02137766219675541	-0.09002634882926941	-0.14045697450637817	-0.03298989310860634	-0.13103993237018585	0.14830231666564941	-0.21831846237182617	0.19804851710796356	0.25491100549697876	0.2552519142627716	-0.10304941236972809	0.35997718572616577	0.42303207516670227	0.08407501876354218	0.3832073509693146	0.7284309267997742	0.7316412925720215	0.6304811239242554	0.5896121263504028	0.3666798174381256	0.2047203630208969	0.27429884672164917	0.32854220271110535	0.11685352772474289	0.12946192920207977	0.037063948810100555	0.17786037921905518	0.28602510690689087	0.0688062310218811	0.3006526231765747	-0.09397899359464645	0.3824850916862488	0.5360276103019714	0.5292076468467712	0.28245809674263	-0.18943053483963013	-0.02515427954494953	0.022288192063570023	-0.05484544858336449	0.036384835839271545	0.2254732996225357	0.07203631848096848	-0.06707968562841415	-0.03837430104613304	0.2083236128091812	0.1804039180278778	-0.14463293552398682	-0.1415255218744278	-0.01422458328306675	-0.2516612410545349	-0.055746860802173615	-0.17906343936920166	0.0672779232263565	-0.14304855465888977	-0.12447766959667206	0.1947501301765442	-0.10912873595952988	0.6004909873008728	-0.13061803579330444	0.2635404169559479	-0.09200099855661392	0.4283725321292877	0.09060370177030563	0.3454134464263916	-0.0653391182422638	-0.18852829933166504	-0.3154940903186798	0.24800337851047516	-0.14790116250514984	-0.0800747275352478	0.1590021401643753	0.4341064393520355	-0.11765050888061523	0.0788879543542862	-0.02256239950656891	0.14946188032627106	0.19420354068279266	0.041016530245542526	0.012985575944185257	0.059073932468891144	-0.32388949394226074	0.0967162624001503	-0.11252236366271973	-0.03984589874744415	-0.07008524239063263	0.2203836441040039	-0.025967203080654144	0.28079119324684143	0.6127334833145142	0.20253200829029083	0.26544737815856934	0.4996335208415985	-0.08772169798612595	0.027307558804750443	0.25796931982040405	0.28862109780311584	0.2801559269428253	0.0627070963382721	0.1371113359928131	0.26595669984817505	-0.06680378317832947	-0.08519615978002548	0.054620161652565	0.1999715268611908	0.508723258972168	0.16364780068397522	0.019537286832928658	0.07520568370819092	0.30040988326072693	0.15668748319149017	0.12288489192724228	0.18934325873851776	0.09979887306690216
LH_SomMot_3	0.18669676780700684	0.14488448202610016	0.19871626794338226	0.03723187744617462	0.2238985300064087	0.28948625922203064	0.09794794768095016	0.06603043526411057	0.23435617983341217	0.5953670144081116	0.7878508567810059	1.0	0.6514706611633301	0.6270862817764282	0.2142459899187088	0.10048481822013855	0.6421878337860107	0.133608877658844	0.46972060203552246	0.13510382175445557	0.41053181886672974	0.18587791919708252	0.2300853133201599	0.33084821701049805	0.8113269209861755	0.5177696347236633	0.10024411231279373	0.2704305648803711	0.2770475745201111	0.1542414128780365	0.175898015499115	0.1614508479833603	-0.015347232110798359	0.059685613960027695	-0.13244502246379852	0.1721372902393341	-0.033625707030296326	0.043655913323163986	-0.2053918093442917	-0.21398064494132996	-0.26175227761268616	-0.2282039374113083	-0.273164302110672	0.03216633200645447	-0.12727412581443787	-0.18946847319602966	-0.3007977306842804	-0.2955590486526489	0.12861081957817078	-0.19080016016960144	0.14644911885261536	0.026995118707418442	0.07107345759868622	0.026054449379444122	0.22944898903369904	0.23030740022659302	-0.010878050699830055	0.26079413294792175	0.7149869203567505	0.7333166599273682	0.8791747093200684	0.5507789850234985	0.27453720569610596	0.10108740627765656	0.23276127874851227	0.13021105527877808	0.20243839919567108	0.11067500710487366	0.011135791428387165	0.13762140274047852	0.24131745100021362	-0.06297379732131958	0.15372459590435028	-0.25459715723991394	0.41944608092308044	0.5937858819961548	0.4928241968154907	0.12614117562770844	-0.035458676517009735	0.009169280529022217	-0.13222631812095642	-0.1554199755191803	-0.16991813480854034	-0.004755576606839895	-0.09366536885499954	-0.28539547324180603	-0.15798494219779968	-0.07094752788543701	0.1339215785264969	-0.24183669686317444	-0.22867822647094727	-0.16014182567596436	-0.4605122208595276	-0.16400030255317688	-0.3310936391353607	0.05103832110762596	-0.2949134111404419	-0.14091885089874268	0.15918514132499695	-0.09558390080928802	0.5295671224594116	-0.1407431811094284	0.1364433914422989	-0.08752350509166718	0.39845314621925354	0.22572413086891174	0.4037695527076721	0.0054099117405712605	-0.17832079529762268	-0.39432233572006226	0.18783704936504364	0.039396584033966064	0.005221034865826368	0.10903219133615494	0.4138071537017822	-0.11932609975337982	0.06393498182296753	0.05430300533771515	0.23645782470703125	0.30007657408714294	-0.03821533918380737	-0.11115272343158722	0.07078765332698822	-0.22004404664039612	-0.14064089953899384	0.17606569826602936	0.045233290642499924	0.1322677731513977	0.2536587417125702	-0.03257688134908676	0.4325321316719055	0.5097566843032837	0.23197580873966217	0.2707109749317169	0.45373785495758057	0.021747497841715813	0.11345458775758743	0.0827898159623146	0.22662462294101715	0.05490560457110405	0.13002991676330566	0.2467440366744995	0.30564266443252563	0.07539337128400803	0.19763261079788208	0.24801543354988098	0.08748860657215118	0.4842437207698822	0.11878959834575653	0.06647367775440216	-0.11479420959949493	0.17618994414806366	0.06991460919380188	-0.0157079566270113	0.04253516346216202	0.0634927824139595
