Node	HIP-head-m-rh	HIP-head-l-rh	HIP-body-rh	HIP-tail-rh	THA-VPm-rh	THA-VPl-rh	THA-VAi-rh	THA-VAs-rh	THA-DAm-rh	THA-DAl-rh	PUT-VA-rh	PUT-DA-rh	PUT-VP-rh	PUT-DP-rh	CAU-VA-rh	CAU-DA-rh	CAU-body-rh	CAU-tail-rh	lAMY-rh	mAMY-rh	THA-DP-rh	NAc-shell-rh	NAc-core-rh	pGP-rh	aGP-rh	HIP-head-m-lh	HIP-head-l-l	HIP-body-l	HIP-tail-lh	THA-VPm-lh	THA-VPl-lh	THA-VAi-lh	THA-VAs-lh	THA-DAm-lh	THA-DAl-lh	PUT-VA-lh	PUT-DA-l	PUT-VP-lh	PUT-DP-lh	CAU-VA-lh	CAU-DA-lh	CAU-body-lh	CAU-tail-lh	lAMY-lh	mAMY-lh	THA-DP-lh	NAc-shell-lh	NAc-core-lh	pGP-lh	aGP-lh
HIP-head-m-rh	1.0	0.6767234206199646	0.6086806654930115	0.3107534348964691	0.1585964858531952	0.25108033418655396	0.3249649703502655	-0.1570710986852646	0.1849445402622223	-0.3403225541114807	0.047423023730516434	0.2449645698070526	0.08521433174610138	0.323699414730072	0.25310808420181274	0.33099326491355896	0.3419765830039978	0.05792364850640297	0.21393021941184998	0.42118585109710693	0.49087271094322205	0.1030510887503624	0.033099886029958725	-0.2013309746980667	-0.0010151499882340431	0.6639049649238586	0.6729008555412292	0.6171758770942688	0.3618282973766327	0.47048455476760864	0.33101099729537964	0.2869185209274292	-0.0872347354888916	-0.1792316734790802	-0.18740743398666382	-0.045572202652692795	0.2506040632724762	0.09778795391321182	-0.19262082874774933	0.0279962457716465	0.06718796491622925	-0.15739625692367554	-0.1952979862689972	0.3574066460132599	0.3036230504512787	0.6496507525444031	-0.038410063832998276	0.037701260298490524	-0.0319247804582119	-0.011148392222821712
HIP-head-l-rh	0.6767234206199646	1.0	0.48938092589378357	0.2771620452404022	0.2176370918750763	0.11237820237874985	0.3642345070838928	-0.10584764927625656	0.20126911997795105	-0.47538360953330994	0.10357571393251419	0.3783486485481262	-0.05852615833282471	0.4686426818370819	0.03930921107530594	0.16816604137420654	0.24596041440963745	-0.12204708158969879	0.3356650471687317	0.30821654200553894	0.2561936676502228	0.2605907917022705	0.020198974758386612	-0.3900066614151001	-0.06145713850855827	0.7027640342712402	0.779384434223175	0.7343941330909729	0.43627285957336426	0.4830578863620758	0.09037527441978455	0.3045741319656372	-0.07874226570129395	-0.18941012024879456	-0.19347168505191803	0.13744010031223297	0.29472264647483826	-0.037946272641420364	-0.25007107853889465	0.03485391288995743	-0.19742541015148163	-0.2721666395664215	-0.10452213138341904	0.19759105145931244	0.07561743259429932	0.4438107907772064	0.1387401819229126	-0.19126249849796295	-0.05947580561041832	-0.165276899933815
HIP-body-rh	0.6086806654930115	0.48938092589378357	1.0	0.3543681204319	0.3607865273952484	0.12606953084468842	0.43659037351608276	0.12060339748859406	0.18045996129512787	-0.23597674071788788	0.003209619550034404	0.38501057028770447	-0.0692538321018219	0.004419385921210051	0.15482155978679657	0.24648542702198029	0.2842438220977783	-0.05677912011742592	0.4012707769870758	0.6030261516571045	0.4457303583621979	-0.11646180599927902	0.04333401843905449	-0.03597867861390114	0.24391259253025055	0.566662609577179	0.5327199697494507	0.5279786586761475	0.37917983531951904	0.5206153392791748	0.2854008376598358	0.34882819652557373	-0.24261952936649323	-0.16298970580101013	-0.01761556975543499	0.12448588013648987	0.2848103940486908	0.22856053709983826	-0.05112045258283615	-0.055655304342508316	0.06187593936920166	-0.0696382075548172	-0.3476979434490204	0.3213386535644531	0.4851042330265045	0.6561282873153687	0.2372845709323883	0.15407632291316986	-0.047358788549900055	0.02706073969602585
HIP-tail-rh	0.3107534348964691	0.2771620452404022	0.3543681204319	1.0	0.3000916838645935	0.4034847915172577	0.20099958777427673	-0.22545066475868225	0.2989807724952698	0.02671242132782936	0.04250289872288704	0.2823021411895752	0.64888995885849	0.1806003749370575	0.43107491731643677	0.6094838380813599	0.5295319557189941	0.44281041622161865	-0.11438797414302826	0.05465209484100342	0.5033910870552063	-0.3339329957962036	-0.021018696948885918	0.27132734656333923	0.6462891697883606	0.14924249053001404	0.1567702740430832	0.4319901466369629	0.7238869667053223	0.36459076404571533	0.5542758107185364	0.2425893396139145	-0.1961083859205246	0.27157604694366455	0.23499195277690887	0.012574653141200542	0.4641292691230774	0.5539178848266602	0.2805180847644806	0.471502423286438	0.6186003088951111	0.147281676530838	-0.027638457715511322	0.4158720374107361	-0.04334727302193642	0.5120126008987427	0.13301348686218262	0.07835837453603745	0.34834811091423035	0.2485746443271637
THA-VPm-rh	0.1585964858531952	0.2176370918750763	0.3607865273952484	0.3000916838645935	1.0	0.21943220496177673	0.4745081067085266	0.3701291084289551	0.36132723093032837	0.10334959626197815	0.21886862814426422	0.4879358410835266	0.17402926087379456	0.12378819286823273	0.17531411349773407	0.36420202255249023	0.34111061692237854	0.29285338521003723	0.10687222331762314	0.35811641812324524	0.2232871949672699	0.2817905843257904	0.32617050409317017	0.18132805824279785	0.3746713101863861	0.22042647004127502	0.06841150671243668	0.19193759560585022	0.29058611392974854	0.42511844635009766	0.31687259674072266	0.33767369389533997	0.10059740394353867	0.0954296737909317	0.2572372555732727	0.3422525227069855	0.6644333600997925	0.5795395970344543	0.4863107204437256	0.31466248631477356	0.14256693422794342	-0.11786723881959915	0.1276688426733017	0.177235946059227	0.17447131872177124	0.29206395149230957	0.5594332814216614	0.3421745002269745	0.1940212994813919	0.36135783791542053
THA-VPl-rh	0.25108033418655396	0.11237820237874985	0.12606953084468842	0.4034847915172577	0.21943220496177673	1.0	0.47365671396255493	-0.37228086590766907	0.12712125480175018	-0.0020531159825623035	-0.03335438668727875	-0.18907305598258972	0.2202339917421341	0.03976496309041977	0.4138461947441101	0.20452606678009033	0.11032164841890335	0.0993654802441597	-0.49957719445228577	-0.13289381563663483	0.3887874484062195	-0.02705749310553074	-0.10289429873228073	-0.17863784730434418	0.4651243984699249	0.025167623534798622	0.025586267933249474	0.09192220866680145	0.2687055766582489	0.42789217829704285	0.6261712908744812	0.5243995785713196	0.17827662825584412	0.26452454924583435	-0.0697808787226677	-0.29329854249954224	0.06674478948116302	0.14708977937698364	-0.02865258790552616	0.09859622269868851	0.33055639266967773	-0.06093424931168556	-0.15911012887954712	0.18749842047691345	-0.14949579536914825	0.25379809737205505	0.010203603655099869	-0.1745263785123825	0.5850951075553894	0.5644717216491699
THA-VAi-rh	0.3249649703502655	0.3642345070838928	0.43659037351608276	0.20099958777427673	0.4745081067085266	0.47365671396255493	1.0	0.1211477592587471	0.5512605905532837	-0.027068963274359703	0.223232701420784	0.23520435392856598	-0.042401354759931564	0.1850622296333313	0.49987635016441345	0.35861316323280334	0.19075725972652435	0.26420220732688904	-0.14428973197937012	0.22463519871234894	0.07785288244485855	0.35772719979286194	0.3097478747367859	-0.27479833364486694	0.3790416121482849	0.3190177083015442	0.31117862462997437	0.29646623134613037	0.1963655948638916	0.5705327391624451	0.3121104836463928	0.8048288226127625	0.3014681935310364	0.23686426877975464	0.17634974420070648	0.08337046951055527	0.2539445459842682	0.27391788363456726	0.08496575057506561	0.21917939186096191	0.11795137077569962	0.1860610991716385	0.041514210402965546	0.024105053395032883	0.042659927159547806	0.3307856321334839	0.28770607709884644	0.11826451867818832	0.301780641078949	0.382546991109848
THA-VAs-rh	-0.1570710986852646	-0.10584764927625656	0.12060339748859406	-0.22545066475868225	0.3701291084289551	-0.37228086590766907	0.1211477592587471	1.0	0.27865728735923767	0.3033449053764343	0.0667133703827858	0.13231877982616425	-0.2943938672542572	-0.23666228353977203	-0.2418629229068756	-0.03285500779747963	-0.021835269406437874	0.20185889303684235	0.25142237544059753	0.4596341550350189	-0.3190620541572571	0.3199603855609894	0.6289873719215393	0.24216751754283905	0.1404978334903717	-0.24003644287586212	-0.1070101335644722	-0.21561184525489807	-0.1771543174982071	-0.0012023462913930416	-0.3195512294769287	0.060191646218299866	0.32361021637916565	0.07510915398597717	0.31209421157836914	0.3328609764575958	0.03571562096476555	0.15053501725196838	0.34057921171188354	-0.12874355912208557	-0.13471628725528717	0.1500605344772339	0.0422331728041172	-0.29389503598213196	0.4356931149959564	-0.33679893612861633	0.43399953842163086	0.6365249752998352	-0.24276453256607056	-0.09600954502820969
THA-DAm-rh	0.1849445402622223	0.20126911997795105	0.18045996129512787	0.2989807724952698	0.36132723093032837	0.12712125480175018	0.5512605905532837	0.27865728735923767	1.0	0.47306928038597107	0.44307616353034973	0.3427303731441498	0.3667825758457184	0.3217655122280121	0.2838629186153412	0.6113423705101013	0.45827314257621765	0.615209698677063	-0.14757487177848816	0.21694964170455933	-0.013540631160140038	0.42322927713394165	0.6084161400794983	0.08552277088165283	0.3842690587043762	0.169862300157547	-0.0004034615703858435	0.18401825428009033	0.4230709969997406	0.5515452027320862	0.2788166105747223	0.5754331946372986	0.3975459039211273	0.6916631460189819	0.6677252650260925	0.41586387157440186	0.4361962378025055	0.4250299036502838	0.4290177524089813	0.3560152053833008	0.40261775255203247	0.623568058013916	0.3287498950958252	0.19289183616638184	0.01627523824572563	0.23445424437522888	0.3941006362438202	0.29775795340538025	0.1497529149055481	0.3340398669242859
THA-DAl-rh	-0.3403225541114807	-0.47538360953330994	-0.23597674071788788	0.02671242132782936	0.10334959626197815	-0.0020531159825623035	-0.027068963274359703	0.3033449053764343	0.47306928038597107	1.0	0.4638040065765381	-0.08333484083414078	0.42299097776412964	0.07064732909202576	0.19276709854602814	0.3631913959980011	0.19031919538974762	0.5725008845329285	-0.3540246784687042	-0.2417086660861969	-0.27994951605796814	0.10281548649072647	0.3299986720085144	0.35288986563682556	0.1736498773097992	-0.45830148458480835	-0.49512627720832825	-0.33480530977249146	-0.004534381441771984	0.01351090520620346	0.09179562330245972	0.159140482544899	0.5595387816429138	0.6254900097846985	0.6764796376228333	0.39887526631355286	0.05316273868083954	0.3627606928348541	0.4511144161224365	0.2373816817998886	0.33816826343536377	0.6003647446632385	0.4461839497089386	-0.02995765209197998	-0.05630803108215332	-0.22287636995315552	0.13428623974323273	0.34229785203933716	0.1389092653989792	0.19765397906303406
PUT-VA-rh	0.047423023730516434	0.10357571393251419	0.003209619550034404	0.04250289872288704	0.21886862814426422	-0.03335438668727875	0.223232701420784	0.0667133703827858	0.44307616353034973	0.4638040065765381	1.0	0.4029628038406372	0.2947995662689209	0.4750789701938629	0.26162493228912354	0.5193216800689697	0.3344103693962097	0.44239044189453125	-0.16980133950710297	-0.07109225541353226	-0.21042153239250183	0.388884574174881	0.4847833514213562	-0.26537078619003296	-0.16050249338150024	-0.08123504370450974	-0.056179728358983994	0.15561562776565552	0.18741628527641296	0.21091046929359436	0.23902499675750732	0.313729852437973	0.5255069732666016	0.49172013998031616	0.5164053440093994	0.8079677820205688	0.5082658529281616	0.41943928599357605	0.48071250319480896	0.3686984181404114	0.14650847017765045	0.4585743248462677	0.36995983123779297	0.200754776597023	-0.2567742168903351	-0.012801778502762318	0.2417229264974594	0.2188328355550766	0.26921218633651733	-0.013214480131864548
PUT-DA-rh	0.2449645698070526	0.3783486485481262	0.38501057028770447	0.2823021411895752	0.4879358410835266	-0.18907305598258972	0.23520435392856598	0.13231877982616425	0.3427303731441498	-0.08333484083414078	0.4029628038406372	1.0	0.2589285671710968	0.4348428249359131	0.04831055551767349	0.4263845384120941	0.3522304594516754	0.27448204159736633	0.30400583148002625	0.22834378480911255	0.2347414493560791	0.1670551747083664	0.2893379330635071	0.026989279314875603	0.05259349197149277	0.25583580136299133	0.12116549164056778	0.306802362203598	0.383070707321167	0.28881895542144775	0.179864764213562	0.04541553184390068	-0.1385175883769989	0.020482970401644707	0.2467091828584671	0.5514901280403137	0.6792553663253784	0.4827483892440796	0.5104326605796814	0.4660414159297943	0.1164347231388092	0.10127562284469604	0.2555325925350189	0.11221382021903992	-0.09212908893823624	0.3162214756011963	0.4736517071723938	0.16875918209552765	-0.05350511148571968	-0.03305548056960106
PUT-VP-rh	0.08521433174610138	-0.05852615833282471	-0.0692538321018219	0.64888995885849	0.17402926087379456	0.2202339917421341	-0.042401354759931564	-0.2943938672542572	0.3667825758457184	0.42299097776412964	0.2947995662689209	0.2589285671710968	1.0	0.3885124623775482	0.4784433841705322	0.5922252535820007	0.35167166590690613	0.5576289892196655	-0.2776753008365631	-0.2025645226240158	0.40714314579963684	-0.21835502982139587	0.024526111781597137	0.44379669427871704	0.40614283084869385	-0.09813860803842545	-0.30625346302986145	0.09334823489189148	0.48088687658309937	0.1218939870595932	0.4618370532989502	0.0013441079063341022	-0.020733429118990898	0.4864489436149597	0.4843314290046692	0.1235414370894432	0.4054458439350128	0.5959708094596863	0.46937260031700134	0.6288694739341736	0.6439996361732483	0.32241958379745483	0.2610202133655548	0.35088178515434265	-0.29073366522789	0.27867621183395386	0.05097850412130356	0.12096071988344193	0.2568816542625427	0.2303105741739273
PUT-DP-rh	0.323699414730072	0.4686426818370819	0.004419385921210051	0.1806003749370575	0.12378819286823273	0.03976496309041977	0.1850622296333313	-0.23666228353977203	0.3217655122280121	0.07064732909202576	0.4750789701938629	0.4348428249359131	0.3885124623775482	1.0	0.1998358964920044	0.40549609065055847	0.42438700795173645	0.35315945744514465	-0.05737295746803284	-0.3302564024925232	-0.06626338511705399	0.2899000346660614	0.03568444401025772	-0.30645447969436646	-0.21628308296203613	0.3115806579589844	0.23625659942626953	0.29832080006599426	0.2787892520427704	0.2994670271873474	0.12778370082378387	0.15660859644412994	0.3476845622062683	0.26039573550224304	0.21737049520015717	0.3231596350669861	0.30445852875709534	0.11278360337018967	0.024409836158156395	0.5032826662063599	0.15792125463485718	0.21100866794586182	0.5255481600761414	-0.05193144455552101	-0.4832368791103363	0.19114355742931366	0.09748717397451401	-0.0815502181649208	-0.08619023114442825	-0.22043320536613464
CAU-VA-rh	0.25310808420181274	0.03930921107530594	0.15482155978679657	0.43107491731643677	0.17531411349773407	0.4138461947441101	0.49987635016441345	-0.2418629229068756	0.2838629186153412	0.19276709854602814	0.26162493228912354	0.04831055551767349	0.4784433841705322	0.1998358964920044	1.0	0.5868284106254578	0.3117618262767792	0.49074411392211914	-0.42077597975730896	-0.14534816145896912	0.18881787359714508	0.08971603959798813	0.021048612892627716	-0.010063151828944683	0.3705340623855591	0.030877819284796715	-0.03513890877366066	0.09774573147296906	0.07349944114685059	0.15329372882843018	0.42082294821739197	0.4438207149505615	0.11821349710226059	0.2925087511539459	0.3379059135913849	-0.02973831631243229	0.23134246468544006	0.4595586955547333	0.2835404872894287	0.5729775428771973	0.4229484796524048	0.2418144792318344	0.17558014392852783	0.12352707237005234	-0.21900923550128937	0.2704598307609558	0.12029316276311874	0.2239217907190323	0.46967726945877075	0.427133172750473
CAU-DA-rh	0.33099326491355896	0.16816604137420654	0.24648542702198029	0.6094838380813599	0.36420202255249023	0.20452606678009033	0.35861316323280334	-0.03285500779747963	0.6113423705101013	0.3631913959980011	0.5193216800689697	0.4263845384120941	0.5922252535820007	0.40549609065055847	0.5868284106254578	1.0	0.7195694446563721	0.6341773271560669	-0.3424764573574066	-0.03924798220396042	0.13359907269477844	0.050759799778461456	0.2550930678844452	0.17882436513900757	0.3510872423648834	0.15403980016708374	0.0432426817715168	0.3009663224220276	0.47814837098121643	0.5066839456558228	0.6214215159416199	0.4628867208957672	0.14271895587444305	0.5240774154663086	0.6226354241371155	0.35898491740226746	0.6511697173118591	0.7047839164733887	0.5504037737846375	0.5902850031852722	0.7085265517234802	0.558793842792511	0.3424515724182129	0.18605953454971313	-0.14174848794937134	0.398491233587265	0.3068163990974426	0.20504076778888702	0.4319898188114166	0.3237733840942383
CAU-body-rh	0.3419765830039978	0.24596041440963745	0.2842438220977783	0.5295319557189941	0.34111061692237854	0.11032164841890335	0.19075725972652435	-0.021835269406437874	0.45827314257621765	0.19031919538974762	0.3344103693962097	0.3522304594516754	0.35167166590690613	0.42438700795173645	0.3117618262767792	0.7195694446563721	1.0	0.5838198661804199	-0.06442394107580185	0.01822085492312908	0.11983902007341385	0.16718263924121857	0.21898379921913147	0.05187563598155975	0.12592168152332306	0.3508843779563904	0.16231070458889008	0.2950178384780884	0.5447381734848022	0.5381184816360474	0.5086933970451355	0.3239777982234955	0.05469586327672005	0.3201673924922943	0.4813150465488434	0.327173113822937	0.6047558784484863	0.49835407733917236	0.3472716212272644	0.5091372728347778	0.4262152314186096	0.3708887994289398	0.38839468359947205	0.26712700724601746	-0.08166906237602234	0.46550223231315613	0.4278187155723572	0.19933807849884033	0.24406135082244873	0.18379466235637665
CAU-tail-rh	0.05792364850640297	-0.12204708158969879	-0.05677912011742592	0.44281041622161865	0.29285338521003723	0.0993654802441597	0.26420220732688904	0.20185889303684235	0.615209698677063	0.5725008845329285	0.44239044189453125	0.27448204159736633	0.5576289892196655	0.35315945744514465	0.49074411392211914	0.6341773271560669	0.5838198661804199	1.0	-0.32050806283950806	-0.07703462988138199	0.02262493409216404	0.2553871273994446	0.42633697390556335	0.1732686161994934	0.29482409358024597	-0.2149485945701599	-0.23459677398204803	-0.04638323560357094	0.2701857388019562	0.1286720633506775	0.2720297873020172	0.25112658739089966	0.37886056303977966	0.5325144529342651	0.5938079357147217	0.37827780842781067	0.43739500641822815	0.599014401435852	0.629541277885437	0.6603758335113525	0.48112753033638	0.4781924784183502	0.523085355758667	0.1367250233888626	-0.06343580782413483	0.06516172736883163	0.32439079880714417	0.5125714540481567	0.20431402325630188	0.23652082681655884
lAMY-rh	0.21393021941184998	0.3356650471687317	0.4012707769870758	-0.11438797414302826	0.10687222331762314	-0.49957719445228577	-0.14428973197937012	0.25142237544059753	-0.14757487177848816	-0.3540246784687042	-0.16980133950710297	0.30400583148002625	-0.2776753008365631	-0.05737295746803284	-0.42077597975730896	-0.3424764573574066	-0.06442394107580185	-0.32050806283950806	1.0	0.47443005442619324	0.10295041650533676	0.0639418363571167	0.12606029212474823	0.012389495968818665	-0.24915525317192078	0.419948011636734	0.2913871109485626	0.17172053456306458	0.0011715518776327372	-0.043274324387311935	-0.41381359100341797	-0.3823307156562805	-0.33639997243881226	-0.38945019245147705	-0.1894037425518036	0.22868068516254425	0.0930432677268982	-0.2627210319042206	-0.15137441456317902	-0.08035415410995483	-0.33970797061920166	-0.30215761065483093	-0.20946462452411652	0.2576594948768616	0.28922995924949646	0.12816378474235535	0.14128753542900085	0.18555304408073425	-0.6002101898193359	-0.3973774015903473
mAMY-rh	0.42118585109710693	0.30821654200553894	0.6030261516571045	0.05465209484100342	0.35811641812324524	-0.13289381563663483	0.22463519871234894	0.4596341550350189	0.21694964170455933	-0.2417086660861969	-0.07109225541353226	0.22834378480911255	-0.2025645226240158	-0.3302564024925232	-0.14534816145896912	-0.03924798220396042	0.01822085492312908	-0.07703462988138199	0.47443005442619324	1.0	0.3727622628211975	0.11335163563489914	0.3615169823169708	0.08559297025203705	0.23396828770637512	0.3292383551597595	0.31983405351638794	0.30430400371551514	0.1925276666879654	0.18976789712905884	-0.06276906281709671	0.13701239228248596	-0.2372838854789734	-0.23990896344184875	-0.0991145446896553	0.12174085527658463	0.21484069526195526	0.12208139896392822	0.09418875724077225	-0.30749696493148804	-0.20880110561847687	-0.24164442718029022	-0.5010679364204407	0.3806169033050537	0.7600634694099426	0.32352355122566223	0.24842610955238342	0.3601565957069397	-0.2026253640651703	0.02363462932407856
THA-DP-rh	0.49087271094322205	0.2561936676502228	0.4457303583621979	0.5033910870552063	0.2232871949672699	0.3887874484062195	0.07785288244485855	-0.3190620541572571	-0.013540631160140038	-0.27994951605796814	-0.21042153239250183	0.2347414493560791	0.40714314579963684	-0.06626338511705399	0.18881787359714508	0.13359907269477844	0.11983902007341385	0.02262493409216404	0.10295041650533676	0.3727622628211975	1.0	-0.27220508456230164	-0.181923508644104	0.2468622624874115	0.3306681215763092	0.26013752818107605	0.08477769792079926	0.27476179599761963	0.44027358293533325	0.19150015711784363	0.42528843879699707	-0.05965801700949669	-0.5522893071174622	-0.17465877532958984	-0.19858843088150024	-0.23542571067810059	0.2709808051586151	0.32982921600341797	0.11178763955831528	0.10405801236629486	0.21642667055130005	-0.3764421045780182	-0.4546372890472412	0.4564838111400604	0.24252468347549438	0.593640148639679	0.1359136402606964	0.04354998841881752	0.11310772597789764	0.21428216993808746
NAc-shell-rh	0.1030510887503624	0.2605907917022705	-0.11646180599927902	-0.3339329957962036	0.2817905843257904	-0.02705749310553074	0.35772719979286194	0.3199603855609894	0.42322927713394165	0.10281548649072647	0.388884574174881	0.1670551747083664	-0.21835502982139587	0.2899000346660614	0.08971603959798813	0.050759799778461456	0.16718263924121857	0.2553871273994446	0.0639418363571167	0.11335163563489914	-0.27220508456230164	1.0	0.6075294017791748	-0.4317595362663269	-0.16875793039798737	0.0672353208065033	0.000820780114736408	-0.13144543766975403	-0.21930670738220215	0.1589457094669342	-0.15801458060741425	0.3075445890426636	0.49068859219551086	0.26374751329421997	0.2801637649536133	0.41251495480537415	0.20339694619178772	-0.03155979514122009	0.1956041157245636	0.2049020677804947	-0.2334161102771759	0.03748999908566475	0.32711243629455566	-0.03666495159268379	-0.1459241807460785	-0.16882967948913574	0.5339130163192749	0.3928478956222534	0.017066892236471176	0.17840339243412018
NAc-core-rh	0.033099886029958725	0.020198974758386612	0.04333401843905449	-0.021018696948885918	0.32617050409317017	-0.10289429873228073	0.3097478747367859	0.6289873719215393	0.6084161400794983	0.3299986720085144	0.4847833514213562	0.2893379330635071	0.024526111781597137	0.03568444401025772	0.021048612892627716	0.2550930678844452	0.21898379921913147	0.42633697390556335	0.12606029212474823	0.3615169823169708	-0.181923508644104	0.6075294017791748	1.0	-0.005521740298718214	0.18862642347812653	-0.20471619069576263	-0.21181230247020721	-0.14213089644908905	0.12495822459459305	0.2846742868423462	0.049873195588588715	0.2729528248310089	0.48190954327583313	0.5097802877426147	0.5843080878257751	0.5655561685562134	0.3258460760116577	0.3223474621772766	0.5180588960647583	0.19150035083293915	0.13256654143333435	0.40378814935684204	0.09262726455926895	0.15473495423793793	0.05016975477337837	-0.1684746891260147	0.5544305443763733	0.6679410934448242	0.05207384005188942	0.12066983431577682
pGP-rh	-0.2013309746980667	-0.3900066614151001	-0.03597867861390114	0.27132734656333923	0.18132805824279785	-0.17863784730434418	-0.27479833364486694	0.24216751754283905	0.08552277088165283	0.35288986563682556	-0.26537078619003296	0.026989279314875603	0.44379669427871704	-0.30645447969436646	-0.010063151828944683	0.17882436513900757	0.05187563598155975	0.1732686161994934	0.012389495968818665	0.08559297025203705	0.2468622624874115	-0.4317595362663269	-0.005521740298718214	1.0	0.36965814232826233	-0.19847294688224792	-0.37874406576156616	-0.20116499066352844	0.20204870402812958	-0.06648553907871246	0.1724795401096344	-0.24640606343746185	-0.3048285245895386	0.0825158953666687	0.32748138904571533	-0.1372552514076233	0.09522032737731934	0.5053753852844238	0.34279122948646545	0.10082988440990448	0.4278481900691986	0.1629527062177658	0.008273626677691936	-0.0009760824032127857	0.2453038990497589	0.08182157576084137	0.08459220826625824	0.23878324031829834	-0.020062075927853584	0.2168494611978531
aGP-rh	-0.0010151499882340431	-0.06145713850855827	0.24391259253025055	0.6462891697883606	0.3746713101863861	0.4651243984699249	0.3790416121482849	0.1404978334903717	0.3842690587043762	0.1736498773097992	-0.16050249338150024	0.05259349197149277	0.40614283084869385	-0.21628308296203613	0.3705340623855591	0.3510872423648834	0.12592168152332306	0.29482409358024597	-0.24915525317192078	0.23396828770637512	0.3306681215763092	-0.16875793039798737	0.18862642347812653	0.36965814232826233	1.0	-0.15449661016464233	-0.15984810888767242	0.030761701986193657	0.3738834261894226	0.2921876609325409	0.35576364398002625	0.4103599190711975	-0.0075313979759812355	0.38127970695495605	0.3228796124458313	-0.21617403626441956	0.11406737565994263	0.42213690280914307	0.27578088641166687	0.17343555390834808	0.47313809394836426	0.16160473227500916	-0.19750066101551056	0.13552437722682953	0.0688263475894928	0.24292607605457306	0.23648996651172638	0.25146907567977905	0.342340886592865	0.4947228729724884
HIP-head-m-lh	0.6639049649238586	0.7027640342712402	0.566662609577179	0.14924249053001404	0.22042647004127502	0.025167623534798622	0.3190177083015442	-0.24003644287586212	0.169862300157547	-0.45830148458480835	-0.08123504370450974	0.25583580136299133	-0.09813860803842545	0.3115806579589844	0.030877819284796715	0.15403980016708374	0.3508843779563904	-0.2149485945701599	0.419948011636734	0.3292383551597595	0.26013752818107605	0.0672353208065033	-0.20471619069576263	-0.19847294688224792	-0.15449661016464233	1.0	0.7490395903587341	0.7066925168037415	0.3715980648994446	0.5219749212265015	0.1763370782136917	0.28531724214553833	-0.2740715742111206	-0.26178908348083496	-0.19840285181999207	-0.060755807906389236	0.2801392078399658	-0.06619803607463837	-0.37647438049316406	-0.03971213474869728	-0.15147699415683746	-0.1585100144147873	-0.028703823685646057	0.32424142956733704	0.21356074512004852	0.7105758786201477	-0.029317744076251984	-0.3176572322845459	-0.1325773149728775	-0.04372105374932289
HIP-head-l-l	0.6729008555412292	0.779384434223175	0.5327199697494507	0.1567702740430832	0.06841150671243668	0.025586267933249474	0.31117862462997437	-0.1070101335644722	-0.0004034615703858435	-0.49512627720832825	-0.056179728358983994	0.12116549164056778	-0.30625346302986145	0.23625659942626953	-0.03513890877366066	0.0432426817715168	0.16231070458889008	-0.23459677398204803	0.2913871109485626	0.31983405351638794	0.08477769792079926	0.000820780114736408	-0.21181230247020721	-0.37874406576156616	-0.15984810888767242	0.7490395903587341	1.0	0.8301113843917847	0.32494834065437317	0.369889497756958	0.017619097605347633	0.34228822588920593	-0.07237936556339264	-0.399104505777359	-0.4100857973098755	-0.045774564146995544	0.04717190936207771	-0.17310087382793427	-0.5350185632705688	-0.2529790699481964	-0.3154905438423157	-0.23190052807331085	-0.11500171571969986	0.140697181224823	0.32977160811424255	0.5365952849388123	-0.24374616146087646	-0.35209953784942627	-0.08609438687562943	-0.26385751366615295
HIP-body-l	0.6171758770942688	0.7343941330909729	0.5279786586761475	0.4319901466369629	0.19193759560585022	0.09192220866680145	0.29646623134613037	-0.21561184525489807	0.18401825428009033	-0.33480530977249146	0.15561562776565552	0.306802362203598	0.09334823489189148	0.29832080006599426	0.09774573147296906	0.3009663224220276	0.2950178384780884	-0.04638323560357094	0.17172053456306458	0.30430400371551514	0.27476179599761963	-0.13144543766975403	-0.14213089644908905	-0.20116499066352844	0.030761701986193657	0.7066925168037415	0.8301113843917847	1.0	0.6650177240371704	0.49275293946266174	0.3357815742492676	0.3855779767036438	-0.12862373888492584	-0.15775786340236664	-0.14469604194164276	0.09138046205043793	0.3517463803291321	0.16984418034553528	-0.24693825840950012	-0.022842997685074806	-0.09354573488235474	-0.07098028063774109	-0.05668870732188225	0.40687310695648193	0.20661768317222595	0.717619001865387	-0.19930899143218994	-0.3802010416984558	0.17787542939186096	-0.12140055745840073
HIP-tail-lh	0.3618282973766327	0.43627285957336426	0.37917983531951904	0.7238869667053223	0.29058611392974854	0.2687055766582489	0.1963655948638916	-0.1771543174982071	0.4230709969997406	-0.004534381441771984	0.18741628527641296	0.383070707321167	0.48088687658309937	0.2787892520427704	0.07349944114685059	0.47814837098121643	0.5447381734848022	0.2701857388019562	0.0011715518776327372	0.1925276666879654	0.44027358293533325	-0.21930670738220215	0.12495822459459305	0.20204870402812958	0.3738834261894226	0.3715980648994446	0.32494834065437317	0.6650177240371704	1.0	0.6478428840637207	0.6308919191360474	0.35160452127456665	-0.11731824278831482	0.2785285711288452	0.2790563702583313	0.1770143359899521	0.5041528940200806	0.5199766159057617	0.16130591928958893	0.20156100392341614	0.3429384231567383	0.22968119382858276	0.007743241731077433	0.5154772400856018	0.03503839671611786	0.6682167649269104	0.11567678302526474	-0.1542598009109497	0.33906063437461853	0.16667446494102478
THA-VPm-lh	0.47048455476760864	0.4830578863620758	0.5206153392791748	0.36459076404571533	0.42511844635009766	0.42789217829704285	0.5705327391624451	-0.0012023462913930416	0.5515452027320862	0.01351090520620346	0.21091046929359436	0.28881895542144775	0.1218939870595932	0.2994670271873474	0.15329372882843018	0.5066839456558228	0.5381184816360474	0.1286720633506775	-0.043274324387311935	0.18976789712905884	0.19150015711784363	0.1589457094669342	0.2846742868423462	-0.06648553907871246	0.2921876609325409	0.5219749212265015	0.369889497756958	0.49275293946266174	0.6478428840637207	1.0	0.6617382168769836	0.6701918244361877	0.1426757127046585	0.3285425007343292	0.33769816160202026	0.1345117837190628	0.4158758819103241	0.33936524391174316	0.03686002269387245	0.08612313866615295	0.28004252910614014	0.280488520860672	-0.015168547630310059	0.3006384074687958	0.01264834962785244	0.5850439071655273	0.316320538520813	-0.11721644550561905	0.3470630645751953	0.3232572376728058
THA-VPl-lh	0.33101099729537964	0.09037527441978455	0.2854008376598358	0.5542758107185364	0.31687259674072266	0.6261712908744812	0.3121104836463928	-0.3195512294769287	0.2788166105747223	0.09179562330245972	0.23902499675750732	0.179864764213562	0.4618370532989502	0.12778370082378387	0.42082294821739197	0.6214215159416199	0.5086933970451355	0.2720297873020172	-0.41381359100341797	-0.06276906281709671	0.42528843879699707	-0.15801458060741425	0.049873195588588715	0.1724795401096344	0.35576364398002625	0.1763370782136917	0.017619097605347633	0.3357815742492676	0.6308919191360474	0.6617382168769836	1.0	0.47759878635406494	-0.025381432846188545	0.3643065392971039	0.3341529369354248	0.010373358614742756	0.5176997184753418	0.646503746509552	0.29561200737953186	0.3092093765735626	0.5789757370948792	0.24815960228443146	0.028536386787891388	0.39736050367355347	-0.12407389283180237	0.5704060196876526	0.15065622329711914	-0.11794477701187134	0.7337992787361145	0.5838919878005981
THA-VAi-lh	0.2869185209274292	0.3045741319656372	0.34882819652557373	0.2425893396139145	0.33767369389533997	0.5243995785713196	0.8048288226127625	0.060191646218299866	0.5754331946372986	0.159140482544899	0.313729852437973	0.04541553184390068	0.0013441079063341022	0.15660859644412994	0.4438207149505615	0.4628867208957672	0.3239777982234955	0.25112658739089966	-0.3823307156562805	0.13701239228248596	-0.05965801700949669	0.3075445890426636	0.2729528248310089	-0.24640606343746185	0.4103599190711975	0.28531724214553833	0.34228822588920593	0.3855779767036438	0.35160452127456665	0.6701918244361877	0.47759878635406494	1.0	0.4245518743991852	0.4377913177013397	0.3456245958805084	0.0742708221077919	0.16723616421222687	0.32139456272125244	0.016313869506120682	0.015763059258461	0.14181311428546906	0.37519434094429016	0.12195958197116852	0.0852515920996666	0.06621336936950684	0.4104086458683014	0.19357645511627197	-0.01741015538573265	0.5731531977653503	0.5135201215744019
THA-VAs-lh	-0.0872347354888916	-0.07874226570129395	-0.24261952936649323	-0.1961083859205246	0.10059740394353867	0.17827662825584412	0.3014681935310364	0.32361021637916565	0.3975459039211273	0.5595387816429138	0.5255069732666016	-0.1385175883769989	-0.020733429118990898	0.3476845622062683	0.11821349710226059	0.14271895587444305	0.05469586327672005	0.37886056303977966	-0.33639997243881226	-0.2372838854789734	-0.5522893071174622	0.49068859219551086	0.48190954327583313	-0.3048285245895386	-0.0075313979759812355	-0.2740715742111206	-0.07237936556339264	-0.12862373888492584	-0.11731824278831482	0.1426757127046585	-0.025381432846188545	0.4245518743991852	1.0	0.5294966697692871	0.3511802852153778	0.32335662841796875	-0.11217635869979858	-0.01954410970211029	0.039738141000270844	0.06514441967010498	-0.0026920319069176912	0.4151296615600586	0.4356681704521179	-0.22257539629936218	-0.20036154985427856	-0.30889925360679626	0.005071665160357952	0.2226373255252838	0.08471790701150894	-0.02739974483847618
THA-DAm-lh	-0.1792316734790802	-0.18941012024879456	-0.16298970580101013	0.27157604694366455	0.0954296737909317	0.26452454924583435	0.23686426877975464	0.07510915398597717	0.6916631460189819	0.6254900097846985	0.49172013998031616	0.020482970401644707	0.4864489436149597	0.26039573550224304	0.2925087511539459	0.5240774154663086	0.3201673924922943	0.5325144529342651	-0.38945019245147705	-0.23990896344184875	-0.17465877532958984	0.26374751329421997	0.5097802877426147	0.0825158953666687	0.38127970695495605	-0.26178908348083496	-0.399104505777359	-0.15775786340236664	0.2785285711288452	0.3285425007343292	0.3643065392971039	0.4377913177013397	0.5294966697692871	1.0	0.8175320625305176	0.35075104236602783	0.23503464460372925	0.3489944636821747	0.4493647515773773	0.3865540623664856	0.6100560426712036	0.7602489590644836	0.36025941371917725	0.12112227827310562	-0.36308279633522034	-0.04233437776565552	0.28802987933158875	0.29019349813461304	0.39147257804870605	0.39039546251296997
THA-DAl-lh	-0.18740743398666382	-0.19347168505191803	-0.01761556975543499	0.23499195277690887	0.2572372555732727	-0.0697808787226677	0.17634974420070648	0.31209421157836914	0.6677252650260925	0.6764796376228333	0.5164053440093994	0.2467091828584671	0.4843314290046692	0.21737049520015717	0.3379059135913849	0.6226354241371155	0.4813150465488434	0.5938079357147217	-0.1894037425518036	-0.0991145446896553	-0.19858843088150024	0.2801637649536133	0.5843080878257751	0.32748138904571533	0.3228796124458313	-0.19840285181999207	-0.4100857973098755	-0.14469604194164276	0.2790563702583313	0.33769816160202026	0.3341529369354248	0.3456245958805084	0.3511802852153778	0.8175320625305176	1.0	0.49423035979270935	0.3898265063762665	0.5903319120407104	0.6352521777153015	0.49353986978530884	0.5251390933990479	0.7509429454803467	0.4326058626174927	0.09642153978347778	-0.23354780673980713	0.03698015958070755	0.5081449747085571	0.4697609841823578	0.321798175573349	0.36148393154144287
PUT-VA-lh	-0.045572202652692795	0.13744010031223297	0.12448588013648987	0.012574653141200542	0.3422525227069855	-0.29329854249954224	0.08337046951055527	0.3328609764575958	0.41586387157440186	0.39887526631355286	0.8079677820205688	0.5514901280403137	0.1235414370894432	0.3231596350669861	-0.02973831631243229	0.35898491740226746	0.327173113822937	0.37827780842781067	0.22868068516254425	0.12174085527658463	-0.23542571067810059	0.41251495480537415	0.5655561685562134	-0.1372552514076233	-0.21617403626441956	-0.060755807906389236	-0.045774564146995544	0.09138046205043793	0.1770143359899521	0.1345117837190628	0.010373358614742756	0.0742708221077919	0.32335662841796875	0.35075104236602783	0.49423035979270935	1.0	0.6117884516716003	0.35501188039779663	0.5900387167930603	0.3703872263431549	0.0883864089846611	0.3622102439403534	0.36759236454963684	0.22655919194221497	-0.06299392879009247	-0.10164222121238708	0.4491024315357208	0.37710991501808167	0.02543061226606369	-0.07941534370183945
PUT-DA-l	0.2506040632724762	0.29472264647483826	0.2848103940486908	0.4641292691230774	0.6644333600997925	0.06674478948116302	0.2539445459842682	0.03571562096476555	0.4361962378025055	0.05316273868083954	0.5082658529281616	0.6792553663253784	0.4054458439350128	0.30445852875709534	0.23134246468544006	0.6511697173118591	0.6047558784484863	0.43739500641822815	0.0930432677268982	0.21484069526195526	0.2709808051586151	0.20339694619178772	0.3258460760116577	0.09522032737731934	0.11406737565994263	0.2801392078399658	0.04717190936207771	0.3517463803291321	0.5041528940200806	0.4158758819103241	0.5176997184753418	0.16723616421222687	-0.11217635869979858	0.23503464460372925	0.3898265063762665	0.6117884516716003	1.0	0.6794313788414001	0.6896488070487976	0.601016104221344	0.40188735723495483	0.12957075238227844	0.23900620639324188	0.45603644847869873	-0.05694400891661644	0.34712398052215576	0.5030883550643921	0.21734780073165894	0.3099093437194824	0.27736276388168335
PUT-VP-lh	0.09778795391321182	-0.037946272641420364	0.22856053709983826	0.5539178848266602	0.5795395970344543	0.14708977937698364	0.27391788363456726	0.15053501725196838	0.4250299036502838	0.3627606928348541	0.41943928599357605	0.4827483892440796	0.5959708094596863	0.11278360337018967	0.4595586955547333	0.7047839164733887	0.49835407733917236	0.599014401435852	-0.2627210319042206	0.12208139896392822	0.32982921600341797	-0.03155979514122009	0.3223474621772766	0.5053753852844238	0.42213690280914307	-0.06619803607463837	-0.17310087382793427	0.16984418034553528	0.5199766159057617	0.33936524391174316	0.646503746509552	0.32139456272125244	-0.01954410970211029	0.3489944636821747	0.5903319120407104	0.35501188039779663	0.6794313788414001	1.0	0.7207285761833191	0.4962915778160095	0.5289777517318726	0.3055974245071411	0.2064618468284607	0.25876107811927795	0.06544272601604462	0.3594246208667755	0.46239525079727173	0.3737257719039917	0.5106040239334106	0.45656001567840576
PUT-DP-lh	-0.19262082874774933	-0.25007107853889465	-0.05112045258283615	0.2805180847644806	0.4863107204437256	-0.02865258790552616	0.08496575057506561	0.34057921171188354	0.4290177524089813	0.4511144161224365	0.48071250319480896	0.5104326605796814	0.46937260031700134	0.024409836158156395	0.2835404872894287	0.5504037737846375	0.3472716212272644	0.629541277885437	-0.15137441456317902	0.09418875724077225	0.11178763955831528	0.1956041157245636	0.5180588960647583	0.34279122948646545	0.27578088641166687	-0.37647438049316406	-0.5350185632705688	-0.24693825840950012	0.16130591928958893	0.03686002269387245	0.29561200737953186	0.016313869506120682	0.039738141000270844	0.4493647515773773	0.6352521777153015	0.5900387167930603	0.6896488070487976	0.7207285761833191	1.0	0.5925677418708801	0.4865444600582123	0.35061225295066833	0.27675285935401917	0.14317302405834198	-0.08116096258163452	-0.12533359229564667	0.601321816444397	0.5709378719329834	0.31353893876075745	0.377386212348938
CAU-VA-lh	0.0279962457716465	0.03485391288995743	-0.055655304342508316	0.471502423286438	0.31466248631477356	0.09859622269868851	0.21917939186096191	-0.12874355912208557	0.3560152053833008	0.2373816817998886	0.3686984181404114	0.4660414159297943	0.6288694739341736	0.5032826662063599	0.5729775428771973	0.5902850031852722	0.5091372728347778	0.6603758335113525	-0.08035415410995483	-0.30749696493148804	0.10405801236629486	0.2049020677804947	0.19150035083293915	0.10082988440990448	0.17343555390834808	-0.03971213474869728	-0.2529790699481964	-0.022842997685074806	0.20156100392341614	0.08612313866615295	0.3092093765735626	0.015763059258461	0.06514441967010498	0.3865540623664856	0.49353986978530884	0.3703872263431549	0.601016104221344	0.4962915778160095	0.5925677418708801	1.0	0.5600811839103699	0.29983794689178467	0.5582508444786072	0.1336616575717926	-0.5212181210517883	0.10232283920049667	0.36830979585647583	0.30544474720954895	0.21184617280960083	0.23147721588611603
