Node	LH_Vis_1	LH_Vis_2	LH_Vis_3	LH_Vis_4	LH_Vis_5	LH_Vis_6	LH_Vis_7	LH_Vis_8	LH_Vis_9	LH_SomMot_1	LH_SomMot_2	LH_SomMot_3	LH_SomMot_4	LH_SomMot_5	LH_SomMot_6	LH_DorsAttn_Post_1	LH_DorsAttn_Post_2	LH_DorsAttn_Post_3	LH_DorsAttn_Post_4	LH_DorsAttn_Post_5	LH_DorsAttn_Post_6	LH_DorsAttn_PrCv_1	LH_DorsAttn_FEF_1	LH_SalVentAttn_ParOper_1	LH_SalVentAttn_FrOperIns_1	LH_SalVentAttn_FrOperIns_2	LH_SalVentAttn_PFCl_1	LH_SalVentAttn_Med_1	LH_SalVentAttn_Med_2	LH_SalVentAttn_Med_3	LH_Limbic_OFC_1	LH_Limbic_TempPole_1	LH_Limbic_TempPole_2	LH_Cont_Par_1	LH_Cont_PFCl_1	LH_Cont_pCun_1	LH_Cont_Cing_1	LH_Default_Temp_1	LH_Default_Temp_2	LH_Default_Par_1	LH_Default_Par_2	LH_Default_PFC_1	LH_Default_PFC_2	LH_Default_PFC_3	LH_Default_PFC_4	LH_Default_PFC_5	LH_Default_PFC_6	LH_Default_PFC_7	LH_Default_pCunPCC_1	LH_Default_pCunPCC_2	RH_Vis_1	RH_Vis_2	RH_Vis_3	RH_Vis_4	RH_Vis_5	RH_Vis_6	RH_Vis_7	RH_Vis_8	RH_SomMot_1	RH_SomMot_2	RH_SomMot_3	RH_SomMot_4	RH_SomMot_5	RH_SomMot_6	RH_SomMot_7	RH_SomMot_8	RH_DorsAttn_Post_1	RH_DorsAttn_Post_2	RH_DorsAttn_Post_3	RH_DorsAttn_Post_4	RH_DorsAttn_Post_5	RH_DorsAttn_PrCv_1	RH_DorsAttn_FEF_1	RH_SalVentAttn_TempOccPar_1	RH_SalVentAttn_TempOccPar_2	RH_SalVentAttn_FrOperIns_1	RH_SalVentAttn_Med_1	RH_SalVentAttn_Med_2	RH_Limbic_OFC_1	RH_Limbic_TempPole_1	RH_Cont_Par_1	RH_Cont_Par_2	RH_Cont_PFCl_1	RH_Cont_PFCl_2	RH_Cont_PFCl_3	RH_Cont_PFCl_4	RH_Cont_Cing_1	RH_Cont_PFCmp_1	RH_Cont_pCun_1	RH_Default_Par_1	RH_Default_Temp_1	RH_Default_Temp_2	RH_Default_Temp_3	RH_Default_PFCv_1	RH_Default_PFCv_2	RH_Default_PFCdPFCm_1	RH_Default_PFCdPFCm_2	RH_Default_PFCdPFCm_3	RH_Default_pCunPCC_1	RH_Default_pCunPCC_2	LH-Pu	LH-Ca	LH-NAC	LH-EXA	LH-GPe	LH-GPi	LH-SNc_PBP_VTA	LH-RN	LH-SNr	LH-VeP	LH-HN	LH-HTH	LH-MN	LH-STH	RH-Pu	RH-Ca	RH-NAC	RH-EXA	RH-GPe	RH-GPi	RH-SNc_PBP_VTA	RH-RN	RH-SNr	RH-VeP	RH-HN	RH-HTH	RH-MN	RH-STH	LH-Pulvinar	LH-Anterior	LH-Medio_Dorsal	LH-Ventral_Latero_Dorsal	LH-Central_Lateral-Lateral_Posterior-Medial_Pulvinar	LH-Ventral_Anterior	LH-Ventral_Latero_Ventral	RH-Pulvinar	RH-Anterior	RH-Medio_Dorsal	RH-Ventral_Latero_Dorsal	RH-Central_Lateral-Lateral_Posterior-Medial_Pulvinar	RH-Ventral_Anterior	RH-Ventral_Latero_Ventral	LH_Hippocampus	LH_Amygdala	RH_Hippocampus	RH_Amygdala	Cerebellar_Region1	Cerebellar_Region2	Cerebellar_Region3	Cerebellar_Region4	Cerebellar_Region5	Cerebellar_Region6	Cerebellar_Region7	Cerebellar_Region8	Cerebellar_Region9	Cerebellar_Region10
LH_Vis_1	1.0	0.7100663185119629	0.6323308348655701	0.293639600276947	0.5425530672073364	0.5801100134849548	-0.19262535870075226	0.5907990336418152	0.3984217047691345	0.07036370784044266	0.22112396359443665	-0.230796679854393	0.1453561782836914	-0.03956557437777519	0.14955323934555054	0.37869566679000854	-0.24601662158966064	0.22764335572719574	-0.08319512009620667	-0.08378966152667999	-0.3394968807697296	-0.23046359419822693	-0.41335874795913696	-0.4325507879257202	-0.311246782541275	-0.3693471848964691	-0.5779166221618652	-0.34928882122039795	-0.012854120694100857	-0.35472244024276733	-0.2804643511772156	0.053055353462696075	0.1873125284910202	-0.0480460450053215	0.2671782076358795	-0.08168990910053253	0.02886587381362915	0.13735145330429077	0.19737760722637177	-0.3176945149898529	0.3412296772003174	-0.16254273056983948	-0.08714725077152252	0.14702892303466797	-0.34180718660354614	0.29234710335731506	0.10695745050907135	0.07135964930057526	0.808305025100708	0.3641239106655121	0.6356276869773865	0.619093656539917	0.23422574996948242	0.1956356018781662	0.459587037563324	0.3752351999282837	0.508378803730011	0.327901154756546	0.06053534522652626	-0.04046284407377243	-0.3151187300682068	0.07415763288736343	-0.04161977395415306	-0.2714402973651886	-0.4307236075401306	0.01790301688015461	0.2602653503417969	-0.1515558809041977	-0.376132071018219	0.20534899830818176	-0.39178943634033203	0.0086392592638731	-0.40688595175743103	0.11906679719686508	-0.5589379072189331	-0.30428415536880493	-0.16286851465702057	-0.37003466486930847	-0.3543813228607178	0.12030573934316635	0.011081908829510212	0.1354351043701172	-0.3510066270828247	-0.14637824892997742	-0.3590463697910309	0.05105287581682205	-0.0602804534137249	-0.21805340051651	0.36718472838401794	0.40112781524658203	-0.0761447623372078	-0.009932960383594036	0.29558873176574707	0.09269926697015762	-0.14995475113391876	0.14846912026405334	0.4261418581008911	0.3502975106239319	0.7837197184562683	0.5070465207099915	-0.08694769442081451	-0.06574839353561401	-0.391020268201828	0.23054718971252441	0.12094738334417343	-0.07071955502033234	0.13093127310276031	-0.05238306149840355	0.5731481313705444	0.1544961780309677	0.3466168940067291	-0.05763334780931473	-0.3582538068294525	0.36695989966392517	-0.01677096262574196	-0.08475406467914581	-0.5049238204956055	0.018629271537065506	0.3917204737663269	0.061631035059690475	0.28277939558029175	0.22480249404907227	-0.10756359249353409	0.1670377254486084	0.13272644579410553	-0.2558630108833313	-0.012651792727410793	0.13318660855293274	0.7273488640785217	0.01944795809686184	-0.09041880816221237	-0.06727420538663864	-0.01914977841079235	-0.5903914570808411	0.25775712728500366	0.6835200190544128	-0.16232499480247498	-0.16105198860168457	-0.14234231412410736	-0.07565455138683319	-0.3640786409378052	0.145552396774292	0.3668936491012573	0.4296349585056305	0.378162145614624	0.1338081955909729	0.11168232560157776	0.27907654643058777	0.3599655330181122	-0.022245634347200394	0.11928896605968475	-0.013794035650789738	0.30210551619529724	-0.12638144195079803	-0.12082712352275848	-0.15498106181621552
LH_Vis_2	0.7100663185119629	1.0	0.595881998538971	0.5967510342597961	0.656671941280365	0.6291676759719849	0.004651167429983616	0.6957782506942749	0.38384100794792175	0.03097473829984665	0.23645317554473877	-0.1614605337381363	0.31920894980430603	-0.09758537262678146	-0.08012136071920395	0.7634412050247192	-0.04181865230202675	0.5230546593666077	-0.07254050672054291	0.06651183217763901	-0.4073413014411926	-0.012507222592830658	-0.4153328835964203	-0.240486279129982	-0.3186936676502228	-0.20427338778972626	-0.5186729431152344	-0.24172961711883545	0.004001558758318424	-0.2505584955215454	-0.5027878880500793	-0.23772203922271729	0.3153674602508545	0.30358460545539856	0.3029170632362366	0.11603790521621704	0.14168013632297516	-0.24171362817287445	0.3019530773162842	-0.11515500396490097	0.46918758749961853	-0.3754695951938629	-0.36847975850105286	-0.1254926323890686	-0.5534923672676086	0.22906412184238434	0.11655699461698532	-0.07667303830385208	0.7051316499710083	0.3976183235645294	0.511517345905304	0.6244073510169983	0.4138707220554352	0.42044979333877563	0.5066840648651123	0.33740052580833435	0.6919306516647339	0.4400322139263153	-0.05306323617696762	-0.11256539821624756	-0.19312210381031036	0.2609201669692993	0.12925362586975098	-0.1265563666820526	-0.4655745327472687	-0.07979291677474976	0.2703744173049927	-0.05987841635942459	-0.14966557919979095	0.5105929374694824	-0.34016183018684387	0.1839083731174469	-0.3393470048904419	0.09385834634304047	-0.363651305437088	-0.25698843598365784	-0.11321138590574265	-0.1916256546974182	-0.5154808163642883	-0.14672285318374634	0.1465003341436386	0.27906858921051025	-0.5274633169174194	-0.08943852037191391	-0.2792321741580963	-0.07030464708805084	0.17822621762752533	-0.11833188682794571	0.44366365671157837	0.36480334401130676	-0.23351167142391205	-0.30315279960632324	0.20659583806991577	-0.05876413360238075	-0.23029731214046478	-0.1193569153547287	0.36719444394111633	0.27492502331733704	0.6877707242965698	0.46613746881484985	0.010946184396743774	0.022885514423251152	-0.43603989481925964	0.40342992544174194	0.22976264357566833	0.09203706681728363	0.37669578194618225	-0.16187159717082977	0.5557190775871277	0.2216392457485199	0.2075323760509491	-0.17318357527256012	-0.40421971678733826	0.2835836410522461	0.025041546672582626	-0.05699119344353676	-0.6980648040771484	-0.04888462275266647	0.5310474038124084	0.192740797996521	0.35849106311798096	0.06143380329012871	-0.25780242681503296	0.20008783042430878	0.027232181280851364	-0.3329385221004486	-0.18266162276268005	0.1766505241394043	0.5844966173171997	-6.990892143221572e-05	-0.12629079818725586	0.15353938937187195	-0.17993420362472534	-0.579674243927002	0.30750173330307007	0.560417115688324	-0.35274538397789	-0.3101264536380768	-0.010738737881183624	-0.15723378956317902	-0.50821453332901	0.26429542899131775	0.03240220993757248	0.2951260805130005	-0.04269534349441528	-0.16495031118392944	0.3793337047100067	0.21389725804328918	0.5147210359573364	-0.08870017528533936	0.3404775857925415	0.0868741124868393	0.44727760553359985	-0.2548629343509674	-0.09487511962652206	-0.3535219132900238
LH_Vis_3	0.6323308348655701	0.595881998538971	1.0	-0.09170374274253845	0.41057467460632324	0.8363455533981323	0.08696465939283371	0.7979099750518799	0.9017481803894043	0.09600759297609329	0.023930924013257027	-0.2438841015100479	0.2077532261610031	-0.029319411143660545	0.2502807676792145	0.2891676127910614	-0.3063533902168274	0.4501079320907593	-0.32753658294677734	0.2711178958415985	0.07774395495653152	-0.15585096180438995	-0.15384919941425323	-0.27312684059143066	-0.5728114247322083	-0.47231340408325195	-0.5425348281860352	-0.3773236572742462	0.3632875978946686	-0.09559278935194016	-0.31482240557670593	-0.5126191973686218	0.36740124225616455	0.14435577392578125	0.20838814973831177	0.22174949944019318	0.17625977098941803	-0.4349181354045868	-0.04051847755908966	-0.2024584263563156	0.17487652599811554	-0.5123743414878845	-0.45686212182044983	-0.12158606201410294	-0.5505874752998352	-0.0604940690100193	-0.115427665412426	-0.08095134049654007	0.8219727873802185	0.4262857139110565	0.47817057371139526	0.8861454725265503	0.34721457958221436	-0.24745438992977142	0.7172988653182983	0.7869886159896851	0.7415831089019775	0.8268812298774719	-0.017402283847332	-0.11548423767089844	-0.3444386422634125	0.16108280420303345	0.016934821382164955	-0.2736327350139618	-0.3388789892196655	0.16849425435066223	0.5188961029052734	-0.3992196023464203	-0.0591609813272953	0.49859264492988586	0.12944179773330688	-0.016418248414993286	-0.10040590912103653	0.048451825976371765	-0.2931096851825714	-0.43468376994132996	0.14893856644630432	-0.2033708691596985	-0.36237141489982605	-0.3780413269996643	0.1198057234287262	0.26283183693885803	-0.42811647057533264	-0.03314110264182091	-0.38775697350502014	-0.07163705676794052	0.2280154973268509	-0.4209633469581604	0.3966398239135742	0.3785109221935272	0.052986372262239456	-0.4027637243270874	0.06584123522043228	-0.25123870372772217	-0.49315696954727173	-0.09600616246461868	0.14025473594665527	0.28002747893333435	0.7022714018821716	0.45809900760650635	-0.1264844685792923	0.06376990675926208	-0.40359392762184143	0.196590393781662	0.16232450306415558	-0.25674644112586975	0.04602542519569397	-0.2576389014720917	0.36851897835731506	0.4493219256401062	-0.14953787624835968	0.12484067678451538	-0.3281163275241852	0.4519278109073639	-0.030810000374913216	-0.1980043202638626	-0.5080689787864685	0.025861702859401703	0.1281203329563141	0.1178305521607399	0.11140017956495285	-0.14411164820194244	-0.2974597215652466	0.3691767454147339	0.039797473698854446	-0.23412902653217316	-0.12560132145881653	0.19678610563278198	0.3476821780204773	-0.24986323714256287	-0.3811923861503601	0.04741940647363663	-0.18176378309726715	-0.5130452513694763	-0.06272803992033005	0.4300570785999298	-0.380620539188385	-0.33902835845947266	0.011540225706994534	-0.45994725823402405	-0.3299049139022827	-0.16613440215587616	-0.23369848728179932	0.039848532527685165	-0.1163114458322525	-0.05296303704380989	0.19089020788669586	0.25432875752449036	0.4664137363433838	-0.5384807586669922	0.2097903937101364	-0.1175917387008667	0.608670711517334	-0.009719103574752808	0.011801284737884998	-0.5492516756057739
LH_Vis_4	0.293639600276947	0.5967510342597961	-0.09170374274253845	1.0	0.5241112112998962	0.0143614886328578	-0.1979571282863617	0.2611731290817261	-0.3348895311355591	-0.19278939068317413	0.0818113386631012	-0.041561659425497055	0.05881870165467262	-0.06417589634656906	-0.39248520135879517	0.5836712121963501	0.19748732447624207	0.40782979130744934	0.2568676173686981	-0.24366003274917603	-0.5725415945053101	0.24961836636066437	-0.33889827132225037	-0.18896052241325378	0.00956448819488287	0.17118990421295166	-0.221212238073349	0.028458913788199425	-0.4301318824291229	-0.19721117615699768	-0.23600731790065765	0.10918180644512177	0.01505487971007824	0.2267763763666153	0.34900906682014465	-0.1804715245962143	-0.05404859036207199	0.04696391150355339	0.155111163854599	-0.10531231015920639	0.2737601101398468	0.04555950313806534	0.13235650956630707	-0.01883861981332302	-0.098175548017025	0.2996222674846649	0.18045516312122345	-0.05070572346448898	0.1545737087726593	0.0357745960354805	0.19037479162216187	-0.0208760853856802	0.25959786772727966	0.8336806297302246	0.03277280926704407	-0.3242921531200409	0.3577519357204437	-0.20062485337257385	-0.20683246850967407	-0.23203988373279572	-0.026285087689757347	0.10715200752019882	0.007836150005459785	-0.07394992560148239	-0.37868404388427734	-0.3728637397289276	-0.12419946491718292	0.31902971863746643	0.08713529258966446	0.3950442969799042	-0.5465278625488281	0.3044116497039795	-0.3074699938297272	-0.0758996456861496	-0.28439927101135254	-0.0021943040192127228	-0.5053332448005676	-0.12970222532749176	-0.29212042689323425	0.05834568291902542	-0.06869810074567795	0.01637011393904686	-0.17897626757621765	-0.06131422519683838	-0.08567924797534943	-0.19114245474338531	-0.06419980525970459	0.17616084218025208	0.08279037475585938	-0.04780944064259529	-0.3205198347568512	-0.05243220552802086	0.05879578739404678	0.10642466694116592	0.1328534334897995	-0.07922329753637314	0.12107764929533005	-0.07904589176177979	0.2581199109554291	0.08210638910531998	0.13766799867153168	0.006139794830232859	-0.10745742172002792	0.38416850566864014	0.10066656768321991	0.26731038093566895	0.44268545508384705	-0.11256935447454453	0.34933847188949585	-0.1732475608587265	0.32689598202705383	-0.32195842266082764	-0.3645220398902893	0.05585784092545509	0.04041237384080887	0.028832538053393364	-0.43489405512809753	0.0044724647887051105	0.37334564328193665	0.23113644123077393	0.4861450791358948	0.24669867753982544	0.040759626775979996	0.0031309195328503847	-0.059084970504045486	-0.3019985556602478	-0.04071026295423508	-0.02220906876027584	0.3475017547607422	0.1378820836544037	0.17554683983325958	0.1686728298664093	-0.13993264734745026	-0.30626609921455383	0.360243022441864	0.28392544388771057	-0.10607247054576874	-0.1895938366651535	-0.007532458286732435	0.013406763784587383	-0.1997407227754593	0.3592379093170166	0.18672725558280945	0.2520293891429901	0.063784658908844	-0.15503564476966858	0.16828231513500214	0.07603935897350311	0.23321357369422913	0.2595212459564209	0.15227189660072327	0.2968524694442749	0.001933484454639256	-0.19331912696361542	-0.08176267892122269	0.024844558909535408
LH_Vis_5	0.5425530672073364	0.656671941280365	0.41057467460632324	0.5241112112998962	1.0	0.6646898984909058	-0.4294891655445099	0.6319919228553772	0.2893759310245514	-0.1533796787261963	-0.03365643694996834	-0.37275898456573486	0.1447441577911377	-0.13974912464618683	-0.04801298677921295	0.2932848036289215	-0.13929183781147003	0.5173540711402893	-0.16256679594516754	0.18177255988121033	-0.33483943343162537	-0.10348604619503021	-0.13699868321418762	-0.36378899216651917	-0.5022154450416565	-0.30550020933151245	-0.2249503880739212	-0.18467481434345245	-0.16365037858486176	-0.011667383834719658	-0.38482147455215454	-0.15884016454219818	0.0567588210105896	0.19356141984462738	0.32421165704727173	0.07195667177438736	0.1899665892124176	-0.1907823085784912	-0.13430143892765045	-0.5038377046585083	0.060949888080358505	-0.30545395612716675	-0.3588351905345917	-0.11372693628072739	-0.21261626482009888	0.05324988812208176	0.14758802950382233	0.14536389708518982	0.5747640132904053	0.4282715320587158	0.032556287944316864	0.2543805241584778	-0.13926126062870026	0.2493666708469391	0.6408435702323914	0.18819454312324524	0.5057522058486938	0.2483629733324051	-0.29269543290138245	-0.28734734654426575	-0.47593629360198975	-0.006633509881794453	0.014468741603195667	-0.21476849913597107	-0.6222660541534424	0.006148749031126499	0.06697867810726166	-0.3189201056957245	-0.13156042993068695	0.5161067843437195	-0.2412983924150467	-0.14510788023471832	-0.06228401139378548	-0.3998657464981079	-0.482787162065506	-0.31496068835258484	-0.17111308872699738	-0.16404098272323608	-0.5458015203475952	-0.25714749097824097	-0.20184916257858276	-0.08093652874231339	-0.4449131488800049	-0.24819262325763702	0.08426698297262192	-0.2593672573566437	0.09654327481985092	-0.33347660303115845	0.3913029134273529	-0.03876582160592079	-0.4034569561481476	-0.38105082511901855	-0.2277488112449646	-0.31502556800842285	-0.4524718225002289	-0.16977275907993317	0.09859747439622879	0.21495401859283447	0.6433936953544617	0.40570664405822754	-0.14521129429340363	0.04247111827135086	-0.32866185903549194	0.5170771479606628	0.17969410121440887	0.029551012441515923	0.13146580755710602	-0.025191770866513252	0.4030573070049286	0.30101585388183594	0.11205196380615234	-0.18374469876289368	-0.6597126722335815	0.5292214155197144	-0.25100329518318176	-0.1497652530670166	-0.4676702320575714	0.07596798986196518	0.18165645003318787	0.30467087030410767	0.4423746168613434	-0.008885268121957779	0.1996101438999176	0.26332172751426697	-0.12439487874507904	-0.27670928835868835	0.004531022626906633	0.22599183022975922	0.5661935806274414	0.18817144632339478	-0.10306034237146378	0.09123419225215912	-0.28355199098587036	-0.36702045798301697	0.11672685295343399	0.45429727435112	-0.16280722618103027	-0.20655260980129242	0.10640282928943634	-0.24788261950016022	-0.13645130395889282	0.19400277733802795	-0.11053525656461716	0.36901718378067017	-0.04235486686229706	-0.10348763316869736	0.4748972952365875	0.5304892659187317	0.6873025894165039	0.0889817401766777	0.4310890734195709	0.5258986949920654	0.45724108815193176	0.0188662800937891	0.146053284406662	-0.16364169120788574
LH_Vis_6	0.5801100134849548	0.6291676759719849	0.8363455533981323	0.0143614886328578	0.6646898984909058	1.0	-0.09354858100414276	0.7820292115211487	0.7870202660560608	0.04877415671944618	0.1339460164308548	-0.27512601017951965	0.3171665668487549	-0.09599817544221878	0.1538575142621994	0.3000151813030243	-0.3180249333381653	0.44349947571754456	-0.35141125321388245	0.2471247911453247	-0.12735144793987274	-0.2253638058900833	-0.14218978583812714	-0.26870736479759216	-0.5848450064659119	-0.5006348490715027	-0.38371431827545166	-0.24590080976486206	0.20539996027946472	0.04715126007795334	-0.27092868089675903	-0.3636893033981323	0.28832629323005676	0.148385688662529	0.1609763503074646	0.270933598279953	0.31821945309638977	-0.37574341893196106	-0.06034497171640396	-0.34436511993408203	0.1674591302871704	-0.5127958059310913	-0.6071147918701172	-0.08163575828075409	-0.4041598439216614	0.015094859525561333	0.042328327894210815	0.07048006355762482	0.795387864112854	0.5449165105819702	0.2223862111568451	0.7065230011940002	0.18924392759799957	-0.21044737100601196	0.8863357305526733	0.7792508602142334	0.6625992059707642	0.7726221680641174	-0.0718042403459549	-0.1395253986120224	-0.411075621843338	0.20932537317276	0.1741359978914261	-0.3697563707828522	-0.5771405696868896	0.11298956722021103	0.33991315960884094	-0.49232712388038635	-0.1793743222951889	0.5162182450294495	-0.07698260247707367	-0.18406595289707184	-0.020108280703425407	-0.14632056653499603	-0.3675781488418579	-0.38241222500801086	0.13228532671928406	-0.0884898453950882	-0.35742172598838806	-0.3355710208415985	0.027893321588635445	0.1688644140958786	-0.34449100494384766	-0.14355668425559998	-0.11338897049427032	-0.032345499843358994	0.32996317744255066	-0.4039907455444336	0.49113669991493225	0.24838587641716003	-0.13874663412570953	-0.45741862058639526	-0.026687851175665855	-0.2862287163734436	-0.5893738269805908	-0.1022845134139061	0.24786034226417542	0.38513216376304626	0.720739483833313	0.5852745771408081	-0.21939386427402496	0.1008882150053978	-0.40420249104499817	0.4098685085773468	0.2673538327217102	-0.06567225605249405	0.18476302921772003	-0.22917212545871735	0.5048620104789734	0.4618814289569855	0.07360797375440598	-0.016310837119817734	-0.4542315602302551	0.5522831082344055	-0.22866427898406982	-0.12530602514743805	-0.5379900336265564	0.03910769522190094	0.2222287505865097	0.2881027162075043	0.3199056386947632	-0.030947454273700714	-0.10110590606927872	0.25093746185302734	-0.014753066003322601	-0.17514757812023163	0.012685331515967846	0.3737785518169403	0.5292711853981018	-0.03835185617208481	-0.16414658725261688	0.15277548134326935	-0.06567840278148651	-0.48516902327537537	0.05655167996883392	0.48414069414138794	-0.3263270854949951	-0.20748268067836761	0.06425780057907104	-0.33709102869033813	-0.25368550419807434	0.053964242339134216	-0.22223244607448578	0.2181687206029892	-0.11239127069711685	-0.07393088191747665	0.37152814865112305	0.37550094723701477	0.654914915561676	-0.3523785471916199	0.3473254442214966	0.15945807099342346	0.6253717541694641	-0.09314949065446854	-0.008963550440967083	-0.4380834698677063
LH_Vis_7	-0.19262535870075226	0.004651167429983616	0.08696465939283371	-0.1979571282863617	-0.4294891655445099	-0.09354858100414276	1.0	-0.13200968503952026	0.08011113852262497	0.40453800559043884	0.3977959156036377	0.43938326835632324	0.3623890280723572	0.49257221817970276	0.39933285117149353	0.258101224899292	0.41944435238838196	0.06343846768140793	0.20072126388549805	0.4686983525753021	0.45647966861724854	0.14165915548801422	0.3119138777256012	0.5723336338996887	0.10551878809928894	0.10316146165132523	0.15255668759346008	0.3402055501937866	0.5378990173339844	0.42351996898651123	-0.07175399363040924	-0.40738317370414734	0.34215644001960754	0.13267295062541962	-0.4513658881187439	0.3702148497104645	0.4179738163948059	-0.33777469396591187	0.3968402147293091	0.7345166206359863	0.39531224966049194	-0.07475566118955612	-0.36325570940971375	0.21759535372257233	-0.028960686177015305	0.04012308642268181	-0.31146809458732605	-0.3464568257331848	0.06665544211864471	0.2293289452791214	0.0808432549238205	0.1270608752965927	0.330743670463562	-0.24373482167720795	-0.09231331199407578	0.22966106235980988	-0.07594768702983856	0.11634112149477005	0.2905178964138031	0.3031088411808014	0.5113060474395752	0.4984276294708252	0.2931634187698364	0.1939646452665329	0.45649340748786926	0.16737481951713562	0.6174172759056091	0.3912954032421112	0.14348308742046356	0.09282002598047256	0.3564709424972534	0.12124908715486526	0.22210492193698883	0.6814961433410645	0.6463686227798462	0.06635307520627975	0.5908151268959045	0.36102038621902466	0.11639035493135452	-0.2294159084558487	0.2904387414455414	0.1464851349592209	-0.006955716758966446	-0.2814052700996399	-0.09557686001062393	-0.18864531815052032	0.4631914794445038	0.1398252248764038	0.07189534604549408	0.4013262093067169	0.07499125599861145	-0.19604170322418213	0.2586745023727417	0.12463953346014023	-0.08961793035268784	0.29192453622817993	0.03931757062673569	-0.241942897439003	-0.005552931688725948	0.13350416719913483	0.405271053314209	0.43721047043800354	-0.011706849560141563	0.19952590763568878	0.26534897089004517	-0.061255767941474915	0.1534327268600464	-0.18292532861232758	-0.26385000348091125	0.04899642989039421	-0.2802372872829437	0.5387102365493774	0.28842708468437195	-0.21132005751132965	0.2816600203514099	0.3394956588745117	-0.07817928493022919	0.09889815747737885	0.17221860587596893	0.31588003039360046	0.011930403299629688	-0.03906243294477463	-0.6314972043037415	0.36149370670318604	0.42666923999786377	0.2575181722640991	-0.310767263174057	0.0713665559887886	-0.37060996890068054	-0.32891687750816345	0.02323444001376629	0.3940936028957367	0.1445973664522171	0.18630966544151306	-0.09605095535516739	-0.41474348306655884	-0.2682494819164276	0.0718502327799797	0.32081732153892517	0.05480896681547165	0.2153668850660324	-0.3848504424095154	-0.27678242325782776	-0.07452277839183807	-0.36464300751686096	0.04338158294558525	0.18848830461502075	0.02036219649016857	0.003948825411498547	-0.5459550619125366	0.01142875850200653	-0.21466787159442902	0.324288547039032	-0.21967178583145142	-0.01783693954348564	-0.5629503130912781
LH_Vis_8	0.5907990336418152	0.6957782506942749	0.7979099750518799	0.2611731290817261	0.6319919228553772	0.7820292115211487	-0.13200968503952026	1.0	0.6750839948654175	-0.13837756216526031	-0.07377345860004425	-0.43964239954948425	0.18254317343235016	-0.19689977169036865	0.017625313252210617	0.37958234548568726	-0.32346343994140625	0.7741470336914062	-0.25827935338020325	0.22404415905475616	-0.1895127147436142	-0.08522462844848633	-0.23231442272663116	-0.4193277657032013	-0.548870325088501	-0.3984602689743042	-0.5193053483963013	-0.4228420853614807	0.17024992406368256	-0.1735333949327469	-0.5162654519081116	-0.42724454402923584	0.04335302859544754	0.08302100747823715	0.2237456887960434	-0.026519909501075745	-0.047488272190093994	-0.3814173638820648	-0.2077588438987732	-0.29093092679977417	0.01993662305176258	-0.4448675513267517	-0.4642379581928253	-0.18575116991996765	-0.5811773538589478	-0.137058824300766	-0.21806539595127106	-0.2275160849094391	0.691412091255188	0.3297750651836395	0.3424815833568573	0.7099221348762512	0.3930046856403351	0.01684955321252346	0.6801279783248901	0.5689724087715149	0.9258781671524048	0.7115551233291626	-0.18818028271198273	-0.2306637316942215	-0.47817662358283997	0.15847383439540863	0.07014835625886917	-0.3293117880821228	-0.5391274690628052	0.03732024505734444	0.36982759833335876	-0.2997339963912964	-0.050604354590177536	0.7892863154411316	0.009544920176267624	-0.07189550250768661	-0.21343013644218445	-0.1421966403722763	-0.4937432110309601	-0.4314521253108978	-0.015691261738538742	-0.31314948201179504	-0.5673469305038452	-0.37987220287323	-0.15229123830795288	0.03664490580558777	-0.5200739502906799	-0.20041075348854065	-0.30545639991760254	-0.3046543598175049	0.02262059785425663	-0.4944677948951721	0.28618690371513367	0.16915501654148102	-0.210051491856575	-0.3237921893596649	-0.003642800496891141	-0.3315940201282501	-0.4279235899448395	-0.13969922065734863	0.04069407656788826	0.1781597137451172	0.6786578297615051	0.39892148971557617	-0.22579818964004517	-0.1369868665933609	-0.2758547067642212	0.27332594990730286	0.10294755548238754	-0.1927780658006668	0.20596417784690857	-0.2987118363380432	0.41501784324645996	0.2984432578086853	-0.15813784301280975	-0.06574221700429916	-0.4904075860977173	0.5117968320846558	-0.17978942394256592	-0.33264288306236267	-0.5921288728713989	0.033706437796354294	0.09770230203866959	0.07826423645019531	0.27452388405799866	-0.043592311441898346	-0.18269895017147064	0.40654483437538147	-0.25403138995170593	-0.2612970769405365	-0.16733534634113312	0.17010532319545746	0.4576825797557831	-0.2628147304058075	-0.4241427779197693	0.009148748591542244	-0.3585474193096161	-0.6111036539077759	-0.003506534732878208	0.5443862676620483	-0.5836546421051025	-0.594969630241394	-0.10675935447216034	-0.5929585695266724	-0.3989925980567932	-0.02275044098496437	-0.2555316388607025	0.1725216507911682	-0.0939851701259613	-0.10307721048593521	0.16785405576229095	0.24769166111946106	0.559141993522644	-0.3142150640487671	0.1309625804424286	0.10739700496196747	0.4711223244667053	-0.013500543311238289	0.005083407275378704	-0.37991154193878174
LH_Vis_9	0.3984217047691345	0.38384100794792175	0.9017481803894043	-0.3348895311355591	0.2893759310245514	0.7870202660560608	0.08011113852262497	0.6750839948654175	1.0	0.0747336745262146	-0.09492871910333633	-0.2444765418767929	0.1876877397298813	-0.04948904737830162	0.26753848791122437	0.13059435784816742	-0.32249152660369873	0.32895806431770325	-0.36867010593414307	0.31631314754486084	0.2335793375968933	-0.2520509660243988	-0.07757467031478882	-0.24823273718357086	-0.6307767033576965	-0.5203856825828552	-0.4775514602661133	-0.39233043789863586	0.3698236644268036	-0.05435548722743988	-0.24927331507205963	-0.5688002109527588	0.29892846941947937	0.16814863681793213	0.051716309040784836	0.36772656440734863	0.21295073628425598	-0.48194053769111633	-0.07637515664100647	-0.2069205492734909	0.06421592086553574	-0.5474491715431213	-0.5450539588928223	-0.22240383923053741	-0.5186641216278076	-0.26946553587913513	-0.1485162228345871	-0.05411689728498459	0.6622490286827087	0.3784913122653961	0.2898828685283661	0.7681936621665955	0.21530719101428986	-0.48103833198547363	0.694635272026062	0.7845691442489624	0.5934369564056396	0.8876646161079407	-0.07052471488714218	-0.0506543405354023	-0.35512328147888184	0.12422890961170197	0.010536381043493748	-0.12546226382255554	-0.17825892567634583	0.25833094120025635	0.49515852332115173	-0.4980257749557495	-0.0244931448251009	0.3799159824848175	0.33049333095550537	-0.14325135946273804	0.006301307585090399	-0.00696288887411356	-0.19502949714660645	-0.446153849363327	0.24966195225715637	-0.1520935744047165	-0.30059438943862915	-0.41453585028648376	0.18331921100616455	0.3051626682281494	-0.35476672649383545	0.010088181123137474	-0.37418776750564575	0.0021118931472301483	0.3040506839752197	-0.4942176342010498	0.40892910957336426	0.33432552218437195	0.15002457797527313	-0.44244977831840515	-0.03790198266506195	-0.3081437945365906	-0.5430657267570496	-0.19151736795902252	0.008656143210828304	0.29048416018486023	0.5235238671302795	0.38319090008735657	-0.23372940719127655	0.02739919349551201	-0.3176247775554657	0.13018546998500824	0.16345301270484924	-0.2924501597881317	-0.12936680018901825	-0.21769483387470245	0.18888722360134125	0.5126787424087524	-0.2631525993347168	0.09639064967632294	-0.22129754722118378	0.44835126399993896	-0.13837841153144836	-0.22885386645793915	-0.36774134635925293	-0.005282143130898476	0.0023127186577767134	0.03728378936648369	-0.06614160537719727	-0.2870180606842041	-0.1718994826078415	0.3021572530269623	-0.007890881039202213	-0.14568710327148438	0.012143991887569427	0.17811793088912964	0.17384976148605347	-0.14357565343379974	-0.4464664161205292	-0.02508302591741085	-0.19772350788116455	-0.3120143413543701	-0.19465520977973938	0.3036244213581085	-0.24620239436626434	-0.2613370716571808	0.061247847974300385	-0.46761634945869446	-0.28745654225349426	-0.17382192611694336	-0.36746206879615784	-0.04843735322356224	-0.21003077924251556	-0.09727500379085541	0.21394431591033936	0.22195301949977875	0.44200658798217773	-0.5153896808624268	0.22673821449279785	-0.12546424567699432	0.5843356251716614	0.032438863068819046	0.03708706796169281	-0.5175043344497681
LH_SomMot_1	0.07036370784044266	0.03097473829984665	0.09600759297609329	-0.19278939068317413	-0.1533796787261963	0.04877415671944618	0.40453800559043884	-0.13837756216526031	0.0747336745262146	1.0	0.7965952754020691	0.3624154329299927	0.45339342951774597	0.3958439230918884	0.7038977742195129	0.02791682817041874	0.09925179183483124	-0.27998536825180054	-0.2161761075258255	0.19885966181755066	0.2376396507024765	-0.03342019394040108	0.14624090492725372	0.7095614075660706	0.4392751455307007	0.23043504357337952	0.23501163721084595	0.3884272873401642	0.5441150665283203	0.35061466693878174	0.02710721269249916	-0.039358314126729965	-0.062287840992212296	-0.31280016899108887	-0.14628218114376068	0.08466067165136337	0.28411683440208435	-0.0068256133235991	0.40932291746139526	0.5208226442337036	0.12240628898143768	0.2885420322418213	-0.12521448731422424	0.1877707690000534	0.08021856844425201	0.3569563329219818	-0.061477553099393845	-0.2762848138809204	0.16561129689216614	0.12207571417093277	-0.03664061054587364	0.0026346403174102306	0.009734096936881542	-0.026161134243011475	-0.030245522037148476	0.20069798827171326	-0.03642510995268822	0.17493921518325806	0.8735083341598511	0.5874797105789185	0.3273722529411316	0.49463701248168945	0.49338069558143616	0.12083334475755692	0.07263071089982986	0.5457167625427246	0.023020241409540176	-0.10267605632543564	-0.4886457920074463	-0.10608501732349396	-0.003223699051886797	-0.06366636604070663	0.048705507069826126	0.49152103066444397	0.42300307750701904	0.4035840332508087	0.5562165975570679	0.1921217292547226	-0.07975099235773087	-0.016722118481993675	-0.0656394362449646	-0.22433853149414062	-0.15643715858459473	-0.3537227511405945	0.22869277000427246	-0.20260931551456451	0.11322787404060364	0.2512964606285095	0.020353592932224274	0.08054973930120468	-0.2910805940628052	0.13589785993099213	0.28910261392593384	0.2460031658411026	0.0415106862783432	0.17420043051242828	0.24095819890499115	-0.2128886878490448	0.08058540523052216	0.06690924614667892	0.486892968416214	0.37110960483551025	-0.059525080025196075	0.24242372810840607	0.2521955370903015	0.42540472745895386	0.09436280280351639	0.12650591135025024	0.118472158908844	-0.03193450719118118	0.12524589896202087	0.31156614422798157	-0.010505865328013897	0.09632695466279984	0.2769802510738373	0.29686757922172546	0.09286106377840042	0.01144509855657816	0.09331648051738739	0.253031462430954	0.13526585698127747	0.08981924504041672	-0.08768665045499802	0.06866059452295303	0.5813565254211426	0.3805423080921173	-0.24981670081615448	0.2847900986671448	0.16002903878688812	0.08603067696094513	0.3575296401977539	0.3328949213027954	0.5948448181152344	0.23410941660404205	0.4388277530670166	0.05753117799758911	0.11245804280042648	0.5394496917724609	0.32359778881073	0.45329657196998596	0.1853911280632019	0.15778018534183502	0.09660682082176208	0.31837114691734314	0.004190943669527769	0.2676584720611572	0.03475986048579216	0.011277458630502224	-0.12680767476558685	-0.09699233621358871	-0.07321032881736755	-0.2681577801704407	0.04199034348130226	-0.2292650043964386	-0.17132703959941864	-0.1940779685974121
LH_SomMot_2	0.22112396359443665	0.23645317554473877	0.023930924013257027	0.0818113386631012	-0.03365643694996834	0.1339460164308548	0.3977959156036377	-0.07377345860004425	-0.09492871910333633	0.7965952754020691	1.0	0.4737110733985901	0.698398768901825	0.44474872946739197	0.5327301025390625	0.34073325991630554	0.20333781838417053	-0.18300580978393555	0.01963159441947937	-0.003898116061463952	-0.011342378333210945	-0.01633467897772789	0.04182201623916626	0.5387798547744751	0.4536030888557434	0.23803329467773438	0.2039545327425003	0.4837977886199951	0.30395421385765076	0.3367255926132202	-0.04328025132417679	0.07505682855844498	0.05196958780288696	-0.23867182433605194	-0.1415194720029831	-0.020943744108080864	0.31960225105285645	0.029703572392463684	0.4142065942287445	0.3752172887325287	0.3166338801383972	0.21392393112182617	-0.22464361786842346	0.3654617667198181	0.1487981528043747	0.5730831027030945	0.06629807502031326	-0.11384258419275284	0.23383203148841858	0.19090986251831055	0.07726659625768661	0.05976605787873268	0.22922715544700623	0.13156558573246002	0.10054780542850494	0.22357557713985443	0.006943919230252504	0.0995853841304779	0.6866175532341003	0.5782923102378845	0.4112028479576111	0.7407078146934509	0.6630279421806335	0.0234282948076725	-0.06608410179615021	0.33143287897109985	0.031056005507707596	0.12360318750143051	-0.4704801142215729	-0.03007034957408905	-0.321053683757782	-0.00938165932893753	0.029723532497882843	0.4455995261669159	0.29233378171920776	0.37228119373321533	0.3491240441799164	0.31696340441703796	-0.06475026160478592	0.09105972945690155	-0.0017638395074754953	-0.17616605758666992	-0.01656167395412922	-0.3591769337654114	0.2627144753932953	-0.08029962331056595	0.18177226185798645	0.4060753285884857	0.05168189853429794	0.12081883102655411	-0.37759190797805786	0.050775155425071716	0.3429202139377594	0.3490418791770935	0.02091861516237259	0.30773359537124634	0.4707290232181549	-0.08000721037387848	0.18748076260089874	0.2092580795288086	0.43952319025993347	0.4087847173213959	-0.16566316783428192	0.3534386157989502	0.3054114580154419	0.5235291719436646	0.4322432577610016	-0.03614305332303047	0.33093661069869995	-0.020750829949975014	0.41672196984291077	0.16938766837120056	-0.05375796929001808	-0.017088601365685463	0.2727733254432678	0.40458354353904724	-0.17525134980678558	0.11721335351467133	0.4331197738647461	0.3870847225189209	0.3424738645553589	0.33995214104652405	-0.17148487269878387	-0.06890362501144409	0.5588194727897644	0.2842436134815216	-0.13727711141109467	0.30975374579429626	0.34254980087280273	0.13956642150878906	0.5439735651016235	0.44609686732292175	0.6344928741455078	0.08609823137521744	0.6356356739997864	0.14844106137752533	-0.008695813827216625	0.43560537695884705	0.2477881759405136	0.45764344930648804	0.10657136887311935	0.3356431722640991	0.2291320562362671	0.42892947793006897	0.10069416463375092	0.15620839595794678	0.1917421966791153	0.10085862874984741	0.0691177099943161	0.016571935266256332	7.111312879715115e-05	-0.08564067631959915	0.08793746680021286	-0.4560851752758026	-0.3270707130432129	-0.1865849643945694
LH_SomMot_3	-0.230796679854393	-0.1614605337381363	-0.2438841015100479	-0.041561659425497055	-0.37275898456573486	-0.27512601017951965	0.43938326835632324	-0.43964239954948425	-0.2444765418767929	0.3624154329299927	0.4737110733985901	1.0	0.34273868799209595	0.658038854598999	0.1961396485567093	0.22543461620807648	0.7776697874069214	-0.3803316652774811	0.5650179386138916	-0.08181355148553848	0.2886565327644348	0.368521124124527	0.3034808337688446	0.5234606862068176	0.5502530336380005	0.6296982169151306	0.19027738273143768	0.5991951823234558	-0.01560939010232687	0.41351404786109924	0.14742255210876465	0.014944281429052353	0.3642210364341736	0.245543971657753	-0.0176699236035347	0.13974158465862274	0.4360758662223816	-0.2630533277988434	0.249349907040596	0.3095056712627411	0.2861561179161072	0.3340438902378082	-0.013160111382603645	0.3477429747581482	0.3884414732456207	0.27729514241218567	0.10996871441602707	0.17943140864372253	-0.09159422665834427	0.02597861923277378	0.049575913697481155	-0.10194177180528641	0.09042464196681976	-0.10636590421199799	-0.13538961112499237	-0.023279638960957527	-0.3316855728626251	-0.1216466948390007	0.30337274074554443	0.5198319554328918	0.8896385431289673	0.4571663439273834	0.2151661217212677	0.33799123764038086	0.371982216835022	0.017311306670308113	0.09965567290782928	0.5040295124053955	0.23796765506267548	-0.21641641855239868	0.08633597195148468	0.5204096436500549	0.3710981607437134	0.35653263330459595	0.6480428576469421	0.5707817673683167	0.061890002340078354	0.5895212292671204	0.20002156496047974	-0.018929166719317436	0.3367796540260315	0.18642987310886383	0.42418256402015686	0.23687879741191864	0.08325445652008057	0.20311076939105988	0.36083468794822693	0.6623470783233643	0.05591060593724251	0.04243164882063866	0.18994276225566864	-0.07482867687940598	0.35183608531951904	0.5203766226768494	0.2064754068851471	0.23931075632572174	0.14589141309261322	-0.08580335974693298	-0.09971132129430771	-0.020980816334486008	0.6785414218902588	0.46184203028678894	0.3492543399333954	0.15827931463718414	0.5758463144302368	0.3386175334453583	0.38254880905151367	-0.1382998824119568	0.039512429386377335	0.007895763963460922	0.3153171241283417	0.33594441413879395	0.15080666542053223	-0.3617371916770935	0.526932418346405	0.6546198129653931	0.12455356866121292	0.3649017810821533	0.37426549196243286	0.356900155544281	0.2974201440811157	0.3296537399291992	-0.10475048422813416	-0.22055770456790924	0.5556595921516418	0.34452247619628906	-0.013930887915194035	0.33742809295654297	-0.20429185032844543	0.15240362286567688	0.5590959787368774	0.4653061628341675	0.3958195447921753	0.18299682438373566	0.4193308651447296	-0.08423961699008942	0.43383198976516724	0.38849395513534546	0.3558664917945862	0.3494858145713806	0.17861467599868774	0.25630614161491394	0.01773916929960251	-0.015297943726181984	0.11204326897859573	-0.007205805275589228	0.20120856165885925	0.13199473917484283	-0.12387038767337799	-0.16945114731788635	0.0018822860438376665	-0.17256316542625427	0.06311742961406708	-0.5409337878227234	-0.4360572099685669	-0.39093270897865295
