Node	DMN_LABEL_1	Vis_LABEL_2	FP_LABEL_3	Aud_LABEL_4	Tpole_LABEL_5	PMN_LABEL_6	PON_LABEL_7	MTL_LABEL_8	PON_LABEL_9	CO_LABEL_10	Sal_LABEL_11	CO_LABEL_12	SMd_LABEL_13	SMl_LABEL_14	DAN_LABEL_15	DMN_LABEL_16	CO_LABEL_17	DMN_LABEL_18	VAN_LABEL_19	CO_LABEL_20	CO_LABEL_21	Sal_LABEL_22	DAN_LABEL_23	PMN_LABEL_24	DAN_LABEL_25	DMN_LABEL_26	DMN_LABEL_27	DMN_LABEL_28	Vis_LABEL_29	FP_LABEL_30	Aud_LABEL_31	Tpole_LABEL_32	PMN_LABEL_33	PON_LABEL_34	MTL_LABEL_35	CO_LABEL_36	Sal_LABEL_37	CO_LABEL_38	SMd_LABEL_39	SMl_LABEL_40	DAN_LABEL_41	CO_LABEL_42	VAN_LABEL_43	CO_LABEL_44	CO_LABEL_45	Sal_LABEL_46	DAN_LABEL_47	PMN_LABEL_48	DAN_LABEL_49	DMN_LABEL_50	FP_LABEL_51	DMN_LABEL_52	DMN_LABEL_53	PON_LABEL_54	DMN_LABEL_55	Tpole_LABEL_56	Tpole_LABEL_57	Sal_LABEL_58	Sal_LABEL_59	SMd_LABEL_60	DAN_LABEL_61	FP_LABEL_62	DMN_LABEL_63	FP_LABEL_64	FP_LABEL_65	SMd_LABEL_66	SMl_LABEL_67	SMd_LABEL_68	DMN_LABEL_69	DAN_LABEL_70	DMN_LABEL_71	FP_LABEL_72	SMd_LABEL_73	SMl_LABEL_74	MTL_LABEL_75	MTL_LABEL_76	CO_LABEL_77	CO_LABEL_78	Vis_LABEL_79	Vis_LABEL_80
DMN_LABEL_1	1.0	-0.2852233052253723	-0.4709905982017517	-0.019502360373735428	0.24583685398101807	0.4600536525249481	0.6562047600746155	n/a	0.15702761709690094	-0.007769362069666386	0.5010172724723816	-0.1328665018081665	-0.2061345875263214	0.016172023490071297	-0.4049212336540222	0.734445333480835	0.016198061406612396	0.6182529926300049	0.09541989862918854	0.010065026581287384	-0.11334776133298874	0.22111324965953827	-0.30563119053840637	0.3140037953853607	-0.3377893269062042	0.680146336555481	0.3062296509742737	0.7338786721229553	-0.2762581706047058	-0.5465446710586548	0.10798633843660355	0.3691818118095398	0.3528071343898773	0.6855102181434631	n/a	-0.09506109356880188	0.16009832918643951	0.002443636069074273	-0.0691826194524765	0.09022481739521027	-0.3834414780139923	0.07202734053134918	0.2996816337108612	0.19665154814720154	-0.19586293399333954	0.30509117245674133	-0.15677019953727722	0.1115112155675888	-0.5233631730079651	0.30792853236198425	-0.43033698201179504	0.7189085483551025	0.5216172933578491	0.08026426285505295	0.16468310356140137	0.07299266755580902	0.05866055563092232	-0.0018485694890841842	0.07257527858018875	0.15484818816184998	0.1171451210975647	-0.21438540518283844	0.4145824909210205	-0.32775089144706726	-0.3764568567276001	-0.048224952071905136	-0.16548873484134674	-0.29870525002479553	0.04621543362736702	0.018123727291822433	0.3953607976436615	-0.2121513932943344	-0.12466271966695786	-0.172157883644104	0.34578365087509155	0.2075234204530716	-0.10663715749979019	-0.1678762137889862	-0.12471947818994522	0.1349848061800003
Vis_LABEL_2	-0.2852233052253723	1.0	-0.14492304623126984	0.223578542470932	-0.19151733815670013	-0.13625197112560272	0.06335967034101486	n/a	0.24364051222801208	-0.02574927546083927	-0.21126431226730347	0.15022467076778412	0.018633456900715828	0.13306942582130432	-0.016541391611099243	-0.4154365360736847	0.013065509498119354	-0.1755276620388031	-0.19416603446006775	0.1763269007205963	-0.07313672453165054	-0.2712646722793579	-0.2265830636024475	-0.27118784189224243	-0.2718656361103058	-0.35456204414367676	-0.2379419505596161	-0.40033772587776184	0.8552200198173523	0.07726030051708221	0.27833813428878784	-0.17300373315811157	-0.24813790619373322	-0.08083342760801315	n/a	0.034521639347076416	-0.09244664758443832	-0.03804556652903557	0.35644087195396423	0.1010226160287857	0.12348183244466782	0.07893320173025131	-0.3930800259113312	0.05418764799833298	-0.01907709240913391	-0.09688447415828705	-0.020078307017683983	-0.2522474527359009	0.2886575162410736	-0.30674153566360474	-0.007093158084899187	-0.14001153409481049	-0.19588331878185272	0.36244988441467285	-0.28952914476394653	-0.17540399730205536	0.03145758807659149	-0.13911449909210205	-0.20105913281440735	0.11220377683639526	-0.017741631716489792	0.045075882226228714	-0.3902173340320587	-0.1633966565132141	-0.0638226792216301	0.21448276937007904	0.24224889278411865	0.23950202763080597	0.058977093547582626	-0.1323198825120926	-0.44522905349731445	-0.1144397035241127	0.13846811652183533	0.19914519786834717	0.018111811950802803	0.12048499286174774	0.08240323513746262	0.19400431215763092	0.2376708835363388	0.3006609082221985
FP_LABEL_3	-0.4709905982017517	-0.14492304623126984	1.0	-0.3413504958152771	-0.4679142236709595	-0.08417074382305145	-0.5881480574607849	n/a	-0.15502554178237915	0.013446731492877007	-0.10620269179344177	-0.32664039731025696	-0.16792012751102448	0.12510497868061066	0.22135385870933533	-0.1881461888551712	-0.42406031489372253	-0.26012951135635376	0.31179487705230713	-0.3870146572589874	-0.21815736591815948	0.06176024675369263	0.05759396031498909	0.2973656952381134	0.6044196486473083	-0.23813635110855103	0.08345086872577667	-0.42909958958625793	-0.2384282350540161	0.719559371471405	-0.43820255994796753	-0.3451271653175354	0.18130722641944885	-0.5124635696411133	n/a	-0.12253890931606293	0.16177508234977722	-0.15853635966777802	-0.32332223653793335	0.04075835272669792	0.015300862491130829	-0.5015113949775696	-0.28092247247695923	-0.5744730234146118	-0.10710505396127701	0.04239770025014877	-0.18148033320903778	0.3638412654399872	0.43626868724823	0.11631403118371964	0.6861812472343445	-0.3453138768672943	-0.27312368154525757	-0.1844051331281662	0.28083398938179016	0.23216432332992554	0.0005716598825529218	-0.051529645919799805	0.04272649064660072	-0.3142118453979492	-0.562356173992157	0.3771775960922241	0.006682709325104952	0.7215057611465454	0.5547036528587341	-0.1081322506070137	0.1743112951517105	-0.17904210090637207	0.35563087463378906	-0.23047251999378204	-0.05781404674053192	0.604470431804657	-0.1993870735168457	0.033805202692747116	-0.1755211502313614	-0.26326289772987366	-0.18521395325660706	-0.28194913268089294	-0.21261543035507202	-0.1929721087217331
Aud_LABEL_4	-0.019502360373735428	0.223578542470932	-0.3413504958152771	1.0	0.1040286123752594	-0.05367371439933777	0.10517963021993637	n/a	-0.14243099093437195	-0.030049841850996017	-0.07576475292444229	0.025031354278326035	0.14965946972370148	0.1521121859550476	-0.1754898726940155	-0.10609635710716248	0.48803842067718506	-0.02278444916009903	-0.5347201228141785	0.738021731376648	0.38588953018188477	-0.3844134211540222	-0.15727189183235168	-0.19865545630455017	-0.44036293029785156	-0.04166070371866226	-0.2039196640253067	0.013248428702354431	0.256765216588974	-0.19342803955078125	0.8442432880401611	-0.11574234813451767	-0.034202177077531815	0.10552477091550827	n/a	-0.13427524268627167	-0.07806909829378128	-0.2079862356185913	0.4007399380207062	0.1414332091808319	-0.26810306310653687	0.5289003252983093	-0.16497214138507843	0.6770228743553162	0.24533627927303314	-0.27424851059913635	0.026504186913371086	-0.3403123915195465	-0.35436782240867615	-0.10274036973714828	-0.20079582929611206	0.053227219730615616	0.040982455015182495	-0.0141651201993227	-0.1490948647260666	0.02327999472618103	-0.0687946230173111	-0.23768900334835052	-0.2209784984588623	0.31766819953918457	0.306633323431015	-0.0038621595595031977	-0.28009098768234253	-0.23346877098083496	-0.23796257376670837	-0.2501859664916992	-0.1420947164297104	0.06661307066679001	-0.4151081144809723	0.14560960233211517	-0.1591237634420395	-0.43292638659477234	0.11391052603721619	-0.016958056017756462	-0.19112098217010498	0.274613618850708	0.22811396420001984	0.20975258946418762	-0.07131347060203552	-0.20884114503860474
Tpole_LABEL_5	0.24583685398101807	-0.19151733815670013	-0.4679142236709595	0.1040286123752594	1.0	0.08534558862447739	0.18973352015018463	n/a	0.1165534257888794	-0.10561981797218323	0.16604645550251007	0.36333945393562317	0.07983991503715515	0.14746147394180298	-0.38024359941482544	0.19398006796836853	0.1518103927373886	0.11238797754049301	-0.02163943275809288	0.04642144590616226	0.013005662709474564	-0.02998650260269642	-0.10954315215349197	-0.21648621559143066	-0.4003956615924835	0.22040170431137085	0.40912309288978577	0.30495986342430115	-0.07482701539993286	-0.6576325297355652	0.09042532742023468	0.3998773396015167	-0.04834149405360222	0.10913220047950745	n/a	-0.11359618604183197	-0.23213787376880646	0.14864739775657654	0.14828726649284363	0.2460860311985016	-0.2529362738132477	0.15789511799812317	0.44404760003089905	0.3354669213294983	-0.16527800261974335	-0.22905901074409485	-0.12090957909822464	-0.3027585744857788	-0.24847917258739471	-0.10196007788181305	-0.6549935340881348	0.19448457658290863	0.45828869938850403	0.009859505109488964	0.1316976398229599	-0.07475244253873825	-0.08010575920343399	0.2248668223619461	-0.016659896820783615	0.02307455986738205	0.47717857360839844	-0.4787748157978058	0.2898547947406769	-0.5760661959648132	-0.485846608877182	0.08090177923440933	-0.2588897943496704	-0.12520790100097656	-0.19585449993610382	0.11687599122524261	0.4513269066810608	-0.2522570788860321	-0.07172766327857971	-0.22333937883377075	0.024068467319011688	0.47679436206817627	0.12589921057224274	0.1330900341272354	-0.1550312489271164	-0.0664714127779007
PMN_LABEL_6	0.4600536525249481	-0.13625197112560272	-0.08417074382305145	-0.05367371439933777	0.08534558862447739	1.0	0.19568376243114471	n/a	-0.17369060218334198	-0.09827744215726852	0.653384268283844	-0.19511429965496063	-0.05299309268593788	0.0077654640190303326	-0.06725936383008957	0.4806366264820099	0.040731269866228104	0.3120028078556061	0.01855981908738613	-0.014526503160595894	-0.05320171266794205	0.2907510995864868	-0.09257837384939194	0.3789270222187042	-0.2354694902896881	0.22587676346302032	0.14155033230781555	0.20757964253425598	-0.2543953061103821	-0.09411533176898956	-0.03210676833987236	0.267562597990036	0.7677983045578003	0.21589180827140808	n/a	-0.17966683208942413	0.4767506718635559	-0.19206160306930542	-0.17253781855106354	0.024636661633849144	-0.27519655227661133	-0.035844843834638596	0.02663380838930607	0.0019843282643705606	-0.03721733018755913	0.3697243928909302	-0.18359893560409546	0.39591288566589355	-0.37349194288253784	0.3270925283432007	-0.023044096305966377	0.11858264356851578	0.2546016275882721	-0.28057822585105896	0.14519071578979492	0.15878163278102875	0.23264163732528687	0.08109671622514725	0.25811758637428284	0.0031141520012170076	0.08683474361896515	0.04840918257832527	0.16495446860790253	-0.002809941302984953	0.077041395008564	-0.19052132964134216	-0.3071245849132538	-0.2623428404331207	0.08113192766904831	0.012581848539412022	0.16902299225330353	-0.12176144868135452	-0.14424528181552887	-0.24489018321037292	-0.09814509749412537	0.21145349740982056	-0.03023865446448326	-0.11696472764015198	0.0033003315329551697	-0.03291977569460869
PON_LABEL_7	0.6562047600746155	0.06335967034101486	-0.5881480574607849	0.10517963021993637	0.18973352015018463	0.19568376243114471	1.0	n/a	0.475021094083786	-0.13160717487335205	0.30241382122039795	0.03697473183274269	-0.03316747769713402	-0.19213777780532837	-0.3963659107685089	0.44752275943756104	0.15778586268424988	0.5080536603927612	-0.3061850368976593	0.1769188940525055	-0.13400554656982422	0.1007150188088417	-0.32880720496177673	0.049441371113061905	-0.2766605615615845	0.40327101945877075	0.16547703742980957	0.6011862754821777	0.12363734841346741	-0.5625153183937073	0.16449233889579773	0.1567443609237671	0.018565481528639793	0.8690389394760132	n/a	-0.08908332139253616	0.0476752333343029	-0.0251153577119112	0.07162442058324814	-0.1405118852853775	-0.37022465467453003	0.13167373836040497	0.3810078799724579	0.3843802511692047	-0.20053613185882568	0.179586723446846	-0.21326950192451477	-0.0798594206571579	-0.3586449921131134	0.19923964142799377	-0.3987584114074707	0.6476510167121887	0.2664465606212616	0.35170862078666687	0.16425596177577972	-0.14745257794857025	-0.05143751949071884	-0.14880028367042542	-0.12812182307243347	-0.018602250143885612	0.14699320495128632	-0.1428215503692627	0.2700386643409729	-0.5758868455886841	-0.4352514147758484	0.09087023884057999	-0.2943575382232666	-0.07754102349281311	-0.32279396057128906	0.04278535023331642	0.1269609034061432	-0.47793903946876526	0.08444352447986603	-0.0025562450755387545	0.4938369691371918	0.21959540247917175	0.02998807653784752	0.05680336430668831	0.21135610342025757	0.23870307207107544
MTL_LABEL_8	n/a	n/a	n/a	n/a	n/a	n/a	n/a	1.0	n/a	n/a	n/a	n/a	n/a	n/a	n/a	n/a	n/a	n/a	n/a	n/a	n/a	n/a	n/a	n/a	n/a	n/a	n/a	n/a	n/a	n/a	n/a	n/a	n/a	n/a	n/a	n/a	n/a	n/a	n/a	n/a	n/a	n/a	n/a	n/a	n/a	n/a	n/a	n/a	n/a	n/a	n/a	n/a	n/a	n/a	n/a	n/a	n/a	n/a	n/a	n/a	n/a	n/a	n/a	n/a	n/a	n/a	n/a	n/a	n/a	n/a	n/a	n/a	n/a	n/a	n/a	n/a	n/a	n/a	n/a	n/a
PON_LABEL_9	0.15702761709690094	0.24364051222801208	-0.15502554178237915	-0.14243099093437195	0.1165534257888794	-0.17369060218334198	0.475021094083786	n/a	1.0	-0.18427054584026337	0.03078390844166279	-0.0021817386150360107	-0.14435157179832458	0.05170030519366264	-0.49592673778533936	0.027587933465838432	-0.49360620975494385	0.1570073515176773	0.07250002026557922	-0.3293122947216034	-0.5996652245521545	-0.0039413124322891235	-0.2858140468597412	-0.050475481897592545	-0.09114335477352142	0.3135828971862793	0.26049375534057617	0.17054566740989685	0.26280295848846436	-0.22089079022407532	-0.005912411957979202	0.10502120852470398	-0.09665479511022568	0.30177974700927734	n/a	-0.22450299561023712	-0.027582749724388123	1.071542010322446e-05	0.21774370968341827	0.09242495149374008	-0.30866125226020813	-0.45262086391448975	0.15278260409832	-0.24553370475769043	-0.5022263526916504	0.14490343630313873	-0.32637202739715576	-0.1618005633354187	0.1894116997718811	0.12837132811546326	-0.164651021361351	0.4172402322292328	-0.016139009967446327	0.6539255976676941	0.2899947762489319	-0.17126676440238953	-0.1993238776922226	-0.21362337470054626	-0.3769785165786743	0.04924113303422928	-0.23448863625526428	-0.09857404232025146	0.30186575651168823	-0.18243077397346497	-0.07641872763633728	0.20208923518657684	0.2489461898803711	-0.08790205419063568	0.07728690654039383	0.150412917137146	0.055105358362197876	0.1576344519853592	0.007013235241174698	0.043601736426353455	0.4601970613002777	0.08484137058258057	-0.18100471794605255	-0.21471884846687317	0.05887284502387047	0.18178094923496246
CO_LABEL_10	-0.007769362069666386	-0.02574927546083927	0.013446731492877007	-0.030049841850996017	-0.10561981797218323	-0.09827744215726852	-0.13160717487335205	n/a	-0.18427054584026337	1.0	-0.20987606048583984	0.5173349380493164	0.23138506710529327	-0.0976920947432518	0.2490929663181305	-0.30974462628364563	0.2197093367576599	-0.27669256925582886	-0.022053945809602737	0.0312853567302227	0.593987762928009	0.2412232756614685	0.14012235403060913	-0.19022130966186523	-0.0651957243680954	-0.24732761085033417	-0.23204755783081055	-0.3594817519187927	0.026211977005004883	0.05990305915474892	-0.11885087192058563	-0.29791951179504395	-0.09656917303800583	0.03434259071946144	n/a	0.7983782887458801	0.02122248336672783	0.41662004590034485	0.04058617725968361	-0.17712078988552094	0.31350865960121155	0.3002888262271881	-0.29401469230651855	-0.1462051123380661	0.5851345658302307	0.08827786147594452	0.36706599593162537	0.013370596803724766	-0.007086723577231169	-0.4144017994403839	0.20412330329418182	-0.17360347509384155	-0.09366684406995773	-0.042994532734155655	-0.3749068081378937	0.027144137769937515	-0.2898919880390167	0.22621086239814758	0.028988627716898918	0.2614201307296753	-0.10811209678649902	-0.08373870700597763	-0.18202462792396545	0.1855381578207016	0.07903411239385605	0.10885591804981232	-0.031053384765982628	0.40046656131744385	0.16765551269054413	-0.011665431782603264	-0.2072390913963318	0.014497552067041397	0.5018447041511536	0.39805927872657776	-0.1662554144859314	-0.1416512131690979	0.4819858968257904	0.338651180267334	-0.0036144014447927475	-0.019311483949422836
Sal_LABEL_11	0.5010172724723816	-0.21126431226730347	-0.10620269179344177	-0.07576475292444229	0.16604645550251007	0.653384268283844	0.30241382122039795	n/a	0.03078390844166279	-0.20987606048583984	1.0	-0.2277304232120514	-0.2697504460811615	0.09169503301382065	-0.3289964199066162	0.5236296653747559	-0.1818566918373108	0.4411659836769104	0.123158760368824	-0.07975349575281143	-0.2640186548233032	0.3631382882595062	-0.2536155879497528	0.3271310329437256	-0.30515599250793457	0.24195371568202972	0.1774204522371292	0.33657145500183105	-0.2835378348827362	-0.07634998857975006	-0.10524186491966248	0.3231965899467468	0.6624943614006042	0.2685554027557373	n/a	-0.16643960773944855	0.6582889556884766	-0.162084698677063	-0.26103416085243225	0.16671612858772278	-0.4200315773487091	-0.2381470650434494	0.30937016010284424	0.021195121109485626	-0.15875382721424103	0.5623248219490051	-0.29375892877578735	0.24837610125541687	-0.5984549522399902	0.5055148005485535	-0.09591759741306305	0.35197147727012634	0.41861751675605774	-0.27325186133384705	0.24131552875041962	0.2649418115615845	0.16561129689216614	0.10475412011146545	0.31452152132987976	-0.09181435406208038	0.10826908051967621	0.0735921710729599	0.37526559829711914	-0.060196973383426666	0.01737828366458416	-0.14113162457942963	-0.13460570573806763	-0.42242956161499023	-0.09604001045227051	-0.039174579083919525	0.31879448890686035	-0.12204759567975998	-0.3205404281616211	-0.38205358386039734	-0.025609111413359642	0.24171344935894012	0.011503376998007298	-0.2570340931415558	-0.0974518433213234	-0.02307242713868618
CO_LABEL_12	-0.1328665018081665	0.15022467076778412	-0.32664039731025696	0.025031354278326035	0.36333945393562317	-0.19511429965496063	0.03697473183274269	n/a	-0.0021817386150360107	0.5173349380493164	-0.2277304232120514	1.0	0.4005475640296936	-0.09587281942367554	0.09903965890407562	-0.3250899910926819	0.41170626878738403	-0.3298189342021942	-0.16565996408462524	0.19392764568328857	0.5112873315811157	0.0839289054274559	0.09441705048084259	-0.5304022431373596	-0.1745111346244812	-0.4340709447860718	-0.06029554456472397	-0.2602940499782562	0.29913145303726196	-0.3248244524002075	-0.14158093929290771	-0.14691711962223053	-0.31768158078193665	0.09317012131214142	n/a	0.5788224339485168	-0.3283255398273468	0.6903998255729675	0.057777103036642075	-0.11062274873256683	0.2942560017108917	0.4039033353328705	0.0977790430188179	0.17535336315631866	0.4159618318080902	-0.07664565742015839	0.30289286375045776	-0.29254150390625	0.05049435421824455	-0.5372244119644165	-0.2340087741613388	-0.26074013113975525	-0.11892413347959518	0.0841866061091423	-0.2575865387916565	-0.20206835865974426	-0.3061642646789551	0.31566086411476135	-0.03200108930468559	0.16260461509227753	0.23858289420604706	-0.4933154881000519	-0.26817822456359863	-0.3383035659790039	-0.31073570251464844	0.16617919504642487	-0.19942137598991394	0.4311128258705139	-0.15481001138687134	-0.007655479479581118	-0.23731361329555511	-0.22989994287490845	0.45440036058425903	0.15215235948562622	-0.15723086893558502	0.14570969343185425	0.4518289268016815	0.43905454874038696	0.15312297642230988	0.18778014183044434
SMd_LABEL_13	-0.2061345875263214	0.018633456900715828	-0.16792012751102448	0.14965946972370148	0.07983991503715515	-0.05299309268593788	-0.03316747769713402	n/a	-0.14435157179832458	0.23138506710529327	-0.2697504460811615	0.4005475640296936	1.0	-0.28263333439826965	0.26709961891174316	-0.3072729706764221	0.29341891407966614	-0.22631321847438812	-0.10426174104213715	0.18053211271762848	0.3302565813064575	-0.1092154011130333	0.26615482568740845	-0.4033837616443634	-0.18065522611141205	-0.32874590158462524	-0.08603707700967789	-0.27220243215560913	0.08129040151834488	-0.1831955462694168	-0.06150064617395401	-0.19056984782218933	-0.32458680868148804	0.016977714374661446	n/a	0.1581765115261078	-0.15327903628349304	0.12509876489639282	0.2582551836967468	-0.29383453726768494	0.22233255207538605	0.19965195655822754	0.02606912888586521	0.16241790354251862	0.1460048258304596	-0.18894001841545105	0.1180952712893486	-0.06063602864742279	0.12129983305931091	-0.3566928207874298	-0.053666748106479645	-0.23141464591026306	-0.10822279751300812	-0.053534332662820816	-0.1019817367196083	-0.25152578949928284	-0.17621448636054993	-0.05190959945321083	-0.1689756214618683	-0.18638864159584045	-0.01656065322458744	-0.10928871482610703	-0.29507437348365784	-0.08328214287757874	-0.0731951892375946	0.07495222985744476	-0.4214940667152405	0.6361621022224426	-0.13397163152694702	0.05513070523738861	-0.20908524096012115	-0.21267543733119965	0.5631091594696045	0.11379491537809372	-0.1660296618938446	0.15886393189430237	0.24227336049079895	0.1045607402920723	0.24051533639431	-0.024778073653578758
SMl_LABEL_14	0.016172023490071297	0.13306942582130432	0.12510497868061066	0.1521121859550476	0.14746147394180298	0.0077654640190303326	-0.19213777780532837	n/a	0.05170030519366264	-0.0976920947432518	0.09169503301382065	-0.09587281942367554	-0.28263333439826965	1.0	-0.2601816654205322	0.07407120615243912	-0.1582394391298294	0.13933907449245453	0.1180652305483818	0.011101171374320984	-0.17760297656059265	-0.04310479760169983	-0.1953924596309662	-0.08604498207569122	-0.1458103507757187	0.1036655530333519	0.224030539393425	0.0084300572052598	0.09225239604711533	-0.007411171216517687	0.16911356151103973	-0.0580432265996933	0.0747654065489769	-0.2399911731481552	n/a	-0.18363676965236664	-0.0033997439313679934	-0.1014355942606926	0.17583921551704407	0.9371157288551331	-0.1923748403787613	-0.10764317959547043	-0.3210594356060028	-0.05260171741247177	-0.26965999603271484	-0.12781690061092377	-0.18509763479232788	-0.34743499755859375	0.08390238136053085	-0.056863103061914444	-0.03749272599816322	-0.004290978889912367	0.1558103859424591	0.07613053172826767	0.04065091162919998	0.09114386141300201	0.1630958765745163	-0.0969182625412941	-0.17444509267807007	-0.05461485683917999	-0.05219542235136032	-0.1957104206085205	-0.07711140811443329	-0.0165783129632473	-0.17251567542552948	-0.07585345208644867	0.2661840617656708	-0.4023596942424774	0.16835321485996246	-0.22427232563495636	0.05501890555024147	0.11980246752500534	-0.45199233293533325	0.0665709525346756	-0.13621452450752258	0.2546708285808563	-0.08581216633319855	-0.11503463983535767	-0.2775629162788391	-0.0007015018491074443
DAN_LABEL_15	-0.4049212336540222	-0.016541391611099243	0.22135385870933533	-0.1754898726940155	-0.38024359941482544	-0.06725936383008957	-0.3963659107685089	n/a	-0.49592673778533936	0.2490929663181305	-0.3289964199066162	0.09903965890407562	0.26709961891174316	-0.2601816654205322	1.0	-0.42738965153694153	0.35855334997177124	-0.3488121032714844	-0.12800592184066772	0.07650305330753326	0.46017351746559143	0.04567130282521248	0.6916014552116394	-0.13271215558052063	0.4478820562362671	-0.40375542640686035	-0.46303752064704895	-0.4566175937652588	-0.1441202312707901	0.3526313602924347	-0.16674582660198212	-0.22301428020000458	-0.15640848875045776	-0.3141727149486542	n/a	0.2729121446609497	-0.13459829986095428	0.28795745968818665	-0.09731452912092209	-0.34502553939819336	0.7445999383926392	0.2941831350326538	-0.2584271728992462	-0.14399653673171997	0.5226942896842957	0.06317608803510666	0.6326780319213867	0.2096622735261917	0.29741373658180237	-0.3414718508720398	0.33277618885040283	-0.4002283215522766	-0.3019131124019623	-0.30036094784736633	-0.4131210744380951	-0.043915946036577225	0.27262207865715027	0.027035927399992943	0.2066698670387268	-0.06148985028266907	-0.007935740053653717	0.10385939478874207	-0.47796839475631714	0.279154896736145	0.387408584356308	0.08515258878469467	-0.137885183095932	0.4806734621524811	0.06829550117254257	0.10861566662788391	-0.526874840259552	0.09583457559347153	0.25421175360679626	0.08195585757493973	-0.2221900224685669	-0.2726132869720459	-0.02152826450765133	0.13579513132572174	0.1673877239227295	0.054678596556186676
DMN_LABEL_16	0.734445333480835	-0.4154365360736847	-0.1881461888551712	-0.10609635710716248	0.19398006796836853	0.4806366264820099	0.44752275943756104	n/a	0.027587933465838432	-0.30974462628364563	0.5236296653747559	-0.3250899910926819	-0.3072729706764221	0.07407120615243912	-0.42738965153694153	1.0	-0.10660421848297119	0.8117441534996033	0.05481112748384476	-0.12566876411437988	-0.30833426117897034	0.09404471516609192	-0.39530912041664124	0.40117350220680237	-0.25445860624313354	0.6378734707832336	0.5476518273353577	0.8608118295669556	-0.354480117559433	-0.3541240692138672	-0.08337806165218353	0.4078616797924042	0.42500704526901245	0.4206858277320862	n/a	-0.35094746947288513	0.1677895188331604	-0.16245412826538086	-0.24312780797481537	0.13591636717319489	-0.4357758164405823	-0.17717808485031128	0.3339349329471588	0.09410472959280014	-0.4249941110610962	0.15381018817424774	-0.4046652615070343	0.09860535711050034	-0.5173160433769226	0.5714635252952576	-0.32611083984375	0.5346353054046631	0.53192538022995	-0.09383602440357208	0.40003249049186707	0.19092915952205658	0.13103075325489044	0.07603836059570312	0.13783331215381622	-0.19841313362121582	0.08191655576229095	0.027746492996811867	0.4795374870300293	-0.2179354429244995	-0.3224257230758667	-0.3734080493450165	-0.1525043249130249	-0.5829102993011475	0.03676518425345421	-0.1268424689769745	0.537628710269928	-0.13428717851638794	-0.46799108386039734	-0.34641799330711365	0.21064552664756775	0.22339501976966858	-0.16298361122608185	-0.2911674976348877	-0.281343936920166	-0.03607427328824997
CO_LABEL_17	0.016198061406612396	0.013065509498119354	-0.42406031489372253	0.48803842067718506	0.1518103927373886	0.040731269866228104	0.15778586268424988	n/a	-0.49360620975494385	0.2197093367576599	-0.1818566918373108	0.41170626878738403	0.29341891407966614	-0.1582394391298294	0.35855334997177124	-0.10660421848297119	1.0	-0.10120779275894165	-0.48237931728363037	0.7677735090255737	0.8289336562156677	-0.07865328341722488	0.18505336344242096	-0.32400915026664734	-0.10756959766149521	-0.2604288160800934	-0.3372216820716858	0.03383774682879448	0.0886925682425499	-0.3340599536895752	0.41389864683151245	-0.09529874473810196	-0.17620804905891418	0.2340792566537857	n/a	0.24196557700634003	-0.35145875811576843	0.2607276439666748	0.08467944711446762	-0.21601365506649017	0.13533806800842285	0.939727783203125	0.058769676834344864	0.6879472136497498	0.6094133257865906	-0.2516282796859741	0.39180073142051697	-0.27650943398475647	-0.2873084545135498	-0.4082851707935333	-0.26559051871299744	-0.17705081403255463	-0.12489781528711319	-0.2370462715625763	-0.3749423921108246	0.06924387067556381	0.13766852021217346	0.0030390776228159666	0.040191829204559326	0.1331726759672165	0.38060569763183594	-0.22952106595039368	-0.289321631193161	-0.43083512783050537	-0.31834250688552856	-0.13423123955726624	-0.5434331893920898	0.23279601335525513	-0.4175749123096466	0.05514243617653847	-0.2050280123949051	-0.6741522550582886	0.22093239426612854	0.026007436215877533	-0.2587645947933197	0.07112773507833481	0.3017328977584839	0.4974367022514343	0.2146657109260559	0.009884056635200977
DMN_LABEL_18	0.6182529926300049	-0.1755276620388031	-0.26012951135635376	-0.02278444916009903	0.11238797754049301	0.3120028078556061	0.5080536603927612	n/a	0.1570073515176773	-0.27669256925582886	0.4411659836769104	-0.3298189342021942	-0.22631321847438812	0.13933907449245453	-0.3488121032714844	0.8117441534996033	-0.10120779275894165	1.0	-0.08604253083467484	-0.11597194522619247	-0.32939833402633667	-0.07988539338111877	-0.4277728497982025	0.07881779223680496	-0.3606615960597992	0.5817374587059021	0.482515424489975	0.7530755996704102	-0.2270294427871704	-0.36945411562919617	0.0842818170785904	0.4204654395580292	0.2277732491493225	0.35972023010253906	n/a	-0.3291251063346863	0.200731560587883	-0.2298102080821991	0.07420071214437485	0.14731600880622864	-0.3682177662849426	-0.16792288422584534	0.17380373179912567	0.06281008571386337	-0.45536133646965027	0.06873878091573715	-0.41756030917167664	-0.185063436627388	-0.47484090924263	0.505675733089447	-0.3654554784297943	0.6547790169715881	0.5969976782798767	0.10734391212463379	0.3930969536304474	0.11264903098344803	0.2961377501487732	-0.12158218026161194	-0.10704267024993896	-0.20969092845916748	0.11189144104719162	0.07924799621105194	0.3222543001174927	-0.21911180019378662	-0.4335179626941681	-0.25582796335220337	-0.024716870859265327	-0.41640010476112366	-0.008459855802357197	-0.05916832759976387	0.40114694833755493	-0.23789849877357483	-0.34900006651878357	-0.305668443441391	0.3786930441856384	0.2521696984767914	-0.13482952117919922	-0.1840820014476776	-0.2516025900840759	-0.034505002200603485
VAN_LABEL_19	0.09541989862918854	-0.19416603446006775	0.31179487705230713	-0.5347201228141785	-0.02163943275809288	0.01855981908738613	-0.3061850368976593	n/a	0.07250002026557922	-0.022053945809602737	0.123158760368824	-0.16565996408462524	-0.10426174104213715	0.1180652305483818	-0.12800592184066772	0.05481112748384476	-0.48237931728363037	-0.08604253083467484	1.0	-0.4050975441932678	-0.350251168012619	0.15821896493434906	-0.04640607908368111	0.2417975813150406	0.2332240492105484	0.18737593293190002	0.18938785791397095	-0.09237927198410034	-0.17062872648239136	0.09106647968292236	-0.4041801691055298	0.020433945581316948	0.13642698526382446	-0.134538471698761	n/a	-0.13758839666843414	0.06742854416370392	0.007641579024493694	-0.10138346254825592	0.1277078092098236	-0.09516247361898422	-0.4325050115585327	0.009725798852741718	-0.5387176871299744	-0.31905999779701233	0.1367492377758026	-0.22017456591129303	0.2273317575454712	0.2566779851913452	-0.0881308764219284	0.10354544222354889	-0.0005490378825925291	-0.12047942727804184	-0.007517717778682709	0.10425283759832382	0.2526761591434479	0.012362762354314327	0.06631229817867279	0.09336452931165695	-0.06406264752149582	-0.3898295760154724	-0.147221177816391	0.26671934127807617	0.21319441497325897	0.19668492674827576	0.17428569495677948	0.2455660104751587	-0.2477256953716278	0.5194228887557983	-0.24580632150173187	0.2323419451713562	0.3831980228424072	-0.22448354959487915	-0.1900307834148407	-0.0349571667611599	-0.06488938629627228	-0.22684966027736664	-0.32064202427864075	-0.12052059918642044	-0.022843433544039726
CO_LABEL_20	0.010065026581287384	0.1763269007205963	-0.3870146572589874	0.738021731376648	0.04642144590616226	-0.014526503160595894	0.1769188940525055	n/a	-0.3293122947216034	0.0312853567302227	-0.07975349575281143	0.19392764568328857	0.18053211271762848	0.011101171374320984	0.07650305330753326	-0.12566876411437988	0.7677735090255737	-0.11597194522619247	-0.4050975441932678	1.0	0.5612474679946899	-0.26727932691574097	-0.02776052989065647	-0.2897392213344574	-0.22340787947177887	-0.20471885800361633	-0.311381995677948	-0.03205922991037369	0.26072612404823303	-0.1988586038351059	0.6472206115722656	-0.19148918986320496	-0.10838771611452103	0.24701716005802155	n/a	0.07572408020496368	-0.10535118728876114	0.009742755442857742	0.1859874129295349	-0.011063295416533947	-0.03673669323325157	0.7820140719413757	-0.0944291204214096	0.7606858015060425	0.48227351903915405	-0.1820383369922638	0.14895574748516083	-0.34171944856643677	-0.3102758824825287	-0.29810914397239685	-0.11869809031486511	-0.0970582664012909	-0.11591729521751404	-0.1463390737771988	-0.31184494495391846	0.1421048790216446	0.02404218539595604	-0.11899401247501373	-0.009550515562295914	0.14772380888462067	0.28224432468414307	-0.12413512170314789	-0.3677608072757721	-0.41957521438598633	-0.30987510085105896	-0.18884404003620148	-0.360923707485199	0.10057409107685089	-0.4497692584991455	-0.015278251841664314	-0.3000997006893158	-0.6561106443405151	0.12435104697942734	-0.009024260565638542	-0.2649584114551544	0.2277240753173828	0.2688382863998413	0.3391859829425812	0.12550805509090424	-0.11241252720355988
CO_LABEL_21	-0.11334776133298874	-0.07313672453165054	-0.21815736591815948	0.38588953018188477	0.013005662709474564	-0.05320171266794205	-0.13400554656982422	n/a	-0.5996652245521545	0.593987762928009	-0.2640186548233032	0.5112873315811157	0.3302565813064575	-0.17760297656059265	0.46017351746559143	-0.30833426117897034	0.8289336562156677	-0.32939833402633667	-0.350251168012619	0.5612474679946899	1.0	0.0478191114962101	0.26405301690101624	-0.3000842034816742	-0.03525589406490326	-0.36858245730400085	-0.4144440293312073	-0.24471154808998108	0.020194677636027336	-0.10457804799079895	0.27178871631622314	-0.2500019371509552	-0.13211017847061157	0.04431815817952156	n/a	0.5530308485031128	-0.21954090893268585	0.33985480666160583	0.005811477079987526	-0.2516159117221832	0.3077455163002014	0.8252931833267212	-0.12799474596977234	0.44136133790016174	0.8134661912918091	-0.19098828732967377	0.5258196592330933	-0.14138896763324738	-0.21166642010211945	-0.528011679649353	-0.020534181967377663	-0.36083313822746277	-0.19450417160987854	-0.3183484971523285	-0.5195116996765137	0.053179726004600525	0.019303729757666588	0.0657469779253006	0.06547626107931137	0.31303685903549194	0.2807656228542328	-0.18632064759731293	-0.38614511489868164	-0.08110082894563675	-0.06652611494064331	-0.02858038619160652	-0.29342010617256165	0.40009263157844543	-0.18702968955039978	0.04603659361600876	-0.27879276871681213	-0.404995858669281	0.4306856393814087	0.20562849938869476	-0.35069239139556885	-0.09343218058347702	0.3955698013305664	0.5029277205467224	0.14204268157482147	-0.03633520379662514
Sal_LABEL_22	0.22111324965953827	-0.2712646722793579	0.06176024675369263	-0.3844134211540222	-0.02998650260269642	0.2907510995864868	0.1007150188088417	n/a	-0.0039413124322891235	0.2412232756614685	0.3631382882595062	0.0839289054274559	-0.1092154011130333	-0.04310479760169983	0.04567130282521248	0.09404471516609192	-0.07865328341722488	-0.07988539338111877	0.15821896493434906	-0.26727932691574097	0.0478191114962101	1.0	0.16725309193134308	0.24454143643379211	0.1495867371559143	0.020707400515675545	-0.2829264998435974	0.061286263167858124	-0.35558003187179565	0.2448108196258545	-0.43091192841529846	0.03620782494544983	0.3662394881248474	0.1703903079032898	n/a	0.27111268043518066	0.1912284940481186	0.03343643248081207	-0.32632505893707275	-0.0014309737598523498	-0.012280055321753025	-0.06473974138498306	0.18458470702171326	-0.17166593670845032	0.20755340158939362	0.6017653346061707	0.07466733455657959	0.3449217677116394	-0.061777614057064056	0.1161055713891983	0.2849469482898712	-0.030791357159614563	-0.08022933453321457	-0.22259432077407837	-0.09604709595441818	0.0303658414632082	-0.044031836092472076	0.2896829843521118	0.4518299400806427	-0.07338583469390869	-0.14980801939964294	-0.1537255197763443	0.13204540312290192	0.204233780503273	0.26436847448349	0.1825820654630661	-0.12815499305725098	0.01889849454164505	0.1253882497549057	0.06246915087103844	-0.056556690484285355	0.13189533352851868	0.15301620960235596	0.17607615888118744	0.04569647088646889	-0.2690824568271637	0.0727463960647583	-0.020511236041784286	0.17149211466312408	0.032267976552248
DAN_LABEL_23	-0.30563119053840637	-0.2265830636024475	0.05759396031498909	-0.15727189183235168	-0.10954315215349197	-0.09257837384939194	-0.32880720496177673	n/a	-0.2858140468597412	0.14012235403060913	-0.2536155879497528	0.09441705048084259	0.26615482568740845	-0.1953924596309662	0.6916014552116394	-0.39530912041664124	0.18505336344242096	-0.4277728497982025	-0.04640607908368111	-0.02776052989065647	0.26405301690101624	0.16725309193134308	1.0	-0.011832126416265965	0.46412649750709534	-0.1608162224292755	-0.37342944741249084	-0.2933792769908905	-0.32888567447662354	0.14653822779655457	-0.16482160985469818	-0.10883881896734238	-0.19563470780849457	-0.22984226047992706	n/a	0.22123394906520844	-0.22577187418937683	0.3021532893180847	-0.051162734627723694	-0.23193395137786865	0.5569338798522949	0.1703236997127533	-0.06680864840745926	-0.1807909905910492	0.3294861316680908	0.003608869854360819	0.7615267038345337	0.23689648509025574	0.3047274053096771	-0.26367059350013733	0.17895005643367767	-0.29060161113739014	-0.3259739577770233	-0.16992874443531036	-0.35380256175994873	-0.15149812400341034	0.09422426670789719	0.0656764879822731	0.19260941445827484	-0.0547284334897995	0.0602230541408062	-0.03880338370800018	-0.2133524864912033	0.16263128817081451	0.3922012150287628	0.11120922863483429	-0.2693225145339966	0.397551029920578	0.039064060896635056	0.4297311007976532	-0.2638620138168335	0.194972425699234	0.11774586886167526	0.05521848052740097	-0.1751580685377121	-0.2793399393558502	-0.22123228013515472	-0.08863728493452072	0.13836652040481567	-0.009295476600527763
PMN_LABEL_24	0.3140037953853607	-0.27118784189224243	0.2973656952381134	-0.19865545630455017	-0.21648621559143066	0.3789270222187042	0.049441371113061905	n/a	-0.050475481897592545	-0.19022130966186523	0.3271310329437256	-0.5304022431373596	-0.4033837616443634	-0.08604498207569122	-0.13271215558052063	0.40117350220680237	-0.32400915026664734	0.07881779223680496	0.2417975813150406	-0.2897392213344574	-0.3000842034816742	0.24454143643379211	-0.011832126416265965	1.0	0.21106985211372375	0.34696802496910095	0.043812092393636703	0.25691190361976624	-0.3438393175601959	0.18861618638038635	-0.23249249160289764	-0.007066016551107168	0.49730658531188965	0.19598175585269928	n/a	-0.30552783608436584	0.19325682520866394	-0.2566240727901459	-0.3411138355731964	-0.07074329257011414	-0.2923028767108917	-0.37130075693130493	0.09591733664274216	-0.1827675849199295	-0.20658369362354279	0.23002739250659943	-0.1471206694841385	0.7352988123893738	-0.1376960128545761	0.45855316519737244	0.18699213862419128	0.2160644680261612	0.05645762383937836	-0.11347010731697083	0.08913513273000717	0.08786657452583313	-0.055439937859773636	0.04919175058603287	0.27587783336639404	-0.06518954038619995	-0.11057370901107788	0.33563336730003357	0.41333532333374023	0.2997250258922577	0.3736610412597656	-0.1471000760793686	-0.07409462332725525	-0.37685996294021606	0.17592594027519226	0.030592331662774086	0.2980903089046478	0.38711899518966675	-0.38358810544013977	-0.019056469202041626	-0.0640205517411232	-0.10900583118200302	-0.2698039412498474	-0.38358646631240845	-0.1745893508195877	-0.09719090163707733
DAN_LABEL_25	-0.3377893269062042	-0.2718656361103058	0.6044196486473083	-0.44036293029785156	-0.4003956615924835	-0.2354694902896881	-0.2766605615615845	n/a	-0.09114335477352142	-0.0651957243680954	-0.30515599250793457	-0.1745111346244812	-0.18065522611141205	-0.1458103507757187	0.4478820562362671	-0.25445860624313354	-0.10756959766149521	-0.3606615960597992	0.2332240492105484	-0.22340787947177887	-0.03525589406490326	0.1495867371559143	0.46412649750709534	0.21106985211372375	1.0	-0.11127934604883194	-0.11304468661546707	-0.25793588161468506	-0.29852139949798584	0.4194262623786926	-0.37895339727401733	-0.32636433839797974	-0.0804559662938118	-0.21801604330539703	n/a	-0.011791389435529709	-0.17742620408535004	0.13543391227722168	-0.33496174216270447	-0.17640960216522217	0.2512422204017639	-0.14330272376537323	-0.04295344278216362	-0.3676038384437561	0.06611212342977524	-0.023053575307130814	0.26633554697036743	0.27881669998168945	0.5376871824264526	-0.18217577040195465	0.4865007698535919	-0.293705016374588	-0.5073162913322449	-0.10995844006538391	-0.0017251679673790932	0.08912669122219086	0.027459360659122467	-0.09239684790372849	0.09934193640947342	-0.1461208462715149	-0.328671932220459	0.0583864226937294	-0.0021848164033144712	0.3459116816520691	0.47166919708251953	0.11497156322002411	0.05640203133225441	-0.04580306261777878	0.16994544863700867	-0.08881865441799164	-0.13334335386753082	0.3301137089729309	-0.12523852288722992	-0.012294809333980083	0.005330276675522327	-0.37741321325302124	-0.36441901326179504	-0.13017091155052185	0.03436024487018585	-0.020506560802459717
