Node	DMN_LABEL_1	Vis_LABEL_2	FP_LABEL_3	Aud_LABEL_4	Tpole_LABEL_5	PMN_LABEL_6	PON_LABEL_7	MTL_LABEL_8	PON_LABEL_9	CO_LABEL_10	Sal_LABEL_11	CO_LABEL_12	SMd_LABEL_13	SMl_LABEL_14	DAN_LABEL_15	DMN_LABEL_16	CO_LABEL_17	DMN_LABEL_18	VAN_LABEL_19	CO_LABEL_20	CO_LABEL_21	Sal_LABEL_22	DAN_LABEL_23	PMN_LABEL_24	DAN_LABEL_25	DMN_LABEL_26	DMN_LABEL_27	DMN_LABEL_28	Vis_LABEL_29	FP_LABEL_30	Aud_LABEL_31	Tpole_LABEL_32	PMN_LABEL_33	PON_LABEL_34	MTL_LABEL_35	CO_LABEL_36	Sal_LABEL_37	CO_LABEL_38	SMd_LABEL_39	SMl_LABEL_40	DAN_LABEL_41	CO_LABEL_42	VAN_LABEL_43	CO_LABEL_44	CO_LABEL_45	Sal_LABEL_46	DAN_LABEL_47	PMN_LABEL_48	DAN_LABEL_49	DMN_LABEL_50	FP_LABEL_51	DMN_LABEL_52	DMN_LABEL_53	PON_LABEL_54	DMN_LABEL_55	Tpole_LABEL_56	Tpole_LABEL_57	Sal_LABEL_58	Sal_LABEL_59	SMd_LABEL_60	DAN_LABEL_61	FP_LABEL_62	DMN_LABEL_63	FP_LABEL_64	FP_LABEL_65	SMd_LABEL_66	SMl_LABEL_67	SMd_LABEL_68	DMN_LABEL_69	DAN_LABEL_70	DMN_LABEL_71	FP_LABEL_72	SMd_LABEL_73	SMl_LABEL_74	MTL_LABEL_75	MTL_LABEL_76	CO_LABEL_77	CO_LABEL_78	Vis_LABEL_79	Vis_LABEL_80
DMN_LABEL_1	1.0	-0.13050810992717743	-0.3939339816570282	-0.2736133337020874	0.516859233379364	0.3471594750881195	0.480797678232193	n/a	0.177361398935318	-0.4772225618362427	-0.07745102047920227	-0.2285214364528656	-0.227065771818161	-0.10276312381029129	-0.12801215052604675	0.4366428256034851	-0.28551185131073	0.4454725384712219	0.10585637390613556	-0.22176818549633026	-0.3974355161190033	0.33738473057746887	-0.3082905411720276	0.42306679487228394	-0.384546160697937	0.7812906503677368	0.7168219685554504	0.3240601420402527	-0.08163989335298538	-0.21165096759796143	-0.24642939865589142	0.514306902885437	0.19967816770076752	0.4393967092037201	n/a	-0.5380954742431641	0.22478757798671722	-0.2750498950481415	0.012507887557148933	-0.17977899312973022	-0.29777273535728455	-0.29204124212265015	0.013276103883981705	-0.11134582757949829	-0.34070926904678345	0.2024725377559662	-0.2846067249774933	0.5347033739089966	-0.34612295031547546	0.5375413298606873	-0.3804433345794678	0.3647993803024292	0.6757572293281555	0.19604220986366272	0.5954446196556091	-0.3034674823284149	0.2806287109851837	-0.06040525436401367	-0.19002650678157806	-0.005685637705028057	-0.29118597507476807	0.1944994032382965	0.48566368222236633	-0.3276139795780182	-0.11355625092983246	0.13624584674835205	-0.19501613080501556	-0.13846969604492188	0.394172728061676	-0.3418641686439514	0.18267428874969482	0.15787377953529358	0.12380664795637131	-0.1455126702785492	0.3373672366142273	-0.01445744652301073	-0.1847487837076187	-0.35425710678100586	-0.05365389958024025	-0.1012912392616272
Vis_LABEL_2	-0.13050810992717743	1.0	-0.35516268014907837	-0.3239559233188629	0.10826783627271652	0.29852983355522156	-0.3067815899848938	n/a	0.16078083217144012	-0.33250853419303894	-0.26233404874801636	-0.2536681592464447	0.1804974526166916	0.3202013075351715	0.12481468170881271	-0.3872462213039398	-0.544126033782959	-0.4335247874259949	0.117335245013237	-0.03693348169326782	-0.5555446147918701	-0.003740777028724551	0.4465702474117279	0.27959105372428894	0.10776188224554062	-0.0496789775788784	-0.36794760823249817	-0.5194020867347717	0.9743287563323975	-0.295599102973938	-0.4928073287010193	0.13836362957954407	0.012165091000497341	0.0400334857404232	n/a	-0.16888797283172607	-0.4564208686351776	-0.533720850944519	-0.31283023953437805	0.30685871839523315	0.3173297047615051	-0.6113094091415405	0.0507291704416275	-0.4140903651714325	-0.5610886812210083	-0.2831634283065796	0.6529006361961365	-0.16081643104553223	0.36590269207954407	-0.3259814977645874	0.23964333534240723	-0.04347926378250122	-0.4481206238269806	0.4327000677585602	-0.5445285439491272	0.40009215474128723	-0.02886081300675869	-0.40569236874580383	-0.469163715839386	-0.12058476358652115	-0.05135009065270424	-0.4374251663684845	-0.37839752435684204	-0.1565338671207428	-0.3045355975627899	-0.2677530348300934	0.4002622067928314	-0.1569543331861496	0.11084999144077301	0.14390058815479279	-0.3371979296207428	-0.054038096219301224	0.11208387464284897	0.2937830984592438	-0.2223684936761856	-0.17361141741275787	-0.2789669334888458	-0.3575306832790375	0.48528310656547546	0.5093103647232056
FP_LABEL_3	-0.3939339816570282	-0.35516268014907837	1.0	-0.027163418009877205	-0.6004313826560974	-0.26166394352912903	-0.2710611820220947	n/a	-0.43867263197898865	0.06799247115850449	0.17054663598537445	0.22818060219287872	-0.30088019371032715	-0.45975252985954285	-0.4454796016216278	0.506552517414093	0.136805459856987	0.4364974796772003	-0.11848168075084686	-0.1602231115102768	0.36763739585876465	-0.2696376442909241	-0.3969056308269501	-0.10091540217399597	-0.28570863604545593	-0.45169249176979065	-0.13984385132789612	0.5332891345024109	-0.4288631081581116	0.8054737448692322	0.031246047466993332	-0.4933393895626068	0.008708941750228405	-0.45396485924720764	n/a	0.20724435150623322	0.2634499967098236	0.160338893532753	-0.24811023473739624	-0.32683128118515015	-0.3858168423175812	0.25673577189445496	-0.3786516785621643	0.11993682384490967	0.281620591878891	0.13081780076026917	-0.454675555229187	-0.16561591625213623	-0.4414603114128113	0.25619813799858093	0.03109665960073471	-0.49999070167541504	0.058927472680807114	-0.5419742465019226	-0.005105647258460522	0.015173873864114285	-0.3038954436779022	0.14178965985774994	0.4487418532371521	-0.21254833042621613	-0.05279415100812912	0.3683397173881531	-0.019461432471871376	0.4223768413066864	0.24831809103488922	-0.2258356511592865	-0.35652270913124084	-0.06869281083345413	-0.5323553681373596	-0.087101049721241	0.48192113637924194	0.44247257709503174	-0.28668493032455444	-0.3963758647441864	-0.23644620180130005	0.05657050758600235	0.4052986800670624	0.2813205122947693	-0.5359541773796082	-0.2435600459575653
Aud_LABEL_4	-0.2736133337020874	-0.3239559233188629	-0.027163418009877205	1.0	0.14607544243335724	-0.6087066531181335	0.16129547357559204	n/a	0.10505647212266922	0.574169397354126	0.21522663533687592	-0.14607639610767365	-0.02816666103899479	0.31908735632896423	-0.1471819281578064	-0.30304446816444397	0.6099720597267151	-0.19190913438796997	-0.05983220413327217	0.5570304989814758	0.48282045125961304	0.051190175116062164	-0.1406778246164322	-0.6404734253883362	0.1783251315355301	-0.1052381694316864	-0.14058327674865723	-0.20001479983329773	-0.31535279750823975	-0.17284923791885376	0.90875244140625	0.0007672525243833661	-0.5621750354766846	0.033515505492687225	n/a	0.2564734220504761	0.20384494960308075	0.3883948028087616	0.07710149884223938	0.3773459196090698	-0.06742154806852341	0.4801078140735626	0.5514886975288391	0.650813639163971	0.6701745390892029	0.05098985508084297	-0.14034593105316162	-0.37276479601860046	0.1701081097126007	-0.15699148178100586	0.12227034568786621	0.23268628120422363	-0.023225056007504463	0.11968442797660828	0.027764275670051575	-0.05904227867722511	0.07415427267551422	0.4000051021575928	0.41671353578567505	0.28069108724594116	0.4306410849094391	0.002270362339913845	-0.29842838644981384	0.11984319239854813	0.232239231467247	0.04645654931664467	0.24572208523750305	0.48596444725990295	-0.0406099297106266	0.19503894448280334	-0.40388941764831543	-0.43173128366470337	-0.1745186746120453	0.15573111176490784	0.09134405106306076	0.28873592615127563	0.1014426201581955	0.3284442126750946	0.14030081033706665	-0.09757617115974426
Tpole_LABEL_5	0.516859233379364	0.10826783627271652	-0.6004313826560974	0.14607544243335724	1.0	0.1370987445116043	0.10856711864471436	n/a	0.2366849184036255	-0.021397734060883522	-0.10060250759124756	-0.21101219952106476	0.1187148243188858	0.3682265877723694	0.1236109733581543	-0.08019132912158966	-0.057695966213941574	0.09463910758495331	0.12402142584323883	0.1244511529803276	-0.2757001519203186	0.24550308287143707	0.053459033370018005	0.027432329952716827	0.10632950067520142	0.5911651849746704	0.39149725437164307	-0.08567814528942108	0.124834805727005	-0.5439260601997375	0.03489701449871063	0.445352166891098	-0.0053718010894954205	0.0035016764886677265	n/a	-0.20974543690681458	-0.09479478746652603	-0.1667502075433731	0.03639189526438713	0.31220874190330505	0.11959407478570938	-0.07223862409591675	0.2925470769405365	-0.005516448058187962	-0.18605376780033112	-0.16177046298980713	0.05823210999369621	0.0511050708591938	0.20525620877742767	0.02147703245282173	-0.25986501574516296	0.490078866481781	0.2083527147769928	0.2705675959587097	0.16670408844947815	-0.09217432886362076	0.24598588049411774	-0.05308442562818527	-0.3561588525772095	0.22512122988700867	-0.05748414993286133	0.14727002382278442	0.10917197912931442	-0.3709511458873749	-0.032359667122364044	0.06592529267072678	0.23307611048221588	0.34762975573539734	0.5477719902992249	-0.13864780962467194	-0.05659583583474159	0.00757485069334507	0.1892787516117096	0.24420203268527985	0.11336607486009598	-0.08180441707372665	-0.3895564675331116	-0.2838212847709656	0.24456119537353516	-0.02275131084024906
PMN_LABEL_6	0.3471594750881195	0.29852983355522156	-0.26166394352912903	-0.6087066531181335	0.1370987445116043	1.0	-0.09287861734628677	n/a	0.1658172458410263	-0.3535436987876892	-0.012239926494657993	0.2295897752046585	0.19730311632156372	-0.07948299497365952	0.08967523276805878	0.06740712374448776	-0.38413989543914795	0.013335119932889938	0.16038765013217926	-0.5087252855300903	-0.5278345346450806	0.15150028467178345	0.34532973170280457	0.8252536654472351	-0.050502847880125046	0.17679783701896667	0.05336368456482887	-0.11812233179807663	0.3189723789691925	-0.17046970129013062	-0.507901668548584	0.046789418905973434	0.7937623858451843	0.09864670783281326	n/a	-0.19141550362110138	-0.039846137166023254	-0.29361727833747864	0.09470212459564209	-0.14772528409957886	0.26088422536849976	-0.3834979832172394	-0.30210816860198975	-0.5480669736862183	-0.6532201170921326	-0.11971967667341232	0.3318558633327484	0.4848180115222931	0.06950993090867996	-0.0493709035217762	-0.41996875405311584	-0.19742977619171143	0.02836412936449051	0.05393718555569649	-0.07639794051647186	-0.15241564810276031	-0.029352135956287384	-0.1634196937084198	-0.48139557242393494	0.07038179785013199	-0.07642682641744614	-0.12459184229373932	0.15337605774402618	-0.26049870252609253	-0.4475298821926117	0.08570107817649841	-0.014660058543086052	-0.12172655761241913	0.1225062683224678	0.03692188486456871	0.20220373570919037	0.22839221358299255	0.42040207982063293	0.12788736820220947	0.20051035284996033	-0.18702611327171326	-0.19778239727020264	-0.40015357732772827	-0.13606716692447662	0.03184027597308159
PON_LABEL_7	0.480797678232193	-0.3067815899848938	-0.2710611820220947	0.16129547357559204	0.10856711864471436	-0.09287861734628677	1.0	n/a	0.1411542147397995	-0.017917228862643242	0.25525757670402527	-0.19435471296310425	-0.3044217526912689	0.060858141630887985	-0.12064100801944733	0.2340686321258545	0.06935390830039978	0.09953329712152481	-0.2507132291793823	-0.046209946274757385	0.1227526068687439	0.3075007200241089	-0.37550005316734314	0.111568383872509	-0.19576393067836761	0.5896678566932678	0.5186511278152466	0.06452431529760361	-0.2857740521430969	-0.05170256644487381	0.22875197231769562	0.35135719180107117	0.02776445262134075	0.8036635518074036	n/a	-0.37831321358680725	0.4605095386505127	0.04599275812506676	0.18430723249912262	-0.01958448626101017	-0.21520531177520752	0.019199313595891	0.04379981383681297	0.20681802928447723	0.04496600478887558	0.49957823753356934	-0.28271377086639404	0.48450639843940735	-0.18138337135314941	0.36831939220428467	-0.16305407881736755	0.08852750808000565	0.5368592143058777	0.06949348747730255	0.6966150403022766	-0.26730430126190186	0.5313650369644165	0.14689506590366364	0.09476617723703384	0.19542734324932098	-0.3239053189754486	0.18143132328987122	0.37557944655418396	-0.20462211966514587	0.09915641695261002	0.49322086572647095	-0.04448549076914787	-0.06927436590194702	-0.04623051732778549	-0.3473776578903198	-0.31661444902420044	-0.27708178758621216	-0.06281140446662903	-0.1372387707233429	0.4006829559803009	0.22596855461597443	0.35459741950035095	0.1298118531703949	0.20314034819602966	0.13234686851501465
MTL_LABEL_8	n/a	n/a	n/a	n/a	n/a	n/a	n/a	1.0	n/a	n/a	n/a	n/a	n/a	n/a	n/a	n/a	n/a	n/a	n/a	n/a	n/a	n/a	n/a	n/a	n/a	n/a	n/a	n/a	n/a	n/a	n/a	n/a	n/a	n/a	n/a	n/a	n/a	n/a	n/a	n/a	n/a	n/a	n/a	n/a	n/a	n/a	n/a	n/a	n/a	n/a	n/a	n/a	n/a	n/a	n/a	n/a	n/a	n/a	n/a	n/a	n/a	n/a	n/a	n/a	n/a	n/a	n/a	n/a	n/a	n/a	n/a	n/a	n/a	n/a	n/a	n/a	n/a	n/a	n/a	n/a
PON_LABEL_9	0.177361398935318	0.16078083217144012	-0.43867263197898865	0.10505647212266922	0.2366849184036255	0.1658172458410263	0.1411542147397995	n/a	1.0	-0.11256581544876099	-0.16337288916110992	-0.03648751974105835	-0.0056504784151911736	0.007566681131720543	0.2776965796947479	-0.23467060923576355	-0.021982641890645027	-0.23234659433364868	-0.22532662749290466	0.056084126234054565	-0.38081011176109314	0.02858074940741062	0.40384238958358765	-0.08761909604072571	0.26728546619415283	0.2265578657388687	0.11628814041614532	-0.24134290218353271	0.21647469699382782	-0.3499935567378998	0.04405917972326279	0.07995425164699554	-0.09592608362436295	0.3391598165035248	n/a	-0.15138649940490723	-0.27758413553237915	-0.05114486441016197	-0.21589429676532745	-0.06368989497423172	0.12154413759708405	-0.02688836306333542	0.02854195423424244	-0.24442243576049805	-0.25094276666641235	-0.20232315361499786	0.5011885166168213	-0.10302659869194031	0.5217106938362122	-0.2237459123134613	0.063116654753685	0.2727254033088684	0.042402319610118866	0.6102979183197021	-0.08838304877281189	-0.15310317277908325	-0.16030900180339813	-0.20961391925811768	-0.3443467617034912	-0.2572489082813263	0.4633152186870575	-0.2998734414577484	-0.09823192656040192	0.07501222938299179	-0.3962169587612152	-0.3571580648422241	0.0036785758566111326	0.10450662672519684	0.22498933970928192	0.5638298988342285	-0.24493874609470367	-0.17160560190677643	0.1334293633699417	-0.11362702399492264	-0.037619516253471375	-0.07900017499923706	-0.3810967206954956	-0.4396122395992279	0.341964453458786	0.04076359048485756
CO_LABEL_10	-0.4772225618362427	-0.33250853419303894	0.06799247115850449	0.574169397354126	-0.021397734060883522	-0.3535436987876892	-0.017917228862643242	n/a	-0.11256581544876099	1.0	0.16820886731147766	0.4853508472442627	0.36860525608062744	0.3396245241165161	0.2278861701488495	-0.31572115421295166	0.8044517040252686	-0.274100124835968	-0.004808563273400068	0.3593687415122986	0.7420733571052551	0.008302634581923485	0.15595689415931702	-0.466348260641098	0.4561098515987396	-0.44515809416770935	-0.23562513291835785	-0.26148003339767456	-0.369047075510025	-0.1224292665719986	0.669020414352417	-0.3835015892982483	-0.24201099574565887	-0.2547009289264679	n/a	0.7303873896598816	-0.010570979677140713	0.7735243439674377	0.5249360799789429	0.38602781295776367	0.33409273624420166	0.6956753730773926	0.07915319502353668	0.40545791387557983	0.6340415477752686	-0.07207650691270828	0.056617408990859985	-0.23040281236171722	0.21835491061210632	-0.26028749346733093	-0.038407184183597565	-0.046242423355579376	-0.3970564603805542	-0.35924267768859863	-0.171107217669487	-0.10610238462686539	-0.07595230638980865	0.16901804506778717	0.16933777928352356	0.39547598361968994	0.2528635263442993	0.04616387188434601	-0.2575300633907318	0.08610113710165024	0.20317891240119934	0.3559783101081848	0.24602216482162476	0.4123259484767914	-0.07320725917816162	0.2422749549150467	-0.19160409271717072	-0.3438725769519806	0.1094852164387703	0.354900598526001	-0.10190039873123169	-0.0267032478004694	0.3918955624103546	0.5360689759254456	-0.12195011228322983	-0.20431987941265106
Sal_LABEL_11	-0.07745102047920227	-0.26233404874801636	0.17054663598537445	0.21522663533687592	-0.10060250759124756	-0.012239926494657993	0.25525757670402527	n/a	-0.16337288916110992	0.16820886731147766	1.0	0.08731170743703842	-0.3147558867931366	0.11626629531383514	-0.3128076195716858	0.30341166257858276	0.2930056154727936	0.28770846128463745	0.16912120580673218	0.02632674016058445	0.20347106456756592	0.5430148839950562	-0.25275719165802	0.06530841439962387	-0.2975127696990967	0.0038981097750365734	0.11965331435203552	-0.0360000804066658	-0.3478790819644928	0.15593741834163666	0.27179640531539917	-0.2704049348831177	0.13760443031787872	0.10578112304210663	n/a	-0.15246044099330902	0.8061903119087219	0.059182122349739075	0.12506569921970367	0.06190070882439613	-0.20393435657024384	0.35881173610687256	0.10924996435642242	0.00269992183893919	0.07869695872068405	0.624613344669342	-0.21136023104190826	-0.05376560613512993	-0.12529954314231873	0.27068114280700684	-0.38848090171813965	-0.6420778036117554	0.2488473802804947	-0.2585926353931427	0.12296818196773529	-0.1126134917140007	0.2020752727985382	0.6113013625144958	0.3424859344959259	0.09024789184331894	-0.11704538017511368	0.013841718435287476	-0.09704305976629257	-0.27133339643478394	-0.12693771719932556	0.24188372492790222	-0.06750506907701492	0.15849395096302032	-0.03176877275109291	-0.020692480728030205	-0.06044109910726547	0.06043267622590065	0.02070053666830063	0.030368300154805183	0.384455144405365	0.20588093996047974	0.44026318192481995	0.1526281237602234	-0.05390312150120735	-0.17753583192825317
CO_LABEL_12	-0.2285214364528656	-0.2536681592464447	0.22818060219287872	-0.14607639610767365	-0.21101219952106476	0.2295897752046585	-0.19435471296310425	n/a	-0.03648751974105835	0.4853508472442627	0.08731170743703842	1.0	0.421136736869812	-0.23460988700389862	0.30624356865882874	0.11211282014846802	0.3815802037715912	0.08358614146709442	0.0093642333522439	-0.19595912098884583	0.19115053117275238	-0.042234089225530624	0.35946860909461975	0.051642995327711105	0.23247824609279633	-0.2977564334869385	0.03658989444375038	0.022165626287460327	-0.27976101636886597	-0.03461149334907532	-0.021585427224636078	-0.5832962393760681	0.36427974700927734	-0.22348779439926147	n/a	0.3924354016780853	-0.14031891524791718	0.47658950090408325	0.22686448693275452	-0.25829046964645386	0.1783352792263031	0.3432717025279999	-0.4746857285499573	-0.3154001832008362	-0.07982709258794785	-0.08924514055252075	0.07959669083356857	0.09298697859048843	-0.04298985004425049	-0.13549894094467163	-0.3912613093852997	-0.24274535477161407	-0.20157873630523682	-0.5356463193893433	-0.15550923347473145	0.024859629571437836	-0.22788389027118683	0.023856159299612045	-0.13735422492027283	0.12241199612617493	0.10399091988801956	0.008854048326611519	0.1176765114068985	0.10696686804294586	-0.19431039690971375	0.06667796522378922	-0.08759261667728424	0.19929850101470947	-0.10782871395349503	0.404998779296875	0.42537209391593933	0.09917278587818146	0.40478384494781494	-0.005585371982306242	-0.22921065986156464	-0.29207393527030945	0.23636163771152496	-0.001697059371508658	-0.5358395576477051	-0.29126647114753723
SMd_LABEL_13	-0.227065771818161	0.1804974526166916	-0.30088019371032715	-0.02816666103899479	0.1187148243188858	0.19730311632156372	-0.3044217526912689	n/a	-0.0056504784151911736	0.36860525608062744	-0.3147558867931366	0.421136736869812	1.0	0.28509721159935	0.6253477334976196	-0.5137087106704712	0.1494666486978531	-0.45650514960289	0.3142409920692444	0.02289673313498497	0.12427635490894318	-0.16466999053955078	0.5440347790718079	-0.13023608922958374	0.6843652129173279	-0.23017366230487823	-0.27930206060409546	-0.409599244594574	0.26559945940971375	-0.40386098623275757	-0.009039965458214283	-0.15837213397026062	0.049797724932432175	-0.16627226769924164	n/a	0.5209141969680786	-0.5277040004730225	0.2350035011768341	0.33958715200424194	0.2611374855041504	0.6400446891784668	-0.08383700996637344	-0.04907634109258652	-0.21585851907730103	-0.025186147540807724	-0.4619831442832947	0.4431084990501404	-0.06293494254350662	0.42668575048446655	-0.5702322125434875	0.052148301154375076	0.20240257680416107	-0.601743221282959	-0.0828028991818428	-0.32468223571777344	0.12355677038431168	-0.20677758753299713	-0.17529630661010742	-0.2468818575143814	0.2971389889717102	0.183914914727211	-0.2553348243236542	-0.18449875712394714	0.06619330495595932	-0.015279941260814667	0.1345939040184021	0.35073626041412354	0.21511101722717285	0.0824064239859581	0.30686089396476746	-0.04164700582623482	-0.2842213213443756	0.7150423526763916	0.6524720788002014	-0.09526773542165756	-0.2692749500274658	-0.017707647755742073	0.08824712783098221	-0.05809863284230232	0.12215813994407654
SMl_LABEL_14	-0.10276312381029129	0.3202013075351715	-0.45975252985954285	0.31908735632896423	0.3682265877723694	-0.07948299497365952	0.060858141630887985	n/a	0.007566681131720543	0.3396245241165161	0.11626629531383514	-0.23460988700389862	0.28509721159935	1.0	0.146540105342865	-0.411418080329895	0.15324316918849945	-0.4455627501010895	0.4006044864654541	0.3137548863887787	0.14960001409053802	0.46382492780685425	0.25554150342941284	-0.10082904249429703	0.28422942757606506	-0.08222369104623795	-0.3061979413032532	-0.599647045135498	0.2637447118759155	-0.36474165320396423	0.3215332627296448	0.28101658821105957	-0.1648697406053543	0.1040821522474289	n/a	0.11340568214654922	0.034552011638879776	-0.08537735790014267	0.32841190695762634	0.9518640637397766	0.4060477614402771	-0.08533702045679092	0.4385705888271332	0.21125780045986176	0.11920908838510513	0.14026141166687012	0.3856981098651886	-0.008735000155866146	0.42313170433044434	-0.09963634610176086	0.25520917773246765	0.09927854686975479	-0.2969494163990021	0.26888519525527954	-0.17412498593330383	0.05588081106543541	0.30383050441741943	-0.07025903463363647	-0.14628832042217255	0.3859042525291443	-0.12788575887680054	-0.15665704011917114	-0.3463151752948761	-0.5020296573638916	0.07803262770175934	0.37340372800827026	0.650619387626648	-0.01496188435703516	0.26156431436538696	-0.06383100152015686	-0.630041778087616	-0.4658927619457245	0.06298211961984634	0.7000542283058167	0.21558567881584167	0.16323205828666687	0.00849245861172676	0.2798273265361786	0.3065703213214874	0.3920941650867462
DAN_LABEL_15	-0.12801215052604675	0.12481468170881271	-0.4454796016216278	-0.1471819281578064	0.1236109733581543	0.08967523276805878	-0.12064100801944733	n/a	0.2776965796947479	0.2278861701488495	-0.3128076195716858	0.30624356865882874	0.6253477334976196	0.146540105342865	1.0	-0.5803545713424683	0.06432327628135681	-0.5323365330696106	-0.10044073313474655	0.18305036425590515	-0.006904493551701307	-0.2569635510444641	0.6710290908813477	-0.15609149634838104	0.7590043544769287	-0.13122153282165527	-0.11314061284065247	-0.3359459936618805	0.21576474606990814	-0.4341791570186615	-0.18205572664737701	-0.13842672109603882	-0.011545569635927677	-0.08302157372236252	n/a	0.31391066312789917	-0.5588377118110657	0.19887597858905792	0.360215961933136	0.03023083694279194	0.732933759689331	-0.020626813173294067	-0.08054420351982117	-0.30672362446784973	-0.08993420004844666	-0.46922701597213745	0.5891757607460022	-0.01582666113972664	0.6563286781311035	-0.6227436065673828	0.2578422427177429	0.21636487543582916	-0.4812031388282776	-0.01659439131617546	-0.22705528140068054	-0.04632670059800148	-0.002029080642387271	-0.03651810437440872	-0.2621341347694397	0.001347340177744627	0.1544581651687622	-0.23816129565238953	-0.028843754902482033	0.17034710943698883	-0.0940256267786026	0.14222374558448792	0.21887105703353882	0.05861575901508331	0.30642154812812805	0.4129889905452728	-0.12513400614261627	-0.1282212883234024	0.3738298714160919	0.31189975142478943	-0.20570607483386993	-0.3798198699951172	-0.08235761523246765	-0.08292551338672638	0.24953123927116394	0.0896509662270546
DMN_LABEL_16	0.4366428256034851	-0.3872462213039398	0.506552517414093	-0.30304446816444397	-0.08019132912158966	0.06740712374448776	0.2340686321258545	n/a	-0.23467060923576355	-0.31572115421295166	0.30341166257858276	0.11211282014846802	-0.5137087106704712	-0.411418080329895	-0.5803545713424683	1.0	-0.13189062476158142	0.9184349775314331	-0.0319654680788517	-0.492204874753952	-0.056355614215135574	0.20802076160907745	-0.5956338047981262	0.3210791051387787	-0.6223635673522949	0.3289245367050171	0.5962821245193481	0.7394576072692871	-0.4625684916973114	0.48851799964904785	-0.17491626739501953	0.005396051798015833	0.2747495770454407	0.04353158548474312	n/a	-0.37467190623283386	0.5130152106285095	-0.13148027658462524	-0.256174772977829	-0.38248690962791443	-0.6757796406745911	0.020904729142785072	-0.41761451959609985	-0.15180476009845734	-0.18758732080459595	0.46295246481895447	-0.6515458822250366	0.2784891426563263	-0.7073649764060974	0.7992154955863953	-0.4753214120864868	-0.28289520740509033	0.7199296355247498	-0.2924666106700897	0.5385648608207703	-0.12760688364505768	0.00917364377528429	0.04097607731819153	0.10295005887746811	-0.20182709395885468	-0.38944894075393677	0.465965211391449	0.43244341015815735	-0.20757590234279633	-0.08262164890766144	-0.13820797204971313	-0.5742618441581726	-0.1574971079826355	-0.1407245248556137	-0.39972159266471863	0.6009700298309326	0.52405846118927	-0.2024669051170349	-0.5253356099128723	0.047461606562137604	0.05152921378612518	0.19824834167957306	-0.016848359256982803	-0.551821768283844	-0.3004046380519867
CO_LABEL_17	-0.28551185131073	-0.544126033782959	0.136805459856987	0.6099720597267151	-0.057695966213941574	-0.38413989543914795	0.06935390830039978	n/a	-0.021982641890645027	0.8044517040252686	0.2930056154727936	0.3815802037715912	0.1494666486978531	0.15324316918849945	0.06432327628135681	-0.13189062476158142	1.0	-0.06222056597471237	0.08630555123090744	0.46653443574905396	0.7253503799438477	0.13822337985038757	-0.058221396058797836	-0.526881754398346	0.22620870172977448	-0.35219359397888184	-0.065791055560112	-0.09520141035318375	-0.5554061532020569	-0.12747575342655182	0.7318795323371887	-0.49512067437171936	-0.3545326590538025	-0.149912029504776	n/a	0.5224326252937317	0.21673008799552917	0.7101011276245117	0.495777428150177	0.21769103407859802	0.06465183198451996	0.8650709390640259	0.21071113646030426	0.5448762774467468	0.7124996185302734	0.013635958544909954	-0.1521557867527008	-0.2661260962486267	0.05084364488720894	-0.05865907296538353	-0.14758460223674774	-0.12748432159423828	-0.19200554490089417	-0.27858734130859375	-0.08918730914592743	-0.30107447504997253	-0.1694711595773697	0.24937637150287628	0.31187668442726135	0.4442015588283539	0.4237649738788605	0.03141975402832031	-0.2301928848028183	0.15607579052448273	0.26430627703666687	0.2918033301830292	0.10393736511468887	0.4551173150539398	-0.02857932820916176	0.28273242712020874	-0.04845563322305679	-0.21544070541858673	0.08067766577005386	0.24444657564163208	0.07561330497264862	0.11664847284555435	0.2849571704864502	0.3940199613571167	-0.12900009751319885	-0.4456430673599243
DMN_LABEL_18	0.4454725384712219	-0.4335247874259949	0.4364974796772003	-0.19190913438796997	0.09463910758495331	0.013335119932889938	0.09953329712152481	n/a	-0.23234659433364868	-0.274100124835968	0.28770846128463745	0.08358614146709442	-0.45650514960289	-0.4455627501010895	-0.5323365330696106	0.9184349775314331	-0.06222056597471237	1.0	0.013961059972643852	-0.39403650164604187	-0.04750737175345421	0.19735288619995117	-0.5863474607467651	0.14999516308307648	-0.5425839424133301	0.3884158432483673	0.6902410984039307	0.8187167048454285	-0.48682889342308044	0.33450546860694885	-0.10537990182638168	-0.030272647738456726	0.13860662281513214	-0.1296057552099228	n/a	-0.30583810806274414	0.4365617632865906	-0.05411554500460625	-0.22629602253437042	-0.39219895005226135	-0.6745254397392273	0.13321201503276825	-0.2584472596645355	-0.11816754192113876	-0.10149410367012024	0.2814598083496094	-0.6833386421203613	0.051834721118211746	-0.6610362529754639	0.693902313709259	-0.5787298083305359	-0.173166424036026	0.6888893842697144	-0.2788514494895935	0.4916705787181854	-0.13033398985862732	-0.09527421742677689	0.1281004697084427	0.14004456996917725	-0.18507659435272217	-0.21120205521583557	0.4242638051509857	0.34337249398231506	-0.1624780297279358	-0.08129432797431946	-0.22801291942596436	-0.6341522932052612	0.09278573095798492	0.05633958801627159	-0.34547585248947144	0.683304488658905	0.6134122610092163	-0.14710278809070587	-0.5194810032844543	0.07097389549016953	0.06585301458835602	0.05772284045815468	-0.047043029218912125	-0.5129834413528442	-0.4376224875450134
VAN_LABEL_19	0.10585637390613556	0.117335245013237	-0.11848168075084686	-0.05983220413327217	0.12402142584323883	0.16038765013217926	-0.2507132291793823	n/a	-0.22532662749290466	-0.004808563273400068	0.16912120580673218	0.0093642333522439	0.3142409920692444	0.4006044864654541	-0.10044073313474655	-0.0319654680788517	0.08630555123090744	0.013961059972643852	1.0	0.029649466276168823	-0.017928656190633774	0.590809166431427	0.008713994175195694	0.056934162974357605	-0.17974144220352173	-0.1917954683303833	-0.19920559227466583	-0.22735756635665894	0.10065466165542603	-0.1366397738456726	-0.025379212573170662	-0.04796556010842323	-0.03345014899969101	0.000194197753444314	n/a	-0.002893198514357209	0.09855186939239502	-0.12973745167255402	0.31913504004478455	0.44314754009246826	0.12575213611125946	-0.05063565447926521	0.3700670301914215	-0.028474971652030945	-0.03156476095318794	0.15158699452877045	0.07049845159053802	0.01828550174832344	-0.15357623994350433	0.21281898021697998	-0.0327029824256897	-0.031152425333857536	-0.23308338224887848	0.11849923431873322	-0.3109660744667053	0.021331317722797394	-0.13895449042320251	-0.025427917018532753	0.02340063825249672	0.2076168805360794	-0.14886511862277985	-0.20556965470314026	-0.3227965533733368	-0.392503559589386	0.10905986279249191	0.1974935233592987	0.36669600009918213	-0.11181041598320007	0.32750824093818665	-0.0767611488699913	0.029283158481121063	-0.08520415425300598	0.3857210874557495	0.5029792785644531	0.22970104217529297	0.08780316263437271	-0.000834480335470289	-0.02189904823899269	-0.13388408720493317	-0.025349382311105728
CO_LABEL_20	-0.22176818549633026	-0.03693348169326782	-0.1602231115102768	0.5570304989814758	0.1244511529803276	-0.5087252855300903	-0.046209946274757385	n/a	0.056084126234054565	0.3593687415122986	0.02632674016058445	-0.19595912098884583	0.02289673313498497	0.3137548863887787	0.18305036425590515	-0.492204874753952	0.46653443574905396	-0.39403650164604187	0.029649466276168823	1.0	0.2618522047996521	0.0973476991057396	0.12028593569993973	-0.5304535031318665	0.20985294878482819	-0.186887726187706	-0.2968614399433136	-0.31418532133102417	-0.03455614671111107	-0.23323576152324677	0.3497495949268341	-0.12022474408149719	-0.5873517990112305	-0.09414941072463989	n/a	0.2224232405424118	0.04674787446856499	0.12693771719932556	0.1012621819972992	0.266726553440094	0.10221336781978607	0.37581366300582886	0.6752682328224182	0.49977409839630127	0.5377069711685181	-0.014773059636354446	0.13672170042991638	-0.3078957200050354	0.3131108582019806	-0.21886596083641052	0.3378502130508423	0.22726008296012878	-0.2811049222946167	0.015882275998592377	-0.3020513951778412	0.13540847599506378	0.0794643983244896	0.19553948938846588	0.24178634583950043	0.15177862346172333	0.3726307451725006	-0.06375395506620407	-0.40323323011398315	0.28610795736312866	0.3644065856933594	0.09120635688304901	0.4060412049293518	0.23442886769771576	0.3210065960884094	0.3370436131954193	-0.4717676639556885	-0.30602404475212097	-0.006363486871123314	0.2464790940284729	0.13680879771709442	0.2802136540412903	-0.07089276611804962	0.05682887136936188	0.37484458088874817	0.019978178665041924
CO_LABEL_21	-0.3974355161190033	-0.5555446147918701	0.36763739585876465	0.48282045125961304	-0.2757001519203186	-0.5278345346450806	0.1227526068687439	n/a	-0.38081011176109314	0.7420733571052551	0.20347106456756592	0.19115053117275238	0.12427635490894318	0.14960001409053802	-0.006904493551701307	-0.056355614215135574	0.7253503799438477	-0.04750737175345421	-0.017928656190633774	0.2618522047996521	1.0	-0.05947013199329376	-0.280484676361084	-0.5015876889228821	0.20053400099277496	-0.42041876912117004	-0.10520061105489731	0.09195836633443832	-0.5724320411682129	0.20138932764530182	0.6287235021591187	-0.30143865942955017	-0.34381988644599915	-0.24403150379657745	n/a	0.6986603736877441	0.23134274780750275	0.7630953192710876	0.49658694863319397	0.24434372782707214	0.04350588098168373	0.6013208031654358	0.008502963930368423	0.6440563201904297	0.8535932302474976	0.07909455895423889	-0.3244987726211548	-0.21513812243938446	-0.11252006888389587	-0.024335486814379692	0.08938254415988922	-0.16425615549087524	-0.22597312927246094	-0.4604668617248535	0.0934978798031807	-0.3094312846660614	0.032378654927015305	0.3047049641609192	0.5853899717330933	0.26990604400634766	0.01654464565217495	0.1178833469748497	-0.13092759251594543	0.20375299453735352	0.3971448540687561	0.4346734583377838	-0.046915341168642044	0.14596684277057648	-0.2690908908843994	-0.08492649346590042	-0.087469682097435	-0.1843177229166031	-0.11808942258358002	0.1779734194278717	0.0529678650200367	0.1614147424697876	0.5860441327095032	0.8224759101867676	-0.20716427266597748	-0.23476015031337738
Sal_LABEL_22	0.33738473057746887	-0.003740777028724551	-0.2696376442909241	0.051190175116062164	0.24550308287143707	0.15150028467178345	0.3075007200241089	n/a	0.02858074940741062	0.008302634581923485	0.5430148839950562	-0.042234089225530624	-0.16466999053955078	0.46382492780685425	-0.2569635510444641	0.20802076160907745	0.13822337985038757	0.19735288619995117	0.590809166431427	0.0973476991057396	-0.05947013199329376	1.0	-0.057129744440317154	0.15981103479862213	-0.3493238687515259	0.2225320041179657	0.2288973480463028	-0.14072711765766144	-0.08487575501203537	-0.2074798345565796	0.08795220404863358	0.12493649870157242	0.03650521859526634	0.35935914516448975	n/a	-0.3341933488845825	0.4960363209247589	-0.19067096710205078	0.22936591506004333	0.4164988696575165	-0.13186170160770416	0.05006607621908188	0.42135125398635864	0.021508431062102318	-0.11609445512294769	0.5851198434829712	0.01759813167154789	0.19032208621501923	-0.13858185708522797	0.5246918797492981	-0.29459846019744873	-0.1604023575782776	0.21728916466236115	0.10048450529575348	0.08307795971632004	-0.08292927592992783	0.2874726355075836	0.12217915803194046	0.01202407106757164	0.21875742077827454	-0.22701574862003326	-0.08499012142419815	-0.19119809567928314	-0.5635337233543396	-0.08390508592128754	0.34032848477363586	0.24953800439834595	-0.032362230122089386	0.45238029956817627	-0.07639940083026886	-0.2322738617658615	-0.12048029154539108	0.17710033059120178	0.22906523942947388	0.5511478185653687	0.4027644693851471	0.12880617380142212	-0.010931286960840225	0.023599620908498764	0.12854044139385223
DAN_LABEL_23	-0.3082905411720276	0.4465702474117279	-0.3969056308269501	-0.1406778246164322	0.053459033370018005	0.34532973170280457	-0.37550005316734314	n/a	0.40384238958358765	0.15595689415931702	-0.25275719165802	0.35946860909461975	0.5440347790718079	0.25554150342941284	0.6710290908813477	-0.5956338047981262	-0.058221396058797836	-0.5863474607467651	0.008713994175195694	0.12028593569993973	-0.280484676361084	-0.057129744440317154	1.0	0.08324006199836731	0.6325746774673462	-0.27321624755859375	-0.3708277940750122	-0.5420560240745544	0.4647780656814575	-0.5196248292922974	-0.20368100702762604	-0.17938870191574097	0.15243521332740784	-0.1010497659444809	n/a	0.21634194254875183	-0.5706540942192078	-0.04159040004014969	0.1037711575627327	0.19498950242996216	0.6592122316360474	-0.16831113398075104	0.01803157478570938	-0.4167586863040924	-0.3284972906112671	-0.4429500699043274	0.8816944360733032	-0.04774100333452225	0.7046810388565063	-0.6238998174667358	0.12658090889453888	0.09596294164657593	-0.5858097076416016	0.1851571649312973	-0.5927335619926453	0.14661797881126404	-0.0943632647395134	-0.15335611999034882	-0.5122378468513489	0.081819549202919	0.33311909437179565	-0.41845428943634033	-0.3549336791038513	0.05944900959730148	-0.37891000509262085	-0.1120101734995842	0.3943360447883606	0.11060481518507004	0.34606707096099854	0.6689138412475586	-0.273894727230072	-0.12024278938770294	0.34183499217033386	0.2918820083141327	-0.22202371060848236	-0.15542174875736237	-0.3044404983520508	-0.2942739725112915	0.17545700073242188	0.21245110034942627
PMN_LABEL_24	0.42306679487228394	0.27959105372428894	-0.10091540217399597	-0.6404734253883362	0.027432329952716827	0.8252536654472351	0.111568383872509	n/a	-0.08761909604072571	-0.466348260641098	0.06530841439962387	0.051642995327711105	-0.13023608922958374	-0.10082904249429703	-0.15609149634838104	0.3210791051387787	-0.526881754398346	0.14999516308307648	0.056934162974357605	-0.5304535031318665	-0.5015876889228821	0.15981103479862213	0.08324006199836731	1.0	-0.3309876024723053	0.23601879179477692	0.07269695401191711	0.008724012412130833	0.2578999996185303	0.06872503459453583	-0.5588411688804626	0.17321933805942535	0.7813642621040344	0.22603100538253784	n/a	-0.3949398398399353	0.179207906126976	-0.43300965428352356	0.029519611969590187	-0.15331816673278809	0.080828458070755	-0.4737495481967926	-0.3497905433177948	-0.4667317271232605	-0.6462611556053162	0.1438646912574768	0.11850257962942123	0.7024739980697632	-0.19348767399787903	0.2545515298843384	-0.33343201875686646	-0.2622741460800171	0.2282346785068512	0.006624004803597927	0.08803993463516235	-0.13522140681743622	0.20108765363693237	-0.09194961935281754	-0.35337692499160767	0.01857745088636875	-0.400365948677063	0.07654839009046555	0.2590183913707733	-0.35938024520874023	-0.34969204664230347	0.16398552060127258	-0.06219131499528885	-0.3558480441570282	0.015777915716171265	-0.27575716376304626	0.15831243991851807	0.29012924432754517	0.07844757288694382	-0.06014229357242584	0.1023659035563469	-0.1408211588859558	-0.022651849314570427	-0.32337573170661926	-0.15058261156082153	0.07081977277994156
DAN_LABEL_25	-0.384546160697937	0.10776188224554062	-0.28570863604545593	0.1783251315355301	0.10632950067520142	-0.050502847880125046	-0.19576393067836761	n/a	0.26728546619415283	0.4561098515987396	-0.2975127696990967	0.23247824609279633	0.6843652129173279	0.28422942757606506	0.7590043544769287	-0.6223635673522949	0.22620870172977448	-0.5425839424133301	-0.17974144220352173	0.20985294878482819	0.20053400099277496	-0.3493238687515259	0.6325746774673462	-0.3309876024723053	1.0	-0.1879327893257141	-0.22907593846321106	-0.38650938868522644	0.19469735026359558	-0.3727377653121948	0.17232492566108704	-0.1982761174440384	-0.17203959822654724	-0.2486766129732132	n/a	0.48282161355018616	-0.5303882956504822	0.2796342372894287	0.3088667094707489	0.26444974541664124	0.7134284973144531	0.11343075335025787	-0.028543053194880486	-0.14936070144176483	0.12432435154914856	-0.5834450125694275	0.5899903774261475	-0.27244582772254944	0.8002434372901917	-0.7405174970626831	0.2092878669500351	0.1986304670572281	-0.5399246215820312	0.07415852695703506	-0.2521488666534424	0.03795883432030678	-0.08485549688339233	-0.01140119880437851	-0.19222748279571533	0.08013012260198593	0.3994426727294922	-0.25406110286712646	-0.21127299964427948	0.24106533825397491	-0.1250380277633667	-0.046584971249103546	0.20292536914348602	0.2922859191894531	0.14380313456058502	0.4712473452091217	-0.22296962141990662	-0.173461452126503	0.3387306332588196	0.3898150622844696	-0.24331864714622498	-0.2900836765766144	-0.046163979917764664	0.1349860280752182	0.22207529842853546	0.09105599671602249
