Node	LH_Vis_1	LH_Vis_2	LH_Vis_3	LH_Vis_4	LH_Vis_5	LH_Vis_6	LH_Vis_7	LH_Vis_8	LH_Vis_9	LH_SomMot_1	LH_SomMot_2	LH_SomMot_3	LH_SomMot_4	LH_SomMot_5	LH_SomMot_6	LH_DorsAttn_Post_1	LH_DorsAttn_Post_2	LH_DorsAttn_Post_3	LH_DorsAttn_Post_4	LH_DorsAttn_Post_5	LH_DorsAttn_Post_6	LH_DorsAttn_PrCv_1	LH_DorsAttn_FEF_1	LH_SalVentAttn_ParOper_1	LH_SalVentAttn_FrOperIns_1	LH_SalVentAttn_FrOperIns_2	LH_SalVentAttn_PFCl_1	LH_SalVentAttn_Med_1	LH_SalVentAttn_Med_2	LH_SalVentAttn_Med_3	LH_Limbic_OFC_1	LH_Limbic_TempPole_1	LH_Limbic_TempPole_2	LH_Cont_Par_1	LH_Cont_PFCl_1	LH_Cont_pCun_1	LH_Cont_Cing_1	LH_Default_Temp_1	LH_Default_Temp_2	LH_Default_Par_1	LH_Default_Par_2	LH_Default_PFC_1	LH_Default_PFC_2	LH_Default_PFC_3	LH_Default_PFC_4	LH_Default_PFC_5	LH_Default_PFC_6	LH_Default_PFC_7	LH_Default_pCunPCC_1	LH_Default_pCunPCC_2	RH_Vis_1	RH_Vis_2	RH_Vis_3	RH_Vis_4	RH_Vis_5	RH_Vis_6	RH_Vis_7	RH_Vis_8	RH_SomMot_1	RH_SomMot_2	RH_SomMot_3	RH_SomMot_4	RH_SomMot_5	RH_SomMot_6	RH_SomMot_7	RH_SomMot_8	RH_DorsAttn_Post_1	RH_DorsAttn_Post_2	RH_DorsAttn_Post_3	RH_DorsAttn_Post_4	RH_DorsAttn_Post_5	RH_DorsAttn_PrCv_1	RH_DorsAttn_FEF_1	RH_SalVentAttn_TempOccPar_1	RH_SalVentAttn_TempOccPar_2	RH_SalVentAttn_FrOperIns_1	RH_SalVentAttn_Med_1	RH_SalVentAttn_Med_2	RH_Limbic_OFC_1	RH_Limbic_TempPole_1	RH_Cont_Par_1	RH_Cont_Par_2	RH_Cont_PFCl_1	RH_Cont_PFCl_2	RH_Cont_PFCl_3	RH_Cont_PFCl_4	RH_Cont_Cing_1	RH_Cont_PFCmp_1	RH_Cont_pCun_1	RH_Default_Par_1	RH_Default_Temp_1	RH_Default_Temp_2	RH_Default_Temp_3	RH_Default_PFCv_1	RH_Default_PFCv_2	RH_Default_PFCdPFCm_1	RH_Default_PFCdPFCm_2	RH_Default_PFCdPFCm_3	RH_Default_pCunPCC_1	RH_Default_pCunPCC_2	LH-Pu	LH-Ca	LH-NAC	LH-EXA	LH-GPe	LH-GPi	LH-SNc_PBP_VTA	LH-RN	LH-SNr	LH-VeP	LH-HN	LH-HTH	LH-MN	LH-STH	RH-Pu	RH-Ca	RH-NAC	RH-EXA	RH-GPe	RH-GPi	RH-SNc_PBP_VTA	RH-RN	RH-SNr	RH-VeP	RH-HN	RH-HTH	RH-MN	RH-STH	LH-Pulvinar	LH-Anterior	LH-Medio_Dorsal	LH-Ventral_Latero_Dorsal	LH-Central_Lateral-Lateral_Posterior-Medial_Pulvinar	LH-Ventral_Anterior	LH-Ventral_Latero_Ventral	RH-Pulvinar	RH-Anterior	RH-Medio_Dorsal	RH-Ventral_Latero_Dorsal	RH-Central_Lateral-Lateral_Posterior-Medial_Pulvinar	RH-Ventral_Anterior	RH-Ventral_Latero_Ventral	LH_Hippocampus	LH_Amygdala	RH_Hippocampus	RH_Amygdala	Cerebellar_Region1	Cerebellar_Region2	Cerebellar_Region3	Cerebellar_Region4	Cerebellar_Region5	Cerebellar_Region6	Cerebellar_Region7	Cerebellar_Region8	Cerebellar_Region9	Cerebellar_Region10
LH_Vis_1	1.0	0.45182526111602783	0.3646336495876312	-0.27389559149742126	0.2127772718667984	0.14336445927619934	0.57566899061203	0.6202560663223267	0.42380887269973755	0.5560182332992554	0.49454253911972046	0.4469382166862488	0.37316229939460754	0.39179518818855286	0.5590721964836121	0.457194060087204	0.17828933894634247	-0.29404711723327637	-0.10917098820209503	0.5835516452789307	0.07840596139431	-0.11344593018293381	0.04030299931764603	0.42061418294906616	0.4348650276660919	-0.18127384781837463	-0.5458479523658752	-0.23146791756153107	0.5831379294395447	-0.07152442634105682	-0.4234848618507385	0.4808289706707001	-0.5428574681282043	-0.31476902961730957	-0.43754327297210693	-0.2386454939842224	-0.3261147141456604	0.21550975739955902	0.13987690210342407	0.5343255400657654	-0.4093249440193176	-0.5378972291946411	-0.4359336495399475	-0.09785337746143341	-0.5734554529190063	-0.35369497537612915	-0.5979092121124268	0.07312005013227463	0.5286849141120911	0.08914177119731903	0.6706287860870361	0.3738532066345215	0.153810054063797	-0.29493817687034607	0.20310965180397034	0.38775619864463806	0.5040631890296936	0.43394842743873596	0.5368475317955017	0.5254033207893372	0.5106496214866638	0.35420024394989014	0.49544641375541687	0.3840639889240265	0.6300521492958069	0.49692651629447937	0.6767274737358093	-0.12869033217430115	-0.02472941391170025	-0.3128310739994049	0.6018005609512329	0.1494041383266449	0.1648249477148056	0.49388962984085083	0.41982731223106384	0.25863727927207947	0.5148042440414429	0.26028257608413696	-0.1093292385339737	0.4992547929286957	-0.30296769738197327	0.008728745393455029	-0.29595160484313965	-0.017053693532943726	-0.12872199714183807	-0.22793005406856537	-0.2972985506057739	-0.2786531150341034	-0.051242850720882416	-0.24710950255393982	0.08361045271158218	0.6981467008590698	0.5014736652374268	-0.12581567466259003	-0.02814161218702793	-0.024510787799954414	-0.34236523509025574	0.1543218195438385	0.5904468297958374	0.07146599143743515	-0.2628670334815979	-0.3679717779159546	-0.402400404214859	-0.29601067304611206	-0.10161122679710388	0.18971988558769226	0.02768654376268387	-0.3353464901447296	-0.36549633741378784	-0.02915818989276886	-0.26021820306777954	-0.36804449558258057	-0.1292038857936859	-0.18675822019577026	0.11894340813159943	-0.36425045132637024	0.05201642960309982	-0.10073725879192352	-0.26062706112861633	-0.06884350627660751	-0.24853000044822693	-0.17919103801250458	-0.09748575091362	0.07931513339281082	-0.009102663025259972	-0.10646003484725952	-0.10202494263648987	-0.21936297416687012	-0.23589158058166504	-0.18759284913539886	-0.2355693280696869	-0.37917569279670715	-0.20178093016147614	-0.2642648220062256	0.0030173477716743946	-0.1483667939901352	-0.38630571961402893	-0.2938426434993744	-0.3107571601867676	0.17909733951091766	-0.23979103565216064	-0.04411185532808304	0.5621519088745117	0.24878163635730743	0.4530209004878998	0.2908630073070526	0.06843467056751251	-0.020473266020417213	-0.31831109523773193	0.30242669582366943	-0.4001970589160919	-0.429238885641098	-0.30700036883354187	-0.45705148577690125	-0.5358927249908447	-0.454059898853302
LH_Vis_2	0.45182526111602783	1.0	0.8215867877006531	-0.09031534194946289	0.6958837509155273	0.6910104751586914	0.6543712615966797	0.7478302121162415	0.7743112444877625	0.5217364430427551	0.4644601345062256	0.47657620906829834	0.539277970790863	0.2435227483510971	0.5244473814964294	0.5476669669151306	0.06022602319717407	-0.4369950294494629	-0.22075358033180237	0.48004382848739624	-0.130146324634552	-0.1692156344652176	-0.23051057755947113	0.5888640284538269	0.7062932848930359	0.12401577830314636	-0.22112411260604858	-0.07042326033115387	0.6499689221382141	0.1280646175146103	-0.5701953768730164	0.34351813793182373	-0.4773333668708801	-0.24441203474998474	-0.5426015853881836	-0.08337774872779846	-0.16668695211410522	0.03970026597380638	-0.3335133492946625	0.4602651596069336	-0.434904009103775	-0.4695761501789093	-0.5266874432563782	-0.14803531765937805	-0.5142744183540344	-0.34322431683540344	-0.5326613187789917	-0.06148071214556694	0.09537405520677567	-0.008314047008752823	0.513745129108429	0.9095925688743591	-0.002484337193891406	0.02715018391609192	0.7783794403076172	0.7990153431892395	0.5887724757194519	0.7504147887229919	0.5045199394226074	0.47153788805007935	0.5229119658470154	0.45226556062698364	0.6281788945198059	0.2561055123806	0.45980313420295715	0.5477140545845032	0.6669684052467346	-0.4037802517414093	-0.28715988993644714	-0.6047817468643188	0.5927774310112	0.0022913627326488495	-0.08821792155504227	0.5700923204421997	0.5474882125854492	0.506519615650177	0.7641832232475281	0.6566707491874695	-0.21159550547599792	0.3306673765182495	-0.3309454023838043	-0.21846337616443634	-0.6576890349388123	-0.1279411017894745	-0.2573607563972473	-0.5538746118545532	-0.27073007822036743	-0.34255459904670715	0.18874193727970123	-0.43853017687797546	-0.19151940941810608	0.32695472240448	0.35948646068573	-0.08002053201198578	-0.09543564170598984	-0.34729501605033875	-0.47140997648239136	0.1551903337240219	0.27691927552223206	-0.0797162652015686	-0.4040335416793823	-0.41621965169906616	-0.18666689097881317	-0.47351551055908203	-0.2407994121313095	0.00826556421816349	0.28630051016807556	0.05093274638056755	-0.4492884576320648	0.3135643005371094	-0.19870837032794952	-0.40814390778541565	0.16911783814430237	-0.15306243300437927	-0.2958226799964905	-0.6515799760818481	0.018403777852654457	-0.2364446371793747	-0.1892748326063156	0.15682058036327362	-0.1201537474989891	0.09707368910312653	0.11025997996330261	0.21574081480503082	-0.0762343555688858	-0.12504008412361145	0.009231544099748135	-0.2642107605934143	-0.2788819372653961	0.12596677243709564	-0.08459167182445526	-0.3550458550453186	-0.2341798096895218	-0.040989987552165985	-0.03624172508716583	-0.12092210352420807	-0.21775640547275543	-0.10801797360181808	-0.23177942633628845	-0.17482657730579376	-0.32518434524536133	0.31850650906562805	0.38419273495674133	0.2915988564491272	0.2711585760116577	0.34499120712280273	0.11401468515396118	0.1743360012769699	-0.3585794270038605	0.6171184182167053	-0.525039792060852	-0.2828872799873352	-0.44382014870643616	-0.5144290924072266	-0.5248575806617737	-0.6042978167533875
LH_Vis_3	0.3646336495876312	0.8215867877006531	1.0	-0.21266180276870728	0.5178597569465637	0.7726138234138489	0.6682949066162109	0.8029420375823975	0.9524694681167603	0.6333711743354797	0.5412699580192566	0.5553095936775208	0.6155081391334534	0.3667815327644348	0.5303243398666382	0.4024389386177063	0.18607735633850098	-0.4524074196815491	-0.09929046034812927	0.44093504548072815	-0.14331896603107452	-0.1426454484462738	-0.23772713541984558	0.5375154614448547	0.7618588805198669	0.10897189378738403	-0.3744930624961853	-0.16320137679576874	0.6352050304412842	-0.010040526278316975	-0.5966582894325256	0.47229090332984924	-0.34829097986221313	-0.28079864382743835	-0.5516569018363953	-0.08900214731693268	-0.1376129686832428	0.08418508619070053	-0.2280396670103073	0.5221457481384277	-0.44760239124298096	-0.43664687871932983	-0.5799915790557861	-0.17080171406269073	-0.5413438081741333	-0.428202360868454	-0.6293439269065857	-0.16957508027553558	0.015044048428535461	0.05769260972738266	0.4688776433467865	0.9357289671897888	-0.11597296595573425	-0.011941937729716301	0.8239765167236328	0.9570455551147461	0.6523227691650391	0.8894525766372681	0.6352354288101196	0.5765430331230164	0.5636540651321411	0.540359377861023	0.5998188853263855	0.32811519503593445	0.4718799293041229	0.6162213087081909	0.7469778656959534	-0.24157531559467316	-0.346929669380188	-0.6365392208099365	0.598014771938324	0.11526959389448166	-0.05785756930708885	0.7444307804107666	0.5246873497962952	0.5821050405502319	0.8103933334350586	0.7660783529281616	-0.23593668639659882	0.40941768884658813	-0.3100248873233795	-0.22347994148731232	-0.5523162484169006	-0.16335263848304749	-0.2775682806968689	-0.48918649554252625	-0.25542330741882324	-0.3730878531932831	0.22977164387702942	-0.3533013164997101	-0.1400652676820755	0.4600733816623688	0.4807750880718231	0.04742475971579552	-0.0726131796836853	-0.33989226818084717	-0.44950538873672485	0.07124616205692291	0.2296590656042099	-0.12322267889976501	-0.38481372594833374	-0.5308168530464172	-0.3059348464012146	-0.6710431575775146	-0.478384792804718	0.16365818679332733	0.13923010230064392	-0.08858457207679749	-0.4468851685523987	0.2092476338148117	-0.235550194978714	-0.4258735179901123	0.1362428516149521	-0.15132151544094086	-0.3243657052516937	-0.7108047008514404	-0.20351725816726685	-0.33201420307159424	-0.26098692417144775	-0.057717543095350266	-0.000562201370485127	-0.09372110664844513	-0.002979632932692766	0.08647742867469788	-0.09807921200990677	-0.25505343079566956	-0.015180615708231926	-0.18741059303283691	-0.4964965581893921	-0.03036208637058735	-0.18760545551776886	-0.472449392080307	-0.21901153028011322	-0.2695290148258209	0.16395843029022217	-0.1831444501876831	-0.30250057578086853	-0.0894012600183487	-0.28101181983947754	-0.10296694934368134	-0.44717732071876526	0.39814648032188416	0.2751270532608032	0.5331917405128479	0.23848126828670502	0.6368339657783508	-0.10032660514116287	0.06884041428565979	-0.43585652112960815	0.41170528531074524	-0.6065740585327148	-0.48742592334747314	-0.5070970058441162	-0.5619651079177856	-0.5332310795783997	-0.5752098560333252
LH_Vis_4	-0.27389559149742126	-0.09031534194946289	-0.21266180276870728	1.0	0.07024726271629333	-0.020979423075914383	-0.3852800130844116	-0.24546584486961365	-0.31613537669181824	-0.575700581073761	-0.48573511838912964	-0.4963224530220032	-0.37284064292907715	-0.5350556373596191	-0.2165220081806183	-0.09769493341445923	-0.534593403339386	0.3945438265800476	-0.4081725478172302	-0.11906972527503967	-0.21227671205997467	-0.01671931892633438	0.14819765090942383	-0.2901487350463867	-0.38033559918403625	0.14212621748447418	0.3654623031616211	0.37829142808914185	-0.26216745376586914	0.18245622515678406	0.44924694299697876	-0.2755638062953949	0.2561500072479248	0.02166842669248581	-0.007523109205067158	0.08699759095907211	0.33247509598731995	0.1729201078414917	-0.16119888424873352	-0.5446803569793701	0.30787262320518494	0.4243518114089966	0.38704124093055725	0.4824378192424774	0.4553096890449524	0.5807051658630371	0.5205937623977661	0.24136273562908173	-0.2636718451976776	0.16230814158916473	-0.15089355409145355	-0.1782846599817276	0.2295302152633667	0.6494547128677368	-0.06319902837276459	-0.21747887134552002	-0.19187693297863007	-0.4429597556591034	-0.4671972393989563	-0.4275299310684204	-0.3747100234031677	-0.3063562512397766	-0.39790740609169006	-0.5098845362663269	-0.46690014004707336	-0.27759861946105957	-0.42855846881866455	-0.2773457467556	-0.1068231537938118	0.4620060920715332	-0.2213345170021057	-0.41431093215942383	-0.04399654641747475	-0.564638078212738	-0.3881427049636841	-0.4193361699581146	-0.2403908371925354	-0.15055948495864868	-0.16911129653453827	-0.38212552666664124	-0.2772349417209625	-0.2790260910987854	-0.3266434371471405	-0.4055292010307312	-0.15127728879451752	-0.31215712428092957	0.11599775403738022	0.09780743718147278	-0.1833551973104477	-0.24321354925632477	-0.46864351630210876	-0.5531623363494873	-0.7014185786247253	-0.34580349922180176	-0.305446594953537	0.12652206420898438	0.14651457965373993	-0.23968377709388733	-0.38278627395629883	-0.07472687214612961	0.33013662695884705	0.5018378496170044	0.5751885175704956	0.22007478773593903	0.18434114754199982	0.07884745299816132	0.19804318249225616	0.358101487159729	0.35898637771606445	0.15739299356937408	0.04951402172446251	0.029128775000572205	0.029689375311136246	0.13666917383670807	0.2290571630001068	0.18671970069408417	0.08771523833274841	-0.17175740003585815	-0.126547709107399	0.2601335346698761	-0.3235109746456146	-0.058249518275260925	0.06692667305469513	0.30030277371406555	0.28165319561958313	0.3561348021030426	0.1290040761232376	0.20953036844730377	0.2466878592967987	0.43242380023002625	0.45018038153648376	0.4066079556941986	-0.03664136305451393	0.5807015299797058	-0.04986312985420227	0.0017896743956953287	0.3407328426837921	-0.28173378109931946	0.09333169460296631	0.06131772696971893	0.08906039595603943	-0.2858423590660095	-0.20506078004837036	0.10208787769079208	-0.41082462668418884	-0.35919898748397827	0.12854090332984924	-0.20149308443069458	0.3473469018936157	-0.17787626385688782	0.11809433251619339	0.3718551695346832	0.18325655162334442	0.41525161266326904	0.4744821786880493	0.21761320531368256
LH_Vis_5	0.2127772718667984	0.6958837509155273	0.5178597569465637	0.07024726271629333	1.0	0.7689858078956604	0.16256117820739746	0.3766675293445587	0.513184130191803	0.19793125987052917	0.12621253728866577	0.1357726901769638	0.1797911524772644	0.012271643616259098	0.23024462163448334	0.21334709227085114	-0.21487651765346527	-0.2356954962015152	-0.2705177068710327	0.44217416644096375	-0.25147783756256104	0.10495980829000473	-0.08497554808855057	0.43486908078193665	0.4205322563648224	0.16694316267967224	0.16895700991153717	0.07801752537488937	0.5475170016288757	0.19857057929039001	-0.17421281337738037	0.014838077127933502	-0.2148369997739792	0.17728741466999054	-0.10289041697978973	0.1286737322807312	-0.04883814975619316	-0.28627949953079224	-0.3899371027946472	0.3096606433391571	-0.3016674220561981	-0.15433800220489502	-0.2550382912158966	-0.15122413635253906	-0.2160605937242508	-0.23671379685401917	-0.2948446571826935	0.14824752509593964	0.24063687026500702	0.09114465862512589	0.3327730894088745	0.5768061280250549	-0.37976741790771484	0.33147990703582764	0.8260879516601562	0.5457969903945923	0.1900671124458313	0.5381678938865662	0.2587330937385559	0.15744011104106903	0.15960855782032013	0.14164899289608002	0.3499138355255127	0.07018285244703293	0.16031712293624878	0.3377271592617035	0.33507251739501953	-0.656052827835083	-0.23784378170967102	-0.581821620464325	0.3100275993347168	-0.09223710745573044	-0.2966156601905823	0.3730388581752777	0.3670205771923065	0.31485387682914734	0.5745604038238525	0.4260762929916382	-0.11564256995916367	-0.18149642646312714	-0.03895982354879379	0.04002078250050545	-0.3571171760559082	0.07495438307523727	0.10361958295106888	-0.2647135853767395	-0.04737894609570503	0.13448919355869293	0.31419676542282104	-0.4182794988155365	-0.17329737544059753	-0.05404025688767433	-0.03590738773345947	-0.3162112236022949	-0.16682109236717224	-0.3951772153377533	-0.5763821005821228	0.15861178934574127	0.2595723569393158	0.00849925260990858	-0.19761523604393005	-0.09988676756620407	0.07776093482971191	-0.15151552855968475	0.0119573213160038	-0.05932169407606125	0.0407431423664093	-0.04739022254943848	-0.13603153824806213	0.27978357672691345	-0.18299038708209991	0.12872734665870667	0.3977099061012268	0.288245290517807	-0.17754723131656647	-0.37745967507362366	0.12852442264556885	0.03142978623509407	0.08716758340597153	0.03806125000119209	-0.016004258766770363	0.10848330706357956	-0.07165057212114334	0.37438854575157166	-0.04639884829521179	0.19309857487678528	0.10849323123693466	-0.16140568256378174	0.05191783234477043	0.2441082000732422	0.2327442467212677	0.09216683357954025	-0.20284762978553772	0.20394515991210938	-0.0010533843887969851	-0.009817679412662983	0.0640464574098587	0.17664402723312378	0.17381499707698822	0.1288038045167923	-0.025282010436058044	0.18192538619041443	0.31990182399749756	0.026420680806040764	0.028666501864790916	0.018066955730319023	-0.3275828957557678	-0.2358187437057495	-0.36843109130859375	0.3378610908985138	-0.24388141930103302	0.029841942712664604	-0.471321165561676	-0.37270843982696533	-0.2770603895187378	-0.46835780143737793
LH_Vis_6	0.14336445927619934	0.6910104751586914	0.7726138234138489	-0.020979423075914383	0.7689858078956604	1.0	0.23052911460399628	0.43681615591049194	0.7260710000991821	0.27887314558029175	0.17269361019134521	0.2032928615808487	0.2576596140861511	0.03931215777993202	0.15574057400226593	0.2176128625869751	-0.10558613389730453	-0.39113855361938477	-0.17420955002307892	0.35776376724243164	-0.3522433340549469	0.10544002056121826	-0.07966183871030807	0.44337236881256104	0.5310841798782349	0.3196642994880676	0.10812409967184067	0.15645316243171692	0.5775444507598877	0.24955853819847107	-0.23207087814807892	0.21430884301662445	-0.08286145329475403	0.004449664615094662	-0.2292967140674591	-0.01662238873541355	-0.1099586933851242	0.01024437602609396	-0.22618936002254486	0.3882032334804535	-0.24305349588394165	-0.09104075282812119	-0.23172762989997864	-0.061561666429042816	-0.2824104130268097	-0.19749607145786285	-0.30109062790870667	0.03457910940051079	0.11445357650518417	0.13953958451747894	0.41352275013923645	0.7549110054969788	-0.2899205684661865	0.286480575799942	0.9552474617958069	0.8388833403587341	0.32164108753204346	0.6744988560676575	0.32083815336227417	0.22905270755290985	0.1916007250547409	0.171209454536438	0.3750792145729065	0.0334264300763607	0.1075470820069313	0.2942015826702118	0.45133358240127563	-0.5112424492835999	-0.35871511697769165	-0.668233335018158	0.3284611105918884	0.009072165004909039	-0.17213796079158783	0.5575276017189026	0.3816608488559723	0.4667889475822449	0.7408129572868347	0.7286795973777771	-0.13931167125701904	0.13490821421146393	-0.254240483045578	-0.20916445553302765	-0.5298826694488525	-0.08827842772006989	-0.16832278668880463	-0.4567098617553711	-0.17300331592559814	-0.11287635564804077	0.2094779908657074	-0.3768015503883362	-0.24501581490039825	0.0973384752869606	0.06523971259593964	-0.026036061346530914	-0.06023699790239334	-0.3647436797618866	-0.44666770100593567	0.16954900324344635	0.30295512080192566	-0.093949094414711	-0.28223803639411926	-0.1496129333972931	0.021449776366353035	-0.38766616582870483	-0.17523065209388733	0.02610262855887413	0.05159962922334671	-0.03886311501264572	-0.18111790716648102	0.31803667545318604	-0.3193029761314392	0.05696360394358635	0.29970550537109375	-0.0017436998896300793	-0.3227536380290985	-0.45491328835487366	-0.04625929892063141	-0.08346747606992722	0.01815016195178032	0.03947381302714348	0.127834752202034	-0.08589516580104828	-0.062208883464336395	0.18489882349967957	-0.19861719012260437	-0.003938942216336727	0.16170355677604675	-0.16611477732658386	-0.17520806193351746	0.06878671050071716	0.0389350987970829	-0.15412524342536926	-0.15628507733345032	0.11052928864955902	0.07186668366193771	-0.13940265774726868	-0.09266888350248337	0.07426934689283371	-0.07641664892435074	-0.058305416256189346	-0.21865542232990265	0.2084697186946869	0.3070503771305084	0.2764602601528168	0.1344941109418869	0.3379707336425781	-0.37796568870544434	-0.2431800365447998	-0.41159749031066895	0.1705881804227829	-0.4754630923271179	-0.18074330687522888	-0.5827316045761108	-0.412852942943573	-0.35667333006858826	-0.5358152985572815
LH_Vis_7	0.57566899061203	0.6543712615966797	0.6682949066162109	-0.3852800130844116	0.16256117820739746	0.23052911460399628	1.0	0.8265514373779297	0.767318844795227	0.793986976146698	0.7574383020401001	0.6780204176902771	0.7199316024780273	0.5793317556381226	0.7942585945129395	0.5205181241035461	0.344780296087265	-0.45715633034706116	-0.10382259637117386	0.41489750146865845	0.20868350565433502	-0.4788549542427063	-0.44698238372802734	0.46644675731658936	0.613643229007721	-0.2830185294151306	-0.6801335215568542	-0.49521738290786743	0.48764267563819885	-0.2566128969192505	-0.7011149525642395	0.3215906620025635	-0.6795091032981873	-0.6185038685798645	-0.7338164448738098	-0.07789046317338943	-0.10168352723121643	0.11465662717819214	-0.1328582763671875	0.5424946546554565	-0.44787928462028503	-0.744050920009613	-0.7722536325454712	-0.1314229667186737	-0.5158925652503967	-0.4081854522228241	-0.7610608339309692	-0.18857219815254211	0.09835322946310043	0.09332212060689926	0.398948073387146	0.6481563448905945	0.2455431967973709	-0.2378307580947876	0.362575888633728	0.6276227235794067	0.704107940196991	0.7519410252571106	0.7359047532081604	0.7739165425300598	0.7631765007972717	0.6899263262748718	0.6864489912986755	0.5997132658958435	0.79513019323349	0.7586706876754761	0.8096922636032104	0.01575872302055359	-0.39884787797927856	-0.4534173607826233	0.74120032787323	0.014712841250002384	-0.04047280550003052	0.6082083582878113	0.509979248046875	0.39517471194267273	0.5777091979980469	0.3545062839984894	-0.23265798389911652	0.48055821657180786	-0.42900174856185913	-0.2904958128929138	-0.4179731607437134	-0.29763510823249817	-0.35357633233070374	-0.38811612129211426	-0.23069892823696136	-0.5090241432189941	0.1767115592956543	-0.18661990761756897	-0.12580257654190063	0.6145038604736328	0.7179352045059204	0.15358620882034302	-0.13552947342395782	-0.017591945827007294	-0.19914089143276215	0.1287851333618164	0.26318082213401794	0.09022320061922073	-0.3677520155906677	-0.6406903266906738	-0.4899786114692688	-0.5362194776535034	-0.3459482789039612	0.15900953114032745	0.08085976541042328	-0.13771705329418182	-0.4623100161552429	0.12541626393795013	0.04842642322182655	-0.6448689103126526	-0.2379569262266159	-0.32131361961364746	-0.16308075189590454	-0.6335843801498413	-0.15799446403980255	-0.3966929614543915	-0.2774272561073303	-0.026949532330036163	-0.27923500537872314	-0.07681655138731003	0.16344387829303741	-0.16261762380599976	0.17333485186100006	-0.18133947253227234	-0.2644188106060028	-0.2873983681201935	-0.49012285470962524	-0.03297694772481918	-0.3347374200820923	-0.5400221943855286	-0.13245145976543427	-0.3953464925289154	0.0009485369664616883	0.020372789353132248	-0.4125441610813141	-0.23753765225410461	-0.26468855142593384	-0.05903751030564308	-0.3393593728542328	0.4233577251434326	0.1843598484992981	0.27458611130714417	0.2541225552558899	0.4184776842594147	0.19763986766338348	0.30813297629356384	-0.3774855434894562	0.44325077533721924	-0.5206846594810486	-0.5794168710708618	-0.2709376811981201	-0.5020930767059326	-0.5647321939468384	-0.34511512517929077
LH_Vis_8	0.6202560663223267	0.7478302121162415	0.8029420375823975	-0.24546584486961365	0.3766675293445587	0.43681615591049194	0.8265514373779297	1.0	0.8503302931785583	0.6898620128631592	0.5723433494567871	0.5787695646286011	0.6149066686630249	0.5600078701972961	0.6643472909927368	0.5323342084884644	0.3325609564781189	-0.357810378074646	-0.04269614815711975	0.549769401550293	0.06995775550603867	-0.2858198583126068	-0.34891465306282043	0.482424795627594	0.6865941882133484	-0.15501011908054352	-0.6219115853309631	-0.46513959765434265	0.6043035984039307	-0.24680130183696747	-0.6694271564483643	0.45914772152900696	-0.6467893719673157	-0.468123197555542	-0.708210825920105	-0.1988363415002823	-0.276917040348053	0.0749567523598671	-0.21947935223579407	0.45947834849357605	-0.625690758228302	-0.6062394380569458	-0.7252872586250305	-0.20592017471790314	-0.6339910626411438	-0.5099480748176575	-0.8143684267997742	-0.2762000262737274	0.068730928003788	-0.006369230803102255	0.4528809189796448	0.7630448341369629	0.09742749482393265	-0.11066430807113647	0.5906323194503784	0.7496923208236694	0.8041780591011047	0.8202692270278931	0.6251892447471619	0.598118782043457	0.5921211242675781	0.5431633591651917	0.6129273176193237	0.4896652400493622	0.6623857021331787	0.6933408975601196	0.7839880585670471	-0.061396077275276184	-0.2349405586719513	-0.4633777141571045	0.6929107904434204	0.17837989330291748	0.010383445769548416	0.6524980664253235	0.5206220746040344	0.4628443419933319	0.6842074394226074	0.5347657203674316	-0.09134373813867569	0.5036506056785583	-0.3290192484855652	-0.2593855559825897	-0.3918420374393463	-0.13020610809326172	-0.31282028555870056	-0.38758084177970886	-0.3393098711967468	-0.41152140498161316	0.12196557968854904	-0.28901687264442444	-0.01630803383886814	0.5925923585891724	0.6706178188323975	0.16398832201957703	0.038045331835746765	-0.1850937008857727	-0.3147267997264862	0.05090535804629326	0.24383670091629028	-0.08789459615945816	-0.446061909198761	-0.6738932728767395	-0.48193979263305664	-0.5996187925338745	-0.4287217855453491	0.28649961948394775	-0.035037487745285034	-0.25108811259269714	-0.5808739066123962	0.14121225476264954	-0.11585809290409088	-0.6215639114379883	0.0166450347751379	-0.25607579946517944	-0.2327454686164856	-0.6248418688774109	-0.038963742554187775	-0.309269517660141	-0.35690608620643616	-0.22167591750621796	-0.16865523159503937	-0.004069932270795107	0.08090054988861084	0.1098991259932518	0.12013209611177444	-0.2718685567378998	-0.12364071607589722	-0.15378648042678833	-0.558036744594574	-0.10921989381313324	-0.2835974395275116	-0.4683319628238678	-0.22238101065158844	-0.4061753749847412	0.07863536477088928	0.031758952885866165	-0.3496343195438385	-0.1771925389766693	-0.21984347701072693	0.08633564412593842	-0.30911538004875183	0.3669671416282654	0.2568845748901367	0.4387252926826477	0.31209108233451843	0.5419422388076782	0.12679174542427063	0.278702050447464	-0.25136277079582214	0.5199805498123169	-0.4912155270576477	-0.5110796093940735	-0.28936371207237244	-0.5578027963638306	-0.578343391418457	-0.5114657878875732
LH_Vis_9	0.42380887269973755	0.7743112444877625	0.9524694681167603	-0.31613537669181824	0.513184130191803	0.7260710000991821	0.767318844795227	0.8503302931785583	1.0	0.7469474077224731	0.6302260756492615	0.630557119846344	0.6841353178024292	0.5293257832527161	0.6226285696029663	0.3685132563114166	0.2828195095062256	-0.5515753030776978	-0.04671361669898033	0.46924886107444763	-0.05423453077673912	-0.24042409658432007	-0.3568010926246643	0.5386717915534973	0.7656083106994629	-0.026234135031700134	-0.49532628059387207	-0.3248332142829895	0.6572176218032837	-0.10491115599870682	-0.6182973980903625	0.3926145136356354	-0.47493451833724976	-0.3895023465156555	-0.6152897477149963	-0.07282986491918564	-0.15755778551101685	0.05332275107502937	-0.21367493271827698	0.587306559085846	-0.4949910044670105	-0.5357016921043396	-0.6987629532814026	-0.1802436113357544	-0.5554481148719788	-0.4749259054660797	-0.7567289471626282	-0.21116605401039124	0.08047351241111755	0.1070055142045021	0.474026620388031	0.8715813159942627	-0.1087053045630455	0.007157834712415934	0.8083255887031555	0.933075487613678	0.6703367233276367	0.953409731388092	0.7309776544570923	0.6728833913803101	0.6350713968276978	0.6157084703445435	0.6831247210502625	0.4651612341403961	0.5812997817993164	0.7150314450263977	0.816353976726532	-0.18670505285263062	-0.4298791289329529	-0.7246869802474976	0.6652839183807373	0.11169274896383286	-0.12705287337303162	0.799945056438446	0.5558462142944336	0.5820229053497314	0.8122876286506653	0.693056046962738	-0.18032079935073853	0.40501895546913147	-0.31718909740448	-0.23814980685710907	-0.4705946445465088	-0.1814042329788208	-0.30277085304260254	-0.4280664026737213	-0.2528955042362213	-0.37222883105278015	0.2823132574558258	-0.2894741892814636	-0.11324548721313477	0.5206543207168579	0.5862823724746704	0.13358211517333984	-0.07801592350006104	-0.2455599159002304	-0.4064848721027374	0.13377632200717926	0.3004007637500763	-0.031471461057662964	-0.44757142663002014	-0.5952807068824768	-0.3860119879245758	-0.6645746231079102	-0.46523475646972656	0.21338921785354614	-0.0006853060331195593	-0.1550978124141693	-0.5041006803512573	0.1592448353767395	-0.18242450058460236	-0.4307488203048706	0.08579093962907791	-0.18158285319805145	-0.3414226770401001	-0.7077980041503906	-0.16633912920951843	-0.33100298047065735	-0.22199052572250366	-0.10842692106962204	-0.032118577510118484	-0.0752936527132988	0.021125780418515205	0.0004547840799205005	-0.02425442449748516	-0.19763416051864624	-0.06764885783195496	-0.20656068623065948	-0.5223713517189026	-0.08173217624425888	-0.23890528082847595	-0.4819941818714142	-0.18681539595127106	-0.352753221988678	0.14995434880256653	-0.08548269420862198	-0.36046794056892395	-0.06294222176074982	-0.16762775182724	0.02346041426062584	-0.4099947512149811	0.48622265458106995	0.283623069524765	0.43965432047843933	0.2832533121109009	0.6334462761878967	-0.14601486921310425	0.08599841594696045	-0.5148248076438904	0.3568075895309448	-0.6237325072288513	-0.5774314403533936	-0.5287691354751587	-0.6366431713104248	-0.6207217574119568	-0.570680558681488
LH_SomMot_1	0.5560182332992554	0.5217364430427551	0.6333711743354797	-0.575700581073761	0.19793125987052917	0.27887314558029175	0.793986976146698	0.6898620128631592	0.7469474077224731	1.0	0.8823941946029663	0.8543983101844788	0.8098916411399841	0.7258852124214172	0.7832973003387451	0.34300220012664795	0.5112939476966858	-0.5634845495223999	0.14332491159439087	0.3739817142486572	0.22017152607440948	-0.2174789309501648	-0.22986306250095367	0.5698198676109314	0.8031911253929138	-0.11884251236915588	-0.7185695767402649	-0.3756713271141052	0.591492235660553	-0.07070615887641907	-0.5420450568199158	0.5032503604888916	-0.4883159399032593	-0.45724090933799744	-0.6011387705802917	-0.2597562372684479	-0.2774290442466736	0.1421635001897812	0.0823078528046608	0.7341393828392029	-0.4534004032611847	-0.621038019657135	-0.6682188510894775	-0.2561885714530945	-0.6795230507850647	-0.5158873200416565	-0.792535662651062	-0.22082018852233887	0.12555918097496033	-0.06629550457000732	0.3332238793373108	0.5506715774536133	0.11354946345090866	-0.1401575356721878	0.39278629422187805	0.5913312435150146	0.5969396233558655	0.7226288914680481	0.9464268088340759	0.874993622303009	0.8542476296424866	0.7978792786598206	0.8339306116104126	0.6407793164253235	0.7730192542076111	0.788235068321228	0.7495219111442566	0.15222099423408508	-0.12655428051948547	-0.5558276176452637	0.645991325378418	0.3296838402748108	0.11846819519996643	0.7895987033843994	0.6727424263954163	0.6311580538749695	0.6595784425735474	0.5000143051147461	-0.07160896062850952	0.5272505283355713	-0.16767960786819458	-0.09736112505197525	-0.319385290145874	-0.0772799476981163	-0.31004709005355835	-0.26920050382614136	-0.3637220859527588	-0.4663894474506378	0.047895610332489014	-0.15778107941150665	0.14105510711669922	0.8034186959266663	0.7743720412254333	0.10962525755167007	-0.0470774807035923	-0.17700396478176117	-0.3960195779800415	-0.0006853323429822922	0.23218755424022675	-0.05934130400419235	-0.39296048879623413	-0.699365496635437	-0.6314038634300232	-0.6531825661659241	-0.4267820417881012	0.048512887209653854	0.04796738922595978	-0.19037753343582153	-0.5143762826919556	-0.16680143773555756	-0.14647068083286285	-0.5210193991661072	-0.11136621236801147	-0.17698776721954346	-0.18234115839004517	-0.7107477188110352	-0.12366551905870438	-0.23967617750167847	-0.22489449381828308	-0.1967163234949112	-0.04526159167289734	-0.14565736055374146	-0.02883576788008213	0.03815923631191254	0.12634210288524628	-0.3489868640899658	-0.08298589289188385	-0.29896315932273865	-0.5133223533630371	-0.24911542236804962	-0.5048840641975403	-0.6900046467781067	-0.2103535234928131	-0.5762245655059814	0.1044246107339859	-0.16473613679409027	-0.5643422603607178	-0.2448888123035431	-0.2742699980735779	0.04179425910115242	-0.5182237029075623	0.45020949840545654	0.30690616369247437	0.23182058334350586	0.3963632583618164	0.6276915669441223	0.0667000338435173	0.18690265715122223	-0.5970674753189087	0.37070631980895996	-0.6519412398338318	-0.7198593616485596	-0.4807627201080322	-0.6649606227874756	-0.7606897950172424	-0.5774247050285339
LH_SomMot_2	0.49454253911972046	0.4644601345062256	0.5412699580192566	-0.48573511838912964	0.12621253728866577	0.17269361019134521	0.7574383020401001	0.5723433494567871	0.6302260756492615	0.8823941946029663	1.0	0.8975516557693481	0.8686534762382507	0.6535680294036865	0.8453366160392761	0.4523874521255493	0.5030165910720825	-0.3920060694217682	0.12589913606643677	0.43276509642601013	0.3607432246208191	-0.108094722032547	-0.14835894107818604	0.6752647161483765	0.7652886509895325	0.01855962909758091	-0.6366357803344727	-0.25264909863471985	0.6205906271934509	0.058481186628341675	-0.44074341654777527	0.4023088216781616	-0.5161701440811157	-0.3546958863735199	-0.49025365710258484	-0.2650004029273987	-0.2983219027519226	0.021276649087667465	0.028905274346470833	0.69062739610672	-0.506397545337677	-0.535515546798706	-0.5480523705482483	-0.3349180221557617	-0.65656578540802	-0.5118805170059204	-0.739120364189148	-0.33490997552871704	-0.01929008960723877	-0.20206694304943085	0.31599751114845276	0.5156535506248474	0.0813988447189331	-0.16909851133823395	0.2860395908355713	0.5003386735916138	0.4203576445579529	0.6030675768852234	0.8403793573379517	0.9230848550796509	0.9344087243080139	0.849861741065979	0.8342803716659546	0.5696854591369629	0.8113037347793579	0.8198347687721252	0.6871371269226074	0.1357177048921585	-0.052456799894571304	-0.4792132079601288	0.6845548748970032	0.37345558404922485	0.18965958058834076	0.7123722434043884	0.7223440408706665	0.6556463241577148	0.6459437012672424	0.4817606210708618	-0.013480320572853088	0.4505545496940613	-0.19632811844348907	-0.0817834734916687	-0.342658132314682	0.003548732027411461	-0.31466129422187805	-0.27227357029914856	-0.4307429790496826	-0.5296933650970459	0.009564822539687157	-0.28864720463752747	0.08857496082782745	0.67487633228302	0.6616268157958984	0.05226283520460129	0.0001684000890236348	-0.2962026298046112	-0.4688933193683624	-0.1342737078666687	0.14708532392978668	-0.17174069583415985	-0.24011339247226715	-0.6764307618141174	-0.527053952217102	-0.5831316709518433	-0.4687120318412781	-0.052684616297483444	0.2777974307537079	-0.1235266625881195	-0.47335556149482727	-0.18253615498542786	-0.04665209725499153	-0.5188744068145752	-0.15234586596488953	-0.042859334498643875	-0.09547844529151917	-0.7137007117271423	-0.20736290514469147	-0.3302423357963562	-0.3400404155254364	-0.24145635962486267	-0.18398821353912354	-0.17982271313667297	0.12396682798862457	-0.13155126571655273	0.14948828518390656	-0.3022514581680298	-0.1643599271774292	-0.30745166540145874	-0.52897047996521	-0.16391921043395996	-0.40306341648101807	-0.6450583934783936	-0.3202778697013855	-0.5401885509490967	0.2597060799598694	-0.3516811430454254	-0.6857686638832092	-0.322646826505661	-0.40017813444137573	-0.04224475100636482	-0.530038058757782	0.5480777025222778	0.24605803191661835	0.3280027508735657	0.24313399195671082	0.5586709976196289	0.07045422494411469	0.2119746208190918	-0.6102754473686218	0.3557804524898529	-0.59747314453125	-0.6295947432518005	-0.4676566421985626	-0.6376213431358337	-0.681716799736023	-0.5519796013832092
LH_SomMot_3	0.4469382166862488	0.47657620906829834	0.5553095936775208	-0.4963224530220032	0.1357726901769638	0.2032928615808487	0.6780204176902771	0.5787695646286011	0.630557119846344	0.8543983101844788	0.8975516557693481	1.0	0.8506765961647034	0.760591983795166	0.7237604856491089	0.4547884166240692	0.7160513997077942	-0.3681710958480835	0.4255087375640869	0.4791033864021301	0.4140585660934448	0.07546475529670715	0.05407322943210602	0.7180153727531433	0.8277749419212341	0.17328506708145142	-0.6191409230232239	-0.2209509313106537	0.6595116853713989	0.11524898558855057	-0.3746635317802429	0.42071396112442017	-0.5165168642997742	-0.2528466582298279	-0.4666483700275421	-0.4326109290122986	-0.47649431228637695	-0.011974642053246498	-0.061708271503448486	0.6175499558448792	-0.6108214259147644	-0.4312155544757843	-0.5435617566108704	-0.4249403178691864	-0.7417295575141907	-0.6225000619888306	-0.7839144468307495	-0.4014531970024109	-0.09762211889028549	-0.40524470806121826	0.2918616831302643	0.5238125324249268	0.059503670781850815	-0.1155078336596489	0.32533562183380127	0.46708059310913086	0.35757023096084595	0.5587514638900757	0.7995755076408386	0.8487932682037354	0.9246469736099243	0.7943586707115173	0.787208616733551	0.4567984938621521	0.6249809861183167	0.6899461150169373	0.6214513182640076	0.26388052105903625	0.10482174158096313	-0.5255352854728699	0.5732240676879883	0.5475841760635376	0.32611578702926636	0.6983861327171326	0.7891382575035095	0.7639076709747314	0.6654512882232666	0.5751489996910095	0.15173454582691193	0.4046867787837982	-0.03893851116299629	-0.006083167158067226	-0.3026561737060547	0.16345158219337463	-0.2540268898010254	-0.2515241205692291	-0.5384746789932251	-0.5161589980125427	-0.10103248804807663	-0.36224013566970825	0.2148522585630417	0.5910083055496216	0.6256663799285889	0.07101628929376602	0.13402187824249268	-0.41770803928375244	-0.5677379369735718	-0.21114259958267212	0.10990821570158005	-0.3717781901359558	-0.48908093571662903	-0.7220666408538818	-0.5784655809402466	-0.6175698637962341	-0.4728110432624817	-0.00140394177287817	0.2760142982006073	-0.025370970368385315	-0.6178022027015686	-0.2986002266407013	-0.1815197467803955	-0.5812770128250122	-0.14692124724388123	-0.176552414894104	-0.33420997858047485	-0.7004600167274475	-0.01719365082681179	-0.3525082767009735	-0.44015640020370483	-0.3192879557609558	-0.17950543761253357	-0.1484203338623047	0.14971095323562622	-0.04586625471711159	0.10224075615406036	-0.3505154550075531	-0.21400289237499237	-0.06867022067308426	-0.6942515969276428	-0.34324297308921814	-0.57349693775177	-0.7520700097084045	-0.4421258568763733	-0.6950007677078247	0.12315595895051956	-0.39877575635910034	-0.7492214441299438	-0.35893750190734863	-0.4359918236732483	-0.018920868635177612	-0.6366406679153442	0.486407607793808	0.3436838388442993	0.319913774728775	0.4146318733692169	0.6035614609718323	0.12771421670913696	0.37188294529914856	-0.55830979347229	0.4648919403553009	-0.5601984858512878	-0.5523432493209839	-0.4847104251384735	-0.6767204999923706	-0.7225747108459473	-0.6440304517745972
