Node	DMN_LABEL_1	Vis_LABEL_2	FP_LABEL_3	Aud_LABEL_4	Tpole_LABEL_5	PMN_LABEL_6	PON_LABEL_7	MTL_LABEL_8	PON_LABEL_9	CO_LABEL_10	Sal_LABEL_11	CO_LABEL_12	SMd_LABEL_13	SMl_LABEL_14	DAN_LABEL_15	DMN_LABEL_16	CO_LABEL_17	DMN_LABEL_18	VAN_LABEL_19	CO_LABEL_20	CO_LABEL_21	Sal_LABEL_22	DAN_LABEL_23	PMN_LABEL_24	DAN_LABEL_25	DMN_LABEL_26	DMN_LABEL_27	DMN_LABEL_28	Vis_LABEL_29	FP_LABEL_30	Aud_LABEL_31	Tpole_LABEL_32	PMN_LABEL_33	PON_LABEL_34	MTL_LABEL_35	CO_LABEL_36	Sal_LABEL_37	CO_LABEL_38	SMd_LABEL_39	SMl_LABEL_40	DAN_LABEL_41	CO_LABEL_42	VAN_LABEL_43	CO_LABEL_44	CO_LABEL_45	Sal_LABEL_46	DAN_LABEL_47	PMN_LABEL_48	DAN_LABEL_49	DMN_LABEL_50	FP_LABEL_51	DMN_LABEL_52	DMN_LABEL_53	PON_LABEL_54	DMN_LABEL_55	Tpole_LABEL_56	Tpole_LABEL_57	Sal_LABEL_58	Sal_LABEL_59	SMd_LABEL_60	DAN_LABEL_61	FP_LABEL_62	DMN_LABEL_63	FP_LABEL_64	FP_LABEL_65	SMd_LABEL_66	SMl_LABEL_67	SMd_LABEL_68	DMN_LABEL_69	DAN_LABEL_70	DMN_LABEL_71	FP_LABEL_72	SMd_LABEL_73	SMl_LABEL_74	MTL_LABEL_75	MTL_LABEL_76	CO_LABEL_77	CO_LABEL_78	Vis_LABEL_79	Vis_LABEL_80
DMN_LABEL_1	1.0	-0.3485526442527771	-0.4051486849784851	-0.3495602011680603	0.2564637064933777	0.5819313526153564	0.40300002694129944	n/a	0.2999647557735443	-0.0781753808259964	0.38204601407051086	-0.5006017684936523	-0.20107705891132355	-0.3091057240962982	-0.21764130890369415	0.6307116150856018	-0.27676934003829956	0.6232315897941589	0.013562737964093685	-0.16351264715194702	-0.42659592628479004	-0.14249946177005768	0.1319631040096283	0.04862891137599945	-0.009020279161632061	0.14044728875160217	0.592352032661438	-0.04884953051805496	-0.3766688108444214	-0.05473552271723747	-0.2123514860868454	0.11829081922769547	0.3835016191005707	0.15469244122505188	n/a	-0.2587084174156189	0.31799936294555664	-0.45425811409950256	-0.21061637997627258	-0.15269652009010315	0.07057074457406998	-0.20833994448184967	-0.010832547210156918	-0.2898547649383545	-0.3623712956905365	-0.0640447735786438	0.3111099898815155	0.3763678967952728	0.07540041208267212	0.6331417560577393	-0.18602342903614044	0.18611039221286774	0.18134383857250214	0.38267284631729126	0.4340376853942871	0.3195151090621948	0.06734135001897812	0.13599610328674316	0.028881313279271126	-0.013387894257903099	-0.11849792301654816	0.1982535868883133	-0.09788847714662552	0.3379034698009491	-0.0013986914418637753	0.1693892627954483	-0.3064377009868622	0.021723836660385132	-0.005353317130357027	0.07435952872037888	-0.03206760808825493	0.05193431302905083	0.0036229242105036974	-0.1755954474210739	0.3265042304992676	0.3291079103946686	0.29501521587371826	0.1441359668970108	0.31658586859703064	0.16152678430080414
Vis_LABEL_2	-0.3485526442527771	1.0	-0.17022080719470978	-0.03280635550618172	-0.13547883927822113	-0.021760717034339905	-0.18362382054328918	n/a	-0.5644195079803467	-0.4083523750305176	-0.294519305229187	0.06418339163064957	-0.17482270300388336	0.0818977877497673	-0.0817432776093483	-0.10232838988304138	-0.19432727992534637	-0.2535436749458313	-0.006611761637032032	-0.21346111595630646	-0.26731663942337036	-0.16639965772628784	-0.2278657853603363	0.3316318392753601	0.114295594394207	0.20670831203460693	-0.08415411412715912	0.3693334460258484	0.8186442255973816	-0.11981437355279922	-0.03235568478703499	0.15641799569129944	-0.031106002628803253	-0.272503525018692	n/a	-0.29962971806526184	-0.15789608657360077	-0.21062976121902466	-0.14291633665561676	-0.005519531667232513	-0.523023247718811	-0.3571949303150177	-0.15215514600276947	-0.09743664413690567	-0.2313264012336731	-0.018852878361940384	-0.3474710285663605	-0.047157514840364456	-0.1367536038160324	-0.2400561422109604	0.014308146201074123	0.15555858612060547	-0.043129391968250275	-0.3270224928855896	0.3130039870738983	-0.054267097264528275	-0.31970280408859253	-0.01963145099580288	0.16857244074344635	-0.20330826938152313	-0.18205393850803375	-0.0838787704706192	0.20667535066604614	-0.12803246080875397	0.01506078615784645	-0.20445263385772705	0.2662264406681061	-0.4382273852825165	-0.1697581261396408	-0.13340173661708832	-0.04704286903142929	-0.07059746235609055	-0.4207734167575836	0.42178696393966675	-0.08582732081413269	-0.0005279617616906762	-0.20533104240894318	-0.20997564494609833	-0.2239360511302948	-0.02746470645070076
FP_LABEL_3	-0.4051486849784851	-0.17022080719470978	1.0	0.2346823662519455	0.09878615289926529	-0.289600133895874	-0.021408218890428543	n/a	-0.049773361533880234	0.5027093887329102	0.02546393685042858	0.46759095788002014	0.3873189389705658	0.564123272895813	0.46353477239608765	-0.33792048692703247	0.6896920800209045	-0.19934974610805511	-0.2167145311832428	0.2470228672027588	0.707420825958252	0.15303628146648407	0.23844793438911438	-0.43878480792045593	0.01509411633014679	-0.37325406074523926	-0.289977103471756	-0.07335519790649414	-0.3266548216342926	0.1263352632522583	0.06558652222156525	0.05077540874481201	-0.46455609798431396	0.017513519152998924	n/a	0.6167241334915161	-0.0006382720312103629	0.43919190764427185	0.260426789522171	0.4160246253013611	0.347383052110672	0.44782203435897827	-0.2450336366891861	0.04202652722597122	0.6034248471260071	-0.2494383305311203	-0.1920400708913803	-0.38100436329841614	-0.08413716405630112	-0.4632630944252014	0.07872159034013748	-0.35544928908348083	-0.10137779265642166	-0.27531129121780396	-0.4179200828075409	-0.29702016711235046	0.013949407264590263	-0.0753026232123375	-0.0030466103926301003	-0.031841591000556946	0.1867089569568634	-0.20268592238426208	-0.021518252789974213	-0.47107988595962524	0.14007675647735596	-0.08839020878076553	0.09761931747198105	0.1783309131860733	-0.0273731779307127	-0.17832139134407043	-0.007794197648763657	-0.12706679105758667	0.11942293494939804	0.0791432335972786	-0.3331925868988037	-0.51263827085495	0.04139001667499542	0.00936049409210682	-0.2371961623430252	-0.16056613624095917
Aud_LABEL_4	-0.3495602011680603	-0.03280635550618172	0.2346823662519455	1.0	-0.22128774225711823	-0.06177060306072235	-0.27237746119499207	n/a	0.02101607620716095	0.2846313416957855	-0.05871644616127014	0.23977036774158478	0.25161710381507874	0.5586470365524292	0.18105262517929077	-0.46706828474998474	0.41945114731788635	-0.24274563789367676	0.2504348158836365	0.5993306636810303	0.604319155216217	0.4523557722568512	0.05530444532632828	-0.10668659955263138	0.1655697226524353	-0.14812645316123962	-0.4267432391643524	-0.33419594168663025	0.020302118733525276	-0.012482463382184505	0.6454331874847412	-0.29409199953079224	-0.028938036412000656	-0.0530630424618721	n/a	0.4581930935382843	-0.009407238103449345	0.34724119305610657	0.09089452773332596	0.5669881701469421	0.07411251217126846	0.2586383521556854	0.13598857820034027	0.47865763306617737	0.5039799809455872	0.07512582838535309	-0.10185757279396057	-0.14261291921138763	0.22890859842300415	-0.3764379322528839	-0.10276809334754944	0.010808128863573074	-0.005314239300787449	-0.01780395396053791	-0.4801402986049652	-0.2263866364955902	0.23201298713684082	-0.07418409734964371	0.12170445919036865	0.0739918202161789	-0.055821578949689865	-0.4734298586845398	0.1271357238292694	-0.11376209557056427	-0.29197171330451965	-0.25960734486579895	-0.06520022451877594	0.11846746504306793	0.06523390114307404	-0.09123159945011139	-0.28946009278297424	-0.3968465030193329	0.3655520975589752	-0.046129193156957626	0.01991121843457222	-0.14797842502593994	-0.22446322441101074	0.20548363029956818	-0.14789479970932007	-0.06297567486763
Tpole_LABEL_5	0.2564637064933777	-0.13547883927822113	0.09878615289926529	-0.22128774225711823	1.0	0.15116973221302032	0.018969479948282242	n/a	0.030572595074772835	-0.1041320189833641	0.14304997026920319	-0.09653985500335693	-0.1712864339351654	0.06267648935317993	-0.025227444246411324	0.079412080347538	0.13890056312084198	0.5983386635780334	-0.08167582750320435	-0.040201395750045776	0.10612120479345322	0.1376200169324875	0.10824540257453918	-0.2567896842956543	0.04035061597824097	-0.4155867099761963	0.2074761986732483	0.057983458042144775	-0.15695300698280334	-0.1977161020040512	-0.1817864328622818	0.7326921224594116	-0.1738574355840683	-0.035767216235399246	n/a	0.05439899116754532	0.23122066259384155	-0.0665389895439148	0.23328204452991486	0.04105181619524956	0.012097226455807686	0.017512846738100052	-0.4286259412765503	-0.2413444221019745	-0.013477889820933342	0.10017283260822296	0.13750505447387695	-0.2664378583431244	0.05056367814540863	-0.09938092529773712	-0.014718052931129932	-0.321583092212677	0.10541589558124542	0.07716424018144608	0.062260910868644714	0.08440928161144257	-0.23341362178325653	-0.43977200984954834	0.08011815696954727	-0.2535945475101471	-0.1883697658777237	-0.14540934562683105	0.1966697722673416	-0.09258142858743668	0.29239413142204285	0.03672507405281067	-0.12593194842338562	-0.11457778513431549	-0.26651498675346375	-0.11584644019603729	-0.21484827995300293	-0.20032063126564026	-0.2503186762332916	0.2129100114107132	-0.011467420496046543	0.09000914543867111	0.507034182548523	-0.21183018386363983	0.008709977380931377	0.15960493683815002
PMN_LABEL_6	0.5819313526153564	-0.021760717034339905	-0.289600133895874	-0.06177060306072235	0.15116973221302032	1.0	0.1050800308585167	n/a	0.2167004495859146	-0.16336369514465332	0.4723157584667206	-0.4668422043323517	-0.38721567392349243	-0.1259157508611679	-0.49089473485946655	0.4819720685482025	-0.3140816390514374	0.18803094327449799	0.2428368180990219	-0.04234074801206589	-0.24806341528892517	-0.06662634760141373	0.012069988995790482	0.3993430733680725	0.3664776682853699	0.050788335502147675	0.2791091203689575	0.17345336079597473	0.03453114628791809	0.1402869075536728	0.00349659682251513	0.06658700108528137	0.7547122240066528	0.04461902007460594	n/a	-0.26508578658103943	0.21352382004261017	-0.7026118636131287	-0.4547443687915802	0.05665280297398567	-0.2626807987689972	-0.35189762711524963	0.057021528482437134	-0.08086738735437393	-0.2805986702442169	-0.04467300698161125	0.11351794749498367	0.6740711331367493	0.17662213742733002	0.4030180871486664	-0.12444666028022766	0.19146612286567688	0.0717637687921524	0.35086122155189514	0.34695032238960266	0.2764735221862793	-0.050249453634023666	-0.06982990354299545	-0.045700326561927795	-0.17370134592056274	-0.411108136177063	-0.22358755767345428	0.15976601839065552	0.378095418214798	-0.09706384688615799	-0.1975012868642807	-0.34023934602737427	-0.2530893087387085	-0.23358705639839172	-0.12090259790420532	-0.2869243621826172	-0.30466097593307495	-0.026867566630244255	-0.06781047582626343	0.4798732399940491	0.31187117099761963	0.20845083892345428	0.04453200101852417	0.33991411328315735	0.25376951694488525
PON_LABEL_7	0.40300002694129944	-0.18362382054328918	-0.021408218890428543	-0.27237746119499207	0.018969479948282242	0.1050800308585167	1.0	n/a	0.3031611144542694	-0.1365646868944168	0.1585633009672165	-0.03951301425695419	-0.22896741330623627	0.030309705063700676	-0.06491861492395401	0.3042962849140167	-0.02113327756524086	0.3729115426540375	-0.004102356731891632	-0.09619497507810593	-0.14875520765781403	-0.1782533824443817	-0.2646608352661133	-0.15435951948165894	-0.08192605525255203	0.13623939454555511	0.5426928997039795	-0.018214281648397446	-0.39340826869010925	-0.032539673149585724	-0.1952938735485077	0.03331756591796875	0.05779585987329483	0.7264377474784851	n/a	-0.08690115809440613	0.12089155614376068	-0.03057687170803547	-0.18252333998680115	0.15189088881015778	0.11222990602254868	-0.09505357593297958	0.01528098713606596	-0.2369510382413864	-0.018540065735578537	-0.2900580167770386	0.007288645021617413	0.10357925295829773	-0.00268551311455667	0.3896019160747528	-0.11327440291643143	-0.0006567445234395564	0.32571521401405334	0.2393261194229126	0.3532339036464691	0.2791145443916321	0.0988384485244751	0.3290632367134094	0.15382659435272217	0.12282521277666092	0.19678287208080292	0.4461279511451721	-0.08562349528074265	-0.17363977432250977	-0.33672040700912476	-0.04954095557332039	0.02193792350590229	0.14286746084690094	0.12572413682937622	0.028807034716010094	0.1907474845647812	0.22111953794956207	-0.1918337345123291	-0.01807362772524357	0.34460216760635376	0.34201547503471375	-0.06500856578350067	0.2996082603931427	0.05249959975481033	-0.22982534766197205
MTL_LABEL_8	n/a	n/a	n/a	n/a	n/a	n/a	n/a	1.0	n/a	n/a	n/a	n/a	n/a	n/a	n/a	n/a	n/a	n/a	n/a	n/a	n/a	n/a	n/a	n/a	n/a	n/a	n/a	n/a	n/a	n/a	n/a	n/a	n/a	n/a	n/a	n/a	n/a	n/a	n/a	n/a	n/a	n/a	n/a	n/a	n/a	n/a	n/a	n/a	n/a	n/a	n/a	n/a	n/a	n/a	n/a	n/a	n/a	n/a	n/a	n/a	n/a	n/a	n/a	n/a	n/a	n/a	n/a	n/a	n/a	n/a	n/a	n/a	n/a	n/a	n/a	n/a	n/a	n/a	n/a	n/a
PON_LABEL_9	0.2999647557735443	-0.5644195079803467	-0.049773361533880234	0.02101607620716095	0.030572595074772835	0.2167004495859146	0.3031611144542694	n/a	1.0	0.13777214288711548	0.3209170699119568	0.05343078076839447	-0.04849882423877716	-0.23301850259304047	-0.29685327410697937	0.06137136369943619	-0.06513585895299911	0.19956542551517487	0.42605212330818176	0.29799968004226685	0.02034752257168293	-0.021916190162301064	-0.0568460151553154	-0.06477122753858566	0.3115459084510803	-0.11951316148042679	0.26247379183769226	0.0029232942033559084	-0.3505600690841675	0.03673054650425911	0.10846678912639618	-0.2490629404783249	0.2843986451625824	0.5630751252174377	n/a	0.009703170508146286	-0.003190989140421152	0.007798817474395037	-0.19048470258712769	-0.09296390414237976	0.1000719740986824	-0.14439313113689423	0.2927717864513397	-0.042981356382369995	-0.1005467027425766	-0.18642374873161316	0.17128127813339233	0.1731359213590622	0.558026134967804	0.3859531581401825	-0.24492456018924713	-0.26740121841430664	0.08093913644552231	0.6439616084098816	-0.08588706701993942	0.08078411966562271	0.16244082152843475	0.05091629922389984	-0.16830924153327942	0.2186136245727539	-0.29962795972824097	-0.08590506762266159	0.10801500082015991	0.11346230655908585	-0.34694904088974	-0.04380923509597778	-0.5825813412666321	0.29443272948265076	-0.25235071778297424	0.08566989004611969	-0.27540692687034607	-0.3181098699569702	0.5830579996109009	-0.6374869346618652	0.559912919998169	0.4500097334384918	0.3079874813556671	0.16641980409622192	0.5083526372909546	0.3918745815753937
CO_LABEL_10	-0.0781753808259964	-0.4083523750305176	0.5027093887329102	0.2846313416957855	-0.1041320189833641	-0.16336369514465332	-0.1365646868944168	n/a	0.13777214288711548	1.0	0.3167453408241272	0.37776923179626465	0.48626255989074707	0.2119819074869156	0.45481616258621216	-0.38005465269088745	0.5285525918006897	-0.3134198486804962	-0.17803454399108887	0.49830445647239685	0.5352798104286194	0.29833558201789856	0.35840433835983276	-0.36418381333351135	-0.2637992799282074	-0.4159253239631653	-0.38682740926742554	-0.41873398423194885	-0.4366418421268463	0.05980294570326805	0.28704598546028137	-0.14165911078453064	-0.09585747122764587	-0.11533550918102264	n/a	0.7156524062156677	0.2960236370563507	0.45112866163253784	0.26454249024391174	0.1261238008737564	0.3917168080806732	0.6236660480499268	0.0873514860868454	0.2684246599674225	0.5797434449195862	-0.022183015942573547	-0.057054486125707626	-0.14516054093837738	-0.013234452344477177	-0.24207645654678345	-0.051616229116916656	-0.3482667803764343	-0.2195911407470703	0.010054580867290497	-0.5156266689300537	-0.28498950600624084	0.05039486661553383	0.049994517117738724	-0.03256964311003685	0.10747180134057999	0.09718828648328781	-0.0716904029250145	-0.12892809510231018	-0.049682244658470154	-0.031956762075424194	0.10168514400720596	-0.17042866349220276	0.3648473918437958	0.015624976716935635	0.06289219111204147	-0.0063905068673193455	-0.051749471575021744	0.4006381034851074	-0.2821478545665741	-0.320125937461853	-0.38947930932044983	0.27826350927352905	0.1415199339389801	-0.2279565930366516	-0.01820131577551365
Sal_LABEL_11	0.38204601407051086	-0.294519305229187	0.02546393685042858	-0.05871644616127014	0.14304997026920319	0.4723157584667206	0.1585633009672165	n/a	0.3209170699119568	0.3167453408241272	1.0	-0.04822574555873871	-0.1547051966190338	-0.15795281529426575	-0.21620342135429382	0.21799609065055847	-0.12049996852874756	0.0413825660943985	0.08923111110925674	0.12802574038505554	0.02104363776743412	0.019688749685883522	0.14837826788425446	-0.1465071737766266	0.13198132812976837	-0.26890888810157776	0.16827918589115143	-0.061652883887290955	-0.27465906739234924	0.1093933954834938	-0.11842457950115204	0.07365243881940842	0.36080700159072876	0.08625828474760056	n/a	0.026118909940123558	0.6332854628562927	-0.24263089895248413	-0.34092968702316284	-0.09035938233137131	0.009170492179691792	-0.13105371594429016	-0.023119822144508362	-0.07655549794435501	-0.0938609316945076	-0.22735010087490082	0.044691216200590134	0.2779272198677063	0.23057763278484344	0.23067444562911987	-0.11380447447299957	-0.24884924292564392	-0.01062801294028759	0.22376294434070587	0.13009320199489594	-0.08313914388418198	-0.04137490317225456	0.15580537915229797	0.2461019605398178	0.14663252234458923	-0.11762849986553192	-0.0388280414044857	0.06892676651477814	0.12857256829738617	-0.09711138904094696	-0.196162149310112	-0.3606565594673157	0.14994759857654572	-0.10903582721948624	0.14152173697948456	-0.07100208848714828	-0.1755915731191635	0.20063653588294983	-0.24365289509296417	0.14864028990268707	0.008369662798941135	0.2320602983236313	0.1816062331199646	0.043315913528203964	0.2970716059207916
CO_LABEL_12	-0.5006017684936523	0.06418339163064957	0.46759095788002014	0.23977036774158478	-0.09653985500335693	-0.4668422043323517	-0.03951301425695419	n/a	0.05343078076839447	0.37776923179626465	-0.04822574555873871	1.0	0.23076783120632172	0.2699759304523468	0.25883978605270386	-0.6851722002029419	0.32237905263900757	-0.25547266006469727	0.03011244349181652	0.27211710810661316	0.4301263093948364	0.1318708062171936	0.12019052356481552	-0.3133809566497803	0.11697268486022949	-0.21022732555866241	-0.2996618151664734	-0.04444590210914612	0.022977158427238464	0.020197760313749313	0.27179357409477234	0.022677741944789886	-0.3343169391155243	-0.020519452169537544	n/a	0.5329191088676453	-0.041921552270650864	0.6344664692878723	0.13842739164829254	0.19375784695148468	0.06392452120780945	0.378485769033432	-0.15685275197029114	0.16772472858428955	0.5175864100456238	-0.03790195286273956	-0.13638660311698914	-0.32692790031433105	0.1352994441986084	-0.48186686635017395	0.15742957592010498	-0.3601900339126587	0.1553880274295807	-0.15583592653274536	-0.423490971326828	-0.30076682567596436	-0.04962892830371857	0.015615787357091904	-0.016950102522969246	-0.08888860791921616	-0.011290466412901878	-0.13524195551872253	0.09303717315196991	-0.274288535118103	-0.08133438974618912	-0.27508753538131714	-0.13408875465393066	0.044389523565769196	-0.1892608404159546	-0.09342695772647858	-0.09915469586849213	-0.18859854340553284	0.0013085909886285663	-0.04412532225251198	-0.26159635186195374	-0.2838837206363678	0.055012404918670654	0.22451768815517426	-0.2735802233219147	-0.20255528390407562
SMd_LABEL_13	-0.20107705891132355	-0.17482270300388336	0.3873189389705658	0.25161710381507874	-0.1712864339351654	-0.38721567392349243	-0.22896741330623627	n/a	-0.04849882423877716	0.48626255989074707	-0.1547051966190338	0.23076783120632172	1.0	0.31615012884140015	0.46500301361083984	-0.26943138241767883	0.5177364945411682	-0.11662077158689499	-0.2390672266483307	0.2514173686504364	0.4135379493236542	0.2687087655067444	0.2453354299068451	-0.237845316529274	-0.13885962963104248	-0.020169144496321678	-0.2719040513038635	-0.36609095335006714	-0.23301586508750916	-0.3673727810382843	-0.05146905034780502	-0.06888514757156372	-0.387149840593338	-0.07681350409984589	n/a	0.37428411841392517	-0.2669757008552551	0.3731941282749176	0.25303447246551514	0.22467570006847382	0.13247959315776825	0.3498021364212036	-0.19269953668117523	-0.1650024950504303	0.23643852770328522	0.04623407870531082	-0.12747971713542938	-0.20187148451805115	-0.26667478680610657	-0.3562699854373932	-0.26730072498321533	0.0003352295025251806	0.031939875334501266	-0.15711809694766998	-0.46491169929504395	-0.27838218212127686	0.10935609042644501	-0.07476526498794556	-0.15320172905921936	0.06514588743448257	0.24662558734416962	-0.03635966405272484	-0.10282332450151443	-0.17385399341583252	0.18600153923034668	0.19560226798057556	0.13326728343963623	0.2985680103302002	0.18538402020931244	0.0915469229221344	0.0952448695898056	0.05244523659348488	0.38456010818481445	0.04286101087927818	-0.33851349353790283	-0.4970545470714569	0.028969669714570045	-0.09540391713380814	-0.15792639553546906	-0.1220306009054184
SMl_LABEL_14	-0.3091057240962982	0.0818977877497673	0.564123272895813	0.5586470365524292	0.06267648935317993	-0.1259157508611679	0.030309705063700676	n/a	-0.23301850259304047	0.2119819074869156	-0.15795281529426575	0.2699759304523468	0.31615012884140015	1.0	0.320944219827652	-0.37722015380859375	0.6731520295143127	-0.036793772131204605	-0.2465142011642456	0.24136465787887573	0.6436620354652405	0.3098621666431427	0.0006840793648734689	-0.3427836000919342	0.07523510605096817	-0.17288461327552795	-0.1872023195028305	-0.11859286576509476	-0.14498765766620636	-0.19199596345424652	0.40089505910873413	0.18780946731567383	-0.30470404028892517	0.02405245415866375	n/a	0.4302741289138794	-0.0997515395283699	0.21674522757530212	0.2911072075366974	0.9268655180931091	0.05612906441092491	0.3071466088294983	-0.30077749490737915	-0.08699562400579453	0.5749727487564087	0.03338412195444107	-0.26846808195114136	-0.3329819142818451	-0.03496337682008743	-0.5821631550788879	-0.12291483581066132	-0.12074669450521469	0.336891770362854	-0.1676916778087616	-0.36886993050575256	-0.1504058539867401	-0.07907472550868988	-0.18454857170581818	0.03980320319533348	-0.20185935497283936	0.027534471824765205	-0.34223634004592896	0.22439846396446228	-0.4637538492679596	-0.03947276994585991	-0.20255142450332642	0.23365530371665955	-0.07513214647769928	-0.1331663727760315	-0.4047697186470032	-0.2646960914134979	-0.28320813179016113	-0.09765176475048065	0.35654377937316895	-0.23378238081932068	-0.4325348138809204	-0.2073884755373001	0.02131655439734459	-0.24038513004779816	-0.42565760016441345
DAN_LABEL_15	-0.21764130890369415	-0.0817432776093483	0.46353477239608765	0.18105262517929077	-0.025227444246411324	-0.49089473485946655	-0.06491861492395401	n/a	-0.29685327410697937	0.45481616258621216	-0.21620342135429382	0.25883978605270386	0.46500301361083984	0.320944219827652	1.0	-0.2916273772716522	0.6153421401977539	-0.03968530893325806	-0.4942004084587097	0.07301334291696548	0.35979846119880676	-0.07778184860944748	0.48593875765800476	-0.5425229072570801	-0.41015517711639404	-0.24560514092445374	-0.3285294771194458	-0.4591488540172577	-0.36942538619041443	-0.1930876523256302	0.17611142992973328	-0.01904304325580597	-0.6235143542289734	-0.2908261716365814	n/a	0.5561856031417847	-0.05177006497979164	0.5349289774894714	0.5661778450012207	0.2203044891357422	0.6593056321144104	0.6540175676345825	-0.048778027296066284	0.1107453927397728	0.5370986461639404	0.06008688732981682	0.09748578071594238	-0.5846127867698669	-0.23188245296478271	-0.31732919812202454	-0.10144636780023575	-0.21222521364688873	-0.27916157245635986	-0.35726991295814514	-0.42823484539985657	-0.17791834473609924	-0.23328544199466705	-0.11668732762336731	-0.04315269738435745	0.026646779850125313	0.3874761760234833	0.21935562789440155	-0.21236294507980347	-0.2832089066505432	0.21554210782051086	0.2045816034078598	0.358291894197464	0.30237308144569397	0.1770624816417694	0.13071802258491516	0.255298912525177	0.23998279869556427	-0.07689081877470016	0.21833927929401398	-0.5071065425872803	-0.49619072675704956	-0.134221151471138	-0.06127599626779556	-0.4137721061706543	-0.3737967610359192
DMN_LABEL_16	0.6307116150856018	-0.10232838988304138	-0.33792048692703247	-0.46706828474998474	0.079412080347538	0.4819720685482025	0.3042962849140167	n/a	0.06137136369943619	-0.38005465269088745	0.21799609065055847	-0.6851722002029419	-0.26943138241767883	-0.37722015380859375	-0.2916273772716522	1.0	-0.4763930141925812	0.37589460611343384	0.14379794895648956	-0.4248393476009369	-0.5166077017784119	-0.19400881230831146	-0.21560753881931305	0.2744934856891632	0.06771807372570038	0.4249996542930603	0.663136899471283	0.2521437406539917	-0.13471101224422455	0.04095112159848213	-0.5911723971366882	-0.007757140323519707	0.21849603950977325	0.1485077291727066	n/a	-0.6086763739585876	0.05143555626273155	-0.5934594869613647	-0.36900195479393005	-0.3005061447620392	-0.08574730157852173	-0.503068745136261	0.1278267800807953	-0.3303621709346771	-0.6404582262039185	-0.18448077142238617	0.04457075521349907	0.3565294146537781	-0.17078657448291779	0.731035590171814	-0.08181475102901459	0.4488997161388397	-0.09933407604694366	0.1634903848171234	0.6519063711166382	0.19459350407123566	0.10186070948839188	0.1278802901506424	-0.014717579819262028	0.18310995399951935	0.1370844542980194	0.2530474066734314	-0.2245645821094513	0.17247505486011505	0.11582087725400925	0.24861063063144684	0.07509981095790863	0.0632353276014328	0.2798617482185364	0.15708978474140167	0.3117646872997284	0.3168351352214813	-0.14045986533164978	0.0727304071187973	0.24118643999099731	0.20048733055591583	0.016942115500569344	-0.0570916086435318	0.16276954114437103	0.20665177702903748
CO_LABEL_17	-0.27676934003829956	-0.19432727992534637	0.6896920800209045	0.41945114731788635	0.13890056312084198	-0.3140816390514374	-0.02113327756524086	n/a	-0.06513585895299911	0.5285525918006897	-0.12049996852874756	0.32237905263900757	0.5177364945411682	0.6731520295143127	0.6153421401977539	-0.4763930141925812	1.0	-0.07257488369941711	-0.3126363456249237	0.5317625999450684	0.8167673349380493	0.2700810730457306	0.3054567575454712	-0.45373380184173584	-0.010813983157277107	-0.46932047605514526	-0.35776272416114807	-0.4545569121837616	-0.4037632346153259	-0.22256022691726685	0.2973993718624115	0.053111013025045395	-0.3733280301094055	0.048797521740198135	n/a	0.6890566945075989	-0.11055748909711838	0.41664189100265503	0.45916643738746643	0.572600781917572	0.406061589717865	0.674340009689331	-0.21518230438232422	0.0845644399523735	0.7459917664527893	0.05026770755648613	-0.16498535871505737	-0.42130163311958313	-0.09070678800344467	-0.48152631521224976	-0.22508841753005981	-0.3043288290500641	-0.06538813561201096	-0.12645766139030457	-0.6177129745483398	0.011652004905045033	-0.07847708463668823	-0.2561975121498108	-0.016199568286538124	-0.22627389430999756	0.07699333131313324	-0.1970190852880478	0.034632325172424316	-0.3444342613220215	0.06110595539212227	-0.05739622935652733	0.09740826487541199	0.04060018062591553	-0.10519502311944962	-0.20550619065761566	-0.2033732384443283	-0.21732346713542938	0.1690300554037094	0.13814093172550201	-0.20672525465488434	-0.39945825934410095	0.009536474011838436	-0.08065980672836304	-0.20263104140758514	-0.2424296736717224
DMN_LABEL_18	0.6232315897941589	-0.2535436749458313	-0.19934974610805511	-0.24274563789367676	0.5983386635780334	0.18803094327449799	0.3729115426540375	n/a	0.19956542551517487	-0.3134198486804962	0.0413825660943985	-0.25547266006469727	-0.11662077158689499	-0.036793772131204605	-0.03968530893325806	0.37589460611343384	-0.07257488369941711	1.0	-0.04804065451025963	-0.18668866157531738	-0.24235878884792328	0.022283244878053665	0.07727256417274475	-0.24924981594085693	0.06032424047589302	0.07346551865339279	0.646109402179718	0.02843966707587242	-0.36198872327804565	-0.3144390285015106	-0.1927683800458908	0.44369399547576904	-0.13849715888500214	0.17984777688980103	n/a	-0.19658851623535156	0.11609277874231339	-0.1776229739189148	0.16265171766281128	0.06462550163269043	0.08564680814743042	-0.11452947556972504	-0.23615138232707977	-0.43005773425102234	-0.23982155323028564	0.09731007367372513	0.25959768891334534	-0.19025295972824097	0.0286860428750515	0.3058415949344635	-0.13964484632015228	0.024454768747091293	0.4203721582889557	0.13363765180110931	0.30499139428138733	0.18287084996700287	-0.02535000443458557	-0.11716219782829285	0.15030372142791748	-0.12808571755886078	-0.0245287474244833	0.06872902065515518	0.1281537562608719	0.00871368870139122	0.1343381106853485	0.16345685720443726	-0.08681713044643402	-0.010884048417210579	-0.02377423271536827	-0.05637706071138382	-0.08380632102489471	0.03475964814424515	-0.24775946140289307	0.17773142457008362	0.09060455113649368	0.19070544838905334	0.1599675863981247	-0.0031405470799654722	0.07479704916477203	-0.06424808502197266
VAN_LABEL_19	0.013562737964093685	-0.006611761637032032	-0.2167145311832428	0.2504348158836365	-0.08167582750320435	0.2428368180990219	-0.004102356731891632	n/a	0.42605212330818176	-0.17803454399108887	0.08923111110925674	0.03011244349181652	-0.2390672266483307	-0.2465142011642456	-0.4942004084587097	0.14379794895648956	-0.3126363456249237	-0.04804065451025963	1.0	0.33964747190475464	-0.02943546324968338	0.18894796073436737	-0.17864371836185455	0.2591991722583771	0.5092419981956482	0.3083115220069885	0.11424005031585693	0.06490390747785568	0.184713676571846	-0.03798569366335869	-0.010931970551609993	-0.4052688777446747	0.30689457058906555	0.3803092837333679	n/a	-0.277426540851593	-0.25249454379081726	-0.08316830545663834	-0.380307137966156	-0.20391574501991272	-0.3235136866569519	-0.4354268014431	0.48311033844947815	0.313650518655777	-0.2920503318309784	-0.13104741275310516	0.04547420144081116	0.28560400009155273	0.44925642013549805	0.24086058139801025	-0.13963699340820312	0.2408062368631363	-0.20025773346424103	0.443085253238678	0.018835023045539856	-0.07382102310657501	0.34741467237472534	0.004619529936462641	-0.01886417157948017	0.21131403744220734	-0.2796337902545929	-0.26339563727378845	0.15846824645996094	0.007048146333545446	-0.2518005073070526	-0.0943094864487648	-0.34512314200401306	0.1001449003815651	-0.03994273394346237	0.19642041623592377	-0.16652637720108032	-0.24502654373645782	0.34310197830200195	-0.2856666147708893	0.43517014384269714	0.5420551300048828	-0.059654995799064636	0.018801234662532806	0.1503344476222992	0.4268675446510315
CO_LABEL_20	-0.16351264715194702	-0.21346111595630646	0.2470228672027588	0.5993306636810303	-0.040201395750045776	-0.04234074801206589	-0.09619497507810593	n/a	0.29799968004226685	0.49830445647239685	0.12802574038505554	0.27211710810661316	0.2514173686504364	0.24136465787887573	0.07301334291696548	-0.4248393476009369	0.5317625999450684	-0.18668866157531738	0.33964747190475464	1.0	0.6071654558181763	0.5804757475852966	0.11414895206689835	-0.13198885321617126	0.28504478931427	-0.29385894536972046	-0.26037681102752686	-0.3792703449726105	-0.1544351726770401	-0.2227022647857666	0.4507243037223816	-0.27080127596855164	0.042922601103782654	0.14502958953380585	n/a	0.4714394509792328	-0.01743168942630291	0.2846491038799286	0.13533730804920197	0.1943250596523285	0.0990963950753212	0.39588361978530884	0.154784694314003	0.4198135733604431	0.4466964602470398	0.07830315083265305	-0.06525856256484985	-0.06690157204866409	0.3460250496864319	-0.1942591369152069	-0.3506426513195038	-0.19501304626464844	-0.13576458394527435	0.3189335763454437	-0.5085225105285645	-0.003101288340985775	0.12779121100902557	-0.14315807819366455	0.002171061234548688	-0.063526451587677	-0.31964606046676636	-0.3398268222808838	0.12763267755508423	-0.12342673540115356	-0.2908940315246582	-0.2144293338060379	-0.3406042158603668	0.07862090319395065	-0.18527854979038239	-0.05976513773202896	-0.36492693424224854	-0.42238107323646545	0.48504891991615295	-0.29888397455215454	0.11736632138490677	0.08497334271669388	0.03680604696273804	0.0016255492810159922	-0.03108051046729088	0.08990731090307236
CO_LABEL_21	-0.42659592628479004	-0.26731663942337036	0.707420825958252	0.604319155216217	0.10612120479345322	-0.24806341528892517	-0.14875520765781403	n/a	0.02034752257168293	0.5352798104286194	0.02104363776743412	0.4301263093948364	0.4135379493236542	0.6436620354652405	0.35979846119880676	-0.5166077017784119	0.8167673349380493	-0.24235878884792328	-0.02943546324968338	0.6071654558181763	1.0	0.44831037521362305	0.1973603218793869	-0.3681982159614563	0.08925516158342361	-0.40859344601631165	-0.4327741861343384	-0.4347548484802246	-0.3335430920124054	-0.06472328305244446	0.28141269087791443	-0.01785692386329174	-0.2636541724205017	0.06957807391881943	n/a	0.684489905834198	-0.07940734177827835	0.4859352707862854	0.28142476081848145	0.5740978717803955	0.29574307799339294	0.5723370313644409	-0.11368758976459503	0.27898064255714417	0.7470367550849915	0.044330894947052	-0.17902149260044098	-0.2819223701953888	-0.035011567175388336	-0.5433018207550049	-0.07902375608682632	-0.21693557500839233	-0.08446642011404037	-0.13974936306476593	-0.7113466858863831	-0.13296790421009064	0.20509864389896393	-0.23208029568195343	0.07684868574142456	-0.01575957052409649	0.1272171288728714	-0.3364470303058624	-0.0225484948605299	-0.35842517018318176	0.0026183498557657003	-0.09605802595615387	0.051427099853754044	0.16608208417892456	0.04268617182970047	-0.07250513136386871	-0.1641925871372223	-0.2683822512626648	0.2928723990917206	0.023952290415763855	-0.11844171583652496	-0.3939023017883301	-0.012577126733958721	0.08215177804231644	-0.18808715045452118	-0.15593896806240082
Sal_LABEL_22	-0.14249946177005768	-0.16639965772628784	0.15303628146648407	0.4523557722568512	0.1376200169324875	-0.06662634760141373	-0.1782533824443817	n/a	-0.021916190162301064	0.29833558201789856	0.019688749685883522	0.1318708062171936	0.2687087655067444	0.3098621666431427	-0.07778184860944748	-0.19400881230831146	0.2700810730457306	0.022283244878053665	0.18894796073436737	0.5804757475852966	0.44831037521362305	1.0	-0.10260884463787079	-0.04364176094532013	0.053172722458839417	-0.11738786846399307	-0.10830321162939072	-0.1448119431734085	-0.05307894945144653	-0.1905299872159958	0.2083432972431183	0.14278161525726318	-0.13391776382923126	-0.038312796503305435	n/a	0.3020186424255371	0.08427149802446365	0.20651261508464813	0.19465245306491852	0.20666487514972687	-0.19609709084033966	0.2155110239982605	-0.022788764908909798	0.18528175354003906	0.2793430984020233	0.4549679458141327	-0.21226269006729126	-0.14241304993629456	-0.06537245213985443	-0.26962608098983765	-0.029895054176449776	0.06383761763572693	0.129320427775383	0.012760144658386707	-0.3066008388996124	-0.24549685418605804	0.23195645213127136	-0.017355624586343765	0.20905260741710663	-0.08976560831069946	0.029385797679424286	-0.2899243235588074	0.05431308597326279	-0.1279073804616928	0.0741792842745781	-0.04885147884488106	-0.07579267024993896	0.04183157905936241	0.13187149167060852	-0.15153557062149048	-0.11657392978668213	-0.14640343189239502	0.16591493785381317	0.07984336465597153	-0.24176937341690063	-0.21464070677757263	0.05444376543164253	0.08619082719087601	-0.20644234120845795	0.0026240774895995855
DAN_LABEL_23	0.1319631040096283	-0.2278657853603363	0.23844793438911438	0.05530444532632828	0.10824540257453918	0.012069988995790482	-0.2646608352661133	n/a	-0.0568460151553154	0.35840433835983276	0.14837826788425446	0.12019052356481552	0.2453354299068451	0.0006840793648734689	0.48593875765800476	-0.21560753881931305	0.3054567575454712	0.07727256417274475	-0.17864371836185455	0.11414895206689835	0.1973603218793869	-0.10260884463787079	1.0	-0.20006275177001953	-0.025480465963482857	-0.26449283957481384	-0.2622058391571045	-0.44407328963279724	-0.26605188846588135	-0.14648519456386566	0.09570326656103134	-0.03533553332090378	-0.13652034103870392	-0.27491316199302673	n/a	0.40752482414245605	0.04060855880379677	0.18184873461723328	0.26758649945259094	0.004913701675832272	0.5056886076927185	0.46180635690689087	-0.07391508668661118	0.2697277367115021	0.28530263900756836	0.04823966324329376	0.6041136980056763	-0.031428202986717224	0.0770583301782608	-0.20178550481796265	-0.19565580785274506	-0.17914079129695892	-0.2265646904706955	-0.12676773965358734	-0.405078649520874	-0.16407625377178192	-0.05891473591327667	-0.11601929366588593	0.011732935905456543	-0.08422064781188965	0.011011924594640732	-0.12403225153684616	-0.0009009392815642059	0.016186922788619995	0.32647809386253357	-0.00974178221076727	-0.11865396052598953	0.17137226462364197	-0.09480922669172287	0.20747682452201843	-0.11501800268888474	-0.10389255732297897	0.10993864387273788	-0.16460758447647095	-0.23612336814403534	-0.24647824466228485	-0.007623986341059208	0.037520233541727066	-0.024780020117759705	-0.023158082738518715
PMN_LABEL_24	0.04862891137599945	0.3316318392753601	-0.43878480792045593	-0.10668659955263138	-0.2567896842956543	0.3993430733680725	-0.15435951948165894	n/a	-0.06477122753858566	-0.36418381333351135	-0.1465071737766266	-0.3133809566497803	-0.237845316529274	-0.3427836000919342	-0.5425229072570801	0.2744934856891632	-0.45373380184173584	-0.24924981594085693	0.2591991722583771	-0.13198885321617126	-0.3681982159614563	-0.04364176094532013	-0.20006275177001953	1.0	0.18899066746234894	0.23747625946998596	0.06515061855316162	0.3133856952190399	0.6168311238288879	0.19122536480426788	-0.1674650013446808	-0.21707531809806824	0.5248000621795654	0.04375879094004631	n/a	-0.37259113788604736	-0.1655261218547821	-0.41305363178253174	-0.5536788702011108	-0.2410317361354828	-0.4992775321006775	-0.43920665979385376	0.0943949744105339	0.09200066328048706	-0.39414292573928833	0.05065806210041046	-0.04412427172064781	0.6458114385604858	-0.12650464475154877	0.2874339818954468	0.07768383622169495	0.40339988470077515	-0.14045310020446777	0.10445820540189743	0.351938933134079	0.12705741822719574	0.07530409097671509	0.03523392230272293	-0.14761696755886078	-0.1874200850725174	-0.26409775018692017	-0.17090417444705963	-0.08343569189310074	0.4908469617366791	-0.06179545074701309	-0.1989995837211609	-0.20275138318538666	-0.3445693850517273	-0.04414413869380951	-0.025623315945267677	-0.15438203513622284	-0.16900375485420227	0.033169154077768326	-0.14683179557323456	0.39362040162086487	0.2588076591491699	0.06066030263900757	0.023730164393782616	0.3739979565143585	0.3098365366458893
DAN_LABEL_25	-0.009020279161632061	0.114295594394207	0.01509411633014679	0.1655697226524353	0.04035061597824097	0.3664776682853699	-0.08192605525255203	n/a	0.3115459084510803	-0.2637992799282074	0.13198132812976837	0.11697268486022949	-0.13885962963104248	0.07523510605096817	-0.41015517711639404	0.06771807372570038	-0.010813983157277107	0.06032424047589302	0.5092419981956482	0.28504478931427	0.08925516158342361	0.053172722458839417	-0.025480465963482857	0.18899066746234894	1.0	0.09272687882184982	0.1939902901649475	0.20365425944328308	0.16426041722297668	-0.12960359454154968	0.08418770879507065	-0.0619082972407341	0.2808067202568054	0.16890473663806915	n/a	-0.2588179111480713	-0.2178955078125	-0.41136252880096436	-0.34908121824264526	0.0895637646317482	-0.3657972812652588	-0.3313271701335907	0.03607870265841484	-0.005338030401617289	-0.194372296333313	-0.012146281078457832	-0.13417524099349976	0.27182891964912415	0.465633362531662	0.04277145490050316	-0.2318800836801529	0.08734765648841858	0.08939594775438309	0.3055534362792969	0.01655113883316517	0.0432545430958271	0.026788901537656784	-0.12478433549404144	-0.09075643122196198	-0.1763284057378769	-0.4870733320713043	-0.5395886898040771	0.5422350764274597	-0.08020918071269989	-0.08297356963157654	-0.3543837070465088	-0.29079607129096985	-0.21371474862098694	-0.4014233350753784	-0.16155663132667542	-0.45479193329811096	-0.5398764610290527	0.09676701575517654	-0.055688221007585526	0.3202823996543884	0.18937647342681885	-0.13197417557239532	-0.1498720943927765	0.13061806559562683	0.19408085942268372
