Node	DMN_LABEL_1	Vis_LABEL_2	FP_LABEL_3	Aud_LABEL_4	Tpole_LABEL_5	PMN_LABEL_6	PON_LABEL_7	MTL_LABEL_8	PON_LABEL_9	CO_LABEL_10	Sal_LABEL_11	CO_LABEL_12	SMd_LABEL_13	SMl_LABEL_14	DAN_LABEL_15	DMN_LABEL_16	CO_LABEL_17	DMN_LABEL_18	VAN_LABEL_19	CO_LABEL_20	CO_LABEL_21	Sal_LABEL_22	DAN_LABEL_23	PMN_LABEL_24	DAN_LABEL_25	DMN_LABEL_26	DMN_LABEL_27	DMN_LABEL_28	Vis_LABEL_29	FP_LABEL_30	Aud_LABEL_31	Tpole_LABEL_32	PMN_LABEL_33	PON_LABEL_34	MTL_LABEL_35	CO_LABEL_36	Sal_LABEL_37	CO_LABEL_38	SMd_LABEL_39	SMl_LABEL_40	DAN_LABEL_41	CO_LABEL_42	VAN_LABEL_43	CO_LABEL_44	CO_LABEL_45	Sal_LABEL_46	DAN_LABEL_47	PMN_LABEL_48	DAN_LABEL_49	DMN_LABEL_50	FP_LABEL_51	DMN_LABEL_52	DMN_LABEL_53	PON_LABEL_54	DMN_LABEL_55	Tpole_LABEL_56	Tpole_LABEL_57	Sal_LABEL_58	Sal_LABEL_59	SMd_LABEL_60	DAN_LABEL_61	FP_LABEL_62	DMN_LABEL_63	FP_LABEL_64	FP_LABEL_65	SMd_LABEL_66	SMl_LABEL_67	SMd_LABEL_68	DMN_LABEL_69	DAN_LABEL_70	DMN_LABEL_71	FP_LABEL_72	SMd_LABEL_73	SMl_LABEL_74	MTL_LABEL_75	MTL_LABEL_76	CO_LABEL_77	CO_LABEL_78	Vis_LABEL_79	Vis_LABEL_80
DMN_LABEL_1	1.0	-0.16845831274986267	-0.28915274143218994	0.06972052901983261	-0.18378473818302155	0.3866439163684845	0.5416328310966492	n/a	0.485698938369751	-0.1413729041814804	0.09259021282196045	-0.3053532838821411	0.0912327840924263	-0.016686012968420982	0.0461861677467823	0.6315361857414246	0.19670285284519196	0.290825754404068	0.1626526117324829	0.018531842157244682	-0.3143516480922699	-0.22399617731571198	-0.5076891779899597	0.12910650670528412	-0.06619526445865631	0.09645035862922668	0.5495133996009827	-0.10094460844993591	-0.04973775893449783	-0.3986104130744934	0.19201524555683136	-0.023316094651818275	0.13155297935009003	0.6231113076210022	n/a	-0.22017087042331696	-0.2817476987838745	-0.17895285785198212	0.2840974032878876	-0.03432505205273628	-0.3370576798915863	0.2554943263530731	0.3872992694377899	0.08751042932271957	-0.13564449548721313	-0.2217060923576355	-0.2984810471534729	0.1457783430814743	-0.17385874688625336	0.5075221657752991	-0.39535194635391235	-0.12345990538597107	0.15112069249153137	0.12051551043987274	0.3103511333465576	0.06962967664003372	-0.054183851927518845	-0.014625884592533112	-0.03823393955826759	0.18685296177864075	0.19459153711795807	0.026123765856027603	-0.03496132791042328	-0.13485397398471832	-0.44754454493522644	0.17994935810565948	0.10923679172992706	0.06065540388226509	0.2594112157821655	-0.13253441452980042	-0.08264251798391342	-0.10106935352087021	0.0490579716861248	0.03318668529391289	0.36963775753974915	0.23898543417453766	0.09614922106266022	-0.037793319672346115	-0.1402571052312851	-0.12964078783988953
Vis_LABEL_2	-0.16845831274986267	1.0	-0.3213627338409424	0.3603789508342743	0.1889345347881317	0.04712658002972603	0.2055719941854477	n/a	-0.045998185873031616	0.3380871117115021	-0.13874082267284393	0.4764001667499542	0.09874898195266724	-0.23570086061954498	-0.15143312513828278	-0.537659227848053	0.11570422351360321	-0.2048027366399765	0.24077413976192474	0.5043935179710388	0.2574601173400879	-0.020792922005057335	0.41462454199790955	-0.13678960502147675	0.46543049812316895	-0.19630315899848938	-0.3675658106803894	-0.4632931351661682	0.878253161907196	-0.22593210637569427	0.3288242518901825	0.19414138793945312	0.0907050222158432	0.06922101974487305	n/a	0.4506450891494751	-0.17605732381343842	0.5072104930877686	-0.05742809921503067	-0.18768370151519775	-0.022214103490114212	0.21760714054107666	-0.16746363043785095	0.2991049587726593	0.32565590739250183	-0.10883579403162003	0.5121135115623474	0.03210387006402016	0.569414496421814	-0.45302948355674744	-0.2692895531654358	-0.10468567162752151	-0.27869996428489685	-0.1023346558213234	-0.5541085004806519	0.12767085433006287	0.206447571516037	0.01119381096214056	-0.16705800592899323	0.009462273679673672	0.10537006705999374	-0.09936502575874329	-0.4042827785015106	0.2559347450733185	-0.01673528365790844	-0.07986059039831161	-0.16866432130336761	0.22073829174041748	-0.05259822681546211	0.23583224415779114	-0.47491654753685	0.315009206533432	0.16151730716228485	-0.035272467881441116	0.15929719805717468	0.1500711441040039	0.04568770155310631	0.11919330060482025	0.4224309027194977	0.2179221659898758
FP_LABEL_3	-0.28915274143218994	-0.3213627338409424	1.0	-0.5453317165374756	0.2549932897090912	0.023568768054246902	-0.21063318848609924	n/a	-0.19285064935684204	0.34764495491981506	0.5274633169174194	0.24421831965446472	-0.10797061026096344	-0.2654501497745514	0.03534216061234474	0.23294810950756073	-0.09215842187404633	0.45867857336997986	-0.5996140241622925	-0.13540810346603394	0.5541850924491882	0.39574792981147766	-0.07725632190704346	-0.061779726296663284	-0.5151452422142029	-0.009583654813468456	0.2487572282552719	0.8031041622161865	-0.3759509325027466	0.7602182626724243	-0.41910693049430847	-0.0242199394851923	0.07039977610111237	-0.27023810148239136	n/a	0.25968673825263977	0.6075830459594727	0.3260273039340973	-0.5948259830474854	-0.1826685070991516	0.502095103263855	-0.41256287693977356	-0.15796153247356415	-0.27252256870269775	0.3209623396396637	0.5691401362419128	-0.2674091160297394	-0.14880642294883728	-0.3107455372810364	0.361614465713501	0.8360568284988403	-0.021446969360113144	-0.07340528815984726	0.04823988303542137	0.39423492550849915	-0.01230305153876543	0.2237609177827835	0.4015873372554779	0.32436856627464294	-0.3141705095767975	-0.13730594515800476	0.2864539623260498	-0.14451096951961517	0.2742753326892853	0.22093911468982697	-0.1329163759946823	-0.25747790932655334	-0.34944674372673035	0.11047200858592987	-0.2491176277399063	0.1443539559841156	0.354784220457077	-0.18914620578289032	-0.2668112814426422	-0.2701454162597656	-0.34874245524406433	0.24409998953342438	0.13259807229042053	-0.1407957375049591	0.438355952501297
Aud_LABEL_4	0.06972052901983261	0.3603789508342743	-0.5453317165374756	1.0	-0.15917569398880005	0.040451016277074814	0.25428998470306396	n/a	0.003034067340195179	-0.0021905945613980293	-0.44660645723342896	-0.05781230330467224	0.2835032045841217	0.4298648536205292	0.228913351893425	-0.5144065022468567	0.4150121212005615	-0.4097696840763092	0.29703575372695923	0.4205779731273651	-0.08550618588924408	-0.3234531581401825	-0.024063432589173317	-0.3326270580291748	0.38113418221473694	-0.26859351992607117	-0.28839609026908875	-0.6587764024734497	0.41865822672843933	-0.38290372490882874	0.7893683314323425	-0.04573744162917137	0.04503683000802994	0.19766797125339508	n/a	0.05682315677404404	-0.44004249572753906	0.06879257410764694	0.5666012763977051	0.4008950889110565	-0.15883198380470276	0.5906543731689453	-0.08060633391141891	0.5648489594459534	0.30475470423698425	-0.34030330181121826	0.21941228210926056	-0.21319322288036346	0.22709447145462036	-0.24310696125030518	-0.5943703055381775	-0.26690474152565	-0.25495409965515137	-0.16257183253765106	-0.2607051730155945	0.29622548818588257	0.10138185322284698	-0.45911410450935364	-0.27037495374679565	0.3909575939178467	0.2050389051437378	0.07086213678121567	-0.22080056369304657	0.09830343723297119	-0.29239264130592346	-0.0018831604393199086	0.20096713304519653	0.5167239904403687	0.0007341377786360681	0.13359291851520538	-0.4622342884540558	0.03509197756648064	0.1308032125234604	0.22861222922801971	0.30899813771247864	0.3969232141971588	0.11702605336904526	0.23879745602607727	0.09677029401063919	-0.17205020785331726
Tpole_LABEL_5	-0.18378473818302155	0.1889345347881317	0.2549932897090912	-0.15917569398880005	1.0	-0.004536823835223913	-0.21163634955883026	n/a	-0.1141376718878746	0.5935986042022705	-0.09557408094406128	0.5923934578895569	0.3628992736339569	-0.1302223801612854	0.08495350182056427	-0.03981244936585426	0.2523711323738098	0.1556553691625595	0.041660185903310776	0.22844573855400085	0.41395318508148193	-0.10926707834005356	0.2062586098909378	0.02902519702911377	0.030141916126012802	0.3696536123752594	-0.19805607199668884	0.19443081319332123	0.05001220107078552	0.16136233508586884	-0.0331534706056118	0.3999892771244049	-0.09128525853157043	-0.28167304396629333	n/a	0.49457594752311707	0.047614794224500656	0.3633318245410919	-0.1046062558889389	-0.09116513282060623	0.28724759817123413	0.09415742754936218	-0.06382632255554199	-0.12028264254331589	0.38924440741539	-0.032614875584840775	-0.043171659111976624	0.07076793909072876	0.15274861454963684	-0.2573719620704651	0.2732219099998474	0.40887558460235596	-0.0008999005658552051	-0.18482454121112823	-0.17132610082626343	0.08576250076293945	0.3663475513458252	0.2900741994380951	0.025092219933867455	-0.13540314137935638	-0.08023936301469803	-0.1355266571044922	-0.06471914798021317	0.027318645268678665	0.1684015393257141	-0.046847403049468994	-0.34240248799324036	-0.2161063551902771	-0.00886248517781496	0.14035841822624207	0.02200792357325554	0.07211394608020782	0.2674003541469574	-0.05252314358949661	0.06992562115192413	-0.15213428437709808	-0.015388337895274162	0.138200581073761	0.07054480165243149	0.2722559869289398
PMN_LABEL_6	0.3866439163684845	0.04712658002972603	0.023568768054246902	0.040451016277074814	-0.004536823835223913	1.0	0.176840677857399	n/a	-0.019317874684929848	0.36221209168434143	0.3322540521621704	0.09388194233179092	0.25918763875961304	0.07539557665586472	0.006005636882036924	0.06371762603521347	0.41896185278892517	-0.08178111910820007	-0.17875944077968597	0.44844675064086914	0.33909714221954346	0.021009253337979317	-0.0013848883099853992	0.24902254343032837	0.1342594176530838	-0.2134784311056137	0.021090516820549965	0.0311843641102314	0.09554357826709747	0.1723119020462036	0.04856736585497856	-0.29541051387786865	0.6315991878509521	0.08119909465312958	n/a	0.23532399535179138	0.20327377319335938	0.38740190863609314	-0.1910335123538971	0.15480400621891022	0.14059679210186005	0.26044195890426636	0.0905410498380661	0.41651156544685364	0.32141488790512085	0.05844727158546448	0.10209563374519348	0.28897714614868164	0.11205185949802399	0.18122531473636627	-0.13885891437530518	-0.20270071923732758	-0.15318840742111206	-0.04756137728691101	-0.1307787299156189	-0.028279082849621773	-0.028970740735530853	-0.05313245952129364	0.11199427396059036	0.043996550142765045	-0.014320113696157932	-0.15046361088752747	-0.21849535405635834	0.29447951912879944	-0.3051130473613739	0.27509763836860657	0.01739860512316227	0.06111588329076767	0.3171205222606659	0.07871754467487335	-0.2878313660621643	0.21512581408023834	0.243758887052536	-0.004943647421896458	0.13431666791439056	0.14530326426029205	0.16577090322971344	0.22277726233005524	0.06804478913545609	0.13598670065402985
PON_LABEL_7	0.5416328310966492	0.2055719941854477	-0.21063318848609924	0.25428998470306396	-0.21163634955883026	0.176840677857399	1.0	n/a	0.6806207895278931	-0.05490565299987793	0.15813401341438293	-0.31185945868492126	-0.21559639275074005	-0.23652291297912598	-0.10798841714859009	0.2327708899974823	0.1415228396654129	0.32197168469429016	0.09997972100973129	0.17855225503444672	-0.1326722502708435	-0.07481175661087036	-0.1502975970506668	0.076444610953331	0.03814581409096718	-0.21656091511249542	0.4412953555583954	-0.23877783119678497	0.3957580327987671	-0.37805819511413574	0.5393387079238892	0.006120906211435795	0.025147035717964172	0.8711243867874146	n/a	-0.18499161303043365	-0.37010401487350464	0.0013608925510197878	0.12582720816135406	-0.21207290887832642	-0.1988016813993454	0.3234500586986542	-0.0032395238522440195	0.40545910596847534	-0.03297928348183632	-0.18033890426158905	0.009676482528448105	-0.08603078126907349	-0.05187138915061951	0.3083403408527374	-0.372484415769577	-0.4039432406425476	-0.11005896329879761	0.5507023930549622	0.18401934206485748	0.2930113971233368	0.31211572885513306	0.06685382127761841	0.041056420654058456	-0.13912780582904816	0.2211662381887436	-0.16222214698791504	-0.2957637906074524	0.10167437791824341	-0.4615974426269531	-0.011827097274363041	-0.05168554186820984	-0.0056533487513661385	0.06319112330675125	-0.18201619386672974	-0.38818979263305664	0.21978877484798431	-0.28629904985427856	-0.21661661565303802	0.5692487955093384	0.44041386246681213	0.32627853751182556	0.19233590364456177	0.09832555800676346	0.16427811980247498
MTL_LABEL_8	n/a	n/a	n/a	n/a	n/a	n/a	n/a	1.0	n/a	n/a	n/a	n/a	n/a	n/a	n/a	n/a	n/a	n/a	n/a	n/a	n/a	n/a	n/a	n/a	n/a	n/a	n/a	n/a	n/a	n/a	n/a	n/a	n/a	n/a	n/a	n/a	n/a	n/a	n/a	n/a	n/a	n/a	n/a	n/a	n/a	n/a	n/a	n/a	n/a	n/a	n/a	n/a	n/a	n/a	n/a	n/a	n/a	n/a	n/a	n/a	n/a	n/a	n/a	n/a	n/a	n/a	n/a	n/a	n/a	n/a	n/a	n/a	n/a	n/a	n/a	n/a	n/a	n/a	n/a	n/a
PON_LABEL_9	0.485698938369751	-0.045998185873031616	-0.19285064935684204	0.003034067340195179	-0.1141376718878746	-0.019317874684929848	0.6806207895278931	n/a	1.0	-0.24794356524944305	0.002938584890216589	-0.2905954420566559	-0.3177863359451294	-0.3244452178478241	-0.17836226522922516	0.4421572685241699	-0.12161851674318314	0.3086579740047455	0.06941951811313629	-0.07804514467716217	-0.39124977588653564	-0.206570565700531	-0.16226887702941895	0.12590442597866058	-0.08156376332044601	0.07952217012643814	0.4899619221687317	-0.1067127138376236	0.06740343570709229	-0.34223678708076477	0.21063704788684845	0.060629989951848984	-0.21969839930534363	0.720282793045044	n/a	-0.36508485674858093	-0.42331603169441223	-0.19553419947624207	0.10822539031505585	-0.35670310258865356	-0.19582544267177582	0.14238595962524414	0.08532312512397766	0.043708108365535736	-0.3242175579071045	-0.321892112493515	-0.033977918326854706	0.023819120600819588	-0.12934210896492004	0.3388795852661133	-0.28214961290359497	-0.14271001517772675	0.021257203072309494	0.6421855092048645	0.26529011130332947	0.11856386065483093	0.05416840314865112	0.15659010410308838	-0.008872557431459427	-0.12954021990299225	0.21114704012870789	-0.23719581961631775	0.02251065894961357	0.02591077797114849	-0.2777006924152374	0.07731863111257553	-0.004750343039631844	-0.018849579617381096	-0.18426674604415894	-0.05004926770925522	-0.012439688667654991	-0.05849004164338112	-0.10379534214735031	0.08367780596017838	0.39261752367019653	0.30752071738243103	0.09304115176200867	-0.11173474788665771	-0.0788833349943161	0.09833116084337234
CO_LABEL_10	-0.1413729041814804	0.3380871117115021	0.34764495491981506	-0.0021905945613980293	0.5935986042022705	0.36221209168434143	-0.05490565299987793	n/a	-0.24794356524944305	1.0	0.24015571177005768	0.7568944692611694	0.4547184705734253	-0.1635446399450302	-0.06996080279350281	-0.15941007435321808	0.4487678110599518	0.08281318098306656	-0.20576472580432892	0.5189160704612732	0.8139259219169617	0.18917952477931976	0.1001594215631485	0.1871391385793686	-0.10612831264734268	0.16563038527965546	-0.3187136650085449	0.2170175313949585	0.2612540125846863	0.33412662148475647	0.0018177590100094676	0.04642981290817261	0.44683536887168884	-0.15498022735118866	n/a	0.787966787815094	0.3889820873737335	0.7847668528556824	-0.3872815668582916	-0.014786291867494583	0.2515158951282501	0.15669742226600647	-0.16220447421073914	0.2025257796049118	0.77247554063797	0.25420960783958435	-0.0650944635272026	0.2804524600505829	-0.024266688153147697	-0.10047003626823425	0.2277291715145111	0.19526925683021545	-0.17440137267112732	-0.16983039677143097	-0.2262612283229828	-0.027971427887678146	0.22062617540359497	0.17943528294563293	0.14932268857955933	-0.20940734446048737	-0.07177496701478958	-0.09864360839128494	-0.2704712748527527	0.2992512285709381	0.12381497025489807	-0.16482214629650116	-0.42781341075897217	-0.19350942969322205	0.08986042439937592	-0.04115203395485878	-0.11347558349370956	0.34294673800468445	0.1966327428817749	-0.17763260006904602	-0.06483752280473709	-0.2285323292016983	0.0978582501411438	0.3256687819957733	0.04988237842917442	0.3178069591522217
Sal_LABEL_11	0.09259021282196045	-0.13874082267284393	0.5274633169174194	-0.44660645723342896	-0.09557408094406128	0.3322540521621704	0.15813401341438293	n/a	0.002938584890216589	0.24015571177005768	1.0	0.04619577154517174	-0.3153243958950043	-0.2884852886199951	-0.23796194791793823	0.38291338086128235	-0.197403222322464	0.5338298082351685	-0.6308651566505432	0.10978297144174576	0.44982850551605225	0.6876744031906128	-0.2575634717941284	0.1218360885977745	-0.5499098300933838	-0.19610315561294556	0.43665599822998047	0.6604874730110168	-0.12550604343414307	0.5426885485649109	-0.21010488271713257	-0.1659063845872879	0.30991724133491516	0.10201583802700043	n/a	0.0006767264567315578	0.6931165456771851	0.20933113992214203	-0.7426766753196716	-0.20003104209899902	-0.010785139165818691	-0.4579241871833801	0.09313738346099854	0.12613192200660706	0.1575276404619217	0.5967060923576355	-0.30310723185539246	0.10296940803527832	-0.3627491295337677	0.5668889284133911	0.44572803378105164	-0.24976906180381775	0.0882197767496109	0.31820783019065857	0.2912451922893524	-0.1927473545074463	0.09583692252635956	0.46175405383110046	0.4644436240196228	-0.46059438586235046	-0.36317646503448486	0.08252901583909988	-0.2918194830417633	0.41867661476135254	-0.2488962709903717	-0.09611868113279343	-0.35074543952941895	-0.34991219639778137	0.40065693855285645	-0.25236451625823975	-0.06981853395700455	0.46920669078826904	-0.1964496374130249	-0.48374179005622864	-0.07715873420238495	-0.2875634729862213	0.18338006734848022	0.20086991786956787	-0.0031778765842318535	0.3257333040237427
CO_LABEL_12	-0.3053532838821411	0.4764001667499542	0.24421831965446472	-0.05781230330467224	0.5923934578895569	0.09388194233179092	-0.31185945868492126	n/a	-0.2905954420566559	0.7568944692611694	0.04619577154517174	1.0	0.36087745428085327	-0.21651077270507812	-0.1452651023864746	-0.2181818038225174	0.17128537595272064	0.032044000923633575	-0.0489143431186676	0.3222038149833679	0.6354276537895203	0.11168602108955383	0.29773738980293274	0.12251375615596771	0.05385493487119675	0.34005942940711975	-0.47116726636886597	0.1683565080165863	0.296630859375	0.2012273073196411	-0.18715375661849976	0.15823526680469513	0.2772660255432129	-0.30548295378685	n/a	0.74053955078125	0.308921217918396	0.6826570630073547	-0.3545554280281067	-0.15718315541744232	0.2003641128540039	-0.039155419915914536	-0.14952760934829712	-0.1650598645210266	0.5540085434913635	0.15035605430603027	0.11802185326814651	0.35186102986335754	0.1533757448196411	-0.2756838798522949	0.19328580796718597	0.4121630787849426	-0.020604604855179787	-0.32431381940841675	-0.39706850051879883	-0.1398629993200302	0.13431505858898163	0.2011013627052307	0.05869081988930702	-0.15123234689235687	-0.0763605609536171	-0.08657818287611008	-0.04548285901546478	0.1914188265800476	0.35895413160324097	-0.28928324580192566	-0.3695533573627472	-0.07289497554302216	-0.08474281430244446	0.0027825688011944294	0.1002359688282013	0.09924324601888657	0.19592802226543427	-0.04031436890363693	-0.2519455850124359	-0.2268606424331665	-0.024408923462033272	0.10193804651498795	-0.06163804605603218	0.24475271999835968
SMd_LABEL_13	0.0912327840924263	0.09874898195266724	-0.10797061026096344	0.2835032045841217	0.3628992736339569	0.25918763875961304	-0.21559639275074005	n/a	-0.3177863359451294	0.4547184705734253	-0.3153243958950043	0.36087745428085327	1.0	0.12010382860898972	0.5070732831954956	-0.14958539605140686	0.6485949754714966	-0.2633669078350067	0.15571890771389008	0.35367077589035034	0.2958992123603821	-0.3307897746562958	0.06298109889030457	-0.15881146490573883	0.29328855872154236	0.1686883568763733	-0.3302709758281708	-0.19556055963039398	0.021613862365484238	-0.10754022747278214	0.06244737654924393	0.004809245001524687	0.1849568486213684	-0.13982822000980377	n/a	0.5333014130592346	-0.10004517436027527	0.28562813997268677	0.3349705934524536	0.1724563091993332	0.08098378777503967	0.4617277681827545	-0.12488780170679092	0.062157344073057175	0.4918360412120819	-0.17853550612926483	-0.05915231257677078	0.0667409598827362	0.20186592638492584	-0.2860487997531891	-0.2775985598564148	0.17813770473003387	-0.2084857076406479	-0.5390223860740662	-0.28506553173065186	0.03669228032231331	0.15716949105262756	-0.2340138554573059	-0.17418357729911804	0.15108779072761536	0.19249719381332397	0.026550812646746635	-0.03514893725514412	-0.059384677559137344	0.09966178983449936	0.22803620994091034	0.025590641424059868	0.2665036916732788	-0.027929149568080902	0.0741940289735794	-0.09283331036567688	-0.01917160302400589	0.5569977760314941	0.308477520942688	-2.3557304302812554e-05	0.04250110313296318	-0.03789262846112251	0.2313700020313263	-0.01272506732493639	-0.06394313275814056
SMl_LABEL_14	-0.016686012968420982	-0.23570086061954498	-0.2654501497745514	0.4298648536205292	-0.1302223801612854	0.07539557665586472	-0.23652291297912598	n/a	-0.3244452178478241	-0.1635446399450302	-0.2884852886199951	-0.21651077270507812	0.12010382860898972	1.0	0.17680053412914276	-0.22228573262691498	0.12156537920236588	-0.2960965931415558	0.11092255264520645	-0.012052290141582489	-0.25059711933135986	-0.058188825845718384	-0.04654744267463684	-0.029032118618488312	0.19699078798294067	0.028965052217245102	-0.2535749077796936	-0.20289471745491028	-0.21282228827476501	-0.021003831177949905	0.2642500400543213	-0.012360244058072567	0.07869526743888855	-0.31788909435272217	n/a	-0.20497886836528778	-0.05594650283455849	-0.2371792197227478	0.4763510525226593	0.9492961168289185	0.08065753430128098	0.17453131079673767	0.19857367873191833	0.25158607959747314	-0.05726499482989311	0.021709540858864784	0.03033548779785633	-0.08629365265369415	0.07751370221376419	-0.12388747185468674	-0.14239150285720825	0.14104235172271729	0.2730700969696045	-0.30283117294311523	0.05036650225520134	0.08557786792516708	-0.08354993909597397	-0.543379008769989	-0.24014458060264587	0.2062670886516571	-0.2180093377828598	0.06342141330242157	0.19971458613872528	-0.22072961926460266	-0.007957006804645061	0.010308363474905491	0.18891140818595886	0.035602014511823654	-0.08870815485715866	0.11593854427337646	-0.032993853092193604	-0.19784416258335114	0.028186315670609474	0.16490620374679565	-0.10227138549089432	0.031080888584256172	-0.2246851921081543	-0.0529930554330349	-0.04382937401533127	-0.5025567412376404
DAN_LABEL_15	0.0461861677467823	-0.15143312513828278	0.03534216061234474	0.228913351893425	0.08495350182056427	0.006005636882036924	-0.10798841714859009	n/a	-0.17836226522922516	-0.06996080279350281	-0.23796194791793823	-0.1452651023864746	0.5070732831954956	0.17680053412914276	1.0	-0.16617541015148163	0.37977883219718933	-0.2588108479976654	0.09540818631649017	0.06974444538354874	-0.010270980186760426	-0.28146225214004517	-0.026160933077335358	-0.37647393345832825	0.24098919332027435	-0.14639751613140106	0.03677217662334442	-0.17254695296287537	-0.1279420256614685	0.011888680048286915	0.1948775202035904	0.07344862818717957	-0.1562909632921219	-0.15192116796970367	n/a	0.09467841684818268	-0.11784543842077255	-0.15052486956119537	0.35800081491470337	0.149981290102005	0.2552037239074707	0.3659001588821411	-0.15598241984844208	0.07761447131633759	0.20172075927257538	-0.04534950479865074	-0.059519749134778976	-0.31581631302833557	0.2259240597486496	-0.21652844548225403	-0.12871764600276947	-0.07183187454938889	-0.15788477659225464	-0.2711350619792938	-0.014457405544817448	0.15218794345855713	0.22883491218090057	-0.16278111934661865	-0.0464450940489769	0.2671022415161133	-0.010501464828848839	0.15200266242027283	-0.06631024926900864	-0.12247195094823837	-0.11283203959465027	0.3706982433795929	0.22335681319236755	0.16178517043590546	0.1878003478050232	0.12011762708425522	-0.22365863621234894	-0.023264147341251373	0.4067559540271759	0.17535409331321716	0.1011551022529602	0.04937862604856491	0.09891849756240845	0.04409812390804291	0.043491896241903305	-0.06618761271238327
DMN_LABEL_16	0.6315361857414246	-0.537659227848053	0.23294810950756073	-0.5144065022468567	-0.03981244936585426	0.06371762603521347	0.2327708899974823	n/a	0.4421572685241699	-0.15941007435321808	0.38291338086128235	-0.2181818038225174	-0.14958539605140686	-0.22228573262691498	-0.16617541015148163	1.0	-0.16186697781085968	0.6611971259117126	-0.12102781236171722	-0.30647656321525574	-0.19566790759563446	0.12819883227348328	-0.5344660878181458	0.2197946310043335	-0.5207720398902893	0.3652016222476959	0.6704235076904297	0.5548028349876404	-0.4737492501735687	-0.021762561053037643	-0.271133691072464	-0.06841273605823517	-0.053601253777742386	0.3845977783203125	n/a	-0.29425278306007385	0.05869685858488083	-0.2741466164588928	-0.13527798652648926	-0.25304165482521057	-0.2214646339416504	-0.246383935213089	0.373574435710907	-0.3517168164253235	-0.2786127030849457	0.06638476252555847	-0.611661434173584	0.12082155048847198	-0.5373984575271606	0.7200541496276855	0.14422057569026947	0.13478200137615204	0.3508540689945221	0.2915318012237549	0.5866631865501404	-0.1561085432767868	-0.04890325665473938	0.30827048420906067	0.1472334861755371	-0.228716179728508	-0.026022735983133316	0.044340580701828	0.19777575135231018	-0.15873299539089203	-0.10853488743305206	-0.04589471220970154	-0.08365020155906677	-0.30440500378608704	0.07042371481657028	-0.24203655123710632	0.39092692732810974	-0.13578392565250397	-0.14835922420024872	-0.05040862783789635	0.01589333266019821	-0.12625829875469208	0.05182405933737755	-0.13321521878242493	-0.28210845589637756	-0.041482746601104736
CO_LABEL_17	0.19670285284519196	0.11570422351360321	-0.09215842187404633	0.4150121212005615	0.2523711323738098	0.41896185278892517	0.1415228396654129	n/a	-0.12161851674318314	0.4487678110599518	-0.197403222322464	0.17128537595272064	0.6485949754714966	0.12156537920236588	0.37977883219718933	-0.16186697781085968	1.0	-0.2676526606082916	0.14113526046276093	0.5939459800720215	0.3944537937641144	-0.3024018704891205	0.08804331719875336	-0.08990177512168884	0.23873533308506012	-0.053222183138132095	-0.2364816665649414	-0.23182331025600433	0.1152576133608818	-0.13177472352981567	0.35508328676223755	-0.1744610220193863	0.2473244071006775	0.01840178109705448	n/a	0.5043672323226929	-0.23013858497142792	0.3121759295463562	0.2810930013656616	0.18376882374286652	0.1604548692703247	0.8065328598022461	-0.18220709264278412	0.45270565152168274	0.5645997524261475	-0.3034387230873108	0.027034888043999672	-0.036459434777498245	0.0036331091541796923	-0.18254484236240387	-0.3684217929840088	-0.032868336886167526	-0.35115671157836914	-0.2517479360103607	-0.31005048751831055	0.021692456677556038	0.15356557071208954	-0.39023059606552124	-0.30415967106819153	0.11501268297433853	0.2201080173254013	-0.19514064490795135	-0.13155432045459747	-0.02847016602754593	-0.14201445877552032	0.18331100046634674	0.13348530232906342	0.2320374846458435	-0.02232319489121437	0.13970895111560822	-0.19782616198062897	0.06528507173061371	0.22239050269126892	0.10329648107290268	0.210579514503479	0.19038033485412598	0.198237806558609	0.19706691801548004	0.11389552801847458	0.03659386932849884
DMN_LABEL_18	0.290825754404068	-0.2048027366399765	0.45867857336997986	-0.4097696840763092	0.1556553691625595	-0.08178111910820007	0.32197168469429016	n/a	0.3086579740047455	0.08281318098306656	0.5338298082351685	0.032044000923633575	-0.2633669078350067	-0.2960965931415558	-0.2588108479976654	0.6611971259117126	-0.2676526606082916	1.0	-0.32306045293807983	-0.20223350822925568	0.13328449428081512	0.26253634691238403	-0.338660329580307	-0.041039057075977325	-0.558369517326355	0.0283479206264019	0.6920767426490784	0.6207876205444336	-0.10962025821208954	0.25975629687309265	-0.053829729557037354	0.27614283561706543	-0.12022100389003754	0.34078043699264526	n/a	-0.036506861448287964	0.18794389069080353	0.01600905880331993	-0.34164541959762573	-0.22936390340328217	-0.06320555508136749	-0.385943740606308	0.07673939317464828	-0.2155151665210724	0.00687957601621747	0.28513675928115845	-0.41482529044151306	-0.15430863201618195	-0.39650318026542664	0.6089954376220703	0.4378661811351776	-0.13683144748210907	0.29275938868522644	0.34336236119270325	0.6062894463539124	0.20752252638339996	0.35784152150154114	0.4451698660850525	0.1977197527885437	-0.40853351354599	-0.17090654373168945	0.13561780750751495	-0.313610702753067	0.15447166562080383	-0.21073108911514282	-0.18931123614311218	-0.4203079044818878	-0.3040369153022766	0.16204333305358887	-0.3535218834877014	-0.005856525618582964	0.3046867847442627	-0.24166280031204224	-0.40207040309906006	0.07011856883764267	-0.0855279192328453	0.17335101962089539	0.16023463010787964	-0.1968388706445694	0.3620530664920807
VAN_LABEL_19	0.1626526117324829	0.24077413976192474	-0.5996140241622925	0.29703575372695923	0.041660185903310776	-0.17875944077968597	0.09997972100973129	n/a	0.06941951811313629	-0.20576472580432892	-0.6308651566505432	-0.0489143431186676	0.15571890771389008	0.11092255264520645	0.09540818631649017	-0.12102781236171722	0.14113526046276093	-0.32306045293807983	1.0	0.037457339465618134	-0.34803810715675354	-0.5306990146636963	0.07690146565437317	0.0006665833061560988	0.434023380279541	0.09797347337007523	-0.20945370197296143	-0.5532910227775574	0.2833362817764282	-0.7456343173980713	0.32308557629585266	0.013205400668084621	-0.2799360752105713	0.06256276369094849	n/a	-0.1420179158449173	-0.7285405397415161	-0.24845467507839203	0.50637286901474	-0.011730425991117954	-0.2209499329328537	0.3134806454181671	-0.009452887810766697	-0.1380154937505722	-0.3056802749633789	-0.6977975368499756	0.17224998772144318	0.004540242254734039	0.2329845428466797	-0.5348405838012695	-0.5017544627189636	0.0978342592716217	-0.09855502843856812	-0.22341448068618774	-0.393108993768692	0.04125154763460159	-0.1403130143880844	-0.2476080060005188	-0.2730933725833893	0.33069151639938354	0.18898805975914001	-0.1395316869020462	0.13975515961647034	-0.503514289855957	0.016809668391942978	-0.07938211411237717	0.08099383115768433	0.08518107980489731	-0.2050497680902481	0.17426903545856476	-0.05917290598154068	-0.45711761713027954	0.04008248448371887	0.13149064779281616	0.041588738560676575	0.23898211121559143	0.13103967905044556	-0.19026409089565277	0.01923801377415657	-0.2963705062866211
CO_LABEL_20	0.018531842157244682	0.5043935179710388	-0.13540810346603394	0.4205779731273651	0.22844573855400085	0.44844675064086914	0.17855225503444672	n/a	-0.07804514467716217	0.5189160704612732	0.10978297144174576	0.3222038149833679	0.35367077589035034	-0.012052290141582489	0.06974444538354874	-0.30647656321525574	0.5939459800720215	-0.20223350822925568	0.037457339465618134	1.0	0.5303440093994141	-0.005904567893594503	0.1451404094696045	-0.23179741203784943	0.22942709922790527	-0.22210438549518585	-0.20650790631771088	-0.1995057910680771	0.4979921579360962	-0.01786429062485695	0.40604308247566223	-0.26615098118782043	0.2585960626602173	0.06269893050193787	n/a	0.46413061022758484	-0.044049009680747986	0.475430428981781	-0.08722150325775146	0.0885281041264534	0.05969926714897156	0.4433169364929199	-0.18812759220600128	0.6328583359718323	0.5225887894630432	-0.09931216388940811	0.14709895849227905	-0.07626855373382568	0.18823035061359406	-0.12652671337127686	-0.2479131519794464	-0.18044541776180267	-0.4397197961807251	-0.11525869369506836	-0.4435378909111023	-0.07808056473731995	0.13812552392482758	-0.03382308408617973	-0.1059330403804779	-0.05170849338173866	-0.06706411391496658	-0.13192789256572723	-0.414385050535202	0.3656418025493622	-0.2099595069885254	0.16484355926513672	-0.1460351198911667	0.22914624214172363	0.17482881247997284	0.21344350278377533	-0.40857836604118347	0.34626567363739014	0.37530380487442017	0.05108095332980156	0.2678080201148987	0.168091282248497	0.2438497543334961	0.3003520965576172	0.35577064752578735	0.27747565507888794
CO_LABEL_21	-0.3143516480922699	0.2574601173400879	0.5541850924491882	-0.08550618588924408	0.41395318508148193	0.33909714221954346	-0.1326722502708435	n/a	-0.39124977588653564	0.8139259219169617	0.44982850551605225	0.6354276537895203	0.2958992123603821	-0.25059711933135986	-0.010270980186760426	-0.19566790759563446	0.3944537937641144	0.13328449428081512	-0.34803810715675354	0.5303440093994141	1.0	0.35573291778564453	0.11996512115001678	-0.05030130222439766	-0.2195279449224472	-0.13032647967338562	-0.20279544591903687	0.3939138948917389	0.1665877401828766	0.5416917204856873	-0.024536792188882828	-0.17100374400615692	0.3861607611179352	-0.2706066370010376	n/a	0.6815826892852783	0.5226163268089294	0.7040868997573853	-0.584406316280365	-0.11209246516227722	0.3386901319026947	0.021897848695516586	-0.3382962644100189	0.19110065698623657	0.8046867251396179	0.3083128035068512	-0.05276263877749443	0.07964957505464554	-0.09701355546712875	-0.030525917187333107	0.39391717314720154	-0.0783366784453392	-0.39285174012184143	-0.1537262350320816	-0.23178914189338684	-0.11294136196374893	0.1782499998807907	0.27469465136528015	0.2764350175857544	-0.24674615263938904	-0.1675746738910675	0.0606270357966423	-0.44008585810661316	0.5023338198661804	0.032431889325380325	-0.14947286248207092	-0.3424316644668579	-0.1037624403834343	0.20210638642311096	-0.0904250219464302	-0.19465303421020508	0.5151298642158508	0.07897545397281647	-0.2438661754131317	-0.19512224197387695	-0.25858548283576965	0.3283415734767914	0.3637026846408844	0.09557091444730759	0.4615684747695923
Sal_LABEL_22	-0.22399617731571198	-0.020792922005057335	0.39574792981147766	-0.3234531581401825	-0.10926707834005356	0.021009253337979317	-0.07481175661087036	n/a	-0.206570565700531	0.18917952477931976	0.6876744031906128	0.11168602108955383	-0.3307897746562958	-0.058188825845718384	-0.28146225214004517	0.12819883227348328	-0.3024018704891205	0.26253634691238403	-0.5306990146636963	-0.005904567893594503	0.35573291778564453	1.0	-0.13718003034591675	0.10296741127967834	-0.38866496086120605	-0.04484228789806366	0.03140263631939888	0.47382456064224243	-0.011087626218795776	0.5142918229103088	-0.176934614777565	-0.14705999195575714	0.17466624081134796	-0.17969882488250732	n/a	0.050396405160427094	0.726715624332428	0.21025866270065308	-0.612221360206604	-0.0012978047598153353	0.022246599197387695	-0.4853399991989136	0.318795770406723	0.06240782514214516	0.2021830528974533	0.7327702045440674	-0.27870529890060425	0.09241676330566406	-0.2780606150627136	0.34343692660331726	0.36392199993133545	0.002319033956155181	0.16902780532836914	0.1694723218679428	0.1774989515542984	-0.16756847500801086	0.03308557718992233	0.29831424355506897	0.39431673288345337	-0.39628392457962036	-0.3524140417575836	0.06888105720281601	-0.10183833539485931	0.30699899792671204	-0.026563171297311783	-0.2341058850288391	-0.2063259333372116	-0.35445722937583923	0.21360449492931366	-0.11581656336784363	0.09036874771118164	0.3227580785751343	-0.21583132445812225	-0.2577994465827942	-0.20678837597370148	-0.41724392771720886	0.04734886437654495	0.15103648602962494	0.07460012286901474	0.02592010237276554
DAN_LABEL_23	-0.5076891779899597	0.41462454199790955	-0.07725632190704346	-0.024063432589173317	0.2062586098909378	-0.0013848883099853992	-0.1502975970506668	n/a	-0.16226887702941895	0.1001594215631485	-0.2575634717941284	0.29773738980293274	0.06298109889030457	-0.04654744267463684	-0.026160933077335358	-0.5344660878181458	0.08804331719875336	-0.338660329580307	0.07690146565437317	0.1451404094696045	0.11996512115001678	-0.13718003034591675	1.0	0.1246567815542221	0.6548675298690796	-0.07910662889480591	-0.5119331479072571	-0.27137473225593567	0.30061760544776917	0.016404885798692703	-0.13310031592845917	0.12251215428113937	-0.097976453602314	-0.321111798286438	n/a	0.31053099036216736	-0.14449846744537354	0.28445371985435486	-0.003727984381839633	-0.017570843920111656	0.41326984763145447	0.15463940799236298	-0.4548225700855255	0.07462947070598602	-0.026954874396324158	-0.14387157559394836	0.7878284454345703	0.02881741337478161	0.606637179851532	-0.628074586391449	-0.03681116923689842	0.14026738703250885	-0.2219930738210678	-0.03172001242637634	-0.5446032285690308	0.057329632341861725	0.13553714752197266	-0.2829608619213104	-0.3409240245819092	-0.12779098749160767	0.020750965923070908	-0.41904953122138977	0.07788155972957611	-0.0007911977590993047	0.2550245225429535	0.12018182873725891	-0.04307416081428528	0.15452070534229279	-0.3582575023174286	0.2806697487831116	-0.12836572527885437	0.07037650048732758	0.020986462011933327	-0.053428106009960175	-0.11126533150672913	0.09178762137889862	-0.17220532894134521	-0.18715187907218933	0.30812159180641174	0.13582129776477814
PMN_LABEL_24	0.12910650670528412	-0.13678960502147675	-0.061779726296663284	-0.3326270580291748	0.02902519702911377	0.24902254343032837	0.076444610953331	n/a	0.12590442597866058	0.1871391385793686	0.1218360885977745	0.12251375615596771	-0.15881146490573883	-0.029032118618488312	-0.37647393345832825	0.2197946310043335	-0.08990177512168884	-0.041039057075977325	0.0006665833061560988	-0.23179741203784943	-0.05030130222439766	0.10296741127967834	0.1246567815542221	1.0	-0.08910989761352539	0.47762858867645264	-0.23249384760856628	0.13858328759670258	-0.13200384378433228	-0.05976421386003494	-0.25927799940109253	-0.05039406567811966	0.41034606099128723	0.06274186819791794	n/a	-0.07288765907287598	0.22976280748844147	-0.012306422926485538	-0.25534215569496155	-0.0742877945303917	-0.14522519707679749	-0.06888901442289352	0.172587051987648	-0.06187261641025543	-0.1764860302209854	-0.010981583036482334	-0.04772084578871727	0.792317271232605	-0.18009325861930847	0.023438818752765656	-0.03690427914261818	0.4825833737850189	0.3349763751029968	0.27454105019569397	-0.05495045334100723	-0.34529879689216614	-0.20127198100090027	0.030904633924365044	0.23350675404071808	-0.19820243120193481	-0.1466774046421051	-0.43763968348503113	0.49240759015083313	-0.16008296608924866	0.1866222470998764	-0.22928747534751892	-0.09038031846284866	-0.37727978825569153	-0.12368406355381012	-0.12792883813381195	0.42245131731033325	-0.2667204737663269	-0.24474337697029114	-0.15652209520339966	-0.21599596738815308	-0.3069784939289093	-0.22452835738658905	-0.1086510494351387	-0.15340714156627655	-0.26106056571006775
DAN_LABEL_25	-0.06619526445865631	0.46543049812316895	-0.5151452422142029	0.38113418221473694	0.030141916126012802	0.1342594176530838	0.03814581409096718	n/a	-0.08156376332044601	-0.10612831264734268	-0.5499098300933838	0.05385493487119675	0.29328855872154236	0.19699078798294067	0.24098919332027435	-0.5207720398902893	0.23873533308506012	-0.558369517326355	0.434023380279541	0.22942709922790527	-0.2195279449224472	-0.38866496086120605	0.6548675298690796	-0.08910989761352539	1.0	-0.13944366574287415	-0.46613118052482605	-0.7129340767860413	0.4662083387374878	-0.37303513288497925	0.18188363313674927	0.09417548775672913	-0.07861094176769257	-0.07673575729131699	n/a	0.20475515723228455	-0.4987926483154297	0.1348569542169571	0.4695497751235962	0.1685822308063507	0.2753922641277313	0.4817730188369751	-0.20819847285747528	0.19308781623840332	-0.07168395817279816	-0.3158227801322937	0.7455483675003052	-0.05357882007956505	0.7950577139854431	-0.6239621639251709	-0.483813613653183	0.02339109033346176	-0.17458735406398773	-0.20163282752037048	-0.553524374961853	0.15246951580047607	0.12362941354513168	-0.448128879070282	-0.4642746150493622	0.3161485493183136	0.28634822368621826	-0.26890385150909424	0.08890126645565033	-0.15175387263298035	0.07784733921289444	0.26169657707214355	0.24656906723976135	0.44615375995635986	-0.17970067262649536	0.35242652893066406	-0.2843937873840332	-0.0844624862074852	0.16407005488872528	0.20120476186275482	0.21075695753097534	0.42082634568214417	-0.14836949110031128	-0.11879612505435944	0.260408878326416	-0.11605679988861084
