Node	DMN_LABEL_1	Vis_LABEL_2	FP_LABEL_3	Aud_LABEL_4	Tpole_LABEL_5	PMN_LABEL_6	PON_LABEL_7	MTL_LABEL_8	PON_LABEL_9	CO_LABEL_10	Sal_LABEL_11	CO_LABEL_12	SMd_LABEL_13	SMl_LABEL_14	DAN_LABEL_15	DMN_LABEL_16	CO_LABEL_17	DMN_LABEL_18	VAN_LABEL_19	CO_LABEL_20	CO_LABEL_21	Sal_LABEL_22	DAN_LABEL_23	PMN_LABEL_24	DAN_LABEL_25	DMN_LABEL_26	DMN_LABEL_27	DMN_LABEL_28	Vis_LABEL_29	FP_LABEL_30	Aud_LABEL_31	Tpole_LABEL_32	PMN_LABEL_33	PON_LABEL_34	MTL_LABEL_35	CO_LABEL_36	Sal_LABEL_37	CO_LABEL_38	SMd_LABEL_39	SMl_LABEL_40	DAN_LABEL_41	CO_LABEL_42	VAN_LABEL_43	CO_LABEL_44	CO_LABEL_45	Sal_LABEL_46	DAN_LABEL_47	PMN_LABEL_48	DAN_LABEL_49	DMN_LABEL_50	FP_LABEL_51	DMN_LABEL_52	DMN_LABEL_53	PON_LABEL_54	DMN_LABEL_55	Tpole_LABEL_56	Tpole_LABEL_57	Sal_LABEL_58	Sal_LABEL_59	SMd_LABEL_60	DAN_LABEL_61	FP_LABEL_62	DMN_LABEL_63	FP_LABEL_64	FP_LABEL_65	SMd_LABEL_66	SMl_LABEL_67	SMd_LABEL_68	DMN_LABEL_69	DAN_LABEL_70	DMN_LABEL_71	FP_LABEL_72	SMd_LABEL_73	SMl_LABEL_74	MTL_LABEL_75	MTL_LABEL_76	CO_LABEL_77	CO_LABEL_78	Vis_LABEL_79	Vis_LABEL_80
DMN_LABEL_1	1.0	-0.4489467442035675	-0.19083696603775024	-0.10899554938077927	-0.32455143332481384	0.24651362001895905	0.7258282899856567	n/a	0.7182431817054749	-0.6279703378677368	0.262315958738327	-0.6337231397628784	-0.2820356786251068	0.0640810877084732	0.2123093456029892	0.8217666149139404	-0.3601418733596802	0.5757881999015808	0.017123447731137276	-0.4314042925834656	-0.8021673560142517	-0.519504189491272	0.07346989959478378	0.07747483253479004	0.10805045813322067	0.7118558287620544	0.8105928897857666	0.4702896773815155	-0.4087507128715515	-0.4554729163646698	-0.3618031144142151	-0.2965465188026428	0.06060392037034035	0.7989276647567749	n/a	-0.625761091709137	-0.32043197751045227	-0.5456602573394775	0.6962766051292419	0.03267161175608635	-0.18242184817790985	-0.36553066968917847	-0.27194464206695557	-0.4883922040462494	-0.7105521559715271	-0.5582340955734253	-0.012714951299130917	-0.001689121825620532	0.05951840430498123	0.7552791833877563	-0.6758705377578735	0.2345483899116516	0.31703710556030273	0.5948445796966553	0.6214067339897156	-0.11349398642778397	-0.34366488456726074	0.052132219076156616	-0.23077666759490967	0.30987268686294556	-0.07261408865451813	0.5163885951042175	0.31616830825805664	0.16963376104831696	-0.050844114273786545	0.3132424056529999	0.2607647180557251	0.05937885865569115	0.5704331994056702	-0.24081699550151825	0.4384152889251709	0.18012505769729614	-0.170833021402359	0.27795201539993286	0.5244696140289307	0.7171574831008911	-0.1406169831752777	-0.1451585292816162	0.043114207684993744	0.03888068348169327
Vis_LABEL_2	-0.4489467442035675	1.0	-0.255255788564682	0.4354800879955292	0.19758228957653046	0.24204403162002563	-0.18323059380054474	n/a	-0.3389451205730438	0.3367784917354584	-0.33719635009765625	0.36126619577407837	0.07202743738889694	0.2589445412158966	-0.19960489869117737	-0.48979419469833374	0.31072014570236206	-0.6085007786750793	0.09698852896690369	0.48377883434295654	0.4501785337924957	0.3036312162876129	0.12674608826637268	0.43647870421409607	0.3671240508556366	-0.711178719997406	-0.6782970428466797	-0.5460085272789001	0.9580700993537903	-0.13516797125339508	0.2597780227661133	0.1396329253911972	0.4616186320781708	-0.3642575442790985	n/a	0.28214865922927856	0.016074588522315025	0.4486399292945862	-0.22303371131420135	0.2539087235927582	-0.34193235635757446	0.320848673582077	0.11559091508388519	0.6360887885093689	0.4130506217479706	0.21671663224697113	0.06261856853961945	0.4317733347415924	-0.12904459238052368	-0.45246395468711853	-0.04510021209716797	-0.5904137492179871	-0.3899226784706116	-0.44934752583503723	-0.4377691447734833	0.2290915995836258	-0.13495400547981262	-0.24469809234142303	-0.23778995871543884	-0.36718645691871643	-0.16521157324314117	-0.3800889551639557	-0.6461681127548218	-0.25552982091903687	0.077816441655159	-0.008485587313771248	0.031278979033231735	-0.14486776292324066	-0.640536904335022	-0.3765529692173004	-0.6362638473510742	0.04405314475297928	0.04990048334002495	0.33085766434669495	-0.2743546664714813	-0.4113849997520447	0.1942325234413147	0.14448530972003937	0.5176476240158081	-0.23557236790657043
FP_LABEL_3	-0.19083696603775024	-0.255255788564682	1.0	-0.30458489060401917	-0.22516806423664093	-0.14857469499111176	-0.14024601876735687	n/a	-0.03332391381263733	0.22892779111862183	-0.03698205202817917	0.01918911002576351	0.021113449707627296	-0.4487180709838867	0.29890260100364685	-0.0032009060960263014	0.06617498397827148	-0.046869270503520966	-0.4858035147190094	0.04215801879763603	0.14376568794250488	-0.11894179880619049	-0.1101078912615776	-0.22575847804546356	-0.23976652324199677	-0.07383489608764648	-0.0025422812905162573	0.10411293059587479	-0.3078230321407318	0.6017540693283081	-0.24038110673427582	-0.34809625148773193	-0.22972282767295837	-0.14237269759178162	n/a	0.18265512585639954	0.17606006562709808	0.1756167709827423	-0.3295292854309082	-0.4551873207092285	0.4118257462978363	-0.32257533073425293	-0.18402062356472015	-0.10771183669567108	0.17200900614261627	0.11279290914535522	0.05116486921906471	-0.08166681230068207	0.00034086770028807223	-0.04420093446969986	0.6341894865036011	-0.14615143835544586	0.08148285746574402	-0.21188808977603912	-0.09408634155988693	-0.39149415493011475	-0.1989883929491043	0.16319824755191803	0.28865209221839905	-0.22631476819515228	-0.07476550340652466	-0.03892260044813156	0.23406030237674713	0.12106874585151672	-0.012416088953614235	-0.3173905313014984	-0.24853789806365967	-0.09044432640075684	-0.0959123745560646	0.30765214562416077	0.19515149295330048	0.18423083424568176	0.08112579584121704	-0.22015172243118286	0.07572303712368011	-0.16770756244659424	-0.04446820169687271	0.050841499119997025	-0.1894819140434265	-0.48464274406433105
Aud_LABEL_4	-0.10899554938077927	0.4354800879955292	-0.30458489060401917	1.0	0.10852614045143127	-0.1153118759393692	-0.1383812129497528	n/a	-0.04412279278039932	0.059416864067316055	-0.2726789116859436	0.3048342168331146	-0.01618841663002968	0.7123185396194458	-0.05825464800000191	-0.17853954434394836	0.49272841215133667	-0.13265395164489746	0.3417952060699463	0.5415128469467163	0.28719139099121094	0.1697780340909958	0.0529894158244133	0.0688602477312088	0.24813908338546753	-0.18835067749023438	-0.34850555658340454	-0.4421897828578949	0.3660731315612793	-0.2644498348236084	0.7578994631767273	0.03346940502524376	0.11601130664348602	-0.097279854118824	n/a	-0.02333023212850094	-0.2978120744228363	0.32522717118263245	0.1399403065443039	0.7008838653564453	-0.05314216390252113	0.5508647561073303	0.3028082251548767	0.4637199640274048	0.2765692174434662	-0.033679861575365067	-0.004831219557672739	0.028964897617697716	-0.1596153974533081	-0.09689313918352127	-0.18204468488693237	-0.40206244587898254	-0.320832759141922	-0.13167712092399597	-0.3392622470855713	0.48980841040611267	0.08966817706823349	-0.1315116286277771	-0.021492645144462585	-0.23358462750911713	-0.11586663872003555	-0.08504953235387802	-0.40437546372413635	-0.27024781703948975	-0.13705997169017792	0.1106344684958458	0.2012758105993271	-0.4517221748828888	-0.45332974195480347	-0.42022085189819336	-0.605089008808136	-0.3102797865867615	-0.3585018813610077	0.31429263949394226	0.3270549774169922	0.0835980772972107	0.3463398218154907	0.1169368177652359	0.5922988057136536	-0.028103522956371307
Tpole_LABEL_5	-0.32455143332481384	0.19758228957653046	-0.22516806423664093	0.10852614045143127	1.0	0.1751362383365631	-0.25238171219825745	n/a	-0.3404572606086731	0.4422479271888733	0.406009703874588	0.5896067023277283	0.20963312685489655	-0.044791001826524734	-0.14450407028198242	-0.2790300250053406	0.43215128779411316	0.0417969785630703	-0.02570927143096924	0.34929221868515015	0.47629958391189575	0.6030945777893066	-0.07500816881656647	0.23090356588363647	-0.20997481048107147	-0.05633051320910454	-0.204837828874588	-0.18330205976963043	0.19375109672546387	0.042660556733608246	0.06298013031482697	0.5262717604637146	0.33793944120407104	-0.37184879183769226	n/a	0.5834497213363647	0.5344279408454895	0.36545246839523315	-0.3924715220928192	-0.03142542764544487	0.16562874615192413	0.5245229601860046	0.38077282905578613	0.31978949904441833	0.14072974026203156	0.2859572768211365	-0.20547935366630554	0.21628005802631378	-0.16764888167381287	-0.30792108178138733	0.16272301971912384	0.01890827715396881	-0.09964791685342789	-0.26443859934806824	-0.1274467408657074	0.28261980414390564	0.5410430431365967	0.369355171918869	0.328997939825058	-0.13478004932403564	-0.22380037605762482	-0.40070104598999023	0.12379198521375656	-0.08947227895259857	0.1759738028049469	-0.2308526635169983	-0.12661539018154144	0.0600382499396801	-0.26452741026878357	-0.0616220198571682	-0.02468886412680149	0.04569428414106369	0.13166731595993042	-0.1220734715461731	-0.20675550401210785	-0.2285936325788498	0.6946476697921753	0.39212965965270996	-0.11040210723876953	0.22524727880954742
PMN_LABEL_6	0.24651362001895905	0.24204403162002563	-0.14857469499111176	-0.1153118759393692	0.1751362383365631	1.0	0.191219300031662	n/a	0.06247526407241821	-0.10556180775165558	0.4354868233203888	0.09027766436338425	0.047015704214572906	-0.3708111643791199	-0.26477915048599243	0.3319411873817444	0.0375613272190094	0.22326959669589996	-0.031079255044460297	0.3076145052909851	-0.07115737348794937	0.06106043606996536	-0.29990917444229126	0.7821972370147705	-0.09046658128499985	0.09424453973770142	0.13051661849021912	0.1427944004535675	0.29724350571632385	-0.13524338603019714	-0.5088579058647156	-0.09063749015331268	0.8883686065673828	-0.02452204003930092	n/a	0.026913145557045937	0.3996158540248871	-0.007053663022816181	-0.07177261263132095	-0.3219826817512512	-0.30158212780952454	0.0666397213935852	0.13558588922023773	0.14076842367649078	-0.18755649030208588	-0.013755557127296925	-0.34004804491996765	0.7955216765403748	-0.5317416787147522	0.18393930792808533	-0.3154969811439514	-0.14699047803878784	0.28138667345046997	-0.29437699913978577	0.2198736071586609	-0.49022239446640015	-0.45951831340789795	0.36914539337158203	0.04381002113223076	0.06550430506467819	-0.06435460597276688	-0.2911843955516815	0.2623380720615387	0.04004783183336258	0.28238534927368164	-0.06662340462207794	0.14492470026016235	0.25732895731925964	0.09069518744945526	-0.35878005623817444	0.34525778889656067	0.15750344097614288	0.27812713384628296	0.49008455872535706	-0.1464766412973404	0.050434719771146774	0.13687579333782196	0.1883033812046051	0.1577008068561554	-0.1555735170841217
PON_LABEL_7	0.7258282899856567	-0.18323059380054474	-0.14024601876735687	-0.1383812129497528	-0.25238171219825745	0.191219300031662	1.0	n/a	0.8708969354629517	-0.47835755348205566	0.09794019162654877	-0.5703921318054199	-0.2595718801021576	0.05761948600411415	0.1195329800248146	0.6887972950935364	-0.22507049143314362	0.3862352967262268	-0.24074828624725342	-0.3309400975704193	-0.5036419630050659	-0.507828414440155	0.11296382546424866	0.07973749190568924	-0.01875714585185051	0.4429296553134918	0.6070972681045532	0.32567891478538513	-0.16831602156162262	-0.33647558093070984	-0.27006182074546814	-0.31011277437210083	0.0026807067915797234	0.8988329768180847	n/a	-0.48395565152168274	-0.26964494585990906	-0.4231298267841339	0.563787043094635	0.03007402829825878	-0.16974394023418427	-0.14292797446250916	-0.3621869385242462	-0.20424622297286987	-0.3017619848251343	-0.36742469668388367	0.09607664495706558	0.033704906702041626	-0.01884462684392929	0.6423768401145935	-0.5329527854919434	0.1640060544013977	0.0915900319814682	0.6230208277702332	0.5468689799308777	-0.01878160797059536	-0.2723882496356964	-0.1801893264055252	-0.5014331936836243	0.03422835096716881	-0.1241534948348999	0.35504645109176636	-0.030461354181170464	0.06661428511142731	-0.08083876222372055	0.24649739265441895	-0.045745134353637695	0.08522344380617142	0.4014720320701599	-0.3339342474937439	0.15755347907543182	0.29939141869544983	-0.14982277154922485	0.2119062840938568	0.38307303190231323	0.511833906173706	-0.06935737282037735	0.054710324853658676	0.19739055633544922	-0.05105786398053169
MTL_LABEL_8	n/a	n/a	n/a	n/a	n/a	n/a	n/a	1.0	n/a	n/a	n/a	n/a	n/a	n/a	n/a	n/a	n/a	n/a	n/a	n/a	n/a	n/a	n/a	n/a	n/a	n/a	n/a	n/a	n/a	n/a	n/a	n/a	n/a	n/a	n/a	n/a	n/a	n/a	n/a	n/a	n/a	n/a	n/a	n/a	n/a	n/a	n/a	n/a	n/a	n/a	n/a	n/a	n/a	n/a	n/a	n/a	n/a	n/a	n/a	n/a	n/a	n/a	n/a	n/a	n/a	n/a	n/a	n/a	n/a	n/a	n/a	n/a	n/a	n/a	n/a	n/a	n/a	n/a	n/a	n/a
PON_LABEL_9	0.7182431817054749	-0.3389451205730438	-0.03332391381263733	-0.04412279278039932	-0.3404572606086731	0.06247526407241821	0.8708969354629517	n/a	1.0	-0.43799829483032227	0.1524987369775772	-0.5385959148406982	-0.29085221886634827	0.10320942103862762	0.29157593846321106	0.6484860181808472	-0.17983174324035645	0.35290661454200745	-0.1382264792919159	-0.2539503276348114	-0.4733126163482666	-0.6155716180801392	0.1487533450126648	-0.08166560530662537	0.07964469492435455	0.4730619490146637	0.6329419016838074	0.2540637254714966	-0.3173924684524536	-0.24864794313907623	-0.18916547298431396	-0.2617536783218384	-0.13946035504341125	0.8828231692314148	n/a	-0.4296495020389557	-0.26568084955215454	-0.39640897512435913	0.5740704536437988	0.07425115257501602	-0.0739608183503151	-0.15489237010478973	-0.5079180002212524	-0.1654164046049118	-0.258404940366745	-0.4903263449668884	0.0909857228398323	-0.15750272572040558	0.10180496424436569	0.5839765667915344	-0.4467872977256775	0.13109587132930756	0.07441554218530655	0.7091943621635437	0.43205878138542175	0.030067699030041695	-0.22907568514347076	-0.1976785957813263	-0.44151070713996887	0.0813930556178093	0.041940610855817795	0.40178534388542175	0.05400291457772255	0.09654713422060013	-0.20388026535511017	0.35129186511039734	0.15701182186603546	-0.004964147694408894	0.49368175864219666	-0.2219659835100174	0.15981119871139526	0.27221956849098206	-0.16919247806072235	0.07626112550497055	0.585078775882721	0.6980317234992981	-0.0966770350933075	-0.020207498222589493	0.2113594263792038	-0.059521324932575226
CO_LABEL_10	-0.6279703378677368	0.3367784917354584	0.22892779111862183	0.059416864067316055	0.4422479271888733	-0.10556180775165558	-0.47835755348205566	n/a	-0.43799829483032227	1.0	0.06650769710540771	0.6855231523513794	0.5714836120605469	0.06511738896369934	0.2714146077632904	-0.7288854122161865	0.6150622367858887	-0.6979254484176636	-0.2758543789386749	0.28842005133628845	0.7590445280075073	0.3154248297214508	0.2589273154735565	-0.13293273746967316	-0.1687641739845276	-0.6662061810493469	-0.5333811044692993	-0.3869495391845703	0.2252373844385147	0.34704288840293884	0.243647500872612	0.4275669753551483	-0.048246536403894424	-0.504758358001709	n/a	0.8651793003082275	0.4734499156475067	0.6850234270095825	-0.46937093138694763	0.14966405928134918	0.41197657585144043	0.4147641658782959	-0.05924909561872482	0.449588418006897	0.6398144960403442	0.10126575082540512	0.10206090658903122	-0.08430458605289459	-0.01781347766518593	-0.67316073179245	0.5547459721565247	-0.32286298274993896	-0.3547300696372986	-0.3963800072669983	-0.47920462489128113	0.14469164609909058	0.1996263861656189	-0.026667354628443718	0.07754810154438019	-0.2548043727874756	0.08541379868984222	-0.3380321264266968	-0.13526630401611328	-0.09569983184337616	-0.1570902019739151	-0.23126506805419922	-0.33657926321029663	0.17817166447639465	-0.41510674357414246	0.25547951459884644	-0.2388882040977478	0.1164790615439415	0.23146717250347137	-0.3026880621910095	-0.38691210746765137	-0.4715707004070282	0.46589699387550354	0.13838019967079163	-0.04662998765707016	-0.14847992360591888
Sal_LABEL_11	0.262315958738327	-0.33719635009765625	-0.03698205202817917	-0.2726789116859436	0.406009703874588	0.4354868233203888	0.09794019162654877	n/a	0.1524987369775772	0.06650769710540771	1.0	0.09189252555370331	0.05391689017415047	-0.33134233951568604	-0.024327106773853302	0.3489193320274353	-0.010082577355206013	0.39888477325439453	-0.03797835856676102	0.06939204037189484	0.023271745070815086	0.25250446796417236	-0.2172202318906784	0.15424691140651703	-0.411141961812973	0.4348474442958832	0.5037475228309631	0.3574685752391815	-0.3274678885936737	0.015585782937705517	-0.399485319852829	0.09657028317451477	0.36148518323898315	0.05686752870678902	n/a	0.17365138232707977	0.5655233263969421	0.03611971065402031	-0.05116654559969902	-0.27973026037216187	0.0638425275683403	0.11131824553012848	0.1396375149488449	-0.09285803884267807	-0.20210522413253784	-0.11889395862817764	-0.31222355365753174	0.17238372564315796	-0.2729208469390869	0.24772268533706665	-0.15656161308288574	0.1735483556985855	0.24961715936660767	-0.0013418429298326373	0.3857303261756897	-0.22065459191799164	-0.011367679573595524	0.4901023507118225	0.26073604822158813	0.30869919061660767	0.04211699962615967	-0.099264957010746	0.6027856469154358	0.20060163736343384	0.00505157932639122	0.02564420737326145	-0.07653211802244186	0.26606351137161255	0.38217347860336304	0.07311476767063141	0.5945011973381042	0.08309097588062286	0.2788851857185364	0.04745478555560112	0.1685415357351303	0.336979478597641	0.4080711901187897	0.20400509238243103	-0.1310373842716217	0.04900334030389786
CO_LABEL_12	-0.6337231397628784	0.36126619577407837	0.01918911002576351	0.3048342168331146	0.5896067023277283	0.09027766436338425	-0.5703921318054199	n/a	-0.5385959148406982	0.6855231523513794	0.09189252555370331	1.0	0.4767420291900635	0.14823351800441742	-0.0365825854241848	-0.5910586714744568	0.5981566905975342	-0.3229016363620758	-0.006786257028579712	0.5819878578186035	0.7114440202713013	0.488881915807724	-0.04969998821616173	0.26871737837791443	-0.2223718762397766	-0.487292617559433	-0.5585960745811462	-0.2362658828496933	0.3002708852291107	0.42137306928634644	0.42226770520210266	0.281829297542572	0.2730976939201355	-0.5889577269554138	n/a	0.6000211238861084	0.5513774752616882	0.5286582112312317	-0.6001220941543579	0.17156244814395905	0.20885224640369415	0.6010332703590393	0.3043062388896942	0.54574054479599	0.5302263498306274	0.29617124795913696	-0.3303871154785156	0.28010210394859314	-0.262565553188324	-0.5589919090270996	0.44272422790527344	-0.20192815363407135	-0.3020038306713104	-0.4989633560180664	-0.42909112572669983	0.10856372117996216	0.3270878493785858	0.23159611225128174	0.3173360824584961	-0.25071942806243896	-0.17413926124572754	-0.4047425091266632	-0.10315827280282974	-0.06838719546794891	0.07715227454900742	-0.16856804490089417	-0.14624015986919403	0.06550901383161545	-0.402010440826416	0.13418012857437134	-0.3177926540374756	-0.10618848353624344	0.2985629439353943	-0.012496454641222954	-0.2832810878753662	-0.38844001293182373	0.3871862590312958	0.1143730953335762	0.14318373799324036	0.1148156002163887
SMd_LABEL_13	-0.2820356786251068	0.07202743738889694	0.021113449707627296	-0.01618841663002968	0.20963312685489655	0.047015704214572906	-0.2595718801021576	n/a	-0.29085221886634827	0.5714836120605469	0.05391689017415047	0.4767420291900635	1.0	0.10603927820920944	0.2998497188091278	-0.39037129282951355	0.46659284830093384	-0.32135629653930664	-0.03523910045623779	0.09879821538925171	0.35826510190963745	0.14275893568992615	0.34142690896987915	0.09496999531984329	-0.19500571489334106	-0.3784414231777191	-0.27274879813194275	-0.12074805796146393	-0.05832689255475998	0.15480361878871918	0.23067723214626312	0.36823055148124695	-0.018093498423695564	-0.19357435405254364	n/a	0.41948845982551575	0.30968624353408813	0.2353629618883133	-0.16907784342765808	0.1841331124305725	0.5314884781837463	0.3486742675304413	0.036465033888816833	0.18603777885437012	0.3495883643627167	0.02547948807477951	0.18020349740982056	0.05795757845044136	-0.05932515859603882	-0.3820573687553406	0.2535802721977234	-0.0033120745792984962	0.04342181608080864	-0.1365734487771988	-0.23557119071483612	-0.027995262295007706	0.11864172667264938	0.005229550413787365	0.03225050866603851	-0.18380454182624817	-0.11749732494354248	-0.13936929404735565	-0.033782023936510086	-0.24645009636878967	-0.19593243300914764	-0.14363828301429749	-0.24139291048049927	0.36418962478637695	-0.16488344967365265	0.3596775233745575	-0.043144188821315765	0.05169057473540306	0.5128808617591858	0.017953885719180107	-0.38366568088531494	-0.3206937313079834	0.2601894438266754	-0.06992875784635544	-0.16919812560081482	0.017413437366485596
SMl_LABEL_14	0.0640810877084732	0.2589445412158966	-0.4487180709838867	0.7123185396194458	-0.044791001826524734	-0.3708111643791199	0.05761948600411415	n/a	0.10320942103862762	0.06511738896369934	-0.33134233951568604	0.14823351800441742	0.10603927820920944	1.0	0.13536638021469116	-0.18437975645065308	0.35533609986305237	-0.2483464926481247	0.3343227207660675	0.08256484568119049	0.07717523723840714	0.031518928706645966	0.36517053842544556	-0.15517498552799225	0.20126760005950928	-0.2261839359998703	-0.1869199126958847	-0.2593482732772827	0.15209442377090454	-0.31924358010292053	0.7360378503799438	0.10095488280057907	-0.23496587574481964	0.21549583971500397	n/a	-0.14094126224517822	-0.4054432213306427	0.16991911828517914	0.3627740442752838	0.9608042240142822	-0.04344801604747772	0.30082839727401733	0.05342976748943329	0.1802673190832138	0.17711623013019562	-0.2029014378786087	0.214270681142807	-0.2365739345550537	0.07589003443717957	-0.007775483187288046	-0.3232784867286682	-0.19337546825408936	-0.35552945733070374	0.21393820643424988	-0.10153916478157043	0.6169481873512268	0.10297442972660065	-0.5016201138496399	-0.3483702838420868	-0.185305655002594	-0.09594906866550446	0.2306145280599594	-0.4823865294456482	-0.25428467988967896	-0.3974487781524658	0.22507670521736145	0.041330013424158096	-0.35657745599746704	-0.2938491106033325	-0.23742064833641052	-0.5317894220352173	-0.29856008291244507	-0.32542914152145386	0.19618874788284302	0.18776121735572815	0.15078924596309662	0.10431989282369614	-0.19085870683193207	0.4226398468017578	0.04766537621617317
DAN_LABEL_15	0.2123093456029892	-0.19960489869117737	0.29890260100364685	-0.05825464800000191	-0.14450407028198242	-0.26477915048599243	0.1195329800248146	n/a	0.29157593846321106	0.2714146077632904	-0.024327106773853302	-0.0365825854241848	0.2998497188091278	0.13536638021469116	1.0	0.0062227617017924786	0.14078417420387268	-0.24840964376926422	-0.24749380350112915	-0.15302437543869019	-0.1642286628484726	-0.38418784737586975	0.5921369791030884	-0.17596860229969025	0.1747395396232605	-0.043165553361177444	0.1385248899459839	0.12790319323539734	-0.2883770763874054	0.18088291585445404	0.06217775121331215	0.02959662862122059	-0.3822053074836731	0.31206756830215454	n/a	0.03211209550499916	-0.078791044652462	-0.025597097352147102	0.28860485553741455	0.10333648324012756	0.33800894021987915	-0.05181660130620003	-0.6880826354026794	0.08384876698255539	-0.05940500646829605	-0.4829198122024536	0.16044360399246216	-0.2942453622817993	0.425493448972702	-0.022596409544348717	0.006874514278024435	0.027642875909805298	0.028334124013781548	0.4153995215892792	-0.1423163115978241	0.11812382191419601	0.07123399525880814	-0.16919022798538208	-0.18049529194831848	-0.17945614457130432	0.0930599570274353	0.255376935005188	-0.04880737513303757	-0.06099843233823776	-0.5101074576377869	0.30270877480506897	0.11651182919740677	0.010526079684495926	0.14845383167266846	0.3093448579311371	-0.11062023788690567	0.5312867760658264	0.1332705020904541	-0.24757590889930725	0.2677939236164093	0.06090511009097099	0.014783728867769241	-0.1847890317440033	0.006193644367158413	-0.19122682511806488
DMN_LABEL_16	0.8217666149139404	-0.48979419469833374	-0.0032009060960263014	-0.17853954434394836	-0.2790300250053406	0.3319411873817444	0.6887972950935364	n/a	0.6484860181808472	-0.7288854122161865	0.3489193320274353	-0.5910586714744568	-0.39037129282951355	-0.18437975645065308	0.0062227617017924786	1.0	-0.41319024562835693	0.7657479643821716	-0.15722417831420898	-0.2751768231391907	-0.6504030227661133	-0.28624701499938965	-0.27611589431762695	0.20005099475383759	-0.16261351108551025	0.749705970287323	0.7950434684753418	0.6280215382575989	-0.4213484823703766	-0.14976106584072113	-0.42408332228660583	-0.4574313461780548	0.1660255640745163	0.6808425188064575	n/a	-0.6608292460441589	-0.14083261787891388	-0.5244011878967285	0.4793807864189148	-0.22625745832920074	-0.2916593849658966	-0.31345999240875244	-0.09964572638273239	-0.36345064640045166	-0.5805934071540833	-0.1869921237230301	-0.24692411720752716	0.21243299543857574	-0.20257805287837982	0.9279026985168457	-0.5656501054763794	0.2693769931793213	0.37153834104537964	0.4674852788448334	0.7569293975830078	-0.2894049286842346	-0.3107156455516815	0.2329639196395874	-0.05130814015865326	0.2886865437030792	-0.05558313801884651	0.3545929789543152	0.3466126024723053	0.22359776496887207	0.06535876542329788	0.07134300470352173	0.13788993656635284	0.005176501348614693	0.47630196809768677	-0.2722346782684326	0.4398486316204071	0.16536132991313934	-0.13190606236457825	0.21816182136535645	0.4925295412540436	0.5705495476722717	-0.11710422486066818	0.051919251680374146	0.004203471355140209	-0.005899645388126373
CO_LABEL_17	-0.3601418733596802	0.31072014570236206	0.06617498397827148	0.49272841215133667	0.43215128779411316	0.0375613272190094	-0.22507049143314362	n/a	-0.17983174324035645	0.6150622367858887	-0.010082577355206013	0.5981566905975342	0.46659284830093384	0.35533609986305237	0.14078417420387268	-0.41319024562835693	1.0	-0.2872616648674011	-0.06548155844211578	0.5907966494560242	0.6042962074279785	0.2684082090854645	0.056550800800323486	0.017288966104388237	-0.19131708145141602	-0.364835262298584	-0.4315386414527893	-0.48161911964416504	0.15534581243991852	0.06119127944111824	0.4590332508087158	0.1907551884651184	0.11090905964374542	-0.2491997480392456	n/a	0.6094581484794617	0.11576133221387863	0.5667073726654053	-0.3000470697879791	0.37508222460746765	0.47470512986183167	0.6598156690597534	0.27945995330810547	0.4424903988838196	0.540136992931366	0.04583623260259628	0.04318926855921745	0.0902111679315567	-0.22702836990356445	-0.3626328408718109	0.22558417916297913	-0.29947832226753235	-0.23006221652030945	-0.30055660009384155	-0.38397398591041565	0.28617385029792786	0.14480771124362946	-0.1208372712135315	-0.036052536219358444	-0.45186248421669006	-0.13805589079856873	-0.29974016547203064	-0.11024777591228485	-0.3638986349105835	-0.25435903668403625	-0.33094173669815063	-0.23102045059204102	-0.24354250729084015	-0.5508924722671509	-0.04869469255208969	-0.26625174283981323	-0.20483437180519104	-0.11169832944869995	-0.08029364049434662	-0.1385975182056427	-0.25575292110443115	0.6518158316612244	0.14415660500526428	0.19053757190704346	-0.2280683070421219
DMN_LABEL_18	0.5757881999015808	-0.6085007786750793	-0.046869270503520966	-0.13265395164489746	0.0417969785630703	0.22326959669589996	0.3862352967262268	n/a	0.35290661454200745	-0.6979254484176636	0.39888477325439453	-0.3229016363620758	-0.32135629653930664	-0.2483464926481247	-0.24840964376926422	0.7657479643821716	-0.2872616648674011	1.0	0.10035037994384766	-0.13160108029842377	-0.510463297367096	-0.0744919627904892	-0.41421249508857727	0.1304410994052887	-0.2558911144733429	0.8709355592727661	0.6859714984893799	0.5311280488967896	-0.5246426463127136	-0.155126690864563	-0.29123711585998535	-0.32197633385658264	0.14649347960948944	0.3743509352207184	n/a	-0.5053098797798157	-0.03571293130517006	-0.517806351184845	0.24487771093845367	-0.28338953852653503	-0.03800157085061073	-0.12745511531829834	0.29218509793281555	-0.4582192003726959	-0.5728775262832642	-0.04902002587914467	-0.29640358686447144	0.12095756083726883	-0.2159033715724945	0.6561679244041443	-0.31924960017204285	0.45042744278907776	0.47763702273368835	0.26544949412345886	0.5516456365585327	-0.25401726365089417	0.04259725287556648	0.4346894919872284	0.299579918384552	0.224417045712471	-0.20818956196308136	0.10760621726512909	0.5557850003242493	0.08351030200719833	0.1672610342502594	0.00955883041024208	0.08251718431711197	-0.09296193718910217	0.43352168798446655	-0.18753331899642944	0.5286358594894409	-0.16879768669605255	-0.12543059885501862	0.12447619438171387	0.37840569019317627	0.44878798723220825	-0.03469059243798256	0.09311693161725998	-0.17116449773311615	0.22602689266204834
VAN_LABEL_19	0.017123447731137276	0.09698852896690369	-0.4858035147190094	0.3417952060699463	-0.02570927143096924	-0.031079255044460297	-0.24074828624725342	n/a	-0.1382264792919159	-0.2758543789386749	-0.03797835856676102	-0.006786257028579712	-0.03523910045623779	0.3343227207660675	-0.24749380350112915	-0.15722417831420898	-0.06548155844211578	0.10035037994384766	1.0	0.07987404614686966	-0.1266959011554718	0.186446875333786	0.21127963066101074	0.013405815698206425	0.4235891103744507	0.05485493317246437	-0.11846926808357239	-0.238166943192482	0.12546537816524506	-0.5161970853805542	0.2690582871437073	0.11228401958942413	0.11339136958122253	-0.1658182442188263	n/a	-0.167473703622818	-0.259655237197876	-0.24791944026947021	0.24018077552318573	0.33529695868492126	-0.03816623613238335	0.03851955756545067	0.37057679891586304	-0.12823694944381714	-0.21304744482040405	-0.07692127674818039	0.3130612373352051	-0.09508116543292999	0.21458835899829865	-0.14104561507701874	-0.3398926556110382	-0.07714858651161194	0.0975387915968895	-0.06624864041805267	-0.1939462125301361	0.1997799277305603	0.06550098210573196	-0.23928572237491608	-0.11296135187149048	-0.01264710072427988	0.043485887348651886	-0.00763218617066741	-0.10786215215921402	-0.282865971326828	-0.03897765651345253	0.3136757016181946	0.422834187746048	-0.199603870511055	-0.013347713276743889	-0.06995109468698502	-0.04157077521085739	-0.5037461519241333	-0.13334858417510986	0.25166651606559753	0.03645869717001915	0.22320084273815155	-0.12656600773334503	-0.16115248203277588	0.1452820748090744	0.12495081126689911
CO_LABEL_20	-0.4314042925834656	0.48377883434295654	0.04215801879763603	0.5415128469467163	0.34929221868515015	0.3076145052909851	-0.3309400975704193	n/a	-0.2539503276348114	0.28842005133628845	0.06939204037189484	0.5819878578186035	0.09879821538925171	0.08256484568119049	-0.15302437543869019	-0.2751768231391907	0.5907966494560242	-0.13160108029842377	0.07987404614686966	1.0	0.5655155777931213	0.32203495502471924	-0.29652807116508484	0.41240397095680237	-0.12222548574209213	-0.2944210171699524	-0.5121965408325195	-0.4268833100795746	0.4619831144809723	0.18471865355968475	0.24702076613903046	-0.022425837814807892	0.5109783411026001	-0.44667160511016846	n/a	0.3813153803348541	0.27200838923454285	0.5219088196754456	-0.38917049765586853	0.11532524228096008	0.007177187129855156	0.5922847986221313	0.3847216069698334	0.7159429788589478	0.41234615445137024	0.15193592011928558	-0.3314357399940491	0.4785567820072174	-0.5432904362678528	-0.34527698159217834	0.1527138352394104	-0.2860690951347351	0.06407459825277328	-0.5544793009757996	-0.4247087836265564	-0.05793925002217293	0.007774542551487684	0.21357578039169312	0.22742405533790588	-0.4054722487926483	-0.02648373506963253	-0.5908912420272827	-0.0024635312147438526	-0.36640340089797974	-0.006455072667449713	-0.03911042585968971	0.09615763276815414	-0.314590185880661	-0.482720285654068	-0.18723216652870178	-0.2483770102262497	-0.11036285758018494	0.10384389758110046	0.2393459528684616	-0.044461507350206375	-0.22703461349010468	0.4336489737033844	0.2462919056415558	0.4010983109474182	-0.1910196840763092
CO_LABEL_21	-0.8021673560142517	0.4501785337924957	0.14376568794250488	0.28719139099121094	0.47629958391189575	-0.07115737348794937	-0.5036419630050659	n/a	-0.4733126163482666	0.7590445280075073	0.023271745070815086	0.7114440202713013	0.35826510190963745	0.07717523723840714	-0.1642286628484726	-0.6504030227661133	0.6042962074279785	-0.510463297367096	-0.1266959011554718	0.5655155777931213	1.0	0.5640659332275391	-0.1484735757112503	-0.028242655098438263	-0.2378430962562561	-0.6722195744514465	-0.6487431526184082	-0.5534179210662842	0.3820996582508087	0.38707461953163147	0.36079663038253784	0.3875322937965393	0.09498748183250427	-0.6090380549430847	n/a	0.7771260142326355	0.4741096496582031	0.7636193037033081	-0.605438232421875	0.16947613656520844	0.2497316598892212	0.5400323271751404	0.3093009889125824	0.5993989706039429	0.8479218482971191	0.4643910825252533	-0.028809837996959686	0.06382092088460922	-0.30498436093330383	-0.597470760345459	0.5696654915809631	-0.4062318801879883	-0.39629483222961426	-0.526799738407135	-0.45021939277648926	0.18279320001602173	0.2819857597351074	-0.007816760800778866	0.1696421056985855	-0.2623862028121948	0.05437223240733147	-0.513817310333252	-0.2593472898006439	-0.13831035792827606	0.011511681601405144	-0.3302302062511444	-0.2664981484413147	0.009663736447691917	-0.5784254670143127	0.021471593528985977	-0.38347285985946655	-0.14406287670135498	0.1646868884563446	-0.14920435845851898	-0.3077245056629181	-0.5012084245681763	0.5390647053718567	0.3611578345298767	0.015397869981825352	-0.12859053909778595
Sal_LABEL_22	-0.519504189491272	0.3036312162876129	-0.11894179880619049	0.1697780340909958	0.6030945777893066	0.06106043606996536	-0.507828414440155	n/a	-0.6155716180801392	0.3154248297214508	0.25250446796417236	0.488881915807724	0.14275893568992615	0.031518928706645966	-0.38418784737586975	-0.28624701499938965	0.2684082090854645	-0.0744919627904892	0.186446875333786	0.32203495502471924	0.5640659332275391	1.0	-0.20085091888904572	0.17268918454647064	-0.226228728890419	-0.27015426754951477	-0.3332333266735077	-0.13887397944927216	0.2614728808403015	0.14421744644641876	0.20668384432792664	0.26661643385887146	0.30920422077178955	-0.5728508234024048	n/a	0.4166455864906311	0.4347941279411316	0.4213376045227051	-0.42608973383903503	0.034072402864694595	-0.045084148645401	0.3116539716720581	0.6316689252853394	0.28791311383247375	0.2777988016605377	0.6801528930664062	-0.050699763000011444	0.2823459208011627	-0.2513178884983063	-0.18752267956733704	0.1401171088218689	-0.24304045736789703	-0.14657080173492432	-0.46313390135765076	0.0009452163940295577	0.18065033853054047	0.30829134583473206	0.19547316431999207	0.2951110005378723	-0.05642210319638252	-0.15148474276065826	-0.3425481915473938	-0.1494695544242859	-0.11264239251613617	0.13533152639865875	-0.45906198024749756	-0.16887424886226654	-0.0981970950961113	-0.5357548594474792	-0.04326270893216133	-0.15944989025592804	-0.22906886041164398	0.02601655386388302	-0.05568157136440277	-0.2969743311405182	-0.3610885441303253	0.4612826108932495	0.27859196066856384	-0.05872528254985809	0.017253991216421127
DAN_LABEL_23	0.07346989959478378	0.12674608826637268	-0.1101078912615776	0.0529894158244133	-0.07500816881656647	-0.29990917444229126	0.11296382546424866	n/a	0.1487533450126648	0.2589273154735565	-0.2172202318906784	-0.04969998821616173	0.34142690896987915	0.36517053842544556	0.5921369791030884	-0.27611589431762695	0.056550800800323486	-0.41421249508857727	0.21127963066101074	-0.29652807116508484	-0.1484735757112503	-0.20085091888904572	1.0	-0.197526216506958	0.4409848153591156	-0.21596156060695648	-0.04287920892238617	-0.007659676019102335	0.044151272624731064	-0.2745954394340515	0.24626822769641876	0.09532412141561508	-0.31516963243484497	0.18013058602809906	n/a	0.01587575115263462	-0.1973038613796234	-0.15956395864486694	0.4024815857410431	0.3665505647659302	0.25298812985420227	0.025180410593748093	-0.49541381001472473	-0.004331725183874369	-0.0859004557132721	-0.42374536395072937	0.6285831332206726	-0.33496445417404175	0.5874409675598145	-0.2402050644159317	-0.14902767539024353	-0.14271682500839233	-0.18821725249290466	0.28980615735054016	-0.27206140756607056	0.3108975887298584	0.031575758010149	-0.4918726086616516	-0.4614197909832001	-0.3170652985572815	-0.0373062789440155	0.26163166761398315	-0.39193543791770935	-0.22436533868312836	-0.41415083408355713	0.35457363724708557	0.04206264019012451	0.0903899073600769	0.036426883190870285	0.1275169998407364	-0.2749660611152649	0.22866712510585785	0.020428422838449478	-0.09494974464178085	-0.030098672956228256	-0.049810346215963364	-0.05977972596883774	-0.1461072415113449	0.19100439548492432	-0.08444993197917938
PMN_LABEL_24	0.07747483253479004	0.43647870421409607	-0.22575847804546356	0.0688602477312088	0.23090356588363647	0.7821972370147705	0.07973749190568924	n/a	-0.08166560530662537	-0.13293273746967316	0.15424691140651703	0.26871737837791443	0.09496999531984329	-0.15517498552799225	-0.17596860229969025	0.20005099475383759	0.017288966104388237	0.1304410994052887	0.013405815698206425	0.41240397095680237	-0.028242655098438263	0.17268918454647064	-0.197526216506958	1.0	0.013435299508273602	-0.0790519043803215	-0.1403580904006958	0.12498698383569717	0.46528878808021545	0.052383750677108765	-0.2477487474679947	-0.010655257850885391	0.8193061947822571	-0.05159071087837219	n/a	-0.1322290003299713	0.3492334485054016	-0.06935293972492218	-0.13403674960136414	-0.17188987135887146	-0.45675548911094666	0.11574654281139374	0.14514490962028503	0.4030648469924927	-0.09765266627073288	0.2068924903869629	-0.4421050548553467	0.9060764312744141	-0.49362853169441223	0.10584758967161179	-0.29972589015960693	-0.035541947931051254	0.2597178816795349	-0.22643817961215973	0.11641909182071686	-0.24141667783260345	-0.2158534675836563	0.3095691204071045	0.014968750067055225	-0.07093235850334167	-0.24032044410705566	-0.23460404574871063	-0.04589581489562988	-0.06815721094608307	0.331893652677536	0.042312659323215485	0.30133506655693054	0.13505497574806213	-0.1360989809036255	-0.32942086458206177	-0.046252962201833725	0.2506970763206482	0.3002999722957611	0.5455013513565063	-0.19080685079097748	-0.0899372324347496	0.02772599086165428	0.07278186827898026	0.2660526633262634	0.002855455270037055
DAN_LABEL_25	0.10805045813322067	0.3671240508556366	-0.23976652324199677	0.24813908338546753	-0.20997481048107147	-0.09046658128499985	-0.01875714585185051	n/a	0.07964469492435455	-0.1687641739845276	-0.411141961812973	-0.2223718762397766	-0.19500571489334106	0.20126760005950928	0.1747395396232605	-0.16261351108551025	-0.19131708145141602	-0.2558911144733429	0.4235891103744507	-0.12222548574209213	-0.2378430962562561	-0.226228728890419	0.4409848153591156	0.013435299508273602	1.0	-0.1201716810464859	-0.14994806051254272	-0.3592807948589325	0.4065712094306946	-0.4768408536911011	0.12417498975992203	0.07953908294439316	-0.027758397161960602	0.02697358839213848	n/a	-0.17673520743846893	-0.39232537150382996	-0.16975103318691254	0.2272864282131195	0.13714246451854706	-0.1881984919309616	-0.2443334460258484	-0.28272226452827454	-0.037859100848436356	-0.21667976677417755	-0.24529150128364563	0.34440404176712036	-0.16072429716587067	0.6283029913902283	-0.20606493949890137	-0.2553366422653198	-0.3154694437980652	-0.23819729685783386	0.19130796194076538	-0.41850200295448303	0.30584555864334106	-0.070653036236763	-0.3652783930301666	-0.23603381216526031	-0.06264066696166992	-0.01659392938017845	0.06837520748376846	-0.4244235157966614	-0.044063836336135864	-0.09397359192371368	0.32552605867385864	0.582554817199707	-0.2157585620880127	-0.03527543321251869	-0.19571691751480103	-0.3880070149898529	0.010875987820327282	-0.11993611603975296	0.10004312545061111	0.22585411369800568	0.08875837922096252	-0.23229485750198364	-0.014532653614878654	0.2858734428882599	0.0025452193804085255
