Node	HIP-head-m-rh	HIP-head-l-rh	HIP-body-rh	HIP-tail-rh	THA-VPm-rh	THA-VPl-rh	THA-VAi-rh	THA-VAs-rh	THA-DAm-rh	THA-DAl-rh	PUT-VA-rh	PUT-DA-rh	PUT-VP-rh	PUT-DP-rh	CAU-VA-rh	CAU-DA-rh	CAU-body-rh	CAU-tail-rh	lAMY-rh	mAMY-rh	THA-DP-rh	NAc-shell-rh	NAc-core-rh	pGP-rh	aGP-rh	HIP-head-m-lh	HIP-head-l-l	HIP-body-l	HIP-tail-lh	THA-VPm-lh	THA-VPl-lh	THA-VAi-lh	THA-VAs-lh	THA-DAm-lh	THA-DAl-lh	PUT-VA-lh	PUT-DA-l	PUT-VP-lh	PUT-DP-lh	CAU-VA-lh	CAU-DA-lh	CAU-body-lh	CAU-tail-lh	lAMY-lh	mAMY-lh	THA-DP-lh	NAc-shell-lh	NAc-core-lh	pGP-lh	aGP-lh
HIP-head-m-rh	1.0	0.4530629813671112	0.2519129514694214	0.22924284636974335	0.04785731062293053	0.09985088557004929	0.03127437084913254	0.10840614140033722	0.04029501602053642	0.18817242980003357	-0.09382094442844391	0.06266241520643234	0.37471067905426025	0.17709489166736603	-0.21952950954437256	-0.15326252579689026	0.05772518739104271	-0.2527516186237335	0.16696329414844513	0.3419249951839447	-0.010927579365670681	-0.15209248661994934	0.272992342710495	-0.0642014890909195	-0.07629922032356262	0.6697316765785217	0.5474636554718018	0.21376800537109375	-0.09668365865945816	0.14023418724536896	0.46471381187438965	-0.022357992827892303	-0.31273946166038513	0.09464172273874283	-0.19961665570735931	-0.052782781422138214	0.1207982525229454	0.09293156862258911	-0.12007856369018555	-0.24179299175739288	0.025496041402220726	-0.0477699376642704	-0.25179019570350647	0.2418280392885208	0.21977610886096954	-0.15100036561489105	-0.033552296459674835	0.27484995126724243	0.12367963790893555	-0.029651232063770294
HIP-head-l-rh	0.4530629813671112	1.0	0.6372470259666443	0.4234020411968231	0.08488600701093674	-0.026105301454663277	-0.1439174860715866	0.04722471907734871	0.12912742793560028	-0.09058436006307602	-0.11648054420948029	-0.0557207390666008	-0.06564363092184067	-0.06482945382595062	-0.30648496747016907	-0.251049667596817	-0.08640213310718536	-0.04172218590974808	0.5321381688117981	0.4523317813873291	0.2175329476594925	-0.37953412532806396	-0.004176126793026924	0.07493679970502853	0.13990718126296997	0.5151435732841492	0.5994669795036316	0.46850693225860596	0.22081264853477478	-0.030141374096274376	0.3709230422973633	0.21389977633953094	-0.2057582288980484	0.3037998676300049	0.03055976703763008	-0.14661945402622223	-0.10219243913888931	0.05236848443746567	-0.05754528567194939	-0.16797928512096405	0.05027378350496292	-0.08241517096757889	-0.20668576657772064	0.5403305292129517	0.5238139033317566	0.19114568829536438	-0.045670509338378906	-0.086783267557621	-0.007925347425043583	-0.09607042372226715
HIP-body-rh	0.2519129514694214	0.6372470259666443	1.0	0.4702289402484894	0.1445559561252594	-0.06498560309410095	-0.11080548167228699	-0.07527639716863632	0.18238304555416107	-0.10614927113056183	-0.3246867060661316	-0.10373178869485855	-0.1801113337278366	-0.09874914586544037	-0.31050199270248413	-0.5087729692459106	-0.3127981126308441	-0.27266496419906616	0.37386608123779297	0.39842888712882996	0.36291271448135376	-0.15273548662662506	0.0012458913261070848	-0.14645379781723022	-0.021186964586377144	0.3175773322582245	0.5550287365913391	0.5836085677146912	0.3755000829696655	0.13438284397125244	0.31618961691856384	0.07992043346166611	-0.3249141275882721	0.34438005089759827	-0.002296523191034794	-0.339923620223999	-0.3141694664955139	-0.0559433288872242	-0.0925874412059784	-0.4269006550312042	-0.22410015761852264	-0.29378870129585266	-0.41618186235427856	0.3478294909000397	0.36378711462020874	0.2902226746082306	0.035174764692783356	-0.11617596447467804	0.06490795314311981	-0.10174251347780228
HIP-tail-rh	0.22924284636974335	0.4234020411968231	0.4702289402484894	1.0	0.2852470874786377	0.10890894383192062	0.22536100447177887	-0.0460357591509819	0.43164119124412537	-0.14852572977542877	-0.2869371771812439	-0.16595958173274994	0.031689323484897614	-0.18032406270503998	0.14410695433616638	-0.29205217957496643	-0.1999930888414383	-0.18420952558517456	0.3957376182079315	0.26818838715553284	0.3713323771953583	-0.018282338976860046	0.1690530925989151	0.3348546028137207	-0.20174787938594818	0.37347376346588135	0.2540459632873535	0.5375139117240906	0.4763936698436737	0.049688730388879776	0.11641882359981537	0.24184517562389374	-0.21586750447750092	0.16479045152664185	-0.05681488662958145	-0.16547293961048126	-0.31319862604141235	-0.03534847870469093	-0.19207262992858887	0.1107734814286232	0.08095627278089523	-0.01556466706097126	-0.2314922958612442	0.10278265923261642	0.3836905360221863	0.49706512689590454	0.17110736668109894	0.11977794021368027	-0.29033979773521423	-0.11569704860448837
THA-VPm-rh	0.04785731062293053	0.08488600701093674	0.1445559561252594	0.2852470874786377	1.0	0.2625308334827423	0.22579149901866913	0.2063145935535431	0.044278766959905624	0.08464724570512772	0.308307021856308	0.1952911913394928	0.19837021827697754	0.12700657546520233	0.009792680852115154	-0.22464321553707123	0.04469809681177139	0.22590048611164093	0.190623477101326	0.3540709912776947	0.3797072172164917	0.20251642167568207	0.11674156785011292	0.1584649682044983	-0.11960337311029434	-0.09409599006175995	0.1356976479291916	-0.0844966322183609	0.18355652689933777	0.12132446467876434	0.17849291861057281	0.19850090146064758	0.10205212980508804	0.33806946873664856	0.13786575198173523	0.10580609738826752	-0.013685878366231918	0.16938850283622742	0.08765938878059387	-0.1568344235420227	-0.03063124604523182	-0.020924270153045654	-0.11836453527212143	0.20727258920669556	0.40166956186294556	0.38845935463905334	0.1108626276254654	-0.17378608882427216	-0.0982234999537468	0.024253109470009804
THA-VPl-rh	0.09985088557004929	-0.026105301454663277	-0.06498560309410095	0.10890894383192062	0.2625308334827423	1.0	0.16639350354671478	0.13988015055656433	0.10118608921766281	0.23085594177246094	0.32313892245292664	0.46710118651390076	0.4453275501728058	0.26747971773147583	-0.017145652323961258	0.01938641257584095	0.249262273311615	0.13323017954826355	0.125686377286911	0.13683080673217773	0.014224343001842499	0.18185774981975555	0.3190228343009949	0.010350360535085201	0.09734493494033813	-0.0020029847510159016	0.058187033981084824	0.08526476472616196	0.4324391782283783	0.0006096662255004048	0.25835174322128296	0.03297867998480797	0.06928543746471405	0.08222632855176926	0.11928680539131165	0.26921436190605164	0.27653512358665466	0.29776841402053833	0.11497774720191956	-0.04749829322099686	0.2517412602901459	0.14960871636867523	0.14311379194259644	-0.15565089881420135	0.2473258227109909	0.21464546024799347	0.09684380143880844	0.028505545109510422	0.24728162586688995	0.025177178904414177
THA-VAi-rh	0.03127437084913254	-0.1439174860715866	-0.11080548167228699	0.22536100447177887	0.22579149901866913	0.16639350354671478	1.0	0.1633923351764679	-0.12796276807785034	0.11806169152259827	0.25750765204429626	0.35999661684036255	0.351892352104187	0.4305650293827057	0.4453763961791992	-0.0002122996811522171	0.37635308504104614	0.2636585831642151	-0.047713883221149445	0.12319701910018921	-0.1036410927772522	0.4112301468849182	0.2981186807155609	0.07432116568088531	-0.044946275651454926	0.10122419893741608	0.06604854762554169	-0.06506761163473129	-0.07055390626192093	0.17186959087848663	0.11477653682231903	0.07031383365392685	-0.14417096972465515	-0.12311570346355438	0.15506605803966522	0.2665078639984131	0.2878231108188629	0.27765950560569763	0.4032852053642273	0.23866496980190277	0.20994295179843903	0.34012484550476074	0.21110941469669342	0.12010020762681961	-0.09635218977928162	-0.08089809864759445	0.22953897714614868	0.2710327208042145	0.06744974851608276	0.13639572262763977
THA-VAs-rh	0.10840614140033722	0.04722471907734871	-0.07527639716863632	-0.0460357591509819	0.2063145935535431	0.13988015055656433	0.1633923351764679	1.0	0.0112064890563488	0.36813801527023315	0.23974956572055817	0.20084021985530853	0.2980213463306427	0.1844974160194397	0.08023537695407867	0.08666849136352539	0.3610283434391022	0.2213459461927414	-0.10378154367208481	0.010445649735629559	-0.08652438223361969	-0.028646795079112053	0.04529498890042305	-0.05803957208991051	0.3288831412792206	0.33293554186820984	0.0835823118686676	-0.1941760927438736	-0.1768641322851181	0.01715772971510887	0.24036192893981934	-0.08838008344173431	0.2317899763584137	0.08750521391630173	0.09883228689432144	0.1686156839132309	0.2836340069770813	0.268606960773468	0.22066910564899445	0.06924635916948318	0.12677772343158722	0.09833017736673355	0.18248912692070007	0.02103712223470211	0.037185125052928925	0.03896922618150711	0.12079071998596191	0.21801142394542694	0.1816302239894867	0.2039901614189148
THA-DAm-rh	0.04029501602053642	0.12912742793560028	0.18238304555416107	0.43164119124412537	0.044278766959905624	0.10118608921766281	-0.12796276807785034	0.0112064890563488	1.0	0.06127053499221802	-0.2039210945367813	-0.16948166489601135	0.18520328402519226	-0.17281781136989594	0.060367558151483536	-0.11235994845628738	-0.17295311391353607	-0.2750885486602783	-0.04554468393325806	0.15906018018722534	-0.018624449148774147	-0.04227536916732788	-0.008887706324458122	0.026503434404730797	-0.17816388607025146	0.25846001505851746	0.009356184862554073	0.20009851455688477	0.2595493197441101	-0.3820688724517822	-0.04469519108533859	0.05477282404899597	0.020822660997509956	-0.0007944647804833949	-0.3254236578941345	-0.1442229300737381	-0.28688058257102966	-0.04105957970023155	-0.21797245740890503	0.15841712057590485	-0.10187258571386337	-0.045646969228982925	-0.2308690845966339	-0.1815495491027832	0.054915234446525574	0.10189840197563171	-0.03554466739296913	0.13019432127475739	-0.22768616676330566	-0.1336648315191269
THA-DAl-rh	0.18817242980003357	-0.09058436006307602	-0.10614927113056183	-0.14852572977542877	0.08464724570512772	0.23085594177246094	0.11806169152259827	0.36813801527023315	0.06127053499221802	1.0	0.4367782771587372	0.3613380193710327	0.28069543838500977	0.3732319474220276	-0.08911947906017303	0.10957895964384079	0.2079194188117981	0.13959147036075592	-0.14368826150894165	0.031122079119086266	-0.03990660980343819	0.16857464611530304	0.016749795526266098	-0.42867088317871094	0.34764960408210754	0.16147558391094208	0.19350378215312958	-0.1903533935546875	-0.06837386637926102	0.09713199734687805	0.291892945766449	0.05322854593396187	0.29195356369018555	0.31919774413108826	0.18780001997947693	0.35350412130355835	0.36359158158302307	0.14674600958824158	0.2023973912000656	-0.0346539206802845	0.13936765491962433	0.02794174663722515	0.08703754842281342	0.027839934453368187	-0.10545901954174042	-0.053800150752067566	0.3157815635204315	0.13182251155376434	0.2110418826341629	0.3724467158317566
PUT-VA-rh	-0.09382094442844391	-0.11648054420948029	-0.3246867060661316	-0.2869371771812439	0.308307021856308	0.32313892245292664	0.25750765204429626	0.23974956572055817	-0.2039210945367813	0.4367782771587372	1.0	0.7061794996261597	0.3904823660850525	0.6135991811752319	0.046560920774936676	0.3307231664657593	0.5118473768234253	0.7261657118797302	0.13104011118412018	0.15665210783481598	-0.09050438553094864	0.2337140440940857	-0.004701949656009674	-0.0654568150639534	0.4229978919029236	-0.21997977793216705	0.10889390856027603	-0.3880768120288849	-0.07642480731010437	0.04500961676239967	0.17359894514083862	0.315484881401062	0.2982651889324188	0.10806528478860855	0.32129886746406555	0.7954701781272888	0.7745465040206909	0.5324676036834717	0.6330887079238892	-0.0185437873005867	0.23689840734004974	0.24280396103858948	0.4551223814487457	0.20070821046829224	0.21282202005386353	-0.02966378442943096	0.08033711463212967	-0.15951792895793915	0.16331122815608978	0.3871881365776062
PUT-DA-rh	0.06266241520643234	-0.0557207390666008	-0.10373178869485855	-0.16595958173274994	0.1952911913394928	0.46710118651390076	0.35999661684036255	0.20084021985530853	-0.16948166489601135	0.3613380193710327	0.7061794996261597	1.0	0.5669918656349182	0.7894999980926514	-0.02661283127963543	0.10572919249534607	0.5902671217918396	0.5629003643989563	0.05374898388981819	0.05548667535185814	-0.2856779396533966	0.2715482711791992	-0.0727878287434578	-0.2612024247646332	0.23417198657989502	-0.14773431420326233	0.14053215086460114	-0.36046284437179565	-0.10120369493961334	0.22869005799293518	0.36293312907218933	0.14878277480602264	0.10690956562757492	0.09306570887565613	0.20640993118286133	0.590151309967041	0.7326017022132874	0.6370090842247009	0.7448412179946899	-0.031450290232896805	0.3627758324146271	0.3806781768798828	0.4441223740577698	0.0599639005959034	0.040237028151750565	-0.15752094984054565	0.08488182723522186	0.1344536989927292	0.16396081447601318	0.3238653838634491
PUT-VP-rh	0.37471067905426025	-0.06564363092184067	-0.1801113337278366	0.031689323484897614	0.19837021827697754	0.4453275501728058	0.351892352104187	0.2980213463306427	0.18520328402519226	0.28069543838500977	0.3904823660850525	0.5669918656349182	1.0	0.6339557766914368	0.20812568068504333	0.11921458691358566	0.6146881580352783	0.17583632469177246	-0.08042556047439575	0.034999262541532516	-0.34325307607650757	0.2585822343826294	0.24249359965324402	-0.0675855353474617	0.018301697447896004	0.30356499552726746	0.04346780106425285	-0.21259170770645142	-0.12109766900539398	0.004724518395960331	0.4028567373752594	0.012499063275754452	-0.22547638416290283	-0.08656109124422073	-0.13069796562194824	0.42216962575912476	0.48646119236946106	0.5232605934143066	0.3929879367351532	0.09345821291208267	0.28118982911109924	0.3581417202949524	0.25354090332984924	-0.13888965547084808	-0.0033222853671759367	-0.13308435678482056	-0.0411020889878273	0.3225456774234772	0.17033085227012634	-0.013612319715321064
PUT-DP-rh	0.17709489166736603	-0.06482945382595062	-0.09874914586544037	-0.18032406270503998	0.12700657546520233	0.26747971773147583	0.4305650293827057	0.1844974160194397	-0.17281781136989594	0.3732319474220276	0.6135991811752319	0.7894999980926514	0.6339557766914368	1.0	0.1298009604215622	0.12997493147850037	0.6008464694023132	0.48489293456077576	-0.16973668336868286	0.05224163085222244	-0.3809758424758911	0.3233625292778015	-0.01657766103744507	-0.20010137557983398	0.2916777431964874	0.04780451953411102	0.14162057638168335	-0.3720759451389313	-0.3083896338939667	0.14576488733291626	0.4459184408187866	0.18854954838752747	-0.05366005375981331	-0.09863611310720444	0.15553516149520874	0.520836591720581	0.6365863680839539	0.6471421718597412	0.7303912043571472	0.033900510519742966	0.2823609709739685	0.40764251351356506	0.4434412121772766	0.050617117434740067	-0.008367033675312996	-0.3537677526473999	0.11257623136043549	0.260589063167572	0.10025908797979355	0.17000851035118103
CAU-VA-rh	-0.21952950954437256	-0.30648496747016907	-0.31050199270248413	0.14410695433616638	0.009792680852115154	-0.017145652323961258	0.4453763961791992	0.08023537695407867	0.060367558151483536	-0.08911947906017303	0.046560920774936676	-0.02661283127963543	0.20812568068504333	0.1298009604215622	1.0	0.3246789574623108	0.42697960138320923	0.1713770478963852	-0.23151133954524994	-0.24432727694511414	-0.28098031878471375	0.36185550689697266	0.4158414602279663	0.3171427547931671	-0.06509854644536972	0.001593080465681851	-0.31192871928215027	-0.02495337277650833	-0.14058034121990204	-0.20949338376522064	-0.13004280626773834	-0.16213807463645935	-0.0943373590707779	-0.26398637890815735	-0.062450286000967026	0.12665362656116486	0.008664088323712349	-0.016331246122717857	-0.034857332706451416	0.6456957459449768	0.3686084747314453	0.512726902961731	0.26433074474334717	-0.2652854919433594	-0.2883721590042114	-0.1661379188299179	0.20320367813110352	0.18389323353767395	-0.159415140748024	-0.06022274121642113
CAU-DA-rh	-0.15326252579689026	-0.251049667596817	-0.5087729692459106	-0.29205217957496643	-0.22464321553707123	0.01938641257584095	-0.0002122996811522171	0.08666849136352539	-0.11235994845628738	0.10957895964384079	0.3307231664657593	0.10572919249534607	0.11921458691358566	0.12997493147850037	0.3246789574623108	1.0	0.32121196389198303	0.3754458725452423	-0.12337363511323929	-0.07434991002082825	-0.2849552631378174	0.06065116450190544	0.1362691968679428	0.15346616506576538	0.21435368061065674	-0.2733256220817566	-0.20701052248477936	-0.25263237953186035	-0.05462663620710373	0.06593474745750427	-0.11361745744943619	0.10831639915704727	0.20034001767635345	-0.16571885347366333	0.11049076169729233	0.4258706867694855	0.27581480145454407	0.10580801218748093	0.09849822521209717	0.3663914203643799	0.4364594519138336	0.34918126463890076	0.40717437863349915	-0.11616527289152145	-0.034283753484487534	-0.08297573775053024	0.01879594661295414	-0.01803278736770153	-0.03330091014504433	0.07947695255279541
CAU-body-rh	0.05772518739104271	-0.08640213310718536	-0.3127981126308441	-0.1999930888414383	0.04469809681177139	0.249262273311615	0.37635308504104614	0.3610283434391022	-0.17295311391353607	0.2079194188117981	0.5118473768234253	0.5902671217918396	0.6146881580352783	0.6008464694023132	0.42697960138320923	0.32121196389198303	1.0	0.5410402417182922	-0.037475425750017166	-0.1870761513710022	-0.49432283639907837	0.27759915590286255	0.07536576688289642	-0.12052315473556519	0.30092084407806396	0.1331348866224289	-0.1586848646402359	-0.35846656560897827	-0.3693569302558899	0.13928155601024628	0.30518659949302673	0.053293533623218536	-0.02579686790704727	-0.07061325013637543	0.23727017641067505	0.5442672967910767	0.5748041272163391	0.42198434472084045	0.49418914318084717	0.37278419733047485	0.5348122119903564	0.6999239325523376	0.666275143623352	-0.0019858789164572954	-0.11301235109567642	-0.36950787901878357	0.05737289413809776	0.20113232731819153	0.07294663786888123	0.2394055426120758
CAU-tail-rh	-0.2527516186237335	-0.04172218590974808	-0.27266496419906616	-0.18420952558517456	0.22590048611164093	0.13323017954826355	0.2636585831642151	0.2213459461927414	-0.2750885486602783	0.13959147036075592	0.7261657118797302	0.5629003643989563	0.17583632469177246	0.48489293456077576	0.1713770478963852	0.3754458725452423	0.5410402417182922	1.0	0.17040903866291046	0.10069113969802856	-0.09558164328336716	0.13438591361045837	-0.1719485968351364	0.048242442309856415	0.44102606177330017	-0.24238663911819458	-0.037920281291007996	-0.3522830009460449	-0.27351289987564087	0.16813412308692932	0.2511712908744812	0.43180280923843384	0.3096575438976288	0.08442363888025284	0.4346576929092407	0.6316295266151428	0.4941340982913971	0.24814841151237488	0.5221434235572815	0.12801450490951538	0.17066694796085358	0.4718093276023865	0.49890950322151184	0.17677608132362366	0.21951481699943542	-0.018711673095822334	-0.10019887983798981	-0.22145512700080872	-0.008127674460411072	0.2449706345796585
lAMY-rh	0.16696329414844513	0.5321381688117981	0.37386608123779297	0.3957376182079315	0.190623477101326	0.125686377286911	-0.047713883221149445	-0.10378154367208481	-0.04554468393325806	-0.14368826150894165	0.13104011118412018	0.05374898388981819	-0.08042556047439575	-0.16973668336868286	-0.23151133954524994	-0.12337363511323929	-0.037475425750017166	0.17040903866291046	1.0	0.389879435300827	0.4657690227031708	-0.300380140542984	-0.03567339852452278	0.1684039682149887	0.14570306241512299	0.11629938334226608	0.4167010486125946	0.427584707736969	0.4198737144470215	0.14789046347141266	0.1318339854478836	0.3053983449935913	-0.15074703097343445	0.4107947051525116	0.264384388923645	0.11484095454216003	0.06417986750602722	0.07515797019004822	-0.11368760466575623	-0.20965786278247833	0.02748349867761135	-0.04991227015852928	-0.0027696494944393635	0.4237348735332489	0.5862262845039368	0.5019710063934326	-0.053568754345178604	-0.28228291869163513	0.03255763649940491	-0.02575945481657982
mAMY-rh	0.3419249951839447	0.4523317813873291	0.39842888712882996	0.26818838715553284	0.3540709912776947	0.13683080673217773	0.12319701910018921	0.010445649735629559	0.15906018018722534	0.031122079119086266	0.15665210783481598	0.05548667535185814	0.034999262541532516	0.05224163085222244	-0.24432727694511414	-0.07434991002082825	-0.1870761513710022	0.10069113969802856	0.389879435300827	1.0	0.3218781352043152	0.0531269833445549	0.20462749898433685	-0.02884497307240963	0.06463263928890228	0.1715521514415741	0.6970387697219849	0.29802146553993225	0.3109248876571655	0.2168949693441391	0.1122576966881752	0.23160389065742493	0.07783515751361847	0.2449980527162552	0.0870724692940712	0.15716584026813507	0.040462885051965714	0.11761027574539185	0.0482836551964283	-0.3438081741333008	-0.21412859857082367	-0.21818773448467255	-0.35605108737945557	0.4953705966472626	0.5734825134277344	0.3231108784675598	0.013516607694327831	-0.16151657700538635	0.24169844388961792	-0.10039126127958298
THA-DP-rh	-0.010927579365670681	0.2175329476594925	0.36291271448135376	0.3713323771953583	0.3797072172164917	0.014224343001842499	-0.1036410927772522	-0.08652438223361969	-0.018624449148774147	-0.03990660980343819	-0.09050438553094864	-0.2856779396533966	-0.34325307607650757	-0.3809758424758911	-0.28098031878471375	-0.2849552631378174	-0.49432283639907837	-0.09558164328336716	0.4657690227031708	0.3218781352043152	1.0	-0.06133250892162323	0.047729529440402985	0.2293282151222229	-0.1030130386352539	-0.1523260623216629	0.23641666769981384	0.3976258337497711	0.49483025074005127	0.15575014054775238	-0.07305168360471725	0.14373564720153809	-0.16648873686790466	0.3946553170681	0.049900513142347336	-0.20417162775993347	-0.3450089991092682	-0.20394176244735718	-0.34314942359924316	-0.5253583788871765	-0.42881450057029724	-0.6091480255126953	-0.5171647667884827	0.26539766788482666	0.49879294633865356	0.6197009682655334	0.04316813871264458	-0.3894140124320984	0.022486018016934395	-0.15497742593288422
NAc-shell-rh	-0.15209248661994934	-0.37953412532806396	-0.15273548662662506	-0.018282338976860046	0.20251642167568207	0.18185774981975555	0.4112301468849182	-0.028646795079112053	-0.04227536916732788	0.16857464611530304	0.2337140440940857	0.2715482711791992	0.2585822343826294	0.3233625292778015	0.36185550689697266	0.06065116450190544	0.27759915590286255	0.13438591361045837	-0.300380140542984	0.0531269833445549	-0.06133250892162323	1.0	0.3060397803783417	-0.3057844638824463	-0.07479940354824066	-0.29811927676200867	-0.08211079984903336	-0.07244999706745148	0.026336846873164177	0.24733635783195496	-0.07856515794992447	-0.07018088549375534	-0.013323201797902584	-0.03816772997379303	0.11683503538370132	0.2882780134677887	0.19297033548355103	0.1462242752313614	0.2840399742126465	0.21801167726516724	0.1548834592103958	0.2505377233028412	-0.016855819150805473	-0.20178799331188202	-0.18582436442375183	-0.12258248776197433	0.4273335337638855	0.25416299700737	0.22661545872688293	0.20389115810394287
NAc-core-rh	0.272992342710495	-0.004176126793026924	0.0012458913261070848	0.1690530925989151	0.11674156785011292	0.3190228343009949	0.2981186807155609	0.04529498890042305	-0.008887706324458122	0.016749795526266098	-0.004701949656009674	-0.0727878287434578	0.24249359965324402	-0.01657766103744507	0.4158414602279663	0.1362691968679428	0.07536576688289642	-0.1719485968351364	-0.03567339852452278	0.20462749898433685	0.047729529440402985	0.3060397803783417	1.0	0.16208110749721527	-0.1007099449634552	0.13300171494483948	0.22330342233181	0.2792012095451355	0.2574712932109833	-0.08247293531894684	0.0023785496596246958	-0.23646867275238037	-0.288504034280777	-0.12963150441646576	-0.09461964666843414	0.18319566547870636	0.01958535425364971	0.08285631984472275	-0.20142115652561188	0.1331321895122528	0.22361969947814941	0.009854717180132866	-0.1836174577474594	0.011047613807022572	0.014628691598773003	0.15101903676986694	0.2889642119407654	0.22463904321193695	0.25099000334739685	-0.07628118991851807
pGP-rh	-0.0642014890909195	0.07493679970502853	-0.14645379781723022	0.3348546028137207	0.1584649682044983	0.010350360535085201	0.07432116568088531	-0.05803957208991051	0.026503434404730797	-0.42867088317871094	-0.0654568150639534	-0.2612024247646332	-0.0675855353474617	-0.20010137557983398	0.3171427547931671	0.15346616506576538	-0.12052315473556519	0.048242442309856415	0.1684039682149887	-0.02884497307240963	0.2293282151222229	-0.3057844638824463	0.16208110749721527	1.0	-0.24862271547317505	0.05526156350970268	-0.20301616191864014	0.1482267677783966	0.16684143245220184	-0.2621886134147644	-0.1528640240430832	0.08269038796424866	-0.07814128696918488	-0.22125144302845	-0.1227152943611145	-0.13167622685432434	-0.20083993673324585	-0.002064475091174245	-0.2174641191959381	0.17118385434150696	-0.03061794303357601	-0.04377972334623337	0.015126338228583336	0.004577872343361378	0.27610403299331665	0.2112310528755188	-0.15884949266910553	-0.19271738827228546	-0.3653818964958191	-0.21380454301834106
aGP-rh	-0.07629922032356262	0.13990718126296997	-0.021186964586377144	-0.20174787938594818	-0.11960337311029434	0.09734493494033813	-0.044946275651454926	0.3288831412792206	-0.17816388607025146	0.34764960408210754	0.4229978919029236	0.23417198657989502	0.018301697447896004	0.2916777431964874	-0.06509854644536972	0.21435368061065674	0.30092084407806396	0.44102606177330017	0.14570306241512299	0.06463263928890228	-0.1030130386352539	-0.07479940354824066	-0.1007099449634552	-0.24862271547317505	1.0	0.0864856019616127	0.20985984802246094	-0.1942087858915329	-0.14032404124736786	0.1475684642791748	0.25985604524612427	0.4063502550125122	0.2653893232345581	0.04427700117230415	0.502417802810669	0.35326775908470154	0.4154372215270996	0.2012372761964798	0.3633462190628052	0.02901594713330269	0.20563654601573944	0.19757847487926483	0.47731760144233704	0.15957783162593842	0.08134502917528152	-0.01753750443458557	-0.006504385266453028	-0.19381794333457947	0.32779303193092346	0.2271864265203476
HIP-head-m-lh	0.6697316765785217	0.5151435732841492	0.3175773322582245	0.37347376346588135	-0.09409599006175995	-0.0020029847510159016	0.10122419893741608	0.33293554186820984	0.25846001505851746	0.16147558391094208	-0.21997977793216705	-0.14773431420326233	0.30356499552726746	0.04780451953411102	0.001593080465681851	-0.2733256220817566	0.1331348866224289	-0.24238663911819458	0.11629938334226608	0.1715521514415741	-0.1523260623216629	-0.29811927676200867	0.13300171494483948	0.05526156350970268	0.0864856019616127	1.0	0.37718039751052856	0.33268895745277405	-0.08773064613342285	-0.12082334607839584	0.4847535490989685	0.020875927060842514	-0.19456341862678528	0.06722325086593628	-0.1721986085176468	-0.15155987441539764	-0.014462852850556374	-0.04596559330821037	-0.1180989146232605	0.052777521312236786	-0.015048622153699398	0.06029769778251648	-0.13431362807750702	0.2297123223543167	0.15627609193325043	-0.09339041262865067	-0.030751241371035576	0.28651800751686096	-0.007763226050883532	-0.0413304902613163
HIP-head-l-l	0.5474636554718018	0.5994669795036316	0.5550287365913391	0.2540459632873535	0.1356976479291916	0.058187033981084824	0.06604854762554169	0.0835823118686676	0.009356184862554073	0.19350378215312958	0.10889390856027603	0.14053215086460114	0.04346780106425285	0.14162057638168335	-0.31192871928215027	-0.20701052248477936	-0.1586848646402359	-0.037920281291007996	0.4167010486125946	0.6970387697219849	0.23641666769981384	-0.08211079984903336	0.22330342233181	-0.20301616191864014	0.20985984802246094	0.37718039751052856	1.0	0.46654826402664185	0.19858352839946747	0.2467195987701416	0.30509236454963684	0.14818236231803894	-0.1423770785331726	0.22948700189590454	0.12157050520181656	0.13595297932624817	0.21054448187351227	0.1998782902956009	0.11471274495124817	-0.31702104210853577	-0.016677748411893845	-0.20939305424690247	-0.28186678886413574	0.5862221121788025	0.50905442237854	0.21840102970600128	0.1875881552696228	0.09971271455287933	0.32908713817596436	0.15336425602436066
HIP-body-l	0.21376800537109375	0.46850693225860596	0.5836085677146912	0.5375139117240906	-0.0844966322183609	0.08526476472616196	-0.06506761163473129	-0.1941760927438736	0.20009851455688477	-0.1903533935546875	-0.3880768120288849	-0.36046284437179565	-0.21259170770645142	-0.3720759451389313	-0.02495337277650833	-0.25263237953186035	-0.35846656560897827	-0.3522830009460449	0.427584707736969	0.29802146553993225	0.3976258337497711	-0.07244999706745148	0.2792012095451355	0.1482267677783966	-0.1942087858915329	0.33268895745277405	0.46654826402664185	1.0	0.5495219826698303	0.0020468654111027718	0.02408888377249241	-0.033699262887239456	-0.326444536447525	0.1858997493982315	-0.13499321043491364	-0.31793013215065	-0.3666505813598633	-0.216609388589859	-0.41682296991348267	-0.11401619762182236	-0.17430360615253448	-0.30094408988952637	-0.4786098003387451	0.20115606486797333	0.4120522141456604	0.3875807225704193	0.1842995584011078	0.04526536911725998	0.049077536910772324	-0.11508604884147644
HIP-tail-lh	-0.09668365865945816	0.22081264853477478	0.3755000829696655	0.4763936698436737	0.18355652689933777	0.4324391782283783	-0.07055390626192093	-0.1768641322851181	0.2595493197441101	-0.06837386637926102	-0.07642480731010437	-0.10120369493961334	-0.12109766900539398	-0.3083896338939667	-0.14058034121990204	-0.05462663620710373	-0.3693569302558899	-0.27351289987564087	0.4198737144470215	0.3109248876571655	0.49483025074005127	0.026336846873164177	0.2574712932109833	0.16684143245220184	-0.14032404124736786	-0.08773064613342285	0.19858352839946747	0.5495219826698303	1.0	-0.05452411621809006	-0.13690142333507538	0.007891809567809105	-0.04718228057026863	0.23672302067279816	-0.029871610924601555	-0.057426683604717255	-0.1861758977174759	0.08237850666046143	-0.1700287163257599	-0.12628276646137238	0.05234278365969658	-0.34782347083091736	-0.2988545894622803	0.04223839193582535	0.4516405761241913	0.6283496618270874	0.27036213874816895	-0.11710332334041595	-0.014776323921978474	-0.14279131591320038
THA-VPm-lh	0.14023418724536896	-0.030141374096274376	0.13438284397125244	0.049688730388879776	0.12132446467876434	0.0006096662255004048	0.17186959087848663	0.01715772971510887	-0.3820688724517822	0.09713199734687805	0.04500961676239967	0.22869005799293518	0.004724518395960331	0.14576488733291626	-0.20949338376522064	0.06593474745750427	0.13928155601024628	0.16813412308692932	0.14789046347141266	0.2168949693441391	0.15575014054775238	0.24733635783195496	-0.08247293531894684	-0.2621886134147644	0.1475684642791748	-0.12082334607839584	0.2467195987701416	0.0020468654111027718	-0.05452411621809006	1.0	0.1751330941915512	0.27851468324661255	-0.014348495751619339	0.2010885328054428	0.3947630226612091	0.13941845297813416	0.10260557383298874	0.02308068610727787	0.20360292494297028	-0.18737447261810303	0.12032556533813477	0.07578910887241364	0.11521138995885849	0.2433931827545166	0.18458205461502075	0.14657454192638397	0.06694620847702026	-0.001325393794104457	0.2522834837436676	0.20461277663707733
THA-VPl-lh	0.46471381187438965	0.3709230422973633	0.31618961691856384	0.11641882359981537	0.17849291861057281	0.25835174322128296	0.11477653682231903	0.24036192893981934	-0.04469519108533859	0.291892945766449	0.17359894514083862	0.36293312907218933	0.4028567373752594	0.4459184408187866	-0.13004280626773834	-0.11361745744943619	0.30518659949302673	0.2511712908744812	0.1318339854478836	0.1122576966881752	-0.07305168360471725	-0.07856515794992447	0.0023785496596246958	-0.1528640240430832	0.25985604524612427	0.4847535490989685	0.30509236454963684	0.02408888377249241	-0.13690142333507538	0.1751330941915512	1.0	0.38639089465141296	-0.1052941083908081	0.3216477632522583	0.1432601511478424	0.154685840010643	0.24624040722846985	0.1922978311777115	0.19466632604599	-0.10528670996427536	0.1049729585647583	0.2570447027683258	-0.014290736988186836	0.2797892689704895	0.3130446970462799	-0.046075742691755295	0.02266857773065567	0.04569242522120476	0.042496878653764725	0.20326471328735352
THA-VAi-lh	-0.022357992827892303	0.21389977633953094	0.07992043346166611	0.24184517562389374	0.19850090146064758	0.03297867998480797	0.07031383365392685	-0.08838008344173431	0.05477282404899597	0.05322854593396187	0.315484881401062	0.14878277480602264	0.012499063275754452	0.18854954838752747	-0.16213807463645935	0.10831639915704727	0.053293533623218536	0.43180280923843384	0.3053983449935913	0.23160389065742493	0.14373564720153809	-0.07018088549375534	-0.23646867275238037	0.08269038796424866	0.4063502550125122	0.020875927060842514	0.14818236231803894	-0.033699262887239456	0.007891809567809105	0.27851468324661255	0.38639089465141296	1.0	0.24037791788578033	0.25545451045036316	0.48265311121940613	0.28974002599716187	0.14693677425384521	0.08207249641418457	0.23753173649311066	-0.016525987535715103	0.01171397976577282	0.25056523084640503	0.22459274530410767	0.3339875340461731	0.39295414090156555	0.2989348769187927	-0.02291971817612648	-0.27093660831451416	-0.14529310166835785	0.23419956862926483
THA-VAs-lh	-0.31273946166038513	-0.2057582288980484	-0.3249141275882721	-0.21586750447750092	0.10205212980508804	0.06928543746471405	-0.14417096972465515	0.2317899763584137	0.020822660997509956	0.29195356369018555	0.2982651889324188	0.10690956562757492	-0.22547638416290283	-0.05366005375981331	-0.0943373590707779	0.20034001767635345	-0.02579686790704727	0.3096575438976288	-0.15074703097343445	0.07783515751361847	-0.16648873686790466	-0.013323201797902584	-0.288504034280777	-0.07814128696918488	0.2653893232345581	-0.19456341862678528	-0.1423770785331726	-0.326444536447525	-0.04718228057026863	-0.014348495751619339	-0.1052941083908081	0.24037791788578033	1.0	0.02177554927766323	0.3047027587890625	0.18600821495056152	0.12168050557374954	-0.04267851263284683	0.18142764270305634	0.11713733524084091	-0.004384455271065235	0.12274615466594696	0.14500360190868378	-0.039312656968832016	-0.04243467003107071	0.009396346285939217	0.20468294620513916	-0.10351701825857162	-0.01760403998196125	0.3236212730407715
THA-DAm-lh	0.09464172273874283	0.3037998676300049	0.34438005089759827	0.16479045152664185	0.33806946873664856	0.08222632855176926	-0.12311570346355438	0.08750521391630173	-0.0007944647804833949	0.31919774413108826	0.10806528478860855	0.09306570887565613	-0.08656109124422073	-0.09863611310720444	-0.26398637890815735	-0.16571885347366333	-0.07061325013637543	0.08442363888025284	0.4107947051525116	0.2449980527162552	0.3946553170681	-0.03816772997379303	-0.12963150441646576	-0.22125144302845	0.04427700117230415	0.06722325086593628	0.22948700189590454	0.1858997493982315	0.23672302067279816	0.2010885328054428	0.3216477632522583	0.25545451045036316	0.02177554927766323	1.0	0.19708240032196045	0.005874238908290863	-0.0493733286857605	-0.1532597541809082	-0.1649458408355713	-0.24570970237255096	-0.14088019728660583	-0.13064296543598175	-0.23004285991191864	0.4067528247833252	0.31348666548728943	0.44211137294769287	0.05080214887857437	-0.2942008078098297	0.012705872766673565	0.15666882693767548
THA-DAl-lh	-0.19961665570735931	0.03055976703763008	-0.002296523191034794	-0.05681488662958145	0.13786575198173523	0.11928680539131165	0.15506605803966522	0.09883228689432144	-0.3254236578941345	0.18780001997947693	0.32129886746406555	0.20640993118286133	-0.13069796562194824	0.15553516149520874	-0.062450286000967026	0.11049076169729233	0.23727017641067505	0.4346576929092407	0.264384388923645	0.0870724692940712	0.049900513142347336	0.11683503538370132	-0.09461964666843414	-0.1227152943611145	0.502417802810669	-0.1721986085176468	0.12157050520181656	-0.13499321043491364	-0.029871610924601555	0.3947630226612091	0.1432601511478424	0.48265311121940613	0.3047027587890625	0.19708240032196045	1.0	0.34280839562416077	0.21471427381038666	0.07566714286804199	0.2691729962825775	-0.011878561228513718	0.2364669144153595	0.34669727087020874	0.4044221341609955	0.2845023274421692	0.17466701567173004	0.15356634557247162	0.2882087230682373	-0.14503562450408936	0.33878496289253235	0.46000927686691284
PUT-VA-lh	-0.052782781422138214	-0.14661945402622223	-0.339923620223999	-0.16547293961048126	0.10580609738826752	0.26921436190605164	0.2665078639984131	0.1686156839132309	-0.1442229300737381	0.35350412130355835	0.7954701781272888	0.590151309967041	0.42216962575912476	0.520836591720581	0.12665362656116486	0.4258706867694855	0.5442672967910767	0.6316295266151428	0.11484095454216003	0.15716584026813507	-0.20417162775993347	0.2882780134677887	0.18319566547870636	-0.13167622685432434	0.35326775908470154	-0.15155987441539764	0.13595297932624817	-0.31793013215065	-0.057426683604717255	0.13941845297813416	0.154685840010643	0.28974002599716187	0.18600821495056152	0.005874238908290863	0.34280839562416077	1.0	0.7538560628890991	0.5010725855827332	0.5787463188171387	0.19410724937915802	0.41080284118652344	0.37658223509788513	0.48644235730171204	0.19194118678569794	0.14031195640563965	0.06395546346902847	0.20330937206745148	0.051362182945013046	0.15210634469985962	0.48155733942985535
PUT-DA-l	0.1207982525229454	-0.10219243913888931	-0.3141694664955139	-0.31319862604141235	-0.013685878366231918	0.27653512358665466	0.2878231108188629	0.2836340069770813	-0.28688058257102966	0.36359158158302307	0.7745465040206909	0.7326017022132874	0.48646119236946106	0.6365863680839539	0.008664088323712349	0.27581480145454407	0.5748041272163391	0.4941340982913971	0.06417986750602722	0.040462885051965714	-0.3450089991092682	0.19297033548355103	0.01958535425364971	-0.20083993673324585	0.4154372215270996	-0.014462852850556374	0.21054448187351227	-0.3666505813598633	-0.1861758977174759	0.10260557383298874	0.24624040722846985	0.14693677425384521	0.12168050557374954	-0.0493733286857605	0.21471427381038666	0.7538560628890991	1.0	0.6535323858261108	0.733937680721283	0.1321503072977066	0.39849552512168884	0.33777374029159546	0.5207708477973938	0.13893429934978485	0.03127668425440788	-0.1727888584136963	0.08836189657449722	0.12961280345916748	0.2817852199077606	0.5074862241744995
PUT-VP-lh	0.09293156862258911	0.05236848443746567	-0.0559433288872242	-0.03534847870469093	0.16938850283622742	0.29776841402053833	0.27765950560569763	0.268606960773468	-0.04105957970023155	0.14674600958824158	0.5324676036834717	0.6370090842247009	0.5232605934143066	0.6471421718597412	-0.016331246122717857	0.10580801218748093	0.42198434472084045	0.24814841151237488	0.07515797019004822	0.11761027574539185	-0.20394176244735718	0.1462242752313614	0.08285631984472275	-0.002064475091174245	0.2012372761964798	-0.04596559330821037	0.1998782902956009	-0.216609388589859	0.08237850666046143	0.02308068610727787	0.1922978311777115	0.08207249641418457	-0.04267851263284683	-0.1532597541809082	0.07566714286804199	0.5010725855827332	0.6535323858261108	1.0	0.6564984917640686	0.11037863045930862	0.3754520118236542	0.1088406965136528	0.3717907667160034	0.15745580196380615	0.2155730277299881	-0.05811775475740433	0.24580280482769012	0.2688411772251129	-0.001913624000735581	0.23454250395298004
PUT-DP-lh	-0.12007856369018555	-0.05754528567194939	-0.0925874412059784	-0.19207262992858887	0.08765938878059387	0.11497774720191956	0.4032852053642273	0.22066910564899445	-0.21797245740890503	0.2023973912000656	0.6330887079238892	0.7448412179946899	0.3929879367351532	0.7303912043571472	-0.034857332706451416	0.09849822521209717	0.49418914318084717	0.5221434235572815	-0.11368760466575623	0.0482836551964283	-0.34314942359924316	0.2840399742126465	-0.20142115652561188	-0.2174641191959381	0.3633462190628052	-0.1180989146232605	0.11471274495124817	-0.41682296991348267	-0.1700287163257599	0.20360292494297028	0.19466632604599	0.23753173649311066	0.18142764270305634	-0.1649458408355713	0.2691729962825775	0.5787463188171387	0.733937680721283	0.6564984917640686	1.0	0.08757534623146057	0.29925835132598877	0.30328649282455444	0.5237379670143127	0.11457044631242752	-0.010230828076601028	-0.20755378901958466	0.1034015417098999	0.1298137754201889	0.15237382054328918	0.3326188325881958
