Node	LH_Vis_1	LH_Vis_2	LH_Vis_3	LH_Vis_4	LH_Vis_5	LH_Vis_6	LH_Vis_7	LH_Vis_8	LH_Vis_9	LH_SomMot_1	LH_SomMot_2	LH_SomMot_3	LH_SomMot_4	LH_SomMot_5	LH_SomMot_6	LH_DorsAttn_Post_1	LH_DorsAttn_Post_2	LH_DorsAttn_Post_3	LH_DorsAttn_Post_4	LH_DorsAttn_Post_5	LH_DorsAttn_Post_6	LH_DorsAttn_PrCv_1	LH_DorsAttn_FEF_1	LH_SalVentAttn_ParOper_1	LH_SalVentAttn_FrOperIns_1	LH_SalVentAttn_FrOperIns_2	LH_SalVentAttn_PFCl_1	LH_SalVentAttn_Med_1	LH_SalVentAttn_Med_2	LH_SalVentAttn_Med_3	LH_Limbic_OFC_1	LH_Limbic_TempPole_1	LH_Limbic_TempPole_2	LH_Cont_Par_1	LH_Cont_PFCl_1	LH_Cont_pCun_1	LH_Cont_Cing_1	LH_Default_Temp_1	LH_Default_Temp_2	LH_Default_Par_1	LH_Default_Par_2	LH_Default_PFC_1	LH_Default_PFC_2	LH_Default_PFC_3	LH_Default_PFC_4	LH_Default_PFC_5	LH_Default_PFC_6	LH_Default_PFC_7	LH_Default_pCunPCC_1	LH_Default_pCunPCC_2	RH_Vis_1	RH_Vis_2	RH_Vis_3	RH_Vis_4	RH_Vis_5	RH_Vis_6	RH_Vis_7	RH_Vis_8	RH_SomMot_1	RH_SomMot_2	RH_SomMot_3	RH_SomMot_4	RH_SomMot_5	RH_SomMot_6	RH_SomMot_7	RH_SomMot_8	RH_DorsAttn_Post_1	RH_DorsAttn_Post_2	RH_DorsAttn_Post_3	RH_DorsAttn_Post_4	RH_DorsAttn_Post_5	RH_DorsAttn_PrCv_1	RH_DorsAttn_FEF_1	RH_SalVentAttn_TempOccPar_1	RH_SalVentAttn_TempOccPar_2	RH_SalVentAttn_FrOperIns_1	RH_SalVentAttn_Med_1	RH_SalVentAttn_Med_2	RH_Limbic_OFC_1	RH_Limbic_TempPole_1	RH_Cont_Par_1	RH_Cont_Par_2	RH_Cont_PFCl_1	RH_Cont_PFCl_2	RH_Cont_PFCl_3	RH_Cont_PFCl_4	RH_Cont_Cing_1	RH_Cont_PFCmp_1	RH_Cont_pCun_1	RH_Default_Par_1	RH_Default_Temp_1	RH_Default_Temp_2	RH_Default_Temp_3	RH_Default_PFCv_1	RH_Default_PFCv_2	RH_Default_PFCdPFCm_1	RH_Default_PFCdPFCm_2	RH_Default_PFCdPFCm_3	RH_Default_pCunPCC_1	RH_Default_pCunPCC_2	LH-Pu	LH-Ca	LH-NAC	LH-EXA	LH-GPe	LH-GPi	LH-SNc_PBP_VTA	LH-RN	LH-SNr	LH-VeP	LH-HN	LH-HTH	LH-MN	LH-STH	RH-Pu	RH-Ca	RH-NAC	RH-EXA	RH-GPe	RH-GPi	RH-SNc_PBP_VTA	RH-RN	RH-SNr	RH-VeP	RH-HN	RH-HTH	RH-MN	RH-STH	LH-Pulvinar	LH-Anterior	LH-Medio_Dorsal	LH-Ventral_Latero_Dorsal	LH-Central_Lateral-Lateral_Posterior-Medial_Pulvinar	LH-Ventral_Anterior	LH-Ventral_Latero_Ventral	RH-Pulvinar	RH-Anterior	RH-Medio_Dorsal	RH-Ventral_Latero_Dorsal	RH-Central_Lateral-Lateral_Posterior-Medial_Pulvinar	RH-Ventral_Anterior	RH-Ventral_Latero_Ventral	LH_Hippocampus	LH_Amygdala	RH_Hippocampus	RH_Amygdala	Cerebellar_Region1	Cerebellar_Region2	Cerebellar_Region3	Cerebellar_Region4	Cerebellar_Region5	Cerebellar_Region6	Cerebellar_Region7	Cerebellar_Region8	Cerebellar_Region9	Cerebellar_Region10
LH_Vis_1	1.0	0.29390138387680054	0.5254265069961548	-0.033396922051906586	0.07224224507808685	0.15617120265960693	0.5726603269577026	0.43685710430145264	0.25872382521629333	0.4161086976528168	0.12132025510072708	0.19384713470935822	-0.039529599249362946	-0.09883581101894379	-0.08238550275564194	0.5313751697540283	0.020213991403579712	0.16960588097572327	0.08327900618314743	0.5204259753227234	0.2123441994190216	0.29684382677078247	0.22218550741672516	0.38025951385498047	0.38712987303733826	0.1594117283821106	0.2299211323261261	0.269156813621521	0.6106932759284973	0.015982039272785187	0.25718265771865845	0.13672222197055817	-0.0613284595310688	-0.0766429528594017	0.19439755380153656	-0.18355965614318848	-0.08807366341352463	0.2767072319984436	-0.1266176998615265	0.18966907262802124	0.049755629152059555	0.32814666628837585	0.2061970829963684	0.5541991591453552	0.07155437022447586	0.19852681457996368	0.05829436331987381	0.5303491353988647	0.754774808883667	0.38223934173583984	0.590623140335083	0.44203630089759827	0.2542610466480255	-0.06781316548585892	0.18014119565486908	0.35267630219459534	0.2736179530620575	0.03180532529950142	0.40711286664009094	0.2221096158027649	0.2996686100959778	0.20110729336738586	0.2820683419704437	0.1662721186876297	0.2616734802722931	0.3374581038951874	0.4947640895843506	-0.2863083779811859	-0.43242147564888	0.13219864666461945	0.31238290667533875	0.005828632973134518	0.30227363109588623	0.23326803743839264	0.19975021481513977	-0.10241013765335083	0.6042291522026062	0.1229364424943924	-0.04234186187386513	0.2734130620956421	0.06847737729549408	-0.33813178539276123	-0.17210200428962708	-0.08748293668031693	0.3277682363986969	0.15691706538200378	-0.4278395473957062	0.040771011263132095	-0.011673366650938988	-0.12548041343688965	-0.16520917415618896	0.38372278213500977	0.05967721343040466	0.17971183359622955	0.17300811409950256	0.5724306106567383	0.18150003254413605	0.29075556993484497	0.7604289054870605	0.1909533590078354	0.21340066194534302	0.13801762461662292	0.5409435629844666	-0.1744668036699295	0.24903012812137604	-0.0772910863161087	0.021296408027410507	-0.0832863599061966	0.15895166993141174	0.06379770487546921	0.15430903434753418	0.3836396038532257	0.22590245306491852	0.01964060217142105	0.24507386982440948	0.26424291729927063	0.25745031237602234	-0.08702702820301056	0.09863345324993134	-0.20001408457756042	0.17842552065849304	-0.08468282967805862	-0.20750290155410767	0.06546987593173981	0.021301832050085068	0.3142835795879364	0.44545334577560425	0.2073308676481247	0.06734912097454071	0.041429586708545685	-0.004341739695519209	0.18206201493740082	-0.14297720789909363	-0.12288099527359009	-0.21234692633152008	0.34438955783843994	0.14379505813121796	0.1596604287624359	0.029997996985912323	0.16184093058109283	-0.0696721076965332	-0.06329771876335144	0.26131922006607056	0.05095086619257927	0.2753552794456482	-0.09561330825090408	0.2527191936969757	-0.0016873524291440845	0.10172641277313232	0.16684840619564056	-0.22044780850410461	-0.13714520633220673	0.05001838505268097	-0.07797129452228546	-0.18980051577091217	-0.2044183760881424
LH_Vis_2	0.29390138387680054	1.0	0.3240050673484802	0.6980265378952026	0.5153580904006958	0.2924676835536957	0.10628637671470642	0.4610846936702728	0.28261691331863403	0.2601974308490753	0.1229894831776619	-0.08420956879854202	-0.2151373326778412	-0.14166124165058136	-0.12817741930484772	0.3579413890838623	-0.5222610831260681	-0.028227033093571663	-0.3126636743545532	0.1228661835193634	0.03786733001470566	0.19714179635047913	0.03735264018177986	-0.20999585092067719	0.14006254076957703	0.0587439201772213	0.04537243768572807	0.1884610950946808	0.18366464972496033	0.2799769341945648	-0.1300283819437027	-0.032047733664512634	0.2605005204677582	0.3080623149871826	0.19577506184577942	0.31800079345703125	0.029292793944478035	-0.03982645273208618	-0.10711193084716797	0.26857122778892517	-0.11134225875139236	0.11615210771560669	-0.07466717809438705	0.020694216713309288	-0.020387550815939903	-0.13983608782291412	-0.1250249743461609	-0.061476945877075195	0.2632741928100586	0.053355876356363297	0.5109348893165588	0.623146653175354	0.3501893877983093	0.7211525440216064	0.46904128789901733	0.32586172223091125	0.6631020307540894	0.23704886436462402	0.20855987071990967	0.1559375375509262	-0.11302245408296585	-0.32202625274658203	-0.2657364308834076	-0.376058429479599	-0.028031686320900917	-0.058244261890649796	0.007390395272523165	-0.06275803595781326	0.11772841215133667	0.10044314712285995	-0.08617886155843735	0.14335277676582336	-0.015753790736198425	0.15794892609119415	-0.06786777824163437	-0.04759607091546059	0.05627432465553284	0.159987211227417	-0.0013543997192755342	0.1138782799243927	-0.127574622631073	0.2840002477169037	-0.021994698792696	0.10187283158302307	-0.0498531349003315	0.10952720046043396	0.07377305626869202	0.08705886453390121	0.43790996074676514	-0.1708860993385315	-0.050679657608270645	-0.3159317672252655	-0.26699501276016235	-0.07833527773618698	-0.1567866951227188	0.04791342467069626	-0.17532485723495483	0.0277085043489933	0.3606659770011902	0.09207187592983246	0.04428606107831001	0.27842649817466736	0.4823276102542877	0.059494100511074066	0.13833054900169373	-0.06137746572494507	0.3032788634300232	0.1430884301662445	0.08195095509290695	0.1962152123451233	-0.0564902126789093	0.455330491065979	0.3434448838233948	-0.1123027354478836	0.11919404566287994	0.21974830329418182	0.2619085907936096	0.15452517569065094	0.11179959028959274	0.05661391094326973	0.13268201053142548	0.3256823420524597	0.08618497103452682	-0.005966608878225088	-0.0760350450873375	0.2582208812236786	0.2089080512523651	-0.07515452057123184	0.2617843747138977	0.3791125416755676	0.009881901554763317	0.10999725759029388	-0.0953017845749855	-0.12833108007907867	-0.07482903450727463	0.5023289918899536	0.3086174428462982	0.46554797887802124	-0.24091757833957672	0.39425745606422424	-0.07660773396492004	0.06882158666849136	0.3406047821044922	0.10727384686470032	0.32388973236083984	0.115560382604599	0.18454743921756744	0.2621150314807892	0.2368529587984085	0.4400118291378021	-0.10235589742660522	0.07407451421022415	-0.05443141981959343	-0.39449891448020935	-0.1257970780134201	-0.15460902452468872
LH_Vis_3	0.5254265069961548	0.3240050673484802	1.0	-0.12574507296085358	0.3863475024700165	0.7904125452041626	0.19564035534858704	0.5905747413635254	0.7652532458305359	0.4228299558162689	0.19489111006259918	0.11719950288534164	0.22523236274719238	-0.19576433300971985	0.041791561990976334	0.25059056282043457	-0.0793246179819107	0.42484328150749207	0.09671524912118912	0.50015789270401	0.22706857323646545	0.34236642718315125	0.40571334958076477	0.019934777170419693	0.10731576383113861	0.374906063079834	0.4281858205795288	0.4282645881175995	0.29306870698928833	0.3980068564414978	-0.16665047407150269	-0.17335611581802368	-0.08867110311985016	0.27333229780197144	0.3665658235549927	-0.08628576993942261	-0.30993565917015076	-0.09740804135799408	-0.33233052492141724	0.12808547914028168	-0.14262691140174866	0.33614811301231384	0.18919067084789276	0.038861438632011414	0.014632465317845345	0.002847665222361684	-0.055066633969545364	0.05341830849647522	0.30761194229125977	-0.03543632850050926	0.41534000635147095	0.775833010673523	0.40448570251464844	-0.10324306041002274	0.7817933559417725	0.8296138644218445	0.4766252338886261	0.6018674969673157	0.3393089175224304	0.1818370670080185	0.11841657012701035	0.018516188487410545	0.12323179095983505	0.20231182873249054	0.5196478962898254	0.17479392886161804	0.3328178822994232	0.29631665349006653	0.16992245614528656	0.4071600139141083	0.45696505904197693	0.3456593155860901	0.03662372753024101	0.27217960357666016	0.21160829067230225	0.09547732025384903	0.4163537621498108	0.2615155279636383	-0.2372695356607437	0.1380944550037384	0.0850311741232872	-0.034447651356458664	0.13131040334701538	0.38474780321121216	0.3828931748867035	0.44879573583602905	-0.2863536775112152	0.46437135338783264	0.36388808488845825	0.09903822839260101	0.197586789727211	0.0027686699759215117	0.05294828489422798	0.457092821598053	0.06325487792491913	0.38772329688072205	0.18140749633312225	0.486664354801178	0.3629796504974365	-0.11825605481863022	0.06996598839759827	0.06787961721420288	0.3427920639514923	0.11894747614860535	0.1271439492702484	-0.08296221494674683	0.05108773335814476	-0.278739869594574	0.10639699548482895	0.039672598242759705	0.03835291787981987	0.43592530488967896	0.1474243700504303	-0.13007423281669617	0.09597571939229965	0.3883364498615265	0.2092583179473877	-0.06029289960861206	0.16988621652126312	0.14192847907543182	0.11973158270120621	0.21149952709674835	0.04448409751057625	0.002270931378006935	0.14267584681510925	0.5312209725379944	0.15887604653835297	0.15548981726169586	-0.0856429934501648	-0.06927016377449036	-0.024230286478996277	0.19439202547073364	0.0191627349704504	-0.17134800553321838	-0.27923938632011414	0.425801157951355	0.06238579750061035	0.28968703746795654	-0.09030725061893463	0.4290285110473633	-0.36708515882492065	-0.03731844201683998	0.20213688910007477	-0.09918131679296494	0.07307866960763931	-0.025135543197393417	0.3214096426963806	0.2522223889827728	0.4863716661930084	0.3589558005332947	0.2568202316761017	0.23269100487232208	-0.08290780335664749	-0.39339545369148254	-0.39755964279174805	-0.31196269392967224
LH_Vis_4	-0.033396922051906586	0.6980265378952026	-0.12574507296085358	1.0	0.5326887369155884	-0.021154088899493217	0.006076424848288298	0.2747170627117157	-0.14128327369689941	-0.07715701311826706	-0.00823891069740057	-0.10911514610052109	-0.22018152475357056	-0.2275027334690094	-0.2346678227186203	0.39737769961357117	-0.4343423545360565	-0.17422664165496826	-0.33247295022010803	-0.1837655007839203	-0.14445066452026367	0.0511494018137455	-0.1749497801065445	-0.22393885254859924	0.07692661881446838	-0.06577514111995697	-0.25181344151496887	-0.16922542452812195	-0.1093837171792984	0.03167366236448288	-0.08289303630590439	0.016244014725089073	0.3067125976085663	0.25964242219924927	0.019804345443844795	0.10416346043348312	0.011856839060783386	-0.11035316437482834	-0.049642570316791534	0.23231463134288788	-0.2920292019844055	-0.2718721628189087	-0.2323799580335617	-0.12927056849002838	-0.17833192646503448	-0.38731640577316284	-0.34660443663597107	-0.21111053228378296	0.02536197192966938	-0.18662989139556885	0.31734204292297363	0.2557888627052307	0.34496086835861206	0.8494662046432495	0.18051402270793915	0.009208615869283676	0.4439128637313843	-0.11202411353588104	-0.19087810814380646	-0.09381735324859619	-0.2594303786754608	-0.38843822479248047	-0.3511798679828644	-0.5282695889472961	-0.2902372181415558	-0.22046463191509247	-0.2265797108411789	-0.21954040229320526	0.038154225796461105	-0.0940973237156868	-0.3468107581138611	-0.03890734910964966	-0.14550605416297913	-0.19886872172355652	-0.3084085285663605	-0.07536924630403519	-0.27485892176628113	-0.1570282280445099	0.07831762731075287	-0.06932713091373444	-0.41926854848861694	0.20869992673397064	-0.06674652546644211	-0.2051830291748047	-0.4051603078842163	-0.17647898197174072	0.1499612033367157	-0.17720556259155273	-0.01053111907094717	-0.454267680644989	-0.2295522391796112	-0.4382765591144562	-0.552455723285675	-0.46221616864204407	-0.3953869938850403	-0.373680979013443	-0.5321450233459473	-0.22565095126628876	0.10495871305465698	-0.14004360139369965	-0.14145687222480774	0.08589664101600647	0.15527190268039703	0.036959610879421234	-0.11294471472501755	-0.1812078207731247	0.38639864325523376	0.33756223320961	-0.0591285265982151	0.15719974040985107	-0.06839637458324432	0.3059758245944977	0.19616295397281647	-0.16199862957000732	-0.0846477672457695	-0.14722518622875214	0.0874575674533844	0.14739464223384857	-0.07269170880317688	0.0859212651848793	0.06679689884185791	0.14942508935928345	0.06982076913118362	0.011343484744429588	-0.20157431066036224	-0.03527434542775154	-0.16151489317417145	-0.0903395563364029	0.28198832273483276	0.19000044465065002	0.0284084714949131	-0.1567053347826004	-0.23416389524936676	0.04534832760691643	-0.050605617463588715	0.20888592302799225	0.3275376558303833	0.25663962960243225	-0.3451414108276367	0.0895029604434967	-0.0007516214391216636	0.1440363973379135	0.4408569633960724	0.34764745831489563	0.2900475561618805	0.3631572425365448	-0.07411764562129974	0.036484602838754654	-0.09375320374965668	0.34869125485420227	-0.14022424817085266	-0.057286541908979416	-0.14136815071105957	-0.14402863383293152	0.12179579585790634	0.2942921817302704
LH_Vis_5	0.07224224507808685	0.5153580904006958	0.3863475024700165	0.5326887369155884	1.0	0.4754529595375061	-0.10970231890678406	0.3852898180484772	0.2890898883342743	0.12926311790943146	0.02220720238983631	-0.18451662361621857	-0.07911331951618195	-0.306247740983963	-0.2559860944747925	0.231515035033226	-0.510428786277771	0.08198820799589157	-0.39701807498931885	0.1789352297782898	-0.28740349411964417	0.3099370002746582	0.137028306722641	-0.2647686302661896	0.1296423375606537	0.12181370705366135	0.0625460222363472	0.18950171768665314	0.07322429120540619	0.2760762572288513	-0.1124122217297554	-0.007556124124675989	0.29861631989479065	0.4908616542816162	0.2965066730976105	0.008431925438344479	-0.1691618412733078	-0.2681749761104584	-0.181317999958992	-0.0450897142291069	-0.45231351256370544	-0.08338642120361328	-0.03484838455915451	-0.1754670888185501	-0.019914889708161354	-0.35489895939826965	-0.41407522559165955	-0.14243122935295105	0.1522362232208252	-0.2773105204105377	0.35577166080474854	0.5024570822715759	0.3993717432022095	0.38897696137428284	0.6499304175376892	0.51699298620224	0.33255788683891296	0.19859327375888824	-0.052481673657894135	-0.17480498552322388	-0.3162437081336975	-0.5043150186538696	-0.41204822063446045	-0.3195047378540039	0.1330532729625702	-0.22727712988853455	0.0141629409044981	0.19984285533428192	0.2769312560558319	0.15073177218437195	0.05626329034566879	0.1507842093706131	-0.20074601471424103	-0.07787106186151505	-0.009180095978081226	0.1966002732515335	0.07557281106710434	-0.10318845510482788	-0.004846269264817238	0.0033578691072762012	-0.21645395457744598	0.2298535704612732	0.16887041926383972	0.13191507756710052	-0.05199036747217178	0.12136964499950409	0.10386796295642853	0.35641151666641235	0.20677465200424194	-0.24995800852775574	0.20103569328784943	-0.3774520754814148	-0.32917362451553345	-0.032699137926101685	-0.3016122877597809	-0.2100609391927719	-0.23990598320960999	0.20551276206970215	0.2752881646156311	-0.1578885167837143	-0.05647992342710495	0.15471409261226654	0.1361766904592514	0.12336864322423935	-0.00914472620934248	-0.3327212631702423	0.24623535573482513	0.26524022221565247	0.05228972062468529	0.3201996684074402	0.18818697333335876	0.4276459515094757	0.08032184094190598	0.022040124982595444	-0.025921789929270744	0.07252825796604156	0.03898926451802254	0.13144874572753906	0.15857164561748505	0.04442419484257698	0.14259518682956696	0.19502143561840057	0.04360448941588402	0.17375898361206055	0.03654003515839577	0.1064329594373703	0.03718371316790581	0.023813745006918907	0.1815510243177414	0.23936410248279572	0.28319188952445984	-0.001813126145862043	-0.06110549718141556	0.06747736036777496	0.04826561361551285	0.49154049158096313	0.2831009328365326	0.48273515701293945	-0.10847882926464081	0.32099494338035583	-0.06065057963132858	0.1772233098745346	0.37468186020851135	0.11775771528482437	0.07699055969715118	0.3465256989002228	0.048687439411878586	0.10149688273668289	0.08256923407316208	0.453243225812912	0.26458412408828735	0.12154820561408997	-0.14822177588939667	-0.31802898645401	0.08374800533056259	0.1460750252008438
LH_Vis_6	0.15617120265960693	0.2924676835536957	0.7904125452041626	-0.021154088899493217	0.4754529595375061	1.0	0.06621275097131729	0.518793523311615	0.8597497940063477	0.37211641669273376	0.1749127209186554	0.014142977073788643	0.21677257120609283	-0.08980335295200348	-0.0010071011492982507	0.09822510927915573	-0.16712479293346405	0.4915240406990051	0.08014747500419617	0.4294199049472809	0.17361566424369812	0.30864983797073364	0.42066386342048645	-0.2174343764781952	0.004483918193727732	0.30383768677711487	0.3261788785457611	0.28317099809646606	0.14612892270088196	0.3345058858394623	-0.43360671401023865	-0.16154985129833221	-0.1967001110315323	0.41040050983428955	0.3093952238559723	0.03904359042644501	-0.3202360272407532	-0.26773589849472046	-0.46772482991218567	0.10596118867397308	-0.12008117884397507	0.12995710968971252	0.004346710629761219	-0.34527233242988586	-0.12413619458675385	-0.27974551916122437	-0.16835296154022217	-0.1781807690858841	0.1149749681353569	-0.25905540585517883	0.25759732723236084	0.6375823616981506	0.4214281737804413	-0.0763682946562767	0.8386106491088867	0.9207686185836792	0.3927015960216522	0.7269769310951233	0.29707634449005127	-0.023570377379655838	-0.028930258005857468	-0.12309885770082474	0.01702708750963211	0.19166694581508636	0.5692794322967529	0.0585111603140831	0.29212263226509094	0.47747278213500977	0.43904584646224976	0.46008262038230896	0.4285884499549866	0.3348274528980255	-0.10277629643678665	0.38027435541152954	0.25672340393066406	0.0772966668009758	0.2746816873550415	0.11093165725469589	-0.3127465844154358	0.00272357021458447	0.14305387437343597	0.1824931800365448	0.273925244808197	0.46940022706985474	0.22624552249908447	0.5192705392837524	-0.10846709460020065	0.4368492662906647	0.5052664279937744	0.21008747816085815	0.3651619553565979	-0.13261376321315765	0.09187942743301392	0.388315886259079	-0.044784799218177795	0.12489785254001617	0.07952762395143509	0.44714176654815674	0.227899968624115	-0.18437214195728302	-0.09016752988100052	-0.04588226601481438	0.2550276517868042	0.13139674067497253	-0.08119090646505356	-0.15323585271835327	0.10869842022657394	-0.09846635907888412	0.030402028933167458	0.09704014658927917	0.03511649742722511	0.30527129769325256	0.060265738517045975	-0.15654411911964417	-0.08240856230258942	0.22425729036331177	-0.04834011197090149	0.09404327720403671	0.14694583415985107	0.13363735377788544	0.010811512358486652	0.2875272035598755	0.12412318587303162	-0.020657768473029137	0.090385802090168	0.3791990280151367	-0.08955153822898865	0.016547679901123047	-0.12398992478847504	-0.09327585995197296	0.016966477036476135	0.03890636935830116	0.15170498192310333	-0.061947885900735855	-0.19790734350681305	0.4152827858924866	0.11423688381910324	0.38897904753685	-0.1352619081735611	0.45010092854499817	-0.2711884677410126	0.02129628323018551	0.05176784098148346	-0.0037422815803438425	-0.012330605648458004	0.17070342600345612	0.23294833302497864	0.37329381704330444	0.4930925667285919	0.42924627661705017	0.3576921820640564	0.35209405422210693	-0.14399543404579163	-0.4766043722629547	-0.36037760972976685	-0.13131842017173767
LH_Vis_7	0.5726603269577026	0.10628637671470642	0.19564035534858704	0.006076424848288298	-0.10970231890678406	0.06621275097131729	1.0	0.3416178226470947	0.19537116587162018	0.3750866949558258	0.15363752841949463	0.4067351520061493	-0.07463002949953079	0.1678665280342102	-0.0383104644715786	0.5381606221199036	0.36915498971939087	0.2147725373506546	0.3669370114803314	0.38510873913764954	0.4671940803527832	0.19767703115940094	0.2679937183856964	0.6422517895698547	0.4634407162666321	0.20602762699127197	0.2773762345314026	0.19652841985225677	0.5779466032981873	0.09666793793439865	0.06977327167987823	0.34371036291122437	-0.08009910583496094	-0.1858765035867691	0.14699684083461761	-0.1252327859401703	0.15023154020309448	0.5101761221885681	0.24007077515125275	0.6217008829116821	0.521140992641449	0.35783153772354126	0.3951343894004822	0.45677125453948975	-0.0786789283156395	0.3781052231788635	0.3752901256084442	0.627188503742218	0.5446807146072388	0.5180959701538086	0.06587602943181992	0.22213463485240936	0.12835055589675903	-0.10143767297267914	0.0014451144961640239	0.10091552883386612	0.08768022805452347	0.05514812842011452	0.2543296813964844	0.25066596269607544	0.3728300929069519	0.26920798420906067	0.40689942240715027	0.26343265175819397	0.2496536523103714	0.26556921005249023	0.3888227939605713	-0.34820467233657837	-0.5102375149726868	-0.1202031597495079	0.06250541657209396	-0.3089323937892914	0.19029541313648224	0.2121036797761917	0.10467036813497543	-0.22300492227077484	0.36894604563713074	0.07046838104724884	-0.281356543302536	0.1724851429462433	0.013807199895381927	-0.3751632571220398	-0.2859983742237091	-0.23683574795722961	0.11682624369859695	-0.04671718180179596	-0.24346989393234253	-0.11111447960138321	-0.09518122673034668	-0.05343632027506828	-0.28407949209213257	0.3426690101623535	0.14331623911857605	0.06273013353347778	0.12995293736457825	0.46673113107681274	0.1639253795146942	0.003805588698014617	0.3610844612121582	0.1970965564250946	0.37555134296417236	0.10536278039216995	0.2446051836013794	0.005999431479722261	0.28846436738967896	0.09227779507637024	0.10206244885921478	-0.09331361204385757	-0.2279835045337677	-0.009538901038467884	0.06673011183738708	0.22122517228126526	-0.09193255007266998	-0.19231562316417694	0.22728171944618225	0.11604629456996918	0.14241892099380493	0.0609554685652256	0.1342778503894806	-0.06346452236175537	-0.08084277808666229	-0.15772131085395813	-0.17137302458286285	-0.028235359117388725	0.1204267144203186	0.008980387821793556	0.0002867603616323322	-0.008468031883239746	0.2721377909183502	-0.05988778546452522	0.06584101915359497	0.22543753683567047	0.06259805709123611	0.14757539331912994	-0.06644099205732346	0.11260448396205902	0.20869120955467224	0.0744934231042862	-0.23056581616401672	0.08603844791650772	-0.33520424365997314	-0.2881831228733063	0.14125220477581024	0.09714549779891968	0.14769434928894043	-0.08357401192188263	0.3609253764152527	0.15829434990882874	0.11733953654766083	0.0822736918926239	-0.21841216087341309	0.08163333684206009	0.12362829595804214	0.1310727447271347	-0.18046912550926208	-0.11898525804281235
LH_Vis_8	0.43685710430145264	0.4610846936702728	0.5905747413635254	0.2747170627117157	0.3852898180484772	0.518793523311615	0.3416178226470947	1.0	0.5961852669715881	0.19552719593048096	-0.1842869222164154	-0.06060512736439705	-0.10839948058128357	-0.12018273025751114	-0.21543271839618683	0.6107383370399475	-0.21397997438907623	0.6918186545372009	0.14564551413059235	0.6548788547515869	0.2285097986459732	0.5893844962120056	0.6664332747459412	0.12591764330863953	0.06127975136041641	0.436934232711792	0.5005811452865601	0.25774335861206055	0.45013701915740967	0.5091402530670166	-0.5352453589439392	-0.3357189893722534	-0.052101749926805496	0.47536584734916687	0.4953051805496216	-0.20688539743423462	-0.2514479458332062	-0.38542988896369934	-0.42231839895248413	0.2858949601650238	-0.1405463069677353	-0.1574954241514206	0.12837208807468414	-0.23857364058494568	-0.3514752686023712	-0.1732255220413208	-0.20845268666744232	0.23951148986816406	0.12691891193389893	-0.1579609215259552	0.4649679660797119	0.7587023973464966	0.7204838395118713	0.3193538188934326	0.6682127118110657	0.5793662071228027	0.7454647421836853	0.5546455979347229	0.056553129106760025	-0.10468605905771255	-0.13414695858955383	-0.18559271097183228	-0.01302560418844223	0.031980425119400024	0.5453821420669556	0.11227518320083618	0.45118874311447144	0.2662375271320343	0.09026212990283966	0.5905848145484924	0.5743111371994019	0.04043444246053696	-0.0959048792719841	0.2554246187210083	0.35784950852394104	0.08510521799325943	0.540145218372345	0.04896189272403717	-0.6412279605865479	-0.10065523535013199	-0.07252969592809677	-0.008324593305587769	-0.1432034820318222	0.12933088839054108	0.23642808198928833	0.26279905438423157	-0.3049754798412323	0.2640283703804016	0.31077802181243896	-0.2668864130973816	-0.17922763526439667	-0.20722904801368713	-0.374528706073761	-0.017261968925595284	-0.28090131282806396	0.013813737779855728	-0.13422182202339172	0.6123443841934204	0.2150157243013382	-0.3567101061344147	-0.05039672926068306	-0.11910983175039291	0.1989491581916809	-0.05995677411556244	0.07980632036924362	-0.2889895737171173	0.08832459896802902	-0.18241755664348602	-0.12914928793907166	0.033483460545539856	-0.13043993711471558	0.4094387888908386	0.07784212380647659	-0.28305891156196594	-0.02996063232421875	0.10839441418647766	0.234139546751976	-0.2599840462207794	-0.030718963593244553	0.18011526763439178	-0.1197066381573677	-0.06603652238845825	-0.14978137612342834	-0.014808215200901031	0.14437073469161987	0.2994524836540222	0.133429154753685	-0.16704653203487396	-0.061240822076797485	-0.25934475660324097	0.10869727283716202	0.05655935779213905	-0.1648453176021576	-0.20317864418029785	-0.3480887711048126	0.3404555022716522	0.004919418133795261	0.038099255412817	-0.171237975358963	0.20051096379756927	-0.475063294172287	-0.22464779019355774	0.03984601050615311	0.191294863820076	0.06666647642850876	0.2549881041049957	0.3779106140136719	0.1941741555929184	0.386504590511322	0.4257839620113373	0.11787952482700348	0.3000926673412323	-0.3574555218219757	-0.5860514640808105	-0.24484016001224518	-0.2956138253211975
LH_Vis_9	0.25872382521629333	0.28261691331863403	0.7652532458305359	-0.14128327369689941	0.2890898883342743	0.8597497940063477	0.19537116587162018	0.5961852669715881	1.0	0.35210609436035156	0.009511236101388931	-0.08414370566606522	0.11300858855247498	-0.08564502745866776	-0.08739584684371948	0.18006885051727295	-0.13785959780216217	0.5066755414009094	0.09859493374824524	0.5396625995635986	0.18779422342777252	0.24024130403995514	0.4349837899208069	-0.003167649731040001	-0.04672689363360405	0.22213640809059143	0.41539114713668823	0.2951602339744568	0.2527203857898712	0.23456627130508423	-0.4090905785560608	-0.24500496685504913	-0.16780181229114532	0.28117677569389343	0.2718518078327179	0.17130154371261597	-0.1356358677148819	-0.2560631334781647	-0.3655136227607727	0.18767645955085754	0.08766593784093857	0.07209613174200058	0.021756930276751518	-0.2363613098859787	-0.05028919875621796	-0.1241774708032608	0.05849987268447876	0.04044497385621071	0.20457080006599426	-0.00554288225248456	0.18645872175693512	0.5931875705718994	0.3240884840488434	-0.11164944618940353	0.6974864602088928	0.782017707824707	0.3693065345287323	0.7713155150413513	0.337394118309021	0.0012536616995930672	0.01374147180467844	-0.11843401193618774	0.07291064411401749	0.1909097135066986	0.5394109487533569	0.10959690064191818	0.43516620993614197	0.3683154582977295	0.28024402260780334	0.37758252024650574	0.5170226693153381	0.20109017193317413	-0.07490966469049454	0.4220008850097656	0.3683305084705353	-0.028778498992323875	0.4782206416130066	0.09845760464668274	-0.3913796544075012	-0.01856362260878086	0.21203862130641937	0.10004325211048126	0.08337891101837158	0.34678226709365845	0.31112411618232727	0.32969605922698975	-0.10440175235271454	0.33860093355178833	0.6081135869026184	0.21156039834022522	0.18451601266860962	-0.03963287174701691	0.1404847651720047	0.3535363972187042	0.008815494365990162	0.22571498155593872	0.15257728099822998	0.42306235432624817	0.25130128860473633	-0.02151520550251007	-0.06788749247789383	-0.07163000106811523	0.2641143202781677	0.01987992413341999	-0.01912846602499485	-0.11376239359378815	0.04505030810832977	-0.2001515030860901	-0.04645691066980362	-0.10600584745407104	-0.1513608694076538	0.18361201882362366	-0.07909074425697327	-0.2514365315437317	-0.11052104085683823	0.19308677315711975	0.012063918635249138	0.003844244871288538	0.017183706164360046	0.07482028007507324	-0.09897023439407349	0.07242579013109207	0.0836959257721901	-0.2467103898525238	0.14655321836471558	0.3396443724632263	-0.024743106216192245	-0.07453353703022003	-0.21195979416370392	-0.20934399962425232	-0.027357544749975204	0.18390674889087677	0.05612313002347946	-0.05842994153499603	-0.3390142023563385	0.28359439969062805	0.02709384076297283	0.2139093577861786	-0.058082208037376404	0.3696339428424835	-0.33719128370285034	-0.15177272260189056	0.01826370134949684	-0.1260252743959427	-0.05994759500026703	0.0980781838297844	0.37262430787086487	0.3115927577018738	0.5404098629951477	0.2900143563747406	0.3013586103916168	0.350569486618042	-0.03233490139245987	-0.40308859944343567	-0.30462780594825745	-0.29792627692222595
LH_SomMot_1	0.4161086976528168	0.2601974308490753	0.4228299558162689	-0.07715701311826706	0.12926311790943146	0.37211641669273376	0.3750866949558258	0.19552719593048096	0.35210609436035156	1.0	0.5215376615524292	0.6256723403930664	0.2973584830760956	0.24078066647052765	0.02179829217493534	0.22053983807563782	0.17333604395389557	0.2096906453371048	0.05492813512682915	0.33283355832099915	0.3327799439430237	0.17882604897022247	0.2887036204338074	0.19818951189517975	0.6741005182266235	0.4308511018753052	0.46036019921302795	0.6440824270248413	0.5453500151634216	0.347292959690094	0.022847726941108704	0.16496573388576508	-0.13567394018173218	0.001128023723140359	0.1399535834789276	0.053159043192863464	0.1342008113861084	0.21189789474010468	-0.17082059383392334	0.10894886404275894	0.19676752388477325	0.28346675634384155	0.024065794423222542	0.1889275312423706	-0.029512928798794746	0.1766003519296646	0.15691564977169037	0.19102565944194794	0.32065528631210327	0.22780106961727142	0.2580890357494354	0.4616270065307617	0.17737257480621338	-0.15819114446640015	0.39441734552383423	0.3442370295524597	0.08653200417757034	0.21900208294391632	0.8206967115402222	0.49054932594299316	0.4823743402957916	0.09624378383159637	0.1369541585445404	0.23914989829063416	0.3136473000049591	0.10663839429616928	0.18870383501052856	-0.04490511864423752	-0.12178077548742294	-0.035507384687662125	0.12594522535800934	0.24007293581962585	0.13155706226825714	0.29025447368621826	0.29519012570381165	0.26190510392189026	0.40194013714790344	0.27051985263824463	-0.04846297204494476	0.11341274529695511	0.35612183809280396	-0.17888088524341583	0.02579546719789505	0.06506846845149994	0.37699654698371887	0.325160950422287	-0.01019628718495369	0.49247995018959045	0.30830398201942444	0.23701626062393188	0.06420104950666428	-0.016018740832805634	0.16581882536411285	0.24862657487392426	0.045497722923755646	0.37849536538124084	0.2574145793914795	0.15359438955783844	0.3478974997997284	0.2082357257604599	0.3778095245361328	0.5068299174308777	0.3306601941585541	0.3525868058204651	0.4098699390888214	0.1502252072095871	-0.102940134704113	0.061751168221235275	0.03705250099301338	0.11709652096033096	0.1864687204360962	0.27224451303482056	-0.028582938015460968	0.10554719716310501	0.24230781197547913	0.553970456123352	0.047214314341545105	0.18893618881702423	0.39745867252349854	-0.03795383870601654	0.144648939371109	0.36676907539367676	0.0834735855460167	0.1060469001531601	0.37559473514556885	0.298194944858551	0.230751633644104	0.03839372470974922	0.15464816987514496	0.3141019344329834	0.23434583842754364	0.248259037733078	0.2610325515270233	-0.1074601411819458	0.15108135342597961	0.31068405508995056	0.09395923465490341	0.24839507043361664	0.04467303305864334	0.4579165577888489	-0.2505156397819519	-0.06896474212408066	0.07400520890951157	0.06857724487781525	0.09338506311178207	0.01090906374156475	0.3745199143886566	0.31065496802330017	0.23720578849315643	0.18758168816566467	-0.08631207793951035	0.11184058338403702	-0.13026651740074158	-0.31903666257858276	-0.5543424487113953	-0.1947125345468521
LH_SomMot_2	0.12132025510072708	0.1229894831776619	0.19489111006259918	-0.00823891069740057	0.02220720238983631	0.1749127209186554	0.15363752841949463	-0.1842869222164154	0.009511236101388931	0.5215376615524292	1.0	0.759916365146637	0.3893893361091614	0.3404264748096466	0.4454312026500702	-0.0696999579668045	0.11668381094932556	-0.16211724281311035	0.0019528199918568134	-0.19673128426074982	0.4019765853881836	-0.0990658700466156	-0.09363110363483429	-0.020616330206394196	0.5401216745376587	0.19687041640281677	0.02697630599141121	0.35048091411590576	0.238300159573555	0.2256203293800354	0.2819526791572571	0.4524686634540558	0.14431460201740265	-0.06028042733669281	-0.0355830192565918	0.14177455008029938	0.16823267936706543	0.3292418420314789	0.004942677449434996	0.06359140574932098	0.060283586382865906	0.5253387689590454	0.051172904670238495	0.2923160195350647	0.10025139153003693	0.1655551791191101	0.07641064375638962	-0.01117144338786602	0.1380913108587265	0.03795471042394638	0.10706418752670288	0.1964873969554901	-0.10268691182136536	-0.06516540795564651	0.11354676634073257	0.17787784337997437	-0.05438586324453354	0.009521136060357094	0.5191574096679688	0.7076364159584045	0.5192890167236328	0.19596563279628754	0.11986299604177475	0.15914231538772583	-0.08383883535861969	0.1596321165561676	-0.16202335059642792	-0.029081063345074654	0.05392540991306305	-0.17877213656902313	-0.2971467971801758	0.33742910623550415	0.3622159957885742	-0.05371784791350365	-0.05826951935887337	0.14787869155406952	-0.15795297920703888	0.3707943558692932	0.2766096591949463	0.37852463126182556	0.01640709489583969	0.06209041550755501	0.010140057653188705	0.0542944110929966	0.00832668412476778	0.27667319774627686	0.22244441509246826	0.18047648668289185	0.11541800945997238	0.11821510642766953	0.14138905704021454	-0.14654143154621124	0.13705608248710632	0.33431926369667053	0.03394678607583046	0.2809305787086487	0.1817045956850052	-0.1765386462211609	0.13599109649658203	0.0953211858868599	0.34289488196372986	0.3714313805103302	0.36481454968452454	0.39455798268318176	-0.018089165911078453	0.12132049351930618	-0.03161046281456947	0.060707736760377884	0.1124277338385582	0.4419798254966736	0.20701128244400024	0.2386074662208557	0.053374771028757095	-0.05480401962995529	0.29759538173675537	0.2627618908882141	0.2230985313653946	0.3686366677284241	0.43465346097946167	0.13556280732154846	0.2508068382740021	0.546448290348053	0.16413481533527374	0.18118613958358765	-0.029506556689739227	0.2914532423019409	-0.07059834152460098	0.312942773103714	0.18290238082408905	0.2577715218067169	0.07992292940616608	0.19478650391101837	0.5003578662872314	-0.0065359752625226974	0.32040518522262573	0.3347474932670593	0.24579745531082153	0.40252357721328735	0.028034910559654236	0.39213114976882935	-0.06619685888290405	0.2597889006137848	0.18258564174175262	0.09620731323957443	0.24070101976394653	0.029439136385917664	0.3216889202594757	0.46013808250427246	0.22582915425300598	0.0774473175406456	0.006461738143116236	0.04703136906027794	0.2796686887741089	0.0789494588971138	-0.2748110592365265	-0.057343438267707825
LH_SomMot_3	0.19384713470935822	-0.08420956879854202	0.11719950288534164	-0.10911514610052109	-0.18451662361621857	0.014142977073788643	0.4067351520061493	-0.06060512736439705	-0.08414370566606522	0.6256723403930664	0.759916365146637	1.0	0.4508046507835388	0.44502612948417664	0.1910340040922165	0.15307308733463287	0.547421395778656	0.09858648478984833	0.39219245314598083	0.001033951179124415	0.5518314242362976	0.020415497943758965	0.1546706259250641	0.2937241494655609	0.7466238141059875	0.4693118929862976	0.2433474063873291	0.4004844129085541	0.3507104814052582	0.3348767161369324	0.12735264003276825	0.4208386242389679	-0.16164134442806244	-0.11221582442522049	0.08818681538105011	-0.0901748389005661	0.13157343864440918	0.429322212934494	0.030124256387352943	0.20491530001163483	0.18906088173389435	0.43933936953544617	0.22129955887794495	0.3129757046699524	-0.06940390169620514	0.34320956468582153	0.199489027261734	0.20213676989078522	0.1373906284570694	0.14722980558872223	-0.07087710499763489	0.14559774100780487	0.029483947902917862	-0.1816316395998001	-0.009248560294508934	-0.002866684691980481	-0.11647985875606537	-0.08988606929779053	0.4569755494594574	0.6136373281478882	0.6425172686576843	0.44053250551223755	0.36386367678642273	0.38174328207969666	0.10039938241243362	0.06167790666222572	-0.12303419411182404	-0.1273048371076584	-0.22728796303272247	-0.17680151760578156	-0.1429547369480133	0.1572558730840683	0.20798245072364807	-0.028397994115948677	-0.03222339600324631	0.31051403284072876	-0.015168369747698307	0.15919971466064453	-0.02116558700799942	0.22119608521461487	0.004094850737601519	-0.27357393503189087	-0.06532255560159683	-0.07440075278282166	0.11856643855571747	0.15207436680793762	0.028812192380428314	0.20238569378852844	-0.10411368310451508	0.044426389038562775	-0.041795291006565094	0.03386322781443596	0.08324842900037766	0.13737474381923676	-0.027751712128520012	0.3024425804615021	0.1717156618833542	-0.055236414074897766	0.025545485317707062	0.021767692640423775	0.4739389419555664	0.3475719094276428	0.08210378885269165	0.47340694069862366	0.193270742893219	0.1974346935749054	-0.03667773678898811	-0.02267872728407383	0.01955731213092804	0.24239787459373474	0.25452131032943726	0.2211921364068985	-0.005818161182105541	-0.05770781263709068	0.33532485365867615	0.31808939576148987	0.155070498585701	0.2523835003376007	0.28676190972328186	0.14290879666805267	0.18981730937957764	0.3663689196109772	-0.036538057029247284	0.2661566138267517	0.2663227319717407	0.23088963329792023	-0.014309167861938477	0.09994333982467651	0.32590118050575256	0.13365872204303741	0.19975851476192474	0.13601216673851013	0.43958011269569397	-0.009884710423648357	0.14685402810573578	0.09741417318582535	0.109627366065979	0.05929458141326904	-0.0315973199903965	0.2425958663225174	-0.2782033085823059	-0.06766833364963531	0.09067878127098083	0.200027734041214	0.20503127574920654	-0.003016811329871416	0.3367803990840912	0.30847403407096863	0.10460686683654785	-0.052079830318689346	-0.2139766365289688	0.023775294423103333	-0.0006324515561573207	0.005825306288897991	-0.45893004536628723	-0.08441676199436188
