Node	LH_Vis_1	LH_Vis_2	LH_Vis_3	LH_Vis_4	LH_Vis_5	LH_Vis_6	LH_Vis_7	LH_Vis_8	LH_Vis_9	LH_SomMot_1	LH_SomMot_2	LH_SomMot_3	LH_SomMot_4	LH_SomMot_5	LH_SomMot_6	LH_DorsAttn_Post_1	LH_DorsAttn_Post_2	LH_DorsAttn_Post_3	LH_DorsAttn_Post_4	LH_DorsAttn_Post_5	LH_DorsAttn_Post_6	LH_DorsAttn_PrCv_1	LH_DorsAttn_FEF_1	LH_SalVentAttn_ParOper_1	LH_SalVentAttn_FrOperIns_1	LH_SalVentAttn_FrOperIns_2	LH_SalVentAttn_PFCl_1	LH_SalVentAttn_Med_1	LH_SalVentAttn_Med_2	LH_SalVentAttn_Med_3	LH_Limbic_OFC_1	LH_Limbic_TempPole_1	LH_Limbic_TempPole_2	LH_Cont_Par_1	LH_Cont_PFCl_1	LH_Cont_pCun_1	LH_Cont_Cing_1	LH_Default_Temp_1	LH_Default_Temp_2	LH_Default_Par_1	LH_Default_Par_2	LH_Default_PFC_1	LH_Default_PFC_2	LH_Default_PFC_3	LH_Default_PFC_4	LH_Default_PFC_5	LH_Default_PFC_6	LH_Default_PFC_7	LH_Default_pCunPCC_1	LH_Default_pCunPCC_2	RH_Vis_1	RH_Vis_2	RH_Vis_3	RH_Vis_4	RH_Vis_5	RH_Vis_6	RH_Vis_7	RH_Vis_8	RH_SomMot_1	RH_SomMot_2	RH_SomMot_3	RH_SomMot_4	RH_SomMot_5	RH_SomMot_6	RH_SomMot_7	RH_SomMot_8	RH_DorsAttn_Post_1	RH_DorsAttn_Post_2	RH_DorsAttn_Post_3	RH_DorsAttn_Post_4	RH_DorsAttn_Post_5	RH_DorsAttn_PrCv_1	RH_DorsAttn_FEF_1	RH_SalVentAttn_TempOccPar_1	RH_SalVentAttn_TempOccPar_2	RH_SalVentAttn_FrOperIns_1	RH_SalVentAttn_Med_1	RH_SalVentAttn_Med_2	RH_Limbic_OFC_1	RH_Limbic_TempPole_1	RH_Cont_Par_1	RH_Cont_Par_2	RH_Cont_PFCl_1	RH_Cont_PFCl_2	RH_Cont_PFCl_3	RH_Cont_PFCl_4	RH_Cont_Cing_1	RH_Cont_PFCmp_1	RH_Cont_pCun_1	RH_Default_Par_1	RH_Default_Temp_1	RH_Default_Temp_2	RH_Default_Temp_3	RH_Default_PFCv_1	RH_Default_PFCv_2	RH_Default_PFCdPFCm_1	RH_Default_PFCdPFCm_2	RH_Default_PFCdPFCm_3	RH_Default_pCunPCC_1	RH_Default_pCunPCC_2	LH-Pu	LH-Ca	LH-NAC	LH-EXA	LH-GPe	LH-GPi	LH-SNc_PBP_VTA	LH-RN	LH-SNr	LH-VeP	LH-HN	LH-HTH	LH-MN	LH-STH	RH-Pu	RH-Ca	RH-NAC	RH-EXA	RH-GPe	RH-GPi	RH-SNc_PBP_VTA	RH-RN	RH-SNr	RH-VeP	RH-HN	RH-HTH	RH-MN	RH-STH	LH-Pulvinar	LH-Anterior	LH-Medio_Dorsal	LH-Ventral_Latero_Dorsal	LH-Central_Lateral-Lateral_Posterior-Medial_Pulvinar	LH-Ventral_Anterior	LH-Ventral_Latero_Ventral	RH-Pulvinar	RH-Anterior	RH-Medio_Dorsal	RH-Ventral_Latero_Dorsal	RH-Central_Lateral-Lateral_Posterior-Medial_Pulvinar	RH-Ventral_Anterior	RH-Ventral_Latero_Ventral	LH_Hippocampus	LH_Amygdala	RH_Hippocampus	RH_Amygdala	Cerebellar_Region1	Cerebellar_Region2	Cerebellar_Region3	Cerebellar_Region4	Cerebellar_Region5	Cerebellar_Region6	Cerebellar_Region7	Cerebellar_Region8	Cerebellar_Region9	Cerebellar_Region10
LH_Vis_1	1.0	0.2222747653722763	0.33453530073165894	-0.13218681514263153	-0.09355369955301285	0.19242115318775177	0.14599668979644775	0.0010832621483132243	0.22886039316654205	0.4501399099826813	0.4623265862464905	0.559387743473053	0.5085037350654602	0.4365161061286926	0.44743290543556213	0.22393400967121124	0.31868958473205566	0.08251279592514038	0.3959057927131653	-0.0071133640594780445	0.27777671813964844	0.5135065317153931	0.4943124055862427	0.44873979687690735	0.4288409650325775	0.5321645140647888	0.32878637313842773	0.5395220518112183	0.5644171833992004	0.6155322790145874	0.014875596389174461	0.31775546073913574	0.3154486119747162	0.10239090770483017	0.3456185758113861	-0.05609999969601631	0.05471731722354889	0.4290086627006531	0.5014314651489258	0.3330570161342621	0.08236723393201828	0.32031822204589844	0.028223693370819092	0.06362882256507874	-0.372114896774292	0.354397177696228	0.571729838848114	0.41385942697525024	0.4050026535987854	0.13963021337985992	0.41519027948379517	0.2902776300907135	0.08198396116495132	-0.12146858125925064	-0.022093607112765312	0.32834306359291077	-0.17367401719093323	-0.0015996936708688736	0.3471709191799164	0.3168274164199829	0.40053561329841614	0.4704621136188507	0.2693169414997101	0.10054753720760345	0.11948559433221817	0.34894418716430664	-0.15292240679264069	0.1406695544719696	0.10261202603578568	0.013632583431899548	-0.001832758542150259	0.3252181112766266	0.13915151357650757	0.03688817471265793	0.19946889579296112	0.1787406951189041	0.07831235229969025	0.5326882600784302	-0.10409905761480331	0.23645193874835968	-0.08798683434724808	-0.31888288259506226	-0.517219603061676	0.049874551594257355	0.03690773621201515	-0.0953715443611145	-0.23942476511001587	0.18872611224651337	-0.16381999850273132	-0.2784743309020996	-0.07391365617513657	0.16891418397426605	0.24222347140312195	0.0414268858730793	0.0059290616773068905	-0.06996814161539078	0.16852177679538727	-0.10091741383075714	0.46014440059661865	-0.19518178701400757	0.48056116700172424	0.23953111469745636	0.07220196723937988	-0.16891519725322723	0.10158994793891907	0.288534551858902	0.22738943994045258	-0.13467757403850555	-0.015153179876506329	-0.1421559900045395	0.07061406970024109	0.2711869180202484	0.09459424763917923	0.18703299760818481	0.37382909655570984	0.17980019748210907	0.05355139076709747	0.06117882579565048	0.09826306998729706	0.14056897163391113	0.027361402288079262	-0.10710680484771729	-0.015116678550839424	0.08318687975406647	0.2873225510120392	0.3357274830341339	-0.24429501593112946	-0.22128251194953918	0.22143855690956116	-0.04065116494894028	0.4568862020969391	0.5107212066650391	0.6191331744194031	0.4143507182598114	0.3444884419441223	0.10329114645719528	-0.14709411561489105	0.2878604531288147	0.23595333099365234	0.3242103159427643	0.040088023990392685	0.302700400352478	0.3005959093570709	0.21498388051986694	0.21377108991146088	0.18241922557353973	0.17451585829257965	0.25468313694000244	0.04642278328537941	-0.05045703798532486	-0.055639371275901794	-0.024784397333860397	-0.07340177893638611	0.013530539348721504	0.08935994654893875	0.10195755213499069
LH_Vis_2	0.2222747653722763	1.0	0.8159685730934143	0.3230936527252197	0.48788750171661377	0.5121387839317322	0.5082064270973206	0.44755688309669495	0.6566334962844849	0.4815506041049957	0.5509553551673889	0.3937191963195801	-0.012571893632411957	0.15512874722480774	-0.017990663647651672	0.7785727977752686	0.2134794145822525	-0.0037769495975226164	0.24738913774490356	-0.30590304732322693	-0.1658811718225479	0.15276791155338287	-0.1499313861131668	0.6215554475784302	0.3798404037952423	0.5471763610839844	-0.22679097950458527	0.2211550772190094	0.01919558271765709	-0.03892574831843376	-0.3401760756969452	-0.22731749713420868	-0.15594105422496796	0.24107182025909424	0.12344637513160706	0.3069867193698883	0.02617698721587658	0.10105776786804199	0.6269029974937439	0.6047725677490234	0.25250357389450073	0.31265920400619507	0.09990979731082916	0.4030723571777344	-0.03973187133669853	-0.2706332802772522	0.07208899408578873	-0.44066688418388367	0.5984677672386169	0.27106937766075134	0.37021076679229736	0.6559711694717407	0.6187624931335449	0.5309320092201233	0.23754152655601501	0.6709879636764526	0.2512897551059723	0.595465898513794	0.35230156779289246	0.3756357431411743	0.06663668900728226	0.029062846675515175	-0.4870253801345825	0.03190561756491661	-0.15293075144290924	-0.2004861682653427	0.2855869233608246	0.16034771502017975	-0.01238117553293705	0.000888013863004744	-0.528758704662323	-0.022367386147379875	-0.4609024226665497	0.4746442437171936	0.28403857350349426	0.2977757751941681	-0.2452503740787506	-0.11888748407363892	-0.33621513843536377	-0.22431263327598572	-0.18945671617984772	0.06450360268354416	-0.004775442183017731	0.009710528887808323	-0.11451336741447449	-0.28234344720840454	-0.3215855062007904	-0.03104829229414463	-0.1468956172466278	0.27825456857681274	-0.1741165816783905	0.1745271235704422	0.5400055646896362	0.12750288844108582	0.10338287800550461	0.28404945135116577	-0.34158146381378174	-0.7381976842880249	0.5574445128440857	0.19253009557724	0.6001001000404358	0.37765195965766907	0.23624037206172943	0.371622771024704	0.281376451253891	-0.03898121416568756	0.31165528297424316	0.15284526348114014	0.0218866728246212	-0.09692349284887314	0.21521954238414764	0.1368887573480606	-0.18185913562774658	0.12410466372966766	0.3815792500972748	0.33468371629714966	0.08076968789100647	0.18368315696716309	-0.026890629902482033	-0.0007169626769609749	0.11662553250789642	0.4808034300804138	0.1668991893529892	0.2251882404088974	0.5367253422737122	-0.07527098059654236	-0.12795023620128632	-0.18477827310562134	0.3404988646507263	0.18639732897281647	0.3163660764694214	0.2625354826450348	0.4616582691669464	0.35358235239982605	0.022476430982351303	0.5402268171310425	0.11293777078390121	0.3132792115211487	0.28373289108276367	0.45412686467170715	-0.0714937224984169	0.11485079675912857	-0.05111752822995186	-0.21595121920108795	0.02570044994354248	0.27057597041130066	0.09966625273227692	0.033881861716508865	0.09109892696142197	-0.36666470766067505	-0.3912331163883209	-0.06218107044696808	-0.20953309535980225	-0.346332848072052	-0.3554854094982147	-0.3811384439468384
LH_Vis_3	0.33453530073165894	0.8159685730934143	1.0	0.3383604884147644	0.4635285437107086	0.5878454446792603	0.43581026792526245	0.4691150486469269	0.645249605178833	0.5387194156646729	0.42532822489738464	0.4846949577331543	0.044277165085077286	0.04941829666495323	-0.037712279707193375	0.7293214201927185	0.2489764541387558	0.028977157548069954	0.13727839291095734	-0.1944572478532791	-0.260547012090683	0.27273029088974	-0.03301847726106644	0.4748211205005646	0.28787124156951904	0.6906471252441406	0.03478628396987915	0.24942174553871155	0.18851470947265625	0.09877323359251022	-0.24987901747226715	-0.1975165456533432	-0.1879865527153015	0.23312342166900635	0.27582284808158875	0.2985580861568451	0.2621752917766571	-0.04450010135769844	0.5507082343101501	0.5111051797866821	0.140565887093544	0.21738067269325256	0.08558206260204315	0.3267538249492645	-0.11404969543218613	-0.11519487202167511	0.1260150969028473	-0.27894335985183716	0.6722373366355896	0.25005173683166504	0.26326578855514526	0.5410478115081787	0.4668812155723572	0.440398633480072	0.30394548177719116	0.7633134126663208	0.29024630784988403	0.6086135506629944	0.36202821135520935	0.20232681930065155	0.08711713552474976	0.056162819266319275	-0.3807855248451233	-0.09812242537736893	-0.15172486007213593	-0.23876456916332245	0.14442449808120728	0.03705158829689026	0.06323491036891937	0.19300861656665802	-0.4052894115447998	0.16099698841571808	-0.044163648039102554	0.2907167673110962	0.35770249366760254	0.22690638899803162	-0.012991975992918015	0.12349097430706024	-0.29702281951904297	-0.24055898189544678	-0.339032918214798	-0.18413829803466797	-0.17569223046302795	0.13228680193424225	0.10322194546461105	-0.18852344155311584	-0.26709696650505066	-0.04806479439139366	-0.030292624607682228	0.051710862666368484	-0.18349690735340118	0.11678938567638397	0.40211260318756104	0.09384240210056305	0.14999696612358093	0.15866655111312866	-0.1155729591846466	-0.502011239528656	0.5706046223640442	0.17902269959449768	0.42262032628059387	0.27462294697761536	0.09010383486747742	0.3452606499195099	-0.009647564962506294	-0.06149014085531235	0.381098210811615	0.3509798049926758	-0.030418653041124344	-0.18127986788749695	0.3243617117404938	0.07541637867689133	-0.3241712749004364	0.2626078128814697	0.24925795197486877	0.2389141023159027	-0.06145823746919632	0.04207056015729904	-0.20316217839717865	-0.09760385006666183	0.20422036945819855	0.4865592122077942	0.14161324501037598	0.23951616883277893	0.3895043432712555	0.1036825180053711	-0.4104595184326172	-0.3228673040866852	0.2061862051486969	-0.07513058930635452	0.13069090247154236	0.14537163078784943	0.3039178252220154	0.31251010298728943	-0.11809181421995163	0.40953534841537476	-0.16612353920936584	0.14043663442134857	0.14929285645484924	0.25988125801086426	-0.20716585218906403	-0.07566973567008972	-0.2765727639198303	-0.3044726252555847	0.00010620419925544411	0.038864169269800186	0.03545621782541275	-0.009552166797220707	0.12577399611473083	-0.45585304498672485	-0.43459177017211914	-0.15206080675125122	-0.1701749563217163	-0.2470014989376068	-0.3682797849178314	-0.4318663477897644
LH_Vis_4	-0.13218681514263153	0.3230936527252197	0.3383604884147644	1.0	0.47453662753105164	0.18340200185775757	0.7382169365882874	0.7586588263511658	0.39911699295043945	0.2239779680967331	-0.013842393644154072	0.2673426568508148	0.2210754156112671	0.04271681606769562	0.001500281156040728	0.6058734655380249	0.2451968938112259	0.49321144819259644	0.3284773826599121	0.29922768473625183	0.09104281663894653	0.20914407074451447	0.039108745753765106	0.06665247678756714	0.04691360890865326	0.22775940597057343	0.20797079801559448	-0.16378217935562134	0.2687644362449646	-0.08860369026660919	0.06011427566409111	-0.22028596699237823	0.2679598033428192	0.6389694809913635	0.3469586968421936	0.4596306383609772	0.46466171741485596	0.02297399193048477	0.3173869848251343	0.3739953935146332	0.5953623056411743	-0.20335878431797028	0.3457695543766022	0.16604608297348022	0.5049033164978027	0.2260206639766693	0.19063372910022736	-0.24012018740177155	0.4764382243156433	0.5863288640975952	-0.48798391222953796	-0.3479335308074951	-0.22312310338020325	0.603530764579773	0.17085358500480652	-0.08741026371717453	0.4005628526210785	0.343861848115921	-0.34620141983032227	-0.5469989776611328	-0.4778141379356384	-0.2194303423166275	-0.6318061947822571	-0.6777793169021606	-0.22204060852527618	-0.47433438897132874	-0.16933761537075043	-0.4784701466560364	-0.17588037252426147	0.2473146766424179	0.008728370070457458	-0.289223849773407	-0.008613201789557934	-0.39585936069488525	-0.5001543164253235	-0.40370115637779236	-0.2633252441883087	0.02752772904932499	-0.04795786365866661	-0.08199725300073624	-0.5118639469146729	-0.2210317850112915	0.04421520233154297	0.05008939281105995	0.2627232074737549	-0.20578570663928986	0.16396699845790863	-0.3215691149234772	0.1841723918914795	-0.41705065965652466	-0.4516584277153015	-0.37323230504989624	-0.4010615944862366	-0.26141366362571716	0.015545970760285854	-0.045539140701293945	0.21848495304584503	-0.25868290662765503	0.020204391330480576	0.2570686340332031	-0.28532227873802185	-0.14843782782554626	-0.5697142481803894	-0.36212897300720215	-0.5583857893943787	-0.016026705503463745	0.12121051549911499	0.28605589270591736	-0.028481323271989822	-0.21525652706623077	0.012983390130102634	0.2732233703136444	-0.38798031210899353	0.39722320437431335	-0.558574914932251	-0.21893125772476196	-0.6178784370422363	-0.43657174706459045	-0.6567363739013672	-0.20274290442466736	0.331572026014328	0.20784810185432434	0.3911307454109192	0.24373941123485565	-0.14578185975551605	0.2962318956851959	-0.25257885456085205	-0.03325508534908295	-0.11457239836454391	-0.6110087037086487	-0.39301279187202454	-0.20860397815704346	-0.3232811391353607	0.09026549756526947	-0.2719946801662445	-0.027600066736340523	-0.6090534925460815	-0.531962513923645	-0.6375214457511902	-0.26212865114212036	-0.6836393475532532	-0.39880093932151794	-0.36776331067085266	-0.2299303412437439	-0.2625991106033325	-0.5910398960113525	-0.4692634344100952	-0.37935999035835266	-0.28137630224227905	-0.6308589577674866	-0.6472413539886475	-0.5951231718063354	-0.43676629662513733	-0.30569523572921753	-0.4463956356048584	-0.5207964777946472
LH_Vis_5	-0.09355369955301285	0.48788750171661377	0.4635285437107086	0.47453662753105164	1.0	0.8339001536369324	0.3674682378768921	0.5049288272857666	0.4761921763420105	0.022941479459404945	0.13251440227031708	-0.0759173184633255	-0.26960867643356323	-0.11426497995853424	-0.10693633556365967	0.4798300564289093	0.13883697986602783	0.22522962093353271	-0.06535084545612335	0.18477539718151093	-0.26362234354019165	-0.057589706033468246	-0.046888820827007294	0.09964073449373245	0.007440129294991493	0.24165068566799164	-0.11016281694173813	-0.0999070256948471	0.09551107883453369	-0.3177778422832489	-0.36601337790489197	-0.4994797110557556	-0.1103728637099266	0.39949139952659607	-0.008344188332557678	0.41257500648498535	0.08089582622051239	-0.10866594314575195	0.18218638002872467	0.20177385210990906	0.3037264049053192	-0.3324737548828125	-0.15756185352802277	-0.010039621964097023	-0.05560995265841484	-0.2361748367547989	-0.11006622761487961	-0.4604692757129669	0.26084423065185547	0.24079151451587677	-0.26170194149017334	0.06098287180066109	0.06823650002479553	0.6790101528167725	0.8836473226547241	0.4002423882484436	0.470503568649292	0.5124217867851257	-0.21109649538993835	-0.28271886706352234	-0.511970043182373	-0.4071168303489685	-0.6246119737625122	-0.46526744961738586	-0.08860483765602112	-0.30156105756759644	0.14609025418758392	-0.29711589217185974	-0.25681254267692566	0.35759106278419495	-0.010637953877449036	-0.13033369183540344	-0.20272162556648254	0.12031985074281693	-0.05956026166677475	-0.1178363561630249	-0.031825240701436996	-0.12006192654371262	-0.4286649525165558	-0.22144268453121185	-0.44112733006477356	-0.01138873491436243	-0.17418357729911804	-0.07953031361103058	0.12214715778827667	-0.17064319550991058	-0.25006386637687683	-0.15582436323165894	0.16145791113376617	0.12138140946626663	-0.4235888123512268	-0.3425446152687073	-0.10847838968038559	-0.2545197308063507	-0.3791881501674652	-0.09563320130109787	-0.04204863682389259	-0.48601120710372925	0.013116462156176567	0.5223691463470459	0.14677035808563232	-0.16718840599060059	-0.2282492071390152	0.18431144952774048	-0.07635212689638138	0.29029715061187744	0.12126363813877106	0.056937430053949356	-0.2829158306121826	0.18467149138450623	0.0010239138500764966	-0.06181114912033081	0.06226086989045143	-0.2138097584247589	-0.11499565094709396	-0.023533880710601807	-0.27533450722694397	-0.1132882609963417	-0.3383522629737854	0.1621905416250229	0.09490247815847397	0.1592700332403183	0.0513097308576107	0.5720666646957397	0.13489015400409698	0.27414020895957947	-0.08758468180894852	-0.06433062255382538	0.2949109971523285	-0.045511383563280106	-0.15088334679603577	0.1977357417345047	-0.11102388054132462	0.05114534869790077	-0.342329740524292	0.11776897311210632	-0.10559398680925369	0.09752392768859863	0.0888679251074791	0.14349204301834106	-0.24819956719875336	0.05010228976607323	-0.38156694173812866	-0.24336101114749908	-0.5016888380050659	-0.2912517488002777	0.05481512099504471	0.1225060299038887	0.13625478744506836	-0.36267799139022827	-0.5159786343574524	-0.15412366390228271	-0.2031354457139969	-0.2293681502342224	-0.5162143707275391	-0.4452376067638397
LH_Vis_6	0.19242115318775177	0.5121387839317322	0.5878454446792603	0.18340200185775757	0.8339001536369324	1.0	0.3449576199054718	0.4521944522857666	0.6427336931228638	0.1893884390592575	0.36541154980659485	0.0693952888250351	-0.14339525997638702	0.06940296292304993	0.06603158265352249	0.38119250535964966	0.23372071981430054	0.19845817983150482	-0.00220881006680429	0.08624263107776642	-0.16403408348560333	0.03649183735251427	0.1277666836977005	0.3632793724536896	0.21542392671108246	0.3208168148994446	-0.16207976639270782	0.06498507410287857	0.15899446606636047	-0.11061976104974747	-0.28548064827919006	-0.2255411595106125	-0.11110377311706543	0.27584895491600037	-0.01725802943110466	0.37492635846138	-0.03228690102696419	0.0867660790681839	0.32268381118774414	0.3181757628917694	0.27108874917030334	-0.040962059050798416	-0.13337521255016327	0.08280906081199646	-0.19703800976276398	-0.21813958883285522	0.014012956991791725	-0.3329671621322632	0.3959622085094452	0.23911868035793304	0.026478979736566544	0.22583980858325958	0.1562265306711197	0.3838672935962677	0.8487158417701721	0.6683810353279114	0.38527753949165344	0.6007859706878662	-0.04830044507980347	-0.027779435738921165	-0.27310001850128174	-0.2356368601322174	-0.36129528284072876	-0.23523858189582825	0.06267928332090378	-0.06470262259244919	0.21983644366264343	-0.07124195992946625	-0.1691572666168213	0.3781212866306305	-0.029612058773636818	-0.010226871818304062	-0.19819581508636475	0.2064988762140274	0.10351613909006119	0.06820499897003174	0.15137937664985657	-0.042423065751791	-0.4181992709636688	-0.0831814631819725	-0.45611804723739624	-0.10058396309614182	-0.2604563236236572	-0.18321387469768524	-0.05539080128073692	-0.3136475384235382	-0.43315640091896057	-0.08612706512212753	0.1130940318107605	0.18889012932777405	-0.38520675897598267	-0.1036936491727829	0.05807001516222954	-0.113676056265831	-0.3198043406009674	-0.030997509136795998	-0.2026824802160263	-0.5397090315818787	0.21358434855937958	0.47043222188949585	0.4258342981338501	-0.07273364812135696	-0.09723068028688431	0.24552911520004272	0.14067256450653076	0.32063084840774536	0.08779759705066681	-0.1483827829360962	-0.16800804436206818	0.22889107465744019	0.03778289631009102	-0.15518248081207275	0.17039290070533752	-0.2975700795650482	0.08095825463533401	0.06835880875587463	-0.15990853309631348	0.06041213497519493	-0.24629426002502441	0.07592256367206573	-0.04445835202932358	0.06402695178985596	-0.12015384435653687	0.4714573323726654	0.2578577399253845	0.13058720529079437	-0.16835486888885498	-0.023419078439474106	0.3558722734451294	0.17436763644218445	0.10023282468318939	0.4236985445022583	0.15422320365905762	0.0878569707274437	-0.12274501472711563	0.2907581329345703	0.01438459474593401	0.3474809229373932	0.3629978597164154	0.36270415782928467	-0.14739707112312317	0.24416448175907135	-0.18102385103702545	-0.21328258514404297	-0.3577548861503601	-0.07786839455366135	0.09586527943611145	0.1971840113401413	0.10643468797206879	-0.28791263699531555	-0.46667730808258057	-0.07927856594324112	-0.20627416670322418	-0.2541758120059967	-0.5037577152252197	-0.4443496763706207
LH_Vis_7	0.14599668979644775	0.5082064270973206	0.43581026792526245	0.7382169365882874	0.3674682378768921	0.3449576199054718	1.0	0.8639264702796936	0.7421823740005493	0.5062537789344788	0.44034552574157715	0.5174147486686707	0.4488231837749481	0.38859808444976807	0.25666704773902893	0.6778076887130737	0.4376954436302185	0.5568104982376099	0.5394628047943115	0.22505225241184235	0.27887046337127686	0.27548497915267944	0.1702563762664795	0.5337487459182739	0.39471662044525146	0.341500848531723	-0.050759363919496536	-0.0557258240878582	0.41344404220581055	0.08189813792705536	0.029104083776474	0.04979678988456726	0.3199765384197235	0.6636393666267395	0.21841254830360413	0.5796047449111938	0.23308908939361572	0.42929014563560486	0.654444694519043	0.7455574870109558	0.7855156064033508	0.1753547340631485	0.31314516067504883	0.31087109446525574	0.3191923499107361	0.14304868876934052	0.3150390386581421	-0.3195110559463501	0.5787398815155029	0.7777881622314453	-0.14766435325145721	-0.15213920176029205	-0.1367555856704712	0.33213546872138977	0.10602255165576935	0.1351919323205948	0.29142284393310547	0.5019007921218872	-0.19846241176128387	-0.177108496427536	-0.19884346425533295	0.04454457014799118	-0.42320653796195984	-0.507857620716095	-0.20351563394069672	-0.25796857476234436	-0.10033608227968216	-0.20588214695453644	-0.24239367246627808	0.15237028896808624	-0.12098494917154312	-0.2936774790287018	-0.23478171229362488	-0.23228029906749725	-0.4603450298309326	-0.12320633232593536	-0.2535865902900696	-0.010592765174806118	-0.130190908908844	0.1808725893497467	-0.5560269951820374	-0.1953505128622055	-0.10262200981378555	-0.1609971672296524	-0.050736431032419205	-0.5069671273231506	-0.09893515706062317	-0.266012966632843	0.25346922874450684	-0.26324668526649475	-0.4488850235939026	-0.04708659276366234	-0.1939837634563446	-0.13858254253864288	0.023012466728687286	0.07076766341924667	-0.06281256675720215	-0.5687442421913147	0.22097288072109222	0.30380064249038696	0.05204683542251587	0.009550466202199459	-0.36323851346969604	-0.33652761578559875	-0.25580328702926636	0.14832507073879242	0.07025976479053497	-0.02628467231988907	0.15136195719242096	-0.046479661017656326	0.02664675936102867	0.30640286207199097	-0.25490811467170715	0.4633503258228302	-0.3818281888961792	-0.06404644250869751	-0.3808765411376953	-0.23675549030303955	-0.5454762578010559	-0.21084143221378326	0.14080668985843658	0.11144565045833588	0.27579039335250854	0.18637777864933014	0.11601631343364716	0.18987694382667542	-0.2623080313205719	-0.006167468149214983	-0.04907827079296112	-0.28122106194496155	0.07167023420333862	0.12353768199682236	0.11983930319547653	0.31424620747566223	0.2107994705438614	0.1864945888519287	-0.37518882751464844	-0.2484324723482132	-0.3706849217414856	0.028462491929531097	-0.5617853403091431	-0.008668060414493084	-0.0450124517083168	-0.17746178805828094	-0.09679554402828217	-0.21482716500759125	-0.5175870060920715	-0.38055965304374695	-0.5064051151275635	-0.6324827671051025	-0.7356758713722229	-0.6394445300102234	-0.661835789680481	-0.4941033124923706	-0.5110651254653931	-0.5510410070419312
LH_Vis_8	0.0010832621483132243	0.44755688309669495	0.4691150486469269	0.7586588263511658	0.5049288272857666	0.4521944522857666	0.8639264702796936	1.0	0.784763753414154	0.3766581416130066	0.3039422631263733	0.37366417050361633	0.29447469115257263	0.3242698013782501	0.20964954793453217	0.6007611751556396	0.4510357677936554	0.6585659384727478	0.43637415766716003	0.27784278988838196	0.15511789917945862	0.2127363234758377	0.2756517231464386	0.38462045788764954	0.3418915569782257	0.27929046750068665	0.09077280014753342	-0.13997699320316315	0.33477047085762024	0.005319866817444563	0.1479482352733612	0.07420170307159424	0.2416973114013672	0.618959367275238	0.17373394966125488	0.6497134566307068	0.32525524497032166	0.16307421028614044	0.4540417194366455	0.5288788676261902	0.698552131652832	0.03909861668944359	0.2547221779823303	0.2888247072696686	0.32581546902656555	0.12440665066242218	0.1835649311542511	-0.30026575922966003	0.4676973819732666	0.6853017807006836	-0.27694612741470337	-0.2474248856306076	-0.09359842538833618	0.4955942928791046	0.31666454672813416	0.19101156294345856	0.6461913585662842	0.7222744822502136	-0.2981570065021515	-0.36869898438453674	-0.35593733191490173	-0.1452668011188507	-0.5175036787986755	-0.5105522871017456	-0.09055804461240768	-0.29996803402900696	0.09990423172712326	-0.09993689507246017	-0.002252447186037898	0.45393577218055725	0.0004861164779867977	-0.16680565476417542	-0.07598139345645905	-0.20392140746116638	-0.3898867666721344	-0.09962397813796997	0.03065619431436062	0.00584578700363636	0.018762296065688133	0.19297780096530914	-0.6040100455284119	-0.20363794267177582	-0.0551014170050621	-0.15779876708984375	0.06363847851753235	-0.37855207920074463	0.0033907319884747267	-0.2549223303794861	0.4233029782772064	-0.12913797795772552	-0.5519956946372986	-0.1093660295009613	-0.3013105094432831	-0.13105078041553497	0.03936212137341499	0.08946957439184189	0.030804377049207687	-0.4204811155796051	0.05236838385462761	0.5111922025680542	0.011690271086990833	-0.07618764787912369	-0.5092371702194214	-0.2880280017852783	-0.3419226109981537	0.12070534378290176	-0.0506790354847908	-0.14105822145938873	0.14113587141036987	-0.09071046859025955	0.13097213208675385	0.09309667348861694	-0.2345668375492096	0.1995566487312317	-0.508880078792572	-0.061222247779369354	-0.49309390783309937	-0.32675063610076904	-0.7331231236457825	-0.26694363355636597	-0.01915246620774269	0.020742284134030342	0.01743198186159134	0.2501305639743805	0.12384555488824844	0.11235392838716507	-0.2360881119966507	0.10645844042301178	-0.15026269853115082	-0.27300330996513367	-0.1118072122335434	0.0679394006729126	-0.10050683468580246	0.01424691453576088	-0.02147403173148632	0.22458909451961517	-0.44387927651405334	-0.2218552976846695	-0.3130093216896057	0.04686396196484566	-0.6532491445541382	-0.027175981551408768	-0.2739684581756592	-0.33441242575645447	-0.2983764111995697	-0.26204994320869446	-0.5398218631744385	-0.4458823502063751	-0.5171403288841248	-0.6950161457061768	-0.8194057941436768	-0.6760186553001404	-0.6877607703208923	-0.5915154218673706	-0.6978025436401367	-0.7565799355506897
LH_Vis_9	0.22886039316654205	0.6566334962844849	0.645249605178833	0.39911699295043945	0.4761921763420105	0.6427336931228638	0.7421823740005493	0.784763753414154	1.0	0.38727161288261414	0.5181742310523987	0.3368096649646759	0.12276208400726318	0.2358371913433075	0.11233989894390106	0.5777108669281006	0.3409613072872162	0.3434222638607025	0.2844587564468384	0.06214052066206932	-0.0015254206955432892	0.15864814817905426	0.11769077926874161	0.6314280033111572	0.5228350162506104	0.38720986247062683	-0.24062015116214752	0.023706596344709396	0.2848964035511017	0.038378506898880005	-0.069777712225914	0.12509895861148834	0.0590452179312706	0.47873568534851074	0.09180896729230881	0.7269729375839233	0.11031365394592285	0.3299124240875244	0.5825157165527344	0.6184260249137878	0.5911740660667419	0.3128662705421448	0.21772436797618866	0.36978864669799805	0.1517929881811142	-0.07417380809783936	0.23797427117824554	-0.3192010223865509	0.5960685014724731	0.6269218325614929	0.10541640222072601	0.17024634778499603	0.24990282952785492	0.4120253622531891	0.3669153153896332	0.5763002038002014	0.4822843670845032	0.8397616147994995	-0.0583161823451519	0.026675621047616005	-0.18247538805007935	-0.07374142110347748	-0.3843265175819397	-0.21077726781368256	-0.1419108361005783	-0.14623261988162994	0.2939365804195404	0.051086921244859695	-0.007514161989092827	0.3108186721801758	-0.20425847172737122	-0.17011085152626038	-0.3000749349594116	0.11730929464101791	-0.10508716106414795	0.16036705672740936	0.01792176440358162	-0.06149745732545853	-0.1482124775648117	0.09762034565210342	-0.447386771440506	-0.034500885754823685	-0.07570839673280716	-0.3354455232620239	-0.24914313852787018	-0.4767380654811859	-0.3254008889198303	-0.17078092694282532	0.3442704379558563	0.17160414159297943	-0.47262269258499146	0.13362684845924377	0.0859953835606575	0.0175380427390337	0.02038506045937538	0.17695434391498566	-0.33339375257492065	-0.6531090140342712	0.37171027064323425	0.4958804249763489	0.40887215733528137	0.20565567910671234	-0.12251371890306473	0.09290793538093567	0.07205972075462341	0.0874112918972969	-0.041230905801057816	-0.15313518047332764	0.14152665436267853	0.13590461015701294	0.362685889005661	0.060770947486162186	-0.04954391345381737	0.08847137540578842	-0.04715169966220856	0.22885262966156006	-0.10871580988168716	0.10524975508451462	-0.3761930763721466	-0.0935475304722786	-0.015115812420845032	0.19995738565921783	0.010199394077062607	0.31241434812545776	0.43710532784461975	0.08940412104129791	-0.21586547791957855	0.07013562321662903	0.02881850302219391	0.06713587045669556	0.35902053117752075	0.23810258507728577	0.30636924505233765	0.23107056319713593	0.25963065028190613	0.37960925698280334	-0.042023658752441406	0.2204691618680954	0.09465803951025009	0.3120381832122803	-0.366603821516037	0.19198660552501678	0.06898423284292221	-0.19399607181549072	0.0675615519285202	0.13063327968120575	-0.22302386164665222	-0.23983822762966156	-0.31295350193977356	-0.5054981112480164	-0.6123692393302917	-0.3450714349746704	-0.48951980471611023	-0.45017144083976746	-0.4998549818992615	-0.5742539763450623
LH_SomMot_1	0.4501399099826813	0.4815506041049957	0.5387194156646729	0.2239779680967331	0.022941479459404945	0.1893884390592575	0.5062537789344788	0.3766581416130066	0.38727161288261414	1.0	0.7512242197990417	0.8957083225250244	0.6115040183067322	0.47229161858558655	0.5046617388725281	0.519185483455658	0.6244470477104187	0.1828305721282959	0.5412086248397827	-0.28286322951316833	0.2707270383834839	0.6020599603652954	0.2614043056964874	0.753922164440155	0.5805124640464783	0.7498816251754761	0.22838522493839264	0.5976808071136475	0.3938518464565277	0.5659281015396118	0.3016704022884369	0.32930129766464233	0.016307568177580833	0.2616730332374573	0.42380449175834656	0.03004220500588417	0.2856125831604004	0.3026035726070404	0.6421351432800293	0.6338631510734558	0.24243582785129547	0.6166582703590393	0.44403669238090515	0.6185115575790405	-0.021370554342865944	0.23576177656650543	0.2292916178703308	-0.19417159259319305	0.3496287763118744	0.08941545337438583	0.3983866572380066	0.1717507690191269	0.03982307389378548	-0.079709492623806	-0.1247912272810936	0.28560471534729004	-0.07733068615198135	0.20731624960899353	0.57266765832901	0.4027670919895172	0.46276694536209106	0.5208056569099426	-0.031247103586792946	-0.12446913868188858	-0.11828258633613586	0.11909052729606628	-0.30393555760383606	0.047974467277526855	-0.15635749697685242	-0.19086185097694397	-0.37763381004333496	0.4356291592121124	0.03152457997202873	-0.09461729228496552	0.25473445653915405	0.5145649909973145	-0.017679797485470772	0.45017921924591064	0.177265003323555	0.24233569204807281	-0.2926176190376282	-0.2595333158969879	-0.03199555352330208	0.40336039662361145	0.24200129508972168	0.005588434636592865	0.005699561908841133	0.4368995726108551	-0.14160916209220886	-0.26723241806030273	-0.10384214669466019	0.37623128294944763	0.23807968199253082	0.4569443166255951	0.4670097827911377	0.48269930481910706	0.19498224556446075	-0.34223681688308716	0.24280381202697754	-0.2637452185153961	0.4438619911670685	0.36285626888275146	0.15274262428283691	-0.040719229727983475	-0.12200287729501724	0.10572462528944016	0.34950369596481323	0.049405504018068314	0.22910557687282562	-0.2520054876804352	0.11522926390171051	0.3852904438972473	-0.18264685571193695	0.4773414731025696	0.24314482510089874	0.3622283935546875	0.14295607805252075	-0.20222291350364685	-0.14478269219398499	-0.05387953296303749	0.338712215423584	0.24665075540542603	0.3982788324356079	-0.07275407016277313	0.16808785498142242	0.06838521361351013	-0.20259730517864227	0.004069469403475523	0.015282566659152508	-0.005161869805306196	0.024993183091282845	0.33848682045936584	0.35739371180534363	0.3655705749988556	0.1198132261633873	0.44740962982177734	-0.18968714773654938	0.10125555843114853	0.0035294354893267155	0.2587370276451111	-0.06886577606201172	0.14358386397361755	0.11534635722637177	0.08546268939971924	0.007452642545104027	0.07284904271364212	-0.3162713944911957	-0.20230107009410858	-0.38751572370529175	-0.3524845242500305	-0.47493696212768555	-0.47368568181991577	-0.5245682597160339	-0.4982714354991913	-0.395719438791275	-0.40322211384773254
LH_SomMot_2	0.4623265862464905	0.5509553551673889	0.42532822489738464	-0.013842393644154072	0.13251440227031708	0.36541154980659485	0.44034552574157715	0.3039422631263733	0.5181742310523987	0.7512242197990417	1.0	0.7493582367897034	0.4706113338470459	0.6341137290000916	0.5946989059448242	0.46306857466697693	0.6034460067749023	0.21455100178718567	0.6360111236572266	-0.3408735394477844	0.33864039182662964	0.5405070185661316	0.3146146833896637	0.8651953935623169	0.768108069896698	0.6213594079017639	-0.12098728865385056	0.5475740432739258	0.30485841631889343	0.5318484306335449	0.2198909968137741	0.4440534710884094	0.15728606283664703	0.33473098278045654	0.2821967601776123	0.20080891251564026	-0.010002871043980122	0.552893877029419	0.7617836594581604	0.7331359386444092	0.40806248784065247	0.6949887275695801	0.32075145840644836	0.5455889105796814	-0.12966713309288025	0.08671408146619797	0.3792411684989929	-0.1972893327474594	0.2065301537513733	0.16291409730911255	0.47700023651123047	0.26543211936950684	0.09617213904857635	-0.16299274563789368	0.004491814877837896	0.2968369126319885	-0.15008985996246338	0.2087039053440094	0.3596634268760681	0.5858267545700073	0.39560914039611816	0.4052669107913971	-0.06552387028932571	0.06574887037277222	-0.013326121494174004	0.33214467763900757	-0.11265241354703903	0.2449880987405777	-0.2048823982477188	-0.21184581518173218	-0.4105519652366638	0.22074076533317566	-0.29620540142059326	0.07251064479351044	0.13202179968357086	0.5712878108024597	-0.07986254245042801	0.29196980595588684	0.0528072789311409	0.35741037130355835	-0.33627647161483765	-0.05360402911901474	-0.10997149348258972	-0.007920610718429089	-0.1473308950662613	-0.23537541925907135	-0.27132636308670044	0.3783864676952362	-0.16069260239601135	0.05738050863146782	-0.24752703309059143	0.4737224876880646	0.2947288751602173	0.4090147018432617	0.18575125932693481	0.44210442900657654	-0.1055680438876152	-0.5306503176689148	0.14641974866390228	-0.0691603273153305	0.739128589630127	0.4540666937828064	0.25360843539237976	0.13022668659687042	0.28272002935409546	0.21563878655433655	0.22555769979953766	-0.2601686418056488	0.27735111117362976	-0.0804901123046875	0.18671219050884247	0.31255969405174255	0.148311585187912	0.10661846399307251	0.37882745265960693	0.41970008611679077	0.28768259286880493	0.21059550344944	0.018763894215226173	0.04636293649673462	0.11695868521928787	0.16824938356876373	0.13154050707817078	-0.06543780863285065	0.5187973976135254	-0.007187976036220789	0.004152706824243069	0.17978620529174805	0.20104186236858368	0.34605735540390015	0.49006417393684387	0.719068706035614	0.7142916917800903	0.46886324882507324	0.4789547026157379	0.5564336180686951	0.16398578882217407	0.49259665608406067	0.39814701676368713	0.6328136920928955	0.10974955558776855	0.5367269515991211	0.3144022226333618	0.24432848393917084	0.08532164990901947	0.353562593460083	-0.13303697109222412	-0.013727104291319847	-0.3551434874534607	-0.26177236437797546	-0.47169604897499084	-0.3594163954257965	-0.526459813117981	-0.5340936183929443	-0.4816019535064697	-0.38994503021240234
LH_SomMot_3	0.559387743473053	0.3937191963195801	0.4846949577331543	0.2673426568508148	-0.0759173184633255	0.0693952888250351	0.5174147486686707	0.37366417050361633	0.3368096649646759	0.8957083225250244	0.7493582367897034	1.0	0.7614432573318481	0.6287176012992859	0.5874289274215698	0.5078797340393066	0.5960453152656555	0.26357850432395935	0.7129806280136108	-0.25631627440452576	0.38323378562927246	0.690440833568573	0.37599629163742065	0.6443907022476196	0.5820857286453247	0.7502343058586121	0.36332347989082336	0.5877544283866882	0.4562312364578247	0.6935463547706604	0.3497828543186188	0.4230523407459259	0.20705130696296692	0.30671218037605286	0.5349171161651611	0.020540354773402214	0.2845280170440674	0.40486520528793335	0.7370579242706299	0.6941227316856384	0.31089499592781067	0.568897008895874	0.44208985567092896	0.5505018830299377	-0.02407604642212391	0.4199628531932831	0.46410003304481506	-0.027910621836781502	0.3718253970146179	0.21295727789402008	0.3253902494907379	0.09424767643213272	-0.08638903498649597	-0.14127571880817413	-0.2644052803516388	0.16456058621406555	-0.16821736097335815	0.047592177987098694	0.42438623309135437	0.37811920046806335	0.5200346112251282	0.627714216709137	-0.017481010407209396	-0.1528492122888565	-0.10982884466648102	0.13682109117507935	-0.4290703535079956	0.08781981468200684	-0.10306588560342789	-0.22798773646354675	-0.37781551480293274	0.36180776357650757	0.09772283583879471	-0.19666771590709686	0.07973165065050125	0.4002877175807953	-0.15735335648059845	0.556847870349884	0.1911127269268036	0.3593297302722931	-0.40154609084129333	-0.4353432357311249	-0.1631319522857666	0.3455805480480194	0.28193461894989014	-0.07675021886825562	-0.007487207185477018	0.34444114565849304	-0.21594810485839844	-0.44450175762176514	-0.16345132887363434	0.3912600576877594	0.1629258543252945	0.36958277225494385	0.4114353656768799	0.378659188747406	0.3178573250770569	-0.2602648437023163	0.250381201505661	-0.33677321672439575	0.3551942706108093	0.360728919506073	0.044411227107048035	-0.21929104626178741	-0.20187270641326904	0.11749666184186935	0.40270891785621643	0.07819391787052155	0.24145111441612244	-0.45398449897766113	0.07479460537433624	0.5307131409645081	-0.2576514184474945	0.5531306862831116	0.14854468405246735	0.2647862434387207	0.033083800226449966	-0.22319354116916656	-0.19146952033042908	-0.08851373940706253	0.3559083044528961	0.20814406871795654	0.3504599630832672	-0.2092762440443039	0.18365082144737244	0.17953751981258392	-0.2760632634162903	-0.0933283343911171	-0.006507186684757471	-0.16718672215938568	0.11683151125907898	0.4070672392845154	0.45009127259254456	0.5152775049209595	0.2585349380970001	0.3610408902168274	-0.3058885335922241	-0.006432498339563608	-0.06776245683431625	0.22695687413215637	-0.1018640324473381	0.10328828543424606	0.07738654315471649	0.19073189795017242	0.07066868245601654	0.07376215606927872	-0.377049058675766	-0.23093806207180023	-0.44804853200912476	-0.44872382283210754	-0.5170910358428955	-0.5892390608787537	-0.5780489444732666	-0.4896438419818878	-0.3666011393070221	-0.3703896999359131
