Node	DMN_LABEL_1	Vis_LABEL_2	FP_LABEL_3	Aud_LABEL_4	Tpole_LABEL_5	PMN_LABEL_6	PON_LABEL_7	MTL_LABEL_8	PON_LABEL_9	CO_LABEL_10	Sal_LABEL_11	CO_LABEL_12	SMd_LABEL_13	SMl_LABEL_14	DAN_LABEL_15	DMN_LABEL_16	CO_LABEL_17	DMN_LABEL_18	VAN_LABEL_19	CO_LABEL_20	CO_LABEL_21	Sal_LABEL_22	DAN_LABEL_23	PMN_LABEL_24	DAN_LABEL_25	DMN_LABEL_26	DMN_LABEL_27	DMN_LABEL_28	Vis_LABEL_29	FP_LABEL_30	Aud_LABEL_31	Tpole_LABEL_32	PMN_LABEL_33	PON_LABEL_34	MTL_LABEL_35	CO_LABEL_36	Sal_LABEL_37	CO_LABEL_38	SMd_LABEL_39	SMl_LABEL_40	DAN_LABEL_41	CO_LABEL_42	VAN_LABEL_43	CO_LABEL_44	CO_LABEL_45	Sal_LABEL_46	DAN_LABEL_47	PMN_LABEL_48	DAN_LABEL_49	DMN_LABEL_50	FP_LABEL_51	DMN_LABEL_52	DMN_LABEL_53	PON_LABEL_54	DMN_LABEL_55	Tpole_LABEL_56	Tpole_LABEL_57	Sal_LABEL_58	Sal_LABEL_59	SMd_LABEL_60	DAN_LABEL_61	FP_LABEL_62	DMN_LABEL_63	FP_LABEL_64	FP_LABEL_65	SMd_LABEL_66	SMl_LABEL_67	SMd_LABEL_68	DMN_LABEL_69	DAN_LABEL_70	DMN_LABEL_71	FP_LABEL_72	SMd_LABEL_73	SMl_LABEL_74	MTL_LABEL_75	MTL_LABEL_76	CO_LABEL_77	CO_LABEL_78	Vis_LABEL_79	Vis_LABEL_80
DMN_LABEL_1	1.0	-0.17672987282276154	-0.17878781259059906	0.03704608231782913	0.3585020899772644	-0.0029135923832654953	0.26380541920661926	n/a	-0.03453749790787697	-0.15166129171848297	0.001230848953127861	-0.21968138217926025	0.03546389564871788	-0.05670825019478798	-0.13404546678066254	0.4873042702674866	-0.30857962369918823	0.5528752207756042	0.38779768347740173	-0.32984599471092224	-0.1045120358467102	-0.2115020453929901	0.23777107894420624	-0.01752988062798977	0.05467614158987999	-0.18797063827514648	0.33313703536987305	0.4195092022418976	-0.013676518574357033	-0.21221576631069183	0.2640535235404968	0.39634373784065247	-0.03104635886847973	0.322625994682312	n/a	0.10021424293518066	0.028913775458931923	0.1383107453584671	0.23827441036701202	0.14735262095928192	0.047234855592250824	0.018368156626820564	0.403438925743103	0.2317953109741211	0.19692698121070862	0.17231373488903046	0.31577080488204956	0.009214797057211399	0.19313016533851624	0.38907358050346375	-0.10250694304704666	-0.07777740061283112	0.11064320057630539	-0.08891656249761581	0.12971346080303192	0.3094179630279541	0.3642379641532898	0.04410041496157646	0.25115615129470825	-0.001214945106767118	-0.0054292455315589905	-0.23975665867328644	-0.033861320465803146	-0.33165478706359863	0.16637806594371796	0.22134731709957123	-0.11145241558551788	-0.14181926846504211	-0.3449622094631195	-0.1312362402677536	-0.20311035215854645	-0.2490934580564499	0.03893560916185379	-0.10718946158885956	0.34220677614212036	0.2500140070915222	-0.08942607045173645	0.204549178481102	-0.23336872458457947	-0.056268688291311264
Vis_LABEL_2	-0.17672987282276154	1.0	-0.032701581716537476	0.16152255237102509	0.14391587674617767	0.26852333545684814	0.28155335783958435	n/a	0.3645206391811371	0.08758782595396042	0.3403664529323578	-0.1603042632341385	-0.1643681526184082	-0.22406892478466034	0.17130902409553528	-0.08507224172353745	0.07401766628026962	-0.19792819023132324	-0.24617254734039307	0.045404016971588135	0.04320618510246277	0.24553132057189941	-0.28773775696754456	0.23592053353786469	-0.038835953921079636	-0.14893069863319397	-0.19858236610889435	-0.14835287630558014	0.8990265130996704	0.023299075663089752	0.119660384953022	0.114231176674366	0.2668991684913635	0.23183798789978027	n/a	-0.18263153731822968	-0.05069096386432648	-0.5312615036964417	-0.04436154663562775	-0.18668635189533234	0.30286529660224915	-0.07170020788908005	-0.1585574746131897	0.07162746787071228	-0.11166040599346161	0.3295232653617859	-0.27627792954444885	0.26837262511253357	-0.022124243900179863	0.00704535748809576	0.31920546293258667	0.10778484493494034	-0.04924188181757927	0.39929601550102234	-0.03474964201450348	-0.09559901803731918	0.014042414724826813	0.022368447855114937	-0.2933451235294342	0.2863938808441162	-0.38493257761001587	0.11763433367013931	0.04341685771942139	-0.1743224710226059	0.19012951850891113	-0.13828156888484955	-0.2542552947998047	0.23435093462467194	-0.1946861892938614	-0.028531506657600403	-0.05757148191332817	-0.20202632248401642	-0.1637004315853119	-0.3270341455936432	0.12728571891784668	0.20299667119979858	0.28830239176750183	0.0963687002658844	0.1992684006690979	0.4566219449043274
FP_LABEL_3	-0.17878781259059906	-0.032701581716537476	1.0	-0.2673625946044922	-0.24043509364128113	0.07041310518980026	-0.36758899688720703	n/a	-0.08789357542991638	-0.44654133915901184	-0.2700331211090088	-0.0979430079460144	-0.0836840271949768	0.006589836906641722	0.36585912108421326	0.31801798939704895	0.17929458618164062	0.09188410639762878	-0.2897227704524994	-0.028844870626926422	0.16769975423812866	0.1416008025407791	0.09069404751062393	0.12552392482757568	0.2553005814552307	0.14019708335399628	0.03420809283852577	0.2202724814414978	-0.09576057642698288	0.3943535089492798	-0.1897381991147995	-0.16927866637706757	-0.31908470392227173	-0.30299341678619385	n/a	-0.4064784348011017	-0.2631045877933502	-0.340490460395813	0.01871952787041664	-0.047356780618429184	0.14428481459617615	0.15379808843135834	-0.07154284417629242	0.03750866651535034	-0.26587042212486267	-0.31331634521484375	-0.00830528512597084	-0.12958933413028717	0.13945938646793365	0.1469336599111557	0.15816208720207214	-0.17768441140651703	0.1753176599740982	0.038317229598760605	-0.049374762922525406	-0.005793004762381315	-0.18967413902282715	-0.1835857778787613	-0.12577100098133087	0.32909220457077026	-0.23818905651569366	0.02356197126209736	-0.16911247372627258	-0.05583404749631882	0.26973041892051697	0.09240808337926865	-0.09354596585035324	0.24704396724700928	-0.03816671296954155	-0.07999160140752792	0.12621022760868073	0.15641529858112335	-0.36910247802734375	-0.21864517033100128	-0.08761107921600342	-0.2263493537902832	-0.24235694110393524	-0.2293650358915329	-0.18462035059928894	-0.15090739727020264
Aud_LABEL_4	0.03704608231782913	0.16152255237102509	-0.2673625946044922	1.0	0.3045600354671478	-0.1842936873435974	0.35337191820144653	n/a	0.21140801906585693	0.6256113648414612	0.4449012875556946	0.15438298881053925	0.38499465584754944	0.3918892741203308	-0.0088112223893404	-0.05857103690505028	0.656043291091919	0.09925335645675659	0.45554348826408386	0.35810354351997375	0.5463167428970337	0.2738323509693146	-0.041804566979408264	-0.29411712288856506	0.0744551420211792	-0.2642213702201843	0.03593532741069794	-0.1613127738237381	0.10419107973575592	-0.46738961338996887	0.7866631746292114	0.2386457473039627	-0.040874019265174866	0.259187787771225	n/a	0.46864014863967896	0.20160137116909027	-0.045714251697063446	0.23051637411117554	0.45025670528411865	-0.09964284300804138	0.18914057314395905	0.3905392587184906	0.49751704931259155	0.45643648505210876	0.27912741899490356	0.09053307771682739	-0.2250649780035019	-0.0868421196937561	-0.36993497610092163	-0.3178141713142395	-0.3223579525947571	-0.0933096706867218	0.3657371401786804	-0.3098044693470001	0.18789801001548767	0.11143454164266586	0.3330806493759155	0.3005784749984741	-0.10457705706357956	0.13120727241039276	0.03798311948776245	0.17856375873088837	-0.08889038115739822	-0.019936708733439445	0.1888493299484253	0.3067319095134735	-0.019491413608193398	0.031238732859492302	0.2353234887123108	-0.010751205496490002	-0.04516211524605751	0.48184719681739807	0.5002670288085938	0.14462697505950928	0.4911627173423767	0.28898584842681885	0.38587823510169983	0.20446816086769104	0.2315799444913864
Tpole_LABEL_5	0.3585020899772644	0.14391587674617767	-0.24043509364128113	0.3045600354671478	1.0	-0.08565794676542282	0.3261098861694336	n/a	0.19225554168224335	0.23697957396507263	0.46936264634132385	0.11932568997144699	-0.03830110654234886	0.052634987980127335	-0.11508417129516602	0.3257097005844116	0.15290501713752747	0.3655179738998413	0.2529972791671753	-0.09046587347984314	0.2048533707857132	0.13300152122974396	0.13257509469985962	-0.1127384677529335	0.07172853499650955	-0.5071390867233276	0.36519527435302734	0.322674423456192	0.12199093401432037	-0.12479599565267563	0.2899611294269562	0.8351263403892517	-0.12163005024194717	0.28816577792167664	n/a	0.4347377121448517	0.48727646470069885	0.26851746439933777	0.17744725942611694	0.10875775665044785	0.2132420837879181	0.3056667447090149	0.450214147567749	0.4942000210285187	0.4631194770336151	0.28156113624572754	0.20905785262584686	0.14192494750022888	0.09017989784479141	0.26816993951797485	0.03837249428033829	-0.0804825946688652	0.05306382104754448	0.2727191746234894	0.1738339364528656	0.1871454119682312	0.29514095187187195	0.45264849066734314	0.40944787859916687	0.006967104971408844	0.16463422775268555	-0.04046270623803139	0.037727974355220795	-0.09898480027914047	0.27198487520217896	0.18842384219169617	0.1914505660533905	0.1433437019586563	-0.06554963439702988	-0.07559666037559509	-0.01039490383118391	-0.19300077855587006	0.2465985268354416	0.2464270293712616	0.34431859850883484	0.23803451657295227	0.15785260498523712	0.5611075162887573	0.1583213359117508	0.3300551772117615
PMN_LABEL_6	-0.0029135923832654953	0.26852333545684814	0.07041310518980026	-0.1842936873435974	-0.08565794676542282	1.0	0.05741194635629654	n/a	0.19937115907669067	-0.015265909023582935	0.20367495715618134	-0.13031262159347534	-0.09530419856309891	0.04993307590484619	0.023900626227259636	-0.30281487107276917	-0.1427849680185318	-0.20747512578964233	-0.2731718122959137	0.04330567643046379	-0.17045708000659943	0.21073512732982635	-0.10032880306243896	0.5635024309158325	-0.1335238367319107	0.0760742649435997	0.05566362291574478	-0.04886815324425697	0.26214611530303955	0.0029697339050471783	0.03777476027607918	-0.18245698511600494	0.5692095756530762	0.1788627654314041	n/a	-0.2901720106601715	0.011961433105170727	-0.22816398739814758	0.14111971855163574	-0.014786552637815475	0.00399390421807766	-0.22861385345458984	-0.22519782185554504	-0.1748102754354477	-0.2931066155433655	0.282910019159317	-0.23537658154964447	0.45922261476516724	-0.12343409657478333	-0.04187048226594925	0.07656028866767883	-0.0870467871427536	0.09254694730043411	0.039594873785972595	0.16211290657520294	-0.06116668879985809	0.07310198992490768	-0.12367555499076843	-0.2414393424987793	0.15896856784820557	-0.28046852350234985	0.14503802359104156	-0.03880123794078827	-0.18753550946712494	-0.2965112328529358	0.004587947856634855	-0.2542991638183594	0.4076022505760193	-0.033735014498233795	0.07042873650789261	0.1939873993396759	-0.20403774082660675	-0.37977373600006104	-0.4278053939342499	0.021669212728738785	0.11060881614685059	0.018894096836447716	-0.17629997432231903	0.11648049205541611	-0.08949064463376999
PON_LABEL_7	0.26380541920661926	0.28155335783958435	-0.36758899688720703	0.35337191820144653	0.3261098861694336	0.05741194635629654	1.0	n/a	0.7182703614234924	0.4940450191497803	0.41852882504463196	-0.05592652037739754	-0.014062250033020973	-0.12119998037815094	-0.07182367146015167	0.004565984010696411	0.191987082362175	-0.018877003341913223	0.10626950114965439	0.2527206838130951	0.3662553131580353	0.25768208503723145	-0.09757298231124878	-0.03319428116083145	-0.08965565264225006	-0.17738549411296844	-0.08698994666337967	-0.15651856362819672	0.2114141285419464	-0.3058684766292572	0.3507203757762909	0.1915130317211151	0.07382544130086899	0.9050930142402649	n/a	0.3656037449836731	0.1612565517425537	-0.057440385222435	0.18078309297561646	-0.0561562217772007	0.17200861871242523	0.32226628065109253	0.0983402281999588	0.30516743659973145	0.4525359570980072	0.5165696144104004	-0.036253392696380615	0.2242518812417984	0.054434191435575485	0.1426246017217636	-0.21381518244743347	-0.21088293194770813	0.10136149078607559	0.6167879700660706	-0.12528996169567108	0.3404032588005066	0.20042948424816132	0.2304687201976776	0.19555579125881195	-0.13667592406272888	0.16609027981758118	-0.25965189933776855	-0.07628174871206284	-0.23095066845417023	-0.1296693980693817	0.19152013957500458	-0.11968360841274261	-0.03125132992863655	-0.08158507943153381	-0.03406764194369316	-0.09555674344301224	-0.3760383427143097	0.17712581157684326	-0.02754799835383892	0.3210828900337219	0.37257009744644165	0.2457035481929779	0.25834280252456665	0.13778568804264069	0.37528055906295776
MTL_LABEL_8	n/a	n/a	n/a	n/a	n/a	n/a	n/a	1.0	n/a	n/a	n/a	n/a	n/a	n/a	n/a	n/a	n/a	n/a	n/a	n/a	n/a	n/a	n/a	n/a	n/a	n/a	n/a	n/a	n/a	n/a	n/a	n/a	n/a	n/a	n/a	n/a	n/a	n/a	n/a	n/a	n/a	n/a	n/a	n/a	n/a	n/a	n/a	n/a	n/a	n/a	n/a	n/a	n/a	n/a	n/a	n/a	n/a	n/a	n/a	n/a	n/a	n/a	n/a	n/a	n/a	n/a	n/a	n/a	n/a	n/a	n/a	n/a	n/a	n/a	n/a	n/a	n/a	n/a	n/a	n/a
PON_LABEL_9	-0.03453749790787697	0.3645206391811371	-0.08789357542991638	0.21140801906585693	0.19225554168224335	0.19937115907669067	0.7182703614234924	n/a	1.0	0.2875228822231293	0.47384020686149597	-0.17620451748371124	-0.12200115621089935	-0.26488208770751953	-0.10162510722875595	-0.03530808538198471	0.30682680010795593	-0.22695398330688477	0.04624972119927406	0.3567420542240143	0.4762471616268158	0.5100736618041992	-0.2797457277774811	0.029173608869314194	-0.13089916110038757	0.05131133273243904	-0.325398713350296	-0.28422367572784424	0.2342064529657364	-0.02396632917225361	0.17565493285655975	-0.034772198647260666	0.1586253046989441	0.7289354801177979	n/a	0.14580711722373962	0.13018706440925598	-0.312038391828537	-0.1324741542339325	-0.2809358835220337	0.13220879435539246	0.3291455805301666	0.036288756877183914	0.2701992690563202	0.3249572217464447	0.5513851642608643	-0.24742117524147034	0.30447497963905334	-0.07545724511146545	0.09551404416561127	-0.143487349152565	-0.1524435430765152	0.1564745455980301	0.695186972618103	-0.13165956735610962	0.27825722098350525	0.17955178022384644	0.2659848928451538	0.1757756769657135	-0.0030527901835739613	0.05954332277178764	-0.2584484815597534	-0.11109861731529236	-0.13883455097675323	-0.08429377526044846	0.11811930686235428	-0.1281559020280838	0.05852880701422691	-0.05374525487422943	-0.004104390740394592	-0.007089704275131226	-0.2793806791305542	0.07642582803964615	-0.08066389709711075	0.2406342774629593	0.44026899337768555	0.20689556002616882	0.07256363332271576	0.1511455923318863	0.33359426259994507
CO_LABEL_10	-0.15166129171848297	0.08758782595396042	-0.44654133915901184	0.6256113648414612	0.23697957396507263	-0.015265909023582935	0.4940450191497803	n/a	0.2875228822231293	1.0	0.46286025643348694	0.488477498292923	0.40046003460884094	0.26188015937805176	-0.08819278329610825	-0.2630739212036133	0.4448811411857605	-0.056745123118162155	0.21938179433345795	0.36082467436790466	0.4092216491699219	0.1844082921743393	-0.05000244826078415	-0.25807613134384155	-0.006884375587105751	-0.23066866397857666	-0.09069783240556717	-0.35064831376075745	-0.004739339463412762	-0.4427627623081207	0.35583293437957764	0.0632508173584938	0.01488485187292099	0.38138797879219055	n/a	0.6761693954467773	0.2064143866300583	0.2783568203449249	0.25293099880218506	0.23984460532665253	-0.05580925941467285	0.20325110852718353	-0.021522104740142822	0.22622564435005188	0.4448879063129425	0.1768037974834442	0.05008118972182274	-0.020082004368305206	-0.035853102803230286	-0.35995450615882874	-0.3697701096534729	-0.3533523976802826	-0.030770668759942055	0.26274508237838745	-0.3184409439563751	0.1670949012041092	-0.09886012226343155	0.40922680497169495	0.2399774193763733	-0.16727764904499054	0.40577393770217896	0.03774666786193848	0.14510348439216614	0.14497721195220947	-0.27853792905807495	0.184396892786026	0.2064579427242279	0.08127182722091675	0.28513628244400024	0.28084591031074524	0.21245139837265015	0.01418601255863905	0.4773131310939789	0.3841250240802765	0.006739784963428974	0.16937722265720367	0.6158304214477539	0.3260805308818817	0.13699905574321747	0.10053162276744843
Sal_LABEL_11	0.001230848953127861	0.3403664529323578	-0.2700331211090088	0.4449012875556946	0.46936264634132385	0.20367495715618134	0.41852882504463196	n/a	0.47384020686149597	0.46286025643348694	1.0	-0.06199595332145691	-0.12930792570114136	-0.08049909770488739	-0.09749061614274979	0.026126772165298462	0.23740968108177185	-0.06645481288433075	0.161199152469635	0.24938581883907318	0.4292070269584656	0.7195356488227844	-0.4326505959033966	0.13780413568019867	-0.14532671868801117	-0.2057289183139801	0.04825710877776146	0.027405934408307076	0.3883973956108093	-0.0713689923286438	0.4614377021789551	0.23194563388824463	0.19571788609027863	0.4138876795768738	n/a	0.2741989493370056	0.5914431214332581	0.05534512549638748	0.20014184713363647	-0.1431891918182373	0.2242944836616516	0.24455450475215912	0.08734524250030518	0.5068045258522034	0.4336191713809967	0.6744976043701172	-0.3570443391799927	0.45335879921913147	0.04292139783501625	0.1101057305932045	-0.02143062651157379	0.07545924931764603	-0.14519241452217102	0.2494099885225296	-0.12430158257484436	-0.05625186488032341	-0.10020720213651657	0.6406080722808838	0.3755405843257904	0.035910286009311676	0.06671503931283951	-0.02518318220973015	0.04721415042877197	0.1621038168668747	0.12484829872846603	0.19320905208587646	-0.01730218529701233	-0.010980975814163685	0.16151981055736542	0.210637629032135	-0.11127375066280365	-0.02589312195777893	0.2837693393230438	0.1502608358860016	0.17901065945625305	0.28271961212158203	0.3386402130126953	0.319302499294281	0.12872184813022614	0.41742146015167236
CO_LABEL_12	-0.21968138217926025	-0.1603042632341385	-0.0979430079460144	0.15438298881053925	0.11932568997144699	-0.13031262159347534	-0.05592652037739754	n/a	-0.17620451748371124	0.488477498292923	-0.06199595332145691	1.0	0.2675631642341614	0.22388137876987457	0.048161718994379044	-0.2449037730693817	0.2481127232313156	0.1049489825963974	-0.08522026240825653	0.10246104747056961	0.03860313072800636	-0.2168225347995758	0.38815927505493164	-0.254135400056839	0.056649401783943176	-0.19128210842609406	0.07013251632452011	-0.22040604054927826	-0.22624468803405762	-0.10302643477916718	-0.03536861389875412	0.11093904078006744	-0.0557897575199604	-0.17908957600593567	n/a	0.4808233380317688	0.012366633862257004	0.4890928566455841	0.1181814894080162	0.24129697680473328	-0.14025241136550903	0.12912647426128387	-0.0442521870136261	-0.026256883516907692	0.04662021994590759	-0.2720271348953247	0.4582121968269348	-0.28688666224479675	-0.12720297276973724	-0.2988409101963043	-0.23962290585041046	-0.3042454123497009	-0.003533922368660569	-0.04207112267613411	0.04497024416923523	-0.10840988159179688	-0.13596026599407196	0.23919440805912018	0.0855531394481659	-0.09084153175354004	0.4913628101348877	0.13930581510066986	0.11410348117351532	0.17740648984909058	-0.15809588134288788	0.10695391893386841	0.22566156089305878	0.16717447340488434	0.2553723156452179	0.2572880685329437	0.3273075819015503	0.1934807151556015	0.3185056149959564	0.2946551442146301	-0.05659766495227814	-0.21692900359630585	0.3746781349182129	0.11355216801166534	0.07430260628461838	-0.23908573389053345
SMd_LABEL_13	0.03546389564871788	-0.1643681526184082	-0.0836840271949768	0.38499465584754944	-0.03830110654234886	-0.09530419856309891	-0.014062250033020973	n/a	-0.12200115621089935	0.40046003460884094	-0.12930792570114136	0.2675631642341614	1.0	0.6504001617431641	0.012315110303461552	-0.16122332215309143	0.2914866507053375	0.020045820623636246	0.21376340091228485	0.06493604183197021	0.10189887136220932	-0.20369765162467957	0.28687894344329834	-0.29356715083122253	0.2877461910247803	0.0332050658762455	-0.02047460339963436	-0.2883051633834839	-0.24699072539806366	-0.2669232487678528	0.19108499586582184	-0.17143180966377258	-0.18884184956550598	-0.11171858757734299	n/a	0.14390820264816284	-0.18130414187908173	0.16320322453975677	0.10794498026371002	0.6016321182250977	-0.2619084119796753	-0.008755238726735115	-0.012839674018323421	-0.13519850373268127	-0.05665680393576622	-0.21948961913585663	0.28731250762939453	-0.3440403938293457	-0.044079333543777466	-0.34825003147125244	-0.3006584644317627	-0.45668861269950867	-0.012775336392223835	-0.08039171248674393	-0.17137955129146576	0.13989891111850739	-0.10123170167207718	-0.14079393446445465	-0.07114223390817642	0.1370393931865692	0.21080487966537476	0.38747814297676086	0.2971383333206177	0.0674276277422905	-0.22197449207305908	-0.18934877216815948	0.2759162187576294	0.12920765578746796	0.3569224178791046	0.30796048045158386	0.23817908763885498	0.15563054382801056	0.18607987463474274	0.2625792622566223	-0.13552793860435486	-0.0790303498506546	0.33901023864746094	0.06820143759250641	-0.3112412691116333	-0.4736235439777374
SMl_LABEL_14	-0.05670825019478798	-0.22406892478466034	0.006589836906641722	0.3918892741203308	0.052634987980127335	0.04993307590484619	-0.12119998037815094	n/a	-0.26488208770751953	0.26188015937805176	-0.08049909770488739	0.22388137876987457	0.6504001617431641	1.0	0.14140139520168304	-0.2577495574951172	0.3422825336456299	-0.0024505709297955036	0.09702899307012558	0.11465918272733688	0.1563616394996643	-0.07338737696409225	0.3741414546966553	-0.054190896451473236	0.262319415807724	0.0009441193542443216	0.16832584142684937	-0.14959412813186646	-0.28855443000793457	-0.15684005618095398	0.32015979290008545	0.0017620654543861747	-0.29814985394477844	-0.2737805247306824	n/a	0.136264830827713	-0.08476850390434265	0.1575765311717987	0.07043265551328659	0.9302752614021301	-0.12373163551092148	-0.02467600628733635	0.08534830808639526	-0.00443110940977931	0.05710122734308243	-0.19244618713855743	0.3160373270511627	-0.18993592262268066	-0.18361017107963562	-0.36459729075431824	-0.22352004051208496	-0.3758583962917328	-0.057928118854761124	-0.07246941328048706	-0.07938947528600693	0.18042616546154022	0.12318003922700882	-0.12955735623836517	0.13263005018234253	0.1317463517189026	0.1281033754348755	0.34605127573013306	0.10779442638158798	-0.029030071571469307	-0.28372517228126526	-0.24579481780529022	0.44427159428596497	0.27097001671791077	0.3083266317844391	0.22664368152618408	0.15483358502388	0.011261972598731518	-0.04847605898976326	0.42526549100875854	0.0028968448750674725	-0.1803581267595291	0.03655174374580383	0.07042627781629562	0.04099971801042557	-0.4381612539291382
DAN_LABEL_15	-0.13404546678066254	0.17130902409553528	0.36585912108421326	-0.0088112223893404	-0.11508417129516602	0.023900626227259636	-0.07182367146015167	n/a	-0.10162510722875595	-0.08819278329610825	-0.09749061614274979	0.048161718994379044	0.012315110303461552	0.14140139520168304	1.0	-0.06837393343448639	0.24984756112098694	-0.10521622002124786	-0.33999913930892944	0.1474035531282425	0.12199733406305313	0.005063479300588369	0.31381240487098694	0.264362633228302	0.37367528676986694	-0.15806105732917786	0.20332694053649902	0.077023945748806	0.19467762112617493	-0.004752996377646923	-0.004685408901423216	0.09159534424543381	-0.1680477410554886	-0.20735181868076324	n/a	-0.11069212108850479	-0.2445831596851349	-0.23336125910282135	0.1984999179840088	0.14477799832820892	0.597430944442749	0.18809808790683746	-0.16258330643177032	0.09941805899143219	-0.2308955192565918	-0.17117507755756378	0.30735981464385986	-0.16945259273052216	0.18648667633533478	-0.23050908744335175	-0.06347048282623291	0.005152103956788778	-0.32878348231315613	0.06239597126841545	-0.41011670231819153	-0.15155239403247833	-0.1558047980070114	-0.06661758571863174	-0.06171379238367081	-0.02506723813712597	-0.1328972578048706	0.02732354961335659	-0.23465019464492798	-0.016164647415280342	0.13063839077949524	-0.018778353929519653	-0.04874279350042343	0.12115854769945145	0.006362411193549633	-0.12347971647977829	-0.15360833704471588	0.06397420912981033	-0.12003331631422043	-0.06401779502630234	0.15267837047576904	-0.27697956562042236	0.08503898233175278	0.05336729809641838	0.07439396530389786	-0.0064017632976174355
DMN_LABEL_16	0.4873042702674866	-0.08507224172353745	0.31801798939704895	-0.05857103690505028	0.3257097005844116	-0.30281487107276917	0.004565984010696411	n/a	-0.03530808538198471	-0.2630739212036133	0.026126772165298462	-0.2449037730693817	-0.16122332215309143	-0.2577495574951172	-0.06837393343448639	1.0	-0.22303707897663116	0.6004638671875	0.2846929430961609	-0.45175135135650635	0.012484672479331493	-0.05397501587867737	-0.12056013941764832	-0.07116756588220596	0.14540882408618927	-0.30925431847572327	0.16281530261039734	0.5771153569221497	0.016093818470835686	0.2497033029794693	0.03689994663000107	0.3610337972640991	-0.3863568902015686	0.09499070793390274	n/a	0.08240916579961777	0.20764212310314178	-0.047723375260829926	0.2317274510860443	-0.17213241755962372	0.29805031418800354	0.07993639260530472	0.3284132182598114	0.3376334011554718	0.2770159840583801	-0.11038380116224289	0.01069802325218916	0.1239042654633522	0.5351919531822205	0.7375125288963318	0.2854255735874176	-0.06334687769412994	0.21083305776119232	-0.010902092792093754	0.09848584979772568	0.10956724733114243	0.03757990524172783	0.19025427103042603	0.23447923362255096	0.22419238090515137	-0.04163452610373497	-0.11490271985530853	-0.055979855358600616	-0.17732922732830048	0.5419977307319641	0.36264947056770325	0.11387442797422409	-0.22548361122608185	-0.20584234595298767	-0.08710053563117981	-0.2749707102775574	-0.04250599071383476	0.09968430548906326	0.020476197823882103	0.0012648169649764895	0.04517366737127304	-0.07014886289834976	0.30603569746017456	-0.3246895670890808	0.18036825954914093
CO_LABEL_17	-0.30857962369918823	0.07401766628026962	0.17929458618164062	0.656043291091919	0.15290501713752747	-0.1427849680185318	0.191987082362175	n/a	0.30682680010795593	0.4448811411857605	0.23740968108177185	0.2481127232313156	0.2914866507053375	0.3422825336456299	0.24984756112098694	-0.22303707897663116	1.0	-0.03922528401017189	0.1573551595211029	0.6570382714271545	0.6923261880874634	0.3829183578491211	0.1058400347828865	-0.24488060176372528	0.11071233451366425	0.005705560091882944	-0.028821425512433052	-0.23779530823230743	-0.06654229760169983	-0.27783146500587463	0.47972553968429565	0.10371594876050949	-0.12399156391620636	0.08823449909687042	n/a	0.22112582623958588	-0.057742856442928314	-0.10769519954919815	0.0523207001388073	0.3103525638580322	-0.047319140285253525	0.5773412585258484	0.20368489623069763	0.4484986662864685	0.2644489109516144	0.1833425760269165	0.07550626248121262	-0.28311634063720703	-0.22674508392810822	-0.44413846731185913	-0.4422396719455719	-0.405807226896286	0.043852970004081726	0.4034031927585602	-0.3880016803741455	0.18956735730171204	-0.06440509110689163	0.19896100461483002	0.24802160263061523	-0.04497169703245163	0.2177053838968277	-0.0816226378083229	0.08197669684886932	-0.07721811532974243	-0.08909068256616592	0.07742280513048172	0.12294324487447739	0.2688068449497223	0.24088330566883087	0.13584624230861664	0.24064047634601593	0.01883464679121971	0.21779555082321167	0.28225821256637573	0.11445270478725433	0.2456209808588028	0.16091644763946533	0.07146814465522766	0.1382451057434082	0.11989744007587433
DMN_LABEL_18	0.5528752207756042	-0.19792819023132324	0.09188410639762878	0.09925335645675659	0.3655179738998413	-0.20747512578964233	-0.018877003341913223	n/a	-0.22695398330688477	-0.056745123118162155	-0.06645481288433075	0.1049489825963974	0.020045820623636246	-0.0024505709297955036	-0.10521622002124786	0.6004638671875	-0.03922528401017189	1.0	0.5493653416633606	-0.29901185631752014	0.00487263360992074	-0.15196189284324646	0.14860180020332336	-0.16569848358631134	0.05607602372765541	-0.2838050425052643	0.36911144852638245	0.5283858180046082	-0.12876103818416595	0.1425519436597824	0.21754209697246552	0.4552702307701111	-0.13787433505058289	0.01934601552784443	n/a	0.3102247416973114	0.20491521060466766	0.33370402455329895	0.26051467657089233	0.10855074971914291	0.14248459041118622	0.11991780251264572	0.5406497716903687	0.39024755358695984	0.31798794865608215	-0.033837974071502686	0.294367253780365	-0.042168088257312775	0.2694714367389679	0.3232986330986023	0.18165813386440277	-0.22681784629821777	0.42006897926330566	0.0042837802320718765	0.325655996799469	0.02486841008067131	0.19275912642478943	0.2800831198692322	0.3694916367530823	-0.017623458057641983	0.07843313366174698	0.02877081371843815	0.019839342683553696	-0.20492403209209442	0.35058069229125977	0.34984898567199707	0.17196130752563477	0.02831539697945118	-0.24672724306583405	-0.1945641040802002	-0.022309912368655205	-0.09938117116689682	0.1953214406967163	-0.03514355793595314	-0.09593482315540314	0.07918333262205124	-0.0625704750418663	0.3174263536930084	-0.288612961769104	-0.012718942947685719
VAN_LABEL_19	0.38779768347740173	-0.24617254734039307	-0.2897227704524994	0.45554348826408386	0.2529972791671753	-0.2731718122959137	0.10626950114965439	n/a	0.04624972119927406	0.21938179433345795	0.161199152469635	-0.08522026240825653	0.21376340091228485	0.09702899307012558	-0.33999913930892944	0.2846929430961609	0.1573551595211029	0.5493653416633606	1.0	-0.03906712681055069	0.26749852299690247	0.09370790421962738	-0.023665964603424072	-0.18972371518611908	-0.13952131569385529	-0.19636526703834534	0.11212246865034103	0.1945725530385971	-0.20271503925323486	-0.031770139932632446	0.3388790488243103	0.21233636140823364	0.05991537868976593	0.1296645849943161	n/a	0.3918958008289337	0.3318539559841156	0.24904732406139374	0.0531148761510849	0.1512480080127716	-0.13245290517807007	0.06599074602127075	0.6156738996505737	0.33007967472076416	0.47889354825019836	0.2253081500530243	0.09040721505880356	0.03144340217113495	-0.044590968638658524	0.0010485331295058131	3.325198122183792e-05	-0.3235703706741333	0.2950327396392822	0.047655511647462845	0.06335477530956268	0.27124008536338806	0.24556858837604523	0.2586499750614166	0.5475191473960876	-0.14174748957157135	0.10884404927492142	-0.08499576151371002	0.0882829949259758	-0.22526131570339203	-0.040368370711803436	0.21343034505844116	0.22877544164657593	-0.0956161618232727	-0.15671543776988983	-0.1280069351196289	0.0027615968137979507	-0.21807312965393066	0.3408166468143463	0.2540864944458008	-0.006225032266229391	0.4020690619945526	0.10944779217243195	0.32594209909439087	-0.16311593353748322	0.025556091219186783
CO_LABEL_20	-0.32984599471092224	0.045404016971588135	-0.028844870626926422	0.35810354351997375	-0.09046587347984314	0.04330567643046379	0.2527206838130951	n/a	0.3567420542240143	0.36082467436790466	0.24938581883907318	0.10246104747056961	0.06493604183197021	0.11465918272733688	0.1474035531282425	-0.45175135135650635	0.6570382714271545	-0.29901185631752014	-0.03906712681055069	1.0	0.5229964852333069	0.42071184515953064	-0.01931566558778286	-0.3040691912174225	-0.1208948940038681	0.3424294888973236	-0.3837403357028961	-0.5840522050857544	0.033323489129543304	-0.31768351793289185	0.3092441260814667	-0.1336243599653244	0.06337179988622665	0.19587893784046173	n/a	0.1352897733449936	-0.20871809124946594	-0.08921283483505249	-0.1877366602420807	0.06077926978468895	-0.01377907395362854	0.4199936091899872	-0.11172372102737427	0.4300331771373749	0.23471100628376007	0.4207599461078644	-0.06234802305698395	-0.19205830991268158	-0.32680290937423706	-0.3780594766139984	-0.5747140049934387	-0.21124085783958435	-0.020008867606520653	0.2903010845184326	-0.3889939486980438	0.259255588054657	-0.003721569199115038	0.23463085293769836	0.17301198840141296	-0.1312430053949356	0.13003957271575928	-0.18527758121490479	-0.23732426762580872	-0.004071278963238001	-0.4111824333667755	0.04963291063904762	-0.06403699517250061	0.08748991042375565	0.16601847112178802	0.08360829949378967	0.00897007342427969	-0.06656435132026672	0.10838335007429123	0.04378737881779671	0.1649661511182785	0.2571680545806885	0.1798931509256363	-0.15116867423057556	0.059630028903484344	0.11871467530727386
CO_LABEL_21	-0.1045120358467102	0.04320618510246277	0.16769975423812866	0.5463167428970337	0.2048533707857132	-0.17045708000659943	0.3662553131580353	n/a	0.4762471616268158	0.4092216491699219	0.4292070269584656	0.03860313072800636	0.10189887136220932	0.1563616394996643	0.12199733406305313	0.012484672479331493	0.6923261880874634	0.00487263360992074	0.26749852299690247	0.5229964852333069	1.0	0.7017185091972351	-0.037742599844932556	-0.07941800355911255	0.07861362397670746	-0.08266449719667435	-0.08910192549228668	-0.06264268606901169	-0.04150152578949928	-0.13141606748104095	0.337582528591156	0.07800324261188507	-0.23820644617080688	0.2448142021894455	n/a	0.3788480758666992	0.07690223306417465	-0.0681283101439476	-0.04071018099784851	0.16465410590171814	0.16207300126552582	0.4653056859970093	0.17299652099609375	0.5521583557128906	0.6728005409240723	0.40240201354026794	-0.032607175409793854	0.03326401486992836	-0.11513778567314148	-0.1539383977651596	-0.26052024960517883	-0.36072564125061035	0.1142006665468216	0.5144615173339844	-0.373952180147171	0.3484113812446594	0.16626399755477905	0.4249030649662018	0.5523377656936646	0.004841580055654049	0.1543780416250229	-0.16930828988552094	-0.20614822208881378	-0.08009316772222519	-0.08194708824157715	0.30584487318992615	0.15961061418056488	0.21204982697963715	0.03494451195001602	-0.0514504536986351	0.0021668376866728067	-0.18192826211452484	0.20358408987522125	0.2962963283061981	0.16259977221488953	0.3753302991390228	0.1725643426179886	0.26693856716156006	0.1808113157749176	0.2610836327075958
Sal_LABEL_22	-0.2115020453929901	0.24553132057189941	0.1416008025407791	0.2738323509693146	0.13300152122974396	0.21073512732982635	0.25768208503723145	n/a	0.5100736618041992	0.1844082921743393	0.7195356488227844	-0.2168225347995758	-0.20369765162467957	-0.07338737696409225	0.005063479300588369	-0.05397501587867737	0.3829183578491211	-0.15196189284324646	0.09370790421962738	0.42071184515953064	0.7017185091972351	1.0	-0.38259488344192505	0.196608304977417	-0.21516916155815125	0.13185705244541168	-0.1336183398962021	-0.030343923717737198	0.25496813654899597	0.04424290731549263	0.21523845195770264	-0.09758860617876053	0.07820413261651993	0.22511224448680878	n/a	0.0458589643239975	0.2441246062517166	-0.1836550235748291	-0.07307436317205429	-0.14842602610588074	0.19764204323291779	0.24474498629570007	-0.05050012096762657	0.45147088170051575	0.4289304316043854	0.6939160227775574	-0.41867274045944214	0.398237407207489	-0.19804929196834564	-0.0020712597761303186	-0.07131639122962952	-0.07675552368164062	0.03625534102320671	0.32274794578552246	-0.19242015480995178	0.08970152586698532	0.0009352481574751437	0.43396374583244324	0.37453970313072205	0.13711799681186676	-0.11582288146018982	-0.0699152946472168	-0.1787131428718567	0.04756705090403557	-0.042430877685546875	0.20722632110118866	-0.09180592745542526	0.2718649208545685	0.12428782880306244	-0.03873607888817787	-0.005792612209916115	-0.18139833211898804	0.051802247762680054	0.06855902075767517	0.04066845402121544	0.24288412928581238	0.1167866438627243	0.018171772360801697	0.10456802695989609	0.33404797315597534
DAN_LABEL_23	0.23777107894420624	-0.28773775696754456	0.09069404751062393	-0.041804566979408264	0.13257509469985962	-0.10032880306243896	-0.09757298231124878	n/a	-0.2797457277774811	-0.05000244826078415	-0.4326505959033966	0.38815927505493164	0.28687894344329834	0.3741414546966553	0.31381240487098694	-0.12056013941764832	0.1058400347828865	0.14860180020332336	-0.023665964603424072	-0.01931566558778286	-0.037742599844932556	-0.38259488344192505	1.0	-0.17076565325260162	0.24528853595256805	-0.036832697689533234	0.26812198758125305	0.043823421001434326	-0.324767142534256	-0.21162182092666626	-0.10679998993873596	0.17643192410469055	-0.1488833874464035	-0.2839565575122833	n/a	0.018336521461606026	-0.31149908900260925	0.3226645290851593	-0.0817069336771965	0.47173431515693665	-0.09103555977344513	0.11523324996232986	0.082478828728199	-0.10110926628112793	-0.15504328906536102	-0.2250964641571045	0.8859780430793762	-0.4133085012435913	-0.21592026948928833	-0.15915197134017944	-0.278171181678772	-0.4772069752216339	0.16214866936206818	-0.1374799609184265	0.11677365750074387	0.2659815549850464	0.16625164449214935	-0.31357038021087646	0.05945762246847153	0.068491131067276	0.12426513433456421	0.03958011418581009	-0.0071732536889612675	-0.2545868456363678	-0.2517106831073761	-0.23184539377689362	0.10958874225616455	0.3244706392288208	-0.0013100537471473217	-0.0444069430232048	0.21394217014312744	-0.10715114325284958	-0.12177474796772003	0.09601620584726334	0.1314847469329834	-0.10012751072645187	0.00045373543980531394	0.0024902494624257088	-0.10762090235948563	-0.38076069951057434
PMN_LABEL_24	-0.01752988062798977	0.23592053353786469	0.12552392482757568	-0.29411712288856506	-0.1127384677529335	0.5635024309158325	-0.03319428116083145	n/a	0.029173608869314194	-0.25807613134384155	0.13780413568019867	-0.254135400056839	-0.29356715083122253	-0.054190896451473236	0.264362633228302	-0.07116756588220596	-0.24488060176372528	-0.16569848358631134	-0.18972371518611908	-0.3040691912174225	-0.07941800355911255	0.196608304977417	-0.17076565325260162	1.0	-0.014046111144125462	-0.30970054864883423	0.3332446813583374	0.3854658305644989	0.24391485750675201	0.3848115801811218	-0.12407092750072479	-0.05035015568137169	0.33836644887924194	-0.036683131009340286	n/a	-0.31597769260406494	0.2651226222515106	-0.20207396149635315	0.2163991928100586	-0.09725187718868256	0.2956903874874115	-0.12960195541381836	-0.08012374490499496	-0.225836843252182	-0.18569566309452057	0.0765969455242157	-0.3131437599658966	0.6775742173194885	0.09550537168979645	0.1397910863161087	0.4977070093154907	0.1485491544008255	-0.03626058250665665	0.005389411002397537	0.11515067517757416	-0.32360410690307617	0.029156258329749107	-0.12993885576725006	-0.09290763735771179	0.010742458514869213	-0.213320791721344	-0.006946401670575142	-0.12568914890289307	-0.20284858345985413	0.003368646837770939	-0.0564582422375679	-0.23382632434368134	0.18580138683319092	-0.12070821970701218	-0.12359942495822906	-0.04308146610856056	-0.15953268110752106	-0.42310723662376404	-0.34215256571769714	0.05396176874637604	-0.09340407699346542	-0.20508664846420288	0.020262766629457474	0.2577100992202759	0.10880816727876663
DAN_LABEL_25	0.05467614158987999	-0.038835953921079636	0.2553005814552307	0.0744551420211792	0.07172853499650955	-0.1335238367319107	-0.08965565264225006	n/a	-0.13089916110038757	-0.006884375587105751	-0.14532671868801117	0.056649401783943176	0.2877461910247803	0.262319415807724	0.37367528676986694	0.14540882408618927	0.11071233451366425	0.05607602372765541	-0.13952131569385529	-0.1208948940038681	0.07861362397670746	-0.21516916155815125	0.24528853595256805	-0.014046111144125462	1.0	-0.253418892621994	-0.010136707685887814	-0.06445986032485962	-0.046204425394535065	-0.026399854570627213	0.08202123641967773	0.06107575073838234	-0.19093985855579376	-0.09779231995344162	n/a	-0.10278733819723129	-0.04655957594513893	-0.14961105585098267	-0.01967804692685604	0.20004896819591522	0.0999443456530571	0.2565511167049408	0.012374989688396454	0.08247975260019302	-0.17172540724277496	-0.3979628384113312	0.2382717877626419	-0.20871861279010773	0.6121889352798462	-0.023384302854537964	-0.03623881936073303	-0.10619749873876572	-0.1872672736644745	0.16136668622493744	-0.3155628442764282	-0.15307936072349548	-0.1819039285182953	-0.19033828377723694	-0.17278899252414703	-0.0024428521282970905	0.1789335459470749	0.16485729813575745	0.05899561196565628	0.28280723094940186	0.25152626633644104	-0.04660783335566521	0.1843908429145813	0.032951124012470245	0.16521194577217102	0.08446288108825684	-0.07301749289035797	0.12298265844583511	-0.07071227580308914	0.04287419468164444	0.07166212052106857	-0.17428769171237946	-0.1369059830904007	0.010301782749593258	-0.07870838791131973	-0.15354475378990173
