Node	LH_Vis_1	LH_Vis_2	LH_Vis_3	LH_Vis_4	LH_Vis_5	LH_Vis_6	LH_Vis_7	LH_Vis_8	LH_Vis_9	LH_SomMot_1	LH_SomMot_2	LH_SomMot_3	LH_SomMot_4	LH_SomMot_5	LH_SomMot_6	LH_DorsAttn_Post_1	LH_DorsAttn_Post_2	LH_DorsAttn_Post_3	LH_DorsAttn_Post_4	LH_DorsAttn_Post_5	LH_DorsAttn_Post_6	LH_DorsAttn_PrCv_1	LH_DorsAttn_FEF_1	LH_SalVentAttn_ParOper_1	LH_SalVentAttn_FrOperIns_1	LH_SalVentAttn_FrOperIns_2	LH_SalVentAttn_PFCl_1	LH_SalVentAttn_Med_1	LH_SalVentAttn_Med_2	LH_SalVentAttn_Med_3	LH_Limbic_OFC_1	LH_Limbic_TempPole_1	LH_Limbic_TempPole_2	LH_Cont_Par_1	LH_Cont_PFCl_1	LH_Cont_pCun_1	LH_Cont_Cing_1	LH_Default_Temp_1	LH_Default_Temp_2	LH_Default_Par_1	LH_Default_Par_2	LH_Default_PFC_1	LH_Default_PFC_2	LH_Default_PFC_3	LH_Default_PFC_4	LH_Default_PFC_5	LH_Default_PFC_6	LH_Default_PFC_7	LH_Default_pCunPCC_1	LH_Default_pCunPCC_2	RH_Vis_1	RH_Vis_2	RH_Vis_3	RH_Vis_4	RH_Vis_5	RH_Vis_6	RH_Vis_7	RH_Vis_8	RH_SomMot_1	RH_SomMot_2	RH_SomMot_3	RH_SomMot_4	RH_SomMot_5	RH_SomMot_6	RH_SomMot_7	RH_SomMot_8	RH_DorsAttn_Post_1	RH_DorsAttn_Post_2	RH_DorsAttn_Post_3	RH_DorsAttn_Post_4	RH_DorsAttn_Post_5	RH_DorsAttn_PrCv_1	RH_DorsAttn_FEF_1	RH_SalVentAttn_TempOccPar_1	RH_SalVentAttn_TempOccPar_2	RH_SalVentAttn_FrOperIns_1	RH_SalVentAttn_Med_1	RH_SalVentAttn_Med_2	RH_Limbic_OFC_1	RH_Limbic_TempPole_1	RH_Cont_Par_1	RH_Cont_Par_2	RH_Cont_PFCl_1	RH_Cont_PFCl_2	RH_Cont_PFCl_3	RH_Cont_PFCl_4	RH_Cont_Cing_1	RH_Cont_PFCmp_1	RH_Cont_pCun_1	RH_Default_Par_1	RH_Default_Temp_1	RH_Default_Temp_2	RH_Default_Temp_3	RH_Default_PFCv_1	RH_Default_PFCv_2	RH_Default_PFCdPFCm_1	RH_Default_PFCdPFCm_2	RH_Default_PFCdPFCm_3	RH_Default_pCunPCC_1	RH_Default_pCunPCC_2	LH-Pu	LH-Ca	LH-NAC	LH-EXA	LH-GPe	LH-GPi	LH-SNc_PBP_VTA	LH-RN	LH-SNr	LH-VeP	LH-HN	LH-HTH	LH-MN	LH-STH	RH-Pu	RH-Ca	RH-NAC	RH-EXA	RH-GPe	RH-GPi	RH-SNc_PBP_VTA	RH-RN	RH-SNr	RH-VeP	RH-HN	RH-HTH	RH-MN	RH-STH	LH-Pulvinar	LH-Anterior	LH-Medio_Dorsal	LH-Ventral_Latero_Dorsal	LH-Central_Lateral-Lateral_Posterior-Medial_Pulvinar	LH-Ventral_Anterior	LH-Ventral_Latero_Ventral	RH-Pulvinar	RH-Anterior	RH-Medio_Dorsal	RH-Ventral_Latero_Dorsal	RH-Central_Lateral-Lateral_Posterior-Medial_Pulvinar	RH-Ventral_Anterior	RH-Ventral_Latero_Ventral	LH_Hippocampus	LH_Amygdala	RH_Hippocampus	RH_Amygdala	Cerebellar_Region1	Cerebellar_Region2	Cerebellar_Region3	Cerebellar_Region4	Cerebellar_Region5	Cerebellar_Region6	Cerebellar_Region7	Cerebellar_Region8	Cerebellar_Region9	Cerebellar_Region10
LH_Vis_1	1.0	0.5081005096435547	0.6269223093986511	-0.03503687307238579	0.4514472782611847	0.482816219329834	0.0752667784690857	0.4881582260131836	0.46114465594291687	0.2724699378013611	0.21049976348876953	0.181232750415802	-0.080375537276268	0.15180480480194092	0.13959844410419464	0.34469249844551086	0.001060781884007156	0.2716984152793884	0.050618208944797516	0.0698075145483017	0.13718396425247192	0.08241372555494308	0.2828902304172516	-0.34474319219589233	0.19053345918655396	0.2060290277004242	0.09497237950563431	0.06585139781236649	0.27145788073539734	0.17447422444820404	0.10615544021129608	-0.07248526066541672	0.05588023364543915	0.14660578966140747	0.22236835956573486	0.20097604393959045	0.07779234647750854	-0.18679603934288025	-0.3413585126399994	-0.45722290873527527	-0.27111998200416565	-0.131874218583107	-0.09510301798582077	0.008801909163594246	-0.25134551525115967	-0.3173592984676361	-0.2938685119152069	-0.015390638262033463	0.2819530963897705	-0.28943994641304016	0.724414587020874	0.5781077742576599	0.2906333804130554	0.11306841671466827	0.5705755949020386	0.5077869296073914	0.47690650820732117	0.4356347918510437	0.17551042139530182	0.07848545163869858	0.13566550612449646	-0.11300574988126755	0.13263320922851562	-0.06590883433818817	0.03939331695437431	0.07184956222772598	-0.08642931282520294	-0.0008239884045906365	0.12848499417304993	0.1862155944108963	0.05968683958053589	0.33906736969947815	0.28357863426208496	-0.12104936689138412	-0.01633484847843647	0.33907967805862427	0.3658274710178375	0.20449955761432648	0.006682971958070993	0.003724870504811406	-0.0015543182380497456	-0.013448351994156837	0.02675837092101574	0.39268916845321655	0.08595051616430283	0.04801657795906067	0.029629163444042206	0.39092615246772766	0.010424063540995121	-0.32240059971809387	0.2993221879005432	-0.06645898520946503	-0.3802834749221802	0.24270224571228027	0.20661839842796326	0.09140752255916595	-0.14902423322200775	0.06730974465608597	0.34221020340919495	-0.19416837394237518	0.31854894757270813	-0.326370507478714	0.07114419341087341	-0.18653033673763275	0.22986595332622528	0.18839162588119507	0.142488032579422	0.3734669089317322	0.013317317701876163	-0.006843267474323511	0.15144187211990356	0.08486437797546387	-0.0021574413403868675	0.19576719403266907	0.36654898524284363	-0.1657922863960266	0.07992774248123169	0.2894723117351532	0.041500162333250046	0.17287229001522064	0.34229576587677	0.03562701866030693	0.2251283973455429	-0.06274200975894928	0.36232978105545044	-0.2937769889831543	-0.13893136382102966	0.07099759578704834	0.3368428647518158	-0.004666291177272797	0.4541735053062439	0.4166087806224823	0.1501893252134323	0.036560967564582825	-0.07366146892309189	0.27099156379699707	0.2706696093082428	0.4497598111629486	0.21218164265155792	0.3999352753162384	0.3904382586479187	0.34467169642448425	0.4254128634929657	0.27733585238456726	0.3603460490703583	0.269233763217926	0.16467908024787903	0.2154255360364914	0.28675076365470886	0.2878858745098114	-0.023495955392718315	-0.10044980049133301	-0.25365620851516724	-0.3911685347557068	-0.22791922092437744	-0.2679307758808136
LH_Vis_2	0.5081005096435547	1.0	0.5720589756965637	0.2746538817882538	0.7164636850357056	0.4517481327056885	0.45654505491256714	0.8455732464790344	0.5123807787895203	0.19949722290039062	0.19421152770519257	0.24281108379364014	0.16230489313602448	0.34380292892456055	0.12234725803136826	0.464226096868515	0.04062512144446373	0.5708467364311218	0.2376248985528946	0.11820487678050995	0.1499917358160019	0.1760834902524948	0.4770877957344055	-0.0347030870616436	0.09766297787427902	0.2969765365123749	0.37255775928497314	0.051773615181446075	0.29289400577545166	0.46094202995300293	-0.1327802836894989	-0.2497192770242691	-0.07694569230079651	0.366029292345047	0.17883433401584625	0.1695002317428589	-0.19734442234039307	-0.4501875340938568	-0.43269994854927063	-0.3771381676197052	-0.4741387963294983	-0.42612922191619873	-0.2617141902446747	-0.41037696599960327	-0.36086294054985046	-0.5258841514587402	-0.4798893332481384	-0.1616528332233429	-0.20117878913879395	-0.5512406229972839	0.40376725792884827	0.8425900340080261	0.4825742542743683	0.42305999994277954	0.6729201078414917	0.5253317356109619	0.7726137638092041	0.6815693378448486	0.10371159017086029	0.1307184100151062	0.29507386684417725	0.14707691967487335	0.4322224259376526	-0.11435195803642273	0.023926008492708206	0.11206819862127304	-0.24213635921478271	0.04939228296279907	0.385255366563797	0.4891447126865387	0.05590866878628731	0.43740880489349365	0.4517911970615387	-0.07024646550416946	0.13796739280223846	0.43376535177230835	0.3027118146419525	0.44508233666419983	-0.30972903966903687	-0.2628210186958313	0.05331156402826309	-0.08906543254852295	-0.03046499378979206	0.16964174807071686	0.2680760324001312	-0.1587742418050766	-0.12668119370937347	0.16416703164577484	-0.1654781699180603	-0.48001712560653687	-0.11997143179178238	-0.3065086901187897	-0.29720941185951233	-0.2917512059211731	-0.16589772701263428	-0.40531519055366516	-0.4595680832862854	-0.1799631267786026	-0.137571319937706	-0.5091882348060608	0.3103454113006592	-0.446857213973999	-0.025887709110975266	-0.34699952602386475	0.1185697540640831	0.25627270340919495	-0.18498514592647552	0.10727168619632721	-0.19851329922676086	0.15765301883220673	0.03792445361614227	-0.0694628581404686	-0.17294302582740784	0.1050780713558197	0.3396644592285156	-0.35445913672447205	-0.03113430179655552	-0.03868648409843445	-0.056076958775520325	0.12408290058374405	-0.11483882367610931	-0.05624016746878624	-0.060735467821359634	0.06639455258846283	-0.02042362280189991	-0.3548756241798401	0.09757321327924728	0.05827847868204117	0.24729567766189575	-0.08950088173151016	0.3403579592704773	0.28965407609939575	0.014628767035901546	-0.08912086486816406	-0.044199664145708084	0.3344990313053131	0.059721317142248154	0.1946028620004654	0.2028656154870987	0.3182586431503296	0.16263219714164734	0.30095240473747253	0.02497110515832901	0.085479736328125	-0.10631278902292252	-0.08839501440525055	0.08897112309932709	0.2280481457710266	0.36729946732521057	0.2088308185338974	0.018535887822508812	0.1216316893696785	-0.43743422627449036	-0.5456937551498413	-0.22280091047286987	-0.42789319157600403
LH_Vis_3	0.6269223093986511	0.5720589756965637	1.0	-0.37669655680656433	0.48212963342666626	0.8710598349571228	0.5831887722015381	0.6841772198677063	0.8580244779586792	0.1892593801021576	0.3335689902305603	0.32606756687164307	0.03565206378698349	0.2198105752468109	0.18832676112651825	0.46767523884773254	0.14940200746059418	0.341062992811203	0.26386624574661255	0.33233940601348877	0.3846689760684967	-0.17270763218402863	0.4914637804031372	-0.08665180951356888	0.10255374759435654	0.1957564502954483	0.313010036945343	0.1328725963830948	0.5618130564689636	0.36430105566978455	-0.32143333554267883	-0.4068852365016937	-0.22688759863376617	-0.03407830744981766	-0.16041265428066254	0.14599905908107758	-0.26471835374832153	-0.42553389072418213	-0.5048596262931824	-0.4140080511569977	-0.4635145962238312	-0.4483540654182434	-0.42393389344215393	-0.21964724361896515	-0.5459389686584473	-0.44994184374809265	-0.49982190132141113	-0.3930826783180237	0.12575021386146545	-0.4362105429172516	0.47827303409576416	0.6808034181594849	0.42621901631355286	-0.17829301953315735	0.8689634799957275	0.887873113155365	0.7273487448692322	0.8378052115440369	0.14047543704509735	0.2487577646970749	0.2952287495136261	0.03721651807427406	0.4394538998603821	0.1987655907869339	0.40921512246131897	0.1799307018518448	0.1461213231086731	0.17619019746780396	0.2662059962749481	0.3840675950050354	0.4795841872692108	0.3279963731765747	0.5269928574562073	0.1031847596168518	0.315656453371048	0.4407539963722229	0.6923224329948425	0.466431587934494	-0.29217904806137085	-0.26647666096687317	-0.04729222133755684	-0.19320982694625854	-0.3511976897716522	-0.006028526462614536	0.21941448748111725	-0.23955416679382324	-0.0920347049832344	0.17085276544094086	0.08412275463342667	-0.30505943298339844	-0.0048078554682433605	-0.33301544189453125	-0.28416717052459717	-0.1789635419845581	0.06605090945959091	-0.11806721240282059	-0.24521054327487946	-0.18054193258285522	0.21768444776535034	-0.33447229862213135	0.28901687264442444	-0.4063163101673126	-0.08875208348035812	-0.23064079880714417	0.16554680466651917	0.17411428689956665	-0.24476855993270874	0.3665461540222168	-0.3390936851501465	-0.1241082102060318	0.020751941949129105	0.005440209526568651	-0.1442534178495407	0.048303306102752686	0.2788105607032776	-0.21128158271312714	-0.09233655035495758	0.3137880563735962	0.04837261885404587	-0.0042877295054495335	-0.07090664654970169	0.0757470354437828	0.10985733568668365	-0.03330293297767639	0.19882358610630035	-0.3947954773902893	-0.06749944388866425	0.13119351863861084	0.26071494817733765	0.03899526223540306	0.21229858696460724	0.2880306839942932	-0.04441104829311371	-0.16237430274486542	-0.00938755739480257	0.42895081639289856	0.10056542605161667	0.1104983538389206	0.37831923365592957	0.4506658911705017	0.17720502614974976	0.27865368127822876	0.06152552366256714	-0.08810833841562271	-0.05753845348954201	-0.017406338825821877	0.4101911783218384	0.2873680591583252	0.48952794075012207	0.5254932641983032	0.1878718137741089	0.10820945352315903	-0.1890573501586914	-0.5339279174804688	-0.479884535074234	-0.28685954213142395
LH_Vis_4	-0.03503687307238579	0.2746538817882538	-0.37669655680656433	1.0	0.267270028591156	-0.30516329407691956	-0.1447540521621704	0.06365248560905457	-0.2598063349723816	-0.03472883626818657	-0.14727501571178436	-0.11484917998313904	-0.019291501492261887	0.1106581762433052	-0.16630889475345612	-0.20446833968162537	-0.3290037512779236	-0.02710850164294243	-0.2467876672744751	-0.4334040880203247	-0.31372496485710144	0.1519099622964859	-0.17962783575057983	-0.1340142786502838	-0.008923876099288464	-0.16040833294391632	-0.36664536595344543	-0.37588822841644287	-0.4562879204750061	-0.14645695686340332	0.07730076462030411	0.22780154645442963	0.09834008663892746	0.1487952619791031	0.15231382846832275	-0.10127189755439758	0.14753052592277527	0.24086906015872955	0.1908254474401474	0.28363949060440063	0.08993922173976898	0.09980146586894989	0.21372738480567932	-0.006376998033374548	0.1527378410100937	0.06026183441281319	0.1859399676322937	0.2552209198474884	-0.17307254672050476	0.06377730518579483	-0.03604023531079292	0.08175428956747055	-0.15963077545166016	0.8532720804214478	-0.1816772222518921	-0.24904204905033112	-0.06021641939878464	-0.14139746129512787	-0.09360019117593765	-0.19455409049987793	-0.1510934829711914	-0.042916763573884964	-0.13447512686252594	-0.37892091274261475	-0.545246958732605	-0.20193985104560852	-0.18466411530971527	-0.28152182698249817	-0.16622202098369598	-0.13779591023921967	-0.6176339387893677	-0.06854457408189774	-0.3107876181602478	-0.006828891579061747	-0.45406070351600647	-0.19075965881347656	-0.4249502122402191	-0.24442058801651	-0.03824656084179878	0.1921316534280777	-0.08477964252233505	0.15215863287448883	0.31626805663108826	0.11395539343357086	-0.17048236727714539	0.31036192178726196	0.09641388803720474	-0.04572371765971184	0.0032114151399582624	0.06222165748476982	0.06790363043546677	0.40308138728141785	0.16859517991542816	-0.027236197143793106	-0.07674095779657364	-0.0514882430434227	0.1056356430053711	0.08812493085861206	-0.1345803439617157	0.0702427327632904	0.027851652354002	-0.07965239137411118	0.06252333521842957	-0.18665820360183716	0.010557524859905243	0.052300259470939636	0.05576968565583229	-0.36226895451545715	-0.004230025690048933	0.4115385115146637	0.11774609982967377	0.09396923333406448	0.09530443698167801	-0.15332818031311035	0.11067869514226913	-0.21859410405158997	0.03704297915101051	-0.30393925309181213	0.02198001928627491	-0.01486725453287363	0.13801412284374237	-0.2980145812034607	-0.24946844577789307	0.17241770029067993	-0.2209998369216919	0.07650318741798401	0.25672945380210876	-0.12147346884012222	0.14707137644290924	0.04574619606137276	0.11077557504177094	-0.026879552751779556	0.060509417206048965	-0.08991481363773346	0.009183774702250957	-0.16653157770633698	0.09281595796346664	0.009534355252981186	-0.1743270754814148	-0.29837432503700256	-0.1780220866203308	-0.13831917941570282	0.08364670723676682	0.1342717856168747	0.09583882987499237	0.01396956667304039	-0.5647203922271729	-0.21247552335262299	-0.3821735382080078	-0.485677570104599	-0.44970470666885376	-0.33241602778434753	-0.1838708519935608	0.14441341161727905	0.23480947315692902	-0.11387724429368973
LH_Vis_5	0.4514472782611847	0.7164636850357056	0.48212963342666626	0.267270028591156	1.0	0.47062060236930847	0.20585781335830688	0.627318799495697	0.5417637825012207	0.29632219672203064	0.1971859484910965	0.292699933052063	0.26005932688713074	0.15989311039447784	0.07894585281610489	0.16182950139045715	0.011554323136806488	0.25451764464378357	0.040086835622787476	0.06832445412874222	0.03626688942313194	-0.04208376631140709	0.17853721976280212	0.02710055559873581	0.26259881258010864	0.1366061419248581	0.2042759209871292	-0.02170477621257305	0.3349803388118744	0.28987085819244385	0.05049949139356613	-0.21209028363227844	-0.11103583872318268	0.1500355750322342	-0.019932718947529793	0.3352150022983551	-0.015126625075936317	-0.31666484475135803	-0.3207632005214691	-0.32492679357528687	-0.29477420449256897	-0.30679959058761597	-0.2477061003446579	-0.18781183660030365	-0.378889262676239	-0.36562517285346985	-0.3100401759147644	-0.18268628418445587	0.13434220850467682	-0.2842923402786255	0.23860770463943481	0.6186524033546448	0.24423031508922577	0.43965110182762146	0.6997230052947998	0.4673669934272766	0.527163028717041	0.6741483807563782	0.20869404077529907	0.146393284201622	0.35898295044898987	0.1757219284772873	0.40026429295539856	-0.0843471884727478	-0.027232035994529724	0.06983126699924469	-0.053252868354320526	0.01263743732124567	0.22457289695739746	0.26182445883750916	0.037619635462760925	0.25819647312164307	0.24762442708015442	0.023387925699353218	0.18652227520942688	0.3480704426765442	0.3859836459159851	0.2828803062438965	-0.10254456102848053	-0.19523870944976807	0.08646848052740097	-0.022391285747289658	0.0010362162720412016	0.1484818160533905	0.16204872727394104	-0.10131519287824631	0.11764485388994217	0.17469151318073273	0.10624860972166061	-0.27955713868141174	0.0123117845505476	-0.14204581081867218	-0.15983201563358307	-0.20484210550785065	-0.05123862996697426	-0.16564048826694489	-0.2951500117778778	-0.09410835802555084	0.13699956238269806	-0.22013528645038605	0.04187069460749626	-0.38392964005470276	-0.13513705134391785	-0.420241117477417	-0.05936009809374809	-0.0077272262424230576	-0.2783980369567871	-0.038699086755514145	-0.37700527906417847	0.10278170555830002	0.13807813823223114	0.01285780780017376	0.022230319678783417	0.12435723841190338	0.14324744045734406	-0.36136171221733093	-0.022730102762579918	-0.09486060589551926	0.07207879424095154	0.10511058568954468	-0.11630154401063919	-0.13122060894966125	-0.37042126059532166	0.07550738751888275	-0.19531367719173431	-0.26526784896850586	0.08190394192934036	-0.021353181451559067	-0.06694670766592026	-0.050555720925331116	0.3525097966194153	0.14322993159294128	-0.27321404218673706	-0.32011446356773376	-0.24647288024425507	0.12357843667268753	-0.04156145825982094	0.031200191006064415	0.039462797343730927	0.24013112485408783	0.021976996213197708	-0.04086439311504364	-0.041174765676259995	-0.11562903225421906	-0.1664908230304718	-0.18271216750144958	0.10682260245084763	0.10900025069713593	0.1741613894701004	0.07637693732976913	-0.008203842677175999	-0.006950779817998409	-0.3416627049446106	-0.4345118999481201	-0.35238566994667053	-0.3698691427707672
LH_Vis_6	0.482816219329834	0.4517481327056885	0.8710598349571228	-0.30516329407691956	0.47062060236930847	1.0	0.5504403710365295	0.5501011610031128	0.9272875189781189	0.10900284349918365	0.2549351751804352	0.287759006023407	-0.06610401719808578	0.20087850093841553	0.2706936299800873	0.38225531578063965	0.16503627598285675	0.16041375696659088	0.17902931571006775	0.3070756196975708	0.44617193937301636	-0.26107099652290344	0.3680174648761749	0.05317799746990204	0.07476774603128433	0.047857221215963364	0.17413873970508575	0.0534040704369545	0.6256584525108337	0.281485915184021	-0.2596471607685089	-0.267871618270874	-0.204047292470932	-0.19276443123817444	-0.28126436471939087	0.19939672946929932	-0.186940997838974	-0.306331068277359	-0.3148486316204071	-0.20298081636428833	-0.33938488364219666	-0.3329044282436371	-0.32360488176345825	-0.11307686567306519	-0.49919649958610535	-0.27819588780403137	-0.3240448832511902	-0.4099108576774597	0.22234663367271423	-0.2796773612499237	0.3714585304260254	0.6148940920829773	0.341854065656662	-0.08188903331756592	0.8349650502204895	0.9634830951690674	0.5863876342773438	0.8201466798782349	0.2100304365158081	0.2680568993091583	0.22173243761062622	-0.06115621700882912	0.4006636440753937	0.22354447841644287	0.4321071207523346	0.31052887439727783	0.15732166171073914	0.1268426924943924	0.023030055686831474	0.16657623648643494	0.43278130888938904	0.0729406550526619	0.34644120931625366	0.2179216593503952	0.2895151376724243	0.27967894077301025	0.6870530843734741	0.4300878047943115	-0.23734323680400848	-0.17482085525989532	-0.21379026770591736	-0.3410559892654419	-0.38202717900276184	-0.22328828275203705	0.11565910279750824	-0.29079386591911316	0.03415023908019066	-0.009391303174197674	0.13513214886188507	-0.24195656180381775	-0.12949182093143463	-0.2159176915884018	-0.07238799333572388	-0.18315887451171875	0.0895855501294136	-0.04652959480881691	-0.153608039021492	-0.3322741985321045	0.31397247314453125	-0.22084802389144897	0.21265575289726257	-0.3836677670478821	-0.012171915732324123	-0.25677600502967834	-0.007061035372316837	0.12024100124835968	-0.31526508927345276	0.267611563205719	-0.3092530369758606	0.04022591561079025	0.04539969936013222	-0.021206781268119812	-0.024134475737810135	-0.04283160716295242	0.16093748807907104	-0.24287326633930206	0.018719322979450226	0.21998488903045654	0.0010572194587439299	-0.01334436982870102	-0.22156371176242828	0.12105255573987961	-0.08318176865577698	0.007074668537825346	0.060240212827920914	-0.34473922848701477	-0.0404348149895668	0.28625357151031494	0.2807377278804779	-0.0783308893442154	0.1599671095609665	0.18416517972946167	-0.04656663164496422	-0.2660951614379883	0.011167086660861969	0.437043696641922	-0.1254819929599762	-0.007732408586889505	0.3421351909637451	0.3527134954929352	-0.019418811425566673	0.1944682002067566	-0.17427068948745728	-0.2618299126625061	-0.2257644683122635	-0.0924077108502388	0.3597090542316437	0.25897645950317383	0.3911053240299225	0.3563407063484192	-0.07537861168384552	0.026360342279076576	-0.2260897308588028	-0.4266946613788605	-0.551544189453125	-0.41049832105636597
LH_Vis_7	0.0752667784690857	0.45654505491256714	0.5831887722015381	-0.1447540521621704	0.20585781335830688	0.5504403710365295	1.0	0.5705105066299438	0.5248476266860962	0.18135911226272583	0.33593109250068665	0.34270575642585754	0.1752433329820633	0.38247835636138916	0.14203159511089325	0.5549382567405701	0.36115121841430664	0.4538981020450592	0.5027456283569336	0.31720590591430664	0.43791279196739197	0.0014475294156000018	0.6333827972412109	0.18371891975402832	0.03976213559508324	0.20053930580615997	0.2216251641511917	0.11321262270212173	0.35670939087867737	0.5154204964637756	-0.4538259208202362	-0.42667001485824585	-0.2635740637779236	0.09331956505775452	-0.1369076669216156	-0.03948289901018143	-0.556538999080658	-0.5070289373397827	-0.3564015030860901	-0.031877629458904266	-0.4926581084728241	-0.5065739154815674	-0.43011340498924255	-0.5079812407493591	-0.43532463908195496	-0.49734193086624146	-0.42603614926338196	-0.43632739782333374	-0.28153443336486816	-0.47636133432388306	0.18245287239551544	0.500949501991272	0.5783717632293701	-0.08493974804878235	0.5154871344566345	0.5865437388420105	0.5879601240158081	0.5889796614646912	0.06321623921394348	0.2673719823360443	0.2782101631164551	0.15441495180130005	0.3643004298210144	0.2902814447879791	0.4292919337749481	0.1381792277097702	0.1929275542497635	0.41092002391815186	0.32062143087387085	0.3823363184928894	0.4363778233528137	0.34231993556022644	0.5411943793296814	0.26228517293930054	0.4232129752635956	0.37615692615509033	0.3418782949447632	0.5317819118499756	-0.3739413321018219	-0.34201717376708984	-0.19991089403629303	-0.22985047101974487	-0.3133372962474823	-0.18696877360343933	0.16263622045516968	-0.24088266491889954	-0.33927369117736816	-0.1590016931295395	-0.09716486930847168	-0.27057889103889465	-0.18400031328201294	-0.30893149971961975	-0.053886059671640396	-0.4540559947490692	-0.0896671935915947	-0.47857093811035156	-0.3686046302318573	-0.3292284607887268	0.017126861959695816	-0.42291876673698425	0.2788183391094208	-0.2578122913837433	-0.03371283411979675	-0.2604043185710907	-0.008105508983135223	0.1484500616788864	-0.4045194089412689	0.24428978562355042	-0.3348837196826935	0.06157886981964111	-0.12607330083847046	0.089564248919487	-0.26714012026786804	-0.1037699282169342	0.14367197453975677	-0.1697334349155426	0.07583610713481903	-0.08204720914363861	0.1651453822851181	-0.030945412814617157	-0.36987829208374023	0.15095633268356323	-0.004653708077967167	0.09627759456634521	-0.052675873041152954	-0.11519808322191238	-0.043079983443021774	0.33864644169807434	0.19195683300495148	-0.10514825582504272	-0.06472989916801453	0.11113613843917847	-0.07215000689029694	-0.23323902487754822	0.19664576649665833	0.32711097598075867	-0.18627957999706268	-0.062036529183387756	0.32085883617401123	0.1513984650373459	-0.07760249823331833	0.2018791288137436	-0.38786572217941284	-0.3436685800552368	-0.42752891778945923	-0.22217370569705963	0.3007090389728546	0.27642127871513367	0.4396819472312927	0.37289461493492126	0.22849270701408386	0.2604353725910187	-0.1700061559677124	-0.4377427101135254	-0.1843789666891098	-0.3416748046875
LH_Vis_8	0.4881582260131836	0.8455732464790344	0.6841772198677063	0.06365248560905457	0.627318799495697	0.5501011610031128	0.5705105066299438	1.0	0.6266890168190002	0.06251989305019379	0.04978325590491295	0.17159569263458252	0.033409617841243744	0.21050551533699036	0.03016332909464836	0.5671746134757996	0.13164323568344116	0.7184801697731018	0.3817613422870636	0.21679919958114624	0.19622763991355896	0.17826750874519348	0.6197549700737	-0.04834507033228874	0.03225474804639816	0.2576127052307129	0.4008064866065979	0.04885997250676155	0.3805941343307495	0.45362430810928345	-0.14889703691005707	-0.2827991247177124	-0.0020966464653611183	0.41427528858184814	0.10041765123605728	0.17955976724624634	-0.21028339862823486	-0.5767826437950134	-0.5189396739006042	-0.4418051838874817	-0.5181269645690918	-0.4153437316417694	-0.37492695450782776	-0.43979912996292114	-0.4378463923931122	-0.5982674360275269	-0.6000116467475891	-0.2950253188610077	-0.23407751321792603	-0.6113844513893127	0.4681667387485504	0.8356992602348328	0.559678316116333	0.2143184095621109	0.7553651332855225	0.6408089399337769	0.9403056502342224	0.823900043964386	-0.0930195301771164	-0.04458225518465042	0.19119830429553986	0.007945793680846691	0.31090328097343445	-0.15299823880195618	0.09196589142084122	0.029701264575123787	-0.08136339485645294	0.12244611978530884	0.4788534641265869	0.6342477202415466	0.2249242663383484	0.49975624680519104	0.5629507303237915	-0.012147863395512104	0.20198513567447662	0.4926713705062866	0.3745012879371643	0.40399518609046936	-0.2897799015045166	-0.21971970796585083	0.1554461270570755	-0.0765034556388855	-0.08926314860582352	0.1067715659737587	0.34729453921318054	-0.14462116360664368	-0.13654553890228271	0.20962059497833252	-0.1070062518119812	-0.4333530366420746	-0.06905500590801239	-0.42609846591949463	-0.36071011424064636	-0.23952358961105347	-0.08947212994098663	-0.3760037124156952	-0.43795812129974365	-0.23894527554512024	-0.1521746963262558	-0.5728794932365417	0.2238580733537674	-0.49262306094169617	0.009610672481358051	-0.4455748498439789	0.16034024953842163	0.22684034705162048	-0.27692338824272156	0.2364361584186554	-0.1471104770898819	0.1083592101931572	0.04462401196360588	-0.008127698674798012	-0.09505299478769302	0.16222669184207916	0.2443324625492096	-0.3599366247653961	0.01907053031027317	0.04703840985894203	0.07416659593582153	0.1366804838180542	-0.052377473562955856	-0.06006672978401184	-0.06419369578361511	0.11418802291154861	0.08787474036216736	-0.20977361500263214	0.07522603124380112	0.013578562997281551	0.23831340670585632	-0.11314669996500015	0.14775274693965912	0.2475670725107193	-0.09201943129301071	-0.2030884474515915	-0.17730797827243805	0.41976359486579895	-0.034261513501405716	0.10087103396654129	0.1855071485042572	0.41932445764541626	0.11536012589931488	0.3465519845485687	-0.009677513502538204	0.09670639783143997	-0.0031498970929533243	-0.015313543379306793	0.14543995261192322	0.28072497248649597	0.59256511926651	0.32002416253089905	0.23687443137168884	0.29520392417907715	-0.2711377441883087	-0.5693796873092651	-0.16269175708293915	-0.31838616728782654
LH_Vis_9	0.46114465594291687	0.5123807787895203	0.8580244779586792	-0.2598063349723816	0.5417637825012207	0.9272875189781189	0.5248476266860962	0.6266890168190002	1.0	0.05911573767662048	0.18873757123947144	0.23152512311935425	0.017834192141890526	0.16549324989318848	0.15405713021755219	0.2760700285434723	0.07543615996837616	0.16704675555229187	0.14318951964378357	0.3119204044342041	0.3602486848831177	-0.36129072308540344	0.3424421548843384	0.03792090713977814	0.03943346440792084	-0.015669317916035652	0.22659648954868317	-0.035027991980314255	0.6698123216629028	0.2614569365978241	-0.38024163246154785	-0.33746886253356934	-0.21282316744327545	-0.17400312423706055	-0.3563457429409027	0.3014679253101349	-0.16904126107692719	-0.34080445766448975	-0.4044664800167084	-0.27799850702285767	-0.3195682764053345	-0.396005243062973	-0.4340260326862335	-0.15575450658798218	-0.5584680438041687	-0.2965262234210968	-0.39705342054367065	-0.3922078311443329	0.19708964228630066	-0.2714235484600067	0.2793625593185425	0.6455304026603699	0.24971863627433777	-0.057657647877931595	0.8429111242294312	0.9394358396530151	0.6453326344490051	0.8717552423477173	0.14592595398426056	0.22652466595172882	0.21264488995075226	0.02551967091858387	0.4577741324901581	0.14970700442790985	0.3324004113674164	0.20447583496570587	0.20331354439258575	0.08263901621103287	0.04210999235510826	0.18903550505638123	0.406305730342865	0.03889107704162598	0.35388681292533875	0.24411830306053162	0.2740321457386017	0.2789400815963745	0.7228206396102905	0.3813917934894562	-0.3562893867492676	-0.2186482697725296	-0.1166103184223175	-0.2895602881908417	-0.4072221517562866	-0.28603866696357727	0.17507462203502655	-0.3308594524860382	0.09384293109178543	-0.01631057634949684	0.22583279013633728	-0.18085643649101257	-0.11999589204788208	-0.2500573396682739	-0.07106153666973114	-0.2416648119688034	0.005937246140092611	-0.05019233003258705	-0.11907067149877548	-0.3100212812423706	0.22453199326992035	-0.1908978521823883	0.12051505595445633	-0.4640217125415802	-0.2050808221101761	-0.3687380254268646	-0.048868101090192795	0.04801391810178757	-0.38805559277534485	0.18432408571243286	-0.36370205879211426	-0.018893301486968994	-0.03958034887909889	-0.15944930911064148	-0.06152650713920593	-0.16651882231235504	0.10570121556520462	-0.3371746838092804	-0.2214895337820053	0.1038454920053482	0.012416400946676731	-0.12909048795700073	-0.2865118086338043	-0.032686710357666016	-0.19349133968353271	0.06701690703630447	-0.0377187617123127	-0.4323655664920807	0.012553511187434196	0.11025403439998627	0.1168493926525116	-0.04733935743570328	0.08087564259767532	0.12580235302448273	-0.10823225229978561	-0.3108486235141754	-0.1294592171907425	0.36065104603767395	-0.08419368416070938	-0.06745104491710663	0.3025510013103485	0.28527534008026123	-0.06595917791128159	0.17024698853492737	-0.18322117626667023	-0.24922174215316772	-0.2019612193107605	-0.13252471387386322	0.25517696142196655	0.1935802549123764	0.33203282952308655	0.35751432180404663	-0.050952378660440445	0.0707341730594635	-0.23114947974681854	-0.40198439359664917	-0.5005211234092712	-0.2959940433502197
LH_SomMot_1	0.2724699378013611	0.19949722290039062	0.1892593801021576	-0.03472883626818657	0.29632219672203064	0.10900284349918365	0.18135911226272583	0.06251989305019379	0.05911573767662048	1.0	0.7893624901771545	0.6245871782302856	0.6286331415176392	0.3970851004123688	0.29335516691207886	0.07793321460485458	0.14730551838874817	-0.01754356548190117	0.10476572811603546	0.040886521339416504	0.1660272628068924	0.0007033324800431728	0.11833570897579193	0.19687719643115997	0.4490591883659363	0.4912704527378082	0.07940082997083664	0.38556286692619324	0.23552516102790833	0.46064111590385437	0.04301176592707634	-0.20576158165931702	-0.35772448778152466	-0.023476075381040573	0.07359924912452698	0.18170171976089478	-0.18343697488307953	-0.2524927854537964	-0.09693392366170883	-0.02541414089500904	-0.35935184359550476	-0.23062610626220703	-0.03280790522694588	-0.21264265477657318	-0.2692231237888336	-0.32792145013809204	-0.2864696979522705	-0.2686968743801117	0.05939427390694618	-0.23347145318984985	0.296243816614151	0.21030233800411224	0.27025994658470154	0.06148924678564072	0.26039373874664307	0.10143116861581802	0.05172509327530861	0.10504084825515747	0.7859086394309998	0.688957929611206	0.6939653754234314	0.52436763048172	0.6445700526237488	0.2685393989086151	0.20826859772205353	0.1844191551208496	-0.19726397097110748	0.2608300447463989	0.16773007810115814	0.06473225355148315	0.06568737328052521	0.3179194927215576	0.2608591914176941	0.09333118051290512	0.34064245223999023	0.39010798931121826	0.30894777178764343	0.45918604731559753	0.09026792645454407	-0.22998873889446259	-0.07333429157733917	-0.10587805509567261	0.03859654441475868	0.374568909406662	0.11990174651145935	-0.1775810569524765	-0.04510226100683212	0.3474777638912201	-0.07143095880746841	-0.4014562964439392	-0.006000145338475704	-0.06733176857233047	-0.02851136215031147	-0.021587153896689415	0.11777987331151962	-0.16411273181438446	-0.35948503017425537	0.027574127539992332	0.18231047689914703	-0.11362356692552567	0.388141006231308	-0.007704779040068388	-0.08490230143070221	0.015528704039752483	0.14676454663276672	-0.04355132207274437	0.04864747077226639	0.21374870836734772	-0.14802275598049164	-0.2265901267528534	0.07661260664463043	0.17833545804023743	0.18609800934791565	0.010770515538752079	0.37328845262527466	0.03770123049616814	0.237373948097229	-0.03094233013689518	0.17348657548427582	0.33424076437950134	0.10057394206523895	0.12963157892227173	0.014472240582108498	-0.09414955973625183	0.12463313341140747	-0.3010441064834595	-0.039662618190050125	0.08265267312526703	-0.01572594605386257	0.1033778190612793	0.4174227714538574	0.3171902000904083	0.07480866461992264	0.0913287103176117	0.3843802213668823	0.08628682792186737	0.09037085622549057	0.3585856556892395	0.2101280242204666	0.21338166296482086	0.4124825596809387	0.273484468460083	0.0022625436540693045	-0.14395283162593842	-0.15506359934806824	-0.06324806064367294	0.26086190342903137	0.13976968824863434	-0.014245443046092987	0.10565429925918579	0.047935258597135544	-0.10871873795986176	-0.3728737533092499	-0.4830920696258545	-0.4099647104740143	-0.4330419600009918
LH_SomMot_2	0.21049976348876953	0.19421152770519257	0.3335689902305603	-0.14727501571178436	0.1971859484910965	0.2549351751804352	0.33593109250068665	0.04978325590491295	0.18873757123947144	0.7893624901771545	1.0	0.7573462128639221	0.5607612133026123	0.49036332964897156	0.5410069227218628	0.2465013563632965	0.2717795968055725	-0.0037027013022452593	0.20823869109153748	0.08617441356182098	0.4918668866157532	-0.1698295921087265	0.19539165496826172	0.22305940091609955	0.4211775064468384	0.39519375562667847	0.07958081364631653	0.3014114797115326	0.3628629148006439	0.5217745900154114	-0.1688801795244217	-0.3141888380050659	-0.5156401991844177	-0.17096643149852753	-0.12341708689928055	0.040614016354084015	-0.3968958556652069	-0.32564935088157654	-0.22433365881443024	-0.05014541372656822	-0.48686307668685913	-0.45597943663597107	-0.20494185388088226	-0.35738638043403625	-0.4696075916290283	-0.39251279830932617	-0.3443641662597656	-0.475732684135437	-0.03619108721613884	-0.34633880853652954	0.2767675817012787	0.23543418943881989	0.3675079643726349	-0.03607190400362015	0.30455049872398376	0.24210497736930847	0.0848538726568222	0.17415574193000793	0.7515477538108826	0.8727161288261414	0.7513394355773926	0.5401227474212646	0.6989114880561829	0.49449455738067627	0.5207768678665161	0.4252738058567047	-0.13924036920070648	0.38649946451187134	0.12779438495635986	0.10524854063987732	0.3099449574947357	0.27775105834007263	0.35409995913505554	0.13063842058181763	0.4885556101799011	0.4529486894607544	0.5126216411590576	0.6218551993370056	-0.04978492483496666	-0.28992530703544617	-0.23751142621040344	-0.16389812529087067	-0.17496682703495026	0.19140732288360596	0.08762047439813614	-0.2539530396461487	-0.16493943333625793	0.1287260353565216	-0.12363888323307037	-0.3960036337375641	-0.01818198338150978	-0.1177673265337944	-0.08321498334407806	-0.23196618258953094	0.11512758582830429	-0.2986210584640503	-0.38191846013069153	-0.08855894207954407	0.12372326850891113	-0.19186849892139435	0.31833067536354065	-0.18563306331634521	-0.14073552191257477	-0.04355122894048691	-0.006878803949803114	-0.07278195768594742	-0.051871925592422485	0.23146352171897888	-0.3041156232357025	-0.3223951458930969	0.02768571302294731	0.04853147268295288	-0.11321014165878296	0.013923291116952896	0.24965502321720123	-0.045627061277627945	0.1600562036037445	0.06595617532730103	0.04726124554872513	0.2253316342830658	0.03335803374648094	0.23966717720031738	0.11471759527921677	-0.10947633534669876	0.013036222197115421	-0.40962904691696167	-0.2340151071548462	0.14854685962200165	0.02114357426762581	0.11409413814544678	0.34665074944496155	0.4067355692386627	0.09977905452251434	0.08086137473583221	0.5352280735969543	0.22266019880771637	0.06422652304172516	0.22892190515995026	0.48536422848701477	0.310452938079834	0.4170275330543518	0.3112579584121704	-0.09932604432106018	-0.21415869891643524	-0.23505935072898865	-0.13745497167110443	0.4617326855659485	0.33333441615104675	0.08545853197574615	0.3996467888355255	0.03831613436341286	-0.021160755306482315	-0.3944723904132843	-0.5219021439552307	-0.484090656042099	-0.36924728751182556
LH_SomMot_3	0.181232750415802	0.24281108379364014	0.32606756687164307	-0.11484917998313904	0.292699933052063	0.287759006023407	0.34270575642585754	0.17159569263458252	0.23152512311935425	0.6245871782302856	0.7573462128639221	1.0	0.5502266883850098	0.4448085129261017	0.46664395928382874	0.49791356921195984	0.6504729986190796	0.08101697266101837	0.4518604576587677	-0.12255839258432388	0.5899075865745544	0.022013556212186813	0.26104211807250977	0.4452721178531647	0.5905829071998596	0.548751175403595	0.1215549111366272	0.17901642620563507	0.43003979325294495	0.6880829930305481	-0.09511485695838928	-0.3465047776699066	-0.3820147216320038	-0.027148479595780373	-0.10985489189624786	0.011647495441138744	-0.3428570628166199	-0.4769655764102936	-0.25210845470428467	-0.17245739698410034	-0.5646429061889648	-0.37274500727653503	-0.20089660584926605	-0.3736770451068878	-0.5072485208511353	-0.4406875967979431	-0.38533034920692444	-0.5719975233078003	-0.17116329073905945	-0.4748097062110901	0.29010915756225586	0.3260752856731415	0.563096284866333	0.11935125291347504	0.3701380789279938	0.2610875070095062	0.24060027301311493	0.33099165558815	0.5560247898101807	0.7936031222343445	0.9099492430686951	0.46438783407211304	0.5970388054847717	0.41351234912872314	0.5762278437614441	0.44069963693618774	-0.2904838025569916	0.6339295506477356	0.152470201253891	0.09498763084411621	0.27434274554252625	0.30492153763771057	0.38354185223579407	0.21521632373332977	0.7430849075317383	0.6614109873771667	0.46705031394958496	0.6540692448616028	-0.06422647088766098	-0.26778340339660645	-0.20695281028747559	-0.3810628056526184	-0.2797686755657196	0.09851082414388657	0.022586245089769363	-0.4213469624519348	-0.22242920100688934	0.015633370727300644	-0.33629459142684937	-0.6047191023826599	-0.13287986814975739	-0.17550711333751678	-0.09418722242116928	-0.18506547808647156	0.15919429063796997	-0.42107954621315	-0.4889325797557831	-0.5018945336341858	-0.07893867045640945	-0.4087744355201721	0.09949605911970139	-0.3365492820739746	-0.02302239090204239	-0.16552852094173431	0.00987017061561346	-0.04167522117495537	-0.10242336988449097	0.04592723399400711	-0.2571861147880554	-0.12655223906040192	0.21798184514045715	0.18173521757125854	0.17775356769561768	0.0628243237733841	0.08112601190805435	-0.2550738751888275	0.22663849592208862	0.167706698179245	0.2800486385822296	0.29315677285194397	0.025282740592956543	0.11078543215990067	0.0052982051856815815	0.05008382350206375	-0.1461404263973236	-0.20473656058311462	-0.2385915070772171	0.015104066580533981	0.04011336341500282	0.06709793955087662	0.39197617769241333	0.16272427141666412	0.057880949229002	-0.04952281713485718	0.2522195279598236	0.18580296635627747	-0.014969168230891228	0.2398257851600647	0.2635394036769867	0.3646102249622345	0.3513120114803314	0.20460420846939087	-0.15099413692951202	-0.23531340062618256	-0.25911179184913635	-0.14345641434192657	0.4813230335712433	0.4863645136356354	0.21417391300201416	0.4607241451740265	0.020672496408224106	0.1632135659456253	-0.2365146428346634	-0.41194450855255127	-0.3585832118988037	-0.43686023354530334
