Node	DMN_LABEL_1	Vis_LABEL_2	FP_LABEL_3	Aud_LABEL_4	Tpole_LABEL_5	PMN_LABEL_6	PON_LABEL_7	MTL_LABEL_8	PON_LABEL_9	CO_LABEL_10	Sal_LABEL_11	CO_LABEL_12	SMd_LABEL_13	SMl_LABEL_14	DAN_LABEL_15	DMN_LABEL_16	CO_LABEL_17	DMN_LABEL_18	VAN_LABEL_19	CO_LABEL_20	CO_LABEL_21	Sal_LABEL_22	DAN_LABEL_23	PMN_LABEL_24	DAN_LABEL_25	DMN_LABEL_26	DMN_LABEL_27	DMN_LABEL_28	Vis_LABEL_29	FP_LABEL_30	Aud_LABEL_31	Tpole_LABEL_32	PMN_LABEL_33	PON_LABEL_34	MTL_LABEL_35	CO_LABEL_36	Sal_LABEL_37	CO_LABEL_38	SMd_LABEL_39	SMl_LABEL_40	DAN_LABEL_41	CO_LABEL_42	VAN_LABEL_43	CO_LABEL_44	CO_LABEL_45	Sal_LABEL_46	DAN_LABEL_47	PMN_LABEL_48	DAN_LABEL_49	DMN_LABEL_50	FP_LABEL_51	DMN_LABEL_52	DMN_LABEL_53	PON_LABEL_54	DMN_LABEL_55	Tpole_LABEL_56	Tpole_LABEL_57	Sal_LABEL_58	Sal_LABEL_59	SMd_LABEL_60	DAN_LABEL_61	FP_LABEL_62	DMN_LABEL_63	FP_LABEL_64	FP_LABEL_65	SMd_LABEL_66	SMl_LABEL_67	SMd_LABEL_68	DMN_LABEL_69	DAN_LABEL_70	DMN_LABEL_71	FP_LABEL_72	SMd_LABEL_73	SMl_LABEL_74	MTL_LABEL_75	MTL_LABEL_76	CO_LABEL_77	CO_LABEL_78	Vis_LABEL_79	Vis_LABEL_80
DMN_LABEL_1	1.0	-0.14438116550445557	-0.33759060502052307	0.0997280403971672	0.17683686316013336	0.2662314474582672	0.5239635705947876	n/a	0.35589659214019775	-0.3236452341079712	-0.032133668661117554	-0.3008924126625061	-0.3038644790649414	0.2021639198064804	-0.40749916434288025	0.4513567388057709	-0.21848855912685394	0.2978411018848419	0.14357787370681763	0.05950693413615227	-0.3276515603065491	-0.08310195803642273	-0.33144891262054443	0.24524542689323425	-0.23054833710193634	0.6132367849349976	0.03143197298049927	0.17298144102096558	-0.1263340562582016	-0.21752282977104187	0.13862763345241547	0.09496999531984329	0.2143583744764328	0.5808572173118591	n/a	-0.4332219958305359	0.09040410071611404	-0.30102136731147766	-0.33049318194389343	0.08709148317575455	-0.3787393271923065	-0.3098500669002533	-0.2150880992412567	0.14788424968719482	-0.3132830560207367	-0.11982255429029465	-0.06769967824220657	0.15229426324367523	-0.30276212096214294	0.538945734500885	-0.39407163858413696	0.10807020217180252	0.2897302806377411	0.28265753388404846	0.3133322298526764	-0.010758177377283573	0.20326010882854462	0.09474489092826843	0.17547757923603058	-0.07183632999658585	-0.07106335461139679	-0.4144788384437561	0.08218689262866974	-0.07690209150314331	-0.403779000043869	-0.3204633593559265	0.055411018431186676	-0.34421005845069885	0.4539278745651245	-0.0990581139922142	0.10996901988983154	-0.3209397494792938	-0.41083478927612305	-0.21103177964687347	0.28441503643989563	0.5817316770553589	-0.07472356408834457	-0.007177192252129316	0.2302074134349823	0.28150078654289246
Vis_LABEL_2	-0.14438116550445557	1.0	-0.2119768112897873	0.2135300636291504	-0.04878062754869461	0.2918669581413269	0.2563367486000061	n/a	0.06825389713048935	0.13402216136455536	-0.22470855712890625	0.39371949434280396	0.2881578505039215	-0.10572133213281631	-0.14533551037311554	-0.36186543107032776	0.06885674595832825	-0.6456166505813599	-0.12289049476385117	-0.0028182624373584986	0.2250305712223053	-0.04653625935316086	0.0970752164721489	0.3404609262943268	0.2870710790157318	-0.2801761031150818	-0.28321200609207153	-0.1791791021823883	0.8487381935119629	-0.23805254697799683	0.2798389196395874	-0.2446361929178238	0.1495564877986908	0.3294956088066101	n/a	-0.004070222843438387	-0.4941122531890869	0.32968857884407043	0.36821961402893066	-0.13371628522872925	-0.08980128914117813	0.16910390555858612	-0.2772558033466339	-0.036419257521629333	0.17664173245429993	-0.021109778434038162	0.08013071119785309	0.2503935992717743	0.2258550226688385	-0.274249404668808	-0.13114213943481445	-0.23776106536388397	-0.3497975170612335	0.21670392155647278	-0.6354584097862244	0.05789590999484062	-0.34491831064224243	0.1465168297290802	-0.0022083979565650225	0.09480133652687073	0.3330771028995514	-0.00895567424595356	-0.6143484115600586	-0.5329939723014832	-0.13635720312595367	-0.06479626893997192	-0.08861240744590759	-0.15853461623191833	-0.16405262053012848	0.19144226610660553	-0.6205781102180481	-0.3204101324081421	0.28861650824546814	-0.2265680432319641	0.05634374916553497	0.059783291071653366	0.393729567527771	0.1742756962776184	0.16758999228477478	0.31919461488723755
FP_LABEL_3	-0.33759060502052307	-0.2119768112897873	1.0	-0.4188966155052185	-0.36841413378715515	-0.0739876925945282	-0.4472176432609558	n/a	-0.4100832939147949	-0.21841758489608765	0.4883674681186676	-0.0994204729795456	-0.14652183651924133	-0.0912795439362526	0.4281882643699646	0.20842906832695007	-0.2891933023929596	0.13953223824501038	-0.028312338516116142	-0.4305621087551117	-0.07310357689857483	0.25516656041145325	0.06073262169957161	0.15272071957588196	0.08815783262252808	-0.29254043102264404	0.5181524753570557	0.5879285335540771	-0.3096849024295807	0.7198231816291809	-0.48148930072784424	-0.25298088788986206	-0.012175576761364937	-0.35117390751838684	n/a	-0.03648998588323593	0.10424330085515976	-0.015579762868583202	-0.005456330720335245	-0.14899232983589172	0.022332575172185898	-0.1352161318063736	-0.1345219612121582	-0.5110616087913513	-0.1119752824306488	0.10750280320644379	-0.056983768939971924	0.1566135436296463	0.058085136115550995	-0.09190890938043594	0.21076852083206177	-0.4561407268047333	-0.31377413868904114	-0.23956650495529175	-0.21246793866157532	0.11813970655202866	-0.13111616671085358	0.06119275093078613	-0.056967418640851974	0.13660375773906708	-0.14445553719997406	0.4677141308784485	0.10837844759225845	0.27742743492126465	0.2755979895591736	0.11971776187419891	0.08145833760499954	0.10423816740512848	-0.6081894040107727	-0.14037565886974335	0.307445228099823	0.5938440561294556	0.04622282460331917	0.24518126249313354	-0.3099369704723358	-0.22130094468593597	-0.23189470171928406	-0.3328247368335724	-0.431102454662323	-0.4807094931602478
Aud_LABEL_4	0.0997280403971672	0.2135300636291504	-0.4188966155052185	1.0	0.30588656663894653	0.29785576462745667	0.2999593913555145	n/a	0.20014701783657074	0.15415136516094208	-0.3455587923526764	0.3496590554714203	0.3656483590602875	0.23175185918807983	-0.25123417377471924	-0.3618505001068115	0.06244921684265137	-0.2847447991371155	0.38628455996513367	0.4811286926269531	0.06258141249418259	-0.24145349860191345	0.06930853426456451	0.15705245733261108	0.3604423403739929	-0.020280543714761734	-0.3848726749420166	-0.43779632449150085	0.296560674905777	-0.37490952014923096	0.8190135359764099	0.20056737959384918	0.27676713466644287	0.1648828238248825	n/a	0.014212904497981071	-0.0973680391907692	0.28296881914138794	0.2714185118675232	0.22111986577510834	-0.07907619327306747	0.31234174966812134	0.1477326601743698	0.3054763972759247	0.2109765261411667	-0.18965497612953186	0.16453614830970764	0.17395763099193573	0.3707517087459564	-0.29877954721450806	-0.34097450971603394	0.26701536774635315	-0.17850768566131592	0.22584432363510132	-0.2379189282655716	0.07679078727960587	0.19140705466270447	0.1705881655216217	0.17688685655593872	0.16014514863491058	0.32092174887657166	-0.31412893533706665	-0.22529099881649017	-0.44871386885643005	-0.3034960925579071	-0.18606658279895782	0.00123589055147022	0.0690508559346199	0.30417564511299133	-0.01934702880680561	-0.3532295823097229	-0.45065781474113464	-0.11509875953197479	-0.180579274892807	0.3935141861438751	0.2944878935813904	0.32998156547546387	0.42573994398117065	0.13507235050201416	0.36195382475852966
Tpole_LABEL_5	0.17683686316013336	-0.04878062754869461	-0.36841413378715515	0.30588656663894653	1.0	-0.08660365641117096	0.04178981855511665	n/a	0.19675762951374054	-0.029830394312739372	-0.04091404750943184	-0.011269454844295979	0.07048943638801575	-0.05063595622777939	-0.12538711726665497	-0.07358479499816895	0.021401725709438324	0.0572945699095726	0.2115495800971985	0.3721984922885895	0.013158810324966908	-0.01995384693145752	-0.18354980647563934	-0.22884942591190338	-0.24731627106666565	-0.2235775887966156	-0.3195866048336029	-0.35223448276519775	-0.0932377278804779	-0.1945132315158844	0.13320106267929077	0.5689603686332703	-0.18005867302417755	-0.08818238973617554	n/a	0.16735191643238068	0.12140148878097534	0.046055544167757034	-0.04760287329554558	-0.015492022968828678	-0.16329307854175568	-0.13709086179733276	0.45907360315322876	0.26793599128723145	0.08443194627761841	-0.017661182209849358	-0.07607503980398178	-0.2004590481519699	-0.3070426285266876	0.13304388523101807	-0.020586993545293808	0.4387671947479248	0.2897154688835144	-0.012333828955888748	0.18272612988948822	0.31653842329978943	0.46087560057640076	-0.18749336898326874	-0.12524324655532837	-0.06862157583236694	0.02397913672029972	-0.3722507357597351	-0.017543140798807144	-0.018510889261960983	-0.22981610894203186	-0.015225556679069996	0.013562476262450218	-0.2297574132680893	0.35254916548728943	0.21707189083099365	-0.06676681339740753	-0.09297678619623184	-0.10589469224214554	-0.2263585925102234	0.19208967685699463	0.06569409370422363	-0.023262739181518555	0.06187080591917038	0.3179125189781189	0.19049210846424103
PMN_LABEL_6	0.2662314474582672	0.2918669581413269	-0.0739876925945282	0.29785576462745667	-0.08660365641117096	1.0	0.41171708703041077	n/a	0.015485669486224651	-0.07011394202709198	0.016929499804973602	0.10206709057092667	-0.03415438532829285	0.2290586531162262	-0.07010668516159058	-0.1679275929927826	-0.2869642376899719	-0.48814189434051514	0.07114234566688538	0.1970708668231964	-0.16372889280319214	0.013651643879711628	0.016172146424651146	0.7644217014312744	0.18632513284683228	0.09395468235015869	-0.02345571108162403	-0.016301680356264114	0.3070506751537323	0.05981375277042389	0.2619592547416687	-0.33599913120269775	0.8225899934768677	0.4524000883102417	n/a	-0.43860146403312683	0.1241147443652153	-0.07966012507677078	-0.008907678537070751	0.10843366384506226	-0.15597528219223022	-0.06812989711761475	-0.3386894762516022	-0.05190287157893181	-0.09531725943088531	-0.09651980549097061	-0.053611643612384796	0.6901602745056152	0.17979951202869415	0.19274993240833282	-0.3123305141925812	-0.27451595664024353	-0.24788716435432434	-0.039608050137758255	-0.2709899842739105	0.047261111438274384	-0.19432441890239716	0.35882478952407837	0.37281522154808044	-0.06084751337766647	0.006989414803683758	-0.11750302463769913	-0.14915470778942108	-0.336137592792511	-0.3069932162761688	-0.0871129259467125	0.08152611553668976	-0.31416669487953186	0.13570228219032288	-0.35967883467674255	-0.33525484800338745	-0.2271212637424469	-0.17575563490390778	-0.2598625719547272	0.04678011313080788	0.3318444490432739	0.23784025013446808	0.2895214557647705	0.10094061493873596	0.3167129158973694
PON_LABEL_7	0.5239635705947876	0.2563367486000061	-0.4472176432609558	0.2999593913555145	0.04178981855511665	0.41171708703041077	1.0	n/a	0.5254100561141968	-0.19682268798351288	-0.2869943678379059	0.0100334407761693	-0.18538522720336914	0.2688461244106293	-0.4865809679031372	0.15203647315502167	-0.18009211122989655	-0.11599089950323105	-0.016185607761144638	0.22013558447360992	-0.2659186124801636	-0.25344833731651306	-0.19263729453086853	0.2958018183708191	0.14372828602790833	0.6283533573150635	0.08026358485221863	0.07067970931529999	0.2785695791244507	-0.24947699904441833	0.28171470761299133	-0.11652301251888275	0.2101530134677887	0.8582358956336975	n/a	-0.37930402159690857	-0.028987091034650803	-0.09002283215522766	-0.18287783861160278	0.19932593405246735	-0.3340599238872528	-0.010549291968345642	-0.4054394066333771	0.23353932797908783	-0.175596222281456	-0.3302546739578247	0.04537857323884964	0.1856669932603836	0.16986820101737976	0.2552507817745209	-0.6768203973770142	-0.08972256630659103	0.10684175044298172	0.3690023422241211	-0.057402048259973526	0.09265169501304626	0.15072980523109436	0.15957237780094147	0.32527509331703186	-0.11440473049879074	0.06448553502559662	-0.339713990688324	-0.22155040502548218	-0.3632476329803467	-0.33735573291778564	-0.20434850454330444	0.12990838289260864	-0.2954634726047516	0.5283530950546265	-0.19973346590995789	-0.1976119875907898	-0.42333871126174927	-0.35770976543426514	-0.27764177322387695	0.3833288550376892	0.5388107299804688	0.24276471138000488	0.31187543272972107	0.236444890499115	0.33621224761009216
MTL_LABEL_8	n/a	n/a	n/a	n/a	n/a	n/a	n/a	1.0	n/a	n/a	n/a	n/a	n/a	n/a	n/a	n/a	n/a	n/a	n/a	n/a	n/a	n/a	n/a	n/a	n/a	n/a	n/a	n/a	n/a	n/a	n/a	n/a	n/a	n/a	n/a	n/a	n/a	n/a	n/a	n/a	n/a	n/a	n/a	n/a	n/a	n/a	n/a	n/a	n/a	n/a	n/a	n/a	n/a	n/a	n/a	n/a	n/a	n/a	n/a	n/a	n/a	n/a	n/a	n/a	n/a	n/a	n/a	n/a	n/a	n/a	n/a	n/a	n/a	n/a	n/a	n/a	n/a	n/a	n/a	n/a
PON_LABEL_9	0.35589659214019775	0.06825389713048935	-0.4100832939147949	0.20014701783657074	0.19675762951374054	0.015485669486224651	0.5254100561141968	n/a	1.0	-0.07259441167116165	-0.31102630496025085	-0.09932582080364227	-0.15723459422588348	0.00723431957885623	-0.18911510705947876	0.11580590158700943	-0.06889989227056503	0.13824129104614258	0.024797193706035614	0.20295098423957825	-0.21685907244682312	-0.406377911567688	-0.004296171013265848	-0.13936150074005127	0.13013696670532227	0.3117845952510834	-0.13669271767139435	-0.0869784951210022	0.15996992588043213	-0.32374370098114014	0.3015526831150055	0.14027059078216553	0.014083756133913994	0.44178974628448486	n/a	-0.034278444945812225	-0.005523036699742079	-0.15846511721611023	-0.22521890699863434	-0.010692178271710873	0.09797058254480362	-0.08675919473171234	-0.16609367728233337	0.2974930703639984	-0.14277109503746033	-0.3322383463382721	0.1535263955593109	-0.06102101132273674	0.052817195653915405	0.1396269053220749	-0.2652216851711273	0.05996454879641533	0.24665403366088867	0.5481711626052856	-0.053898900747299194	-0.13022077083587646	0.14318154752254486	-0.06055803224444389	0.0427088662981987	-0.27440837025642395	0.049176402390003204	-0.23607392609119415	-0.038999516516923904	-0.1024467945098877	-0.20592285692691803	-0.3817935585975647	-0.11196478456258774	-0.16554667055606842	0.4598408341407776	0.06669500470161438	0.011419042013585567	-0.17541690170764923	-0.26611441373825073	-0.21289239823818207	0.25592154264450073	0.3657025992870331	0.06188252940773964	0.0716032087802887	-0.015944192185997963	0.1368277221918106
CO_LABEL_10	-0.3236452341079712	0.13402216136455536	-0.21841758489608765	0.15415136516094208	-0.029830394312739372	-0.07011394202709198	-0.19682268798351288	n/a	-0.07259441167116165	1.0	-0.21220692992210388	0.7203546762466431	0.5817306637763977	-0.33741292357444763	0.23931355774402618	-0.3638889491558075	0.4195723533630371	-0.2271953672170639	-0.01286450494080782	0.3048930764198303	0.6399650573730469	-0.09589137136936188	0.15392184257507324	-0.18946944177150726	0.18883943557739258	-0.2533564567565918	-0.39141684770584106	-0.4536103904247284	0.07935581356287003	-0.34217801690101624	0.13412684202194214	0.04425301402807236	-0.0050101010128855705	-0.26973116397857666	n/a	0.5984843373298645	-0.05091818794608116	0.6555817127227783	0.2559623718261719	-0.24753066897392273	0.010009242221713066	0.35846051573753357	0.2154330164194107	0.2612815499305725	0.6091428995132446	0.0397479310631752	-0.2929701507091522	-0.18814052641391754	-0.14886873960494995	-0.3204974830150604	0.34230440855026245	0.24648858606815338	0.10236760973930359	0.03512541949748993	-0.14180299639701843	-0.11531339585781097	-0.025280024856328964	-0.052761659026145935	-0.050695132464170456	0.09794796258211136	0.035526879131793976	-0.05079236254096031	-0.16573771834373474	-0.17365586757659912	-0.06268756091594696	0.11395925283432007	-0.012580690905451775	0.22072547674179077	0.008311881683766842	0.09037470817565918	-0.15539228916168213	-0.04883855581283569	0.4182463586330414	0.027410514652729034	-0.08278838545084	-0.21703265607357025	0.325138658285141	0.23508687317371368	-0.14203493297100067	0.049697887152433395
Sal_LABEL_11	-0.032133668661117554	-0.22470855712890625	0.4883674681186676	-0.3455587923526764	-0.04091404750943184	0.016929499804973602	-0.2869943678379059	n/a	-0.31102630496025085	-0.21220692992210388	1.0	-0.14956523478031158	-0.1494741588830948	-0.007397197186946869	0.1686834841966629	0.13869427144527435	-0.08452698588371277	0.11681142449378967	-0.06219589710235596	-0.22213225066661835	0.12157328426837921	0.7403856515884399	-0.4229028820991516	0.14924995601177216	-0.2885160744190216	-0.19815805554389954	0.08789539337158203	0.2692300081253052	-0.3380042612552643	0.3372190594673157	-0.2323872447013855	-0.13973450660705566	0.12847380340099335	-0.1513773500919342	n/a	0.10995179414749146	0.45312342047691345	-0.040040768682956696	-0.15009351074695587	-0.08917569369077682	-0.14280244708061218	-0.18922510743141174	0.050034135580062866	-0.06831514835357666	0.10444287955760956	0.5989712476730347	-0.4576815366744995	0.16675041615962982	-0.2923887372016907	0.1849672496318817	0.21182508766651154	-0.08734879642724991	-0.1584073007106781	-0.26882100105285645	-0.021942032501101494	0.09405803680419922	-0.044428784400224686	-0.0671759694814682	-0.17928022146224976	-0.05049468204379082	-0.2727440297603607	-0.10461679100990295	-0.05369403585791588	0.3895145654678345	0.010132605209946632	0.025505784898996353	0.09059235453605652	-0.1124316081404686	-0.08115162700414658	0.055906977504491806	0.11877249926328659	0.4384975731372833	-0.08438287675380707	0.25276869535446167	0.006026956252753735	0.04067375883460045	-0.3320043981075287	-0.6506115794181824	-0.011706598103046417	-0.20264430344104767
CO_LABEL_12	-0.3008924126625061	0.39371949434280396	-0.0994204729795456	0.3496590554714203	-0.011269454844295979	0.10206709057092667	0.0100334407761693	n/a	-0.09932582080364227	0.7203546762466431	-0.14956523478031158	1.0	0.6635474562644958	-0.32118308544158936	0.15746092796325684	-0.38304999470710754	0.33454781770706177	-0.3416031301021576	-0.10700137913227081	0.36937201023101807	0.6031371355056763	-0.028252463787794113	0.16090764105319977	-0.04975882172584534	0.3243409991264343	-0.24463796615600586	-0.3921205997467041	-0.34087130427360535	0.35773295164108276	-0.2248539924621582	0.2581426203250885	0.05159933492541313	0.04873313009738922	-0.08190294355154037	n/a	0.4419214427471161	-0.14267060160636902	0.7334539890289307	0.38308221101760864	-0.29916834831237793	-0.07652242481708527	0.4562006890773773	0.018701942637562752	0.3039514422416687	0.5496211051940918	0.048664528876543045	-0.2649359107017517	-0.09399490803480148	0.0723494291305542	-0.5407375693321228	0.11534419655799866	0.06354057043790817	-0.12995490431785583	0.19996848702430725	-0.4019626975059509	0.07901498675346375	-0.019690146669745445	0.14034438133239746	-0.05632492154836655	0.2241409868001938	0.17461153864860535	0.001476267701946199	-0.4903290867805481	-0.38948115706443787	-0.2745715081691742	0.06460892409086227	0.004307756666094065	0.1364893615245819	0.0024678357876837254	0.1526210755109787	-0.399720698595047	-0.14576435089111328	0.29986369609832764	-0.15384064614772797	0.2220630943775177	0.07889528572559357	0.5378327965736389	0.2664259672164917	-0.10449402034282684	0.10738026350736618
SMd_LABEL_13	-0.3038644790649414	0.2881578505039215	-0.14652183651924133	0.3656483590602875	0.07048943638801575	-0.03415438532829285	-0.18538522720336914	n/a	-0.15723459422588348	0.5817306637763977	-0.1494741588830948	0.6635474562644958	1.0	-0.3102964758872986	0.10150610655546188	-0.49395790696144104	0.43865248560905457	-0.2634802758693695	0.15787023305892944	0.2680118680000305	0.585600733757019	0.00374173978343606	0.23632921278476715	-0.14096298813819885	0.2953740358352661	-0.3503609597682953	-0.47092166543006897	-0.47275853157043457	0.18633252382278442	-0.3256057798862457	0.34091344475746155	0.017649278044700623	0.07938287407159805	-0.24665366113185883	n/a	0.4213149845600128	-0.16804398596286774	0.425449013710022	0.6069766879081726	-0.2402803748846054	0.004975941497832537	0.4735753536224365	0.29204392433166504	0.29093673825263977	0.5749103426933289	0.11725298315286636	-0.07600677758455276	-0.1374405175447464	0.1159181222319603	-0.5375142693519592	0.21118441224098206	0.24845929443836212	-0.23808105289936066	0.1836692988872528	-0.33659183979034424	0.06485061347484589	-0.06850827485322952	-0.1852235347032547	-0.3583036959171295	0.15856848657131195	0.3566228747367859	-0.1359143853187561	-0.30062657594680786	-0.29561275243759155	-0.30299293994903564	0.1258794516324997	-0.05339660122990608	0.5022246837615967	-0.11103644222021103	0.4037947654724121	-0.30256715416908264	-0.3203721046447754	0.6076411008834839	0.08307935297489166	0.008713359013199806	-0.18009492754936218	0.35211703181266785	0.037382572889328	-0.06383058428764343	0.04219980537891388
SMl_LABEL_14	0.2021639198064804	-0.10572133213281631	-0.0912795439362526	0.23175185918807983	-0.05063595622777939	0.2290586531162262	0.2688461244106293	n/a	0.00723431957885623	-0.33741292357444763	-0.007397197186946869	-0.32118308544158936	-0.3102964758872986	1.0	-0.36990177631378174	0.10449934750795364	-0.28412654995918274	-0.0369102880358696	-0.1375197172164917	-0.19995059072971344	-0.38726621866226196	-0.1813720166683197	-0.19622385501861572	0.15125709772109985	-0.05262582749128342	0.36751019954681396	0.2728733718395233	0.13198179006576538	-0.03147352859377861	-0.11484944820404053	0.22510099411010742	0.10007523000240326	0.07659413665533066	0.09693410247564316	n/a	-0.294931024312973	0.17826616764068604	-0.20788386464118958	0.03896966576576233	0.9654514193534851	-0.14827419817447662	-0.1540595144033432	-0.09637068957090378	-0.16325673460960388	-0.3954179584980011	-0.3208414316177368	-0.09098044037818909	0.06742854416370392	0.21401268243789673	0.12128856778144836	-0.4064333736896515	0.006988212466239929	-0.054161060601472855	-0.23444582521915436	0.2564028799533844	0.023011965677142143	0.10698636621236801	0.036122821271419525	0.1837751567363739	0.02881735749542713	-0.19314874708652496	-0.204661563038826	0.21635618805885315	-0.05069122835993767	-0.11609937250614166	-0.11962351948022842	0.39978790283203125	-0.0295111071318388	0.15220998227596283	-0.3122618496417999	0.08668164163827896	-0.09612041711807251	-0.2455393224954605	0.22391848266124725	0.16215312480926514	0.07774348556995392	-0.1608087122440338	0.17581160366535187	0.2895074486732483	-0.09565812349319458
DAN_LABEL_15	-0.40749916434288025	-0.14533551037311554	0.4281882643699646	-0.25123417377471924	-0.12538711726665497	-0.07010668516159058	-0.4865809679031372	n/a	-0.18911510705947876	0.23931355774402618	0.1686834841966629	0.15746092796325684	0.10150610655546188	-0.36990177631378174	1.0	-0.163802832365036	0.29830047488212585	-0.06929819285869598	0.06472815573215485	0.08502525836229324	0.3429046869277954	0.07442208379507065	0.4925679862499237	-0.0918450653553009	-0.08229932934045792	-0.4076569676399231	-0.07421380281448364	-0.04237517714500427	-0.12313283234834671	0.13825467228889465	-0.1719992607831955	0.021579140797257423	0.07033703476190567	-0.3624505400657654	n/a	0.24231334030628204	-0.05018116533756256	0.08017227053642273	0.019889982417225838	-0.35133469104766846	0.21604712307453156	0.3091386556625366	0.24309851229190826	0.018841907382011414	0.3370956778526306	0.07934443652629852	0.07578624039888382	-0.0628461241722107	-0.1511995941400528	-0.2176465392112732	0.5157145261764526	-0.21941500902175903	-0.22800976037979126	-0.26471132040023804	-0.17039567232131958	0.09390030056238174	-0.11946284025907516	-0.28476473689079285	-0.3311045467853546	-0.10541728883981705	-0.023276302963495255	0.12441615015268326	0.06791654974222183	0.10746695846319199	0.06158573180437088	0.31157100200653076	-0.17258194088935852	0.053864579647779465	-0.21534398198127747	0.07198162376880646	0.18796227872371674	0.3705242872238159	0.22893552482128143	0.03659280762076378	-0.303169310092926	-0.2327064871788025	-0.10950467735528946	-0.19744873046875	-0.2268153727054596	-0.17885644733905792
DMN_LABEL_16	0.4513567388057709	-0.36186543107032776	0.20842906832695007	-0.3618505001068115	-0.07358479499816895	-0.1679275929927826	0.15203647315502167	n/a	0.11580590158700943	-0.3638889491558075	0.13869427144527435	-0.38304999470710754	-0.49395790696144104	0.10449934750795364	-0.163802832365036	1.0	-0.36368027329444885	0.6788853406906128	-0.18853315711021423	-0.4134335219860077	-0.37639933824539185	0.005076262168586254	-0.3727894723415375	-0.039564862847328186	-0.3177031874656677	0.4174060821533203	0.6316255927085876	0.7101396322250366	-0.36363551020622253	0.17615346610546112	-0.4033345580101013	0.0257516298443079	-0.3471672534942627	0.29091447591781616	n/a	-0.12370461225509644	0.037500541657209396	-0.18992836773395538	-0.1672441065311432	0.05518569424748421	-0.12797003984451294	-0.2774711549282074	-0.39607131481170654	-0.25534144043922424	-0.27367502450942993	-0.16955721378326416	-0.12783510982990265	-0.09165402501821518	-0.4084767699241638	0.6255403161048889	-0.0162038691341877	-0.22799481451511383	0.35273507237434387	0.09959312528371811	0.31112584471702576	0.08469787240028381	0.17713826894760132	0.10565643012523651	0.09492820501327515	-0.023168791085481644	-0.2067292481660843	-0.0030701635405421257	0.01837971806526184	0.2963002622127533	0.08852750062942505	-0.04893103986978531	0.3611195683479309	0.01850048080086708	0.053440943360328674	-0.22522087395191193	0.5086272358894348	0.2781059443950653	-0.12669716775417328	0.2097994089126587	0.1392672061920166	0.11878076195716858	0.008969936519861221	-0.13955245912075043	0.04221154376864433	-0.3548193573951721
CO_LABEL_17	-0.21848855912685394	0.06885674595832825	-0.2891933023929596	0.06244921684265137	0.021401725709438324	-0.2869642376899719	-0.18009211122989655	n/a	-0.06889989227056503	0.4195723533630371	-0.08452698588371277	0.33454781770706177	0.43865248560905457	-0.28412654995918274	0.29830047488212585	-0.36368027329444885	1.0	-0.03800138831138611	0.13542881608009338	0.47225555777549744	0.7290068864822388	0.01858292892575264	0.290134072303772	-0.4082821011543274	-0.004558507353067398	-0.17781414091587067	-0.4950720965862274	-0.41832002997398376	0.15255112946033478	-0.4566222131252289	0.30118459463119507	0.11597536504268646	-0.12380082160234451	-0.21538296341896057	n/a	0.27225759625434875	-0.21254241466522217	0.068087138235569	0.13463805615901947	-0.17822588980197906	0.12725380063056946	0.6043633222579956	0.4545823037624359	0.5590353012084961	0.502753734588623	0.1253574639558792	-0.031297747045755386	-0.42313000559806824	-0.03805578127503395	-0.43339040875434875	0.2309839427471161	0.14269790053367615	-0.07811111956834793	-0.04980864003300667	-0.011349179781973362	0.01346068736165762	-0.015944089740514755	-0.42726126313209534	-0.5217377543449402	0.059621866792440414	0.07762962579727173	-0.14638936519622803	-0.06708811968564987	-0.049111559987068176	-0.09155599027872086	0.13496699929237366	-0.27543097734451294	0.3304520547389984	0.08356177061796188	0.38116729259490967	-0.13787426054477692	-0.17301993072032928	0.303564190864563	-0.01644843816757202	-0.0708945170044899	-0.11779099702835083	-0.029648534953594208	0.00018308652215637267	0.026592662557959557	0.1026148647069931
DMN_LABEL_18	0.2978411018848419	-0.6456166505813599	0.13953223824501038	-0.2847447991371155	0.0572945699095726	-0.48814189434051514	-0.11599089950323105	n/a	0.13824129104614258	-0.2271953672170639	0.11681142449378967	-0.3416031301021576	-0.2634802758693695	-0.0369102880358696	-0.06929819285869598	0.6788853406906128	-0.03800138831138611	1.0	-0.010400193743407726	-0.15108449757099152	-0.23321042954921722	-0.0801258459687233	-0.22536180913448334	-0.5360841155052185	-0.19091255962848663	0.37235555052757263	0.42955246567726135	0.40738850831985474	-0.5015546679496765	0.03379283472895622	-0.2725708782672882	0.2815185487270355	-0.4425860345363617	-0.09112711250782013	n/a	0.0435507632791996	0.1284026950597763	-0.23860594630241394	-0.2616128623485565	-0.032550156116485596	0.12120435386896133	-0.19731421768665314	0.0441412515938282	0.02210289053618908	-0.20628632605075836	-0.12382405996322632	-0.09211379289627075	-0.5272368788719177	-0.28534212708473206	0.25067138671875	0.018071074038743973	0.06445693969726562	0.45401230454444885	0.128867968916893	0.5195624828338623	-0.0058263069950044155	0.2808416187763214	-0.08971939980983734	-0.1412389874458313	0.005139273125678301	-0.14564847946166992	-0.0493924543261528	0.29807329177856445	0.39157018065452576	0.12348349392414093	-0.07125400751829147	0.02404518984258175	0.20756632089614868	0.07527142763137817	-0.009105844423174858	0.615486204624176	0.18464894592761993	-0.20341941714286804	0.1416677087545395	0.104929119348526	0.042905282229185104	-0.20399129390716553	-0.20338906347751617	-0.03983192890882492	-0.27654749155044556
VAN_LABEL_19	0.14357787370681763	-0.12289049476385117	-0.028312338516116142	0.38628455996513367	0.2115495800971985	0.07114234566688538	-0.016185607761144638	n/a	0.024797193706035614	-0.01286450494080782	-0.06219589710235596	-0.10700137913227081	0.15787023305892944	-0.1375197172164917	0.06472815573215485	-0.18853315711021423	0.13542881608009338	-0.010400193743407726	1.0	0.2493889182806015	0.04260477051138878	-0.17221592366695404	0.061269961297512054	0.12639972567558289	0.2422482669353485	-0.11798277497291565	-0.25539547204971313	-0.15226905047893524	-0.131468266248703	-0.05330627039074898	0.3557944893836975	0.07745329290628433	0.2607070207595825	0.021041691303253174	n/a	-0.18071752786636353	-0.2070137858390808	-0.12465676665306091	-0.16164779663085938	-0.15953226387500763	-0.11178566515445709	0.13947513699531555	0.42709168791770935	0.20640228688716888	0.12857310473918915	-0.07947870343923569	0.20796851813793182	0.21380741894245148	0.11077339947223663	-0.07766887545585632	-0.18479704856872559	0.2344760000705719	-0.15471884608268738	-0.05009850859642029	-0.07195326685905457	0.1538541615009308	0.22378067672252655	0.01247878186404705	-0.018455788493156433	0.12513446807861328	0.03655318543314934	-0.20212042331695557	0.07564862817525864	-0.02223639376461506	-0.17108990252017975	0.12066316604614258	-0.12808123230934143	0.08147715032100677	-0.024606896564364433	-0.05618990957736969	-0.04826703295111656	-0.17309613525867462	-0.1463472694158554	0.010349470190703869	-0.1353720724582672	0.09178387373685837	-0.18572720885276794	-0.011162594892084599	-0.04663389176130295	0.3948698937892914
CO_LABEL_20	0.05950693413615227	-0.0028182624373584986	-0.4305621087551117	0.4811286926269531	0.3721984922885895	0.1970708668231964	0.22013558447360992	n/a	0.20295098423957825	0.3048930764198303	-0.22213225066661835	0.36937201023101807	0.2680118680000305	-0.19995059072971344	0.08502525836229324	-0.4134335219860077	0.47225555777549744	-0.15108449757099152	0.2493889182806015	1.0	0.3520589768886566	-0.19688352942466736	0.11456631124019623	-0.11905914545059204	0.06946498900651932	-0.009486446157097816	-0.5020909309387207	-0.48615726828575134	0.13885317742824554	-0.3560243546962738	0.46530881524086	0.273260235786438	0.2660905122756958	0.031209850683808327	n/a	0.06369391083717346	0.024425897747278214	0.06832319498062134	-0.06649763137102127	-0.1831483691930771	0.1584220677614212	0.32433342933654785	0.35198336839675903	0.6045376658439636	0.35625943541526794	-0.0889667198061943	0.04448079317808151	-0.09779305011034012	0.1503395438194275	-0.18994607031345367	-0.17497244477272034	0.2441796511411667	0.03438090160489082	0.04437977448105812	0.02363707311451435	0.09663274884223938	0.21873769164085388	-0.11567721515893936	0.011351268738508224	0.037719208747148514	0.1288021206855774	-0.18982888758182526	-0.038062676787376404	-0.16966432332992554	-0.24840135872364044	-0.033688537776470184	-0.2705146074295044	-0.003692610189318657	0.4368897080421448	-0.0008764282101765275	-0.23289847373962402	-0.31527936458587646	-0.1234726756811142	-0.35920560359954834	0.2617015540599823	0.320963591337204	0.10464257001876831	0.31032317876815796	-0.04146586358547211	0.4403453469276428
CO_LABEL_21	-0.3276515603065491	0.2250305712223053	-0.07310357689857483	0.06258141249418259	0.013158810324966908	-0.16372889280319214	-0.2659186124801636	n/a	-0.21685907244682312	0.6399650573730469	0.12157328426837921	0.6031371355056763	0.585600733757019	-0.38726621866226196	0.3429046869277954	-0.37639933824539185	0.7290068864822388	-0.23321042954921722	0.04260477051138878	0.3520589768886566	1.0	0.20622533559799194	0.05179513618350029	-0.22366181015968323	-0.009772769175469875	-0.42504027485847473	-0.4672410488128662	-0.4154660999774933	0.13400708138942719	-0.26395174860954285	0.24097372591495514	0.04920298233628273	-0.03438163548707962	-0.28220322728157043	n/a	0.5740991234779358	-0.13789185881614685	0.4773235619068146	0.26012754440307617	-0.31077197194099426	0.05702632665634155	0.6545307040214539	0.2531023621559143	0.513655960559845	0.8048693537712097	0.23421645164489746	-0.25257614254951477	-0.1865462064743042	-0.13713453710079193	-0.4089208245277405	0.4406835436820984	0.10462681949138641	-0.14395660161972046	-0.08095675706863403	-0.21633604168891907	0.17851024866104126	0.06294666975736618	-0.2541724443435669	-0.33050841093063354	0.1544361114501953	-0.05929725617170334	-0.07484138011932373	-0.37996846437454224	0.020017515867948532	-0.11570027470588684	0.14507417380809784	-0.16404017806053162	0.3049606680870056	-0.1442505121231079	0.2536304295063019	-0.3299036920070648	-0.0032093774061650038	0.4547431766986847	0.01602044701576233	-0.06599057465791702	-0.11420097947120667	0.11476650834083557	-0.08834350109100342	-0.06732036918401718	0.04089903458952904
Sal_LABEL_22	-0.08310195803642273	-0.04653625935316086	0.25516656041145325	-0.24145349860191345	-0.01995384693145752	0.013651643879711628	-0.25344833731651306	n/a	-0.406377911567688	-0.09589137136936188	0.7403856515884399	-0.028252463787794113	0.00374173978343606	-0.1813720166683197	0.07442208379507065	0.005076262168586254	0.01858292892575264	-0.0801258459687233	-0.17221592366695404	-0.19688352942466736	0.20622533559799194	1.0	-0.297024130821228	0.2186061143875122	-0.25176769495010376	-0.3290320932865143	-0.12918290495872498	0.1501016616821289	-0.23535840213298798	0.32000115513801575	-0.16698721051216125	-0.2612723708152771	0.08027918636798859	-0.13044701516628265	n/a	0.11417068541049957	0.3314768075942993	0.07027469575405121	0.0013021227205172181	-0.226419135928154	-0.17970876395702362	-0.06438471376895905	-0.022715985774993896	-0.016949951648712158	0.2502012252807617	0.8587223291397095	-0.3551701605319977	0.20081783831119537	-0.26010987162590027	0.20116309821605682	0.2915307879447937	-0.08599627763032913	-0.10718553513288498	-0.18262264132499695	-0.1436980813741684	0.11625893414020538	-0.13701170682907104	-0.1084112897515297	-0.15280094742774963	-0.19223184883594513	-0.0882239118218422	0.011797086335718632	-0.2552064061164856	0.1630934476852417	0.15212270617485046	0.010092761367559433	-0.019176771864295006	-0.08642609417438507	-0.017474180087447166	0.2675297260284424	-0.12305579334497452	0.251781702041626	0.07236562669277191	0.1135040819644928	-0.06563470512628555	0.016099605709314346	-0.2048521488904953	-0.5507916212081909	-0.016596095636487007	-0.13231801986694336
DAN_LABEL_23	-0.33144891262054443	0.0970752164721489	0.06073262169957161	0.06930853426456451	-0.18354980647563934	0.016172146424651146	-0.19263729453086853	n/a	-0.004296171013265848	0.15392184257507324	-0.4229028820991516	0.16090764105319977	0.23632921278476715	-0.19622385501861572	0.4925679862499237	-0.3727894723415375	0.290134072303772	-0.22536180913448334	0.061269961297512054	0.11456631124019623	0.05179513618350029	-0.297024130821228	1.0	-0.06407327204942703	0.3232001066207886	-0.24037152528762817	-0.11162769049406052	-0.1931319385766983	0.21016041934490204	-0.060554999858140945	0.09560003131628036	-0.12563949823379517	0.06723928451538086	-0.23020486533641815	n/a	-0.06793592125177383	-0.21297964453697205	-0.12911103665828705	0.16945615410804749	-0.1331426352262497	0.18446213006973267	0.3199916183948517	0.15685318410396576	0.022424241527915	-0.013178938068449497	-0.23316211998462677	0.6039107441902161	-0.09172573685646057	0.3263937830924988	-0.4290800988674164	0.19441471993923187	-0.274552583694458	-0.2484288364648819	0.10029532015323639	-0.2247450351715088	-0.13715200126171112	-0.33377137780189514	-0.18705280125141144	-0.29740726947784424	-0.12921307981014252	0.37863707542419434	0.17523255944252014	0.11464953422546387	-0.2864721417427063	-0.1247788816690445	0.0930403396487236	-0.28768235445022583	0.15142513811588287	-0.18126708269119263	0.16799400746822357	-0.023483090102672577	0.024980340152978897	0.2905603051185608	-0.18956853449344635	-0.30417317152023315	-0.3112211227416992	0.07083787024021149	0.15135131776332855	-0.18130885064601898	-0.17374245822429657
PMN_LABEL_24	0.24524542689323425	0.3404609262943268	0.15272071957588196	0.15705245733261108	-0.22884942591190338	0.7644217014312744	0.2958018183708191	n/a	-0.13936150074005127	-0.18946944177150726	0.14924995601177216	-0.04975882172584534	-0.14096298813819885	0.15125709772109985	-0.0918450653553009	-0.039564862847328186	-0.4082821011543274	-0.5360841155052185	0.12639972567558289	-0.11905914545059204	-0.22366181015968323	0.2186061143875122	-0.06407327204942703	1.0	0.08080338686704636	0.013805082067847252	0.04345596581697464	0.15979419648647308	0.21370212733745575	0.2472563236951828	0.06049833074212074	-0.5371057987213135	0.6783510446548462	0.46123549342155457	n/a	-0.4694145917892456	-0.009162905625998974	-0.05930427089333534	-0.036336950957775116	0.028875617310404778	-0.3106425404548645	-0.19626125693321228	-0.42797112464904785	-0.27022749185562134	-0.15230317413806915	0.08549923449754715	0.030469004064798355	0.9127162098884583	0.045974358916282654	0.25518426299095154	-0.266350120306015	-0.4135034382343292	-0.369111031293869	-0.027920657768845558	-0.40806642174720764	0.02666221745312214	-0.3509676456451416	0.35502389073371887	0.4445704221725464	-0.05652233585715294	0.12055379152297974	0.006506487727165222	-0.1513216644525528	-0.29914745688438416	-0.08148480206727982	-0.09158249199390411	0.15908554196357727	-0.334613174200058	-0.05573303624987602	-0.2853640019893646	-0.24141360819339752	-0.02474133111536503	-0.09386781603097916	-0.08356960862874985	-0.09077054262161255	0.19417589902877808	0.11611208319664001	0.00017041883256752044	-0.0588972382247448	0.2318066507577896
DAN_LABEL_25	-0.23054833710193634	0.2870710790157318	0.08815783262252808	0.3604423403739929	-0.24731627106666565	0.18632513284683228	0.14372828602790833	n/a	0.13013696670532227	0.18883943557739258	-0.2885160744190216	0.3243409991264343	0.2953740358352661	-0.05262582749128342	-0.08229932934045792	-0.3177031874656677	-0.004558507353067398	-0.19091255962848663	0.2422482669353485	0.06946498900651932	-0.009772769175469875	-0.25176769495010376	0.3232001066207886	0.08080338686704636	1.0	-0.10156014561653137	-0.10228384286165237	0.0050171841867268085	0.30369827151298523	-0.029627611860632896	0.32467004656791687	-0.3018433153629303	0.21066661179065704	0.05718502029776573	n/a	0.009952696040272713	-0.2715842127799988	0.2224682718515396	0.30393967032432556	-0.07714629918336868	0.07182908803224564	0.24983154237270355	-0.126556858420372	-0.11723300069570541	0.10048800706863403	-0.22786745429039001	0.22131311893463135	0.09493958204984665	0.6586334109306335	-0.4395238161087036	-0.23108966648578644	-0.05514255911111832	-0.3112722933292389	0.3202967345714569	-0.5673874020576477	-0.1913229376077652	-0.12399329990148544	0.20310787856578827	0.06251268833875656	0.20190992951393127	0.23215539753437042	0.14267058670520782	-0.144649475812912	-0.3552783131599426	-0.002892659045755863	-0.16184300184249878	-0.0887451022863388	0.2547757029533386	-0.19953757524490356	0.018653035163879395	-0.13736476004123688	-0.2510198950767517	0.015892721712589264	0.009901930578052998	0.03579949587583542	0.06428747624158859	0.28114748001098633	0.28659605979919434	-0.3148132860660553	0.12016517668962479
