Node	HIP-head-m-rh	HIP-head-l-rh	HIP-body-rh	HIP-tail-rh	THA-VPm-rh	THA-VPl-rh	THA-VAi-rh	THA-VAs-rh	THA-DAm-rh	THA-DAl-rh	PUT-VA-rh	PUT-DA-rh	PUT-VP-rh	PUT-DP-rh	CAU-VA-rh	CAU-DA-rh	CAU-body-rh	CAU-tail-rh	lAMY-rh	mAMY-rh	THA-DP-rh	NAc-shell-rh	NAc-core-rh	pGP-rh	aGP-rh	HIP-head-m-lh	HIP-head-l-l	HIP-body-l	HIP-tail-lh	THA-VPm-lh	THA-VPl-lh	THA-VAi-lh	THA-VAs-lh	THA-DAm-lh	THA-DAl-lh	PUT-VA-lh	PUT-DA-l	PUT-VP-lh	PUT-DP-lh	CAU-VA-lh	CAU-DA-lh	CAU-body-lh	CAU-tail-lh	lAMY-lh	mAMY-lh	THA-DP-lh	NAc-shell-lh	NAc-core-lh	pGP-lh	aGP-lh
HIP-head-m-rh	1.0	0.30519235134124756	0.23063424229621887	-0.024535832926630974	0.02265307493507862	0.25367623567581177	0.12020941823720932	0.04413285478949547	-0.03252742439508438	0.3688233494758606	-0.0030529326759278774	0.06292306631803513	0.4375845789909363	0.08458563685417175	0.14073781669139862	-0.06821705400943756	0.14046567678451538	0.4750615954399109	0.3206288814544678	0.2588510811328888	0.1253206729888916	-0.03719942271709442	0.059842873364686966	-0.0068528493866324425	0.05238041281700134	0.4139503240585327	0.5036794543266296	0.31013229489326477	0.5383549332618713	0.005633320193737745	0.1621243953704834	0.44575896859169006	0.373738557100296	0.3236234486103058	0.17817801237106323	0.09399621188640594	0.3045711815357208	0.41983333230018616	0.33382469415664673	0.24419130384922028	0.045150045305490494	0.212739035487175	0.037875134497880936	0.4999929964542389	0.38449063897132874	-0.16314132511615753	0.14740754663944244	0.3161945343017578	0.047273650765419006	-0.1711253523826599
HIP-head-l-rh	0.30519235134124756	1.0	0.5280329585075378	0.3002600371837616	0.13641412556171417	0.32190248370170593	0.1716161072254181	-0.004022265784442425	0.2151092290878296	-0.06258132308721542	0.004755217581987381	0.08412115275859833	0.44430655241012573	0.08474807441234589	0.11880014836788177	0.0676746815443039	-0.009356244467198849	0.19374321401119232	0.5886852741241455	-0.0030763796530663967	-0.11394127458333969	0.27824142575263977	0.013827730901539326	-0.10300728678703308	-0.08053390681743622	0.165061816573143	0.29867124557495117	0.49258556962013245	0.17741981148719788	0.19219376146793365	-0.14543506503105164	0.0879514291882515	0.10168694704771042	0.19349530339241028	-0.0733853131532669	-0.22279928624629974	0.027283091098070145	0.20298486948013306	-0.021738644689321518	-0.1572439968585968	0.09691499918699265	-0.18185104429721832	-0.3237297534942627	0.05072397366166115	0.10652931034564972	-0.3090595006942749	0.2815330922603607	0.1015346571803093	-0.17772428691387177	0.16280041635036469
HIP-body-rh	0.23063424229621887	0.5280329585075378	1.0	0.4194737374782562	0.2677372694015503	0.1298026293516159	0.2800307869911194	0.12498442828655243	0.1686820387840271	0.015971099957823753	0.24306289851665497	-0.13468867540359497	0.18385452032089233	-0.10664486885070801	0.08132147789001465	0.1771164834499359	-0.01812005788087845	0.03467296063899994	0.27076026797294617	-0.025664448738098145	-0.007713522762060165	0.013362127356231213	-0.0735352635383606	-0.003670793492347002	-0.276999294757843	0.2380397915840149	0.24844616651535034	0.3577442765235901	0.45918309688568115	-0.024610156193375587	0.0029915794730186462	0.2015487104654312	0.0844663456082344	0.19296011328697205	0.012061722576618195	0.012762282975018024	-0.08581238985061646	0.1983221024274826	-0.12849874794483185	-0.016970990225672722	0.3316268026828766	-0.30201566219329834	-0.41866448521614075	-0.17439749836921692	0.040840569883584976	-0.39558061957359314	0.07019428163766861	0.4250938594341278	0.14456643164157867	-0.08850055187940598
HIP-tail-rh	-0.024535832926630974	0.3002600371837616	0.4194737374782562	1.0	-0.03632836788892746	-0.05069911107420921	0.37192749977111816	0.19724242389202118	0.19651910662651062	-0.16428400576114655	0.37128159403800964	0.19676023721694946	0.005961614660918713	0.016104605048894882	0.13228942453861237	0.23712025582790375	0.09978574514389038	0.1944735199213028	0.13493670523166656	-0.11851832270622253	0.28230175375938416	-0.029014568775892258	0.16456066071987152	0.2806832492351532	-0.3871712386608124	0.0986018180847168	0.031664516776800156	0.3596702218055725	0.3072853684425354	-0.15517869591712952	-0.23822222650051117	0.25035393238067627	0.05228954553604126	-0.11670802533626556	-0.4964021146297455	0.256515234708786	-0.07195635139942169	0.02786080539226532	0.100521981716156	-0.18625301122665405	0.24785597622394562	-0.12061671912670135	-0.016449693590402603	-0.29020631313323975	0.20672255754470825	-0.06692662835121155	0.4171290397644043	0.24527402222156525	0.053289614617824554	-0.19708502292633057
THA-VPm-rh	0.02265307493507862	0.13641412556171417	0.2677372694015503	-0.03632836788892746	1.0	0.3030979335308075	0.2990146279335022	0.31938716769218445	0.1830025464296341	0.19425341486930847	-0.1607036143541336	-0.12425374984741211	0.17172123491764069	0.21793843805789948	-0.17540737986564636	-0.19476549327373505	-0.28647109866142273	-0.2564747631549835	-0.001051387283951044	0.20691904425621033	0.03078261762857437	-0.1511254906654358	-0.4744577407836914	0.15195989608764648	-0.178854838013649	-0.0010640830732882023	-0.06457772105932236	-0.006353813223540783	0.03142566978931427	0.20989727973937988	0.14817823469638824	-0.024294305592775345	-0.0006602426874451339	0.20777563750743866	0.29477739334106445	-0.3141217827796936	-0.09626022726297379	-0.11854056268930435	-0.21734747290611267	-0.2774457633495331	-0.07210007309913635	-0.18588870763778687	-0.34634894132614136	0.18725216388702393	-0.27442997694015503	-0.07374520599842072	-0.4150643050670624	-0.1356033831834793	0.1516706645488739	0.48923784494400024
THA-VPl-rh	0.25367623567581177	0.32190248370170593	0.1298026293516159	-0.05069911107420921	0.3030979335308075	1.0	-0.07026170939207077	-0.055038921535015106	0.03490213304758072	-0.03545104339718819	-0.2569960355758667	0.048894498497247696	0.3925759196281433	0.25105416774749756	-0.05670253932476044	0.02003839984536171	-0.17170210182666779	0.21108566224575043	0.16114556789398193	0.11022040992975235	-0.3501370847225189	-0.029284439980983734	-0.3704855442047119	-0.1734379380941391	0.12287577986717224	0.20367740094661713	0.16770833730697632	0.3188402056694031	0.0067444597370922565	0.27193063497543335	-0.1134900227189064	0.2702493965625763	0.24515946209430695	0.4064330458641052	0.3371969163417816	-0.26469099521636963	-0.00731773441657424	0.2452237904071808	0.21752749383449554	-0.21318496763706207	-0.1773950457572937	-0.13309542834758759	-0.3367644250392914	0.36856842041015625	0.012444195337593555	-0.00464054848998785	0.095201276242733	-0.1650872528553009	0.11537165194749832	0.1499015837907791
THA-VAi-rh	0.12020941823720932	0.1716161072254181	0.2800307869911194	0.37192749977111816	0.2990146279335022	-0.07026170939207077	1.0	0.6821815967559814	0.4425610601902008	0.1886673867702484	0.28378060460090637	0.1797625869512558	0.034748371690511703	0.28789547085762024	-0.06398136168718338	-0.06314019858837128	-0.18242456018924713	-0.0017409975407645106	0.14264144003391266	-0.015156174078583717	0.1736583262681961	0.11656972765922546	0.1206207424402237	0.23151104152202606	-0.453013151884079	0.2862090766429901	-0.031614094972610474	0.1713818907737732	0.10881197452545166	0.13404609262943268	0.29433053731918335	0.14586061239242554	0.053091756999492645	0.02880248613655567	-0.26785334944725037	0.22713568806648254	0.3694724440574646	-0.12263990938663483	0.16502296924591064	-0.12917444109916687	-0.0163459163159132	-0.08252884447574615	-0.09591754525899887	0.14210578799247742	-0.0702451765537262	-0.28068163990974426	0.11944158375263214	0.27770915627479553	0.0804152712225914	0.17878857254981995
THA-VAs-rh	0.04413285478949547	-0.004022265784442425	0.12498442828655243	0.19724242389202118	0.31938716769218445	-0.055038921535015106	0.6821815967559814	1.0	0.49688613414764404	0.4160008132457733	0.21493424475193024	0.3585943579673767	0.0992356464266777	0.4954831600189209	0.12546266615390778	0.0984383299946785	0.1617514044046402	-0.07300696521997452	-0.04240192845463753	0.016557607799768448	0.25057563185691833	0.02986929379403591	0.16959072649478912	0.28746601939201355	-0.43402910232543945	-0.09622509777545929	-0.04842093214392662	0.16808293759822845	0.14386536180973053	0.305806964635849	0.18914270401000977	0.2147059589624405	0.10846375674009323	-0.20085348188877106	-0.06391295790672302	0.3807676434516907	0.5763105750083923	-0.07970988005399704	0.23651906847953796	0.06941912323236465	0.013747437857091427	0.06634414941072464	0.1782165914773941	0.07114343345165253	-0.16528886556625366	0.04493342339992523	0.024593675509095192	0.16794152557849884	0.06438986957073212	0.13478849828243256
THA-DAm-rh	-0.03252742439508438	0.2151092290878296	0.1686820387840271	0.19651910662651062	0.1830025464296341	0.03490213304758072	0.4425610601902008	0.49688613414764404	1.0	0.2089107632637024	0.17557589709758759	0.26046308875083923	0.10118500143289566	0.4418439269065857	0.41989949345588684	0.0743534192442894	-0.008212209679186344	0.01840672269463539	0.37631773948669434	0.004912520758807659	0.09866717457771301	0.31765082478523254	0.030359573662281036	-0.2616010010242462	-0.02774425595998764	-0.1186726838350296	0.21900351345539093	0.1360829919576645	0.08297667652368546	0.23665407299995422	-0.06472448259592056	0.15975354611873627	0.35189273953437805	-0.04567667096853256	-0.03439366817474365	0.18168000876903534	0.18258842825889587	-0.09064283967018127	0.2349293977022171	-0.06470489501953125	0.029627563431859016	-0.04673658683896065	-0.047578442841768265	-0.011549652554094791	-0.030796071514487267	-0.0858374685049057	0.290874183177948	0.13952386379241943	0.07307814806699753	0.021163905039429665
THA-DAl-rh	0.3688233494758606	-0.06258132308721542	0.015971099957823753	-0.16428400576114655	0.19425341486930847	-0.03545104339718819	0.1886673867702484	0.4160008132457733	0.2089107632637024	1.0	-0.18065832555294037	0.023141473531723022	-0.10131228715181351	0.0028839362785220146	0.037943389266729355	-0.06280957907438278	0.04076743870973587	-0.1050034761428833	0.04621149227023125	0.2764377295970917	0.1291811615228653	-0.19218185544013977	-0.02282756008207798	-0.06971260905265808	-0.013174631632864475	-0.06342130154371262	0.19354335963726044	-0.13212111592292786	0.29413968324661255	0.2025040090084076	0.06950534880161285	0.1866423338651657	0.04870573803782463	-0.20217232406139374	0.18488465249538422	0.19237467646598816	0.3571961522102356	0.010200129821896553	0.05636194720864296	0.01184797938913107	0.10573575645685196	0.1353534460067749	0.11514631658792496	0.32769808173179626	0.1991247683763504	-0.16833217442035675	-0.18125058710575104	0.1742139607667923	-0.07665427029132843	-0.17239490151405334
PUT-VA-rh	-0.0030529326759278774	0.004755217581987381	0.24306289851665497	0.37128159403800964	-0.1607036143541336	-0.2569960355758667	0.28378060460090637	0.21493424475193024	0.17557589709758759	-0.18065832555294037	1.0	0.37866872549057007	0.2698344588279724	0.38632744550704956	0.372262567281723	0.3833063840866089	0.31690436601638794	0.02700773999094963	-0.15042895078659058	-0.5328186750411987	0.11055044084787369	0.3672371506690979	0.5150497555732727	0.30089277029037476	-0.23765072226524353	0.10203719884157181	-0.12153204530477524	0.32930681109428406	0.423556387424469	-0.13539676368236542	0.0438711941242218	0.45752328634262085	0.39698055386543274	-0.017834734171628952	-0.19050978124141693	0.5069120526313782	0.23208732903003693	0.32998692989349365	0.24605730175971985	0.37966522574424744	0.364842027425766	0.10160745680332184	0.2070113718509674	-0.48526322841644287	-0.1127350851893425	-0.07270447164773941	0.4455372989177704	0.5533386468887329	0.15398602187633514	-0.12049883604049683
PUT-DA-rh	0.06292306631803513	0.08412115275859833	-0.13468867540359497	0.19676023721694946	-0.12425374984741211	0.048894498497247696	0.1797625869512558	0.3585943579673767	0.26046308875083923	0.023141473531723022	0.37866872549057007	1.0	0.2409491240978241	0.47878414392471313	0.5970848202705383	0.5809529423713684	0.45259636640548706	0.15905404090881348	0.023343870416283607	-0.20544935762882233	-0.04167700931429863	0.14718708395957947	0.24102851748466492	0.09158439934253693	-0.2752190828323364	-0.00749418418854475	0.09495840966701508	0.39569321274757385	0.24510504305362701	0.3841116428375244	-0.21067604422569275	0.09761214256286621	0.5555888414382935	-0.30963972210884094	-0.08986996114253998	0.518726110458374	0.6480500102043152	-0.16289971768856049	0.3258137106895447	0.4484975039958954	0.3687744736671448	0.484593003988266	0.5370904803276062	-0.21653273701667786	-0.41146713495254517	-0.23139706254005432	0.2230250984430313	0.24183349311351776	-0.2358705848455429	-0.2833498418331146
PUT-VP-rh	0.4375845789909363	0.44430655241012573	0.18385452032089233	0.005961614660918713	0.17172123491764069	0.3925759196281433	0.034748371690511703	0.0992356464266777	0.10118500143289566	-0.10131228715181351	0.2698344588279724	0.2409491240978241	1.0	0.5175022482872009	0.24130263924598694	0.11983375996351242	0.25907599925994873	0.2482786327600479	0.030208390206098557	-0.3284880816936493	0.1377900242805481	0.17181135714054108	0.15222221612930298	0.018090901896357536	-0.1517249047756195	-0.16112753748893738	-0.002393082482740283	0.36493632197380066	0.08135595917701721	0.07356301695108414	0.06148112565279007	0.37891286611557007	0.4007588028907776	0.21513622999191284	0.2353539913892746	0.06943579763174057	0.18466289341449738	0.530683159828186	0.4333651661872864	0.2747860848903656	-0.005302668549120426	0.01910674199461937	0.00410333601757884	0.0714166983962059	0.0004493124142754823	0.04873877391219139	0.2501188814640045	0.048183031380176544	0.027989057824015617	0.17055195569992065
PUT-DP-rh	0.08458563685417175	0.08474807441234589	-0.10664486885070801	0.016104605048894882	0.21793843805789948	0.25105416774749756	0.28789547085762024	0.4954831600189209	0.4418439269065857	0.0028839362785220146	0.38632744550704956	0.47878414392471313	0.5175022482872009	1.0	0.3865990936756134	0.1463269591331482	0.19050437211990356	-0.008633928373456001	0.021445367485284805	-0.26803240180015564	0.014603684656322002	0.29690390825271606	0.07277713716030121	0.16520780324935913	0.005677457433193922	-0.21356305480003357	0.004497495014220476	0.37986451387405396	0.09777580946683884	0.3617447018623352	0.04935703054070473	0.26307496428489685	0.532921552658081	0.09200270473957062	0.18285702168941498	0.19413839280605316	0.3860234022140503	0.13649673759937286	0.44799482822418213	0.14252112805843353	0.07082368433475494	0.09746115654706955	0.06204719468951225	0.08347843587398529	-0.3123284876346588	0.17814666032791138	0.18412014842033386	0.10723314434289932	0.3088873028755188	0.32054266333580017
CAU-VA-rh	0.14073781669139862	0.11880014836788177	0.08132147789001465	0.13228942453861237	-0.17540737986564636	-0.05670253932476044	-0.06398136168718338	0.12546266615390778	0.41989949345588684	0.037943389266729355	0.372262567281723	0.5970848202705383	0.24130263924598694	0.3865990936756134	1.0	0.623275101184845	0.6309859156608582	0.24513289332389832	0.26614370942115784	-0.1895788460969925	0.06259122490882874	0.19063590466976166	0.35576722025871277	-0.04687146097421646	0.044663455337285995	-0.13968110084533691	0.4252372682094574	0.4096371531486511	0.2895069122314453	0.277607798576355	-0.37395361065864563	0.18081168830394745	0.7361782193183899	-0.17469249665737152	0.037138931453228	0.41414156556129456	0.3560463488101959	-0.024272184818983078	0.1042904406785965	0.6328482031822205	0.6391358971595764	0.5922159552574158	0.48165231943130493	-0.34871047735214233	-0.14574873447418213	-0.23472365736961365	0.3694082796573639	0.4524076581001282	0.013118772767484188	-0.48695194721221924
CAU-DA-rh	-0.06821705400943756	0.0676746815443039	0.1771164834499359	0.23712025582790375	-0.19476549327373505	0.02003839984536171	-0.06314019858837128	0.0984383299946785	0.0743534192442894	-0.06280957907438278	0.3833063840866089	0.5809529423713684	0.11983375996351242	0.1463269591331482	0.623275101184845	1.0	0.6966425180435181	0.24448390305042267	-0.08967643231153488	-0.20150229334831238	-0.14980681240558624	0.1485433280467987	0.20976561307907104	0.018432538956403732	-0.24120524525642395	0.047622133046388626	0.26284462213516235	0.4263022541999817	0.2575274407863617	0.16752365231513977	-0.5372455716133118	-0.039778292179107666	0.48126161098480225	-0.2667525112628937	-0.03396894037723541	0.6230891942977905	0.2758322060108185	-0.09507977962493896	-0.11855883151292801	0.599481463432312	0.7284461259841919	0.5874913930892944	0.49500173330307007	-0.511745810508728	-0.27077803015708923	-0.257546603679657	0.18224476277828217	0.519128680229187	-0.3141878545284271	-0.4315004050731659
CAU-body-rh	0.14046567678451538	-0.009356244467198849	-0.01812005788087845	0.09978574514389038	-0.28647109866142273	-0.17170210182666779	-0.18242456018924713	0.1617514044046402	-0.008212209679186344	0.04076743870973587	0.31690436601638794	0.45259636640548706	0.25907599925994873	0.19050437211990356	0.6309859156608582	0.6966425180435181	1.0	0.518548309803009	-0.2152661383152008	-0.2914617955684662	0.022598331794142723	0.27197903394699097	0.4817177355289459	0.11377212405204773	-0.05793827772140503	-0.19789184629917145	0.3094731271266937	0.4166486859321594	0.23463578522205353	-0.014306869357824326	-0.3521334230899811	0.022181976586580276	0.3152935206890106	-0.28043800592422485	-0.05378824472427368	0.5105047225952148	0.3459482192993164	0.024113576859235764	0.09964848309755325	0.6556189060211182	0.48308852314949036	0.6541650295257568	0.585328221321106	-0.4096323251724243	-0.09274781495332718	0.0244782455265522	0.17775596678256989	0.3476676940917969	-0.19036151468753815	-0.42632338404655457
CAU-tail-rh	0.4750615954399109	0.19374321401119232	0.03467296063899994	0.1944735199213028	-0.2564747631549835	0.21108566224575043	-0.0017409975407645106	-0.07300696521997452	0.01840672269463539	-0.1050034761428833	0.02700773999094963	0.15905404090881348	0.2482786327600479	-0.008633928373456001	0.24513289332389832	0.24448390305042267	0.518548309803009	1.0	0.11436167359352112	-0.11272518336772919	-0.1495850682258606	0.37516412138938904	0.15452955663204193	-0.18527278304100037	0.18252375721931458	0.2564869225025177	0.44101405143737793	0.4276050627231598	0.21518953144550323	-0.07579801231622696	-0.059517908841371536	0.12406238913536072	0.1298537254333496	0.1714121699333191	-0.2489328384399414	0.1796635240316391	0.1663542240858078	0.10715620219707489	0.3609890639781952	0.16662295162677765	-0.006727080792188644	0.2580864131450653	0.0776582807302475	0.10792048275470734	0.28454527258872986	0.01204821839928627	0.3123541474342346	0.18371480703353882	-0.04972546547651291	-0.3061355948448181
lAMY-rh	0.3206288814544678	0.5886852741241455	0.27076026797294617	0.13493670523166656	-0.001051387283951044	0.16114556789398193	0.14264144003391266	-0.04240192845463753	0.37631773948669434	0.04621149227023125	-0.15042895078659058	0.023343870416283607	0.030208390206098557	0.021445367485284805	0.26614370942115784	-0.08967643231153488	-0.2152661383152008	0.11436167359352112	1.0	0.39969602227211	-0.10354451090097427	0.04898155480623245	-0.1012263298034668	-0.0933651328086853	0.1591966599225998	0.27635693550109863	0.5250882506370544	0.3846210837364197	0.22296598553657532	0.2773701846599579	-0.08083084225654602	0.06372402608394623	0.25088733434677124	0.07666539400815964	-0.0155886085703969	-0.10213325917720795	0.09252896159887314	-0.007680743467062712	-0.11747714877128601	-0.08905550837516785	0.19955013692378998	-0.03431659936904907	-0.16822783648967743	0.1636168211698532	0.3537023961544037	-0.4181305170059204	0.14919742941856384	0.11742738634347916	-0.15328891575336456	-0.09573435038328171
mAMY-rh	0.2588510811328888	-0.0030763796530663967	-0.025664448738098145	-0.11851832270622253	0.20691904425621033	0.11022040992975235	-0.015156174078583717	0.016557607799768448	0.004912520758807659	0.2764377295970917	-0.5328186750411987	-0.20544935762882233	-0.3284880816936493	-0.26803240180015564	-0.1895788460969925	-0.20150229334831238	-0.2914617955684662	-0.11272518336772919	0.39969602227211	1.0	0.0007621315307915211	-0.42056551575660706	-0.32022175192832947	0.03693405166268349	-0.01315149012953043	0.31014302372932434	0.42897024750709534	-0.0048842234537005424	0.16392183303833008	0.09070682525634766	0.01620999351143837	-0.10394405573606491	0.0001275191461900249	-0.06536461412906647	0.32615843415260315	-0.15006192028522491	-0.07956194132566452	-0.1899745911359787	-0.3715307116508484	-0.1775849610567093	-0.08486776798963547	0.17841176688671112	0.04325314983725548	0.4203602075576782	0.30624786019325256	-0.050662584602832794	-0.2839827537536621	-0.022422289475798607	-0.1883108764886856	-0.013382264412939548
THA-DP-rh	0.1253206729888916	-0.11394127458333969	-0.007713522762060165	0.28230175375938416	0.03078261762857437	-0.3501370847225189	0.1736583262681961	0.25057563185691833	0.09866717457771301	0.1291811615228653	0.11055044084787369	-0.04167700931429863	0.1377900242805481	0.014603684656322002	0.06259122490882874	-0.14980681240558624	0.022598331794142723	-0.1495850682258606	-0.10354451090097427	0.0007621315307915211	1.0	-0.35608264803886414	0.27223968505859375	0.3559083342552185	-0.48357757925987244	-0.26113417744636536	-0.1869719922542572	-0.36194899678230286	-0.1519639790058136	-0.2397712767124176	0.09875930845737457	0.17164278030395508	0.036018773913383484	-0.13093654811382294	-0.28921473026275635	0.2609214782714844	-0.06818973273038864	0.19249972701072693	-0.01701831817626953	0.18427835404872894	-0.06453679502010345	0.0786055400967598	0.2987225651741028	-0.10321997851133347	0.12063269317150116	0.21797962486743927	0.25159722566604614	0.08400581032037735	0.012739422731101513	0.01758333295583725
NAc-shell-rh	-0.03719942271709442	0.27824142575263977	0.013362127356231213	-0.029014568775892258	-0.1511254906654358	-0.029284439980983734	0.11656972765922546	0.02986929379403591	0.31765082478523254	-0.19218185544013977	0.3672371506690979	0.14718708395957947	0.17181135714054108	0.29690390825271606	0.19063590466976166	0.1485433280467987	0.27197903394699097	0.37516412138938904	0.04898155480623245	-0.42056551575660706	-0.35608264803886414	1.0	0.29179707169532776	-0.3695019781589508	0.3706962466239929	0.15399707853794098	0.21094299852848053	0.39622125029563904	0.10769957304000854	-0.08029956370592117	-0.0964471697807312	-0.04839674010872841	0.06687411665916443	0.25972986221313477	-0.13504084944725037	-0.011843537911772728	0.1373220831155777	-0.010521774180233479	0.14146901667118073	0.02079954743385315	-0.0025594159960746765	0.023312918841838837	-0.1281253695487976	-0.13467592000961304	-0.12848836183547974	0.02236783504486084	0.32682135701179504	0.21436992287635803	0.02237040363252163	0.1639113426208496
NAc-core-rh	0.059842873364686966	0.013827730901539326	-0.0735352635383606	0.16456066071987152	-0.4744577407836914	-0.3704855442047119	0.1206207424402237	0.16959072649478912	0.030359573662281036	-0.02282756008207798	0.5150497555732727	0.24102851748466492	0.15222221612930298	0.07277713716030121	0.35576722025871277	0.20976561307907104	0.4817177355289459	0.15452955663204193	-0.1012263298034668	-0.32022175192832947	0.27223968505859375	0.29179707169532776	1.0	0.24942149221897125	-0.12625159323215485	-0.02137640304863453	-0.011356948874890804	0.161550834774971	0.0650978684425354	-0.05224773660302162	-0.16770432889461517	0.2813553810119629	0.12630139291286469	-0.07062919437885284	-0.3067931830883026	0.43584898114204407	0.4104008376598358	0.35140490531921387	0.13416913151741028	0.4449990391731262	0.1689404994249344	0.3418337106704712	0.4332214295864105	-0.3171065151691437	0.20204564929008484	0.15025494992733002	0.6464942097663879	0.4204750657081604	-0.19342540204524994	-0.19807660579681396
pGP-rh	-0.0068528493866324425	-0.10300728678703308	-0.003670793492347002	0.2806832492351532	0.15195989608764648	-0.1734379380941391	0.23151104152202606	0.28746601939201355	-0.2616010010242462	-0.06971260905265808	0.30089277029037476	0.09158439934253693	0.018090901896357536	0.16520780324935913	-0.04687146097421646	0.018432538956403732	0.11377212405204773	-0.18527278304100037	-0.0933651328086853	0.03693405166268349	0.3559083342552185	-0.3695019781589508	0.24942149221897125	1.0	-0.4588966965675354	-0.02071365900337696	-0.19481290876865387	0.06897158175706863	0.03140360116958618	0.06291808187961578	0.17899976670742035	0.15266135334968567	0.0005382265662774444	-0.2119234800338745	-0.1657439023256302	0.2181943953037262	0.14794880151748657	0.15905863046646118	-0.09070676565170288	0.14894044399261475	0.10753531008958817	0.14034293591976166	0.22142136096954346	-0.16898413002490997	-0.03156531974673271	0.024203717708587646	-0.031522419303655624	0.099933922290802	-0.04450549930334091	0.15852516889572144
aGP-rh	0.05238041281700134	-0.08053390681743622	-0.276999294757843	-0.3871712386608124	-0.178854838013649	0.12287577986717224	-0.453013151884079	-0.43402910232543945	-0.02774425595998764	-0.013174631632864475	-0.23765072226524353	-0.2752190828323364	-0.1517249047756195	0.005677457433193922	0.044663455337285995	-0.24120524525642395	-0.05793827772140503	0.18252375721931458	0.1591966599225998	-0.01315149012953043	-0.48357757925987244	0.3706962466239929	-0.12625159323215485	-0.4588966965675354	1.0	0.024776866659522057	0.24574308097362518	-0.037818629294633865	-0.008790443651378155	-0.009316586889326572	-0.19674590229988098	-0.102479487657547	0.01954330876469612	0.3988746404647827	0.17502234876155853	-0.43034815788269043	-0.22610719501972198	-0.014075078070163727	0.08411853015422821	-0.2412193864583969	-0.05363824963569641	-0.10637833923101425	-0.31617072224617004	0.22980265319347382	0.1595122516155243	0.18148118257522583	-0.01692482829093933	-0.17235437035560608	0.2647811770439148	-0.02186349593102932
HIP-head-m-lh	0.4139503240585327	0.165061816573143	0.2380397915840149	0.0986018180847168	-0.0010640830732882023	0.20367740094661713	0.2862090766429901	-0.09622509777545929	-0.1186726838350296	-0.06342130154371262	0.10203719884157181	-0.00749418418854475	-0.16112753748893738	-0.21356305480003357	-0.13968110084533691	0.047622133046388626	-0.19789184629917145	0.2564869225025177	0.27635693550109863	0.31014302372932434	-0.26113417744636536	0.15399707853794098	-0.02137640304863453	-0.02071365900337696	0.024776866659522057	1.0	0.33330652117729187	0.31048521399497986	0.4504854083061218	-0.07122460007667542	0.01007712073624134	0.16096767783164978	0.19347552955150604	0.47735267877578735	0.03771533444523811	0.03536280617117882	0.13020405173301697	0.056219927966594696	-0.09694843739271164	0.02785305865108967	0.14248505234718323	0.11658607423305511	-0.07595599442720413	0.24833431839942932	0.19674251973628998	-0.2859305739402771	0.1352318823337555	0.3489116430282593	-0.13571494817733765	-0.04997367411851883
HIP-head-l-l	0.5036794543266296	0.29867124557495117	0.24844616651535034	0.031664516776800156	-0.06457772105932236	0.16770833730697632	-0.031614094972610474	-0.04842093214392662	0.21900351345539093	0.19354335963726044	-0.12153204530477524	0.09495840966701508	-0.002393082482740283	0.004497495014220476	0.4252372682094574	0.26284462213516235	0.3094731271266937	0.44101405143737793	0.5250882506370544	0.42897024750709534	-0.1869719922542572	0.21094299852848053	-0.011356948874890804	-0.19481290876865387	0.24574308097362518	0.33330652117729187	1.0	0.5209009647369385	0.4496530592441559	0.06894098222255707	-0.2880752682685852	0.031744200736284256	0.428127259016037	0.07732400298118591	0.26447010040283203	0.06715774536132812	0.1723865419626236	-0.0638732835650444	-0.06986083835363388	0.21742713451385498	0.33489927649497986	0.44345858693122864	0.07280582934617996	0.17784197628498077	0.18816661834716797	-0.3129942715167999	0.08916111290454865	0.38212859630584717	-0.033728305250406265	-0.3715730309486389
HIP-body-l	0.31013229489326477	0.49258556962013245	0.3577442765235901	0.3596702218055725	-0.006353813223540783	0.3188402056694031	0.1713818907737732	0.16808293759822845	0.1360829919576645	-0.13212111592292786	0.32930681109428406	0.39569321274757385	0.36493632197380066	0.37986451387405396	0.4096371531486511	0.4263022541999817	0.4166486859321594	0.4276050627231598	0.3846210837364197	-0.0048842234537005424	-0.36194899678230286	0.39622125029563904	0.161550834774971	0.06897158175706863	-0.037818629294633865	0.31048521399497986	0.5209009647369385	1.0	0.5512263178825378	0.12517771124839783	-0.22970299422740936	0.2090735137462616	0.409788578748703	0.016179881989955902	0.16283456981182098	0.17938239872455597	0.38447508215904236	0.04444889724254608	0.13081121444702148	0.2211892157793045	0.40256357192993164	0.2740369439125061	0.07531914114952087	-0.05640055984258652	0.06402279436588287	-0.27575162053108215	0.1955464631319046	0.31577765941619873	-0.008843222633004189	-0.1720000058412552
HIP-tail-lh	0.5383549332618713	0.17741981148719788	0.45918309688568115	0.3072853684425354	0.03142566978931427	0.0067444597370922565	0.10881197452545166	0.14386536180973053	0.08297667652368546	0.29413968324661255	0.423556387424469	0.24510504305362701	0.08135595917701721	0.09777580946683884	0.2895069122314453	0.2575274407863617	0.23463578522205353	0.21518953144550323	0.22296598553657532	0.16392183303833008	-0.1519639790058136	0.10769957304000854	0.0650978684425354	0.03140360116958618	-0.008790443651378155	0.4504854083061218	0.4496530592441559	0.5512263178825378	1.0	-0.004072112496942282	-0.026744419708848	0.48828011751174927	0.40688008069992065	0.09176364541053772	0.1775941103696823	0.29992958903312683	0.28682103753089905	0.19879063963890076	0.11762484163045883	0.2057255059480667	0.45551741123199463	0.1683092564344406	0.08782035112380981	-0.014871015213429928	0.20831720530986786	-0.2342822551727295	0.08028403669595718	0.5651724338531494	0.09452338516712189	-0.3371135890483856
THA-VPm-lh	0.005633320193737745	0.19219376146793365	-0.024610156193375587	-0.15517869591712952	0.20989727973937988	0.27193063497543335	0.13404609262943268	0.305806964635849	0.23665407299995422	0.2025040090084076	-0.13539676368236542	0.3841116428375244	0.07356301695108414	0.3617447018623352	0.277607798576355	0.16752365231513977	-0.014306869357824326	-0.07579801231622696	0.2773701846599579	0.09070682525634766	-0.2397712767124176	-0.08029956370592117	-0.05224773660302162	0.06291808187961578	-0.009316586889326572	-0.07122460007667542	0.06894098222255707	0.12517771124839783	-0.004072112496942282	1.0	0.04054553061723709	0.07090355455875397	0.24751417338848114	-0.005726512987166643	0.06485533714294434	0.1401589959859848	0.42819616198539734	0.02757943421602249	0.04621722921729088	0.03888082131743431	0.1298907846212387	0.044655896723270416	-0.01622442901134491	0.1048356294631958	-0.1327223926782608	-0.11619015783071518	0.016697939485311508	0.11650688201189041	-0.14085541665554047	0.23407478630542755
THA-VPl-lh	0.1621243953704834	-0.14543506503105164	0.0029915794730186462	-0.23822222650051117	0.14817823469638824	-0.1134900227189064	0.29433053731918335	0.18914270401000977	-0.06472448259592056	0.06950534880161285	0.0438711941242218	-0.21067604422569275	0.06148112565279007	0.04935703054070473	-0.37395361065864563	-0.5372455716133118	-0.3521334230899811	-0.059517908841371536	-0.08083084225654602	0.01620999351143837	0.09875930845737457	-0.0964471697807312	-0.16770432889461517	0.17899976670742035	-0.19674590229988098	0.01007712073624134	-0.2880752682685852	-0.22970299422740936	-0.026744419708848	0.04054553061723709	1.0	0.20120477676391602	-0.24770817160606384	-0.048501137644052505	0.030071604996919632	-0.15137949585914612	0.016515493392944336	0.1600731462240219	0.23924432694911957	-0.1307109147310257	-0.5122019648551941	-0.3417311906814575	-0.21402116119861603	0.3024871349334717	-0.0072556608356535435	-0.006233483552932739	-0.21323734521865845	-0.1038534864783287	0.3323580324649811	0.31014469265937805
THA-VAi-lh	0.44575896859169006	0.0879514291882515	0.2015487104654312	0.25035393238067627	-0.024294305592775345	0.2702493965625763	0.14586061239242554	0.2147059589624405	0.15975354611873627	0.1866423338651657	0.45752328634262085	0.09761214256286621	0.37891286611557007	0.26307496428489685	0.18081168830394745	-0.039778292179107666	0.022181976586580276	0.12406238913536072	0.06372402608394623	-0.10394405573606491	0.17164278030395508	-0.04839674010872841	0.2813553810119629	0.15266135334968567	-0.102479487657547	0.16096767783164978	0.031744200736284256	0.2090735137462616	0.48828011751174927	0.07090355455875397	0.20120477676391602	1.0	0.40834787487983704	0.21330100297927856	0.09635971486568451	0.20709751546382904	0.1816272884607315	0.7424250841140747	0.49904385209083557	0.0770278051495552	-0.020336367189884186	-0.07885672152042389	0.059790655970573425	0.03810745105147362	0.42675870656967163	0.12499041855335236	0.5099937319755554	0.2927429974079132	0.298358678817749	-0.10145065933465958
THA-VAs-lh	0.373738557100296	0.10168694704771042	0.0844663456082344	0.05228954553604126	-0.0006602426874451339	0.24515946209430695	0.053091756999492645	0.10846375674009323	0.35189273953437805	0.04870573803782463	0.39698055386543274	0.5555888414382935	0.4007588028907776	0.532921552658081	0.7361782193183899	0.48126161098480225	0.3152935206890106	0.1298537254333496	0.25088733434677124	0.0001275191461900249	0.036018773913383484	0.06687411665916443	0.12630139291286469	0.0005382265662774444	0.01954330876469612	0.19347552955150604	0.428127259016037	0.409788578748703	0.40688008069992065	0.24751417338848114	-0.24770817160606384	0.40834787487983704	1.0	0.0888405367732048	0.3605787754058838	0.36097633838653564	0.31993773579597473	0.18482965230941772	0.2570311725139618	0.5452526807785034	0.5269841551780701	0.5292660593986511	0.3794940710067749	-0.04398501291871071	-0.11589210480451584	-0.250559002161026	0.3286501169204712	0.44756069779396057	0.07174714654684067	-0.29015684127807617
THA-DAm-lh	0.3236234486103058	0.19349530339241028	0.19296011328697205	-0.11670802533626556	0.20777563750743866	0.4064330458641052	0.02880248613655567	-0.20085348188877106	-0.04567667096853256	-0.20217232406139374	-0.017834734171628952	-0.30963972210884094	0.21513622999191284	0.09200270473957062	-0.17469249665737152	-0.2667525112628937	-0.28043800592422485	0.1714121699333191	0.07666539400815964	-0.06536461412906647	-0.13093654811382294	0.25972986221313477	-0.07062919437885284	-0.2119234800338745	0.3988746404647827	0.47735267877578735	0.07732400298118591	0.016179881989955902	0.09176364541053772	-0.005726512987166643	-0.048501137644052505	0.21330100297927856	0.0888405367732048	1.0	0.02984570898115635	-0.3461812436580658	-0.1750880479812622	0.3677888810634613	0.09820666164159775	-0.21289968490600586	-0.16395705938339233	-0.30045613646507263	-0.520791232585907	0.31766918301582336	0.14229615032672882	0.28104037046432495	0.22973786294460297	0.09516824036836624	0.24450871348381042	0.389295369386673
THA-DAl-lh	0.17817801237106323	-0.0733853131532669	0.012061722576618195	-0.4964021146297455	0.29477739334106445	0.3371969163417816	-0.26785334944725037	-0.06391295790672302	-0.03439366817474365	0.18488465249538422	-0.19050978124141693	-0.08986996114253998	0.2353539913892746	0.18285702168941498	0.037138931453228	-0.03396894037723541	-0.05378824472427368	-0.2489328384399414	-0.0155886085703969	0.32615843415260315	-0.28921473026275635	-0.13504084944725037	-0.3067931830883026	-0.1657439023256302	0.17502234876155853	0.03771533444523811	0.26447010040283203	0.16283456981182098	0.1775941103696823	0.06485533714294434	0.030071604996919632	0.09635971486568451	0.3605787754058838	0.02984570898115635	1.0	-0.23806782066822052	0.03961031883955002	0.05168161541223526	-0.00023242985480464995	0.15716469287872314	0.057348161935806274	0.1862107366323471	0.02725069783627987	0.29500892758369446	-0.09728749841451645	-0.07871409505605698	-0.40226465463638306	-0.16578611731529236	0.16136763989925385	-0.003759965533390641
PUT-VA-lh	0.09399621188640594	-0.22279928624629974	0.012762282975018024	0.256515234708786	-0.3141217827796936	-0.26469099521636963	0.22713568806648254	0.3807676434516907	0.18168000876903534	0.19237467646598816	0.5069120526313782	0.518726110458374	0.06943579763174057	0.19413839280605316	0.41414156556129456	0.6230891942977905	0.5105047225952148	0.1796635240316391	-0.10213325917720795	-0.15006192028522491	0.2609214782714844	-0.011843537911772728	0.43584898114204407	0.2181943953037262	-0.43034815788269043	0.03536280617117882	0.06715774536132812	0.17938239872455597	0.29992958903312683	0.1401589959859848	-0.15137949585914612	0.20709751546382904	0.36097633838653564	-0.3461812436580658	-0.23806782066822052	1.0	0.5234284996986389	0.12104631960391998	0.14711670577526093	0.6278934478759766	0.47540995478630066	0.4215937554836273	0.6012071371078491	-0.32298076152801514	0.08127044141292572	-0.12898987531661987	0.29637303948402405	0.5942553877830505	-0.36478304862976074	-0.3623977303504944
PUT-DA-l	0.3045711815357208	0.027283091098070145	-0.08581238985061646	-0.07195635139942169	-0.09626022726297379	-0.00731773441657424	0.3694724440574646	0.5763105750083923	0.18258842825889587	0.3571961522102356	0.23208732903003693	0.6480500102043152	0.18466289341449738	0.3860234022140503	0.3560463488101959	0.2758322060108185	0.3459482192993164	0.1663542240858078	0.09252896159887314	-0.07956194132566452	-0.06818973273038864	0.1373220831155777	0.4104008376598358	0.14794880151748657	-0.22610719501972198	0.13020405173301697	0.1723865419626236	0.38447508215904236	0.28682103753089905	0.42819616198539734	0.016515493392944336	0.1816272884607315	0.31993773579597473	-0.1750880479812622	0.03961031883955002	0.5234284996986389	1.0	-0.03051231987774372	0.37184879183769226	0.4865342676639557	0.1822471022605896	0.4091588854789734	0.43747222423553467	0.15989844501018524	-0.10997076332569122	-0.22178933024406433	0.11549196392297745	0.27726420760154724	-0.24824592471122742	-0.17911115288734436
PUT-VP-lh	0.41983333230018616	0.20298486948013306	0.1983221024274826	0.02786080539226532	-0.11854056268930435	0.2452237904071808	-0.12263990938663483	-0.07970988005399704	-0.09064283967018127	0.010200129821896553	0.32998692989349365	-0.16289971768856049	0.530683159828186	0.13649673759937286	-0.024272184818983078	-0.09507977962493896	0.024113576859235764	0.10715620219707489	-0.007680743467062712	-0.1899745911359787	0.19249972701072693	-0.010521774180233479	0.35140490531921387	0.15905863046646118	-0.014075078070163727	0.056219927966594696	-0.0638732835650444	0.04444889724254608	0.19879063963890076	0.02757943421602249	0.1600731462240219	0.7424250841140747	0.18482965230941772	0.3677888810634613	0.05168161541223526	0.12104631960391998	-0.03051231987774372	1.0	0.361391544342041	0.10413955897092819	-0.13036960363388062	-0.2299935668706894	-0.13273946940898895	0.033093906939029694	0.45769643783569336	0.2759498953819275	0.5290617942810059	0.23337799310684204	0.09542505443096161	0.15860292315483093
PUT-DP-lh	0.33382469415664673	-0.021738644689321518	-0.12849874794483185	0.100521981716156	-0.21734747290611267	0.21752749383449554	0.16502296924591064	0.23651906847953796	0.2349293977022171	0.05636194720864296	0.24605730175971985	0.3258137106895447	0.4333651661872864	0.44799482822418213	0.1042904406785965	-0.11855883151292801	0.09964848309755325	0.3609890639781952	-0.11747714877128601	-0.3715307116508484	-0.01701831817626953	0.14146901667118073	0.13416913151741028	-0.09070676565170288	0.08411853015422821	-0.09694843739271164	-0.06986083835363388	0.13081121444702148	0.11762484163045883	0.04621722921729088	0.23924432694911957	0.49904385209083557	0.2570311725139618	0.09820666164159775	-0.00023242985480464995	0.14711670577526093	0.37184879183769226	0.361391544342041	1.0	0.018901554867625237	-0.31766030192375183	-0.15506812930107117	-0.019833173602819443	0.34779122471809387	0.13685162365436554	0.18266752362251282	0.32447752356529236	-0.10614962875843048	0.3023606538772583	-0.08806982636451721
