Node	LH_Vis_1	LH_Vis_2	LH_Vis_3	LH_Vis_4	LH_Vis_5	LH_Vis_6	LH_Vis_7	LH_Vis_8	LH_Vis_9	LH_SomMot_1	LH_SomMot_2	LH_SomMot_3	LH_SomMot_4	LH_SomMot_5	LH_SomMot_6	LH_DorsAttn_Post_1	LH_DorsAttn_Post_2	LH_DorsAttn_Post_3	LH_DorsAttn_Post_4	LH_DorsAttn_Post_5	LH_DorsAttn_Post_6	LH_DorsAttn_PrCv_1	LH_DorsAttn_FEF_1	LH_SalVentAttn_ParOper_1	LH_SalVentAttn_FrOperIns_1	LH_SalVentAttn_FrOperIns_2	LH_SalVentAttn_PFCl_1	LH_SalVentAttn_Med_1	LH_SalVentAttn_Med_2	LH_SalVentAttn_Med_3	LH_Limbic_OFC_1	LH_Limbic_TempPole_1	LH_Limbic_TempPole_2	LH_Cont_Par_1	LH_Cont_PFCl_1	LH_Cont_pCun_1	LH_Cont_Cing_1	LH_Default_Temp_1	LH_Default_Temp_2	LH_Default_Par_1	LH_Default_Par_2	LH_Default_PFC_1	LH_Default_PFC_2	LH_Default_PFC_3	LH_Default_PFC_4	LH_Default_PFC_5	LH_Default_PFC_6	LH_Default_PFC_7	LH_Default_pCunPCC_1	LH_Default_pCunPCC_2	RH_Vis_1	RH_Vis_2	RH_Vis_3	RH_Vis_4	RH_Vis_5	RH_Vis_6	RH_Vis_7	RH_Vis_8	RH_SomMot_1	RH_SomMot_2	RH_SomMot_3	RH_SomMot_4	RH_SomMot_5	RH_SomMot_6	RH_SomMot_7	RH_SomMot_8	RH_DorsAttn_Post_1	RH_DorsAttn_Post_2	RH_DorsAttn_Post_3	RH_DorsAttn_Post_4	RH_DorsAttn_Post_5	RH_DorsAttn_PrCv_1	RH_DorsAttn_FEF_1	RH_SalVentAttn_TempOccPar_1	RH_SalVentAttn_TempOccPar_2	RH_SalVentAttn_FrOperIns_1	RH_SalVentAttn_Med_1	RH_SalVentAttn_Med_2	RH_Limbic_OFC_1	RH_Limbic_TempPole_1	RH_Cont_Par_1	RH_Cont_Par_2	RH_Cont_PFCl_1	RH_Cont_PFCl_2	RH_Cont_PFCl_3	RH_Cont_PFCl_4	RH_Cont_Cing_1	RH_Cont_PFCmp_1	RH_Cont_pCun_1	RH_Default_Par_1	RH_Default_Temp_1	RH_Default_Temp_2	RH_Default_Temp_3	RH_Default_PFCv_1	RH_Default_PFCv_2	RH_Default_PFCdPFCm_1	RH_Default_PFCdPFCm_2	RH_Default_PFCdPFCm_3	RH_Default_pCunPCC_1	RH_Default_pCunPCC_2	LH-Pu	LH-Ca	LH-NAC	LH-EXA	LH-GPe	LH-GPi	LH-SNc_PBP_VTA	LH-RN	LH-SNr	LH-VeP	LH-HN	LH-HTH	LH-MN	LH-STH	RH-Pu	RH-Ca	RH-NAC	RH-EXA	RH-GPe	RH-GPi	RH-SNc_PBP_VTA	RH-RN	RH-SNr	RH-VeP	RH-HN	RH-HTH	RH-MN	RH-STH	LH-Pulvinar	LH-Anterior	LH-Medio_Dorsal	LH-Ventral_Latero_Dorsal	LH-Central_Lateral-Lateral_Posterior-Medial_Pulvinar	LH-Ventral_Anterior	LH-Ventral_Latero_Ventral	RH-Pulvinar	RH-Anterior	RH-Medio_Dorsal	RH-Ventral_Latero_Dorsal	RH-Central_Lateral-Lateral_Posterior-Medial_Pulvinar	RH-Ventral_Anterior	RH-Ventral_Latero_Ventral	LH_Hippocampus	LH_Amygdala	RH_Hippocampus	RH_Amygdala	Cerebellar_Region1	Cerebellar_Region2	Cerebellar_Region3	Cerebellar_Region4	Cerebellar_Region5	Cerebellar_Region6	Cerebellar_Region7	Cerebellar_Region8	Cerebellar_Region9	Cerebellar_Region10
LH_Vis_1	1.0	0.6965729594230652	0.6369892954826355	0.13921000063419342	0.6904119849205017	0.6309188008308411	0.2090204507112503	0.6006340384483337	0.4102622866630554	0.264907568693161	-0.0620587095618248	-0.2823648154735565	-0.4191913902759552	-0.5022953748703003	-0.15377339720726013	0.3757384419441223	-0.313871830701828	0.18680112063884735	-0.5349113941192627	-0.020149650052189827	-0.43033525347709656	-0.3232443034648895	-0.30787524580955505	0.2195862978696823	0.413678914308548	0.12457598745822906	0.19714711606502533	0.26462095975875854	0.20617564022541046	-0.2859984040260315	0.21960052847862244	0.2583605945110321	-0.13800756633281708	-0.21385535597801208	-0.12247171998023987	-0.05544968694448471	-0.33207911252975464	-0.4572952687740326	-0.43096283078193665	-0.2791748046875	-0.27711403369903564	0.023442724719643593	-0.24979805946350098	0.03421115502715111	-0.04271253943443298	-0.05941139906644821	-0.24648268520832062	-0.0925883874297142	0.37549740076065063	-0.34501662850379944	0.6540273427963257	0.6675269603729248	0.34730955958366394	0.3886086046695709	0.7899110913276672	0.5237398743629456	0.5265737771987915	0.3671266436576843	0.18117916584014893	-0.13611309230327606	-0.34739065170288086	-0.4476860463619232	-0.07473386079072952	-0.3964821994304657	-0.4252183735370636	-0.2064298689365387	0.01126482430845499	-0.5341405868530273	0.0017546158051118255	0.1325024515390396	-0.19743168354034424	0.040792156010866165	-0.29179322719573975	-0.05811174586415291	0.08376652002334595	0.21498630940914154	0.06475595384836197	0.0876169353723526	0.259330689907074	0.17730356752872467	-0.053513702005147934	-0.4013996720314026	-0.28699547052383423	0.03923623636364937	0.09540746361017227	-0.2750033438205719	-0.3427415192127228	0.14056745171546936	-0.09968112409114838	-0.4656718671321869	-0.31577855348587036	-0.09561848640441895	-0.3818362355232239	-0.10204813629388809	0.02825852297246456	-0.13750462234020233	-0.3862077593803406	-0.25197333097457886	0.3634970784187317	-0.4138634204864502	0.25981631875038147	0.19971489906311035	0.02803983725607395	0.2678516209125519	-0.0751364603638649	0.3911895751953125	0.1373843103647232	0.17512550950050354	0.15561041235923767	0.05874665826559067	0.08270590752363205	0.5371005535125732	-0.08019978553056717	-0.05722508579492569	0.2714920938014984	0.286695271730423	0.2512699365615845	-0.044762399047613144	0.25254663825035095	0.0951918289065361	-0.043830350041389465	-0.2746250629425049	0.2705155611038208	0.07825534045696259	-0.18080267310142517	-0.03826877847313881	0.11536527425050735	0.21128250658512115	0.3862774074077606	0.42799562215805054	0.16214388608932495	0.32836559414863586	-0.14967462420463562	0.28998810052871704	0.21758390963077545	0.03882893919944763	0.2224748581647873	0.14328710734844208	0.20059742033481598	0.06595419347286224	0.35343074798583984	0.32489949464797974	0.1156182512640953	-0.16687746345996857	0.12108927220106125	0.012423702515661716	0.506199836730957	0.3688516616821289	0.4738517105579376	0.4911052882671356	0.31010136008262634	0.3626652657985687	0.10798825323581696	-0.07841465622186661	-0.16559357941150665	-0.18205147981643677
LH_Vis_2	0.6965729594230652	1.0	0.8451613783836365	-0.09721281379461288	0.7617231011390686	0.7595194578170776	0.6011812090873718	0.7304480671882629	0.6101096868515015	0.09764541685581207	0.005190227180719376	-0.15015830099582672	-0.27137115597724915	-0.27749618887901306	-0.09715688228607178	0.5824925899505615	-0.3520010709762573	0.48551318049430847	-0.5369521379470825	0.21061396598815918	-0.37801796197891235	-0.18442988395690918	-0.2983088791370392	0.42033883929252625	0.36400777101516724	0.33075574040412903	0.4567372798919678	0.309187650680542	0.39854252338409424	-0.1622268557548523	-0.07379729300737381	-0.07360637933015823	-0.09683315455913544	0.2568186819553375	0.0981588214635849	0.07384389638900757	-0.615839421749115	-0.48851215839385986	-0.3337233364582062	-0.04336412623524666	-0.49924662709236145	-0.16567710041999817	-0.3548026978969574	-0.41645434498786926	-0.13841992616653442	-0.3987480401992798	-0.3998827040195465	-0.1435518115758896	0.08503804355859756	-0.448664128780365	0.33769673109054565	0.8528379201889038	0.2961530387401581	-0.007371269166469574	0.8410415053367615	0.6649124026298523	0.6048626899719238	0.5393527746200562	0.13119922578334808	0.06299291551113129	-0.10940621793270111	-0.2891679108142853	0.22926096618175507	-0.2094491869211197	-0.3354339897632599	-0.12613841891288757	0.1088782399892807	-0.4663615822792053	0.30030056834220886	0.3380573093891144	-0.23062145709991455	0.22530682384967804	-0.20893865823745728	0.18582263588905334	0.24673615396022797	0.426773339509964	0.23773232102394104	0.3885418772697449	-0.044382933527231216	-0.1769571304321289	0.14129889011383057	-0.45220571756362915	-0.3502678871154785	0.08818704634904861	0.32933107018470764	-0.3790018856525421	-0.5663048028945923	0.13982953131198883	0.17019788920879364	-0.5242927074432373	-0.2865806519985199	0.15936928987503052	-0.20075564086437225	-0.185359388589859	0.023238401859998703	-0.5127406716346741	-0.5588255524635315	-0.4116460084915161	0.08365362882614136	-0.5399209260940552	0.2801787555217743	-0.016411492601037025	-0.21179501712322235	0.1632750779390335	-0.14299829304218292	0.49427083134651184	0.0445619635283947	0.16634589433670044	-0.10050277411937714	0.04746224731206894	0.13871461153030396	0.32011744379997253	-0.3797184228897095	-0.07217545807361603	0.3184930980205536	-0.01650155894458294	-0.014731358736753464	-0.1979745477437973	0.21647563576698303	0.29236888885498047	0.15088434517383575	-0.1301707923412323	-0.04306814447045326	0.04572318494319916	-0.06956538558006287	-0.30543312430381775	-0.19463703036308289	0.027340594679117203	0.3365478515625	0.29414111375808716	0.011884741485118866	0.30928006768226624	-0.005137934815138578	0.2679959535598755	-0.09297669678926468	0.012187103740870953	0.11589102447032928	0.24751131236553192	0.3589996099472046	0.29741209745407104	0.33698710799217224	0.1461576223373413	-0.17277614772319794	-0.15261314809322357	-0.13003619015216827	-0.019468272104859352	0.09210442006587982	0.043003346771001816	0.22918947041034698	0.4139963686466217	0.0754399299621582	0.2152141034603119	-0.13830681145191193	-0.3831286132335663	-0.25235843658447266	-0.2703612148761749
LH_Vis_3	0.6369892954826355	0.8451613783836365	1.0	-0.16379134356975555	0.6032053232192993	0.8975397348403931	0.6036402583122253	0.6440093517303467	0.6837953925132751	0.156927689909935	-0.06204385682940483	-0.14390794932842255	-0.42578545212745667	-0.229643315076828	-0.1434737741947174	0.3909861445426941	-0.2978627681732178	0.41380882263183594	-0.4697086215019226	0.2305448055267334	-0.3380065858364105	-0.22218216955661774	-0.3027096688747406	0.562913715839386	0.4372403621673584	0.4601253867149353	0.6019023060798645	0.38507944345474243	0.4550284147262573	-0.10177909582853317	-0.16360728442668915	-0.13937056064605713	-0.20463643968105316	0.1491921991109848	0.10400950908660889	0.20771516859531403	-0.6102721691131592	-0.6186519265174866	-0.4033556580543518	-0.07144590467214584	-0.49148064851760864	-0.03325503692030907	-0.31411463022232056	-0.4165745675563812	0.007694289553910494	-0.34874144196510315	-0.3825596570968628	-0.14137816429138184	0.08774318546056747	-0.3972492218017578	0.19804954528808594	0.790485143661499	0.18674252927303314	-0.07409744709730148	0.8145946264266968	0.8412222266197205	0.47124478220939636	0.5417589545249939	0.14516586065292358	0.08687258511781693	-0.08949118852615356	-0.43638357520103455	0.26478517055511475	-0.1930759698152542	-0.18189503252506256	-0.19752655923366547	0.11199966818094254	-0.30050209164619446	0.2974293828010559	0.34884676337242126	-0.24875302612781525	0.15569883584976196	-0.10830383747816086	0.21962687373161316	0.3597281277179718	0.4870603680610657	0.3431561291217804	0.5033563375473022	-0.10199397057294846	-0.2542168200016022	0.1381482481956482	-0.4956735670566559	-0.19637729227542877	0.09694556146860123	0.5816860795021057	-0.36298349499702454	-0.5124155282974243	0.25730910897254944	0.216070756316185	-0.5615130662918091	-0.3618317246437073	0.0197792686522007	-0.3112925887107849	-0.17164553701877594	-0.017297884449362755	-0.5012539029121399	-0.5562179088592529	-0.44002094864845276	-0.001289602369070053	-0.5375906825065613	0.1890687346458435	-0.06441856175661087	-0.3814809322357178	0.027015788480639458	-0.02008647844195366	0.6422275304794312	0.08120957762002945	0.17056865990161896	-0.06182727590203285	0.1340583711862564	0.04154194891452789	0.33266717195510864	-0.29764825105667114	0.053161490708589554	0.272124320268631	-0.06074494868516922	-0.13560470938682556	-0.1773790568113327	0.29227519035339355	0.4711189568042755	0.25109049677848816	-0.2359767109155655	0.04518928378820419	-0.13342824578285217	-0.02988266944885254	-0.25185275077819824	-0.17569506168365479	0.030418062582612038	0.1955612748861313	0.09563686698675156	-0.03172404319047928	0.1431385725736618	0.03780081123113632	0.021134842187166214	-0.15622352063655853	-0.24274390935897827	-0.01931104063987732	0.18546923995018005	0.2094959318637848	0.22437381744384766	0.18872885406017303	0.10699743032455444	-0.24721384048461914	-0.20427648723125458	-0.13254854083061218	-0.13143040239810944	0.005822545383125544	-0.03047139383852482	0.10753291100263596	0.25689631700515747	-0.04893510043621063	0.1560923010110855	-0.33660539984703064	-0.4815543293952942	-0.33221235871315	-0.34251531958580017
LH_Vis_4	0.13921000063419342	-0.09721281379461288	-0.16379134356975555	1.0	0.20787636935710907	-0.1548784375190735	-0.12348304688930511	0.2295718640089035	-0.10237426310777664	0.06079033389687538	-0.19305483996868134	-0.4004024267196655	-0.15360994637012482	-0.05865650251507759	0.3239060342311859	0.10551425814628601	-0.4449603259563446	0.06725655496120453	-0.2048143893480301	-0.3255003094673157	-0.22372309863567352	-0.13987840712070465	-0.08560144156217575	-0.36718353629112244	-0.16507533192634583	-0.3007040321826935	-0.2004767805337906	-0.12030033022165298	-0.24245193600654602	-0.20246805250644684	0.23321805894374847	0.36641925573349	0.08209443837404251	-0.2013084441423416	-0.024052556604146957	-0.1427171379327774	0.3032233417034149	-0.09643637388944626	-0.08310159295797348	-0.3180069029331207	0.19531656801700592	0.13067440688610077	0.02231256105005741	0.327846497297287	0.3809971809387207	0.2384190559387207	0.12405354529619217	-0.07837197929620743	0.015575677156448364	0.20593464374542236	0.1035725399851799	-0.09841848909854889	0.1989123672246933	0.7733350396156311	0.08756238222122192	-0.1670757681131363	0.24920938909053802	-0.03681974858045578	0.05129338055849075	-0.527783989906311	-0.40800657868385315	-0.1373681128025055	-0.20097322762012482	0.16195204854011536	-0.11079642921686172	0.2725529670715332	-0.08702775090932846	-0.2568521499633789	-0.16613738238811493	-0.07323853671550751	-0.07019872218370438	-0.22140072286128998	-0.07860560715198517	-0.19948336482048035	-0.41829854249954224	-0.43595966696739197	-0.38150554895401	-0.2517769932746887	-0.04121389612555504	0.17421700060367584	-0.44035598635673523	-0.16309115290641785	0.018702341243624687	-0.44616761803627014	-0.4276176393032074	-0.07895899564027786	0.104975625872612	-0.5280101895332336	-0.21892374753952026	0.10905100405216217	-0.3695005774497986	-0.43079590797424316	-0.2106972634792328	-0.2063446342945099	-0.20941632986068726	0.17862734198570251	-0.035996291786432266	-0.08193221688270569	0.16286297142505646	0.19814878702163696	0.11136958748102188	0.21764607727527618	0.5190228819847107	0.10542432963848114	0.2535167634487152	-0.2823631763458252	-0.28576380014419556	0.04913918301463127	0.0647968128323555	0.13885760307312012	-0.16798506677150726	-0.0622214749455452	0.45852556824684143	0.16380682587623596	0.003333739470690489	0.17138837277889252	0.10616900026798248	0.04447627440094948	-0.18892237544059753	-0.47572171688079834	-0.31539663672447205	0.0011612499365583062	0.07429861277341843	0.051543813198804855	-0.012854901142418385	0.08960548788309097	0.22464053332805634	-0.07854728400707245	0.21564814448356628	0.08482685685157776	0.25742480158805847	0.18720373511314392	-0.04610129073262215	0.2730341851711273	0.2617274820804596	0.16340544819831848	0.1699991524219513	0.12930673360824585	0.15145553648471832	-0.0627017691731453	0.29533621668815613	0.2441951185464859	-0.10406607389450073	-0.22744345664978027	-0.03386535122990608	-0.006450532004237175	0.33183571696281433	0.28633633255958557	0.44883811473846436	0.012728299014270306	0.08728816360235214	0.17842644453048706	0.3474302887916565	0.5100843906402588	0.4475976824760437	0.23289288580417633
LH_Vis_5	0.6904119849205017	0.7617231011390686	0.6032053232192993	0.20787636935710907	1.0	0.4423699676990509	0.24822723865509033	0.7677246332168579	0.35235002636909485	-0.08608659356832504	-0.3667638301849365	-0.46510037779808044	-0.3988986909389496	-0.4318869411945343	-0.26746129989624023	0.351029634475708	-0.5257578492164612	0.3929263651371002	-0.5419926643371582	-0.12325986474752426	-0.5197389125823975	-0.09322243928909302	-0.3013218641281128	0.066929392516613	0.0301491841673851	0.06881516426801682	0.2294505089521408	0.0765698254108429	-0.016091154888272285	-0.3474613428115845	0.007193254306912422	-0.0717305839061737	0.2147996872663498	0.047598693519830704	0.2554372251033783	-0.07805176079273224	-0.3954008221626282	-0.4654572904109955	-0.2428172379732132	-0.252963662147522	-0.10227897018194199	-0.10039070248603821	-0.1392921805381775	-0.12862884998321533	0.08644349873065948	0.008361860178411007	-0.0637342780828476	0.1306024044752121	0.07141102850437164	-0.22832955420017242	0.3063809275627136	0.5748648643493652	0.1444091647863388	0.3420042097568512	0.8239632248878479	0.30559536814689636	0.6086306571960449	0.40521901845932007	-0.12402841448783875	-0.3424449861049652	-0.38373854756355286	-0.36593160033226013	-0.07433106750249863	-0.16852116584777832	-0.41690388321876526	-0.23569829761981964	-0.056149858981370926	-0.3983785808086395	-0.020604459568858147	0.09714169800281525	-0.4065338671207428	0.10213501006364822	-0.2364351451396942	-0.07317579537630081	-0.1263105869293213	0.027458181604743004	-0.18208175897598267	0.04105798155069351	-0.14797978103160858	-0.19976265728473663	-0.1339297741651535	-0.3296716511249542	-0.26479142904281616	0.055917296558618546	0.0807405561208725	-0.16372767090797424	-0.3850724399089813	-0.1266450136899948	-0.03984177112579346	-0.28562554717063904	-0.42888012528419495	-0.2153567522764206	-0.2138310968875885	-0.3378264009952545	-0.07540485262870789	-0.3272513747215271	-0.3488321304321289	-0.13690893352031708	0.1743718385696411	-0.37528249621391296	0.1619894653558731	0.08012672513723373	0.0809422954916954	0.3551788628101349	-0.20865094661712646	0.2617599070072174	-0.21583576500415802	0.07851655781269073	-0.04635608196258545	0.07577832043170929	0.0061065987683832645	0.2323535978794098	-0.25643905997276306	-0.26685869693756104	0.11276751011610031	0.18191492557525635	0.12334953993558884	0.061443932354450226	0.1755572259426117	0.17006877064704895	-0.07733342051506042	-0.18937434256076813	0.04253361374139786	0.011755888350307941	-0.3193335235118866	-0.15380443632602692	0.10537539422512054	-0.09735344350337982	0.1866726130247116	0.2992078363895416	-0.1598416417837143	0.24491633474826813	-0.13279344141483307	0.16354236006736755	-0.0711388885974884	-0.1565992534160614	0.048837337642908096	0.10133647918701172	0.21043631434440613	0.056238286197185516	0.3641425371170044	-0.0778593122959137	-0.24343937635421753	-0.04766450077295303	-0.11417914181947708	0.1323385089635849	0.2708939015865326	0.20014400780200958	0.2731034457683563	0.22476895153522491	0.18725180625915527	0.496797114610672	0.14562268555164337	0.0709548145532608	0.18070264160633087	-0.08226001262664795
LH_Vis_6	0.6309188008308411	0.7595194578170776	0.8975397348403931	-0.1548784375190735	0.4423699676990509	1.0	0.5472218990325928	0.5496761202812195	0.7118529677391052	0.2538124620914459	0.18015579879283905	0.09310318529605865	-0.24038900434970856	-0.14891085028648376	-0.0428474098443985	0.4004117250442505	-0.1378273367881775	0.3336574137210846	-0.44259166717529297	0.2793460786342621	-0.2869839370250702	-0.21658463776111603	-0.2638228237628937	0.6292799711227417	0.5959101915359497	0.5586097836494446	0.5564765334129333	0.47912418842315674	0.5827075242996216	0.06751443445682526	-0.06751959770917892	-0.015594160184264183	-0.2672443389892578	0.13827139139175415	-0.08990037441253662	0.15547078847885132	-0.5376147031784058	-0.5756572484970093	-0.3716076910495758	-0.007143068592995405	-0.598827064037323	-0.00824989378452301	-0.31359702348709106	-0.4498358964920044	-0.1969289630651474	-0.4545419216156006	-0.5379641056060791	-0.3354862928390503	0.14123545587062836	-0.48773664236068726	0.22198745608329773	0.7582945227622986	0.26525136828422546	-0.12298315018415451	0.7649751305580139	0.9578909277915955	0.42840391397476196	0.5766010284423828	0.30825477838516235	0.27022597193717957	0.09714671224355698	-0.2824017405509949	0.42316707968711853	-0.18927980959415436	-0.15021811425685883	-0.18049390614032745	0.015300056897103786	-0.32832324504852295	0.3254987597465515	0.3728012442588806	-0.13361689448356628	0.14222212135791779	-0.09006795287132263	0.16454674303531647	0.491331547498703	0.6253419518470764	0.4696686863899231	0.5928183197975159	0.05071830749511719	-0.16604271531105042	0.25408437848091125	-0.5181677341461182	-0.2076823115348816	0.09493589401245117	0.5773601531982422	-0.4380621612071991	-0.45467182993888855	0.39263421297073364	0.16810379922389984	-0.7112435102462769	-0.24120177328586578	0.13447178900241852	-0.3623042702674866	-0.023269901052117348	0.0401790477335453	-0.5032783150672913	-0.583175003528595	-0.5613824725151062	0.009192712604999542	-0.5731731057167053	0.18991616368293762	-0.06606753915548325	-0.4386967718601227	-0.032069288194179535	0.1361885666847229	0.6457492709159851	0.2909215986728668	0.18785659968852997	0.06935085356235504	-0.010489366017282009	0.11515156924724579	0.3869186341762543	-0.23156028985977173	0.24560905992984772	0.32773518562316895	-0.09813372790813446	-0.21666987240314484	-0.2291214019060135	0.2802206873893738	0.32786425948143005	0.2521929144859314	-0.2677077651023865	0.0007262512226589024	-0.14973872900009155	0.07531978189945221	-0.11216369271278381	-0.22645354270935059	0.13592417538166046	0.3583420217037201	0.15646857023239136	0.1717308610677719	0.2195955216884613	0.047682687640190125	0.1022142618894577	0.02837185561656952	-0.06325691938400269	0.14991052448749542	0.2698332369327545	0.2546091675758362	0.2842194139957428	0.2589183449745178	0.2563069462776184	-0.15515321493148804	-0.3111029267311096	-0.10758211463689804	-0.17620569467544556	0.016081159934401512	-0.03229399770498276	0.21188314259052277	0.4113547205924988	-0.05581291392445564	0.14234581589698792	-0.4553665518760681	-0.5537568926811218	-0.44809141755104065	-0.3453570306301117
LH_Vis_7	0.2090204507112503	0.6011812090873718	0.6036402583122253	-0.12348304688930511	0.24822723865509033	0.5472218990325928	1.0	0.4927024841308594	0.5863940119743347	-0.10859714448451996	0.11469036340713501	0.07723577320575714	-0.09111790359020233	0.034530457109212875	0.15069179236888885	0.5555973052978516	-0.12587431073188782	0.5327258706092834	-0.4273909032344818	0.4301685392856598	-0.11298108845949173	-0.19166627526283264	-0.2573665380477905	0.4393077492713928	0.24834051728248596	0.3322131037712097	0.3353179693222046	0.11687793582677841	0.5531600117683411	-0.09754276275634766	-0.3694661557674408	-0.2424013912677765	-0.20385302603244781	0.42130744457244873	-0.004883739165961742	0.44245776534080505	-0.41208842396736145	-0.5494394302368164	-0.428214967250824	0.11105351895093918	-0.5912086367607117	-0.3529883623123169	-0.5087430477142334	-0.5973588228225708	-0.18007636070251465	-0.6877719163894653	-0.6405946612358093	-0.39026302099227905	-0.07687406241893768	-0.1889978051185608	0.10265625268220901	0.6062318682670593	0.3676910400390625	-0.19435350596904755	0.34271809458732605	0.5895814299583435	0.33303213119506836	0.4825664758682251	-0.02276364155113697	0.24077977240085602	0.1299637258052826	-0.10761670768260956	0.30912643671035767	-0.025429213419556618	-0.03267587721347809	0.13912852108478546	0.6560541391372681	-0.17347203195095062	0.4603995680809021	0.43521320819854736	0.01979145221412182	0.2784266769886017	-0.06176849082112312	0.46600738167762756	0.4721486568450928	0.47861310839653015	0.435295045375824	0.5597405433654785	-0.25959810614585876	-0.26622626185417175	0.14082391560077667	-0.2689918875694275	-0.13774581253528595	-0.012062424793839455	0.3596351742744446	-0.4259587824344635	-0.36215147376060486	-0.0175587497651577	0.6041113138198853	-0.3196375072002411	-0.18458691239356995	0.2799435257911682	-0.19176293909549713	-0.1352929025888443	-0.13271553814411163	-0.516568124294281	-0.6056492328643799	-0.4533747136592865	-0.004878672771155834	-0.22539545595645905	0.024927543476223946	-0.42654886841773987	-0.3275279700756073	-0.2722761332988739	-0.014564435929059982	0.37889668345451355	0.07185319066047668	0.04660581424832344	-0.29010510444641113	0.2665831744670868	0.05948317050933838	-0.10037287324666977	-0.3306639492511749	-0.03601595759391785	0.05488792806863785	-0.46378207206726074	-0.4091213643550873	-0.3295646905899048	0.14305154979228973	0.39722707867622375	0.10292943567037582	0.05660317465662956	-0.1566251963376999	-0.012963488698005676	0.013166503049433231	-0.35381340980529785	-0.41191694140434265	0.08001887798309326	0.2315719723701477	-0.05141361430287361	0.13406437635421753	0.20210130512714386	0.26396292448043823	0.13729536533355713	-0.09924233704805374	0.014065182767808437	0.001577812130562961	0.3585931956768036	0.403522253036499	0.42294788360595703	0.15580454468727112	-0.07200887799263	-0.40792199969291687	-0.23711366951465607	-0.3655894100666046	-0.22580412030220032	-0.3006044328212738	-0.2840280830860138	-0.11120353639125824	0.20484836399555206	-0.23082669079303741	-0.1733693778514862	-0.4323519170284271	-0.5868108868598938	-0.3163847327232361	-0.23261068761348724
LH_Vis_8	0.6006340384483337	0.7304480671882629	0.6440093517303467	0.2295718640089035	0.7677246332168579	0.5496761202812195	0.4927024841308594	1.0	0.6355878710746765	-0.11791669577360153	-0.34827595949172974	-0.35767045617103577	-0.3306128978729248	-0.13002757728099823	-0.07128895819187164	0.6021425724029541	-0.3648375868797302	0.600866973400116	-0.32230129837989807	0.1452392190694809	-0.3123164772987366	-0.2840368449687958	-0.22760668396949768	0.1252441108226776	0.0995326042175293	0.15304462611675262	0.2949054539203644	-0.05885600298643112	0.30422091484069824	-0.2690487205982208	-0.18841730058193207	-0.07216130197048187	-0.1792735457420349	0.0858067125082016	0.005597276147454977	0.06652478873729706	-0.547615647315979	-0.6014813780784607	-0.4324551224708557	-0.26527759432792664	-0.5098565816879272	-0.30115780234336853	-0.38596364855766296	-0.4358925223350525	-0.029509438201785088	-0.3483520746231079	-0.41014811396598816	-0.06296442449092865	0.054818905889987946	-0.31917011737823486	0.45101475715637207	0.7948030829429626	0.5827211737632751	0.4359823763370514	0.8116639852523804	0.48561379313468933	0.9185119867324829	0.774669885635376	-0.1532258689403534	-0.14915215969085693	-0.28852900862693787	-0.36859261989593506	0.04802867770195007	0.0774630606174469	-0.11769243329763412	-0.059017594903707504	0.20659971237182617	-0.18397636711597443	0.4198535084724426	0.514884352684021	-0.12434466183185577	0.4299737215042114	0.09783323854207993	0.050453104078769684	0.19636042416095734	0.2164270281791687	0.18182061612606049	0.2223132848739624	-0.1299230456352234	-0.24575497210025787	0.0008703203639015555	-0.36335843801498413	-0.22184807062149048	0.15717993676662445	0.22601212561130524	-0.2947350740432739	-0.5168031454086304	-0.15441374480724335	0.2816026508808136	-0.456270307302475	-0.377947062253952	-0.07327111065387726	-0.3473007082939148	-0.3338905870914459	-0.056156229227781296	-0.5919625163078308	-0.5776910185813904	-0.24675750732421875	0.25693991780281067	-0.43027791380882263	0.1738971471786499	-0.10762425512075424	-0.23556813597679138	-0.023197507485747337	-0.2921924591064453	0.3674279451370239	-0.33772894740104675	-0.06665930151939392	-0.13168559968471527	0.17365771532058716	-0.25827541947364807	0.16171163320541382	-0.27176931500434875	-0.17517544329166412	0.12171125411987305	0.006678156554698944	-0.1322316825389862	-0.08090217411518097	-0.1197638288140297	-0.06456249952316284	-0.28351736068725586	-0.46311065554618835	-0.13721495866775513	-0.03378824517130852	-0.3073674738407135	-0.36008769273757935	-0.15037643909454346	-0.29320067167282104	0.04238221421837807	0.06027834117412567	-0.2460266798734665	0.045290738344192505	-0.2142769694328308	0.12697027623653412	-0.19672374427318573	-0.11333391070365906	-0.05273282155394554	-0.1023498922586441	0.09404885023832321	-0.09304135292768478	0.4055083692073822	-0.09012840688228607	-0.375679075717926	-0.10962821543216705	-0.18047995865345	0.0013000235194340348	0.15308958292007446	0.01280452124774456	0.12819384038448334	0.26248738169670105	0.19764158129692078	0.19690802693367004	-0.007521645165979862	-0.2717142701148987	-0.16010883450508118	-0.257355272769928
LH_Vis_9	0.4102622866630554	0.6101096868515015	0.6837953925132751	-0.10237426310777664	0.35235002636909485	0.7118529677391052	0.5863940119743347	0.6355878710746765	1.0	0.06842602044343948	0.07455167174339294	-0.02618410438299179	-0.1919461488723755	0.14055117964744568	0.2334337681531906	0.2757745683193207	-0.1861744374036789	0.3739756643772125	-0.18183280527591705	0.40544411540031433	0.020541422069072723	-0.37834692001342773	-0.20186910033226013	0.289553701877594	0.18287409842014313	0.13264653086662292	0.2224145382642746	0.017821380868554115	0.49579715728759766	0.03905189037322998	-0.34560006856918335	0.030268263071775436	-0.42229488492012024	0.05205991119146347	-0.2844678461551666	0.5375488996505737	-0.2990456521511078	-0.48991185426712036	-0.3652693033218384	0.002760599134489894	-0.551059365272522	-0.38950315117836	-0.5546820759773254	-0.4211166501045227	-0.12345824390649796	-0.5225028991699219	-0.6718771457672119	-0.20373010635375977	0.37652671337127686	-0.06394253671169281	0.2725912630558014	0.6715667843818665	0.2911123037338257	0.05321427062153816	0.5665773153305054	0.7708975672721863	0.45711201429367065	0.8911054134368896	0.10531428456306458	0.21006841957569122	-0.029742486774921417	-0.23552602529525757	0.3352610170841217	0.2159242033958435	0.14338281750679016	0.06634499877691269	0.37042075395584106	-0.10389640182256699	0.42005041241645813	0.48247629404067993	0.10952021181583405	0.24116292595863342	0.15443295240402222	0.22857439517974854	0.47251954674720764	0.3275229036808014	0.452749103307724	0.4154195785522461	-0.1533144861459732	-0.2701849937438965	-0.01978752203285694	-0.16861389577388763	-0.17846904695034027	0.0678056851029396	0.27693185210227966	-0.3667110502719879	-0.18948228657245636	-0.029973521828651428	0.5756645202636719	-0.44054850935935974	-0.24081189930438995	0.08270208537578583	-0.388883113861084	-0.38886570930480957	-0.20869876444339752	-0.4682573974132538	-0.5871350169181824	-0.2815200686454773	0.39387986063957214	-0.14861656725406647	-0.029713178053498268	-0.4149853587150574	-0.40660548210144043	-0.19500966370105743	-0.2287304699420929	0.48929157853126526	-0.13141924142837524	0.3082381784915924	0.008591334335505962	0.1941177099943161	-0.2419264167547226	0.32074183225631714	-0.18346288800239563	0.04064812511205673	0.0017283563502132893	-0.3565788269042969	-0.3800971508026123	-0.08399491757154465	0.08273746073246002	0.15637914836406708	-0.10953862965106964	-0.3641568124294281	-0.1299160122871399	-0.07479793578386307	0.07701034843921661	-0.2510910928249359	-0.1806604266166687	-0.14895863831043243	0.17305073142051697	-0.16345594823360443	-0.020381838083267212	-0.027047358453273773	0.03507212549448013	-0.13409847021102905	0.05482684448361397	0.004888417199254036	-0.2879440188407898	0.05985800921916962	0.03078656643629074	0.0624152310192585	0.052215684205293655	0.06597620248794556	-0.17631402611732483	-0.05264194309711456	-0.06091708317399025	-0.07387066632509232	-0.11469606310129166	-0.11004448682069778	-0.03915192186832428	0.28281185030937195	-0.1661319136619568	-0.047633249312639236	-0.29722800850868225	-0.4295499920845032	-0.39362379908561707	-0.31884732842445374
LH_SomMot_1	0.264907568693161	0.09764541685581207	0.156927689909935	0.06079033389687538	-0.08608659356832504	0.2538124620914459	-0.10859714448451996	-0.11791669577360153	0.06842602044343948	1.0	0.5258681178092957	0.35606247186660767	0.05721280723810196	0.07194918394088745	0.25444748997688293	-0.18729756772518158	-0.06412599235773087	-0.3404780328273773	-0.052428293973207474	-0.01428185123950243	0.12669259309768677	-0.13790859282016754	-0.09098853915929794	0.45873135328292847	0.6745202541351318	0.11166013777256012	0.18605774641036987	0.4394743740558624	0.22196966409683228	0.29460933804512024	0.34236040711402893	0.4598134756088257	-0.09561775624752045	-0.22247323393821716	-0.1613890826702118	-0.33767810463905334	-0.05575305595993996	0.2630799412727356	0.36294692754745483	0.5211008191108704	0.007121673785150051	0.4280199706554413	0.11122249811887741	0.15390360355377197	0.19192352890968323	0.09805255383253098	-0.002555787330493331	-0.22470778226852417	0.0799158364534378	-0.108830027282238	-0.033740267157554626	0.027033541351556778	-0.27092841267585754	-0.04282135143876076	0.07225775718688965	0.22866137325763702	-0.10766672343015671	-0.1793590933084488	0.9128999710083008	0.1833031326532364	0.1505158394575119	-0.07270319014787674	0.3348022699356079	-0.06031680479645729	-0.015930572524666786	0.15949402749538422	-0.3327706456184387	-0.26740238070487976	-0.20996472239494324	-0.32642343640327454	0.033075131475925446	-0.284961998462677	-0.2055797427892685	0.3152848184108734	0.129156231880188	0.1376754641532898	0.15183992683887482	0.15843108296394348	0.24877749383449554	0.22985699772834778	0.02061770297586918	-0.39425840973854065	-0.17670989036560059	-0.3251349627971649	-0.08696136623620987	-0.34367209672927856	-0.19644497334957123	0.02012028731405735	-0.3581053614616394	-0.22617876529693604	-0.10680470615625381	0.2780081033706665	0.2342795580625534	0.031115751713514328	0.06587284803390503	0.0563458651304245	-0.1310710608959198	-0.469555526971817	-0.0990738794207573	-0.17402184009552002	0.16229504346847534	0.1977093517780304	0.06780868768692017	-0.07564438134431839	0.0721023753285408	0.39406561851501465	0.11120489239692688	0.13164514303207397	0.17737729847431183	-0.46905070543289185	0.12281907349824905	0.5706660747528076	0.16539759933948517	0.5118142366409302	0.16996756196022034	0.004750083666294813	0.3233044147491455	-0.0815378800034523	0.11710844933986664	-0.21241426467895508	0.1983184665441513	-0.12225905805826187	0.06110003590583801	-0.002200796501711011	0.0559372641146183	0.24937951564788818	-0.12511134147644043	0.1255217343568802	0.16274936497211456	0.05905964970588684	0.1779772937297821	-0.0931563451886177	-0.13335807621479034	0.016744518652558327	0.24376054108142853	0.07802723348140717	0.03965548425912857	0.03963012993335724	-0.04773220047354698	0.024474099278450012	-0.18531955778598785	0.43309974670410156	0.1858452558517456	-0.15444159507751465	0.1116832047700882	-0.004030436277389526	0.04742816835641861	0.03215879574418068	0.13438916206359863	0.3268202841281891	-0.05786043033003807	-0.05125845596194267	0.13609549403190613	0.08087874203920364	-0.1421273797750473	-0.04028406739234924
LH_SomMot_2	-0.0620587095618248	0.005190227180719376	-0.06204385682940483	-0.19305483996868134	-0.3667638301849365	0.18015579879283905	0.11469036340713501	-0.34827595949172974	0.07455167174339294	0.5258681178092957	1.0	0.8178229331970215	0.5387585163116455	0.3746153712272644	0.5825024843215942	-0.09125005453824997	0.34505653381347656	-0.16445448994636536	0.10890136659145355	0.32547807693481445	0.4974784851074219	-0.045792579650878906	0.15568111836910248	0.3349441587924957	0.5053765177726746	0.22561369836330414	-0.08591213077306747	0.394682377576828	0.45884978771209717	0.4996008276939392	0.17244844138622284	0.3870978057384491	-0.04509199783205986	0.14528760313987732	-0.4773351848125458	-0.1717274785041809	-0.03295832499861717	0.2581828236579895	0.35133811831474304	0.4951969087123871	-0.17149664461612701	0.08346427977085114	-0.03887593746185303	-0.0904308333992958	-0.3400712311267853	-0.3292490839958191	-0.39565354585647583	-0.5286606550216675	0.07774980366230011	-0.16365835070610046	-0.09699329733848572	-0.083494633436203	-0.15183807909488678	-0.4196428656578064	-0.2434653490781784	0.2672187387943268	-0.26913565397262573	-0.13832974433898926	0.7087185978889465	0.7515263557434082	0.6582841277122498	0.438390851020813	0.577393114566803	-0.018145723268389702	0.2584279775619507	0.4728415310382843	-0.08071640878915787	-0.02034710720181465	0.06534873694181442	0.016731122508645058	0.5265605449676514	-0.2875593602657318	-0.021326517686247826	0.11875875294208527	0.3394427001476288	0.31808191537857056	0.41112276911735535	0.34409818053245544	0.16543418169021606	0.2791063189506531	0.09333427995443344	-0.18284852802753448	-0.2667125463485718	-0.39734333753585815	-0.1752910614013672	-0.5611985325813293	-0.10400550812482834	0.02731497399508953	-0.08401942998170853	-0.24721810221672058	0.10820987820625305	0.4374220371246338	-0.009006367065012455	0.11049333214759827	-0.16629944741725922	-0.044165417551994324	-0.2810244560241699	-0.5342413783073425	-0.02842148207128048	-0.0437651127576828	0.0896076112985611	-0.08514867722988129	0.04737505689263344	-0.16246382892131805	0.2241564691066742	0.3502751588821411	0.5040992498397827	0.1946517676115036	-0.0224388986825943	-0.4396495819091797	0.3937140703201294	0.24820689857006073	-0.06385176628828049	0.46728572249412537	0.13285118341445923	-0.33375757932662964	-0.11522621661424637	-0.11430254578590393	0.0702599287033081	-0.036411017179489136	0.24029004573822021	0.251034677028656	-0.015354899689555168	-0.03588220849633217	0.4371354877948761	0.4203631281852722	-0.18740302324295044	0.3426806628704071	0.4033675789833069	0.19223643839359283	0.5650795698165894	0.3383730947971344	0.34437039494514465	0.2128191888332367	0.33351653814315796	0.49948811531066895	0.35600948333740234	0.37134411931037903	0.3927866518497467	0.4833143949508667	-0.2183297872543335	0.5056460499763489	0.3787401616573334	-0.06459540873765945	0.2680005729198456	0.06339091062545776	-0.13268224895000458	-0.01740765944123268	0.08346198499202728	0.4644837975502014	-0.39598938822746277	-0.2331867218017578	-0.2915269434452057	-0.2101585566997528	-0.31707730889320374	-0.036748480051755905
LH_SomMot_3	-0.2823648154735565	-0.15015830099582672	-0.14390794932842255	-0.4004024267196655	-0.46510037779808044	0.09310318529605865	0.07723577320575714	-0.35767045617103577	-0.02618410438299179	0.35606247186660767	0.8178229331970215	1.0	0.7212409377098083	0.5758315920829773	0.3954508304595947	-0.0564558207988739	0.6939013004302979	0.026137297973036766	0.35510122776031494	0.4259975254535675	0.5453946590423584	0.20540353655815125	0.41761237382888794	0.45539388060569763	0.5116588473320007	0.45804858207702637	0.11199401319026947	0.3912072777748108	0.49392348527908325	0.6697900295257568	-0.1170203685760498	-0.037120718508958817	-0.07901397347450256	0.36105793714523315	-0.3405088186264038	-0.27952027320861816	-0.2547754943370819	0.30981695652008057	0.3855542242527008	0.5653176307678223	-0.331024706363678	-0.09540481120347977	-0.08025737851858139	-0.3900361955165863	-0.524544894695282	-0.4105418622493744	-0.4086143672466278	-0.33572283387184143	-0.29900941252708435	-0.3408515155315399	-0.30720311403274536	-0.16005511581897736	-0.12466149032115936	-0.5796706080436707	-0.3539843261241913	0.16370075941085815	-0.25359633564949036	-0.13850629329681396	0.5240793228149414	0.8758691549301147	0.9241620898246765	0.6483540534973145	0.7317924499511719	0.19778601825237274	0.41989392042160034	0.37799152731895447	-0.09712196886539459	0.30743762850761414	0.2434006929397583	0.15810616314411163	0.5024924874305725	0.02099653147161007	0.30963334441185	0.21914085745811462	0.5673903822898865	0.5251502990722656	0.5323762893676758	0.5371690988540649	-0.07995007187128067	-0.03920292109251022	0.19840165972709656	-0.18280066549777985	-0.3848181366920471	-0.18418285250663757	0.08013024926185608	-0.5343850255012512	-0.2792012095451355	0.10896823555231094	-0.023278817534446716	-0.33894437551498413	0.11181329190731049	0.553406834602356	0.027155211195349693	0.06250131875276566	-0.18829992413520813	-0.28792303800582886	-0.32032862305641174	-0.4483110010623932	-0.31559011340141296	-0.2573813796043396	0.08082009851932526	-0.13558103144168854	-0.13653773069381714	-0.2349928468465805	0.13429227471351624	0.31204959750175476	0.40667206048965454	-0.01189571525901556	-0.07990049570798874	-0.490845263004303	0.1857265681028366	0.11218243837356567	-0.17405927181243896	0.3437800407409668	0.14102746546268463	-0.2979327440261841	-0.19557958841323853	-0.09627760201692581	-0.19219861924648285	-0.02319817803800106	0.1938203126192093	0.17393971979618073	-0.309969961643219	-0.02419569343328476	0.33743366599082947	0.259816974401474	-0.30607500672340393	0.07973504811525345	0.0289187952876091	0.024376248940825462	0.24738486111164093	0.09445857256650925	0.19649091362953186	0.010892588645219803	0.07308214157819748	0.28528040647506714	0.14534898102283478	0.17260169982910156	0.1413048952817917	0.3305965065956116	-0.21791090071201324	0.21434268355369568	0.18397541344165802	0.19615717232227325	0.12465152889490128	0.2127911001443863	-0.30651751160621643	-0.24093516170978546	-0.14196038246154785	0.3520048260688782	-0.38663214445114136	-0.15490604937076569	-0.455575555562973	-0.3419560492038727	-0.3098238408565521	-0.17520026862621307
