../../.git/annex/objects/FG/j7/SHA256E-s2201547--882ee33bdc112459214125cb99dcabf8b19f0f93ccede50af36dd72104fcc400.tsv/SHA256E-s2201547--882ee33bdc112459214125cb99dcabf8b19f0f93ccede50af36dd72104fcc400.tsv