Node	DMN_LABEL_1	Vis_LABEL_2	FP_LABEL_3	Aud_LABEL_4	Tpole_LABEL_5	PMN_LABEL_6	PON_LABEL_7	MTL_LABEL_8	PON_LABEL_9	CO_LABEL_10	Sal_LABEL_11	CO_LABEL_12	SMd_LABEL_13	SMl_LABEL_14	DAN_LABEL_15	DMN_LABEL_16	CO_LABEL_17	DMN_LABEL_18	VAN_LABEL_19	CO_LABEL_20	CO_LABEL_21	Sal_LABEL_22	DAN_LABEL_23	PMN_LABEL_24	DAN_LABEL_25	DMN_LABEL_26	DMN_LABEL_27	DMN_LABEL_28	Vis_LABEL_29	FP_LABEL_30	Aud_LABEL_31	Tpole_LABEL_32	PMN_LABEL_33	PON_LABEL_34	MTL_LABEL_35	CO_LABEL_36	Sal_LABEL_37	CO_LABEL_38	SMd_LABEL_39	SMl_LABEL_40	DAN_LABEL_41	CO_LABEL_42	VAN_LABEL_43	CO_LABEL_44	CO_LABEL_45	Sal_LABEL_46	DAN_LABEL_47	PMN_LABEL_48	DAN_LABEL_49	DMN_LABEL_50	FP_LABEL_51	DMN_LABEL_52	DMN_LABEL_53	PON_LABEL_54	DMN_LABEL_55	Tpole_LABEL_56	Tpole_LABEL_57	Sal_LABEL_58	Sal_LABEL_59	SMd_LABEL_60	DAN_LABEL_61	FP_LABEL_62	DMN_LABEL_63	FP_LABEL_64	FP_LABEL_65	SMd_LABEL_66	SMl_LABEL_67	SMd_LABEL_68	DMN_LABEL_69	DAN_LABEL_70	DMN_LABEL_71	FP_LABEL_72	SMd_LABEL_73	SMl_LABEL_74	MTL_LABEL_75	MTL_LABEL_76	CO_LABEL_77	CO_LABEL_78	Vis_LABEL_79	Vis_LABEL_80
DMN_LABEL_1	1.0	-0.11616836488246918	-0.2515692710876465	-0.05184983089566231	0.15185217559337616	0.1567150205373764	0.4758051037788391	n/a	0.14735408127307892	-0.0795644000172615	0.08367673307657242	-0.26395460963249207	-0.15987570583820343	-0.0035646380856633186	-0.023803016170859337	0.4749493896961212	-0.09532143920660019	0.4321858286857605	0.33252352476119995	0.1233861967921257	-0.00043179019121453166	0.32411009073257446	-0.27713391184806824	0.45497119426727295	-0.2033701390028	0.3570985198020935	0.14179837703704834	0.14462482929229736	-0.10506033152341843	-0.29954835772514343	0.005993842612951994	0.31806597113609314	0.051754578948020935	0.2752571702003479	n/a	0.1228395402431488	0.17916260659694672	0.04799735173583031	0.21917295455932617	0.03328922018408775	-0.021873852238059044	-0.08278710395097733	0.054076291620731354	0.1719820648431778	0.0671798437833786	0.0833318680524826	-0.3554944097995758	0.3104158043861389	-0.15242737531661987	0.4760909080505371	-0.008718050085008144	0.10295170545578003	0.38543200492858887	-0.00904424674808979	0.11438606679439545	0.173834428191185	0.36300545930862427	0.40772753953933716	0.26899659633636475	-0.161512091755867	-0.08154056966304779	-0.16272976994514465	-0.08969128876924515	0.14138437807559967	-0.18543799221515656	0.23590797185897827	0.1434173434972763	-0.406508207321167	-0.21655826270580292	-0.08289101719856262	-0.08857492357492447	0.12046969681978226	-0.22483786940574646	0.004336109384894371	0.06676694005727768	0.13651341199874878	0.15051062405109406	0.12426654249429703	-0.014279474504292011	-0.007957405410706997
Vis_LABEL_2	-0.11616836488246918	1.0	0.15806099772453308	0.5965762734413147	-0.4056994616985321	0.26038604974746704	0.29723984003067017	n/a	0.545998752117157	0.33917513489723206	0.26421383023262024	0.2704351842403412	0.1589880883693695	0.1081518679857254	0.4372970163822174	0.13310503959655762	0.4801868200302124	-0.33182865381240845	0.22111453115940094	0.43349799513816833	0.38233914971351624	0.15464557707309723	0.578144371509552	0.4246974289417267	0.6803061366081238	-0.22410686314105988	-0.31916800141334534	-0.10189367085695267	0.9153251647949219	0.2935973107814789	0.5298365354537964	-0.49343860149383545	0.30302828550338745	0.320877343416214	n/a	0.23537886142730713	0.21708910167217255	-0.020495198667049408	-0.18573279678821564	0.0790388286113739	0.2241710126399994	0.39605772495269775	0.06321298331022263	0.3504319489002228	0.281289666891098	0.3223162293434143	0.5321333408355713	0.3592498302459717	0.28976935148239136	-0.029772259294986725	0.3752807080745697	-0.18531614542007446	-0.4138679504394531	0.20163622498512268	-0.031351104378700256	0.025843678042292595	-0.05548788979649544	0.261202871799469	0.43567967414855957	-0.180791437625885	0.19421471655368805	0.02126445807516575	-0.12878373265266418	0.5460850596427917	0.2309260368347168	0.15416648983955383	0.5059064626693726	0.027203591540455818	0.03134607523679733	0.18179714679718018	0.031218796968460083	0.45200151205062866	0.3881252408027649	0.41720303893089294	-0.0009937931317836046	-0.06768526136875153	-0.2102687507867813	0.1965181678533554	0.42589661478996277	0.24076862633228302
FP_LABEL_3	-0.2515692710876465	0.15806099772453308	1.0	0.09440704435110092	-0.04320819303393364	0.4322926998138428	0.036316823214292526	n/a	0.07042574137449265	-0.03055158630013466	0.13954594731330872	0.07479877769947052	0.43629565834999084	-0.0001305237674387172	0.33445999026298523	0.14368455111980438	0.1362978219985962	-0.21428515017032623	0.05263929441571236	-0.25156599283218384	0.15285658836364746	-0.11305931210517883	0.1674894243478775	0.07396923750638962	0.44746291637420654	-0.3369433581829071	-0.04361915960907936	0.4014899730682373	0.10412202030420303	0.3987073600292206	-0.21545708179473877	-0.1806311458349228	0.28204718232154846	0.18822722136974335	n/a	0.0002664090134203434	0.18723085522651672	0.11409296840429306	0.10383550077676773	-0.03105539083480835	0.03296883776783943	0.021344635635614395	-0.24924108386039734	0.031160635873675346	0.08660703152418137	0.20440125465393066	0.22696688771247864	0.15921159088611603	0.08233752101659775	-0.02523128315806389	0.4058062732219696	-0.28762319684028625	-0.14820456504821777	0.02531498670578003	0.21230484545230865	-0.2555903196334839	-0.1890197992324829	-0.3917030096054077	-0.029633324593305588	0.027389470487833023	0.13291899859905243	0.18403519690036774	0.17208117246627808	0.12940120697021484	0.25428327918052673	0.11882741004228592	-0.17315919697284698	0.13317960500717163	-0.050739724189043045	-0.09983579069375992	-0.11359446495771408	-0.029275432229042053	0.016481848433613777	-0.27988097071647644	0.12708069384098053	-0.3572603762149811	0.0640174001455307	0.004820438101887703	0.2131344974040985	-0.16358375549316406
Aud_LABEL_4	-0.05184983089566231	0.5965762734413147	0.09440704435110092	1.0	0.02268262766301632	0.13805295526981354	0.32232362031936646	n/a	0.6003718376159668	0.6978435516357422	0.5259369015693665	0.4999098777770996	0.1728617399930954	0.5396727919578552	0.34500977396965027	0.04358557611703873	0.6368941068649292	0.007657456211745739	0.5238656401634216	0.5028590559959412	0.6811177730560303	0.25186920166015625	0.19483360648155212	0.24673880636692047	0.4282589852809906	0.16339004039764404	0.08164449036121368	0.0015405473532155156	0.4652802050113678	-0.033863890916109085	0.7810351252555847	-0.17036676406860352	0.2058844268321991	0.20252372324466705	n/a	0.5853028297424316	0.3522779941558838	0.1840600073337555	-0.0452098473906517	0.4503816068172455	0.21080082654953003	0.5135297179222107	0.2550048232078552	0.4775944650173187	0.5135161876678467	0.21750549972057343	0.12176445871591568	0.23709328472614288	-0.07245932519435883	-0.3344177305698395	0.3734622299671173	0.09910336136817932	-0.21915151178836823	0.29676124453544617	0.10956177860498428	0.31416475772857666	0.17425790429115295	0.40505433082580566	0.4500841200351715	-0.16161230206489563	0.10682403296232224	-0.009258594363927841	-0.38607415556907654	0.3990633189678192	0.1167723760008812	0.08601122349500656	0.5493637919425964	0.014012331143021584	-0.0009058978175744414	-0.09003130346536636	-0.12391998618841171	0.19687649607658386	0.22719870507717133	0.4742368161678314	0.2788378596305847	0.03642549365758896	0.21310657262802124	0.40876534581184387	0.31821200251579285	0.16508612036705017
Tpole_LABEL_5	0.15185217559337616	-0.4056994616985321	-0.04320819303393364	0.02268262766301632	1.0	0.027424674481153488	-0.03797414153814316	n/a	-0.026856807991862297	0.20104974508285522	0.3197375535964966	0.14759647846221924	0.13171662390232086	0.14110633730888367	-0.08195154368877411	0.027626607567071915	0.0730353370308876	0.4659532308578491	0.1493053287267685	-0.24130254983901978	0.1250293105840683	0.17221306264400482	-0.4931129217147827	-0.03286183997988701	-0.33087223768234253	0.2237541377544403	0.3728454113006592	-0.02318030595779419	-0.46677979826927185	-0.24727101624011993	-0.13207563757896423	0.7345495820045471	0.15662403404712677	-0.09635321795940399	n/a	0.17131251096725464	0.22785837948322296	0.18919014930725098	0.13667291402816772	0.08249255269765854	0.08015415817499161	-0.15052035450935364	0.15914934873580933	-0.16646434366703033	0.23051144182682037	0.02103964053094387	-0.5048900842666626	-0.1254941076040268	-0.2134433388710022	-0.19512583315372467	0.08345809578895569	0.061139289289712906	0.271453857421875	-0.02542603574693203	0.1357489675283432	0.20108135044574738	0.3840060234069824	0.16551277041435242	-0.09403609484434128	0.10887518525123596	0.017047997564077377	0.10294172912836075	-0.046899475157260895	-0.15866990387439728	-0.16510224342346191	-0.02157430164515972	-0.1026787981390953	0.03070039674639702	0.019073961302638054	-0.23593497276306152	-0.11422058194875717	-0.28998127579689026	-0.07164005190134048	-0.16599872708320618	0.2318144142627716	0.14658622443675995	0.47913575172424316	0.21608442068099976	-0.09860513359308243	-0.195484459400177
PMN_LABEL_6	0.1567150205373764	0.26038604974746704	0.4322926998138428	0.13805295526981354	0.027424674481153488	1.0	0.39703887701034546	n/a	0.28029704093933105	0.020866720005869865	0.2769068479537964	-0.0943191647529602	0.31537437438964844	-0.18614168465137482	0.0648421123623848	0.37311890721321106	0.14502404630184174	0.22226735949516296	0.1591511368751526	0.16482335329055786	0.19794237613677979	0.4346456825733185	-0.2495376616716385	0.5792112350463867	0.2591486871242523	-0.015565912239253521	-0.13414718210697174	0.38646677136421204	0.2622431814670563	0.2889576554298401	0.04686381295323372	-0.18101991713047028	0.7796980142593384	0.2082790732383728	n/a	0.0215277299284935	0.4363104999065399	-0.09995275735855103	0.16548791527748108	-0.2064409703016281	-0.17935606837272644	-0.058006174862384796	0.01300407201051712	0.3597608506679535	0.165303573012352	0.502831757068634	-0.07026921957731247	0.5123341679573059	0.0008403388783335686	0.3931722044944763	0.36224329471588135	-0.0244344100356102	0.20117275416851044	0.01644136942923069	0.3290434777736664	0.09246158599853516	-0.028092430904507637	0.2929605543613434	0.4649162292480469	0.09451545774936676	-0.012288428843021393	0.01420522015541792	0.11893600225448608	0.37572088837623596	0.3673555552959442	0.1917620152235031	-0.15251916646957397	0.013816277496516705	-0.09884926676750183	-0.0077452277764678	0.02663438953459263	0.35294076800346375	0.24048487842082977	-0.20633889734745026	0.17211459577083588	-0.013888686895370483	-0.006064854096621275	0.0810098722577095	0.37848567962646484	0.30745017528533936
PON_LABEL_7	0.4758051037788391	0.29723984003067017	0.036316823214292526	0.32232362031936646	-0.03797414153814316	0.39703887701034546	1.0	n/a	0.5699551105499268	0.20854376256465912	0.42479249835014343	0.04450974985957146	-0.2380993813276291	0.17147982120513916	0.07149068266153336	0.45928192138671875	0.14974825084209442	0.36014291644096375	0.23882436752319336	0.35509803891181946	0.20860321819782257	0.4351488947868347	-0.2067631483078003	0.4642464220523834	0.1963474005460739	0.3926195502281189	0.036995965987443924	0.16669495403766632	0.2649754583835602	-0.23637579381465912	0.2539008855819702	0.13298282027244568	0.2304874211549759	0.6986488103866577	n/a	0.24439120292663574	0.5760619640350342	0.1355050653219223	0.09440352767705917	0.07730181515216827	-0.06876231729984283	0.1713126301765442	0.16895274817943573	0.4324781894683838	0.17423921823501587	0.2435164600610733	-0.28755420446395874	0.48459070920944214	-0.30451735854148865	0.21395409107208252	0.09425519406795502	0.06770054250955582	0.3308841586112976	0.31571075320243835	0.2831173241138458	0.3358347713947296	0.4686305820941925	0.41233116388320923	0.426931232213974	0.10003915429115295	0.23695044219493866	-0.09657956659793854	-0.07668980211019516	0.4225976765155792	-0.06292976438999176	0.0069094207137823105	0.2633429169654846	0.0586356595158577	0.22512677311897278	0.29178711771965027	0.15648049116134644	0.20457591116428375	-0.10083595663309097	0.08364668488502502	0.4077114462852478	0.29855871200561523	0.16183196008205414	0.27255842089653015	0.39183107018470764	0.32324814796447754
MTL_LABEL_8	n/a	n/a	n/a	n/a	n/a	n/a	n/a	1.0	n/a	n/a	n/a	n/a	n/a	n/a	n/a	n/a	n/a	n/a	n/a	n/a	n/a	n/a	n/a	n/a	n/a	n/a	n/a	n/a	n/a	n/a	n/a	n/a	n/a	n/a	n/a	n/a	n/a	n/a	n/a	n/a	n/a	n/a	n/a	n/a	n/a	n/a	n/a	n/a	n/a	n/a	n/a	n/a	n/a	n/a	n/a	n/a	n/a	n/a	n/a	n/a	n/a	n/a	n/a	n/a	n/a	n/a	n/a	n/a	n/a	n/a	n/a	n/a	n/a	n/a	n/a	n/a	n/a	n/a	n/a	n/a
PON_LABEL_9	0.14735408127307892	0.545998752117157	0.07042574137449265	0.6003718376159668	-0.026856807991862297	0.28029704093933105	0.5699551105499268	n/a	1.0	0.39214250445365906	0.5498962998390198	0.0962642952799797	-0.07804718613624573	0.452234148979187	0.13731539249420166	0.12019843608140945	0.3346191644668579	0.12791305780410767	0.352489173412323	0.6107215285301208	0.4649594724178314	0.5680878758430481	-0.052789296954870224	0.3070913851261139	0.5109754204750061	0.22259043157100677	-0.03307715430855751	-0.16227863729000092	0.5197463035583496	-0.07796881347894669	0.4120793044567108	-0.005493322387337685	0.2249191552400589	0.4341870844364166	n/a	0.2703953683376312	0.5722720623016357	0.05537340044975281	-0.07345330715179443	0.2871722877025604	0.0819741040468216	0.21126112341880798	0.28724533319473267	0.36179348826408386	0.41084957122802734	0.4690924286842346	-0.144730344414711	0.3207644522190094	-0.0038019169587641954	-0.1143769770860672	0.31364354491233826	0.04132823273539543	0.10098986327648163	0.6705875992774963	0.15800635516643524	0.4165867865085602	0.44716712832450867	0.5346603989601135	0.5306522250175476	0.028384020552039146	0.18592272698879242	-0.024446312338113785	-0.2797960340976715	0.390843003988266	0.003921602852642536	0.03620739281177521	0.40073880553245544	0.17263811826705933	0.27108538150787354	0.301841139793396	-0.06343912333250046	0.10531774163246155	0.19944794476032257	0.31627586483955383	0.3206934630870819	0.49525660276412964	0.1509615182876587	0.5568599700927734	0.41092756390571594	0.3548773527145386
CO_LABEL_10	-0.0795644000172615	0.33917513489723206	-0.03055158630013466	0.6978435516357422	0.20104974508285522	0.020866720005869865	0.20854376256465912	n/a	0.39214250445365906	1.0	0.6727122664451599	0.8155441284179688	0.2545170485973358	0.417137086391449	0.4488583207130432	-0.24909718334674835	0.5895108580589294	-0.04452519863843918	0.2810089886188507	0.377765417098999	0.7964262962341309	0.3421270251274109	0.13991138339042664	-0.012737477198243141	0.27236682176589966	0.16223464906215668	0.18350593745708466	0.03899136185646057	0.3207319378852844	0.09626185894012451	0.5375088453292847	-0.0035776644945144653	0.2245207577943802	0.3150014579296112	n/a	0.8515199422836304	0.5086685419082642	0.4917285442352295	0.21751871705055237	0.3568348288536072	0.5197167992591858	0.5353221297264099	0.3578656017780304	0.326368123292923	0.6205810308456421	0.2906460464000702	0.18047018349170685	0.18273629248142242	-0.00889105349779129	-0.37486129999160767	0.3814409375190735	-0.0417182520031929	-0.1557563692331314	0.2590843737125397	0.1693539023399353	0.14542005956172943	0.04756300151348114	0.4851926565170288	0.3828256130218506	0.014737335033714771	0.17895625531673431	0.2680530250072479	-0.3433244824409485	0.21311767399311066	-0.04957753047347069	0.012197716161608696	0.28169000148773193	0.03626091778278351	0.07114490866661072	-0.039508260786533356	-0.015562149696052074	0.1210670918226242	0.3354400396347046	0.21556900441646576	0.08367843925952911	0.1587820202112198	0.41654717922210693	0.5800657272338867	0.27352550625801086	0.243814617395401
Sal_LABEL_11	0.08367673307657242	0.26421383023262024	0.13954594731330872	0.5259369015693665	0.3197375535964966	0.2769068479537964	0.42479249835014343	n/a	0.5498962998390198	0.6727122664451599	1.0	0.44802096486091614	0.10495633631944656	0.30104297399520874	0.29500776529312134	0.09580263495445251	0.500473141670227	0.2717210650444031	0.4434415400028229	0.415933221578598	0.6933041214942932	0.6150691509246826	-0.15172179043293	0.21452639997005463	0.34625622630119324	0.34678885340690613	0.3844124972820282	0.14692673087120056	0.2132781744003296	0.08023016899824142	0.33299753069877625	0.2240607738494873	0.3913465440273285	0.3985691964626312	n/a	0.6506431102752686	0.8610241413116455	0.4491487145423889	0.24016374349594116	0.14846420288085938	0.18500623106956482	0.3316822648048401	0.5274431109428406	0.38497334718704224	0.5909582376480103	0.5369080305099487	-0.17219169437885284	0.365608274936676	-0.15177476406097412	-0.1615738719701767	0.43629172444343567	-0.10788880288600922	0.11464264988899231	0.4380677044391632	0.3639255464076996	0.24430972337722778	0.24923530220985413	0.6234660744667053	0.5349451899528503	0.07257825136184692	0.13395626842975616	0.1406845897436142	-0.29271599650382996	0.36945271492004395	-0.09152083098888397	0.10459550470113754	0.23710942268371582	0.1198224350810051	0.12363366037607193	-0.010363912209868431	-0.06394559144973755	0.1326221227645874	0.20700444281101227	0.09477507323026657	0.3470205068588257	0.4386135935783386	0.6136441230773926	0.7239579558372498	0.26029905676841736	0.37199681997299194
CO_LABEL_12	-0.26395460963249207	0.2704351842403412	0.07479877769947052	0.4999098777770996	0.14759647846221924	-0.0943191647529602	0.04450974985957146	n/a	0.0962642952799797	0.8155441284179688	0.44802096486091614	1.0	0.17322488129138947	0.27466899156570435	0.43875598907470703	-0.3371805250644684	0.542447030544281	-0.14412349462509155	-0.0016459561884403229	0.12316996604204178	0.6893677711486816	0.0423414446413517	0.30328500270843506	-0.16573463380336761	0.31624317169189453	-0.008953246288001537	-0.028719060122966766	-0.08193647116422653	0.28125160932540894	0.2885914742946625	0.36210232973098755	-0.07953117042779922	0.1173279881477356	0.3504585921764374	n/a	0.6530061364173889	0.26972684264183044	0.5244428515434265	0.050799719989299774	0.2675851881504059	0.631527304649353	0.5229320526123047	0.14095962047576904	0.17162321507930756	0.48436474800109863	0.14274777472019196	0.361091673374176	0.07865199446678162	0.035414230078458786	-0.38394981622695923	0.3620465397834778	-0.03581756353378296	-0.37571507692337036	-0.0530991293489933	0.05238201469182968	-0.08888762444257736	-0.20391522347927094	0.24463210999965668	0.12136009335517883	-0.012762566097080708	0.2514551877975464	0.3724283277988434	-0.2177208662033081	0.1259424239397049	0.042101673781871796	-0.09256303310394287	0.14917869865894318	0.08409273624420166	0.06800741702318192	-0.08592741191387177	0.04870041087269783	0.04680517315864563	0.26589298248291016	0.2630693018436432	-0.03205838054418564	-0.06233785301446915	0.21385540068149567	0.35965827107429504	0.1548924744129181	0.08191540092229843
SMd_LABEL_13	-0.15987570583820343	0.1589880883693695	0.43629565834999084	0.1728617399930954	0.13171662390232086	0.31537437438964844	-0.2380993813276291	n/a	-0.07804718613624573	0.2545170485973358	0.10495633631944656	0.17322488129138947	1.0	-0.09053169935941696	0.4513460099697113	-0.02289089560508728	0.27386581897735596	-0.12967580556869507	0.19128401577472687	-0.13402950763702393	0.1661183089017868	-0.0035509204026311636	0.16876685619354248	0.08111163973808289	0.004025303293019533	-0.2698787748813629	0.06268666684627533	0.272176057100296	0.1027386486530304	0.26379454135894775	0.009972349740564823	-0.12503758072853088	0.38992056250572205	-0.08182229846715927	n/a	0.17326423525810242	0.059708453714847565	-0.010223162360489368	0.24631141126155853	-0.11400939524173737	0.12370799481868744	0.10111943632364273	0.07011666893959045	-0.03053021989762783	-0.07496587932109833	0.11696223169565201	0.31751471757888794	-0.0778612345457077	0.13498498499393463	0.020192094147205353	0.18926164507865906	-0.3020991384983063	-0.07514118403196335	-0.20978312194347382	-0.043808840215206146	-0.25369352102279663	-0.2374204397201538	-0.06383097916841507	0.11238272488117218	-0.05929239094257355	0.1246187761425972	0.45945340394973755	0.21710467338562012	0.0644223764538765	0.13116365671157837	0.20557591319084167	-0.09257294237613678	0.08351492136716843	-0.1997065544128418	-0.251193106174469	0.10248652845621109	0.01415668148547411	0.6167532801628113	-0.1498064249753952	-0.02507459931075573	-0.3418480157852173	0.004329361021518707	-0.07210049778223038	0.19499079883098602	0.054485831409692764
SMl_LABEL_14	-0.0035646380856633186	0.1081518679857254	-0.0001305237674387172	0.5396727919578552	0.14110633730888367	-0.18614168465137482	0.17147982120513916	n/a	0.452234148979187	0.417137086391449	0.30104297399520874	0.27466899156570435	-0.09053169935941696	1.0	0.06503580510616302	-0.008196345530450344	0.07451457530260086	0.12193785607814789	0.2295254021883011	0.22492000460624695	0.35682541131973267	-0.10053750872612	0.03748258203268051	-0.07911905646324158	0.09132300317287445	0.36298978328704834	0.2912774980068207	-0.24991004168987274	0.02999664843082428	-0.24717175960540771	0.4195505380630493	0.20198982954025269	-0.31841543316841125	0.2244703769683838	n/a	0.3615065813064575	0.14372672140598297	0.2809211015701294	-0.1231866329908371	0.8301432728767395	0.06254734843969345	0.09720897674560547	0.1738966703414917	0.08531653881072998	0.3123015761375427	-0.2846629321575165	-0.11750251799821854	-0.005032000597566366	-0.24895307421684265	-0.28978729248046875	-0.0845760926604271	0.15003874897956848	0.08847435563802719	0.49988871812820435	0.16463603079319	0.31823089718818665	0.3111593723297119	0.1127837672829628	0.08653180301189423	-0.0838107168674469	-0.005542401224374771	-0.2596384286880493	-0.42762070894241333	-0.18018357455730438	-0.3389412462711334	-0.07935620844364166	0.506639838218689	0.07720252126455307	0.05028107017278671	-0.054568976163864136	-0.32629644870758057	-0.25768575072288513	-0.14283905923366547	0.46036872267723083	0.30443835258483887	0.29675787687301636	0.34409403800964355	0.36784201860427856	0.09921981394290924	-0.04992642626166344
DAN_LABEL_15	-0.023803016170859337	0.4372970163822174	0.33445999026298523	0.34500977396965027	-0.08195154368877411	0.0648421123623848	0.07149068266153336	n/a	0.13731539249420166	0.4488583207130432	0.29500776529312134	0.43875598907470703	0.4513460099697113	0.06503580510616302	1.0	-0.1194290891289711	0.465768039226532	-0.2888070046901703	0.11878877133131027	0.10009001940488815	0.4746573269367218	0.031211121007800102	0.5397191047668457	0.1070571318268776	0.37255096435546875	-0.21464022994041443	0.011068634688854218	0.17656110227108002	0.45640698075294495	0.3718835413455963	0.19533057510852814	-0.11140446364879608	0.24288932979106903	0.3292400538921356	n/a	0.46576961874961853	0.30236056447029114	0.43595200777053833	0.22046904265880585	0.16870097815990448	0.5289426445960999	0.5460596680641174	-0.08355206251144409	0.12083574384450912	0.33426791429519653	0.2659240663051605	0.4744424521923065	0.1877451241016388	0.2602810561656952	-0.022333962842822075	0.5456323623657227	-0.3426780700683594	-0.23190106451511383	0.04688268527388573	0.194849893450737	-0.2878583073616028	-0.11043289303779602	0.07890278846025467	0.36308521032333374	0.05054421350359917	0.22928109765052795	0.33206120133399963	0.03971891477704048	0.05013451725244522	-0.17002834379673004	0.10413780808448792	0.031759269535541534	0.045102253556251526	0.018602197989821434	-0.05441722646355629	-0.03464639186859131	0.04144604876637459	0.2485562413930893	0.045780882239341736	-0.17692430317401886	-0.20435506105422974	0.21046100556850433	0.2917528450489044	0.05815589427947998	-0.015298829413950443
DMN_LABEL_16	0.4749493896961212	0.13310503959655762	0.14368455111980438	0.04358557611703873	0.027626607567071915	0.37311890721321106	0.45928192138671875	n/a	0.12019843608140945	-0.24909718334674835	0.09580263495445251	-0.3371805250644684	-0.02289089560508728	-0.008196345530450344	-0.1194290891289711	1.0	-0.17495493590831757	0.5108629465103149	0.2762826383113861	-0.037985458970069885	-0.18435248732566833	0.008281058631837368	-0.12036117911338806	0.6382847428321838	0.09654803574085236	0.15157222747802734	0.16976866126060486	0.33926916122436523	0.006108768284320831	-0.08458584547042847	0.08166870474815369	0.13310231268405914	0.13057178258895874	0.18501225113868713	n/a	-0.00788210891187191	0.1344369649887085	-0.020486364141106606	0.27615469694137573	-0.06024990603327751	-0.40350085496902466	-0.16108134388923645	0.15100768208503723	0.2277754247188568	-0.13517405092716217	0.05215245857834816	-0.17718081176280975	0.5324429869651794	-0.17817126214504242	0.5998348593711853	-0.039974723011255264	-0.11596222966909409	0.41821518540382385	-0.01328696683049202	0.3088635802268982	0.046999238431453705	0.1459963470697403	0.05481624975800514	0.17594589293003082	-0.42606234550476074	-0.28115522861480713	-0.4074787199497223	-0.04605960100889206	0.36309894919395447	0.11231102794408798	0.37359750270843506	0.30987367033958435	-0.38204967975616455	-0.38556545972824097	-0.20515292882919312	-0.23872756958007812	0.338598370552063	-0.13528724014759064	0.0024980853777378798	0.23755110800266266	0.020588338375091553	0.0500243715941906	-0.17318804562091827	0.0273179542273283	-0.003997016232460737
CO_LABEL_17	-0.09532143920660019	0.4801868200302124	0.1362978219985962	0.6368941068649292	0.0730353370308876	0.14502404630184174	0.14974825084209442	n/a	0.3346191644668579	0.5895108580589294	0.500473141670227	0.542447030544281	0.27386581897735596	0.07451457530260086	0.465768039226532	-0.17495493590831757	1.0	-0.030712353065609932	0.40974387526512146	0.4657747149467468	0.6873396635055542	0.4000564217567444	0.15228363871574402	0.15510772168636322	0.4218473434448242	0.007581718266010284	-0.15551966428756714	-0.10237866640090942	0.4231281578540802	0.16136741638183594	0.4257882833480835	-0.17742589116096497	0.3739089071750641	0.16136854887008667	n/a	0.4329107701778412	0.30116143822669983	0.17822378873825073	-0.06439338624477386	0.010395173914730549	0.4665529727935791	0.6646639108657837	0.15213511884212494	0.4104386568069458	0.48083528876304626	0.3721213638782501	0.1503278762102127	0.16005635261535645	0.21513812243938446	-0.41456055641174316	0.5238325595855713	0.16380861401557922	-0.24865081906318665	0.07208050042390823	-0.2107793390750885	0.17005030810832977	0.0856974720954895	0.3572995066642761	0.32575517892837524	-0.11257912218570709	0.3801756501197815	0.4618508517742157	-0.09816818684339523	0.38068678975105286	0.07922317087650299	0.030182242393493652	0.1943865716457367	0.027419785037636757	0.046482495963573456	-0.08309464901685715	0.10458645969629288	0.13276465237140656	0.37435582280158997	0.26926711201667786	0.21630384027957916	-0.012767418287694454	0.07178374379873276	0.4110335409641266	0.3327779173851013	0.10139940679073334
DMN_LABEL_18	0.4321858286857605	-0.33182865381240845	-0.21428515017032623	0.007657456211745739	0.4659532308578491	0.22226735949516296	0.36014291644096375	n/a	0.12791305780410767	-0.04452519863843918	0.2717210650444031	-0.14412349462509155	-0.12967580556869507	0.12193785607814789	-0.2888070046901703	0.5108629465103149	-0.030712353065609932	1.0	0.23502393066883087	0.12182559818029404	0.021004509180784225	0.2917269468307495	-0.6726029515266418	0.2998441159725189	-0.2897343337535858	0.5008702874183655	0.4027201533317566	0.06554729491472244	-0.3277115821838379	-0.3111592233181	0.03526487946510315	0.5376741886138916	0.18332922458648682	0.03718632087111473	n/a	0.09988537430763245	0.2567060589790344	0.06315057724714279	0.3201918601989746	0.043231718242168427	-0.2912503480911255	-0.0940185934305191	0.3733510673046112	0.1983955204486847	0.03756845369935036	0.03586649149656296	-0.6851298809051514	0.15989471971988678	-0.3095400631427765	0.2868581712245941	-0.1281900256872177	0.22161979973316193	0.653163492679596	0.08722541481256485	0.24527518451213837	0.3161950409412384	0.35138586163520813	0.3123362958431244	0.15726272761821747	-0.08988585323095322	-0.19017377495765686	-0.19634048640727997	-0.08666406571865082	-0.014300942420959473	-0.20052817463874817	0.017580091953277588	-0.0189532320946455	-0.09099643677473068	-0.08322686702013016	-0.2389894723892212	-0.1198422983288765	-0.13552629947662354	-0.09319890290498734	0.021777326241135597	0.36789098381996155	0.39566850662231445	0.297754168510437	0.08360282331705093	-0.07185061275959015	0.11596789956092834
VAN_LABEL_19	0.33252352476119995	0.22111453115940094	0.05263929441571236	0.5238656401634216	0.1493053287267685	0.1591511368751526	0.23882436752319336	n/a	0.352489173412323	0.2810089886188507	0.4434415400028229	-0.0016459561884403229	0.19128401577472687	0.2295254021883011	0.11878877133131027	0.2762826383113861	0.40974387526512146	0.23502393066883087	1.0	0.35106801986694336	0.3906964957714081	0.36039623618125916	-0.11614915728569031	0.35268980264663696	0.1533927619457245	0.273256778717041	0.2435522824525833	0.13943329453468323	0.041988372802734375	-0.20606379210948944	0.3540750741958618	-0.012196272611618042	0.19826534390449524	0.029754985123872757	n/a	0.3934965133666992	0.2857915163040161	0.08009856194257736	0.12995581328868866	0.11733837425708771	-0.06300262361764908	0.13345405459403992	0.21278339624404907	0.1765943169593811	0.29164546728134155	0.21058781445026398	-0.23356066644191742	0.09033040702342987	-0.046810779720544815	-0.09377358108758926	0.15675777196884155	0.14335450530052185	0.04366379976272583	0.17860497534275055	-0.08280336111783981	0.2644592821598053	0.2416054755449295	0.3644459545612335	0.4091055393218994	-0.389578640460968	-0.0720570906996727	-0.16006861627101898	-0.2665334641933441	0.4021880328655243	0.05578475445508957	0.3103802800178528	0.5279149413108826	-0.2555430233478546	-0.249247744679451	-0.2229408174753189	-0.17109331488609314	0.17809125781059265	0.13762816786766052	0.2744387090206146	0.4725315570831299	0.0752086341381073	0.27030837535858154	0.265203058719635	0.17987652122974396	0.012429137714207172
CO_LABEL_20	0.1233861967921257	0.43349799513816833	-0.25156599283218384	0.5028590559959412	-0.24130254983901978	0.16482335329055786	0.35509803891181946	n/a	0.6107215285301208	0.377765417098999	0.415933221578598	0.12316996604204178	-0.13402950763702393	0.22492000460624695	0.10009001940488815	-0.037985458970069885	0.4657747149467468	0.12182559818029404	0.35106801986694336	1.0	0.5483160614967346	0.5908852815628052	-0.03767751529812813	0.2293853610754013	0.3271883726119995	0.25716230273246765	-0.17927339673042297	-0.25875556468963623	0.41291406750679016	-0.006050680764019489	0.4989866614341736	-0.2260202169418335	0.19985006749629974	0.1955229490995407	n/a	0.3719974756240845	0.391247034072876	0.0032118328381329775	0.041481658816337585	0.10791642218828201	0.104246586561203	0.4043906629085541	0.3181450068950653	0.559343159198761	0.40430065989494324	0.40614190697669983	-0.1405666619539261	0.24307389557361603	-0.012132176198065281	-0.10337280482053757	0.12156982719898224	0.34203436970710754	0.12310537695884705	0.434179425239563	-0.06705530732870102	0.3926827609539032	0.18683743476867676	0.6001083254814148	0.5709858536720276	0.017585109919309616	0.2628709375858307	0.01681472919881344	-0.13898347318172455	0.25139886140823364	-0.12488315254449844	0.13201676309108734	0.22633308172225952	0.041685570031404495	0.1774343103170395	0.373397558927536	0.10015326738357544	0.26425740122795105	0.20667758584022522	0.2587987184524536	0.24268817901611328	0.49871891736984253	0.038550686091184616	0.3797953426837921	0.4396759867668152	0.5044786334037781
CO_LABEL_21	-0.00043179019121453166	0.38233914971351624	0.15285658836364746	0.6811177730560303	0.1250293105840683	0.19794237613677979	0.20860321819782257	n/a	0.4649594724178314	0.7964262962341309	0.6933041214942932	0.6893677711486816	0.1661183089017868	0.35682541131973267	0.4746573269367218	-0.18435248732566833	0.6873396635055542	0.021004509180784225	0.3906964957714081	0.5483160614967346	1.0	0.4432884454727173	0.15312333405017853	0.15683361887931824	0.48848018050193787	0.0656999722123146	0.053788769990205765	0.00600211787968874	0.34934499859809875	0.3149770200252533	0.5174975395202637	-0.11191584914922714	0.33445078134536743	0.31518304347991943	n/a	0.7320536375045776	0.5485418438911438	0.46501949429512024	0.1532232165336609	0.3344118595123291	0.5090852379798889	0.5256366729736328	0.2199769914150238	0.4395733177661896	0.7888635396957397	0.48628175258636475	0.12584710121154785	0.3050266206264496	0.13413549959659576	-0.23662126064300537	0.636904239654541	0.026512732729315758	-0.22002334892749786	0.2738099694252014	0.16981729865074158	0.17162272334098816	-0.003350951010361314	0.5362248420715332	0.5539104342460632	-0.033611033111810684	0.17504724860191345	0.18794460594654083	-0.3990076780319214	0.2615247666835785	0.02637508325278759	0.12398184835910797	0.22085049748420715	-0.04163232818245888	-0.030021531507372856	-0.10233771800994873	-0.22783440351486206	0.10697910189628601	0.14479537308216095	0.20854046940803528	0.14546282589435577	0.10650839656591415	0.40704506635665894	0.6505351066589355	0.2135106474161148	0.0838262289762497
Sal_LABEL_22	0.32411009073257446	0.15464557707309723	-0.11305931210517883	0.25186920166015625	0.17221306264400482	0.4346456825733185	0.4351488947868347	n/a	0.5680878758430481	0.3421270251274109	0.6150691509246826	0.0423414446413517	-0.0035509204026311636	-0.10053750872612	0.031211121007800102	0.008281058631837368	0.4000564217567444	0.2917269468307495	0.36039623618125916	0.5908852815628052	0.4432884454727173	1.0	-0.44845208525657654	0.22681893408298492	0.11332602798938751	0.3067810535430908	0.001104554976336658	0.037059783935546875	0.2258460521697998	-0.12739165127277374	0.07468575239181519	0.14179280400276184	0.5045511722564697	0.24633365869522095	n/a	0.31837424635887146	0.7292478680610657	-0.01610269397497177	0.20286914706230164	-0.1725001484155655	0.04122312739491463	0.1757202446460724	0.3465866446495056	0.2722330689430237	0.4132457673549652	0.7602004408836365	-0.3871031701564789	0.28707975149154663	-0.09873107820749283	0.020115116611123085	0.31361860036849976	0.21319040656089783	0.31145063042640686	0.3602070212364197	0.0843910276889801	0.4153362810611725	0.3549880385398865	0.7685235738754272	0.5921796560287476	0.2025570422410965	0.21149376034736633	0.28646430373191833	0.046391263604164124	0.3742910623550415	0.03908761218190193	0.1362428367137909	-0.07209449261426926	0.08990423381328583	0.22077983617782593	0.26028546690940857	0.22874759137630463	0.25751715898513794	0.3084380626678467	-0.11639664322137833	0.27199599146842957	0.4853103458881378	0.30204272270202637	0.6051360368728638	0.25954705476760864	0.48448702692985535
DAN_LABEL_23	-0.27713391184806824	0.578144371509552	0.1674894243478775	0.19483360648155212	-0.4931129217147827	-0.2495376616716385	-0.2067631483078003	n/a	-0.052789296954870224	0.13991138339042664	-0.15172179043293	0.30328500270843506	0.16876685619354248	0.03748258203268051	0.5397191047668457	-0.12036117911338806	0.15228363871574402	-0.6726029515266418	-0.11614915728569031	-0.03767751529812813	0.15312333405017853	-0.44845208525657654	1.0	0.07716816663742065	0.5206280946731567	-0.4421297609806061	-0.2896004021167755	-0.04309706389904022	0.5252056121826172	0.4508712589740753	0.24700617790222168	-0.5360563397407532	-0.15425655245780945	0.1494794338941574	n/a	0.09557585418224335	-0.23300285637378693	0.14806251227855682	-0.14891314506530762	0.096895232796669	0.37267905473709106	0.31737980246543884	-0.22744576632976532	-0.04791150242090225	-0.006354589480906725	-0.04660167172551155	0.8766058683395386	0.15053866803646088	0.36419567465782166	0.01454410795122385	0.2327236533164978	-0.3683509826660156	-0.6292076110839844	-0.1856529712677002	-0.09987210482358932	-0.44604310393333435	-0.4511992931365967	-0.23109307885169983	-0.012756065465509892	-0.17123106122016907	0.08585351705551147	-0.015235388651490211	-0.09814474731683731	0.15014749765396118	0.09056712687015533	0.17786429822444916	0.34526848793029785	-0.06298482418060303	-0.1160774976015091	0.03518388420343399	-0.059993449598550797	0.19656875729560852	0.06751241534948349	0.23573307693004608	-0.3753039240837097	-0.4524989724159241	-0.24269883334636688	-0.13352636992931366	-0.032115865498781204	-0.14734499156475067
PMN_LABEL_24	0.45497119426727295	0.4246974289417267	0.07396923750638962	0.24673880636692047	-0.03286183997988701	0.5792112350463867	0.4642464220523834	n/a	0.3070913851261139	-0.012737477198243141	0.21452639997005463	-0.16573463380336761	0.08111163973808289	-0.07911905646324158	0.1070571318268776	0.6382847428321838	0.15510772168636322	0.2998441159725189	0.35268980264663696	0.2293853610754013	0.15683361887931824	0.22681893408298492	0.07716816663742065	1.0	0.3431485891342163	0.09650149941444397	-0.08320369571447372	0.19062663614749908	0.2994883954524994	0.1395304948091507	0.36493363976478577	-0.2003014236688614	0.4910533130168915	0.24913932383060455	n/a	0.0600336492061615	0.2238781601190567	-0.08856672793626785	0.03799932822585106	-0.11150327324867249	-0.15586023032665253	0.10740534216165543	0.1358189433813095	0.43934860825538635	0.07046926766633987	0.35651811957359314	-0.009524776600301266	0.7356261610984802	0.002771106781437993	0.5739089250564575	0.27851906418800354	-0.03188478201627731	0.10400909930467606	-0.10561711341142654	0.2012358456850052	0.014101190492510796	0.036284755915403366	0.3211246132850647	0.4962356388568878	-0.1662871092557907	-0.1044737696647644	-0.3434489369392395	-0.15013763308525085	0.5162839889526367	0.17744190990924835	0.42463791370391846	0.3536830246448517	-0.2253718078136444	-0.2590544521808624	-0.08895746618509293	-0.1219223141670227	0.4011833369731903	0.028586765751242638	0.15046104788780212	0.14523845911026	-0.04744664207100868	-0.03184525668621063	-0.05210208520293236	0.17712993919849396	0.14534254372119904
DAN_LABEL_25	-0.2033701390028	0.6803061366081238	0.44746291637420654	0.4282589852809906	-0.33087223768234253	0.2591486871242523	0.1963474005460739	n/a	0.5109754204750061	0.27236682176589966	0.34625622630119324	0.31624317169189453	0.004025303293019533	0.09132300317287445	0.37255096435546875	0.09654803574085236	0.4218473434448242	-0.2897343337535858	0.1533927619457245	0.3271883726119995	0.48848018050193787	0.11332602798938751	0.5206280946731567	0.3431485891342163	1.0	-0.273781418800354	-0.27573463320732117	0.05773836374282837	0.618388295173645	0.5043363571166992	0.2491598278284073	-0.4631962180137634	0.23207806050777435	0.3342454731464386	n/a	0.24063332378864288	0.2668798565864563	0.2900197505950928	-0.045985400676727295	0.024012114852666855	0.2817334234714508	0.3429816961288452	-0.031351108103990555	0.33168938755989075	0.3781048655509949	0.5061526298522949	0.47327229380607605	0.5384291410446167	0.34651607275009155	-0.0893387719988823	0.5753738880157471	-0.19931212067604065	-0.40747958421707153	0.19890552759170532	0.09308787435293198	-0.1311674863100052	-0.17064149677753448	0.10698060691356659	0.2971818447113037	-0.22255460917949677	0.07602545619010925	-0.020224856212735176	-0.2742784023284912	0.49936196208000183	0.3108195960521698	0.22363846004009247	0.2932915985584259	-0.08863899856805801	-0.033688005059957504	0.05083409324288368	-0.22930963337421417	0.29415252804756165	0.09427868574857712	0.18847133219242096	-0.010282916948199272	-0.06324493885040283	-0.08336509019136429	0.2313365787267685	0.33637773990631104	0.09556251764297485
