Node	LH_Vis_1	LH_Vis_2	LH_Vis_3	LH_Vis_4	LH_Vis_5	LH_Vis_6	LH_Vis_7	LH_Vis_8	LH_Vis_9	LH_SomMot_1	LH_SomMot_2	LH_SomMot_3	LH_SomMot_4	LH_SomMot_5	LH_SomMot_6	LH_DorsAttn_Post_1	LH_DorsAttn_Post_2	LH_DorsAttn_Post_3	LH_DorsAttn_Post_4	LH_DorsAttn_Post_5	LH_DorsAttn_Post_6	LH_DorsAttn_PrCv_1	LH_DorsAttn_FEF_1	LH_SalVentAttn_ParOper_1	LH_SalVentAttn_FrOperIns_1	LH_SalVentAttn_FrOperIns_2	LH_SalVentAttn_PFCl_1	LH_SalVentAttn_Med_1	LH_SalVentAttn_Med_2	LH_SalVentAttn_Med_3	LH_Limbic_OFC_1	LH_Limbic_TempPole_1	LH_Limbic_TempPole_2	LH_Cont_Par_1	LH_Cont_PFCl_1	LH_Cont_pCun_1	LH_Cont_Cing_1	LH_Default_Temp_1	LH_Default_Temp_2	LH_Default_Par_1	LH_Default_Par_2	LH_Default_PFC_1	LH_Default_PFC_2	LH_Default_PFC_3	LH_Default_PFC_4	LH_Default_PFC_5	LH_Default_PFC_6	LH_Default_PFC_7	LH_Default_pCunPCC_1	LH_Default_pCunPCC_2	RH_Vis_1	RH_Vis_2	RH_Vis_3	RH_Vis_4	RH_Vis_5	RH_Vis_6	RH_Vis_7	RH_Vis_8	RH_SomMot_1	RH_SomMot_2	RH_SomMot_3	RH_SomMot_4	RH_SomMot_5	RH_SomMot_6	RH_SomMot_7	RH_SomMot_8	RH_DorsAttn_Post_1	RH_DorsAttn_Post_2	RH_DorsAttn_Post_3	RH_DorsAttn_Post_4	RH_DorsAttn_Post_5	RH_DorsAttn_PrCv_1	RH_DorsAttn_FEF_1	RH_SalVentAttn_TempOccPar_1	RH_SalVentAttn_TempOccPar_2	RH_SalVentAttn_FrOperIns_1	RH_SalVentAttn_Med_1	RH_SalVentAttn_Med_2	RH_Limbic_OFC_1	RH_Limbic_TempPole_1	RH_Cont_Par_1	RH_Cont_Par_2	RH_Cont_PFCl_1	RH_Cont_PFCl_2	RH_Cont_PFCl_3	RH_Cont_PFCl_4	RH_Cont_Cing_1	RH_Cont_PFCmp_1	RH_Cont_pCun_1	RH_Default_Par_1	RH_Default_Temp_1	RH_Default_Temp_2	RH_Default_Temp_3	RH_Default_PFCv_1	RH_Default_PFCv_2	RH_Default_PFCdPFCm_1	RH_Default_PFCdPFCm_2	RH_Default_PFCdPFCm_3	RH_Default_pCunPCC_1	RH_Default_pCunPCC_2	LH-Pu	LH-Ca	LH-NAC	LH-EXA	LH-GPe	LH-GPi	LH-SNc_PBP_VTA	LH-RN	LH-SNr	LH-VeP	LH-HN	LH-HTH	LH-MN	LH-STH	RH-Pu	RH-Ca	RH-NAC	RH-EXA	RH-GPe	RH-GPi	RH-SNc_PBP_VTA	RH-RN	RH-SNr	RH-VeP	RH-HN	RH-HTH	RH-MN	RH-STH	LH-Pulvinar	LH-Anterior	LH-Medio_Dorsal	LH-Ventral_Latero_Dorsal	LH-Central_Lateral-Lateral_Posterior-Medial_Pulvinar	LH-Ventral_Anterior	LH-Ventral_Latero_Ventral	RH-Pulvinar	RH-Anterior	RH-Medio_Dorsal	RH-Ventral_Latero_Dorsal	RH-Central_Lateral-Lateral_Posterior-Medial_Pulvinar	RH-Ventral_Anterior	RH-Ventral_Latero_Ventral	LH_Hippocampus	LH_Amygdala	RH_Hippocampus	RH_Amygdala	Cerebellar_Region1	Cerebellar_Region2	Cerebellar_Region3	Cerebellar_Region4	Cerebellar_Region5	Cerebellar_Region6	Cerebellar_Region7	Cerebellar_Region8	Cerebellar_Region9	Cerebellar_Region10
LH_Vis_1	1.0	0.5969918966293335	0.6226651072502136	-0.05437343195080757	0.22038699686527252	0.5837411880493164	0.38277944922447205	0.5468443632125854	0.5104823708534241	0.4074089825153351	0.22723831236362457	0.2582504153251648	0.21866609156131744	-0.037608418613672256	0.16503575444221497	0.656865656375885	0.22431455552577972	0.4604819416999817	0.22792227566242218	0.07500775903463364	0.21200205385684967	0.28610771894454956	0.28994613885879517	-0.17601683735847473	0.2872317433357239	0.19310787320137024	-0.08357515931129456	0.31694522500038147	0.440502792596817	0.09356119483709335	0.45026895403862	0.42646706104278564	0.40112975239753723	0.345013290643692	0.10247490555047989	-0.008478925563395023	0.1553480327129364	0.20905454456806183	0.04202376678586006	0.12843134999275208	-0.1295935958623886	0.4732522666454315	0.18294794857501984	0.45624321699142456	0.21577188372612	0.1395573765039444	-0.1848352998495102	0.11036303639411926	0.5256240367889404	-0.06879909336566925	0.7193934321403503	0.6089239716529846	0.3240329623222351	-0.08734571933746338	0.33326980471611023	0.5635380148887634	0.3539601266384125	0.5489475131034851	0.2957688570022583	0.34274542331695557	0.15934747457504272	0.05464746803045273	0.19261741638183594	0.045978326350450516	0.16075678169727325	0.1330449879169464	0.08195227384567261	0.39876797795295715	0.23318934440612793	0.3826127052307129	0.008805450052022934	0.20198729634284973	0.3325554430484772	0.033005375415086746	-0.07484602928161621	0.29611051082611084	0.3564925789833069	0.22265949845314026	0.3464553952217102	0.3339630365371704	0.04576140642166138	-0.0026415246538817883	0.22195158898830414	0.3232453465461731	-0.005014718510210514	0.278584361076355	0.060968346893787384	0.4803021550178528	0.14439137279987335	-0.1250096559524536	0.02701253816485405	0.023073049262166023	0.2291317880153656	0.43315696716308594	0.08544061332941055	0.5221679210662842	0.35387787222862244	0.28517553210258484	0.428852379322052	0.038322459906339645	0.2880716025829315	0.36501678824424744	0.16413277387619019	0.19295728206634521	0.2603018283843994	0.034902531653642654	-0.06496887654066086	0.3028698265552521	0.22724711894989014	-0.00755714625120163	0.19255007803440094	0.489848792552948	-0.10987116396427155	0.4202434718608856	0.47221502661705017	0.24438244104385376	0.2904498875141144	0.26388978958129883	0.3589785397052765	0.16089606285095215	0.35155826807022095	0.3127988874912262	0.5185216665267944	0.022289203479886055	0.37736305594444275	0.057270776480436325	0.002495023189112544	0.4803595244884491	0.38054192066192627	-0.002334006130695343	0.1933905929327011	-0.024043764919042587	0.20348532497882843	-0.19467301666736603	0.23496323823928833	0.41808104515075684	0.05346083268523216	0.32395073771476746	0.07003239542245865	0.39385905861854553	-0.12984366714954376	0.2342395931482315	0.3660486042499542	0.32200729846954346	0.44908422231674194	0.1702749878168106	0.14147694408893585	-0.2770106792449951	0.20849239826202393	-0.010073098354041576	-0.0706532821059227	-0.11413004994392395	-0.29601338505744934	-0.4512702524662018	-0.31061333417892456	-0.17501872777938843
LH_Vis_2	0.5969918966293335	1.0	0.6942355036735535	-0.09197613596916199	0.5811432003974915	0.6931087374687195	0.30766770243644714	0.591058075428009	0.6971119046211243	0.3897467255592346	0.11778665333986282	0.14687997102737427	0.0006511335959658027	0.09590291231870651	-0.07941479980945587	0.5985430479049683	0.20807044208049774	0.2523469626903534	0.10174010694026947	-0.07011304050683975	-0.13606292009353638	0.300934761762619	0.1325545758008957	-0.18451867997646332	0.3592638075351715	0.27344733476638794	-0.10616001486778259	0.3781659007072449	0.1866053193807602	0.1813545525074005	0.3653208017349243	0.34833332896232605	0.2782825827598572	0.3781604766845703	0.36997663974761963	0.3229702115058899	0.4121650159358978	0.06445194035768509	0.027799751609563828	0.13958190381526947	-0.1089826449751854	0.5650014281272888	0.5470965504646301	0.37108373641967773	0.09713336825370789	0.18044988811016083	0.00914833601564169	0.13192607462406158	0.6572424173355103	-0.01704912632703781	0.5780441164970398	0.9113391041755676	0.30249619483947754	0.07860395312309265	0.6509242653846741	0.6253933310508728	0.47398051619529724	0.7632311582565308	0.4241158068180084	0.062446847558021545	0.10827288031578064	-0.09869120270013809	0.050925157964229584	-0.26230451464653015	-0.08567330986261368	-0.18508626520633698	0.10082359611988068	0.08205906301736832	0.2602328658103943	0.37895363569259644	-0.15397419035434723	0.31568974256515503	0.12087961286306381	0.23497509956359863	-0.05581698566675186	0.41183534264564514	0.19921422004699707	0.07209888100624084	0.16246895492076874	0.25352099537849426	0.003942673094570637	0.08196386694908142	0.14171169698238373	0.5385637283325195	-0.09381135553121567	0.2990494966506958	0.3194146752357483	0.5140880346298218	0.2972972095012665	-0.21518878638744354	-0.1429876685142517	-0.11094363778829575	0.07882270961999893	0.49651893973350525	0.2579312026500702	0.4400021433830261	0.2689547836780548	0.14574040472507477	0.5362579226493835	0.19627195596694946	0.309940904378891	0.48182055354118347	0.2049468755722046	0.15905581414699554	0.15066063404083252	-0.10592934489250183	0.16247497498989105	0.3452230393886566	0.14646105468273163	0.23690122365951538	0.3304435610771179	0.4804835915565491	0.16075105965137482	0.38825473189353943	0.40372732281684875	0.36103716492652893	0.037689220160245895	0.22745764255523682	0.41742876172065735	0.20658667385578156	0.36225560307502747	0.32090792059898376	0.38053855299949646	-0.07790358364582062	0.5309510231018066	0.06753263622522354	0.08423632383346558	0.40668562054634094	0.5181066989898682	0.01979713700711727	0.24500718712806702	0.2712130546569824	0.17225942015647888	0.073980912566185	0.3827882707118988	0.5904393196105957	0.15895581245422363	0.4331018626689911	0.253457248210907	0.4209105670452118	-0.07310185581445694	0.13326619565486908	0.0933593139052391	0.3363751769065857	0.21673303842544556	-0.0049586729146540165	0.06387879699468613	-0.13336558640003204	0.4328157901763916	-0.1253039836883545	0.028912393376231194	-0.05556343123316765	-0.21126851439476013	-0.5651454329490662	-0.3434847593307495	-0.264013409614563
LH_Vis_3	0.6226651072502136	0.6942355036735535	1.0	-0.11887206882238388	0.3121953308582306	0.880969226360321	0.04366467893123627	0.2738116979598999	0.7955166697502136	0.4856751561164856	0.3679322898387909	0.41433095932006836	0.22970794141292572	0.03876059129834175	0.07123753428459167	0.39265307784080505	0.323470801115036	0.2736538052558899	0.11324921250343323	-0.020419886335730553	0.02472604438662529	0.3324573338031769	0.1886669099330902	-0.006607746705412865	0.3477290868759155	0.3711148202419281	-0.09644202142953873	0.33781808614730835	0.33321574330329895	0.18482984602451324	0.21498726308345795	0.2867683172225952	0.2791561782360077	0.2094770222902298	0.35878923535346985	0.03407685458660126	0.12248367816209793	0.09233678877353668	0.11426159739494324	0.15626409649848938	-0.040196217596530914	0.3983875811100006	0.36170637607574463	0.36738723516464233	-0.06574604660272598	0.1436150223016739	-0.030007855966687202	0.12381894141435623	0.4940582513809204	-0.0708107054233551	0.5878353714942932	0.7414125800132751	0.042814675718545914	-0.15420080721378326	0.6058607697486877	0.8264631032943726	0.0770379975438118	0.7368492484092712	0.4743996560573578	0.3898056745529175	0.38223665952682495	0.18944451212882996	0.2645220458507538	-0.07442798465490341	0.03308561444282532	0.0505981370806694	-0.13210704922676086	0.21645429730415344	-0.006767150480300188	0.1922680288553238	-0.08708708733320236	0.13286341726779938	0.1275671273469925	-0.13766738772392273	0.04543684795498848	0.27611982822418213	0.2633284330368042	0.20133736729621887	0.06586924195289612	0.20087473094463348	-0.20117519795894623	-0.14643187820911407	-0.09172575175762177	0.18200942873954773	-0.10431947559118271	-0.12010867148637772	-0.009690427221357822	0.2739640772342682	-0.012557294219732285	-0.26405102014541626	-0.14426401257514954	0.04415489733219147	0.0059653520584106445	0.1992575228214264	-0.08776398003101349	0.33926835656166077	0.17644450068473816	0.05560023710131645	0.45641887187957764	-0.05789576843380928	0.2532406449317932	0.33831658959388733	0.21663829684257507	0.09996122866868973	0.36923664808273315	-0.1587793380022049	0.11538227647542953	0.5898925065994263	0.08486925065517426	0.09283179044723511	0.21321415901184082	0.4540981650352478	0.018014969304203987	0.3282311260700226	0.3188041150569916	0.10306824743747711	0.0026121509727090597	0.2523171603679657	0.2459201216697693	0.15527772903442383	0.42710015177726746	0.13461115956306458	0.36372244358062744	0.03466229885816574	0.4574272334575653	0.020334303379058838	0.06487759202718735	0.22251056134700775	0.38112524151802063	-0.029780417680740356	0.36834412813186646	0.10820897668600082	0.058656249195337296	-0.06550091505050659	0.20954522490501404	0.39188116788864136	-0.00899248942732811	0.2716180086135864	0.11007802188396454	0.34249112010002136	-0.17189769446849823	0.15677930414676666	0.13984012603759766	0.23668110370635986	0.14292345941066742	0.024450642988085747	-0.036822911351919174	-0.2636997401714325	0.13404816389083862	-0.10835354030132294	-0.29326629638671875	-0.14100949466228485	-0.4921073317527771	-0.5701274275779724	-0.279043972492218	-0.40691232681274414
LH_Vis_4	-0.05437343195080757	-0.09197613596916199	-0.11887206882238388	1.0	0.23842144012451172	-0.008728432469069958	-0.21343150734901428	0.04714101180434227	-0.03536642715334892	-0.07158738374710083	-0.0980323776602745	-0.14795519411563873	-0.09332673251628876	-0.0009706142591312528	-0.08521877974271774	-0.031154384836554527	-0.0698801800608635	0.055664755403995514	-0.008113674819469452	0.038076870143413544	0.02145574614405632	-0.077035091817379	0.11081109195947647	-0.055509328842163086	-0.07263270020484924	-0.16578063368797302	0.19840849936008453	-0.19484250247478485	0.041301410645246506	-0.18183685839176178	0.11623813211917877	0.2362300008535385	0.5341658592224121	0.029799045994877815	-0.0020176491234451532	0.05698997899889946	0.22408796846866608	0.2637794613838196	0.25014907121658325	-0.15357597172260284	0.19522231817245483	-0.2626284062862396	-0.08248353749513626	-0.03468460217118263	0.28805702924728394	0.03793906420469284	0.14793328940868378	0.012005330994725227	0.08431482315063477	0.15522998571395874	-0.15241208672523499	-0.18587006628513336	-0.07955288141965866	0.6584257483482361	0.1488984227180481	-0.1386653482913971	-0.039889466017484665	-0.06220332533121109	0.02344595268368721	-0.0486978180706501	-0.06517855823040009	-0.028542641550302505	0.28058111667633057	0.20194123685359955	0.03151410073041916	-0.05376923084259033	0.03708334267139435	0.14185696840286255	0.10714000463485718	-0.13104598224163055	-0.12333931773900986	-0.029374223202466965	0.18000248074531555	-0.19060304760932922	-0.13747131824493408	-0.08754998445510864	0.06658528745174408	-0.05837135761976242	0.06197850778698921	0.1637164205312729	0.25650009512901306	0.1202092170715332	0.25792738795280457	0.06715185195207596	0.32482391595840454	0.25267544388771057	0.27757108211517334	-0.05558963865041733	-0.05827566981315613	0.2287447452545166	0.5673952102661133	-0.010561667382717133	-0.05132502317428589	5.6448934628861025e-05	-0.00599233852699399	-0.02398301474750042	0.1638891100883484	0.31435757875442505	-0.008597835898399353	0.16338258981704712	-0.09117190539836884	0.13964062929153442	-0.0753997266292572	-0.22259311378002167	-0.1667402982711792	0.23250935971736908	-0.16047485172748566	-0.15675759315490723	0.18905740976333618	0.05320809409022331	-0.45560380816459656	-0.07316648215055466	0.06343553215265274	-0.09111041575670242	0.01838190108537674	0.20992228388786316	-0.08739964663982391	-0.013420825824141502	0.17830289900302887	0.3046092092990875	-0.06722160428762436	0.1181533932685852	0.028378965333104134	0.20355786383152008	-0.030937036499381065	-0.1853468269109726	-0.1841643899679184	0.006863925140351057	0.2867960035800934	-0.36732420325279236	-0.19556447863578796	0.1244170293211937	-0.35863596200942993	-0.015338920056819916	-0.12729069590568542	0.0018411847995594144	-0.2528700530529022	-0.3118419051170349	0.04614287242293358	-0.08088674396276474	-0.06130694970488548	0.12374380975961685	-0.12206774204969406	-0.27505233883857727	-0.1034737080335617	-0.14080603420734406	0.11527550965547562	-0.05543343722820282	0.05103261023759842	0.21921050548553467	0.2238723486661911	0.23089385032653809	0.27104535698890686	0.2865326702594757	0.16419222950935364	0.3656991720199585
LH_Vis_5	0.22038699686527252	0.5811432003974915	0.3121953308582306	0.23842144012451172	1.0	0.39177554845809937	-0.05652380362153053	0.42281025648117065	0.5882721543312073	-0.057564105838537216	-0.05749550089240074	-0.11537259817123413	-0.09835407137870789	0.12404672056436539	-0.16148610413074493	0.1689518690109253	0.13687856495380402	0.14938117563724518	0.06042207032442093	0.2647459805011749	0.012793404050171375	0.24763014912605286	0.3006429076194763	-0.12238507717847824	0.04847048223018646	0.12620830535888672	0.0394032746553421	0.23521383106708527	0.2490064650774002	0.009954418987035751	0.0068375603295862675	0.09440693259239197	0.16359533369541168	0.2370520979166031	0.28636372089385986	0.30097654461860657	0.29908108711242676	-0.11198660731315613	-0.19038216769695282	-0.2385442703962326	-0.1866643726825714	0.1029074564576149	0.35834893584251404	0.18735869228839874	-0.08660665899515152	0.10732251405715942	-0.09269291907548904	0.23418325185775757	0.4579680562019348	-0.009812264703214169	0.07023845613002777	0.4611993432044983	-0.021479249000549316	0.5815067291259766	0.8568208813667297	0.09172792732715607	0.314876526594162	0.5856039524078369	0.11897768825292587	-0.07517775893211365	-0.12812286615371704	-0.22005154192447662	0.03072836995124817	0.005342558957636356	-0.020466390997171402	-0.14918634295463562	0.004132444970309734	0.05501104146242142	0.17414003610610962	0.20711523294448853	-0.015583973377943039	0.15170712769031525	0.2509067952632904	0.06879809498786926	-0.06149778887629509	0.17825855314731598	0.2108592838048935	0.12067483365535736	-0.1464400440454483	0.019835367798805237	-0.15195924043655396	-0.04873114079236984	-0.08542365580797195	0.3439463973045349	-0.06200369819998741	0.2741882801055908	0.353596568107605	0.4080811142921448	0.2762511372566223	-0.10201974958181381	-0.10086309909820557	-0.18904659152030945	0.2538839280605316	0.10760258883237839	0.13434360921382904	0.16611921787261963	0.12839394807815552	0.23745672404766083	0.1928807944059372	0.2299317717552185	0.10055028647184372	0.2439400851726532	-0.047758325934410095	-0.2789023518562317	-0.10091572999954224	-0.09282824397087097	-0.13592495024204254	0.08421304076910019	0.027737390249967575	0.27741238474845886	0.0005458135856315494	0.2777802050113678	0.1932024210691452	0.029363814741373062	0.1935127079486847	0.16457758843898773	-0.08950453251600266	0.02477368339896202	-0.025114450603723526	0.22288425266742706	0.06694820523262024	0.39050692319869995	0.28848838806152344	0.001396865933202207	0.3164568245410919	0.24139636754989624	-0.1482907086610794	0.37952378392219543	0.5456406474113464	-0.006264094728976488	-0.008464648388326168	0.41045132279396057	-0.06972984224557877	0.2048451155424118	0.13275475800037384	0.6467849612236023	0.15732333064079285	0.252877801656723	0.5628212094306946	0.4709675908088684	0.28320619463920593	0.29467618465423584	-0.11205486953258514	0.13648705184459686	0.08938854187726974	-0.02497311495244503	0.27587994933128357	0.09616998583078384	0.3945941627025604	0.13719229400157928	0.15656249225139618	0.07083380222320557	-0.03203307464718819	-0.43109363317489624	-0.35778242349624634	-0.09589030593633652
LH_Vis_6	0.5837411880493164	0.6931087374687195	0.880969226360321	-0.008728432469069958	0.39177554845809937	1.0	0.16251374781131744	0.2461177557706833	0.8382379412651062	0.4836065471172333	0.3854413330554962	0.42133501172065735	0.19924555718898773	0.1471087634563446	0.14356473088264465	0.46656715869903564	0.40979933738708496	0.3222005069255829	0.1381034553050995	0.10909479856491089	0.11175201833248138	0.3991115391254425	0.3397044241428375	0.1116006076335907	0.389666348695755	0.36562711000442505	0.033442333340644836	0.4207056760787964	0.44206416606903076	0.2928408682346344	0.20166511833667755	0.40272390842437744	0.40437158942222595	0.21102069318294525	0.3065643310546875	-0.009835273958742619	0.11383263766765594	0.13100670278072357	0.08482072502374649	0.20664888620376587	-0.07528500258922577	0.37052375078201294	0.38877636194229126	0.3175225257873535	-0.05129067972302437	0.15790292620658875	-0.02378428354859352	0.17812274396419525	0.5355876088142395	-0.048153139650821686	0.5325676798820496	0.6402994990348816	0.07229291647672653	-0.11108482629060745	0.6504737734794617	0.8660127520561218	-0.0034039628226310015	0.7463112473487854	0.5195029973983765	0.4130799472332001	0.3940245509147644	0.15934593975543976	0.3650195598602295	0.04333152249455452	0.14396454393863678	0.07698949426412582	-0.04405594989657402	0.24508854746818542	0.043834082782268524	0.17536376416683197	0.015341630205512047	0.19555453956127167	0.30719396471977234	-0.008511905558407307	0.12881936132907867	0.39380231499671936	0.40537992119789124	0.3527522087097168	0.0410623773932457	0.31196361780166626	-0.14191442728042603	-0.17262685298919678	-0.14828848838806152	0.1699696183204651	0.06205745413899422	0.017177868634462357	-0.012907029129564762	0.3094489574432373	0.028026951476931572	-0.22185346484184265	-0.06931794434785843	0.06514114886522293	0.10881616920232773	0.18993014097213745	0.03155532479286194	0.3102554380893707	0.27098149061203003	0.15559795498847961	0.5022931098937988	-0.02675756812095642	0.2738014757633209	0.44162532687187195	0.18367859721183777	0.0009219187195412815	0.33368006348609924	-0.06793701648712158	-0.0799819752573967	0.48459792137145996	0.0029200520366430283	0.06929904222488403	0.22587959468364716	0.48080721497535706	-0.04304888844490051	0.3443233072757721	0.4250011444091797	0.22477790713310242	0.08073407411575317	0.2037317305803299	0.2582055330276489	0.257761150598526	0.3239666819572449	0.19997011125087738	0.281849205493927	0.005538276396691799	0.5873838067054749	0.01806042157113552	0.06045488640666008	0.34309953451156616	0.4568921625614166	-0.12393474578857422	0.3911294937133789	0.17614823579788208	0.21292059123516083	-0.0982438176870346	0.2576525807380676	0.5393185615539551	-0.04360681399703026	0.2842349112033844	0.26513242721557617	0.49270281195640564	-0.1962486356496811	0.38227739930152893	0.07663556188344955	0.2454645335674286	0.24229636788368225	0.016346367076039314	0.17468591034412384	-0.11061187833547592	0.3034209609031677	0.08904603123664856	-0.09307823330163956	0.004655666183680296	-0.3264458179473877	-0.4539998173713684	-0.22946669161319733	-0.17258578538894653
LH_Vis_7	0.38277944922447205	0.30766770243644714	0.04366467893123627	-0.21343150734901428	-0.05652380362153053	0.16251374781131744	1.0	0.6457383632659912	0.19846515357494354	-0.12358275055885315	-0.132398784160614	-0.0878356397151947	-0.2507307529449463	0.3144107758998871	0.2473433017730713	0.649411678314209	0.22630062699317932	0.7107053399085999	0.24332569539546967	0.3915671408176422	0.36383718252182007	0.07028195261955261	0.37868887186050415	0.001165220863185823	-0.09317144751548767	-0.07110956311225891	0.358518123626709	0.1574496477842331	0.35676681995391846	0.16027845442295074	0.013011641800403595	-0.014289665967226028	0.23328931629657745	0.3263384699821472	-0.1809023767709732	-0.167308509349823	-0.20609638094902039	0.04081124812364578	-0.06247701868414879	0.43642714619636536	-0.07013484835624695	0.2773606777191162	0.09431644529104233	-0.018906662240624428	0.17396250367164612	0.10149457305669785	-0.027613012120127678	0.13642629981040955	0.03760954737663269	0.05813867598772049	0.3683464825153351	0.3695777356624603	0.8016023635864258	-0.06929628551006317	-0.08813557773828506	0.30862194299697876	0.5473916530609131	0.31592443585395813	-0.08516424894332886	-0.02409069798886776	-0.14571383595466614	-0.3028867840766907	-0.1370304971933365	-0.010414076037704945	0.17094343900680542	-0.08403555303812027	0.5847346782684326	0.32653990387916565	0.48330211639404297	0.6984392404556274	0.41464322805404663	0.10232961922883987	0.3877481520175934	0.4071703255176544	0.029751956462860107	0.1875409483909607	0.2676728367805481	0.05588545277714729	-0.02066802978515625	0.11051026731729507	0.27464431524276733	0.15229518711566925	-0.0356883704662323	0.12307204306125641	0.31358662247657776	0.32195404171943665	-0.21276478469371796	0.09944025427103043	0.24407537281513214	-0.002885645255446434	0.02213175594806671	-0.06499340385198593	0.2689143419265747	0.08797471970319748	0.08728521317243576	-0.017204755917191505	0.22680380940437317	0.17018918693065643	0.17871566116809845	-0.045868564397096634	-0.044627845287323	0.04134761914610863	-0.08310151100158691	0.11819681525230408	-0.17205607891082764	-0.09274913370609283	-0.34121841192245483	-0.06415844708681107	-0.23533384501934052	-0.1850196123123169	0.06952030956745148	0.08387341350317001	-0.2029058188199997	0.0905076116323471	0.16468730568885803	0.131059929728508	-0.006976641248911619	-0.1087559163570404	0.22303391993045807	0.02799074351787567	-0.1438383311033249	0.09682206809520721	0.06263512372970581	-0.2430143505334854	0.34432631731033325	0.017079560086131096	0.005888244137167931	0.377719908952713	0.08126677572727203	-0.2355954945087433	-0.038016848266124725	-0.005447241943329573	0.2674088180065155	-0.00786621030420065	0.234085351228714	0.1512395292520523	-0.08278074115514755	0.023400433361530304	-0.004207943566143513	0.09722956269979477	-0.22165162861347198	0.16305504739284515	-0.2333974391222	-0.0293483417481184	0.24408836662769318	-0.02488386444747448	0.055973269045352936	0.3513617515563965	0.3675291836261749	0.3259626626968384	0.39105024933815	0.3764088749885559	0.21673347055912018	0.15766069293022156	0.019074376672506332	0.20145893096923828
LH_Vis_8	0.5468443632125854	0.591058075428009	0.2738116979598999	0.04714101180434227	0.42281025648117065	0.2461177557706833	0.6457383632659912	1.0	0.47670114040374756	-0.16818293929100037	-0.25945955514907837	-0.24205900728702545	-0.2318938970565796	0.05882662534713745	-0.06324915587902069	0.5659099221229553	0.07540339976549149	0.6848488450050354	0.10328136384487152	0.23512496054172516	0.06293515861034393	0.017628569155931473	0.19451826810836792	-0.34555912017822266	-0.1213107630610466	-0.09394946694374084	0.05269134044647217	0.053368281573057175	0.22075864672660828	-0.1891755610704422	0.17497384548187256	0.02565891295671463	0.21301107108592987	0.5036606192588806	-0.03571389615535736	0.14601919054985046	0.09169856458902359	-0.04414287954568863	-0.17973215878009796	0.010858861729502678	-0.18044309318065643	0.31704583764076233	0.19880175590515137	0.11583700776100159	0.19278331100940704	0.061740268021821976	-0.19231456518173218	-0.00920797511935234	0.29508015513420105	-0.07112429291009903	0.5001504421234131	0.6113137006759644	0.6271212100982666	0.3491009473800659	0.3335210382938385	0.27439162135124207	0.891751766204834	0.646540641784668	-0.12453079223632812	-0.1895008087158203	-0.29505667090415955	-0.3750033676624298	-0.15635181963443756	-0.08719620108604431	-0.023737549781799316	-0.20024991035461426	0.4245293438434601	0.20860959589481354	0.5196794867515564	0.7983974814414978	0.15083123743534088	0.09755092114210129	0.3567212224006653	0.1563417613506317	-0.23663641512393951	0.1758451908826828	0.18519152700901031	-0.06582364439964294	0.0916043221950531	0.020649367943406105	0.04942478612065315	0.14738145470619202	0.16688194870948792	0.4238305389881134	0.0007142958347685635	0.25734809041023254	0.17177315056324005	0.3334876000881195	0.363639771938324	-0.21207667887210846	-0.09062634408473969	-0.32058656215667725	0.17608115077018738	0.2298068404197693	0.08168462663888931	0.10549251735210419	0.12001363933086395	0.17037665843963623	0.32801204919815063	0.07557309418916702	-0.11735661327838898	0.03943170979619026	-0.0502692349255085	0.01478484459221363	-0.2373291403055191	-0.22600406408309937	-0.22598779201507568	-0.09245233982801437	-0.05783428996801376	0.04769665375351906	-0.012826048769056797	0.151506245136261	-0.13950908184051514	0.12155325710773468	0.1296330690383911	0.027210885658860207	-0.11394280195236206	-0.08965348452329636	0.2789084017276764	0.22580935060977936	0.036326389759778976	0.2809050679206848	0.35307759046554565	-0.07562248408794403	0.20223726332187653	0.190108984708786	-0.12540298700332642	0.4625537097454071	0.3597959876060486	-0.26627153158187866	-0.2725978493690491	0.0015366675797849894	-0.1602550894021988	-0.03752117604017258	0.05270177498459816	0.4176243841648102	-0.11827883124351501	0.06040059030056	0.08415717631578445	0.11983298510313034	-0.05497974529862404	0.06613409519195557	-0.03464103490114212	0.10132278501987457	0.3065929412841797	0.03934650495648384	0.046204857528209686	0.04103085771203041	0.43805262446403503	0.15490172803401947	0.24061313271522522	0.2035335749387741	0.0699661523103714	-0.2178640216588974	-0.275848388671875	-0.06253905594348907
LH_Vis_9	0.5104823708534241	0.6971119046211243	0.7955166697502136	-0.03536642715334892	0.5882721543312073	0.8382379412651062	0.19846515357494354	0.47670114040374756	1.0	0.22535987198352814	0.21747104823589325	0.16027876734733582	0.060523491352796555	0.23636028170585632	0.0784008651971817	0.4274429678916931	0.3474588692188263	0.4670889675617218	0.13409718871116638	0.26375049352645874	0.06495992839336395	0.29311904311180115	0.35424309968948364	0.033200450241565704	0.12459030002355576	0.22100645303726196	0.09536858648061752	0.2919344902038574	0.4229106605052948	0.08651107549667358	0.05499648675322533	0.17388677597045898	0.26051124930381775	0.3468279242515564	0.2950453460216522	0.09925053268671036	0.08139660954475403	-0.06524308025836945	-0.14234241843223572	0.08829376101493835	-0.12120474129915237	0.28250062465667725	0.4329415261745453	0.22527773678302765	-0.1589469611644745	0.1866050660610199	-0.10937278717756271	0.1769620031118393	0.46979859471321106	-0.0595829151570797	0.5231907963752747	0.708897054195404	0.20189516246318817	0.1256837546825409	0.7329283356666565	0.7304843068122864	0.24458472430706024	0.9123398065567017	0.28074464201927185	0.1975526064634323	0.14939835667610168	0.012453172355890274	0.22236959636211395	-0.0316239558160305	0.10029508918523788	-0.02794068492949009	0.1296001672744751	0.1817978024482727	0.19439101219177246	0.4242287874221802	0.12654437124729156	0.12956500053405762	0.3230340778827667	0.08464865386486053	0.01880495622754097	0.25214406847953796	0.3574119508266449	0.21250763535499573	-0.1300920695066452	0.19177308678627014	-0.1417127251625061	-0.038793448358774185	-0.24673503637313843	0.1975107640028	-0.001515749841928482	-0.001005117897875607	0.06886719912290573	0.25714248418807983	0.17966488003730774	-0.1941903680562973	-0.11706551909446716	-0.029970530420541763	0.2192380577325821	0.029342571273446083	0.01905216835439205	0.18308313190937042	0.2282199114561081	0.13434270024299622	0.4396974444389343	-0.0059384242631495	0.06792408972978592	0.26034507155418396	0.11560563743114471	0.02071594074368477	0.156718909740448	-0.23129858076572418	-0.1908203810453415	0.32130882143974304	-0.1862548440694809	0.06203122064471245	0.15275195240974426	0.382432758808136	-0.03364202007651329	0.18786290287971497	0.248107448220253	0.027263248339295387	-0.014678513631224632	0.05831344425678253	0.1611160933971405	0.2929263114929199	0.18541733920574188	0.25092583894729614	0.3390091359615326	-0.03909960016608238	0.49524274468421936	0.0862562358379364	0.038313284516334534	0.4648338258266449	0.40313389897346497	-0.17682375013828278	0.2458401769399643	0.1574174165725708	0.08896844834089279	-0.044644638895988464	0.1396145224571228	0.6205554604530334	-0.07509711384773254	0.25011253356933594	0.34378716349601746	0.5223905444145203	-0.0356292799115181	0.24610352516174316	-0.11001338064670563	0.3616473376750946	0.28076502680778503	0.11522939801216125	0.02546090818941593	-0.027782224118709564	0.3209686577320099	0.049532584846019745	-0.1131017729640007	6.130361271061702e-06	-0.3545764684677124	-0.47816088795661926	-0.4144141674041748	-0.28575602173805237
LH_SomMot_1	0.4074089825153351	0.3897467255592346	0.4856751561164856	-0.07158738374710083	-0.057564105838537216	0.4836065471172333	-0.12358275055885315	-0.16818293929100037	0.22535987198352814	1.0	0.6169351935386658	0.6754525303840637	0.3382301330566406	-0.15250717103481293	0.02189447544515133	0.43035492300987244	0.35292285680770874	-0.0715867280960083	0.16628894209861755	-0.1778639405965805	0.05783745273947716	0.47364839911460876	0.13065363466739655	0.3632088899612427	0.6454364061355591	0.4771004915237427	-0.2383478432893753	0.43482503294944763	0.19712090492248535	0.45454567670822144	0.4840679466724396	0.6018077731132507	0.34569042921066284	0.07003042101860046	0.2544827461242676	-0.11786270886659622	0.06359982490539551	0.4192124009132385	0.3809715807437897	0.3689233958721161	-0.19005604088306427	0.46219128370285034	0.08857467025518417	0.2781737446784973	0.11253947764635086	0.021792765706777573	0.06385967880487442	-0.05443711206316948	0.23870013654232025	-0.25069284439086914	0.43817633390426636	0.34502673149108887	-0.006821160204708576	-0.3480088412761688	0.21532678604125977	0.5439401865005493	-0.24377146363258362	0.220744326710701	0.8275913596153259	0.5498653054237366	0.6056354641914368	0.39960724115371704	0.4054155945777893	-0.10671670734882355	0.18467122316360474	0.11446552723646164	-0.3548150658607483	0.20371361076831818	0.07211153954267502	-0.1508914679288864	-0.10838939249515533	0.4470699727535248	0.11350274085998535	-0.048682913184165955	0.35501226782798767	0.41773608326911926	0.3609321415424347	0.3671027719974518	0.40715500712394714	0.4676348865032196	0.13277305662631989	-0.16939909756183624	0.2157353311777115	0.2609127163887024	0.0062519870698452	0.05468921735882759	-0.06507612019777298	0.2901436388492584	-0.22456377744674683	-0.26102033257484436	0.021735016256570816	0.35337504744529724	-0.01931310072541237	0.471868097782135	0.3235623240470886	0.42833608388900757	0.23975004255771637	0.02685827575623989	0.1733003705739975	-0.17866730690002441	0.6556734442710876	0.4897081255912781	0.22513994574546814	0.24056722223758698	0.5826200842857361	0.35129088163375854	0.3922456204891205	0.5250847339630127	0.44526082277297974	0.14233656227588654	0.26493531465530396	0.46521177887916565	0.16376616060733795	0.5809023976325989	0.5538089275360107	0.39909863471984863	0.40493080019950867	0.295574814081192	0.5083265900611877	0.22845123708248138	0.43630412220954895	0.1409948319196701	0.22798672318458557	0.10899458825588226	0.19114498794078827	-0.2732613980770111	0.2017885148525238	0.08370792120695114	0.4127667248249054	0.07224691659212112	0.5155242085456848	0.03750414028763771	0.3497796952724457	-0.11595658957958221	0.5054624676704407	0.0947638601064682	0.04883867874741554	0.3403538763523102	-0.07179303467273712	0.18644045293331146	-0.18567141890525818	0.14928331971168518	0.31982603669166565	0.2285488247871399	0.03228016942739487	-0.001893289270810783	0.07384420186281204	-0.3639526665210724	-0.03211570903658867	-0.1850496083498001	-0.24171645939350128	-0.29973486065864563	-0.4125013053417206	-0.4125310480594635	-0.21000194549560547	-0.17049162089824677
LH_SomMot_2	0.22723831236362457	0.11778665333986282	0.3679322898387909	-0.0980323776602745	-0.05749550089240074	0.3854413330554962	-0.132398784160614	-0.25945955514907837	0.21747104823589325	0.6169351935386658	1.0	0.7386412024497986	0.6981763243675232	0.26317235827445984	0.47255632281303406	0.20703086256980896	0.3524338901042938	-0.005707604344934225	0.2315460443496704	0.004700169432908297	0.28676536679267883	0.48787829279899597	0.2888033390045166	0.2691737413406372	0.3560219407081604	0.4531298577785492	-0.08358059078454971	0.37777572870254517	0.28507500886917114	0.4564487934112549	0.07121334969997406	0.3586192727088928	0.1828947365283966	0.021058395504951477	0.3358455300331116	-0.3098231554031372	-0.07734300941228867	0.25120899081230164	0.1382952481508255	0.15049760043621063	0.03886999934911728	0.22702637314796448	0.1290697604417801	0.31569185853004456	-0.03493334352970123	0.23071801662445068	0.08430349081754684	0.18658234179019928	0.15554404258728027	-0.09325338155031204	0.24131664633750916	0.15567786991596222	-0.031944986432790756	-0.35651895403862	0.10788587480783463	0.3964618742465973	-0.38977307081222534	0.11092856526374817	0.516510546207428	0.7672531008720398	0.6992356777191162	0.7539846301078796	0.56624835729599	0.1186893954873085	0.1916593611240387	0.508154034614563	-0.33796724677085876	0.29152578115463257	-0.10089324414730072	-0.25238630175590515	-0.07384327054023743	0.3183819651603699	0.05125229433178902	-0.2680854797363281	0.3280666172504425	0.17117483913898468	0.2740841209888458	0.415609747171402	-0.04248056933283806	0.19572149217128754	-0.15026631951332092	-0.21968971192836761	-0.20464882254600525	-0.1167665421962738	-0.13091795146465302	-0.25224173069000244	-0.3068002164363861	0.00674954941496253	-0.45988258719444275	-0.14588619768619537	-0.044501546770334244	0.2747996747493744	-0.06540079414844513	0.0158181544393301	0.042564328759908676	0.254146009683609	0.2904961407184601	-0.16253358125686646	0.07394684851169586	-0.2973540425300598	0.5188470482826233	0.28965142369270325	0.2928209602832794	0.13431669771671295	0.26034605503082275	0.03450304642319679	0.3382840156555176	0.3915742039680481	0.07960031181573868	-0.021227072924375534	0.25634849071502686	0.2569616734981537	0.06029779836535454	0.21572208404541016	0.47279664874076843	0.20889726281166077	0.3849810063838959	0.3270353674888611	0.013662266544997692	-0.018227627500891685	0.31879547238349915	0.04440139979124069	0.1898433417081833	0.11428812146186829	0.15970191359519958	-0.2895132303237915	0.271074503660202	0.005108814686536789	0.2434750646352768	-0.033425506204366684	0.609870970249176	0.12320215255022049	0.49679097533226013	0.0902915969491005	0.4658227264881134	0.12952490150928497	0.012588299810886383	0.3744954764842987	0.10662935674190521	0.24285165965557098	-0.13420628011226654	0.37844809889793396	0.19350947439670563	0.23476779460906982	-0.038228362798690796	-0.004977271892130375	-0.11300922185182571	-0.234884113073349	-0.23658733069896698	-0.057087089866399765	-0.5018284320831299	-0.3184449076652527	-0.6263020634651184	-0.4111436605453491	-0.25361168384552	-0.3333735466003418
LH_SomMot_3	0.2582504153251648	0.14687997102737427	0.41433095932006836	-0.14795519411563873	-0.11537259817123413	0.42133501172065735	-0.0878356397151947	-0.24205900728702545	0.16027876734733582	0.6754525303840637	0.7386412024497986	1.0	0.5058454871177673	0.04872126877307892	0.2703321874141693	0.2279466986656189	0.5689243674278259	0.036294154822826385	0.142759308218956	0.02325228601694107	0.2841624617576599	0.6480261087417603	0.30045002698898315	0.3233105540275574	0.4583991467952728	0.5998022556304932	-0.13649101555347443	0.5187007784843445	0.31681570410728455	0.6236235499382019	0.21299085021018982	0.29698675870895386	0.06937237828969955	0.01527505274862051	0.25027403235435486	-0.2845664322376251	-0.2128085047006607	0.10816054791212082	0.07670209556818008	0.07317648828029633	-0.33047476410865784	0.1980743557214737	-0.10756952315568924	0.21862274408340454	0.14504608511924744	-0.19445069134235382	-0.23380863666534424	-0.04310144856572151	0.04212816432118416	-0.40841275453567505	0.18291087448596954	0.1884719580411911	-0.10591921955347061	-0.40670496225357056	0.1741926670074463	0.4137599766254425	-0.3661937117576599	0.12526550889015198	0.5873547792434692	0.756498396396637	0.9006670117378235	0.5341804027557373	0.5533212423324585	0.25044289231300354	0.316713809967041	0.40022677183151245	-0.4464782476425171	0.3476930856704712	-0.08163351565599442	-0.21089163422584534	0.05316732078790665	0.46295657753944397	0.1948218047618866	-0.3497181534767151	0.6272799372673035	0.3844512701034546	0.4289224445819855	0.5917342305183411	0.18625909090042114	0.10104863345623016	-0.18768663704395294	-0.484012633562088	0.012087679468095303	-0.011093148961663246	-0.04364822059869766	-0.32469820976257324	-0.4136085510253906	0.13746652007102966	-0.42298465967178345	-0.4688689708709717	-0.2467096596956253	-0.005838695913553238	-0.1957719922065735	0.1256479173898697	-0.050119757652282715	0.1849117875099182	-0.1069473847746849	-0.2265206128358841	0.040831778198480606	-0.500286340713501	0.4898754954338074	0.35359513759613037	0.35622814297676086	0.04417026787996292	0.5636057257652283	0.28256529569625854	0.2973406910896301	0.4927313029766083	0.34517091512680054	0.05039949342608452	0.20465074479579926	0.37037885189056396	0.009050042368471622	0.33090564608573914	0.4656359851360321	0.1799897402524948	0.2597995698451996	0.4156992435455322	0.23814041912555695	0.007987791672348976	0.48041844367980957	-0.0012125031789764762	0.20333459973335266	0.1764349490404129	0.15826992690563202	-0.08550232648849487	0.16769036650657654	-0.09411919116973877	0.29628196358680725	0.0846087858080864	0.5084475874900818	0.13114768266677856	0.31813696026802063	0.10211547464132309	0.42070698738098145	0.008846829645335674	0.2063985913991928	0.33708512783050537	0.08171244710683823	0.22741591930389404	-0.12757976353168488	0.30555492639541626	0.1743256002664566	-0.06414902210235596	-0.0668962150812149	-0.16772735118865967	0.16301721334457397	-0.2152867317199707	-0.14812755584716797	-0.04592738673090935	-0.31755679845809937	-0.16390158236026764	-0.4599732458591461	-0.39484837651252747	-0.11821406334638596	-0.2056853026151657
