Node	HIP-head-m-rh	HIP-head-l-rh	HIP-body-rh	HIP-tail-rh	THA-VPm-rh	THA-VPl-rh	THA-VAi-rh	THA-VAs-rh	THA-DAm-rh	THA-DAl-rh	PUT-VA-rh	PUT-DA-rh	PUT-VP-rh	PUT-DP-rh	CAU-VA-rh	CAU-DA-rh	CAU-body-rh	CAU-tail-rh	lAMY-rh	mAMY-rh	THA-DP-rh	NAc-shell-rh	NAc-core-rh	pGP-rh	aGP-rh	HIP-head-m-lh	HIP-head-l-l	HIP-body-l	HIP-tail-lh	THA-VPm-lh	THA-VPl-lh	THA-VAi-lh	THA-VAs-lh	THA-DAm-lh	THA-DAl-lh	PUT-VA-lh	PUT-DA-l	PUT-VP-lh	PUT-DP-lh	CAU-VA-lh	CAU-DA-lh	CAU-body-lh	CAU-tail-lh	lAMY-lh	mAMY-lh	THA-DP-lh	NAc-shell-lh	NAc-core-lh	pGP-lh	aGP-lh
HIP-head-m-rh	1.0	0.5165463089942932	0.2304716557264328	0.1345791220664978	-0.06439043581485748	0.13698838651180267	-0.06709127873182297	-0.401924729347229	-0.23341302573680878	0.0063372086733579636	-0.03434192016720772	0.05805584788322449	-0.1051476001739502	-0.0006301630637608469	0.26441413164138794	0.11832311004400253	-0.0006818223628215492	-0.012806334532797337	0.5598793029785156	-0.1158108040690422	-0.06609373539686203	0.03163996711373329	-0.24421820044517517	-0.10241865366697311	-0.24655181169509888	0.5971190333366394	0.10506756603717804	0.09935145825147629	-0.025178493931889534	0.3003813326358795	0.1608346402645111	-0.2613431215286255	-0.24999268352985382	-0.04059165343642235	0.003773773554712534	0.14612416923046112	0.2321138232946396	-0.26609745621681213	0.025154270231723785	-0.2969326078891754	-0.01655605062842369	-0.008375301957130432	-0.1340848207473755	-0.08635687083005905	0.11238931864500046	-0.09255263954401016	-0.09196203947067261	-0.14146755635738373	0.24308353662490845	0.06166776269674301
HIP-head-l-rh	0.5165463089942932	1.0	0.41325393319129944	0.09618732333183289	-0.055727843195199966	0.3945761024951935	0.3466740548610687	-0.2796943485736847	0.07717577368021011	0.1991388499736786	-0.27389809489250183	-0.012952002696692944	-0.17385435104370117	-0.10619736462831497	0.09430776536464691	0.11227525770664215	-0.20224574208259583	0.0049509876407682896	0.2195543795824051	-0.2502164840698242	0.07261493802070618	0.2389073520898819	-0.11602124571800232	0.19303222000598907	-0.2631753087043762	0.6284776926040649	0.4478408098220825	0.1804276555776596	0.22977451980113983	0.4628821611404419	0.0480223186314106	0.2280149608850479	0.015298586338758469	0.35770559310913086	0.03139512240886688	0.12450529634952545	-0.08476340025663376	-0.28737130761146545	-0.04113486409187317	0.025699397549033165	0.1838698387145996	-0.07129523903131485	0.05061390623450279	0.18311691284179688	0.1801808774471283	0.2354518175125122	-0.09626609832048416	-0.0030709095299243927	0.2427181601524353	0.2720896899700165
HIP-body-rh	0.2304716557264328	0.41325393319129944	1.0	0.5974692702293396	-0.2925865054130554	0.05520614609122276	0.12838144600391388	0.018544666469097137	0.08445176482200623	-0.06935659050941467	-0.3752624988555908	-0.1222255527973175	-0.06912320107221603	0.06951574981212616	0.07146186381578445	0.13950921595096588	-0.12458189576864243	-0.13411206007003784	-0.09122686088085175	0.2535027861595154	-0.06557024270296097	0.08873549848794937	-0.06728531420230865	0.07342340797185898	-0.3314928710460663	0.15203528106212616	0.45179733633995056	0.4346460998058319	0.47129809856414795	0.2284175455570221	-0.19965006411075592	0.08101602643728256	0.023365765810012817	0.45742183923721313	0.050567205995321274	-0.17254509031772614	-0.1384274959564209	-0.04787329584360123	0.03208534047007561	-0.19470854103565216	0.36827394366264343	-0.17399823665618896	-0.005138962063938379	-0.010494928807020187	0.22052130103111267	0.1417340338230133	0.293316513299942	0.08211284875869751	0.0668325424194336	0.44008350372314453
HIP-tail-rh	0.1345791220664978	0.09618732333183289	0.5974692702293396	1.0	-0.21298213303089142	-0.04823415353894234	0.1188327744603157	-0.12386945635080338	-0.009444888681173325	-0.19095902144908905	-0.25983670353889465	-0.13566263020038605	-0.08075933903455734	-0.09203558415174484	0.023139076307415962	0.1432771235704422	-0.04521951079368591	-0.10880805552005768	0.08972358703613281	0.2824179232120514	-0.12442976981401443	0.13247577846050262	-0.11881380528211594	-0.14834479987621307	-0.27187347412109375	0.1533515602350235	0.318934828042984	0.5352901220321655	0.5256373286247253	0.034467801451683044	-0.1744641810655594	0.21470977365970612	0.2036527842283249	0.08983581513166428	0.08130813390016556	-0.4802802801132202	-0.2827713191509247	-0.2224956899881363	-0.04815280809998512	-0.077948197722435	0.1924038529396057	-0.15397964417934418	-0.10665691643953323	0.020230865105986595	0.06703128665685654	0.38014593720436096	0.27866074442863464	0.1989501714706421	-0.10285957157611847	0.4917425513267517
THA-VPm-rh	-0.06439043581485748	-0.055727843195199966	-0.2925865054130554	-0.21298213303089142	1.0	0.5464475750923157	0.41406673192977905	0.4087929129600525	0.23428337275981903	0.3599531948566437	0.2657723128795624	-0.10946093499660492	0.06992405652999878	0.022649403661489487	-0.21144016087055206	-0.029148051515221596	0.216868594288826	0.0746004581451416	0.019019369035959244	-0.013097908347845078	0.5987261533737183	-0.07528803497552872	-0.040193699300289154	0.021243441849946976	0.3118356764316559	-0.3273688554763794	0.22379562258720398	-0.08654102683067322	-0.15733347833156586	0.4690569043159485	0.31681811809539795	0.2882508337497711	0.35440966486930847	0.33566153049468994	0.49524563550949097	0.07589246332645416	-0.0916491374373436	0.08064738661050797	-0.22707027196884155	0.057163313031196594	-0.007045635022222996	0.249708890914917	0.3882843255996704	0.18747790157794952	-0.08295025676488876	0.26802948117256165	0.05101856589317322	0.22252418100833893	0.19599013030529022	0.19875399768352509
THA-VPl-rh	0.13698838651180267	0.3945761024951935	0.05520614609122276	-0.04823415353894234	0.5464475750923157	1.0	0.5317391753196716	0.0708112120628357	0.25042006373405457	0.4879249334335327	0.3238930404186249	0.1969563513994217	0.3024173676967621	0.3230753540992737	-0.010444332845509052	0.11887648701667786	0.19059345126152039	0.28363656997680664	0.11072839796543121	0.03334832563996315	0.6055886149406433	0.40334829688072205	0.03375644609332085	0.08905629068613052	-0.06617211550474167	-0.05194767192006111	0.4073447287082672	0.13641180098056793	0.03998127207159996	0.6796199679374695	0.5634598731994629	0.4910185635089874	0.515552818775177	0.5330032110214233	0.5245726704597473	0.29598739743232727	0.11051717400550842	0.15873658657073975	0.04092564806342125	0.11827856302261353	0.2495325803756714	0.2922743558883667	0.33575451374053955	0.1948401927947998	0.20741847157478333	0.3727341890335083	0.20181389153003693	0.20400477945804596	0.44626498222351074	0.3598330318927765
THA-VAi-rh	-0.06709127873182297	0.3466740548610687	0.12838144600391388	0.1188327744603157	0.41406673192977905	0.5317391753196716	1.0	0.1098734587430954	0.5434494614601135	0.3928699195384979	0.2810107171535492	0.3499625027179718	0.36104047298431396	0.33016717433929443	0.2538418471813202	0.43212032318115234	0.39745813608169556	0.4976588189601898	0.13323602080345154	-0.05745827034115791	0.45140156149864197	0.4482477307319641	0.32143574953079224	0.3639518916606903	-0.10531137883663177	0.008669883012771606	0.5686044096946716	-0.014140533283352852	0.10775325447320938	0.3984072804450989	0.18629330396652222	0.7797151207923889	0.7115652561187744	0.4927327036857605	0.5215078592300415	0.1782771795988083	0.06354420632123947	0.2900068163871765	0.23896005749702454	0.35114192962646484	0.5713200569152832	0.5946983098983765	0.6380019783973694	0.5487103462219238	-0.04364723712205887	0.6003726720809937	0.31004536151885986	0.387971431016922	0.22956666350364685	0.33114680647850037
THA-VAs-rh	-0.401924729347229	-0.2796943485736847	0.018544666469097137	-0.12386945635080338	0.4087929129600525	0.0708112120628357	0.1098734587430954	1.0	0.4282666742801666	0.2960619032382965	0.07221847772598267	-0.3236806094646454	-0.3020205497741699	-0.24903899431228638	-0.12162689119577408	0.10277990251779556	0.15984587371349335	-0.016074633225798607	-0.23817600309848785	0.32710590958595276	0.2925933599472046	-0.3302842676639557	-0.13088221848011017	-0.20781898498535156	0.44205114245414734	-0.5815300345420837	0.08969613909721375	-0.2682879567146301	-0.1866150051355362	0.2439267933368683	-0.17841918766498566	0.12055275589227676	0.27169880270957947	0.4724661707878113	0.4935153126716614	-0.13546746969223022	-0.3345186114311218	-0.030971957370638847	-0.4152943193912506	0.14838790893554688	0.11617694050073624	0.043170202523469925	0.3199121654033661	-0.14433664083480835	0.26606470346450806	0.06093757972121239	0.10118932276964188	0.17379622161388397	-0.3850019872188568	-0.03298317641019821
THA-DAm-rh	-0.23341302573680878	0.07717577368021011	0.08445176482200623	-0.009444888681173325	0.23428337275981903	0.25042006373405457	0.5434494614601135	0.4282666742801666	1.0	0.6236117482185364	0.26285675168037415	0.21916422247886658	0.14063403010368347	0.11077579110860825	0.42495161294937134	0.7109106779098511	0.5807597041130066	0.4254497289657593	0.10598674416542053	-0.04732527211308479	0.5430222153663635	0.19128529727458954	0.3049004375934601	-0.1411139816045761	-0.030857320874929428	-0.14181223511695862	0.005690814461559057	-0.3766935467720032	-0.14604181051254272	0.05243968218564987	-0.08032605051994324	0.3726634681224823	0.5242791175842285	0.3414621949195862	0.5047964453697205	0.08098673820495605	0.04390937089920044	0.20070993900299072	0.10755521804094315	0.04085526242852211	0.5254701375961304	0.4571968913078308	0.542243480682373	0.2586059272289276	-0.06965289264917374	0.21614500880241394	0.12547361850738525	0.4788503050804138	-0.09597568213939667	-0.013966788537800312
THA-DAl-rh	0.0063372086733579636	0.1991388499736786	-0.06935659050941467	-0.19095902144908905	0.3599531948566437	0.4879249334335327	0.3928699195384979	0.2960619032382965	0.6236117482185364	1.0	0.19260910153388977	0.20045150816440582	0.2234504371881485	0.11691911518573761	0.3571760952472687	0.47014427185058594	0.4882020056247711	0.41296902298927307	0.06270800530910492	-0.08093095570802689	0.5888918042182922	0.1038559302687645	0.089591845870018	-0.21795333921909332	-0.029914341866970062	-0.023901527747511864	0.021804604679346085	-0.19900213181972504	-0.2107161283493042	0.3320768475532532	0.1829276829957962	0.28674471378326416	0.3833048343658447	0.3524000644683838	0.3810354769229889	0.11440862715244293	0.04008728638291359	0.1886051446199417	0.0504487007856369	0.06194347143173218	0.1850273609161377	0.4448298513889313	0.5263223052024841	0.27747106552124023	-0.08706174045801163	0.22443819046020508	0.12980970740318298	0.0774594321846962	0.04045853018760681	-0.16181547939777374
PUT-VA-rh	-0.03434192016720772	-0.27389809489250183	-0.3752624988555908	-0.25983670353889465	0.2657723128795624	0.3238930404186249	0.2810107171535492	0.07221847772598267	0.26285675168037415	0.19260910153388977	1.0	0.6563622951507568	0.5610408186912537	0.5159115195274353	0.29123085737228394	0.3666553199291229	0.5990719795227051	0.6276534795761108	0.2991015911102295	0.1770050823688507	0.31475648283958435	0.422720730304718	0.5538285374641418	0.12217243015766144	-0.01979520171880722	-0.2022423893213272	-0.06144294515252113	-0.30689674615859985	-0.25723615288734436	0.06658923625946045	0.48162034153938293	0.25697529315948486	0.3550049066543579	-0.044873837381601334	0.3020845055580139	0.5927940607070923	0.5487191677093506	0.5209426283836365	0.46901166439056396	0.24969609081745148	0.3339596390724182	0.4744590222835541	0.34982603788375854	-0.0034090590197592974	0.17068976163864136	0.0642353743314743	0.4588336944580078	0.2953331470489502	0.21828097105026245	-0.029193604364991188
PUT-DA-rh	0.05805584788322449	-0.012952002696692944	-0.1222255527973175	-0.13566263020038605	-0.10946093499660492	0.1969563513994217	0.3499625027179718	-0.3236806094646454	0.21916422247886658	0.20045150816440582	0.6563622951507568	1.0	0.7786849141120911	0.7526178956031799	0.48576217889785767	0.28722453117370605	0.5290085077285767	0.6779289841651917	0.37522658705711365	0.11732329428195953	0.17347748577594757	0.4551807641983032	0.5126459002494812	0.2130771428346634	-0.1718258559703827	0.040733564645051956	0.07378294318914413	-0.046119969338178635	-0.05713105946779251	-0.06909461319446564	0.5366587042808533	0.3193032741546631	0.28463369607925415	-0.21424637734889984	0.026761019602417946	0.6173641681671143	0.7907304763793945	0.7298332452774048	0.7841142416000366	0.2720341980457306	0.3330666720867157	0.5691418647766113	0.29263338446617126	0.23700423538684845	0.002654079347848892	0.09866385161876678	0.35795965790748596	0.09464704245328903	0.3935745358467102	-0.04330983757972717
PUT-VP-rh	-0.1051476001739502	-0.17385435104370117	-0.06912320107221603	-0.08075933903455734	0.06992405652999878	0.3024173676967621	0.36104047298431396	-0.3020205497741699	0.14063403010368347	0.2234504371881485	0.5610408186912537	0.7786849141120911	1.0	0.7973760962486267	0.2614700496196747	0.16184751689434052	0.4505036771297455	0.5288375616073608	0.1742892861366272	0.05824972316622734	0.14427968859672546	0.39784708619117737	0.522645115852356	0.3155342638492584	-0.1679680347442627	-0.03963826596736908	0.07124879211187363	0.08438963443040848	0.12831130623817444	-0.028545096516609192	0.5774238705635071	0.333567351102829	0.3373640775680542	-0.05570146068930626	-0.03296864032745361	0.4778624176979065	0.6067445874214172	0.7758440375328064	0.7280539274215698	0.1610545814037323	0.19660255312919617	0.5080926418304443	0.21125972270965576	0.3621772229671478	-0.08727962523698807	0.16604626178741455	0.4554983973503113	0.157460018992424	0.4264582693576813	0.029240867123007774
PUT-DP-rh	-0.0006301630637608469	-0.10619736462831497	0.06951574981212616	-0.09203558415174484	0.022649403661489487	0.3230753540992737	0.33016717433929443	-0.24903899431228638	0.11077579110860825	0.11691911518573761	0.5159115195274353	0.7526178956031799	0.7973760962486267	1.0	0.29962146282196045	0.09661053866147995	0.32960420846939087	0.42755329608917236	0.05203676223754883	0.19741983711719513	0.1945818066596985	0.5048667192459106	0.4853503108024597	0.45064082741737366	-0.16671013832092285	-0.19961489737033844	0.18519258499145508	0.10013871639966965	0.11533106863498688	0.0351431742310524	0.4844386875629425	0.3434828519821167	0.27072635293006897	-0.028028536587953568	0.05144353583455086	0.5110039114952087	0.7412124276161194	0.7267033457756042	0.6578777432441711	-0.023334834724664688	0.3667374849319458	0.46881359815597534	0.2654304504394531	0.2165127992630005	0.10488864034414291	-0.07125164568424225	0.49939286708831787	0.09529024362564087	0.6751230359077454	0.20143991708755493
CAU-VA-rh	0.26441413164138794	0.09430776536464691	0.07146186381578445	0.023139076307415962	-0.21144016087055206	-0.010444332845509052	0.2538418471813202	-0.12162689119577408	0.42495161294937134	0.3571760952472687	0.29123085737228394	0.48576217889785767	0.2614700496196747	0.29962146282196045	1.0	0.7455752491950989	0.6791501045227051	0.6359765529632568	0.2322775423526764	-0.11206437647342682	0.1554471254348755	0.49112313985824585	0.43951746821403503	0.002037342172116041	-0.26905572414398193	0.30993518233299255	-0.24795708060264587	-0.06254926323890686	-0.11310596764087677	-0.10181379318237305	-0.05222072824835777	0.15304988622665405	0.36833083629608154	-0.0018584007630124688	0.24854551255702972	0.18271209299564362	0.41965633630752563	0.32647693157196045	0.5585667490959167	0.09733772277832031	0.5213345289230347	0.642598032951355	0.45362403988838196	-0.013714839704334736	-0.29440364241600037	0.08165334165096283	0.21127597987651825	0.2236708402633667	-0.01807175762951374	-0.31872227787971497
CAU-DA-rh	0.11832311004400253	0.11227525770664215	0.13950921595096588	0.1432771235704422	-0.029148051515221596	0.11887648701667786	0.43212032318115234	0.10277990251779556	0.7109106779098511	0.47014427185058594	0.3666553199291229	0.28722453117370605	0.16184751689434052	0.09661053866147995	0.7455752491950989	1.0	0.7237874269485474	0.518726110458374	0.3329438865184784	-0.13970847427845	0.3689191937446594	0.37242764234542847	0.40477219223976135	-0.1456625610589981	-0.28069478273391724	0.17556604743003845	-0.1464439332485199	-0.3728013038635254	-0.19800914824008942	-0.016868500038981438	-0.09295490384101868	0.16309627890586853	0.4168534576892853	0.2230086773633957	0.4151829183101654	0.1313958466053009	0.15023113787174225	0.16625384986400604	0.33193740248680115	0.009002340957522392	0.5716177821159363	0.5165804624557495	0.4610711336135864	0.10092217475175858	-0.1619492918252945	0.2540706396102905	0.1930844634771347	0.39535820484161377	-0.16237346827983856	-0.1737714409828186
CAU-body-rh	-0.0006818223628215492	-0.20224574208259583	-0.12458189576864243	-0.04521951079368591	0.216868594288826	0.19059345126152039	0.39745813608169556	0.15984587371349335	0.5807597041130066	0.4882020056247711	0.5990719795227051	0.5290085077285767	0.4505036771297455	0.32960420846939087	0.6791501045227051	0.7237874269485474	1.0	0.8015241622924805	0.27546703815460205	-0.033419717103242874	0.4693545699119568	0.26470762491226196	0.39126160740852356	-0.1977156400680542	-0.07987561076879501	-0.016193756833672523	-0.11103987693786621	-0.20071136951446533	-0.3530978858470917	0.010163439437747002	0.2980935275554657	0.19120703637599945	0.5033891797065735	0.11428207159042358	0.49412527680397034	0.12484188377857208	0.2973693907260895	0.5264800786972046	0.40545716881752014	0.20845124125480652	0.4260529577732086	0.7849202156066895	0.6049609780311584	-0.01773153990507126	-0.13987939059734344	0.344683438539505	0.2698400020599365	0.22193069756031036	-0.006622877903282642	-0.2653484344482422
CAU-tail-rh	-0.012806334532797337	0.0049509876407682896	-0.13411206007003784	-0.10880805552005768	0.0746004581451416	0.28363656997680664	0.4976588189601898	-0.016074633225798607	0.4254497289657593	0.41296902298927307	0.6276534795761108	0.6779289841651917	0.5288375616073608	0.42755329608917236	0.6359765529632568	0.518726110458374	0.8015241622924805	1.0	0.2104785442352295	0.005439716391265392	0.3000366687774658	0.5103692412376404	0.38333389163017273	0.08977066725492477	-0.24520441889762878	0.08119398355484009	0.08515677601099014	-0.04752233251929283	-0.25297632813453674	0.17477846145629883	0.3937815725803375	0.39580395817756653	0.5435495972633362	0.11360543966293335	0.47035640478134155	0.24231915175914764	0.34193161129951477	0.5123087167739868	0.4879438281059265	0.3804849088191986	0.4480895698070526	0.745790958404541	0.5931729674339294	-0.011336223222315311	-0.010896951891481876	0.3519424796104431	0.3594302833080292	0.09321968257427216	0.1173890084028244	-0.1049414724111557
lAMY-rh	0.5598793029785156	0.2195543795824051	-0.09122686088085175	0.08972358703613281	0.019019369035959244	0.11072839796543121	0.13323602080345154	-0.23817600309848785	0.10598674416542053	0.06270800530910492	0.2991015911102295	0.37522658705711365	0.1742892861366272	0.05203676223754883	0.2322775423526764	0.3329438865184784	0.27546703815460205	0.2104785442352295	1.0	0.004461833741515875	0.07285086065530777	-0.018363047391176224	-0.05606407672166824	-0.26310136914253235	0.03347469121217728	0.32609888911247253	0.002132862340658903	-0.28268304467201233	-0.1421409696340561	0.1138521134853363	0.46100082993507385	-0.09168007224798203	0.025384820997714996	-0.18415234982967377	0.1309048980474472	0.3133324682712555	0.406131774187088	-0.06727233529090881	0.17592108249664307	-0.13049447536468506	-0.01602395810186863	0.19725818932056427	-0.20616577565670013	0.16920964419841766	0.10561348497867584	0.12964899837970734	-0.1388118714094162	0.13604186475276947	0.0769011378288269	-0.09320888668298721
mAMY-rh	-0.1158108040690422	-0.2502164840698242	0.2535027861595154	0.2824179232120514	-0.013097908347845078	0.03334832563996315	-0.05745827034115791	0.32710590958595276	-0.04732527211308479	-0.08093095570802689	0.1770050823688507	0.11732329428195953	0.05824972316622734	0.19741983711719513	-0.11206437647342682	-0.13970847427845	-0.033419717103242874	0.005439716391265392	0.004461833741515875	1.0	-0.05912723392248154	0.0591738298535347	0.02119920216500759	-0.11010758578777313	-0.039720937609672546	-0.43091702461242676	0.26275381445884705	0.2903866767883301	0.20837752521038055	0.049836963415145874	0.14827920496463776	0.14151912927627563	0.0673847645521164	0.03921491652727127	0.13551107048988342	-0.11156515777111053	0.11097298562526703	0.14018025994300842	0.023898735642433167	-0.03781157732009888	0.1242108941078186	-0.13010068237781525	-0.05623733624815941	-0.1185041218996048	0.49586495757102966	-0.04694969952106476	0.49076220393180847	-0.028027433902025223	-0.11013700067996979	0.28930729627609253
THA-DP-rh	-0.06609373539686203	0.07261493802070618	-0.06557024270296097	-0.12442976981401443	0.5987261533737183	0.6055886149406433	0.45140156149864197	0.2925933599472046	0.5430222153663635	0.5888918042182922	0.31475648283958435	0.17347748577594757	0.14427968859672546	0.1945818066596985	0.1554471254348755	0.3689191937446594	0.4693545699119568	0.3000366687774658	0.07285086065530777	-0.05912723392248154	1.0	0.15562091767787933	0.11110714823007584	-0.19204846024513245	0.07888463884592056	-0.3342738747596741	0.18629318475723267	-0.2330530881881714	-0.2415463924407959	0.3500363826751709	0.3174210786819458	0.27914997935295105	0.516444206237793	0.3668838441371918	0.5693316459655762	0.1779850572347641	0.021807638928294182	0.2830253541469574	-0.028096193447709084	0.05463109537959099	0.3269043564796448	0.4374156892299652	0.5809022784233093	0.14788192510604858	-0.1666456013917923	0.38555753231048584	0.07453601807355881	0.20479311048984528	0.33503758907318115	0.12972354888916016
NAc-shell-rh	0.03163996711373329	0.2389073520898819	0.08873549848794937	0.13247577846050262	-0.07528803497552872	0.40334829688072205	0.4482477307319641	-0.3302842676639557	0.19128529727458954	0.1038559302687645	0.422720730304718	0.4551807641983032	0.39784708619117737	0.5048667192459106	0.49112313985824585	0.37242764234542847	0.26470762491226196	0.5103692412376404	-0.018363047391176224	0.0591738298535347	0.15562091767787933	1.0	0.599109411239624	0.46853306889533997	-0.4350184202194214	0.1964060515165329	0.10971368104219437	0.25749891996383667	0.28407832980155945	0.032091956585645676	0.10876798629760742	0.5715068578720093	0.5282782912254333	0.0703403502702713	0.23027965426445007	0.29784879088401794	0.33893510699272156	0.30169421434402466	0.554119884967804	0.1343783140182495	0.5540555119514465	0.3911634385585785	0.32966741919517517	0.15297256410121918	0.0004079382633790374	0.20224912464618683	0.5251314043998718	0.40847843885421753	0.3481457531452179	0.21515469253063202
NAc-core-rh	-0.24421820044517517	-0.11602124571800232	-0.06728531420230865	-0.11881380528211594	-0.040193699300289154	0.03375644609332085	0.32143574953079224	-0.13088221848011017	0.3049004375934601	0.089591845870018	0.5538285374641418	0.5126459002494812	0.522645115852356	0.4853503108024597	0.43951746821403503	0.40477219223976135	0.39126160740852356	0.38333389163017273	-0.05606407672166824	0.02119920216500759	0.11110714823007584	0.599109411239624	1.0	0.3161976635456085	-0.09745720028877258	0.03735045716166496	-0.16669882833957672	-0.0674370601773262	0.2900470495223999	-0.2882993519306183	0.00627778610214591	0.4190976917743683	0.316536009311676	0.00187101645860821	-0.12652075290679932	0.3885628879070282	0.4474341869354248	0.5878726840019226	0.6363663673400879	0.18320244550704956	0.5823289752006531	0.3888663053512573	0.29150867462158203	0.2670583426952362	-0.1991281509399414	0.058530692011117935	0.5808295607566833	0.5880557894706726	0.11625991016626358	-0.04301823675632477
pGP-rh	-0.10241865366697311	0.19303222000598907	0.07342340797185898	-0.14834479987621307	0.021243441849946976	0.08905629068613052	0.3639518916606903	-0.20781898498535156	-0.1411139816045761	-0.21795333921909332	0.12217243015766144	0.2130771428346634	0.3155342638492584	0.45064082741737366	0.002037342172116041	-0.1456625610589981	-0.1977156400680542	0.08977066725492477	-0.26310136914253235	-0.11010758578777313	-0.19204846024513245	0.46853306889533997	0.3161976635456085	1.0	-0.08857739716768265	0.008611319586634636	0.2660437524318695	0.1499805748462677	0.24769149720668793	0.0336315892636776	-0.013291535899043083	0.38633397221565247	0.15921469032764435	0.04175287485122681	-0.10380636155605316	0.42890453338623047	0.2600136995315552	0.26849257946014404	0.4260656237602234	0.20751525461673737	0.1452791839838028	0.11197499930858612	0.16508761048316956	0.23696650564670563	0.018131084740161896	-0.012403826229274273	0.22484484314918518	0.10027120262384415	0.41991209983825684	0.2393958419561386
aGP-rh	-0.24655181169509888	-0.2631753087043762	-0.3314928710460663	-0.27187347412109375	0.3118356764316559	-0.06617211550474167	-0.10531137883663177	0.44205114245414734	-0.030857320874929428	-0.029914341866970062	-0.01979520171880722	-0.1718258559703827	-0.1679680347442627	-0.16671013832092285	-0.26905572414398193	-0.28069478273391724	-0.07987561076879501	-0.24520441889762878	0.03347469121217728	-0.039720937609672546	0.07888463884592056	-0.4350184202194214	-0.09745720028877258	-0.08857739716768265	1.0	-0.3495798110961914	-0.17770124971866608	-0.2133551985025406	-0.14240682125091553	-0.021078482270240784	0.12469930946826935	0.04263078048825264	0.07462065666913986	-0.0035461524967104197	0.028557509183883667	0.07693664729595184	-0.03808392211794853	-0.0006997214513830841	-0.2239517718553543	0.3034004867076874	-0.22678376734256744	0.07475212961435318	-0.05766657739877701	0.02617633529007435	0.043688103556632996	-0.01228491310030222	-0.34032925963401794	0.20474958419799805	-0.04369605332612991	-0.21486730873584747
HIP-head-m-lh	0.5971190333366394	0.6284776926040649	0.15203528106212616	0.1533515602350235	-0.3273688554763794	-0.05194767192006111	0.008669883012771606	-0.5815300345420837	-0.14181223511695862	-0.023901527747511864	-0.2022423893213272	0.040733564645051956	-0.03963826596736908	-0.19961489737033844	0.30993518233299255	0.17556604743003845	-0.016193756833672523	0.08119398355484009	0.32609888911247253	-0.43091702461242676	-0.3342738747596741	0.1964060515165329	0.03735045716166496	0.008611319586634636	-0.3495798110961914	1.0	-0.010411848314106464	0.21699269115924835	0.20805850625038147	-0.002774490276351571	-0.03876331448554993	-0.0379776768386364	-0.1918036788702011	-0.09623873978853226	-0.2957797944545746	-0.06478752940893173	-0.005593040492385626	-0.25370556116104126	0.1325508952140808	-0.06607310473918915	-0.01598081737756729	-0.07364098727703094	-0.2172798216342926	0.07269418984651566	-0.05158386006951332	0.11086250096559525	-0.06339609622955322	0.0317457914352417	0.006603768561035395	-0.06252199411392212
HIP-head-l-l	0.10506756603717804	0.4478408098220825	0.45179733633995056	0.318934828042984	0.22379562258720398	0.4073447287082672	0.5686044096946716	0.08969613909721375	0.005690814461559057	0.021804604679346085	-0.06144294515252113	0.07378294318914413	0.07124879211187363	0.18519258499145508	-0.24795708060264587	-0.1464439332485199	-0.11103987693786621	0.08515677601099014	0.002132862340658903	0.26275381445884705	0.18629318475723267	0.10971368104219437	-0.16669882833957672	0.2660437524318695	-0.17770124971866608	-0.010411848314106464	1.0	0.3554055094718933	0.25613856315612793	0.5892028212547302	0.19614475965499878	0.4954495131969452	0.2325206845998764	0.5244874954223633	0.281411737203598	-0.036709412932395935	-0.14626631140708923	0.004043471068143845	-0.14486311376094818	0.22686821222305298	0.34803175926208496	0.07182708382606506	0.29297488927841187	0.3398159146308899	0.3774014413356781	0.4002865254878998	0.3238271474838257	-0.07309188693761826	0.2669961154460907	0.6361073851585388
HIP-body-l	0.09935145825147629	0.1804276555776596	0.4346460998058319	0.5352901220321655	-0.08654102683067322	0.13641180098056793	-0.014140533283352852	-0.2682879567146301	-0.3766935467720032	-0.19900213181972504	-0.30689674615859985	-0.046119969338178635	0.08438963443040848	0.10013871639966965	-0.06254926323890686	-0.3728013038635254	-0.20071136951446533	-0.04752233251929283	-0.28268304467201233	0.2903866767883301	-0.2330530881881714	0.25749891996383667	-0.0674370601773262	0.1499805748462677	-0.2133551985025406	0.21699269115924835	0.3554055094718933	1.0	0.5683420896530151	0.13659146428108215	0.08222562819719315	0.3039596676826477	0.11298425495624542	0.10286732017993927	-0.10765179246664047	-0.32879310846328735	-0.11758863925933838	-0.008807671256363392	0.09587131440639496	0.10194989293813705	-0.0074676512740552425	-0.09858327358961105	-0.09298224747180939	-0.010102597996592522	0.03386002779006958	0.24478024244308472	0.3193264901638031	-0.039335642009973526	0.11857859045267105	0.3685464859008789
HIP-tail-lh	-0.025178493931889534	0.22977451980113983	0.47129809856414795	0.5256373286247253	-0.15733347833156586	0.03998127207159996	0.10775325447320938	-0.1866150051355362	-0.14604181051254272	-0.2107161283493042	-0.25723615288734436	-0.05713105946779251	0.12831130623817444	0.11533106863498688	-0.11310596764087677	-0.19800914824008942	-0.3530978858470917	-0.25297632813453674	-0.1421409696340561	0.20837752521038055	-0.2415463924407959	0.28407832980155945	0.2900470495223999	0.24769149720668793	-0.14240682125091553	0.20805850625038147	0.25613856315612793	0.5683420896530151	1.0	0.008062046952545643	-0.1628778725862503	0.3349533975124359	0.13067224621772766	0.1098705381155014	-0.3073617219924927	-0.12594418227672577	-0.05933961644768715	0.0873480811715126	0.144625723361969	-0.055371642112731934	0.15991520881652832	-0.26387718319892883	-0.2119462937116623	0.20958977937698364	0.009689017198979855	0.21668954193592072	0.47529155015945435	0.3916112184524536	0.06090821325778961	0.4428599774837494
THA-VPm-lh	0.3003813326358795	0.4628821611404419	0.2284175455570221	0.034467801451683044	0.4690569043159485	0.6796199679374695	0.3984072804450989	0.2439267933368683	0.05243968218564987	0.3320768475532532	0.06658923625946045	-0.06909461319446564	-0.028545096516609192	0.0351431742310524	-0.10181379318237305	-0.016868500038981438	0.010163439437747002	0.17477846145629883	0.1138521134853363	0.049836963415145874	0.3500363826751709	0.032091956585645676	-0.2882993519306183	0.0336315892636776	-0.021078482270240784	-0.002774490276351571	0.5892028212547302	0.13659146428108215	0.008062046952545643	1.0	0.35728928446769714	0.27715009450912476	0.2227068841457367	0.7420172095298767	0.537026047706604	0.08177775889635086	-0.10143207013607025	-0.1290779411792755	-0.20206668972969055	0.10408705472946167	0.2086062729358673	0.08158997446298599	0.2605716586112976	-0.023887522518634796	0.2939208447933197	0.3603470027446747	0.17591437697410583	-0.031830739229917526	0.15632455050945282	0.49616795778274536
THA-VPl-lh	0.1608346402645111	0.0480223186314106	-0.19965006411075592	-0.1744641810655594	0.31681811809539795	0.5634598731994629	0.18629330396652222	-0.17841918766498566	-0.08032605051994324	0.1829276829957962	0.48162034153938293	0.5366587042808533	0.5774238705635071	0.4844386875629425	-0.05222072824835777	-0.09295490384101868	0.2980935275554657	0.3937815725803375	0.46100082993507385	0.14827920496463776	0.3174210786819458	0.10876798629760742	0.00627778610214591	-0.013291535899043083	0.12469930946826935	-0.03876331448554993	0.19614475965499878	0.08222562819719315	-0.1628778725862503	0.35728928446769714	1.0	0.20463082194328308	0.21230551600456238	0.02743632346391678	0.1929164081811905	0.3929247260093689	0.4496022164821625	0.3636012673377991	0.25922781229019165	0.09057337790727615	-0.13160644471645355	0.2972320020198822	-0.03153431788086891	0.04539180174469948	0.2295069694519043	0.23693235218524933	0.09310995787382126	-0.08906329423189163	0.5088722109794617	0.09589303284883499
THA-VAi-lh	-0.2613431215286255	0.2280149608850479	0.08101602643728256	0.21470977365970612	0.2882508337497711	0.4910185635089874	0.7797151207923889	0.12055275589227676	0.3726634681224823	0.28674471378326416	0.25697529315948486	0.3193032741546631	0.333567351102829	0.3434828519821167	0.15304988622665405	0.16309627890586853	0.19120703637599945	0.39580395817756653	-0.09168007224798203	0.14151912927627563	0.27914997935295105	0.5715068578720093	0.4190976917743683	0.38633397221565247	0.04263078048825264	-0.0379776768386364	0.4954495131969452	0.3039596676826477	0.3349533975124359	0.27715009450912476	0.20463082194328308	1.0	0.741355299949646	0.40272554755210876	0.363323450088501	0.11187765747308731	0.0562911182641983	0.22947318851947784	0.24139423668384552	0.4516229033470154	0.5007115006446838	0.42811471223831177	0.4683994948863983	0.47208595275878906	0.054353609681129456	0.5183812379837036	0.4775404632091522	0.5039737820625305	0.2132628858089447	0.3985949158668518
THA-VAs-lh	-0.24999268352985382	0.015298586338758469	0.023365765810012817	0.2036527842283249	0.35440966486930847	0.515552818775177	0.7115652561187744	0.27169880270957947	0.5242791175842285	0.3833048343658447	0.3550049066543579	0.28463369607925415	0.3373640775680542	0.27072635293006897	0.36833083629608154	0.4168534576892853	0.5033891797065735	0.5435495972633362	0.025384820997714996	0.0673847645521164	0.516444206237793	0.5282782912254333	0.316536009311676	0.15921469032764435	0.07462065666913986	-0.1918036788702011	0.2325206845998764	0.11298425495624542	0.13067224621772766	0.2227068841457367	0.21230551600456238	0.741355299949646	1.0	0.36655765771865845	0.6869637370109558	0.08566129952669144	-0.01917475461959839	0.31503820419311523	0.19976705312728882	0.4296339154243469	0.46804511547088623	0.6573482155799866	0.615183413028717	0.2351921945810318	-0.12178502976894379	0.6170234680175781	0.30064839124679565	0.5107261538505554	0.14365996420383453	0.09453409165143967
THA-DAm-lh	-0.04059165343642235	0.35770559310913086	0.45742183923721313	0.08983581513166428	0.33566153049468994	0.5330032110214233	0.4927327036857605	0.4724661707878113	0.3414621949195862	0.3524000644683838	-0.044873837381601334	-0.21424637734889984	-0.05570146068930626	-0.028028536587953568	-0.0018584007630124688	0.2230086773633957	0.11428207159042358	0.11360543966293335	-0.18415234982967377	0.03921491652727127	0.3668838441371918	0.0703403502702713	0.00187101645860821	0.04175287485122681	-0.0035461524967104197	-0.09623873978853226	0.5244874954223633	0.10286732017993927	0.1098705381155014	0.7420172095298767	0.02743632346391678	0.40272554755210876	0.36655765771865845	1.0	0.5173892974853516	-0.055577538907527924	-0.2905687987804413	-0.049554307013750076	-0.18213841319084167	0.18123610317707062	0.48199787735939026	0.166901096701622	0.40827739238739014	0.05244135856628418	0.17569024860858917	0.4412134289741516	0.2838563024997711	0.23954035341739655	-0.08077173680067062	0.3670283854007721
THA-DAl-lh	0.003773773554712534	0.03139512240886688	0.050567205995321274	0.08130813390016556	0.49524563550949097	0.5245726704597473	0.5215078592300415	0.4935153126716614	0.5047964453697205	0.3810354769229889	0.3020845055580139	0.026761019602417946	-0.03296864032745361	0.05144353583455086	0.24854551255702972	0.4151829183101654	0.49412527680397034	0.47035640478134155	0.1309048980474472	0.13551107048988342	0.5693316459655762	0.23027965426445007	-0.12652075290679932	-0.10380636155605316	0.028557509183883667	-0.2957797944545746	0.281411737203598	-0.10765179246664047	-0.3073617219924927	0.537026047706604	0.1929164081811905	0.363323450088501	0.6869637370109558	0.5173892974853516	1.0	-0.03264908492565155	-0.12405942380428314	0.008384226821362972	-0.14775490760803223	0.13281919062137604	0.4019748568534851	0.4851217567920685	0.5809317827224731	-0.09866401553153992	0.14361006021499634	0.4087403416633606	0.11455930024385452	0.24839648604393005	0.028900673612952232	0.17967498302459717
PUT-VA-lh	0.14612416923046112	0.12450529634952545	-0.17254509031772614	-0.4802802801132202	0.07589246332645416	0.29598739743232727	0.1782771795988083	-0.13546746969223022	0.08098673820495605	0.11440862715244293	0.5927940607070923	0.6173641681671143	0.4778624176979065	0.5110039114952087	0.18271209299564362	0.1313958466053009	0.12484188377857208	0.24231915175914764	0.3133324682712555	-0.11156515777111053	0.1779850572347641	0.29784879088401794	0.3885628879070282	0.42890453338623047	0.07693664729595184	-0.06478752940893173	-0.036709412932395935	-0.32879310846328735	-0.12594418227672577	0.08177775889635086	0.3929247260093689	0.11187765747308731	0.08566129952669144	-0.055577538907527924	-0.03264908492565155	1.0	0.7248530387878418	0.44481101632118225	0.5671746134757996	0.17303529381752014	0.13997586071491241	0.2743169963359833	0.12459062039852142	0.2358553260564804	0.005862023215740919	-0.17511233687400818	0.0951167494058609	0.18217819929122925	0.3969097435474396	-0.1349944770336151
PUT-DA-l	0.2321138232946396	-0.08476340025663376	-0.1384274959564209	-0.2827713191509247	-0.0916491374373436	0.11051717400550842	0.06354420632123947	-0.3345186114311218	0.04390937089920044	0.04008728638291359	0.5487191677093506	0.7907304763793945	0.6067445874214172	0.7412124276161194	0.41965633630752563	0.15023113787174225	0.2973693907260895	0.34193161129951477	0.406131774187088	0.11097298562526703	0.021807638928294182	0.33893510699272156	0.4474341869354248	0.2600136995315552	-0.03808392211794853	-0.005593040492385626	-0.14626631140708923	-0.11758863925933838	-0.05933961644768715	-0.10143207013607025	0.4496022164821625	0.0562911182641983	-0.01917475461959839	-0.2905687987804413	-0.12405942380428314	0.7248530387878418	1.0	0.5733751058578491	0.7588483691215515	-0.06878446042537689	0.20853829383850098	0.37005186080932617	0.01016728300601244	0.18559794127941132	-0.02273085154592991	-0.29584765434265137	0.23075522482395172	0.11531572788953781	0.42170336842536926	-0.09258794039487839
PUT-VP-lh	-0.26609745621681213	-0.28737130761146545	-0.04787329584360123	-0.2224956899881363	0.08064738661050797	0.15873658657073975	0.2900068163871765	-0.030971957370638847	0.20070993900299072	0.1886051446199417	0.5209426283836365	0.7298332452774048	0.7758440375328064	0.7267033457756042	0.32647693157196045	0.16625384986400604	0.5264800786972046	0.5123087167739868	-0.06727233529090881	0.14018025994300842	0.2830253541469574	0.30169421434402466	0.5878726840019226	0.26849257946014404	-0.0006997214513830841	-0.25370556116104126	0.004043471068143845	-0.008807671256363392	0.0873480811715126	-0.1290779411792755	0.3636012673377991	0.22947318851947784	0.31503820419311523	-0.049554307013750076	0.008384226821362972	0.44481101632118225	0.5733751058578491	1.0	0.7025563716888428	0.25725844502449036	0.296724796295166	0.5188437700271606	0.40523824095726013	0.14225006103515625	-0.09564157575368881	0.14294257760047913	0.46020907163619995	0.1407616138458252	0.34681782126426697	-0.06094349920749664
PUT-DP-lh	0.025154270231723785	-0.04113486409187317	0.03208534047007561	-0.04815280809998512	-0.22707027196884155	0.04092564806342125	0.23896005749702454	-0.4152943193912506	0.10755521804094315	0.0504487007856369	0.46901166439056396	0.7841142416000366	0.7280539274215698	0.6578777432441711	0.5585667490959167	0.33193740248680115	0.40545716881752014	0.4879438281059265	0.17592108249664307	0.023898735642433167	-0.028096193447709084	0.554119884967804	0.6363663673400879	0.4260656237602234	-0.2239517718553543	0.1325508952140808	-0.14486311376094818	0.09587131440639496	0.144625723361969	-0.20206668972969055	0.25922781229019165	0.24139423668384552	0.19976705312728882	-0.18213841319084167	-0.14775490760803223	0.5671746134757996	0.7588483691215515	0.7025563716888428	1.0	0.2078336924314499	0.30260396003723145	0.4404006898403168	0.16668210923671722	0.20914584398269653	-0.21232973039150238	0.0911230519413948	0.3933740258216858	0.21864637732505798	0.23707902431488037	-0.06518475711345673
