Node	DMN_LABEL_1	Vis_LABEL_2	FP_LABEL_3	Aud_LABEL_4	Tpole_LABEL_5	PMN_LABEL_6	PON_LABEL_7	MTL_LABEL_8	PON_LABEL_9	CO_LABEL_10	Sal_LABEL_11	CO_LABEL_12	SMd_LABEL_13	SMl_LABEL_14	DAN_LABEL_15	DMN_LABEL_16	CO_LABEL_17	DMN_LABEL_18	VAN_LABEL_19	CO_LABEL_20	CO_LABEL_21	Sal_LABEL_22	DAN_LABEL_23	PMN_LABEL_24	DAN_LABEL_25	DMN_LABEL_26	DMN_LABEL_27	DMN_LABEL_28	Vis_LABEL_29	FP_LABEL_30	Aud_LABEL_31	Tpole_LABEL_32	PMN_LABEL_33	PON_LABEL_34	MTL_LABEL_35	CO_LABEL_36	Sal_LABEL_37	CO_LABEL_38	SMd_LABEL_39	SMl_LABEL_40	DAN_LABEL_41	CO_LABEL_42	VAN_LABEL_43	CO_LABEL_44	CO_LABEL_45	Sal_LABEL_46	DAN_LABEL_47	PMN_LABEL_48	DAN_LABEL_49	DMN_LABEL_50	FP_LABEL_51	DMN_LABEL_52	DMN_LABEL_53	PON_LABEL_54	DMN_LABEL_55	Tpole_LABEL_56	Tpole_LABEL_57	Sal_LABEL_58	Sal_LABEL_59	SMd_LABEL_60	DAN_LABEL_61	FP_LABEL_62	DMN_LABEL_63	FP_LABEL_64	FP_LABEL_65	SMd_LABEL_66	SMl_LABEL_67	SMd_LABEL_68	DMN_LABEL_69	DAN_LABEL_70	DMN_LABEL_71	FP_LABEL_72	SMd_LABEL_73	SMl_LABEL_74	MTL_LABEL_75	MTL_LABEL_76	CO_LABEL_77	CO_LABEL_78	Vis_LABEL_79	Vis_LABEL_80
DMN_LABEL_1	1.0	-0.5095248222351074	-0.08955056965351105	-0.2227691113948822	0.6221200227737427	0.2760179936885834	0.34711122512817383	n/a	0.24767619371414185	-0.015448078513145447	0.03180563449859619	-0.09797759354114532	-0.1622614711523056	0.08396410197019577	-0.31164756417274475	0.7710466384887695	-0.3686853349208832	0.6449363827705383	0.11236744374036789	-0.4682241380214691	-0.3236936032772064	-0.3210080564022064	-0.37730762362480164	0.17358556389808655	-0.39274710416793823	0.7400438189506531	0.8638037443161011	0.32047563791275024	-0.5193911790847778	-0.25443553924560547	-0.2579617500305176	0.5374767184257507	0.5510916709899902	0.4688260555267334	n/a	0.12205469608306885	0.18226589262485504	0.0441896952688694	-0.25985783338546753	0.10778560489416122	-0.467498242855072	-0.18964983522891998	0.10058730840682983	-0.13728216290473938	-0.22934193909168243	-0.22937838733196259	-0.2698538601398468	0.7379747629165649	-0.43766722083091736	0.49980950355529785	0.058233123272657394	0.38861772418022156	0.44642147421836853	0.00015071581583470106	0.6502282619476318	0.36461517214775085	-0.10153988748788834	0.1210007295012474	0.2567633390426636	0.05058041960000992	0.010333029553294182	-0.16501541435718536	0.3071835935115814	-0.05878496542572975	-0.2131381332874298	-0.23449578881263733	0.08973643183708191	-0.03140765801072121	0.5275223255157471	-0.20032528042793274	0.29788780212402344	0.018462860956788063	0.09578481316566467	0.006968449801206589	0.47536560893058777	0.42629626393318176	0.07033062726259232	0.20670583844184875	-0.10367916524410248	-0.47668391466140747
Vis_LABEL_2	-0.5095248222351074	1.0	-0.26188233494758606	-0.22847114503383636	-0.29783686995506287	-0.29662105441093445	-0.2514672875404358	n/a	-0.2615096867084503	-0.044508568942546844	-0.22085076570510864	0.038776420056819916	0.008907003328204155	-0.10855978727340698	0.0128628546372056	-0.5525060892105103	0.01734578236937523	-0.5498796701431274	0.03148212283849716	-0.10243969410657883	-0.016135094687342644	-0.1738501638174057	0.17292435467243195	-0.19220629334449768	0.15170492231845856	-0.527165412902832	-0.49694547057151794	-0.29465189576148987	0.9697609543800354	-0.14039349555969238	-0.2346934974193573	-0.24147994816303253	-0.3179631531238556	-0.23611299693584442	n/a	-0.012522448785603046	-0.21670861542224884	-0.031064322218298912	0.08401834964752197	-0.1885204315185547	0.07563725858926773	-0.14185631275177002	0.03339080885052681	-0.2789621651172638	-0.0247533917427063	-0.18487374484539032	0.1553003191947937	-0.4508105218410492	0.0924978107213974	-0.19384349882602692	-0.17761576175689697	-0.32444992661476135	-0.35492202639579773	-0.1366247981786728	-0.26759469509124756	-0.2345917671918869	0.005262786988168955	-0.3582364022731781	-0.2037838250398636	-0.04472482576966286	-0.041286204010248184	0.08419495075941086	-0.22872105240821838	0.09043784439563751	0.017039557918906212	0.22199006378650665	-0.09813181310892105	0.10928316414356232	-0.19725480675697327	0.06950880587100983	-0.12223991751670837	-0.3071390688419342	0.02191157639026642	0.038022637367248535	-0.44287315011024475	-0.1555701345205307	-0.016634603962302208	-0.14054754376411438	0.12129995971918106	0.5562337636947632
FP_LABEL_3	-0.08955056965351105	-0.26188233494758606	1.0	0.12488923966884613	-0.259037584066391	0.2990219295024872	-0.03667368367314339	n/a	-0.020493287593126297	-0.17177973687648773	-0.0023734401911497116	-0.16656139492988586	-0.14882630109786987	-0.2112302929162979	0.7966875433921814	0.05381424352526665	0.1656627357006073	0.04102521017193794	-0.3907305598258972	0.19378502666950226	0.014315616339445114	0.3904598653316498	0.3054705262184143	0.42335763573646545	0.06295602023601532	-0.0606439970433712	-0.10199756920337677	0.11651258915662766	-0.20508480072021484	0.7255679965019226	0.1027822196483612	-0.35824283957481384	0.05175744369626045	-0.21163110435009003	n/a	-0.3647966682910919	-0.20161332190036774	-0.2171487957239151	-0.17816954851150513	-0.23343120515346527	0.5851137042045593	-0.15613162517547607	-0.3016253709793091	-0.013037941418588161	-0.2553878724575043	0.24384614825248718	0.08875422179698944	0.08374658972024918	0.19272349774837494	-0.23697037994861603	0.08286034315824509	-0.13235896825790405	-0.2423962503671646	0.037512872368097305	-0.37724894285202026	-0.22225867211818695	-0.20620445907115936	0.07491682469844818	-0.15112975239753723	-0.1466040462255478	-0.04470498487353325	0.14842531085014343	-0.2537465989589691	0.01796349324285984	0.4283895492553711	-0.5817220211029053	-0.22939236462116241	-0.337389200925827	-0.09498291462659836	0.0035423608496785164	-0.0009393825894221663	0.5253018140792847	-0.35568809509277344	-0.14462803304195404	0.009595132432878017	-0.31891629099845886	0.013422342017292976	-0.2743227481842041	0.18764229118824005	-0.12041175365447998
Aud_LABEL_4	-0.2227691113948822	-0.22847114503383636	0.12488923966884613	1.0	-0.43832680583000183	0.04043249040842056	0.11776469647884369	n/a	0.3199602961540222	0.4863229990005493	0.08869025856256485	0.5376186370849609	-0.04359467327594757	0.2598843574523926	0.3687496483325958	-0.2514760196208954	0.5751042366027832	-0.258379191160202	-0.17723651230335236	0.5660336017608643	0.563180685043335	0.35402530431747437	0.1774773746728897	0.19570963084697723	0.016907034441828728	-0.17494340240955353	-0.2259340137243271	-0.30619561672210693	-0.2101496011018753	0.06608382612466812	0.9035865664482117	-0.4014805853366852	-0.1003120094537735	0.06341030448675156	n/a	0.3271034061908722	0.03662041947245598	0.3806273639202118	0.015040392987430096	0.2787599563598633	0.43982040882110596	0.34435808658599854	-0.34124013781547546	0.3269796371459961	0.29541873931884766	0.25848427414894104	0.2515201270580292	-0.13848742842674255	0.3049796223640442	-0.3727969229221344	-0.12072412669658661	-0.15598496794700623	-0.38308048248291016	0.1886022537946701	-0.3860281705856323	-0.26328611373901367	-0.09787784516811371	0.18903082609176636	-0.11328344792127609	0.10843867063522339	0.3085339069366455	-0.0214683935046196	-0.29526835680007935	0.0018382740672677755	0.101107157766819	0.14447730779647827	0.18211647868156433	0.07342203706502914	-0.15091967582702637	0.3482169210910797	-0.16360704600811005	0.125740185379982	-0.1262582689523697	0.4658011198043823	-0.10392427444458008	-0.031206421554088593	0.2984771728515625	-0.06114427000284195	-0.30087628960609436	-0.05122680962085724
Tpole_LABEL_5	0.6221200227737427	-0.29783686995506287	-0.259037584066391	-0.43832680583000183	1.0	0.028750630095601082	0.4138393998146057	n/a	0.25298404693603516	-0.26551422476768494	-0.08312290161848068	-0.3176736831665039	0.009078956209123135	-0.11260174214839935	-0.4398510754108429	0.5975011587142944	-0.4641551375389099	0.6391764879226685	0.30047956109046936	-0.22976942360401154	-0.4026718735694885	-0.39862433075904846	-0.3413064777851105	-0.14797678589820862	-0.020393608137965202	0.7261803150177002	0.6965999007225037	0.31974440813064575	-0.3588504195213318	-0.29423999786376953	-0.38083207607269287	0.7856821417808533	0.19788403809070587	0.48901602625846863	n/a	-0.05573371425271034	0.06991543620824814	-0.15576665103435516	-0.053954679518938065	-0.05079291760921478	-0.5920101404190063	-0.14667373895645142	0.24269463121891022	0.02257569693028927	-0.22704096138477325	-0.33442866802215576	-0.2474471479654312	0.3737773597240448	-0.16234524548053741	0.5234478116035461	-0.07632329314947128	0.3118172585964203	0.6354325413703918	0.20114631950855255	0.5973020195960999	0.630177915096283	0.4021579921245575	-0.06570439785718918	0.18809571862220764	0.0540294349193573	-0.20785152912139893	-0.25243860483169556	0.23111847043037415	-0.3068647086620331	-0.35638609528541565	0.002318749437108636	0.08037222176790237	-0.09352725744247437	0.39584967494010925	-0.4127572178840637	0.2582414746284485	-0.16760525107383728	0.12220894545316696	-0.11308177560567856	0.5297269821166992	0.4621274471282959	0.025602832436561584	0.2781146466732025	0.2417386919260025	-0.2373349964618683
PMN_LABEL_6	0.2760179936885834	-0.29662105441093445	0.2990219295024872	0.04043249040842056	0.028750630095601082	1.0	0.45054352283477783	n/a	0.3065532147884369	0.15385930240154266	0.4548379182815552	0.05956900492310524	-0.04232132434844971	0.34035247564315796	0.17926517128944397	0.03265998139977455	-0.08414631336927414	-0.09912187606096268	-0.3079741597175598	-0.12973856925964355	-0.021017735823988914	0.39711466431617737	0.14815767109394073	0.7953215837478638	0.24935737252235413	0.10313821583986282	0.11260774731636047	-0.06208092346787453	-0.2712201774120331	-0.0011774242157116532	0.1713087111711502	-0.17845188081264496	0.7017222046852112	0.33440524339675903	n/a	0.17933668196201324	0.3993556797504425	0.09789499640464783	0.0706973746418953	0.3537715971469879	0.26306450366973877	-0.2291172593832016	-0.47608840465545654	0.11375167965888977	0.011590984649956226	0.41738519072532654	0.2603120803833008	0.7266426682472229	0.16790497303009033	-0.3351517617702484	0.19166773557662964	-0.14598554372787476	-0.23284757137298584	0.08910608291625977	-0.15732038021087646	-0.18160489201545715	0.0712999701499939	0.29177287220954895	0.2201901078224182	0.5468713641166687	0.18806645274162292	0.10033266991376877	-0.23141904175281525	-0.028091127052903175	0.07858148217201233	0.009338048286736012	-0.1458248794078827	0.1016225591301918	0.23774462938308716	-0.04792028293013573	0.014618048444390297	0.12850011885166168	0.10346923768520355	0.20718513429164886	0.5793782472610474	0.3644362688064575	-0.04942217469215393	0.2534499168395996	0.10858995467424393	-0.3904682695865631
PON_LABEL_7	0.34711122512817383	-0.2514672875404358	-0.03667368367314339	0.11776469647884369	0.4138393998146057	0.45054352283477783	1.0	n/a	0.7806804776191711	0.17007030546665192	0.31597989797592163	0.03555649146437645	-0.0263367947191	0.21861180663108826	0.039694610983133316	0.10458803921937943	-0.2638540267944336	0.09334234893321991	-0.38501012325286865	-0.07223080843687057	-0.14113184809684753	0.01740039885044098	0.03186127915978432	0.48516660928726196	0.37615182995796204	0.3340018093585968	0.3995559811592102	-0.3251708745956421	-0.3046109080314636	-0.3348272144794464	0.31391599774360657	0.10815153270959854	0.2168097048997879	0.9205799698829651	n/a	0.33296534419059753	0.4659588932991028	0.11688216030597687	-0.03572391718626022	0.2868361175060272	-0.08834487944841385	-0.3285919427871704	-0.28994739055633545	0.07446932792663574	-0.1476210057735443	0.03901974484324455	0.16766704618930817	0.3912944495677948	0.2534814774990082	-0.19268207252025604	0.1266985386610031	0.04888787493109703	-0.11539966613054276	0.6080929636955261	0.09897977858781815	0.2535227835178375	0.3500441014766693	0.20104652643203735	0.1937723159790039	0.35827603936195374	0.21136131882667542	0.05621614307165146	-0.2537401616573334	-0.026423605158925056	-0.36921730637550354	0.24331186711788177	0.08675529062747955	0.003238332225009799	0.44077903032302856	0.10966460406780243	0.006631465163081884	-0.04190462455153465	0.2525511682033539	0.3260791301727295	0.7480916380882263	0.6565225720405579	0.3355664908885956	0.3782895505428314	0.13416454195976257	-0.36478158831596375
MTL_LABEL_8	n/a	n/a	n/a	n/a	n/a	n/a	n/a	1.0	n/a	n/a	n/a	n/a	n/a	n/a	n/a	n/a	n/a	n/a	n/a	n/a	n/a	n/a	n/a	n/a	n/a	n/a	n/a	n/a	n/a	n/a	n/a	n/a	n/a	n/a	n/a	n/a	n/a	n/a	n/a	n/a	n/a	n/a	n/a	n/a	n/a	n/a	n/a	n/a	n/a	n/a	n/a	n/a	n/a	n/a	n/a	n/a	n/a	n/a	n/a	n/a	n/a	n/a	n/a	n/a	n/a	n/a	n/a	n/a	n/a	n/a	n/a	n/a	n/a	n/a	n/a	n/a	n/a	n/a	n/a	n/a
PON_LABEL_9	0.24767619371414185	-0.2615096867084503	-0.020493287593126297	0.3199602961540222	0.25298404693603516	0.3065532147884369	0.7806804776191711	n/a	1.0	0.171417236328125	0.10928510874509811	0.1279456913471222	-0.0031991994474083185	0.16096176207065582	0.021991703659296036	0.02133242040872574	-0.037280481308698654	0.06703226268291473	-0.22267070412635803	0.16088688373565674	0.06160961464047432	0.0852673351764679	0.024391423910856247	0.3473280370235443	0.20926600694656372	0.23187997937202454	0.23071901500225067	-0.3504519760608673	-0.2831423282623291	-0.16487419605255127	0.41198402643203735	0.02243034914135933	0.15818963944911957	0.7341951131820679	n/a	0.30228498578071594	0.2693420946598053	0.07715494185686111	0.028165465220808983	0.2616369128227234	0.03359894081950188	-0.15653330087661743	-0.30350449681282043	0.1346065253019333	0.007362823933362961	0.12760618329048157	0.16917449235916138	0.2463565170764923	0.30074483156204224	-0.24547997117042542	-0.010067664086818695	-0.005554049275815487	-0.11328369379043579	0.4366573393344879	-0.055182088166475296	0.2689482569694519	0.28305596113204956	0.1340630054473877	0.004141594283282757	0.30275335907936096	0.32529017329216003	-0.0020849681459367275	-0.3164769113063812	-0.06932708621025085	-0.19379010796546936	0.22693082690238953	0.12080994993448257	0.022530270740389824	0.23681671917438507	0.13298670947551727	-0.10403360426425934	-0.10930024832487106	0.14797477424144745	0.31256935000419617	0.5450084805488586	0.5257794260978699	0.28240063786506653	0.39326998591423035	-0.003366276156157255	-0.17202875018119812
CO_LABEL_10	-0.015448078513145447	-0.044508568942546844	-0.17177973687648773	0.4863229990005493	-0.26551422476768494	0.15385930240154266	0.17007030546665192	n/a	0.171417236328125	1.0	0.33145880699157715	0.8913120627403259	-0.40987423062324524	0.5743088126182556	-0.006370320916175842	-0.18124797940254211	0.5654289722442627	-0.35362082719802856	-0.07611903548240662	0.14943769574165344	0.7324111461639404	0.21963845193386078	0.1109103411436081	0.22650405764579773	-0.09086085855960846	-0.2059883177280426	-0.12396825104951859	-0.3089282512664795	-0.01661032624542713	-0.3590583801269531	0.5027133226394653	-0.42625293135643005	0.011444946750998497	0.12793749570846558	n/a	0.7888509035110474	0.330557256937027	0.8694009184837341	-0.1888210028409958	0.6040412187576294	0.11317603290081024	0.5499302744865417	-0.42430001497268677	0.3430856466293335	0.720395028591156	0.2581280767917633	0.400304913520813	0.018770650029182434	0.03615614399313927	-0.339583158493042	-0.11316076666116714	-0.20700086653232574	-0.47101807594299316	0.01369592547416687	-0.18268567323684692	-0.24467094242572784	-0.17306135594844818	0.20503966510295868	0.02268446423113346	0.06937675923109055	0.28103306889533997	0.1920938938856125	-0.38438934087753296	0.28747957944869995	-0.09392070025205612	0.20506082475185394	0.591513454914093	0.037260085344314575	-0.007450931705534458	0.2785862684249878	-0.25482451915740967	0.04231555387377739	0.031519390642642975	0.5122005939483643	-0.07087086886167526	0.19462160766124725	0.2646181285381317	0.306761234998703	-0.24374261498451233	0.007120729889720678
Sal_LABEL_11	0.03180563449859619	-0.22085076570510864	-0.0023734401911497116	0.08869025856256485	-0.08312290161848068	0.4548379182815552	0.31597989797592163	n/a	0.10928510874509811	0.33145880699157715	1.0	0.19313175976276398	-0.2630646824836731	0.24762983620166779	-0.04061214625835419	-0.2021980732679367	0.031181134283542633	-0.25035324692726135	-0.4229206442832947	-0.1121593788266182	0.2370387613773346	0.6031560897827148	0.07294314354658127	0.4684593975543976	0.315754234790802	-0.12526701390743256	-0.0287626925855875	-0.2476452887058258	-0.2602769732475281	-0.4045761525630951	0.1820347160100937	-0.1789778470993042	0.3100208342075348	0.2224615514278412	n/a	0.4097793996334076	0.8837924003601074	0.3367938995361328	-0.22645261883735657	0.2672528922557831	-0.06835541874170303	-0.019809428602457047	-0.3570306897163391	-0.009868791326880455	0.35056355595588684	0.6281304955482483	0.25623929500579834	0.184829443693161	0.021947070956230164	-0.45244312286376953	0.48375216126441956	0.1452818214893341	-0.41470208764076233	-0.04130694642663002	0.015185271389782429	-0.35950005054473877	0.00265973131172359	0.6483457684516907	0.4190812408924103	0.27622613310813904	0.35202354192733765	0.22882424294948578	0.013815180398523808	0.35746482014656067	-0.34784063696861267	0.11807113885879517	0.31636354327201843	-0.13951736688613892	-0.01325345877557993	0.13741004467010498	0.14741873741149902	0.1299206018447876	0.19889380037784576	0.3677802085876465	0.1678028553724289	0.19289375841617584	0.08313576877117157	0.32659441232681274	-0.104401133954525	-0.22989845275878906
CO_LABEL_12	-0.09797759354114532	0.038776420056819916	-0.16656139492988586	0.5376186370849609	-0.3176736831665039	0.05956900492310524	0.03555649146437645	n/a	0.1279456913471222	0.8913120627403259	0.19313175976276398	1.0	-0.3360843360424042	0.5036672353744507	0.011627297848463058	-0.21756570041179657	0.6865513324737549	-0.37955915927886963	0.06246629357337952	0.22265474498271942	0.7365177869796753	0.21028776466846466	0.24528226256370544	0.19291293621063232	-0.14343419671058655	-0.21537244319915771	-0.1805114448070526	-0.2743362486362457	0.07821837812662125	-0.3887137174606323	0.5307441353797913	-0.43987467885017395	-0.04227493330836296	-0.01518672239035368	n/a	0.73256516456604	0.14746259152889252	0.8570151329040527	-0.07295425981283188	0.567496120929718	0.1969386339187622	0.60677570104599	-0.3988114595413208	0.3177964687347412	0.651152491569519	0.17846018075942993	0.4788912236690521	-0.11378254741430283	0.09881661832332611	-0.4063391089439392	-0.25543758273124695	-0.3183070421218872	-0.4464859664440155	-0.11723754554986954	-0.3034531772136688	-0.28309980034828186	-0.20626859366893768	0.11258365958929062	-0.10147877782583237	0.0907343402504921	0.2112690508365631	0.03052906133234501	-0.42302849888801575	0.19355922937393188	-0.06432219594717026	0.25777605175971985	0.4718456268310547	0.08387713134288788	-0.1125820055603981	0.22648589313030243	-0.1759738326072693	0.04122944176197052	-0.01582607999444008	0.42683833837509155	-0.18816174566745758	0.08190381526947021	0.31755974888801575	0.3046085834503174	-0.23105908930301666	0.04608052596449852
SMd_LABEL_13	-0.1622614711523056	0.008907003328204155	-0.14882630109786987	-0.04359467327594757	0.009078956209123135	-0.04232132434844971	-0.0263367947191	n/a	-0.0031991994474083185	-0.40987423062324524	-0.2630646824836731	-0.3360843360424042	1.0	0.041396137326955795	-0.03878220543265343	-0.20094476640224457	-0.20977196097373962	-0.02943836897611618	0.0911637470126152	0.1812942773103714	-0.3517927825450897	-0.09948857873678207	0.13057850301265717	-0.03213448449969292	0.34848591685295105	0.035832785069942474	-0.13320642709732056	-0.1366128921508789	-0.00749779911711812	0.049797240644693375	0.05352647602558136	0.10256444662809372	-0.0059535568580031395	-0.027865378186106682	n/a	-0.37793415784835815	-0.26756444573402405	-0.522449254989624	0.8864849805831909	0.025907963514328003	0.12451641261577606	-0.3321935534477234	0.09938886016607285	-0.004079816397279501	-0.3826466202735901	-0.1558811068534851	-0.09098939597606659	-0.0016304925084114075	0.21628528833389282	-0.0782751813530922	-0.045406173914670944	-0.11309356987476349	0.2612530291080475	0.05557886138558388	-0.18010041117668152	0.2902282774448395	0.3282127380371094	-0.03535480052232742	-0.14001482725143433	0.38378405570983887	-0.09504639357328415	-0.27109241485595703	0.0028023403137922287	-0.4864993393421173	-0.06874921917915344	0.34194695949554443	-0.4732165038585663	0.46266719698905945	-0.09623639285564423	0.0397888720035553	-0.1259000599384308	-0.2479960024356842	0.35989683866500854	-0.3260928690433502	0.08339636027812958	-0.18263594806194305	-0.1793159693479538	-0.19614091515541077	0.10976089537143707	-0.025470560416579247
SMl_LABEL_14	0.08396410197019577	-0.10855978727340698	-0.2112302929162979	0.2598843574523926	-0.11260174214839935	0.34035247564315796	0.21861180663108826	n/a	0.16096176207065582	0.5743088126182556	0.24762983620166779	0.5036672353744507	0.041396137326955795	1.0	-0.06713958829641342	-0.08007374405860901	0.02035553567111492	-0.21577920019626617	-0.14743171632289886	-0.17256717383861542	0.24006594717502594	0.0471636988222599	0.07294129580259323	0.32696548104286194	0.03292594105005264	-0.10090158879756927	-0.001142417429946363	-0.20606669783592224	-0.11623016744852066	-0.24198274314403534	0.32540005445480347	-0.19823071360588074	0.26643821597099304	0.21225394308567047	n/a	0.5069487690925598	0.27905628085136414	0.46379321813583374	0.0978289395570755	0.9450386166572571	0.1035783514380455	0.0967983677983284	-0.12513402104377747	0.06567055732011795	0.31711477041244507	0.10120151191949844	0.07660000771284103	0.3154672384262085	-0.059252142906188965	-0.15387052297592163	0.044546134769916534	-0.1717182993888855	-0.276089072227478	-0.07742097228765488	-0.03652457892894745	-0.05384821072220802	0.047742556780576706	0.29308703541755676	0.1935332864522934	0.3781089782714844	0.11047419905662537	-0.02904636599123478	-0.06453651934862137	0.14712494611740112	0.005212697666138411	0.17002327740192413	0.32840022444725037	0.21926701068878174	0.08566000312566757	0.15688970685005188	-0.16310188174247742	-0.09630688279867172	0.2641962170600891	0.5348386168479919	0.10118719935417175	0.12191596627235413	0.06465533375740051	0.13003964722156525	-0.05274944752454758	0.025259068235754967
DAN_LABEL_15	-0.31164756417274475	0.0128628546372056	0.7966875433921814	0.3687496483325958	-0.4398510754108429	0.17926517128944397	0.039694610983133316	n/a	0.021991703659296036	-0.006370320916175842	-0.04061214625835419	0.011627297848463058	-0.03878220543265343	-0.06713958829641342	1.0	-0.28648504614830017	0.248408243060112	-0.3168978989124298	-0.539030909538269	0.33566054701805115	0.04604033753275871	0.37511157989501953	0.5231357216835022	0.4252815842628479	0.2860347628593445	-0.3087266981601715	-0.3467239439487457	-0.24473661184310913	0.056574251502752304	0.5707787871360779	0.37098023295402527	-0.5129826068878174	-0.1630864143371582	-0.14125202596187592	n/a	-0.16374705731868744	-0.18830174207687378	-0.09730544686317444	-0.041778482496738434	-0.09748462587594986	0.7564011812210083	-0.19114740192890167	-0.30638137459754944	-0.009307369589805603	-0.28405508399009705	0.21665936708450317	0.23793792724609375	-0.14597409963607788	0.38061127066612244	-0.4582010507583618	0.0413861908018589	-0.34134531021118164	-0.5025168657302856	0.17446185648441315	-0.5989930033683777	-0.23013558983802795	-0.17904016375541687	-0.0005571205983869731	-0.255532830953598	-0.07663382589817047	-0.013768952339887619	0.21807727217674255	-0.419872522354126	0.03242864832282066	0.3306419551372528	-0.40871569514274597	-0.25494691729545593	-0.24319224059581757	-0.10284605622291565	0.14363239705562592	-0.1263468861579895	0.3932276964187622	-0.3967413902282715	0.014365953393280506	-0.13388073444366455	-0.35237815976142883	0.23853227496147156	-0.3684370815753937	0.209037646651268	-0.04748385399580002
DMN_LABEL_16	0.7710466384887695	-0.5525060892105103	0.05381424352526665	-0.2514760196208954	0.5975011587142944	0.03265998139977455	0.10458803921937943	n/a	0.02133242040872574	-0.18124797940254211	-0.2021980732679367	-0.21756570041179657	-0.20094476640224457	-0.08007374405860901	-0.28648504614830017	1.0	-0.30985599756240845	0.9031245708465576	0.341044545173645	-0.30865341424942017	-0.3060307502746582	-0.4257722496986389	-0.3497176170349121	-0.10171914845705032	-0.5326233506202698	0.8062037825584412	0.8365709781646729	0.7050768733024597	-0.5441829562187195	3.4813478123396635e-05	-0.3102760314941406	0.5828790068626404	0.2577424645423889	0.22557660937309265	n/a	-0.1893453150987625	-0.14632633328437805	-0.08167508989572525	-0.2935299277305603	-0.08277029544115067	-0.512786328792572	-0.034979045391082764	0.22247202694416046	0.024772942066192627	-0.2439783811569214	-0.4496927559375763	-0.3387337028980255	0.5057044625282288	-0.50456702709198	0.7167636752128601	-0.15812121331691742	0.4495692551136017	0.6918843388557434	-0.036424510180950165	0.6526691913604736	0.3855845630168915	-0.0922364890575409	-0.002102640923112631	0.12012909352779388	-0.1752977967262268	-0.1593180149793625	-0.11497191339731216	0.40070128440856934	-0.15901632606983185	0.019881218671798706	-0.28759515285491943	0.11447540670633316	-0.12493240833282471	0.4493377208709717	-0.23811368644237518	0.31124013662338257	0.21022900938987732	0.010325739160180092	-0.1385524570941925	0.3449024558067322	0.2067113220691681	-0.049950193613767624	0.045421063899993896	-0.033111657947301865	-0.46344220638275146
CO_LABEL_17	-0.3686853349208832	0.01734578236937523	0.1656627357006073	0.5751042366027832	-0.4641551375389099	-0.08414631336927414	-0.2638540267944336	n/a	-0.037280481308698654	0.5654289722442627	0.031181134283542633	0.6865513324737549	-0.20977196097373962	0.02035553567111492	0.248408243060112	-0.30985599756240845	1.0	-0.3478942811489105	0.18967564404010773	0.6570619344711304	0.8507245779037476	0.4629020690917969	0.3296133577823639	-0.0050750719383358955	-0.05143631994724274	-0.28371888399124146	-0.4818609952926636	-0.17809787392616272	0.09751524776220322	0.01236012764275074	0.4968888461589813	-0.5020741820335388	-0.20901735126972198	-0.3136827349662781	n/a	0.23371458053588867	-0.21374323964118958	0.47295260429382324	0.04080309346318245	0.06964342296123505	0.46847811341285706	0.6691784262657166	-0.5507985949516296	0.4963132441043854	0.6103153824806213	0.308683305978775	0.5363945364952087	-0.3176485002040863	0.41038012504577637	-0.5002366304397583	-0.47599202394485474	-0.29030460119247437	-0.3947793245315552	-0.11204318702220917	-0.587488055229187	-0.3147370219230652	-0.22208455204963684	0.015361664816737175	-0.3538404703140259	-0.13548672199249268	0.2543250322341919	0.058026548475027084	-0.47504547238349915	-0.14837369322776794	0.14273829758167267	0.04972097650170326	0.19300448894500732	-0.1140424981713295	-0.22129271924495697	0.10971228778362274	-0.20151254534721375	0.08532463014125824	-0.35533079504966736	0.17102693021297455	-0.4112100303173065	-0.30914199352264404	0.16524507105350494	0.08734080195426941	-0.16230277717113495	0.09398385137319565
DMN_LABEL_18	0.6449363827705383	-0.5498796701431274	0.04102521017193794	-0.258379191160202	0.6391764879226685	-0.09912187606096268	0.09334234893321991	n/a	0.06703226268291473	-0.35362082719802856	-0.25035324692726135	-0.37955915927886963	-0.02943836897611618	-0.21577920019626617	-0.3168978989124298	0.9031245708465576	-0.3478942811489105	1.0	0.3707839250564575	-0.20781800150871277	-0.32514098286628723	-0.4091964662075043	-0.43176689743995667	-0.24714289605617523	-0.4486426115036011	0.8254368901252747	0.7507416605949402	0.6346082091331482	-0.5364113450050354	0.06621019542217255	-0.34816691279411316	0.6995261907577515	0.18386296927928925	0.21851271390914917	n/a	-0.4110165238380432	-0.21763300895690918	-0.3017394244670868	-0.16647669672966003	-0.22094503045082092	-0.5187444686889648	-0.09925022721290588	0.26529377698898315	-0.05586325749754906	-0.3298512399196625	-0.4671342670917511	-0.4376084506511688	0.39199501276016235	-0.4496373236179352	0.7062913179397583	-0.20429860055446625	0.5634797811508179	0.793292224407196	-0.040182508528232574	0.6013747453689575	0.5013028383255005	0.10757814347743988	-0.04045194387435913	0.011795395985245705	-0.15792620182037354	-0.21054759621620178	-0.25306063890457153	0.39637047052383423	-0.2351553738117218	-0.035186488181352615	-0.16697101294994354	0.039325084537267685	-0.17649966478347778	0.39607882499694824	-0.3166202902793884	0.35546043515205383	0.11299608647823334	0.029199033975601196	-0.21430045366287231	0.30004748702049255	0.1569870263338089	-0.18846380710601807	-0.02309139259159565	-0.004749347921460867	-0.3289163410663605
VAN_LABEL_19	0.11236744374036789	0.03148212283849716	-0.3907305598258972	-0.17723651230335236	0.30047956109046936	-0.3079741597175598	-0.38501012325286865	n/a	-0.22267070412635803	-0.07611903548240662	-0.4229206442832947	0.06246629357337952	0.0911637470126152	-0.14743171632289886	-0.539030909538269	0.341044545173645	0.18967564404010773	0.3707839250564575	1.0	0.08460626751184464	0.14555132389068604	-0.23836125433444977	-0.2930375933647156	-0.5807746052742004	-0.2586861550807953	0.29794809222221375	0.08663059771060944	0.5533493757247925	0.05393657833337784	-0.11817904561758041	-0.3091982901096344	0.3567131757736206	-0.06594087928533554	-0.2282426804304123	n/a	-0.2000952661037445	-0.47391563653945923	0.0008869607700034976	0.19047099351882935	-0.1098581999540329	-0.3228012025356293	0.4304749667644501	0.21203100681304932	0.27181899547576904	0.25410136580467224	-0.24681589007377625	-0.1526828557252884	-0.012112868949770927	-0.09541463106870651	0.41727492213249207	-0.5726654529571533	0.017360327765345573	0.5825627446174622	-0.2779240012168884	0.20818428695201874	0.2328459918498993	0.0716182142496109	-0.1337655931711197	-0.037032101303339005	-0.1991914063692093	-0.19531694054603577	-0.31642991304397583	0.061682648956775665	-0.41976386308670044	-0.016248848289251328	0.19188427925109863	0.07956372946500778	0.02921466901898384	0.07732871174812317	-0.4833531677722931	0.009244104847311974	-0.2752162218093872	0.016084063798189163	-0.1431385576725006	-0.19302189350128174	-0.028514625504612923	-0.16211506724357605	0.18058133125305176	-0.03506206348538399	0.11840423196554184
CO_LABEL_20	-0.4682241380214691	-0.10243969410657883	0.19378502666950226	0.5660336017608643	-0.22976942360401154	-0.12973856925964355	-0.07223080843687057	n/a	0.16088688373565674	0.14943769574165344	-0.1121593788266182	0.22265474498271942	0.1812942773103714	-0.17256717383861542	0.33566054701805115	-0.30865341424942017	0.6570619344711304	-0.20781800150871277	0.08460626751184464	1.0	0.4855271875858307	0.41888317465782166	0.29838690161705017	-0.12702667713165283	0.21748951077461243	-0.1487082839012146	-0.4428894519805908	-0.11155608296394348	-0.04594403877854347	0.20571768283843994	0.5669965147972107	-0.31712284684181213	-0.37024226784706116	-0.17783720791339874	n/a	-0.08420389145612717	-0.27667781710624695	0.013164816424250603	0.2923858165740967	-0.11320193856954575	0.4089200496673584	0.35746049880981445	-0.39833131432533264	0.5618051886558533	0.250884085893631	0.2647098898887634	0.33793285489082336	-0.4065499007701874	0.5483357906341553	-0.40229812264442444	-0.3443547189235687	-0.2229136824607849	-0.1661309003829956	0.16512982547283173	-0.5647889375686646	0.04525454714894295	0.14241032302379608	-0.0633038878440857	-0.4508981704711914	0.03514783829450607	0.16757948696613312	0.05365975201129913	-0.3763620853424072	-0.303923636674881	0.24098855257034302	0.17200370132923126	0.004585402086377144	-0.03482632711529732	-0.1388324797153473	0.15632833540439606	-0.12213999032974243	0.08330707252025604	-0.3140028417110443	-0.008035998791456223	-0.1877451390028	-0.3029593527317047	0.03173905611038208	-0.08923683315515518	0.10485529154539108	0.04764735698699951
CO_LABEL_21	-0.3236936032772064	-0.016135094687342644	0.014315616339445114	0.563180685043335	-0.4026718735694885	-0.021017735823988914	-0.14113184809684753	n/a	0.06160961464047432	0.7324111461639404	0.2370387613773346	0.7365177869796753	-0.3517927825450897	0.24006594717502594	0.04604033753275871	-0.3060307502746582	0.8507245779037476	-0.32514098286628723	0.14555132389068604	0.4855271875858307	1.0	0.46389836072921753	0.04505908489227295	-0.035845786333084106	-0.02993171103298664	-0.2720388174057007	-0.37867265939712524	-0.20690782368183136	0.02299034222960472	-0.09239143878221512	0.48922815918922424	-0.47392866015434265	-0.11326690018177032	-0.1725262552499771	n/a	0.3761664032936096	0.05609700083732605	0.607286274433136	-0.13269396126270294	0.2520390748977661	0.29107770323753357	0.6882326602935791	-0.5643243193626404	0.4295215308666229	0.8454089760780334	0.37262171506881714	0.38231319189071655	-0.22502189874649048	0.26045721769332886	-0.4218629002571106	-0.3476419746875763	-0.14289894700050354	-0.4425751864910126	-0.07006588578224182	-0.35757240653038025	-0.35647544264793396	-0.07172517478466034	0.16155558824539185	-0.09939119964838028	-0.11444156616926193	0.2799680233001709	0.07459301501512527	-0.3924883306026459	0.09638045728206635	0.060562100261449814	0.10925011336803436	0.4364463984966278	-0.16824238002300262	-0.17138467729091644	0.11475363373756409	-0.21489177644252777	0.049981921911239624	-0.24322812259197235	0.40261176228523254	-0.3566721975803375	-0.14225655794143677	0.05290529504418373	0.2200993448495865	-0.3142826557159424	0.14670686423778534
Sal_LABEL_22	-0.3210080564022064	-0.1738501638174057	0.3904598653316498	0.35402530431747437	-0.39862433075904846	0.39711466431617737	0.01740039885044098	n/a	0.0852673351764679	0.21963845193386078	0.6031560897827148	0.21028776466846466	-0.09948857873678207	0.0471636988222599	0.37511157989501953	-0.4257722496986389	0.4629020690917969	-0.4091964662075043	-0.23836125433444977	0.41888317465782166	0.46389836072921753	1.0	0.29575949907302856	0.31789058446884155	0.39306384325027466	-0.34751859307289124	-0.48561587929725647	-0.20544645190238953	-0.11696922779083252	0.10269951075315475	0.3617730736732483	-0.47002974152565	0.0230585727840662	-0.10656421631574631	n/a	0.08113209158182144	0.31406280398368835	0.07298127561807632	0.0015829963376745582	0.11512699723243713	0.4377813935279846	0.0966445580124855	-0.4904729723930359	0.22744418680667877	0.3535962402820587	0.8738877177238464	0.27820730209350586	-0.07637018710374832	0.4313109517097473	-0.6846230626106262	0.09974615275859833	-0.22659282386302948	-0.5161433219909668	-0.09055344015359879	-0.5241302847862244	-0.37939026951789856	0.009320487268269062	0.5164575576782227	0.07051528990268707	0.10483930259943008	0.22933948040008545	0.057083550840616226	-0.3327093720436096	0.03894168883562088	0.07694894075393677	-0.010757779702544212	0.09468119591474533	-0.27129027247428894	-0.18116535246372223	-0.006976268254220486	-0.09816800057888031	0.2433864325284958	-0.1468159556388855	0.26947981119155884	-0.1093519926071167	-0.15268783271312714	-0.06009720265865326	0.1992766112089157	0.046440042555332184	0.021025216206908226
DAN_LABEL_23	-0.37730762362480164	0.17292435467243195	0.3054705262184143	0.1774773746728897	-0.3413064777851105	0.14815767109394073	0.03186127915978432	n/a	0.024391423910856247	0.1109103411436081	0.07294314354658127	0.24528226256370544	0.13057850301265717	0.07294129580259323	0.5231357216835022	-0.3497176170349121	0.3296133577823639	-0.43176689743995667	-0.2930375933647156	0.29838690161705017	0.04505908489227295	0.29575949907302856	1.0	0.45689988136291504	0.2957744896411896	-0.43278980255126953	-0.4350833594799042	-0.3185940384864807	0.18932732939720154	0.07045859843492508	0.23835010826587677	-0.41822943091392517	-0.24088582396507263	-0.14855681359767914	n/a	0.10001010447740555	-0.06726416200399399	0.10845185816287994	0.3003547489643097	0.11949343234300613	0.5535600781440735	0.04712619632482529	-0.25994986295700073	0.05438480153679848	-0.10841705650091171	0.08976682275533676	0.7477549314498901	-0.22951053082942963	0.4535762667655945	-0.5900037884712219	-0.13846616446971893	-0.5782312154769897	-0.42955631017684937	-0.022186271846294403	-0.6912489533424377	-0.2248687893152237	-0.10770667344331741	-0.02838416025042534	-0.24475844204425812	0.31052643060684204	0.203457310795784	0.18496836721897125	-0.39911043643951416	-0.1282791942358017	0.19846132397651672	-0.018358828499913216	-0.26311397552490234	0.10668333619832993	-0.22071512043476105	0.20319347083568573	-0.1306128054857254	0.12432703375816345	-0.019735731184482574	-0.053122520446777344	-0.10941881686449051	-0.30352523922920227	0.24074093997478485	0.05763993784785271	0.29771479964256287	-0.017162518575787544
PMN_LABEL_24	0.17358556389808655	-0.19220629334449768	0.42335763573646545	0.19570963084697723	-0.14797678589820862	0.7953215837478638	0.48516660928726196	n/a	0.3473280370235443	0.22650405764579773	0.4684593975543976	0.19291293621063232	-0.03213448449969292	0.32696548104286194	0.4252815842628479	-0.10171914845705032	-0.0050750719383358955	-0.24714289605617523	-0.5807746052742004	-0.12702667713165283	-0.035845786333084106	0.31789058446884155	0.45689988136291504	1.0	0.24971915781497955	-0.05524294823408127	0.07461147010326385	-0.33402523398399353	-0.19671954214572906	-0.020923396572470665	0.326797753572464	-0.33606037497520447	0.5485116839408875	0.3063054382801056	n/a	0.3002814054489136	0.4379255175590515	0.21993619203567505	0.05854528397321701	0.35141587257385254	0.4412473738193512	-0.24392449855804443	-0.4924200177192688	-0.05694514885544777	-0.10768637806177139	0.27638915181159973	0.48893025517463684	0.5379306674003601	0.20235030353069305	-0.5198123455047607	0.27766773104667664	-0.26457715034484863	-0.4654288589954376	0.11071266978979111	-0.31216874718666077	-0.3081949055194855	-0.1086413785815239	0.3057228922843933	0.14470909535884857	0.5570672750473022	0.3100689947605133	0.23291447758674622	-0.31047987937927246	0.11973907053470612	0.03726346045732498	-0.05021245405077934	-0.1610829383134842	0.11586171388626099	0.032956160604953766	0.20695696771144867	0.03311871737241745	0.2134658396244049	0.14313441514968872	0.18916042149066925	0.43232184648513794	0.21223516762256622	0.2507588863372803	0.12923526763916016	0.05900583788752556	-0.3592454493045807
DAN_LABEL_25	-0.39274710416793823	0.15170492231845856	0.06295602023601532	0.016907034441828728	-0.020393608137965202	0.24935737252235413	0.37615182995796204	n/a	0.20926600694656372	-0.09086085855960846	0.315754234790802	-0.14343419671058655	0.34848591685295105	0.03292594105005264	0.2860347628593445	-0.5326233506202698	-0.05143631994724274	-0.4486426115036011	-0.2586861550807953	0.21748951077461243	-0.02993171103298664	0.39306384325027466	0.2957744896411896	0.24971915781497955	1.0	-0.21219699084758759	-0.3510694205760956	-0.44647863507270813	0.08377963304519653	-0.06266283988952637	0.22029833495616913	-0.1787920743227005	-0.11491091549396515	0.2307034730911255	n/a	-0.0027913812082260847	0.2563003599643707	-0.11519821733236313	0.38559040427207947	0.06500153988599777	0.3277387022972107	-0.24750132858753204	-0.2733398973941803	0.12600915133953094	-0.01554614957422018	0.3621382415294647	0.24312832951545715	-0.14482001960277557	0.7139049172401428	-0.5457448959350586	0.15030238032341003	-0.24629266560077667	-0.2773192822933197	0.3627720773220062	-0.3799014985561371	-0.030512962490320206	0.4774906039237976	0.1492660492658615	0.1429952085018158	0.24644120037555695	0.05712205171585083	0.15291763842105865	-0.33383816480636597	-0.14458084106445312	-0.24199263751506805	0.14878995716571808	-0.12591838836669922	-0.06579196453094482	-0.04853919520974159	-0.13006345927715302	-0.23915810883045197	-0.16241715848445892	0.10974931716918945	0.09317529201507568	0.19497187435626984	0.1057964339852333	0.0942467674612999	0.12119390815496445	0.2639640271663666	-0.06606707721948624
