Node	HIP-head-m-rh	HIP-head-l-rh	HIP-body-rh	HIP-tail-rh	THA-VPm-rh	THA-VPl-rh	THA-VAi-rh	THA-VAs-rh	THA-DAm-rh	THA-DAl-rh	PUT-VA-rh	PUT-DA-rh	PUT-VP-rh	PUT-DP-rh	CAU-VA-rh	CAU-DA-rh	CAU-body-rh	CAU-tail-rh	lAMY-rh	mAMY-rh	THA-DP-rh	NAc-shell-rh	NAc-core-rh	pGP-rh	aGP-rh	HIP-head-m-lh	HIP-head-l-l	HIP-body-l	HIP-tail-lh	THA-VPm-lh	THA-VPl-lh	THA-VAi-lh	THA-VAs-lh	THA-DAm-lh	THA-DAl-lh	PUT-VA-lh	PUT-DA-l	PUT-VP-lh	PUT-DP-lh	CAU-VA-lh	CAU-DA-lh	CAU-body-lh	CAU-tail-lh	lAMY-lh	mAMY-lh	THA-DP-lh	NAc-shell-lh	NAc-core-lh	pGP-lh	aGP-lh
HIP-head-m-rh	1.0	0.36401140689849854	0.2531931698322296	0.1240953803062439	-0.398134708404541	-0.43779507279396057	-0.2708570063114166	-0.2095567286014557	-0.12883321940898895	-0.4111146330833435	-0.21830616891384125	-0.09808815270662308	-0.1676812469959259	-0.1205480545759201	-0.043784867972135544	0.00665963813662529	0.15014855563640594	0.12193939834833145	0.4853798747062683	0.5967060923576355	-0.2008262276649475	0.08736874908208847	-0.096024289727211	0.1007414385676384	0.06540180742740631	0.6131906509399414	0.13609158992767334	0.3258226215839386	-0.01098756305873394	-0.3481977880001068	-0.3398520350456238	-0.22400492429733276	0.04354993253946304	-0.018969537690281868	-0.06348296254873276	-0.16984380781650543	-0.22016727924346924	-0.12683767080307007	-0.304461807012558	0.11264758557081223	0.013540254905819893	-0.1963721364736557	-0.053685013204813004	0.26522156596183777	0.17647379636764526	-0.21187421679496765	-0.004076301120221615	-0.05884001404047012	0.10922618210315704	0.0699819028377533
HIP-head-l-rh	0.36401140689849854	1.0	0.48630067706108093	0.3600764274597168	0.09241281449794769	-0.18819458782672882	-0.11023019254207611	-0.02650708518922329	0.16652727127075195	-0.3507559299468994	-0.1260298639535904	-0.0887717455625534	-0.08631066232919693	-0.2497013360261917	0.3147905468940735	0.1155451238155365	0.1936924308538437	0.13032808899879456	0.2584754228591919	0.19419145584106445	0.3034359812736511	0.24747943878173828	0.1842179000377655	-0.02019493654370308	0.2650931775569916	0.39545169472694397	0.5598570108413696	0.6111498475074768	0.37516501545906067	-0.049155235290527344	-0.12190317362546921	0.07645036280155182	0.05033586174249649	0.15812082588672638	0.04170237109065056	-0.08390046656131744	-0.1683254837989807	-0.08689422160387039	-0.23278914391994476	0.20047269761562347	0.23818038403987885	0.3389103412628174	0.25944313406944275	0.21927164494991302	0.2672954797744751	0.31451767683029175	0.09686636179685593	0.1285461038351059	-0.10695605725049973	0.080867700278759
HIP-body-rh	0.2531931698322296	0.48630067706108093	1.0	0.44444864988327026	0.3824321925640106	-0.037327248603105545	0.1326747089624405	0.22999687492847443	0.2872709333896637	-0.0540594719350338	0.0011992761865258217	0.16097132861614227	0.15414667129516602	0.16152217984199524	0.2441258281469345	0.06293617188930511	0.2746307849884033	0.08387371152639389	0.1316998451948166	-2.4813243726384826e-05	0.34238746762275696	0.10882090032100677	0.06455305963754654	0.10924971103668213	0.19841615855693817	0.35763785243034363	0.30517467856407166	0.3596629202365875	0.5472524762153625	0.09469978511333466	0.00840689241886139	0.14382705092430115	0.01962149702012539	0.33431410789489746	0.30095869302749634	-0.123583123087883	-0.0028072830755263567	0.22164392471313477	0.05950858071446419	-0.03629352152347565	-0.00016199216770473868	0.23310315608978271	0.115959532558918	0.30251607298851013	0.24919262528419495	0.2520223557949066	-0.1911170482635498	0.03163808584213257	0.10811588168144226	0.03641620650887489
HIP-tail-rh	0.1240953803062439	0.3600764274597168	0.44444864988327026	1.0	0.3196205198764801	0.11024773865938187	-0.09682836383581161	0.2112858146429062	0.4799312651157379	0.13937532901763916	0.17001307010650635	0.2917572855949402	0.4168022572994232	0.2700573205947876	0.0932692140340805	0.08838584274053574	0.2523655295372009	-0.026130564510822296	0.10377991944551468	0.0020027807913720608	0.5709481239318848	0.20277971029281616	0.22846215963363647	0.2051277458667755	-0.2599826157093048	0.15634475648403168	0.3275378346443176	0.48408791422843933	0.3833636939525604	-0.020948130637407303	0.08390369266271591	0.25623923540115356	-0.08391214907169342	0.46015429496765137	0.35637518763542175	0.03648422285914421	0.12801489233970642	0.14779497683048248	0.17434416711330414	0.16960464417934418	0.11623784899711609	0.27332037687301636	0.11513882875442505	0.24272912740707397	0.21469387412071228	0.23420476913452148	0.051815614104270935	0.12802773714065552	0.1168048158288002	0.3135626018047333
THA-VPm-rh	-0.398134708404541	0.09241281449794769	0.3824321925640106	0.3196205198764801	1.0	0.29701074957847595	0.4227679371833801	0.34259456396102905	0.23185127973556519	0.2189905345439911	0.18586619198322296	0.34551841020584106	0.21844437718391418	0.2619539201259613	0.22728575766086578	0.1867871731519699	0.21300046145915985	-0.01894732005894184	-0.2937028408050537	-0.31490951776504517	0.4953024685382843	0.21764396131038666	0.22994554042816162	0.13846805691719055	0.27028176188468933	-0.11650870740413666	0.068794384598732	0.01860634796321392	0.38840654492378235	0.3541133999824524	0.2180236577987671	0.2811046540737152	-0.15934570133686066	0.27653899788856506	0.14702990651130676	0.08357086777687073	0.2433309704065323	0.2973010540008545	0.2041391134262085	0.00019550179422367364	0.019177798181772232	0.3051925599575043	0.11518073827028275	-0.04203047975897789	0.07235408574342728	0.45583006739616394	-0.02538864128291607	0.19017064571380615	0.08138773590326309	0.30901429057121277
THA-VPl-rh	-0.43779507279396057	-0.18819458782672882	-0.037327248603105545	0.11024773865938187	0.29701074957847595	1.0	0.3389091491699219	0.09696204215288162	0.09897050261497498	0.4057663679122925	0.3485591411590576	0.2570103704929352	0.242364302277565	0.09537658840417862	-0.0674055740237236	0.03031976707279682	-0.09824101626873016	-0.27296388149261475	-0.08139254152774811	-0.3044496178627014	0.21605855226516724	0.24674823880195618	0.2690395712852478	0.254533588886261	0.031681399792432785	-0.2345476746559143	0.007090523838996887	0.058961667120456696	0.0524897500872612	0.2589452266693115	0.4693275988101959	0.4450658857822418	0.1261829137802124	0.05944262444972992	0.06874343752861023	0.3826262652873993	0.3218068778514862	0.28039491176605225	0.24841144680976868	-0.05647827684879303	0.01983613520860672	0.03903893008828163	-0.0947844386100769	0.005592874251306057	-0.2727625072002411	0.2605937421321869	-0.004343422595411539	0.2272007167339325	0.16854292154312134	0.2839791178703308
THA-VAi-rh	-0.2708570063114166	-0.11023019254207611	0.1326747089624405	-0.09682836383581161	0.4227679371833801	0.3389091491699219	1.0	0.3963406980037689	0.3140731155872345	0.3513307273387909	0.10160444676876068	0.193862184882164	0.04331241920590401	0.1920091062784195	-0.005388777703046799	0.08952311426401138	0.2284896969795227	0.10504135489463806	-0.3865561783313751	-0.4909503757953644	0.10398631542921066	0.1922268122434616	0.21430648863315582	0.14270254969596863	0.1090407520532608	-0.09128933399915695	-0.09730826318264008	-0.1094253808259964	0.1880563497543335	0.20179879665374756	0.2638188302516937	0.6077789068222046	-0.08129119127988815	0.16558203101158142	-0.17195262014865875	0.0982900932431221	0.3067191243171692	0.22184231877326965	0.17693078517913818	-0.04672325402498245	0.002995710587128997	0.27639132738113403	0.3563969135284424	-0.32157957553863525	-0.1248040422797203	0.39232897758483887	-0.19654716551303864	0.02810402773320675	0.06369391083717346	0.28711965680122375
THA-VAs-rh	-0.2095567286014557	-0.02650708518922329	0.22999687492847443	0.2112858146429062	0.34259456396102905	0.09696204215288162	0.3963406980037689	1.0	0.3847905099391937	0.3460020124912262	0.1875617653131485	0.31886231899261475	0.3888353109359741	0.3668976128101349	0.30507686734199524	0.3002297282218933	0.14962764084339142	0.13118629157543182	-0.12685233354568481	-0.26839393377304077	0.19651390612125397	0.13215692341327667	0.026738662272691727	0.143945574760437	0.05780094489455223	0.07149381935596466	-0.08161591738462448	-0.16726641356945038	0.28878387808799744	0.10976628959178925	0.28189006447792053	0.3625476658344269	0.46212103962898254	0.33720821142196655	0.05952071771025658	0.00938594900071621	0.3149166703224182	0.3064844012260437	0.4546356797218323	0.2368651032447815	0.0775059163570404	0.377266526222229	0.38004589080810547	-0.0519304983317852	-0.1321675032377243	0.08236770331859589	-0.039348799735307693	-0.013489396311342716	0.07040809839963913	0.20016436278820038
THA-DAm-rh	-0.12883321940898895	0.16652727127075195	0.2872709333896637	0.4799312651157379	0.23185127973556519	0.09897050261497498	0.3140731155872345	0.3847905099391937	1.0	0.4638230800628662	0.12689466774463654	0.2617860734462738	0.41370993852615356	0.469429612159729	0.15385255217552185	-0.008376618847250938	0.3623252809047699	0.2563231587409973	-0.3120025396347046	-0.3636987805366516	0.46403536200523376	0.21431566774845123	0.08755604922771454	0.0720779076218605	-0.36629152297973633	-0.06879311054944992	-0.001911586383357644	0.2267972230911255	0.2178819477558136	0.047795627266168594	0.26035913825035095	0.4992530345916748	-0.09753287583589554	0.49149206280708313	0.3510418236255646	-0.07109660655260086	0.2673913538455963	0.07779806107282639	0.38126158714294434	0.0922253280878067	0.21857328712940216	0.29945456981658936	0.4115526080131531	-0.10772727429866791	-0.06925248354673386	0.33783140778541565	-0.3351895213127136	-0.04594054073095322	-0.014785191975533962	0.09033037722110748
THA-DAl-rh	-0.4111146330833435	-0.3507559299468994	-0.0540594719350338	0.13937532901763916	0.2189905345439911	0.4057663679122925	0.3513307273387909	0.3460020124912262	0.4638230800628662	1.0	0.2566106915473938	0.3114578425884247	0.39220860600471497	0.3939029574394226	-0.061844129115343094	-0.1493290513753891	0.2426135390996933	-0.06065557152032852	-0.36183348298072815	-0.4319968521595001	0.15183262526988983	0.3008175492286682	0.06883469969034195	0.2255883812904358	-0.18421362340450287	-0.2712057828903198	-0.138777956366539	-0.17079375684261322	-0.05659091845154762	0.13809311389923096	0.524808406829834	0.42374202609062195	0.04324045777320862	0.27173471450805664	0.42253103852272034	0.0033903438597917557	0.29369163513183594	0.28066718578338623	0.4563223421573639	0.12056990712881088	0.048922184854745865	0.05212566629052162	0.05888667330145836	0.0438690260052681	-0.4120168089866638	0.10288675129413605	-0.3169043958187103	-0.010733047500252724	0.1440635621547699	0.19629372656345367
PUT-VA-rh	-0.21830616891384125	-0.1260298639535904	0.0011992761865258217	0.17001307010650635	0.18586619198322296	0.3485591411590576	0.10160444676876068	0.1875617653131485	0.12689466774463654	0.2566106915473938	1.0	0.7633064389228821	0.41752535104751587	0.5516901612281799	0.3733147084712982	0.49746081233024597	0.22783006727695465	0.33909276127815247	0.00443804869428277	-0.004476944450289011	0.19012202322483063	0.38198769092559814	0.44772255420684814	0.20730482041835785	0.11709680408239365	-0.22824174165725708	-0.14457891881465912	-0.02999298647046089	0.050742194056510925	0.2396603524684906	0.4012049734592438	0.21052786707878113	0.1926427036523819	0.05668991431593895	0.18308579921722412	0.7678515315055847	0.794469952583313	0.6140168309211731	0.6561737060546875	0.4739222526550293	0.5173205137252808	0.31851819157600403	0.07959293574094772	0.11341878026723862	0.020957665517926216	0.052539508789777756	0.2777232527732849	0.6009668707847595	0.24838155508041382	0.4431319534778595
PUT-DA-rh	-0.09808815270662308	-0.0887717455625534	0.16097132861614227	0.2917572855949402	0.34551841020584106	0.2570103704929352	0.193862184882164	0.31886231899261475	0.2617860734462738	0.3114578425884247	0.7633064389228821	1.0	0.44039496779441833	0.6928886771202087	0.2959904670715332	0.4568479657173157	0.21317796409130096	0.34776297211647034	-0.06306568533182144	-0.009728793986141682	0.2577515244483948	0.24634681642055511	0.34160393476486206	0.17565521597862244	0.011067836545407772	-0.1787489503622055	-0.19376850128173828	-0.059246599674224854	0.13239648938179016	0.06736099720001221	0.34115251898765564	0.32859811186790466	0.1463230699300766	0.20262478291988373	0.2679874002933502	0.5650558471679688	0.8340005278587341	0.5654423832893372	0.7116003632545471	0.3432968258857727	0.44575655460357666	0.2971770465373993	0.1809445172548294	0.09421002864837646	0.04289080202579498	0.055881399661302567	0.06495767831802368	0.35028722882270813	0.0856572613120079	0.3964729309082031
PUT-VP-rh	-0.1676812469959259	-0.08631066232919693	0.15414667129516602	0.4168022572994232	0.21844437718391418	0.242364302277565	0.04331241920590401	0.3888353109359741	0.41370993852615356	0.39220860600471497	0.41752535104751587	0.44039496779441833	1.0	0.6973943114280701	0.27754297852516174	0.24569500982761383	0.30606162548065186	0.1909177452325821	-0.1126522570848465	-0.11554098129272461	0.48249509930610657	0.10587374866008759	-0.09273096174001694	0.2410874217748642	-0.03858931362628937	-0.11546123027801514	-0.03453928232192993	-0.10441990941762924	0.22184185683727264	0.132399782538414	0.4579196870326996	0.20022183656692505	0.18330100178718567	0.46546754240989685	0.35557302832603455	0.16763795912265778	0.39007022976875305	0.5102946162223816	0.6735309958457947	0.2704879939556122	0.015119739808142185	0.23785936832427979	0.19795522093772888	0.18796642124652863	-0.09754925221204758	0.06895330548286438	-0.051609721034765244	0.2125236690044403	0.2559712827205658	0.01576700247824192
PUT-DP-rh	-0.1205480545759201	-0.2497013360261917	0.16152217984199524	0.2700573205947876	0.2619539201259613	0.09537658840417862	0.1920091062784195	0.3668976128101349	0.469429612159729	0.3939029574394226	0.5516901612281799	0.6928886771202087	0.6973943114280701	1.0	0.20922791957855225	0.25824812054634094	0.38054341077804565	0.44167450070381165	-0.09882783144712448	-0.08659985661506653	0.25797292590141296	0.15267176926136017	0.12420327216386795	0.14053025841712952	-0.18544375896453857	-0.27660849690437317	-0.19873808324337006	-0.2722356617450714	0.11676888167858124	0.059390660375356674	0.2290908843278885	0.19356369972229004	0.0631624162197113	0.20630621910095215	0.30377161502838135	0.2701200842857361	0.6576045155525208	0.611619770526886	0.8034457564353943	0.29472246766090393	0.2657789885997772	0.20672884583473206	0.2732217311859131	0.1968189924955368	-0.1270594596862793	-0.04490676149725914	-0.14153166115283966	0.23573580384254456	0.15168333053588867	0.12037315964698792
CAU-VA-rh	-0.043784867972135544	0.3147905468940735	0.2441258281469345	0.0932692140340805	0.22728575766086578	-0.0674055740237236	-0.005388777703046799	0.30507686734199524	0.15385255217552185	-0.061844129115343094	0.3733147084712982	0.2959904670715332	0.27754297852516174	0.20922791957855225	1.0	0.5653975009918213	0.11613535135984421	0.2817716896533966	-0.0007827426888979971	-0.11944786459207535	0.3732966184616089	0.25913846492767334	0.38267382979393005	0.1385471224784851	0.35095909237861633	0.2071041762828827	0.05069063976407051	0.1434945911169052	0.358761191368103	-0.010261189192533493	0.09630876779556274	0.14098483324050903	0.3599212169647217	0.18950796127319336	0.21032008528709412	0.2640240490436554	0.23923726379871368	0.0406649075448513	0.30089959502220154	0.6524907946586609	0.5542546510696411	0.453997403383255	0.2263651043176651	-0.06738323718309402	0.02198967896401882	0.1946522295475006	0.1558362990617752	0.5230016112327576	-0.06669225543737411	0.031394198536872864
CAU-DA-rh	0.00665963813662529	0.1155451238155365	0.06293617188930511	0.08838584274053574	0.1867871731519699	0.03031976707279682	0.08952311426401138	0.3002297282218933	-0.008376618847250938	-0.1493290513753891	0.49746081233024597	0.4568479657173157	0.24569500982761383	0.25824812054634094	0.5653975009918213	1.0	0.35410407185554504	0.38988953828811646	-0.014408046379685402	0.15636174380779266	0.1898825466632843	0.3540024161338806	0.4528931677341461	-0.027632638812065125	0.4759243428707123	0.2446918487548828	-0.0405479334294796	-0.14034220576286316	0.19850623607635498	0.1332799345254898	0.055117491632699966	0.07368271797895432	0.1394404023885727	0.04672553390264511	-0.10480257868766785	0.4994316101074219	0.3857804834842682	0.22933606803417206	0.3647691011428833	0.5367639064788818	0.625596821308136	0.540784478187561	0.17478953301906586	-0.0379779115319252	0.22637560963630676	0.17222003638744354	0.4057576656341553	0.6038585901260376	-0.07890177518129349	0.1703004390001297
CAU-body-rh	0.15014855563640594	0.1936924308538437	0.2746307849884033	0.2523655295372009	0.21300046145915985	-0.09824101626873016	0.2284896969795227	0.14962764084339142	0.3623252809047699	0.2426135390996933	0.22783006727695465	0.21317796409130096	0.30606162548065186	0.38054341077804565	0.11613535135984421	0.35410407185554504	1.0	0.3975347578525543	-0.06863363832235336	0.008428567089140415	0.27926576137542725	0.34706759452819824	0.19148071110248566	-0.05668378621339798	0.09972785413265228	0.1881481111049652	0.28710028529167175	-0.08999919146299362	0.12083236128091812	0.20662321150302887	-0.00742063345387578	0.11937360465526581	-0.31876665353775024	0.1922038197517395	0.009890169836580753	0.016896480694413185	0.15832796692848206	0.3797018229961395	0.17040690779685974	0.24488307535648346	0.28008270263671875	0.27910754084587097	0.19572758674621582	0.20544123649597168	0.02600964903831482	0.34795892238616943	-0.0523313544690609	0.33433374762535095	0.23986497521400452	0.1415160894393921
CAU-tail-rh	0.12193939834833145	0.13032808899879456	0.08387371152639389	-0.026130564510822296	-0.01894732005894184	-0.27296388149261475	0.10504135489463806	0.13118629157543182	0.2563231587409973	-0.06065557152032852	0.33909276127815247	0.34776297211647034	0.1909177452325821	0.44167450070381165	0.2817716896533966	0.38988953828811646	0.3975347578525543	1.0	-0.17310962080955505	-0.03464405983686447	-0.11343616247177124	0.16057603061199188	0.11495571583509445	-0.025429774075746536	0.09156700223684311	-0.04317868873476982	-0.09878157079219818	0.01071881502866745	0.07907421886920929	-0.006482208147644997	0.03827786073088646	-0.0412166602909565	-0.15453696250915527	-0.16237185895442963	0.08935313671827316	0.2974770665168762	0.43373650312423706	0.3094761371612549	0.3924029469490051	0.30708104372024536	0.552190899848938	0.45318663120269775	0.49904853105545044	-0.028128275647759438	0.2195175588130951	-0.02916480042040348	0.15207122266292572	0.23035870492458344	-0.15173067152500153	0.06642455607652664
lAMY-rh	0.4853798747062683	0.2584754228591919	0.1316998451948166	0.10377991944551468	-0.2937028408050537	-0.08139254152774811	-0.3865561783313751	-0.12685233354568481	-0.3120025396347046	-0.36183348298072815	0.00443804869428277	-0.06306568533182144	-0.1126522570848465	-0.09882783144712448	-0.0007827426888979971	-0.014408046379685402	-0.06863363832235336	-0.17310962080955505	1.0	0.5520658493041992	-0.09918683767318726	-0.012855085544288158	-0.02194937691092491	0.08692625164985657	-0.0052607376128435135	0.2864910662174225	0.4008202850818634	0.13889630138874054	0.07805070281028748	-0.27062752842903137	-0.3075837790966034	-0.3608674705028534	0.370516300201416	-0.2533946633338928	-0.22606641054153442	0.13529613614082336	-0.1563388556241989	0.08067881315946579	-0.17681963741779327	0.09804338961839676	-0.03932717442512512	-0.23320530354976654	-0.42731499671936035	0.4955279231071472	-0.19429704546928406	-0.447342187166214	0.2226332724094391	-0.011949054896831512	0.22215315699577332	0.0681052878499031
mAMY-rh	0.5967060923576355	0.19419145584106445	-2.4813243726384826e-05	0.0020027807913720608	-0.31490951776504517	-0.3044496178627014	-0.4909503757953644	-0.26839393377304077	-0.3636987805366516	-0.4319968521595001	-0.004476944450289011	-0.009728793986141682	-0.11554098129272461	-0.08659985661506653	-0.11944786459207535	0.15636174380779266	0.008428567089140415	-0.03464405983686447	0.5520658493041992	1.0	-0.3280148506164551	-0.10143246501684189	-0.1063423901796341	0.030371133238077164	0.14489734172821045	0.373274028301239	0.15902496874332428	0.0659208670258522	-0.25037482380867004	-0.25608769059181213	-0.34416162967681885	-0.33328452706336975	0.1588285267353058	-0.2637239396572113	-0.10466667264699936	0.03706284239888191	-0.1918482929468155	0.023249223828315735	-0.1487589329481125	0.08074533194303513	-0.05169156566262245	-0.2223602533340454	-0.3496253788471222	0.28583917021751404	0.27093806862831116	-0.3839467763900757	0.1560029834508896	-0.08935832977294922	0.16991132497787476	-0.040487054735422134
THA-DP-rh	-0.2008262276649475	0.3034359812736511	0.34238746762275696	0.5709481239318848	0.4953024685382843	0.21605855226516724	0.10398631542921066	0.19651390612125397	0.46403536200523376	0.15183262526988983	0.19012202322483063	0.2577515244483948	0.48249509930610657	0.25797292590141296	0.3732966184616089	0.1898825466632843	0.27926576137542725	-0.11343616247177124	-0.09918683767318726	-0.3280148506164551	1.0	0.18145422637462616	0.1735592782497406	0.04183867573738098	-0.00664536515250802	0.0011088858591392636	0.18279078602790833	0.2550373375415802	0.3577253520488739	0.13023997843265533	0.2913740277290344	0.36458486318588257	-0.046927668154239655	0.6712858080863953	0.18702629208564758	0.05586276575922966	0.2091968059539795	0.16108298301696777	0.2705836594104767	0.2403404712677002	0.09471210837364197	0.3036351799964905	0.20726901292800903	0.01828264817595482	0.016605479642748833	0.5556766986846924	0.01851125806570053	0.3088500201702118	0.13868141174316406	0.09279128909111023
NAc-shell-rh	0.08736874908208847	0.24747943878173828	0.10882090032100677	0.20277971029281616	0.21764396131038666	0.24674823880195618	0.1922268122434616	0.13215692341327667	0.21431566774845123	0.3008175492286682	0.38198769092559814	0.24634681642055511	0.10587374866008759	0.15267176926136017	0.25913846492767334	0.3540024161338806	0.34706759452819824	0.16057603061199188	-0.012855085544288158	-0.10143246501684189	0.18145422637462616	1.0	0.6166152954101562	0.06782127171754837	0.3427216708660126	0.14443935453891754	0.09721368551254272	0.1575189232826233	0.11490057408809662	0.16758418083190918	0.19998699426651	0.2190437763929367	0.011801040731370449	0.04617130756378174	0.14301317930221558	0.32353726029396057	0.30503177642822266	0.21457558870315552	0.23748517036437988	0.41406285762786865	0.551173985004425	0.2651014029979706	0.022292355075478554	0.2929270267486572	-0.23035064339637756	0.17445069551467896	0.3009297847747803	0.5162179470062256	-0.1288549154996872	0.3937731087207794
NAc-core-rh	-0.096024289727211	0.1842179000377655	0.06455305963754654	0.22846215963363647	0.22994554042816162	0.2690395712852478	0.21430648863315582	0.026738662272691727	0.08755604922771454	0.06883469969034195	0.44772255420684814	0.34160393476486206	-0.09273096174001694	0.12420327216386795	0.38267382979393005	0.4528931677341461	0.19148071110248566	0.11495571583509445	-0.02194937691092491	-0.1063423901796341	0.1735592782497406	0.6166152954101562	1.0	-0.015364356338977814	0.23763039708137512	0.08645143359899521	0.11818628758192062	0.1720704287290573	0.18711747229099274	0.08449676632881165	0.020312702283263206	0.34599941968917847	-0.0008846280979923904	-0.04101170599460602	0.10670880228281021	0.4618845582008362	0.3559550940990448	0.1680985540151596	0.17050307989120483	0.3775251805782318	0.6406176686286926	0.35243552923202515	0.0022411118261516094	0.05742807686328888	-0.0961972177028656	0.3099101185798645	0.3103502690792084	0.5661630630493164	-0.20174893736839294	0.2596220374107361
pGP-rh	0.1007414385676384	-0.02019493654370308	0.10924971103668213	0.2051277458667755	0.13846805691719055	0.254533588886261	0.14270254969596863	0.143945574760437	0.0720779076218605	0.2255883812904358	0.20730482041835785	0.17565521597862244	0.2410874217748642	0.14053025841712952	0.1385471224784851	-0.027632638812065125	-0.05668378621339798	-0.025429774075746536	0.08692625164985657	0.030371133238077164	0.04183867573738098	0.06782127171754837	-0.015364356338977814	1.0	0.03385886922478676	0.14263884723186493	0.024826085194945335	0.16237574815750122	0.0020001346711069345	-0.0444420650601387	0.24292722344398499	0.24689005315303802	0.2987178862094879	0.035696085542440414	0.26214930415153503	0.23320189118385315	0.1299380660057068	0.16560693085193634	0.12260454148054123	0.26864686608314514	-0.031304534524679184	-0.1359885036945343	-0.01079344842582941	0.007814760319888592	-0.07940810173749924	-0.11431743949651718	0.04434977471828461	0.13618646562099457	0.34934550523757935	0.4512232542037964
aGP-rh	0.06540180742740631	0.2650931775569916	0.19841615855693817	-0.2599826157093048	0.27028176188468933	0.031681399792432785	0.1090407520532608	0.05780094489455223	-0.36629152297973633	-0.18421362340450287	0.11709680408239365	0.011067836545407772	-0.03858931362628937	-0.18544375896453857	0.35095909237861633	0.4759243428707123	0.09972785413265228	0.09156700223684311	-0.0052607376128435135	0.14489734172821045	-0.00664536515250802	0.3427216708660126	0.23763039708137512	0.03385886922478676	1.0	0.35782942175865173	0.10507369786500931	-0.0755101814866066	0.13951000571250916	0.2888437509536743	0.1638515740633011	-0.05382779240608215	0.14064094424247742	-0.03667019307613373	-0.09093993902206421	0.08242626488208771	-0.008583246730268002	0.1950957328081131	-0.009277867153286934	0.196920707821846	0.17291483283042908	0.28055819869041443	-0.04456658288836479	0.1354045867919922	0.12473762780427933	0.2241450399160385	0.22458557784557343	0.35267767310142517	-0.06833904981613159	0.05243825912475586
HIP-head-m-lh	0.6131906509399414	0.39545169472694397	0.35763785243034363	0.15634475648403168	-0.11650870740413666	-0.2345476746559143	-0.09128933399915695	0.07149381935596466	-0.06879311054944992	-0.2712057828903198	-0.22824174165725708	-0.1787489503622055	-0.11546123027801514	-0.27660849690437317	0.2071041762828827	0.2446918487548828	0.1881481111049652	-0.04317868873476982	0.2864910662174225	0.373274028301239	0.0011088858591392636	0.14443935453891754	0.08645143359899521	0.14263884723186493	0.35782942175865173	1.0	0.35844695568084717	0.3659082353115082	0.2637697458267212	-0.06673271209001541	-0.10710041970014572	0.060777295380830765	0.21890617907047272	0.16182292997837067	-0.042180415242910385	-0.18460167944431305	-0.2936154305934906	-0.11330103129148483	-0.25521889328956604	0.11408292502164841	0.04162301495671272	0.09549307078123093	-0.12820103764533997	-0.0041299061849713326	0.16662153601646423	0.12341286987066269	-0.018418554216623306	-0.030263608321547508	0.1428556889295578	0.04886031895875931
HIP-head-l-l	0.13609158992767334	0.5598570108413696	0.30517467856407166	0.3275378346443176	0.068794384598732	0.007090523838996887	-0.09730826318264008	-0.08161591738462448	-0.001911586383357644	-0.138777956366539	-0.14457891881465912	-0.19376850128173828	-0.03453928232192993	-0.19873808324337006	0.05069063976407051	-0.0405479334294796	0.28710028529167175	-0.09878157079219818	0.4008202850818634	0.15902496874332428	0.18279078602790833	0.09721368551254272	0.11818628758192062	0.024826085194945335	0.10507369786500931	0.35844695568084717	1.0	0.36181890964508057	0.4098065495491028	0.03668766841292381	-0.21056248247623444	-0.031692128628492355	0.03505575284361839	-0.010467031970620155	0.06629578024148941	-0.128753662109375	-0.2564462125301361	0.12109159678220749	-0.23025301098823547	-0.05941499024629593	-0.05655306205153465	0.21422329545021057	-0.24601030349731445	0.3884216845035553	-0.024286890402436256	0.21554557979106903	0.020388908684253693	0.00861124787479639	0.01691935956478119	-0.03937579318881035
HIP-body-l	0.3258226215839386	0.6111498475074768	0.3596629202365875	0.48408791422843933	0.01860634796321392	0.058961667120456696	-0.1094253808259964	-0.16726641356945038	0.2267972230911255	-0.17079375684261322	-0.02999298647046089	-0.059246599674224854	-0.10441990941762924	-0.2722356617450714	0.1434945911169052	-0.14034220576286316	-0.08999919146299362	0.01071881502866745	0.13889630138874054	0.0659208670258522	0.2550373375415802	0.1575189232826233	0.1720704287290573	0.16237574815750122	-0.0755101814866066	0.3659082353115082	0.36181890964508057	1.0	0.31938058137893677	-0.23319871723651886	-0.04645492881536484	0.186351478099823	-0.014829253777861595	0.20187915861606598	0.23717129230499268	0.0481032133102417	-0.03065032884478569	-0.1666257530450821	-0.18027594685554504	0.026058055460453033	0.15969480574131012	0.16301694512367249	0.07365761697292328	0.014932774938642979	0.18377655744552612	0.21797031164169312	-0.08596507459878922	-0.08820389211177826	-0.0034746723249554634	0.1996222734451294
HIP-tail-lh	-0.01098756305873394	0.37516501545906067	0.5472524762153625	0.3833636939525604	0.38840654492378235	0.0524897500872612	0.1880563497543335	0.28878387808799744	0.2178819477558136	-0.05659091845154762	0.050742194056510925	0.13239648938179016	0.22184185683727264	0.11676888167858124	0.358761191368103	0.19850623607635498	0.12083236128091812	0.07907421886920929	0.07805070281028748	-0.25037482380867004	0.3577253520488739	0.11490057408809662	0.18711747229099274	0.0020001346711069345	0.13951000571250916	0.2637697458267212	0.4098065495491028	0.31938058137893677	1.0	0.23060117661952972	0.001786616980098188	0.07146531343460083	0.186128169298172	0.2817208766937256	0.18481948971748352	0.03646467253565788	-0.010750734247267246	0.20534268021583557	0.0992589071393013	0.12663587927818298	0.057032495737075806	0.49480459094047546	0.07282494753599167	0.23102128505706787	0.024402009323239326	0.4112488329410553	-0.054537996649742126	0.17786507308483124	0.045059170573949814	-0.025907542556524277
THA-VPm-lh	-0.3481977880001068	-0.049155235290527344	0.09469978511333466	-0.020948130637407303	0.3541133999824524	0.2589452266693115	0.20179879665374756	0.10976628959178925	0.047795627266168594	0.13809311389923096	0.2396603524684906	0.06736099720001221	0.132399782538414	0.059390660375356674	-0.010261189192533493	0.1332799345254898	0.20662321150302887	-0.006482208147644997	-0.27062752842903137	-0.25608769059181213	0.13023997843265533	0.16758418083190918	0.08449676632881165	-0.0444420650601387	0.2888437509536743	-0.06673271209001541	0.03668766841292381	-0.23319871723651886	0.23060117661952972	1.0	0.4398723244667053	0.03787875548005104	0.05002310872077942	0.06880882382392883	0.07537782937288284	0.09035246074199677	0.12275667488574982	0.35892191529273987	0.16148214042186737	-0.00041638934635557234	-0.016547702252864838	0.3805440068244934	0.03467641770839691	0.0605856254696846	0.0845346674323082	0.4807482063770294	0.13377518951892853	0.3360239565372467	0.2542761266231537	0.19724588096141815
THA-VPl-lh	-0.3398520350456238	-0.12190317362546921	0.00840689241886139	0.08390369266271591	0.2180236577987671	0.4693275988101959	0.2638188302516937	0.28189006447792053	0.26035913825035095	0.524808406829834	0.4012049734592438	0.34115251898765564	0.4579196870326996	0.2290908843278885	0.09630876779556274	0.055117491632699966	-0.00742063345387578	0.03827786073088646	-0.3075837790966034	-0.34416162967681885	0.2913740277290344	0.19998699426651	0.020312702283263206	0.24292722344398499	0.1638515740633011	-0.10710041970014572	-0.21056248247623444	-0.04645492881536484	0.001786616980098188	0.4398723244667053	1.0	0.35910162329673767	0.1521584391593933	0.3782998323440552	0.23912742733955383	0.23112043738365173	0.4389294385910034	0.347932904958725	0.5160002708435059	0.13461080193519592	0.02351999469101429	0.28274446725845337	0.21289809048175812	-0.12058202922344208	0.00794430822134018	0.24166814982891083	0.02673005498945713	0.18335294723510742	0.1386270374059677	0.23370321094989777
THA-VAi-lh	-0.22400492429733276	0.07645036280155182	0.14382705092430115	0.25623923540115356	0.2811046540737152	0.4450658857822418	0.6077789068222046	0.3625476658344269	0.4992530345916748	0.42374202609062195	0.21052786707878113	0.32859811186790466	0.20022183656692505	0.19356369972229004	0.14098483324050903	0.07368271797895432	0.11937360465526581	-0.0412166602909565	-0.3608674705028534	-0.33328452706336975	0.36458486318588257	0.2190437763929367	0.34599941968917847	0.24689005315303802	-0.05382779240608215	0.060777295380830765	-0.031692128628492355	0.186351478099823	0.07146531343460083	0.03787875548005104	0.35910162329673767	1.0	0.06408866494894028	0.47598206996917725	0.11506974697113037	0.11557662487030029	0.35688695311546326	0.19219018518924713	0.23022617399692535	0.1179882287979126	0.09463509917259216	0.14748536050319672	0.2883595824241638	-0.3363216519355774	-0.07637404650449753	0.5053073763847351	-0.2205556035041809	0.10138994455337524	0.14497166872024536	0.2810899317264557
THA-VAs-lh	0.04354993253946304	0.05033586174249649	0.01962149702012539	-0.08391214907169342	-0.15934570133686066	0.1261829137802124	-0.08129119127988815	0.46212103962898254	-0.09753287583589554	0.04324045777320862	0.1926427036523819	0.1463230699300766	0.18330100178718567	0.0631624162197113	0.3599212169647217	0.1394404023885727	-0.31876665353775024	-0.15453696250915527	0.370516300201416	0.1588285267353058	-0.046927668154239655	0.011801040731370449	-0.0008846280979923904	0.2987178862094879	0.14064094424247742	0.21890617907047272	0.03505575284361839	-0.014829253777861595	0.186128169298172	0.05002310872077942	0.1521584391593933	0.06408866494894028	1.0	0.022287407889962196	0.13676679134368896	0.19881443679332733	0.1150735393166542	0.1870991587638855	0.2682062089443207	0.39456623792648315	0.04485658183693886	0.11382032930850983	-0.08474566042423248	0.16194866597652435	-0.3545514941215515	-0.22562555968761444	0.11084713786840439	0.03312237933278084	0.21615850925445557	0.12180384993553162
THA-DAm-lh	-0.018969537690281868	0.15812082588672638	0.33431410789489746	0.46015429496765137	0.27653899788856506	0.05944262444972992	0.16558203101158142	0.33720821142196655	0.49149206280708313	0.27173471450805664	0.05668991431593895	0.20262478291988373	0.46546754240989685	0.20630621910095215	0.18950796127319336	0.04672553390264511	0.1922038197517395	-0.16237185895442963	-0.2533946633338928	-0.2637239396572113	0.6712858080863953	0.04617130756378174	-0.04101170599460602	0.035696085542440414	-0.03667019307613373	0.16182292997837067	-0.010467031970620155	0.20187915861606598	0.2817208766937256	0.06880882382392883	0.3782998323440552	0.47598206996917725	0.022287407889962196	1.0	0.2730712890625	-0.206816628575325	0.11348631978034973	0.11034797132015228	0.15989188849925995	0.09144682437181473	-0.144698828458786	0.1158706471323967	0.20511667430400848	-0.10593507438898087	0.05090836063027382	0.48065507411956787	-0.2882401645183563	0.03452165424823761	0.23775647580623627	0.019848743453621864
THA-DAl-lh	-0.06348296254873276	0.04170237109065056	0.30095869302749634	0.35637518763542175	0.14702990651130676	0.06874343752861023	-0.17195262014865875	0.05952071771025658	0.3510418236255646	0.42253103852272034	0.18308579921722412	0.2679874002933502	0.35557302832603455	0.30377161502838135	0.21032008528709412	-0.10480257868766785	0.009890169836580753	0.08935313671827316	-0.22606641054153442	-0.10466667264699936	0.18702629208564758	0.14301317930221558	0.10670880228281021	0.26214930415153503	-0.09093993902206421	-0.042180415242910385	0.06629578024148941	0.23717129230499268	0.18481948971748352	0.07537782937288284	0.23912742733955383	0.11506974697113037	0.13676679134368896	0.2730712890625	1.0	-0.08451536297798157	0.15128420293331146	0.15629024803638458	0.34246355295181274	0.12698441743850708	0.1415083110332489	0.21265381574630737	-0.06467191874980927	0.19560658931732178	-0.0990404337644577	0.06394270062446594	-0.29619207978248596	-0.003765262197703123	-0.012012779712677002	-0.06173098459839821
PUT-VA-lh	-0.16984380781650543	-0.08390046656131744	-0.123583123087883	0.03648422285914421	0.08357086777687073	0.3826262652873993	0.0982900932431221	0.00938594900071621	-0.07109660655260086	0.0033903438597917557	0.7678515315055847	0.5650558471679688	0.16763795912265778	0.2701200842857361	0.2640240490436554	0.4994316101074219	0.016896480694413185	0.2974770665168762	0.13529613614082336	0.03706284239888191	0.05586276575922966	0.32353726029396057	0.4618845582008362	0.23320189118385315	0.08242626488208771	-0.18460167944431305	-0.128753662109375	0.0481032133102417	0.03646467253565788	0.09035246074199677	0.23112043738365173	0.11557662487030029	0.19881443679332733	-0.206816628575325	-0.08451536297798157	1.0	0.6875166893005371	0.43482154607772827	0.4553353786468506	0.4176669120788574	0.5284273028373718	0.21517939865589142	0.021387720480561256	0.024697212502360344	0.0009381130221299827	-0.09073863178491592	0.555591344833374	0.5410635471343994	0.049429476261138916	0.481575608253479
PUT-DA-l	-0.22016727924346924	-0.1683254837989807	-0.0028072830755263567	0.12801489233970642	0.2433309704065323	0.3218068778514862	0.3067191243171692	0.3149166703224182	0.2673913538455963	0.29369163513183594	0.794469952583313	0.8340005278587341	0.39007022976875305	0.6576045155525208	0.23923726379871368	0.3857804834842682	0.15832796692848206	0.43373650312423706	-0.1563388556241989	-0.1918482929468155	0.2091968059539795	0.30503177642822266	0.3559550940990448	0.1299380660057068	-0.008583246730268002	-0.2936154305934906	-0.2564462125301361	-0.03065032884478569	-0.010750734247267246	0.12275667488574982	0.4389294385910034	0.35688695311546326	0.1150735393166542	0.11348631978034973	0.15128420293331146	0.6875166893005371	1.0	0.6421036720275879	0.7724893093109131	0.2870205044746399	0.5071289539337158	0.34777387976646423	0.3142092823982239	-0.012104406021535397	-0.04294714331626892	0.05114135891199112	0.10473167896270752	0.3324865996837616	-0.024406995624303818	0.4202745854854584
PUT-VP-lh	-0.12683767080307007	-0.08689422160387039	0.22164392471313477	0.14779497683048248	0.2973010540008545	0.28039491176605225	0.22184231877326965	0.3064844012260437	0.07779806107282639	0.28066718578338623	0.6140168309211731	0.5654423832893372	0.5102946162223816	0.611619770526886	0.0406649075448513	0.22933606803417206	0.3797018229961395	0.3094761371612549	0.08067881315946579	0.023249223828315735	0.16108298301696777	0.21457558870315552	0.1680985540151596	0.16560693085193634	0.1950957328081131	-0.11330103129148483	0.12109159678220749	-0.1666257530450821	0.20534268021583557	0.35892191529273987	0.347932904958725	0.19219018518924713	0.1870991587638855	0.11034797132015228	0.15629024803638458	0.43482154607772827	0.6421036720275879	1.0	0.6087019443511963	0.13961882889270782	0.09249284118413925	0.25520142912864685	0.06131179258227348	0.39977046847343445	-0.13370941579341888	0.12936002016067505	0.027557410299777985	0.2682672142982483	0.3298206627368927	0.22892335057258606
PUT-DP-lh	-0.304461807012558	-0.23278914391994476	0.05950858071446419	0.17434416711330414	0.2041391134262085	0.24841144680976868	0.17693078517913818	0.4546356797218323	0.38126158714294434	0.4563223421573639	0.6561737060546875	0.7116003632545471	0.6735309958457947	0.8034457564353943	0.30089959502220154	0.3647691011428833	0.17040690779685974	0.3924029469490051	-0.17681963741779327	-0.1487589329481125	0.2705836594104767	0.23748517036437988	0.17050307989120483	0.12260454148054123	-0.009277867153286934	-0.25521889328956604	-0.23025301098823547	-0.18027594685554504	0.0992589071393013	0.16148214042186737	0.5160002708435059	0.23022617399692535	0.2682062089443207	0.15989188849925995	0.34246355295181274	0.4553353786468506	0.7724893093109131	0.6087019443511963	1.0	0.38589054346084595	0.3569251000881195	0.4169911742210388	0.26691368222236633	0.10870978981256485	-0.11359762400388718	-0.024009209126234055	0.053063951432704926	0.2387077510356903	0.03407951444387436	0.1450098603963852
