Node	LH_Vis_1	LH_Vis_2	LH_Vis_3	LH_Vis_4	LH_Vis_5	LH_Vis_6	LH_Vis_7	LH_Vis_8	LH_Vis_9	LH_SomMot_1	LH_SomMot_2	LH_SomMot_3	LH_SomMot_4	LH_SomMot_5	LH_SomMot_6	LH_DorsAttn_Post_1	LH_DorsAttn_Post_2	LH_DorsAttn_Post_3	LH_DorsAttn_Post_4	LH_DorsAttn_Post_5	LH_DorsAttn_Post_6	LH_DorsAttn_PrCv_1	LH_DorsAttn_FEF_1	LH_SalVentAttn_ParOper_1	LH_SalVentAttn_FrOperIns_1	LH_SalVentAttn_FrOperIns_2	LH_SalVentAttn_PFCl_1	LH_SalVentAttn_Med_1	LH_SalVentAttn_Med_2	LH_SalVentAttn_Med_3	LH_Limbic_OFC_1	LH_Limbic_TempPole_1	LH_Limbic_TempPole_2	LH_Cont_Par_1	LH_Cont_PFCl_1	LH_Cont_pCun_1	LH_Cont_Cing_1	LH_Default_Temp_1	LH_Default_Temp_2	LH_Default_Par_1	LH_Default_Par_2	LH_Default_PFC_1	LH_Default_PFC_2	LH_Default_PFC_3	LH_Default_PFC_4	LH_Default_PFC_5	LH_Default_PFC_6	LH_Default_PFC_7	LH_Default_pCunPCC_1	LH_Default_pCunPCC_2	RH_Vis_1	RH_Vis_2	RH_Vis_3	RH_Vis_4	RH_Vis_5	RH_Vis_6	RH_Vis_7	RH_Vis_8	RH_SomMot_1	RH_SomMot_2	RH_SomMot_3	RH_SomMot_4	RH_SomMot_5	RH_SomMot_6	RH_SomMot_7	RH_SomMot_8	RH_DorsAttn_Post_1	RH_DorsAttn_Post_2	RH_DorsAttn_Post_3	RH_DorsAttn_Post_4	RH_DorsAttn_Post_5	RH_DorsAttn_PrCv_1	RH_DorsAttn_FEF_1	RH_SalVentAttn_TempOccPar_1	RH_SalVentAttn_TempOccPar_2	RH_SalVentAttn_FrOperIns_1	RH_SalVentAttn_Med_1	RH_SalVentAttn_Med_2	RH_Limbic_OFC_1	RH_Limbic_TempPole_1	RH_Cont_Par_1	RH_Cont_Par_2	RH_Cont_PFCl_1	RH_Cont_PFCl_2	RH_Cont_PFCl_3	RH_Cont_PFCl_4	RH_Cont_Cing_1	RH_Cont_PFCmp_1	RH_Cont_pCun_1	RH_Default_Par_1	RH_Default_Temp_1	RH_Default_Temp_2	RH_Default_Temp_3	RH_Default_PFCv_1	RH_Default_PFCv_2	RH_Default_PFCdPFCm_1	RH_Default_PFCdPFCm_2	RH_Default_PFCdPFCm_3	RH_Default_pCunPCC_1	RH_Default_pCunPCC_2	LH-Pu	LH-Ca	LH-NAC	LH-EXA	LH-GPe	LH-GPi	LH-SNc_PBP_VTA	LH-RN	LH-SNr	LH-VeP	LH-HN	LH-HTH	LH-MN	LH-STH	RH-Pu	RH-Ca	RH-NAC	RH-EXA	RH-GPe	RH-GPi	RH-SNc_PBP_VTA	RH-RN	RH-SNr	RH-VeP	RH-HN	RH-HTH	RH-MN	RH-STH	LH-Pulvinar	LH-Anterior	LH-Medio_Dorsal	LH-Ventral_Latero_Dorsal	LH-Central_Lateral-Lateral_Posterior-Medial_Pulvinar	LH-Ventral_Anterior	LH-Ventral_Latero_Ventral	RH-Pulvinar	RH-Anterior	RH-Medio_Dorsal	RH-Ventral_Latero_Dorsal	RH-Central_Lateral-Lateral_Posterior-Medial_Pulvinar	RH-Ventral_Anterior	RH-Ventral_Latero_Ventral	LH_Hippocampus	LH_Amygdala	RH_Hippocampus	RH_Amygdala	Cerebellar_Region1	Cerebellar_Region2	Cerebellar_Region3	Cerebellar_Region4	Cerebellar_Region5	Cerebellar_Region6	Cerebellar_Region7	Cerebellar_Region8	Cerebellar_Region9	Cerebellar_Region10
LH_Vis_1	1.0	0.35909321904182434	0.5317840576171875	0.26410195231437683	-0.023943409323692322	0.3211606442928314	0.29228174686431885	-0.07505078613758087	0.12645073235034943	0.11422472447156906	0.19747750461101532	0.17767614126205444	-0.1637464165687561	0.3853614330291748	-0.3223803639411926	0.38459667563438416	0.2997548282146454	0.02932380512356758	-0.07694539427757263	-0.43889319896698	-0.49990418553352356	0.41401025652885437	0.46800902485847473	0.2978188991546631	0.33534005284309387	0.32787179946899414	-0.4543752670288086	0.15383680164813995	0.23236021399497986	0.0804014578461647	-0.4648992419242859	0.335544615983963	0.3586236238479614	0.10017598420381546	-0.35238900780677795	-0.19764208793640137	0.23534895479679108	0.13616640865802765	0.399537593126297	0.527869462966919	0.20663867890834808	0.13880611956119537	-0.3047754168510437	0.40088796615600586	0.16438186168670654	-0.46107929944992065	-0.26884201169013977	-0.21219614148139954	0.5381006598472595	0.15101151168346405	0.784170389175415	0.40813252329826355	0.34501904249191284	-0.03766459971666336	0.26994386315345764	0.6130318641662598	-0.29765498638153076	0.0877394825220108	0.23958154022693634	0.18084774911403656	-0.018678028136491776	-0.1030108705163002	0.24185879528522491	-0.1234140619635582	-0.10395780205726624	-0.1380833238363266	0.12391818314790726	-0.1336672604084015	-0.0820351243019104	-0.09400535374879837	-0.3614654541015625	0.17610305547714233	0.41709965467453003	0.41339221596717834	0.22047482430934906	0.013774977996945381	0.04040561616420746	0.13443134725093842	-0.589944064617157	-0.007984929718077183	0.007494073361158371	-0.35039135813713074	0.4329046905040741	-0.38455167412757874	-0.4030647277832031	-0.291562020778656	0.1312495768070221	0.050161849707365036	-0.1856278032064438	0.1045568436384201	0.4845260977745056	0.41024935245513916	0.5869408249855042	-0.06934133917093277	0.05604301020503044	0.2505280673503876	-0.43045416474342346	0.1986287534236908	0.5456483364105225	0.2948858141899109	0.646133542060852	0.700832724571228	-0.5160951018333435	0.02503705956041813	0.10101427137851715	-0.2682259976863861	0.19320347905158997	0.19213543832302094	0.24682176113128662	0.29530230164527893	0.3073277771472931	0.1688816249370575	-0.10080821067094803	0.5719022154808044	0.31635820865631104	0.6919130086898804	-0.10745464265346527	-0.06058953329920769	0.11987199634313583	-0.03449191525578499	0.013605326414108276	0.16079138219356537	0.39925163984298706	-0.004774712957441807	0.10035049170255661	0.04508614167571068	0.18896955251693726	-0.003672713413834572	0.3827873170375824	0.4139586091041565	0.6297485828399658	0.5099260210990906	0.277035117149353	0.3667544424533844	-0.26614439487457275	0.5215405821800232	0.23523950576782227	0.3314686715602875	0.11832470446825027	0.27092960476875305	0.42710551619529724	-0.0901794582605362	0.5983130931854248	0.5862995386123657	0.7197660803794861	0.017549702897667885	-0.255044162273407	0.0461668036878109	0.2114439606666565	-0.07319959253072739	-0.31155887246131897	-0.1636219620704651	0.025455273687839508	0.1324196457862854	0.03449854999780655	0.5016977787017822
LH_Vis_2	0.35909321904182434	1.0	0.5876994132995605	0.4807285964488983	0.720778226852417	0.7082410454750061	0.6653716564178467	0.48350128531455994	0.6106135249137878	-0.10059572756290436	0.12758059799671173	-3.208538373655756e-06	-0.4989697337150574	0.3663546144962311	0.040037233382463455	0.5619978904724121	0.20491667091846466	0.32822713255882263	-0.014190519228577614	0.05258055776357651	0.11859315633773804	-0.12751132249832153	0.18702560663223267	0.11313225328922272	0.1169440746307373	0.02414616197347641	-0.5309469699859619	0.06225493177771568	0.30795714259147644	0.041117113083601	-0.4315861761569977	-0.15370917320251465	0.2626933753490448	-0.07696019858121872	-0.512883722782135	0.08611942827701569	0.3026198744773865	0.11287693679332733	0.277240127325058	0.3378763496875763	0.1239585429430008	0.04317084327340126	-0.47870656847953796	0.07162989675998688	0.0986567884683609	-0.6556412577629089	-0.48859307169914246	-0.4325777590274811	0.655182957649231	0.3498489260673523	0.4041246175765991	0.8543745279312134	0.5296217203140259	0.4149097800254822	0.6692153811454773	0.6560255289077759	0.32140329480171204	0.5530253052711487	0.16879524290561676	0.16540023684501648	-0.13377350568771362	-0.26243171095848083	0.0653943344950676	0.25771665573120117	0.23778119683265686	0.06211113557219505	0.33707350492477417	0.2317884862422943	-0.24374474585056305	0.2975691854953766	0.03374194726347923	-0.1448981910943985	0.24640832841396332	0.38264182209968567	0.2591850757598877	-0.16642345488071442	0.19465631246566772	0.23371414840221405	-0.565566897392273	-0.31715601682662964	-0.3502348065376282	-0.00664621451869607	0.3572847247123718	-0.5568571090698242	-0.48214125633239746	-0.5542182326316833	0.2892424464225769	0.011799674481153488	0.06452073901891708	0.010046501643955708	0.042607828974723816	-0.1530783325433731	0.4438186287879944	-0.3575247824192047	-0.349343478679657	0.007709379307925701	-0.49704229831695557	-0.26329922676086426	0.4647170901298523	0.45395150780677795	0.3299323618412018	0.3687680661678314	-0.3352547883987427	-0.1309593766927719	0.15391334891319275	-0.08511507511138916	-0.44197505712509155	0.4262568950653076	-0.1787138283252716	0.18255801498889923	-0.16031119227409363	-0.1870768517255783	0.012877515517175198	-0.035047583281993866	0.2611886262893677	0.5756111741065979	-0.005112214479595423	-0.3787408471107483	0.10278215259313583	-0.047484543174505234	-0.03251681849360466	0.3582783341407776	0.4167931079864502	-0.20532900094985962	0.37080642580986023	-0.2758824825286865	0.2728255093097687	0.032650578767061234	0.5220173001289368	0.28152722120285034	0.38069114089012146	0.17990697920322418	0.30377328395843506	0.062278036028146744	-0.05267565697431564	0.4402189254760742	0.1308417171239853	-0.08875119686126709	0.3042527735233307	0.10544458031654358	0.08075963705778122	0.08789217472076416	0.1498083472251892	-0.1762896329164505	0.3052166700363159	-0.5489991903305054	0.1696527600288391	0.4091237485408783	0.4357539117336273	-0.07731696218252182	0.14036306738853455	0.2600225508213043	0.3471997380256653	0.44052669405937195	0.3858584463596344	0.24226604402065277
LH_Vis_3	0.5317840576171875	0.5876994132995605	1.0	-0.12308809161186218	0.27606087923049927	0.7908256649971008	0.3185541331768036	0.1430649310350418	0.6997201442718506	0.07908911257982254	0.23562854528427124	0.2907404601573944	-0.06919627636671066	0.43599629402160645	0.11556600034236908	0.4142392873764038	0.6060393452644348	0.35896965861320496	0.2940773367881775	0.003537021577358246	0.014975113794207573	0.4388017952442169	0.49195027351379395	0.5924408435821533	0.4100407361984253	0.42762672901153564	-0.0910167396068573	0.47219255566596985	0.661318838596344	0.46475064754486084	-0.3320924937725067	-0.14564625918865204	0.2027072161436081	0.3685157299041748	-0.10291994363069534	0.1563907414674759	0.41812190413475037	0.019710907712578773	0.2211102694272995	0.6745017170906067	0.34598806500434875	0.0686495378613472	-0.15101854503154755	0.12526726722717285	-0.19537988305091858	-0.32991212606430054	-0.1066141352057457	-0.012034031562507153	0.7521639466285706	0.38826704025268555	0.5242244601249695	0.6259284019470215	0.0612335279583931	-0.2685783803462982	0.5866394639015198	0.7944751381874084	-0.17191825807094574	0.6381481289863586	0.39652153849601746	0.26643019914627075	0.1599290817975998	-0.09371960908174515	0.24643151462078094	0.24594518542289734	0.20812071859836578	0.2510698139667511	0.1778767853975296	0.32429182529449463	0.1641707569360733	0.16129770874977112	0.18322843313217163	0.3738415539264679	0.5712900757789612	0.5452653765678406	0.5456884503364563	0.16092175245285034	0.481540322303772	0.5442523956298828	-0.39494746923446655	-0.19285210967063904	0.1911356896162033	0.1066230908036232	0.16697824001312256	-0.03443878889083862	-0.046814773231744766	-0.009187430143356323	0.3249366581439972	0.3656967580318451	0.2858657240867615	0.22693204879760742	0.2066616415977478	-0.03984195366501808	0.5256985425949097	-0.013871405273675919	0.12586002051830292	0.330026239156723	-0.0673779621720314	0.19275328516960144	0.6633127331733704	0.5797268152236938	0.23487745225429535	0.29776811599731445	-0.13921739161014557	0.14086012542247772	0.13239912688732147	-0.1890486627817154	-0.14334402978420258	0.4294273257255554	0.35334503650665283	-0.04301851615309715	-0.008473794907331467	-0.13613486289978027	0.006690784357488155	0.3204379379749298	0.4186345636844635	0.33853161334991455	-0.1525435596704483	-0.2898638844490051	0.02671581320464611	-0.2995472550392151	-0.2898896634578705	0.2984407842159271	0.16470935940742493	-0.2925528287887573	0.1764657348394394	-0.21294598281383514	0.05365272983908653	0.11696871370077133	0.5446678400039673	0.01911691203713417	0.4605686366558075	0.3686409294605255	0.4808316230773926	0.15837861597537994	0.03920193016529083	0.3494040071964264	0.11498560011386871	0.23436672985553741	0.1607968658208847	0.45725932717323303	0.07633711397647858	0.12187763303518295	0.2557379901409149	-0.10401232540607452	0.2037207931280136	-0.36649826169013977	0.1442050039768219	0.22828255593776703	0.2773127555847168	0.01289301086217165	-0.09363412111997604	-0.034387826919555664	-0.020705202594399452	0.10062897950410843	-0.06408760696649551	0.09891285747289658
LH_Vis_4	0.26410195231437683	0.4807285964488983	-0.12308809161186218	1.0	0.4304811656475067	0.138776496052742	0.4997154474258423	0.5624929070472717	0.006111246068030596	-0.4860682785511017	-0.4039387106895447	-0.5761308670043945	-0.6935939788818359	-0.09086401015520096	-0.3195831775665283	0.4339895248413086	-0.447111576795578	0.16346003115177155	-0.36589595675468445	0.045142315328121185	-0.06428947299718857	-0.5717573761940002	-0.07163864374160767	-0.449856698513031	-0.3753260672092438	-0.5622003078460693	-0.6149191856384277	-0.5628639459609985	-0.1917649805545807	-0.5174446702003479	-0.3678637444972992	0.17825348675251007	0.390279084444046	-0.26957473158836365	-0.5924279689788818	-0.30864718556404114	0.08805106580257416	-0.051651738584041595	0.3138299286365509	-0.07461985945701599	0.033230993896722794	-0.21258871257305145	-0.5877889394760132	0.004668302368372679	0.1272275447845459	-0.4911477565765381	-0.4173409938812256	-0.41983267664909363	0.09245419502258301	0.15645428001880646	0.2821359932422638	0.28187042474746704	0.7386865615844727	0.8893094062805176	0.2986784875392914	0.11666325479745865	0.5500523447990417	0.09651066362857819	-0.4492886960506439	-0.35931268334388733	-0.5679875612258911	-0.3445686995983124	-0.1519608199596405	-0.3660683333873749	-0.2007070779800415	-0.39564892649650574	0.296780526638031	-0.3573012351989746	-0.31301695108413696	0.34458860754966736	-0.25731971859931946	-0.4370812475681305	-0.10128902643918991	0.012950589880347252	-0.2805482745170593	-0.6024057865142822	-0.3021247684955597	-0.43226203322410583	-0.4918004274368286	-0.028722835704684258	-0.3988706171512604	-0.10993732511997223	0.38775137066841125	-0.6353558301925659	-0.5817110538482666	-0.6185482144355774	0.1823910027742386	-0.5097252130508423	-0.33758190274238586	-0.12733696401119232	0.25664910674095154	0.08513820171356201	0.17283959686756134	-0.5507107973098755	-0.5790568590164185	-0.3791691064834595	-0.7086756229400635	-0.3416663706302643	-0.04483526200056076	-0.08826341480016708	0.24669665098190308	0.354041188955307	-0.5027212500572205	-0.1972658634185791	-0.01934138499200344	-0.006402189843356609	-0.379454642534256	-0.09461254626512527	-0.41784659028053284	0.23851853609085083	0.10898829251527786	-0.04769888520240784	-0.10529831796884537	-0.04029316082596779	-0.18064990639686584	0.43067824840545654	-0.014729290269315243	-0.2681405544281006	-0.016355866566300392	-0.025541845709085464	0.3100704848766327	0.18772825598716736	0.47919824719429016	0.12571130692958832	0.07629138976335526	-0.03804493695497513	0.24986913800239563	-0.24001581966876984	0.2150290459394455	0.3685259521007538	0.11843781173229218	0.12010681629180908	-0.19260606169700623	-0.021935878321528435	-0.18850915133953094	0.43851998448371887	-0.09242283552885056	-0.20684130489826202	0.09667889773845673	-0.2103022336959839	-0.0024818528909236193	-0.22313366830348969	0.01401123683899641	0.07469502091407776	0.397345632314682	-0.1810442954301834	-0.10876396298408508	0.1152743473649025	0.4330877661705017	0.10857231914997101	0.2954874038696289	0.34302768111228943	0.6039189696311951	0.675552248954773	0.6178611516952515	0.618679404258728
LH_Vis_5	-0.023943409323692322	0.720778226852417	0.27606087923049927	0.4304811656475067	1.0	0.6301884651184082	0.6387096047401428	0.7934842705726624	0.6989558339118958	-0.2967209219932556	-0.011509355157613754	-0.24021489918231964	-0.5328122973442078	0.06522934138774872	0.26312491297721863	0.41897884011268616	0.13376237452030182	0.5359917283058167	-0.15543542802333832	0.4157961905002594	0.43590399622917175	-0.2689182162284851	0.14824803173542023	0.022865137085318565	-0.3049623370170593	-0.23621682822704315	-0.25324931740760803	0.02175925299525261	0.32201969623565674	0.1270555555820465	-0.25875627994537354	-0.27825257182121277	0.16640648245811462	0.046196937561035156	-0.2714955806732178	0.38188913464546204	0.2586109936237335	-0.15289092063903809	-0.10037337243556976	0.05344349518418312	0.03609340637922287	-0.3359454870223999	-0.4749813973903656	-0.2090817391872406	0.01295282319188118	-0.5519956350326538	-0.42699652910232544	-0.30234232544898987	0.5190272331237793	0.4730258584022522	-0.09792216122150421	0.5312014818191528	0.3649231791496277	0.5218659043312073	0.7103638648986816	0.2380916029214859	0.6638839244842529	0.5598720908164978	-0.0620511993765831	0.02543048933148384	-0.3998931050300598	-0.4773899018764496	-0.014644699171185493	0.3141029477119446	0.24497897922992706	0.26670610904693604	0.42438092827796936	0.04393143951892853	-0.09149383008480072	0.44896289706230164	0.35792067646980286	-0.2273903340101242	0.22316406667232513	-0.0085277846083045	0.15544502437114716	-0.28499504923820496	0.22710463404655457	0.23526768386363983	-0.39821580052375793	-0.33894655108451843	-0.3719925582408905	0.09363661706447601	0.14827294647693634	-0.3746585249900818	-0.25334277749061584	-0.4776357412338257	0.2459499090909958	-0.05060763657093048	0.2043423354625702	-0.2818431258201599	-0.21537458896636963	-0.5475325584411621	-0.08622149378061295	-0.6042569279670715	-0.5751131772994995	-0.23057422041893005	-0.4599269926548004	-0.3353564143180847	0.19154872000217438	0.17286963760852814	-0.14386235177516937	0.12987278401851654	-0.09042438864707947	-0.005366460885852575	0.18236598372459412	0.023741332814097404	-0.36003535985946655	0.3372088372707367	-0.21009615063667297	-0.05766524374485016	-0.3413139283657074	-0.49564579129219055	0.2759111821651459	-0.2976975440979004	0.047098781913518906	0.31207868456840515	-0.030815506353974342	-0.48241713643074036	-0.10485972464084625	0.2688544690608978	0.09753861278295517	0.17082113027572632	0.39228788018226624	-0.32826468348503113	0.5241810083389282	-0.519451379776001	0.4236951768398285	0.012944935820996761	0.25768572092056274	0.13405853509902954	0.1943613588809967	0.23195207118988037	0.18415729701519012	0.015999840572476387	-0.14071208238601685	0.19966915249824524	0.005546947475522757	-0.21217361092567444	0.34187567234039307	-0.10878785699605942	0.025509925559163094	0.07299846410751343	-0.23164276778697968	-0.3192952275276184	-0.14188991487026215	-0.567185640335083	0.2698323428630829	0.40026170015335083	0.5457984805107117	0.08959364891052246	0.41548866033554077	0.44986045360565186	0.43458032608032227	0.4891773760318756	0.49151304364204407	0.11154601722955704
LH_Vis_6	0.3211606442928314	0.7082410454750061	0.7908256649971008	0.138776496052742	0.6301884651184082	1.0	0.42485085129737854	0.49136966466903687	0.8106467127799988	-0.22643275558948517	0.14517591893672943	-0.056275997310876846	-0.3190747797489166	0.39438408613204956	0.27987417578697205	0.4470621347427368	0.4320453405380249	0.37335723638534546	-0.025939879938960075	0.16866479814052582	0.1873141974210739	0.030339591205120087	0.3002869486808777	0.36921796202659607	0.040547024458646774	0.058047566562891006	-0.24613067507743835	0.19717738032341003	0.5790468454360962	0.3498421907424927	-0.2299414426088333	0.007143942639231682	0.34727779030799866	0.24681882560253143	-0.2710956931114197	0.2362319529056549	0.5211045742034912	0.09592046588659286	0.25426816940307617	0.4273781478404999	0.3919922411441803	-0.06299744546413422	-0.22180616855621338	-0.11612052470445633	-0.0021147422958165407	-0.507459282875061	-0.2662820518016815	-0.21899005770683289	0.7629069089889526	0.6632288098335266	0.33675435185432434	0.5695478916168213	0.1443818211555481	0.01554148644208908	0.8606204986572266	0.6896708011627197	0.2239551693201065	0.7257171273231506	0.1868906170129776	0.014818527735769749	-0.11924295872449875	-0.20933176577091217	0.301795095205307	0.24630536139011383	0.11647610366344452	0.3261500298976898	0.245524063706398	0.12018084526062012	0.021622896194458008	0.21574462950229645	0.18161506950855255	0.14870585501194	0.38262471556663513	0.234412282705307	0.32408541440963745	-0.12418384104967117	0.3667486011981964	0.4373728036880493	-0.44724780321121216	-0.08759093284606934	-0.1091989204287529	0.17422734200954437	0.3274085521697998	-0.22512561082839966	-0.2146516889333725	-0.20890775322914124	0.4418772757053375	0.11892109364271164	0.21423594653606415	-0.07991215586662292	0.0856156125664711	-0.27196550369262695	0.3474690616130829	-0.3082457482814789	-0.29542630910873413	0.03602183237671852	-0.34800153970718384	-0.08878495544195175	0.47583940625190735	0.49455177783966064	-0.017166614532470703	0.287663072347641	-0.05090496316552162	0.018934553489089012	0.24663229286670685	-0.06278401613235474	-0.3296750485897064	0.4169571101665497	0.11661971360445023	-0.1291370391845703	-0.1357797384262085	-0.26910400390625	0.07214005291461945	0.06898389756679535	0.27005285024642944	0.41373106837272644	-0.10759754478931427	-0.6174562573432922	-0.07966714352369308	-0.12556281685829163	-0.34365832805633545	0.289935827255249	0.26682814955711365	-0.3825511038303375	0.3764875829219818	-0.29955780506134033	0.21496310830116272	0.1291813850402832	0.5799967646598816	-0.07286618649959564	0.26751720905303955	0.3656124174594879	0.40602412819862366	0.08011672645807266	0.05043692886829376	0.41149014234542847	-0.1315416693687439	-0.08142605423927307	0.23132489621639252	0.25107333064079285	-0.007289756089448929	0.16239780187606812	-0.038463082164525986	-0.2676655352115631	0.07631320506334305	-0.5031768679618835	0.25008806586265564	0.37875810265541077	0.5883324146270752	0.1456516981124878	0.18221034109592438	0.24032823741436005	0.21187444031238556	0.3888393044471741	0.2491811066865921	0.20403175055980682
LH_Vis_7	0.29228174686431885	0.6653716564178467	0.3185541331768036	0.4997154474258423	0.6387096047401428	0.42485085129737854	1.0	0.6417288184165955	0.5040550231933594	-0.10839666426181793	-0.11562878638505936	-0.09619326889514923	-0.518687903881073	0.37871986627578735	-0.15098810195922852	0.607666552066803	0.3309045135974884	0.5821613669395447	0.15430250763893127	0.0875556617975235	0.2109299898147583	-0.015528633259236813	0.294946551322937	0.2875208854675293	0.1124606728553772	-0.025417258962988853	-0.4438506066799164	0.013175006955862045	0.4062763452529907	0.024984072893857956	-0.4241834282875061	-0.2285296469926834	0.04103095456957817	0.057352930307388306	-0.40786123275756836	0.2253420054912567	0.3310104310512543	-0.15370945632457733	-0.07394707202911377	0.37369194626808167	0.2026214301586151	0.00517382612451911	-0.6321877837181091	0.32945093512535095	0.12410799413919449	-0.6284038424491882	-0.526506245136261	-0.44413477182388306	0.6689510345458984	0.35251984000205994	0.17047537863254547	0.6053856611251831	0.7479419708251953	0.5423588156700134	0.551933765411377	0.3807344436645508	0.5499305725097656	0.482860267162323	0.050640322268009186	0.06634991616010666	-0.2613810896873474	-0.34399574995040894	-0.07529011368751526	0.05324576422572136	0.4101172387599945	-0.04509718716144562	0.698664128780365	0.20298375189304352	0.07375228404998779	0.6413695812225342	0.18607793748378754	-0.07255985587835312	0.3014811873435974	0.42735958099365234	0.3788009583950043	-0.24332064390182495	0.260508269071579	0.16928552091121674	-0.5463849902153015	-0.2738891839981079	-0.08368340879678726	0.07890433818101883	0.43793660402297974	-0.3814575970172882	-0.33919379115104675	-0.49408990144729614	0.27579864859580994	-0.065927654504776	0.2302408665418625	0.13344404101371765	0.10932590067386627	-0.22963003814220428	0.15872131288051605	-0.3534868061542511	-0.1814752072095871	0.1372782438993454	-0.4124201238155365	-0.15349017083644867	0.5714370012283325	0.5053125023841858	0.3442058861255646	0.34893694519996643	-0.3684817850589752	0.005806217435747385	-0.004632054828107357	-0.12801045179367065	-0.036602795124053955	0.3582640588283539	-0.08135654777288437	0.07269889861345291	-0.022594526410102844	-0.34027934074401855	0.14451254904270172	0.042886123061180115	0.25511616468429565	0.37120988965034485	-0.14530572295188904	-0.350281298160553	-0.0633275955915451	-0.009116189554333687	0.20703938603401184	0.13240288197994232	0.38083845376968384	-0.3960798978805542	0.4147784113883972	-0.2348644733428955	0.40453097224235535	-0.31319376826286316	0.23440808057785034	0.2794141471385956	0.4079047441482544	0.32153186202049255	0.21943478286266327	0.02169213816523552	-0.07739376276731491	0.5593015551567078	0.10771645605564117	0.07183251529932022	0.3145085871219635	0.12376014143228531	0.1984114795923233	0.12760603427886963	0.03126523643732071	0.07918121665716171	0.17550089955329895	-0.5675726532936096	-0.07720888406038284	0.31045717000961304	0.48199090361595154	-0.3002658486366272	0.0025585119146853685	0.17205777764320374	0.35978853702545166	0.43146082758903503	0.3723379373550415	0.17327484488487244
LH_Vis_8	-0.07505078613758087	0.48350128531455994	0.1430649310350418	0.5624929070472717	0.7934842705726624	0.49136966466903687	0.6417288184165955	1.0	0.5807298421859741	-0.6475989818572998	-0.4450838267803192	-0.5774879455566406	-0.7227138876914978	-0.1124580055475235	0.08742383122444153	0.41160905361175537	-0.02286636456847191	0.6700398325920105	-0.1129976138472557	0.482710063457489	0.419389933347702	-0.39093655347824097	0.09765508025884628	-0.018529772758483887	-0.5250951051712036	-0.5089747905731201	-0.23201438784599304	-0.2078581303358078	0.306516170501709	-0.008561589755117893	-0.3136829137802124	-0.25645527243614197	0.18706628680229187	0.11454939842224121	-0.2499663233757019	0.24091418087482452	0.3659477233886719	-0.39932551980018616	-0.15838702023029327	-0.06253735721111298	0.22273388504981995	-0.5271261930465698	-0.5142606496810913	-0.24461184442043304	-0.05492834374308586	-0.540702223777771	-0.34710654616355896	-0.3254787027835846	0.4139256179332733	0.557317316532135	-0.1588887870311737	0.2811031937599182	0.44233429431915283	0.645346462726593	0.5770382285118103	0.07347568869590759	0.8693224191665649	0.52424556016922	-0.48691418766975403	-0.3456382751464844	-0.6830463409423828	-0.6164631843566895	-0.23268873989582062	0.08314120024442673	0.21899572014808655	0.07744091004133224	0.5374109148979187	-0.10300499200820923	-0.02569478563964367	0.650730311870575	0.3430293798446655	-0.26576825976371765	0.20312507450580597	-0.10611273348331451	0.030920477584004402	-0.5703712105751038	0.15564218163490295	-0.007189267314970493	-0.43470311164855957	-0.2550917863845825	-0.20892971754074097	0.29597386717796326	0.2804741859436035	-0.31442102789878845	-0.23472902178764343	-0.38614538311958313	0.4034433662891388	-0.30706655979156494	0.16242071986198425	-0.2282603234052658	-0.08897851407527924	-0.5916309952735901	-0.1973467767238617	-0.7494864463806152	-0.5780677795410156	-0.37310102581977844	-0.5085812211036682	-0.26172909140586853	0.1268668919801712	0.09657556563615799	-0.19942954182624817	0.13412243127822876	-0.10868949443101883	0.11040869355201721	0.040561746805906296	-0.1461752951145172	-0.3856876790523529	0.15944594144821167	-0.061028823256492615	-0.17949780821800232	-0.23463603854179382	-0.6277004480361938	0.27983537316322327	-0.22528329491615295	-0.03092142380774021	0.18488626182079315	-0.1883935034275055	-0.5695381760597229	-0.25838714838027954	0.05277278274297714	0.175992950797081	0.10780391097068787	0.4157801866531372	-0.20523984730243683	0.42129674553871155	-0.513379693031311	0.4891015291213989	-0.26847726106643677	0.17522387206554413	0.059230320155620575	0.050379808992147446	0.3012940287590027	0.00472400663420558	-0.16234228014945984	-0.13823819160461426	0.2628370225429535	-0.16432340443134308	-0.281745046377182	0.20834770798683167	-0.15447428822517395	0.016730602830648422	-0.12142346054315567	-0.28046026825904846	-0.34244850277900696	-0.16017548739910126	-0.558116614818573	0.19086536765098572	0.3241664469242096	0.6568739414215088	0.13490600883960724	0.5958311557769775	0.600174069404602	0.6933852434158325	0.7539456486701965	0.6991722583770752	0.29833778738975525
LH_Vis_9	0.12645073235034943	0.6106135249137878	0.6997201442718506	0.006111246068030596	0.6989558339118958	0.8106467127799988	0.5040550231933594	0.5807298421859741	1.0	-0.10103369504213333	0.1651197224855423	0.02671651728451252	-0.29879117012023926	0.2522805631160736	0.22084234654903412	0.21114395558834076	0.4934905171394348	0.5799957513809204	0.05957207828760147	0.35983943939208984	0.29977473616600037	0.12567076086997986	0.31201356649398804	0.49475014209747314	0.10370612889528275	0.15034089982509613	-0.10068913549184799	0.32119983434677124	0.6369589567184448	0.4542646110057831	-0.34900909662246704	-0.36379650235176086	-0.0326259545981884	0.2923937737941742	-0.08906060457229614	0.433443158864975	0.31179121136665344	-0.16221460700035095	-0.08291852474212646	0.3473815321922302	0.20068442821502686	-0.1725396066904068	-0.3285309672355652	-0.22714625298976898	-0.15232646465301514	-0.5083535313606262	-0.32167568802833557	-0.19934527575969696	0.7228944301605225	0.5272887349128723	0.0767596885561943	0.5981773734092712	0.10943321138620377	0.026224609464406967	0.686279833316803	0.5994303226470947	0.34833574295043945	0.9023908972740173	0.14385651051998138	0.18734320998191833	-0.08879222720861435	-0.2698594927787781	0.11188781261444092	0.3964259624481201	0.35591113567352295	0.3170027434825897	0.3275239169597626	0.22431199252605438	0.10224832594394684	0.44267845153808594	0.4280741512775421	0.08326463401317596	0.44696763157844543	0.14636415243148804	0.4758894741535187	-0.03365230932831764	0.42148804664611816	0.45473095774650574	-0.4282791316509247	-0.28375712037086487	-0.09640906751155853	0.2543611526489258	0.12320587038993835	-0.12693998217582703	-0.1063280776143074	-0.19343750178813934	0.19959542155265808	0.19984889030456543	0.36326467990875244	-0.16989770531654358	-0.08653338998556137	-0.4008427858352661	0.05729420483112335	-0.38101938366889954	-0.2805023193359375	0.0475112609565258	-0.2551683485507965	-0.07528351247310638	0.5352436900138855	0.3145466446876526	-0.12950915098190308	0.032191015779972076	0.13113152980804443	0.27751001715660095	0.311369389295578	-0.16119426488876343	-0.22619783878326416	0.47057104110717773	0.23592428863048553	-0.25256916880607605	-0.18772919476032257	-0.5081208944320679	0.2680114507675171	0.061739448457956314	0.17629267275333405	0.16116955876350403	-0.22630856931209564	-0.5513959527015686	-0.1193186342716217	-0.003559160977602005	-0.2677744925022125	0.04131244122982025	0.13346463441848755	-0.39888691902160645	0.4658390283584595	-0.4512377381324768	0.22921918332576752	-0.05757279694080353	0.2841103971004486	-0.14798875153064728	0.364700585603714	0.2986992299556732	0.16012661159038544	0.0445527657866478	-0.02567630633711815	0.17350690066814423	-0.0606389082968235	0.04998911917209625	0.26072388887405396	0.1667700707912445	0.0442880243062973	0.17982669174671173	-0.12226244062185287	-0.36428844928741455	-0.093712717294693	-0.6034818291664124	0.21248579025268555	0.4120897650718689	0.4512593746185303	0.06387829035520554	0.17984512448310852	0.27025341987609863	0.23671962320804596	0.3584630787372589	0.2652800679206848	0.027735311537981033
LH_SomMot_1	0.11422472447156906	-0.10059572756290436	0.07908911257982254	-0.4860682785511017	-0.2967209219932556	-0.22643275558948517	-0.10839666426181793	-0.6475989818572998	-0.10103369504213333	1.0	0.723910927772522	0.7733752131462097	0.705029308795929	0.2702859938144684	0.0942283347249031	-0.2895268499851227	0.3940141499042511	-0.3886515200138092	0.12393767386674881	-0.35355275869369507	-0.27261465787887573	0.42114344239234924	-0.015421257354319096	0.36233994364738464	0.7267926335334778	0.648658812046051	0.01400348823517561	0.4149545729160309	-0.04109770432114601	0.221043661236763	0.14523912966251373	-0.008332626894116402	-0.4766918122768402	-0.09322211891412735	-0.0200874675065279	0.12050769478082657	-0.4945751130580902	0.28707849979400635	-0.09494283050298691	0.24406102299690247	-0.49085286259651184	0.5457475781440735	0.022560346871614456	0.3442498445510864	0.015753312036395073	0.1656351387500763	-0.10551461577415466	-0.02150341123342514	0.0012047600466758013	-0.6226158142089844	0.14004260301589966	0.16462557017803192	-0.17004922032356262	-0.42071646451950073	-0.23268717527389526	0.2538911700248718	-0.5548593997955322	-0.11827442795038223	0.7946737408638	0.7473759055137634	0.7206082344055176	0.588586688041687	0.4282020926475525	0.13309811055660248	-0.013977696187794209	0.17223092913627625	-0.24139335751533508	0.3727766275405884	0.20200511813163757	-0.2803848385810852	-0.11813046038150787	0.2210751324892044	-0.057910673320293427	0.28036510944366455	0.36199039220809937	0.6379041075706482	-0.02199932374060154	0.3233160674571991	0.17286254465579987	0.04908894747495651	0.05564014986157417	-0.33571410179138184	-0.24522791802883148	0.09221390634775162	0.07941322773694992	-0.01828828454017639	-0.5363366007804871	0.4495975375175476	0.09415218234062195	0.039676785469055176	-0.019237510859966278	0.4241412878036499	0.05072948336601257	0.5845147967338562	0.45758256316185	0.5206417441368103	0.29944148659706116	0.0073392014019191265	0.3082316517829895	0.07609144598245621	0.34121835231781006	-0.18216590583324432	0.19282813370227814	-0.12323836237192154	0.1501244604587555	0.1665031462907791	0.4663054049015045	-0.09758777916431427	-0.018117684870958328	0.39731156826019287	0.1865793913602829	0.35512876510620117	-0.13702042400836945	0.012433785013854504	0.22570526599884033	-0.06835803389549255	0.08811181783676147	0.41388529539108276	0.3961201012134552	0.2519839107990265	-0.13537661731243134	-0.2787144184112549	-0.40369081497192383	-0.23744666576385498	0.01848454959690571	0.285758912563324	-0.29330888390541077	0.18993575870990753	-0.25734004378318787	0.019569367170333862	0.21970349550247192	-0.1303388625383377	0.10929699242115021	0.2882237136363983	0.1309642642736435	-0.09710666537284851	0.20983640849590302	0.4061734974384308	0.09820171445608139	0.33759987354278564	0.18325796723365784	0.3271197974681854	0.19608063995838165	0.40993139147758484	0.1644570380449295	0.2659056782722473	-0.07853171229362488	0.08512994647026062	-0.3992980420589447	-0.29359737038612366	-0.6235239505767822	-0.52820885181427	-0.5535615682601929	-0.6381536722183228	-0.6307663321495056	-0.4221574366092682
LH_SomMot_2	0.19747750461101532	0.12758059799671173	0.23562854528427124	-0.4039387106895447	-0.011509355157613754	0.14517591893672943	-0.11562878638505936	-0.4450838267803192	0.1651197224855423	0.723910927772522	1.0	0.7615988254547119	0.5390943884849548	0.44407185912132263	0.3504047393798828	-0.29581111669540405	0.35478952527046204	-0.3758822977542877	-0.10415186733007431	-0.35027456283569336	-0.19257530570030212	0.29415762424468994	-0.005702501628547907	0.2826961278915405	0.5430886745452881	0.6369168758392334	-0.06923525780439377	0.36308231949806213	-0.06577405333518982	0.24008432030677795	0.07001129537820816	0.019594106823205948	-0.21204225718975067	-0.07820092141628265	-0.012902242131531239	0.14208024740219116	-0.3319642245769501	0.5279435515403748	0.1667177379131317	0.08856359869241714	-0.19281207025051117	0.38735130429267883	0.17083235085010529	0.14155523478984833	0.12334085255861282	-0.02947334013879299	-0.03439246118068695	-0.052588921040296555	0.18738530576229095	-0.21944020688533783	0.1061992421746254	0.21834152936935425	-0.3179570138454437	-0.43056541681289673	-0.018773220479488373	0.37361496686935425	-0.4611421525478363	0.03195831552147865	0.6393064856529236	0.7016116380691528	0.6334804892539978	0.457945853471756	0.62820965051651	0.31302642822265625	0.028905369341373444	0.39884665608406067	-0.39571598172187805	0.18568114936351776	-0.14776024222373962	-0.4433400630950928	-0.21463139355182648	0.08261333405971527	-0.1418735384941101	-0.026815662160515785	0.20846641063690186	0.44203928112983704	-0.19775857031345367	0.28933003544807434	-0.021256277337670326	-0.08001331984996796	-0.15472249686717987	-0.23603977262973785	-0.10115240514278412	-0.08924345672130585	-0.11935745179653168	-0.06249050796031952	-0.44395050406455994	0.31648796796798706	-0.056884489953517914	-0.2016891986131668	-0.08184446394443512	0.22669567167758942	0.13265593349933624	0.34295976161956787	0.1940511167049408	0.3672918975353241	0.04404731094837189	-0.056310318410396576	0.22247441112995148	0.019064882770180702	0.2527770400047302	0.004331094212830067	0.24091419577598572	-0.08738794177770615	0.44128382205963135	-0.06743484735488892	0.24248094856739044	0.13452273607254028	0.03810915723443031	0.2522135078907013	0.07506101578474045	0.21829012036323547	-0.09593209624290466	0.07171564549207687	0.25601837038993835	0.18395376205444336	-0.08760085701942444	0.13277964293956757	0.34204137325286865	0.34452709555625916	-0.42405590415000916	-0.11517512798309326	-0.16956672072410583	-0.20140577852725983	0.2690129578113556	0.10768074542284012	-0.1310306042432785	0.2740570306777954	0.08480699360370636	-0.0043448032811284065	0.27745571732521057	0.06341185420751572	0.09063424915075302	0.2307007759809494	0.11830943822860718	-0.11456231772899628	0.18114431202411652	0.15482383966445923	0.12360209226608276	0.18493682146072388	0.19071219861507416	0.32944536209106445	0.2773068845272064	0.20296022295951843	0.17385458946228027	0.03581581264734268	0.03737286105751991	0.19272999465465546	-0.2603413760662079	-0.19557732343673706	-0.327444463968277	-0.2489173263311386	-0.34496790170669556	-0.37865397334098816	-0.30731815099716187	-0.2440991997718811
LH_SomMot_3	0.17767614126205444	-3.208538373655756e-06	0.2907404601573944	-0.5761308670043945	-0.24021489918231964	-0.056275997310876846	-0.09619326889514923	-0.5774879455566406	0.02671651728451252	0.7733752131462097	0.7615988254547119	1.0	0.7241336107254028	0.46863096952438354	0.21416819095611572	-0.10585010051727295	0.49393898248672485	-0.16589483618736267	0.38742268085479736	-0.2954319417476654	0.0017230412922799587	0.5681771636009216	0.13045015931129456	0.4375314712524414	0.6224880814552307	0.8131649494171143	0.21385358273983002	0.579687774181366	0.06704345345497131	0.37205976247787476	0.03230736404657364	-0.2576008439064026	-0.32771390676498413	0.05705621838569641	0.21178480982780457	0.15014773607254028	-0.30422037839889526	0.39553284645080566	0.016840223222970963	0.2492634654045105	-0.13951852917671204	0.3943327069282532	0.29679739475250244	0.4161143898963928	-0.1856306791305542	0.23999126255512238	0.11701628565788269	0.1849469393491745	0.18709947168827057	-0.3217884302139282	0.1021660640835762	0.2488163858652115	-0.26396939158439636	-0.5598690509796143	-0.23565800487995148	0.26999741792678833	-0.5451533198356628	0.005616718903183937	0.6758280992507935	0.7822902798652649	0.7256048321723938	0.5778428316116333	0.34322527050971985	0.36511072516441345	0.26917389035224915	0.33359554409980774	-0.08642448484897614	0.39370623230934143	0.1413031816482544	-0.26575401425361633	0.07823891937732697	0.21051868796348572	0.08433631807565689	0.29444003105163574	0.36977821588516235	0.6099019050598145	0.033311568200588226	0.35900256037712097	0.05362297222018242	-0.22502495348453522	0.2153872549533844	-0.22593772411346436	-0.2884511649608612	0.2589115500450134	0.22024798393249512	0.14842742681503296	-0.41156426072120667	0.4815469980239868	0.13241703808307648	0.18593022227287292	-0.09349475800991058	0.18331103026866913	0.24914668500423431	0.5538381934165955	0.608934223651886	0.6515876650810242	0.4138844907283783	0.24297581613063812	0.28484001755714417	0.25408852100372314	0.25337719917297363	0.008584803901612759	0.10944566875696182	0.07676924020051956	0.08427924662828445	-0.15520988404750824	0.37426847219467163	0.24546803534030914	0.19622837007045746	0.15137918293476105	-0.10921169072389603	0.14207136631011963	-0.06595836579799652	0.24493350088596344	0.2472665160894394	-0.049366921186447144	-0.14939145743846893	0.3539581596851349	0.080498605966568	0.015571924857795238	-0.2164907455444336	0.0120982201769948	-0.21520183980464935	-0.295086145401001	-0.05903163552284241	0.13473020493984222	-0.21117602288722992	0.3352162837982178	-0.006079636048525572	-0.050785791128873825	0.15607719123363495	-0.025373436510562897	0.15139812231063843	-0.019685916602611542	0.13811196386814117	-0.2682763338088989	0.2538674771785736	0.2939188480377197	-0.01353417243808508	0.13348974287509918	-0.002552219433709979	0.24731186032295227	0.4076511263847351	0.25432005524635315	0.04167908802628517	0.039286475628614426	-0.024216776713728905	0.025472665205597878	-0.4977675974369049	-0.28384900093078613	-0.46102702617645264	-0.4141477346420288	-0.5429364442825317	-0.6020634174346924	-0.5500932335853577	-0.46880295872688293
