Node	DMN_LABEL_1	Vis_LABEL_2	FP_LABEL_3	Aud_LABEL_4	Tpole_LABEL_5	PMN_LABEL_6	PON_LABEL_7	MTL_LABEL_8	PON_LABEL_9	CO_LABEL_10	Sal_LABEL_11	CO_LABEL_12	SMd_LABEL_13	SMl_LABEL_14	DAN_LABEL_15	DMN_LABEL_16	CO_LABEL_17	DMN_LABEL_18	VAN_LABEL_19	CO_LABEL_20	CO_LABEL_21	Sal_LABEL_22	DAN_LABEL_23	PMN_LABEL_24	DAN_LABEL_25	DMN_LABEL_26	DMN_LABEL_27	DMN_LABEL_28	Vis_LABEL_29	FP_LABEL_30	Aud_LABEL_31	Tpole_LABEL_32	PMN_LABEL_33	PON_LABEL_34	MTL_LABEL_35	CO_LABEL_36	Sal_LABEL_37	CO_LABEL_38	SMd_LABEL_39	SMl_LABEL_40	DAN_LABEL_41	CO_LABEL_42	VAN_LABEL_43	CO_LABEL_44	CO_LABEL_45	Sal_LABEL_46	DAN_LABEL_47	PMN_LABEL_48	DAN_LABEL_49	DMN_LABEL_50	FP_LABEL_51	DMN_LABEL_52	DMN_LABEL_53	PON_LABEL_54	DMN_LABEL_55	Tpole_LABEL_56	Tpole_LABEL_57	Sal_LABEL_58	Sal_LABEL_59	SMd_LABEL_60	DAN_LABEL_61	FP_LABEL_62	DMN_LABEL_63	FP_LABEL_64	FP_LABEL_65	SMd_LABEL_66	SMl_LABEL_67	SMd_LABEL_68	DMN_LABEL_69	DAN_LABEL_70	DMN_LABEL_71	FP_LABEL_72	SMd_LABEL_73	SMl_LABEL_74	MTL_LABEL_75	MTL_LABEL_76	CO_LABEL_77	CO_LABEL_78	Vis_LABEL_79	Vis_LABEL_80
DMN_LABEL_1	1.0	-0.2825407087802887	-0.5555413961410522	-0.13356593251228333	0.02283650077879429	-0.3143741190433502	0.0934993177652359	n/a	0.06547808647155762	-0.5955421924591064	-0.09418350458145142	-0.49829381704330444	0.004000806715339422	0.0954781100153923	-0.4465617537498474	0.7110206484794617	-0.43260401487350464	0.7893611192703247	0.044441428035497665	-0.35877031087875366	-0.527168869972229	-0.08096031099557877	-0.2998030483722687	-0.37631145119667053	-0.2009320706129074	0.6071121692657471	0.7858631610870361	0.34194308519363403	-0.3848337233066559	-0.516794741153717	-0.13888157904148102	-0.3063884377479553	-0.2440512478351593	0.157653346657753	n/a	-0.5568315386772156	-0.19348102807998657	-0.2888663411140442	-0.17248855531215668	0.14819882810115814	-0.18500393629074097	-0.24868273735046387	-0.07181032747030258	-0.2642793357372284	-0.5599453449249268	-0.06698969006538391	-0.2146756500005722	-0.4608645439147949	-0.07793856412172318	0.7891596555709839	-0.4408220648765564	-0.003966271411627531	0.6402141451835632	0.02786141261458397	0.646366536617279	0.17092972993850708	0.04008042812347412	0.17799031734466553	0.13274377584457397	-0.3019872307777405	-0.062143780291080475	0.13913647830486298	-0.02114608697593212	0.25477907061576843	-0.1385873556137085	-0.032199688255786896	0.18400126695632935	-0.06769365817308426	0.4999343752861023	-0.07839494943618774	0.47081828117370605	-0.17232272028923035	-0.002528608310967684	0.12164724618196487	0.3090386986732483	0.1893954873085022	-0.19989798963069916	-0.2788134813308716	0.11758550256490707	0.08102183789014816
Vis_LABEL_2	-0.2825407087802887	1.0	-0.09532317519187927	0.03616880252957344	-0.034692637622356415	0.13348746299743652	0.3347845673561096	n/a	0.31582504510879517	-0.06540427356958389	-0.03257507085800171	-0.0692177414894104	-0.2803059220314026	-0.11067844927310944	0.40725213289260864	-0.30945008993148804	0.1355731189250946	-0.2923286259174347	-0.411169171333313	0.24962088465690613	0.008579354733228683	-0.0656033530831337	0.276675283908844	0.20652510225772858	0.18665793538093567	-0.11072026938199997	-0.29312664270401	-0.2704547941684723	0.9388188123703003	-0.09977725148200989	-0.10784376412630081	-0.26693081855773926	0.2744690477848053	0.2649646997451782	n/a	-0.06723544746637344	-0.039224375039339066	-0.21923822164535522	-0.27214372158050537	-0.05810040235519409	0.06640653312206268	-0.3309790790081024	-0.23742632567882538	0.11033058911561966	0.00457504577934742	0.11469511687755585	0.34626948833465576	0.41752320528030396	0.18871447443962097	-0.2941300868988037	-0.19156414270401	0.13870945572853088	-0.25641050934791565	0.19455398619174957	-0.1543072909116745	0.07491227984428406	0.10944563895463943	-0.27965402603149414	-0.3098524510860443	0.07135634869337082	0.18711639940738678	-0.21138693392276764	-0.07919274270534515	0.022485019639134407	-0.2632442116737366	-0.10000231862068176	0.16240181028842926	-0.0009303495171479881	-0.361704021692276	0.19341285526752472	-0.04358244314789772	0.2277059704065323	0.27345749735832214	-0.03315543755888939	0.04101825878024101	0.15405422449111938	-0.0901261493563652	0.15046168863773346	0.5085344314575195	0.11098919808864594
FP_LABEL_3	-0.5555413961410522	-0.09532317519187927	1.0	-0.06748490035533905	-0.29329967498779297	0.12649871408939362	-0.16544227302074432	n/a	-0.03793702647089958	0.4544978737831116	0.1265304982662201	0.2006181925535202	0.03170834109187126	-0.3369792103767395	0.23471954464912415	-0.2498648464679718	0.43924155831336975	-0.3577321171760559	-0.08533509075641632	0.10751549899578094	0.3889908790588379	0.05677056312561035	0.3232651650905609	0.33959850668907166	0.32971063256263733	-0.40888604521751404	-0.47004345059394836	0.10073700547218323	0.01571580395102501	0.6880684494972229	0.0013594792690128088	0.14275555312633514	0.242728129029274	-0.18073564767837524	n/a	0.48478126525878906	0.1124044880270958	0.15215671062469482	0.12433741986751556	-0.39066842198371887	0.2401900589466095	0.1769801378250122	-0.19725941121578217	0.03808595985174179	0.43104982376098633	-0.08507522195577621	0.22692365944385529	0.3647285997867584	0.20819324254989624	-0.5951097011566162	0.5366730093955994	-0.1134759932756424	-0.3275691866874695	-0.06636452674865723	-0.5727913975715637	-0.36485499143600464	-0.07465656846761703	0.19143860042095184	0.03258794918656349	0.37357643246650696	0.12178395688533783	-0.028881996870040894	-0.3476753234863281	-0.09432370215654373	0.15266461670398712	0.02380104549229145	-0.37743183970451355	-0.09744388610124588	-0.04611044377088547	0.06575317680835724	-0.2210368514060974	0.3583425283432007	-0.0011494181817397475	-0.2045525163412094	-0.3747672140598297	-0.3094601035118103	0.26314806938171387	0.18878020346164703	-0.12394766509532928	-0.026515604928135872
Aud_LABEL_4	-0.13356593251228333	0.03616880252957344	-0.06748490035533905	1.0	-0.08460032939910889	-0.1642889827489853	-0.02900380641222	n/a	-0.03073495253920555	0.3870372176170349	0.4454638957977295	0.45003876090049744	0.29566434025764465	0.23388729989528656	0.2865343391895294	0.1252758502960205	0.16854771971702576	0.11566412448883057	-0.12734612822532654	0.2490130215883255	0.3416549563407898	0.5203073024749756	-0.20298580825328827	-0.17760062217712402	-0.16678333282470703	-0.2843640446662903	0.016276102513074875	0.249119371175766	0.1294267773628235	-0.0649673268198967	0.8814612030982971	-0.08865582942962646	0.042461954057216644	-0.09273631125688553	n/a	0.40647339820861816	0.4143712818622589	0.3603005111217499	0.08295213431119919	0.2196614295244217	-0.04383989796042442	0.28164568543434143	-0.17513489723205566	0.5043855905532837	0.4356593191623688	0.40406665205955505	-0.349741131067276	-0.14076441526412964	-0.4192523956298828	-0.10834835469722748	0.07073502987623215	-0.12998539209365845	-0.25709453225135803	-0.18509970605373383	-0.3582485318183899	-0.2875645160675049	-0.07859485596418381	0.1792297661304474	0.1967301070690155	-0.0518074631690979	-0.008484180085361004	-0.13849233090877533	-0.31325075030326843	0.04157954826951027	-0.09989654272794724	-0.18768808245658875	0.0032702316530048847	0.07525449991226196	-0.31672313809394836	0.08018302172422409	-0.08733204007148743	0.06816180050373077	-0.2973337173461914	0.08729418367147446	0.21924005448818207	-0.07469575107097626	0.40707433223724365	0.32668837904930115	-0.17198897898197174	-0.02912655472755432
Tpole_LABEL_5	0.02283650077879429	-0.034692637622356415	-0.29329967498779297	-0.08460032939910889	1.0	-0.2102728933095932	-0.25387877225875854	n/a	-0.07178593426942825	-0.0684984028339386	-0.428268164396286	0.1869693547487259	-0.0010394689161330462	0.22410807013511658	0.10894950479269028	-0.22085438668727875	0.1631164252758026	-0.08385317027568817	0.1507449895143509	0.23449406027793884	0.17730045318603516	-0.1497820019721985	0.055194754153490067	-0.37311452627182007	-0.01770421490073204	0.1296585649251938	0.007565127220004797	-0.4345540702342987	-0.09865500032901764	-0.3927748501300812	-0.06378865987062454	0.3164287209510803	-0.4527044892311096	-0.0677182599902153	n/a	-0.0033817957155406475	-0.12294214218854904	0.19897344708442688	0.04251896217465401	0.1690794676542282	0.031230444088578224	0.19626083970069885	0.3102935254573822	0.15993614494800568	0.08922302722930908	0.28361576795578003	-0.025326693430542946	-0.383502721786499	-0.11072392761707306	0.13962383568286896	-0.34816259145736694	0.0242802444845438	0.00524131627753377	0.026293836534023285	0.2884196937084198	0.42805615067481995	0.3078939616680145	-0.008366532623767853	0.06814567744731903	-0.26948219537734985	-0.11763790249824524	-0.2042185366153717	0.29747822880744934	0.11984109878540039	-0.12262166291475296	0.3380904197692871	0.18752475082874298	0.15121732652187347	-0.15900622308254242	-0.12734994292259216	-0.1626262664794922	-0.3251676559448242	0.11475185304880142	0.25908762216567993	0.0007198922103270888	0.31630265712738037	0.22487491369247437	0.11333581805229187	0.15276344120502472	-0.038016729056835175
PMN_LABEL_6	-0.3143741190433502	0.13348746299743652	0.12649871408939362	-0.1642889827489853	-0.2102728933095932	1.0	-0.13549982011318207	n/a	-0.3029539883136749	0.13202394545078278	0.3374643623828888	0.22481684386730194	-0.2781393826007843	-0.17445993423461914	0.10279405117034912	-0.15112018585205078	-0.024117810651659966	-0.5266934633255005	-0.1364235132932663	0.05679277330636978	0.14190135896205902	0.14326025545597076	-0.08799725025892258	0.8328298926353455	-0.001319699571467936	-0.2632964849472046	-0.368587464094162	-0.01844971440732479	0.2234753519296646	0.3927178382873535	-0.1589934378862381	-0.1250096559524536	0.6939578652381897	-0.2805042862892151	n/a	0.038802314549684525	0.23989224433898926	-0.0034415677655488253	-0.10123927891254425	-0.17174136638641357	0.03611430525779724	-0.17078302800655365	-0.00010141253733308986	-0.19132256507873535	0.047533903270959854	0.03731885179877281	0.08112171292304993	0.7682573795318604	0.004667282570153475	-0.3267093002796173	0.5183576345443726	0.10926875472068787	-0.3218139111995697	-0.42407888174057007	-0.38681235909461975	-0.25676319003105164	-0.06260864436626434	-0.1413995623588562	0.07197772711515427	0.11951946467161179	-0.20551280677318573	0.22761625051498413	0.1553484946489334	-0.006243764888495207	0.3537561595439911	-0.26544076204299927	0.07626646012067795	0.26925504207611084	0.028125982731580734	0.09928957372903824	-0.01519499160349369	0.2923799753189087	0.16136087477207184	0.06691654771566391	-0.13982214033603668	-0.08163602650165558	-0.37802544236183167	-0.01586519367992878	-0.032251350581645966	0.051892559975385666
PON_LABEL_7	0.0934993177652359	0.3347845673561096	-0.16544227302074432	-0.02900380641222	-0.25387877225875854	-0.13549982011318207	1.0	n/a	0.6940947771072388	-0.38536861538887024	-0.041456419974565506	-0.40529316663742065	-0.060379669070243835	-0.06449779868125916	-0.1387845277786255	0.1253391057252884	-0.44681602716445923	0.13325247168540955	-0.012440198101103306	-0.3183208405971527	-0.5183455348014832	-0.2532924711704254	-0.005606073886156082	0.02203032746911049	-0.08331651985645294	0.1946360021829605	0.19923532009124756	0.13438037037849426	0.2175576239824295	-0.059389322996139526	-0.08330582827329636	-0.21895475685596466	0.057353775948286057	0.8905921578407288	n/a	-0.539004921913147	-0.07838119566440582	-0.43371278047561646	-0.33240634202957153	-0.034979019314050674	-0.18310266733169556	-0.4395986497402191	-0.1796843260526657	-0.0745801255106926	-0.5140731930732727	-0.35104018449783325	0.08794710785150528	0.04935140907764435	0.06427504122257233	0.014969058334827423	-0.16807617247104645	0.08083483576774597	0.2827562093734741	0.5490660071372986	0.25385865569114685	0.1762108951807022	0.03528715670108795	-0.050538063049316406	-0.07276102900505066	0.05611648038029671	0.10553164035081863	0.21979570388793945	-0.05784425139427185	0.07867753505706787	-0.1790582686662674	-0.16721954941749573	0.08471379429101944	-0.011631221510469913	-0.09895675629377365	0.23232337832450867	0.062741719186306	-0.07300493121147156	-0.056377608329057693	-0.13402076065540314	0.4605848491191864	0.23391051590442657	-0.36354154348373413	-0.01954575441777706	0.30003148317337036	-0.11544473469257355
MTL_LABEL_8	n/a	n/a	n/a	n/a	n/a	n/a	n/a	1.0	n/a	n/a	n/a	n/a	n/a	n/a	n/a	n/a	n/a	n/a	n/a	n/a	n/a	n/a	n/a	n/a	n/a	n/a	n/a	n/a	n/a	n/a	n/a	n/a	n/a	n/a	n/a	n/a	n/a	n/a	n/a	n/a	n/a	n/a	n/a	n/a	n/a	n/a	n/a	n/a	n/a	n/a	n/a	n/a	n/a	n/a	n/a	n/a	n/a	n/a	n/a	n/a	n/a	n/a	n/a	n/a	n/a	n/a	n/a	n/a	n/a	n/a	n/a	n/a	n/a	n/a	n/a	n/a	n/a	n/a	n/a	n/a
PON_LABEL_9	0.06547808647155762	0.31582504510879517	-0.03793702647089958	-0.03073495253920555	-0.07178593426942825	-0.3029539883136749	0.6940947771072388	n/a	1.0	-0.18895137310028076	-0.023116445168852806	-0.20778292417526245	0.07330597937107086	-0.09839332103729248	0.15837880969047546	-0.05330130085349083	-0.10286904871463776	0.16491691768169403	-0.24200652539730072	-0.18733370304107666	-0.24053776264190674	0.01017025951296091	0.3358110189437866	-0.19200488924980164	0.3661578297615051	0.07540280371904373	0.1682082563638687	0.07659214735031128	0.18805617094039917	-0.11266697198152542	-0.07560767978429794	-0.12506717443466187	-0.010232916101813316	0.7409085631370544	n/a	-0.23759789764881134	0.014944780617952347	-0.16869930922985077	-0.24844981729984283	-0.04607715457677841	0.13278153538703918	-0.3190869987010956	-0.29063141345977783	0.10959455370903015	-0.20982907712459564	0.05508657917380333	0.36729076504707336	-0.11659140884876251	0.2975243628025055	-0.09937384724617004	-0.24937120079994202	0.03612605482339859	0.1453372836112976	0.7554241418838501	0.21215511858463287	0.11318275332450867	0.06139926239848137	0.09575007110834122	-0.05572938174009323	0.0383913628757	0.43115341663360596	-0.008531793020665646	-0.24714413285255432	0.19403685629367828	-0.15584994852542877	-0.06827077269554138	0.05963483080267906	0.03807131573557854	0.023248447105288506	0.4624350368976593	-0.07388556748628616	0.049051787704229355	0.06667255610227585	-0.18937571346759796	0.2686707079410553	0.1773010790348053	-0.11923395097255707	0.002533713122829795	0.39617758989334106	0.0948181301355362
CO_LABEL_10	-0.5955421924591064	-0.06540427356958389	0.4544978737831116	0.3870372176170349	-0.0684984028339386	0.13202394545078278	-0.38536861538887024	n/a	-0.18895137310028076	1.0	0.3455108106136322	0.7918058633804321	0.15274110436439514	-0.08544980734586716	0.4844973385334015	-0.4192240536212921	0.7225232124328613	-0.42045098543167114	-0.046078819781541824	0.4629670977592468	0.8502714037895203	0.42432063817977905	0.23840738832950592	0.16425009071826935	0.29519492387771606	-0.5839849710464478	-0.5629656314849854	-0.12817592918872833	0.05683431774377823	0.26511040329933167	0.38000190258026123	0.4057087004184723	0.08446706831455231	-0.4534622132778168	n/a	0.8775265216827393	0.3579270839691162	0.6470028758049011	0.27007511258125305	-0.15792061388492584	0.28676190972328186	0.5272402167320251	0.12430764734745026	0.48997533321380615	0.7805660367012024	0.34487786889076233	0.03191830590367317	0.16827617585659027	-0.06331309676170349	-0.5988237857818604	0.33839911222457886	-0.05484955012798309	-0.6855494379997253	-0.3099123537540436	-0.7208283543586731	-0.2863019108772278	-0.06756286323070526	-0.025013959035277367	-0.00027115727425552905	0.2749846577644348	0.2084493488073349	-0.10133948177099228	-0.1593274027109146	-0.0771193653345108	0.1711878627538681	0.14731352031230927	-0.1756782978773117	0.26319804787635803	-0.21402476727962494	0.113530233502388	-0.3551577627658844	0.2709578573703766	0.0400327667593956	-0.08140160143375397	-0.15186356008052826	-0.24478423595428467	0.42591992020606995	0.20623284578323364	-0.21646182239055634	-0.01858062483370304
Sal_LABEL_11	-0.09418350458145142	-0.03257507085800171	0.1265304982662201	0.4454638957977295	-0.428268164396286	0.3374643623828888	-0.041456419974565506	n/a	-0.023116445168852806	0.3455108106136322	1.0	0.27536243200302124	0.1363624930381775	-0.008542603813111782	0.12855935096740723	0.17476125061511993	0.052943602204322815	-0.04514584690332413	-0.10283195227384567	-0.0009619641350582242	0.2601357400417328	0.7396085262298584	-0.20295754075050354	0.3977396786212921	-0.05287247523665428	-0.29887324571609497	-0.021195953711867332	0.33606237173080444	0.02176983840763569	0.29692158102989197	0.4884093999862671	-0.05818859860301018	0.4844661355018616	-0.16645358502864838	n/a	0.26167693734169006	0.6804503202438354	0.19560648500919342	-0.05149973928928375	0.00357715948484838	0.014074561186134815	0.22569379210472107	-0.09098473191261292	0.26592040061950684	0.26727035641670227	0.3565606474876404	-0.18393981456756592	0.35441431403160095	-0.23932050168514252	-0.24399222433567047	0.4443775713443756	-0.06267739087343216	-0.27120310068130493	-0.3473464548587799	-0.5166491866111755	-0.46832358837127686	0.0179545059800148	0.456211656332016	0.4602848291397095	0.07672452926635742	-0.040706567466259	0.05749211087822914	-0.34694913029670715	0.02282996103167534	0.07724025845527649	-0.3475259840488434	-0.04476595297455788	0.24342554807662964	0.10813837498426437	0.19597764313220978	-0.010160040110349655	0.3969709873199463	-0.1740194857120514	0.03169247508049011	0.263226181268692	0.0352766253054142	0.04666534438729286	0.2776378393173218	-0.16970758140087128	0.125639870762825
CO_LABEL_12	-0.49829381704330444	-0.0692177414894104	0.2006181925535202	0.45003876090049744	0.1869693547487259	0.22481684386730194	-0.40529316663742065	n/a	-0.20778292417526245	0.7918058633804321	0.27536243200302124	1.0	0.1264016330242157	0.09480561316013336	0.5961177349090576	-0.43234550952911377	0.6138318777084351	-0.4039551019668579	-0.14185115694999695	0.3497389853000641	0.7687506675720215	0.39866903424263	0.25642722845077515	0.07782304286956787	0.29740768671035767	-0.6056112051010132	-0.40542468428611755	-0.19882987439632416	0.04695257544517517	0.19466593861579895	0.4381977915763855	0.31351590156555176	0.018474100157618523	-0.45933613181114197	n/a	0.7645347714424133	0.4159211218357086	0.8123875856399536	0.327129989862442	0.015106256119906902	0.40517520904541016	0.5562336444854736	0.18127474188804626	0.4210423231124878	0.6943087577819824	0.5324845314025879	0.1197492852807045	0.06936860829591751	-0.07210437208414078	-0.5211282968521118	0.25522881746292114	-0.2315027415752411	-0.6656455397605896	-0.34072110056877136	-0.5765833854675293	-0.1957409679889679	0.06695810705423355	0.021632855758070946	0.06899448484182358	0.15148252248764038	0.10740778595209122	-0.16999785602092743	-0.06472095847129822	0.012632116675376892	0.22089113295078278	0.0646061897277832	-0.05746112018823624	0.2743905782699585	-0.29069510102272034	-0.011397402733564377	-0.3980451226234436	0.23202486336231232	-0.0661408007144928	0.09390455484390259	-0.13023227453231812	-0.08862049877643585	0.41704699397087097	0.25519436597824097	-0.10540410876274109	0.010382269509136677
SMd_LABEL_13	0.004000806715339422	-0.2803059220314026	0.03170834109187126	0.29566434025764465	-0.0010394689161330462	-0.2781393826007843	-0.060379669070243835	n/a	0.07330597937107086	0.15274110436439514	0.1363624930381775	0.1264016330242157	1.0	0.2303490936756134	0.2705647051334381	0.08387389779090881	0.06019975617527962	0.05443468317389488	0.022561421617865562	-0.22532370686531067	0.11095280200242996	0.2089664340019226	0.044963087886571884	-0.2395181506872177	0.051938384771347046	-0.26116856932640076	0.11237090826034546	0.11385370790958405	-0.2634489834308624	-0.09153850376605988	0.2238607406616211	0.28557002544403076	-0.24831083416938782	0.024453889578580856	n/a	0.15936239063739777	0.1222689226269722	0.16975344717502594	0.6251776814460754	0.20698948204517365	0.2877933382987976	0.2265547811985016	0.06928595155477524	0.020710282027721405	0.20127004384994507	0.2513817250728607	-0.042988114058971405	-0.3374362885951996	0.029375063255429268	-0.01195809617638588	0.049378518015146255	-0.21491935849189758	-0.12947238981723785	0.18524646759033203	-0.04822142794728279	-0.26848119497299194	-0.11710356175899506	0.2629305422306061	0.02512351982295513	0.043160583823919296	0.08080732822418213	-0.17919689416885376	-0.06967369467020035	-0.12032484263181686	-0.03992443531751633	0.25215616822242737	0.15309105813503265	0.18809711933135986	-0.0165412537753582	0.2594716250896454	-0.18915066123008728	0.007635879330337048	-0.028016576543450356	0.05842806398868561	-0.18414628505706787	-0.29964256286621094	0.3287647068500519	-0.1209770143032074	-0.2447892278432846	-0.03865965083241463
SMl_LABEL_14	0.0954781100153923	-0.11067844927310944	-0.3369792103767395	0.23388729989528656	0.22410807013511658	-0.17445993423461914	-0.06449779868125916	n/a	-0.09839332103729248	-0.08544980734586716	-0.008542603813111782	0.09480561316013336	0.2303490936756134	1.0	0.06449969857931137	-0.09811809659004211	-0.21748986840248108	-0.01061794813722372	0.17214250564575195	-0.1887902468442917	-0.09071403741836548	0.008777562528848648	-0.2343658059835434	-0.3984946608543396	-0.10029126703739166	-0.056729428470134735	0.019483504816889763	-0.19266343116760254	-0.09278938919305801	-0.16624023020267487	0.1765952706336975	0.06780325621366501	-0.3482191264629364	-0.03876223787665367	n/a	0.0513341948390007	0.11018441617488861	0.22879117727279663	0.36458227038383484	0.9707754850387573	0.09681404381990433	0.2607283592224121	0.3362785279750824	0.09225398302078247	-0.02705996483564377	0.17391279339790344	-0.10244014114141464	-0.3071865141391754	0.02742833085358143	0.30434343218803406	-0.26489806175231934	-0.19914604723453522	-0.18160252273082733	0.006012842059135437	0.1304682195186615	0.047657355666160583	0.20503289997577667	0.024760179221630096	-0.1890542060136795	0.042596012353897095	0.08014967292547226	-0.12188424170017242	0.08960066735744476	-0.07063637673854828	-0.20372596383094788	0.025709107518196106	0.6671521663665771	0.18274743854999542	-0.12395510822534561	0.07026474177837372	-0.2705927789211273	-0.4522649347782135	-0.23767533898353577	0.7066375017166138	0.1540406197309494	0.09844014048576355	0.1700506955385208	-0.014495930634438992	-0.10780680179595947	-0.1951780766248703
DAN_LABEL_15	-0.4465617537498474	0.40725213289260864	0.23471954464912415	0.2865343391895294	0.10894950479269028	0.10279405117034912	-0.1387845277786255	n/a	0.15837880969047546	0.4844973385334015	0.12855935096740723	0.5961177349090576	0.2705647051334381	0.06449969857931137	1.0	-0.5261304974555969	0.5966266989707947	-0.4701738655567169	-0.4486697316169739	0.3057863712310791	0.5730171203613281	0.28127607703208923	0.6358455419540405	0.0581301748752594	0.6435200572013855	-0.5766791701316833	-0.3984110355377197	-0.38620755076408386	0.43808525800704956	0.14287862181663513	0.11183105409145355	0.17369721829891205	-0.0031066855881363153	-0.1715562343597412	n/a	0.5207374691963196	0.16016004979610443	0.4546571969985962	0.3588021397590637	0.033995211124420166	0.7136262059211731	0.1784229874610901	-0.12295491248369217	0.36437809467315674	0.5792616605758667	0.48701730370521545	0.5769504308700562	0.1341990828514099	0.4271255433559418	-0.6492378115653992	-0.028981104493141174	-0.15091660618782043	-0.7178351879119873	-0.016001466661691666	-0.518143355846405	-0.23213687539100647	0.13201376795768738	-0.08665971457958221	-0.2484828233718872	0.25781840085983276	0.3971552550792694	-0.4202147424221039	-0.26910266280174255	0.013470235280692577	0.029599597677588463	0.14821137487888336	0.10287284106016159	0.2099095582962036	-0.46244552731513977	0.34293803572654724	-0.49040040373802185	0.33038294315338135	0.1602945327758789	0.041014596819877625	-0.23564594984054565	-0.19675730168819427	0.31694746017456055	0.09327056258916855	0.1874033361673355	0.001701140427030623
DMN_LABEL_16	0.7110206484794617	-0.30945008993148804	-0.2498648464679718	0.1252758502960205	-0.22085438668727875	-0.15112018585205078	0.1253391057252884	n/a	-0.05330130085349083	-0.4192240536212921	0.17476125061511993	-0.43234550952911377	0.08387389779090881	-0.09811809659004211	-0.5261304974555969	1.0	-0.44629764556884766	0.7150511145591736	-0.13825751841068268	-0.25834205746650696	-0.4453192949295044	0.10272983461618423	-0.555761992931366	-0.04079188033938408	-0.5031007528305054	0.5356712341308594	0.687808632850647	0.7545239925384521	-0.3542719781398773	-0.25273096561431885	0.17717008292675018	-0.42718207836151123	0.10124974697828293	0.1333324909210205	n/a	-0.4104260504245758	0.014993883669376373	-0.39376747608184814	-0.21288259327411652	-0.034817397594451904	-0.4507976770401001	-0.3114681839942932	-0.3112827241420746	-0.3361620604991913	-0.40968814492225647	-0.17102110385894775	-0.5613365173339844	-0.13510441780090332	-0.4136500358581543	0.6195575594902039	-0.04571709409356117	0.10663826018571854	0.6425029635429382	-0.07593779265880585	0.397202730178833	-0.06675199419260025	-0.23225581645965576	0.30229368805885315	0.31937918066978455	-0.3376508057117462	-0.24887843430042267	0.2550082802772522	-0.10224649310112	0.1764085739850998	-0.2215820848941803	-0.2252502292394638	-0.01292379666119814	-0.09575797617435455	0.4996024966239929	-0.13607610762119293	0.5997409820556641	-0.03824560344219208	-0.17642661929130554	0.01423574984073639	0.2765715420246124	0.027995988726615906	-0.1274084597826004	-0.21803483366966248	-0.06571544706821442	0.08237899094820023
CO_LABEL_17	-0.43260401487350464	0.1355731189250946	0.43924155831336975	0.16854771971702576	0.1631164252758026	-0.024117810651659966	-0.44681602716445923	n/a	-0.10286904871463776	0.7225232124328613	0.052943602204322815	0.6138318777084351	0.06019975617527962	-0.21748986840248108	0.5966266989707947	-0.44629764556884766	1.0	-0.33398962020874023	-0.23091784119606018	0.50945645570755	0.8360426425933838	0.20959988236427307	0.48331505060195923	0.0569293238222599	0.5302186608314514	-0.4623904228210449	-0.5051855444908142	-0.21337923407554626	0.17265649139881134	0.10441035777330399	0.11912307888269424	0.2860024571418762	-0.04487806558609009	-0.45836228132247925	n/a	0.743703305721283	0.1257159560918808	0.5511343479156494	0.2854577898979187	-0.2924536168575287	0.5020564198493958	0.4381442666053772	0.021337997168302536	0.388007253408432	0.7341607809066772	0.42664748430252075	0.2571885585784912	0.07554266601800919	0.16421355307102203	-0.49565428495407104	0.1107829362154007	-0.08473382145166397	-0.6272781491279602	-0.21624964475631714	-0.5526055097579956	-0.12028597295284271	0.013819257728755474	0.02249223366379738	-0.054575115442276	0.2069978564977646	0.28443655371665955	-0.23411713540554047	-0.09441965073347092	0.11396937817335129	0.11794496327638626	0.23153427243232727	-0.2516780495643616	0.0940699428319931	-0.18851405382156372	0.004783232696354389	-0.19060157239437103	0.4132881462574005	0.15152309834957123	-0.03454234078526497	-0.3592553734779358	-0.21781444549560547	0.536639392375946	0.20711088180541992	0.18240085244178772	0.14700418710708618
DMN_LABEL_18	0.7893611192703247	-0.2923286259174347	-0.3577321171760559	0.11566412448883057	-0.08385317027568817	-0.5266934633255005	0.13325247168540955	n/a	0.16491691768169403	-0.42045098543167114	-0.04514584690332413	-0.4039551019668579	0.05443468317389488	-0.01061794813722372	-0.4701738655567169	0.7150511145591736	-0.33398962020874023	1.0	0.11615440249443054	-0.33313602209091187	-0.4388239085674286	-0.04408438876271248	-0.291917085647583	-0.4577646553516388	-0.2192201167345047	0.47633644938468933	0.6646232604980469	0.4971511960029602	-0.37060728669166565	-0.4299840033054352	0.0874292254447937	-0.20810727775096893	-0.24282725155353546	0.1938839554786682	n/a	-0.4214298129081726	-0.07536549121141434	-0.23809078335762024	-0.2594360411167145	0.02081277035176754	-0.28587403893470764	-0.11016085743904114	-0.06466814875602722	-0.10484901070594788	-0.42002376914024353	-0.12798920273780823	-0.3559826612472534	-0.4978697597980499	-0.23991066217422485	0.6648390889167786	-0.3358658254146576	0.10485921055078506	0.6720867156982422	0.1339162439107895	0.4808870255947113	-0.08025417476892471	-0.10633343458175659	0.23343034088611603	0.1821122020483017	-0.4137447476387024	0.10081735998392105	0.03240280970931053	-0.10905762016773224	0.21025224030017853	-0.15752190351486206	-0.19935405254364014	-0.05636179819703102	-0.0986097902059555	0.370789498090744	-0.08151381462812424	0.4017462134361267	-0.11386029422283173	-0.1384005844593048	-0.12201742082834244	0.2607617974281311	0.0742129534482956	-0.05821213871240616	-0.11437499523162842	-0.043256282806396484	0.08464326709508896
VAN_LABEL_19	0.044441428035497665	-0.411169171333313	-0.08533509075641632	-0.12734612822532654	0.1507449895143509	-0.1364235132932663	-0.012440198101103306	n/a	-0.24200652539730072	-0.046078819781541824	-0.10283195227384567	-0.14185115694999695	0.022561421617865562	0.17214250564575195	-0.4486697316169739	-0.13825751841068268	-0.23091784119606018	0.11615440249443054	1.0	-0.19501851499080658	-0.10916417092084885	-0.1271144151687622	-0.1544610857963562	-0.12361707538366318	-0.2017422467470169	0.020254094153642654	-0.0284268781542778	-0.2984769344329834	-0.3863881230354309	0.02013227716088295	-0.06365064531564713	0.47325873374938965	-0.26675647497177124	0.013300658203661442	n/a	-0.16860157251358032	-0.006441147997975349	-0.04009417071938515	-0.08127237856388092	0.0805957093834877	-0.23686815798282623	0.3167339563369751	0.6130297183990479	0.11221904307603836	-0.17675729095935822	-0.2241917848587036	-0.21734027564525604	-0.23788900673389435	-0.16222552955150604	0.1942831426858902	0.01483474113047123	0.009225869551301003	0.14564774930477142	-0.06613266468048096	0.0819329172372818	-0.03428108990192413	0.1344974935054779	-0.07555348426103592	0.030536457896232605	-0.1275402456521988	-0.09785047918558121	0.19326242804527283	0.15399795770645142	-0.18540699779987335	0.14667633175849915	0.10231304913759232	-0.0474482923746109	0.03273375332355499	-0.09349822252988815	-0.18359310925006866	-0.27971574664115906	-0.40915927290916443	-0.22953897714614868	-0.011191438883543015	0.17189854383468628	0.11058296263217926	-0.011479001492261887	0.17619046568870544	-0.24808000028133392	-0.297598659992218
CO_LABEL_20	-0.35877031087875366	0.24962088465690613	0.10751549899578094	0.2490130215883255	0.23449406027793884	0.05679277330636978	-0.3183208405971527	n/a	-0.18733370304107666	0.4629670977592468	-0.0009619641350582242	0.3497389853000641	-0.22532370686531067	-0.1887902468442917	0.3057863712310791	-0.25834205746650696	0.50945645570755	-0.33313602209091187	-0.19501851499080658	1.0	0.48008233308792114	0.25566527247428894	0.11137664318084717	0.022307192906737328	0.12830707430839539	-0.06933388859033585	-0.2403075397014618	-0.24550476670265198	0.27498680353164673	-0.1294323205947876	0.17492835223674774	0.014333710074424744	-0.0352967269718647	-0.4018917977809906	n/a	0.4537475109100342	-0.07416678220033646	0.15536020696163177	-0.06282299757003784	-0.1640089750289917	-0.0069981287233531475	0.16405782103538513	-0.13638697564601898	0.2609625458717346	0.40176770091056824	0.3205380439758301	-0.04878354072570801	0.0315612368285656	-0.08779757469892502	-0.28452345728874207	-0.13724416494369507	0.19971734285354614	-0.3340400457382202	-0.23343907296657562	-0.25137972831726074	0.15023763477802277	0.17361082136631012	-0.11791006475687027	0.037821974605321884	0.03933124616742134	-0.10701040178537369	-0.13438616693019867	0.004148370120674372	-0.03118816949427128	0.1874801069498062	0.0830383151769638	-0.2043280303478241	-0.08719372749328613	-0.26629406213760376	-0.2292368859052658	0.055507369339466095	0.010678899474442005	-0.04239309951663017	-0.13139697909355164	0.010668007656931877	-0.0028833781834691763	0.161094531416893	0.32213181257247925	0.1485319435596466	0.059671059250831604
CO_LABEL_21	-0.527168869972229	0.008579354733228683	0.3889908790588379	0.3416549563407898	0.17730045318603516	0.14190135896205902	-0.5183455348014832	n/a	-0.24053776264190674	0.8502714037895203	0.2601357400417328	0.7687506675720215	0.11095280200242996	-0.09071403741836548	0.5730171203613281	-0.4453192949295044	0.8360426425933838	-0.4388239085674286	-0.10916417092084885	0.48008233308792114	1.0	0.4244846701622009	0.2845057547092438	0.12861566245555878	0.3441484272480011	-0.6442177891731262	-0.5084001421928406	-0.21814198791980743	0.0869346484541893	0.24100439250469208	0.2694495618343353	0.40121087431907654	0.00750143313780427	-0.5411893129348755	n/a	0.8316630125045776	0.43329599499702454	0.6776162385940552	0.23027819395065308	-0.1829587072134018	0.387518048286438	0.49747103452682495	0.10426085442304611	0.5478837490081787	0.8978633284568787	0.529992401599884	0.1023545116186142	0.14403051137924194	-0.030109819024801254	-0.5411290526390076	0.33179762959480286	-0.19613873958587646	-0.7130239605903625	-0.384736567735672	-0.6544632315635681	-0.21371595561504364	0.0354517437517643	0.032074205577373505	0.059450820088386536	0.12391188740730286	0.11141866445541382	-0.21971343457698822	-0.17984090745449066	-0.07943695783615112	0.16491664946079254	0.14224493503570557	-0.17089501023292542	0.14757096767425537	-0.25613296031951904	0.06375443190336227	-0.37729766964912415	0.34273630380630493	0.07374326139688492	0.034083906561136246	-0.21655841171741486	-0.17920535802841187	0.5750054121017456	0.29540926218032837	-0.038955189287662506	0.053213197737932205
Sal_LABEL_22	-0.08096031099557877	-0.0656033530831337	0.05677056312561035	0.5203073024749756	-0.1497820019721985	0.14326025545597076	-0.2532924711704254	n/a	0.01017025951296091	0.42432063817977905	0.7396085262298584	0.39866903424263	0.2089664340019226	0.008777562528848648	0.28127607703208923	0.10272983461618423	0.20959988236427307	-0.04408438876271248	-0.1271144151687622	0.25566527247428894	0.4244846701622009	1.0	0.04212019592523575	0.10933155566453934	0.1603386104106903	-0.29822462797164917	0.09734481573104858	0.07739625126123428	0.0009037398849613965	0.09901881963014603	0.5632064938545227	0.026278387755155563	0.23218484222888947	-0.26282796263694763	n/a	0.4460951089859009	0.5969205498695374	0.2731189727783203	0.018772082403302193	0.037703532725572586	0.13668935000896454	0.27853357791900635	-0.2279333770275116	0.4542402923107147	0.47975674271583557	0.649220883846283	-0.03466727212071419	0.09669410437345505	-0.1311274915933609	-0.24582761526107788	0.16279113292694092	-0.14198246598243713	-0.3010818660259247	-0.24272480607032776	-0.40060552954673767	-0.41890114545822144	0.1357690840959549	0.3488900363445282	0.3395219147205353	-0.04345906153321266	0.032828301191329956	-0.1158289834856987	-0.4904294013977051	-0.12336401641368866	0.032807856798172	-0.13177941739559174	-0.0838104784488678	0.06773649901151657	-0.02252548187971115	0.14575915038585663	-0.20669618248939514	0.17099127173423767	-0.2974516451358795	-0.060279060155153275	0.21098588407039642	-0.02164495177567005	0.3137646019458771	0.3797747790813446	-0.027354717254638672	0.17256498336791992
DAN_LABEL_23	-0.2998030483722687	0.276675283908844	0.3232651650905609	-0.20298580825328827	0.055194754153490067	-0.08799725025892258	-0.005606073886156082	n/a	0.3358110189437866	0.23840738832950592	-0.20295754075050354	0.25642722845077515	0.044963087886571884	-0.2343658059835434	0.6358455419540405	-0.555761992931366	0.48331505060195923	-0.291917085647583	-0.1544610857963562	0.11137664318084717	0.2845057547092438	0.04212019592523575	1.0	-0.04482438415288925	0.8560022711753845	-0.2895316481590271	-0.31845521926879883	-0.5532142519950867	0.23641705513000488	0.09403988718986511	-0.2797294855117798	0.1628800332546234	-0.16841261088848114	0.006020008120685816	n/a	0.24202458560466766	-0.16430944204330444	0.12115165591239929	0.16148443520069122	-0.28842633962631226	0.70059734582901	-0.0226329006254673	-0.07412871718406677	0.2474922388792038	0.2718043923377991	0.18420496582984924	0.8946915864944458	0.014668417163193226	0.7282539010047913	-0.5598839521408081	-0.23776106536388397	-0.03513665124773979	-0.43809232115745544	0.24270226061344147	-0.2333308607339859	-0.13334348797798157	0.17271468043327332	-0.10585509240627289	-0.365081787109375	0.2782629728317261	0.5472662448883057	-0.40831536054611206	-0.1928895115852356	-0.06238814443349838	0.06814049929380417	0.2049335092306137	-0.22119958698749542	-0.10960736125707626	-0.3347802758216858	0.22190789878368378	-0.4171721339225769	0.11253001540899277	0.12022820860147476	-0.3397991955280304	-0.28820136189460754	-0.20099735260009766	0.2357722371816635	0.030904646962881088	0.4285215735435486	-0.08243735134601593
PMN_LABEL_24	-0.37631145119667053	0.20652510225772858	0.33959850668907166	-0.17760062217712402	-0.37311452627182007	0.8328298926353455	0.02203032746911049	n/a	-0.19200488924980164	0.16425009071826935	0.3977396786212921	0.07782304286956787	-0.2395181506872177	-0.3984946608543396	0.0581301748752594	-0.04079188033938408	0.0569293238222599	-0.4577646553516388	-0.12361707538366318	0.022307192906737328	0.12861566245555878	0.10933155566453934	-0.04482438415288925	1.0	-0.017253346741199493	-0.2658061683177948	-0.4208901524543762	0.15154923498630524	0.27960774302482605	0.4849940836429596	-0.11596906930208206	-0.13471397757530212	0.8112248182296753	-0.14981545507907867	n/a	0.01383165642619133	0.21939986944198608	-0.16083554923534393	-0.1882418990135193	-0.38840731978416443	-0.0323093980550766	-0.2220907062292099	-0.06887471675872803	-0.22798484563827515	0.06700927764177322	-0.13326025009155273	0.04139411821961403	0.9049059748649597	-0.021302269771695137	-0.4160628020763397	0.6267170906066895	0.13671579957008362	-0.2961082458496094	-0.31601518392562866	-0.4989542067050934	-0.35658469796180725	-0.12165491282939911	-0.12663036584854126	0.01884016953408718	0.08962517976760864	-0.1416945457458496	0.25036072731018066	0.005871714558452368	0.007438702508807182	0.20052878558635712	-0.2656940221786499	-0.12973085045814514	0.22486133873462677	0.07309944927692413	0.10573556274175644	0.01415584608912468	0.45856964588165283	0.15317533910274506	-0.08553365617990494	-0.1644631177186966	-0.1696464717388153	-0.2881005108356476	0.024847274646162987	0.016847338527441025	0.07226832956075668
DAN_LABEL_25	-0.2009320706129074	0.18665793538093567	0.32971063256263733	-0.16678333282470703	-0.01770421490073204	-0.001319699571467936	-0.08331651985645294	n/a	0.3661578297615051	0.29519492387771606	-0.05287247523665428	0.29740768671035767	0.051938384771347046	-0.10029126703739166	0.6435200572013855	-0.5031007528305054	0.5302186608314514	-0.2192201167345047	-0.2017422467470169	0.12830707430839539	0.3441484272480011	0.1603386104106903	0.8560022711753845	-0.017253346741199493	1.0	-0.3217471241950989	-0.2585507929325104	-0.43316876888275146	0.16844971477985382	0.12075713276863098	-0.2746594548225403	0.10236051678657532	-0.061269618570804596	-0.1227714940905571	n/a	0.28963425755500793	-0.015239411033689976	0.21346941590309143	0.19111330807209015	-0.12822270393371582	0.7875500917434692	0.02552328072488308	-0.1194651871919632	0.27341926097869873	0.29187270998954773	0.3116021454334259	0.8360864520072937	0.02933674491941929	0.7976481318473816	-0.47801268100738525	-0.20297040045261383	-0.08003946393728256	-0.46044525504112244	0.1704435795545578	-0.26288771629333496	-0.18951724469661713	0.2790772318840027	-0.009819664992392063	-0.3007473647594452	0.2619416117668152	0.5711565017700195	-0.3342091143131256	-0.2616209387779236	0.07811898738145828	0.16174498200416565	0.13004644215106964	-0.0357431098818779	-0.01599314995110035	-0.1503162980079651	0.34491166472435	-0.37035298347473145	0.20918390154838562	0.12266012281179428	-0.14614412188529968	-0.2309211790561676	-0.16115303337574005	0.21467043459415436	0.09681043773889542	0.39187687635421753	0.028711924329400063
