Node	LH_Vis_1	LH_Vis_2	LH_Vis_3	LH_Vis_4	LH_Vis_5	LH_Vis_6	LH_Vis_7	LH_Vis_8	LH_Vis_9	LH_SomMot_1	LH_SomMot_2	LH_SomMot_3	LH_SomMot_4	LH_SomMot_5	LH_SomMot_6	LH_DorsAttn_Post_1	LH_DorsAttn_Post_2	LH_DorsAttn_Post_3	LH_DorsAttn_Post_4	LH_DorsAttn_Post_5	LH_DorsAttn_Post_6	LH_DorsAttn_PrCv_1	LH_DorsAttn_FEF_1	LH_SalVentAttn_ParOper_1	LH_SalVentAttn_FrOperIns_1	LH_SalVentAttn_FrOperIns_2	LH_SalVentAttn_PFCl_1	LH_SalVentAttn_Med_1	LH_SalVentAttn_Med_2	LH_SalVentAttn_Med_3	LH_Limbic_OFC_1	LH_Limbic_TempPole_1	LH_Limbic_TempPole_2	LH_Cont_Par_1	LH_Cont_PFCl_1	LH_Cont_pCun_1	LH_Cont_Cing_1	LH_Default_Temp_1	LH_Default_Temp_2	LH_Default_Par_1	LH_Default_Par_2	LH_Default_PFC_1	LH_Default_PFC_2	LH_Default_PFC_3	LH_Default_PFC_4	LH_Default_PFC_5	LH_Default_PFC_6	LH_Default_PFC_7	LH_Default_pCunPCC_1	LH_Default_pCunPCC_2	RH_Vis_1	RH_Vis_2	RH_Vis_3	RH_Vis_4	RH_Vis_5	RH_Vis_6	RH_Vis_7	RH_Vis_8	RH_SomMot_1	RH_SomMot_2	RH_SomMot_3	RH_SomMot_4	RH_SomMot_5	RH_SomMot_6	RH_SomMot_7	RH_SomMot_8	RH_DorsAttn_Post_1	RH_DorsAttn_Post_2	RH_DorsAttn_Post_3	RH_DorsAttn_Post_4	RH_DorsAttn_Post_5	RH_DorsAttn_PrCv_1	RH_DorsAttn_FEF_1	RH_SalVentAttn_TempOccPar_1	RH_SalVentAttn_TempOccPar_2	RH_SalVentAttn_FrOperIns_1	RH_SalVentAttn_Med_1	RH_SalVentAttn_Med_2	RH_Limbic_OFC_1	RH_Limbic_TempPole_1	RH_Cont_Par_1	RH_Cont_Par_2	RH_Cont_PFCl_1	RH_Cont_PFCl_2	RH_Cont_PFCl_3	RH_Cont_PFCl_4	RH_Cont_Cing_1	RH_Cont_PFCmp_1	RH_Cont_pCun_1	RH_Default_Par_1	RH_Default_Temp_1	RH_Default_Temp_2	RH_Default_Temp_3	RH_Default_PFCv_1	RH_Default_PFCv_2	RH_Default_PFCdPFCm_1	RH_Default_PFCdPFCm_2	RH_Default_PFCdPFCm_3	RH_Default_pCunPCC_1	RH_Default_pCunPCC_2	LH-Pu	LH-Ca	LH-NAC	LH-EXA	LH-GPe	LH-GPi	LH-SNc_PBP_VTA	LH-RN	LH-SNr	LH-VeP	LH-HN	LH-HTH	LH-MN	LH-STH	RH-Pu	RH-Ca	RH-NAC	RH-EXA	RH-GPe	RH-GPi	RH-SNc_PBP_VTA	RH-RN	RH-SNr	RH-VeP	RH-HN	RH-HTH	RH-MN	RH-STH	LH-Pulvinar	LH-Anterior	LH-Medio_Dorsal	LH-Ventral_Latero_Dorsal	LH-Central_Lateral-Lateral_Posterior-Medial_Pulvinar	LH-Ventral_Anterior	LH-Ventral_Latero_Ventral	RH-Pulvinar	RH-Anterior	RH-Medio_Dorsal	RH-Ventral_Latero_Dorsal	RH-Central_Lateral-Lateral_Posterior-Medial_Pulvinar	RH-Ventral_Anterior	RH-Ventral_Latero_Ventral	LH_Hippocampus	LH_Amygdala	RH_Hippocampus	RH_Amygdala	Cerebellar_Region1	Cerebellar_Region2	Cerebellar_Region3	Cerebellar_Region4	Cerebellar_Region5	Cerebellar_Region6	Cerebellar_Region7	Cerebellar_Region8	Cerebellar_Region9	Cerebellar_Region10
LH_Vis_1	1.0	-0.18025334179401398	0.24615946412086487	0.2836109399795532	-0.20889218151569366	0.3933344781398773	0.2805081605911255	0.06793870031833649	0.1520065814256668	0.4516967833042145	0.40866243839263916	0.24517488479614258	0.14285285770893097	-0.0963822454214096	-0.16102111339569092	0.3098592758178711	0.09022576361894608	-0.0640019029378891	0.07033070921897888	-0.3032125234603882	-0.3635615110397339	0.5503914952278137	0.23804150521755219	0.2680113911628723	0.5511359572410583	0.44953787326812744	-0.16589711606502533	0.3818506598472595	0.12647594511508942	0.30242499709129333	0.23832663893699646	0.4965166449546814	0.10238197445869446	0.01625548116862774	0.29976898431777954	-0.1055859923362732	0.07313917577266693	0.4221348166465759	0.31459593772888184	0.5507453680038452	-0.27808400988578796	0.5265490412712097	0.4753050208091736	0.3181791305541992	-0.174272820353508	-0.18185435235500336	0.05312727764248848	-0.27102845907211304	0.5514540672302246	-0.2286326140165329	0.7557312846183777	0.14266075193881989	0.31630030274391174	0.2636844515800476	0.00337169854901731	0.4165198504924774	0.0779276117682457	0.17924648523330688	0.28022411465644836	0.152836412191391	0.10337618738412857	0.03659503534436226	0.021653620526194572	-0.07849864661693573	-0.09693470597267151	-0.2628961205482483	0.12434524297714233	-0.05844983085989952	0.10461936891078949	0.031078936532139778	-0.23284122347831726	0.4997059404850006	0.09030947089195251	0.33434244990348816	-0.012046157382428646	0.4007786512374878	0.06861256062984467	0.1689108908176422	0.29246267676353455	0.4794636070728302	0.03286590799689293	0.12783604860305786	0.0911993458867073	0.46814170479774475	-0.21312932670116425	0.20421084761619568	0.21698875725269318	0.537346601486206	-0.16010262072086334	-0.22299496829509735	0.1828671395778656	0.2952613830566406	0.08016698807477951	0.5920863151550293	0.48754918575286865	0.15012428164482117	0.008405065163969994	-0.04979753494262695	0.6924757361412048	-0.1016530841588974	0.45956525206565857	0.45863696932792664	0.40165233612060547	0.2759375274181366	0.2902373671531677	0.2643299698829651	0.3131941854953766	-0.03357413038611412	0.25350356101989746	0.18300743401050568	0.32471078634262085	0.38428428769111633	-0.2413945496082306	0.23889923095703125	0.42212000489234924	0.3039356768131256	0.0791918933391571	0.35083362460136414	0.2606382668018341	0.09696556627750397	0.27312764525413513	0.4728241562843323	0.15725497901439667	-0.18928170204162598	0.1917969137430191	0.43387556076049805	-0.23248551785945892	-0.08421096205711365	0.4670972228050232	0.1871761977672577	0.32351258397102356	0.1697664111852646	0.4102608859539032	0.04249316826462746	0.3589666187763214	0.45432284474372864	0.23215675354003906	0.5669689774513245	0.13328193128108978	0.39771968126296997	0.05990869551897049	0.13710273802280426	0.5525491833686829	0.3613434135913849	0.5067268013954163	0.2897992730140686	-0.21755462884902954	-0.045444030314683914	-0.10343660414218903	0.03655857965350151	-0.2971152067184448	-0.23272556066513062	-0.43872976303100586	-0.17598986625671387	-0.292618989944458	0.27750858664512634
LH_Vis_2	-0.18025334179401398	1.0	0.4846746027469635	-0.1286931186914444	0.6573807001113892	0.20748424530029297	0.24308060109615326	0.6114678978919983	0.2255881279706955	-0.02899482101202011	-0.2584020793437958	-0.19605790078639984	-0.33227455615997314	0.03242747485637665	0.24311093986034393	0.1802457720041275	-0.14912468194961548	-0.11467907577753067	-0.010564958676695824	0.09280754625797272	0.1544526219367981	-0.2876153886318207	-0.2404070645570755	0.13516244292259216	-0.42449700832366943	-0.3927629292011261	-0.06484317779541016	-0.36233699321746826	-0.19189439713954926	-0.3927125334739685	-0.2902674376964569	-0.5347935557365417	0.37810730934143066	-0.02403140999376774	0.014283832162618637	-0.011324898339807987	-0.2911164462566376	-0.4625290334224701	0.049591682851314545	-0.03660617768764496	0.2426251322031021	-0.2981787323951721	-0.30275461077690125	0.036889418959617615	-0.010167558677494526	-0.1762198954820633	-0.25872740149497986	0.12470977008342743	0.07255744189023972	0.10770468413829803	-0.22590065002441406	0.7362840175628662	0.16382859647274017	-0.09620682150125504	0.39224234223365784	0.2122894674539566	0.6168831586837769	0.34609702229499817	0.15531808137893677	0.14555731415748596	-0.29482606053352356	-0.29988008737564087	-0.18685166537761688	-0.017518755048513412	0.15139171481132507	0.32101672887802124	0.231733039021492	0.08665795624256134	0.22265896201133728	0.1283692568540573	0.10739606618881226	-0.2492867112159729	-0.1146027222275734	0.20696908235549927	0.10374177247285843	-0.3215841054916382	-0.17401565611362457	-0.3568708002567291	-0.3831917941570282	-0.5419318079948425	0.10502028465270996	0.32182660698890686	-0.011893615126609802	-0.1769140213727951	-0.2680734395980835	-0.2188478708267212	-0.1944652646780014	-0.3299085795879364	0.08014575392007828	0.08705098181962967	0.28133365511894226	-0.20303437113761902	0.15410703420639038	-0.32386499643325806	-0.42408502101898193	-0.06142338737845421	-0.23296160995960236	-0.12327945232391357	0.026871437206864357	0.11550315469503403	0.09112295508384705	0.05719272419810295	0.2961537539958954	-0.2933293282985687	0.356506884098053	-0.01829407922923565	-0.12929163873195648	-0.31535956263542175	-0.36498865485191345	0.24627332389354706	-0.46517282724380493	-0.6341903805732727	-0.3764569163322449	-0.020143423229455948	-0.08433464169502258	0.048514824360609055	-0.11011427640914917	-0.35397443175315857	-0.11194086819887161	-0.18500377237796783	-0.6263365149497986	0.09629834443330765	-0.2950294017791748	0.11662038415670395	-0.16810479760169983	-0.3850014805793762	-0.43412256240844727	-0.2508332133293152	0.05922772362828255	-0.525790810585022	-0.47070392966270447	-0.5867297053337097	-0.5354891419410706	-0.5736863613128662	-0.20083139836788177	0.034006983041763306	-0.6494783759117126	-0.4619652032852173	-0.37820377945899963	-0.48699989914894104	-0.5881733298301697	-0.2722805142402649	-0.6308997869491577	-0.621424674987793	-0.6020071506500244	-0.6644589304924011	-0.16793271899223328	-0.15859778225421906	-0.03282083943486214	-0.23664040863513947	0.3306393623352051	0.0965200737118721	0.37335726618766785	0.1850123107433319	0.34062016010284424	-0.20756922662258148
LH_Vis_3	0.24615946412086487	0.4846746027469635	1.0	-0.10310553014278412	0.3016258776187897	0.7491495013237	0.2948151230812073	0.4656907021999359	0.7152624130249023	0.33436593413352966	0.0626349076628685	-0.00672757625579834	-0.3310532867908478	0.3235274851322174	0.12975162267684937	0.14108450710773468	-0.1371673047542572	0.2322860062122345	0.33218294382095337	0.1548747569322586	0.25102317333221436	0.03402521088719368	-0.03270348906517029	0.5192912220954895	-0.025421034544706345	-0.047408390790224075	-0.039364397525787354	-0.07511858642101288	0.1533186286687851	0.09088308364152908	-0.17561481893062592	-0.3363405466079712	0.03004138357937336	0.04181043431162834	-0.18596592545509338	0.22966322302818298	-0.0960913822054863	-0.2591077983379364	0.11542664468288422	0.37079185247421265	-0.353589802980423	0.1125134527683258	-0.29116618633270264	0.23900140821933746	-0.421569287776947	-0.5814757347106934	-0.597862720489502	-0.5108319520950317	0.4171750545501709	-0.15913470089435577	0.16093410551548004	0.7183626890182495	0.0799655094742775	-0.08285363018512726	0.7814209461212158	0.8080949783325195	0.44432127475738525	0.7402389645576477	0.28848567605018616	0.14753106236457825	-0.3336409628391266	-0.48105165362358093	0.28925377130508423	0.11885020136833191	0.33583348989486694	0.1891205906867981	0.1127295196056366	-0.004914421122521162	0.324209600687027	0.16399861872196198	0.10582340508699417	0.27092406153678894	0.14005498588085175	0.3281765282154083	0.1714380979537964	0.2101057916879654	0.1967434585094452	0.11505614221096039	-0.00547386659309268	-0.30827829241752625	-0.21984586119651794	-0.10808096826076508	-0.2616516947746277	-0.0490310899913311	-0.15254616737365723	-0.34015408158302307	-0.03166065737605095	0.09751779586076736	0.12501291930675507	-0.431081622838974	-0.1428222805261612	-0.2668653726577759	0.09868713468313217	0.12854433059692383	-0.2132558375597	0.13188111782073975	-0.538068413734436	-0.5375022888183594	0.2927679419517517	-0.054095521569252014	0.18697939813137054	0.17144916951656342	0.43741297721862793	0.013457498513162136	0.2940918207168579	-0.05333656445145607	0.17544753849506378	-0.03775446489453316	-0.03046298772096634	0.22078411281108856	-0.4328589141368866	-0.2044793963432312	-0.2703126072883606	-0.0017378315096721053	0.10774486511945724	0.18582457304000854	0.2536138594150543	-0.11745623499155045	0.0336943119764328	-0.1224176436662674	0.09208951145410538	0.33860766887664795	0.05785189941525459	-0.2291262149810791	0.2826842665672302	-0.05150981247425079	-0.3877831697463989	-0.15472960472106934	0.32232069969177246	-0.14894112944602966	-0.06157942861318588	-0.0068077463656663895	-0.20392990112304688	-0.06579256057739258	0.09255894273519516	0.24708957970142365	-0.3038138747215271	-0.10260510444641113	0.052328020334243774	-0.11379546672105789	-0.014058219268918037	-0.10267101228237152	-0.08083121478557587	-0.2961677610874176	-0.11550142616033554	-0.30530259013175964	0.014750722795724869	-0.20830032229423523	0.24243320524692535	-0.24446040391921997	0.12337644398212433	-0.10801269859075546	0.07484006136655807	-0.13375042378902435	-0.10977556556463242	-0.32476285099983215
LH_Vis_4	0.2836109399795532	-0.1286931186914444	-0.10310553014278412	1.0	0.23102039098739624	0.2046993225812912	0.1345585733652115	0.08649710565805435	0.13024649024009705	0.07841812819242477	0.10321591794490814	0.14293871819972992	0.17626351118087769	0.11431616544723511	-0.2332899123430252	0.13133084774017334	0.16120338439941406	-0.1110227033495903	0.03140886127948761	-0.18286293745040894	-0.355304479598999	0.30145320296287537	-0.19228315353393555	-0.13512013852596283	0.05638178437948227	0.11362211406230927	-0.3348153531551361	0.127324640750885	-0.10950479656457901	0.21226461231708527	0.020293230190873146	0.1144794151186943	-0.1985378861427307	-0.35763028264045715	0.08882435411214828	-0.046972908079624176	0.131195530295372	-0.05334998667240143	-0.09230833500623703	0.14442522823810577	-0.28722208738327026	0.059964410960674286	0.2233925461769104	0.32434216141700745	-0.5341652035713196	-0.03629942983388901	-0.28012871742248535	-0.24483034014701843	0.44599783420562744	0.09212213009595871	0.2793305516242981	-0.18089307844638824	0.48919954895973206	0.7509928941726685	0.05020253360271454	0.18609996140003204	0.15753333270549774	0.1403665989637375	0.04339894652366638	-0.04648863524198532	0.07817013561725616	0.11996664851903915	0.2453809380531311	0.08012912422418594	-0.22196415066719055	-0.21652378141880035	0.06768915802240372	-0.08022642880678177	-0.3205210268497467	-0.02098938822746277	-0.2764301598072052	0.165413960814476	-0.049339085817337036	-0.09408754855394363	-0.23581670224666595	0.10073375701904297	-0.24471186101436615	0.10823655128479004	-0.04367528483271599	-0.1383165866136551	-0.5130280256271362	-0.07537329196929932	-0.40811145305633545	-0.16182076930999756	-0.5551684498786926	-0.3476143181324005	0.047615617513656616	-0.06290679425001144	-0.39305242896080017	-0.4324992299079895	-0.16095086932182312	-0.13618358969688416	-0.24691936373710632	0.17543219029903412	0.041682422161102295	-0.22867076098918915	-0.31844934821128845	-0.36539384722709656	0.4988044500350952	-0.050490882247686386	0.28349214792251587	0.2597563862800598	0.32935452461242676	-0.0033604830969125032	0.07358809560537338	0.3935103118419647	-0.16600671410560608	0.020798949524760246	-0.03473956882953644	-0.030635548755526543	0.1411655843257904	0.4271259307861328	-0.12696389853954315	0.31058353185653687	0.1911005973815918	0.04637984558939934	0.06899967789649963	0.42430004477500916	-0.12292708456516266	-0.10461100190877914	0.011380811221897602	0.05166013538837433	0.07796554267406464	0.20132942497730255	0.10598146170377731	-0.04301470145583153	-0.4232863485813141	-0.18140652775764465	0.2541291117668152	0.043893419206142426	0.06278834491968155	-0.0518832765519619	0.16931310296058655	0.010210182517766953	0.25735798478126526	0.04062699154019356	0.03545193001627922	-0.0038112751208245754	-0.0009293389157392085	-0.023794440552592278	-0.043773431330919266	-0.11089281737804413	0.1611739993095398	0.02531028352677822	0.08413786441087723	-0.009640423581004143	-0.3865891098976135	-0.22388793528079987	-0.2222672551870346	-0.2108004242181778	-0.37930169701576233	-0.26247090101242065	-0.2865775525569916	-0.09835422784090042	-0.1643606424331665	-0.12334293127059937
LH_Vis_5	-0.20889218151569366	0.6573807001113892	0.3016258776187897	0.23102039098739624	1.0	0.3457620441913605	0.3122175931930542	0.5766730308532715	0.3959824740886688	-0.1241460070014	-0.309306800365448	-0.2779659628868103	-0.47393473982810974	0.14397317171096802	0.17657522857189178	0.06740835309028625	0.03722894936800003	-0.16964079439640045	0.17959824204444885	-0.0905194878578186	0.05722605437040329	-0.1772378832101822	-0.3348076641559601	-0.07030416280031204	-0.4027751684188843	-0.4197443127632141	-0.27780038118362427	-0.22492095828056335	-0.06298989802598953	-0.27521342039108276	-0.33218273520469666	-0.5655058026313782	-0.04196540638804436	-0.2486342042684555	-0.17599798738956451	-0.03403139114379883	-0.10335783660411835	-0.49437734484672546	-0.06988707184791565	-0.011254296638071537	0.02736709825694561	-0.3154691457748413	-0.2964742183685303	0.31569012999534607	-0.18014828860759735	0.008261164650321007	-0.2907072603702545	-0.04705679789185524	0.24457046389579773	0.3175095319747925	-0.272784560918808	0.5036566853523254	0.3009178340435028	0.4100910723209381	0.5967966318130493	0.22307442128658295	0.5862806439399719	0.4694075286388397	-0.009435811080038548	-0.17184457182884216	-0.4593363404273987	-0.5029705166816711	-0.09036055207252502	-0.07296448200941086	0.04615309089422226	0.241606205701828	0.12519679963588715	0.13234803080558777	-0.11134175956249237	-0.1696876734495163	-0.08347906172275543	-0.3048502802848816	-0.13631276786327362	0.05161268636584282	-0.1172582134604454	-0.3274868130683899	-0.1652986705303192	-0.2869701087474823	-0.3325783312320709	-0.5422606468200684	-0.24448609352111816	-0.007052078377455473	-0.22994476556777954	-0.43585145473480225	-0.4454488158226013	-0.47171640396118164	-0.1335727572441101	-0.20980523526668549	-0.17065784335136414	-0.17688116431236267	0.013694978319108486	-0.3205176889896393	0.0520220622420311	-0.14312587678432465	-0.4326748251914978	0.04052414745092392	-0.31939682364463806	-0.3006598949432373	0.12829039990901947	0.1688307225704193	0.037686023861169815	0.09278866648674011	0.2168022245168686	-0.40797489881515503	0.2446688860654831	-0.06540520489215851	-0.31281012296676636	-0.000285483110928908	-0.38965192437171936	-0.04104582592844963	-0.40191590785980225	-0.21538430452346802	-0.34234869480133057	0.18862172961235046	-0.09372077882289886	0.0908273383975029	-0.07832975685596466	-0.2404291182756424	-0.14169585704803467	-0.18303295969963074	-0.5059270262718201	0.006340131163597107	-0.15760165452957153	0.04584125801920891	0.002406999934464693	-0.2951534688472748	-0.45703282952308655	-0.22533929347991943	0.19785228371620178	-0.48763248324394226	-0.40399351716041565	-0.5218936204910278	-0.37299302220344543	-0.3536107838153839	-0.2149987369775772	0.04781882464885712	-0.5353346467018127	-0.5049159526824951	-0.42820632457733154	-0.42715248465538025	-0.41745105385780334	-0.41522443294525146	-0.4128795564174652	-0.520818829536438	-0.3498380780220032	-0.5439379811286926	-0.3690466582775116	-0.15101458132266998	-0.2600834369659424	-0.3929382264614105	0.0991930291056633	0.02869343012571335	0.2763768434524536	0.3479419946670532	0.32549458742141724	-0.32640212774276733
LH_Vis_6	0.3933344781398773	0.20748424530029297	0.7491495013237	0.2046993225812912	0.3457620441913605	1.0	0.3445189595222473	0.22726255655288696	0.8205570578575134	0.5623915195465088	0.34804633259773254	0.3010067045688629	-0.20256996154785156	0.5962897539138794	0.22808322310447693	0.09965232759714127	0.16974888741970062	0.02508101426064968	0.5689917802810669	-0.20625516772270203	0.12229287624359131	0.3897591531276703	0.05262420326471329	0.5851453542709351	0.2401018887758255	0.18039071559906006	-0.2006797045469284	0.25581857562065125	0.33939799666404724	0.42031118273735046	-0.2741355299949646	-0.054621536284685135	-0.2887328267097473	-0.08697935938835144	-0.20211824774742126	0.20082661509513855	0.26539307832717896	0.008553162217140198	0.346160888671875	0.5506095290184021	-0.5308637619018555	0.3530891537666321	0.008949135430157185	0.42084962129592896	-0.630007803440094	-0.3797859251499176	-0.5491730570793152	-0.6371380090713501	0.6407017707824707	-0.043150827288627625	0.26012974977493286	0.382729172706604	0.14569559693336487	0.2830415368080139	0.7847495675086975	0.9438900947570801	0.25922873616218567	0.7610167264938354	0.4486045837402344	0.15012186765670776	-0.22371713817119598	-0.47249919176101685	0.498456746339798	0.34602051973342896	0.3986785113811493	0.22802598774433136	-0.0008066469454206526	0.1472015380859375	0.08885493129491806	-0.15886102616786957	-0.03983014449477196	0.40313032269477844	0.26442238688468933	0.1854761242866516	0.1500028520822525	0.38080909848213196	0.3277958333492279	0.41099390387535095	0.001514105824753642	-0.08173565566539764	-0.5742802619934082	-0.34704992175102234	-0.488783597946167	-0.2626703381538391	-0.4123048484325409	-0.5329625606536865	0.1815410703420639	0.29406625032424927	-0.05468602105975151	-0.7093483209609985	-0.37463659048080444	-0.10405420511960983	0.17703010141849518	0.3417734205722809	-0.11874255537986755	0.11358387023210526	-0.593198299407959	-0.6646460890769958	0.5619198679924011	0.04372858628630638	0.36811044812202454	0.2402593493461609	0.5277585387229919	0.07799530029296875	0.46721944212913513	0.10689565539360046	0.22539128363132477	0.16272041201591492	0.04361778870224953	-0.027483483776450157	0.02512434683740139	0.17836368083953857	-0.3082588315010071	0.2124769389629364	0.3655623197555542	0.1313985288143158	0.20984160900115967	-0.030450647696852684	0.27493366599082947	0.10277196019887924	0.1456771343946457	0.47857001423835754	0.1981218457221985	-0.2467668205499649	0.5218174457550049	0.014617093838751316	-0.6109212040901184	-0.002709450898692012	0.6675018668174744	-0.06773222982883453	0.1864255964756012	0.17095345258712769	0.18444794416427612	0.15949787199497223	0.4462175667285919	0.5550270080566406	-0.26515960693359375	0.05194864794611931	0.11452704668045044	0.17183040082454681	0.14053453505039215	0.19599701464176178	0.30437394976615906	-0.046330977231264114	0.12747722864151	-0.07622368633747101	0.006201361306011677	-0.08684336394071579	-0.08106999844312668	-0.17139768600463867	-0.17205514013767242	-0.10786580294370651	-0.20469793677330017	-0.03565461188554764	-0.08314450830221176	-0.2974633276462555
LH_Vis_7	0.2805081605911255	0.24308060109615326	0.2948151230812073	0.1345585733652115	0.3122175931930542	0.3445189595222473	1.0	0.3498481512069702	0.1830759048461914	0.2023429274559021	0.12014015763998032	-0.03746912255883217	-0.1394614577293396	0.22798113524913788	0.28024888038635254	0.7520787119865417	0.4453660547733307	0.21815277636051178	0.4767438471317291	0.008663912303745747	0.10257747024297714	0.21659700572490692	0.1977614462375641	0.17094191908836365	-0.015918608754873276	-0.11352673172950745	-0.18489515781402588	-0.16846534609794617	0.049894824624061584	-0.24358920753002167	-0.35473811626434326	-0.08217409253120422	0.1150645986199379	-0.4258507490158081	-0.12469003349542618	-0.3610498309135437	-0.2947651147842407	-0.07261835783720016	0.04244447126984596	0.5250104069709778	-0.1846112459897995	-0.05927117541432381	-0.23846229910850525	0.20134702324867249	-0.28379082679748535	-0.26986101269721985	-0.35358452796936035	-0.07306517660617828	0.08645759522914886	0.03778914734721184	0.3585534989833832	0.4447224736213684	0.5347650051116943	0.0539824515581131	0.2785927355289459	0.21588653326034546	0.3534822165966034	0.25266656279563904	0.26471030712127686	0.1503145843744278	-0.2692534923553467	-0.20222556591033936	-0.032276593148708344	-0.06630555540323257	0.3664095401763916	0.3874393403530121	0.6684775948524475	0.5369065403938293	0.350410521030426	0.29041555523872375	0.07985270023345947	0.14522849023342133	0.29761815071105957	0.5325804948806763	0.2392442673444748	-0.0629691407084465	0.07980530709028244	-0.1647292524576187	-0.07497323304414749	0.08716843277215958	-0.05518711358308792	0.01892540231347084	-0.2764472961425781	-0.06043529883027077	-0.40028876066207886	-0.37779664993286133	-0.22937549650669098	-0.02343461662530899	-0.23983411490917206	-0.03493468463420868	0.3478510081768036	-0.10033625364303589	0.27528005838394165	0.1670021116733551	0.041521623730659485	0.06147468835115433	-0.21544356644153595	-0.26024824380874634	0.07314637303352356	-0.0401776097714901	0.2173510193824768	0.2804546058177948	0.43594956398010254	0.1177983283996582	0.30377963185310364	-0.007812808267772198	0.09402064234018326	-0.01308394968509674	-0.1752922385931015	0.12290925532579422	-0.1321111023426056	-0.035746943205595016	-0.31430211663246155	0.18963055312633514	0.010202892124652863	0.10323808342218399	-0.1366538554430008	-0.15936559438705444	-0.12473949790000916	-0.2358345240354538	-0.37201988697052	0.37958598136901855	-0.29046177864074707	0.15180036425590515	0.10182003676891327	-0.04831128194928169	-0.5168580412864685	-0.21264082193374634	0.21680234372615814	-0.2800539433956146	-0.29839417338371277	-0.4342593550682068	-0.2014162689447403	-0.39635226130485535	0.2519688606262207	0.2763705849647522	-0.2697966396808624	-0.18953090906143188	-0.2716040313243866	-0.21147875487804413	-0.4509045481681824	-0.23345398902893066	0.06825219094753265	-0.27713802456855774	-0.11720848083496094	-0.32450544834136963	-0.03939404711127281	0.07684686034917831	-0.032886479049921036	-0.02296711690723896	0.15698683261871338	0.0633929967880249	0.13955973088741302	0.0652053952217102	0.08290425688028336	0.00666531827300787
LH_Vis_8	0.06793870031833649	0.6114678978919983	0.4656907021999359	0.08649710565805435	0.5766730308532715	0.22726255655288696	0.3498481512069702	1.0	0.44398579001426697	-0.07468236237764359	-0.3366021513938904	-0.4990452527999878	-0.46338528394699097	0.023515421897172928	0.19488292932510376	0.2911054491996765	-0.29951584339141846	0.192158505320549	0.040048424154520035	0.04099557176232338	0.08643559366464615	-0.2817118465900421	-0.35840919613838196	-0.06637106835842133	-0.502377986907959	-0.4642130136489868	-0.35386624932289124	-0.37476927042007446	-0.2737501859664917	-0.4624648988246918	-0.20472028851509094	-0.439546674489975	0.2250175029039383	-0.2759016454219818	-0.1291327029466629	-0.15109531581401825	-0.3849716782569885	-0.4930480420589447	0.05773131921887398	-0.10836201906204224	0.19568462669849396	-0.22007326781749725	-0.26271623373031616	0.15849654376506805	-0.12462960928678513	-0.12135207653045654	-0.3045450747013092	-0.1486729383468628	0.2019479125738144	0.14547067880630493	0.021130677312612534	0.6592040657997131	0.3627001643180847	0.17818500101566315	0.4416910707950592	0.20333197712898254	0.8838757276535034	0.4912140965461731	-0.05157095566391945	-0.08713183552026749	-0.4293302297592163	-0.3953201472759247	-0.23718519508838654	-0.1360548436641693	0.08969218283891678	0.17051754891872406	0.19681139290332794	0.051992036402225494	0.020553724840283394	0.30533307790756226	-0.08169656991958618	-0.24257689714431763	-0.1790471225976944	0.22268711030483246	-0.226296067237854	-0.4029581844806671	-0.20384983718395233	-0.4621141850948334	-0.42043036222457886	-0.4308158755302429	0.055833201855421066	0.20924155414104462	-0.05366446077823639	-0.15012520551681519	-0.4031182825565338	-0.26162412762641907	-0.3496014177799225	-0.25299984216690063	-0.1386204957962036	0.04601312801241875	0.29799869656562805	-0.13952626287937164	-0.02192271500825882	-0.16365069150924683	-0.15905088186264038	-0.07300639152526855	-0.2537005841732025	-0.29916810989379883	0.11650542914867401	0.019467124715447426	-0.15037089586257935	-0.05718541145324707	0.24409697949886322	-0.3504471182823181	0.16145436465740204	0.07751774787902832	-0.35854727029800415	-0.29439765214920044	-0.23106303811073303	0.17264603078365326	-0.5240710377693176	-0.4228099584579468	-0.24988988041877747	-0.17382901906967163	-0.2627352476119995	-0.059359144419431686	-0.2988474369049072	-0.3340526521205902	-0.2910114824771881	-0.18604591488838196	-0.4287980794906616	-0.0268053337931633	-0.27120161056518555	-0.1621778905391693	-0.2429090291261673	-0.23604072630405426	-0.3149845004081726	-0.4437815845012665	0.04173128679394722	-0.5923799276351929	-0.44678694009780884	-0.4777778089046478	-0.3296200931072235	-0.46910545229911804	-0.29895785450935364	-0.12348085641860962	-0.45645248889923096	-0.38752424716949463	-0.3518659174442291	-0.4682838022708893	-0.6047513484954834	-0.4956713914871216	-0.4477832019329071	-0.5170380473136902	-0.37771761417388916	-0.5593451857566833	-0.3191668689250946	-0.18779587745666504	-0.07248996943235397	-0.29038727283477783	0.17779028415679932	0.036615755409002304	0.3006797134876251	0.34185707569122314	0.30774062871932983	-0.05529045686125755
LH_Vis_9	0.1520065814256668	0.2255881279706955	0.7152624130249023	0.13024649024009705	0.3959824740886688	0.8205570578575134	0.1830759048461914	0.44398579001426697	1.0	0.22307276725769043	-0.011134370230138302	-0.10355035215616226	-0.46823039650917053	0.6119693517684937	0.35655099153518677	-0.14977538585662842	-0.23386025428771973	0.051451586186885834	0.42201071977615356	-0.1382630318403244	0.25925594568252563	-0.05563995614647865	-0.27055588364601135	0.24719420075416565	-0.1970035880804062	-0.2230270951986313	-0.34266436100006104	0.011886163614690304	0.2458629608154297	0.1322164237499237	-0.25459983944892883	-0.3039472699165344	-0.3032701313495636	-0.2051326185464859	-0.466584175825119	0.3865264654159546	0.27400320768356323	-0.17960341274738312	0.22896219789981842	0.13498368859291077	-0.22800636291503906	0.039830174297094345	-0.21506968140602112	0.5002638101577759	-0.5855459570884705	-0.2277701199054718	-0.6028546094894409	-0.6186395287513733	0.6587273478507996	0.27786192297935486	0.05636120215058327	0.41942399740219116	0.056117862462997437	0.2840579152107239	0.8602781295776367	0.7638258337974548	0.4810563921928406	0.8786418437957764	0.11846228688955307	-0.1973494291305542	-0.457367867231369	-0.6649121046066284	0.39414259791374207	0.23358944058418274	0.3246018588542938	0.29608476161956787	-0.09778587520122528	-0.044802550226449966	-0.06554213911294937	-0.09766270220279694	-0.058846037834882736	-0.02744855172932148	-0.05397270247340202	0.06178215518593788	-0.22385026514530182	-0.0315047912299633	0.21257683634757996	0.13184797763824463	-0.04084349051117897	-0.23878593742847443	-0.5130894184112549	-0.24279753863811493	-0.38826948404312134	-0.447681725025177	-0.3785422444343567	-0.5468140244483948	0.1600322723388672	0.063447967171669	0.17303712666034698	-0.4940236806869507	-0.302313894033432	-0.1205320954322815	0.0020033512264490128	0.14986784756183624	-0.30883920192718506	0.24557051062583923	-0.5717065930366516	-0.6058078408241272	0.4571775197982788	0.33893194794654846	-0.0012729954905807972	0.07988853752613068	0.41698241233825684	-0.0533050075173378	0.32732683420181274	-0.04403345659375191	-0.004399481695145369	0.0026710310485213995	-0.038012273609638214	0.001583640812896192	-0.16236494481563568	0.07411093264818192	-0.19957062602043152	-0.05948082357645035	-0.02383255586028099	-0.0003147238749079406	0.21316105127334595	-0.046245742589235306	-0.02176019176840782	-0.0632559284567833	0.028653662651777267	0.20071007311344147	0.13202184438705444	-0.38232994079589844	0.28670310974121094	-0.05307769402861595	-0.4772617518901825	-0.13586978614330292	0.46558552980422974	-0.21837107837200165	-0.07990536093711853	0.04486621543765068	0.029973367229104042	0.1699647754430771	0.1467352956533432	0.1715048849582672	-0.35721340775489807	-0.270730584859848	-0.010371004231274128	-0.15105779469013214	0.09828948229551315	-0.11032738536596298	0.08788112550973892	-0.3080628514289856	-0.00878261961042881	-0.2423149049282074	0.00787862204015255	0.02306944876909256	0.07020416110754013	-0.2103649377822876	0.07730530202388763	0.09697111696004868	0.13325273990631104	0.20309604704380035	0.17050567269325256	-0.2674247622489929
LH_SomMot_1	0.4516967833042145	-0.02899482101202011	0.33436593413352966	0.07841812819242477	-0.1241460070014	0.5623915195465088	0.2023429274559021	-0.07468236237764359	0.22307276725769043	1.0	0.7610903382301331	0.7105133533477783	0.3860355019569397	0.3768741190433502	0.10709436982870102	0.19313491880893707	0.2599773406982422	-0.16935154795646667	0.2344634234905243	-0.3715522885322571	-0.17821791768074036	0.6598795652389526	0.2730570137500763	0.7824503183364868	0.6739276647567749	0.6192376017570496	-0.03305274620652199	0.434545636177063	0.07549992948770523	0.5230688452720642	-0.04357752203941345	0.33815670013427734	0.005245549604296684	0.1261589080095291	0.30022525787353516	-0.22201871871948242	0.08679667115211487	0.32961344718933105	0.647214412689209	0.732321560382843	-0.3180648386478424	0.6841724514961243	0.4744722545146942	0.09465308487415314	-0.2458735853433609	-0.16519257426261902	-0.016880979761481285	-0.3101094365119934	0.18246479332447052	-0.4002978205680847	0.23853585124015808	0.042284123599529266	-0.0077081420458853245	0.00797747727483511	0.18556858599185944	0.5695478916168213	-0.14487750828266144	0.11988477408885956	0.8284406065940857	0.52510666847229	0.22037635743618011	0.12351561337709427	0.43519553542137146	0.16860689222812653	0.11306677758693695	0.016676045954227448	-0.2579799294471741	-0.013837167993187904	-0.007905125617980957	-0.2773149013519287	-0.28202903270721436	0.6130246520042419	0.2144688069820404	0.2742888331413269	0.3266567289829254	0.7062739133834839	0.09119253605604172	0.5177716612815857	0.044379960745573044	0.12137693911790848	-0.22834256291389465	-0.2562311291694641	-0.1415252536535263	0.13473232090473175	-0.2027442455291748	-0.04527556523680687	0.06435450911521912	0.47608792781829834	-0.31370383501052856	-0.4151751697063446	-0.26135867834091187	0.04638395085930824	0.37557315826416016	0.4949701428413391	0.336007297039032	-0.08610771596431732	-0.06956588476896286	-0.28930193185806274	0.2532850205898285	-0.3023727536201477	0.6776793599128723	0.27453264594078064	0.26857683062553406	-0.11520325392484665	0.49945855140686035	0.13471172749996185	0.3242430090904236	0.12473840266466141	0.3270413279533386	-0.20724034309387207	0.3520340323448181	0.14803919196128845	-0.13434205949306488	0.18993675708770752	0.6445088386535645	0.23696640133857727	0.034686606377363205	-0.031783029437065125	0.5383583307266235	0.3740617632865906	0.1392776370048523	0.42615050077438354	0.1280035823583603	-0.12345389276742935	0.26072433590888977	0.14610865712165833	-0.3253820538520813	0.23174156248569489	0.4462866485118866	-0.0036588346119970083	0.5599854588508606	0.35749268531799316	0.2682798206806183	0.25512444972991943	0.6144064664840698	0.4826640784740448	0.061170388013124466	0.42571553587913513	0.2575547993183136	0.36501026153564453	0.16482162475585938	0.6073838472366333	0.27529165148735046	0.2337939590215683	0.02527448907494545	0.061595309525728226	-0.02966185100376606	-0.12961208820343018	-0.2898173928260803	0.04810408130288124	-0.2666390538215637	-0.12133058160543442	-0.35603564977645874	-0.11539432406425476	-0.08926092833280563	-0.1602737158536911
LH_SomMot_2	0.40866243839263916	-0.2584020793437958	0.0626349076628685	0.10321591794490814	-0.309306800365448	0.34804633259773254	0.12014015763998032	-0.3366021513938904	-0.011134370230138302	0.7610903382301331	1.0	0.8832226991653442	0.6258127093315125	0.28228726983070374	-0.024411045014858246	0.1545857936143875	0.4206382632255554	-0.23570583760738373	0.32621923089027405	-0.4883003532886505	-0.2985486090183258	0.8190442323684692	0.3944719135761261	0.5813918113708496	0.7027458548545837	0.7943437695503235	0.050279971212148666	0.7592400312423706	0.06634599715471268	0.7412956357002258	0.10068114101886749	0.5056174397468567	-0.198200523853302	0.22895023226737976	0.25789570808410645	-0.2644476294517517	0.3225429952144623	0.5193748474121094	0.5741035342216492	0.564994215965271	-0.372490257024765	0.7554455995559692	0.6738812923431396	0.003929979633539915	-0.23086751997470856	0.023075493052601814	0.22964893281459808	-0.307275652885437	0.06704942137002945	-0.4195660948753357	0.2453969269990921	-0.10095518082380295	0.12789016962051392	0.06149550899863243	-0.026022478938102722	0.301705539226532	-0.266783207654953	-0.02796163037419319	0.689508318901062	0.6716480255126953	0.47993311285972595	0.35261985659599304	0.51217120885849	0.488654226064682	0.26518958806991577	0.014555567875504494	-0.2614361345767975	0.14164778590202332	-0.006009856704622507	-0.3025627136230469	-0.28238722681999207	0.6485397815704346	0.3287142515182495	0.0009844218147918582	0.22467955946922302	0.6778950095176697	0.13806359469890594	0.7198567390441895	0.20404519140720367	0.17008261382579803	-0.3608185350894928	-0.28852716088294983	-0.28036484122276306	0.04253441467881203	-0.22130043804645538	0.041782841086387634	0.2533648908138275	0.5729368925094604	-0.28937169909477234	-0.436229407787323	-0.3865925371646881	0.02131635881960392	0.0998540073633194	0.39230218529701233	0.2911810576915741	-0.19467765092849731	-0.04049231857061386	-0.19678540527820587	0.1493753343820572	-0.3631063997745514	0.709903359413147	0.4180734157562256	0.06649858504533768	0.07686731219291687	0.4472428858280182	0.14803341031074524	0.39016199111938477	0.37574225664138794	0.4130769371986389	-0.20867256820201874	0.5567368865013123	0.18588675558567047	-0.1855219155550003	0.20945234596729279	0.7689787745475769	0.18637000024318695	-0.06765437871217728	0.17143423855304718	0.6907670497894287	0.22899769246578217	0.33960261940956116	0.4971861243247986	0.4224739074707031	-0.11209367215633392	0.4505084156990051	0.18201744556427002	-0.23713566362857819	0.5420076251029968	0.1778266578912735	0.2717636823654175	0.7247780561447144	0.5666350722312927	0.5607276558876038	0.4463314712047577	0.5986798405647278	0.4787434935569763	0.23156240582466125	0.6211100220680237	0.5730167031288147	0.6392728090286255	0.3829611539840698	0.6990588307380676	0.46298277378082275	0.44065678119659424	0.2325807809829712	0.298682302236557	-0.009937437251210213	-0.19398730993270874	-0.43656477332115173	0.0011605516774579883	-0.5685808062553406	-0.3217604160308838	-0.6768780946731567	-0.363750696182251	-0.37185290455818176	-0.19610442221164703
LH_SomMot_3	0.24517488479614258	-0.19605790078639984	-0.00672757625579834	0.14293871819972992	-0.2779659628868103	0.3010067045688629	-0.03746912255883217	-0.4990452527999878	-0.10355035215616226	0.7105133533477783	0.8832226991653442	1.0	0.6938334107398987	0.27936846017837524	-0.12354249507188797	0.010260655544698238	0.49933597445487976	-0.25325292348861694	0.3206143081188202	-0.388114869594574	-0.24787728488445282	0.7639455795288086	0.4166090190410614	0.6393717527389526	0.7073776721954346	0.8209636807441711	0.20379552245140076	0.7137600183486938	0.1706584095954895	0.7768083214759827	0.007506643887609243	0.40284791588783264	-0.17087286710739136	0.35929903388023376	0.32394057512283325	-0.13607046008110046	0.37747374176979065	0.43510279059410095	0.45780307054519653	0.5615422129631042	-0.36341506242752075	0.6494139432907104	0.6019686460494995	-0.05824596807360649	-0.22291602194309235	-0.010728572495281696	0.2110235095024109	-0.21136686205863953	0.03256573900580406	-0.3833584785461426	0.08392733335494995	-0.2654881775379181	-0.0629822239279747	0.06030382215976715	-0.06345369666814804	0.299311101436615	-0.45416295528411865	-0.1231122836470604	0.6581124663352966	0.663658857345581	0.5954709649085999	0.4236867129802704	0.5932257771492004	0.5241842865943909	0.20995734632015228	-0.05144447460770607	-0.2953641712665558	0.10948377847671509	-0.019421836361289024	-0.3663036823272705	-0.20528092980384827	0.6732068061828613	0.3476939797401428	-0.07361512631177902	0.35833054780960083	0.7338425517082214	0.20469219982624054	0.7951223850250244	0.1527167707681656	0.059983719140291214	-0.3914715349674225	-0.28326600790023804	-0.27141284942626953	0.032719533890485764	-0.11069907248020172	0.046162236481904984	0.26957544684410095	0.4683045744895935	-0.24397408962249756	-0.49552658200263977	-0.5006198883056641	-0.07392830401659012	0.09891194850206375	0.2681717872619629	0.1807260513305664	-0.24616485834121704	-0.07225330919027328	-0.15969210863113403	0.1315099447965622	-0.3357832431793213	0.7293816208839417	0.3604375422000885	0.03365981951355934	0.0718008354306221	0.3624720573425293	0.10381584614515305	0.3696892559528351	0.3499796986579895	0.41405996680259705	-0.24512435495853424	0.5047909021377563	0.19512586295604706	-0.20586173236370087	0.2575426697731018	0.7975780963897705	0.2212403118610382	0.03580605611205101	0.123346708714962	0.7117419838905334	0.20871876180171967	0.32773682475090027	0.4464998245239258	0.36176466941833496	-0.0494222566485405	0.4711300730705261	0.07954373210668564	-0.2523023188114166	0.595957338809967	0.1707277148962021	0.2516274154186249	0.6640686392784119	0.5440064072608948	0.43226951360702515	0.4726532995700836	0.5735916495323181	0.48400601744651794	0.14528308808803558	0.5462839007377625	0.5506551861763	0.5929843187332153	0.44290441274642944	0.7502282857894897	0.3856600821018219	0.4375767409801483	0.13238640129566193	0.3054550588130951	0.07492021471261978	-0.20342619717121124	-0.3938160240650177	0.048877861350774765	-0.49526286125183105	-0.28129062056541443	-0.631314754486084	-0.43035170435905457	-0.345426082611084	-0.2743318974971771
