Node	DMN_LABEL_1	Vis_LABEL_2	FP_LABEL_3	Aud_LABEL_4	Tpole_LABEL_5	PMN_LABEL_6	PON_LABEL_7	MTL_LABEL_8	PON_LABEL_9	CO_LABEL_10	Sal_LABEL_11	CO_LABEL_12	SMd_LABEL_13	SMl_LABEL_14	DAN_LABEL_15	DMN_LABEL_16	CO_LABEL_17	DMN_LABEL_18	VAN_LABEL_19	CO_LABEL_20	CO_LABEL_21	Sal_LABEL_22	DAN_LABEL_23	PMN_LABEL_24	DAN_LABEL_25	DMN_LABEL_26	DMN_LABEL_27	DMN_LABEL_28	Vis_LABEL_29	FP_LABEL_30	Aud_LABEL_31	Tpole_LABEL_32	PMN_LABEL_33	PON_LABEL_34	MTL_LABEL_35	CO_LABEL_36	Sal_LABEL_37	CO_LABEL_38	SMd_LABEL_39	SMl_LABEL_40	DAN_LABEL_41	CO_LABEL_42	VAN_LABEL_43	CO_LABEL_44	CO_LABEL_45	Sal_LABEL_46	DAN_LABEL_47	PMN_LABEL_48	DAN_LABEL_49	DMN_LABEL_50	FP_LABEL_51	DMN_LABEL_52	DMN_LABEL_53	PON_LABEL_54	DMN_LABEL_55	Tpole_LABEL_56	Tpole_LABEL_57	Sal_LABEL_58	Sal_LABEL_59	SMd_LABEL_60	DAN_LABEL_61	FP_LABEL_62	DMN_LABEL_63	FP_LABEL_64	FP_LABEL_65	SMd_LABEL_66	SMl_LABEL_67	SMd_LABEL_68	DMN_LABEL_69	DAN_LABEL_70	DMN_LABEL_71	FP_LABEL_72	SMd_LABEL_73	SMl_LABEL_74	MTL_LABEL_75	MTL_LABEL_76	CO_LABEL_77	CO_LABEL_78	Vis_LABEL_79	Vis_LABEL_80
DMN_LABEL_1	1.0	0.19368985295295715	-0.31569942831993103	-0.44285091757774353	-0.48840582370758057	0.0824969932436943	0.26989105343818665	n/a	-0.4550863206386566	-0.3281722068786621	0.04954065755009651	-0.624849796295166	0.21888716518878937	-0.37351298332214355	-0.0036526834592223167	0.7118121385574341	-0.29504507780075073	-0.09709876030683517	-0.2549539804458618	-0.44420167803764343	-0.6690964102745056	-0.6459562182426453	0.1289360374212265	0.25228631496429443	0.23180806636810303	0.5510549545288086	0.792639434337616	0.40940144658088684	0.1885080188512802	-0.048532210290431976	-0.22051531076431274	-0.3290903866291046	0.05042970925569534	0.027433566749095917	n/a	-0.46037331223487854	-0.10386132448911667	-0.1779218167066574	-0.07565969228744507	-0.3209925591945648	0.12804469466209412	-0.3051879405975342	-0.0903121829032898	-0.2638298571109772	-0.4635055959224701	-0.3389253616333008	0.1148807555437088	0.021557364612817764	0.14468756318092346	0.44370585680007935	-0.4196590185165405	0.7593446969985962	0.4662412405014038	-0.3610936403274536	0.26397618651390076	-0.5644652247428894	-0.2681775689125061	0.17792485654354095	0.11565099656581879	0.4290390610694885	0.1488111913204193	0.26292917132377625	-0.048741769045591354	0.4092619717121124	0.319350928068161	-0.1188674196600914	-0.03491230681538582	0.40283846855163574	0.6836076378822327	0.14421381056308746	0.13963817059993744	0.0869092345237732	0.3784436285495758	-0.024107350036501884	-0.021769240498542786	-0.16874702274799347	-0.2963828146457672	-0.4089261293411255	0.17207390069961548	0.37192997336387634
Vis_LABEL_2	0.19368985295295715	1.0	-0.36338549852371216	0.18208307027816772	-0.45935556292533875	-0.0759173259139061	0.5688018202781677	n/a	-0.04160844907164574	-0.19716231524944305	-0.08406376093626022	-0.2946908473968506	0.39368095993995667	-0.4544563591480255	-0.34787076711654663	-0.07885478436946869	0.08569835126399994	-0.3571195900440216	0.2733737826347351	-0.24874241650104523	-0.2619841992855072	-0.05833447724580765	-0.045493289828300476	0.02278698794543743	0.2176024317741394	-0.24998034536838531	-0.027190417051315308	-0.35508212447166443	0.900179386138916	-0.4064318835735321	0.24434837698936462	-0.5129857063293457	-0.10984025150537491	0.3883664906024933	n/a	-0.19278927147388458	-0.02253587171435356	-0.1379692107439041	0.13325516879558563	-0.5322463512420654	-0.05712272599339485	-0.019874636083841324	-0.07692959904670715	-0.17491884529590607	-0.09196193516254425	-0.27709412574768066	-0.10749941319227219	-0.13276627659797668	0.24078680574893951	-0.35008352994918823	-0.2626069486141205	-0.11101965606212616	-0.08304720371961594	0.04653293639421463	-0.10734112560749054	-0.4857407510280609	-0.6050378680229187	0.03848835453391075	-0.05772603303194046	-0.06106444448232651	-0.19692212343215942	-0.052202414721250534	-0.03695455193519592	0.1846773624420166	0.2419724017381668	0.0014609626960009336	-0.3805590271949768	-0.04041581228375435	-0.11378509551286697	0.09446435421705246	0.13518744707107544	-0.008792332373559475	0.10130947828292847	-0.16622792184352875	-0.14033466577529907	-0.016731103882193565	-0.26755619049072266	-0.22762539982795715	0.44536080956459045	0.44359564781188965
FP_LABEL_3	-0.31569942831993103	-0.36338549852371216	1.0	-0.04011308401823044	0.03244829922914505	-0.10532397776842117	-0.39359086751937866	n/a	0.005743952468037605	-0.08357936143875122	-0.046446021646261215	0.009764306247234344	-0.6298460960388184	0.2010081708431244	0.018416136503219604	0.04556303843855858	-0.05624883621931076	0.23694120347499847	-0.2355155497789383	0.14915454387664795	0.17678238451480865	0.21429301798343658	-0.015175375156104565	-0.1679987758398056	-0.1656217873096466	0.0675065666437149	-0.06276749819517136	0.257240891456604	-0.40422946214675903	0.6188250184059143	-0.023432034999132156	-0.05504960939288139	-0.07168176770210266	-0.24369579553604126	n/a	-0.04706147313117981	-0.16889266669750214	-0.2793000340461731	-0.3119663596153259	0.29851531982421875	-0.039464518427848816	-0.0311000756919384	0.09349177032709122	0.04358513653278351	0.10599914193153381	0.14204132556915283	0.054513901472091675	-0.1745755970478058	-0.15467408299446106	0.2054368257522583	0.6016644835472107	-0.06664837151765823	0.15262001752853394	0.0034577285405248404	0.0627993643283844	0.17649567127227783	0.11442471295595169	0.04277249425649643	0.2234974205493927	-0.04770853370428085	0.025201432406902313	0.24262985587120056	-0.19583560526371002	0.13736791908740997	0.22555594146251678	0.07561962306499481	0.20353329181671143	-0.11444833129644394	-0.005562072619795799	0.07500479370355606	-0.25017133355140686	0.48966720700263977	-0.43504568934440613	-0.03128865733742714	-0.4833086431026459	-0.36156827211380005	0.3248220384120941	0.356515109539032	-0.14744932949543	-0.24576129019260406
Aud_LABEL_4	-0.44285091757774353	0.18208307027816772	-0.04011308401823044	1.0	0.24363508820533752	0.07524379342794418	0.11811303347349167	n/a	0.3763956129550934	0.5802387595176697	0.1923736035823822	0.39715027809143066	0.36405861377716064	0.42445680499076843	-0.28389838337898254	-0.3095429241657257	0.6426482796669006	0.16771350800991058	0.7129181027412415	0.5233885049819946	0.6894007325172424	0.6893938779830933	-0.30138176679611206	-0.1988055258989334	-0.15480780601501465	-0.3273612856864929	-0.31215304136276245	-0.19046469032764435	0.18299290537834167	-0.25393834710121155	0.8762714266777039	0.19854679703712463	0.1475105583667755	0.22382791340351105	n/a	0.6025261878967285	0.3910146653652191	0.2961982786655426	0.2259790599346161	0.14236384630203247	-0.16102422773838043	0.26274076104164124	0.22471843659877777	0.30481356382369995	0.6630350351333618	0.4470057785511017	-0.340078204870224	0.02151850238442421	-0.2224723845720291	-0.43596842885017395	-0.001534686191007495	-0.3461286127567291	-0.4435309171676636	0.0027442669961601496	0.04932594299316406	0.3973179757595062	0.04157593846321106	0.11410176008939743	0.08400917798280716	0.04849832504987717	-0.19930726289749146	-0.26428699493408203	0.05137863755226135	-0.3211422860622406	-0.3475547134876251	0.005827136803418398	-0.2539166808128357	0.11629722267389297	-0.46851035952568054	-0.1702086478471756	0.264663428068161	-0.30084189772605896	-0.3217047452926636	-0.10762530565261841	0.23732706904411316	0.20576100051403046	0.21442243456840515	0.3384726643562317	0.240362286567688	0.28614315390586853
Tpole_LABEL_5	-0.48840582370758057	-0.45935556292533875	0.03244829922914505	0.24363508820533752	1.0	0.0763767883181572	-0.204056978225708	n/a	0.4383604824542999	0.361035019159317	0.17276227474212646	0.4220365285873413	-0.17854665219783783	0.2361217439174652	0.006220419425517321	-0.3238236606121063	0.019245130941271782	0.6411789059638977	0.36895689368247986	0.3245222568511963	0.5770130157470703	0.5570477247238159	-0.3617476522922516	-0.11636172980070114	-0.19388113915920258	0.22879727184772491	-0.29704388976097107	0.1384792923927307	-0.4022817015647888	-0.09140148013830185	-0.011133539490401745	0.8472163677215576	0.08733004331588745	0.021120931953191757	n/a	0.24880315363407135	0.25350868701934814	0.16237476468086243	0.05720370635390282	0.17551343142986298	-0.388784259557724	-0.012091884389519691	0.041473787277936935	0.266085684299469	0.16317419707775116	0.5077440142631531	-0.38828930258750916	0.021429505199193954	-0.06428536027669907	-0.16818752884864807	0.05085687339305878	-0.3076470196247101	-0.08441556245088577	0.11614028364419937	0.051696863025426865	0.8327538967132568	0.6576609015464783	-0.356092244386673	-0.20770163834095	-0.03229033946990967	-0.2512191832065582	-0.312079519033432	0.40270036458969116	-0.6360564827919006	-0.6007851958274841	-0.03644572198390961	-0.1406954824924469	0.051819175481796265	-0.07126220315694809	-0.46225705742836	0.34801191091537476	-0.10810426622629166	-0.2546723186969757	0.0065894885919988155	0.44240811467170715	0.4169574975967407	0.11815867573022842	0.2629714906215668	-0.1804669201374054	-0.2041480541229248
PMN_LABEL_6	0.0824969932436943	-0.0759173259139061	-0.10532397776842117	0.07524379342794418	0.0763767883181572	1.0	0.2530391216278076	n/a	0.03603909909725189	0.4273398220539093	0.5465744137763977	0.37813010811805725	0.19910098612308502	0.1809673011302948	-0.04331045225262642	3.603826917242259e-05	0.029725434258580208	-0.026457680389285088	0.17582839727401733	0.16397543251514435	0.24080026149749756	-0.03215222805738449	-0.2835366129875183	0.7508395910263062	-0.42561355233192444	0.12403097003698349	-0.01239066757261753	-0.05245071277022362	0.10455374419689178	-0.24644365906715393	-0.010105646215379238	0.2588822543621063	0.7856634259223938	0.2101641297340393	n/a	0.39341774582862854	0.38784798979759216	0.3427526354789734	0.39949867129325867	0.06104877218604088	-0.22607213258743286	-0.29304268956184387	-0.07258981466293335	0.15286241471767426	0.21732327342033386	0.06737910956144333	-0.31807881593704224	0.7346426844596863	-0.3138388693332672	-0.3791118562221527	-0.25584670901298523	-0.09298736602067947	-0.29985296726226807	0.0064882151782512665	-0.16405701637268066	0.33021607995033264	0.42063766717910767	0.23129388689994812	0.021034924313426018	-0.1986037641763687	0.15159550309181213	-0.4719024896621704	-0.1465347409248352	-0.4042949080467224	-0.3543919622898102	0.1460263431072235	0.030084704980254173	0.002657583449035883	-0.0968405231833458	0.03215532749891281	0.01666618324816227	-0.25069108605384827	0.11677252501249313	0.2676829695701599	0.4341263771057129	0.2852354049682617	0.22988128662109375	0.2854667007923126	0.22079411149024963	0.04850487411022186
PON_LABEL_7	0.26989105343818665	0.5688018202781677	-0.39359086751937866	0.11811303347349167	-0.204056978225708	0.2530391216278076	1.0	n/a	0.436804860830307	0.14670604467391968	0.3732646405696869	-0.11174768209457397	0.18223686516284943	-0.2656114101409912	-0.43883490562438965	-0.07869073748588562	0.00013219051470514387	-0.10925443470478058	0.2468692809343338	0.09584774821996689	-0.03202279657125473	-0.02736460231244564	-0.28209376335144043	0.4716859459877014	-0.28228437900543213	0.1592942625284195	0.17616033554077148	-0.12069789320230484	0.6464112401008606	-0.2166564017534256	0.08473211526870728	-0.1203731968998909	0.3169993758201599	0.8887973427772522	n/a	0.021745098754763603	0.3155936598777771	-0.1420498490333557	0.052425965666770935	-0.3613998293876648	-0.40934276580810547	-0.26588666439056396	-0.16906195878982544	-0.006486442405730486	-0.0140158636495471	-0.15672233700752258	-0.33224034309387207	0.16877880692481995	-0.06058485433459282	-0.33670416474342346	-0.138605535030365	0.22335317730903625	0.04640242084860802	0.396169513463974	0.263912171125412	-0.1437722146511078	-0.11628425866365433	0.4108438789844513	0.26046282052993774	-0.027751006186008453	-0.34913158416748047	-0.19801019132137299	-0.02028800919651985	-0.06111769750714302	0.013252141885459423	-0.15667514503002167	-0.30675753951072693	0.00605981657281518	0.047725629061460495	-0.09147201478481293	0.29776668548583984	-0.2083478420972824	0.15245746076107025	-0.16275911033153534	0.2815728187561035	0.390292763710022	0.11875450611114502	0.021445641294121742	0.2853368818759918	0.35628828406333923
MTL_LABEL_8	n/a	n/a	n/a	n/a	n/a	n/a	n/a	1.0	n/a	n/a	n/a	n/a	n/a	n/a	n/a	n/a	n/a	n/a	n/a	n/a	n/a	n/a	n/a	n/a	n/a	n/a	n/a	n/a	n/a	n/a	n/a	n/a	n/a	n/a	n/a	n/a	n/a	n/a	n/a	n/a	n/a	n/a	n/a	n/a	n/a	n/a	n/a	n/a	n/a	n/a	n/a	n/a	n/a	n/a	n/a	n/a	n/a	n/a	n/a	n/a	n/a	n/a	n/a	n/a	n/a	n/a	n/a	n/a	n/a	n/a	n/a	n/a	n/a	n/a	n/a	n/a	n/a	n/a	n/a	n/a
PON_LABEL_9	-0.4550863206386566	-0.04160844907164574	0.005743952468037605	0.3763956129550934	0.4383604824542999	0.03603909909725189	0.436804860830307	n/a	1.0	0.3934406042098999	0.3240816295146942	0.29810723662376404	-0.18913421034812927	0.17945341765880585	-0.19651007652282715	-0.4604986608028412	0.09337175637483597	0.2982371151447296	0.4003428518772125	0.6112043857574463	0.5254390835762024	0.5089802742004395	-0.34456515312194824	0.05043715238571167	-0.24190223217010498	-0.07628868520259857	-0.32740822434425354	-0.08377914130687714	0.04134726896882057	0.1540970355272293	0.19749607145786285	0.43782055377960205	0.2610316872596741	0.6899650692939758	n/a	0.3115682005882263	0.48026663064956665	-0.07288294285535812	-0.06521973758935928	0.08688607066869736	-0.2920237183570862	-0.07726527750492096	-0.07003504037857056	0.09548246115446091	0.317387193441391	0.32676267623901367	-0.2316552698612213	0.05715922638773918	0.013513225130736828	-0.3531378209590912	0.3401690423488617	-0.18402917683124542	-0.061281733214855194	0.5825061798095703	0.24736542999744415	0.5081883668899536	0.3884021043777466	0.2873174250125885	0.21210750937461853	-0.023985592648386955	-0.5160003304481506	-0.21566782891750336	0.1829175502061844	-0.39773911237716675	-0.38217610120773315	-0.28090593218803406	-0.26515841484069824	-0.08515434712171555	-0.3416491150856018	-0.18858392536640167	0.20437540113925934	-0.17948772013187408	-0.12944337725639343	-0.1605580896139145	0.43049952387809753	0.6591852307319641	0.33578869700431824	0.35526880621910095	-0.20619089901447296	-0.03160657361149788
CO_LABEL_10	-0.3281722068786621	-0.19716231524944305	-0.08357936143875122	0.5802387595176697	0.361035019159317	0.4273398220539093	0.14670604467391968	n/a	0.3934406042098999	1.0	0.6720155477523804	0.6566712856292725	0.2913914918899536	0.5164397358894348	0.06716695427894592	-0.3445662260055542	0.5362997651100159	0.12589053809642792	0.5687200427055359	0.6125826239585876	0.8226202726364136	0.5486825108528137	-0.26333826780319214	0.04783949255943298	-0.29894202947616577	-0.023492103442549706	-0.09838281571865082	0.000536550534889102	-0.031281452625989914	-0.3478022515773773	0.5408843755722046	0.5054647922515869	0.3609614968299866	0.28962355852127075	n/a	0.8906211853027344	0.6289588809013367	0.5641828775405884	0.5975275635719299	0.24651190638542175	-0.17999091744422913	0.15840379893779755	0.2100013941526413	0.39673495292663574	0.7696030735969543	0.5213784575462341	-0.3376588821411133	0.16722945868968964	-0.2624681890010834	-0.509319007396698	-0.03796767070889473	-0.2031756192445755	-0.5727658271789551	-0.011578421108424664	-0.03164273872971535	0.686862587928772	0.534669041633606	0.40192458033561707	0.34451234340667725	-0.14664839208126068	-0.038655176758766174	-0.5457397103309631	-0.14694510400295258	-0.7048165798187256	-0.7027555108070374	0.0745801031589508	-0.11919720470905304	-0.01993437111377716	-0.3737344443798065	-0.17941194772720337	0.27772459387779236	-0.5664246678352356	-0.19299250841140747	0.009392693638801575	0.6327635049819946	0.47860610485076904	0.6076170802116394	0.7075702548027039	-0.11056624352931976	0.23448018729686737
Sal_LABEL_11	0.04954065755009651	-0.08406376093626022	-0.046446021646261215	0.1923736035823822	0.17276227474212646	0.5465744137763977	0.3732646405696869	n/a	0.3240816295146942	0.6720155477523804	1.0	0.30808526277542114	0.11058194935321808	0.0997406393289566	0.019672337919473648	-0.021164661273360252	0.08174192905426025	0.16666463017463684	0.41827037930488586	0.2930392622947693	0.39146187901496887	0.32560449838638306	-0.38851451873779297	0.33023250102996826	-0.26416128873825073	0.3797401189804077	0.10990380495786667	0.19611161947250366	0.18993376195430756	-0.09394581615924835	0.16305318474769592	0.3545645475387573	0.5211297869682312	0.3471509516239166	n/a	0.4480364918708801	0.8040329813957214	0.30004116892814636	0.3540639579296112	-0.066336490213871	-0.33025485277175903	-0.30934229493141174	0.057869765907526016	0.15538373589515686	0.34243011474609375	0.45914795994758606	-0.4792025089263916	0.36526668071746826	-0.20478321611881256	-0.2920210063457489	-0.026607679203152657	0.13788124918937683	-0.23642702400684357	-0.018694207072257996	0.01374075934290886	0.4343051314353943	0.4146988093852997	0.5033543705940247	0.5125659108161926	-0.12654942274093628	-0.139701247215271	-0.4739239811897278	-0.10991258174180984	-0.5750285387039185	-0.5478982329368591	-0.15451672673225403	-0.29618731141090393	-0.010122209787368774	0.017840974032878876	-0.21221615374088287	0.357454389333725	-0.4991307258605957	-0.08812566101551056	-0.1694701910018921	0.5601485371589661	0.4541751742362976	0.5594022870063782	0.5856267213821411	-0.0765998363494873	0.2516815662384033
CO_LABEL_12	-0.624849796295166	-0.2946908473968506	0.009764306247234344	0.39715027809143066	0.4220365285873413	0.37813010811805725	-0.11174768209457397	n/a	0.29810723662376404	0.6566712856292725	0.30808526277542114	1.0	0.12802165746688843	0.47740817070007324	0.3045192360877991	-0.6765651702880859	0.4675460457801819	-0.05477208271622658	0.1981702595949173	0.4824272394180298	0.6711747050285339	0.3695763051509857	-0.02901638299226761	0.11017078906297684	-0.34685224294662476	-0.2953595221042633	-0.4690406918525696	-0.35297662019729614	-0.16838261485099792	-0.31327298283576965	0.14716818928718567	0.5173881649971008	0.35030603408813477	0.03889477998018265	n/a	0.7667154669761658	0.4071698784828186	0.6387169361114502	0.2462516576051712	0.3313276767730713	-0.1352423131465912	0.23999595642089844	0.010061634704470634	0.5138120055198669	0.6031505465507507	0.2699059247970581	-0.22320342063903809	0.27364444732666016	-0.4456758201122284	-0.6285598874092102	0.05880812928080559	-0.4950346052646637	-0.7977114319801331	0.19906790554523468	-0.3697792589664459	0.6525229811668396	0.5226491689682007	0.11891323328018188	0.10926172882318497	-0.45095697045326233	0.08914991468191147	-0.5993922352790833	-0.008412354625761509	-0.6251537799835205	-0.6412836313247681	0.0882786437869072	0.07643722742795944	-0.32443252205848694	-0.6531609296798706	-0.106038399040699	-0.02000671811401844	-0.5531446933746338	-0.19634179770946503	0.137907937169075	0.3893548846244812	0.4224609434604645	0.5311815142631531	0.5618892312049866	0.05808907002210617	-0.19912858307361603
SMd_LABEL_13	0.21888716518878937	0.39368095993995667	-0.6298460960388184	0.36405861377716064	-0.17854665219783783	0.19910098612308502	0.18223686516284943	n/a	-0.18913421034812927	0.2913914918899536	0.11058194935321808	0.12802165746688843	1.0	-0.07411494851112366	0.13345655798912048	-0.05048457533121109	0.46403318643569946	-0.3550855219364166	0.3878185451030731	0.03247876465320587	-0.003279678523540497	-0.06193765625357628	0.14015983045101166	0.03680059686303139	0.241525337100029	-0.253624826669693	-0.027257751673460007	-0.2914386987686157	0.36636412143707275	-0.6561864018440247	0.37261977791786194	-0.04388194903731346	-9.777419472811744e-05	0.014773995615541935	n/a	0.3329846262931824	0.17883901298046112	0.646300196647644	0.5895606279373169	-0.291677325963974	0.24920471012592316	0.23371167480945587	0.03505028411746025	0.035775672644376755	0.25801220536231995	-0.10419263690710068	-0.029331263154745102	0.14121413230895996	-0.10460896790027618	-0.3597775995731354	-0.5598399043083191	-0.08808427304029465	-0.4312354326248169	-0.1827809065580368	-0.34959232807159424	-0.12244229763746262	-0.16177138686180115	-0.06729359179735184	-0.17878358066082	0.20308983325958252	0.25297847390174866	-0.3322840631008148	0.01238088496029377	-0.13374720513820648	-0.271855890750885	0.1964207887649536	-0.21022427082061768	0.35265955328941345	-0.1635282188653946	0.143998384475708	0.26332080364227295	-0.49358758330345154	0.38462287187576294	0.02564183808863163	0.41219252347946167	0.14192432165145874	-0.31393173336982727	-0.17265558242797852	0.3441149890422821	0.5344210863113403
SMl_LABEL_14	-0.37351298332214355	-0.4544563591480255	0.2010081708431244	0.42445680499076843	0.2361217439174652	0.1809673011302948	-0.2656114101409912	n/a	0.17945341765880585	0.5164397358894348	0.0997406393289566	0.47740817070007324	-0.07411494851112366	1.0	0.04658789932727814	-0.039038922637701035	0.23248116672039032	0.11211169511079788	0.191072478890419	0.34066149592399597	0.5993870496749878	0.31927186250686646	-0.11108575761318207	-0.20183812081813812	-0.1887369155883789	-0.17919398844242096	-0.0591466911137104	0.1949637234210968	-0.4295092821121216	0.11766776442527771	0.44725412130355835	0.23747140169143677	0.22294622659683228	-0.06097666174173355	n/a	0.5842925906181335	0.048366475850343704	0.21407823264598846	0.16632188856601715	0.9230723977088928	-0.06324325501918793	0.14262840151786804	0.2087727040052414	0.03205699846148491	0.5354935526847839	0.2596682608127594	0.003811400383710861	-0.003553536254912615	-0.1424066126346588	-0.022916652262210846	0.3456100523471832	-0.23875358700752258	-0.2900218665599823	0.06308861076831818	0.08014325797557831	0.46072280406951904	0.3127083480358124	0.3167056441307068	0.1745757758617401	-0.11205622553825378	-0.11696004122495651	-0.24549253284931183	0.02914069965481758	-0.35188862681388855	-0.3954857885837555	-0.001137827057391405	0.3720448911190033	-0.0426233746111393	-0.38922441005706787	-0.2479126900434494	-0.0761353000998497	-0.17941425740718842	-0.44311338663101196	0.5044689178466797	0.07684042304754257	0.025299033150076866	0.4062831997871399	0.30924609303474426	-0.17389312386512756	-0.27181771397590637
DAN_LABEL_15	-0.0036526834592223167	-0.34787076711654663	0.018416136503219604	-0.28389838337898254	0.006220419425517321	-0.04331045225262642	-0.43883490562438965	n/a	-0.19651007652282715	0.06716695427894592	0.019672337919473648	0.3045192360877991	0.13345655798912048	0.04658789932727814	1.0	-0.1380082219839096	0.14829380810260773	-0.16047798097133636	-0.23529183864593506	0.0969931036233902	-0.08306687325239182	-0.15326233208179474	0.679341733455658	-0.12185168266296387	0.4953427314758301	-0.04308081045746803	-0.05669531226158142	0.002537687309086323	-0.3535686433315277	0.033927977085113525	-0.2890031039714813	0.21020272374153137	-0.13404496014118195	-0.4323870539665222	n/a	0.09749983251094818	0.17980331182479858	0.36718231439590454	0.12139749526977539	0.1147887334227562	0.5627566576004028	0.2136896848678589	0.05806019902229309	0.11456652730703354	0.037937264889478683	0.059902649372816086	0.5031656622886658	-0.08400237560272217	0.11935491859912872	0.02583448216319084	-0.10138598829507828	-0.004759518429636955	-0.25402405858039856	-0.08619800955057144	-0.3764322102069855	0.08966897428035736	0.3254030644893646	0.060307156294584274	0.13735316693782806	0.1178567185997963	0.48865288496017456	-0.12210734933614731	-0.13730843365192413	-0.021127553656697273	-0.17960400879383087	0.14877767860889435	0.1825731098651886	0.09694360196590424	-0.04775364324450493	0.4193499982357025	-0.16337628662586212	-0.13107727468013763	0.21069234609603882	0.158288836479187	0.20742009580135345	0.1224883645772934	-0.04202720895409584	0.12018463760614395	-0.25841477513313293	-0.004458288662135601
DMN_LABEL_16	0.7118121385574341	-0.07885478436946869	0.04556303843855858	-0.3095429241657257	-0.3238236606121063	3.603826917242259e-05	-0.07869073748588562	n/a	-0.4604986608028412	-0.3445662260055542	-0.021164661273360252	-0.6765651702880859	-0.05048457533121109	-0.039038922637701035	-0.1380082219839096	1.0	-0.40642249584198	0.14651712775230408	-0.20869605243206024	-0.3857382535934448	-0.4904245436191559	-0.36591869592666626	-0.06048392876982689	0.026479847729206085	0.16337382793426514	0.5067567229270935	0.6894561648368835	0.6682905554771423	-0.08755458891391754	0.3068069517612457	-0.07177973538637161	-0.3460669219493866	0.00392622034996748	-0.2424328625202179	n/a	-0.44562628865242004	-0.24750728905200958	-0.32588523626327515	-0.12318731844425201	0.03549344465136528	0.09909215569496155	-0.3691558241844177	-0.027566788718104362	-0.42257314920425415	-0.3838529586791992	-0.10034304112195969	0.11981499940156937	0.01671227253973484	0.1329517513513565	0.7259268760681152	-0.04522053152322769	0.5923886299133301	0.5950818657875061	-0.42539188265800476	0.3964953124523163	-0.39923831820487976	-0.22006703913211823	0.12038164585828781	0.038825616240501404	0.44160717725753784	0.10565655678510666	0.3867218494415283	0.028099987655878067	0.44724327325820923	0.33357399702072144	-0.012929975055158138	0.1892273724079132	0.45228010416030884	0.6722532510757446	0.0008119009435176849	0.11097018420696259	0.3793447017669678	0.12938161194324493	0.1273663341999054	-0.25626468658447266	-0.3643297255039215	-0.30767422914505005	-0.3610633909702301	0.03842948377132416	0.12814398109912872
CO_LABEL_17	-0.29504507780075073	0.08569835126399994	-0.05624883621931076	0.6426482796669006	0.019245130941271782	0.029725434258580208	0.00013219051470514387	n/a	0.09337175637483597	0.5362997651100159	0.08174192905426025	0.4675460457801819	0.46403318643569946	0.23248116672039032	0.14829380810260773	-0.40642249584198	1.0	-0.03703949600458145	0.35177090764045715	0.5405488610267639	0.5629255771636963	0.45711538195610046	0.20425111055374146	-0.059474099427461624	-0.09935842454433441	-0.4046700894832611	-0.2779327929019928	-0.3798585534095764	0.05566607043147087	-0.35315364599227905	0.6183693408966064	0.08505769073963165	0.04810098186135292	0.045196086168289185	n/a	0.6656308174133301	0.2975187599658966	0.5380572080612183	0.29536959528923035	-0.0011626386549323797	0.3048012852668762	0.7417507171630859	0.36558085680007935	0.5953847169876099	0.7731003165245056	0.42707929015159607	0.028064599260687828	0.0366935208439827	-0.45163241028785706	-0.4572792649269104	-0.10490472614765167	-0.2607984244823456	-0.6064381003379822	-0.1923736035823822	-0.1503238081932068	0.23572486639022827	0.03039262257516384	0.09359680116176605	0.14572732150554657	0.11498547345399857	0.30667176842689514	-0.03842645511031151	-0.23689445853233337	-0.06963764131069183	-0.18007832765579224	0.3563686013221741	0.04181612282991409	0.06821282207965851	-0.4514484405517578	0.23022441565990448	0.0541970431804657	-0.2695274353027344	0.03476943075656891	-0.14246690273284912	0.21325786411762238	0.07014675438404083	0.2564716041088104	0.403495192527771	0.27767619490623474	0.395072340965271
DMN_LABEL_18	-0.09709876030683517	-0.3571195900440216	0.23694120347499847	0.16771350800991058	0.6411789059638977	-0.026457680389285088	-0.10925443470478058	n/a	0.2982371151447296	0.12589053809642792	0.16666463017463684	-0.05477208271622658	-0.3550855219364166	0.11211169511079788	-0.16047798097133636	0.14651712775230408	-0.03703949600458145	1.0	0.18302522599697113	0.29063794016838074	0.3294523060321808	0.4292610287666321	-0.4875974655151367	-0.00922331865876913	-0.1105649396777153	0.4701608419418335	0.08904869854450226	0.42883193492889404	-0.280630886554718	0.26929542422294617	0.0313132107257843	0.4266045093536377	0.18123473227024078	0.029333723708987236	n/a	-0.08395357429981232	0.12477509677410126	-0.3173992931842804	-0.19241686165332794	0.03943467140197754	-0.29940733313560486	-0.18585152924060822	0.03343886137008667	0.05731840059161186	-0.0768595039844513	0.47931304574012756	-0.40242087841033936	0.07577598839998245	-0.005680060014128685	0.21538689732551575	0.06814754754304886	0.10415881127119064	0.2907218337059021	-0.19947019219398499	0.5720820426940918	0.49990805983543396	0.3530333936214447	-0.144422248005867	-0.11285696178674698	0.29395535588264465	-0.30385610461235046	0.23491299152374268	0.11839869618415833	-0.1845843642950058	-0.1240830272436142	-0.11927692592144012	-0.20399639010429382	0.14090490341186523	0.25617241859436035	-0.3494085967540741	0.29456010460853577	0.18082982301712036	-0.2867703139781952	-0.25211337208747864	0.1580120176076889	0.13760590553283691	0.07179137319326401	0.056063152849674225	-0.22027432918548584	-0.04730601981282234
VAN_LABEL_19	-0.2549539804458618	0.2733737826347351	-0.2355155497789383	0.7129181027412415	0.36895689368247986	0.17582839727401733	0.2468692809343338	n/a	0.4003428518772125	0.5687200427055359	0.41827037930488586	0.1981702595949173	0.3878185451030731	0.191072478890419	-0.23529183864593506	-0.20869605243206024	0.35177090764045715	0.18302522599697113	1.0	0.32086876034736633	0.5829039812088013	0.6229794025421143	-0.38452577590942383	-0.17887723445892334	0.019756441935896873	-0.07957705855369568	-0.20269913971424103	-0.03261391445994377	0.32039231061935425	-0.31794172525405884	0.6922313570976257	0.378532350063324	0.09497244656085968	0.27537253499031067	n/a	0.4108448028564453	0.5727295279502869	0.2753966152667999	0.39073291420936584	-0.048120107501745224	-0.2208782434463501	0.05833388492465019	0.4266364872455597	0.09887178242206573	0.4600687026977539	0.5145257115364075	-0.37465280294418335	-0.013163521885871887	0.12018632888793945	-0.35097771883010864	-0.18995459377765656	-0.22088032960891724	-0.18654115498065948	0.023852700367569923	-0.05141575634479523	0.42612743377685547	0.14887288212776184	0.11483952403068542	0.18085366487503052	0.1427346020936966	-0.21089783310890198	-0.33237770199775696	0.06712925434112549	-0.5130123496055603	-0.4662307798862457	-0.09143887460231781	-0.4374369978904724	0.29898524284362793	-0.13025234639644623	-0.22786781191825867	0.32535243034362793	-0.30009499192237854	-0.16099195182323456	-0.01057716179639101	0.4728848338127136	0.3323654532432556	0.12690997123718262	0.3530888557434082	0.0927281528711319	0.40768149495124817
CO_LABEL_20	-0.44420167803764343	-0.24874241650104523	0.14915454387664795	0.5233885049819946	0.3245222568511963	0.16397543251514435	0.09584774821996689	n/a	0.6112043857574463	0.6125826239585876	0.2930392622947693	0.4824272394180298	0.03247876465320587	0.34066149592399597	0.0969931036233902	-0.3857382535934448	0.5405488610267639	0.29063794016838074	0.32086876034736633	1.0	0.6922855377197266	0.49914881587028503	-0.08205575495958328	0.10772981494665146	-0.1512235552072525	-0.21030737459659576	-0.35284003615379333	-0.18754570186138153	-0.17317692935466766	0.04909568652510643	0.39013251662254333	0.3417758643627167	0.3218289613723755	0.32754695415496826	n/a	0.6164620518684387	0.45709872245788574	0.1144653931260109	0.16261936724185944	0.12415162473917007	0.10571235418319702	0.25520041584968567	0.016007931903004646	0.42506787180900574	0.6256188154220581	0.4512021243572235	-0.06153670325875282	0.1666194200515747	-0.22596611082553864	-0.35614240169525146	0.12450438737869263	-0.20297101140022278	-0.38570693135261536	0.12163184583187103	0.15774531662464142	0.620123565196991	0.5238111615180969	0.3952069878578186	0.2725893259048462	0.12515881657600403	0.012215585447847843	-0.06364412605762482	-0.21195906400680542	-0.2589205205440521	-0.3655664622783661	0.12992040812969208	-0.04801272600889206	0.00916769914329052	-0.3938748836517334	0.12366557866334915	0.09339702129364014	-0.16999909281730652	0.04509375989437103	-0.12513191998004913	0.4479123055934906	0.4702080488204956	0.39531710743904114	0.5568352937698364	-0.12139617651700974	0.16610290110111237
CO_LABEL_21	-0.6690964102745056	-0.2619841992855072	0.17678238451480865	0.6894007325172424	0.5770130157470703	0.24080026149749756	-0.03202279657125473	n/a	0.5254390835762024	0.8226202726364136	0.39146187901496887	0.6711747050285339	-0.003279678523540497	0.5993870496749878	-0.08306687325239182	-0.4904245436191559	0.5629255771636963	0.3294523060321808	0.5829039812088013	0.6922855377197266	1.0	0.7792717814445496	-0.3426763713359833	-0.10440889745950699	-0.37664613127708435	-0.16977006196975708	-0.34222063422203064	-0.06499040126800537	-0.20024733245372772	-0.16775213181972504	0.5548250675201416	0.5082837343215942	0.2643581032752991	0.211729496717453	n/a	0.798876941204071	0.4573917090892792	0.34115999937057495	0.33290112018585205	0.3718274235725403	-0.24070917069911957	0.27719810605049133	0.23909178376197815	0.44158947467803955	0.7837337851524353	0.6418526768684387	-0.35650426149368286	0.058227501809597015	-0.26983124017715454	-0.5028520822525024	0.22359344363212585	-0.4531975984573364	-0.5214225053787231	0.05399972200393677	0.016866043210029602	0.8104536533355713	0.4658435881137848	0.18195763230323792	0.19491074979305267	-0.1883041262626648	-0.16746902465820312	-0.3603413999080658	-0.020323989912867546	-0.6452564001083374	-0.5490134954452515	0.08053240180015564	-0.030142419040203094	-0.12208140641450882	-0.5000858306884766	-0.30556192994117737	0.15020246803760529	-0.28909751772880554	-0.40531766414642334	0.00794494990259409	0.37882500886917114	0.3250168561935425	0.6000097990036011	0.6862029433250427	-0.08801953494548798	-0.011992141604423523
Sal_LABEL_22	-0.6459562182426453	-0.05833447724580765	0.21429301798343658	0.6893938779830933	0.5570477247238159	-0.03215222805738449	-0.02736460231244564	n/a	0.5089802742004395	0.5486825108528137	0.32560449838638306	0.3695763051509857	-0.06193765625357628	0.31927186250686646	-0.15326233208179474	-0.36591869592666626	0.45711538195610046	0.4292610287666321	0.6229794025421143	0.49914881587028503	0.7792717814445496	1.0	-0.279525488615036	-0.24612142145633698	-0.1676255464553833	-0.13995496928691864	-0.42856067419052124	0.01804877258837223	-0.06440260261297226	0.015753788873553276	0.5614726543426514	0.38886353373527527	0.06425180286169052	0.18357613682746887	n/a	0.4721153974533081	0.4222114384174347	0.15464098751544952	0.2053777128458023	0.1842329502105713	-0.16409027576446533	0.30333906412124634	0.28960949182510376	0.2465439736843109	0.6149666905403137	0.7747135758399963	-0.28150373697280884	-0.07915957272052765	-0.12716585397720337	-0.34489917755126953	0.3680819272994995	-0.44130295515060425	-0.2857247292995453	0.08878368884325027	0.011115913279354572	0.669994592666626	0.30895787477493286	-0.047779276967048645	0.06929977983236313	0.012449031695723534	-0.29863280057907104	-0.24556681513786316	0.17154133319854736	-0.47716692090034485	-0.4270375370979309	0.11744475364685059	-0.20082980394363403	0.027827106416225433	-0.3629208505153656	-0.2722654640674591	0.3678303360939026	-0.09609300643205643	-0.44903215765953064	-0.19792956113815308	0.15657688677310944	0.23181304335594177	0.29548516869544983	0.5301884412765503	-0.029783757403492928	0.1348445564508438
DAN_LABEL_23	0.1289360374212265	-0.045493289828300476	-0.015175375156104565	-0.30138176679611206	-0.3617476522922516	-0.2835366129875183	-0.28209376335144043	n/a	-0.34456515312194824	-0.26333826780319214	-0.38851451873779297	-0.02901638299226761	0.14015983045101166	-0.11108575761318207	0.679341733455658	-0.06048392876982689	0.20425111055374146	-0.4875974655151367	-0.38452577590942383	-0.08205575495958328	-0.3426763713359833	-0.279525488615036	1.0	-0.17023488879203796	0.5101261734962463	-0.2710048258304596	-0.02193581499159336	-0.19139978289604187	-0.21829012036323547	0.022242505103349686	-0.20079754292964935	-0.192873015999794	-0.40969839692115784	-0.34262576699256897	n/a	-0.10005347430706024	-0.18840652704238892	0.17389677464962006	-0.02462313324213028	0.04842393845319748	0.6991235017776489	0.45982465147972107	0.08157147467136383	0.038880668580532074	0.0018339311936870217	-0.17549248039722443	0.8770686984062195	-0.31256815791130066	0.16922195255756378	0.1443195343017578	-0.012360887601971626	0.07098645716905594	-0.08568969368934631	0.03122047521173954	-0.37215524911880493	-0.3451277017593384	-0.0682462602853775	-0.016503699123859406	0.0622904971241951	0.2193547487258911	0.5769354104995728	0.15872222185134888	-0.19746406376361847	0.4657121002674103	0.24634100496768951	0.36156216263771057	0.4319181740283966	0.18080928921699524	0.0036295223981142044	0.5816285014152527	-0.29884833097457886	0.1653856486082077	0.3136463165283203	0.2603045105934143	-0.14628557860851288	-0.22834038734436035	-0.262956440448761	-0.07917779684066772	-0.08849993348121643	0.036573972553014755
PMN_LABEL_24	0.25228631496429443	0.02278698794543743	-0.1679987758398056	-0.1988055258989334	-0.11636172980070114	0.7508395910263062	0.4716859459877014	n/a	0.05043715238571167	0.04783949255943298	0.33023250102996826	0.11017078906297684	0.03680059686303139	-0.20183812081813812	-0.12185168266296387	0.026479847729206085	-0.059474099427461624	-0.00922331865876913	-0.17887723445892334	0.10772981494665146	-0.10440889745950699	-0.24612142145633698	-0.17023488879203796	1.0	-0.4623185396194458	0.170136496424675	0.02128804475069046	-0.15508560836315155	0.16352027654647827	-0.08580974489450455	-0.3086255192756653	-0.0030682242941111326	0.7666592001914978	0.3739573359489441	n/a	0.03397928923368454	0.20102079212665558	0.012976391240954399	0.051063962280750275	-0.21640285849571228	-0.16113878786563873	-0.2581709027290344	-0.23374977707862854	0.17264722287654877	-0.12281571328639984	-0.1220870241522789	-0.22659558057785034	0.8161661028862	-0.3574117124080658	-0.2490067332983017	-0.24286240339279175	0.11549752950668335	-0.06022295728325844	0.13434724509716034	0.024881981313228607	0.012349700555205345	0.2158491611480713	0.17389649152755737	-0.06866499781608582	-0.09061210602521896	0.14853979647159576	-0.1076526865363121	-0.1434199959039688	-0.019519776105880737	0.05535991117358208	0.1340973973274231	0.03667188063263893	-0.06375893205404282	0.10499469935894012	0.1610727161169052	-0.009797677397727966	-0.03831300139427185	0.32601165771484375	0.01611414924263954	0.25228235125541687	0.2619706094264984	0.06052885949611664	-0.0023074070923030376	0.3373338580131531	0.02370998077094555
DAN_LABEL_25	0.23180806636810303	0.2176024317741394	-0.1656217873096466	-0.15480780601501465	-0.19388113915920258	-0.42561355233192444	-0.28228437900543213	n/a	-0.24190223217010498	-0.29894202947616577	-0.26416128873825073	-0.34685224294662476	0.241525337100029	-0.1887369155883789	0.4953427314758301	0.16337382793426514	-0.09935842454433441	-0.1105649396777153	0.019756441935896873	-0.1512235552072525	-0.37664613127708435	-0.1676255464553833	0.5101261734962463	-0.4623185396194458	1.0	-0.15451708436012268	0.04220070689916611	0.02406621351838112	0.09037429094314575	-0.021355384960770607	-0.013735546730458736	-0.2030705064535141	-0.4089376926422119	-0.3172554671764374	n/a	-0.3279072940349579	-0.10602857917547226	-0.10225403308868408	0.134886234998703	-0.1273455172777176	0.5381975769996643	0.03016556054353714	-0.03538093343377113	-0.3995566666126251	-0.2359614372253418	-0.09864731878042221	0.5330795049667358	-0.4056421220302582	0.7254641652107239	0.19796960055828094	-0.15779265761375427	0.01416633278131485	0.14034819602966309	-0.19455263018608093	-0.14845043420791626	-0.27972015738487244	-0.1601526290178299	-0.029435250908136368	-0.06094406545162201	0.3070436120033264	0.1424923688173294	0.16258355975151062	0.01353468932211399	0.26849743723869324	0.08659776300191879	0.030209342017769814	-0.14073731005191803	0.20176662504673004	0.12198980152606964	0.25874921679496765	0.0336376316845417	0.15985921025276184	0.12341512739658356	0.0939006432890892	-0.017669901251792908	-0.05631038174033165	-0.4502291977405548	-0.2793779671192169	-0.24925093352794647	0.1814044862985611
