Node	LH_Vis_1	LH_Vis_2	LH_Vis_3	LH_Vis_4	LH_Vis_5	LH_Vis_6	LH_Vis_7	LH_Vis_8	LH_Vis_9	LH_SomMot_1	LH_SomMot_2	LH_SomMot_3	LH_SomMot_4	LH_SomMot_5	LH_SomMot_6	LH_DorsAttn_Post_1	LH_DorsAttn_Post_2	LH_DorsAttn_Post_3	LH_DorsAttn_Post_4	LH_DorsAttn_Post_5	LH_DorsAttn_Post_6	LH_DorsAttn_PrCv_1	LH_DorsAttn_FEF_1	LH_SalVentAttn_ParOper_1	LH_SalVentAttn_FrOperIns_1	LH_SalVentAttn_FrOperIns_2	LH_SalVentAttn_PFCl_1	LH_SalVentAttn_Med_1	LH_SalVentAttn_Med_2	LH_SalVentAttn_Med_3	LH_Limbic_OFC_1	LH_Limbic_TempPole_1	LH_Limbic_TempPole_2	LH_Cont_Par_1	LH_Cont_PFCl_1	LH_Cont_pCun_1	LH_Cont_Cing_1	LH_Default_Temp_1	LH_Default_Temp_2	LH_Default_Par_1	LH_Default_Par_2	LH_Default_PFC_1	LH_Default_PFC_2	LH_Default_PFC_3	LH_Default_PFC_4	LH_Default_PFC_5	LH_Default_PFC_6	LH_Default_PFC_7	LH_Default_pCunPCC_1	LH_Default_pCunPCC_2	RH_Vis_1	RH_Vis_2	RH_Vis_3	RH_Vis_4	RH_Vis_5	RH_Vis_6	RH_Vis_7	RH_Vis_8	RH_SomMot_1	RH_SomMot_2	RH_SomMot_3	RH_SomMot_4	RH_SomMot_5	RH_SomMot_6	RH_SomMot_7	RH_SomMot_8	RH_DorsAttn_Post_1	RH_DorsAttn_Post_2	RH_DorsAttn_Post_3	RH_DorsAttn_Post_4	RH_DorsAttn_Post_5	RH_DorsAttn_PrCv_1	RH_DorsAttn_FEF_1	RH_SalVentAttn_TempOccPar_1	RH_SalVentAttn_TempOccPar_2	RH_SalVentAttn_FrOperIns_1	RH_SalVentAttn_Med_1	RH_SalVentAttn_Med_2	RH_Limbic_OFC_1	RH_Limbic_TempPole_1	RH_Cont_Par_1	RH_Cont_Par_2	RH_Cont_PFCl_1	RH_Cont_PFCl_2	RH_Cont_PFCl_3	RH_Cont_PFCl_4	RH_Cont_Cing_1	RH_Cont_PFCmp_1	RH_Cont_pCun_1	RH_Default_Par_1	RH_Default_Temp_1	RH_Default_Temp_2	RH_Default_Temp_3	RH_Default_PFCv_1	RH_Default_PFCv_2	RH_Default_PFCdPFCm_1	RH_Default_PFCdPFCm_2	RH_Default_PFCdPFCm_3	RH_Default_pCunPCC_1	RH_Default_pCunPCC_2	LH-Pu	LH-Ca	LH-NAC	LH-EXA	LH-GPe	LH-GPi	LH-SNc_PBP_VTA	LH-RN	LH-SNr	LH-VeP	LH-HN	LH-HTH	LH-MN	LH-STH	RH-Pu	RH-Ca	RH-NAC	RH-EXA	RH-GPe	RH-GPi	RH-SNc_PBP_VTA	RH-RN	RH-SNr	RH-VeP	RH-HN	RH-HTH	RH-MN	RH-STH	LH-Pulvinar	LH-Anterior	LH-Medio_Dorsal	LH-Ventral_Latero_Dorsal	LH-Central_Lateral-Lateral_Posterior-Medial_Pulvinar	LH-Ventral_Anterior	LH-Ventral_Latero_Ventral	RH-Pulvinar	RH-Anterior	RH-Medio_Dorsal	RH-Ventral_Latero_Dorsal	RH-Central_Lateral-Lateral_Posterior-Medial_Pulvinar	RH-Ventral_Anterior	RH-Ventral_Latero_Ventral	LH_Hippocampus	LH_Amygdala	RH_Hippocampus	RH_Amygdala	Cerebellar_Region1	Cerebellar_Region2	Cerebellar_Region3	Cerebellar_Region4	Cerebellar_Region5	Cerebellar_Region6	Cerebellar_Region7	Cerebellar_Region8	Cerebellar_Region9	Cerebellar_Region10
LH_Vis_1	1.0	0.20704814791679382	0.322238951921463	0.0049017868004739285	-0.37558192014694214	-0.1208568811416626	-0.009003601036965847	-0.31379783153533936	0.16590210795402527	0.3130902945995331	0.4914034903049469	0.4841633141040802	0.3463343381881714	0.2211996465921402	0.04782461002469063	0.2275371551513672	0.16302309930324554	-0.24511486291885376	0.008433016017079353	-0.11280116438865662	-0.16422897577285767	0.3266311287879944	0.04294335097074509	0.2954231798648834	0.4549914598464966	0.3803257644176483	-0.07614748179912567	0.31256911158561707	0.3691866993904114	0.2403751015663147	0.05139237642288208	0.4098004996776581	0.1135442927479744	0.02916552871465683	0.2970840632915497	-0.18825030326843262	-0.054776713252067566	0.1219821348786354	0.26877811551094055	0.23939551413059235	0.17831893265247345	0.2052348554134369	0.142406165599823	0.20302706956863403	-0.11577804386615753	0.03664398938417435	0.2629896104335785	0.33119070529937744	0.5474563241004944	0.11385247111320496	0.531708836555481	0.14003562927246094	0.049449268728494644	-0.17586050927639008	-0.25157681107521057	0.20567649602890015	-0.32801297307014465	-0.1329403519630432	0.11873944848775864	0.2676811218261719	0.267792284488678	0.1861417293548584	0.06555458903312683	-0.04989911615848541	-0.25693759322166443	0.018979184329509735	0.03208598867058754	-0.17560413479804993	-0.1329890340566635	-0.2799551486968994	-0.20122162997722626	0.02638755366206169	-0.16151869297027588	-0.032147228717803955	0.025675222277641296	0.2506493628025055	0.045967280864715576	0.07108133286237717	-0.14478783309459686	0.366909921169281	-0.013904863968491554	-0.023274576291441917	-0.07129907608032227	0.26379841566085815	-0.04411792382597923	0.1618015319108963	-0.12213296443223953	0.28103968501091003	-0.07844451069831848	0.030340546742081642	0.08021021634340286	0.22013874351978302	-0.024434924125671387	0.30608096718788147	0.2711884379386902	0.05348411574959755	0.0043497453443706036	0.31617629528045654	0.4416360557079315	0.10422495752573013	0.39328545331954956	0.22897951304912567	0.12223108857870102	0.1661788821220398	0.34441354870796204	-0.07008364051580429	0.11482644826173782	0.1504463404417038	-0.233082115650177	0.20744876563549042	0.048127345740795135	-0.19995659589767456	0.008807329460978508	-0.17300528287887573	0.4306317865848541	0.3221287727355957	0.28668588399887085	0.17180301249027252	0.5149900317192078	-0.12267599999904633	0.36571574211120605	0.1816735714673996	0.34685632586479187	0.24828778207302094	0.3447645604610443	0.4574911892414093	-0.1439315527677536	0.0805959701538086	0.4944249987602234	-0.06833580881357193	0.26332882046699524	0.285994291305542	0.41067805886268616	0.060885921120643616	0.04475602135062218	0.3344501256942749	0.4507773220539093	0.2725438177585602	0.28834107518196106	0.1865173727273941	-0.0007481969660148025	0.02608015201985836	0.5450327396392822	0.07282011210918427	0.41137203574180603	0.06247526407241821	0.46313944458961487	0.1658187359571457	0.28273850679397583	0.41083046793937683	0.4640689194202423	0.456876665353775	0.25726014375686646	-0.10415497422218323	0.4332684278488159	0.0906875729560852
LH_Vis_2	0.20704814791679382	1.0	0.7848249077796936	0.3167874813079834	0.04869076982140541	0.17857210338115692	0.572499692440033	0.49730542302131653	0.6600785851478577	0.6704645156860352	0.6066763401031494	0.611726701259613	0.35446569323539734	0.6733383536338806	0.5465352535247803	0.7864837050437927	0.4458445906639099	0.24097715318202972	0.3941485583782196	0.10462694615125656	0.23634400963783264	0.3087403476238251	0.19815373420715332	0.6842080950737	0.38651806116104126	0.45935651659965515	0.1463586688041687	0.4939645528793335	0.3528386950492859	0.2737041115760803	-0.02001330628991127	0.1858706772327423	0.42374318838119507	0.20672625303268433	0.12020474672317505	0.4424891173839569	0.24648216366767883	0.36968594789505005	0.4185439348220825	0.4419812858104706	0.3128247857093811	0.43400174379348755	-0.2460208684206009	0.31676623225212097	-0.4850769639015198	0.037816282361745834	0.041301179677248	0.011604374274611473	0.38607877492904663	0.06106435880064964	0.10936906188726425	0.7203684449195862	0.5881275534629822	0.4381932020187378	-0.07637075334787369	0.49374037981033325	0.3049464821815491	0.5990470051765442	0.4867859482765198	0.5149854421615601	0.5803114175796509	0.3368000388145447	0.4145433008670807	0.18400487303733826	0.20701251924037933	0.45644986629486084	0.26209479570388794	0.018144218251109123	0.23754288256168365	0.1605375111103058	0.07008146494626999	0.46458449959754944	0.10506673902273178	0.38106870651245117	0.48061826825141907	0.48520174622535706	0.5010847449302673	0.3851391673088074	0.03451548144221306	0.024727478623390198	0.43100500106811523	0.3115765452384949	-0.0043195211328566074	0.45792293548583984	0.4092930257320404	0.19401879608631134	0.5791513919830322	0.44493037462234497	0.49430572986602783	0.3036947548389435	0.14682233333587646	0.2150706946849823	0.5231695175170898	0.14717741310596466	0.24393977224826813	0.3919970989227295	0.24843662977218628	0.23803937435150146	0.43264341354370117	0.2809244692325592	0.40232470631599426	0.3131885230541229	0.04559013992547989	0.11414268612861633	-0.11342588067054749	-0.1209002137184143	-0.24251781404018402	-0.19132836163043976	-0.23344221711158752	0.028318870812654495	-0.01701376400887966	-0.3034825921058655	-0.4116494655609131	0.00657628383487463	0.5276761651039124	0.39900270104408264	0.16927897930145264	0.23050762712955475	0.14598233997821808	-0.21492654085159302	0.031101444736123085	-0.11898910254240036	-0.07378971576690674	0.16354183852672577	0.3032245337963104	-0.09482330083847046	-0.1286994218826294	-0.2161967158317566	0.2653026878833771	0.11626502126455307	0.10308423638343811	0.2885397672653198	0.23625589907169342	0.006706912536174059	0.07168286293745041	0.10962306708097458	0.06872935593128204	-0.17923782765865326	0.2814093828201294	0.1649085134267807	-0.05875081196427345	-0.10890105366706848	0.35563790798187256	-0.0022661902476102114	0.33150604367256165	0.20800553262233734	0.5480636358261108	0.4995791018009186	0.5066322684288025	0.13223177194595337	0.23850317299365997	0.2422259896993637	0.02549341507256031	0.04719162359833717	-0.046753063797950745	-0.285137414932251
LH_Vis_3	0.322238951921463	0.7848249077796936	1.0	0.0802125632762909	0.15437957644462585	0.4854079782962799	0.3696315884590149	0.591644823551178	0.7931168079376221	0.48957210779190063	0.5244511961936951	0.4354597330093384	0.23601879179477692	0.5316264629364014	0.4654695987701416	0.5851864218711853	0.2339649498462677	0.27616259455680847	0.2647758722305298	0.09310261905193329	0.20761048793792725	0.18067333102226257	0.1372799128293991	0.4494166970252991	0.31527572870254517	0.37737444043159485	0.12600386142730713	0.5104853510856628	0.48149117827415466	0.18580570816993713	-0.26618027687072754	-0.06086001172661781	0.18920662999153137	0.08486855775117874	0.0875220075249672	0.23671577870845795	0.15039609372615814	0.14362147450447083	0.29509657621383667	0.2192617952823639	0.10568904131650925	0.31277409195899963	-0.3199044167995453	0.33275076746940613	-0.38779398798942566	0.1321103870868683	-0.14848214387893677	-0.04895315319299698	0.30024048686027527	0.0024826114531606436	0.27532514929771423	0.8425796031951904	0.5861571431159973	0.3774276673793793	0.2277032732963562	0.7638186812400818	0.41346314549446106	0.7534118890762329	0.5003209114074707	0.42288482189178467	0.5587365031242371	0.17826195061206818	0.4664141833782196	0.03336626663804054	0.16176989674568176	0.4201529622077942	0.26324188709259033	-0.04906333237886429	0.2224082499742508	0.24455969035625458	0.12147354334592819	0.2795110046863556	0.015920182690024376	0.2223779261112213	0.42822757363319397	0.37633588910102844	0.5663748979568481	0.40691640973091125	-0.2200460135936737	-0.1506464034318924	0.2983151078224182	0.1687181442975998	-0.05478251352906227	0.31658047437667847	0.36264368891716003	-0.02060549706220627	0.40932437777519226	0.3453064560890198	0.3360046148300171	0.15419016778469086	0.08857152611017227	0.1186896488070488	0.36308225989341736	-0.10103579610586166	-0.019359249621629715	0.2856583595275879	0.194454163312912	0.12313976883888245	0.3743700683116913	0.13580170273780823	0.34320345520973206	0.1684482842683792	-0.024513021111488342	-0.011261343955993652	-0.10220520943403244	0.008083755150437355	-0.12794309854507446	-0.15325745940208435	-0.084767185151577	-0.08159562200307846	-0.02384878136217594	-0.42627695202827454	-0.42451465129852295	0.15346692502498627	0.34376513957977295	0.1640467643737793	-0.08068527281284332	0.04221824184060097	0.031086722388863564	-0.12302272766828537	-0.09476970136165619	-0.27833351492881775	-0.17094850540161133	0.031187482178211212	0.2975051999092102	-0.046401310712099075	-0.22419877350330353	-0.12656725943088531	0.19452062249183655	0.07684732973575592	0.06028897315263748	0.20822396874427795	0.15179654955863953	-0.06397026777267456	-0.04570364952087402	0.1710313856601715	-0.004060185514390469	-0.17448276281356812	0.33775973320007324	0.11845238506793976	-0.21206122636795044	-0.2030000388622284	0.19328880310058594	-0.21425095200538635	0.27787289023399353	0.006765496451407671	0.45409929752349854	0.48971834778785706	0.5180515646934509	0.21076816320419312	0.3018474876880646	0.3816507160663605	-0.0030653311405330896	-0.06233978271484375	0.16903717815876007	-0.1442500203847885
LH_Vis_4	0.0049017868004739285	0.3167874813079834	0.0802125632762909	1.0	-0.13891743123531342	-0.1963440477848053	0.42850929498672485	0.1618899703025818	-0.13175001740455627	0.1688178926706314	0.23614268004894257	0.29355910420417786	0.18740303814411163	0.09480248391628265	0.1008453294634819	0.4300520420074463	0.05565392225980759	-0.10034061223268509	-0.03582919016480446	-0.2251369208097458	-0.2742604911327362	-0.11780247092247009	-0.1983521431684494	0.1996305137872696	0.3038072884082794	0.12028488516807556	-0.18457353115081787	-0.1267785131931305	-0.08778078854084015	0.03330336883664131	0.040635596960783005	0.02022731304168701	0.3798058331012726	-0.26726657152175903	-0.4253631830215454	-0.06898574531078339	0.03089907206594944	0.046435557305812836	0.37237676978111267	0.5495015978813171	0.028753075748682022	0.13481436669826508	-0.15151284635066986	0.3044629991054535	0.2624320387840271	-0.2315526008605957	-0.08192697912454605	-0.19050836563110352	-0.011921750381588936	0.0714060589671135	-0.11360402405261993	0.0824914276599884	0.02754947356879711	0.19972647726535797	-0.26038241386413574	-0.27585741877555847	-0.00855492614209652	-0.027525829151272774	-0.006886911578476429	0.0803762823343277	0.17081134021282196	0.048200733959674835	0.07371623069047928	-0.08203352987766266	-0.23606498539447784	-0.035084981471300125	-0.029917731881141663	-0.2157411277294159	-0.19364109635353088	-0.21675722301006317	-0.2916160821914673	-0.14558805525302887	-0.26712682843208313	-0.09334199130535126	-0.13798168301582336	0.034231819212436676	-0.277456134557724	-0.19737567007541656	0.1793096959590912	0.08607511967420578	-0.25781136751174927	-0.12646088004112244	0.5060964226722717	0.06937634944915771	0.028341181576251984	-0.02150844968855381	0.2075948417186737	0.017806096002459526	-0.10432491451501846	-0.06815915554761887	-0.053013142198324203	0.27670618891716003	0.09451326727867126	0.11244703829288483	0.1040511280298233	0.3926185965538025	0.06639032810926437	0.12376587092876434	-0.03899509459733963	0.15983571112155914	-0.010449676774442196	-0.05691809579730034	-0.2505718469619751	-0.20946019887924194	-0.05048849806189537	-0.03677908703684807	0.014741513878107071	-0.04365212842822075	-0.05215824767947197	0.11253748834133148	0.043703343719244	0.03592035546898842	-0.06096357852220535	0.0008805718971416354	0.0902787372469902	-0.00728624826297164	0.21507415175437927	-0.05292203649878502	0.37470823526382446	-0.20900318026542664	0.2498217672109604	0.29036951065063477	-0.02801080234348774	0.04276879131793976	0.05366692692041397	-0.015152490697801113	-0.09692537784576416	-0.15410548448562622	0.2762320041656494	-0.09792005270719528	-0.13289979100227356	-0.24103038012981415	0.010767125524580479	-0.3909393846988678	0.20705069601535797	-0.28268858790397644	-0.04811784252524376	-0.04110268875956535	-0.14304934442043304	-0.22031429409980774	-0.02989022247493267	-0.23615023493766785	0.35225775837898254	-0.08971467614173889	0.2680453062057495	-0.2797034680843353	0.21706314384937286	-0.10332992672920227	0.143417090177536	-0.023478152230381966	0.17113903164863586	-0.07780076563358307	0.28704044222831726	-0.21971409022808075	-0.07459419220685959	-0.158537819981575
LH_Vis_5	-0.37558192014694214	0.04869076982140541	0.15437957644462585	-0.13891743123531342	1.0	0.5774095058441162	-0.10567319393157959	0.38216492533683777	0.16067098081111908	-0.3033929765224457	-0.3754177689552307	-0.3682968318462372	-0.48063766956329346	-0.2000419646501541	-0.2625575363636017	-0.06865205615758896	-0.011254058219492435	0.47759079933166504	0.17933252453804016	0.3619566559791565	0.3604809641838074	-0.17311280965805054	0.08425767719745636	-0.29628047347068787	-0.32384881377220154	-0.1033889502286911	0.05285421758890152	-0.13775408267974854	-0.10866598039865494	-0.2689543068408966	-0.24095816910266876	-0.35515913367271423	-0.11686546355485916	0.26948082447052	-0.03474341705441475	0.2836393117904663	-0.19379211962223053	-0.17511199414730072	-0.2855183482170105	-0.36152413487434387	-0.16984453797340393	-0.10434816777706146	-0.21150365471839905	-0.17196837067604065	-0.08116499334573746	-0.09662365168333054	-0.375481516122818	-0.22999067604541779	-0.25764399766921997	-0.12368319928646088	-0.21505451202392578	0.246609166264534	0.20652684569358826	0.5764796137809753	0.7779645919799805	0.24563297629356384	0.5053566694259644	0.33704057335853577	0.015264387242496014	-0.05313880741596222	-0.025359533727169037	-0.2906814515590668	-0.20424067974090576	0.13500075042247772	0.4427887201309204	-0.036953702569007874	0.14991417527198792	0.39796173572540283	0.41466638445854187	0.5444488525390625	0.4128406047821045	0.08245061337947845	0.26503896713256836	0.17461557686328888	0.16127699613571167	-0.02346852794289589	0.21176165342330933	0.03859424963593483	-0.02354825846850872	-0.49370208382606506	0.2442840188741684	0.2681307792663574	-0.1466749906539917	-0.08108261227607727	0.011654585599899292	-0.22762270271778107	0.12701894342899323	-0.2258075773715973	0.2733440697193146	0.06026223301887512	0.03298359364271164	-0.28469958901405334	0.038080617785453796	-0.4903779923915863	-0.40630730986595154	-0.17836672067642212	-0.12385392189025879	-0.26686036586761475	-0.1963924616575241	-0.03405230864882469	-0.21920140087604523	-0.12332822382450104	-0.022483905777335167	-0.07819651812314987	-0.21334515511989594	0.056607216596603394	-0.16297978162765503	-0.11485506594181061	0.08283519744873047	-0.27829229831695557	0.03636539727449417	0.019514450803399086	-0.044825050979852676	0.2960706651210785	-0.21908167004585266	-0.1918332278728485	-0.1907086819410324	0.13074882328510284	-0.2749783396720886	-0.06685619801282883	-0.19327376782894135	-0.1991252452135086	-0.3329126536846161	-0.1582717001438141	-0.22921423614025116	-0.3019551634788513	0.09385886043310165	0.1387830227613449	-0.11729874461889267	0.04147239029407501	-0.1344022899866104	-0.06753194332122803	-0.2322171926498413	-0.07643932849168777	-0.09682837873697281	0.051094718277454376	-0.23529702425003052	-0.03460488095879555	0.032135896384716034	-0.07411551475524902	-0.01207969430834055	0.0015943738399073482	-0.4380781352519989	-0.07585188746452332	-0.15331155061721802	0.06707707792520523	0.08702176809310913	0.20434172451496124	0.20101375877857208	-0.413566529750824	-0.18739789724349976	-0.21571394801139832	-0.272298127412796	0.0481242872774601	-0.41578468680381775	-0.20716199278831482
LH_Vis_6	-0.1208568811416626	0.17857210338115692	0.4854079782962799	-0.1963440477848053	0.5774095058441162	1.0	0.053794991225004196	0.4843871593475342	0.46459487080574036	-0.004243494011461735	-0.01622479408979416	-0.047491367906332016	-0.3003227114677429	0.04572885110974312	-0.04420793429017067	-0.010883839800953865	-0.015460183843970299	0.3071334660053253	0.11319911479949951	0.14174358546733856	0.15010318160057068	-0.018217414617538452	0.14115764200687408	-0.03757965937256813	-0.019905228167772293	0.2714996039867401	0.365038126707077	0.35728323459625244	0.10214906930923462	0.02426762320101261	-0.1154773086309433	-0.19873768091201782	-0.08201297372579575	0.15084317326545715	0.22563974559307098	0.1475122720003128	-0.030102593824267387	-0.21709391474723816	-0.19096621870994568	-0.1686450093984604	-0.050259992480278015	0.15239623188972473	-0.17669731378555298	0.24423475563526154	-0.09832696616649628	0.30866551399230957	-0.2594815194606781	0.025434676557779312	-0.03429873287677765	-0.10429716110229492	-0.018625937402248383	0.4342678189277649	0.24721360206604004	0.3532063663005829	0.8347057700157166	0.6347680687904358	0.4443190395832062	0.5754340291023254	0.32603541016578674	0.13228577375411987	0.17727282643318176	-0.2572891414165497	0.149069145321846	-0.10175660997629166	0.14622138440608978	-0.07288260757923126	0.17807401716709137	0.03319697082042694	0.1694345474243164	0.2801852226257324	0.21580728888511658	0.14914636313915253	0.08676237612962723	0.10948514193296432	0.24430124461650848	0.27861660718917847	0.32792046666145325	0.33777326345443726	-0.03523202985525131	-0.2475530356168747	0.10504122078418732	0.056941524147987366	0.013268707320094109	0.22496214509010315	0.38830238580703735	-0.025999857112765312	0.3056204617023468	0.27782413363456726	0.24706558883190155	0.005598816554993391	-0.0161832794547081	0.014376823790371418	0.021175174042582512	-0.15621961653232574	-0.1270415037870407	0.1993986964225769	0.19877049326896667	-0.04877949506044388	0.1487911492586136	0.03022642247378826	0.15103450417518616	0.07090678811073303	-0.013259343802928925	-0.031837258487939835	0.022739803418517113	0.042526666074991226	-0.25654998421669006	-0.11374019831418991	0.003237492172047496	-0.2769912779331207	-0.04267706722021103	-0.09407765418291092	-0.22145633399486542	0.27654045820236206	0.10638061910867691	0.1002923995256424	-0.20876477658748627	0.05801945924758911	-0.10767634212970734	0.17008456587791443	-0.24009791016578674	-0.20167924463748932	-0.2853569984436035	-0.16328193247318268	0.11978383362293243	-0.0267057903110981	-0.08764919638633728	-0.061786528676748276	-0.08441130816936493	0.24630606174468994	0.10878202319145203	0.10099812597036362	-0.08494162559509277	0.14519624412059784	0.08323466032743454	0.1128188818693161	0.01670181006193161	0.02546103671193123	0.18727469444274902	0.14820866286754608	0.10187739878892899	-0.0013628921005874872	-0.2043577879667282	-0.11734621226787567	0.03541220352053642	0.037766680121421814	-0.05428868904709816	0.09842782467603683	0.04012521356344223	-0.32056644558906555	-0.25675222277641296	-0.1285102218389511	-0.4494873285293579	-0.34789517521858215	-0.22539590299129486	-0.3518977761268616
LH_Vis_7	-0.009003601036965847	0.572499692440033	0.3696315884590149	0.42850929498672485	-0.10567319393157959	0.053794991225004196	1.0	0.47380757331848145	0.3821527659893036	0.5281658172607422	0.37124067544937134	0.42091643810272217	0.29313498735427856	0.4145009219646454	0.3333281874656677	0.6357793807983398	0.4664793610572815	0.24519765377044678	0.38182681798934937	0.05250554159283638	0.04748350754380226	0.33484500646591187	0.22432257235050201	0.5862658023834229	0.462174654006958	0.33663496375083923	0.2852511405944824	0.3788689970970154	0.23179759085178375	0.31942635774612427	-0.03466787189245224	0.03449002653360367	0.5919247269630432	0.2349313348531723	0.10221594572067261	0.2790357768535614	0.3326285779476166	0.3022361099720001	0.46193769574165344	0.6566308736801147	0.5198355913162231	0.30577853322029114	-0.3291667699813843	0.5306503176689148	-0.30271077156066895	0.25190553069114685	0.18203066289424896	0.16515474021434784	0.3328331410884857	0.2947724163532257	-0.15248200297355652	0.30384713411331177	0.37069764733314514	0.2682252824306488	-0.06717048585414886	0.1660076081752777	0.24104781448841095	0.40840277075767517	0.40069496631622314	0.263029009103775	0.3610881268978119	0.16803523898124695	0.3633269965648651	0.06170511245727539	0.05345906689763069	0.19531935453414917	0.3644450604915619	-0.03383510932326317	0.09941577911376953	0.03572216257452965	-0.03850599750876427	0.3405681550502777	0.016729723662137985	0.38858386874198914	0.3191103935241699	0.2903733253479004	0.1862855851650238	0.19162797927856445	0.05219274014234543	-0.015507100149989128	0.24995526671409607	0.2558746039867401	0.1823662966489792	0.4621606767177582	0.4664773941040039	0.39378267526626587	0.5101043581962585	0.4501667022705078	0.3398599326610565	0.39126262068748474	0.23328937590122223	0.335561066865921	0.46949195861816406	0.18083366751670837	0.33772575855255127	0.5453584790229797	0.4723111689090729	0.2722451388835907	0.29867780208587646	0.40115782618522644	0.30664941668510437	0.29473525285720825	-0.08090909570455551	-0.02913649193942547	-0.07602117955684662	-0.19155220687389374	-0.238225057721138	-0.05522691458463669	-0.09011240303516388	0.004791778977960348	0.05784935504198074	-0.3576880395412445	-0.2880297601222992	-0.07541077584028244	0.4169047474861145	0.42087000608444214	0.010231743566691875	0.10250212252140045	0.23443657159805298	-0.13110457360744476	0.14253117144107819	0.057935480028390884	-0.03977334126830101	0.1536649614572525	0.35619065165519714	-0.15835660696029663	0.027362816035747528	-0.26587793231010437	0.1300203502178192	0.23244202136993408	0.18326641619205475	0.13831782341003418	0.20148932933807373	-0.0014218033757060766	0.12447036057710648	-0.08733785897493362	0.13559773564338684	-0.029645176604390144	0.070345439016819	0.07392466813325882	0.20523709058761597	-0.13712769746780396	0.1998402327299118	-0.1587677299976349	0.27242565155029297	-0.020303737372159958	0.06604325026273727	0.0474143885076046	0.06875841319561005	-0.08200766146183014	0.010133685544133186	0.016257748007774353	-0.0708698257803917	-0.2660185396671295	-0.11492414027452469	-0.25616011023521423
LH_Vis_8	-0.31379783153533936	0.49730542302131653	0.591644823551178	0.1618899703025818	0.38216492533683777	0.4843871593475342	0.47380757331848145	1.0	0.523747444152832	0.0931905210018158	-0.004119078163057566	0.006067448295652866	-0.1453818827867508	0.28947561979293823	0.35631054639816284	0.46984797716140747	0.24018900096416473	0.6616278886795044	0.359127402305603	0.3060884177684784	0.36763012409210205	0.11342753469944	0.3337348699569702	0.11205729097127914	0.001543418737128377	0.1178625151515007	0.2845635712146759	0.24228215217590332	0.2726691663265228	0.22317561507225037	-0.33003488183021545	-0.30035391449928284	0.22937333583831787	0.32678335905075073	-0.07463538646697998	0.24691830575466156	0.05052963271737099	-0.17472238838672638	-0.0163728054612875	0.014828777872025967	0.007501107640564442	0.06150620058178902	-0.5211541652679443	0.2891745865345001	-0.2914186716079712	0.19674789905548096	-0.3321871757507324	-0.10965856164693832	-0.08645953238010406	-0.05361800640821457	-0.11379746347665787	0.5910100340843201	0.5248101949691772	0.49107930064201355	0.42358994483947754	0.4422198534011841	0.8373696804046631	0.8336035013198853	0.224898099899292	0.07402686029672623	0.22369718551635742	-0.1449488252401352	0.30881211161613464	-0.026164166629314423	0.3202102482318878	0.2897239327430725	0.22974300384521484	0.11143414676189423	0.41511934995651245	0.6084489822387695	0.3291992247104645	0.24881410598754883	0.25242024660110474	0.1404939591884613	0.31862252950668335	0.15673869848251343	0.5188292264938354	0.35281530022621155	-0.15452256798744202	-0.4367069900035858	0.2842893898487091	0.1739148199558258	-0.020180653780698776	0.16714011132717133	0.43582162261009216	-0.17943723499774933	0.39538368582725525	0.14721374213695526	0.31376001238822937	0.06121797487139702	-0.04912011697888374	-0.06073485687375069	0.19881799817085266	-0.33329877257347107	-0.2757922410964966	0.2882006764411926	0.20239627361297607	-0.10950249433517456	0.03139324113726616	-0.027773357927799225	0.031285230070352554	0.0060972790233790874	-0.22569918632507324	-0.25908252596855164	-0.2654257118701935	0.010728813707828522	-0.12065761536359787	-0.14832259714603424	0.15949304401874542	-0.24016360938549042	-0.14405512809753418	-0.2156994640827179	-0.3637375831604004	0.3573111891746521	0.025591444224119186	0.004515897482633591	-0.25831055641174316	-0.04134342446923256	-0.2275122106075287	-0.0792601928114891	-0.24504689872264862	-0.4063515365123749	-0.4605739116668701	-0.2140851616859436	0.004621593747287989	-0.3988097310066223	-0.05275868624448776	-0.15815195441246033	-0.2610951066017151	0.15643402934074402	-0.09800153225660324	-0.019083643332123756	-0.23739416897296906	-0.035206206142902374	-0.1135944202542305	-0.1688614785671234	-0.2198432832956314	-0.2558906078338623	0.0416758768260479	-0.2023385614156723	-0.08216831088066101	-0.29838165640830994	-0.33188554644584656	-0.1833016574382782	-0.017439084127545357	0.012569250538945198	-0.04481372982263565	0.24105706810951233	0.2111545354127884	-0.19340135157108307	-0.10141894221305847	0.018294287845492363	-0.3058371841907501	-0.1159074679017067	-0.1616225391626358	-0.1949279010295868
LH_Vis_9	0.16590210795402527	0.6600785851478577	0.7931168079376221	-0.13175001740455627	0.16067098081111908	0.46459487080574036	0.3821527659893036	0.523747444152832	1.0	0.5065006613731384	0.4853896498680115	0.3520905375480652	0.36528804898262024	0.4248688220977783	0.439733624458313	0.3061077892780304	0.2235298752784729	0.22862231731414795	0.22256961464881897	0.058385808020830154	0.10468950867652893	0.22664488852024078	0.0641356110572815	0.4470773935317993	0.148561492562294	0.3633855879306793	0.140007883310318	0.5048770904541016	0.30218806862831116	0.13456612825393677	-0.22150713205337524	-0.013628466986119747	0.07925781607627869	0.18252862989902496	0.2521470785140991	0.4566640257835388	0.253462016582489	0.1151445209980011	0.2312946319580078	0.1644265204668045	0.2948554754257202	0.2714289724826813	-0.20870843529701233	0.28697115182876587	-0.46501296758651733	0.2831544578075409	-0.01666075922548771	0.041420239955186844	0.2895040512084961	0.17487618327140808	0.2560485601425171	0.7251434326171875	0.5339096784591675	0.3660707175731659	0.23240940272808075	0.7773797512054443	0.331745445728302	0.8270502686500549	0.5934621691703796	0.5503017902374268	0.6461155414581299	0.3829824924468994	0.612252950668335	0.2442484349012375	0.17281685769557953	0.3907046318054199	0.2979811131954193	0.010283002629876137	0.2559022903442383	0.21761751174926758	0.05490259453654289	0.3246280252933502	0.024538224563002586	0.3210505545139313	0.46463295817375183	0.46162134408950806	0.4646662175655365	0.33194535970687866	-0.14294873178005219	-0.12406286597251892	0.42847737669944763	0.3500511646270752	-0.0668880045413971	0.36291906237602234	0.30772578716278076	0.20227263867855072	0.47565433382987976	0.424979031085968	0.5107120275497437	0.3067130148410797	0.2443564236164093	0.2427223026752472	0.49566054344177246	0.020265895873308182	0.1346679925918579	0.22727444767951965	0.18876931071281433	-0.031040120869874954	0.4147312343120575	0.25722435116767883	0.3615603446960449	0.23136962950229645	0.04630409553647041	0.049799587577581406	0.0016135438345372677	-0.05712787061929703	-0.11181715875864029	0.04656551405787468	-0.07559695839881897	-0.1613919585943222	-0.004321606829762459	-0.43798694014549255	-0.23875682055950165	-0.005376214627176523	0.44045278429985046	0.2561299204826355	-0.20940878987312317	0.0831078514456749	-0.06739621609449387	-0.05580279976129532	0.0037340843118727207	-0.26756158471107483	-0.024530533701181412	-0.015009917318820953	0.36574316024780273	-0.1205046996474266	-0.02601204253733158	-0.21883350610733032	0.07878701388835907	0.23339305818080902	0.06446430832147598	0.28637710213661194	0.18179206550121307	0.12681064009666443	-0.10297337919473648	0.3682272136211395	0.07719402760267258	-0.04322647675871849	0.3060598373413086	0.3826753795146942	0.0054637291468679905	0.13563799858093262	0.20551471412181854	0.03169184923171997	0.3508594036102295	0.295979380607605	0.15332411229610443	0.30684569478034973	0.26500165462493896	0.06851684302091599	-0.034076809883117676	0.153080016374588	-0.25135594606399536	-0.09129782766103745	0.03923110291361809	-0.10433775186538696
LH_SomMot_1	0.3130902945995331	0.6704645156860352	0.48957210779190063	0.1688178926706314	-0.3033929765224457	-0.004243494011461735	0.5281658172607422	0.0931905210018158	0.5065006613731384	1.0	0.7098716497421265	0.7474952936172485	0.6871638298034668	0.6840285658836365	0.5580940842628479	0.48156699538230896	0.4550098776817322	-0.11916950345039368	0.2951635718345642	-0.175962895154953	0.022434646263718605	0.5153453350067139	0.15241868793964386	0.9114290475845337	0.6574744582176208	0.558449923992157	0.1860787272453308	0.6487574577331543	0.3592681288719177	0.3601234257221222	0.18065327405929565	0.4276837408542633	0.25747644901275635	0.08151718974113464	0.3850138485431671	0.20978333055973053	0.3010532557964325	0.47894367575645447	0.586657702922821	0.5771064758300781	0.25688016414642334	0.5691238045692444	-0.014907097443938255	0.4380447268486023	-0.4592170715332031	0.17013069987297058	0.2752648591995239	0.11733131110668182	0.5018244385719299	-0.003827831242233515	0.2360377013683319	0.36106738448143005	0.3094480633735657	0.07182107865810394	-0.2810390889644623	0.3802933990955353	-0.09195279330015182	0.28317248821258545	0.7342739105224609	0.5290428996086121	0.6356378197669983	0.5779085755348206	0.6173354387283325	0.3837209641933441	0.0737164318561554	0.39922717213630676	0.13750991225242615	0.011577957309782505	0.07174507528543472	-0.20863506197929382	-0.21031582355499268	0.5503191351890564	0.0013390659587457776	0.289380818605423	0.5155908465385437	0.6382372975349426	0.37198957800865173	0.4551810026168823	0.17268311977386475	0.2663849890232086	0.3177034854888916	0.13927514851093292	0.05487612262368202	0.646378755569458	0.28324946761131287	0.39188671112060547	0.3818637430667877	0.64304518699646	0.28488796949386597	0.21012181043624878	0.26008084416389465	0.4581802189350128	0.5417563319206238	0.5572280287742615	0.6219542026519775	0.40021833777427673	0.2780131995677948	0.24594764411449432	0.5029537081718445	0.11768575012683868	0.5892996191978455	0.4805183410644531	0.060263071209192276	0.2343522310256958	0.19779565930366516	-0.014600975438952446	-0.27115461230278015	-0.09278036653995514	-0.32342728972435	0.0434391051530838	-0.04178624972701073	-0.40655529499053955	-0.322474867105484	-0.320466548204422	0.684262752532959	0.5358349680900574	0.15776537358760834	0.05920302867889404	0.33169251680374146	0.07971947640180588	0.14499258995056152	0.07524672150611877	0.2648509740829468	0.14799267053604126	0.46339666843414307	0.08074051141738892	-0.19868415594100952	-0.326900839805603	0.4114137291908264	0.2753920257091522	0.2987203299999237	0.37299585342407227	0.4611225128173828	0.22352053225040436	0.16560623049736023	0.2868245840072632	0.3659127950668335	0.12014728039503098	0.41482365131378174	0.41489022970199585	0.25100669264793396	0.18934442102909088	0.48373591899871826	-0.016902538016438484	0.27644872665405273	0.17471380531787872	0.30696767568588257	0.3461896479129791	0.1551889032125473	0.3880011737346649	0.14726334810256958	0.37322700023651123	0.014959053136408329	-0.07436735183000565	0.19133813679218292	-0.07147722691297531
LH_SomMot_2	0.4914034903049469	0.6066763401031494	0.5244511961936951	0.23614268004894257	-0.3754177689552307	-0.01622479408979416	0.37124067544937134	-0.004119078163057566	0.4853896498680115	0.7098716497421265	1.0	0.8480533361434937	0.6473566293716431	0.6016789674758911	0.48346462845802307	0.4624035060405731	0.26905423402786255	-0.28456971049308777	0.10132518410682678	-0.32902348041534424	-0.18740122020244598	0.34463900327682495	-0.060472503304481506	0.7377289533615112	0.66243577003479	0.6623362302780151	-0.12307049334049225	0.5759907364845276	0.3123258650302887	0.39763930439949036	0.034965500235557556	0.3423779606819153	0.1476515382528305	-0.1430595964193344	0.11779743432998657	0.07862713932991028	0.19947920739650726	0.3561677932739258	0.5922940969467163	0.5726190209388733	0.2751488983631134	0.5209336876869202	0.06898567825555801	0.3359904885292053	-0.23151911795139313	-0.014435573481023312	0.17518165707588196	-0.027584826573729515	0.3659522831439972	0.08611160516738892	0.3302546441555023	0.4753809869289398	0.3040938675403595	-0.0040592714212834835	-0.32758185267448425	0.37414655089378357	-0.2039925903081894	0.21561072766780853	0.5399752259254456	0.6987025737762451	0.6811806559562683	0.5489168167114258	0.4389677345752716	0.08675240725278854	-0.17089636623859406	0.27500730752944946	0.06741470843553543	-0.23596982657909393	-0.16396582126617432	-0.3731468617916107	-0.3367787003517151	0.1914438009262085	-0.20280174911022186	0.19331255555152893	0.26768913865089417	0.5614804625511169	0.09667861461639404	0.26870572566986084	-0.016254890710115433	0.3038433790206909	0.08710987120866776	0.04499969258904457	0.10934576392173767	0.3185085356235504	0.06676273047924042	0.20088912546634674	0.24506855010986328	0.4911179840564728	0.15723927319049835	0.2015812247991562	0.16848258674144745	0.44539764523506165	0.3961295783519745	0.42303234338760376	0.4318065345287323	0.29134342074394226	0.060853514820337296	0.14130932092666626	0.3644564747810364	0.12985622882843018	0.6401792764663696	0.4636690616607666	0.14596174657344818	0.19288969039916992	0.1836857795715332	-0.1602078378200531	-0.058725904673337936	0.048797205090522766	-0.35596179962158203	0.33550506830215454	0.12019500136375427	-0.24105603992938995	-0.378447949886322	-0.24094067513942719	0.6749952435493469	0.5464863181114197	0.33100539445877075	0.28880882263183594	0.450989305973053	-0.1530233472585678	0.2852042019367218	0.19218596816062927	0.25894641876220703	0.3537212908267975	0.5035067200660706	0.27893221378326416	-0.3456973731517792	-0.2441151887178421	0.524356484413147	0.20917801558971405	0.3826909065246582	0.4663015305995941	0.5307891368865967	0.09521897882223129	0.10931529104709625	0.39539533853530884	0.44877371191978455	0.25166958570480347	0.5047311186790466	0.40465569496154785	0.16329719126224518	0.15107183158397675	0.6354178190231323	0.05656979978084564	0.5617040991783142	0.20748475193977356	0.46221598982810974	0.25865334272384644	0.2685146927833557	0.37021270394325256	0.3248210549354553	0.37150076031684875	0.17064997553825378	-0.1980000138282776	0.28659534454345703	-0.05089830979704857
LH_SomMot_3	0.4841633141040802	0.611726701259613	0.4354597330093384	0.29355910420417786	-0.3682968318462372	-0.047491367906332016	0.42091643810272217	0.006067448295652866	0.3520905375480652	0.7474952936172485	0.8480533361434937	1.0	0.6049945950508118	0.7056030631065369	0.5392016768455505	0.5094822645187378	0.46572017669677734	-0.11267664283514023	0.3563810884952545	-0.18062491714954376	-0.01900034211575985	0.5857338905334473	0.19726347923278809	0.8256642818450928	0.6560487747192383	0.7439635992050171	0.048196252435445786	0.6255509257316589	0.39672017097473145	0.5733471512794495	0.15912140905857086	0.3761700987815857	0.2760012447834015	0.05513358861207962	0.31521472334861755	0.11071241647005081	0.15405912697315216	0.3819888234138489	0.5608453750610352	0.6142488121986389	0.2415628284215927	0.5425613522529602	0.037770263850688934	0.3775142431259155	-0.26637107133865356	-0.002737687900662422	0.24364347755908966	0.19335420429706573	0.5828367471694946	0.05566000938415527	0.3325367569923401	0.4051349461078644	0.39010515809059143	0.059114087373018265	-0.36957332491874695	0.2904435098171234	-0.057058874517679214	0.1793108880519867	0.5950453877449036	0.6602317690849304	0.7088140249252319	0.5143952369689941	0.3961281478404999	0.2433699369430542	0.06693806499242783	0.32754412293434143	0.25961852073669434	0.08507903665304184	0.08204244822263718	-0.21498480439186096	-0.18925024569034576	0.4748128056526184	0.09252791106700897	0.32949700951576233	0.4632713198661804	0.6395744681358337	0.24395062029361725	0.4496626853942871	0.19848819077014923	0.3156982660293579	0.24273726344108582	0.1496289223432541	0.11085020750761032	0.5255677700042725	0.18906086683273315	0.34431931376457214	0.2809094190597534	0.5924990177154541	0.2926034927368164	0.2896519899368286	0.2850242853164673	0.4969225227832794	0.43966245651245117	0.4999902546405792	0.526233434677124	0.35641157627105713	0.18987780809402466	0.3398295044898987	0.5774784088134766	0.17744293808937073	0.7081356644630432	0.5302060842514038	0.1403234601020813	0.1840505301952362	0.11758163571357727	-0.04953288659453392	-0.2211390882730484	-0.1575189083814621	-0.4693842828273773	0.42574650049209595	-0.0012179709738120437	-0.20019081234931946	-0.3537274897098541	-0.3112230598926544	0.7457249164581299	0.5977808833122253	0.4605017304420471	0.32725611329078674	0.5478202700614929	-0.09071829915046692	0.21820998191833496	0.3338846266269684	0.22080451250076294	0.3810332417488098	0.46765488386154175	0.38378286361694336	-0.357758104801178	-0.27723896503448486	0.4535112977027893	0.0988626480102539	0.30053552985191345	0.3869461417198181	0.5192587971687317	0.13151171803474426	0.08789372444152832	0.36372217535972595	0.4532141387462616	0.26089081168174744	0.3636317849159241	0.3215732276439667	0.22241921722888947	0.12345928698778152	0.532684326171875	0.057252150028944016	0.5259147882461548	0.2219344675540924	0.48128801584243774	0.3515482544898987	0.29863613843917847	0.26144838333129883	0.287092924118042	0.33166319131851196	0.1672941893339157	-0.22561322152614594	0.18749207258224487	-0.13131551444530487
