Node	HIP-head-m-rh	HIP-head-l-rh	HIP-body-rh	HIP-tail-rh	THA-VPm-rh	THA-VPl-rh	THA-VAi-rh	THA-VAs-rh	THA-DAm-rh	THA-DAl-rh	PUT-VA-rh	PUT-DA-rh	PUT-VP-rh	PUT-DP-rh	CAU-VA-rh	CAU-DA-rh	CAU-body-rh	CAU-tail-rh	lAMY-rh	mAMY-rh	THA-DP-rh	NAc-shell-rh	NAc-core-rh	pGP-rh	aGP-rh	HIP-head-m-lh	HIP-head-l-l	HIP-body-l	HIP-tail-lh	THA-VPm-lh	THA-VPl-lh	THA-VAi-lh	THA-VAs-lh	THA-DAm-lh	THA-DAl-lh	PUT-VA-lh	PUT-DA-l	PUT-VP-lh	PUT-DP-lh	CAU-VA-lh	CAU-DA-lh	CAU-body-lh	CAU-tail-lh	lAMY-lh	mAMY-lh	THA-DP-lh	NAc-shell-lh	NAc-core-lh	pGP-lh	aGP-lh
HIP-head-m-rh	1.0	0.7447469234466553	0.14914162456989288	0.24402815103530884	0.17676633596420288	0.12170693278312683	0.2670520842075348	0.08026939630508423	0.23745624721050262	-0.19419819116592407	0.4842637777328491	0.24917979538440704	0.2201908826828003	0.1767696589231491	0.40015265345573425	0.24599379301071167	0.08367987722158432	-0.15077561140060425	0.3280009925365448	0.17355959117412567	0.1196330338716507	0.3967808187007904	0.23431098461151123	-0.08160441368818283	0.25204935669898987	0.544141948223114	0.5924966931343079	0.5014441609382629	0.3297099173069	0.16708779335021973	-0.010203074663877487	0.2717542052268982	-0.26284676790237427	0.04865865036845207	0.011168694123625755	0.4127439260482788	0.19064003229141235	0.23372520506381989	0.2547703981399536	0.544221043586731	0.38428983092308044	0.20090122520923615	-0.11747527122497559	0.1926073431968689	0.22204749286174774	0.12447382509708405	0.4641706943511963	0.1667916476726532	-0.4018300175666809	0.20631088316440582
HIP-head-l-rh	0.7447469234466553	1.0	0.1304309070110321	0.23871104419231415	0.11616157740354538	0.031493399292230606	0.3083760738372803	0.15445531904697418	0.18516235053539276	-0.22654615342617035	0.37269261479377747	0.3268195688724518	0.16390423476696014	0.04877081885933876	0.3309173285961151	0.2658420503139496	-0.049815207719802856	-0.13813333213329315	0.3880288302898407	0.08589336276054382	0.12424198538064957	0.3141095042228699	0.20018982887268066	-0.028649168089032173	0.27891454100608826	0.3973839282989502	0.43731585144996643	0.3628915846347809	0.1222442239522934	0.08530080318450928	0.02513112500309944	0.22362031042575836	-0.3778414726257324	-0.032384272664785385	-0.0753290206193924	0.2618173658847809	0.021252000704407692	0.08243492990732193	0.07993269711732864	0.2967973053455353	0.20368008315563202	0.07478928565979004	-0.31099972128868103	0.20586201548576355	0.19980505108833313	0.13174699246883392	0.3079409897327423	0.1391994059085846	-0.4297982454299927	0.3115692138671875
HIP-body-rh	0.14914162456989288	0.1304309070110321	1.0	0.5249348282814026	0.29012250900268555	0.07846208661794662	0.1298479586839676	0.10539896786212921	0.33002084493637085	0.26744458079338074	0.18304046988487244	0.24062702059745789	0.5264868140220642	0.4538499712944031	0.2450868934392929	0.3702787756919861	0.10156688094139099	0.1678275465965271	0.23500972986221313	0.21884256601333618	0.47098255157470703	0.3110165596008301	0.4598134160041809	-0.13678604364395142	-0.18828192353248596	-0.000719875271897763	0.08897127956151962	0.10232134163379669	0.13870415091514587	-0.09972429275512695	-0.10931102931499481	0.12325150519609451	0.08836622536182404	0.3110223412513733	0.17526286840438843	0.23937788605690002	0.4068312346935272	0.16260084509849548	0.19774027168750763	0.42209392786026	0.41288697719573975	0.2907124161720276	0.08230222016572952	0.19211292266845703	-0.14424234628677368	0.3564150333404541	-0.040782082825899124	0.29917311668395996	-0.2922457456588745	-0.09791697561740875
HIP-tail-rh	0.24402815103530884	0.23871104419231415	0.5249348282814026	1.0	0.2625320851802826	0.21603994071483612	0.3034706115722656	0.29913949966430664	0.40960222482681274	0.3961584270000458	0.34532901644706726	0.38290178775787354	0.41840672492980957	0.3431619703769684	0.20636646449565887	0.49817198514938354	0.2565336227416992	0.1370832324028015	0.36065489053726196	0.2280842512845993	0.513821005821228	0.31271782517433167	0.4050435721874237	-0.08237370103597641	0.23248188197612762	0.06233564764261246	0.34298068284988403	0.5396233201026917	0.5834528207778931	0.2843485474586487	0.19580942392349243	0.19118016958236694	0.10507769882678986	0.36859041452407837	0.1935144066810608	0.23145371675491333	0.3283922076225281	0.1301458179950714	0.29962074756622314	0.30848047137260437	0.16536027193069458	0.054976511746644974	-0.06444379687309265	0.27226218581199646	0.09100104123353958	0.43400314450263977	-0.06425900757312775	0.05606212839484215	-0.3598197102546692	0.1913219541311264
THA-VPm-rh	0.17676633596420288	0.11616157740354538	0.29012250900268555	0.2625320851802826	1.0	0.701521098613739	0.5303448438644409	0.33788996934890747	0.5944704413414001	0.3111151158809662	0.2582831084728241	0.29196637868881226	0.5812695026397705	0.38306576013565063	0.0667378231883049	0.2523319721221924	0.27229756116867065	0.22516363859176636	-0.019738277420401573	0.13437145948410034	0.4986276626586914	0.014127597212791443	0.08939748257398605	0.19317097961902618	0.2626934349536896	0.144192174077034	0.20330624282360077	0.14482636749744415	0.2505108416080475	0.38963767886161804	0.14286063611507416	0.2715148627758026	0.07956542819738388	0.3884675204753876	0.3834807276725769	0.16525313258171082	0.35666561126708984	0.43845421075820923	0.3777308464050293	0.32355353236198425	0.06678937375545502	0.14481769502162933	0.10347090661525726	0.0150105906650424	0.07522859424352646	0.48777642846107483	-0.016544096171855927	0.0731687992811203	0.18341347575187683	0.2152850478887558
THA-VPl-rh	0.12170693278312683	0.031493399292230606	0.07846208661794662	0.21603994071483612	0.701521098613739	1.0	0.5316778421401978	0.4250653088092804	0.5004240274429321	0.3852735757827759	0.20039774477481842	0.16633868217468262	0.5668978691101074	0.14330771565437317	-0.015261980704963207	0.20022757351398468	0.28167691826820374	0.35832175612449646	0.18335336446762085	0.3223593533039093	0.5015180706977844	-0.021735986694693565	-0.2098763883113861	0.1943797618150711	0.22046855092048645	-0.04881149157881737	0.13064107298851013	0.12824611365795135	0.17263008654117584	0.21274878084659576	0.13735881447792053	0.15959200263023376	0.2491905242204666	0.3591906726360321	0.4037737548351288	0.052094753831624985	0.28394174575805664	0.3897804021835327	0.34980109333992004	0.16055886447429657	0.049873236566782	0.24125084280967712	0.2680974304676056	0.21384404599666595	0.25433018803596497	0.32171696424484253	-0.06564005464315414	-0.11877144873142242	0.2515644431114197	0.1526755690574646
THA-VAi-rh	0.2670520842075348	0.3083760738372803	0.1298479586839676	0.3034706115722656	0.5303448438644409	0.5316778421401978	1.0	0.7035295963287354	0.7625136971473694	0.3655102550983429	0.5281945466995239	0.5720599889755249	0.4299066960811615	0.47304266691207886	0.36555394530296326	0.538949191570282	0.4951741099357605	0.46089181303977966	0.3909699618816376	0.18415679037570953	0.5511735081672668	0.37454235553741455	0.2661821246147156	0.13997285068035126	0.5658428072929382	0.23983719944953918	0.41792595386505127	0.10594401508569717	0.29531463980674744	0.4186515212059021	0.2999603748321533	0.693264901638031	0.34110862016677856	0.6086645722389221	0.5730603337287903	0.44523903727531433	0.5202928185462952	0.5824064612388611	0.5579438209533691	0.411408007144928	0.31076768040657043	0.41700446605682373	0.3113211393356323	0.2354489117860794	0.19800600409507751	0.5853191018104553	0.31797555088996887	0.15302248299121857	0.0054029300808906555	0.45696187019348145
THA-VAs-rh	0.08026939630508423	0.15445531904697418	0.10539896786212921	0.29913949966430664	0.33788996934890747	0.4250653088092804	0.7035295963287354	1.0	0.5396685600280762	0.29499873518943787	0.37429291009902954	0.4422549605369568	0.29272136092185974	0.3231949508190155	0.17807240784168243	0.4961940050125122	0.48210904002189636	0.3713054060935974	0.19295278191566467	0.2693113684654236	0.2677072286605835	0.20742738246917725	0.12903186678886414	0.1923370063304901	0.5392584204673767	-0.19557690620422363	0.2378658503293991	0.026785248890519142	0.16082310676574707	0.330986887216568	0.13109271228313446	0.4738360643386841	0.6080431342124939	0.5095576047897339	0.4883575439453125	0.31681549549102783	0.41106605529785156	0.32050472497940063	0.5270893573760986	0.29229462146759033	0.2173752337694168	0.3085949718952179	0.23374634981155396	0.1868550330400467	0.354735404253006	0.3156168758869171	0.23361891508102417	-0.0051447125151753426	0.05015052109956741	0.39057913422584534
THA-DAm-rh	0.23745624721050262	0.18516235053539276	0.33002084493637085	0.40960222482681274	0.5944704413414001	0.5004240274429321	0.7625136971473694	0.5396685600280762	1.0	0.5493588447570801	0.4111305773258209	0.5736972689628601	0.508533775806427	0.4972319006919861	0.20481190085411072	0.5317487716674805	0.5731009840965271	0.5646519660949707	0.29916098713874817	0.15796604752540588	0.5967043042182922	0.22008076310157776	0.2981361746788025	-0.10932935029268265	0.33424708247184753	0.1696079522371292	0.33508849143981934	0.16786198318004608	0.25474873185157776	0.5096698999404907	0.13569243252277374	0.6765738129615784	0.3282549977302551	0.8144717812538147	0.630278468132019	0.4402230978012085	0.5858107209205627	0.5980674624443054	0.5173318386077881	0.49378105998039246	0.2975289821624756	0.4221363961696625	0.28397759795188904	0.0976555123925209	0.07873157411813736	0.5715017318725586	0.18365001678466797	0.11476817727088928	-0.04095001146197319	0.24069690704345703
THA-DAl-rh	-0.19419819116592407	-0.22654615342617035	0.26744458079338074	0.3961584270000458	0.3111151158809662	0.3852735757827759	0.3655102550983429	0.29499873518943787	0.5493588447570801	1.0	0.032030243426561356	0.1871214359998703	0.4620111286640167	0.2920279800891876	0.08975991606712341	0.25776103138923645	0.3876490294933319	0.3995172083377838	0.1831156313419342	-0.027154812589287758	0.4066518247127533	-0.015258589759469032	0.013768723234534264	-0.17716141045093536	0.11517953872680664	-0.32990914583206177	-0.08476288616657257	0.2196243405342102	0.21897366642951965	0.44592806696891785	0.22749494016170502	0.2618899643421173	0.398446261882782	0.6058346033096313	0.5748476386070251	0.1547306329011917	0.409476101398468	0.359609454870224	0.42534273862838745	0.16331525146961212	0.03043452277779579	0.2922924757003784	0.2787892818450928	-0.10804930329322815	-0.14477089047431946	0.280696839094162	-0.1897759735584259	-0.03955228626728058	0.13495998084545135	0.030922619625926018
PUT-VA-rh	0.4842637777328491	0.37269261479377747	0.18304046988487244	0.34532901644706726	0.2582831084728241	0.20039774477481842	0.5281945466995239	0.37429291009902954	0.4111305773258209	0.032030243426561356	1.0	0.802266538143158	0.2682753801345825	0.6694032549858093	0.5795538425445557	0.6986814141273499	0.6594507694244385	0.39604800939559937	0.6043080687522888	0.32740864157676697	0.24400150775909424	0.5549090504646301	0.6326815485954285	-0.11012876778841019	0.4375731945037842	0.42425811290740967	0.5297561883926392	0.30130577087402344	0.5129242539405823	0.18791037797927856	0.2364770770072937	0.4529193341732025	0.06036512181162834	0.3481026589870453	0.4562316834926605	0.7568283081054688	0.7662478089332581	0.5120484232902527	0.6161865592002869	0.6806687116622925	0.6441065073013306	0.5454618334770203	0.4284127354621887	0.49444088339805603	0.3483477830886841	0.3527158498764038	0.4123627245426178	0.5275576114654541	-0.2739188075065613	0.5282355546951294
PUT-DA-rh	0.24917979538440704	0.3268195688724518	0.24062702059745789	0.38290178775787354	0.29196637868881226	0.16633868217468262	0.5720599889755249	0.4422549605369568	0.5736972689628601	0.1871214359998703	0.802266538143158	1.0	0.3285946846008301	0.7478263974189758	0.45573723316192627	0.7113165855407715	0.6796153783798218	0.43323102593421936	0.4522908329963684	0.21139217913150787	0.3097740411758423	0.4383936822414398	0.5612768530845642	-0.1213487833738327	0.4701032042503357	0.3094428479671478	0.4918069839477539	0.20789837837219238	0.32296156883239746	0.29926368594169617	0.20569851994514465	0.49907100200653076	0.1718178689479828	0.4693419933319092	0.49602746963500977	0.7421544790267944	0.7855927348136902	0.5386425256729126	0.6651699542999268	0.5200079679489136	0.461948961019516	0.4295862913131714	0.2781028747558594	0.3637830317020416	0.2693927586078644	0.4204961955547333	0.24983996152877808	0.40397244691848755	-0.17914071679115295	0.5759057998657227
PUT-VP-rh	0.2201908826828003	0.16390423476696014	0.5264868140220642	0.41840672492980957	0.5812695026397705	0.5668978691101074	0.4299066960811615	0.29272136092185974	0.508533775806427	0.4620111286640167	0.2682753801345825	0.3285946846008301	1.0	0.4607901871204376	0.13671964406967163	0.4738694429397583	0.30183252692222595	0.37419959902763367	0.33666372299194336	0.4124225676059723	0.7124024033546448	0.21801671385765076	0.005378759931772947	0.19707460701465607	0.06162390857934952	0.0011635704431682825	0.2955957353115082	0.17929837107658386	0.18991857767105103	0.1834900826215744	0.04621010646224022	0.20241540670394897	0.23919445276260376	0.48290345072746277	0.4223172664642334	0.2533881962299347	0.48174265027046204	0.5249094367027283	0.4506871700286865	0.41948384046554565	0.3222982883453369	0.38342663645744324	0.2510572671890259	0.11244285106658936	0.12001683562994003	0.3404961824417114	-0.0031664264388382435	0.13391253352165222	0.07842083275318146	0.1412283182144165
PUT-DP-rh	0.1767696589231491	0.04877081885933876	0.4538499712944031	0.3431619703769684	0.38306576013565063	0.14330771565437317	0.47304266691207886	0.3231949508190155	0.4972319006919861	0.2920279800891876	0.6694032549858093	0.7478263974189758	0.4607901871204376	1.0	0.5651102662086487	0.6567693948745728	0.626744270324707	0.40646159648895264	0.3152186870574951	0.1828807145357132	0.3314347267150879	0.4208959639072418	0.6717721223831177	0.03212662786245346	0.34079882502555847	0.31043320894241333	0.384328156709671	0.10661188513040543	0.4371529817581177	0.11884187161922455	0.2236189842224121	0.4274972081184387	0.23910148441791534	0.3881986439228058	0.4844972491264343	0.7105377316474915	0.7865746021270752	0.6156166195869446	0.7604151964187622	0.5339563488960266	0.5048906803131104	0.4798261821269989	0.412402868270874	0.23461590707302094	0.045676469802856445	0.4406934678554535	0.1758752167224884	0.5527034401893616	-0.05994623154401779	0.39071303606033325
CAU-VA-rh	0.40015265345573425	0.3309173285961151	0.2450868934392929	0.20636646449565887	0.0667378231883049	-0.015261980704963207	0.36555394530296326	0.17807240784168243	0.20481190085411072	0.08975991606712341	0.5795538425445557	0.45573723316192627	0.13671964406967163	0.5651102662086487	1.0	0.4355485737323761	0.3362995684146881	0.07359176129102707	0.4318193197250366	0.16753235459327698	0.1572418361902237	0.559088408946991	0.5339623093605042	-0.07236967235803604	0.33751940727233887	0.3621858060359955	0.3962501585483551	0.20357312262058258	0.24335449934005737	0.049281489104032516	0.07477091252803802	0.4131585359573364	0.03947365656495094	0.07030803710222244	0.2607710361480713	0.695645272731781	0.49635690450668335	0.27465492486953735	0.4826446771621704	0.573421061038971	0.38025957345962524	0.4511863887310028	0.33290669322013855	0.4041334092617035	0.09364943951368332	0.24107451736927032	0.4657164216041565	0.511931836605072	-0.3917188048362732	0.42458727955818176
CAU-DA-rh	0.24599379301071167	0.2658420503139496	0.3702787756919861	0.49817198514938354	0.2523319721221924	0.20022757351398468	0.538949191570282	0.4961940050125122	0.5317487716674805	0.25776103138923645	0.6986814141273499	0.7113165855407715	0.4738694429397583	0.6567693948745728	0.4355485737323761	1.0	0.7308394908905029	0.5610784888267517	0.6101331114768982	0.44982635974884033	0.44108283519744873	0.4359439015388489	0.47982433438301086	0.00037608423735946417	0.24120129644870758	0.11583694070577621	0.45320001244544983	0.14943061769008636	0.3387394845485687	0.27580034732818604	0.29349929094314575	0.5383774042129517	0.32571256160736084	0.5785887837409973	0.6053020358085632	0.5846360325813293	0.6952269673347473	0.3826529085636139	0.5950180888175964	0.6254573464393616	0.6081564426422119	0.4795224666595459	0.3196426033973694	0.2515367865562439	0.307245135307312	0.37977075576782227	0.1813858598470688	0.48411864042282104	-0.23559829592704773	0.41589394211769104
CAU-body-rh	0.08367987722158432	-0.049815207719802856	0.10156688094139099	0.2565336227416992	0.27229756116867065	0.28167691826820374	0.4951741099357605	0.48210904002189636	0.5731009840965271	0.3876490294933319	0.6594507694244385	0.6796153783798218	0.30183252692222595	0.626744270324707	0.3362995684146881	0.7308394908905029	1.0	0.7133066058158875	0.43698006868362427	0.31036505103111267	0.24760062992572784	0.21164529025554657	0.3320275545120239	-0.01940694823861122	0.35051602125167847	0.17944079637527466	0.3787146806716919	0.07283356785774231	0.31205031275749207	0.3261304795742035	0.3024756610393524	0.5314134955406189	0.4708910286426544	0.6376879811286926	0.6506577134132385	0.5035329461097717	0.7214851379394531	0.5235628485679626	0.6426193118095398	0.5021916031837463	0.5134831070899963	0.6128783822059631	0.6230777502059937	0.2220902293920517	0.3480687439441681	0.29331836104393005	0.14135156571865082	0.3410705626010895	0.17464786767959595	0.3450916111469269
CAU-tail-rh	-0.15077561140060425	-0.13813333213329315	0.1678275465965271	0.1370832324028015	0.22516363859176636	0.35832175612449646	0.46089181303977966	0.3713054060935974	0.5646519660949707	0.3995172083377838	0.39604800939559937	0.43323102593421936	0.37419959902763367	0.40646159648895264	0.07359176129102707	0.5610784888267517	0.7133066058158875	1.0	0.4286157488822937	0.4104802906513214	0.37297090888023376	0.17124876379966736	0.19004710018634796	-0.05820748582482338	0.010981612838804722	0.02826857753098011	0.06064429134130478	-0.260479599237442	0.04467282071709633	0.16062429547309875	0.11924304813146591	0.38793015480041504	0.474065363407135	0.6857038140296936	0.5783675909042358	0.21222247183322906	0.5851107835769653	0.4971270263195038	0.41244053840637207	0.2756277322769165	0.4342833459377289	0.6295399069786072	0.6712934970855713	0.20739133656024933	0.30466359853744507	0.17664848268032074	0.042413774877786636	0.286131352186203	0.24741138517856598	-0.011724225245416164
lAMY-rh	0.3280009925365448	0.3880288302898407	0.23500972986221313	0.36065489053726196	-0.019738277420401573	0.18335336446762085	0.3909699618816376	0.19295278191566467	0.29916098713874817	0.1831156313419342	0.6043080687522888	0.4522908329963684	0.33666372299194336	0.3152186870574951	0.4318193197250366	0.6101331114768982	0.43698006868362427	0.4286157488822937	1.0	0.43353116512298584	0.40454599261283875	0.35065773129463196	0.341922402381897	-0.1414804756641388	0.01808212697505951	0.2316994071006775	0.3590196967124939	0.2727867066860199	0.31035682559013367	-0.0474700964987278	0.2745555639266968	0.3346574306488037	0.03525901213288307	0.3457995057106018	0.4461336135864258	0.3538359999656677	0.43384432792663574	0.23823970556259155	0.22598466277122498	0.37818944454193115	0.45488137006759644	0.5013935565948486	0.3798920214176178	0.5298519730567932	0.3011968731880188	0.2845856249332428	0.041228339076042175	0.4408222436904907	-0.332238107919693	0.24151642620563507
mAMY-rh	0.17355959117412567	0.08589336276054382	0.21884256601333618	0.2280842512845993	0.13437145948410034	0.3223593533039093	0.18415679037570953	0.2693113684654236	0.15796604752540588	-0.027154812589287758	0.32740864157676697	0.21139217913150787	0.4124225676059723	0.1828807145357132	0.16753235459327698	0.44982635974884033	0.31036505103111267	0.4104802906513214	0.43353116512298584	1.0	0.37579160928726196	0.13581472635269165	-0.02886601723730564	0.15401718020439148	-0.17241814732551575	-0.04229066148400307	0.25140222907066345	-0.008263222873210907	0.05911937728524208	-0.08577398955821991	-0.12550316751003265	0.208670973777771	0.33529719710350037	0.1940152496099472	0.33552640676498413	0.1856784224510193	0.2631320357322693	-0.02110777609050274	0.0685630664229393	0.2413833886384964	0.2146921455860138	0.19364827871322632	0.20575787127017975	0.6128993630409241	0.759242594242096	-0.0402730330824852	0.08857619017362595	0.17431452870368958	-0.10456764698028564	0.15679676830768585
THA-DP-rh	0.1196330338716507	0.12424198538064957	0.47098255157470703	0.513821005821228	0.4986276626586914	0.5015180706977844	0.5511735081672668	0.2677072286605835	0.5967043042182922	0.4066518247127533	0.24400150775909424	0.3097740411758423	0.7124024033546448	0.3314347267150879	0.1572418361902237	0.44108283519744873	0.24760062992572784	0.37297090888023376	0.40454599261283875	0.37579160928726196	1.0	0.2533539831638336	0.0987011194229126	0.17434222996234894	0.15141020715236664	0.16334854066371918	0.25288665294647217	0.26792553067207336	0.24181343615055084	0.24081285297870636	0.1632840931415558	0.2820991277694702	0.1505926251411438	0.5466585159301758	0.3948109447956085	0.1584693193435669	0.38838624954223633	0.3613266348838806	0.26217636466026306	0.2592300772666931	0.19036029279232025	0.18649819493293762	0.17805743217468262	0.2236407846212387	0.057659976184368134	0.6636860370635986	0.0066348291002213955	0.08399079740047455	-0.04250912368297577	0.20686128735542297
NAc-shell-rh	0.3967808187007904	0.3141095042228699	0.3110165596008301	0.31271782517433167	0.014127597212791443	-0.021735986694693565	0.37454235553741455	0.20742738246917725	0.22008076310157776	-0.015258589759469032	0.5549090504646301	0.4383936822414398	0.21801671385765076	0.4208959639072418	0.559088408946991	0.4359439015388489	0.21164529025554657	0.17124876379966736	0.35065773129463196	0.13581472635269165	0.2533539831638336	1.0	0.5436946749687195	-0.2871938645839691	0.2735064923763275	0.3097364902496338	0.35074084997177124	0.0626252219080925	0.19795921444892883	0.08099076896905899	-0.1774715632200241	0.2546899616718292	0.13249103724956512	0.1840900182723999	0.10400065779685974	0.6210533976554871	0.4647340774536133	0.3354288935661316	0.49309709668159485	0.5710943937301636	0.5742870569229126	0.4639990031719208	0.24078883230686188	0.3096879720687866	0.10718446224927902	0.2339562028646469	0.6927754878997803	0.42158272862434387	-0.44314876198768616	0.23168137669563293
NAc-core-rh	0.23431098461151123	0.20018982887268066	0.4598134160041809	0.4050435721874237	0.08939748257398605	-0.2098763883113861	0.2661821246147156	0.12903186678886414	0.2981361746788025	0.013768723234534264	0.6326815485954285	0.5612768530845642	0.005378759931772947	0.6717721223831177	0.5339623093605042	0.47982433438301086	0.3320275545120239	0.19004710018634796	0.341922402381897	-0.02886601723730564	0.0987011194229126	0.5436946749687195	1.0	-0.313198983669281	0.20373111963272095	0.4011395275592804	0.20344726741313934	0.09436935186386108	0.45927658677101135	0.014633902348577976	0.19615374505519867	0.3817320764064789	-0.02747790515422821	0.18894097208976746	0.22219432890415192	0.6099801659584045	0.5606415271759033	0.30849865078926086	0.4188806414604187	0.48175424337387085	0.4927155375480652	0.35242024064064026	0.24078460037708282	0.3327780067920685	-0.07750945538282394	0.3713200092315674	0.22903169691562653	0.6192315220832825	-0.49783599376678467	0.2720284163951874
pGP-rh	-0.08160441368818283	-0.028649168089032173	-0.13678604364395142	-0.08237370103597641	0.19317097961902618	0.1943797618150711	0.13997285068035126	0.1923370063304901	-0.10932935029268265	-0.17716141045093536	-0.11012876778841019	-0.1213487833738327	0.19707460701465607	0.03212662786245346	-0.07236967235803604	0.00037608423735946417	-0.01940694823861122	-0.05820748582482338	-0.1414804756641388	0.15401718020439148	0.17434222996234894	-0.2871938645839691	-0.313198983669281	1.0	0.184104323387146	0.05315408855676651	0.13789348304271698	-0.0798710286617279	-0.030522584915161133	-0.0927542969584465	0.29057079553604126	0.02725793793797493	0.07362249493598938	-0.11653992533683777	-0.06074943765997887	-0.24168027937412262	-0.16830317676067352	0.00883102510124445	-0.05221012607216835	-0.24643106758594513	-0.2173537313938141	-0.20695002377033234	0.011587887071073055	-0.09841062873601913	0.07557572424411774	0.15239351987838745	-0.1545104682445526	-0.06509679555892944	0.5117824077606201	0.1745826154947281
aGP-rh	0.25204935669898987	0.27891454100608826	-0.18828192353248596	0.23248188197612762	0.2626934349536896	0.22046855092048645	0.5658428072929382	0.5392584204673767	0.33424708247184753	0.11517953872680664	0.4375731945037842	0.4701032042503357	0.06162390857934952	0.34079882502555847	0.33751940727233887	0.24120129644870758	0.35051602125167847	0.010981612838804722	0.01808212697505951	-0.17241814732551575	0.15141020715236664	0.2735064923763275	0.20373111963272095	0.184104323387146	1.0	0.22420907020568848	0.40070101618766785	0.3357774615287781	0.3859191834926605	0.4112999141216278	0.2811066210269928	0.2661999464035034	0.09596134722232819	0.177020862698555	0.08604201674461365	0.3401219844818115	0.2629736363887787	0.43242618441581726	0.49542489647865295	0.19934839010238647	0.015535260550677776	0.06018202751874924	0.10074254125356674	0.06546001881361008	0.07219025492668152	0.4670467674732208	0.3939690887928009	-0.11358901113271713	0.04900147020816803	0.5664219856262207
HIP-head-m-lh	0.544141948223114	0.3973839282989502	-0.000719875271897763	0.06233564764261246	0.144192174077034	-0.04881149157881737	0.23983719944953918	-0.19557690620422363	0.1696079522371292	-0.32990914583206177	0.42425811290740967	0.3094428479671478	0.0011635704431682825	0.31043320894241333	0.3621858060359955	0.11583694070577621	0.17944079637527466	0.02826857753098011	0.2316994071006775	-0.04229066148400307	0.16334854066371918	0.3097364902496338	0.4011395275592804	0.05315408855676651	0.22420907020568848	1.0	0.3915315866470337	0.20687703788280487	0.25385576486587524	0.027093421667814255	0.11860746145248413	0.28560006618499756	-0.3027122914791107	-0.010187199339270592	-0.05213348567485809	0.2766100764274597	0.18442820012569427	0.34638136625289917	0.15777553617954254	0.24717538058757782	0.3110187351703644	0.2128068208694458	0.17284439504146576	0.2753944396972656	-0.016046036034822464	0.26161205768585205	0.28030604124069214	0.3437348008155823	-0.09191188216209412	0.20764166116714478
HIP-head-l-l	0.5924966931343079	0.43731585144996643	0.08897127956151962	0.34298068284988403	0.20330624282360077	0.13064107298851013	0.41792595386505127	0.2378658503293991	0.33508849143981934	-0.08476288616657257	0.5297561883926392	0.4918069839477539	0.2955957353115082	0.384328156709671	0.3962501585483551	0.45320001244544983	0.3787146806716919	0.06064429134130478	0.3590196967124939	0.25140222907066345	0.25288665294647217	0.35074084997177124	0.20344726741313934	0.13789348304271698	0.40070101618766785	0.3915315866470337	1.0	0.4377930760383606	0.32990562915802	0.16911104321479797	0.08323810994625092	0.3121950924396515	0.03497613966464996	0.156531423330307	0.058818526566028595	0.40582403540611267	0.26618075370788574	0.2049088031053543	0.286956250667572	0.5227621793746948	0.23718662559986115	0.18170809745788574	-0.03778799995779991	0.18107423186302185	0.36467528343200684	0.25825235247612	0.3956409990787506	0.14974288642406464	-0.19705761969089508	0.3382105827331543
HIP-body-l	0.5014441609382629	0.3628915846347809	0.10232134163379669	0.5396233201026917	0.14482636749744415	0.12824611365795135	0.10594401508569717	0.026785248890519142	0.16786198318004608	0.2196243405342102	0.30130577087402344	0.20789837837219238	0.17929837107658386	0.10661188513040543	0.20357312262058258	0.14943061769008636	0.07283356785774231	-0.260479599237442	0.2727867066860199	-0.008263222873210907	0.26792553067207336	0.0626252219080925	0.09436935186386108	-0.0798710286617279	0.3357774615287781	0.20687703788280487	0.4377930760383606	1.0	0.63911372423172	0.3067815899848938	0.2524248957633972	0.025072850286960602	-0.280598908662796	0.07412239909172058	0.03451430797576904	0.1922214925289154	0.10020268708467484	0.006089051719754934	0.09997031837701797	0.24499863386154175	-0.060762569308280945	-0.14595772325992584	-0.24551844596862793	0.1654641330242157	0.0156461950391531	0.3913419544696808	0.06361748278141022	-0.11967165023088455	-0.2779616713523865	0.2654756009578705
HIP-tail-lh	0.3297099173069	0.1222442239522934	0.13870415091514587	0.5834528207778931	0.2505108416080475	0.17263008654117584	0.29531463980674744	0.16082310676574707	0.25474873185157776	0.21897366642951965	0.5129242539405823	0.32296156883239746	0.18991857767105103	0.4371529817581177	0.24335449934005737	0.3387394845485687	0.31205031275749207	0.04467282071709633	0.31035682559013367	0.05911937728524208	0.24181343615055084	0.19795921444892883	0.45927658677101135	-0.030522584915161133	0.3859191834926605	0.25385576486587524	0.32990562915802	0.63911372423172	1.0	0.19984625279903412	0.41557833552360535	0.24593284726142883	-0.1811336725950241	0.13905930519104004	0.2025717794895172	0.2573000192642212	0.30712246894836426	0.21473585069179535	0.3059234619140625	0.32840657234191895	0.11231429129838943	0.04776313155889511	0.07432263344526291	0.2425055205821991	0.06536432355642319	0.46171560883522034	0.015272795222699642	0.0783892497420311	-0.17845594882965088	0.297305166721344
THA-VPm-lh	0.16708779335021973	0.08530080318450928	-0.09972429275512695	0.2843485474586487	0.38963767886161804	0.21274878084659576	0.4186515212059021	0.330986887216568	0.5096698999404907	0.44592806696891785	0.18791037797927856	0.29926368594169617	0.1834900826215744	0.11884187161922455	0.049281489104032516	0.27580034732818604	0.3261304795742035	0.16062429547309875	-0.0474700964987278	-0.08577398955821991	0.24081285297870636	0.08099076896905899	0.014633902348577976	-0.0927542969584465	0.4112999141216278	0.027093421667814255	0.16911104321479797	0.3067815899848938	0.19984625279903412	1.0	0.28800514340400696	0.4426186978816986	0.1471298784017563	0.5948253273963928	0.4291304349899292	0.2306031882762909	0.3276329040527344	0.3257548213005066	0.3462887108325958	0.270069420337677	-0.005081946961581707	0.038250718265771866	0.02494928613305092	-0.16196182370185852	0.030160270631313324	0.3482821583747864	0.16697025299072266	-0.17545971274375916	0.01987319253385067	0.19125038385391235
THA-VPl-lh	-0.010203074663877487	0.02513112500309944	-0.10931102931499481	0.19580942392349243	0.14286063611507416	0.13735881447792053	0.2999603748321533	0.13109271228313446	0.13569243252277374	0.22749494016170502	0.2364770770072937	0.20569851994514465	0.04621010646224022	0.2236189842224121	0.07477091252803802	0.29349929094314575	0.3024756610393524	0.11924304813146591	0.2745555639266968	-0.12550316751003265	0.1632840931415558	-0.1774715632200241	0.19615374505519867	0.29057079553604126	0.2811066210269928	0.11860746145248413	0.08323810994625092	0.2524248957633972	0.41557833552360535	0.28800514340400696	1.0	0.2646214962005615	-0.026317546144127846	0.2647635042667389	0.42262381315231323	0.05875915661454201	0.2369273155927658	0.28712645173072815	0.23031923174858093	-0.08883761614561081	0.07212214171886444	-0.03704835847020149	0.1938951164484024	0.03920301795005798	-0.1327800452709198	0.44702014327049255	-0.2897905707359314	0.2017243206501007	0.13485027849674225	0.224008709192276
THA-VAi-lh	0.2717542052268982	0.22362031042575836	0.12325150519609451	0.19118016958236694	0.2715148627758026	0.15959200263023376	0.693264901638031	0.4738360643386841	0.6765738129615784	0.2618899643421173	0.4529193341732025	0.49907100200653076	0.20241540670394897	0.4274972081184387	0.4131585359573364	0.5383774042129517	0.5314134955406189	0.38793015480041504	0.3346574306488037	0.208670973777771	0.2820991277694702	0.2546899616718292	0.3817320764064789	0.02725793793797493	0.2661999464035034	0.28560006618499756	0.3121950924396515	0.025072850286960602	0.24593284726142883	0.4426186978816986	0.2646214962005615	1.0	0.27207881212234497	0.6029456257820129	0.6238366365432739	0.5238875150680542	0.5023703575134277	0.39470916986465454	0.38488826155662537	0.511219322681427	0.3342578709125519	0.4247148334980011	0.34975749254226685	0.1915881484746933	0.22134536504745483	0.38223975896835327	0.29951873421669006	0.2895897626876831	-0.07820897549390793	0.43289217352867126
THA-VAs-lh	-0.26284676790237427	-0.3778414726257324	0.08836622536182404	0.10507769882678986	0.07956542819738388	0.2491905242204666	0.34110862016677856	0.6080431342124939	0.3282549977302551	0.398446261882782	0.06036512181162834	0.1718178689479828	0.23919445276260376	0.23910148441791534	0.03947365656495094	0.32571256160736084	0.4708910286426544	0.474065363407135	0.03525901213288307	0.33529719710350037	0.1505926251411438	0.13249103724956512	-0.02747790515422821	0.07362249493598938	0.09596134722232819	-0.3027122914791107	0.03497613966464996	-0.280598908662796	-0.1811336725950241	0.1471298784017563	-0.026317546144127846	0.27207881212234497	1.0	0.4749704897403717	0.48360252380371094	0.21457551419734955	0.3598322570323944	0.24721093475818634	0.4386366903781891	0.13233371078968048	0.26037150621414185	0.34480801224708557	0.4125102758407593	0.10291863977909088	0.2506709098815918	-0.044113799929618835	0.10809814929962158	0.042896803468465805	0.256389319896698	0.05197925120592117
THA-DAm-lh	0.04865865036845207	-0.032384272664785385	0.3110223412513733	0.36859041452407837	0.3884675204753876	0.3591906726360321	0.6086645722389221	0.5095576047897339	0.8144717812538147	0.6058346033096313	0.3481026589870453	0.4693419933319092	0.48290345072746277	0.3881986439228058	0.07030803710222244	0.5785887837409973	0.6376879811286926	0.6857038140296936	0.3457995057106018	0.1940152496099472	0.5466585159301758	0.1840900182723999	0.18894097208976746	-0.11653992533683777	0.177020862698555	-0.010187199339270592	0.156531423330307	0.07412239909172058	0.13905930519104004	0.5948253273963928	0.2647635042667389	0.6029456257820129	0.4749704897403717	1.0	0.7410683631896973	0.36132708191871643	0.6594915390014648	0.5704837441444397	0.5139040350914001	0.4287090003490448	0.44241055846214294	0.49982184171676636	0.4557211995124817	0.015711188316345215	0.037914473563432693	0.48676514625549316	0.09593946486711502	0.17696043848991394	0.09414670616388321	0.09487468749284744
THA-DAl-lh	0.011168694123625755	-0.0753290206193924	0.17526286840438843	0.1935144066810608	0.3834807276725769	0.4037737548351288	0.5730603337287903	0.4883575439453125	0.630278468132019	0.5748476386070251	0.4562316834926605	0.49602746963500977	0.4223172664642334	0.4844972491264343	0.2607710361480713	0.6053020358085632	0.6506577134132385	0.5783675909042358	0.4461336135864258	0.33552640676498413	0.3948109447956085	0.10400065779685974	0.22219432890415192	-0.06074943765997887	0.08604201674461365	-0.05213348567485809	0.058818526566028595	0.03451430797576904	0.2025717794895172	0.4291304349899292	0.42262381315231323	0.6238366365432739	0.48360252380371094	0.7410683631896973	1.0	0.47722095251083374	0.7209118604660034	0.534898579120636	0.5766340494155884	0.34810376167297363	0.42268019914627075	0.4679276943206787	0.5405467748641968	0.279635488986969	0.19022676348686218	0.33058419823646545	0.007326508406549692	0.3748819828033447	0.04855571687221527	0.31408852338790894
PUT-VA-lh	0.4127439260482788	0.2618173658847809	0.23937788605690002	0.23145371675491333	0.16525313258171082	0.052094753831624985	0.44523903727531433	0.31681549549102783	0.4402230978012085	0.1547306329011917	0.7568283081054688	0.7421544790267944	0.2533881962299347	0.7105377316474915	0.695645272731781	0.5846360325813293	0.5035329461097717	0.21222247183322906	0.3538359999656677	0.1856784224510193	0.1584693193435669	0.6210533976554871	0.6099801659584045	-0.24168027937412262	0.3401219844818115	0.2766100764274597	0.40582403540611267	0.1922214925289154	0.2573000192642212	0.2306031882762909	0.05875915661454201	0.5238875150680542	0.21457551419734955	0.36132708191871643	0.47722095251083374	1.0	0.7830843925476074	0.5020382404327393	0.7373718023300171	0.7011962532997131	0.6109472513198853	0.5258598327636719	0.32229867577552795	0.3217357099056244	0.16229680180549622	0.2685166299343109	0.5216645002365112	0.543415367603302	-0.3995331823825836	0.5708977580070496
PUT-DA-l	0.19064003229141235	0.021252000704407692	0.4068312346935272	0.3283922076225281	0.35666561126708984	0.28394174575805664	0.5202928185462952	0.41106605529785156	0.5858107209205627	0.409476101398468	0.7662478089332581	0.7855927348136902	0.48174265027046204	0.7865746021270752	0.49635690450668335	0.6952269673347473	0.7214851379394531	0.5851107835769653	0.43384432792663574	0.2631320357322693	0.38838624954223633	0.4647340774536133	0.5606415271759033	-0.16830317676067352	0.2629736363887787	0.18442820012569427	0.26618075370788574	0.10020268708467484	0.30712246894836426	0.3276329040527344	0.2369273155927658	0.5023703575134277	0.3598322570323944	0.6594915390014648	0.7209118604660034	0.7830843925476074	1.0	0.6964306831359863	0.8093942403793335	0.6598197817802429	0.6850500106811523	0.6785669922828674	0.6131736636161804	0.2994295358657837	0.12862716615200043	0.3942294716835022	0.2646140456199646	0.5514672994613647	-0.08118671178817749	0.3689626455307007
PUT-VP-lh	0.23372520506381989	0.08243492990732193	0.16260084509849548	0.1301458179950714	0.43845421075820923	0.3897804021835327	0.5824064612388611	0.32050472497940063	0.5980674624443054	0.359609454870224	0.5120484232902527	0.5386425256729126	0.5249094367027283	0.6156166195869446	0.27465492486953735	0.3826529085636139	0.5235628485679626	0.4971270263195038	0.23823970556259155	-0.02110777609050274	0.3613266348838806	0.3354288935661316	0.30849865078926086	0.00883102510124445	0.43242618441581726	0.34638136625289917	0.2049088031053543	0.006089051719754934	0.21473585069179535	0.3257548213005066	0.28712645173072815	0.39470916986465454	0.24721093475818634	0.5704837441444397	0.534898579120636	0.5020382404327393	0.6964306831359863	1.0	0.7596750855445862	0.3695440888404846	0.5050045847892761	0.5781875848770142	0.6174743175506592	0.10545575618743896	-0.058699049055576324	0.4007439613342285	0.27790606021881104	0.30454620718955994	0.20490941405296326	0.2591383159160614
PUT-DP-lh	0.2547703981399536	0.07993269711732864	0.19774027168750763	0.29962074756622314	0.3777308464050293	0.34980109333992004	0.5579438209533691	0.5270893573760986	0.5173318386077881	0.42534273862838745	0.6161865592002869	0.6651699542999268	0.4506871700286865	0.7604151964187622	0.4826446771621704	0.5950180888175964	0.6426193118095398	0.41244053840637207	0.22598466277122498	0.0685630664229393	0.26217636466026306	0.49309709668159485	0.4188806414604187	-0.05221012607216835	0.49542489647865295	0.15777553617954254	0.286956250667572	0.09997031837701797	0.3059234619140625	0.3462887108325958	0.23031923174858093	0.38488826155662537	0.4386366903781891	0.5139040350914001	0.5766340494155884	0.7373718023300171	0.8093942403793335	0.7596750855445862	1.0	0.5113843679428101	0.5738855600357056	0.5575884580612183	0.45841968059539795	0.10211137682199478	0.0887628048658371	0.289326548576355	0.30878955125808716	0.3767159879207611	0.021097999066114426	0.41417196393013
CAU-VA-lh	0.544221043586731	0.2967973053455353	0.42209392786026	0.30848047137260437	0.32355353236198425	0.16055886447429657	0.411408007144928	0.29229462146759033	0.49378105998039246	0.16331525146961212	0.6806687116622925	0.5200079679489136	0.41948384046554565	0.5339563488960266	0.573421061038971	0.6254573464393616	0.5021916031837463	0.2756277322769165	0.37818944454193115	0.2413833886384964	0.2592300772666931	0.5710943937301636	0.48175424337387085	-0.24643106758594513	0.19934839010238647	0.24717538058757782	0.5227621793746948	0.24499863386154175	0.32840657234191895	0.270069420337677	-0.08883761614561081	0.511219322681427	0.13233371078968048	0.4287090003490448	0.34810376167297363	0.7011962532997131	0.6598197817802429	0.3695440888404846	0.5113843679428101	1.0	0.6569039225578308	0.6612840890884399	0.3101177513599396	0.12623633444309235	0.15024356544017792	0.2511260509490967	0.5068064332008362	0.4507075548171997	-0.3769456148147583	0.2823333740234375
