Node	DMN_LABEL_1	Vis_LABEL_2	FP_LABEL_3	Aud_LABEL_4	Tpole_LABEL_5	PMN_LABEL_6	PON_LABEL_7	MTL_LABEL_8	PON_LABEL_9	CO_LABEL_10	Sal_LABEL_11	CO_LABEL_12	SMd_LABEL_13	SMl_LABEL_14	DAN_LABEL_15	DMN_LABEL_16	CO_LABEL_17	DMN_LABEL_18	VAN_LABEL_19	CO_LABEL_20	CO_LABEL_21	Sal_LABEL_22	DAN_LABEL_23	PMN_LABEL_24	DAN_LABEL_25	DMN_LABEL_26	DMN_LABEL_27	DMN_LABEL_28	Vis_LABEL_29	FP_LABEL_30	Aud_LABEL_31	Tpole_LABEL_32	PMN_LABEL_33	PON_LABEL_34	MTL_LABEL_35	CO_LABEL_36	Sal_LABEL_37	CO_LABEL_38	SMd_LABEL_39	SMl_LABEL_40	DAN_LABEL_41	CO_LABEL_42	VAN_LABEL_43	CO_LABEL_44	CO_LABEL_45	Sal_LABEL_46	DAN_LABEL_47	PMN_LABEL_48	DAN_LABEL_49	DMN_LABEL_50	FP_LABEL_51	DMN_LABEL_52	DMN_LABEL_53	PON_LABEL_54	DMN_LABEL_55	Tpole_LABEL_56	Tpole_LABEL_57	Sal_LABEL_58	Sal_LABEL_59	SMd_LABEL_60	DAN_LABEL_61	FP_LABEL_62	DMN_LABEL_63	FP_LABEL_64	FP_LABEL_65	SMd_LABEL_66	SMl_LABEL_67	SMd_LABEL_68	DMN_LABEL_69	DAN_LABEL_70	DMN_LABEL_71	FP_LABEL_72	SMd_LABEL_73	SMl_LABEL_74	MTL_LABEL_75	MTL_LABEL_76	CO_LABEL_77	CO_LABEL_78	Vis_LABEL_79	Vis_LABEL_80
DMN_LABEL_1	1.0	-0.1676226258277893	-0.008242260664701462	-0.12979769706726074	0.035112056881189346	0.35100072622299194	0.15022675693035126	n/a	0.05116189271211624	-0.28472450375556946	0.14965878427028656	-0.03351961076259613	-0.25525927543640137	-0.21327514946460724	-0.18045856058597565	0.5316458940505981	-0.2706632912158966	0.37409475445747375	-0.020363420248031616	-0.2372436374425888	-0.35692858695983887	0.2238132506608963	-0.18432991206645966	0.1930025964975357	-0.05680245906114578	0.5458642244338989	0.5417248010635376	0.5696367025375366	-0.1963173896074295	0.051656968891620636	-0.07541579008102417	-0.2942947447299957	0.4659399092197418	-0.09649409353733063	n/a	-0.19035999476909637	0.101804718375206	-0.4576388895511627	-0.011854799464344978	-0.15787704288959503	-0.27897682785987854	-0.29010701179504395	-0.0976153016090393	-0.09054549783468246	-0.22693181037902832	-0.06220227852463722	-0.481873482465744	0.25340020656585693	-0.32335010170936584	0.2028462141752243	0.31148043274879456	0.36718758940696716	0.1567831039428711	-0.06957468390464783	0.4564701020717621	-0.25153371691703796	-0.2865353226661682	0.2569047212600708	0.33830273151397705	0.3381875157356262	-0.4137275516986847	0.018247108906507492	0.3398440182209015	0.18868474662303925	0.020039912313222885	-0.1694342941045761	-0.5599998831748962	0.14741218090057373	0.27793988585472107	-0.3399478495121002	0.7686272263526917	0.47109392285346985	-0.4887986183166504	-0.11720151454210281	-0.38915157318115234	-0.31578415632247925	0.21107174456119537	0.30346164107322693	-0.15415523946285248	0.2145702987909317
Vis_LABEL_2	-0.1676226258277893	1.0	0.15045036375522614	0.08631044626235962	0.13126589357852936	0.013430923223495483	0.20668013393878937	n/a	0.15147921442985535	0.20953930914402008	-0.150649756193161	0.02870533987879753	0.25199058651924133	0.06838294863700867	0.16329601407051086	-0.051615647971630096	0.31172165274620056	0.018999768421053886	0.055008795112371445	0.27343520522117615	0.35459962487220764	-0.2944031357765198	0.26032760739326477	-0.05100724846124649	0.33062246441841125	-0.18842051923274994	-0.05063828080892563	-0.30006110668182373	0.7837768793106079	0.07293374091386795	0.20775382220745087	0.48094257712364197	-0.10347156226634979	0.08540916442871094	n/a	0.1847076416015625	-0.21851512789726257	0.46742987632751465	-0.11584093421697617	0.05249331146478653	-0.2742413282394409	0.3721334636211395	0.03929641470313072	0.3941267132759094	0.5014127492904663	-0.16801641881465912	0.14727231860160828	-0.11102289706468582	0.21794553101062775	-0.2876744270324707	-0.25079184770584106	-0.5398823022842407	0.07334665954113007	-0.020061103627085686	-0.3183809518814087	0.07334205508232117	0.1705165058374405	-0.19935153424739838	-0.057449113577604294	0.05773848295211792	0.08613061159849167	-0.35933929681777954	-0.19606097042560577	-0.7478718757629395	-0.4712746739387512	-0.41211816668510437	0.08544217795133591	0.003518472658470273	-0.024595489725470543	-0.14658905565738678	-0.16387860476970673	-0.1050507202744484	-0.047347769141197205	-0.11763710528612137	0.12667328119277954	0.08020274341106415	0.11838101595640182	0.006118854507803917	0.09404437988996506	0.16304416954517365
FP_LABEL_3	-0.008242260664701462	0.15045036375522614	1.0	0.13976313173770905	-0.5180953741073608	0.18068091571331024	-0.0954236313700676	n/a	0.09255469590425491	0.07788210362195969	-0.3114350736141205	0.32799336314201355	-0.2250189632177353	-0.09769843518733978	0.066930390894413	0.2593283951282501	0.19892442226409912	-0.06855098903179169	-0.2187793254852295	0.24362793564796448	0.2549174129962921	0.15213845670223236	-0.38093292713165283	0.23040062189102173	-0.2792315185070038	-0.46298834681510925	-0.21802058815956116	0.43327054381370544	0.027509469538927078	0.4953811466693878	0.09052382409572601	-0.414692223072052	0.12002039700746536	-0.14103221893310547	n/a	0.15691420435905457	-0.29422175884246826	0.09251902252435684	-0.1372164487838745	-0.08497698605060577	-0.33635213971138	0.07012096047401428	0.22117409110069275	-0.032756950706243515	0.14955076575279236	0.05261842533946037	-0.33452653884887695	0.22647696733474731	-0.23427070677280426	0.4660261273384094	0.09094153344631195	-0.2939610481262207	-0.094560407102108	-0.05783090367913246	-0.37796592712402344	-0.276480108499527	-0.0032277191057801247	-0.23811404407024384	-0.15178300440311432	-0.16561582684516907	0.3011048138141632	0.07357455790042877	-0.36397919058799744	-0.10529334843158722	-0.0805792585015297	-0.10141320526599884	-0.1941578984260559	-0.029291952028870583	-0.3977002799510956	-0.12348862737417221	-0.2033095508813858	0.21272407472133636	-0.22197546064853668	-0.13748125731945038	-0.13746261596679688	-0.24268344044685364	-0.20268268883228302	0.07607018947601318	0.1842561811208725	0.0048700980842113495
Aud_LABEL_4	-0.12979769706726074	0.08631044626235962	0.13976313173770905	1.0	0.159575417637825	-0.04903876781463623	0.14028126001358032	n/a	0.2539962828159332	0.08589085191488266	-0.13473498821258545	-0.019690632820129395	0.5408161282539368	0.5223440527915955	0.15804752707481384	0.30475616455078125	0.23805002868175507	-0.02161560207605362	0.12518565356731415	0.14585524797439575	0.1583927720785141	-0.12092740088701248	0.20747782289981842	0.021088015288114548	0.14561578631401062	-0.16008462011814117	-0.034124765545129776	-0.12118721008300781	-0.00451725535094738	-0.09092521667480469	0.8384929299354553	0.1677001565694809	-0.11945822834968567	0.14256475865840912	n/a	0.23293334245681763	0.010128291323781013	0.16260014474391937	0.1789654940366745	0.415246844291687	-0.03031885251402855	0.3292791247367859	0.4256502091884613	0.05645332857966423	0.10424959659576416	-0.24969065189361572	0.22539778053760529	0.02795533835887909	0.39838579297065735	-0.11888334155082703	-0.3595943748950958	-0.5386094450950623	-0.14759869873523712	0.29502764344215393	-0.016789482906460762	0.3339855670928955	0.4014807641506195	-0.5142782926559448	-0.5315091013908386	0.03903165087103844	-0.11078067123889923	-0.03790471702814102	-0.1781051754951477	-0.34631460905075073	-0.2825520634651184	0.30626925826072693	0.3353612720966339	0.22866393625736237	-0.422493577003479	-0.1413063108921051	-0.27158454060554504	-0.11392736434936523	0.3644333481788635	0.4275267422199249	0.111063651740551	0.2533513009548187	-0.32105204463005066	-0.2623802721500397	-0.0853940024971962	-0.08046150952577591
Tpole_LABEL_5	0.035112056881189346	0.13126589357852936	-0.5180953741073608	0.159575417637825	1.0	-0.20450513064861298	0.280632883310318	n/a	0.2968766391277313	0.09770964831113815	0.32696494460105896	-0.2764991223812103	0.3504205644130707	0.030794914811849594	0.26533469557762146	0.1908373087644577	0.12685364484786987	0.4508261978626251	0.20376011729240417	0.06317581236362457	0.01057128980755806	-0.16049930453300476	0.4425257444381714	-0.2156568020582199	0.44978708028793335	0.48429062962532043	0.5886010527610779	-0.20103998482227325	0.25936979055404663	-0.5986820459365845	0.3383561372756958	0.6102117896080017	-0.2931235730648041	0.2739850580692291	n/a	0.11213628202676773	-0.07491858303546906	-0.0339723639190197	-0.05646892264485359	-0.008891806937754154	0.3114948570728302	0.3444109261035919	-0.034892477095127106	0.2520400583744049	0.09413725137710571	-0.22140102088451385	0.4701923131942749	-0.3807368576526642	0.5462977290153503	-0.5267282724380493	-0.5004294514656067	-0.18849965929985046	0.3324927091598511	0.3002575635910034	0.4713517427444458	0.3107300400733948	0.15262198448181152	-0.03270198777318001	0.022161537781357765	0.0027498810086399317	-0.1548277884721756	-0.3651358485221863	0.010626503266394138	-0.34956496953964233	-0.46612492203712463	0.03837820515036583	0.21291862428188324	-0.06712020933628082	0.24959559738636017	0.3637676239013672	0.11146567761898041	-0.225077286362648	0.20781293511390686	0.1341194212436676	0.2828657627105713	0.3886880576610565	0.29987117648124695	-0.018917962908744812	0.026185836642980576	-0.13871867954730988
PMN_LABEL_6	0.35100072622299194	0.013430923223495483	0.18068091571331024	-0.04903876781463623	-0.20450513064861298	1.0	0.46636396646499634	n/a	0.20093178749084473	0.12568610906600952	-0.1369485706090927	0.4196566641330719	-0.2696804404258728	-0.14101871848106384	-0.024841124191880226	-0.0490640252828598	0.2689802646636963	-0.2620350420475006	-0.5339246392250061	0.07758662104606628	0.11797535419464111	-0.16049331426620483	-0.11456558853387833	0.8807017207145691	-0.0545031875371933	-0.2236827313899994	-0.13928258419036865	0.02881433628499508	0.19041289389133453	0.6130008101463318	0.07569843530654907	-0.18674303591251373	0.923308253288269	0.31070688366889954	n/a	0.1752895563840866	0.27560845017433167	0.03656800091266632	0.07455267012119293	-0.16124610602855682	-0.4047553539276123	0.1592685729265213	-0.41902363300323486	0.0002128248888766393	0.1560460478067398	-0.12215148657560349	-0.3113873600959778	0.8889300227165222	-0.33524271845817566	0.19052699208259583	0.3451352119445801	-0.07175391167402267	-0.2895505428314209	0.20557419955730438	-0.18514396250247955	0.149854376912117	-0.40389537811279297	0.37711021304130554	0.21472357213497162	0.2647835612297058	-0.043355196714401245	0.07660409063100815	-0.3206300437450409	0.07641229033470154	-0.3284240961074829	-0.01679067872464657	-0.15918512642383575	-0.07996994256973267	-0.29242968559265137	0.004166572354733944	-0.0926566869020462	0.31230631470680237	-0.21472440659999847	-0.2491539567708969	-0.05318404361605644	-0.017616981640458107	0.24926713109016418	0.0863327607512474	-0.15184001624584198	0.09266050904989243
PON_LABEL_7	0.15022675693035126	0.20668013393878937	-0.0954236313700676	0.14028126001358032	0.280632883310318	0.46636396646499634	1.0	n/a	0.7726271748542786	0.2850992977619171	0.2699018716812134	0.08013235032558441	0.012856836430728436	-0.1589812934398651	0.41638490557670593	0.12073477357625961	0.3328048586845398	-0.10337268561124802	-0.26226696372032166	0.29159194231033325	0.1756346970796585	-0.1597149819135666	0.2168080061674118	0.5503849387168884	0.2441643476486206	-0.0006885449984110892	0.14021775126457214	-0.207600399851799	0.42826271057128906	0.16650991141796112	0.21077977120876312	0.11123188585042953	0.4082755446434021	0.8932976126670837	n/a	0.096003957092762	0.1751294583082199	0.09061296284198761	-0.16987530887126923	-0.14787282049655914	-0.037509735673666	0.2703630328178406	-0.2631080150604248	0.3288845419883728	0.08409962058067322	-0.1357671469449997	0.13790100812911987	0.41765931248664856	0.028640087693929672	-0.10116203129291534	-0.15320611000061035	-0.09944646060466766	-0.06310006976127625	0.5193224549293518	-0.024107685312628746	0.42650458216667175	0.169597327709198	0.07731940597295761	0.28234559297561646	0.010984200984239578	-0.21668346226215363	-0.24052542448043823	-0.22101441025733948	-0.251483291387558	-0.5090718269348145	-0.10847679525613785	-0.08786728978157043	-0.12031804025173187	-0.25697067379951477	0.08098561316728592	-0.20604701340198517	-0.01352192834019661	-0.12636077404022217	-0.15515029430389404	0.14544039964675903	0.22731201350688934	0.23201148211956024	0.09488529711961746	-0.11520404368638992	0.007802229840308428
MTL_LABEL_8	n/a	n/a	n/a	n/a	n/a	n/a	n/a	1.0	n/a	n/a	n/a	n/a	n/a	n/a	n/a	n/a	n/a	n/a	n/a	n/a	n/a	n/a	n/a	n/a	n/a	n/a	n/a	n/a	n/a	n/a	n/a	n/a	n/a	n/a	n/a	n/a	n/a	n/a	n/a	n/a	n/a	n/a	n/a	n/a	n/a	n/a	n/a	n/a	n/a	n/a	n/a	n/a	n/a	n/a	n/a	n/a	n/a	n/a	n/a	n/a	n/a	n/a	n/a	n/a	n/a	n/a	n/a	n/a	n/a	n/a	n/a	n/a	n/a	n/a	n/a	n/a	n/a	n/a	n/a	n/a
PON_LABEL_9	0.05116189271211624	0.15147921442985535	0.09255469590425491	0.2539962828159332	0.2968766391277313	0.20093178749084473	0.7726271748542786	n/a	1.0	0.2643886208534241	0.19933101534843445	-0.005771810654550791	0.050902292132377625	-0.18999245762825012	0.5760624408721924	0.22506584227085114	0.2828280031681061	0.04827098920941353	-0.15416303277015686	0.37264391779899597	0.14198622107505798	-0.16266801953315735	0.19758115708827972	0.30931520462036133	0.15397369861602783	-0.0005403826362453401	0.1897232085466385	-0.057863544672727585	0.3884991407394409	0.08345890045166016	0.2827320396900177	0.07220622897148132	0.15658996999263763	0.7598927021026611	n/a	0.20587307214736938	-0.1158841997385025	0.13662895560264587	-0.17647391557693481	-0.1544196456670761	0.16700415313243866	0.2760774791240692	-0.08618704229593277	0.23378600180149078	0.04424215480685234	-0.32867491245269775	0.3138648569583893	0.14189967513084412	0.2487790435552597	-0.10506993532180786	-0.20243209600448608	-0.19317585229873657	-0.022441592067480087	0.7378696203231812	0.007542973849922419	0.2776050567626953	0.3534700572490692	-0.09067998081445694	0.17928849160671234	-0.0322892926633358	-0.08996158093214035	-0.17124155163764954	-0.17200130224227905	-0.26302051544189453	-0.5653547048568726	-0.022001909092068672	-0.17080949246883392	-0.06237620487809181	-0.28159016370773315	0.11524396389722824	-0.17272330820560455	-0.1202172189950943	-0.14824439585208893	-0.2063445746898651	0.1185830682516098	0.39607179164886475	0.12940354645252228	0.285639226436615	-0.04240893945097923	-0.09763142466545105
CO_LABEL_10	-0.28472450375556946	0.20953930914402008	0.07788210362195969	0.08589085191488266	0.09770964831113815	0.12568610906600952	0.2850992977619171	n/a	0.2643886208534241	1.0	-0.06608739495277405	0.4844610393047333	0.12820716202259064	-0.17526447772979736	0.3242381811141968	-0.17569556832313538	0.5081731081008911	-0.22828033566474915	-0.3866763710975647	0.770158052444458	0.8673593997955322	-0.3901423215866089	0.002039347542449832	0.20821592211723328	0.280893474817276	-0.25985753536224365	-0.09363081306219101	-0.34486109018325806	0.4693409502506256	0.23954717814922333	0.2166498601436615	0.35746896266937256	0.05080223083496094	0.26942166686058044	n/a	0.7586620450019836	0.03785211965441704	0.6050607562065125	-0.31252622604370117	-0.1701224446296692	-0.19810104370117188	0.46652457118034363	-0.01979937218129635	0.6776524782180786	0.7077518105506897	0.063844233751297	0.14201606810092926	0.10572616010904312	0.114651158452034	-0.10023967921733856	-0.37664833664894104	-0.2739109992980957	0.03586547449231148	0.33824706077575684	-0.29227179288864136	0.1600625216960907	-0.03625475987792015	0.0918019562959671	0.1347365826368332	-0.21124699711799622	0.36346304416656494	-0.28943344950675964	-0.3483138680458069	-0.4706917405128479	-0.4246285557746887	-0.02732919715344906	0.10073527693748474	-0.12466905266046524	-0.20221766829490662	0.2492648959159851	-0.35407328605651855	-0.37125808000564575	0.30463916063308716	0.23304082453250885	0.24602772295475006	0.2972668409347534	0.41819384694099426	0.021396471187472343	-0.1817261129617691	-0.23961304128170013
Sal_LABEL_11	0.14965878427028656	-0.150649756193161	-0.3114350736141205	-0.13473498821258545	0.32696494460105896	-0.1369485706090927	0.2699018716812134	n/a	0.19933101534843445	-0.06608739495277405	1.0	-0.4617134630680084	-0.05333621799945831	-0.2519545257091522	-0.07483679801225662	0.40915510058403015	-0.2393818199634552	0.5539249777793884	0.3307582437992096	-0.08571504056453705	-0.2712520360946655	0.6067221164703369	-0.16822566092014313	-0.09980547428131104	-0.033159613609313965	0.6292802095413208	0.5486850142478943	0.16687388718128204	-0.15394511818885803	-0.3921557366847992	-0.17653721570968628	0.1766352504491806	-0.08362986147403717	0.18665243685245514	n/a	-0.3087996542453766	0.5183643698692322	-0.5361416339874268	-0.28561028838157654	-0.26498132944107056	0.22118711471557617	-0.19709286093711853	0.1354733109474182	0.05468936637043953	-0.42223915457725525	0.3446285128593445	-0.09938181936740875	-0.2699734568595886	-0.02201094850897789	-0.11331376433372498	-0.26238617300987244	0.33452028036117554	0.5473640561103821	0.034249771386384964	0.5150894522666931	-0.07205221056938171	0.17205573618412018	0.18845431506633759	0.4199056923389435	-0.06398316472768784	-0.34512537717819214	-0.19725768268108368	0.2917097210884094	-0.013293636962771416	0.12798245251178741	0.039490893483161926	-0.18938519060611725	0.13041330873966217	0.3640464246273041	-0.07968258112668991	0.3450549840927124	-0.26256540417671204	-0.1498713195323944	0.11295919120311737	0.4251948893070221	0.33433997631073	0.12132325768470764	0.31070685386657715	0.0818575918674469	0.19382862746715546
CO_LABEL_12	-0.03351961076259613	0.02870533987879753	0.32799336314201355	-0.019690632820129395	-0.2764991223812103	0.4196566641330719	0.08013235032558441	n/a	-0.005771810654550791	0.4844610393047333	-0.4617134630680084	1.0	-0.34698960185050964	-0.20306752622127533	0.19966553151607513	-0.331785649061203	0.28266799449920654	-0.45598873496055603	-0.6597962975502014	0.5483997464179993	0.6457562446594238	-0.23826858401298523	0.10566671192646027	0.4879181385040283	0.12432477623224258	-0.5102509260177612	-0.3317146599292755	-0.1049361303448677	0.1809276044368744	0.5344651341438293	-0.0341729074716568	-0.040047112852334976	0.28903529047966003	0.06786226481199265	n/a	0.559040367603302	-0.059596288949251175	0.568217933177948	-0.21243354678153992	-0.18981081247329712	-0.2948882281780243	0.29000040888786316	-0.15095274150371552	0.40927794575691223	0.6041361689567566	0.05183492228388786	-0.0026114326901733875	0.42582836747169495	-0.10639575123786926	0.15133509039878845	0.1471460610628128	-0.2355823963880539	-0.4863986670970917	0.2676665782928467	-0.5906750559806824	0.14280115067958832	-0.20696699619293213	0.11124983429908752	-0.03760397434234619	0.006185963749885559	0.45844802260398865	0.0013089784188196063	-0.37620872259140015	-0.04384990781545639	-0.24510322511196136	-0.08702527731657028	-0.04322994127869606	-0.18999332189559937	-0.3157868981361389	0.2038743793964386	-0.268652081489563	0.3404487073421478	-0.10215451568365097	-0.056724175810813904	-0.13604870438575745	-0.2334621548652649	0.10108175873756409	-0.1375919133424759	-0.20776528120040894	-0.4001011848449707
SMd_LABEL_13	-0.25525927543640137	0.25199058651924133	-0.2250189632177353	0.5408161282539368	0.3504205644130707	-0.2696804404258728	0.012856836430728436	n/a	0.050902292132377625	0.12820716202259064	-0.05333621799945831	-0.34698960185050964	1.0	0.5247572064399719	0.0026427016127854586	0.03795021399855614	0.42401254177093506	0.08366464078426361	0.22852401435375214	-0.05924104526638985	0.13925175368785858	-0.36724454164505005	0.1362859606742859	-0.27370011806488037	0.2649710774421692	0.0361214242875576	0.08239460736513138	-0.28310883045196533	0.1803078055381775	-0.41028809547424316	0.5629264712333679	0.32009103894233704	-0.2915692627429962	0.08616271615028381	n/a	0.18840733170509338	0.006076971534639597	0.094716876745224	0.20086385309696198	0.39370274543762207	0.07425236701965332	0.415813684463501	0.14177465438842773	0.05542333051562309	0.16787391901016235	-0.3266667425632477	0.16470123827457428	-0.2063426822423935	0.45107343792915344	-0.33348548412323	-0.5204795598983765	-0.5379944443702698	0.23796725273132324	0.005812740884721279	0.24392125010490417	0.07290730625391006	0.2616553008556366	-0.2885774075984955	-0.3243606388568878	-0.221701979637146	-0.14136388897895813	-0.060354650020599365	-0.17580711841583252	-0.43139132857322693	-0.3068055212497711	0.14215543866157532	0.5354230999946594	-0.00800938718020916	-0.1479635089635849	0.0022377939894795418	-0.22071661055088043	-0.3635653555393219	0.6094461679458618	0.513981819152832	0.282111793756485	0.3202150762081146	0.012615380808711052	-0.28537455201148987	0.1590433567762375	0.07424421608448029
SMl_LABEL_14	-0.21327514946460724	0.06838294863700867	-0.09769843518733978	0.5223440527915955	0.030794914811849594	-0.14101871848106384	-0.1589812934398651	n/a	-0.18999245762825012	-0.17526447772979736	-0.2519545257091522	-0.20306752622127533	0.5247572064399719	1.0	0.07339925318956375	-0.12353925406932831	0.08575661480426788	-0.3116704225540161	0.10042377561330795	-0.3016830384731293	-0.16503219306468964	-0.21751780807971954	0.22192040085792542	-0.2065771222114563	0.2575308084487915	-0.14591051638126373	-0.21858438849449158	-0.15719646215438843	-0.21169759333133698	-0.1284257471561432	0.5642684102058411	0.11190863698720932	-0.17800329625606537	-0.022985756397247314	n/a	0.13812237977981567	-0.003948152996599674	0.08605535328388214	0.38255590200424194	0.9532593488693237	0.1638355851173401	0.1643781065940857	0.2536419630050659	-0.2994055449962616	-0.13114672899246216	-0.21464046835899353	0.19016867876052856	0.009974837303161621	0.4599039852619171	-0.13635960221290588	-0.16166794300079346	-0.25485023856163025	-0.1160714253783226	0.003442727727815509	-0.14367489516735077	-0.08287079632282257	0.021969586610794067	-0.3701682686805725	-0.5192888975143433	-0.22114497423171997	-0.08960416167974472	0.3094293773174286	-0.04127255827188492	-0.14963564276695251	-0.007335864007472992	0.29095935821533203	0.5312987565994263	-0.13537755608558655	-0.15837885439395905	-0.1798045039176941	-0.17403194308280945	-0.24526406824588776	0.37954509258270264	0.4913674294948578	-0.061884526163339615	0.005142866168171167	-0.3776707947254181	-0.5081441402435303	0.07717300951480865	-0.098118357360363
DAN_LABEL_15	-0.18045856058597565	0.16329601407051086	0.066930390894413	0.15804752707481384	0.26533469557762146	-0.024841124191880226	0.41638490557670593	n/a	0.5760624408721924	0.3242381811141968	-0.07483679801225662	0.19966553151607513	0.0026427016127854586	0.07339925318956375	1.0	-0.01411344576627016	0.13716351985931396	-0.21185150742530823	-0.29143911600112915	0.3792186677455902	0.2682645618915558	-0.2719593942165375	0.5566542148590088	0.09709111601114273	0.4519013464450836	-0.08265598863363266	0.0794757604598999	-0.1412392407655716	0.28385114669799805	0.05268038436770439	0.17968934774398804	0.0862622931599617	-0.09791106730699539	0.4924244284629822	n/a	0.4430449604988098	-0.3195704519748688	0.3667054772377014	-0.2726336419582367	0.1690390706062317	0.4331313371658325	0.24448449909687042	0.05233790725469589	0.2318507730960846	0.21235302090644836	-0.3248284161090851	0.6285552978515625	-0.040670573711395264	0.5902534127235413	-0.27768614888191223	-0.3232332468032837	-0.05079394578933716	-0.25986164808273315	0.7324987053871155	-0.29219967126846313	0.17413651943206787	0.29323890805244446	-0.2211351990699768	-0.14787378907203674	-0.09316612780094147	0.3046713173389435	-0.19181543588638306	-0.13977284729480743	-0.29634666442871094	-0.4747350215911865	-0.13262835144996643	-0.06973103433847427	-0.1285078376531601	-0.3172662556171417	0.23563365638256073	-0.28075385093688965	0.015030859038233757	-0.006294700317084789	-0.035509027540683746	-0.008942477405071259	0.20940366387367249	0.06408564746379852	0.16147160530090332	-0.12468455731868744	-0.5221104025840759
DMN_LABEL_16	0.5316458940505981	-0.051615647971630096	0.2593283951282501	0.30475616455078125	0.1908373087644577	-0.0490640252828598	0.12073477357625961	n/a	0.22506584227085114	-0.17569556832313538	0.40915510058403015	-0.331785649061203	0.03795021399855614	-0.12353925406932831	-0.01411344576627016	1.0	-0.11483661830425262	0.6285548806190491	0.23555919528007507	-0.01701224036514759	-0.23254981637001038	0.4889242649078369	-0.20931938290596008	-0.045430511236190796	-0.16236183047294617	0.4494762420654297	0.5860552787780762	0.6425346732139587	-0.11414192616939545	-0.1696382313966751	0.27408185601234436	-0.1478268802165985	0.04738394170999527	-0.04796488955616951	n/a	-0.15536066889762878	0.12405082583427429	-0.5251105427742004	-0.16700507700443268	-0.18529139459133148	-0.13776440918445587	-0.07923176139593124	0.353218674659729	0.005334717687219381	-0.3034709095954895	0.09777719527482986	-0.21473443508148193	-0.13161897659301758	-0.09150044620037079	0.28312575817108154	-0.2349834442138672	0.055172622203826904	0.4996183216571808	0.040171120315790176	0.5479042530059814	-0.21919454634189606	0.14354249835014343	-0.2378392368555069	0.07108932733535767	0.1868363916873932	-0.2996315360069275	-0.20554417371749878	0.14197228848934174	-0.15447187423706055	-0.03989097476005554	0.0016659143147990108	-0.40927842259407043	0.3382263779640198	0.09149648249149323	-0.26388031244277954	0.4571702480316162	0.12499933689832687	-0.19402606785297394	0.11431484669446945	0.10757802426815033	0.15363407135009766	0.055340468883514404	0.4034072458744049	0.1685526818037033	0.23664774000644684
CO_LABEL_17	-0.2706632912158966	0.31172165274620056	0.19892442226409912	0.23805002868175507	0.12685364484786987	0.2689802646636963	0.3328048586845398	n/a	0.2828280031681061	0.5081731081008911	-0.2393818199634552	0.28266799449920654	0.42401254177093506	0.08575661480426788	0.13716351985931396	-0.11483661830425262	1.0	-0.11995340883731842	-0.4093942940235138	0.3397538959980011	0.5817199349403381	-0.46081849932670593	-0.11381836235523224	0.31651735305786133	0.2521546185016632	-0.40504270792007446	-0.0868758112192154	-0.21133194863796234	0.44303908944129944	0.24105040729045868	0.48380884528160095	0.25640368461608887	0.11378046125173569	0.30550411343574524	n/a	0.44982779026031494	-0.023558948189020157	0.29323965311050415	0.21535739302635193	-0.01351113524287939	-0.26457563042640686	0.8742905259132385	-0.34479567408561707	0.34203940629959106	0.557026207447052	-0.13547439873218536	0.005602850113064051	0.290444940328598	0.12017571181058884	-0.025947460904717445	-0.397572785615921	-0.6552380919456482	0.1612410694360733	0.15538281202316284	-0.11178161203861237	0.0944465920329094	-0.06312922388315201	-0.14632447063922882	-0.15440084040164948	-0.28762131929397583	0.027788106352090836	-0.1024729534983635	-0.6933059096336365	-0.5005851984024048	-0.6573746204376221	0.23989176750183105	0.49689239263534546	-0.36061620712280273	-0.4611756503582001	0.26574039459228516	-0.5034040808677673	-0.10678869485855103	0.3192768096923828	0.127523273229599	0.2451530545949936	0.2840445935726166	0.18755683302879333	-0.2296549677848816	0.0799655169248581	0.02719528041779995
DMN_LABEL_18	0.37409475445747375	0.018999768421053886	-0.06855098903179169	-0.02161560207605362	0.4508261978626251	-0.2620350420475006	-0.10337268561124802	n/a	0.04827098920941353	-0.22828033566474915	0.5539249777793884	-0.45598873496055603	0.08366464078426361	-0.3116704225540161	-0.21185150742530823	0.6285548806190491	-0.11995340883731842	1.0	0.4762212336063385	-0.22081837058067322	-0.28188085556030273	0.4229516386985779	-0.2662961781024933	-0.3520732522010803	-0.06087374687194824	0.7550945281982422	0.8525845408439636	0.479880690574646	-0.1131647601723671	-0.5029095411300659	-0.016773860901594162	0.19810684025287628	-0.27111193537712097	-0.27443572878837585	n/a	-0.28644436597824097	-0.05485626310110092	-0.5445892214775085	-0.1014648899435997	-0.3290942311286926	0.08718731254339218	-0.049057736992836	0.12405810505151749	-0.020520057529211044	-0.2074628323316574	0.011489088647067547	-0.17669297754764557	-0.49577170610427856	0.06878206133842468	-0.21336720883846283	-0.24245233833789825	0.07732003182172775	0.6615411043167114	-0.21558748185634613	0.7386133074760437	-0.1837029606103897	0.11070878058671951	0.06881357729434967	0.233212411403656	0.11011218279600143	-0.3056841492652893	-0.20889931917190552	0.25336867570877075	-0.16658763587474823	-0.04705385863780975	-0.06777834892272949	-0.1753411442041397	0.2521829307079315	0.46181896328926086	-0.07347355037927628	0.6128097772598267	0.05470656976103783	-0.18608121573925018	0.013876188546419144	0.09005719423294067	0.15799176692962646	0.13876521587371826	0.3901275098323822	0.1104884222149849	0.3592953085899353
VAN_LABEL_19	-0.020363420248031616	0.055008795112371445	-0.2187793254852295	0.12518565356731415	0.20376011729240417	-0.5339246392250061	-0.26226696372032166	n/a	-0.15416303277015686	-0.3866763710975647	0.3307582437992096	-0.6597962975502014	0.22852401435375214	0.10042377561330795	-0.29143911600112915	0.23555919528007507	-0.4093942940235138	0.4762212336063385	1.0	-0.4267159104347229	-0.4812692403793335	0.3058726489543915	0.029188919812440872	-0.590050220489502	-0.031897056847810745	0.49288925528526306	0.29003140330314636	-0.019465893507003784	-0.11636719852685928	-0.6919173002243042	0.007954276166856289	0.07610907405614853	-0.5009211897850037	-0.2995268702507019	n/a	-0.465223491191864	-0.08985204249620438	-0.3227043151855469	0.12229638546705246	0.09295069426298141	0.1707744598388672	-0.30670902132987976	0.5044341683387756	-0.31969407200813293	-0.46116164326667786	-0.0577135905623436	-0.027718108147382736	-0.6097195744514465	0.06875041872262955	-0.37549418210983276	-0.182402104139328	0.09757032990455627	0.22522269189357758	-0.3889686167240143	0.38274046778678894	-0.053307175636291504	0.29289305210113525	-0.13712404668331146	-0.08856531232595444	-0.07004944235086441	-0.3227376639842987	-0.32657697796821594	0.301069438457489	-0.09699361771345139	0.2947969138622284	-0.08031895011663437	0.06834712624549866	0.17614462971687317	0.37824487686157227	-0.19703909754753113	0.27123039960861206	-0.24568942189216614	0.04454159364104271	0.17505964636802673	-0.08297815173864365	0.056004978716373444	-0.244022935628891	-0.04120222479104996	-0.005616033915430307	0.17205111682415009
CO_LABEL_20	-0.2372436374425888	0.27343520522117615	0.24362793564796448	0.14585524797439575	0.06317581236362457	0.07758662104606628	0.29159194231033325	n/a	0.37264391779899597	0.770158052444458	-0.08571504056453705	0.5483997464179993	-0.05924104526638985	-0.3016830384731293	0.3792186677455902	-0.01701224036514759	0.3397538959980011	-0.22081837058067322	-0.4267159104347229	1.0	0.8514626622200012	-0.16365745663642883	0.16786763072013855	0.30995479226112366	0.10595545917749405	-0.3746244013309479	-0.19407987594604492	-0.2747528553009033	0.4844208359718323	0.31582698225975037	0.16942979395389557	0.28431031107902527	0.034245215356349945	0.31258875131607056	n/a	0.6071741580963135	0.01632249541580677	0.6408994197845459	-0.4474259614944458	-0.3155992329120636	-0.1876344382762909	0.3752148449420929	0.06314270943403244	0.8098474740982056	0.6825883388519287	0.19542431831359863	0.2913019061088562	0.10562808066606522	0.12029311060905457	0.07657255977392197	-0.3354843854904175	-0.3157781958580017	-0.07326623052358627	0.45354047417640686	-0.445375919342041	0.2353479266166687	0.15835951268672943	-0.17935696244239807	-0.013203558512032032	0.03204972296953201	0.4311523735523224	-0.29117363691329956	-0.24181076884269714	-0.41309037804603577	-0.35892221331596375	-0.00901021808385849	-0.0410006009042263	0.16439831256866455	-0.24231979250907898	0.30667710304260254	-0.32343098521232605	-0.20473098754882812	0.18619726598262787	0.09234689921140671	0.3599974513053894	0.3521365225315094	0.20837707817554474	0.057162728160619736	-0.05305037274956703	-0.2967199981212616
CO_LABEL_21	-0.35692858695983887	0.35459962487220764	0.2549174129962921	0.1583927720785141	0.01057128980755806	0.11797535419464111	0.1756346970796585	n/a	0.14198622107505798	0.8673593997955322	-0.2712520360946655	0.6457562446594238	0.13925175368785858	-0.16503219306468964	0.2682645618915558	-0.23254981637001038	0.5817199349403381	-0.28188085556030273	-0.4812692403793335	0.8514626622200012	1.0	-0.3977413773536682	0.07634827494621277	0.2688816785812378	0.2811891734600067	-0.4659925103187561	-0.24477487802505493	-0.35815081000328064	0.4947257936000824	0.32920482754707336	0.22854045033454895	0.35408464074134827	-0.009688207879662514	0.1688171774148941	n/a	0.7261922359466553	-0.06391915678977966	0.727003812789917	-0.30257150530815125	-0.20177115499973297	-0.2657671868801117	0.5357977151870728	-0.012594171799719334	0.7699666619300842	0.8814408779144287	0.1102166697382927	0.1536717712879181	0.13474984467029572	0.14395293593406677	-0.0422288216650486	-0.3802441358566284	-0.5013779997825623	-0.07342642545700073	0.2499590516090393	-0.47761091589927673	0.23298846185207367	0.016050035133957863	-0.05040549114346504	-0.045007891952991486	-0.11453793942928314	0.4734511971473694	-0.28207218647003174	-0.4179110527038574	-0.48968806862831116	-0.418241024017334	-0.018056077882647514	0.1864815056324005	-0.01284699235111475	-0.3506338596343994	0.31197109818458557	-0.4630579650402069	-0.1938723474740982	0.3123437166213989	0.17927102744579315	0.28164541721343994	0.1960151493549347	0.2714919149875641	-0.11620938777923584	-0.11049167066812515	-0.2995617985725403
Sal_LABEL_22	0.2238132506608963	-0.2944031357765198	0.15213845670223236	-0.12092740088701248	-0.16049930453300476	-0.16049331426620483	-0.1597149819135666	n/a	-0.16266801953315735	-0.3901423215866089	0.6067221164703369	-0.23826858401298523	-0.36724454164505005	-0.21751780807971954	-0.2719593942165375	0.4889242649078369	-0.46081849932670593	0.4229516386985779	0.3058726489543915	-0.16365745663642883	-0.3977413773536682	1.0	-0.3517560660839081	-0.10174202919006348	-0.4801483154296875	0.33922359347343445	0.22842243313789368	0.5518428683280945	-0.4698668420314789	-0.13826292753219604	-0.29111793637275696	-0.2503920793533325	-0.06893406808376312	-0.21076861023902893	n/a	-0.4998728930950165	0.36343783140182495	-0.6197692155838013	-0.28899484872817993	-0.24363617599010468	0.022076500579714775	-0.48101943731307983	0.3766011595726013	-0.20941855013370514	-0.5552195906639099	0.6015094518661499	-0.317721962928772	-0.16273526847362518	-0.3225920796394348	0.33612069487571716	0.136688694357872	0.43201494216918945	0.3219122886657715	-0.2297387719154358	0.2898436188697815	-0.2476229965686798	0.1937139481306076	-0.08898934721946716	0.11658111214637756	0.08181934058666229	-0.14745712280273438	0.09411966800689697	0.3584645092487335	0.24742849171161652	0.5265311598777771	-0.0073407297022640705	-0.31144994497299194	0.26873332262039185	0.29125338792800903	-0.196865513920784	0.3955943286418915	0.1006612777709961	-0.22190792858600616	0.07190985232591629	0.08677829802036285	-0.10319012403488159	-0.31557437777519226	0.1658610701560974	0.16938737034797668	0.27338919043540955
DAN_LABEL_23	-0.18432991206645966	0.26032760739326477	-0.38093292713165283	0.20747782289981842	0.4425257444381714	-0.11456558853387833	0.2168080061674118	n/a	0.19758115708827972	0.002039347542449832	-0.16822566092014313	0.10566671192646027	0.1362859606742859	0.22192040085792542	0.5566542148590088	-0.20931938290596008	-0.11381836235523224	-0.2662961781024933	0.029188919812440872	0.16786763072013855	0.07634827494621277	-0.3517560660839081	1.0	-0.025174494832754135	0.5738070011138916	-0.017490597441792488	-0.02226226031780243	-0.5378194451332092	0.2906617522239685	-0.2472848892211914	0.20732225477695465	0.3186533451080322	-0.1624399870634079	0.33469903469085693	n/a	0.2627001404762268	-0.2027343362569809	0.49491098523139954	-0.021180344745516777	0.23539407551288605	0.4074474573135376	0.14293156564235687	0.07422563433647156	0.2267439067363739	0.18376770615577698	-0.3727019727230072	0.7939412593841553	-0.14186519384384155	0.6065525412559509	-0.5048821568489075	-0.32825520634651184	-0.1904529631137848	-0.4307604730129242	0.4686676561832428	-0.24100995063781738	0.382263720035553	0.16761134564876556	-0.29545506834983826	-0.38035422563552856	0.13864998519420624	0.16886791586875916	-0.38241440057754517	-0.025964252650737762	-0.23310045897960663	-0.30730465054512024	-0.12614154815673828	0.19492283463478088	0.02615330182015896	-0.007997137494385242	0.2623601257801056	-0.22880280017852783	-0.007370171137154102	0.14817069470882416	0.02258339896798134	0.12446969002485275	0.1996423751115799	0.018915880471467972	-0.22251659631729126	-0.038130685687065125	-0.4517894387245178
PMN_LABEL_24	0.1930025964975357	-0.05100724846124649	0.23040062189102173	0.021088015288114548	-0.2156568020582199	0.8807017207145691	0.5503849387168884	n/a	0.30931520462036133	0.20821592211723328	-0.09980547428131104	0.4879181385040283	-0.27370011806488037	-0.2065771222114563	0.09709111601114273	-0.045430511236190796	0.31651735305786133	-0.3520732522010803	-0.590050220489502	0.30995479226112366	0.2688816785812378	-0.10174202919006348	-0.025174494832754135	1.0	-0.08027398586273193	-0.33600836992263794	-0.24563294649124146	-0.09349967539310455	0.1734931915998459	0.6071997880935669	0.05201353132724762	-0.20181512832641602	0.8295981884002686	0.4873538911342621	n/a	0.20489569008350372	0.30636337399482727	0.12383054941892624	-0.04757072404026985	-0.2420651912689209	-0.35414567589759827	0.19512782990932465	-0.39275190234184265	0.2023153007030487	0.18994715809822083	-0.009322362020611763	-0.16432207822799683	0.9033068418502808	-0.27975374460220337	0.22193963825702667	0.13363759219646454	-0.09373104572296143	-0.3533366322517395	0.29924237728118896	-0.3074568212032318	0.2408851534128189	-0.2734471559524536	0.21740078926086426	0.11170543730258942	0.15103983879089355	0.02550126425921917	0.00814905110746622	-0.37636512517929077	0.13571815192699432	-0.27728456258773804	0.1270391345024109	-0.07553776353597641	-0.037910956889390945	-0.42459315061569214	0.149804025888443	-0.28053411841392517	0.24608363211154938	-0.10569792240858078	-0.22502529621124268	0.14206090569496155	0.08121169358491898	0.2045121043920517	-0.00966905988752842	-0.08526468276977539	-0.06615220010280609
DAN_LABEL_25	-0.05680245906114578	0.33062246441841125	-0.2792315185070038	0.14561578631401062	0.44978708028793335	-0.0545031875371933	0.2441643476486206	n/a	0.15397369861602783	0.280893474817276	-0.033159613609313965	0.12432477623224258	0.2649710774421692	0.2575308084487915	0.4519013464450836	-0.16236183047294617	0.2521546185016632	-0.06087374687194824	-0.031897056847810745	0.10595545917749405	0.2811891734600067	-0.4801483154296875	0.5738070011138916	-0.08027398586273193	1.0	0.14488403499126434	0.2433706670999527	-0.3734115660190582	0.24734516441822052	-0.212632417678833	0.28867262601852417	0.43189379572868347	-0.16231036186218262	0.23739191889762878	n/a	0.44579243659973145	-0.17167337238788605	0.368047297000885	0.13846100866794586	0.2945125997066498	0.265651136636734	0.4247690439224243	0.09690624475479126	0.34982022643089294	0.3788665235042572	-0.36836254596710205	0.36597689986228943	-0.18904785811901093	0.6477574110031128	-0.5547541379928589	-0.5154528021812439	-0.2864564061164856	-0.03758755326271057	0.2990170121192932	-0.13513366878032684	0.1793101578950882	-0.02267673797905445	-0.03357473015785217	-0.09067284315824509	-0.08037663251161575	-0.018598012626171112	-0.3746638000011444	-0.09587127715349197	-0.4567717909812927	-0.44080427289009094	-0.016859838739037514	0.22691309452056885	-0.15290623903274536	-0.04365917295217514	0.07305274158716202	-0.08052361011505127	-0.09021778404712677	0.02456548996269703	0.17544999718666077	0.06683887541294098	0.1330343782901764	0.30479463934898376	-0.23881582915782928	-0.1982334852218628	-0.42771822214126587
