Node	DMN_LABEL_1	Vis_LABEL_2	FP_LABEL_3	Aud_LABEL_4	Tpole_LABEL_5	PMN_LABEL_6	PON_LABEL_7	MTL_LABEL_8	PON_LABEL_9	CO_LABEL_10	Sal_LABEL_11	CO_LABEL_12	SMd_LABEL_13	SMl_LABEL_14	DAN_LABEL_15	DMN_LABEL_16	CO_LABEL_17	DMN_LABEL_18	VAN_LABEL_19	CO_LABEL_20	CO_LABEL_21	Sal_LABEL_22	DAN_LABEL_23	PMN_LABEL_24	DAN_LABEL_25	DMN_LABEL_26	DMN_LABEL_27	DMN_LABEL_28	Vis_LABEL_29	FP_LABEL_30	Aud_LABEL_31	Tpole_LABEL_32	PMN_LABEL_33	PON_LABEL_34	MTL_LABEL_35	CO_LABEL_36	Sal_LABEL_37	CO_LABEL_38	SMd_LABEL_39	SMl_LABEL_40	DAN_LABEL_41	CO_LABEL_42	VAN_LABEL_43	CO_LABEL_44	CO_LABEL_45	Sal_LABEL_46	DAN_LABEL_47	PMN_LABEL_48	DAN_LABEL_49	DMN_LABEL_50	FP_LABEL_51	DMN_LABEL_52	DMN_LABEL_53	PON_LABEL_54	DMN_LABEL_55	Tpole_LABEL_56	Tpole_LABEL_57	Sal_LABEL_58	Sal_LABEL_59	SMd_LABEL_60	DAN_LABEL_61	FP_LABEL_62	DMN_LABEL_63	FP_LABEL_64	FP_LABEL_65	SMd_LABEL_66	SMl_LABEL_67	SMd_LABEL_68	DMN_LABEL_69	DAN_LABEL_70	DMN_LABEL_71	FP_LABEL_72	SMd_LABEL_73	SMl_LABEL_74	MTL_LABEL_75	MTL_LABEL_76	CO_LABEL_77	CO_LABEL_78	Vis_LABEL_79	Vis_LABEL_80
DMN_LABEL_1	1.0	0.02489016018807888	-0.2982929050922394	-0.29316145181655884	0.3472948670387268	0.6943668127059937	0.336941123008728	n/a	0.03798278048634529	-0.4456551671028137	0.20654629170894623	-0.506199300289154	0.16494549810886383	-0.021891942247748375	-0.3063996434211731	0.7899289727210999	-0.512266218662262	0.8205609321594238	-0.1246248334646225	-0.3802666664123535	-0.696168839931488	-0.3753645420074463	-0.4049743413925171	0.3886522650718689	-0.3262788951396942	0.3290264904499054	0.7064028382301331	0.5275575518608093	-0.08543647080659866	-0.42121991515159607	-0.261488676071167	0.1395733505487442	0.44681352376937866	0.31009283661842346	n/a	-0.24676942825317383	0.05893050134181976	-0.5089268684387207	0.02353774942457676	0.06897978484630585	-0.5667932033538818	-0.34412580728530884	-0.4750692844390869	-0.15806226432323456	-0.49777641892433167	-0.17260706424713135	-0.39052796363830566	0.3249686360359192	-0.3086426556110382	0.7753661870956421	-0.26632529497146606	0.3629741966724396	0.6824166178703308	0.09842120856046677	0.3882332444190979	-0.18405576050281525	-0.05089511722326279	-0.26107582449913025	-0.11584070324897766	0.06492527574300766	-0.280943363904953	-0.07332444190979004	0.2940061688423157	-0.1423153281211853	0.1416711062192917	0.08946871012449265	0.02960878238081932	0.21116042137145996	0.4926748275756836	0.050581976771354675	0.4840959310531616	0.30514729022979736	0.2749820947647095	-0.06243406981229782	0.4836997091770172	0.33707764744758606	-0.025166507810354233	-0.03127666562795639	0.12736110389232635	0.10092301666736603
Vis_LABEL_2	0.02489016018807888	1.0	-0.5242830514907837	-0.4985535442829132	0.16298122704029083	0.2839305102825165	0.563819169998169	n/a	0.4837850332260132	-0.1284426599740982	-0.3191130459308624	-0.5371333360671997	-0.23178885877132416	0.10131645947694778	-0.6257981657981873	-0.2377554476261139	-0.49111977219581604	-0.2100398987531662	-0.4577024579048157	-0.4268006682395935	-0.33030402660369873	0.05779825523495674	-0.17777098715305328	0.4450863301753998	-0.5621786117553711	0.25987109541893005	-0.281627357006073	-0.2732417583465576	0.9720319509506226	-0.24255141615867615	-0.4218212366104126	0.2729846239089966	0.3544774651527405	0.46776458621025085	n/a	-0.008394320495426655	-0.11427680402994156	-0.06606926769018173	-0.35891857743263245	0.17590247094631195	-0.18043212592601776	-0.24801255762577057	-0.2553890347480774	-0.5132762789726257	-0.38174423575401306	-0.09376608580350876	-0.11520873010158539	0.38489049673080444	-0.2464524656534195	0.03910483047366142	-0.14536012709140778	-0.005603170488029718	0.046539999544620514	0.49217453598976135	-0.0374789722263813	-0.17720036208629608	-0.23294927179813385	-0.3997049033641815	-0.17805489897727966	-0.08419256657361984	-0.029934071004390717	-0.1781734973192215	0.169949010014534	-0.17371326684951782	0.1111198365688324	-0.24941332638263702	-0.07820708304643631	0.011620842851698399	-0.27825307846069336	0.13941004872322083	-0.02826664038002491	0.08485499024391174	-0.2235862910747528	-0.022127412259578705	-0.27203524112701416	0.15501278638839722	-0.12447180598974228	-0.33701229095458984	0.3677147626876831	0.21238383650779724
FP_LABEL_3	-0.2982929050922394	-0.5242830514907837	1.0	0.34845858812332153	-0.1697053760290146	-0.5304427146911621	-0.6247053742408752	n/a	-0.39086130261421204	-0.10317637771368027	-0.12923142313957214	0.2687942683696747	-0.4378719627857208	-0.30237144231796265	0.7041930556297302	0.1299688220024109	0.3556886613368988	-0.02236923761665821	0.14662492275238037	0.17234520614147186	0.3787176311016083	-0.08315122127532959	0.2523113489151001	-0.5222806334495544	0.6609763503074646	-0.22825440764427185	0.11796443164348602	0.3054850101470947	-0.4948784112930298	0.5576210021972656	0.3002661168575287	-0.1696481555700302	-0.5341222882270813	-0.6260500550270081	n/a	-0.04685908928513527	-0.26858586072921753	0.21413636207580566	-0.11075575649738312	-0.3443283140659332	0.4809856712818146	0.13229665160179138	0.31215864419937134	0.34555360674858093	0.29426729679107666	-0.09245012700557709	0.33935046195983887	-0.546105146408081	0.30416935682296753	-0.24883785843849182	0.5120278596878052	-0.2955658435821533	-0.30348482728004456	-0.455532044172287	-0.08815541118383408	0.1760730892419815	0.20835523307323456	0.20274987816810608	-0.02453690581023693	0.005385385826230049	0.13253353536128998	0.3047594130039215	-0.26953792572021484	0.391222208738327	-0.06129623204469681	0.3567933440208435	-0.05052114650607109	-0.06618019193410873	0.06675335019826889	-0.18097218871116638	-0.22797170281410217	0.2169438898563385	0.04668515548110008	0.1246715858578682	0.06753421574831009	-0.3895266652107239	-0.03177439048886299	0.06516862660646439	-0.16251783072948456	-0.26391884684562683
Aud_LABEL_4	-0.29316145181655884	-0.4985535442829132	0.34845858812332153	1.0	-0.1395496129989624	-0.2738978862762451	-0.22220368683338165	n/a	-0.23190400004386902	0.3227398693561554	0.11839091777801514	0.6126629114151001	-0.12531566619873047	0.12124723941087723	0.44293051958084106	-0.043144091963768005	0.47233888506889343	-0.16852577030658722	0.4119959771633148	0.3504328429698944	0.6515039205551147	0.030405154451727867	0.06439130753278732	-0.14029592275619507	0.357887327671051	-0.2461426705121994	-0.03846048563718796	-0.21839594841003418	-0.4851716160774231	0.2625482678413391	0.8435122966766357	-0.11197398602962494	-0.19995403289794922	-0.05407266691327095	n/a	0.33586639165878296	0.20263290405273438	0.2993776500225067	-0.0419500507414341	-0.05457054451107979	0.28195998072624207	0.367188036441803	0.3835682272911072	0.3310171365737915	0.6627147197723389	0.26086118817329407	0.04895989969372749	-0.12527351081371307	0.12314517796039581	-0.2889450192451477	0.29357072710990906	0.11602717638015747	-0.2897188067436218	-0.2285696566104889	0.044748492538928986	0.1522672176361084	0.04182343930006027	0.2970125675201416	0.06262662261724472	0.1975330412387848	0.1400122493505478	0.018293920904397964	-0.4674091637134552	-0.31043970584869385	-0.4967005252838135	-0.06494788825511932	-0.08886615931987762	-0.09264861792325974	0.05151587352156639	0.0716840848326683	-0.23776865005493164	-0.16736871004104614	-0.1073814332485199	-0.13512861728668213	0.31280234456062317	0.049255210906267166	0.06672096997499466	0.18066440522670746	-0.17749112844467163	-0.20789003372192383
Tpole_LABEL_5	0.3472948670387268	0.16298122704029083	-0.1697053760290146	-0.1395496129989624	1.0	0.067275770008564	0.33190929889678955	n/a	0.21318639814853668	-0.24874508380889893	-0.07323931157588959	-0.23751071095466614	0.0243589635938406	0.11805175244808197	-0.14131063222885132	0.2521026134490967	-0.5302754044532776	0.29718220233917236	0.23867790400981903	-0.038135677576065063	-0.44313400983810425	-0.23633387684822083	0.050195686519145966	-0.0004217336536385119	-0.24420861899852753	-0.31526586413383484	0.27792617678642273	0.07228552550077438	0.14015664160251617	-0.32411739230155945	-0.20902518928050995	0.5154207348823547	-0.10938194394111633	0.29709392786026	n/a	-0.3213675916194916	-0.18235479295253754	-0.3512229323387146	-0.22740979492664337	0.13210870325565338	-0.32398512959480286	-0.5895240306854248	0.08625035732984543	-0.3682093620300293	-0.41786861419677734	-0.05006367713212967	-0.1683083325624466	0.14911608397960663	0.11730901151895523	0.40434327721595764	-0.07269038259983063	0.02576191909611225	0.23351705074310303	0.2972497045993805	0.2879098653793335	-0.10186488926410675	0.1733209490776062	-0.11575453728437424	-0.2064899355173111	0.024199802428483963	0.07252462208271027	-0.04884238541126251	0.024031562730669975	-0.1705130934715271	-0.013063233345746994	0.12000298500061035	-0.14041872322559357	0.21837981045246124	-0.02139240875840187	0.2857552468776703	-0.028630899265408516	-0.008249692618846893	-0.013890097849071026	-0.13943259418010712	0.30418848991394043	0.10419600456953049	-0.05214191600680351	-0.1821640133857727	0.005132214166224003	0.14368943870067596
PMN_LABEL_6	0.6943668127059937	0.2839305102825165	-0.5304427146911621	-0.2738978862762451	0.067275770008564	1.0	0.43205583095550537	n/a	0.056168679147958755	-0.11247532069683075	0.21566666662693024	-0.40951940417289734	0.13468345999717712	0.10593917220830917	-0.4790176749229431	0.38691386580467224	-0.4113743007183075	0.4357032775878906	-0.26932045817375183	-0.34581562876701355	-0.41690319776535034	-0.1492699384689331	-0.4485366642475128	0.6946759223937988	-0.44525423645973206	0.519821047782898	0.3754354417324066	0.1747385561466217	0.20865190029144287	-0.4685276448726654	-0.21617978811264038	-0.04315394535660744	0.7190731763839722	0.4072330892086029	n/a	0.06177888438105583	0.15545319020748138	-0.19287633895874023	-0.03709375485777855	0.18414296209812164	-0.5098591446876526	-0.18247462809085846	-0.4210258722305298	-0.25413569808006287	-0.20144426822662354	-0.10641419887542725	-0.38082748651504517	0.5208171606063843	-0.4168073832988739	0.3921620547771454	-0.43717941641807556	0.4780159890651703	0.39082008600234985	0.1669444888830185	0.2044699788093567	-0.12978951632976532	-0.17549729347229004	-0.29761192202568054	-0.015816830098628998	-0.0009675170877017081	-0.3844853341579437	-0.26642149686813354	0.34293311834335327	-0.34451475739479065	0.06448796391487122	-0.1643385887145996	0.05591346696019173	0.040543269366025925	0.26896536350250244	0.12007401883602142	0.5291285514831543	0.11639679223299026	-0.01309036836028099	0.009907997213304043	0.2353624850511551	0.30901816487312317	-0.22486063838005066	-0.010858499445021152	0.2728227972984314	0.20564523339271545
PON_LABEL_7	0.336941123008728	0.563819169998169	-0.6247053742408752	-0.22220368683338165	0.33190929889678955	0.43205583095550537	1.0	n/a	0.7083612084388733	-0.18517610430717468	-0.044565148651599884	-0.5017404556274414	0.07396523654460907	0.2893954813480377	-0.5388160943984985	0.13056544959545135	-0.5586244463920593	0.08051442354917526	-0.0983608067035675	-0.1542138308286667	-0.45993784070014954	0.13453330099582672	-0.36944130063056946	0.5264008045196533	-0.5730381011962891	0.22986115515232086	0.12650039792060852	-0.14061027765274048	0.5276199579238892	-0.43631210923194885	-0.17896060645580292	0.37939682602882385	0.36654946208000183	0.9311580061912537	n/a	-0.14930783212184906	0.17125381529331207	-0.46535301208496094	-0.18817923963069916	0.28334125876426697	-0.45573610067367554	-0.3851040303707123	-0.3236692547798157	-0.40752649307250977	-0.44153937697410583	0.15868067741394043	-0.5132250785827637	0.5955227017402649	-0.33405813574790955	0.37888064980506897	-0.159798726439476	0.2491413950920105	0.22422373294830322	0.6170159578323364	0.35301387310028076	-0.23339349031448364	-0.39357858896255493	-0.31258049607276917	-0.3233546316623688	0.0044166515581309795	0.006445998791605234	-0.34715697169303894	-0.13250018656253815	-0.5091406106948853	-0.19774334132671356	-0.2997942864894867	-0.22605472803115845	0.140630304813385	-0.09415986388921738	0.23218105733394623	-0.05321437120437622	-0.1769753098487854	-0.18892022967338562	-0.3130907118320465	0.031488701701164246	0.5174655914306641	0.11813952773809433	-0.23961412906646729	0.3155347406864166	0.10427026450634003
MTL_LABEL_8	n/a	n/a	n/a	n/a	n/a	n/a	n/a	1.0	n/a	n/a	n/a	n/a	n/a	n/a	n/a	n/a	n/a	n/a	n/a	n/a	n/a	n/a	n/a	n/a	n/a	n/a	n/a	n/a	n/a	n/a	n/a	n/a	n/a	n/a	n/a	n/a	n/a	n/a	n/a	n/a	n/a	n/a	n/a	n/a	n/a	n/a	n/a	n/a	n/a	n/a	n/a	n/a	n/a	n/a	n/a	n/a	n/a	n/a	n/a	n/a	n/a	n/a	n/a	n/a	n/a	n/a	n/a	n/a	n/a	n/a	n/a	n/a	n/a	n/a	n/a	n/a	n/a	n/a	n/a	n/a
PON_LABEL_9	0.03798278048634529	0.4837850332260132	-0.39086130261421204	-0.23190400004386902	0.21318639814853668	0.056168679147958755	0.7083612084388733	n/a	1.0	-0.19249531626701355	-0.13578511774539948	-0.2823218107223511	-0.004573885817080736	0.08535168319940567	-0.2912524342536926	-0.05071433261036873	-0.32061588764190674	-0.049614887684583664	-0.16094450652599335	-0.08066248893737793	-0.29698464274406433	0.2942816913127899	0.024034766480326653	0.16591507196426392	-0.21033622324466705	0.11473749577999115	0.017785854637622833	-0.17851848900318146	0.4694441854953766	-0.382372111082077	-0.08166026324033737	0.37996435165405273	0.024983566254377365	0.7062613368034363	n/a	-0.17224539816379547	0.19205956161022186	-0.3148691654205322	-0.09201454371213913	0.13298606872558594	-0.3109982907772064	-0.22260427474975586	-0.21730664372444153	-0.05331907421350479	-0.3737274408340454	0.11584430187940598	-0.20561917126178741	0.13614653050899506	0.01711532287299633	0.08566542714834213	-0.2081572264432907	-0.014995480887591839	0.05020611360669136	0.7999535799026489	0.1518280953168869	-0.04131338745355606	-0.24154196679592133	-0.15841299295425415	-0.28677764534950256	-0.1421736478805542	0.2328304499387741	-0.3190687596797943	-0.26340827345848083	-0.3799625337123871	-0.22078149020671844	-0.30682989954948425	-0.17868834733963013	-0.013705159537494183	-0.13297224044799805	0.2288297414779663	-0.32724544405937195	-0.12534207105636597	-0.14806662499904633	-0.34681206941604614	-0.18549810349941254	0.2755110561847687	0.27224597334861755	-0.17817769944667816	0.06794213503599167	0.21976104378700256
CO_LABEL_10	-0.4456551671028137	-0.1284426599740982	-0.10317637771368027	0.3227398693561554	-0.24874508380889893	-0.11247532069683075	-0.18517610430717468	n/a	-0.19249531626701355	1.0	0.2968716621398926	0.5459429621696472	0.1622002273797989	0.15790554881095886	-0.011031465604901314	-0.5247966051101685	0.39441388845443726	-0.5306328535079956	0.2609787881374359	0.4453885555267334	0.6956214308738708	0.09924621134996414	0.1368606984615326	-0.14458194375038147	0.09692694991827011	-0.12991513311862946	-0.3713987469673157	-0.5497439503669739	-0.056280698627233505	-0.10630801320075989	0.33268263936042786	-0.23472914099693298	-0.2129792869091034	-0.07855741679668427	n/a	0.7483839392662048	0.2743645906448364	0.6282860636711121	0.18845371901988983	0.03606922924518585	0.07673165947198868	0.3613567352294922	0.33042964339256287	0.27958792448043823	0.6289675831794739	0.1593681424856186	0.09707244485616684	-0.1948515772819519	0.1300058215856552	-0.4929603636264801	-0.09205726534128189	-0.09159678220748901	-0.38392001390457153	-0.06883207708597183	-0.35013827681541443	-0.0006200199713930488	0.04512040317058563	0.318025141954422	0.09537304937839508	0.19292877614498138	0.11865304410457611	-0.28379765152931213	-0.2344912439584732	-0.24171064794063568	-0.4558294713497162	-0.10587441921234131	0.18598821759223938	0.021343642845749855	-0.275561660528183	0.21231459081172943	-0.18456876277923584	-0.2664543092250824	-0.14960545301437378	0.17036005854606628	-0.12024383991956711	0.005939224269241095	0.13948892056941986	0.14902441203594208	-0.06958834081888199	-0.12691427767276764
Sal_LABEL_11	0.20654629170894623	-0.3191130459308624	-0.12923142313957214	0.11839091777801514	-0.07323931157588959	0.21566666662693024	-0.044565148651599884	n/a	-0.13578511774539948	0.2968716621398926	1.0	0.046350423246622086	0.4021189510822296	-0.02707584761083126	0.10859661549329758	0.07985768467187881	-0.01588401012122631	0.2105550915002823	0.09678681194782257	0.2524740695953369	0.035142380744218826	0.011746233329176903	-0.014900535345077515	0.024659913033246994	0.049824561923742294	-0.2069137543439865	0.368353009223938	-0.006761509459465742	-0.31631794571876526	-0.3579937815666199	0.16063512861728668	-0.1263866424560547	0.09013085067272186	-0.023759590461850166	n/a	0.08549226820468903	0.5724536180496216	-0.15588971972465515	0.4379611611366272	0.026855280622839928	-0.20262457430362701	-0.10334300994873047	-0.04051752761006355	0.09988398849964142	0.05582942068576813	0.14634859561920166	-0.12257477641105652	-0.07769594341516495	-0.004768561106175184	-0.02588445134460926	-0.29419395327568054	0.007100139744579792	0.15956634283065796	0.10303518176078796	-0.10628615319728851	0.03235695883631706	0.17734630405902863	0.45698967576026917	0.24834822118282318	0.1390032172203064	-0.020687490701675415	-0.3036106824874878	-0.06628737598657608	-0.17074446380138397	-0.4276570975780487	-0.149740070104599	-0.10511965304613113	0.0056793889962136745	0.3903455138206482	0.2168014645576477	0.11156332492828369	0.03137632831931114	0.11382424831390381	-0.22279764711856842	0.3108885586261749	0.3273172676563263	0.26456642150878906	0.41024476289749146	-0.03459040820598602	0.021244635805487633
CO_LABEL_12	-0.506199300289154	-0.5371333360671997	0.2687942683696747	0.6126629114151001	-0.23751071095466614	-0.40951940417289734	-0.5017404556274414	n/a	-0.2823218107223511	0.5459429621696472	0.046350423246622086	1.0	0.10045678168535233	0.16919441521167755	0.38256609439849854	-0.3446297347545624	0.678007185459137	-0.38321545720100403	0.4057839512825012	0.4914887249469757	0.6871098279953003	0.038644272834062576	0.2486262172460556	-0.49408605694770813	0.41324135661125183	-0.3144940733909607	-0.24503715336322784	-0.26504772901535034	-0.4477730393409729	0.19404874742031097	0.5687063336372375	-0.2796046733856201	-0.43140166997909546	-0.37347567081451416	n/a	0.329742968082428	0.0047110398299992085	0.5606370568275452	0.19125552475452423	0.02243882231414318	0.2897799611091614	0.4917583465576172	0.4650963842868805	0.47976037859916687	0.659088671207428	0.04087429866194725	0.25113072991371155	-0.46163126826286316	0.2810676395893097	-0.5430557131767273	0.07159360498189926	-0.05218179151415825	-0.49328139424324036	-0.2975689768791199	-0.2265903651714325	0.17212119698524475	0.049019984900951385	0.40518951416015625	0.09858055412769318	0.0037814558017998934	0.17916196584701538	0.034476134926080704	-0.2451937049627304	-0.08727062493562698	-0.20361122488975525	0.05422559008002281	0.22235718369483948	-0.19410353899002075	-0.21245308220386505	0.036649174988269806	-0.23606431484222412	-0.318168580532074	-0.010702329687774181	0.10704498738050461	0.10326597839593887	-0.22594182193279266	0.036504779011011124	0.09325902163982391	-0.298164039850235	-0.030204838141798973
SMd_LABEL_13	0.16494549810886383	-0.23178885877132416	-0.4378719627857208	-0.12531566619873047	0.0243589635938406	0.13468345999717712	0.07396523654460907	n/a	-0.004573885817080736	0.1622002273797989	0.4021189510822296	0.10045678168535233	1.0	0.2917628288269043	-0.05671011283993721	-0.08907739818096161	0.13524416089057922	0.06408307701349258	0.21031500399112701	0.38563066720962524	-0.07434871047735214	0.07355675101280212	-0.012927076779305935	-0.0718904659152031	-0.09120814502239227	-0.15996301174163818	0.0639161765575409	-0.13486789166927338	-0.2429242730140686	-0.41498053073883057	0.008787713944911957	-0.019881991669535637	0.02819156087934971	0.07799921184778214	n/a	-0.10608912259340286	0.2346368283033371	-0.14769001305103302	0.6705805063247681	0.2871659994125366	-0.22681166231632233	0.06459248065948486	0.03135315328836441	0.1461186707019806	-0.16889579594135284	-0.023090267553925514	-0.2608529329299927	0.024759935215115547	0.0015631434507668018	0.035911571234464645	-0.5327523350715637	-0.08912631124258041	0.18109610676765442	0.06519531458616257	-0.0837470069527626	0.08067236840724945	-0.19999989867210388	0.20211565494537354	0.10334059596061707	-0.014365238137543201	-0.09467118978500366	-0.3897593915462494	0.17545826733112335	-0.22341589629650116	0.03869502618908882	-0.09006806463003159	0.13626660406589508	0.0710376426577568	0.07607019692659378	0.003593266475945711	0.20058022439479828	-0.28851407766342163	0.22123156487941742	0.09967534989118576	0.0477597676217556	0.08252441883087158	0.16059920191764832	0.08421915769577026	-0.1503015160560608	0.01853584684431553
SMl_LABEL_14	-0.021891942247748375	0.10131645947694778	-0.30237144231796265	0.12124723941087723	0.11805175244808197	0.10593917220830917	0.2893954813480377	n/a	0.08535168319940567	0.15790554881095886	-0.02707584761083126	0.16919441521167755	0.2917628288269043	1.0	-0.21575115621089935	-0.24173754453659058	0.005591236054897308	-0.28543081879615784	0.4344060719013214	0.17854563891887665	0.045449696481227875	0.1593567132949829	-0.1344582885503769	0.008380722254514694	-0.24231575429439545	-0.2588520050048828	-0.19399580359458923	-0.2326192855834961	0.14018356800079346	-0.2936830520629883	0.16065622866153717	0.029769204556941986	-0.06983418017625809	0.20624330639839172	n/a	0.03360731899738312	-0.032974936068058014	0.11819453537464142	0.11100135743618011	0.9209213256835938	-0.1857040971517563	-0.06581679731607437	0.15896517038345337	-0.2687528431415558	-0.04957001656293869	0.06177012249827385	-0.2530516982078552	0.09094960987567902	-0.2347344160079956	-0.16836340725421906	-0.17840558290481567	-0.025175610557198524	-0.27991390228271484	-0.0638168603181839	-0.31786808371543884	-0.23436641693115234	-0.42015209794044495	0.1451403647661209	-0.14076942205429077	-0.2372715026140213	-0.03173532709479332	-0.2919023931026459	0.20071853697299957	-0.33338817954063416	0.006579453591257334	-0.09891702234745026	0.19325195252895355	-0.23137760162353516	-0.20169028639793396	0.11550014466047287	0.20328865945339203	-0.0683395192027092	-0.16971011459827423	0.21356280148029327	0.044082850217819214	-0.043724607676267624	0.11527509987354279	-0.22970470786094666	-0.03537542745471001	-0.07456962764263153
DAN_LABEL_15	-0.3063996434211731	-0.6257981657981873	0.7041930556297302	0.44293051958084106	-0.14131063222885132	-0.4790176749229431	-0.5388160943984985	n/a	-0.2912524342536926	-0.011031465604901314	0.10859661549329758	0.38256609439849854	-0.05671011283993721	-0.21575115621089935	1.0	-0.01652492769062519	0.5169014930725098	-0.027360577136278152	0.20865274965763092	0.3378044366836548	0.40026387572288513	-0.02382759377360344	0.5670744180679321	-0.4352133274078369	0.8846217393875122	-0.3528807759284973	0.0729365423321724	0.041068654507398605	-0.59211266040802	0.33208924531936646	0.35358738899230957	-0.2077287882566452	-0.40593409538269043	-0.47758954763412476	n/a	-0.07150889188051224	0.011549970135092735	0.11772257089614868	0.2122376263141632	-0.28632068634033203	0.6141104102134705	0.23101067543029785	0.23157447576522827	0.3535788357257843	0.2632707953453064	-0.005914628505706787	0.4352649450302124	-0.4899926781654358	0.4868184030056	-0.2950102686882019	0.29471081495285034	-0.17498502135276794	-0.19783568382263184	-0.2844592034816742	-0.03792837634682655	0.5256734490394592	0.28250205516815186	0.3368328809738159	0.0704505443572998	0.12842459976673126	0.29833129048347473	0.22972474992275238	-0.3310099244117737	0.2103606015443802	-0.2367418110370636	0.08603420853614807	-0.14489075541496277	-0.11663684993982315	0.1697784960269928	0.014489272609353065	-0.19681908190250397	0.06682160496711731	-0.002711850218474865	-0.05543101951479912	0.07916394621133804	-0.3225269317626953	0.05598665028810501	0.141697958111763	-0.3887963593006134	-0.20088514685630798
DMN_LABEL_16	0.7899289727210999	-0.2377554476261139	0.1299688220024109	-0.043144091963768005	0.2521026134490967	0.38691386580467224	0.13056544959545135	n/a	-0.05071433261036873	-0.5247966051101685	0.07985768467187881	-0.3446297347545624	-0.08907739818096161	-0.24173754453659058	-0.01652492769062519	1.0	-0.3939058482646942	0.9189325571060181	-0.09538931399583817	-0.3160727024078369	-0.5399120450019836	-0.5011197328567505	-0.42624691128730774	0.15578141808509827	-0.09754280000925064	0.328229159116745	0.8503054976463318	0.8202193379402161	-0.3237864375114441	-0.1099671870470047	-0.007407851051539183	0.09738882631063461	0.1537981778383255	0.115015909075737	n/a	-0.34678342938423157	-0.14211444556713104	-0.4999275207519531	-0.1007668524980545	-0.2115628570318222	-0.4430433511734009	-0.30510494112968445	-0.40605491399765015	0.032753925770521164	-0.35054367780685425	-0.2157851904630661	-0.3660072982311249	0.10591946542263031	-0.2971849739551544	0.7635676860809326	0.007682147901505232	0.3443194627761841	0.6216214299201965	-0.11417251825332642	0.6066249012947083	-0.14727960526943207	-0.07099093496799469	-0.23109328746795654	-0.21218308806419373	0.07222919166088104	-0.21559934318065643	0.1538989245891571	0.1083640307188034	-0.0397581048309803	0.10998063534498215	0.24316170811653137	-0.13651283085346222	0.1775900423526764	0.5635278820991516	-0.2400357872247696	0.36367762088775635	0.2834189534187317	0.32884538173675537	-0.22429125010967255	0.6041259169578552	0.28628844022750854	0.01830146089196205	0.010741217993199825	0.08889344334602356	0.0056484173983335495
CO_LABEL_17	-0.512266218662262	-0.49111977219581604	0.3556886613368988	0.47233888506889343	-0.5302754044532776	-0.4113743007183075	-0.5586244463920593	n/a	-0.32061588764190674	0.39441388845443726	-0.01588401012122631	0.678007185459137	0.13524416089057922	0.005591236054897308	0.5169014930725098	-0.3939058482646942	1.0	-0.40420234203338623	0.1119861751794815	0.4794021248817444	0.7637847661972046	0.20917892456054688	0.32484671473503113	-0.5020647644996643	0.6146095395088196	-0.1994694471359253	-0.3199369013309479	-0.29973387718200684	-0.4497832655906677	0.2916508615016937	0.49206122756004333	-0.49083834886550903	-0.32037463784217834	-0.44562864303588867	n/a	0.428523987531662	0.09543439000844955	0.594445526599884	0.4272979497909546	-0.056085582822561264	0.5227908492088318	0.8767274618148804	0.2344813048839569	0.6428409814834595	0.7152092456817627	-0.008168543688952923	0.36344337463378906	-0.5363653302192688	0.23103605210781097	-0.6285051703453064	0.12798278033733368	-0.19211143255233765	-0.4583863914012909	-0.4024414122104645	-0.3643282353878021	0.3605870306491852	0.08841420710086823	0.27534371614456177	0.18715691566467285	-0.0043622772209346294	0.13769054412841797	0.11601381003856659	-0.26127585768699646	0.16630305349826813	-0.09319207072257996	0.07160896062850952	0.21401149034500122	-0.2120891809463501	-0.12489315122365952	0.03943919390439987	-0.24597367644309998	-0.18024392426013947	-0.05805400013923645	0.28530803322792053	-0.19445955753326416	-0.29431453347206116	0.02726532705128193	0.12490972876548767	-0.40637341141700745	-0.21861685812473297
DMN_LABEL_18	0.8205609321594238	-0.2100398987531662	-0.02236923761665821	-0.16852577030658722	0.29718220233917236	0.4357032775878906	0.08051442354917526	n/a	-0.049614887684583664	-0.5306328535079956	0.2105550915002823	-0.38321545720100403	0.06408307701349258	-0.28543081879615784	-0.027360577136278152	0.9189325571060181	-0.40420234203338623	1.0	-0.1492382138967514	-0.3444303870201111	-0.6183813214302063	-0.4649718701839447	-0.3120538294315338	0.15860696136951447	-0.0821523666381836	0.2482319176197052	0.8379297852516174	0.8013867139816284	-0.3056606948375702	-0.2625426650047302	-0.14818790555000305	0.14692509174346924	0.23362712562084198	0.07116173207759857	n/a	-0.3936733305454254	-0.07240749150514603	-0.5321753025054932	-0.022290118038654327	-0.20738749206066132	-0.47286736965179443	-0.32774117588996887	-0.4553782343864441	-0.035982850939035416	-0.4258331060409546	-0.2110573947429657	-0.3032536506652832	0.08822192251682281	-0.25919267535209656	0.7576280236244202	-0.2131257951259613	0.32359763979911804	0.7550257444381714	-0.04142014682292938	0.5327340364456177	-0.06301876157522202	0.0406363345682621	-0.16959057748317719	-0.06408132612705231	0.07473212480545044	-0.1727866679430008	0.18475358188152313	0.21030622720718384	-0.018562188372015953	0.1944027841091156	0.19444039463996887	-0.15693050622940063	0.14994892477989197	0.647529661655426	-0.17188553512096405	0.4241566061973572	0.2741421163082123	0.342756450176239	-0.25886696577072144	0.5606123805046082	0.2824068069458008	0.006767650134861469	0.08006756007671356	-0.042161524295806885	0.07648458331823349
VAN_LABEL_19	-0.1246248334646225	-0.4577024579048157	0.14662492275238037	0.4119959771633148	0.23867790400981903	-0.26932045817375183	-0.0983608067035675	n/a	-0.16094450652599335	0.2609787881374359	0.09678681194782257	0.4057839512825012	0.21031500399112701	0.4344060719013214	0.20865274965763092	-0.09538931399583817	0.1119861751794815	-0.1492382138967514	1.0	0.42428019642829895	0.23090890049934387	0.07800661027431488	0.014602039009332657	-0.33080726861953735	0.1236589327454567	-0.43277373909950256	0.01976865902543068	-0.12481773644685745	-0.39664778113365173	-0.034008365124464035	0.277913361787796	0.02539229765534401	-0.4304686188697815	-0.08033490180969238	n/a	0.01442531868815422	-0.013264711014926434	0.07606030255556107	0.07192879170179367	0.34338510036468506	-0.0385236032307148	-0.12497302889823914	0.6302077174186707	0.006397709250450134	0.16173012554645538	0.3406820297241211	-0.18796126544475555	-0.10655596852302551	0.05148305743932724	-0.09473561495542526	0.15765225887298584	0.0006858169217593968	-0.2583383619785309	-0.16252833604812622	-0.13268566131591797	-0.13372677564620972	-0.03929559141397476	0.449355810880661	-0.046363238245248795	0.020206192508339882	-0.010961219668388367	-0.13129842281341553	-0.15033289790153503	-0.1639290452003479	-0.13804009556770325	0.15710191428661346	0.05301307141780853	-0.008672883734107018	-0.1560637652873993	0.0930507481098175	0.02543581835925579	-0.2288237363100052	-0.03704660385847092	0.015756146982312202	0.1636277139186859	-0.10952383279800415	0.23302830755710602	0.05540446937084198	-0.0918121263384819	-0.30370408296585083
CO_LABEL_20	-0.3802666664123535	-0.4268006682395935	0.17234520614147186	0.3504328429698944	-0.038135677576065063	-0.34581562876701355	-0.1542138308286667	n/a	-0.08066248893737793	0.4453885555267334	0.2524740695953369	0.4914887249469757	0.38563066720962524	0.17854563891887665	0.3378044366836548	-0.3160727024078369	0.4794021248817444	-0.3444303870201111	0.42428019642829895	1.0	0.4817861318588257	0.17517602443695068	0.14802055060863495	-0.4185436964035034	0.26861149072647095	-0.36814719438552856	-0.058918945491313934	-0.327372282743454	-0.38169553875923157	-0.05317390337586403	0.33621010184288025	-0.08209027349948883	-0.43484124541282654	-0.09219542145729065	n/a	0.12088079750537872	0.17381757497787476	0.1611865758895874	0.43275848031044006	0.0992368832230568	0.07302726060152054	0.2217862755060196	0.4415503442287445	0.421169251203537	0.35011574625968933	0.028255194425582886	-0.04860815033316612	-0.2435208261013031	0.2490728199481964	-0.36829468607902527	-0.06772490590810776	-0.254984050989151	-0.36787012219429016	-0.09671630710363388	-0.14032527804374695	0.2846675515174866	0.02881866693496704	0.30632761120796204	-0.04682178422808647	0.024728920310735703	0.24366217851638794	-0.2253759801387787	-0.4229060411453247	-0.10235516726970673	-0.3297448456287384	0.12289881706237793	0.22792993485927582	0.06616009771823883	-0.09150690585374832	0.23666736483573914	-0.33531346917152405	-0.30394572019577026	0.02145780809223652	0.06561564654111862	0.11931541562080383	-0.0703689232468605	0.21901199221611023	0.021980687975883484	-0.22538922727108002	-0.0802915021777153
CO_LABEL_21	-0.696168839931488	-0.33030402660369873	0.3787176311016083	0.6515039205551147	-0.44313400983810425	-0.41690319776535034	-0.45993784070014954	n/a	-0.29698464274406433	0.6956214308738708	0.035142380744218826	0.6871098279953003	-0.07434871047735214	0.045449696481227875	0.40026387572288513	-0.5399120450019836	0.7637847661972046	-0.6183813214302063	0.23090890049934387	0.4817861318588257	1.0	0.23476499319076538	0.25939247012138367	-0.37522849440574646	0.44476011395454407	-0.2449149340391159	-0.44250673055648804	-0.4988168776035309	-0.2779653072357178	0.32179656624794006	0.6151403784751892	-0.32386091351509094	-0.35268422961235046	-0.3084225356578827	n/a	0.6844252943992615	0.1535654366016388	0.7383185029029846	0.12356910854578018	-0.08386368304491043	0.4763231575489044	0.647341787815094	0.48913127183914185	0.4881889820098877	0.8834874629974365	0.1688029021024704	0.2737310230731964	-0.39315029978752136	0.2593840956687927	-0.7276579737663269	0.21894346177577972	-0.24002553522586823	-0.6260818243026733	-0.2619161605834961	-0.39188987016677856	0.24416379630565643	0.1026255339384079	0.37275946140289307	0.12834130227565765	0.10261769592761993	0.12124030292034149	-0.08996403962373734	-0.4109558165073395	-0.0578199066221714	-0.4232749044895172	-0.02952481620013714	0.09967141598463058	-0.15839409828186035	-0.29696330428123474	0.020120112225413322	-0.34914731979370117	-0.20658640563488007	-0.24506962299346924	0.24942277371883392	-0.1551329493522644	-0.21443778276443481	-0.044235486537218094	0.08120383322238922	-0.20503124594688416	-0.27438658475875854
Sal_LABEL_22	-0.3753645420074463	0.05779825523495674	-0.08315122127532959	0.030405154451727867	-0.23633387684822083	-0.1492699384689331	0.13453330099582672	n/a	0.2942816913127899	0.09924621134996414	0.011746233329176903	0.038644272834062576	0.07355675101280212	0.1593567132949829	-0.02382759377360344	-0.5011197328567505	0.20917892456054688	-0.4649718701839447	0.07800661027431488	0.17517602443695068	0.23476499319076538	1.0	0.10447324812412262	0.06690163910388947	0.018509255722165108	-0.09282879531383514	-0.4058331549167633	-0.39556583762168884	0.13160812854766846	0.10755466669797897	0.0643106997013092	0.08048295974731445	0.04361085593700409	0.15050390362739563	n/a	0.07941249758005142	0.34147676825523376	0.10804702341556549	0.04835140332579613	0.24199451506137848	0.18082569539546967	0.18405628204345703	0.07907760888338089	-0.047772061079740524	0.17826133966445923	0.4787823557853699	0.057001493871212006	0.11236502230167389	-0.038904543966054916	-0.4445714056491852	0.09233512729406357	-0.2505604028701782	-0.3174861967563629	0.23016728460788727	-0.23253600299358368	0.16910719871520996	-0.10457062721252441	0.208681121468544	0.17417697608470917	-0.2569858133792877	0.013787089847028255	-0.20853528380393982	-0.002911065937951207	-0.10646401345729828	-0.011445748619735241	-0.3699689507484436	-0.1641540676355362	-0.3312400281429291	-0.3667132556438446	0.06526973098516464	-0.20229065418243408	-0.27345404028892517	-0.3459855020046234	-0.10698337107896805	-0.5419695973396301	-0.15450988709926605	0.13675108551979065	-0.0033452187199145555	0.06802491843700409	0.009182771667838097
DAN_LABEL_23	-0.4049743413925171	-0.17777098715305328	0.2523113489151001	0.06439130753278732	0.050195686519145966	-0.4485366642475128	-0.36944130063056946	n/a	0.024034766480326653	0.1368606984615326	-0.014900535345077515	0.2486262172460556	-0.012927076779305935	-0.1344582885503769	0.5670744180679321	-0.42624691128730774	0.32484671473503113	-0.3120538294315338	0.014602039009332657	0.14802055060863495	0.25939247012138367	0.10447324812412262	1.0	-0.27997028827667236	0.6469234824180603	-0.40832117199897766	-0.4002770781517029	-0.3695703148841858	-0.1387823224067688	0.15494108200073242	-0.014408407732844353	0.02217680588364601	-0.29882657527923584	-0.33928778767585754	n/a	0.0854758471250534	0.17044703662395477	0.22959113121032715	0.16011761128902435	-0.14704236388206482	0.6197177767753601	0.18490217626094818	0.08957212418317795	0.1305854320526123	0.07756520062685013	-0.013729484751820564	0.8200080394744873	-0.39156079292297363	0.7746903300285339	-0.36889907717704773	0.08794128894805908	-0.2999188303947449	-0.1432083696126938	0.13562791049480438	-0.2895156443119049	0.5211293697357178	0.4445706605911255	0.14135973155498505	0.1640571504831314	0.16433677077293396	0.48447418212890625	0.20501665771007538	-0.1717071384191513	0.21266405284404755	-0.15481971204280853	-0.17455674707889557	-0.02582705207169056	0.029879705980420113	-0.09448321163654327	0.24424415826797485	-0.2851564586162567	0.07481488585472107	-0.06526612490415573	0.04901578277349472	-0.23622041940689087	-0.3864860236644745	0.06537072360515594	0.07451783120632172	-0.38061633706092834	0.0052770343609154224
PMN_LABEL_24	0.3886522650718689	0.4450863301753998	-0.5222806334495544	-0.14029592275619507	-0.0004217336536385119	0.6946759223937988	0.5264008045196533	n/a	0.16591507196426392	-0.14458194375038147	0.024659913033246994	-0.49408605694770813	-0.0718904659152031	0.008380722254514694	-0.4352133274078369	0.15578141808509827	-0.5020647644996643	0.15860696136951447	-0.33080726861953735	-0.4185436964035034	-0.37522849440574646	0.06690163910388947	-0.27997028827667236	1.0	-0.44789278507232666	0.5045711398124695	-0.008813672699034214	-0.04567611590027809	0.38334906101226807	-0.08502786606550217	-0.18194451928138733	0.07105226814746857	0.7819892168045044	0.5020385384559631	n/a	0.019080068916082382	0.2949405014514923	-0.2650628089904785	-0.23379066586494446	0.07420922815799713	-0.254973441362381	-0.2482444941997528	-0.44674843549728394	-0.4624547064304352	-0.2088620811700821	0.06386516243219376	-0.15023455023765564	0.8316762447357178	-0.28264379501342773	0.3074829578399658	-0.13061439990997314	0.3329291343688965	0.29692235589027405	0.2468363493680954	0.2542438209056854	-0.019676469266414642	-0.12579841911792755	-0.35586658120155334	0.00610913522541523	0.0334007702767849	-0.27676886320114136	-0.15207797288894653	0.2692813575267792	-0.322130411863327	-0.00834652315825224	-0.4885254204273224	-0.13644570112228394	-0.024153605103492737	0.08668451011180878	0.03624073415994644	0.31209519505500793	0.15556049346923828	-0.18517868220806122	-0.25404244661331177	0.027027742937207222	0.18737617135047913	-0.2268388569355011	-0.08011824637651443	0.4149293005466461	0.24888528883457184
DAN_LABEL_25	-0.3262788951396942	-0.5621786117553711	0.6609763503074646	0.357887327671051	-0.24420861899852753	-0.44525423645973206	-0.5730381011962891	n/a	-0.21033622324466705	0.09692694991827011	0.049824561923742294	0.41324135661125183	-0.09120814502239227	-0.24231575429439545	0.8846217393875122	-0.09754280000925064	0.6146095395088196	-0.0821523666381836	0.1236589327454567	0.26861149072647095	0.44476011395454407	0.018509255722165108	0.6469234824180603	-0.44789278507232666	1.0	-0.22460953891277313	-0.006329486146569252	-0.015196066349744797	-0.5209574699401855	0.22253639996051788	0.31523561477661133	-0.2664114534854889	-0.4353839159011841	-0.5086573958396912	n/a	0.1225377768278122	0.007701616734266281	0.2780335545539856	0.23410475254058838	-0.2708122134208679	0.5766124129295349	0.40774405002593994	0.11320559680461884	0.48717743158340454	0.33040645718574524	-0.09865357726812363	0.5498003959655762	-0.6049536466598511	0.5479660630226135	-0.41149237751960754	0.13872849941253662	-0.148155078291893	-0.25507673621177673	-0.2198483943939209	-0.1955505758523941	0.4949018955230713	0.2982454001903534	0.3151353895664215	0.11530791968107224	0.13315215706825256	0.3481798768043518	0.15623031556606293	-0.3286358416080475	0.16457459330558777	-0.20950374007225037	0.03339970111846924	-0.12144332379102707	-0.14906010031700134	0.12553855776786804	0.12736475467681885	-0.20480170845985413	0.042472925037145615	0.004536938387900591	0.046985287219285965	-0.02679183892905712	-0.33191215991973877	0.16929538547992706	0.20549429953098297	-0.4312674403190613	-0.1526951789855957
