Node	HIP-head-m-rh	HIP-head-l-rh	HIP-body-rh	HIP-tail-rh	THA-VPm-rh	THA-VPl-rh	THA-VAi-rh	THA-VAs-rh	THA-DAm-rh	THA-DAl-rh	PUT-VA-rh	PUT-DA-rh	PUT-VP-rh	PUT-DP-rh	CAU-VA-rh	CAU-DA-rh	CAU-body-rh	CAU-tail-rh	lAMY-rh	mAMY-rh	THA-DP-rh	NAc-shell-rh	NAc-core-rh	pGP-rh	aGP-rh	HIP-head-m-lh	HIP-head-l-l	HIP-body-l	HIP-tail-lh	THA-VPm-lh	THA-VPl-lh	THA-VAi-lh	THA-VAs-lh	THA-DAm-lh	THA-DAl-lh	PUT-VA-lh	PUT-DA-l	PUT-VP-lh	PUT-DP-lh	CAU-VA-lh	CAU-DA-lh	CAU-body-lh	CAU-tail-lh	lAMY-lh	mAMY-lh	THA-DP-lh	NAc-shell-lh	NAc-core-lh	pGP-lh	aGP-lh
HIP-head-m-rh	1.0	0.7045971155166626	0.25802987813949585	0.563078761100769	-0.24434183537960052	0.026915667578577995	0.049911901354789734	-0.15625572204589844	-0.0988062396645546	-0.005152401980012655	0.4792097806930542	0.3523939847946167	0.18720105290412903	-0.28111323714256287	0.3817689120769501	0.2353522926568985	0.2689796984195709	0.1068221777677536	0.5038003921508789	0.02713117003440857	0.11444465070962906	0.09631427377462387	0.2572099566459656	0.12345703691244125	0.014709103852510452	0.5716190934181213	0.6629989147186279	0.19669611752033234	0.4604440927505493	-0.10438138246536255	-0.03245312348008156	0.13049674034118652	0.014761356636881828	0.11173746734857559	0.3822478652000427	0.0789073184132576	0.03146420046687126	0.2588661313056946	0.17858949303627014	0.2124781310558319	-0.3110101521015167	-0.0018073583487421274	0.005394776351749897	0.22259709239006042	0.247963085770607	0.3299921452999115	-0.13016915321350098	0.3274720013141632	0.15941296517848969	-0.050317615270614624
HIP-head-l-rh	0.7045971155166626	1.0	0.04606234282255173	0.335280179977417	0.09843942523002625	0.18520116806030273	0.08331434428691864	-0.46502622961997986	-0.04910915717482567	-0.2084307223558426	0.24494196474552155	0.38368672132492065	0.15560273826122284	-0.2537621557712555	0.24016889929771423	0.24094942212104797	0.33559176325798035	-0.052641041576862335	0.6233048439025879	-0.16027414798736572	0.028906671330332756	-0.13130338490009308	0.19585160911083221	0.2757366895675659	0.21644963324069977	0.5305445194244385	0.6592062711715698	0.057624202221632004	0.39781123399734497	0.09914515912532806	0.04859946668148041	0.1593352109193802	-0.215631902217865	-0.07014470547437668	0.15184590220451355	-0.0349307656288147	0.14369694888591766	0.26293379068374634	0.2614380419254303	-0.02032986655831337	-0.17723006010055542	-0.2733322083950043	-0.04282708838582039	0.1793479472398758	0.2712141275405884	0.3153972923755646	-0.1764909327030182	0.18829184770584106	0.22186556458473206	0.2293233722448349
HIP-body-rh	0.25802987813949585	0.04606234282255173	1.0	0.5532916784286499	-0.4717431664466858	-0.3206424415111542	0.03968561068177223	0.16652697324752808	-0.1984853744506836	0.02705761231482029	0.21980679035186768	-0.07022936642169952	-0.1741017997264862	-0.1318560540676117	0.13509461283683777	0.1748897135257721	0.051240336149930954	0.06128327175974846	-0.13733649253845215	0.2068498283624649	-0.07754696160554886	0.3047472834587097	-0.05877329036593437	-0.07350588589906693	0.026471810415387154	0.4910992383956909	0.2636444866657257	0.6583735942840576	0.1916293501853943	-0.21314530074596405	-0.04515716806054115	0.012554340995848179	0.25040316581726074	0.2442489117383957	0.22540804743766785	-0.13817477226257324	-0.36202776432037354	0.24258625507354736	-0.06513410061597824	0.22517026960849762	-0.1306873857975006	0.38606905937194824	0.26427561044692993	0.06549759954214096	0.13774187862873077	-0.04366476833820343	0.02843310311436653	0.0912654921412468	-0.10222329944372177	-0.39313170313835144
HIP-tail-rh	0.563078761100769	0.335280179977417	0.5532916784286499	1.0	-0.39504504203796387	-0.26342928409576416	-0.2541346549987793	0.10541117936372757	-0.2421451061964035	-0.29989057779312134	0.3108046054840088	0.027074076235294342	-0.18928201496601105	-0.40844354033470154	0.24840041995048523	0.03899307921528816	-0.09081357717514038	-0.12553268671035767	0.27387356758117676	0.0742596685886383	0.3155013620853424	0.2609952688217163	0.18872080743312836	-0.21322092413902283	-0.18750356137752533	0.563045859336853	0.5682525634765625	0.5383521318435669	0.6378068327903748	-0.021029088646173477	-0.15399643778800964	0.04301826283335686	0.03677350655198097	0.4174536168575287	0.5825464725494385	-0.1761392056941986	-0.37519311904907227	0.18254631757736206	0.06934016942977905	0.30612704157829285	-0.43680351972579956	0.027568431571125984	-0.011700229719281197	-0.009509299881756306	0.24018694460391998	0.35812780261039734	0.092400461435318	0.25863850116729736	-0.10219386965036392	-0.273855060338974
THA-VPm-rh	-0.24434183537960052	0.09843942523002625	-0.4717431664466858	-0.39504504203796387	1.0	0.21577362716197968	0.07238142937421799	-0.3253953754901886	-0.08257831633090973	-0.1571805775165558	0.10924632102251053	0.13311900198459625	0.2634209990501404	0.1303405612707138	-0.02341623604297638	0.17234912514686584	0.06537840515375137	-0.2889389991760254	0.10999687761068344	-0.35219886898994446	-0.05379542335867882	-0.07993102818727493	0.13509461283683777	-0.01034244243055582	0.1875411570072174	-0.38845357298851013	-0.040888410061597824	-0.5749436616897583	0.0729396715760231	0.6151755452156067	-0.26093924045562744	0.09398063272237778	-0.06955025345087051	-0.34136059880256653	-0.3980688452720642	0.4264434576034546	0.3344164192676544	-0.11908239126205444	0.11343323439359665	-0.03192360699176788	0.33521732687950134	-0.14901597797870636	0.03398994356393814	0.08284663408994675	-0.15533748269081116	0.28498733043670654	0.22965668141841888	0.17369864881038666	-0.0827348530292511	0.44399940967559814
THA-VPl-rh	0.026915667578577995	0.18520116806030273	-0.3206424415111542	-0.26342928409576416	0.21577362716197968	1.0	0.1315453052520752	-0.04527886211872101	0.4042809307575226	0.09754489362239838	0.23545749485492706	0.5414092540740967	0.533281147480011	0.4910544157028198	0.08654755353927612	-0.006047873292118311	0.0687929168343544	-0.2382497638463974	0.22457411885261536	0.057618290185928345	-0.2971104085445404	-0.5123452544212341	-0.14200498163700104	0.2659572958946228	-0.3050541281700134	-0.16517721116542816	-0.1284961700439453	-0.42377233505249023	-0.09391184896230698	-0.18869170546531677	0.39291781187057495	0.044837117195129395	-0.22981229424476624	-0.072871632874012	0.10041806101799011	0.22612400352954865	0.6947740912437439	-0.15428872406482697	0.5199929475784302	-0.310226708650589	0.05370607227087021	-0.2473214566707611	0.10133227705955505	0.170089989900589	0.01531889010220766	-0.05353496968746185	-0.2575572431087494	-0.06947589665651321	-0.3526696562767029	0.6301698088645935
THA-VAi-rh	0.049911901354789734	0.08331434428691864	0.03968561068177223	-0.2541346549987793	0.07238142937421799	0.1315453052520752	1.0	-0.02861248329281807	0.25836893916130066	0.46689820289611816	0.26063281297683716	0.2934008538722992	0.4700263738632202	0.27225548028945923	0.10944993048906326	0.0004862254427280277	0.42798665165901184	0.49862560629844666	0.07092352956533432	0.2099578082561493	-0.15608817338943481	-0.1099281907081604	0.048349231481552124	0.5196044445037842	0.34938785433769226	0.09585338085889816	-0.03782423213124275	-0.04799610376358032	-0.15842528641223907	0.14357103407382965	0.30838966369628906	0.4593447744846344	0.4160354733467102	-0.05517817661166191	-0.049269143491983414	0.04878270626068115	0.3340197801589966	-0.007538423873484135	-0.00033883395371958613	-0.16508914530277252	-0.2127498984336853	0.26004162430763245	0.42603906989097595	0.4476924240589142	0.06333073228597641	0.3278472125530243	-0.32736942172050476	-0.11539220064878464	0.06313852220773697	0.16092872619628906
THA-VAs-rh	-0.15625572204589844	-0.46502622961997986	0.16652697324752808	0.10541117936372757	-0.3253953754901886	-0.04527886211872101	-0.02861248329281807	1.0	0.23385432362556458	0.005596507340669632	0.060779862105846405	-0.20163416862487793	-0.02701747789978981	-0.0075566996820271015	-0.06453311443328857	-0.0598764531314373	-0.2578219473361969	0.29678356647491455	-0.3901480734348297	0.32754066586494446	-0.03148007392883301	0.03421187400817871	-0.11555491387844086	-0.2296735793352127	-0.364937424659729	-0.006730264518409967	-0.2922128140926361	0.3636431097984314	-0.09697234630584717	-0.49427250027656555	0.13762979209423065	0.06474771350622177	0.1702173799276352	0.12516918778419495	0.4053565263748169	0.038128361105918884	-0.30786049365997314	-0.12499812990427017	-0.040627770125865936	0.0840226262807846	-0.2396145462989807	0.15388977527618408	0.03871558979153633	-0.22118060290813446	0.13322751224040985	-0.1273297667503357	-0.02385258488357067	-0.24699470400810242	-0.17138995230197906	-0.25464245676994324
THA-DAm-rh	-0.0988062396645546	-0.04910915717482567	-0.1984853744506836	-0.2421451061964035	-0.08257831633090973	0.4042809307575226	0.25836893916130066	0.23385432362556458	1.0	0.29005682468414307	-0.1520150899887085	0.16184881329536438	0.2158755362033844	0.34595197439193726	-0.012503869831562042	-0.22094473242759705	0.136702761054039	0.21617944538593292	-0.06139308959245682	0.2504996657371521	-0.06396391242742538	-0.4217360317707062	-0.000580466294195503	0.262882262468338	-0.1657518446445465	-0.07968799769878387	-0.12397421896457672	-0.28136634826660156	-0.4645289480686188	-0.20233997702598572	0.4741630256175995	0.11826849728822708	-0.13481833040714264	-0.23683379590511322	0.18256473541259766	-0.01689576916396618	0.24465641379356384	-0.47355329990386963	-0.044060494750738144	-0.45134854316711426	-0.06321828812360764	-0.21439909934997559	-0.09007911384105682	0.250769704580307	0.017700834199786186	-0.12741219997406006	-0.5304231643676758	-0.39446890354156494	-0.13645875453948975	0.2747102677822113
THA-DAl-rh	-0.005152401980012655	-0.2084307223558426	0.02705761231482029	-0.29989057779312134	-0.1571805775165558	0.09754489362239838	0.46689820289611816	0.005596507340669632	0.29005682468414307	1.0	0.23067720234394073	0.32041963934898376	0.27614375948905945	0.37962523102760315	0.06557798385620117	0.028345651924610138	0.23630434274673462	0.28376686573028564	-0.2891594469547272	-0.08907849341630936	0.014609256759285927	0.11270813643932343	0.11595001071691513	0.21865540742874146	0.006001774221658707	-0.12505726516246796	-0.15377838909626007	-0.12459678947925568	-0.24851560592651367	-0.21043485403060913	-0.08383747935295105	0.1389733999967575	0.36382052302360535	-0.0783214271068573	-0.09168057888746262	0.39693090319633484	0.35169562697410583	-0.19667288661003113	0.20644673705101013	-0.11058402806520462	0.1648673266172409	0.2926410734653473	0.3898880183696747	0.2060372233390808	-0.2523348927497864	-0.2223011553287506	-0.2732846736907959	0.16039416193962097	0.22952868044376373	-0.10215717554092407
PUT-VA-rh	0.4792097806930542	0.24494196474552155	0.21980679035186768	0.3108046054840088	0.10924632102251053	0.23545749485492706	0.26063281297683716	0.060779862105846405	-0.1520150899887085	0.23067720234394073	1.0	0.5175037980079651	0.45118632912635803	-0.03571462258696556	0.5571041703224182	0.4035571813583374	0.43066099286079407	0.09586331993341446	0.3229210078716278	-0.2578161358833313	0.04989009350538254	0.3561551570892334	0.32831573486328125	-0.02655387483537197	-0.051053427159786224	0.14519329369068146	0.38248875737190247	-0.07649428397417068	0.433718740940094	-0.07252463698387146	-0.1583378165960312	0.07032234221696854	0.19297243654727936	0.040037497878074646	0.25510451197624207	0.5236968398094177	0.28135618567466736	0.13506658375263214	0.3025742471218109	0.2985406219959259	-0.08712294697761536	0.26972946524620056	0.45010966062545776	0.24044182896614075	-0.1122417226433754	0.3398873209953308	-0.0217252429574728	0.40099629759788513	-0.09453041851520538	0.12356715649366379
PUT-DA-rh	0.3523939847946167	0.38368672132492065	-0.07022936642169952	0.027074076235294342	0.13311900198459625	0.5414092540740967	0.2934008538722992	-0.20163416862487793	0.16184881329536438	0.32041963934898376	0.5175037980079651	1.0	0.5861535668373108	0.562137246131897	0.37515220046043396	0.008889609947800636	0.35583680868148804	0.17424966394901276	0.25765419006347656	0.04492727667093277	-0.06950901448726654	-0.25078144669532776	-0.15642690658569336	0.3445086181163788	-0.055798377841711044	0.20434562861919403	0.3316816985607147	-0.10767566412687302	0.09926096349954605	0.03008074313402176	0.052174702286720276	0.4443216621875763	0.1835300177335739	0.07332772761583328	0.06880335509777069	0.4418139159679413	0.6458384394645691	-0.0014084160793572664	0.6782276034355164	0.022221634164452553	-0.009817243553698063	0.19029513001441956	0.4025966227054596	0.42802107334136963	0.21113704144954681	0.12701904773712158	-0.1896418333053589	0.06920396536588669	-0.08049719035625458	0.319667786359787
PUT-VP-rh	0.18720105290412903	0.15560273826122284	-0.1741017997264862	-0.18928201496601105	0.2634209990501404	0.533281147480011	0.4700263738632202	-0.02701747789978981	0.2158755362033844	0.27614375948905945	0.45118632912635803	0.5861535668373108	1.0	0.5345137119293213	0.4061102569103241	0.05288958549499512	0.24464309215545654	0.14384664595127106	0.19601625204086304	0.15824715793132782	-0.2412520796060562	-0.16622313857078552	-0.06559271365404129	0.3551188111305237	-0.05476757511496544	-0.11756906658411026	0.03868258744478226	-0.33347365260124207	0.04185041785240173	0.1463201344013214	0.058876801282167435	0.2894437611103058	0.15625101327896118	-0.1734134405851364	-0.1776788830757141	0.33297979831695557	0.6984343528747559	0.06099586933851242	0.37331289052963257	0.0652676522731781	-0.05034778267145157	0.16536147892475128	0.3090671896934509	0.4905131161212921	0.07214776426553726	0.1598159521818161	-0.024710729718208313	0.10324308276176453	-0.249675914645195	0.4564409554004669
PUT-DP-rh	-0.28111323714256287	-0.2537621557712555	-0.1318560540676117	-0.40844354033470154	0.1303405612707138	0.4910544157028198	0.27225548028945923	-0.0075566996820271015	0.34595197439193726	0.37962523102760315	-0.03571462258696556	0.562137246131897	0.5345137119293213	1.0	-0.026789773255586624	-0.3917021155357361	-0.0814003124833107	0.04918776452541351	-0.2343280017375946	0.3310392498970032	-0.19568820297718048	-0.4940985143184662	-0.5201098918914795	0.2898860573768616	-0.2696622312068939	-0.25632503628730774	-0.15480448305606842	-0.1652487963438034	-0.3189944326877594	0.08797168731689453	0.15500140190124512	0.3278108537197113	0.12471003830432892	-0.032678067684173584	-0.2589477002620697	0.2036362737417221	0.5972838997840881	-0.31699010729789734	0.4116079807281494	-0.2639583647251129	0.1556662768125534	0.1439816951751709	0.24293522536754608	0.46475645899772644	0.16896134614944458	-0.17175458371639252	-0.12352954596281052	-0.2823377847671509	-0.24189713597297668	0.3320753872394562
CAU-VA-rh	0.3817689120769501	0.24016889929771423	0.13509461283683777	0.24840041995048523	-0.02341623604297638	0.08654755353927612	0.10944993048906326	-0.06453311443328857	-0.012503869831562042	0.06557798385620117	0.5571041703224182	0.37515220046043396	0.4061102569103241	-0.026789773255586624	1.0	0.5215660333633423	0.5664878487586975	0.2533508837223053	0.3167552053928375	-0.044680822640657425	-0.10213358700275421	0.3549649119377136	0.18217577040195465	-0.03133520483970642	0.08935890346765518	0.013949280604720116	0.244511678814888	-0.15304191410541534	0.25884684920310974	0.03583134338259697	-0.20384080708026886	-0.0008441490354016423	0.17926958203315735	-0.10108178853988647	0.013805127702653408	0.17218364775180817	0.27194127440452576	0.12108611315488815	-0.015084289945662022	0.6354792714118958	0.0609840452671051	0.3672788739204407	0.2709730565547943	0.4064583480358124	-0.12996529042720795	0.07876991480588913	0.1987658590078354	0.29501259326934814	-0.22077012062072754	0.18424749374389648
CAU-DA-rh	0.2353522926568985	0.24094942212104797	0.1748897135257721	0.03899307921528816	0.17234912514686584	-0.006047873292118311	0.0004862254427280277	-0.0598764531314373	-0.22094473242759705	0.028345651924610138	0.4035571813583374	0.008889609947800636	0.05288958549499512	-0.3917021155357361	0.5215660333633423	1.0	0.4820729196071625	0.01475799735635519	0.16861417889595032	-0.4369478225708008	-0.18586330115795135	0.3979150652885437	0.34323546290397644	-0.1706663817167282	0.25018781423568726	0.08432231843471527	0.024094033986330032	-0.10446082800626755	0.21614018082618713	-0.1190459132194519	-0.31875160336494446	-0.13482478260993958	0.09038697183132172	-0.267121285200119	-0.02051142416894436	0.39145612716674805	0.07914282381534576	0.2706334888935089	-0.04024851322174072	0.5658817887306213	0.45620977878570557	0.37954917550086975	0.315928190946579	-0.1113169714808464	-0.3287399709224701	-0.15683262050151825	0.274415522813797	0.5173600912094116	-0.005459732376039028	0.005217595025897026
CAU-body-rh	0.2689796984195709	0.33559176325798035	0.051240336149930954	-0.09081357717514038	0.06537840515375137	0.0687929168343544	0.42798665165901184	-0.2578219473361969	0.136702761054039	0.23630434274673462	0.43066099286079407	0.35583680868148804	0.24464309215545654	-0.0814003124833107	0.5664878487586975	0.4820729196071625	1.0	0.5086711049079895	0.4832848012447357	-0.28403908014297485	-0.29642462730407715	0.09861224889755249	0.27847403287887573	0.17875215411186218	0.32688474655151367	0.07153072208166122	0.23466847836971283	-0.24712243676185608	-0.05498451739549637	0.08740817755460739	0.03733866661787033	0.06853372603654861	0.09360548108816147	-0.2774626314640045	-0.15411482751369476	0.21821415424346924	0.3749138414859772	0.1931098848581314	-0.12577134370803833	0.32297220826148987	0.1271379590034485	0.34504249691963196	0.4657791554927826	0.28399643301963806	-0.11949542164802551	0.030807040631771088	-0.2018769085407257	0.1597055196762085	0.13574326038360596	0.04451332986354828
CAU-tail-rh	0.1068221777677536	-0.052641041576862335	0.06128327175974846	-0.12553268671035767	-0.2889389991760254	-0.2382497638463974	0.49862560629844666	0.29678356647491455	0.21617944538593292	0.28376686573028564	0.09586331993341446	0.17424966394901276	0.14384664595127106	0.04918776452541351	0.2533508837223053	0.01475799735635519	0.5086711049079895	1.0	-0.018856143578886986	0.25302672386169434	-0.2349238246679306	0.025007300078868866	0.06759721040725708	0.1497686356306076	0.2692198157310486	0.22810323536396027	-0.06367696076631546	0.15111134946346283	-0.2788514196872711	-0.16755053400993347	0.2049759328365326	0.2482280433177948	0.2936667799949646	-0.11434092372655869	-0.04419334605336189	-0.040871553122997284	0.008852971717715263	0.15573228895664215	-0.12030556797981262	0.22086162865161896	-0.2590942978858948	0.31664907932281494	0.22867026925086975	0.1183612272143364	0.22023481130599976	-0.045483022928237915	-0.24335743486881256	-0.16037897765636444	0.2657100558280945	-0.3628695607185364
lAMY-rh	0.5038003921508789	0.6233048439025879	-0.13733649253845215	0.27387356758117676	0.10999687761068344	0.22457411885261536	0.07092352956533432	-0.3901480734348297	-0.06139308959245682	-0.2891594469547272	0.3229210078716278	0.25765419006347656	0.19601625204086304	-0.2343280017375946	0.3167552053928375	0.16861417889595032	0.4832848012447357	-0.018856143578886986	1.0	-0.20005731284618378	-0.10868582129478455	-0.1564430147409439	0.17422299087047577	0.21078534424304962	0.11537165939807892	0.144522562623024	0.5303240418434143	-0.1542539745569229	0.3420352041721344	0.25669625401496887	0.12639550864696503	-0.03255709260702133	-0.2056030035018921	-0.12499712407588959	0.05235268175601959	-0.06591669470071793	0.3357846438884735	0.3178560435771942	0.03089483268558979	0.0899839773774147	-0.1999043971300125	-0.18012087047100067	0.11834120005369186	0.18690218031406403	0.268646776676178	0.3998715579509735	-0.088595449924469	0.12610769271850586	0.041104547679424286	0.24572013318538666
mAMY-rh	0.02713117003440857	-0.16027414798736572	0.2068498283624649	0.0742596685886383	-0.35219886898994446	0.057618290185928345	0.2099578082561493	0.32754066586494446	0.2504996657371521	-0.08907849341630936	-0.2578161358833313	0.04492727667093277	0.15824715793132782	0.3310392498970032	-0.044680822640657425	-0.4369478225708008	-0.28403908014297485	0.25302672386169434	-0.20005731284618378	1.0	-0.17002694308757782	-0.2556651830673218	-0.5510392189025879	0.21676433086395264	-0.07548728585243225	0.21103191375732422	-0.18733547627925873	0.418364942073822	-0.18165679275989532	-0.046798255294561386	0.46559715270996094	0.3491032123565674	0.31905218958854675	0.2906036078929901	0.21226221323013306	-0.5207233428955078	-0.009244454093277454	0.05394117906689644	-0.005060573108494282	-0.10453580319881439	-0.5524300932884216	0.05862075090408325	-0.02148507907986641	0.32791441679000854	0.5435603260993958	0.1331881731748581	-0.11219415068626404	-0.45847979187965393	-0.3107641935348511	0.0735301673412323
THA-DP-rh	0.11444465070962906	0.028906671330332756	-0.07754696160554886	0.3155013620853424	-0.05379542335867882	-0.2971104085445404	-0.15608817338943481	-0.03148007392883301	-0.06396391242742538	0.014609256759285927	0.04989009350538254	-0.06950901448726654	-0.2412520796060562	-0.19568820297718048	-0.10213358700275421	-0.18586330115795135	-0.29642462730407715	-0.2349238246679306	-0.10868582129478455	-0.17002694308757782	1.0	0.2195250689983368	0.09551993757486343	-0.08342572301626205	-0.12521788477897644	0.07745756953954697	0.35997867584228516	0.13364194333553314	0.20829443633556366	0.1312643140554428	-0.22670438885688782	0.1396256685256958	0.002410474233329296	0.2709847092628479	0.3682936728000641	0.020360177382826805	-0.3056449592113495	-0.34696057438850403	0.01069169957190752	-0.1989627182483673	-0.09085329622030258	-0.10479271411895752	-0.19650019705295563	0.054178833961486816	-0.10557779669761658	0.3164842128753662	0.001766455709002912	-0.001327023608610034	0.22136801481246948	0.014851546846330166
NAc-shell-rh	0.09631427377462387	-0.13130338490009308	0.3047472834587097	0.2609952688217163	-0.07993102818727493	-0.5123452544212341	-0.1099281907081604	0.03421187400817871	-0.4217360317707062	0.11270813643932343	0.3561551570892334	-0.25078144669532776	-0.16622313857078552	-0.4940985143184662	0.3549649119377136	0.3979150652885437	0.09861224889755249	0.025007300078868866	-0.1564430147409439	-0.2556651830673218	0.2195250689983368	1.0	0.2829650938510895	-0.45917707681655884	0.1957990974187851	-0.03578111529350281	0.023839691653847694	0.12944386899471283	0.25732022523880005	-0.04017623886466026	-0.49702638387680054	-0.19067242741584778	0.3165042996406555	0.15200163424015045	-0.050098758190870285	0.19010548293590546	-0.37099823355674744	0.21763509511947632	-0.19082695245742798	0.40526413917541504	0.00611566286534071	0.2836560904979706	0.053816650062799454	-0.08149587363004684	-0.4060220420360565	0.006852495018392801	0.3910383880138397	0.4036533534526825	0.153913214802742	-0.22716547548770905
NAc-core-rh	0.2572099566459656	0.19585160911083221	-0.05877329036593437	0.18872080743312836	0.13509461283683777	-0.14200498163700104	0.048349231481552124	-0.11555491387844086	-0.000580466294195503	0.11595001071691513	0.32831573486328125	-0.15642690658569336	-0.06559271365404129	-0.5201098918914795	0.18217577040195465	0.34323546290397644	0.27847403287887573	0.06759721040725708	0.17422299087047577	-0.5510392189025879	0.09551993757486343	0.2829650938510895	1.0	-0.2279709279537201	0.05053422972559929	0.04070374369621277	0.0950629860162735	-0.33711692690849304	0.17529290914535522	-0.025869254022836685	-0.21029210090637207	-0.21591401100158691	-0.23973320424556732	-0.1973540484905243	0.06998869776725769	0.26892971992492676	-0.1122979000210762	0.004938232246786356	-0.22768287360668182	0.1832229495048523	0.050387728959321976	-0.11629705876111984	-0.17358140647411346	-0.27353397011756897	-0.5279380679130554	0.1660539209842682	-0.031570933759212494	0.5965457558631897	0.12673419713974	-0.2762313187122345
pGP-rh	0.12345703691244125	0.2757366895675659	-0.07350588589906693	-0.21322092413902283	-0.01034244243055582	0.2659572958946228	0.5196044445037842	-0.2296735793352127	0.262882262468338	0.21865540742874146	-0.02655387483537197	0.3445086181163788	0.3551188111305237	0.2898860573768616	-0.03133520483970642	-0.1706663817167282	0.17875215411186218	0.1497686356306076	0.21078534424304962	0.21676433086395264	-0.08342572301626205	-0.45917707681655884	-0.2279709279537201	1.0	0.407626748085022	0.14271439611911774	0.05473871901631355	-0.027178440243005753	-0.13870927691459656	0.029388427734375	0.4189714193344116	0.1907510906457901	0.12719222903251648	-0.020011216402053833	0.011278217658400536	-0.19668924808502197	0.29268670082092285	0.07640556991100311	0.06443419307470322	-0.24390530586242676	-0.02666138857603073	-0.0010989808943122625	0.14083118736743927	0.2328624129295349	0.27785351872444153	0.11700557172298431	-0.4683411717414856	-0.35115110874176025	0.025672156363725662	0.2421746701002121
aGP-rh	0.014709103852510452	0.21644963324069977	0.026471810415387154	-0.18750356137752533	0.1875411570072174	-0.3050541281700134	0.34938785433769226	-0.364937424659729	-0.1657518446445465	0.006001774221658707	-0.051053427159786224	-0.055798377841711044	-0.05476757511496544	-0.2696622312068939	0.08935890346765518	0.25018781423568726	0.32688474655151367	0.2692198157310486	0.11537165939807892	-0.07548728585243225	-0.12521788477897644	0.1957990974187851	0.05053422972559929	0.407626748085022	1.0	0.27470406889915466	0.026100723072886467	-0.013067870400846004	-0.21980154514312744	0.2582862675189972	0.0771169513463974	0.08354459702968597	0.3899769186973572	0.04557032510638237	-0.20073027908802032	-0.08770011365413666	-0.06863239407539368	0.45032161474227905	-0.12723883986473083	0.1906605362892151	0.16837234795093536	0.18412883579730988	0.16239118576049805	-0.0931624099612236	0.007778834085911512	0.1715507060289383	0.06605448573827744	-0.03350987657904625	0.3010276257991791	-0.10650216042995453
HIP-head-m-lh	0.5716190934181213	0.5305445194244385	0.4910992383956909	0.563045859336853	-0.38845357298851013	-0.16517721116542816	0.09585338085889816	-0.006730264518409967	-0.07968799769878387	-0.12505726516246796	0.14519329369068146	0.20434562861919403	-0.11756906658411026	-0.25632503628730774	0.013949280604720116	0.08432231843471527	0.07153072208166122	0.22810323536396027	0.144522562623024	0.21103191375732422	0.07745756953954697	-0.03578111529350281	0.04070374369621277	0.14271439611911774	0.27470406889915466	1.0	0.5431495308876038	0.6076892614364624	0.13182750344276428	-0.16336746513843536	0.14277283847332	0.31780359148979187	0.2088046818971634	0.35505011677742004	0.4068673551082611	-0.16580505669116974	-0.23645679652690887	0.3788610100746155	0.24127478897571564	0.08930102735757828	-0.347176194190979	0.1336444914340973	0.16471292078495026	-0.01925715059041977	0.3907071352005005	0.2576652765274048	-0.1063799113035202	0.09491733461618423	0.19944237172603607	-0.3043000400066376
HIP-head-l-l	0.6629989147186279	0.6592062711715698	0.2636444866657257	0.5682525634765625	-0.040888410061597824	-0.1284961700439453	-0.03782423213124275	-0.2922128140926361	-0.12397421896457672	-0.15377838909626007	0.38248875737190247	0.3316816985607147	0.03868258744478226	-0.15480448305606842	0.244511678814888	0.024094033986330032	0.23466847836971283	-0.06367696076631546	0.5303240418434143	-0.18733547627925873	0.35997867584228516	0.023839691653847694	0.0950629860162735	0.05473871901631355	0.026100723072886467	0.5431495308876038	1.0	0.2173435389995575	0.39664095640182495	0.2198852151632309	-0.21414992213249207	0.20457236468791962	-0.018852367997169495	0.0295353252440691	0.17787420749664307	0.08354441821575165	-0.03086378425359726	0.04980079084634781	0.15019555389881134	0.008807588368654251	-0.21310897171497345	-0.006413943599909544	0.15375983715057373	0.39718738198280334	0.2999763786792755	0.466831237077713	-0.030272969976067543	0.1449582576751709	0.22865483164787292	0.03568897396326065
HIP-body-l	0.19669611752033234	0.057624202221632004	0.6583735942840576	0.5383521318435669	-0.5749436616897583	-0.42377233505249023	-0.04799610376358032	0.3636431097984314	-0.28136634826660156	-0.12459678947925568	-0.07649428397417068	-0.10767566412687302	-0.33347365260124207	-0.1652487963438034	-0.15304191410541534	-0.10446082800626755	-0.24712243676185608	0.15111134946346283	-0.1542539745569229	0.418364942073822	0.13364194333553314	0.12944386899471283	-0.33711692690849304	-0.027178440243005753	-0.013067870400846004	0.6076892614364624	0.2173435389995575	1.0	0.18665553629398346	-0.24968712031841278	-0.0024661405477672815	0.28319862484931946	0.3485216200351715	0.47294437885284424	0.3726373314857483	-0.31623271107673645	-0.47187596559524536	0.27481183409690857	0.08349872380495071	0.11799979954957962	-0.36885276436805725	0.2480602115392685	0.1540040820837021	-0.10608575493097305	0.4832250773906708	0.057472094893455505	0.0734705775976181	-0.11369839310646057	0.16715635359287262	-0.46434569358825684
HIP-tail-lh	0.4604440927505493	0.39781123399734497	0.1916293501853943	0.6378068327903748	0.0729396715760231	-0.09391184896230698	-0.15842528641223907	-0.09697234630584717	-0.4645289480686188	-0.24851560592651367	0.433718740940094	0.09926096349954605	0.04185041785240173	-0.3189944326877594	0.25884684920310974	0.21614018082618713	-0.05498451739549637	-0.2788514196872711	0.3420352041721344	-0.18165679275989532	0.20829443633556366	0.25732022523880005	0.17529290914535522	-0.13870927691459656	-0.21980154514312744	0.13182750344276428	0.39664095640182495	0.18665553629398346	1.0	0.19206452369689941	-0.32965949177742004	-0.06309141963720322	-0.1064472571015358	0.08345653861761093	0.2725366950035095	0.04890602454543114	-0.11483576893806458	0.15967990458011627	0.16273917257785797	0.28715676069259644	-0.2786623239517212	-0.1432604044675827	-0.05918043479323387	0.061936553567647934	0.2110118567943573	0.3852507770061493	0.08218592405319214	0.33349326252937317	-0.05166911706328392	0.039661239832639694
THA-VPm-lh	-0.10438138246536255	0.09914515912532806	-0.21314530074596405	-0.021029088646173477	0.6151755452156067	-0.18869170546531677	0.14357103407382965	-0.49427250027656555	-0.20233997702598572	-0.21043485403060913	-0.07252463698387146	0.03008074313402176	0.1463201344013214	0.08797168731689453	0.03583134338259697	-0.1190459132194519	0.08740817755460739	-0.16755053400993347	0.25669625401496887	-0.046798255294561386	0.1312643140554428	-0.04017623886466026	-0.025869254022836685	0.029388427734375	0.2582862675189972	-0.16336746513843536	0.2198852151632309	-0.24968712031841278	0.19206452369689941	1.0	-0.2447551190853119	0.15860989689826965	0.06688310205936432	-0.06685508042573929	-0.362093985080719	-0.026161236688494682	0.20189020037651062	0.034920427948236465	-0.0866570845246315	0.07987025380134583	-0.01889227144420147	-0.040710773319005966	0.06420765817165375	0.3531317710876465	0.14967907965183258	0.45589762926101685	0.2242540568113327	0.05732129141688347	-0.0064453729428350925	0.16928131878376007
THA-VPl-lh	-0.03245312348008156	0.04859946668148041	-0.04515716806054115	-0.15399643778800964	-0.26093924045562744	0.39291781187057495	0.30838966369628906	0.13762979209423065	0.4741630256175995	-0.08383747935295105	-0.1583378165960312	0.052174702286720276	0.058876801282167435	0.15500140190124512	-0.20384080708026886	-0.31875160336494446	0.03733866661787033	0.2049759328365326	0.12639550864696503	0.46559715270996094	-0.22670438885688782	-0.49702638387680054	-0.21029210090637207	0.4189714193344116	0.0771169513463974	0.14277283847332	-0.21414992213249207	-0.0024661405477672815	-0.32965949177742004	-0.2447551190853119	1.0	0.04863030090928078	-0.19436682760715485	0.22004403173923492	0.34740057587623596	-0.4624113440513611	0.10799559950828552	0.07875232398509979	-0.0026316067669540644	-0.42518189549446106	-0.29258137941360474	-0.29496127367019653	-0.13889887928962708	0.012936137616634369	0.2577022910118103	0.024339377880096436	-0.5116578340530396	-0.5245368480682373	-0.20243537425994873	0.17663325369358063
THA-VAi-lh	0.13049674034118652	0.1593352109193802	0.012554340995848179	0.04301826283335686	0.09398063272237778	0.044837117195129395	0.4593447744846344	0.06474771350622177	0.11826849728822708	0.1389733999967575	0.07032234221696854	0.4443216621875763	0.2894437611103058	0.3278108537197113	-0.0008441490354016423	-0.13482478260993958	0.06853372603654861	0.2482280433177948	-0.03255709260702133	0.3491032123565674	0.1396256685256958	-0.19067242741584778	-0.21591401100158691	0.1907510906457901	0.08354459702968597	0.31780359148979187	0.20457236468791962	0.28319862484931946	-0.06309141963720322	0.15860989689826965	0.04863030090928078	1.0	0.5856803059577942	0.29874780774116516	0.1447543352842331	0.19711951911449432	0.26975977420806885	0.006199713330715895	0.32290151715278625	-0.0396786630153656	-0.20200802385807037	0.35785984992980957	0.37745487689971924	0.34891316294670105	0.2349364161491394	0.48037734627723694	0.11532904207706451	-0.022623037919402122	0.031025612726807594	0.14667963981628418
THA-VAs-lh	0.014761356636881828	-0.215631902217865	0.25040316581726074	0.03677350655198097	-0.06955025345087051	-0.22981229424476624	0.4160354733467102	0.1702173799276352	-0.13481833040714264	0.36382052302360535	0.19297243654727936	0.1835300177335739	0.15625101327896118	0.12471003830432892	0.17926958203315735	0.09038697183132172	0.09360548108816147	0.2936667799949646	-0.2056030035018921	0.31905218958854675	0.002410474233329296	0.3165042996406555	-0.23973320424556732	0.12719222903251648	0.3899769186973572	0.2088046818971634	-0.018852367997169495	0.3485216200351715	-0.1064472571015358	0.06688310205936432	-0.19436682760715485	0.5856803059577942	1.0	0.3306727111339569	0.045378029346466064	0.21485227346420288	0.09496620297431946	0.23157204687595367	0.1695127934217453	0.289554238319397	-0.1090102270245552	0.6443970203399658	0.5940036177635193	0.18543078005313873	0.10011892020702362	0.31478777527809143	0.28230708837509155	0.07074110209941864	0.07698056101799011	-0.09767206758260727
THA-DAm-lh	0.11173746734857559	-0.07014470547437668	0.2442489117383957	0.4174536168575287	-0.34136059880256653	-0.072871632874012	-0.05517817661166191	0.12516918778419495	-0.23683379590511322	-0.0783214271068573	0.040037497878074646	0.07332772761583328	-0.1734134405851364	-0.032678067684173584	-0.10108178853988647	-0.267121285200119	-0.2774626314640045	-0.11434092372655869	-0.12499712407588959	0.2906036078929901	0.2709847092628479	0.15200163424015045	-0.1973540484905243	-0.020011216402053833	0.04557032510638237	0.35505011677742004	0.0295353252440691	0.47294437885284424	0.08345653861761093	-0.06685508042573929	0.22004403173923492	0.29874780774116516	0.3306727111339569	1.0	0.4491501748561859	-0.164921373128891	-0.20653383433818817	0.3135625720024109	0.24957729876041412	0.0790235698223114	-0.2864924371242523	0.14578098058700562	-0.003169316565617919	-0.1827322095632553	0.04585055634379387	0.22869358956813812	0.19320234656333923	0.04243157058954239	-0.052117571234703064	-0.1885296255350113
THA-DAl-lh	0.3822478652000427	0.15184590220451355	0.22540804743766785	0.5825464725494385	-0.3980688452720642	0.10041806101799011	-0.049269143491983414	0.4053565263748169	0.18256473541259766	-0.09168057888746262	0.25510451197624207	0.06880335509777069	-0.1776788830757141	-0.2589477002620697	0.013805127702653408	-0.02051142416894436	-0.15411482751369476	-0.04419334605336189	0.05235268175601959	0.21226221323013306	0.3682936728000641	-0.050098758190870285	0.06998869776725769	0.011278217658400536	-0.20073027908802032	0.4068673551082611	0.17787420749664307	0.3726373314857483	0.2725366950035095	-0.362093985080719	0.34740057587623596	0.1447543352842331	0.045378029346466064	0.4491501748561859	1.0	-0.10545656830072403	-0.2568199336528778	-0.08374523371458054	0.1850385218858719	-0.046929921954870224	-0.34180429577827454	-0.11924918740987778	-0.04201933741569519	-0.18243111670017242	0.18362969160079956	0.2727287709712982	-0.21652667224407196	-0.0349409319460392	-0.08859987556934357	-0.08176763355731964
PUT-VA-lh	0.0789073184132576	-0.0349307656288147	-0.13817477226257324	-0.1761392056941986	0.4264434576034546	0.22612400352954865	0.04878270626068115	0.038128361105918884	-0.01689576916396618	0.39693090319633484	0.5236968398094177	0.4418139159679413	0.33297979831695557	0.2036362737417221	0.17218364775180817	0.39145612716674805	0.21821415424346924	-0.040871553122997284	-0.06591669470071793	-0.5207233428955078	0.020360177382826805	0.19010548293590546	0.26892971992492676	-0.19668924808502197	-0.08770011365413666	-0.16580505669116974	0.08354441821575165	-0.31623271107673645	0.04890602454543114	-0.026161236688494682	-0.4624113440513611	0.19711951911449432	0.21485227346420288	-0.164921373128891	-0.10545656830072403	1.0	0.38364604115486145	-0.11041054129600525	0.4589563310146332	0.1433049589395523	0.44578713178634644	0.3025282919406891	0.31149113178253174	-0.030241986736655235	-0.3328956663608551	-0.043425675481557846	0.16622567176818848	0.4451455771923065	0.1265340894460678	0.03440503031015396
PUT-DA-l	0.03146420046687126	0.14369694888591766	-0.36202776432037354	-0.37519311904907227	0.3344164192676544	0.6947740912437439	0.3340197801589966	-0.30786049365997314	0.24465641379356384	0.35169562697410583	0.28135618567466736	0.6458384394645691	0.6984343528747559	0.5972838997840881	0.27194127440452576	0.07914282381534576	0.3749138414859772	0.008852971717715263	0.3357846438884735	-0.009244454093277454	-0.3056449592113495	-0.37099823355674744	-0.1122979000210762	0.29268670082092285	-0.06863239407539368	-0.23645679652690887	-0.03086378425359726	-0.47187596559524536	-0.11483576893806458	0.20189020037651062	0.10799559950828552	0.26975977420806885	0.09496620297431946	-0.20653383433818817	-0.2568199336528778	0.38364604115486145	1.0	0.01696353405714035	0.4826270043849945	-0.02040797844529152	0.18118295073509216	0.09190017729997635	0.4209423363208771	0.42684000730514526	0.06341762095689774	0.048564132302999496	-0.11363387852907181	0.06330139189958572	-0.15412962436676025	0.49523159861564636
PUT-VP-lh	0.2588661313056946	0.26293379068374634	0.24258625507354736	0.18254631757736206	-0.11908239126205444	-0.15428872406482697	-0.007538423873484135	-0.12499812990427017	-0.47355329990386963	-0.19667288661003113	0.13506658375263214	-0.0014084160793572664	0.06099586933851242	-0.31699010729789734	0.12108611315488815	0.2706334888935089	0.1931098848581314	0.15573228895664215	0.3178560435771942	0.05394117906689644	-0.34696057438850403	0.21763509511947632	0.004938232246786356	0.07640556991100311	0.45032161474227905	0.3788610100746155	0.04980079084634781	0.27481183409690857	0.15967990458011627	0.034920427948236465	0.07875232398509979	0.006199713330715895	0.23157204687595367	0.3135625720024109	-0.08374523371458054	-0.11041054129600525	0.01696353405714035	1.0	0.13172616064548492	0.4156063199043274	-0.17396697402000427	0.13853035867214203	0.13694559037685394	-0.27668988704681396	0.24151498079299927	0.05240746587514877	0.2769778370857239	0.2690798044204712	0.20088067650794983	-0.31474965810775757
PUT-DP-lh	0.17858949303627014	0.2614380419254303	-0.06513410061597824	0.06934016942977905	0.11343323439359665	0.5199929475784302	-0.00033883395371958613	-0.040627770125865936	-0.044060494750738144	0.20644673705101013	0.3025742471218109	0.6782276034355164	0.37331289052963257	0.4116079807281494	-0.015084289945662022	-0.04024851322174072	-0.12577134370803833	-0.12030556797981262	0.03089483268558979	-0.005060573108494282	0.01069169957190752	-0.19082695245742798	-0.22768287360668182	0.06443419307470322	-0.12723883986473083	0.24127478897571564	0.15019555389881134	0.08349872380495071	0.16273917257785797	-0.0866570845246315	-0.0026316067669540644	0.32290151715278625	0.1695127934217453	0.24957729876041412	0.1850385218858719	0.4589563310146332	0.4826270043849945	0.13172616064548492	1.0	-0.11948572844266891	-0.01821107231080532	-0.08353830873966217	0.21208633482456207	-0.015600642189383507	0.29561126232147217	0.033691443502902985	0.007477868348360062	0.12584958970546722	0.10632407665252686	0.15388686954975128
