Node	HIP-head-m-rh	HIP-head-l-rh	HIP-body-rh	HIP-tail-rh	THA-VPm-rh	THA-VPl-rh	THA-VAi-rh	THA-VAs-rh	THA-DAm-rh	THA-DAl-rh	PUT-VA-rh	PUT-DA-rh	PUT-VP-rh	PUT-DP-rh	CAU-VA-rh	CAU-DA-rh	CAU-body-rh	CAU-tail-rh	lAMY-rh	mAMY-rh	THA-DP-rh	NAc-shell-rh	NAc-core-rh	pGP-rh	aGP-rh	HIP-head-m-lh	HIP-head-l-l	HIP-body-l	HIP-tail-lh	THA-VPm-lh	THA-VPl-lh	THA-VAi-lh	THA-VAs-lh	THA-DAm-lh	THA-DAl-lh	PUT-VA-lh	PUT-DA-l	PUT-VP-lh	PUT-DP-lh	CAU-VA-lh	CAU-DA-lh	CAU-body-lh	CAU-tail-lh	lAMY-lh	mAMY-lh	THA-DP-lh	NAc-shell-lh	NAc-core-lh	pGP-lh	aGP-lh
HIP-head-m-rh	1.0	0.13333553075790405	0.05126180127263069	0.034559912979602814	-0.08597488701343536	-0.03314662724733353	-0.1374160349369049	0.39889755845069885	0.02403373457491398	0.1262912154197693	0.11772582679986954	0.0314941368997097	0.08428628742694855	0.2435975819826126	0.15008364617824554	0.33996784687042236	0.2962746322154999	0.05941544473171234	0.6451932787895203	0.46078699827194214	-0.17586353421211243	-0.05789421498775482	-0.1997527927160263	0.16096578538417816	0.1006731167435646	0.18216276168823242	-0.11031488329172134	-0.053311701864004135	0.08408359438180923	0.215915247797966	0.4490842819213867	0.15695111453533173	0.20694760978221893	0.1986403614282608	-0.05186617001891136	-0.05190719664096832	0.16032037138938904	0.08449742197990417	-0.10764720290899277	0.18742989003658295	0.05915994197130203	0.1256827414035797	0.15048877894878387	-0.10331390053033829	0.1437131017446518	-0.1693168729543686	0.21210791170597076	-0.06037837266921997	0.2704165577888489	0.13564695417881012
HIP-head-l-rh	0.13333553075790405	1.0	0.6578872799873352	0.02475413680076599	-0.030562199652194977	0.17373605072498322	0.2783415615558624	0.1971447616815567	0.048510223627090454	0.12304721772670746	0.5629763007164001	0.45385777950286865	0.5711069107055664	0.3350222706794739	0.25514474511146545	0.3247581422328949	-0.09310512244701385	-0.05390479415655136	0.3114911913871765	0.11030377447605133	-0.018115056678652763	0.25551968812942505	0.4107351005077362	0.3304691016674042	0.3312227725982666	0.14580963551998138	0.24807202816009521	-0.23420710861682892	-0.2515563666820526	-0.0901813730597496	0.017092987895011902	-0.1718086153268814	0.18279433250427246	-0.3746350109577179	-0.23510727286338806	0.15429402887821198	-0.07962208241224289	-0.37332648038864136	-0.5395717620849609	0.07906509190797806	0.07751557230949402	0.004571536555886269	0.03808705508708954	0.09430735558271408	-0.19627441465854645	-0.3697833716869354	-0.3430666923522949	0.18905383348464966	-0.4289435148239136	-0.03310643509030342
HIP-body-rh	0.05126180127263069	0.6578872799873352	1.0	-0.08810488879680634	-0.00792247150093317	0.3344099223613739	0.34065645933151245	0.5954517126083374	0.12139385938644409	0.42128053307533264	0.6776642203330994	0.5696773529052734	0.5368874669075012	0.44002649188041687	0.3792438209056854	0.11156991124153137	-0.10509926825761795	-0.0005445763817988336	0.1359991729259491	-0.23929768800735474	-0.04308146983385086	-0.019041482359170914	0.5316832065582275	0.6198510527610779	0.6569467782974243	0.1830746829509735	-0.1383550763130188	-0.2151567041873932	-0.4696395695209503	0.06474485248327255	0.246759831905365	-0.11423461139202118	0.2615671753883362	-0.37473833560943604	-0.272705078125	-0.27386802434921265	-0.3892059922218323	-0.4586755335330963	-0.5782337784767151	0.11741267144680023	0.27466803789138794	-0.034623175859451294	-0.11969875544309616	-0.374862939119339	-0.5653911232948303	-0.6088252067565918	-0.27935075759887695	0.3913264274597168	-0.1924518495798111	0.1339399814605713
HIP-tail-rh	0.034559912979602814	0.02475413680076599	-0.08810488879680634	1.0	0.3682385981082916	0.45323801040649414	0.3119509518146515	0.044356368482112885	0.41769152879714966	0.23989269137382507	-0.1541232466697693	-0.1497684270143509	0.296914279460907	0.19983087480068207	-0.13809770345687866	0.5137938261032104	0.4976573884487152	0.5255294442176819	0.30785828828811646	0.01747053675353527	0.5835027098655701	0.09774992614984512	-0.3512657880783081	-0.031709086149930954	-0.2331152707338333	-0.028714429587125778	-0.01622280292212963	0.06818770617246628	-0.1435200423002243	0.14239713549613953	-0.13579010963439941	-0.08434561640024185	-0.2646200358867645	0.09319773316383362	0.06812170892953873	-0.12350533902645111	0.1112499088048935	0.3748578727245331	-0.17451003193855286	-0.09269203990697861	0.1360449641942978	0.30455759167671204	0.043953318148851395	0.07539727538824081	0.10687275230884552	0.33159416913986206	0.26057544350624084	-0.008009209297597408	-0.0009836523095145822	-0.335062712430954
THA-VPm-rh	-0.08597488701343536	-0.030562199652194977	-0.00792247150093317	0.3682385981082916	1.0	0.5850015878677368	-0.0329681895673275	0.05065210536122322	0.4027673304080963	0.3886650502681732	-0.13448235392570496	0.02874601073563099	0.3453769385814667	0.406605988740921	0.21057061851024628	0.4201048016548157	0.5653151273727417	0.7240324020385742	0.2879761755466461	-0.15141655504703522	0.5719376802444458	-0.34162232279777527	-0.25014528632164	0.03563934937119484	-0.10754701495170593	0.04226154834032059	0.004935247823596001	0.14762194454669952	-0.5360907912254333	0.469493567943573	0.12547048926353455	-0.15839210152626038	0.02328820526599884	0.09855036437511444	-0.17054030299186707	0.14654627442359924	0.3993656635284424	0.4162905216217041	0.15164704620838165	0.3086104989051819	0.5810140371322632	0.5726038217544556	0.4489751160144806	-0.04899188131093979	-0.07547568529844284	0.25982099771499634	-0.07924852520227432	-0.0472533144056797	-0.03319987654685974	-0.12461135536432266
THA-VPl-rh	-0.03314662724733353	0.17373605072498322	0.3344099223613739	0.45323801040649414	0.5850015878677368	1.0	0.286084920167923	0.15854431688785553	0.7370584607124329	0.6643271446228027	0.013689983636140823	0.16489094495773315	0.47309595346450806	0.45732825994491577	0.08978715538978577	0.5397600531578064	0.5316236019134521	0.6712022423744202	0.20744535326957703	-0.4032074511051178	0.6722841262817383	-0.2836867570877075	-0.16154171526432037	0.2163916528224945	0.05523472651839256	0.34319251775741577	-0.1191968098282814	0.20706871151924133	-0.7406885027885437	0.21456708014011383	0.27902963757514954	-0.07130177319049835	-0.05527405068278313	-0.00039137498242780566	-0.116829052567482	-0.088847316801548	0.20537345111370087	0.21850204467773438	-0.19090762734413147	0.25765544176101685	0.5972720980644226	0.48651397228240967	0.04553893581032753	0.07536109536886215	-0.09058263897895813	0.07462379336357117	-0.1452534794807434	0.24887590110301971	-0.12826426327228546	-0.24171939492225647
THA-VAi-rh	-0.1374160349369049	0.2783415615558624	0.34065645933151245	0.3119509518146515	-0.0329681895673275	0.286084920167923	1.0	0.27677637338638306	0.4415539503097534	0.46311500668525696	0.32183635234832764	0.27683672308921814	0.4753553867340088	0.40710222721099854	0.29340606927871704	0.39384111762046814	0.2537989020347595	0.11870639026165009	0.06910794973373413	-0.08721505105495453	0.3531038165092468	0.3167216181755066	0.2518109083175659	0.42778491973876953	0.42236942052841187	-0.2013298124074936	-0.11529403924942017	-0.11378658562898636	-0.1019836887717247	-0.08831348270177841	-0.01911884918808937	0.41725215315818787	0.05261847376823425	0.0704147145152092	0.12394270300865173	-0.08865436911582947	0.08284822851419449	-0.12085067480802536	-0.315292090177536	-0.03427189216017723	0.21322625875473022	0.262873113155365	-0.18730463087558746	-0.09778774529695511	-0.05904080346226692	0.21492046117782593	-0.03072194755077362	0.3477880358695984	-0.09560468047857285	-0.05293424800038338
THA-VAs-rh	0.39889755845069885	0.1971447616815567	0.5954517126083374	0.044356368482112885	0.05065210536122322	0.15854431688785553	0.27677637338638306	1.0	0.2074500173330307	0.5919197797775269	0.5864150524139404	0.5294604301452637	0.4400147795677185	0.6072292923927307	0.5042880177497864	0.1585085242986679	0.22697056829929352	0.13059838116168976	0.19651982188224792	0.01244319323450327	-0.13630099594593048	-0.029737727716565132	0.29969266057014465	0.5702694654464722	0.6256304383277893	0.03592374175786972	-0.5224148631095886	-0.24544155597686768	-0.21460504829883575	0.3188137412071228	0.5073541402816772	0.3036167025566101	0.4629422724246979	0.04372362047433853	-0.0531468465924263	-0.3375902473926544	-0.14142931997776031	-0.17610067129135132	-0.3010333478450775	0.3020641505718231	0.24142177402973175	0.12309301644563675	0.1400957703590393	-0.6108282804489136	-0.5737601518630981	-0.34307166934013367	0.03384830430150032	0.1208161786198616	0.30408045649528503	0.24001355469226837
THA-DAm-rh	0.02403373457491398	0.048510223627090454	0.12139385938644409	0.41769152879714966	0.4027673304080963	0.7370584607124329	0.4415539503097534	0.2074500173330307	1.0	0.6785901784896851	0.06610202044248581	0.15928946435451508	0.36688458919525146	0.45519042015075684	0.09295529127120972	0.5245000123977661	0.580089807510376	0.6841124892234802	0.11156930029392242	-0.16547223925590515	0.6429339647293091	-0.1659548133611679	-0.05849597230553627	0.15017466247081757	-0.02866869606077671	0.2616867125034332	-0.1547439992427826	0.46844378113746643	-0.45280033349990845	0.3565509021282196	0.45645850896835327	0.4073464572429657	0.324849396944046	0.45156046748161316	0.336804062128067	-0.03976670652627945	0.48075228929519653	0.39137324690818787	0.07747729122638702	0.26255422830581665	0.6165635585784912	0.6901810765266418	0.017650732770562172	0.03873395174741745	-0.02517000027000904	0.4157131612300873	0.017266782000660896	0.3771795630455017	0.059489693492650986	-0.20277653634548187
THA-DAl-rh	0.1262912154197693	0.12304721772670746	0.42128053307533264	0.23989269137382507	0.3886650502681732	0.6643271446228027	0.46311500668525696	0.5919197797775269	0.6785901784896851	1.0	0.26023414731025696	0.38812294602394104	0.5655085444450378	0.6628091335296631	0.37471848726272583	0.43704402446746826	0.5856260657310486	0.5384278297424316	0.2348928600549698	-0.1786816120147705	0.3821023404598236	-0.1109008863568306	0.09940776228904724	0.39969074726104736	0.3475175201892853	0.3016325831413269	-0.3994370996952057	-0.01773684099316597	-0.5523399114608765	0.20662826299667358	0.4541010558605194	0.2876492738723755	0.21213732659816742	0.05828883498907089	0.05247772857546806	-0.12309346348047256	0.25435012578964233	0.045673590153455734	-0.12847359478473663	0.31715238094329834	0.5406045317649841	0.4364268481731415	0.20957565307617188	-0.16951020061969757	-0.27702146768569946	0.06850294768810272	0.004835973959416151	0.34332039952278137	0.13394714891910553	-0.16180312633514404
PUT-VA-rh	0.11772582679986954	0.5629763007164001	0.6776642203330994	-0.1541232466697693	-0.13448235392570496	0.013689983636140823	0.32183635234832764	0.5864150524139404	0.06610202044248581	0.26023414731025696	1.0	0.9097878336906433	0.6426711678504944	0.6357926726341248	0.677603542804718	0.14567571878433228	-0.15193964540958405	0.056081946939229965	0.05775080993771553	0.12818805873394012	-0.3232123851776123	0.1327155977487564	0.8253257274627686	0.7133176326751709	0.7473923563957214	-0.07040473818778992	-0.08331620693206787	-0.15653936564922333	-0.12128540873527527	-0.01368881855159998	0.244487464427948	0.25201326608657837	0.5245807766914368	-0.13096489012241364	-0.06881920248270035	0.016804948449134827	-0.1455325484275818	-0.45465153455734253	-0.44160252809524536	0.19020655751228333	0.1685701459646225	0.06693340092897415	-0.13564440608024597	-0.5131613612174988	-0.5953413248062134	-0.49123522639274597	-0.4155678153038025	0.09780342131853104	-0.3684557378292084	0.42340731620788574
PUT-DA-rh	0.0314941368997097	0.45385777950286865	0.5696773529052734	-0.1497684270143509	0.02874601073563099	0.16489094495773315	0.27683672308921814	0.5294604301452637	0.15928946435451508	0.38812294602394104	0.9097878336906433	1.0	0.7052902579307556	0.787274181842804	0.7415294647216797	0.1649942249059677	-0.01280172262340784	0.20516438782215118	-0.007317791692912579	0.0013604629784822464	-0.2557109296321869	0.015731235966086388	0.8104298710823059	0.6633033752441406	0.693432092666626	-0.017223645001649857	-0.09320689737796783	-0.0842549204826355	-0.1799432635307312	0.024026423692703247	0.278795450925827	0.29781654477119446	0.48691487312316895	-0.12367381155490875	-0.07063506543636322	0.1259080469608307	0.031855322420597076	-0.34141016006469727	-0.29779836535453796	0.260294646024704	0.2596511244773865	0.18573801219463348	-0.0069802324287593365	-0.45871424674987793	-0.6028863787651062	-0.3652550280094147	-0.49502405524253845	-0.0051989080384373665	-0.4014829695224762	0.45125865936279297
PUT-VP-rh	0.08428628742694855	0.5711069107055664	0.5368874669075012	0.296914279460907	0.3453769385814667	0.47309595346450806	0.4753553867340088	0.4400147795677185	0.36688458919525146	0.5655085444450378	0.6426711678504944	0.7052902579307556	1.0	0.8204602599143982	0.548473060131073	0.5641370415687561	0.326039582490921	0.49716535210609436	0.36005181074142456	0.11374389380216599	0.25364819169044495	0.01571064442396164	0.431511789560318	0.6795669794082642	0.48335161805152893	0.04372164234519005	0.029371416196227074	-0.2070888876914978	-0.4470323622226715	0.117481529712677	0.16897378861904144	0.029923856258392334	0.22557076811790466	-0.1318546086549759	-0.1743049919605255	0.07996545732021332	0.16854523122310638	-0.19740018248558044	-0.3359564542770386	0.23339806497097015	0.4677390456199646	0.3544937074184418	0.12143845856189728	-0.20935602486133575	-0.34467944502830505	-0.14062851667404175	-0.3601841628551483	0.09731410443782806	-0.45728302001953125	0.09175500273704529
PUT-DP-rh	0.2435975819826126	0.3350222706794739	0.44002649188041687	0.19983087480068207	0.406605988740921	0.45732825994491577	0.40710222721099854	0.6072292923927307	0.45519042015075684	0.6628091335296631	0.6357926726341248	0.787274181842804	0.8204602599143982	1.0	0.7214053273200989	0.5130020380020142	0.4881007671356201	0.5446263551712036	0.3369934856891632	0.07594472914934158	0.14321450889110565	-0.07667435705661774	0.43343985080718994	0.60593581199646	0.524709939956665	-0.013468599878251553	-0.21082447469234467	-0.04222709685564041	-0.3729388117790222	0.2365795373916626	0.3797186017036438	0.33197489380836487	0.3526092767715454	0.05230158567428589	-0.05309959128499031	0.10856621712446213	0.3406783640384674	0.023001929745078087	-0.20811323821544647	0.3665843904018402	0.504305362701416	0.5000268220901489	0.25621476769447327	-0.4063432216644287	-0.38725417852401733	-0.06756450980901718	-0.2576758861541748	0.06666741520166397	-0.16478785872459412	0.26573851704597473
CAU-VA-rh	0.15008364617824554	0.25514474511146545	0.3792438209056854	-0.13809770345687866	0.21057061851024628	0.08978715538978577	0.29340606927871704	0.5042880177497864	0.09295529127120972	0.37471848726272583	0.677603542804718	0.7415294647216797	0.548473060131073	0.7214053273200989	1.0	0.3644164204597473	0.25520434975624084	0.19733308255672455	0.2743007242679596	0.19927257299423218	-0.13867507874965668	-0.0179675854742527	0.5553175210952759	0.5535658001899719	0.7194546461105347	-0.16968272626399994	-0.12957663834095	-0.13520143926143646	-0.11726567894220352	0.06510380655527115	0.2363021969795227	0.33571720123291016	0.4104553759098053	-0.028451576828956604	-0.19335736334323883	0.14116808772087097	0.17847661674022675	-0.24859891831874847	-0.17415101826190948	0.5145702958106995	0.33048194646835327	0.2291172295808792	0.3014173209667206	-0.4012896716594696	-0.40632444620132446	-0.18633566796779633	-0.3258097767829895	-0.06625199317932129	-0.2680932581424713	0.4318893849849701
CAU-DA-rh	0.33996784687042236	0.3247581422328949	0.11156991124153137	0.5137938261032104	0.4201048016548157	0.5397600531578064	0.39384111762046814	0.1585085242986679	0.5245000123977661	0.43704402446746826	0.14567571878433228	0.1649942249059677	0.5641370415687561	0.5130020380020142	0.3644164204597473	1.0	0.6244134306907654	0.6165108680725098	0.7026801109313965	0.22458624839782715	0.5701574087142944	-0.05709388107061386	-0.12124114483594894	0.28000393509864807	0.11493728309869766	-0.004207163583487272	0.15561185777187347	0.18003909289836884	-0.4090994894504547	0.13073992729187012	0.17968232929706573	0.04882025718688965	0.0588456392288208	0.15155301988124847	-0.07897847890853882	0.05658379942178726	0.41309067606925964	0.190485417842865	-0.23537296056747437	0.32155758142471313	0.472316712141037	0.4791509807109833	0.10221590846776962	0.09275298565626144	0.04674740880727768	0.1903083175420761	-0.015381928533315659	0.15945443511009216	-0.28468644618988037	-0.04470895230770111
CAU-body-rh	0.2962746322154999	-0.09310512244701385	-0.10509926825761795	0.4976573884487152	0.5653151273727417	0.5316236019134521	0.2537989020347595	0.22697056829929352	0.580089807510376	0.5856260657310486	-0.15193964540958405	-0.01280172262340784	0.326039582490921	0.4881007671356201	0.25520434975624084	0.6244134306907654	1.0	0.6330592036247253	0.3939155638217926	0.1261797994375229	0.4852736294269562	-0.08684869855642319	-0.3081022799015045	-0.04595654457807541	-0.09059011936187744	0.07329116761684418	-0.32579249143600464	0.05111657828092575	-0.3158895671367645	0.2600523829460144	0.17852237820625305	0.1839149296283722	0.04358695074915886	0.11179430782794952	0.020626092329621315	0.023848138749599457	0.44085171818733215	0.39621126651763916	0.06112399697303772	0.26328369975090027	0.38051655888557434	0.5290116667747498	0.4747678339481354	-0.06058758869767189	0.1753867119550705	0.39599695801734924	0.0705261304974556	0.07009588181972504	0.22451648116111755	-0.28637760877609253
CAU-tail-rh	0.05941544473171234	-0.05390479415655136	-0.0005445763817988336	0.5255294442176819	0.7240324020385742	0.6712022423744202	0.11870639026165009	0.13059838116168976	0.6841124892234802	0.5384278297424316	0.056081946939229965	0.20516438782215118	0.49716535210609436	0.5446263551712036	0.19733308255672455	0.6165108680725098	0.6330592036247253	1.0	0.3064594566822052	-0.03536171093583107	0.6037510633468628	-0.30196160078048706	-0.09727028757333755	0.14618174731731415	-0.1551784873008728	0.10010048002004623	0.016324039548635483	0.40411362051963806	-0.5025517344474792	0.3652034103870392	0.19758790731430054	0.053418051451444626	0.19283239543437958	0.3013920485973358	0.15324606001377106	0.06678592413663864	0.4490102231502533	0.46466490626335144	0.15539811551570892	0.22031539678573608	0.6056445837020874	0.6326239109039307	0.16303656995296478	-0.13927002251148224	-0.150462344288826	0.26346421241760254	-0.011793497018516064	0.10527187585830688	-0.1685102880001068	-0.18876202404499054
lAMY-rh	0.6451932787895203	0.3114911913871765	0.1359991729259491	0.30785828828811646	0.2879761755466461	0.20744535326957703	0.06910794973373413	0.19651982188224792	0.11156930029392242	0.2348928600549698	0.05775080993771553	-0.007317791692912579	0.36005181074142456	0.3369934856891632	0.2743007242679596	0.7026801109313965	0.3939155638217926	0.3064594566822052	1.0	0.4048961400985718	0.2893335223197937	-0.16850565373897552	-0.26123711466789246	0.22583812475204468	0.09169184416532516	0.13575303554534912	0.27823707461357117	0.0016672242200002074	-0.25012895464897156	0.14702118933200836	0.22282350063323975	-0.10436887294054031	-0.0331014059484005	0.01988682709634304	-0.22130267322063446	-0.009743559174239635	0.25147655606269836	0.15034690499305725	-0.24114491045475006	0.19734039902687073	0.2501178979873657	0.2853761911392212	0.2940446436405182	0.09345587342977524	0.08305037766695023	-0.026955043897032738	0.16577346622943878	0.003921740688383579	-0.13186407089233398	0.03275254741311073
mAMY-rh	0.46078699827194214	0.11030377447605133	-0.23929768800735474	0.01747053675353527	-0.15141655504703522	-0.4032074511051178	-0.08721505105495453	0.01244319323450327	-0.16547223925590515	-0.1786816120147705	0.12818805873394012	0.0013604629784822464	0.11374389380216599	0.07594472914934158	0.19927257299423218	0.22458624839782715	0.1261797994375229	-0.03536171093583107	0.4048961400985718	1.0	-0.22954268753528595	0.37703919410705566	0.09779760986566544	0.021377362310886383	-0.07199716567993164	-0.1234002336859703	-0.031087685376405716	-0.1439194530248642	0.2804834246635437	-0.17092882096767426	-0.033803362399339676	0.11431984603404999	0.07339795678853989	0.16655023396015167	0.08826799690723419	0.3223881125450134	0.27842068672180176	-0.07003676891326904	0.12074438482522964	0.2284500002861023	-0.11992372572422028	-0.18653357028961182	0.19237138330936432	0.08368229866027832	0.4079281687736511	-0.02398313768208027	0.2162284404039383	-0.025471439585089684	-0.013885724358260632	-0.09482698142528534
THA-DP-rh	-0.17586353421211243	-0.018115056678652763	-0.04308146983385086	0.5835027098655701	0.5719376802444458	0.6722841262817383	0.3531038165092468	-0.13630099594593048	0.6429339647293091	0.3821023404598236	-0.3232123851776123	-0.2557109296321869	0.25364819169044495	0.14321450889110565	-0.13867507874965668	0.5701574087142944	0.4852736294269562	0.6037510633468628	0.2893335223197937	-0.22954268753528595	1.0	-0.2393212467432022	-0.39747703075408936	0.03157429397106171	-0.19677820801734924	0.055092114955186844	0.16093339025974274	0.32188287377357483	-0.4810320734977722	0.1887277513742447	-0.005056616384536028	-0.13029827177524567	-0.20794677734375	0.2490987479686737	0.07090800255537033	-0.0787891075015068	0.3207005262374878	0.3924713730812073	0.024267995730042458	0.059134695678949356	0.47668275237083435	0.5059265494346619	-0.0005654491833411157	0.24248909950256348	0.11087875068187714	0.5237888097763062	0.10490076243877411	0.22902102768421173	-0.11256333440542221	-0.31484830379486084
NAc-shell-rh	-0.05789421498775482	0.25551968812942505	-0.019041482359170914	0.09774992614984512	-0.34162232279777527	-0.2836867570877075	0.3167216181755066	-0.029737727716565132	-0.1659548133611679	-0.1109008863568306	0.1327155977487564	0.015731235966086388	0.01571064442396164	-0.07667435705661774	-0.0179675854742527	-0.05709388107061386	-0.08684869855642319	-0.30196160078048706	-0.16850565373897552	0.37703919410705566	-0.2393212467432022	1.0	0.28969869017601013	-0.07026642560958862	0.04967846721410751	-0.29364627599716187	-0.17514917254447937	-0.4765627980232239	0.32527807354927063	-0.46377816796302795	-0.44929221272468567	0.09416750818490982	-0.15130692720413208	-0.1744837611913681	0.03578069433569908	0.44051671028137207	0.009418141096830368	-0.3510204553604126	-0.05174063518643379	-0.006373355630785227	-0.33818504214286804	-0.3676386773586273	-0.02999824285507202	0.15225008130073547	0.3546575605869293	-0.02590394765138626	0.34624984860420227	0.23247727751731873	0.09760043025016785	-0.32452595233917236
NAc-core-rh	-0.1997527927160263	0.4107351005077362	0.5316832065582275	-0.3512657880783081	-0.25014528632164	-0.16154171526432037	0.2518109083175659	0.29969266057014465	-0.05849597230553627	0.09940776228904724	0.8253257274627686	0.8104298710823059	0.431511789560318	0.43343985080718994	0.5553175210952759	-0.12124114483594894	-0.3081022799015045	-0.09727028757333755	-0.26123711466789246	0.09779760986566544	-0.39747703075408936	0.28969869017601013	1.0	0.5241451859474182	0.6147356033325195	-0.13158321380615234	-0.05463353544473648	-0.1047077402472496	-0.0004495134053286165	-0.16000433266162872	0.031173504889011383	0.22675420343875885	0.4183664619922638	-0.16292735934257507	0.01574029214680195	0.19777986407279968	-0.12779192626476288	-0.5350856781005859	-0.20370475947856903	0.10392791777849197	0.0470212884247303	-0.1434623897075653	-0.1972777247428894	-0.4114932715892792	-0.4789350628852844	-0.4011375606060028	-0.319420725107193	0.18918128311634064	-0.37111803889274597	0.3714587390422821
pGP-rh	0.16096578538417816	0.3304691016674042	0.6198510527610779	-0.031709086149930954	0.03563934937119484	0.2163916528224945	0.42778491973876953	0.5702694654464722	0.15017466247081757	0.39969074726104736	0.7133176326751709	0.6633033752441406	0.6795669794082642	0.60593581199646	0.5535658001899719	0.28000393509864807	-0.04595654457807541	0.14618174731731415	0.22583812475204468	0.021377362310886383	0.03157429397106171	-0.07026642560958862	0.5241451859474182	1.0	0.8238933086395264	-0.1927410215139389	-0.13640196621418	-0.18944567441940308	-0.28800076246261597	0.13565164804458618	0.2972520887851715	0.0882422924041748	0.2537321150302887	-0.06409543007612228	-0.35547059774398804	-0.1907222718000412	-0.15012794733047485	-0.5212157964706421	-0.48943719267845154	0.08513171970844269	0.40401211380958557	0.11465022712945938	-0.2453581541776657	-0.4754544198513031	-0.44199371337890625	-0.3716709017753601	-0.20393650233745575	0.16980652511119843	-0.3076532483100891	0.48410195112228394
aGP-rh	0.1006731167435646	0.3312227725982666	0.6569467782974243	-0.2331152707338333	-0.10754701495170593	0.05523472651839256	0.42236942052841187	0.6256304383277893	-0.02866869606077671	0.3475175201892853	0.7473923563957214	0.693432092666626	0.48335161805152893	0.524709939956665	0.7194546461105347	0.11493728309869766	-0.09059011936187744	-0.1551784873008728	0.09169184416532516	-0.07199716567993164	-0.19677820801734924	0.04967846721410751	0.6147356033325195	0.8238933086395264	1.0	-0.22507596015930176	-0.2689116895198822	-0.362758994102478	-0.15833446383476257	0.002438530558720231	0.25793296098709106	0.17602156102657318	0.23946939408779144	-0.22201313078403473	-0.3960883915424347	-0.19655929505825043	-0.27565324306488037	-0.6099346280097961	-0.5346381664276123	0.2241731733083725	0.25742560625076294	-0.010709131136536598	-0.10377351939678192	-0.5129978656768799	-0.4886614680290222	-0.43149638175964355	-0.2410901039838791	0.108108289539814	-0.1918238252401352	0.5811250805854797
HIP-head-m-lh	0.18216276168823242	0.14580963551998138	0.1830746829509735	-0.028714429587125778	0.04226154834032059	0.34319251775741577	-0.2013298124074936	0.03592374175786972	0.2616867125034332	0.3016325831413269	-0.07040473818778992	-0.017223645001649857	0.04372164234519005	-0.013468599878251553	-0.16968272626399994	-0.004207163583487272	0.07329116761684418	0.10010048002004623	0.13575303554534912	-0.1234002336859703	0.055092114955186844	-0.29364627599716187	-0.13158321380615234	-0.1927410215139389	-0.22507596015930176	1.0	0.09636044502258301	0.18058346211910248	-0.3260231614112854	0.165331169962883	0.43759334087371826	0.006763358600437641	0.09456994384527206	0.010603559203445911	0.1836308091878891	-0.07256116718053818	0.09310335665941238	0.21672704815864563	0.12129400670528412	0.20211054384708405	0.14696639776229858	0.11160026490688324	0.11402305960655212	0.4147990345954895	-0.04792534559965134	-0.07146228849887848	-0.09021918475627899	0.05638090521097183	0.07182895392179489	-0.27123868465423584
HIP-head-l-l	-0.11031488329172134	0.24807202816009521	-0.1383550763130188	-0.01622280292212963	0.004935247823596001	-0.1191968098282814	-0.11529403924942017	-0.5224148631095886	-0.1547439992427826	-0.3994370996952057	-0.08331620693206787	-0.09320689737796783	0.029371416196227074	-0.21082447469234467	-0.12957663834095	0.15561185777187347	-0.32579249143600464	0.016324039548635483	0.27823707461357117	-0.031087685376405716	0.16093339025974274	-0.17514917254447937	-0.05463353544473648	-0.13640196621418	-0.2689116895198822	0.09636044502258301	1.0	0.31356772780418396	0.10656516999006271	-0.048790205270051956	-0.2422049194574356	-0.18044164776802063	0.026428785175085068	0.07500213384628296	0.06898585706949234	0.27400460839271545	0.17918220162391663	0.08577495813369751	0.12940703332424164	-0.19962874054908752	-0.08259313553571701	0.1645786315202713	-0.09592422842979431	0.39511197805404663	-0.010143878869712353	0.18771520256996155	-0.1878979206085205	-0.21825984120368958	-0.5935226678848267	0.09361957758665085
HIP-body-l	-0.053311701864004135	-0.23420710861682892	-0.2151567041873932	0.06818770617246628	0.14762194454669952	0.20706871151924133	-0.11378658562898636	-0.24544155597686768	0.46844378113746643	-0.01773684099316597	-0.15653936564922333	-0.0842549204826355	-0.2070888876914978	-0.04222709685564041	-0.13520143926143646	0.18003909289836884	0.05111657828092575	0.40411362051963806	0.0016672242200002074	-0.1439194530248642	0.32188287377357483	-0.4765627980232239	-0.1047077402472496	-0.18944567441940308	-0.362758994102478	0.18058346211910248	0.31356772780418396	1.0	-0.07178395241498947	0.2290213257074356	0.27956879138946533	0.30065834522247314	0.31940367817878723	0.5852766633033752	0.5544236302375793	0.011593321338295937	0.38654008507728577	0.5432078838348389	0.35153114795684814	-0.008847169578075409	0.21720543503761292	0.37448740005493164	-0.2333698868751526	0.05562302842736244	-0.07653968781232834	0.321809858083725	-0.035408779978752136	0.12987883388996124	-0.0778757631778717	0.08176618069410324
HIP-tail-lh	0.08408359438180923	-0.2515563666820526	-0.4696395695209503	-0.1435200423002243	-0.5360907912254333	-0.7406885027885437	-0.1019836887717247	-0.21460504829883575	-0.45280033349990845	-0.5523399114608765	-0.12128540873527527	-0.1799432635307312	-0.4470323622226715	-0.3729388117790222	-0.11726567894220352	-0.4090994894504547	-0.3158895671367645	-0.5025517344474792	-0.25012895464897156	0.2804834246635437	-0.4810320734977722	0.32527807354927063	-0.0004495134053286165	-0.28800076246261597	-0.15833446383476257	-0.3260231614112854	0.10656516999006271	-0.07178395241498947	1.0	-0.2056303471326828	-0.30990251898765564	0.2480919510126114	0.08294746279716492	0.21206580102443695	0.31784674525260925	0.19934669137001038	0.01146672386676073	0.013636031188070774	0.33857351541519165	-0.17004433274269104	-0.5389069318771362	-0.2383175790309906	-0.08012326061725616	0.10284678637981415	0.30222007632255554	0.24817152321338654	0.13616113364696503	-0.24398286640644073	0.22636796534061432	0.11718472093343735
THA-VPm-lh	0.215915247797966	-0.0901813730597496	0.06474485248327255	0.14239713549613953	0.469493567943573	0.21456708014011383	-0.08831348270177841	0.3188137412071228	0.3565509021282196	0.20662826299667358	-0.01368881855159998	0.024026423692703247	0.117481529712677	0.2365795373916626	0.06510380655527115	0.13073992729187012	0.2600523829460144	0.3652034103870392	0.14702118933200836	-0.17092882096767426	0.1887277513742447	-0.46377816796302795	-0.16000433266162872	0.13565164804458618	0.002438530558720231	0.165331169962883	-0.048790205270051956	0.2290213257074356	-0.2056303471326828	1.0	0.6564825177192688	0.12617644667625427	0.4206955134868622	0.3727129399776459	-0.06535191833972931	-0.3169928789138794	0.13953058421611786	0.373434454202652	0.12100964039564133	0.1282564252614975	0.563713550567627	0.6120228171348572	0.1610966920852661	-0.18560457229614258	-0.24715560674667358	0.22093656659126282	0.10911966115236282	-0.09586230665445328	0.24497492611408234	0.3011520802974701
THA-VPl-lh	0.4490842819213867	0.017092987895011902	0.246759831905365	-0.13579010963439941	0.12547048926353455	0.27902963757514954	-0.01911884918808937	0.5073541402816772	0.45645850896835327	0.4541010558605194	0.244487464427948	0.278795450925827	0.16897378861904144	0.3797186017036438	0.2363021969795227	0.17968232929706573	0.17852237820625305	0.19758790731430054	0.22282350063323975	-0.033803362399339676	-0.005056616384536028	-0.44929221272468567	0.031173504889011383	0.2972520887851715	0.25793296098709106	0.43759334087371826	-0.2422049194574356	0.27956879138946533	-0.30990251898765564	0.6564825177192688	1.0	0.42106059193611145	0.46845144033432007	0.3866056203842163	0.08615051954984665	-0.28460970520973206	0.2291821986436844	0.24088437855243683	-0.022632533684372902	0.3924044668674469	0.5005391836166382	0.4485260546207428	0.09453469514846802	-0.15574222803115845	-0.2633664906024933	-0.04011324420571327	-0.02699943259358406	0.0974583700299263	0.26373374462127686	0.3903484642505646
THA-VAi-lh	0.15695111453533173	-0.1718086153268814	-0.11423461139202118	-0.08434561640024185	-0.15839210152626038	-0.07130177319049835	0.41725215315818787	0.3036167025566101	0.4073464572429657	0.2876492738723755	0.25201326608657837	0.29781654477119446	0.029923856258392334	0.33197489380836487	0.33571720123291016	0.04882025718688965	0.1839149296283722	0.053418051451444626	-0.10436887294054031	0.11431984603404999	-0.13029827177524567	0.09416750818490982	0.22675420343875885	0.0882422924041748	0.17602156102657318	0.006763358600437641	-0.18044164776802063	0.30065834522247314	0.2480919510126114	0.12617644667625427	0.42106059193611145	1.0	0.4727843403816223	0.625687301158905	0.5808034539222717	0.20757269859313965	0.5006222724914551	0.24009911715984344	0.2713250517845154	0.22339056432247162	0.03877071291208267	0.33378976583480835	0.09654761105775833	-0.20417004823684692	-0.08301220834255219	0.3458046019077301	0.020417751744389534	0.07473801076412201	0.2888410985469818	0.22981926798820496
THA-VAs-lh	0.20694760978221893	0.18279433250427246	0.2615671753883362	-0.2646200358867645	0.02328820526599884	-0.05527405068278313	0.05261847376823425	0.4629422724246979	0.324849396944046	0.21213732659816742	0.5245807766914368	0.48691487312316895	0.22557076811790466	0.3526092767715454	0.4104553759098053	0.0588456392288208	0.04358695074915886	0.19283239543437958	-0.0331014059484005	0.07339795678853989	-0.20794677734375	-0.15130692720413208	0.4183664619922638	0.2537321150302887	0.23946939408779144	0.09456994384527206	0.026428785175085068	0.31940367817878723	0.08294746279716492	0.4206955134868622	0.46845144033432007	0.4727843403816223	1.0	0.3815523684024811	0.3413821756839752	0.032189540565013885	0.19906437397003174	0.0026879017241299152	0.20800723135471344	0.25770461559295654	0.2510281503200531	0.387017160654068	0.05786682292819023	-0.35186251997947693	-0.4437239468097687	-0.034873832017183304	-0.25441640615463257	0.05946355685591698	0.019418898969888687	0.24843651056289673
THA-DAm-lh	0.1986403614282608	-0.3746350109577179	-0.37473833560943604	0.09319773316383362	0.09855036437511444	-0.00039137498242780566	0.0704147145152092	0.04372362047433853	0.45156046748161316	0.05828883498907089	-0.13096489012241364	-0.12367381155490875	-0.1318546086549759	0.05230158567428589	-0.028451576828956604	0.15155301988124847	0.11179430782794952	0.3013920485973358	0.01988682709634304	0.16655023396015167	0.2490987479686737	-0.1744837611913681	-0.16292735934257507	-0.06409543007612228	-0.22201313078403473	0.010603559203445911	0.07500213384628296	0.5852766633033752	0.21206580102443695	0.3727129399776459	0.3866056203842163	0.625687301158905	0.3815523684024811	1.0	0.6713163256645203	0.1697729527950287	0.6153721809387207	0.5444097518920898	0.5845627188682556	0.28639090061187744	0.26985299587249756	0.4369365870952606	-0.06439042836427689	-0.0008836254710331559	0.09951349347829819	0.547065794467926	0.2612430155277252	0.09000099450349808	0.2950679361820221	0.11761444061994553
THA-DAl-lh	-0.05186617001891136	-0.23510727286338806	-0.272705078125	0.06812170892953873	-0.17054030299186707	-0.116829052567482	0.12394270300865173	-0.0531468465924263	0.336804062128067	0.05247772857546806	-0.06881920248270035	-0.07063506543636322	-0.1743049919605255	-0.05309959128499031	-0.19335736334323883	-0.07897847890853882	0.020626092329621315	0.15324606001377106	-0.22130267322063446	0.08826799690723419	0.07090800255537033	0.03578069433569908	0.01574029214680195	-0.35547059774398804	-0.3960883915424347	0.1836308091878891	0.06898585706949234	0.5544236302375793	0.31784674525260925	-0.06535191833972931	0.08615051954984665	0.5808034539222717	0.3413821756839752	0.6713163256645203	1.0	0.20734037458896637	0.445271372795105	0.5458050966262817	0.5650697350502014	0.07066406309604645	-0.12022160738706589	0.18205422163009644	-0.09138140082359314	0.03953005000948906	0.02638683095574379	0.437604159116745	0.08597210794687271	0.207762211561203	0.2749112844467163	-0.2252086102962494
PUT-VA-lh	-0.05190719664096832	0.15429402887821198	-0.27386802434921265	-0.12350533902645111	0.14654627442359924	-0.088847316801548	-0.08865436911582947	-0.3375902473926544	-0.03976670652627945	-0.12309346348047256	0.016804948449134827	0.1259080469608307	0.07996545732021332	0.10856621712446213	0.14116808772087097	0.05658379942178726	0.023848138749599457	0.06678592413663864	-0.009743559174239635	0.3223881125450134	-0.0787891075015068	0.44051671028137207	0.19777986407279968	-0.1907222718000412	-0.19655929505825043	-0.07256116718053818	0.27400460839271545	0.011593321338295937	0.19934669137001038	-0.3169928789138794	-0.28460970520973206	0.20757269859313965	0.032189540565013885	0.1697729527950287	0.20734037458896637	1.0	0.6598593592643738	0.035850681364536285	0.4419882297515869	0.296967476606369	-0.12208595871925354	0.02990204468369484	0.3456096351146698	0.2837786376476288	0.3309909701347351	0.23131056129932404	-0.05036937817931175	0.05369037762284279	-0.11266789585351944	-0.15735040605068207
PUT-DA-l	0.16032037138938904	-0.07962208241224289	-0.3892059922218323	0.1112499088048935	0.3993656635284424	0.20537345111370087	0.08284822851419449	-0.14142931997776031	0.48075228929519653	0.25435012578964233	-0.1455325484275818	0.031855322420597076	0.16854523122310638	0.3406783640384674	0.17847661674022675	0.41309067606925964	0.44085171818733215	0.4490102231502533	0.25147655606269836	0.27842068672180176	0.3207005262374878	0.009418141096830368	-0.12779192626476288	-0.15012794733047485	-0.27565324306488037	0.09310335665941238	0.17918220162391663	0.38654008507728577	0.01146672386676073	0.13953058421611786	0.2291821986436844	0.5006222724914551	0.19906437397003174	0.6153721809387207	0.445271372795105	0.6598593592643738	1.0	0.5395691990852356	0.5701990127563477	0.48478326201438904	0.3093819320201874	0.5517053604125977	0.43946027755737305	0.2748525142669678	0.3257896900177002	0.6135872006416321	0.04878685250878334	0.13681909441947937	0.11186012625694275	-0.07126317173242569
PUT-VP-lh	0.08449742197990417	-0.37332648038864136	-0.4586755335330963	0.3748578727245331	0.4162905216217041	0.21850204467773438	-0.12085067480802536	-0.17610067129135132	0.39137324690818787	0.045673590153455734	-0.45465153455734253	-0.34141016006469727	-0.19740018248558044	0.023001929745078087	-0.24859891831874847	0.190485417842865	0.39621126651763916	0.46466490626335144	0.15034690499305725	-0.07003676891326904	0.3924713730812073	-0.3510204553604126	-0.5350856781005859	-0.5212157964706421	-0.6099346280097961	0.21672704815864563	0.08577495813369751	0.5432078838348389	0.013636031188070774	0.373434454202652	0.24088437855243683	0.24009911715984344	0.0026879017241299152	0.5444097518920898	0.5458050966262817	0.035850681364536285	0.5395691990852356	1.0	0.48424068093299866	0.16425880789756775	0.18365807831287384	0.5383989810943604	0.2721332609653473	0.172001913189888	0.1801309883594513	0.5756419897079468	0.16783763468265533	-0.051120780408382416	0.3574768602848053	-0.1623518466949463
PUT-DP-lh	-0.10764720290899277	-0.5395717620849609	-0.5782337784767151	-0.17451003193855286	0.15164704620838165	-0.19090762734413147	-0.315292090177536	-0.3010333478450775	0.07747729122638702	-0.12847359478473663	-0.44160252809524536	-0.29779836535453796	-0.3359564542770386	-0.20811323821544647	-0.17415101826190948	-0.23537296056747437	0.06112399697303772	0.15539811551570892	-0.24114491045475006	0.12074438482522964	0.024267995730042458	-0.05174063518643379	-0.20370475947856903	-0.48943719267845154	-0.5346381664276123	0.12129400670528412	0.12940703332424164	0.35153114795684814	0.33857351541519165	0.12100964039564133	-0.022632533684372902	0.2713250517845154	0.20800723135471344	0.5845627188682556	0.5650697350502014	0.4419882297515869	0.5701990127563477	0.48424068093299866	1.0	0.28905683755874634	0.07051102817058563	0.16587315499782562	0.24156120419502258	0.25799617171287537	0.30294641852378845	0.5269147157669067	0.2114243507385254	0.009604064747691154	0.30632805824279785	-0.18919502198696136
