Node	HIP-head-m-rh	HIP-head-l-rh	HIP-body-rh	HIP-tail-rh	THA-VPm-rh	THA-VPl-rh	THA-VAi-rh	THA-VAs-rh	THA-DAm-rh	THA-DAl-rh	PUT-VA-rh	PUT-DA-rh	PUT-VP-rh	PUT-DP-rh	CAU-VA-rh	CAU-DA-rh	CAU-body-rh	CAU-tail-rh	lAMY-rh	mAMY-rh	THA-DP-rh	NAc-shell-rh	NAc-core-rh	pGP-rh	aGP-rh	HIP-head-m-lh	HIP-head-l-l	HIP-body-l	HIP-tail-lh	THA-VPm-lh	THA-VPl-lh	THA-VAi-lh	THA-VAs-lh	THA-DAm-lh	THA-DAl-lh	PUT-VA-lh	PUT-DA-l	PUT-VP-lh	PUT-DP-lh	CAU-VA-lh	CAU-DA-lh	CAU-body-lh	CAU-tail-lh	lAMY-lh	mAMY-lh	THA-DP-lh	NAc-shell-lh	NAc-core-lh	pGP-lh	aGP-lh
HIP-head-m-rh	1.0	0.1422908455133438	0.28253504633903503	0.018953870981931686	0.4291580319404602	0.31327390670776367	0.047904644161462784	0.2450316697359085	-0.05767369642853737	0.05564633011817932	0.16876459121704102	0.1491686999797821	0.40642279386520386	0.435398668050766	0.13653406500816345	0.009880740195512772	-0.1998445838689804	-0.16186851263046265	-0.005626578815281391	0.35528692603111267	0.050140365958213806	0.07612615078687668	0.030534280464053154	-0.010963069275021553	0.3187638521194458	0.5357692241668701	0.18666264414787292	0.19360265135765076	0.11016453802585602	0.35029998421669006	0.20144188404083252	-0.11851656436920166	0.2137107253074646	0.28197455406188965	-0.07658234238624573	0.003976228181272745	-0.01171361654996872	0.1809421181678772	0.3098871111869812	-0.1774342805147171	-0.045990604907274246	0.21562400460243225	0.38284948468208313	0.07063236832618713	0.26118215918540955	0.32521215081214905	-0.10118993371725082	-0.0009331460460089147	-0.09360454231500626	-0.01157339196652174
HIP-head-l-rh	0.1422908455133438	1.0	0.4147839844226837	0.2907879054546356	0.07914469391107559	0.11898225545883179	-0.15282224118709564	0.04142780229449272	0.0292363278567791	0.004631688352674246	-0.18859900534152985	-0.03555116802453995	0.10667672008275986	0.014302130788564682	-0.5231167078018188	-0.32488813996315	-0.017489997670054436	0.32109540700912476	0.4256771504878998	-0.013107068836688995	0.05704638734459877	-0.17306800186634064	-0.32254210114479065	-0.05329376831650734	0.02166568487882614	0.32610657811164856	0.4059683084487915	0.4844807982444763	0.28480637073516846	0.1876346319913864	0.19470332562923431	0.039845846593379974	0.03354674577713013	-0.07186148315668106	0.01823432557284832	-0.021183723583817482	-0.030804026871919632	-0.06838773190975189	-0.08995670080184937	-0.3006473481655121	-0.1336686760187149	-0.01901312544941902	0.17209111154079437	0.1819296032190323	0.10226956009864807	0.11355403810739517	-0.3192009925842285	0.08280717581510544	-0.12128543108701706	0.07248695194721222
HIP-body-rh	0.28253504633903503	0.4147839844226837	1.0	-0.002610166324302554	0.428548127412796	0.21107877790927887	0.1829701066017151	0.3467506766319275	0.33847159147262573	0.07160131633281708	0.17270037531852722	0.07913187891244888	0.114596426486969	0.32364264130592346	0.008768088184297085	0.21404381096363068	-0.03403763473033905	0.052560120820999146	0.37376299500465393	0.20141363143920898	-0.35508254170417786	0.07889845967292786	0.1391659677028656	-0.265777051448822	0.19805631041526794	0.42361417412757874	-0.02182759903371334	0.4824218451976776	0.16656620800495148	0.5284677147865295	0.05798138305544853	0.1514369249343872	0.19767653942108154	0.20721445977687836	-0.051083967089653015	0.22875814139842987	0.038630180060863495	-0.02095899172127247	0.10169962048530579	0.10991271585226059	0.44761717319488525	0.44564157724380493	0.46748781204223633	0.043183326721191406	0.12686094641685486	0.20779447257518768	-0.21761226654052734	0.2993836998939514	-0.34159424901008606	-0.00475285341963172
HIP-tail-rh	0.018953870981931686	0.2907879054546356	-0.002610166324302554	1.0	0.1932123303413391	-0.1859935075044632	0.09256809949874878	-0.11113321036100388	-0.2874697148799896	0.22346964478492737	-0.10329267382621765	-0.26696160435676575	-0.16044630110263824	-0.3423338234424591	-0.3715890645980835	-0.314226895570755	-0.06957140564918518	0.30000585317611694	-0.29216209053993225	0.02314009517431259	-0.030333813279867172	-0.009775546379387379	-0.19457748532295227	0.07242348790168762	0.07299158722162247	-0.0941956639289856	0.0530514121055603	0.4105697274208069	0.19466258585453033	0.022533142939209938	-0.1379019170999527	0.3291102945804596	0.18437674641609192	0.14284764230251312	-0.08627744019031525	0.03435494005680084	-0.007740858010947704	-0.009843606501817703	-0.01126261055469513	-0.26563331484794617	-0.14578260481357574	-0.13959483802318573	0.0014871243620291352	-0.29849058389663696	0.17678941786289215	0.18625566363334656	-0.32677656412124634	0.09639638662338257	-0.08899267017841339	0.06294101476669312
THA-VPm-rh	0.4291580319404602	0.07914469391107559	0.428548127412796	0.1932123303413391	1.0	0.14084087312221527	0.338647723197937	0.3457925021648407	0.19064193964004517	-0.0725170224905014	0.4607952833175659	0.21725502610206604	0.2492930293083191	0.4080604910850525	-0.07968166470527649	0.09316034615039825	-0.21463875472545624	-0.2618240416049957	-0.0067826868034899235	0.28214797377586365	-0.18937917053699493	0.07195942103862762	0.08051993697881699	0.03704213723540306	0.5107364654541016	0.31869617104530334	-0.13724027574062347	0.16434532403945923	0.09599309414625168	0.5856553316116333	-0.03598255291581154	0.32926273345947266	0.31452295184135437	0.23182156682014465	-0.2738783061504364	0.2281542420387268	0.172346293926239	0.10371220111846924	0.19532960653305054	-0.17785462737083435	0.23824439942836761	0.30092036724090576	0.33319759368896484	-0.1472778469324112	0.08795204758644104	0.351588636636734	-0.12858900427818298	-0.02648780681192875	-0.24924321472644806	0.18087837100028992
THA-VPl-rh	0.31327390670776367	0.11898225545883179	0.21107877790927887	-0.1859935075044632	0.14084087312221527	1.0	0.15653985738754272	0.3541896343231201	0.34579896926879883	0.2461327612400055	-0.14566633105278015	-0.1547911912202835	-0.10326855629682541	0.08104409277439117	0.25063851475715637	0.19038349390029907	-0.15594267845153809	-0.07723794877529144	0.16114969551563263	0.0767572894692421	-0.0703081414103508	-0.2684842348098755	-0.027221467345952988	0.48243990540504456	0.31493210792541504	0.5244595408439636	0.13533732295036316	0.19376766681671143	0.11878195405006409	0.43168148398399353	0.06449362635612488	0.18964926898479462	0.23833714425563812	0.2837468683719635	0.08652491122484207	-0.2280431091785431	-0.308915913105011	-0.11143050342798233	-0.07426425069570541	0.029708702117204666	-0.051828429102897644	0.12848402559757233	0.30810147523880005	0.35075047612190247	0.012814796529710293	0.15363894402980804	-0.09535352885723114	-0.120447538793087	-0.2657480537891388	-0.1776570975780487
THA-VAi-rh	0.047904644161462784	-0.15282224118709564	0.1829701066017151	0.09256809949874878	0.338647723197937	0.15653985738754272	1.0	0.6890034675598145	0.46916207671165466	0.2312314808368683	0.5084573030471802	0.21476618945598602	0.16119010746479034	0.19463996589183807	0.27241969108581543	0.3391181230545044	-0.17103442549705505	-0.38702109456062317	-0.305269718170166	0.2929449677467346	-0.4301954209804535	0.05392295494675636	0.4592685401439667	0.20687440037727356	0.4790624976158142	-0.08733324706554413	-0.5482476949691772	0.041011471301317215	-0.1451677680015564	0.5338866114616394	-0.02472313866019249	0.7571908235549927	0.6657360196113586	0.24475523829460144	0.027731453999876976	0.4559814929962158	0.3523065447807312	0.16688750684261322	0.07620690017938614	0.5037020444869995	0.3006598949432373	0.2730763852596283	-0.04352085664868355	-0.1694745570421219	-0.22316096723079681	-0.1444181501865387	0.26513898372650146	0.35524532198905945	0.03198828548192978	0.25490671396255493
THA-VAs-rh	0.2450316697359085	0.04142780229449272	0.3467506766319275	-0.11113321036100388	0.3457925021648407	0.3541896343231201	0.6890034675598145	1.0	0.5973525643348694	0.03706979751586914	0.46306201815605164	0.2184194177389145	0.01560970675200224	0.26328516006469727	0.2684437930583954	0.3415771722793579	-0.044946130365133286	-0.2107081264257431	-0.08922618627548218	0.35681015253067017	-0.2882325053215027	0.022719498723745346	0.25221794843673706	0.09151537716388702	0.5612828731536865	0.3357343077659607	-0.11460801213979721	0.2762990891933441	0.12270244210958481	0.618166983127594	0.13908123970031738	0.5819862484931946	0.7620601058006287	0.21415555477142334	0.13922370970249176	0.270602822303772	0.1361817866563797	0.04425804316997528	0.10654421895742416	0.3752749562263489	0.22110432386398315	0.3266071081161499	0.10813122242689133	0.21118515729904175	-0.03999056667089462	0.056172844022512436	0.06626491248607635	0.3286333382129669	-0.18699684739112854	0.040002819150686264
THA-DAm-rh	-0.05767369642853737	0.0292363278567791	0.33847159147262573	-0.2874697148799896	0.19064193964004517	0.34579896926879883	0.46916207671165466	0.5973525643348694	1.0	0.1609533578157425	0.20997153222560883	0.10012394934892654	-0.07395990192890167	0.30359309911727905	0.1651354879140854	0.4819759428501129	0.27742111682891846	-0.04900985583662987	0.013646850362420082	-0.11784935742616653	-0.174455925822258	-0.20664486289024353	0.3849272131919861	0.19815339148044586	0.34576186537742615	0.2433861941099167	-0.2954086363315582	0.09498892724514008	-0.08083465695381165	0.6155842542648315	-0.2821851968765259	0.39905157685279846	0.47327926754951477	0.18843145668506622	-0.004275194834917784	0.15758945047855377	0.18502277135849	-0.03279322758316994	0.09770176559686661	0.3662613034248352	0.16782473027706146	0.3082996904850006	0.12138114869594574	0.019512532278895378	-0.19728219509124756	-0.10354235023260117	0.0002623697218950838	0.2841716706752777	-0.12519076466560364	0.019240742549300194
THA-DAl-rh	0.05564633011817932	0.004631688352674246	0.07160131633281708	0.22346964478492737	-0.0725170224905014	0.2461327612400055	0.2312314808368683	0.03706979751586914	0.1609533578157425	1.0	-0.06663215905427933	-0.36874496936798096	-0.15671178698539734	-0.12522704899311066	0.14697763323783875	-0.018237560987472534	0.1317901462316513	0.22129277884960175	-0.35218799114227295	0.0817713662981987	-0.14577016234397888	-0.2165108025074005	0.17393876612186432	0.23852291703224182	-0.2967208921909332	-0.21527481079101562	-0.2538881003856659	0.16037721931934357	0.2465059608221054	0.028340376913547516	-0.015587265603244305	0.29744529724121094	0.28802305459976196	0.3241073489189148	-0.0812394991517067	-0.04694250971078873	-0.0767282173037529	0.16251398622989655	0.023440519347786903	0.2669881582260132	-0.050133418291807175	0.07403410971164703	0.07958726584911346	-0.2609114944934845	-0.029458019882440567	-0.08014457672834396	-0.24999666213989258	0.15400075912475586	-0.22771769762039185	-0.41838961839675903
PUT-VA-rh	0.16876459121704102	-0.18859900534152985	0.17270037531852722	-0.10329267382621765	0.4607952833175659	-0.14566633105278015	0.5084573030471802	0.46306201815605164	0.20997153222560883	-0.06663215905427933	1.0	0.7441093921661377	0.6034691333770752	0.6215851902961731	0.33086833357810974	0.530811607837677	0.01128584984689951	-0.6385185718536377	-0.07771749794483185	0.4001418352127075	-0.3322313725948334	0.5757803916931152	0.5960278511047363	-0.091236911714077	0.41893136501312256	-0.047096136957407	-0.3757864236831665	-0.10397157073020935	-0.14948956668376923	0.32357534766197205	0.07710415869951248	0.3979116380214691	0.5497494339942932	-0.16434384882450104	-0.06513440608978271	0.789779007434845	0.7427151203155518	0.6586806774139404	0.595479428768158	0.366738498210907	0.49843889474868774	0.5588581562042236	0.07954708486795425	-0.3968425691127777	-0.23233911395072937	0.12117856740951538	0.42025572061538696	0.4670131802558899	0.1931290179491043	0.3531683087348938
PUT-DA-rh	0.1491686999797821	-0.03555116802453995	0.07913187891244888	-0.26696160435676575	0.21725502610206604	-0.1547911912202835	0.21476618945598602	0.2184194177389145	0.10012394934892654	-0.36874496936798096	0.7441093921661377	1.0	0.8015862107276917	0.7435562014579773	0.2535329759120941	0.5282401442527771	0.12498337775468826	-0.6255755424499512	0.07202836871147156	0.23543033003807068	-0.048492833971977234	0.6045234203338623	0.4963693618774414	-0.13448850810527802	0.3988438546657562	0.07228069007396698	-0.09468895941972733	-0.2851209342479706	-0.16913233697414398	0.12428701668977737	0.07859593629837036	0.10753798484802246	0.2646429240703583	-0.21136894822120667	0.13524572551250458	0.5710046291351318	0.7928988933563232	0.5737506151199341	0.7347500324249268	0.13323082029819489	0.32559505105018616	0.3877739906311035	0.11035040020942688	-0.26644712686538696	-0.12973077595233917	0.2212403565645218	0.47110557556152344	0.2933955192565918	0.33263635635375977	0.5416205525398254
PUT-VP-rh	0.40642279386520386	0.10667672008275986	0.114596426486969	-0.16044630110263824	0.2492930293083191	-0.10326855629682541	0.16119010746479034	0.01560970675200224	-0.07395990192890167	-0.15671178698539734	0.6034691333770752	0.8015862107276917	1.0	0.7356733679771423	0.11620737612247467	0.30501773953437805	-0.0552702397108078	-0.5625801086425781	0.0554935559630394	0.17298898100852966	0.003989974036812782	0.4249773621559143	0.4058869481086731	-0.022553006187081337	0.33831870555877686	0.013816307298839092	-0.14598166942596436	-0.3082827031612396	-0.19318422675132751	0.06926705688238144	0.11545636504888535	-0.10440576821565628	0.04939750209450722	-0.14172498881816864	-0.1533433496952057	0.4563060700893402	0.656737208366394	0.6267595291137695	0.6418222784996033	-0.029650937765836716	0.13557669520378113	0.3100835382938385	0.07053971290588379	-0.38185909390449524	-0.25220993161201477	0.09969396144151688	0.4174403250217438	0.11703131347894669	0.45142021775245667	0.45704296231269836
PUT-DP-rh	0.435398668050766	0.014302130788564682	0.32364264130592346	-0.3423338234424591	0.4080604910850525	0.08104409277439117	0.19463996589183807	0.26328516006469727	0.30359309911727905	-0.12522704899311066	0.6215851902961731	0.7435562014579773	0.7356733679771423	1.0	0.23573864996433258	0.5080626010894775	0.17228484153747559	-0.38332706689834595	0.04553883522748947	0.2801332175731659	-0.010089064948260784	0.4117841124534607	0.48267993330955505	0.04170922935009003	0.34158170223236084	0.20842818915843964	-0.19646430015563965	-0.2695007622241974	-0.03120395913720131	0.24973389506340027	-0.020206278190016747	-0.018229395151138306	0.22806690633296967	0.04848340153694153	-0.08061880618333817	0.36650535464286804	0.528588056564331	0.43822726607322693	0.7064476013183594	0.011556417681276798	0.18980787694454193	0.4285939335823059	0.28310954570770264	-0.21911665797233582	-0.023529402911663055	0.23869271576404572	0.2655963897705078	0.060636501759290695	0.07798845320940018	0.1935005486011505
CAU-VA-rh	0.13653406500816345	-0.5231167078018188	0.008768088184297085	-0.3715890645980835	-0.07968166470527649	0.25063851475715637	0.27241969108581543	0.2684437930583954	0.1651354879140854	0.14697763323783875	0.33086833357810974	0.2535329759120941	0.11620737612247467	0.23573864996433258	1.0	0.6146621108055115	0.241569384932518	-0.43546855449676514	0.010423673316836357	0.17046354711055756	-0.03686503320932388	0.3149557411670685	0.510399341583252	-0.188003271818161	0.13819792866706848	0.1945018321275711	-0.03264431655406952	-0.08533415198326111	-0.22493529319763184	0.10128489136695862	-0.002183781936764717	0.17493116855621338	0.35106968879699707	-0.0002683670027181506	0.4651672840118408	0.21474486589431763	0.22643382847309113	0.34283173084259033	0.36045095324516296	0.6730400919914246	0.387830525636673	0.5771133899688721	0.3256250321865082	0.08692268282175064	0.1254747211933136	0.017075033858418465	0.39660173654556274	0.3519568145275116	0.14868320524692535	0.13376420736312866
CAU-DA-rh	0.009880740195512772	-0.32488813996315	0.21404381096363068	-0.314226895570755	0.09316034615039825	0.19038349390029907	0.3391181230545044	0.3415771722793579	0.4819759428501129	-0.018237560987472534	0.530811607837677	0.5282401442527771	0.30501773953437805	0.5080626010894775	0.6146621108055115	1.0	0.3919031322002411	-0.3894996643066406	-0.0007966192788444459	0.017809506505727768	-0.194509819149971	0.46739518642425537	0.7899262309074402	-0.0008489969768561423	0.3441862165927887	0.09966854751110077	-0.3609757721424103	-0.15320119261741638	-0.1993182897567749	0.3526565134525299	-0.17537829279899597	0.27600738406181335	0.35276663303375244	0.047553081065416336	0.16605068743228912	0.5243186354637146	0.5562950968742371	0.3587069809436798	0.546249270439148	0.5227980613708496	0.6038795709609985	0.6664943099021912	0.2866130471229553	-0.3035624921321869	-0.21668623387813568	0.2166024148464203	0.37090247869491577	0.5145439505577087	0.05092264339327812	0.2504538893699646
CAU-body-rh	-0.1998445838689804	-0.017489997670054436	-0.03403763473033905	-0.06957140564918518	-0.21463875472545624	-0.15594267845153809	-0.17103442549705505	-0.044946130365133286	0.27742111682891846	0.1317901462316513	0.01128584984689951	0.12498337775468826	-0.0552702397108078	0.17228484153747559	0.241569384932518	0.3919031322002411	1.0	0.3379020094871521	-0.08405601233243942	-0.3738255500793457	0.2445872277021408	0.14394940435886383	0.2061779797077179	-0.18267321586608887	-0.06828466057777405	-0.07808443903923035	0.0013676075031980872	-0.06657401472330093	0.17607830464839935	-0.20466484129428864	-0.1136888936161995	-0.0011250536190345883	0.07034340500831604	-0.1698996126651764	0.25478634238243103	-0.06957107782363892	0.15227466821670532	0.19184139370918274	0.25313374400138855	0.20354042947292328	0.09184084087610245	0.28469738364219666	0.17599470913410187	-0.15273801982402802	0.1741480678319931	0.05437977984547615	-0.05415240675210953	0.2508329153060913	-0.0800352394580841	-0.19898726046085358
CAU-tail-rh	-0.16186851263046265	0.32109540700912476	0.052560120820999146	0.30000585317611694	-0.2618240416049957	-0.07723794877529144	-0.38702109456062317	-0.2107081264257431	-0.04900985583662987	0.22129277884960175	-0.6385185718536377	-0.6255755424499512	-0.5625801086425781	-0.38332706689834595	-0.43546855449676514	-0.3894996643066406	0.3379020094871521	1.0	-0.05752560868859291	-0.19908250868320465	0.17527328431606293	-0.3821454644203186	-0.41820022463798523	-0.05539759621024132	-0.3863789737224579	-0.11391660571098328	0.2465207874774933	0.28723376989364624	0.5463153123855591	-0.2539854049682617	-0.008137647993862629	-0.18403418362140656	-0.2721997797489166	0.26470065116882324	-0.03442772850394249	-0.5076202154159546	-0.5890206098556519	-0.5279738306999207	-0.39696648716926575	-0.30119821429252625	-0.3619382381439209	-0.35455262660980225	0.02789054438471794	0.21043549478054047	0.31464600563049316	0.08375799655914307	-0.5043236613273621	-0.23152752220630646	-0.4526498317718506	-0.6080642938613892
lAMY-rh	-0.005626578815281391	0.4256771504878998	0.37376299500465393	-0.29216209053993225	-0.0067826868034899235	0.16114969551563263	-0.305269718170166	-0.08922618627548218	0.013646850362420082	-0.35218799114227295	-0.07771749794483185	0.07202836871147156	0.0554935559630394	0.04553883522748947	0.010423673316836357	-0.0007966192788444459	-0.08405601233243942	-0.05752560868859291	1.0	0.044376689940690994	-0.147676482796669	0.09540946781635284	-0.15701501071453094	-0.34568068385124207	0.035946622490882874	0.48724016547203064	0.4520622491836548	0.28577858209609985	-0.10988505184650421	0.14075586199760437	0.17355477809906006	-0.1548433005809784	-0.23363201320171356	-0.24910753965377808	0.1613292098045349	0.09756400436162949	-0.02077198587357998	-0.06880813091993332	-0.1426200568675995	-0.0072126081213355064	0.27740931510925293	0.2824223041534424	0.43905752897262573	0.45632731914520264	0.028667498379945755	0.03128913789987564	0.1417681872844696	0.08009929209947586	0.005021701566874981	0.21356303989887238
mAMY-rh	0.35528692603111267	-0.013107068836688995	0.20141363143920898	0.02314009517431259	0.28214797377586365	0.0767572894692421	0.2929449677467346	0.35681015253067017	-0.11784935742616653	0.0817713662981987	0.4001418352127075	0.23543033003807068	0.17298898100852966	0.2801332175731659	0.17046354711055756	0.017809506505727768	-0.3738255500793457	-0.19908250868320465	0.044376689940690994	1.0	-0.41519320011138916	0.2719193994998932	0.11431173235177994	-0.17190690338611603	0.06844891607761383	0.17956972122192383	0.004439041018486023	0.3096431493759155	0.17310723662376404	0.2792070806026459	0.3376619815826416	0.34427303075790405	0.407387912273407	0.43898463249206543	0.13204999268054962	0.3366229236125946	0.20997761189937592	0.010911492630839348	0.20749318599700928	0.14809265732765198	0.25692975521087646	0.17500123381614685	0.3414325714111328	0.2263765037059784	0.2549249827861786	0.45779263973236084	-0.09463176876306534	0.15024064481258392	-0.27736666798591614	-0.0012076342245563865
THA-DP-rh	0.050140365958213806	0.05704638734459877	-0.35508254170417786	-0.030333813279867172	-0.18937917053699493	-0.0703081414103508	-0.4301954209804535	-0.2882325053215027	-0.174455925822258	-0.14577016234397888	-0.3322313725948334	-0.048492833971977234	0.003989974036812782	-0.010089064948260784	-0.03686503320932388	-0.194509819149971	0.2445872277021408	0.17527328431606293	-0.147676482796669	-0.41519320011138916	1.0	-0.26517170667648315	-0.16566245257854462	-0.04679102450609207	-0.14978671073913574	0.11843296885490417	0.3961092233657837	-0.24467329680919647	-0.07331189513206482	-0.32739850878715515	-0.15998849272727966	-0.4355120360851288	-0.2482946515083313	-0.21223022043704987	0.08198369294404984	-0.5034173130989075	-0.21657459437847137	0.014871667139232159	0.09124012291431427	-0.37958696484565735	-0.559267520904541	-0.18564148247241974	-0.11280602961778641	0.11984798312187195	0.18769723176956177	-0.13691920042037964	-0.09258203953504562	-0.42362549901008606	0.29842859506607056	-0.035319142043590546
NAc-shell-rh	0.07612615078687668	-0.17306800186634064	0.07889845967292786	-0.009775546379387379	0.07195942103862762	-0.2684842348098755	0.05392295494675636	0.022719498723745346	-0.20664486289024353	-0.2165108025074005	0.5757803916931152	0.6045234203338623	0.4249773621559143	0.4117841124534607	0.3149557411670685	0.46739518642425537	0.14394940435886383	-0.3821454644203186	0.09540946781635284	0.2719193994998932	-0.26517170667648315	1.0	0.48166292905807495	-0.2661000192165375	0.10034902393817902	-0.03998419642448425	-0.006805712357163429	-0.06450819969177246	-0.07305288314819336	-0.021785350516438484	0.19643805921077728	0.13930273056030273	0.17955930531024933	-0.19131240248680115	0.21670766174793243	0.606416642665863	0.5748157501220703	0.5262277722358704	0.6420454978942871	0.23722152411937714	0.48688408732414246	0.4702805280685425	0.2575203478336334	-0.3800651431083679	-0.011817746795713902	0.3652810752391815	0.5060586929321289	0.370859295129776	0.16167040169239044	0.3027741312980652
NAc-core-rh	0.030534280464053154	-0.32254210114479065	0.1391659677028656	-0.19457748532295227	0.08051993697881699	-0.027221467345952988	0.4592685401439667	0.25221794843673706	0.3849272131919861	0.17393876612186432	0.5960278511047363	0.4963693618774414	0.4058869481086731	0.48267993330955505	0.510399341583252	0.7899262309074402	0.2061779797077179	-0.41820022463798523	-0.15701501071453094	0.11431173235177994	-0.16566245257854462	0.48166292905807495	1.0	-0.0808369368314743	0.1072971373796463	-0.17614567279815674	-0.5111271739006042	-0.2580585479736328	-0.13661877810955048	0.3277297019958496	-0.13750723004341125	0.29443874955177307	0.38851481676101685	0.0761013999581337	0.04840460792183876	0.6634208559989929	0.659055769443512	0.527033805847168	0.6095065474510193	0.5439887642860413	0.5174145102500916	0.5931031703948975	0.10889708995819092	-0.4874100983142853	-0.2769211232662201	0.1352282464504242	0.4757992625236511	0.5116373300552368	0.19992348551750183	0.2219373732805252
pGP-rh	-0.010963069275021553	-0.05329376831650734	-0.265777051448822	0.07242348790168762	0.03704213723540306	0.48243990540504456	0.20687440037727356	0.09151537716388702	0.19815339148044586	0.23852291703224182	-0.091236911714077	-0.13448850810527802	-0.022553006187081337	0.04170922935009003	-0.188003271818161	-0.0008489969768561423	-0.18267321586608887	-0.05539759621024132	-0.34568068385124207	-0.17190690338611603	-0.04679102450609207	-0.2661000192165375	-0.0808369368314743	1.0	0.26028427481651306	-0.16688604652881622	-0.31101691722869873	-0.3194600045681	0.0305009912699461	0.02505807764828205	-0.13823655247688293	0.15650148689746857	0.06101701781153679	0.18067051470279694	-0.2565884590148926	-0.21487972140312195	-0.20538030564785004	-0.036801956593990326	-0.07508708536624908	-0.28652501106262207	-0.42141667008399963	-0.40369972586631775	-0.3163161873817444	-0.1371982991695404	-0.4604043662548065	-0.2025531679391861	-0.06779461354017258	-0.36903154850006104	-0.05784391984343529	-0.20746229588985443
aGP-rh	0.3187638521194458	0.02166568487882614	0.19805631041526794	0.07299158722162247	0.5107364654541016	0.31493210792541504	0.4790624976158142	0.5612828731536865	0.34576186537742615	-0.2967208921909332	0.41893136501312256	0.3988438546657562	0.33831870555877686	0.34158170223236084	0.13819792866706848	0.3441862165927887	-0.06828466057777405	-0.3863789737224579	0.035946622490882874	0.06844891607761383	-0.14978671073913574	0.10034902393817902	0.1072971373796463	0.26028427481651306	1.0	0.3551643490791321	-0.08862414956092834	0.10903596878051758	-0.12836052477359772	0.4584169089794159	-0.05285581573843956	0.33985236287117004	0.348367840051651	0.058395203202962875	-0.09517054259777069	0.19769617915153503	0.19857530295848846	0.1389264464378357	0.14812692999839783	-0.061879225075244904	0.05631832405924797	0.18254049122333527	0.07996229082345963	-0.026137154549360275	-0.20144543051719666	0.007201582659035921	0.168640598654747	0.09636498987674713	0.09698814153671265	0.33042576909065247
HIP-head-m-lh	0.5357692241668701	0.32610657811164856	0.42361417412757874	-0.0941956639289856	0.31869617104530334	0.5244595408439636	-0.08733324706554413	0.3357343077659607	0.2433861941099167	-0.21527481079101562	-0.047096136957407	0.07228069007396698	0.013816307298839092	0.20842818915843964	0.1945018321275711	0.09966854751110077	-0.07808443903923035	-0.11391660571098328	0.48724016547203064	0.17956972122192383	0.11843296885490417	-0.03998419642448425	-0.17614567279815674	-0.16688604652881622	0.3551643490791321	1.0	0.6027926802635193	0.5308405756950378	-0.10299131274223328	0.5532189011573792	0.02589210495352745	0.04593287780880928	0.2724705934524536	0.13102862238883972	0.3045025169849396	-0.13386164605617523	-0.08280029147863388	-0.1339479386806488	0.14611394703388214	-0.04315437749028206	0.09495774656534195	0.3665930926799774	0.6466856002807617	0.504489541053772	0.4238070547580719	0.3543671667575836	-0.17910227179527283	0.08427133411169052	-0.12065543979406357	0.2246864289045334
HIP-head-l-l	0.18666264414787292	0.4059683084487915	-0.02182759903371334	0.0530514121055603	-0.13724027574062347	0.13533732295036316	-0.5482476949691772	-0.11460801213979721	-0.2954086363315582	-0.2538881003856659	-0.3757864236831665	-0.09468895941972733	-0.14598166942596436	-0.19646430015563965	-0.03264431655406952	-0.3609757721424103	0.0013676075031980872	0.2465207874774933	0.4520622491836548	0.004439041018486023	0.3961092233657837	-0.006805712357163429	-0.5111271739006042	-0.31101691722869873	-0.08862414956092834	0.6027926802635193	1.0	0.39715519547462463	0.1255541294813156	-0.09914395213127136	0.27117788791656494	-0.23162195086479187	-0.12171466648578644	-0.09684395045042038	0.459422767162323	-0.4149160385131836	-0.30134469270706177	-0.17648041248321533	-0.014338783919811249	-0.2551130950450897	-0.27786779403686523	-0.04591095820069313	0.3602640628814697	0.6042311191558838	0.5058096647262573	0.23842233419418335	-0.12551704049110413	-0.15012533962726593	0.03483664244413376	0.05085660517215729
HIP-body-l	0.19360265135765076	0.4844807982444763	0.4824218451976776	0.4105697274208069	0.16434532403945923	0.19376766681671143	0.041011471301317215	0.2762990891933441	0.09498892724514008	0.16037721931934357	-0.10397157073020935	-0.2851209342479706	-0.3082827031612396	-0.2695007622241974	-0.08533415198326111	-0.15320119261741638	-0.06657401472330093	0.28723376989364624	0.28577858209609985	0.3096431493759155	-0.24467329680919647	-0.06450819969177246	-0.2580585479736328	-0.3194600045681	0.10903596878051758	0.5308405756950378	0.39715519547462463	1.0	0.10381297767162323	0.45166024565696716	0.08843319863080978	0.3509683907032013	0.3502250015735626	0.1956181824207306	0.1785387247800827	0.05662046745419502	-0.1258886754512787	-0.1855050027370453	-0.14971821010112762	0.13115328550338745	0.22947071492671967	0.2556470036506653	0.4293630123138428	0.26576322317123413	0.46145099401474	0.33747392892837524	-0.4726446866989136	0.39658403396606445	-0.2855919897556305	0.013768152333796024
HIP-tail-lh	0.11016453802585602	0.28480637073516846	0.16656620800495148	0.19466258585453033	0.09599309414625168	0.11878195405006409	-0.1451677680015564	0.12270244210958481	-0.08083465695381165	0.2465059608221054	-0.14948956668376923	-0.16913233697414398	-0.19318422675132751	-0.03120395913720131	-0.22493529319763184	-0.1993182897567749	0.17607830464839935	0.5463153123855591	-0.10988505184650421	0.17310723662376404	-0.07331189513206482	-0.07305288314819336	-0.13661877810955048	0.0305009912699461	-0.12836052477359772	-0.10299131274223328	0.1255541294813156	0.10381297767162323	1.0	-0.08182916045188904	0.2344857007265091	-0.013387622311711311	0.06308723241090775	0.2666710913181305	-0.03280819579958916	-0.1708713322877884	-0.2752898633480072	-0.18051238358020782	-0.04218730702996254	-0.2534831762313843	-0.1742824763059616	-0.19876477122306824	0.04571154713630676	0.08814666420221329	0.20793244242668152	0.36765336990356445	-0.32334044575691223	-0.1529093235731125	-0.5937346816062927	-0.5318208932876587
THA-VPm-lh	0.35029998421669006	0.1876346319913864	0.5284677147865295	0.022533142939209938	0.5856553316116333	0.43168148398399353	0.5338866114616394	0.618166983127594	0.6155842542648315	0.028340376913547516	0.32357534766197205	0.12428701668977737	0.06926705688238144	0.24973389506340027	0.10128489136695862	0.3526565134525299	-0.20466484129428864	-0.2539854049682617	0.14075586199760437	0.2792070806026459	-0.32739850878715515	-0.021785350516438484	0.3277297019958496	0.02505807764828205	0.4584169089794159	0.5532189011573792	-0.09914395213127136	0.45166024565696716	-0.08182916045188904	1.0	-0.05825955048203468	0.5391553044319153	0.6086989045143127	0.3847893178462982	0.03608964756131172	0.3702945113182068	0.2406800091266632	0.0248562004417181	0.15488570928573608	0.2517201900482178	0.41470542550086975	0.5010069608688354	0.448978066444397	0.06026635691523552	0.009174334816634655	0.33486250042915344	-0.11766283214092255	0.38603976368904114	-0.12125593423843384	0.2765825390815735
THA-VPl-lh	0.20144188404083252	0.19470332562923431	0.05798138305544853	-0.1379019170999527	-0.03598255291581154	0.06449362635612488	-0.02472313866019249	0.13908123970031738	-0.2821851968765259	-0.015587265603244305	0.07710415869951248	0.07859593629837036	0.11545636504888535	-0.020206278190016747	-0.002183781936764717	-0.17537829279899597	-0.1136888936161995	-0.008137647993862629	0.17355477809906006	0.3376619815826416	-0.15998849272727966	0.19643805921077728	-0.13750723004341125	-0.13823655247688293	-0.05285581573843956	0.02589210495352745	0.27117788791656494	0.08843319863080978	0.2344857007265091	-0.05825955048203468	1.0	0.06397496163845062	0.013577952049672604	0.015865648165345192	0.2423079013824463	-0.002866157330572605	-0.10266638547182083	0.18484894931316376	-0.1072649359703064	0.07916974276304245	0.07450862228870392	0.0399521067738533	0.012699848040938377	0.3500097095966339	0.03445112705230713	0.03769104182720184	0.038933172821998596	0.10145864635705948	-0.03848249092698097	-0.2568993866443634
THA-VAi-lh	-0.11851656436920166	0.039845846593379974	0.1514369249343872	0.3291102945804596	0.32926273345947266	0.18964926898479462	0.7571908235549927	0.5819862484931946	0.39905157685279846	0.29744529724121094	0.3979116380214691	0.10753798484802246	-0.10440576821565628	-0.018229395151138306	0.17493116855621338	0.27600738406181335	-0.0011250536190345883	-0.18403418362140656	-0.1548433005809784	0.34427303075790405	-0.4355120360851288	0.13930273056030273	0.29443874955177307	0.15650148689746857	0.33985236287117004	0.04593287780880928	-0.23162195086479187	0.3509683907032013	-0.013387622311711311	0.5391553044319153	0.06397496163845062	1.0	0.7577874660491943	0.2590089440345764	0.30252206325531006	0.39619550108909607	0.32236188650131226	0.12359928339719772	0.09969927370548248	0.44646155834198	0.3606875538825989	0.2999337911605835	0.21558672189712524	-0.043040890246629715	-0.03610976040363312	0.13947275280952454	0.00835659820586443	0.4708276689052582	-0.17771786451339722	0.20085327327251434
THA-VAs-lh	0.2137107253074646	0.03354674577713013	0.19767653942108154	0.18437674641609192	0.31452295184135437	0.23833714425563812	0.6657360196113586	0.7620601058006287	0.47327926754951477	0.28802305459976196	0.5497494339942932	0.2646429240703583	0.04939750209450722	0.22806690633296967	0.35106968879699707	0.35276663303375244	0.07034340500831604	-0.2721997797489166	-0.23363201320171356	0.407387912273407	-0.2482946515083313	0.17955930531024933	0.38851481676101685	0.06101701781153679	0.348367840051651	0.2724705934524536	-0.12171466648578644	0.3502250015735626	0.06308723241090775	0.6086989045143127	0.013577952049672604	0.7577874660491943	1.0	0.15779881179332733	0.33014434576034546	0.4616813063621521	0.38846492767333984	0.31616154313087463	0.3693911135196686	0.47915399074554443	0.32214152812957764	0.4520847499370575	0.24520951509475708	-0.0396156907081604	0.11395930498838425	0.2188875675201416	0.0024634816218167543	0.558516263961792	-0.09495297819375992	0.2097172886133194
THA-DAm-lh	0.28197455406188965	-0.07186148315668106	0.20721445977687836	0.14284764230251312	0.23182156682014465	0.2837468683719635	0.24475523829460144	0.21415555477142334	0.18843145668506622	0.3241073489189148	-0.16434384882450104	-0.21136894822120667	-0.14172498881816864	0.04848340153694153	-0.0002683670027181506	0.047553081065416336	-0.1698996126651764	0.26470065116882324	-0.24910753965377808	0.43898463249206543	-0.21223022043704987	-0.19131240248680115	0.0761013999581337	0.18067051470279694	0.058395203202962875	0.13102862238883972	-0.09684395045042038	0.1956181824207306	0.2666710913181305	0.3847893178462982	0.015865648165345192	0.2590089440345764	0.15779881179332733	1.0	-0.04488171264529228	-0.14436663687229156	-0.17075681686401367	-0.38138145208358765	0.03741256892681122	-0.10821811109781265	-0.10109388828277588	-0.07477642595767975	0.3843623697757721	0.1217261329293251	0.09698877483606339	0.387884259223938	-0.3746570348739624	-0.1165771633386612	-0.39092496037483215	-0.31019389629364014
THA-DAl-lh	-0.07658234238624573	0.01823432557284832	-0.051083967089653015	-0.08627744019031525	-0.2738783061504364	0.08652491122484207	0.027731453999876976	0.13922370970249176	-0.004275194834917784	-0.0812394991517067	-0.06513440608978271	0.13524572551250458	-0.1533433496952057	-0.08061880618333817	0.4651672840118408	0.16605068743228912	0.25478634238243103	-0.03442772850394249	0.1613292098045349	0.13204999268054962	0.08198369294404984	0.21670766174793243	0.04840460792183876	-0.2565884590148926	-0.09517054259777069	0.3045025169849396	0.459422767162323	0.1785387247800827	-0.03280819579958916	0.03608964756131172	0.2423079013824463	0.30252206325531006	0.33014434576034546	-0.04488171264529228	1.0	-0.06835605204105377	0.06092989817261696	-0.039854176342487335	0.15906667709350586	0.4201202392578125	0.20927873253822327	0.17218270897865295	0.32135963439941406	0.4665472209453583	0.4455655813217163	0.13683006167411804	0.09271086752414703	0.35809510946273804	-0.036902859807014465	0.20950351655483246
PUT-VA-lh	0.003976228181272745	-0.021183723583817482	0.22875814139842987	0.03435494005680084	0.2281542420387268	-0.2280431091785431	0.4559814929962158	0.270602822303772	0.15758945047855377	-0.04694250971078873	0.789779007434845	0.5710046291351318	0.4563060700893402	0.36650535464286804	0.21474486589431763	0.5243186354637146	-0.06957107782363892	-0.5076202154159546	0.09756400436162949	0.3366229236125946	-0.5034173130989075	0.606416642665863	0.6634208559989929	-0.21487972140312195	0.19769617915153503	-0.13386164605617523	-0.4149160385131836	0.05662046745419502	-0.1708713322877884	0.3702945113182068	-0.002866157330572605	0.39619550108909607	0.4616813063621521	-0.14436663687229156	-0.06835605204105377	1.0	0.7896406650543213	0.5691867470741272	0.4638524651527405	0.43878108263015747	0.664970874786377	0.588545024394989	0.10807587206363678	-0.48052194714546204	-0.29983630776405334	0.170927032828331	0.42546147108078003	0.6637378334999084	0.20862919092178345	0.4680449962615967
PUT-DA-l	-0.01171361654996872	-0.030804026871919632	0.038630180060863495	-0.007740858010947704	0.172346293926239	-0.308915913105011	0.3523065447807312	0.1361817866563797	0.18502277135849	-0.0767282173037529	0.7427151203155518	0.7928988933563232	0.656737208366394	0.528588056564331	0.22643382847309113	0.5562950968742371	0.15227466821670532	-0.5890206098556519	-0.02077198587357998	0.20997761189937592	-0.21657459437847137	0.5748157501220703	0.659055769443512	-0.20538030564785004	0.19857530295848846	-0.08280029147863388	-0.30134469270706177	-0.1258886754512787	-0.2752898633480072	0.2406800091266632	-0.10266638547182083	0.32236188650131226	0.38846492767333984	-0.17075681686401367	0.06092989817261696	0.7896406650543213	1.0	0.608428418636322	0.6984134912490845	0.3692401945590973	0.49709805846214294	0.5074364542961121	0.09887874871492386	-0.5155138969421387	-0.20639102160930634	0.2206566333770752	0.3932311236858368	0.5657439827919006	0.3604609966278076	0.6164920330047607
PUT-VP-lh	0.1809421181678772	-0.06838773190975189	-0.02095899172127247	-0.009843606501817703	0.10371220111846924	-0.11143050342798233	0.16688750684261322	0.04425804316997528	-0.03279322758316994	0.16251398622989655	0.6586806774139404	0.5737506151199341	0.6267595291137695	0.43822726607322693	0.34283173084259033	0.3587069809436798	0.19184139370918274	-0.5279738306999207	-0.06880813091993332	0.010911492630839348	0.014871667139232159	0.5262277722358704	0.527033805847168	-0.036801956593990326	0.1389264464378357	-0.1339479386806488	-0.17648041248321533	-0.1855050027370453	-0.18051238358020782	0.0248562004417181	0.18484894931316376	0.12359928339719772	0.31616154313087463	-0.38138145208358765	-0.039854176342487335	0.5691867470741272	0.608428418636322	1.0	0.6275734305381775	0.2477441430091858	0.2647179067134857	0.5329133868217468	0.012699681334197521	-0.496386855840683	-0.2579772472381592	-0.028314223513007164	0.3865545988082886	0.3826017677783966	0.5316082239151001	0.2405896931886673
PUT-DP-lh	0.3098871111869812	-0.08995670080184937	0.10169962048530579	-0.01126261055469513	0.19532960653305054	-0.07426425069570541	0.07620690017938614	0.10654421895742416	0.09770176559686661	0.023440519347786903	0.595479428768158	0.7347500324249268	0.6418222784996033	0.7064476013183594	0.36045095324516296	0.546249270439148	0.25313374400138855	-0.39696648716926575	-0.1426200568675995	0.20749318599700928	0.09124012291431427	0.6420454978942871	0.6095065474510193	-0.07508708536624908	0.14812692999839783	0.14611394703388214	-0.014338783919811249	-0.14971821010112762	-0.04218730702996254	0.15488570928573608	-0.1072649359703064	0.09969927370548248	0.3693911135196686	0.03741256892681122	0.15906667709350586	0.4638524651527405	0.6984134912490845	0.6275734305381775	1.0	0.12188408523797989	0.20611640810966492	0.49018511176109314	0.33819055557250977	-0.43783026933670044	0.033186547458171844	0.43325498700141907	0.27757519483566284	0.2981429398059845	0.24808631837368011	0.3157311677932739
