Node	DMN_LABEL_1	Vis_LABEL_2	FP_LABEL_3	Aud_LABEL_4	Tpole_LABEL_5	PMN_LABEL_6	PON_LABEL_7	MTL_LABEL_8	PON_LABEL_9	CO_LABEL_10	Sal_LABEL_11	CO_LABEL_12	SMd_LABEL_13	SMl_LABEL_14	DAN_LABEL_15	DMN_LABEL_16	CO_LABEL_17	DMN_LABEL_18	VAN_LABEL_19	CO_LABEL_20	CO_LABEL_21	Sal_LABEL_22	DAN_LABEL_23	PMN_LABEL_24	DAN_LABEL_25	DMN_LABEL_26	DMN_LABEL_27	DMN_LABEL_28	Vis_LABEL_29	FP_LABEL_30	Aud_LABEL_31	Tpole_LABEL_32	PMN_LABEL_33	PON_LABEL_34	MTL_LABEL_35	CO_LABEL_36	Sal_LABEL_37	CO_LABEL_38	SMd_LABEL_39	SMl_LABEL_40	DAN_LABEL_41	CO_LABEL_42	VAN_LABEL_43	CO_LABEL_44	CO_LABEL_45	Sal_LABEL_46	DAN_LABEL_47	PMN_LABEL_48	DAN_LABEL_49	DMN_LABEL_50	FP_LABEL_51	DMN_LABEL_52	DMN_LABEL_53	PON_LABEL_54	DMN_LABEL_55	Tpole_LABEL_56	Tpole_LABEL_57	Sal_LABEL_58	Sal_LABEL_59	SMd_LABEL_60	DAN_LABEL_61	FP_LABEL_62	DMN_LABEL_63	FP_LABEL_64	FP_LABEL_65	SMd_LABEL_66	SMl_LABEL_67	SMd_LABEL_68	DMN_LABEL_69	DAN_LABEL_70	DMN_LABEL_71	FP_LABEL_72	SMd_LABEL_73	SMl_LABEL_74	MTL_LABEL_75	MTL_LABEL_76	CO_LABEL_77	CO_LABEL_78	Vis_LABEL_79	Vis_LABEL_80
DMN_LABEL_1	1.0	-0.06908589601516724	-0.48190298676490784	-0.22368170320987701	0.049937598407268524	0.11983470618724823	0.08803945034742355	n/a	-0.13418354094028473	-0.5746966600418091	-0.34599795937538147	-0.3283225893974304	0.15094532072544098	-0.05964503064751625	0.08323907852172852	0.6722949147224426	-0.009485463611781597	0.2913687229156494	-0.06862722337245941	-0.466157466173172	-0.5284361839294434	-0.2618831992149353	0.20582175254821777	0.4548969566822052	-0.18951162695884705	0.2694520652294159	0.17677515745162964	0.4892383813858032	-0.21586748957633972	-0.17814315855503082	-0.20360884070396423	-0.2246975600719452	0.035360973328351974	-0.005580341909080744	n/a	-0.348397433757782	-0.2866981625556946	-0.33168333768844604	0.3844250440597534	-0.06689559668302536	-0.5312180519104004	0.0408019945025444	0.27893397212028503	-0.22547447681427002	-0.3922560513019562	-0.24673502147197723	0.05895637720823288	0.6212379932403564	0.20329822599887848	0.6451685428619385	-0.5298227667808533	0.28576600551605225	0.27201008796691895	-0.2601878046989441	0.3905816078186035	-0.13150450587272644	0.01437180582433939	0.18968644738197327	0.0033970943186432123	0.3109828531742096	-0.04746780917048454	-0.08769702911376953	0.2534112334251404	-0.47657597064971924	-0.25948968529701233	-0.04804183915257454	-0.1964445859193802	0.02859959378838539	0.1542755514383316	0.02292529121041298	0.2133018672466278	-0.505949854850769	-0.1540641486644745	0.07032692432403564	-0.19180633127689362	-0.09001009166240692	0.24251030385494232	-0.12744756042957306	-0.1570940911769867	-0.10308124870061874
Vis_LABEL_2	-0.06908589601516724	1.0	0.13124656677246094	0.20109805464744568	0.028569789603352547	0.07532723993062973	0.5225321054458618	n/a	0.46017128229141235	-0.14324800670146942	-0.0301390178501606	-0.100548654794693	-0.03387334570288658	0.40208765864372253	-0.08066895604133606	0.021744078025221825	-0.18281453847885132	0.1214258223772049	0.025045271962881088	0.014591192826628685	-0.09467431157827377	-0.11174473911523819	-0.45345038175582886	0.18693073093891144	-0.002595164580270648	-0.09769292175769806	0.04518689960241318	-0.1577197015285492	0.8085546493530273	-0.04950713738799095	0.31061211228370667	0.2671595811843872	0.35084524750709534	0.42708349227905273	n/a	-0.06276149302721024	-0.08081819117069244	0.038723696023225784	0.09782397001981735	0.40135979652404785	0.09571228176355362	-0.3609614372253418	-0.22234933078289032	-0.08275391906499863	-0.11245006322860718	-0.0746309831738472	-0.1704031080007553	0.16071632504463196	-0.3694911599159241	-0.32099300622940063	-0.007178544066846371	-0.14072760939598083	0.0687011107802391	0.408328652381897	-0.11193487793207169	0.09317492693662643	0.03343314677476883	-0.20301833748817444	-0.1270245760679245	0.14693081378936768	-0.06841617077589035	0.26267075538635254	-0.1247519701719284	0.1376364380121231	0.2242112010717392	0.09148983657360077	0.4447091519832611	-0.16569757461547852	0.19215165078639984	-0.06613605469465256	0.013228273019194603	0.24465923011302948	0.06305039674043655	0.13070935010910034	0.15674808621406555	-0.04148773103952408	-0.472520112991333	-0.03954160958528519	-0.05029527470469475	0.02762734331190586
FP_LABEL_3	-0.48190298676490784	0.13124656677246094	1.0	0.13262373208999634	0.0024337824434041977	0.5725806951522827	0.2827945947647095	n/a	0.4115355312824249	0.5582560300827026	0.6281681060791016	0.5194718241691589	0.2767256796360016	-0.08920112252235413	-0.0627521425485611	-0.2655832767486572	0.35215333104133606	0.12966495752334595	-0.03013000078499317	0.5578147172927856	0.6009624004364014	0.27755245566368103	-0.2120320349931717	0.20401827991008759	0.1279609352350235	-0.1148834079504013	-0.04766466096043587	-0.4250786602497101	-0.03674137964844704	0.1941109001636505	0.1411982923746109	-0.1008189246058464	0.362993448972702	0.3135783076286316	n/a	0.2485755980014801	0.5201564431190491	0.305838406085968	-0.27498137950897217	-0.10242016613483429	0.5134185552597046	-0.0008530450286343694	-0.10356608033180237	0.2932952046394348	0.5040179491043091	0.24695172905921936	-0.09682571887969971	-0.270214319229126	-0.02901499718427658	-0.46376100182533264	0.6009188890457153	-0.272040456533432	-0.20282334089279175	0.4585415720939636	-0.51689213514328	0.10877347737550735	-0.10917039960622787	0.2066734880208969	0.2742901146411896	-0.18868088722229004	0.18704095482826233	0.03885846212506294	-0.3406256437301636	0.6020246148109436	0.1296636313199997	-0.21149806678295135	0.004989545792341232	0.5151798129081726	-0.08017715066671371	0.11780110001564026	-0.035158850252628326	0.5774304270744324	0.17507266998291016	-0.07970612496137619	0.5045644640922546	0.2535034120082855	0.07020758092403412	0.5299965739250183	0.043757785111665726	0.1308581829071045
Aud_LABEL_4	-0.22368170320987701	0.20109805464744568	0.13262373208999634	1.0	0.3710355758666992	0.28834158182144165	0.3690377175807953	n/a	0.24657008051872253	0.436678022146225	0.34472933411598206	0.13525724411010742	0.21664313971996307	0.3528830111026764	0.1374862641096115	-0.3473297655582428	0.42566096782684326	-0.06090604513883591	-0.2490948885679245	0.26506906747817993	0.3928692042827606	0.39247533679008484	-0.22641851007938385	0.33571502566337585	-0.2694202661514282	0.18891474604606628	-0.31968191266059875	-0.5310643315315247	0.2501852214336395	0.0475195087492466	0.7346068024635315	0.3390997648239136	0.4934957027435303	0.37079280614852905	n/a	0.2072553038597107	0.028266357257962227	-0.08161059767007828	-0.21837909519672394	0.32073482871055603	0.305162250995636	0.12056034803390503	-0.2425648272037506	0.30704253911972046	0.24605637788772583	0.26895061135292053	-0.007662022020667791	0.02977626584470272	-0.19239577651023865	-0.3970188498497009	-0.08406935632228851	-0.050092827528715134	0.0834113359451294	0.292463481426239	-0.3999258577823639	0.2992597222328186	0.2189396470785141	0.23154249787330627	0.12014990299940109	-0.11250102519989014	-0.005241271108388901	-0.15368439257144928	0.08772175014019012	0.02542022615671158	-0.09877459704875946	-0.1322522759437561	0.10654465109109879	-0.08250931650400162	-0.06666421890258789	-0.007976210676133633	0.0757766142487526	0.42119884490966797	0.2500094771385193	0.18098214268684387	0.30939310789108276	0.2036372572183609	-0.050404977053403854	0.3730127215385437	0.30194199085235596	0.12959210574626923
Tpole_LABEL_5	0.049937598407268524	0.028569789603352547	0.0024337824434041977	0.3710355758666992	1.0	0.23850011825561523	0.055013179779052734	n/a	0.311563640832901	0.025775974616408348	-0.04577384889125824	-0.4244697093963623	-0.027408408001065254	-0.13426028192043304	0.03706653416156769	0.11520636081695557	-0.13865482807159424	0.5510665774345398	0.08662240207195282	0.08000508695840836	0.002868638141080737	0.6041233539581299	-0.1302710771560669	0.03700368478894234	-0.4394656717777252	0.5491072535514832	-0.25938037037849426	-0.24628028273582458	-0.02603572979569435	0.4294279217720032	0.5350703597068787	0.5134800672531128	0.06966304033994675	0.007063194643706083	n/a	-0.47252386808395386	-0.11847439408302307	-0.6467980146408081	-0.4128197133541107	-0.08240848779678345	-0.1198221892118454	-0.10155557096004486	0.30780014395713806	0.2885020971298218	0.12461032718420029	0.6213794350624084	-0.07727781683206558	-0.11924408376216888	-0.11511693894863129	0.23409238457679749	-0.3072676360607147	0.3882890045642853	0.6714970469474792	-0.07888225466012955	-0.30164968967437744	0.6666630506515503	0.6384362578392029	0.24586473405361176	0.18679532408714294	0.36358213424682617	0.007651085965335369	-0.2282811850309372	0.7474879026412964	-0.08654076606035233	-0.38655519485473633	-0.297920823097229	-0.2551465630531311	0.3211502134799957	0.17232710123062134	0.06040051206946373	0.7567256689071655	-0.06166258826851845	0.22300516068935394	-0.30153071880340576	0.637671709060669	0.5089054107666016	0.09312760084867477	-0.010349763557314873	0.5050117373466492	0.6166660785675049
PMN_LABEL_6	0.11983470618724823	0.07532723993062973	0.5725806951522827	0.28834158182144165	0.23850011825561523	1.0	0.5109065771102905	n/a	0.3745434880256653	0.25726285576820374	0.6224204897880554	0.2651185393333435	0.40532776713371277	-0.11660187691450119	0.031926557421684265	-0.1070890948176384	0.44588854908943176	0.09923292696475983	-0.4638708829879761	0.25063708424568176	0.41839244961738586	0.32725152373313904	-0.11118482798337936	0.7221971750259399	-0.12688583135604858	0.005100947804749012	-0.20548172295093536	-0.40138354897499084	-0.13299691677093506	0.013775133527815342	0.16616667807102203	-0.09236082434654236	0.7167159914970398	0.4658663868904114	n/a	-0.003915362525731325	0.30243539810180664	-0.1555875539779663	-0.15546828508377075	-0.12638862431049347	0.3512137234210968	0.3405712842941284	-0.24704289436340332	0.2894790768623352	0.39095568656921387	0.2133016437292099	0.05965913459658623	0.26166847348213196	0.15480183064937592	-0.2833300232887268	0.19045577943325043	-0.26924416422843933	-0.04173531383275986	0.2310866415500641	-0.5665874481201172	0.2560140788555145	0.1994292140007019	0.29525190591812134	0.1896175593137741	-0.1489858627319336	0.052230991423130035	-0.1650998443365097	0.009060145355761051	0.12458693981170654	-0.16550128161907196	-0.3947611153125763	-0.19808515906333923	0.4329478442668915	-0.29446518421173096	0.07381169497966766	0.12663571536540985	0.2944977879524231	0.17307527363300323	-0.09076698869466782	0.4629342257976532	0.23531246185302734	0.3034711182117462	0.6007897853851318	0.3232108950614929	0.23351220786571503
PON_LABEL_7	0.08803945034742355	0.5225321054458618	0.2827945947647095	0.3690377175807953	0.055013179779052734	0.5109065771102905	1.0	n/a	0.6604662537574768	0.12965333461761475	0.25215670466423035	0.08099794387817383	0.2965189516544342	0.4372269809246063	-0.2299153059720993	-0.14288511872291565	0.22519177198410034	0.08431748300790787	-0.36960935592651367	-0.03007124550640583	0.0065710777416825294	-0.21554316580295563	-0.442563533782959	0.49567463994026184	0.016851933673024178	-0.3034403324127197	-0.20571665465831757	-0.41368338465690613	0.23098814487457275	-0.26746001839637756	0.13397197425365448	0.1154642254114151	0.6385009288787842	0.7751289010047913	n/a	-0.14113229513168335	-0.0392393097281456	-0.1668744683265686	-0.04551498219370842	0.2709028124809265	0.3038553297519684	-0.032873302698135376	-0.3154882788658142	-0.16140815615653992	-0.11932722479104996	-0.06642064452171326	-0.19349445402622223	0.29626306891441345	0.0413484163582325	-0.3452175259590149	0.07469037920236588	-0.3328065574169159	-0.0763717070221901	0.569834291934967	-0.3774636387825012	0.20773783326148987	-0.06780106574296951	-0.1570282131433487	-0.20950572192668915	-0.09880883246660233	0.23510387539863586	0.3318723142147064	-0.08042768388986588	0.20524489879608154	0.1718606948852539	-0.02310047298669815	0.3822271227836609	-0.07329975813627243	0.005644132383167744	0.2575954794883728	0.09658140689134598	0.2479858547449112	0.3907233774662018	0.35118770599365234	0.37746962904930115	0.0941888689994812	-0.31625843048095703	0.21820639073848724	0.08866213262081146	0.23044510185718536
MTL_LABEL_8	n/a	n/a	n/a	n/a	n/a	n/a	n/a	1.0	n/a	n/a	n/a	n/a	n/a	n/a	n/a	n/a	n/a	n/a	n/a	n/a	n/a	n/a	n/a	n/a	n/a	n/a	n/a	n/a	n/a	n/a	n/a	n/a	n/a	n/a	n/a	n/a	n/a	n/a	n/a	n/a	n/a	n/a	n/a	n/a	n/a	n/a	n/a	n/a	n/a	n/a	n/a	n/a	n/a	n/a	n/a	n/a	n/a	n/a	n/a	n/a	n/a	n/a	n/a	n/a	n/a	n/a	n/a	n/a	n/a	n/a	n/a	n/a	n/a	n/a	n/a	n/a	n/a	n/a	n/a	n/a
PON_LABEL_9	-0.13418354094028473	0.46017128229141235	0.4115355312824249	0.24657008051872253	0.311563640832901	0.3745434880256653	0.6604662537574768	n/a	1.0	0.24658772349357605	0.19623960554599762	0.06359920650720596	-0.05026054382324219	0.28883621096611023	-0.6078281998634338	-0.0013551238225772977	0.05125202238559723	0.36951443552970886	0.16673171520233154	0.30529943108558655	0.08922562003135681	0.03717664256691933	-0.5862971544265747	0.10414097458124161	0.22478093206882477	-0.16897866129875183	0.16303929686546326	-0.22561073303222656	0.1697712391614914	-0.08525407314300537	0.2572780251502991	0.40983620285987854	0.3078870475292206	0.5213242173194885	n/a	-0.15730074048042297	0.1776081621646881	-0.10766063630580902	-0.07198664546012878	0.23457543551921844	0.14729666709899902	-0.18631088733673096	-0.10612589120864868	0.053310662508010864	0.022506507113575935	0.15690265595912933	-0.39708268642425537	-0.14852726459503174	-0.0316045768558979	-0.2769317626953125	0.08531344681978226	-0.22215354442596436	0.11271487176418304	0.6401217579841614	-0.15990743041038513	0.35535386204719543	-0.013636056333780289	-0.1777108609676361	-0.15240302681922913	0.17140460014343262	0.4463403820991516	0.45957136154174805	-0.11705265939235687	0.42809590697288513	0.31144893169403076	0.24517706036567688	0.48941874504089355	0.24348650872707367	0.3248537480831146	0.4010470509529114	0.23526273667812347	0.11807794868946075	0.3459268808364868	0.3676137626171112	0.6639808416366577	0.3830562233924866	-0.24417726695537567	0.030224885791540146	0.06271430850028992	0.5209771990776062
CO_LABEL_10	-0.5746966600418091	-0.14324800670146942	0.5582560300827026	0.436678022146225	0.025775974616408348	0.25726285576820374	0.12965333461761475	n/a	0.24658772349357605	1.0	0.6049097776412964	0.6275349855422974	0.2302643209695816	0.01254967413842678	-0.1818651556968689	-0.57121342420578	0.42129388451576233	-0.11171383410692215	-0.05084378272294998	0.4705677926540375	0.7111222147941589	0.3667677640914917	-0.21183080971240997	-0.08033759146928787	0.16797110438346863	-0.08446060121059418	-0.21626350283622742	-0.5384101271629333	-0.04574285075068474	0.009641843847930431	0.20257334411144257	0.1502465158700943	0.20626886188983917	0.13954494893550873	n/a	0.4106691777706146	0.2995116710662842	0.17955701053142548	-0.2147638350725174	-0.05783186852931976	0.44270363450050354	0.1604309380054474	-0.20817197859287262	0.22312866151332855	0.3620726764202118	0.3119443356990814	-0.04490328207612038	-0.5135574340820312	0.16912077367305756	-0.5698140263557434	0.3040730357170105	-0.1917015165090561	-0.22857974469661713	0.23932452499866486	-0.41525939106941223	0.14280758798122406	-0.016209319233894348	0.1278812140226364	0.12300713360309601	-0.44148069620132446	0.15357206761837006	-0.10939048230648041	-0.23438024520874023	0.43202629685401917	0.1528235673904419	0.058195579797029495	0.0010502911172807217	0.06018165871500969	-0.12720607221126556	0.1076311394572258	0.014069094322621822	0.46949124336242676	0.2848335802555084	0.16565848886966705	0.3104023039340973	0.22500385344028473	0.0011672750115394592	0.4669910967350006	0.03742489963769913	0.21913181245326996
Sal_LABEL_11	-0.34599795937538147	-0.0301390178501606	0.6281681060791016	0.34472933411598206	-0.04577384889125824	0.6224204897880554	0.25215670466423035	n/a	0.19623960554599762	0.6049097776412964	1.0	0.5575610995292664	0.3540237843990326	0.177442267537117	-0.11931335180997849	-0.3840925991535187	0.4918559193611145	-0.2552214562892914	-0.2471829503774643	0.3570621609687805	0.8661137819290161	0.44554832577705383	-0.10523432493209839	0.3140007555484772	0.15222518146038055	-0.3113924562931061	-0.11082792282104492	-0.4755745232105255	-0.06062925606966019	-0.15007257461547852	0.2515000104904175	-0.02477475255727768	0.4257108271121979	0.32267332077026367	n/a	0.5070877075195312	0.6500864028930664	0.33903324604034424	-0.17967580258846283	0.10994448512792587	0.5726450085639954	0.2088996320962906	-0.25275132060050964	0.3776158392429352	0.6232114434242249	0.2957077622413635	0.10357233136892319	-0.05439164489507675	0.0862092524766922	-0.4461134970188141	0.49613192677497864	-0.6183350682258606	-0.3415958285331726	0.34128105640411377	-0.39289912581443787	0.16033867001533508	0.004270367324352264	0.24818027019500732	0.2827604115009308	-0.2805631160736084	0.36347290873527527	-0.042989347130060196	-0.1752811223268509	0.20628197491168976	-0.07604005932807922	-0.08685776591300964	0.017973091453313828	0.31517449021339417	-0.09708176553249359	0.308034747838974	-0.08252811431884766	0.4137119650840759	0.33348965644836426	0.07060081511735916	0.3214418888092041	0.32477468252182007	0.3799301087856293	0.7286610007286072	0.14777320623397827	0.1757717728614807
CO_LABEL_12	-0.3283225893974304	-0.100548654794693	0.5194718241691589	0.13525724411010742	-0.4244697093963623	0.2651185393333435	0.08099794387817383	n/a	0.06359920650720596	0.6275349855422974	0.5575610995292664	1.0	0.4353688657283783	0.0016664535505697131	-0.06470730900764465	-0.4950726330280304	0.44911226630210876	-0.3548215925693512	-0.15453633666038513	0.24555286765098572	0.5708939433097839	0.004863964859396219	0.028070669621229172	0.07968981564044952	0.4603966474533081	-0.2755712568759918	-0.002252263715490699	-0.24119392037391663	-0.12267108261585236	-0.3206554055213928	-0.2169826328754425	-0.21040789783000946	0.2895036041736603	-0.04092589020729065	n/a	0.54897540807724	0.2981050908565521	0.43127939105033875	-0.04745998978614807	-0.15747104585170746	0.3133282959461212	0.030504761263728142	-0.32211077213287354	0.024363739416003227	0.14442698657512665	-0.04631423577666283	-0.009708450175821781	-0.18776452541351318	0.0934760570526123	-0.5410879850387573	0.4267473518848419	-0.27036839723587036	-0.5662229061126709	0.1780698597431183	-0.1669379621744156	-0.22882330417633057	-0.3016328811645508	0.09187992662191391	0.10595318675041199	-0.46817049384117126	0.18565987050533295	0.1833614557981491	-0.5978458523750305	0.4841266870498657	0.3754039406776428	0.22350867092609406	0.1527748703956604	0.01055858749896288	-0.2568347752094269	0.13258732855319977	-0.38119056820869446	0.30907773971557617	0.16402775049209595	0.20283278822898865	-0.11958705633878708	-0.3213888704776764	-0.0029809284023940563	0.4223884642124176	-0.3265781104564667	-0.20655471086502075
SMd_LABEL_13	0.15094532072544098	-0.03387334570288658	0.2767256796360016	0.21664313971996307	-0.027408408001065254	0.40532776713371277	0.2965189516544342	n/a	-0.05026054382324219	0.2302643209695816	0.3540237843990326	0.4353688657283783	1.0	0.032004669308662415	0.2569255530834198	-0.22712069749832153	0.45898252725601196	-0.034856926649808884	-0.5001071095466614	-0.24305249750614166	0.17801198363304138	-0.022318793460726738	0.24529051780700684	0.46263426542282104	0.014703606255352497	0.05365052446722984	-0.4303904175758362	-0.45057737827301025	-0.09123878180980682	-0.20907270908355713	-0.09450338780879974	-0.24879203736782074	0.5446988344192505	0.11820407211780548	n/a	-0.14963935315608978	-0.10192959010601044	-0.14969784021377563	-0.12245135754346848	-0.19254030287265778	0.21625256538391113	-0.04306275397539139	-0.04933040589094162	-0.14320948719978333	-0.11127568781375885	0.05369195714592934	0.2468515783548355	0.3182491064071655	0.2754878103733063	-0.10156847536563873	0.06987070292234421	-0.01808050647377968	0.018039653077721596	-0.01780523918569088	-0.41394972801208496	0.1302042454481125	0.12577790021896362	0.08475524187088013	0.09870360791683197	-0.20550169050693512	0.09319130331277847	-0.1623346507549286	0.14954142272472382	0.055708445608615875	-0.09906136989593506	-0.2257087528705597	-0.2155236303806305	0.2326120138168335	-0.08783982694149017	0.2277464121580124	0.2127484679222107	0.12694644927978516	0.4235822260379791	-0.05581308528780937	0.09434126317501068	-0.014719928614795208	0.053608205169439316	0.2364039272069931	0.053810786455869675	0.03875132277607918
SMl_LABEL_14	-0.05964503064751625	0.40208765864372253	-0.08920112252235413	0.3528830111026764	-0.13426028192043304	-0.11660187691450119	0.4372269809246063	n/a	0.28883621096611023	0.01254967413842678	0.177442267537117	0.0016664535505697131	0.032004669308662415	1.0	-0.14915204048156738	-0.16878452897071838	0.19153951108455658	-0.29695096611976624	-0.06406309455633163	-0.22501300275325775	0.1833195686340332	-0.2488488256931305	-0.1884348839521408	0.14285752177238464	-0.0009372449130751193	-0.4239773154258728	-0.006261088419705629	-0.24300315976142883	0.48729416728019714	-0.5418043732643127	0.31123849749565125	0.4405982792377472	0.08635294437408447	0.5657563805580139	n/a	0.2611316740512848	0.008709345012903214	0.27995187044143677	0.12288627028465271	0.9088655114173889	0.3524852395057678	-0.10807844996452332	-0.38807621598243713	-0.19400647282600403	0.02148180827498436	-0.30230146646499634	0.11675774306058884	0.25736865401268005	-0.1582750678062439	-0.13573873043060303	-0.19556844234466553	-0.4959940016269684	-0.18257994949817657	0.5191739797592163	0.061057090759277344	0.1114877462387085	-0.1031215637922287	-0.3692426383495331	-0.3678056299686432	0.06557285040616989	0.3676551580429077	0.2775832712650299	-0.08709553629159927	-0.21050086617469788	0.0041221813298761845	0.31453344225883484	0.6712797284126282	-0.2606567144393921	0.28215423226356506	0.3422411382198334	-0.19381201267242432	-0.0407804474234581	0.27448973059654236	0.6951841711997986	-0.07216597348451614	-0.009309016168117523	-0.15857844054698944	0.13514110445976257	-0.11857523769140244	0.05253445357084274
DAN_LABEL_15	0.08323907852172852	-0.08066895604133606	-0.0627521425485611	0.1374862641096115	0.03706653416156769	0.031926557421684265	-0.2299153059720993	n/a	-0.6078281998634338	-0.1818651556968689	-0.11931335180997849	-0.06470730900764465	0.2569255530834198	-0.14915204048156738	1.0	-0.1821984499692917	0.05169392749667168	-0.2339041829109192	-0.37075790762901306	-0.2004619687795639	-0.01208482962101698	0.014158440753817558	0.5475032329559326	0.2561641037464142	-0.41567808389663696	0.26961344480514526	-0.450923353433609	-0.18447601795196533	0.1796085089445114	0.16452980041503906	0.12290414422750473	-0.23463624715805054	0.18548452854156494	-0.059960946440696716	n/a	-0.0007664145668968558	-0.29579704999923706	-0.042344383895397186	-0.1774994283914566	-0.03757448494434357	0.24339880049228668	0.27304738759994507	-0.13550378382205963	-0.03869422897696495	0.13326197862625122	-0.16272076964378357	0.5955297946929932	0.3055417239665985	-0.020946674048900604	0.03664666786789894	-0.17182061076164246	0.27957937121391296	0.059624768793582916	-0.25745928287506104	-0.31195417046546936	0.016427792608737946	0.26686540246009827	0.11809699982404709	-0.023067869246006012	-0.07022304832935333	-0.5304955840110779	-0.44912979006767273	0.21593524515628815	-0.3293795585632324	-0.36624494194984436	-0.5346693396568298	-0.414329469203949	-0.06416524201631546	-0.374834269285202	-0.45445120334625244	-0.13975940644741058	0.054226987063884735	-0.11934253573417664	-0.3161848187446594	-0.2562250792980194	-0.3650010824203491	0.09976128488779068	0.22576658427715302	0.25467023253440857	-0.36296072602272034
DMN_LABEL_16	0.6722949147224426	0.021744078025221825	-0.2655832767486572	-0.3473297655582428	0.11520636081695557	-0.1070890948176384	-0.14288511872291565	n/a	-0.0013551238225772977	-0.57121342420578	-0.3840925991535187	-0.4950726330280304	-0.22712069749832153	-0.16878452897071838	-0.1821984499692917	1.0	-0.2022070586681366	0.6078878045082092	0.5024131536483765	-0.06138076260685921	-0.4772612750530243	-0.00021223975636530668	-0.14279292523860931	0.07003332674503326	-0.20428581535816193	0.3786558508872986	0.6333937644958496	0.770722508430481	-0.2439415156841278	0.2787189483642578	-0.07544532418251038	-0.1470630168914795	-0.30806851387023926	-0.19936563074588776	n/a	-0.2141118347644806	0.13520655035972595	-0.04819430410861969	0.46569347381591797	-0.07033813744783401	-0.6866933703422546	-0.17951372265815735	0.6675459146499634	0.10428699851036072	-0.1505274474620819	0.06603092700242996	-0.39055749773979187	0.18526795506477356	-0.12513557076454163	0.722419261932373	-0.20114615559577942	0.31406861543655396	0.4048248529434204	-0.12087522447109222	0.6399962306022644	-0.26914700865745544	-0.16805505752563477	0.4258480668067932	0.38469651341438293	0.5803046822547913	0.06959549337625504	0.02701689675450325	0.13144943118095398	-0.13803134858608246	-0.12315890192985535	0.10266146808862686	-0.09072044491767883	0.28720882534980774	0.49350568652153015	0.015753185376524925	0.256220281124115	-0.2852635681629181	-0.389418363571167	-0.0983760729432106	-0.023264512419700623	0.21894913911819458	0.2696569561958313	-0.2558363676071167	-0.22523389756679535	-0.10255532711744308
CO_LABEL_17	-0.009485463611781597	-0.18281453847885132	0.35215333104133606	0.42566096782684326	-0.13865482807159424	0.44588854908943176	0.22519177198410034	n/a	0.05125202238559723	0.42129388451576233	0.4918559193611145	0.44911226630210876	0.45898252725601196	0.19153951108455658	0.05169392749667168	-0.2022070586681366	1.0	-0.1304168701171875	-0.39361968636512756	0.17455443739891052	0.5198365449905396	0.08607566356658936	0.15691716969013214	0.5424500107765198	-0.15846267342567444	-0.18442849814891815	-0.2535216808319092	-0.369323194026947	-0.18211767077445984	-0.28638097643852234	0.02375074289739132	-0.14993000030517578	0.268504798412323	0.3768062889575958	n/a	0.31134676933288574	0.15241356194019318	0.17653599381446838	-0.027905568480491638	0.0895044207572937	0.37051159143447876	0.42439883947372437	-0.2759073078632355	0.15522025525569916	0.315653920173645	-0.12945520877838135	0.23036891222000122	0.19412532448768616	0.15127882361412048	-0.10616713017225266	-0.038224957883358	-0.3996499180793762	-0.26496008038520813	0.0968082994222641	-0.30898186564445496	-0.13138344883918762	-0.2780860662460327	0.15468540787696838	0.05832246318459511	-0.20653095841407776	0.23513375222682953	-0.1800897866487503	-0.170135036110878	0.03878040611743927	-0.16320595145225525	0.01841895841062069	-0.019879281520843506	0.2145092636346817	-0.14976242184638977	0.30767759680747986	-0.15911036729812622	0.2232564389705658	0.14148685336112976	0.2895023226737976	0.021056201308965683	0.06253707408905029	0.36341002583503723	0.5446466207504272	0.04868616536259651	-0.09358374774456024
DMN_LABEL_18	0.2913687229156494	0.1214258223772049	0.12966495752334595	-0.06090604513883591	0.5510665774345398	0.09923292696475983	0.08431748300790787	n/a	0.36951443552970886	-0.11171383410692215	-0.2552214562892914	-0.3548215925693512	-0.034856926649808884	-0.29695096611976624	-0.2339041829109192	0.6078878045082092	-0.1304168701171875	1.0	0.3680499494075775	0.14863371849060059	-0.32174748182296753	0.22290225327014923	-0.36193954944610596	-0.011252515017986298	-0.23670607805252075	0.5648490190505981	0.2182062268257141	0.2485262006521225	-0.23924702405929565	0.4754472076892853	0.17043672502040863	0.019354842603206635	-0.11619782447814941	-0.14024095237255096	n/a	-0.4855022430419922	-0.0005497614038176835	-0.4123375713825226	0.008723748847842216	-0.2708720564842224	-0.5298593640327454	-0.2963498532772064	0.6649483442306519	0.18054480850696564	-0.1305149793624878	0.4015994668006897	-0.4849832355976105	-0.19461333751678467	-0.09361625462770462	0.42849647998809814	-0.1299218386411667	0.4774050712585449	0.6740096807479858	-0.04427528753876686	0.13441483676433563	0.12600935995578766	0.09353668987751007	0.3485918343067169	0.35127004981040955	0.46639198064804077	0.01799316704273224	-0.021626615896821022	0.33796584606170654	0.23403958976268768	-0.14540165662765503	-0.09175755828619003	-0.16607815027236938	0.4143582582473755	0.3739938735961914	-0.016509883105754852	0.6493373513221741	0.0038868687115609646	-0.0758976936340332	-0.29345887899398804	0.5701954364776611	0.509429395198822	0.05965174734592438	-0.2204238474369049	0.03328506276011467	0.3108210563659668
VAN_LABEL_19	-0.06862722337245941	0.025045271962881088	-0.03013000078499317	-0.2490948885679245	0.08662240207195282	-0.4638708829879761	-0.36960935592651367	n/a	0.16673171520233154	-0.05084378272294998	-0.2471829503774643	-0.15453633666038513	-0.5001071095466614	-0.06406309455633163	-0.37075790762901306	0.5024131536483765	-0.39361968636512756	0.3680499494075775	1.0	0.2554016709327698	-0.11039020121097565	0.19294485449790955	-0.30990511178970337	-0.603184700012207	0.20089972019195557	0.21161942183971405	0.6663035154342651	0.5799520611763	-0.07104697823524475	0.23717422783374786	0.07208693027496338	0.25702160596847534	-0.5644600987434387	-0.35536298155784607	n/a	0.18236257135868073	0.29146379232406616	0.25115811824798584	0.1779000610113144	0.033757999539375305	-0.46535995602607727	-0.4452429413795471	0.5391374826431274	0.12460575997829437	-0.022435689345002174	0.23461242020130157	-0.47885698080062866	-0.5209900736808777	-0.2644345164299011	0.2797691822052002	0.03377193212509155	0.2652404308319092	0.1395110934972763	0.12761735916137695	0.5860515832901001	-0.1741710752248764	-0.16123585402965546	0.2053811401128769	0.3178195059299469	0.4473724961280823	0.22890764474868774	0.20377185940742493	-0.12076125293970108	0.24492518603801727	0.1544772833585739	0.44015562534332275	0.17933131754398346	0.2322966754436493	0.5973482131958008	0.07300212979316711	0.12875637412071228	-0.17488013207912445	-0.2260729819536209	0.05569711700081825	0.08924085646867752	0.23900127410888672	0.003199454164132476	-0.2641206681728363	-0.34998732805252075	0.07678424566984177
CO_LABEL_20	-0.466157466173172	0.014591192826628685	0.5578147172927856	0.26506906747817993	0.08000508695840836	0.25063708424568176	-0.03007124550640583	n/a	0.30529943108558655	0.4705677926540375	0.3570621609687805	0.24555286765098572	-0.24305249750614166	-0.22501300275325775	-0.2004619687795639	-0.06138076260685921	0.17455443739891052	0.14863371849060059	0.2554016709327698	1.0	0.5131347179412842	0.4676651954650879	-0.32010629773139954	0.010863320901989937	0.021118709817528725	0.11104200780391693	0.258964478969574	-0.05405949428677559	-0.04131490737199783	0.4180090129375458	0.3645429313182831	-0.11933191865682602	0.08701442927122116	0.05229952186346054	n/a	0.3041326403617859	0.544064998626709	0.38543862104415894	-0.029390553012490273	-0.09590692073106766	0.17834532260894775	0.06013907864689827	0.013681527227163315	0.6934534907341003	0.5330808758735657	0.3293461799621582	-0.299286812543869	-0.41054677963256836	-0.26896271109580994	-0.3818276822566986	0.49403637647628784	-0.09111172705888748	-0.15445955097675323	0.3996163606643677	-0.13870704174041748	-0.08108654618263245	-0.29262033104896545	0.3487367630004883	0.3334459960460663	-0.011681958101689816	-0.01712619885802269	0.053383033722639084	-0.3889414072036743	0.5175573229789734	0.3268321454524994	-0.03648959845304489	0.05674212425947189	0.2019968181848526	-0.07981609553098679	-0.13399861752986908	-0.16919557750225067	0.5626480579376221	-0.2044815868139267	-0.07590239495038986	0.3800933361053467	0.31846049427986145	-0.0026693297550082207	0.262673556804657	-0.011592963710427284	-0.006788783241063356
CO_LABEL_21	-0.5284361839294434	-0.09467431157827377	0.6009624004364014	0.3928692042827606	0.002868638141080737	0.41839244961738586	0.0065710777416825294	n/a	0.08922562003135681	0.7111222147941589	0.8661137819290161	0.5708939433097839	0.17801198363304138	0.1833195686340332	-0.01208482962101698	-0.4772612750530243	0.5198365449905396	-0.32174748182296753	-0.11039020121097565	0.5131347179412842	1.0	0.5505887866020203	0.01067204587161541	0.15796780586242676	0.02365964464843273	-0.25382906198501587	-0.12582184374332428	-0.4975266754627228	0.05385575070977211	-0.04202226921916008	0.31823021173477173	0.12976384162902832	0.22665627300739288	0.22289076447486877	n/a	0.6074434518814087	0.5849151015281677	0.4729967713356018	-0.220754012465477	0.18829946219921112	0.6246851682662964	0.22725717723369598	-0.2940860390663147	0.5049370527267456	0.7552025318145752	0.28653573989868164	0.20083728432655334	-0.2008831948041916	-0.10951808840036392	-0.4323737621307373	0.38075608015060425	-0.5257446765899658	-0.3384683132171631	0.31549039483070374	-0.38204994797706604	0.10888881236314774	-0.039642587304115295	0.24306470155715942	0.2480279803276062	-0.21951137483119965	0.24845801293849945	-0.10037767887115479	-0.18890126049518585	0.22638148069381714	-0.025296472012996674	-0.027048490941524506	0.0698428824543953	0.2394896149635315	-0.15588314831256866	0.18706713616847992	-0.17828726768493652	0.4421890676021576	0.1752159744501114	0.11260198801755905	0.20417918264865875	0.212996706366539	0.2894454002380371	0.6955199837684631	0.084164559841156	0.0904797613620758
Sal_LABEL_22	-0.2618831992149353	-0.11174473911523819	0.27755245566368103	0.39247533679008484	0.6041233539581299	0.32725152373313904	-0.21554316580295563	n/a	0.03717664256691933	0.3667677640914917	0.44554832577705383	0.004863964859396219	-0.022318793460726738	-0.2488488256931305	0.014158440753817558	-0.00021223975636530668	0.08607566356658936	0.22290225327014923	0.19294485449790955	0.4676651954650879	0.5505887866020203	1.0	-0.15793171525001526	-0.009092176333069801	-0.2697141170501709	0.4336004853248596	-0.021197469905018806	-0.18719765543937683	-0.09084169566631317	0.5543782711029053	0.4991705119609833	0.2739870548248291	0.09591320902109146	-0.1688356101512909	n/a	0.14118732511997223	0.4514296054840088	-0.1033080667257309	-0.23609061539173126	-0.14006516337394714	0.05746900662779808	0.0194885041564703	0.267217218875885	0.7416551113128662	0.5854812264442444	0.8170731663703918	-0.13344617187976837	-0.3221341073513031	-0.23695819079875946	-0.0506194569170475	0.14815202355384827	0.10950085520744324	0.31844714283943176	-0.0782751515507698	-0.24498747289180756	0.26607775688171387	0.37938085198402405	0.604783833026886	0.6241874098777771	0.09589595347642899	-0.05404970049858093	-0.39508479833602905	0.29874753952026367	0.12757782638072968	-0.24691705405712128	-0.26186639070510864	-0.3280755281448364	0.3842310607433319	-0.01789131388068199	-0.08834578096866608	0.3990766108036041	0.3775339722633362	-0.05999218672513962	-0.38085049390792847	0.413937509059906	0.45683252811431885	0.2750614285469055	0.25686782598495483	0.3934365212917328	0.34559348225593567
DAN_LABEL_23	0.20582175254821777	-0.45345038175582886	-0.2120320349931717	-0.22641851007938385	-0.1302710771560669	-0.11118482798337936	-0.442563533782959	n/a	-0.5862971544265747	-0.21183080971240997	-0.10523432493209839	0.028070669621229172	0.24529051780700684	-0.1884348839521408	0.5475032329559326	-0.14279292523860931	0.15691716969013214	-0.36193954944610596	-0.30990511178970337	-0.32010629773139954	0.01067204587161541	-0.15793171525001526	1.0	0.1494440883398056	0.04268521070480347	-0.10325374454259872	-0.37307244539260864	-0.05140908434987068	-0.1274501532316208	-0.17586173117160797	-0.26317861676216125	-0.32004332542419434	-0.17356061935424805	-0.16213932633399963	n/a	-0.1088201180100441	-0.3653060495853424	0.013000003062188625	-0.29752254486083984	-0.16873237490653992	0.17492176592350006	0.14288775622844696	-0.12301227450370789	-0.15453559160232544	0.005144410766661167	-0.3875991404056549	0.8106473684310913	0.3706395924091339	0.23231692612171173	0.34977206587791443	-0.2754857838153839	0.02944420836865902	-0.07384765148162842	-0.3189850449562073	-0.07872631400823593	-0.04985077679157257	0.0908743292093277	-0.1526678055524826	-0.25299689173698425	-0.0018702957313507795	-0.10472604632377625	-0.21990878880023956	0.2039918452501297	-0.4169163405895233	-0.2792680561542511	-0.2231173813343048	-0.3011327385902405	0.10364707559347153	-0.1950688660144806	0.020985223352909088	-0.18994654715061188	-0.37422123551368713	0.09785416722297668	-0.08079221844673157	-0.3290483057498932	-0.2876163423061371	0.31865012645721436	0.02122163213789463	-0.038907937705516815	-0.18560455739498138
PMN_LABEL_24	0.4548969566822052	0.18693073093891144	0.20401827991008759	0.33571502566337585	0.03700368478894234	0.7221971750259399	0.49567463994026184	n/a	0.10414097458124161	-0.08033759146928787	0.3140007555484772	0.07968981564044952	0.46263426542282104	0.14285752177238464	0.2561641037464142	0.07003332674503326	0.5424500107765198	-0.011252515017986298	-0.603184700012207	0.010863320901989937	0.15796780586242676	-0.009092176333069801	0.1494440883398056	1.0	-0.29734355211257935	0.04882028326392174	-0.24922963976860046	-0.2792190909385681	0.07664559036493301	-0.16935890913009644	0.17803871631622314	-0.25062698125839233	0.6598218083381653	0.5592883825302124	n/a	-0.06484869122505188	-0.03728067874908447	-0.11369949579238892	0.030047442764043808	0.11164219677448273	0.21502827107906342	0.2514772117137909	-0.27867844700813293	0.10844924300909042	0.1292676329612732	-0.1883721798658371	0.2679964005947113	0.7358351945877075	0.06490021198987961	-0.04219894856214523	-0.13972431421279907	-0.16356755793094635	-0.054893843829631805	0.18509063124656677	-0.3394605815410614	0.00663163373246789	0.00352896167896688	0.20209623873233795	0.03629179671406746	-0.01577332243323326	-0.05226781219244003	-0.138454407453537	0.008423317223787308	-0.18310071527957916	-0.1937865912914276	-0.32001563906669617	-0.049676235765218735	0.16338065266609192	-0.20509551465511322	0.02431200072169304	-0.059345755726099014	0.1598273515701294	0.04111429303884506	0.09727939963340759	0.12536978721618652	0.023139525204896927	0.2500150203704834	0.47493478655815125	0.07944243401288986	-0.11052290350198746
DAN_LABEL_25	-0.18951162695884705	-0.002595164580270648	0.1279609352350235	-0.2694202661514282	-0.4394656717777252	-0.12688583135604858	0.016851933673024178	n/a	0.22478093206882477	0.16797110438346863	0.15222518146038055	0.4603966474533081	0.014703606255352497	-0.0009372449130751193	-0.41567808389663696	-0.20428581535816193	-0.15846267342567444	-0.23670607805252075	0.20089972019195557	0.021118709817528725	0.02365964464843273	-0.2697141170501709	0.04268521070480347	-0.29734355211257935	1.0	-0.42633256316185	0.22601580619812012	0.11267443001270294	-0.09852425754070282	-0.39098501205444336	-0.31176793575286865	-0.14264433085918427	-0.08640964329242706	-0.14705848693847656	n/a	0.14773742854595184	0.10865070670843124	0.24319171905517578	-0.08899056911468506	-0.13421408832073212	0.006288617383688688	-0.3336679935455322	-0.12053464353084564	-0.17005981504917145	-0.27165284752845764	-0.14840851724147797	-0.09230305999517441	-0.2674262523651123	0.3064410388469696	-0.28622105717658997	0.2933847904205322	-0.251760870218277	-0.4041839838027954	0.22143283486366272	0.17230306565761566	-0.14221662282943726	-0.18481838703155518	-0.34252381324768066	-0.16309206187725067	-0.32353806495666504	0.28706464171409607	0.40188881754875183	-0.5106454491615295	0.36677733063697815	0.4514451026916504	0.42996689677238464	0.3361898958683014	-0.03166291117668152	0.06467044353485107	0.20930343866348267	-0.2540126144886017	-0.0747891217470169	0.3259814381599426	0.2848176956176758	-0.0014332080027088523	-0.07804884761571884	-0.09972042590379715	-0.15267974138259888	-0.41894662380218506	0.15192359685897827
