Node	LH_Vis_1	LH_Vis_2	LH_Vis_3	LH_Vis_4	LH_Vis_5	LH_Vis_6	LH_Vis_7	LH_Vis_8	LH_Vis_9	LH_SomMot_1	LH_SomMot_2	LH_SomMot_3	LH_SomMot_4	LH_SomMot_5	LH_SomMot_6	LH_DorsAttn_Post_1	LH_DorsAttn_Post_2	LH_DorsAttn_Post_3	LH_DorsAttn_Post_4	LH_DorsAttn_Post_5	LH_DorsAttn_Post_6	LH_DorsAttn_PrCv_1	LH_DorsAttn_FEF_1	LH_SalVentAttn_ParOper_1	LH_SalVentAttn_FrOperIns_1	LH_SalVentAttn_FrOperIns_2	LH_SalVentAttn_PFCl_1	LH_SalVentAttn_Med_1	LH_SalVentAttn_Med_2	LH_SalVentAttn_Med_3	LH_Limbic_OFC_1	LH_Limbic_TempPole_1	LH_Limbic_TempPole_2	LH_Cont_Par_1	LH_Cont_PFCl_1	LH_Cont_pCun_1	LH_Cont_Cing_1	LH_Default_Temp_1	LH_Default_Temp_2	LH_Default_Par_1	LH_Default_Par_2	LH_Default_PFC_1	LH_Default_PFC_2	LH_Default_PFC_3	LH_Default_PFC_4	LH_Default_PFC_5	LH_Default_PFC_6	LH_Default_PFC_7	LH_Default_pCunPCC_1	LH_Default_pCunPCC_2	RH_Vis_1	RH_Vis_2	RH_Vis_3	RH_Vis_4	RH_Vis_5	RH_Vis_6	RH_Vis_7	RH_Vis_8	RH_SomMot_1	RH_SomMot_2	RH_SomMot_3	RH_SomMot_4	RH_SomMot_5	RH_SomMot_6	RH_SomMot_7	RH_SomMot_8	RH_DorsAttn_Post_1	RH_DorsAttn_Post_2	RH_DorsAttn_Post_3	RH_DorsAttn_Post_4	RH_DorsAttn_Post_5	RH_DorsAttn_PrCv_1	RH_DorsAttn_FEF_1	RH_SalVentAttn_TempOccPar_1	RH_SalVentAttn_TempOccPar_2	RH_SalVentAttn_FrOperIns_1	RH_SalVentAttn_Med_1	RH_SalVentAttn_Med_2	RH_Limbic_OFC_1	RH_Limbic_TempPole_1	RH_Cont_Par_1	RH_Cont_Par_2	RH_Cont_PFCl_1	RH_Cont_PFCl_2	RH_Cont_PFCl_3	RH_Cont_PFCl_4	RH_Cont_Cing_1	RH_Cont_PFCmp_1	RH_Cont_pCun_1	RH_Default_Par_1	RH_Default_Temp_1	RH_Default_Temp_2	RH_Default_Temp_3	RH_Default_PFCv_1	RH_Default_PFCv_2	RH_Default_PFCdPFCm_1	RH_Default_PFCdPFCm_2	RH_Default_PFCdPFCm_3	RH_Default_pCunPCC_1	RH_Default_pCunPCC_2	LH-Pu	LH-Ca	LH-NAC	LH-EXA	LH-GPe	LH-GPi	LH-SNc_PBP_VTA	LH-RN	LH-SNr	LH-VeP	LH-HN	LH-HTH	LH-MN	LH-STH	RH-Pu	RH-Ca	RH-NAC	RH-EXA	RH-GPe	RH-GPi	RH-SNc_PBP_VTA	RH-RN	RH-SNr	RH-VeP	RH-HN	RH-HTH	RH-MN	RH-STH	LH-Pulvinar	LH-Anterior	LH-Medio_Dorsal	LH-Ventral_Latero_Dorsal	LH-Central_Lateral-Lateral_Posterior-Medial_Pulvinar	LH-Ventral_Anterior	LH-Ventral_Latero_Ventral	RH-Pulvinar	RH-Anterior	RH-Medio_Dorsal	RH-Ventral_Latero_Dorsal	RH-Central_Lateral-Lateral_Posterior-Medial_Pulvinar	RH-Ventral_Anterior	RH-Ventral_Latero_Ventral	LH_Hippocampus	LH_Amygdala	RH_Hippocampus	RH_Amygdala	Cerebellar_Region1	Cerebellar_Region2	Cerebellar_Region3	Cerebellar_Region4	Cerebellar_Region5	Cerebellar_Region6	Cerebellar_Region7	Cerebellar_Region8	Cerebellar_Region9	Cerebellar_Region10
LH_Vis_1	1.0	0.15868152678012848	0.6325570344924927	-0.38017573952674866	0.1638059765100479	0.5179754495620728	0.20173302292823792	0.6000193357467651	0.46540573239326477	-0.1581059992313385	-0.2615504562854767	-0.11621241271495819	-0.21094419062137604	-0.14317607879638672	-0.22943486273288727	0.5733415484428406	0.09052599966526031	0.5050124526023865	0.23108746111392975	-0.09778198599815369	-0.2592109143733978	0.2658347487449646	0.3633778989315033	-0.12940388917922974	0.12193046510219574	0.00047354804701171815	0.2710265517234802	0.06853301078081131	0.09918943047523499	0.07654377073049545	0.2533600330352783	0.01643218845129013	-0.04404040798544884	0.10241890698671341	0.011780649423599243	-0.19564278423786163	-0.21582405269145966	0.01831945963203907	-0.24334241449832916	-0.2881559729576111	-0.2334735095500946	-0.11106669902801514	0.07094375044107437	0.04515887796878815	0.01665644906461239	-0.08062438666820526	-0.17012867331504822	-0.03620924428105354	0.278614342212677	-0.37299492955207825	0.41795244812965393	0.3463975191116333	0.23410461843013763	-0.408608078956604	0.16936880350112915	0.4311363995075226	0.5268526077270508	0.20198172330856323	-0.2926560342311859	-0.2481820285320282	-0.19694070518016815	-0.3257692754268646	-0.212199404835701	-0.25166642665863037	-0.3157762289047241	-0.2500093877315521	-0.10739237070083618	0.02476574294269085	0.11813101172447205	0.5167567729949951	-0.2062210589647293	0.05429241061210632	0.4086608588695526	-0.19916443526744843	-0.08781205862760544	-0.00600516889244318	0.3407873511314392	0.021260658279061317	0.2026437520980835	-0.08074425160884857	-0.11768168210983276	-0.09244149923324585	0.0699618011713028	-0.045814529061317444	0.33998680114746094	-0.05753127112984657	-0.12346798181533813	0.028785986825823784	-0.09226319938898087	-0.19526533782482147	0.026634253561496735	-0.14755865931510925	-0.31671953201293945	0.13144958019256592	-0.1411701887845993	0.07821011543273926	0.050031691789627075	0.055826008319854736	0.1740850806236267	-0.2806052267551422	0.26644837856292725	0.19476763904094696	-0.01882779225707054	0.20783352851867676	0.06315920501947403	0.032240819185972214	-0.2284913808107376	-0.041787780821323395	0.03136738762259483	-0.1084669753909111	-0.07430041581392288	0.06915551424026489	0.04286651685833931	0.10071777552366257	0.2947278618812561	0.168208047747612	-0.024104943498969078	-0.04038168862462044	0.058315325528383255	-0.028920702636241913	0.02058272808790207	0.10882388800382614	0.07998905330896378	0.038080304861068726	-0.14409659802913666	0.2721795439720154	-0.21484936773777008	-0.1791515201330185	0.16889317333698273	0.013017951510846615	-0.05797147378325462	0.12378891557455063	-0.08958472311496735	-0.06797049194574356	0.25033581256866455	0.10765742510557175	-0.0803011804819107	0.085285484790802	0.06833255290985107	0.1203790083527565	-0.024718480184674263	-0.06574507057666779	0.050138700753450394	0.2641085088253021	0.06948525458574295	0.21031981706619263	-0.18610501289367676	-0.2351919561624527	0.24840092658996582	n/a	0.2650243043899536	-0.13719972968101501	n/a	0.17531462013721466	n/a	n/a
LH_Vis_2	0.15868152678012848	1.0	0.41598331928253174	0.489676833152771	0.4014011323451996	0.3224327862262726	0.25969642400741577	0.5079742074012756	0.30851542949676514	0.013724042102694511	0.047127142548561096	0.21371543407440186	-0.11285711824893951	0.07699067145586014	-0.00962841510772705	0.5611500144004822	0.16304084658622742	0.04477997124195099	0.35740068554878235	-0.27487701177597046	-0.06093812361359596	0.2061178982257843	0.15612061321735382	0.2673100233078003	0.16897903382778168	0.011675439774990082	0.271692156791687	0.30293458700180054	0.09332840144634247	0.25382721424102783	0.015304730273783207	-0.35902324318885803	-0.2910149395465851	-0.10706768184900284	-0.06653810292482376	-0.058110013604164124	-0.0047660875134170055	-0.08114329725503922	-0.012418082915246487	0.24765370786190033	-0.2867316007614136	-0.3377194404602051	-0.2797674536705017	-0.13935068249702454	0.2856198251247406	-0.028282972052693367	-0.008011937141418457	-0.21667852997779846	-0.16704164445400238	-0.24991895258426666	-0.25793400406837463	0.47058284282684326	0.3457393944263458	0.3099575936794281	0.3971948027610779	0.3306022584438324	0.37821531295776367	0.2174529731273651	-0.19797579944133759	-0.06387905776500702	-0.001682581496424973	-0.0719921737909317	-0.08825749158859253	-0.0924331396818161	-0.050889600068330765	0.02250906638801098	-0.2835600674152374	0.010291850194334984	-0.035219158977270126	0.02139151468873024	-0.15579736232757568	0.19034232199192047	0.13654977083206177	-0.1304970383644104	0.022522570565342903	0.0959910973906517	0.25310957431793213	0.19311171770095825	-0.03655853495001793	-0.38849374651908875	-0.15062206983566284	-0.36536240577697754	0.06702407449483871	0.008871017955243587	0.24731814861297607	-0.09234709292650223	0.06058688834309578	0.04621293395757675	-0.08341385424137115	-0.5349186658859253	-0.5377182960510254	-0.2920841872692108	-0.0743168517947197	-0.12275372445583344	-0.11958134174346924	-0.08244055509567261	0.04921251907944679	-0.06119333207607269	-0.05118479207158089	-0.17327386140823364	0.07113534212112427	-0.025778714567422867	-0.3708323538303375	0.2155276983976364	-0.1226462796330452	-0.0918647050857544	-0.009168416261672974	0.28786107897758484	0.20672355592250824	-0.16410572826862335	0.0644441470503807	-0.001492347102612257	-0.1205185279250145	0.2851434350013733	0.0721626728773117	0.11825792491436005	-0.1029825434088707	0.153629332780838	-0.23498491942882538	0.10412180423736572	0.002004617126658559	0.012702539563179016	-0.17271345853805542	-0.037685904651880264	-0.19181396067142487	-0.04331670328974724	-0.285094678401947	0.034885089844465256	0.30317002534866333	-0.05190037563443184	-0.021774645894765854	0.34369194507598877	0.14114858210086823	0.09240071475505829	0.2907952666282654	-0.08486568182706833	0.04183148220181465	-0.06496699154376984	0.10391637682914734	-0.15832911431789398	0.024953709915280342	0.12496994435787201	-0.15528041124343872	-0.14439480006694794	-0.4162900149822235	0.01247486099600792	0.2008240669965744	0.2124730944633484	0.16505198180675507	n/a	0.1962597519159317	0.0789923220872879	n/a	-0.09011130779981613	n/a	n/a
LH_Vis_3	0.6325570344924927	0.41598331928253174	1.0	-0.2717677056789398	0.29672783613204956	0.8322105407714844	0.3164380192756653	0.8892915844917297	0.8968770503997803	-0.16086812317371368	-0.3485732674598694	-0.16273057460784912	-0.3322966992855072	-0.23159298300743103	-0.2982916831970215	0.6879295110702515	0.11216635257005692	0.5508802533149719	0.3187229633331299	0.0893709659576416	-0.3148345649242401	0.2266867458820343	0.2783760130405426	-0.15289802849292755	0.01673208735883236	-0.2005959004163742	-0.0022373755928128958	-0.0392923541367054	0.22321411967277527	-0.08397232741117477	0.13742117583751678	-0.40816357731819153	-0.5399886965751648	0.02378016896545887	-0.17780929803848267	-0.25691625475883484	-0.1262131631374359	-0.22326771914958954	-0.4774188995361328	-0.24884645640850067	-0.5916891694068909	-0.488963782787323	-0.3383252024650574	-0.25078779458999634	-0.03690627962350845	-0.45776915550231934	-0.4745842516422272	-0.3942829966545105	0.0029621217399835587	-0.46426695585250854	0.23920786380767822	0.7298996448516846	0.4728720486164093	-0.35075175762176514	0.6112469434738159	0.8372979760169983	0.7676904201507568	0.7210243940353394	-0.08511999249458313	-0.2239827811717987	0.054954975843429565	-0.17625486850738525	-0.07626083493232727	-0.16917450726032257	-0.30779707431793213	-0.21451938152313232	0.1908361166715622	0.18714465200901031	0.19473761320114136	0.6286932826042175	0.052140697836875916	0.2267778366804123	0.44155001640319824	0.0021996204741299152	0.27374085783958435	-0.028960106894373894	0.6717102527618408	0.04377800598740578	0.10911904275417328	-0.19076533615589142	-0.23690606653690338	-0.33944082260131836	0.0171799398958683	-0.20018276572227478	0.22557547688484192	-0.3580901324748993	-0.3163842558860779	-0.2920019328594208	0.11554212868213654	-0.5742524862289429	-0.1566017121076584	-0.11161677539348602	-0.17142029106616974	-0.020937126129865646	-0.16925692558288574	-0.1937873214483261	-0.389749675989151	-0.22224552929401398	0.08010172098875046	-0.3917851746082306	0.1290227174758911	-0.07329563796520233	-0.3237658441066742	0.07493605464696884	-0.043423473834991455	-0.011730502359569073	-0.24524211883544922	-0.10735297948122025	-0.015081825666129589	-0.16293634474277496	-0.16618885099887848	0.2249077409505844	-0.23754623532295227	0.2649417817592621	0.40365758538246155	0.1440063863992691	-0.11195424944162369	0.09644436836242676	-0.06861227005720139	-0.020052921026945114	0.018417002633213997	-0.15483778715133667	-0.03358319774270058	-0.19184203445911407	-0.39662086963653564	0.14269177615642548	-0.21203599870204926	-0.07656267285346985	0.27343514561653137	-0.1616094410419464	-0.16727390885353088	0.13858556747436523	-0.11947168409824371	-0.27232465147972107	0.1862190216779709	-0.15840114653110504	-0.1954031139612198	-0.2547280788421631	-0.0012138203019276261	0.07497430592775345	0.005465530790388584	-0.009273618459701538	-0.3987998366355896	0.09840124100446701	-0.28606516122817993	0.21838079392910004	-0.31641626358032227	-0.14013978838920593	0.17926116287708282	n/a	0.17852462828159332	-0.0975271612405777	n/a	0.0460437647998333	n/a	n/a
LH_Vis_4	-0.38017573952674866	0.489676833152771	-0.2717677056789398	1.0	0.3128129541873932	-0.27121061086654663	-0.13594147562980652	-0.09105892479419708	-0.2970975935459137	0.030618464574217796	0.034500882029533386	0.16909734904766083	-0.02596415765583515	-0.0991176962852478	-0.1306162327528	-0.03387217968702316	0.06294430792331696	-0.43316787481307983	-0.034912820905447006	-0.32839950919151306	-0.08263764530420303	-0.03485671803355217	-0.15373621881008148	0.3134443163871765	0.0530339777469635	0.11860096454620361	0.13672639429569244	0.238510400056839	-0.317014217376709	0.07556770741939545	-0.030055679380893707	-0.012660973705351353	-0.02634131908416748	-0.19152630865573883	-0.04216423258185387	0.22849828004837036	0.15252773463726044	0.07898898422718048	0.33642640709877014	0.36267343163490295	-0.07421454042196274	0.0514887236058712	-0.02856195718050003	-0.020620768889784813	0.1915789097547531	0.24965257942676544	0.2698264420032501	-0.033032674342393875	-0.16196464002132416	0.16025520861148834	-0.3018862307071686	-0.14577704668045044	-0.01083323359489441	0.8126037120819092	-0.1161622479557991	-0.31063535809516907	-0.06708059459924698	-0.27937591075897217	-0.12019001692533493	0.03862615302205086	-0.01131582260131836	-0.06921793520450592	-0.1556578278541565	-0.10884813964366913	0.054038044065237045	-0.09329956769943237	-0.27911487221717834	-0.10149773210287094	-0.19693084061145782	-0.394644170999527	-0.22682030498981476	-0.1777527630329132	-0.3997246026992798	0.03830505907535553	-0.1454998403787613	0.07663648575544357	-0.3728337287902832	-0.0702398344874382	0.04371238872408867	-0.040454547852277756	-0.024402547627687454	-0.1429494023323059	0.07020623236894608	-0.14163906872272491	-0.10534384846687317	-0.021409420296549797	0.24918746948242188	0.10941395908594131	7.78783651185222e-05	-0.17057238519191742	-0.3655223250389099	-0.027045385912060738	0.18480095267295837	-0.12065721303224564	-0.10468479990959167	0.06792554259300232	0.1394926905632019	-0.0653558224439621	-0.20600488781929016	0.20154009759426117	-0.1282075196504593	0.11256545782089233	-0.0679081454873085	0.14917318522930145	-0.25132668018341064	-0.07888761907815933	0.13109390437602997	0.29094940423965454	0.1012408509850502	0.23527388274669647	0.21009545028209686	-0.11777865886688232	0.04922833666205406	0.032744862139225006	-0.1997474730014801	0.01855250634253025	-0.036556389182806015	0.06614148616790771	-0.18121695518493652	0.20424722135066986	0.21017012000083923	0.016860004514455795	-0.08171061426401138	-0.10893475264310837	0.22756072878837585	-0.36447781324386597	0.11045532673597336	0.04053268954157829	0.009371726773679256	0.08225630223751068	0.12147877365350723	0.030353019014000893	0.05574905872344971	0.30374985933303833	0.040436506271362305	0.01424126885831356	0.22781942784786224	0.044442810118198395	-0.028172852471470833	-0.25738200545310974	0.03635139390826225	0.15502449870109558	0.05242113396525383	-0.16950175166130066	-0.07490496337413788	-0.05664163827896118	0.24393045902252197	0.09074671566486359	0.09686451405286789	n/a	0.07404875010251999	0.18761327862739563	n/a	0.00705082667991519	n/a	n/a
LH_Vis_5	0.1638059765100479	0.4014011323451996	0.29672783613204956	0.3128129541873932	1.0	0.11983270198106766	-0.052328504621982574	0.35187727212905884	0.1875341385602951	-0.024258337914943695	-0.16544386744499207	-0.17479117214679718	-0.16128280758857727	-0.16208519041538239	-0.09097953140735626	0.054724738001823425	-0.11120471358299255	-0.14125925302505493	0.043503522872924805	-0.21772682666778564	-0.21184080839157104	-0.13733559846878052	-0.08924337476491928	0.033902738243341446	0.11214927583932877	-0.16940531134605408	0.1234685629606247	-0.03516640514135361	0.002249718876555562	-0.06867480278015137	-0.04217737168073654	-0.20876425504684448	-0.1935512274503708	-0.18768465518951416	-0.08361797779798508	-0.1424165815114975	-0.18121302127838135	0.10425939410924911	0.04897410795092583	-0.007321967743337154	-0.442830890417099	-0.028345316648483276	0.11868518590927124	-0.2307652235031128	0.16369901597499847	-0.02291390672326088	-0.12270822376012802	-0.2919647991657257	-0.21612998843193054	-0.2060539424419403	-0.04122025892138481	0.3522128760814667	0.05173073709011078	0.33444052934646606	0.3212062120437622	0.09806415438652039	0.42236021161079407	0.146190345287323	-0.025080449879169464	-0.17545229196548462	-0.11489022523164749	-0.17606830596923828	-0.17573529481887817	-0.090299591422081	-0.20150989294052124	-0.07542340457439423	-0.1605670154094696	0.10946866124868393	-0.14962364733219147	-0.018312236294150352	-0.24515531957149506	-0.2641853988170624	-0.18468287587165833	-0.18772941827774048	-0.04376022890210152	-0.16940565407276154	0.0237061008810997	-0.2765258550643921	0.12838062644004822	0.08720923960208893	-0.19937212765216827	-0.21920879185199738	0.060282424092292786	-0.21368266642093658	-0.22930096089839935	-0.30892664194107056	-0.2415042519569397	-0.1159878596663475	-0.19146126508712769	-0.36823609471321106	-0.2218780219554901	-0.19264531135559082	-0.0561046339571476	0.04061868414282799	-0.29575806856155396	-0.19172316789627075	-0.1579018086194992	-0.35792163014411926	-0.45263415575027466	-0.35042500495910645	-0.11024481058120728	0.0542428232729435	-0.10664118826389313	0.1062149778008461	-0.34277310967445374	0.013817619532346725	0.2758035659790039	0.06786707043647766	-0.23353447020053864	0.0258987694978714	-0.08220997452735901	0.024274101480841637	0.15934085845947266	0.1994430124759674	-0.0677390843629837	-0.031906306743621826	0.06966625154018402	-0.11109228432178497	-0.18486499786376953	0.09272299706935883	0.001534010050818324	-0.09034546464681625	0.12805967032909393	-0.19956299662590027	-0.1501387357711792	-0.06953645497560501	0.01824040524661541	-0.05217595025897026	-0.018909718841314316	-0.1758696287870407	-0.0364944189786911	-0.17120017111301422	-0.25760823488235474	0.038929570466279984	0.07667560875415802	-0.016796458512544632	0.0731324627995491	0.03693592548370361	-0.1072414442896843	-0.10277871042490005	-0.04445481300354004	0.19853004813194275	-0.28787463903427124	-0.24090328812599182	-0.22497965395450592	0.2023715227842331	-0.2206634134054184	-0.1052805706858635	-0.06690861284732819	n/a	-0.0018925027688965201	-0.08548113703727722	n/a	-0.11216096580028534	n/a	n/a
LH_Vis_6	0.5179754495620728	0.3224327862262726	0.8322105407714844	-0.27121061086654663	0.11983270198106766	1.0	0.2437954694032669	0.7285628914833069	0.9066360592842102	-0.31381210684776306	-0.5020040273666382	-0.3461439311504364	-0.4891790747642517	-0.3632366955280304	-0.4157073497772217	0.5131658911705017	0.010596522130072117	0.5576726794242859	0.24751931428909302	0.1169215738773346	-0.41543063521385193	0.23015046119689941	0.40112194418907166	-0.03884883597493172	-0.20049253106117249	-0.22207556664943695	0.07310472428798676	0.029443254694342613	0.1750025451183319	-0.1638287752866745	0.010183477774262428	-0.3980990946292877	-0.44244781136512756	0.18661604821681976	-0.0870022401213646	-0.20381055772304535	-0.17638809978961945	-0.24223977327346802	-0.44926485419273376	-0.19741857051849365	-0.5027331113815308	-0.4597298502922058	-0.3550677001476288	-0.31201794743537903	-0.1531354784965515	-0.4121934473514557	-0.31375542283058167	-0.2050536721944809	-0.07042261958122253	-0.5251198410987854	0.27159035205841064	0.6361181139945984	0.4750840365886688	-0.35678061842918396	0.6495631337165833	0.9181644916534424	0.6174842715263367	0.6428495049476624	-0.2770780920982361	-0.48684176802635193	-0.1885976493358612	-0.34342095255851746	-0.18042229115962982	-0.4204157590866089	-0.4720136523246765	-0.38882482051849365	0.27178090810775757	0.03729501739144325	0.4080246686935425	0.6061347723007202	-0.05062709376215935	0.4545126259326935	0.5830880999565125	0.1769738644361496	0.2500593066215515	-0.09648073464632034	0.6420945525169373	0.11006445437669754	0.11587225645780563	-0.2403584122657776	0.07641869783401489	-0.11350938677787781	-0.013545217923820019	-0.03500305116176605	0.38461825251579285	-0.11524545401334763	-0.3097609877586365	-0.09784256666898727	0.22118550539016724	-0.4145655930042267	0.060489896684885025	-0.1474362015724182	-0.06449846178293228	-0.11581618338823318	-0.028701312839984894	-0.33907338976860046	-0.2941505014896393	0.021992875263094902	0.24084430932998657	-0.4303305745124817	0.022320466116070747	0.005098867230117321	-0.23643197119235992	0.1375003606081009	0.09817031025886536	0.06503226608037949	-0.1264418363571167	-0.07110990583896637	0.13254866003990173	-0.17521949112415314	-0.1485959142446518	-0.007025401573628187	-0.32576993107795715	0.23672445118427277	0.2227250188589096	0.28624802827835083	-0.019587665796279907	0.2721526324748993	-0.026626693084836006	0.10062467306852341	0.0960703119635582	-0.11315346509218216	-0.06962943822145462	-0.08574898540973663	-0.37299486994743347	0.09027677029371262	-0.1252826750278473	0.017209729179739952	0.2583383619785309	-0.14043055474758148	-0.1442262828350067	0.1580982208251953	-0.27500835061073303	-0.25483763217926025	0.16705940663814545	0.08103544265031815	-0.0948060005903244	-0.2159600704908371	0.18800678849220276	-0.09402641654014587	0.13046202063560486	0.017680717632174492	-0.483683317899704	0.06721732765436172	-0.31745195388793945	0.0654182881116867	-0.36837121844291687	-0.30260899662971497	0.133279949426651	n/a	0.1465791016817093	-0.051987167447805405	n/a	0.04643649980425835	n/a	n/a
LH_Vis_7	0.20173302292823792	0.25969642400741577	0.3164380192756653	-0.13594147562980652	-0.052328504621982574	0.2437954694032669	1.0	0.3229183852672577	0.3727737367153168	0.6024770140647888	0.41978317499160767	0.3766512870788574	0.4173232614994049	0.2797154486179352	0.49073824286460876	0.4177601635456085	-0.00965164415538311	0.3267688751220703	0.19039741158485413	0.19090817868709564	0.3100539445877075	0.12716354429721832	0.4060901701450348	-0.03954457864165306	0.4058591425418854	-0.040931519120931625	-0.030357083305716515	-0.18812786042690277	0.5625427961349487	0.10328651964664459	0.27056726813316345	-0.2501548230648041	-0.23688699305057526	0.008989311754703522	-0.04547129198908806	0.10240709036588669	0.06712157279253006	0.1621188074350357	0.03135206922888756	0.337516725063324	0.048871006816625595	-0.02009931392967701	-0.1227877214550972	0.15223757922649384	0.08689473569393158	-0.26428133249282837	-0.08917386829853058	-0.07330447435379028	0.2809958755970001	-0.11625226587057114	-0.08314372599124908	0.1579621285200119	0.026172589510679245	-0.20507411658763885	-0.009311373345553875	0.4191717803478241	0.05931588262319565	0.24541278183460236	0.39111340045928955	0.08306428790092468	0.17011643946170807	0.3867682218551636	0.4232809543609619	0.3407023549079895	0.3240692913532257	0.48763003945350647	-0.018861018121242523	-0.009497043676674366	-0.08302705734968185	0.048639725893735886	0.29327642917633057	-0.014104152098298073	0.29170310497283936	0.1296849101781845	0.015949418768286705	-0.25321435928344727	0.5686198472976685	-0.05568208917975426	0.023527521640062332	-0.2033814787864685	-0.12999550998210907	-0.23100684583187103	-0.058004844933748245	-0.19901011884212494	-0.022686943411827087	0.00953861977905035	-0.05147954076528549	-0.24034540355205536	0.16038432717323303	-0.1673974096775055	-0.17196810245513916	-0.1443968415260315	0.13772284984588623	0.05391339212656021	0.08146972209215164	0.13482065498828888	-0.18587519228458405	0.17840205132961273	0.331930935382843	0.09962392598390579	-0.16846729815006256	-0.3105427324771881	-0.40394896268844604	-0.3241865634918213	-0.061267171055078506	-0.2667306661605835	0.016874225810170174	-0.10363607108592987	0.09386897832155228	0.014304502867162228	-0.2580975294113159	0.12161501497030258	-0.11281409114599228	0.23291312158107758	-0.15993846952915192	-0.3535601496696472	-0.17224861681461334	-0.16636550426483154	-0.2597997784614563	-0.32946154475212097	-0.3216254413127899	-0.15021562576293945	-0.02884448505938053	0.08485119044780731	-0.25961530208587646	0.13221140205860138	-0.23393210768699646	0.1182587668299675	0.23077981173992157	-0.6072816252708435	-0.043767932802438736	0.044098954647779465	0.2670009136199951	-0.29804712533950806	0.1962878704071045	-0.26021960377693176	-0.6962474584579468	-0.4092365801334381	-0.1478540599346161	-0.010307461954653263	-0.03644932061433792	0.2545716166496277	0.02363516390323639	-0.12946027517318726	-0.09973510354757309	0.1434997022151947	0.11621180921792984	-0.11172495037317276	-0.0852605551481247	n/a	0.18317139148712158	-0.3949638307094574	n/a	-0.22694243490695953	n/a	n/a
LH_Vis_8	0.6000193357467651	0.5079742074012756	0.8892915844917297	-0.09105892479419708	0.35187727212905884	0.7285628914833069	0.3229183852672577	1.0	0.8150723576545715	-0.20968927443027496	-0.3866004943847656	-0.23066362738609314	-0.30200332403182983	-0.2383391559123993	-0.35581767559051514	0.8034902811050415	0.11669250577688217	0.6164228916168213	0.43430662155151367	0.025532204657793045	-0.32891231775283813	0.21306800842285156	0.24945048987865448	-0.2123728096485138	-0.07935897260904312	-0.29992642998695374	0.024431904777884483	-0.13161522150039673	0.12843260169029236	-0.09753521531820297	0.1533108353614807	-0.37173140048980713	-0.518186092376709	0.07924021780490875	-0.20852677524089813	-0.2658497095108032	-0.20807841420173645	-0.24904857575893402	-0.4857461154460907	-0.22919930517673492	-0.557245135307312	-0.5231633186340332	-0.2988038957118988	-0.34608280658721924	0.08106740564107895	-0.40847116708755493	-0.42664000391960144	-0.44413450360298157	-0.055915363132953644	-0.5258058905601501	0.21099098026752472	0.7140672206878662	0.6100947260856628	-0.20554816722869873	0.5700318813323975	0.7310237288475037	0.9131978750228882	0.6341175436973572	-0.24241159856319427	-0.24947693943977356	-0.11638937890529633	-0.22873899340629578	-0.11805342882871628	-0.2747787833213806	-0.34218281507492065	-0.29234981536865234	0.12640175223350525	0.16206131875514984	0.1804467737674713	0.6760331392288208	-0.020730234682559967	0.16561447083950043	0.369523823261261	-0.13046209514141083	0.08986534923315048	-0.18929365277290344	0.4966474175453186	-0.08224454522132874	0.16989895701408386	-0.1982688158750534	-0.23756448924541473	-0.23832957446575165	0.20209074020385742	-0.13339164853096008	0.2784905433654785	-0.2905101776123047	-0.2547163665294647	-0.23303666710853577	0.13313382863998413	-0.550387978553772	-0.232279971241951	-0.20017854869365692	-0.21038202941417694	0.061920396983623505	-0.21100153028964996	-0.15742157399654388	-0.259208083152771	-0.21664026379585266	-0.013588805682957172	-0.37661585211753845	0.06258240342140198	-0.13930131494998932	-0.3130364716053009	0.18025898933410645	-0.150313600897789	-0.006991155445575714	-0.1610724776983261	-0.017341051250696182	0.1805100440979004	-0.0798354223370552	-0.19485066831111908	0.20304787158966064	-0.2238069325685501	0.16743852198123932	0.24539265036582947	0.035293012857437134	-0.03960755094885826	0.13778798282146454	-0.20784498751163483	0.03853059932589531	0.014656167477369308	-0.2186032235622406	-0.04903754964470863	-0.23680046200752258	-0.3554818332195282	0.08955512940883636	-0.16899749636650085	-0.09999480843544006	0.22485792636871338	-0.16719745099544525	-0.3012371361255646	0.12191876769065857	-0.1464885026216507	-0.21530701220035553	0.10204941034317017	-0.1832388937473297	-0.20399940013885498	-0.26538988947868347	-0.025494271889328957	0.07061442732810974	-0.0689091607928276	0.010678088292479515	-0.36119574308395386	0.12652096152305603	-0.262965589761734	0.30381283164024353	-0.24314725399017334	-0.06608808785676956	0.27850764989852905	n/a	0.2676933705806732	-0.029923995956778526	n/a	0.0346965566277504	n/a	n/a
LH_Vis_9	0.46540573239326477	0.30851542949676514	0.8968770503997803	-0.2970975935459137	0.1875341385602951	0.9066360592842102	0.3727737367153168	0.8150723576545715	1.0	-0.16491755843162537	-0.3895474076271057	-0.2802146375179291	-0.366725355386734	-0.2584790587425232	-0.33224016427993774	0.5908412933349609	0.04170405492186546	0.5977639555931091	0.28511661291122437	0.1917445808649063	-0.27767449617385864	0.11197183281183243	0.25039801001548767	-0.1385975331068039	-0.16303154826164246	-0.31923800706863403	-0.13489344716072083	-0.17317934334278107	0.22957053780555725	-0.2428375631570816	0.07149793952703476	-0.39757445454597473	-0.5540012121200562	0.0985269695520401	-0.2387142777442932	-0.14486263692378998	-0.055828243494033813	-0.27298468351364136	-0.5128223896026611	-0.22548110783100128	-0.5619358420372009	-0.5489417910575867	-0.43105289340019226	-0.311199814081192	-0.1833057850599289	-0.6109319925308228	-0.5243790149688721	-0.4604947566986084	-0.04036586359143257	-0.4772380590438843	0.2663936913013458	0.723635196685791	0.5472669005393982	-0.34902530908584595	0.6786733269691467	0.9397662878036499	0.7020475268363953	0.8309264779090881	-0.030525758862495422	-0.2864956855773926	-0.011702120304107666	-0.14880016446113586	-0.026170475408434868	-0.2397182583808899	-0.30839478969573975	-0.28057071566581726	0.38948768377304077	0.1691458821296692	0.2969820499420166	0.6279649138450623	0.1297704577445984	0.2989906668663025	0.4144742786884308	0.15516167879104614	0.3329274654388428	-0.159717857837677	0.6886942982673645	-0.04290061816573143	0.09055756032466888	-0.11376141011714935	-0.13056746125221252	-0.21411368250846863	-0.009647902101278305	-0.2255123108625412	0.16055463254451752	-0.3389737010002136	-0.28679803013801575	-0.32844531536102295	0.3047690689563751	-0.49802708625793457	-0.001751387258991599	-0.08174464851617813	0.024498695507645607	-0.09941644966602325	-0.13748382031917572	-0.2906199097633362	-0.5475279092788696	-0.21696481108665466	0.2095337063074112	-0.35578855872154236	-0.10003820806741714	-0.18363317847251892	-0.3612823784351349	0.031051063910126686	-0.006876897532492876	-0.017069745808839798	-0.15958531200885773	-0.06235598027706146	0.04088452458381653	-0.142897829413414	-0.22147589921951294	0.21530108153820038	-0.3447542190551758	0.16517744958400726	0.2409483790397644	0.06471213698387146	-0.06255145370960236	0.20558448135852814	-0.15238261222839355	0.021100377663969994	0.06740467250347137	-0.2946681082248688	0.03353564068675041	-0.17381834983825684	-0.37564340233802795	0.1016676127910614	-0.1755117028951645	-0.032647814601659775	0.17677700519561768	-0.24082013964653015	-0.2517266869544983	0.033475324511528015	-0.24029986560344696	-0.41114702820777893	0.10047966241836548	-0.115385502576828	-0.21292023360729218	-0.3505533039569855	-0.02609110437333584	-0.0060875252820551395	-0.0026319907046854496	0.013001838698983192	-0.4899396002292633	0.04228127747774124	-0.266021192073822	0.22562746703624725	-0.39387303590774536	-0.21387149393558502	0.03550686314702034	n/a	0.08613314479589462	-0.1273501217365265	n/a	-0.049491770565509796	n/a	n/a
LH_SomMot_1	-0.1581059992313385	0.013724042102694511	-0.16086812317371368	0.030618464574217796	-0.024258337914943695	-0.31381210684776306	0.6024770140647888	-0.20968927443027496	-0.16491755843162537	1.0	0.7161781787872314	0.613398551940918	0.7513476610183716	0.4141455888748169	0.664197564125061	0.025638673454523087	0.14578765630722046	-0.09211139380931854	-0.11287318915128708	0.16509410738945007	0.5167279839515686	0.14604324102401733	0.256300687789917	0.21158179640769958	0.7571345567703247	0.2567087411880493	0.048734426498413086	-0.05043620243668556	0.6021315455436707	0.21758408844470978	0.18068689107894897	0.04499530792236328	0.20738068222999573	-0.0832761600613594	0.19611907005310059	0.16531717777252197	0.23422379791736603	0.6038009524345398	0.5027288794517517	0.5510731935501099	0.23742540180683136	0.3791985809803009	0.30842965841293335	0.2832235097885132	0.20888175070285797	0.08675916492938995	0.2649897038936615	0.12765297293663025	0.18644851446151733	0.26544684171676636	-0.3459498882293701	-0.2857799530029297	-0.3333626985549927	0.13465018570423126	-0.39628732204437256	-0.14324194192886353	-0.3290567398071289	-0.10576372593641281	0.5597864985466003	0.26997438073158264	0.1631191074848175	0.48226606845855713	0.48512008786201477	0.4859221279621124	0.5652067065238953	0.6497727632522583	-0.31120532751083374	-0.22819703817367554	-0.345901757478714	-0.2999866008758545	0.2962194085121155	-0.36255621910095215	-0.10686089843511581	0.0024509348440915346	-0.2090553641319275	-0.15452079474925995	0.20485028624534607	-0.10630648583173752	-0.1909872442483902	-0.08935919404029846	-0.2588404715061188	-0.17076382040977478	-0.263021320104599	-0.2918403744697571	-0.4560110867023468	-0.09901425242424011	0.1547776758670807	-0.25676923990249634	-0.011905928142368793	-0.07319054007530212	-0.3502700924873352	-0.05121112987399101	0.1143455058336258	-0.1065794825553894	-0.12038762867450714	0.2004173994064331	-0.041445743292570114	-0.015615567564964294	0.004012363031506538	0.34183478355407715	-0.08183740079402924	-0.12473220378160477	-0.15116280317306519	-0.19595922529697418	-0.212493434548378	-0.1590598076581955	-0.09280774742364883	-0.1598808318376541	-0.02248651720583439	0.03235439211130142	-0.16701123118400574	0.09270747750997543	0.12279257923364639	0.2288157045841217	-0.2281249314546585	-0.45030269026756287	-0.241028293967247	-0.4332055151462555	-0.026468100026249886	-0.24019083380699158	-0.2690331041812897	-0.025975311174988747	-0.1207205131649971	0.15879125893115997	0.02067093923687935	-0.035529956221580505	-0.2426607310771942	0.20685453712940216	-0.10590753704309464	-0.26409175992012024	0.135090634226799	-0.11537440121173859	0.4310835301876068	-0.13588738441467285	0.05776087939739227	-0.1353340893983841	-0.568361759185791	-0.09486748278141022	-0.26736611127853394	0.022078683599829674	-0.07574441283941269	0.19761177897453308	0.2798312306404114	-0.14240337908267975	0.0902264192700386	0.1341540515422821	0.04411444440484047	-0.11571257561445236	-0.14404930174350739	n/a	-0.038008205592632294	-0.1404293328523636	n/a	-0.07555244117975235	n/a	n/a
LH_SomMot_2	-0.2615504562854767	0.047127142548561096	-0.3485732674598694	0.034500882029533386	-0.16544386744499207	-0.5020040273666382	0.41978317499160767	-0.3866004943847656	-0.3895474076271057	0.7161781787872314	1.0	0.7631272077560425	0.7087729573249817	0.7308679819107056	0.8484517931938171	-0.04872623085975647	0.07121846079826355	-0.22535347938537598	0.08675530552864075	0.1573765128850937	0.7996030449867249	-0.03430593013763428	0.06512637436389923	0.1811988204717636	0.5068804621696472	0.331996351480484	-0.1115870550274849	-0.06490519642829895	0.42482948303222656	0.32722970843315125	0.17500853538513184	0.20622079074382782	0.14138033986091614	-0.2591239809989929	-0.0037804062012583017	0.02083311602473259	0.06563053280115128	0.37063226103782654	0.4531744718551636	0.4873640537261963	0.4187036454677582	0.3270268142223358	0.12225569784641266	0.405173659324646	0.09185653179883957	0.21123521029949188	0.22071917355060577	0.06730644404888153	0.282663494348526	0.28633424639701843	-0.351644903421402	-0.340604692697525	-0.4273378849029541	0.1292404979467392	-0.32835301756858826	-0.2982349991798401	-0.5373912453651428	-0.23325960338115692	0.5296657085418701	0.6835490465164185	0.5006807446479797	0.6382333040237427	0.543571412563324	0.7429212927818298	0.7859238982200623	0.7915657162666321	-0.3434405028820038	0.0613323412835598	-0.4435954689979553	-0.46020251512527466	0.45714861154556274	-0.2585020661354065	-0.05009846016764641	-0.13392816483974457	-0.07001858949661255	0.14555451273918152	0.04412060230970383	0.01402318011969328	-0.19625094532966614	-0.005093956831842661	-0.25719118118286133	-0.21832546591758728	-0.1804533153772354	0.00029943708796054125	-0.33209896087646484	-0.03263421356678009	0.11388009786605835	-0.21764810383319855	-0.26762378215789795	0.04874327778816223	-0.23169223964214325	0.08282697200775146	0.08754102885723114	0.03247474879026413	0.12857279181480408	0.33869773149490356	0.033387452363967896	0.005129802040755749	0.1418267786502838	0.3151719570159912	0.023555733263492584	-0.16518713533878326	-0.11874868720769882	-0.3119027316570282	-0.09553197026252747	-0.2576519846916199	-0.09636064618825912	-0.012817730195820332	0.07657620310783386	0.15360619127750397	-0.022250380367040634	-0.018396301195025444	0.15604721009731293	0.07986744493246078	-0.14034920930862427	-0.34276795387268066	-0.19259649515151978	-0.32143864035606384	-0.014676068909466267	-0.35318049788475037	-0.41051292419433594	0.11349272727966309	-0.056923847645521164	0.3486066162586212	0.04422318562865257	0.024219222366809845	-0.2372518926858902	0.17483441531658173	0.07462810724973679	-0.233418270945549	0.1095103919506073	0.02572423405945301	0.5976320505142212	-0.06608852744102478	0.18735557794570923	-0.08349154144525528	-0.34867459535598755	-0.06413223594427109	-0.12620589137077332	0.12248466163873672	-0.12098255753517151	0.04921780154109001	0.41676974296569824	-0.24534820020198822	0.1860826462507248	0.07435783743858337	0.43766355514526367	0.2829850912094116	-0.1787440925836563	n/a	-0.02006797306239605	-0.21993233263492584	n/a	-0.1631666123867035	n/a	n/a
LH_SomMot_3	-0.11621241271495819	0.21371543407440186	-0.16273057460784912	0.16909734904766083	-0.17479117214679718	-0.3461439311504364	0.3766512870788574	-0.23066362738609314	-0.2802146375179291	0.613398551940918	0.7631272077560425	1.0	0.6615468859672546	0.6688256859779358	0.5583694577217102	0.1348421275615692	0.20195110142230988	-0.256711483001709	0.0782700926065445	-0.025090046226978302	0.6487770676612854	0.20560704171657562	0.12087667733430862	0.28946396708488464	0.6370412111282349	0.5106396079063416	0.15950371325016022	0.1593351513147354	0.285588800907135	0.5266780853271484	0.30843421816825867	0.1703529953956604	0.16068293154239655	-0.29130175709724426	0.048468366265296936	0.02913312055170536	0.08733608573675156	0.49035975337028503	0.4103485941886902	0.4322974681854248	0.2056121528148651	0.293066143989563	0.14255356788635254	0.40434330701828003	0.05056126043200493	0.17536869645118713	0.284500390291214	0.07831917703151703	0.21047894656658173	0.1851435899734497	-0.40030503273010254	-0.3450692892074585	-0.3379661440849304	0.19015777111053467	-0.4641512632369995	-0.26636767387390137	-0.3672485649585724	-0.24847397208213806	0.334536075592041	0.5675128102302551	0.4865422248840332	0.46889442205429077	0.41249969601631165	0.5717231035232544	0.6761070489883423	0.528049886226654	-0.42500627040863037	-0.06868728995323181	-0.3803815543651581	-0.41507837176322937	0.31638669967651367	-0.16096951067447662	-0.06340108811855316	-0.23243901133537292	-0.04527081176638603	0.19294780492782593	0.11208907514810562	0.19105444848537445	-0.15453505516052246	-0.11137620359659195	-0.24488334357738495	-0.34813588857650757	-0.261478990316391	-0.15310831367969513	-0.22546161711215973	-0.09317239373922348	0.12405246496200562	-0.160417839884758	-0.26071658730506897	-0.1452328860759735	-0.3908870220184326	-0.06330253183841705	-0.09012487530708313	-0.12220994383096695	-0.07124479860067368	0.24822252988815308	-0.030691413208842278	-0.046662699431180954	0.0541965514421463	0.21087586879730225	0.13413019478321075	-0.0751451700925827	-0.19189675152301788	-0.2339661866426468	0.00971303228288889	-0.3498331606388092	-0.17093950510025024	0.13075749576091766	0.03360245004296303	-0.003111541271209717	0.19348403811454773	0.16646772623062134	0.052949439734220505	0.02016989141702652	-0.05453842133283615	-0.22802592813968658	-0.3747670352458954	-0.3744519054889679	-0.03309303894639015	-0.3449384868144989	-0.2023804932832718	0.019432544708251953	-0.14705045521259308	0.25528034567832947	0.1179916188120842	0.0669061616063118	-0.39838942885398865	0.03960215300321579	0.016597608104348183	0.016459336504340172	0.03194008767604828	0.053558990359306335	0.4942554831504822	-0.02631211467087269	0.09412158280611038	-0.264753133058548	-0.22866879403591156	0.001483481959439814	-0.1712164729833603	-0.03127420321106911	-0.2218428999185562	-0.1088549941778183	0.2911457121372223	-0.26996591687202454	-0.04416457563638687	-0.14481939375400543	0.3017820417881012	0.2088375836610794	-0.14455768465995789	n/a	-0.08701446652412415	-0.16371238231658936	n/a	-0.029250357300043106	n/a	n/a
