Node	LH_Vis_1	LH_Vis_2	LH_Vis_3	LH_Vis_4	LH_Vis_5	LH_Vis_6	LH_Vis_7	LH_Vis_8	LH_Vis_9	LH_SomMot_1	LH_SomMot_2	LH_SomMot_3	LH_SomMot_4	LH_SomMot_5	LH_SomMot_6	LH_DorsAttn_Post_1	LH_DorsAttn_Post_2	LH_DorsAttn_Post_3	LH_DorsAttn_Post_4	LH_DorsAttn_Post_5	LH_DorsAttn_Post_6	LH_DorsAttn_PrCv_1	LH_DorsAttn_FEF_1	LH_SalVentAttn_ParOper_1	LH_SalVentAttn_FrOperIns_1	LH_SalVentAttn_FrOperIns_2	LH_SalVentAttn_PFCl_1	LH_SalVentAttn_Med_1	LH_SalVentAttn_Med_2	LH_SalVentAttn_Med_3	LH_Limbic_OFC_1	LH_Limbic_TempPole_1	LH_Limbic_TempPole_2	LH_Cont_Par_1	LH_Cont_PFCl_1	LH_Cont_pCun_1	LH_Cont_Cing_1	LH_Default_Temp_1	LH_Default_Temp_2	LH_Default_Par_1	LH_Default_Par_2	LH_Default_PFC_1	LH_Default_PFC_2	LH_Default_PFC_3	LH_Default_PFC_4	LH_Default_PFC_5	LH_Default_PFC_6	LH_Default_PFC_7	LH_Default_pCunPCC_1	LH_Default_pCunPCC_2	RH_Vis_1	RH_Vis_2	RH_Vis_3	RH_Vis_4	RH_Vis_5	RH_Vis_6	RH_Vis_7	RH_Vis_8	RH_SomMot_1	RH_SomMot_2	RH_SomMot_3	RH_SomMot_4	RH_SomMot_5	RH_SomMot_6	RH_SomMot_7	RH_SomMot_8	RH_DorsAttn_Post_1	RH_DorsAttn_Post_2	RH_DorsAttn_Post_3	RH_DorsAttn_Post_4	RH_DorsAttn_Post_5	RH_DorsAttn_PrCv_1	RH_DorsAttn_FEF_1	RH_SalVentAttn_TempOccPar_1	RH_SalVentAttn_TempOccPar_2	RH_SalVentAttn_FrOperIns_1	RH_SalVentAttn_Med_1	RH_SalVentAttn_Med_2	RH_Limbic_OFC_1	RH_Limbic_TempPole_1	RH_Cont_Par_1	RH_Cont_Par_2	RH_Cont_PFCl_1	RH_Cont_PFCl_2	RH_Cont_PFCl_3	RH_Cont_PFCl_4	RH_Cont_Cing_1	RH_Cont_PFCmp_1	RH_Cont_pCun_1	RH_Default_Par_1	RH_Default_Temp_1	RH_Default_Temp_2	RH_Default_Temp_3	RH_Default_PFCv_1	RH_Default_PFCv_2	RH_Default_PFCdPFCm_1	RH_Default_PFCdPFCm_2	RH_Default_PFCdPFCm_3	RH_Default_pCunPCC_1	RH_Default_pCunPCC_2	LH-Pu	LH-Ca	LH-NAC	LH-EXA	LH-GPe	LH-GPi	LH-SNc_PBP_VTA	LH-RN	LH-SNr	LH-VeP	LH-HN	LH-HTH	LH-MN	LH-STH	RH-Pu	RH-Ca	RH-NAC	RH-EXA	RH-GPe	RH-GPi	RH-SNc_PBP_VTA	RH-RN	RH-SNr	RH-VeP	RH-HN	RH-HTH	RH-MN	RH-STH	LH-Pulvinar	LH-Anterior	LH-Medio_Dorsal	LH-Ventral_Latero_Dorsal	LH-Central_Lateral-Lateral_Posterior-Medial_Pulvinar	LH-Ventral_Anterior	LH-Ventral_Latero_Ventral	RH-Pulvinar	RH-Anterior	RH-Medio_Dorsal	RH-Ventral_Latero_Dorsal	RH-Central_Lateral-Lateral_Posterior-Medial_Pulvinar	RH-Ventral_Anterior	RH-Ventral_Latero_Ventral	LH_Hippocampus	LH_Amygdala	RH_Hippocampus	RH_Amygdala	Cerebellar_Region1	Cerebellar_Region2	Cerebellar_Region3	Cerebellar_Region4	Cerebellar_Region5	Cerebellar_Region6	Cerebellar_Region7	Cerebellar_Region8	Cerebellar_Region9	Cerebellar_Region10
LH_Vis_1	1.0	0.2690506875514984	0.4224388003349304	-0.2698480188846588	0.3356119692325592	0.3527911603450775	0.3270534873008728	0.27051377296447754	0.4293675124645233	0.11176648736000061	0.05144883692264557	-0.25039857625961304	0.08362793177366257	-0.06006529927253723	-0.1831628531217575	0.4974369406700134	0.15139877796173096	0.3466250002384186	-0.023105360567569733	0.25793683528900146	-0.35281041264533997	0.10221893340349197	-0.38023123145103455	-0.37831974029541016	0.04857686907052994	-0.3964748680591583	-0.21202236413955688	-0.4849601984024048	-0.20632697641849518	-0.6049659252166748	0.40106016397476196	0.4618031084537506	-0.04198728874325752	0.5283448100090027	0.42308229207992554	0.36522695422172546	0.17836597561836243	0.2676255404949188	-0.30535945296287537	-0.3220157027244568	-0.13350144028663635	-0.11675997078418732	-0.1743239015340805	0.07524213939905167	0.07710246741771698	-0.22010034322738647	0.3294605016708374	0.02934933453798294	0.6633346676826477	0.043790481984615326	0.7434298396110535	0.24103371798992157	0.3137478828430176	-0.12308342009782791	0.3531333804130554	0.3471199870109558	0.16260556876659393	0.40239644050598145	-0.004166354425251484	-0.1233588382601738	-0.08792275190353394	0.071942999958992	-0.14113105833530426	-0.26205456256866455	-0.16602864861488342	-0.22790943086147308	0.37386640906333923	-0.1259014904499054	0.2643650472164154	0.23786745965480804	-0.2794466018676758	-0.20342682301998138	-0.3380882143974304	-0.4185246527194977	-0.22651095688343048	-0.0938740000128746	-0.09365878254175186	-0.5003544092178345	0.13535986840724945	-0.04811739921569824	-0.1609588861465454	0.24372966587543488	-0.015127734281122684	0.2909024953842163	-0.2570859491825104	0.13182348012924194	0.03492208197712898	-0.17878609895706177	0.4894517958164215	-0.3107575476169586	-0.0012763492995873094	-0.3203493356704712	-0.5081006288528442	-0.09687283635139465	-0.48196908831596375	-0.21662932634353638	-0.5858060121536255	-0.15459567308425903	0.7239660620689392	0.05126844346523285	-0.6554727554321289	-0.5156222581863403	-0.1992032527923584	0.13059403002262115	-0.24493537843227386	0.363399863243103	0.025382257997989655	0.07335636019706726	0.2381477653980255	0.43215152621269226	0.2285345047712326	0.041904330253601074	-0.15636983513832092	-0.18700100481510162	-0.6768279075622559	-0.4727124869823456	-0.032972533255815506	0.2741408944129944	-0.2919706106185913	-0.061665136367082596	0.28706616163253784	-0.14372755587100983	-0.10645455121994019	0.13342717289924622	-0.006157680880278349	0.15509769320487976	-0.21998539566993713	-0.30161482095718384	0.5708945989608765	-0.275712251663208	0.023019220679998398	0.30582916736602783	0.24568600952625275	-0.10238540917634964	-0.08196119964122772	0.46828457713127136	-0.11053068935871124	0.06562776118516922	-0.20786961913108826	0.21120773255825043	-0.0031549581326544285	-0.0456412173807621	0.6320036053657532	0.46752259135246277	0.44606611132621765	0.34552738070487976	0.2529536485671997	0.19137606024742126	0.48955249786376953	0.5369774103164673	0.05772295221686363	0.5226331949234009	-0.4152398705482483	-0.20994332432746887	0.3569580018520355	0.1201147511601448
LH_Vis_2	0.2690506875514984	1.0	0.8015502691268921	-0.24777556955814362	0.7228860855102539	0.6753864884376526	0.7357383966445923	0.8416151404380798	0.6823287606239319	0.23609477281570435	0.28956061601638794	0.33311620354652405	0.32104718685150146	0.09315075725317001	0.22302718460559845	0.17990358173847198	0.20172332227230072	0.5601115822792053	-0.054454296827316284	-0.029173055663704872	0.23623794317245483	0.3389015197753906	0.007037346251308918	0.1751721352338791	0.23735210299491882	0.1658133566379547	0.23307456076145172	0.009896784089505672	0.12053940445184708	0.056383926421403885	-0.27885544300079346	-0.2756118178367615	-0.4294866919517517	-0.03744630888104439	0.25210946798324585	0.44891849160194397	0.02335401251912117	-0.1816692054271698	-0.47377628087997437	0.018336864188313484	-0.4981774091720581	-0.6307529807090759	-0.2471523880958557	-0.14200539886951447	0.24887730181217194	-0.22822685539722443	-0.3518052101135254	-0.19872067868709564	0.2617965340614319	-0.16579285264015198	0.6247493624687195	0.8647744655609131	0.5919557213783264	0.14610199630260468	0.8050280213356018	0.6989237070083618	0.8117745518684387	0.7795343995094299	0.2523886263370514	0.35323336720466614	0.3063235282897949	0.1700427383184433	0.3132282495498657	-0.21301506459712982	0.24150311946868896	0.2480316311120987	0.19528912007808685	0.13099151849746704	0.4142131507396698	0.5172590613365173	0.09980227798223495	0.3346237242221832	0.010573520325124264	0.02264670468866825	0.18793877959251404	0.27598968148231506	0.29427990317344666	0.19615647196769714	-0.3320932388305664	-0.2819267809391022	-0.2704514265060425	-0.41638901829719543	-0.13123910129070282	-0.03456690534949303	-0.09852230548858643	-0.24346809089183807	0.06976921856403351	-0.3941636085510254	0.48063087463378906	-0.5222979187965393	-0.4824869632720947	-0.28016969561576843	-0.6498593091964722	-0.3450789153575897	-0.23039068281650543	-0.34003838896751404	-0.3599276840686798	-0.5691214203834534	0.44352856278419495	-0.15685074031352997	-0.16982366144657135	-0.06855762004852295	-0.12938255071640015	-0.11600206792354584	0.06955452263355255	0.024915972724556923	-0.14913146197795868	-0.16455917060375214	-0.373060017824173	0.14281781017780304	-0.2910311818122864	-0.19287627935409546	-0.12851393222808838	0.071927510201931	-0.10947250574827194	-0.23771639168262482	-0.1767389476299286	-0.14776059985160828	-0.26426035165786743	-0.2840813398361206	-0.13899579644203186	0.11843740195035934	-0.505856454372406	0.04022565484046936	0.13433502614498138	-0.006210891529917717	-0.07644269615411758	0.24311476945877075	0.30452439188957214	-0.3145934045314789	0.04423128440976143	0.31738996505737305	0.057212576270103455	-0.29394304752349854	0.25536251068115234	0.15592868626117706	-0.28813689947128296	0.1820324957370758	0.20821738243103027	-0.05040345340967178	0.07504512369632721	0.4132083058357239	-0.2757292687892914	-0.15569743514060974	-0.2128528207540512	-0.054097022861242294	0.2659556567668915	0.1372336894273758	0.060777660459280014	0.07052753865718842	-0.5573010444641113	-0.06742215156555176	-0.5940462946891785	-0.4679493308067322	-0.3703567683696747	-0.3584471344947815
LH_Vis_3	0.4224388003349304	0.8015502691268921	1.0	-0.49035727977752686	0.5009046792984009	0.9260551333427429	0.8067389130592346	0.7889575362205505	0.9534078240394592	0.33980897068977356	0.4670677185058594	0.3341498076915741	0.34083041548728943	0.14758306741714478	0.2627941966056824	0.22758561372756958	0.26209744811058044	0.6309064626693726	-0.10803017020225525	0.2913322448730469	0.3003389537334442	0.3494032025337219	0.1307012140750885	0.23821023106575012	0.3098832368850708	0.27764245867729187	0.33441561460494995	-0.062489766627550125	0.37268802523612976	-0.03545038402080536	-0.21367667615413666	-0.2662907838821411	-0.5151084661483765	0.1577509194612503	0.34394994378089905	0.6099631190299988	-0.030678730458021164	-0.34918013215065	-0.667907178401947	0.1158042699098587	-0.6764366030693054	-0.5599132180213928	-0.37724071741104126	-0.24823486804962158	0.16942065954208374	-0.49229246377944946	-0.2925659120082855	-0.3322452902793884	0.48626822233200073	-0.29001107811927795	0.7453310489654541	0.8038884997367859	0.5827452540397644	-0.153560072183609	0.8320838809013367	0.9323742389678955	0.6839936375617981	0.9401216506958008	0.40219926834106445	0.3629637360572815	0.37054988741874695	0.23431997001171112	0.42646464705467224	-0.31345847249031067	0.3147363066673279	0.2664715051651001	0.4183938801288605	0.0683484598994255	0.5308849811553955	0.5452684760093689	0.28990814089775085	0.442941278219223	0.20699964463710785	0.14428500831127167	0.3078705072402954	0.4207192063331604	0.563897967338562	0.29497230052948	-0.30476751923561096	-0.4341202974319458	-0.18119244277477264	-0.4343898594379425	-0.22143340110778809	0.09058666229248047	0.09094808995723724	-0.10049252212047577	-0.024217039346694946	-0.4169963300228119	0.7077378630638123	-0.7420589923858643	-0.5425788760185242	-0.2362997978925705	-0.7644770741462708	-0.4937003552913666	-0.39940786361694336	-0.5301204323768616	-0.6396076679229736	-0.6510241627693176	0.6228879690170288	-0.32833075523376465	-0.20536786317825317	-0.2262805700302124	-0.28650736808776855	-0.2968076467514038	-0.06907683610916138	0.09290379285812378	-0.022717565298080444	-0.045101769268512726	-0.2923954725265503	0.23050767183303833	-0.22435522079467773	-0.33492782711982727	0.03021620400249958	-0.2055291086435318	-0.10909102112054825	-0.3628656566143036	-0.19992691278457642	-0.1963617205619812	-0.25962546467781067	-0.21871493756771088	-0.18910306692123413	0.06617670506238937	-0.6533249616622925	0.18709009885787964	0.2551967203617096	-0.2073160707950592	-0.012481058947741985	0.040191974490880966	0.386251837015152	-0.4066600203514099	-0.01945755071938038	0.3314363360404968	0.1963760107755661	-0.1422218531370163	0.40556252002716064	0.25396794080734253	-0.34730440378189087	0.04886810481548309	0.16769123077392578	0.044815272092819214	0.23276162147521973	0.506887674331665	-0.16286560893058777	-0.07953865081071854	-0.1249849796295166	-0.04884548485279083	0.27785569429397583	0.17598451673984528	0.1533634215593338	0.15002956986427307	-0.5880328416824341	0.0028949370607733727	-0.7826765179634094	-0.6447109580039978	-0.37495407462120056	-0.43460914492607117
LH_Vis_4	-0.2698480188846588	-0.24777556955814362	-0.49035727977752686	1.0	0.07877770066261292	-0.37160560488700867	-0.4424915611743927	-0.3851871192455292	-0.4777199625968933	-0.5156808495521545	-0.5869185924530029	-0.47635650634765625	-0.23434129357337952	-0.4961375594139099	-0.4560498595237732	-0.2032451182603836	-0.5340484976768494	-0.3796810507774353	-0.11500135809183121	-0.23303470015525818	-0.3217041492462158	-0.359605997800827	-0.19196781516075134	-0.33408764004707336	-0.37774261832237244	-0.4819272756576538	-0.26863983273506165	0.008330668322741985	-0.3975578546524048	-0.02506345696747303	-0.026163622736930847	0.13267411291599274	0.4283908009529114	-0.14617060124874115	-0.26620030403137207	-0.22078382968902588	0.4099676012992859	0.4189884662628174	0.5847351551055908	-0.4371715188026428	0.6525782346725464	0.24371115863323212	0.2536472976207733	0.5148313641548157	0.03083149716258049	0.6539992690086365	0.27465328574180603	0.6389771699905396	-0.13955534994602203	0.6742838621139526	-0.5403491258621216	-0.3846803307533264	-0.4811045229434967	0.789585292339325	-0.27763476967811584	-0.6442686915397644	-0.23206207156181335	-0.4830227196216583	-0.6258930563926697	-0.5536953806877136	-0.5978051424026489	-0.18419034779071808	-0.37679216265678406	0.038764625787734985	-0.40035280585289	-0.4120333194732666	-0.47484683990478516	-0.23680837452411652	-0.5644755363464355	-0.4706696569919586	-0.3209306597709656	-0.6791680455207825	-0.3366900682449341	-0.5214992761611938	-0.4849158525466919	-0.7337604761123657	-0.5361024737358093	-0.40799933671951294	-0.11440277844667435	-0.016851838678121567	-0.07822255790233612	0.42625048756599426	0.1095539852976799	-0.3532085418701172	-0.33088356256484985	-0.23723183572292328	0.29124289751052856	-0.04671749100089073	-0.41163238883018494	0.551242470741272	0.2939705550670624	-0.26238489151000977	0.2932010591030121	-0.018285095691680908	-0.025780286639928818	0.5545385479927063	0.3733955919742584	0.416060209274292	-0.3731866776943207	0.5737882256507874	0.059908680617809296	0.12663483619689941	0.0030950400978326797	0.4934743344783783	0.40354669094085693	0.2070949226617813	0.07885555922985077	0.3875136971473694	-0.0018114339327439666	-0.15316735208034515	-0.21343354880809784	0.5099658966064453	-0.10059548169374466	0.2501955032348633	0.11581369489431381	0.041964828968048096	-0.23891739547252655	0.3151029944419861	0.11738456040620804	-0.2628035545349121	0.1624172031879425	0.2118569016456604	0.11594492942094803	-0.07801235467195511	-0.5641275644302368	-0.13209529221057892	0.06115473806858063	0.1027364730834961	-0.09869774430990219	0.35230934619903564	-0.38671237230300903	-0.269912451505661	-0.28667059540748596	-0.003629610175266862	-0.2838405966758728	-0.43840500712394714	-0.22952821850776672	-0.12678992748260498	-0.1741727590560913	-0.23517772555351257	-0.24239954352378845	-0.2491384744644165	-0.014395490288734436	-0.1316099613904953	0.1158754900097847	-0.16648425161838531	-0.21321699023246765	-0.2747347950935364	-0.10093165934085846	-0.23269443213939667	0.3063717782497406	0.06961052119731903	0.5540626049041748	0.6353534460067749	0.4547753930091858	0.49446746706962585
LH_Vis_5	0.3356119692325592	0.7228860855102539	0.5009046792984009	0.07877770066261292	1.0	0.526744544506073	0.48866963386535645	0.5352085828781128	0.4536674916744232	0.05822058767080307	0.007875856943428516	0.050965066999197006	0.5169836282730103	0.04632563889026642	-0.19390101730823517	0.09505350142717361	0.011631145142018795	0.31642383337020874	-0.05186277627944946	-0.05606864392757416	0.04757584258913994	0.268049955368042	-0.1950598806142807	-0.007777194492518902	0.13437503576278687	-0.15174926817417145	0.12182237207889557	-0.15863794088363647	-0.12535113096237183	-0.06853786110877991	-0.1507161557674408	-0.0492243766784668	-0.28954508900642395	0.1681549847126007	0.23602041602134705	0.49767962098121643	0.5124991536140442	0.007221021689474583	-0.11907864362001419	-0.1101887971162796	-0.25882717967033386	-0.46068093180656433	-0.36068978905677795	0.03437549248337746	0.15461888909339905	0.029340149834752083	-0.09094660729169846	0.07203217595815659	0.4339286983013153	0.14054925739765167	0.46473443508148193	0.5018142461776733	0.23789635300636292	0.40470245480537415	0.68281090259552	0.37896057963371277	0.47080010175704956	0.559170126914978	-0.05488613620400429	0.04053058102726936	0.1191796138882637	0.415185809135437	0.11343680322170258	-0.14778487384319305	-0.024757135659456253	-0.24534954130649567	-0.01378107350319624	0.09587563574314117	0.08686518669128418	0.17189091444015503	-0.035380203276872635	-0.15569880604743958	-0.2817947268486023	-0.3046172857284546	-0.08127608895301819	-0.0691375732421875	0.010912491008639336	-0.22897370159626007	-0.22660128772258759	-0.35241496562957764	-0.3715294599533081	-0.131965771317482	-0.19431854784488678	-0.10746361315250397	-0.21096539497375488	-0.3472348153591156	0.2853206396102905	-0.3190605640411377	0.3942331373691559	-0.4245196282863617	-0.41093677282333374	-0.39037424325942993	-0.5095372200012207	-0.39579227566719055	-0.533854603767395	-0.18827755749225616	-0.3405857980251312	-0.3697967231273651	0.5127205848693848	0.10544046014547348	-0.477611243724823	-0.3805399239063263	-0.367428719997406	0.19771386682987213	0.10463681071996689	0.4916943609714508	0.05714593082666397	-0.058112673461437225	-0.12039336562156677	0.24643036723136902	-0.3316303491592407	0.24491502344608307	-0.04498114436864853	0.04645293951034546	-0.30287230014801025	-0.5173453688621521	-0.3685453534126282	0.1313215047121048	-0.38957372307777405	-0.25883448123931885	0.13872824609279633	0.15084029734134674	-0.35753151774406433	-0.06940630078315735	-0.28510773181915283	-0.023472677916288376	-0.03062615543603897	0.14383293688297272	0.45961275696754456	-0.09543631970882416	0.0951678454875946	0.2740665376186371	0.04418341442942619	-0.054539214819669724	0.09727790951728821	0.09989596903324127	-0.4416036009788513	0.09211332350969315	0.03209264203906059	-0.2374192774295807	-0.02960311248898506	0.27317115664482117	-0.057963550090789795	0.09600463509559631	0.061251766979694366	-0.011013960465788841	0.301593542098999	0.13490457832813263	0.38095200061798096	0.16894759237766266	-0.20898166298866272	0.3123723268508911	-0.3127801716327667	-0.08210425823926926	0.11775553971529007	0.053548239171504974
LH_Vis_6	0.3527911603450775	0.6753864884376526	0.9260551333427429	-0.37160560488700867	0.526744544506073	1.0	0.7340264916419983	0.665668785572052	0.9546758532524109	0.1749606430530548	0.3353981077671051	0.17647764086723328	0.340658962726593	0.06283272057771683	0.15763549506664276	0.1361485719680786	0.03447948768734932	0.553490400314331	-0.23119257390499115	0.29195457696914673	0.3060896396636963	0.26677075028419495	0.11937516927719116	0.2176399677991867	0.17434918880462646	0.2247476726770401	0.26142618060112	0.033245839178562164	0.416067510843277	0.06129244342446327	-0.14691214263439178	-0.337850421667099	-0.417733758687973	0.16462036967277527	0.1992541253566742	0.5827017426490784	0.13408882915973663	-0.3344971537590027	-0.4424193799495697	0.09356968849897385	-0.5644703507423401	-0.40949493646621704	-0.4049210548400879	-0.10352086275815964	0.0022368519566953182	-0.3504233956336975	-0.2858560085296631	-0.1701972782611847	0.521114706993103	-0.08346191048622131	0.6202803254127502	0.7002961039543152	0.4373548626899719	-0.049910806119441986	0.8552923202514648	0.8706843256950378	0.5962678790092468	0.9089064002037048	0.22750963270664215	0.18611273169517517	0.21110136806964874	0.265656054019928	0.4051074981689453	-0.37439200282096863	0.20223961770534515	0.13631442189216614	0.34378698468208313	-0.054673176258802414	0.3946583569049835	0.4158085584640503	0.27111348509788513	0.27446749806404114	0.16288718581199646	0.09648850560188293	0.20775118470191956	0.2640784978866577	0.5402880311012268	0.2549702525138855	-0.33819857239723206	-0.5997717380523682	-0.2850467264652252	-0.44818469882011414	-0.3716926872730255	-0.09057721495628357	0.007841330952942371	-0.24387162923812866	-0.015978068113327026	-0.52422034740448	0.617682695388794	-0.7245012521743774	-0.5693662762641907	-0.3280254304409027	-0.654344379901886	-0.6800112724304199	-0.5089895725250244	-0.47420579195022583	-0.6020700335502625	-0.664773166179657	0.5837941765785217	-0.2811122536659241	-0.23342783749103546	-0.22265228629112244	-0.34254756569862366	-0.20856675505638123	0.07418730109930038	0.27346616983413696	0.07519540190696716	0.08365499973297119	-0.24817176163196564	0.20993301272392273	-0.34942516684532166	-0.1250213086605072	0.19239744544029236	-0.3234251141548157	-0.07134231179952621	-0.41921576857566833	-0.2607768476009369	0.03616396337747574	-0.2650063931941986	-0.33687037229537964	-0.23967139422893524	0.23649753630161285	-0.6902757883071899	0.2747681140899658	0.12590399384498596	-0.31953874230384827	0.042698103934526443	0.021410860121250153	0.3212617337703705	-0.25862255692481995	-0.12619656324386597	0.3924642503261566	0.13077916204929352	0.10257933288812637	0.28387847542762756	0.15263041853904724	-0.4182121455669403	-0.0005013733170926571	0.16129228472709656	-0.06694256514310837	0.27681297063827515	0.37880778312683105	-0.20019099116325378	-0.17650195956230164	-0.08804438263177872	-0.15562568604946136	0.18379679322242737	0.17207291722297668	0.2595999538898468	0.09892240166664124	-0.5413051843643188	0.06585843861103058	-0.6549426913261414	-0.45466211438179016	-0.22800832986831665	-0.2577144205570221
LH_Vis_7	0.3270534873008728	0.7357383966445923	0.8067389130592346	-0.4424915611743927	0.48866963386535645	0.7340264916419983	1.0	0.8408936262130737	0.7936517596244812	0.2723936140537262	0.4429679214954376	0.4551668167114258	0.3781094253063202	0.3816538155078888	0.271283358335495	0.44073939323425293	0.2611793875694275	0.7758527398109436	0.0614805705845356	0.15789572894573212	0.2628976106643677	0.3846396505832672	-0.023562954738736153	0.15769876539707184	0.2371135950088501	0.24499690532684326	0.16853371262550354	-0.0205630362033844	0.37035802006721497	0.1252223253250122	-0.2119297981262207	-0.3534378707408905	-0.3994177281856537	0.06421905755996704	0.2660001814365387	0.6055156588554382	-0.003972920589148998	-0.393780916929245	-0.5484873056411743	0.165364608168602	-0.602326512336731	-0.576384425163269	-0.34802961349487305	-0.22249117493629456	0.04600073769688606	-0.4366593658924103	-0.33545538783073425	-0.32045671343803406	0.4339870512485504	-0.24197600781917572	0.6670953631401062	0.8540369868278503	0.7893648743629456	-0.22839541733264923	0.7817338705062866	0.8543523550033569	0.7753677368164062	0.8773046135902405	0.4370558559894562	0.41276875138282776	0.38517430424690247	0.24494966864585876	0.560317873954773	-0.09768065065145493	0.3432682752609253	0.2204483151435852	0.4412049353122711	0.20599591732025146	0.5124276876449585	0.6974954605102539	0.1019003763794899	0.4787158668041229	0.06582213193178177	0.22881518304347992	0.18277163803577423	0.3403475880622864	0.4065946042537689	0.2630143165588379	-0.3978014886379242	-0.39346182346343994	-0.43211132287979126	-0.47928041219711304	-0.38065168261528015	-0.10033833980560303	-0.13895441591739655	-0.28066983819007874	0.06650971621274948	-0.4837268590927124	0.6783427000045776	-0.6381598711013794	-0.6409248113632202	-0.2985442876815796	-0.6916403770446777	-0.5212792158126831	-0.4506283402442932	-0.5936110615730286	-0.5781548023223877	-0.6867038011550903	0.5313423275947571	-0.3327568471431732	-0.1474739909172058	-0.07333438098430634	-0.1758853942155838	-0.27367424964904785	0.13178162276744843	-0.03576160594820976	-0.08571166545152664	-0.3353020250797272	-0.32284656167030334	0.2133941501379013	-0.2278352826833725	-0.29037758708000183	-0.19675679504871368	-0.19070576131343842	-0.056062065064907074	-0.396635502576828	-0.05797300487756729	-0.18320786952972412	-0.09684533625841141	-0.25932228565216064	-0.09614142030477524	-0.07633474469184875	-0.5611318349838257	0.15635117888450623	0.30753225088119507	-0.18910303711891174	-0.013895520940423012	0.23904770612716675	0.2067968100309372	-0.2942296266555786	0.04057282581925392	0.2900972366333008	0.13341261446475983	-0.1559179723262787	0.22255699336528778	0.06390085071325302	-0.19448159635066986	-0.16982725262641907	0.3702203631401062	-0.23190438747406006	0.15580220520496368	0.5068427920341492	-0.3183581829071045	-0.21305540204048157	-0.35009410977363586	-0.30454280972480774	0.13569305837154388	0.09349040687084198	0.081085704267025	0.004898977465927601	-0.7592130899429321	-0.12944497168064117	-0.7422311902046204	-0.5080822706222534	-0.4444016218185425	-0.5571167469024658
LH_Vis_8	0.27051377296447754	0.8416151404380798	0.7889575362205505	-0.3851871192455292	0.5352085828781128	0.665668785572052	0.8408936262130737	1.0	0.736200213432312	0.26362553238868713	0.46299663186073303	0.5213652849197388	0.3968958854675293	0.2605716586112976	0.3365188241004944	0.17463743686676025	0.20229177176952362	0.8454596996307373	0.04246148839592934	0.09388482570648193	0.33802270889282227	0.2295732945203781	-0.02498742751777172	0.1292329579591751	0.08340004831552505	0.16494062542915344	0.02588161826133728	-0.0019962636288255453	0.2699471414089203	0.17320868372917175	-0.18100093305110931	-0.3310166895389557	-0.32887303829193115	-0.18151816725730896	0.03863529488444328	0.4167705178260803	-0.13088469207286835	-0.27105000615119934	-0.4799932539463043	0.059180039912462234	-0.436012864112854	-0.5380198955535889	-0.23391717672348022	-0.30835750699043274	0.14268267154693604	-0.34341832995414734	-0.2576000988483429	-0.22192364931106567	0.23108166456222534	-0.2561432421207428	0.6250770688056946	0.878046989440918	0.6471678614616394	-0.07956252247095108	0.6951932311058044	0.7847355008125305	0.9281291961669922	0.8527616858482361	0.41254398226737976	0.5150871872901917	0.4889053702354431	0.2834586501121521	0.41718387603759766	-0.028144296258687973	0.5101192593574524	0.31961822509765625	0.18977051973342896	0.31680017709732056	0.40168505907058716	0.7504459023475647	0.1102994978427887	0.44802945852279663	0.035742342472076416	0.11923468858003616	0.0955938994884491	0.2688709497451782	0.26862844824790955	0.25974181294441223	-0.25109556317329407	-0.40306687355041504	-0.3430033326148987	-0.42821046710014343	-0.07201968878507614	-0.15361210703849792	-0.1313207745552063	-0.2922147810459137	-0.05616762861609459	-0.39478209614753723	0.5227382779121399	-0.4147532284259796	-0.4331088662147522	-0.30794385075569153	-0.6117805242538452	-0.3808925747871399	-0.3003624975681305	-0.5070998668670654	-0.3131110370159149	-0.5479949116706848	0.3556477427482605	-0.2894943356513977	-0.06710158288478851	-0.014750339090824127	-0.07476233690977097	-0.20332276821136475	0.031018147245049477	-0.025993648916482925	-0.05443436652421951	-0.22105124592781067	-0.17310531437397003	0.18600286543369293	-0.301695853471756	-0.21970748901367188	-0.2044544816017151	-0.18840135633945465	0.021103132516145706	-0.14309999346733093	0.09878963977098465	-0.1619427502155304	-0.15471303462982178	-0.060216981917619705	0.02418375015258789	0.004249462857842445	-0.4666396379470825	0.22952625155448914	0.3980214595794678	0.02560723014175892	0.15251995623111725	0.1682809442281723	0.1797042191028595	-0.40266892313957214	-0.1228075847029686	0.13127781450748444	-0.034135594964027405	-0.16691383719444275	0.3735674023628235	0.2083253711462021	-0.18284519016742706	-0.14122717082500458	0.24538813531398773	-0.06256348639726639	0.1404847949743271	0.474282443523407	-0.3133738040924072	-0.1300191432237625	-0.3464319407939911	-0.14917762577533722	0.3083486557006836	0.28643545508384705	0.1493053436279297	-0.038373276591300964	-0.6657851934432983	0.023420041427016258	-0.5245848298072815	-0.3742583692073822	-0.34159180521965027	-0.39404138922691345
LH_Vis_9	0.4293675124645233	0.6823287606239319	0.9534078240394592	-0.4777199625968933	0.4536674916744232	0.9546758532524109	0.7936517596244812	0.736200213432312	1.0	0.29196712374687195	0.45743897557258606	0.24654348194599152	0.306562215089798	0.1080237552523613	0.2191685289144516	0.26296117901802063	0.15415523946285248	0.6735390424728394	-0.17103111743927002	0.3496676981449127	0.31423482298851013	0.32515329122543335	0.1712266504764557	0.2365928441286087	0.27439871430397034	0.28000688552856445	0.3083539307117462	-0.04688536748290062	0.42212793231010437	-0.010570826008915901	-0.09704795479774475	-0.2805478572845459	-0.3899580240249634	0.20842020213603973	0.31899499893188477	0.6526440382003784	0.06196466088294983	-0.32194364070892334	-0.5454944968223572	0.16214925050735474	-0.5856130123138428	-0.39662203192710876	-0.32377904653549194	-0.18579065799713135	0.0945567712187767	-0.4466536045074463	-0.21880322694778442	-0.2551489472389221	0.5377892255783081	-0.20894138514995575	0.7187772393226624	0.7401357293128967	0.514030933380127	-0.18964901566505432	0.8295764327049255	0.9052765369415283	0.6262905597686768	0.9573988914489746	0.3392173945903778	0.2818787097930908	0.29350313544273376	0.22405584156513214	0.364738404750824	-0.3542713522911072	0.2988748848438263	0.18321837484836578	0.4409477114677429	0.006592054385691881	0.5030457377433777	0.5424587726593018	0.3069775700569153	0.35530608892440796	0.20362699031829834	0.14195849001407623	0.2623535990715027	0.36727723479270935	0.5846505165100098	0.23700286448001862	-0.2642384469509125	-0.5292887091636658	-0.2041103094816208	-0.42041146755218506	-0.27089884877204895	0.03674366697669029	0.07099097967147827	-0.1315503865480423	0.04702586680650711	-0.46051764488220215	0.6933930516242981	-0.7176569700241089	-0.5154246687889099	-0.23905950784683228	-0.6928490996360779	-0.5595874190330505	-0.4363943636417389	-0.5143458247184753	-0.6423416137695312	-0.6392133831977844	0.6250777840614319	-0.30266904830932617	-0.2251434624195099	-0.1963375359773636	-0.3064166009426117	-0.25888845324516296	-0.0776088684797287	0.11287041008472443	0.03150741755962372	0.024824704974889755	-0.23006115853786469	0.23933908343315125	-0.23231665790081024	-0.26298367977142334	0.10270969569683075	-0.34566670656204224	-0.10171625018119812	-0.3534559905529022	-0.16803307831287384	-0.09086353331804276	-0.18004870414733887	-0.2317758947610855	-0.20557700097560883	0.07202436029911041	-0.6800664663314819	0.23609612882137299	0.2429560124874115	-0.2289910763502121	0.055571623146533966	-0.04176255315542221	0.3245442509651184	-0.36374130845069885	-0.10623493045568466	0.32662659883499146	0.19214816391468048	0.029363883659243584	0.382392942905426	0.2812372148036957	-0.2933836579322815	-0.039009205996990204	0.17023512721061707	0.06980041414499283	0.2734020948410034	0.437705397605896	-0.1509161740541458	-0.09140995144844055	-0.06730776280164719	-0.09210269153118134	0.22333146631717682	0.20101718604564667	0.21266402304172516	0.10493586212396622	-0.5458474159240723	0.0508677177131176	-0.7128346562385559	-0.555242121219635	-0.30467215180397034	-0.360939621925354
LH_SomMot_1	0.11176648736000061	0.23609477281570435	0.33980897068977356	-0.5156808495521545	0.05822058767080307	0.1749606430530548	0.2723936140537262	0.26362553238868713	0.29196712374687195	1.0	0.7750515341758728	0.5412544012069702	0.45789390802383423	0.44056469202041626	0.43241459131240845	0.23596912622451782	0.6040533185005188	0.15641160309314728	0.12679821252822876	0.2678968012332916	0.2736360430717468	0.5566268563270569	0.47260215878486633	0.5944123864173889	0.5131517052650452	0.4777372479438782	0.49933212995529175	0.035362470895051956	0.42126739025115967	0.13106822967529297	-0.07729620486497879	0.057386405766010284	-0.20134501159191132	0.1468043178319931	0.40136897563934326	0.10374383628368378	-0.25787901878356934	-0.2820975184440613	-0.4435897469520569	0.6247938275337219	-0.47742873430252075	-0.20737744867801666	-0.003727868665009737	-0.5746784806251526	0.2690640091896057	-0.4826556146144867	-0.009609854780137539	-0.40655019879341125	0.06637337058782578	-0.7037397027015686	0.4284150302410126	0.1887776255607605	0.34910503029823303	-0.38018181920051575	0.029022416099905968	0.35788172483444214	0.06339355558156967	0.3366875648498535	0.8621650338172913	0.7363888621330261	0.6112554669380188	0.4051700234413147	0.1943214386701584	-0.13724331557750702	0.3337348997592926	0.21343886852264404	0.27922338247299194	0.20257022976875305	0.12065280973911285	0.12547215819358826	0.4372299611568451	0.5347563624382019	0.29439499974250793	0.5531400442123413	0.5777128338813782	0.6548386812210083	0.5836098790168762	0.4254320561885834	0.147340789437294	-0.005668157245963812	0.22706125676631927	-0.33158573508262634	0.14800885319709778	0.4508933126926422	0.4698560833930969	0.3188622295856476	-0.20207180082798004	0.2550112009048462	0.18755103647708893	-0.48573967814445496	-0.11180129647254944	0.5102735757827759	-0.08176881819963455	0.20252448320388794	0.14819741249084473	-0.42768749594688416	-0.30085858702659607	-0.26491299271583557	0.21600088477134705	-0.5647777318954468	0.19017907977104187	-0.1293252557516098	-0.21485260128974915	-0.30546486377716064	-0.24150092899799347	-0.2450692057609558	0.05976741388440132	-0.11202133446931839	0.044630564749240875	0.2020997852087021	-0.011984332464635372	-0.5878496170043945	0.01308391708880663	-0.03256230428814888	0.11576485633850098	0.11584200710058212	-0.061205875128507614	-0.3965717554092407	-0.12208792567253113	0.08952057361602783	-0.14370359480381012	-0.012807013466954231	0.09488976001739502	0.09225819259881973	0.19518163800239563	0.2706317901611328	-0.0968962013721466	-0.2345103919506073	0.16348011791706085	-0.18801335990428925	0.3828984498977661	0.26185619831085205	0.6076843738555908	0.0589105449616909	0.6260609030723572	0.24693825840950012	0.37734711170196533	0.019470971077680588	0.011812102980911732	0.09833671897649765	0.45924803614616394	0.4857490062713623	-0.12351467460393906	0.18319758772850037	-0.14653442800045013	0.11156360059976578	0.2942062020301819	0.15619127452373505	-0.10385651886463165	-0.060926225036382675	-0.22060565650463104	-0.08176837116479874	-0.45737773180007935	-0.5056298971176147	-0.42672938108444214	-0.5032765865325928
LH_SomMot_2	0.05144883692264557	0.28956061601638794	0.4670677185058594	-0.5869185924530029	0.007875856943428516	0.3353981077671051	0.4429679214954376	0.46299663186073303	0.45743897557258606	0.7750515341758728	1.0	0.6476333737373352	0.4297915995121002	0.5340527892112732	0.6195704936981201	0.20708167552947998	0.625921905040741	0.40168699622154236	0.2643768787384033	0.29980817437171936	0.3906443119049072	0.4662137031555176	0.35749492049217224	0.5335229635238647	0.5546435117721558	0.5471975803375244	0.3669474720954895	-0.03442076966166496	0.48613521456718445	0.13927286863327026	-0.1948683261871338	-0.18692287802696228	-0.3430224359035492	-0.005554714240133762	0.22349487245082855	0.1889270544052124	-0.41948726773262024	-0.3432367146015167	-0.5268018245697021	0.5400418043136597	-0.5519505143165588	-0.3274959921836853	-0.07093651592731476	-0.6243666410446167	0.2026422768831253	-0.572600245475769	-0.24001948535442352	-0.5567014813423157	0.012892861850559711	-0.6856866478919983	0.39123770594596863	0.33864301443099976	0.410854697227478	-0.46714141964912415	0.14719490706920624	0.5412386655807495	0.2911602258682251	0.4826889634132385	0.7776622772216797	0.8080878853797913	0.7045444846153259	0.3820888102054596	0.3326300084590912	-0.1098727285861969	0.46034568548202515	0.45166584849357605	0.420722097158432	0.25509458780288696	0.35776621103286743	0.45136478543281555	0.423066645860672	0.7001420259475708	0.3312332332134247	0.5676491260528564	0.5231099724769592	0.6852555274963379	0.6077839732170105	0.464487224817276	0.0964798554778099	-0.15856435894966125	0.13425201177597046	-0.385039746761322	0.11369133740663528	0.3147209584712982	0.41714176535606384	0.1988285779953003	-0.22666668891906738	0.11735107004642487	0.3608691394329071	-0.494424432516098	-0.21559321880340576	0.3677803874015808	-0.22294676303863525	0.05196904391050339	0.03494450822472572	-0.5073031187057495	-0.3505791127681732	-0.36118727922439575	0.13618871569633484	-0.5129760503768921	0.21004590392112732	-0.1124911829829216	-0.08646587282419205	-0.4748118817806244	-0.23785671591758728	-0.1932402402162552	0.14811645448207855	-0.0861276239156723	-0.005665004253387451	0.22191756963729858	0.019204603508114815	-0.534704864025116	0.12251737713813782	-0.18340589106082916	0.15415921807289124	0.03674070164561272	0.19533240795135498	-0.4500385820865631	-0.05872226879000664	0.12213034182786942	-0.1429244726896286	-0.17226272821426392	-0.22015339136123657	0.1492418497800827	0.4691426455974579	0.17421174049377441	0.05643894895911217	-0.29038748145103455	0.13765165209770203	-0.39443182945251465	0.23051205277442932	0.13083507120609283	0.406295508146286	-0.017836719751358032	0.6868829727172852	0.30803826451301575	0.15495820343494415	-0.21115051209926605	-0.00369058339856565	0.12722790241241455	0.2178083211183548	0.4832848012447357	-0.2211478054523468	0.06824932992458344	-0.21125520765781403	0.06731327623128891	0.42052707076072693	0.3802967667579651	0.04575938731431961	0.035226475447416306	-0.359030157327652	-0.09066399931907654	-0.514331579208374	-0.5966089367866516	-0.5516362190246582	-0.5778131484985352
LH_SomMot_3	-0.25039857625961304	0.33311620354652405	0.3341498076915741	-0.47635650634765625	0.050965066999197006	0.17647764086723328	0.4551668167114258	0.5213652849197388	0.24654348194599152	0.5412544012069702	0.6476333737373352	1.0	0.3766000270843506	0.5829648971557617	0.6743022799491882	-0.15203404426574707	0.5161383152008057	0.28566211462020874	0.3558827340602875	0.006120594218373299	0.7195002436637878	0.11338314414024353	0.2587791681289673	0.6435376405715942	0.3573288917541504	0.6955462694168091	0.22913196682929993	0.09470530599355698	0.6431536078453064	0.30339452624320984	-0.4867634177207947	-0.3499263525009155	-0.4957474172115326	-0.42519018054008484	-0.14929713308811188	0.11511245369911194	-0.4672403931617737	-0.45681729912757874	-0.5408147573471069	0.6051450371742249	-0.5777455568313599	-0.4358632266521454	-0.28239792585372925	-0.6105200052261353	0.00660830968990922	-0.6091946363449097	-0.5320334434509277	-0.6232829689979553	-0.22266779839992523	-0.6687647700309753	0.17987321317195892	0.37454670667648315	0.3088951110839844	-0.44372308254241943	0.11067017912864685	0.45501548051834106	0.4041277766227722	0.33625054359436035	0.7657358646392822	0.8591790795326233	0.8476061820983887	0.27032309770584106	0.5053746104240417	0.29884886741638184	0.6701037287712097	0.5970785021781921	0.15094761550426483	0.616102933883667	0.23788666725158691	0.3498453199863434	0.5579555034637451	0.8058163523674011	0.4583619236946106	0.6404037475585938	0.6164603233337402	0.7003662586212158	0.5209607481956482	0.7027595639228821	-0.16438493132591248	-0.17173883318901062	0.02490203268826008	-0.5841518640518188	0.07089490443468094	0.018019845709204674	0.45560911297798157	-0.04785969480872154	-0.2470582127571106	0.04744032397866249	0.16805188357830048	-0.3701767921447754	-0.383340060710907	0.2272612601518631	-0.27619290351867676	-0.004754532128572464	0.10180861502885818	-0.4504767060279846	-0.1528567373752594	-0.3782401978969574	-0.08391755819320679	-0.4908173084259033	0.4012547433376312	0.06499162316322327	-0.09332343935966492	-0.2789079546928406	-0.033652711659669876	-0.3406270146369934	0.06190674751996994	-0.431757390499115	-0.08204753696918488	-0.09656726568937302	-0.18791715800762177	-0.46304747462272644	-0.037658389657735825	-0.13476334512233734	0.4484826624393463	0.12670373916625977	0.179106667637825	-0.4731641113758087	-0.0153410155326128	0.19366127252578735	-0.05884271487593651	-0.16197562217712402	-0.12872983515262604	0.12781989574432373	0.5388798713684082	0.0004533994651865214	0.18022175133228302	0.13623397052288055	-0.10986895114183426	-0.16279099881649017	0.2375401109457016	0.10767969489097595	0.08514111489057541	-0.0747031569480896	0.5677160620689392	0.16932359337806702	0.14003081619739532	-0.1276300996541977	0.3630889058113098	0.020086854696273804	0.3118286728858948	0.6203782558441162	-0.46861720085144043	0.001646384596824646	-0.4763062000274658	-0.0913650393486023	0.3863385021686554	0.30083203315734863	-0.13808543980121613	-0.08868182450532913	-0.5289854407310486	-0.27767711877822876	-0.44591522216796875	-0.512963056564331	-0.6427028775215149	-0.5042548775672913
