../../.git/annex/objects/MV/4J/SHA256E-s14876609--1ba4ac72b245059c866db0281ae4daff6d91c0634cf3b1e1c1ee26bf9a198e94.tsv/SHA256E-s14876609--1ba4ac72b245059c866db0281ae4daff6d91c0634cf3b1e1c1ee26bf9a198e94.tsv