Node	LH_Vis_1	LH_Vis_2	LH_Vis_3	LH_Vis_4	LH_Vis_5	LH_Vis_6	LH_Vis_7	LH_Vis_8	LH_Vis_9	LH_SomMot_1	LH_SomMot_2	LH_SomMot_3	LH_SomMot_4	LH_SomMot_5	LH_SomMot_6	LH_DorsAttn_Post_1	LH_DorsAttn_Post_2	LH_DorsAttn_Post_3	LH_DorsAttn_Post_4	LH_DorsAttn_Post_5	LH_DorsAttn_Post_6	LH_DorsAttn_PrCv_1	LH_DorsAttn_FEF_1	LH_SalVentAttn_ParOper_1	LH_SalVentAttn_FrOperIns_1	LH_SalVentAttn_FrOperIns_2	LH_SalVentAttn_PFCl_1	LH_SalVentAttn_Med_1	LH_SalVentAttn_Med_2	LH_SalVentAttn_Med_3	LH_Limbic_OFC_1	LH_Limbic_TempPole_1	LH_Limbic_TempPole_2	LH_Cont_Par_1	LH_Cont_PFCl_1	LH_Cont_pCun_1	LH_Cont_Cing_1	LH_Default_Temp_1	LH_Default_Temp_2	LH_Default_Par_1	LH_Default_Par_2	LH_Default_PFC_1	LH_Default_PFC_2	LH_Default_PFC_3	LH_Default_PFC_4	LH_Default_PFC_5	LH_Default_PFC_6	LH_Default_PFC_7	LH_Default_pCunPCC_1	LH_Default_pCunPCC_2	RH_Vis_1	RH_Vis_2	RH_Vis_3	RH_Vis_4	RH_Vis_5	RH_Vis_6	RH_Vis_7	RH_Vis_8	RH_SomMot_1	RH_SomMot_2	RH_SomMot_3	RH_SomMot_4	RH_SomMot_5	RH_SomMot_6	RH_SomMot_7	RH_SomMot_8	RH_DorsAttn_Post_1	RH_DorsAttn_Post_2	RH_DorsAttn_Post_3	RH_DorsAttn_Post_4	RH_DorsAttn_Post_5	RH_DorsAttn_PrCv_1	RH_DorsAttn_FEF_1	RH_SalVentAttn_TempOccPar_1	RH_SalVentAttn_TempOccPar_2	RH_SalVentAttn_FrOperIns_1	RH_SalVentAttn_Med_1	RH_SalVentAttn_Med_2	RH_Limbic_OFC_1	RH_Limbic_TempPole_1	RH_Cont_Par_1	RH_Cont_Par_2	RH_Cont_PFCl_1	RH_Cont_PFCl_2	RH_Cont_PFCl_3	RH_Cont_PFCl_4	RH_Cont_Cing_1	RH_Cont_PFCmp_1	RH_Cont_pCun_1	RH_Default_Par_1	RH_Default_Temp_1	RH_Default_Temp_2	RH_Default_Temp_3	RH_Default_PFCv_1	RH_Default_PFCv_2	RH_Default_PFCdPFCm_1	RH_Default_PFCdPFCm_2	RH_Default_PFCdPFCm_3	RH_Default_pCunPCC_1	RH_Default_pCunPCC_2	LH-Pu	LH-Ca	LH-NAC	LH-EXA	LH-GPe	LH-GPi	LH-SNc_PBP_VTA	LH-RN	LH-SNr	LH-VeP	LH-HN	LH-HTH	LH-MN	LH-STH	RH-Pu	RH-Ca	RH-NAC	RH-EXA	RH-GPe	RH-GPi	RH-SNc_PBP_VTA	RH-RN	RH-SNr	RH-VeP	RH-HN	RH-HTH	RH-MN	RH-STH	LH-Pulvinar	LH-Anterior	LH-Medio_Dorsal	LH-Ventral_Latero_Dorsal	LH-Central_Lateral-Lateral_Posterior-Medial_Pulvinar	LH-Ventral_Anterior	LH-Ventral_Latero_Ventral	RH-Pulvinar	RH-Anterior	RH-Medio_Dorsal	RH-Ventral_Latero_Dorsal	RH-Central_Lateral-Lateral_Posterior-Medial_Pulvinar	RH-Ventral_Anterior	RH-Ventral_Latero_Ventral	LH_Hippocampus	LH_Amygdala	RH_Hippocampus	RH_Amygdala	Cerebellar_Region1	Cerebellar_Region2	Cerebellar_Region3	Cerebellar_Region4	Cerebellar_Region5	Cerebellar_Region6	Cerebellar_Region7	Cerebellar_Region8	Cerebellar_Region9	Cerebellar_Region10
LH_Vis_1	1.0	0.3518395721912384	0.5540788769721985	-0.2879346013069153	0.26437702775001526	0.1432645618915558	0.34862905740737915	0.5257301330566406	0.3334590792655945	0.23880426585674286	0.16927580535411835	-0.020052924752235413	0.03253534063696861	-0.5626152157783508	0.31986233592033386	0.6087793707847595	0.42275166511535645	0.7413070797920227	0.4861616790294647	0.6808446049690247	0.2810482680797577	0.2821151316165924	0.44996377825737	0.10156123340129852	0.6033614277839661	0.19619925320148468	-0.07983419299125671	0.06767848879098892	0.5305813550949097	-0.2754558324813843	-0.0702492743730545	0.36743614077568054	-0.3095535635948181	-0.17677609622478485	-0.12547817826271057	0.20744222402572632	-0.14495661854743958	-0.053954415023326874	-0.44568976759910583	-0.29683321714401245	-0.21654914319515228	-0.3108847439289093	-0.26974067091941833	0.04037110134959221	-0.434112012386322	-0.36957603693008423	-0.5128707885742188	0.18689796328544617	0.7826631665229797	-0.013987024314701557	0.7967468500137329	0.6133207082748413	0.5889113545417786	0.11074385046958923	0.18535441160202026	0.3904610276222229	0.5445341467857361	0.3401346802711487	0.27171438932418823	0.1130576953291893	-0.08936531096696854	-0.12954533100128174	-0.09149385243654251	-0.4791589081287384	-0.14931905269622803	0.31533318758010864	0.6762170195579529	-0.49919432401657104	0.5100743770599365	0.6410816311836243	0.41619300842285156	0.031233130022883415	0.3354839086532593	-0.06382695585489273	0.19462354481220245	0.11299215257167816	0.39948201179504395	-0.06533832103013992	-0.17577961087226868	0.0184919573366642	0.1737624853849411	0.04477938637137413	-0.464145690202713	-0.056107427924871445	0.0029266183264553547	-0.2604750096797943	-0.12850511074066162	-0.21774248778820038	0.5603424906730652	-0.22150498628616333	-0.3529573380947113	-0.22575199604034424	-0.5493043065071106	-0.14389117062091827	-0.45085853338241577	-0.10807966440916061	-0.5468292236328125	0.3463638424873352	0.7502846121788025	0.1043240949511528	-0.06836169213056564	-0.2200421690940857	0.4309558868408203	0.08367975056171417	-0.28378748893737793	0.01506888959556818	-0.21836401522159576	-0.024805786088109016	0.024556057527661324	-0.008954700082540512	0.3184925317764282	0.4863986074924469	0.40311136841773987	0.5106241703033447	-0.0948403850197792	0.029946081340312958	0.18008548021316528	0.3115905225276947	-0.14465145766735077	-0.06951721012592316	0.2808080017566681	0.3848092257976532	-0.07802625745534897	-0.1646575778722763	0.2435828298330307	0.22326265275478363	0.11890097707509995	0.2933824956417084	0.5776755809783936	0.04724255949258804	0.27427300810813904	0.01497502438724041	0.3775881826877594	-0.022324595600366592	0.18765783309936523	0.5845951437950134	0.3094193637371063	-0.06967081129550934	0.184151753783226	0.3693907558917999	0.2335132509469986	-0.07948316633701324	0.5124837160110474	0.2615084648132324	0.5229852795600891	0.27872151136398315	-0.05154349282383919	0.04219987988471985	0.46132099628448486	0.29234328866004944	-0.07286477088928223	0.09206388890743256	-0.12068948149681091	-0.3281705677509308	-0.08623860776424408	-0.22689686715602875
LH_Vis_2	0.3518395721912384	1.0	0.6890914440155029	-0.12535785138607025	0.7621755599975586	0.4350025951862335	0.5609939694404602	0.7502940893173218	0.4492386281490326	0.06258496642112732	0.2409048229455948	-0.139744371175766	-0.1418788880109787	-0.053661517798900604	0.28976473212242126	0.5378594994544983	0.10484595596790314	0.3172546327114105	0.1569092571735382	0.1835397332906723	0.38994625210762024	-0.3836004436016083	0.005104124080389738	-0.005441343877464533	0.20979543030261993	-0.22497491538524628	-0.3854334354400635	-0.028065714985132217	0.21278797090053558	-0.44936949014663696	-0.09282194823026657	0.3740074634552002	0.10075671970844269	-0.35418930649757385	-0.5020923018455505	0.011505184695124626	-0.24060237407684326	0.18797750771045685	-0.07717110216617584	-0.018202343955636024	-0.0050225164741277695	-0.14938734471797943	0.04964631795883179	0.09753471612930298	-0.4362901449203491	-0.036985885351896286	-0.4362238943576813	-0.08760970830917358	0.4629427492618561	-0.01644866168498993	0.31957510113716125	0.627324640750885	0.5056607127189636	-0.03566325828433037	0.5501277446746826	0.22499704360961914	0.5801247358322144	0.5200462937355042	0.06831282377243042	0.29482340812683105	-0.007162434048950672	0.0026055392809212208	0.010955086909234524	-0.013563278131186962	0.2837027907371521	0.175249382853508	0.30928486585617065	-0.16752111911773682	0.28813162446022034	0.4337936043739319	0.38729527592658997	-0.03943074122071266	0.26192110776901245	-0.10728424042463303	0.14139939844608307	-0.11027795821428299	0.25321558117866516	-0.09945394843816757	-0.4719947576522827	-0.14537619054317474	-0.3337398171424866	-0.36298224329948425	-0.5574460029602051	-0.4114147126674652	-0.32190367579460144	-0.550323486328125	-0.2123863697052002	-0.4422958791255951	-0.07217450439929962	-0.41651031374931335	-0.1898936778306961	-0.16916340589523315	-0.3618621826171875	-0.5112701058387756	-0.2655275762081146	-0.2988605499267578	-0.24340742826461792	-0.21328672766685486	0.30214542150497437	-0.210884690284729	-0.33567067980766296	-0.15714089572429657	-0.021307166665792465	-0.2903299331665039	-0.3052603006362915	-0.24019379913806915	-0.12556222081184387	-0.17135512828826904	-0.006817879155278206	-0.5668599009513855	-0.2640586793422699	0.05171070247888565	-0.20814672112464905	0.5277247428894043	-0.32095929980278015	-0.1788356602191925	-0.06480315327644348	-0.1059877797961235	-0.4638153314590454	-0.04089215025305748	0.28383564949035645	0.046444427222013474	0.08804861456155777	-0.33516591787338257	-0.2828930616378784	0.12376794964075089	0.10035086423158646	0.46820068359375	0.5011920928955078	-0.5787776112556458	-0.1534423530101776	0.26330631971359253	0.06823232024908066	0.07998480647802353	0.29417598247528076	0.3640923500061035	-0.23419220745563507	-0.2342507243156433	0.19222736358642578	0.2169516682624817	-0.0026737875305116177	0.014462928287684917	0.017676103860139847	0.09435205906629562	0.3439067006111145	-0.019466498866677284	0.3344895839691162	0.11960798501968384	0.1772126704454422	0.35206305980682373	-0.21464058756828308	-0.24399426579475403	-0.2301522046327591	-0.2671951353549957	-0.30438998341560364	-0.27822044491767883
LH_Vis_3	0.5540788769721985	0.6890914440155029	1.0	-0.319550096988678	0.36282965540885925	0.728978157043457	0.25239697098731995	0.753852367401123	0.7560927271842957	0.06334987282752991	-0.01967884972691536	-0.23618970811367035	-0.009723211638629436	-0.2944343388080597	0.26002779603004456	0.4105927050113678	0.14640317857265472	0.5788681507110596	0.17541828751564026	0.3492550849914551	0.09563974291086197	-0.2835211455821991	0.08792545646429062	0.13095134496688843	0.48896774649620056	-0.0595509335398674	-0.21728962659835815	-0.11768586933612823	0.3294527530670166	-0.5440312027931213	-0.19667617976665497	0.11455266922712326	-0.1813245564699173	-0.32891935110092163	-0.31545278429985046	-0.01974787563085556	-0.4068516790866852	-0.18359510600566864	-0.4478563666343689	-0.4584798216819763	-0.22859948873519897	-0.48346710205078125	-0.22948139905929565	-0.039999671280384064	-0.5416452288627625	-0.3212459981441498	-0.5376114845275879	-0.02823544107377529	0.5892535448074341	-0.24004603922367096	0.48527491092681885	0.6673653721809387	0.465036541223526	0.003594408743083477	0.625084638595581	0.697050154209137	0.6400941014289856	0.7318641543388367	0.09080605953931808	-0.06731265783309937	-0.08116886764764786	0.04402559995651245	0.22269995510578156	-0.5684342384338379	-0.206905797123909	0.055934302508831024	0.47552263736724854	-0.4246659576892853	0.42483407258987427	0.5008360147476196	0.1378287971019745	0.17980127036571503	0.14316155016422272	0.1590007245540619	0.18321707844734192	0.08372821658849716	0.21187414228916168	-0.06928625702857971	-0.15990357100963593	-0.18063467741012573	0.32573455572128296	-0.09568364918231964	-0.23740863800048828	-0.015847884118556976	-0.005482564680278301	-0.1444082409143448	-0.20835958421230316	-0.1337023228406906	0.2177891582250595	-0.10248549282550812	-0.2571342885494232	-0.3220475912094116	-0.32288479804992676	-0.21126246452331543	-0.12206656485795975	0.014523654244840145	-0.21032093465328217	0.33850860595703125	0.6128649711608887	-0.06052456423640251	-0.47966286540031433	-0.3229048550128937	0.12667681276798248	-0.39264345169067383	-0.3667962849140167	-0.4168265163898468	-0.09418211877346039	-0.19272294640541077	-0.02958361804485321	-0.2907794415950775	-0.12197055667638779	0.5167214274406433	0.1315343976020813	0.5684178471565247	-0.5000540614128113	-0.13370804488658905	-0.1648368537425995	-0.15450331568717957	-0.3527792990207672	-0.3878069818019867	0.43453657627105713	0.4881226122379303	-0.2549225687980652	-0.45723554491996765	-0.04326213151216507	0.45165252685546875	0.1971702128648758	0.6167030930519104	0.35107365250587463	-0.12964089214801788	-0.03153830021619797	0.14505821466445923	0.10825924575328827	-0.0947403609752655	0.06669637560844421	0.4978888928890228	0.13396772742271423	-0.2830553948879242	0.06097361072897911	0.12543781101703644	0.21716469526290894	-0.0001929817080963403	0.22333751618862152	0.2746436893939972	0.5479856729507446	0.23534263670444489	0.10343175381422043	0.05417976155877113	0.5584418773651123	0.4411255717277527	0.1930374801158905	0.0009601050987839699	-0.02517293393611908	-0.40740689635276794	-0.2796010673046112	-0.0362328439950943
LH_Vis_4	-0.2879346013069153	-0.12535785138607025	-0.319550096988678	1.0	-0.22386007010936737	-0.37227049469947815	-0.2854014039039612	-0.03567197173833847	-0.4410202205181122	-0.18021710216999054	-0.21550960838794708	-0.3289252817630768	0.005825660191476345	0.524065375328064	-0.26754799485206604	0.008807349018752575	-0.29466643929481506	-0.16851578652858734	-0.04411721229553223	-0.5209571123123169	-0.28793567419052124	-0.10142627358436584	-0.372810035943985	-0.44679170846939087	-0.5265520215034485	-0.4833223223686218	-0.45503151416778564	-0.6625816226005554	-0.5439749360084534	-0.16204306483268738	0.0357191227376461	-0.27250155806541443	0.17040133476257324	0.03699539601802826	-0.01320686936378479	-0.4683177173137665	-0.07252602279186249	-0.0396876186132431	0.11736876517534256	0.055458683520555496	0.02382894605398178	-0.07753046602010727	0.26141348481178284	-0.3582204282283783	-0.026921801269054413	0.002408904954791069	0.06925699859857559	-0.21847257018089294	-0.2820708751678467	-0.11195150762796402	-0.04599807411432266	-0.06108679994940758	-0.10572625696659088	0.47221171855926514	-0.23938080668449402	-0.3966137766838074	-0.15248875319957733	-0.3897657096385956	-0.18259841203689575	-0.40426570177078247	-0.30329883098602295	0.044758282601833344	-0.335141122341156	0.3099672198295593	0.023825254291296005	-0.20451301336288452	-0.20201493799686432	0.477342814207077	-0.20112448930740356	-0.28625619411468506	-0.46670374274253845	-0.010313991457223892	-0.3344206213951111	0.14345942437648773	-0.287045955657959	-0.30161136388778687	-0.5199885368347168	-0.4213198125362396	0.23392821848392487	0.3801105320453644	-0.06698894500732422	0.1713079810142517	0.14715267717838287	0.06803538650274277	-0.3973897695541382	0.17289726436138153	-0.053786568343639374	-0.29137009382247925	-0.3910921812057495	0.2770453095436096	0.5706900358200073	0.2958112359046936	0.3314459025859833	0.030494118109345436	0.2878842353820801	0.016797855496406555	0.05146948620676994	-0.09449969232082367	-0.22770698368549347	0.028709106147289276	0.09759976714849472	-0.249141126871109	-0.3622375428676605	-0.02599189803004265	0.1293461173772812	-0.10426665097475052	0.00782569870352745	0.3135203421115875	0.21852844953536987	-0.061168357729911804	-0.38749659061431885	-0.24441277980804443	-0.122291199862957	-0.4950752556324005	0.31118327379226685	-0.013736789114773273	-0.27954256534576416	-0.014435927383601665	0.07792028039693832	-0.133259117603302	0.16040053963661194	-0.18067845702171326	0.2655809223651886	0.3820784389972687	-0.09354653209447861	-0.02122388407588005	0.3751157820224762	-0.1974944919347763	-0.34440621733665466	0.058382436633110046	-0.2687956392765045	-0.2889311611652374	-0.34054791927337646	-0.24163147807121277	0.2792370319366455	-0.18577954173088074	-0.08901162445545197	0.3466486632823944	-0.35547512769699097	-0.3114801347255707	-0.41854530572891235	0.2641783356666565	0.08820295333862305	0.24992571771144867	0.02316974103450775	-0.0338350273668766	-0.017412658780813217	0.2030474990606308	-0.093409463763237	-0.5364706516265869	0.0942511260509491	-0.14630968868732452	0.48394083976745605	0.47532710433006287	0.1857462078332901	0.21889899671077728
LH_Vis_5	0.26437702775001526	0.7621755599975586	0.36282965540885925	-0.22386007010936737	1.0	0.29149144887924194	0.5303885340690613	0.5516070127487183	0.312400758266449	0.041177861392498016	0.37537169456481934	0.1669749617576599	-0.14068569242954254	-0.09555792808532715	0.49203914403915405	0.4368591010570526	0.34514889121055603	0.199480339884758	0.21072903275489807	0.3430122137069702	0.5672007203102112	-0.3440502882003784	0.15805469453334808	0.06689569354057312	0.24134105443954468	-0.04040895774960518	-0.21609482169151306	0.23478102684020996	0.2888840138912201	-0.2421560138463974	-0.19218216836452484	0.31235015392303467	0.02585756778717041	-0.4021427631378174	-0.5454014539718628	0.12933777272701263	-0.05447759851813316	0.16913628578186035	-0.08763442188501358	0.02164500579237938	-0.007772607263177633	-0.06444817036390305	-0.09042292088270187	0.14285002648830414	-0.2891104519367218	0.016608448699116707	-0.42314520478248596	-0.02117161639034748	0.2609228789806366	0.052550021559000015	0.21339401602745056	0.4413543939590454	0.45808669924736023	0.013254496268928051	0.569628119468689	0.012284046038985252	0.4068310558795929	0.34519004821777344	-0.022082654759287834	0.49549564719200134	0.22325731813907623	0.0441415049135685	-0.0616580992937088	0.2099880874156952	0.4291689097881317	0.3766930401325226	0.24628309905529022	-0.09928685426712036	0.2756080627441406	0.4069606363773346	0.5396727323532104	-0.20378784835338593	0.39221322536468506	-0.34675806760787964	0.2901955544948578	-0.02053944207727909	0.41546422243118286	0.15263013541698456	-0.6519456505775452	-0.21083778142929077	-0.4350030720233917	-0.5799147486686707	-0.7405751347541809	-0.6126719117164612	-0.204941526055336	-0.7994081974029541	-0.26068511605262756	-0.3427678346633911	-0.0038631591014564037	-0.6146414279937744	-0.46293526887893677	-0.35214972496032715	-0.5267617702484131	-0.7213554978370667	-0.4459037184715271	-0.46995189785957336	-0.26991888880729675	-0.43691831827163696	0.07129789143800735	-0.3854324519634247	-0.14272834360599518	0.1054173931479454	-0.04041726514697075	-0.010714929550886154	-0.1273198425769806	0.12225616723299026	-0.16014693677425385	-0.025890778750181198	-0.07637698948383331	-0.5059564709663391	-0.08542276173830032	-0.048122260719537735	-0.27565962076187134	0.48666539788246155	-0.23161286115646362	-0.09353101253509521	-0.02737083099782467	-0.04223442077636719	-0.3669469654560089	0.22022412717342377	0.1665332019329071	-0.05112200975418091	0.051388781517744064	-0.2108539491891861	-0.5042433738708496	-0.07604220509529114	-0.0037110575940459967	0.3057120740413666	0.578607976436615	-0.46040448546409607	-0.06758051365613937	0.43075498938560486	0.17226265370845795	0.32997071743011475	0.3190530240535736	0.17805367708206177	-0.35031381249427795	-0.2952309846878052	0.27844616770744324	0.19903431832790375	0.1586747169494629	0.29179617762565613	-0.07474884390830994	-0.17313441634178162	0.052267927676439285	-0.20529422163963318	0.3091936707496643	0.09241104871034622	-0.031887806951999664	0.3046744465827942	-0.49603167176246643	-0.2853735387325287	-0.5478572845458984	-0.21892407536506653	-0.25666388869285583	-0.3080044686794281
LH_Vis_6	0.1432645618915558	0.4350025951862335	0.728978157043457	-0.37227049469947815	0.29149144887924194	1.0	0.015155639499425888	0.5561508536338806	0.8599054217338562	-0.1331733912229538	-0.145860955119133	-0.0733887255191803	0.12249951809644699	-0.07364191114902496	0.20187486708164215	0.004118561744689941	-0.012305215932428837	0.3299856185913086	0.06758390367031097	0.17120014131069183	0.1363445520401001	-0.4901110529899597	-0.04761156812310219	0.1436479538679123	0.26814863085746765	0.13408440351486206	0.1562562882900238	0.09818503260612488	0.2349081188440323	-0.18075785040855408	-0.4577212929725647	-0.1793578863143921	-0.320091187953949	-0.5019197463989258	-0.42918694019317627	0.037343963980674744	-0.1511830985546112	-0.30271100997924805	-0.40788906812667847	-0.41656211018562317	-0.25051888823509216	-0.4917728900909424	-0.35616979002952576	-0.0787089467048645	-0.4599234163761139	-0.26213952898979187	-0.3914612829685211	-0.23044288158416748	0.22217336297035217	-0.1972578465938568	0.06943836063146591	0.3395295739173889	0.23733054101467133	-0.1891840547323227	0.8593922853469849	0.8125860095024109	0.4441368579864502	0.7903863787651062	-0.16014190018177032	-0.07648006081581116	0.29248014092445374	0.25904738903045654	0.6513665914535522	-0.2984727919101715	-0.03890429809689522	-0.0021216287277638912	0.25419682264328003	-0.2590223252773285	0.31958508491516113	0.44000983238220215	0.06220375373959541	0.22441142797470093	0.18028274178504944	0.13326570391654968	0.2982322573661804	0.2740914225578308	0.2599053680896759	0.3663801848888397	-0.25897839665412903	-0.27671700716018677	0.31175529956817627	-0.31674084067344666	-0.11589304357767105	-0.21557462215423584	0.29950180649757385	-0.17382237315177917	-0.14606565237045288	0.029376544058322906	0.05873888358473778	-0.07978463917970657	-0.3951336443424225	-0.42818331718444824	-0.23373399674892426	-0.24449464678764343	-0.02118956483900547	-0.0773121565580368	-0.061319831758737564	0.030535988509655	0.22490182518959045	-0.08882288634777069	-0.3177102506160736	-0.17132049798965454	0.06877387315034866	-0.4249189496040344	-0.08255336433649063	-0.28647318482398987	-0.13837015628814697	-0.11603769659996033	-0.09848462790250778	-0.08303665369749069	-0.08462117612361908	0.32904502749443054	0.06250883638858795	0.36700424551963806	-0.39336448907852173	-0.06097288429737091	-0.03980134055018425	-0.31987452507019043	-0.18179364502429962	-0.33223816752433777	0.12210646271705627	0.29685860872268677	-0.46202951669692993	-0.6024042367935181	-0.16107183694839478	0.32859790325164795	0.004456039052456617	0.4015740752220154	0.1703546792268753	0.012900316156446934	-0.10545745491981506	0.2907734215259552	0.04671696573495865	0.14608818292617798	0.08899997174739838	0.2833889424800873	-0.013216396793723106	-0.3224981427192688	0.1499384343624115	0.03798350691795349	0.4048191010951996	0.09876316785812378	0.13751564919948578	0.14893367886543274	0.337497740983963	0.19226907193660736	0.27459171414375305	0.14830362796783447	0.4655650556087494	0.449537068605423	0.2584306001663208	0.13614866137504578	-0.11345330625772476	-0.3703377842903137	-0.24313804507255554	0.0039227195084095
LH_Vis_7	0.34862905740737915	0.5609939694404602	0.25239697098731995	-0.2854014039039612	0.5303885340690613	0.015155639499425888	1.0	0.451259046792984	0.20153674483299255	0.5676389932632446	0.7802869081497192	0.3401143252849579	-0.2702626585960388	-0.1385219842195511	0.5065037608146667	0.7337647080421448	0.3438809812068939	0.46132585406303406	0.4264995753765106	0.47763073444366455	0.6572406888008118	0.18691319227218628	0.4344818592071533	0.41043734550476074	0.34310510754585266	0.26501885056495667	-0.054581113159656525	0.3128798305988312	0.6688792705535889	-0.08335825055837631	-0.24456685781478882	0.27138155698776245	-0.04965861514210701	-0.08140012621879578	-0.3327905535697937	0.3357813358306885	-0.017681226134300232	0.09704501926898956	-0.07437199354171753	0.27905380725860596	-0.180721253156662	0.03401898220181465	-0.19722013175487518	-0.1452476680278778	-0.3814934492111206	-0.24778321385383606	-0.3996852934360504	-0.10107600688934326	0.3167878985404968	-0.08233503997325897	0.20431320369243622	0.3192771077156067	0.6036757230758667	-0.2728433310985565	0.08299507200717926	-0.03824829310178757	0.3196709156036377	0.17624592781066895	0.5338985323905945	0.7450502514839172	0.21231761574745178	-0.2536502182483673	-0.27942565083503723	-0.03789299726486206	0.5005423426628113	0.43938350677490234	0.5354981422424316	-0.22023972868919373	0.5491903424263	0.5485922694206238	0.7441144585609436	0.20547470450401306	0.6274982690811157	-0.14789126813411713	0.5116589069366455	0.3396857678890228	0.638647198677063	0.21388085186481476	-0.5132567286491394	-0.42346513271331787	-0.2436315417289734	-0.21702362596988678	-0.631392776966095	-0.2847842276096344	-0.019342390820384026	-0.5968946814537048	0.08408597111701965	-0.28142210841178894	0.3893240690231323	-0.6689004302024841	-0.49438247084617615	-0.1478288620710373	-0.47770577669143677	-0.4104597866535187	-0.5230146050453186	-0.5398167371749878	-0.48985570669174194	-0.24843242764472961	0.3136647343635559	-0.280140221118927	-0.004930203780531883	0.15910716354846954	0.12393750250339508	0.22057078778743744	-0.22877836227416992	-0.05741439387202263	-0.39399757981300354	-0.2737363874912262	-0.40597453713417053	-0.24105359613895416	0.10792768001556396	-0.24864014983177185	0.0048944600857794285	0.3318845331668854	0.07470443844795227	0.14122448861598969	0.33265188336372375	0.2695963680744171	-0.15149755775928497	0.15564516186714172	-0.015108178369700909	-0.21689879894256592	0.3213372826576233	-0.02163817547261715	0.08703511208295822	-0.25627952814102173	-0.12295432388782501	0.07791099697351456	0.4485032856464386	-0.3379029631614685	0.23911486566066742	0.45786958932876587	0.45508572459220886	0.3092317283153534	0.2897244691848755	0.22275613248348236	0.10900013148784637	0.04018517956137657	0.5477814674377441	0.5775442719459534	0.37598758935928345	0.0006768632447347045	7.166115392465144e-05	-0.18075717985630035	-0.017289767041802406	-0.18816295266151428	0.29994451999664307	0.0958327129483223	0.18721196055412292	0.46333232522010803	-0.3208276629447937	-0.13074880838394165	-0.45780980587005615	-0.5479119420051575	-0.352437824010849	-0.7124849557876587
LH_Vis_8	0.5257301330566406	0.7502940893173218	0.753852367401123	-0.03567197173833847	0.5516070127487183	0.5561508536338806	0.451259046792984	1.0	0.6193138360977173	0.1228308156132698	0.06889311224222183	-0.2556128203868866	0.026532921940088272	-0.19436724483966827	0.3668738007545471	0.6873294711112976	0.18897941708564758	0.6279336214065552	0.3182692229747772	0.2533685266971588	0.19724880158901215	-0.2844181954860687	-0.0340644046664238	0.07125774770975113	0.3613802194595337	-0.11583821475505829	-0.342195600271225	-0.18436865508556366	0.3044293522834778	-0.5066691637039185	-0.3852812945842743	0.012881376780569553	-0.27611324191093445	-0.5566754937171936	-0.6249003410339355	-0.14390985667705536	-0.49662962555885315	-0.25662845373153687	-0.49117958545684814	-0.38434797525405884	-0.3700096011161804	-0.5164291858673096	-0.3230413496494293	-0.18270030617713928	-0.6739524006843567	-0.4600255787372589	-0.758859395980835	-0.32121363282203674	0.42620542645454407	-0.38205331563949585	0.5806208848953247	0.8484574556350708	0.7966688871383667	0.2927496135234833	0.6385242938995361	0.42737051844596863	0.8957238793373108	0.7391619086265564	-0.017696257680654526	0.03049539588391781	-0.10622914880514145	0.12879830598831177	0.13886860013008118	-0.33974191546440125	0.012672345153987408	0.165682852268219	0.5313659310340881	-0.3713715374469757	0.6176348328590393	0.6833422780036926	0.23386409878730774	0.30658721923828125	0.23729389905929565	0.052403416484594345	0.24487276375293732	0.10994753241539001	0.24972489476203918	-0.05543336272239685	-0.2797333598136902	-0.19736331701278687	0.13851958513259888	-0.2805807888507843	-0.4537326991558075	-0.20070646703243256	-0.03758164122700691	-0.3828458786010742	-0.30045369267463684	-0.2530517280101776	0.14131200313568115	-0.35587137937545776	-0.37191706895828247	-0.31203290820121765	-0.4382278621196747	-0.40550026297569275	-0.18569815158843994	-0.19709321856498718	-0.314586877822876	0.04307388514280319	0.4781201481819153	-0.2822212874889374	-0.35562098026275635	-0.26742425560951233	-0.028206318616867065	-0.15160110592842102	-0.3787854313850403	-0.34579211473464966	-0.28221437335014343	-0.05819326266646385	-0.09313581883907318	-0.33627036213874817	-0.18262788653373718	0.3171877861022949	0.08806299418210983	0.5760996341705322	-0.32161441445350647	-0.018923187628388405	-0.08495897054672241	-0.0033904826268553734	-0.4624856412410736	-0.3448396921157837	0.5487962365150452	0.3378022313117981	-0.0836738720536232	-0.3342862129211426	-0.1812439262866974	0.37400346994400024	0.30835288763046265	0.5373213887214661	0.47298699617385864	-0.1516457349061966	-0.11650402843952179	0.17919257283210754	0.06816060841083527	-0.048497702926397324	0.32020822167396545	0.46240881085395813	0.04874057322740555	-0.23868335783481598	0.09140745550394058	0.08631882071495056	0.22628933191299438	0.1943114697933197	0.3093712329864502	0.29281356930732727	0.5940690636634827	0.17308896780014038	0.10551222413778305	0.09105449914932251	0.4904272258281708	0.27479249238967896	0.03762463480234146	-0.25776752829551697	-0.10927201807498932	-0.5621215105056763	-0.4771449863910675	-0.29859206080436707
LH_Vis_9	0.3334590792655945	0.4492386281490326	0.7560927271842957	-0.4410202205181122	0.312400758266449	0.8599054217338562	0.20153674483299255	0.6193138360977173	1.0	0.22384758293628693	-0.018586302176117897	-0.053277116268873215	-0.05017198994755745	-0.3082355260848999	0.3450264036655426	0.11654461920261383	0.05864270403981209	0.4468878209590912	0.07709956169128418	0.3127450942993164	0.1846378743648529	-0.3777024745941162	-0.04014699533581734	0.23716004192829132	0.5010566711425781	0.20538930594921112	0.21068476140499115	0.18653282523155212	0.5033242702484131	-0.1267349123954773	-0.511902928352356	-0.15762142837047577	-0.5248765349388123	-0.4726262092590332	-0.45719364285469055	0.2538425624370575	-0.10824906080961227	-0.3677903413772583	-0.47677549719810486	-0.4113486409187317	-0.4206870198249817	-0.4157491624355316	-0.5451633334159851	-0.16192159056663513	-0.4180847704410553	-0.46103525161743164	-0.4927771985530853	-0.3204236328601837	0.39596307277679443	-0.18684254586696625	0.18231604993343353	0.46150028705596924	0.3528999090194702	-0.17260301113128662	0.6998867392539978	0.7754727005958557	0.5306426286697388	0.9150232076644897	0.14112620055675507	0.026840154081583023	0.19496868550777435	-0.01363783422857523	0.4224343001842499	-0.5351966023445129	-0.04630056396126747	0.22764988243579865	0.39964091777801514	-0.38323062658309937	0.44326767325401306	0.5797491669654846	0.24639475345611572	0.2566947937011719	0.22395183145999908	0.08489515632390976	0.36019623279571533	0.3925562798976898	0.43998798727989197	0.3508639633655548	-0.20589812099933624	-0.3614022135734558	0.357803612947464	-0.13228504359722137	-0.15140528976917267	-0.16985131800174713	0.4183092415332794	-0.1465522050857544	0.11079452931880951	0.12634095549583435	0.41457653045654297	-0.15338735282421112	-0.5478851795196533	-0.29716330766677856	-0.2671056389808655	-0.21749372780323029	-0.18927983939647675	-0.13769467175006866	-0.24532149732112885	0.1514618992805481	0.46041831374168396	0.04471354931592941	-0.3248158395290375	-0.1938789188861847	0.09393967688083649	-0.14726240932941437	-0.10973145812749863	-0.38014623522758484	-0.23465727269649506	-0.03149386867880821	-0.17372937500476837	-0.08096075057983398	0.13344742357730865	0.2907653748989105	0.27547842264175415	0.48228132724761963	-0.37542328238487244	-0.059631165117025375	0.0666358694434166	-0.10259092599153519	-0.13853834569454193	-0.29113104939460754	0.1557559370994568	0.39987337589263916	-0.41952311992645264	-0.602191150188446	-0.021633341908454895	0.15758995711803436	0.13760040700435638	0.32248395681381226	0.1939130574464798	0.018886808305978775	-0.002693541580811143	0.1357717216014862	0.15849320590496063	0.06591919809579849	0.06241462752223015	0.3184298276901245	0.18277421593666077	-0.2950481176376343	0.14216747879981995	0.11164385825395584	0.4156544804573059	0.0907837525010109	0.07926476746797562	-0.027799969539046288	0.32275786995887756	0.024657011032104492	0.152917742729187	0.04302108660340309	0.5746013522148132	0.4876444339752197	0.32124242186546326	0.15796685218811035	-0.07370558381080627	-0.5219933390617371	-0.2205716371536255	-0.03823159635066986
LH_SomMot_1	0.23880426585674286	0.06258496642112732	0.06334987282752991	-0.18021710216999054	0.041177861392498016	-0.1331733912229538	0.5676389932632446	0.1228308156132698	0.22384758293628693	1.0	0.6472992897033691	0.3464180529117584	-0.26888158917427063	-0.16662514209747314	0.5389211177825928	0.3404481112957001	0.2153116762638092	0.3292292654514313	0.27210596203804016	0.2688438296318054	0.42938265204429626	0.15318317711353302	0.15666835010051727	0.21572928130626678	0.4536985456943512	0.29274439811706543	0.12924277782440186	0.2831944525241852	0.6334773302078247	0.09456005692481995	-0.13126321136951447	-0.2227950394153595	-0.34594690799713135	0.09408306330442429	-0.11768242716789246	0.45223909616470337	0.06049022823572159	-0.1640724539756775	-0.13360905647277832	0.04754495993256569	-0.43036484718322754	-0.06517551839351654	-0.5666221380233765	-0.2904731333255768	-0.1667882204055786	-0.5047785043716431	-0.2960453927516937	-0.3720419704914093	0.182377889752388	-0.14079156517982483	0.10774403065443039	0.12591738998889923	0.3168776035308838	-0.23605485260486603	-0.29387208819389343	0.08847694844007492	0.08828940987586975	0.12787596881389618	0.8722798824310303	0.5116543173789978	0.1912698745727539	-0.40493494272232056	-0.2577413022518158	-0.27539002895355225	0.34419795870780945	0.6081507205963135	0.3817434310913086	-0.09341853111982346	0.4615655541419983	0.41856929659843445	0.5477126240730286	0.16741231083869934	0.3649168312549591	-0.19426189363002777	0.3910737633705139	0.5094112157821655	0.5638547539710999	0.2825776934623718	0.07513022422790527	-0.5332982540130615	0.08060266077518463	0.2763872444629669	-0.1615123748779297	-0.01196186151355505	0.2921227812767029	-0.1587173491716385	0.556565523147583	0.12552203238010406	0.6765275001525879	-0.3939793109893799	-0.3642018139362335	0.1709156036376953	-0.22272975742816925	-0.17628221213817596	-0.5445809364318848	-0.16097159683704376	-0.5035620927810669	0.07678397744894028	0.40896743535995483	0.11224225163459778	0.18051810562610626	-0.019768189638853073	-0.08802957087755203	0.3914288878440857	0.22935594618320465	-0.15641064941883087	-0.13222801685333252	-0.0810711532831192	-0.2830280363559723	0.05373607575893402	0.287865549325943	-0.2867444157600403	0.3245696723461151	0.2915648818016052	0.20095057785511017	0.1806855946779251	0.19554953277111053	0.39291173219680786	0.24522501230239868	-0.03983895480632782	0.09918490797281265	0.004563393536955118	0.42307156324386597	0.1931835263967514	0.256072461605072	-0.3512626588344574	0.21678563952445984	-0.09552080929279327	-0.0058127716183662415	0.12747329473495483	0.34571701288223267	0.06375521421432495	0.5194312930107117	0.1805524080991745	0.12084130942821503	0.021585863083600998	0.5295110940933228	0.23544184863567352	0.34768256545066833	0.29347437620162964	0.4119775891304016	0.14483745396137238	-0.023056302219629288	-0.24634352326393127	-0.003375861793756485	-0.27783632278442383	0.22465914487838745	0.15821824967861176	0.365915983915329	0.33510658144950867	0.09644927084445953	0.12779618799686432	-0.03938452899456024	-0.4476911425590515	-0.15030352771282196	-0.34930309653282166
LH_SomMot_2	0.16927580535411835	0.2409048229455948	-0.01967884972691536	-0.21550960838794708	0.37537169456481934	-0.145860955119133	0.7802869081497192	0.06889311224222183	-0.018586302176117897	0.6472992897033691	1.0	0.6126246452331543	-0.31030675768852234	0.09270241856575012	0.6603228449821472	0.4754613935947418	0.38756102323532104	0.29340118169784546	0.5058872103691101	0.41548609733581543	0.7783994078636169	0.19300703704357147	0.5100392699241638	0.3312080204486847	0.2846599519252777	0.43065136671066284	-0.019263826310634613	0.3754372298717499	0.6314626336097717	-0.025989331305027008	-0.1522960662841797	0.0795552209019661	-0.07822317630052567	0.003944997675716877	-0.1819223016500473	0.2842954695224762	0.11139199137687683	0.05749328434467316	-0.06176643446087837	0.3071470558643341	-0.258596807718277	-0.019408751279115677	-0.29230979084968567	-0.19838126003742218	-0.3173930048942566	-0.2838543951511383	-0.3284890651702881	-0.14847922325134277	0.05596175417304039	-0.11757735908031464	0.08002607524394989	0.022570407018065453	0.3219527006149292	-0.3352520763874054	-0.11451978236436844	-0.10702217370271683	-0.061964310705661774	-0.13686250150203705	0.7120500206947327	0.7831131219863892	0.41808563470840454	-0.34604036808013916	-0.308081716299057	0.08334115147590637	0.5795173645019531	0.5754984021186829	0.46478432416915894	0.009587348438799381	0.42160266637802124	0.37560006976127625	0.7249470353126526	0.1561490297317505	0.6599053740501404	-0.20816148817539215	0.6216550469398499	0.4987751841545105	0.6494705080986023	0.39677694439888	-0.40781718492507935	-0.45452553033828735	-0.1952010542154312	-0.19257290661334991	-0.5576207041740417	-0.2763569951057434	0.0051172999665141106	-0.5854994058609009	0.09065242856740952	-0.19160811603069305	0.38585910201072693	-0.6558164954185486	-0.462383896112442	-0.14114078879356384	-0.4568694829940796	-0.40368613600730896	-0.5226272940635681	-0.47411346435546875	-0.5027491450309753	-0.27411937713623047	0.20755945146083832	-0.33058756589889526	0.37743425369262695	0.20157542824745178	0.0093815503641963	0.3145688772201538	0.25326958298683167	0.09526154398918152	-0.20306982100009918	-0.29520687460899353	-0.42556384205818176	0.014255699701607227	0.22477073967456818	-0.36895251274108887	0.024916330352425575	0.12304715812206268	0.3349487781524658	0.28819844126701355	0.31948229670524597	0.22149844467639923	0.22639115154743195	0.261256605386734	-0.17993009090423584	-0.3950132727622986	0.47814497351646423	0.197225883603096	0.17099009454250336	-0.4376997947692871	-0.1995500922203064	-0.24833981692790985	0.2040133774280548	-0.053154509514570236	0.4567989408969879	0.5688971281051636	0.6684918999671936	0.5355833768844604	0.41887035965919495	0.03798285499215126	0.27112168073654175	0.34442970156669617	0.675981879234314	0.6484769582748413	0.5373749732971191	0.27080872654914856	0.094781294465065	-0.17381837964057922	-0.09168954193592072	-0.16936634480953217	0.48421183228492737	0.3642752766609192	0.1558312624692917	0.49056899547576904	-0.33840784430503845	0.029232895001769066	-0.41980695724487305	-0.35083362460136414	-0.19449235498905182	-0.5228517055511475
LH_SomMot_3	-0.020052924752235413	-0.139744371175766	-0.23618970811367035	-0.3289252817630768	0.1669749617576599	-0.0733887255191803	0.3401143252849579	-0.2556128203868866	-0.053277116268873215	0.3464180529117584	0.6126246452331543	1.0	0.07116296887397766	-0.06846848130226135	0.3538641035556793	0.05063058063387871	0.5908366441726685	0.107957623898983	0.43290960788726807	0.43220725655555725	0.6530704498291016	0.17610619962215424	0.6101056933403015	0.2346310317516327	0.2899074852466583	0.6838101744651794	0.30567678809165955	0.6215742230415344	0.4576009511947632	0.36721307039260864	-0.13000774383544922	-0.05076160654425621	-0.18924202024936676	0.19901114702224731	0.08791667222976685	0.3747858703136444	0.3201935589313507	-0.09644303470849991	-0.13876082003116608	-0.0038713468238711357	-0.2756015956401825	-0.009328133426606655	-0.42350301146507263	-0.2064978927373886	0.006398955825716257	-0.1997319757938385	-0.10199633985757828	-0.023775342851877213	-0.2457091361284256	-0.04010332003235817	-0.27305129170417786	-0.47850272059440613	-0.11015592515468597	-0.3142343759536743	-0.12601378560066223	-0.08565549552440643	-0.3825671970844269	-0.24601678550243378	0.33954867720603943	0.5973364114761353	0.8163443803787231	0.004707348998636007	-0.027097750455141068	0.11285309493541718	0.5153349041938782	0.37792229652404785	0.1490291804075241	0.13296274840831757	0.2796713411808014	0.2296360433101654	0.5806626081466675	-0.1265714019536972	0.664311408996582	-0.6127965450286865	0.6010484099388123	0.5403205156326294	0.5829022526741028	0.6165425777435303	-0.2763805389404297	-0.3871755599975586	-0.08591810613870621	-0.002884109504520893	-0.3288121521472931	-0.0750875174999237	0.24824538826942444	-0.4007110297679901	0.16839462518692017	0.07428131997585297	0.35468363761901855	-0.6173657774925232	-0.5335851907730103	-0.4320068359375	-0.5614521503448486	-0.2752677798271179	-0.6370957493782043	-0.4424172341823578	-0.5139390826225281	-0.21984335780143738	-0.1960117518901825	-0.20495590567588806	0.45186686515808105	0.2430562973022461	0.3944005072116852	0.27018973231315613	0.3204548954963684	0.5345349907875061	-0.022785494104027748	-0.217532679438591	-0.2319936454296112	0.2953115701675415	0.2986080050468445	-0.1474524438381195	-0.11045968532562256	-0.11657267063856125	0.34799453616142273	0.10660495609045029	0.4422224462032318	0.0666445791721344	0.26079338788986206	0.54459148645401	-0.4312460124492645	-0.4887027144432068	-0.012717220932245255	0.19327585399150848	0.13085265457630157	-0.3259376883506775	-0.4648190438747406	-0.3478854298591614	0.15180648863315582	0.16305141150951385	0.3552020490169525	0.3014085292816162	0.5035625696182251	0.4965064525604248	0.026917925104498863	0.038628336042165756	0.10705358535051346	0.334075391292572	0.4819276034832001	0.3684859871864319	0.4934926927089691	0.15370392799377441	0.024118294939398766	-0.3929959237575531	-0.23644372820854187	-0.1894562691450119	0.2745703160762787	0.07396470010280609	-0.1923329383134842	0.15592239797115326	-0.3803809881210327	-0.014790833927690983	-0.5831262469291687	-0.2650510370731354	-0.12818442285060883	-0.37039914727211
