Node	HIP-head-m-rh	HIP-head-l-rh	HIP-body-rh	HIP-tail-rh	THA-VPm-rh	THA-VPl-rh	THA-VAi-rh	THA-VAs-rh	THA-DAm-rh	THA-DAl-rh	PUT-VA-rh	PUT-DA-rh	PUT-VP-rh	PUT-DP-rh	CAU-VA-rh	CAU-DA-rh	CAU-body-rh	CAU-tail-rh	lAMY-rh	mAMY-rh	THA-DP-rh	NAc-shell-rh	NAc-core-rh	pGP-rh	aGP-rh	HIP-head-m-lh	HIP-head-l-l	HIP-body-l	HIP-tail-lh	THA-VPm-lh	THA-VPl-lh	THA-VAi-lh	THA-VAs-lh	THA-DAm-lh	THA-DAl-lh	PUT-VA-lh	PUT-DA-l	PUT-VP-lh	PUT-DP-lh	CAU-VA-lh	CAU-DA-lh	CAU-body-lh	CAU-tail-lh	lAMY-lh	mAMY-lh	THA-DP-lh	NAc-shell-lh	NAc-core-lh	pGP-lh	aGP-lh
HIP-head-m-rh	1.0	0.4897334575653076	0.21406105160713196	0.002252805046737194	-0.10348439961671829	0.09158046543598175	-0.09538140147924423	0.5637359619140625	0.003807601286098361	0.2723008394241333	0.014028778299689293	0.16643387079238892	0.1551145762205124	0.003896689973771572	0.07497785985469818	0.3301529288291931	0.23873165249824524	-0.08787119388580322	0.3148421347141266	0.5893586874008179	-0.11114902049303055	-0.04025445505976677	0.08305701613426208	-0.1264418661594391	-0.12506581842899323	0.5256065726280212	0.3727445900440216	0.4765161871910095	0.21956531703472137	0.1030869334936142	0.06348434835672379	0.14954398572444916	0.2294863909482956	0.198842391371727	0.0021115404088050127	0.1894386112689972	0.10611263662576675	0.12018660455942154	0.09052277356386185	0.12589316070079803	0.15608090162277222	0.18109706044197083	0.034695837646722794	0.3260236382484436	0.25371527671813965	-0.012429088354110718	-0.3109917640686035	0.27642595767974854	0.02645869553089142	-0.2720474898815155
HIP-head-l-rh	0.4897334575653076	1.0	-0.012302611023187637	0.15720494091510773	-0.11418098956346512	-0.029396139085292816	-0.20703595876693726	0.48882150650024414	-0.16601349413394928	0.35374605655670166	-0.09876538813114166	-0.04679889604449272	0.2540530562400818	-0.036446962505578995	-0.0732085257768631	0.447419673204422	-0.09779111295938492	-0.00024779472732916474	0.10982336848974228	0.33803221583366394	0.09106074273586273	-0.08072929829359055	0.12627339363098145	-0.3912011384963989	-0.3292156159877777	0.1371760070323944	0.6235628128051758	0.2468947321176529	0.06733334809541702	-0.10023721307516098	0.28668978810310364	-0.12451189756393433	0.011908957734704018	-0.0031472763512283564	0.09326387941837311	0.22629261016845703	0.05784206464886665	0.09434206783771515	-0.1100512146949768	0.1703394502401352	0.18036285042762756	0.22958333790302277	-0.07368022203445435	0.28424501419067383	0.14360757172107697	0.2542206943035126	-0.1217186376452446	0.25368067622184753	-0.05458010360598564	-0.1366415172815323
HIP-body-rh	0.21406105160713196	-0.012302611023187637	1.0	0.18706415593624115	-0.22855743765830994	0.04830770567059517	0.026800721883773804	-0.06470463424921036	0.034218668937683105	0.024537863209843636	-0.0397939570248127	-0.02496401220560074	0.063776895403862	0.04453365504741669	0.12545204162597656	0.02797863632440567	0.14636105298995972	-0.0977124273777008	-0.05825239419937134	0.14941288530826569	0.26585641503334045	-0.022330546751618385	0.149629145860672	-0.26406779885292053	-0.41263046860694885	0.10560252517461777	-0.2904673218727112	0.5069336891174316	0.6358790397644043	-0.08548561483621597	-0.3900904953479767	0.18198545277118683	0.12247592210769653	-0.008373506367206573	-0.23775871098041534	0.05716567486524582	0.3062841296195984	0.08312851190567017	0.1449044793844223	0.28193336725234985	0.0069032879546284676	-0.04212677851319313	0.06758154928684235	-0.1277846097946167	-0.24715255200862885	-0.037561170756816864	-0.02543014846742153	0.16704504191875458	-0.055360548198223114	-0.20493051409721375
HIP-tail-rh	0.002252805046737194	0.15720494091510773	0.18706415593624115	1.0	0.020691901445388794	0.09614567458629608	0.18786707520484924	0.005427919328212738	0.1830582469701767	-0.050524573773145676	-0.11417576670646667	-0.07101314514875412	0.19000017642974854	0.052665598690509796	-0.21852540969848633	-0.02531343325972557	-0.0002498762041795999	-0.20629151165485382	0.054784342646598816	0.02989114634692669	0.3109860122203827	0.12150277942419052	0.02172766998410225	0.180979922413826	-0.020658913999795914	-0.02808755822479725	0.07588449865579605	0.25452300906181335	0.1938241869211197	-0.06272179633378983	0.009399691596627235	0.09576797485351562	-0.11418141424655914	0.07054059952497482	-0.10011108219623566	-0.22116227447986603	-0.13516125082969666	0.006793048232793808	0.04438960552215576	-0.2527638375759125	0.014737955294549465	0.05739597976207733	0.0989864394068718	-0.014470262452960014	-0.019915232434868813	0.12149865925312042	0.06634853035211563	-0.05360929295420647	0.14896388351917267	0.11654583364725113
THA-VPm-rh	-0.10348439961671829	-0.11418098956346512	-0.22855743765830994	0.020691901445388794	1.0	0.5361695289611816	0.6125125288963318	0.09362892806529999	0.7112737894058228	0.5613794326782227	0.6573277711868286	0.533950686454773	0.3583868741989136	0.32872274518013	0.4611216187477112	0.12423444539308548	0.11426222324371338	0.09100554883480072	-0.08788544684648514	-0.026013724505901337	0.4697902798652649	0.21330882608890533	0.11378197371959686	0.41847145557403564	0.4546692371368408	-0.4289899170398712	-0.13769713044166565	-0.2372203767299652	-0.17709589004516602	0.5240584015846252	0.6599433422088623	0.27028611302375793	0.058733027428388596	0.5006529688835144	0.40292128920555115	0.4261501431465149	0.2785433530807495	0.4426681101322174	0.4873039424419403	0.029376743361353874	0.06105373427271843	0.08860111236572266	-0.09441335499286652	0.023756269365549088	0.2688155174255371	0.5175442099571228	0.3097193241119385	-0.21362602710723877	0.423220157623291	0.37530839443206787
THA-VPl-rh	0.09158046543598175	-0.029396139085292816	0.04830770567059517	0.09614567458629608	0.5361695289611816	1.0	0.5555974841117859	0.16239747405052185	0.5322517156600952	0.5511545538902283	0.5202208757400513	0.48252004384994507	0.5174018144607544	0.4728657007217407	0.47749632596969604	0.03878231346607208	0.33808913826942444	0.18704727292060852	0.07732143998146057	0.05593274161219597	0.40742385387420654	0.34137722849845886	0.28556734323501587	0.23871442675590515	0.18326272070407867	-0.029408494010567665	-0.11510949581861496	0.022611329331994057	0.09750045835971832	0.4158126711845398	0.3066636621952057	0.4371563792228699	0.2651195228099823	0.27501180768013	0.27610188722610474	0.3546704351902008	0.4224229156970978	0.5118042230606079	0.4846622049808502	0.2042568325996399	0.20524480938911438	0.3565351366996765	0.1485503613948822	0.18342354893684387	0.14182616770267487	0.308098167181015	0.14748598635196686	0.036446087062358856	0.298170268535614	0.36224767565727234
THA-VAi-rh	-0.09538140147924423	-0.20703595876693726	0.026800721883773804	0.18786707520484924	0.6125125288963318	0.5555974841117859	1.0	0.12434802204370499	0.6783099174499512	0.4914456307888031	0.5312414169311523	0.4762882888317108	0.26785552501678467	0.2907286286354065	0.3717247247695923	0.13014376163482666	0.3944742977619171	0.23255451023578644	0.051847245544195175	-0.02402750588953495	0.5431884527206421	0.3253922462463379	0.15730127692222595	0.35109004378318787	0.31563088297843933	-0.2991945743560791	-0.08946589380502701	-0.049821238964796066	-0.11664289236068726	0.3917684555053711	0.38310545682907104	0.5603542923927307	0.43335455656051636	0.3793797194957733	0.2254132181406021	0.2709919810295105	0.19353440403938293	0.44075801968574524	0.3600819706916809	0.12858137488365173	0.022854885086417198	0.22000274062156677	0.08698005974292755	0.1026512160897255	0.16626755893230438	0.3560202419757843	0.24066628515720367	-0.20749172568321228	0.5084812045097351	0.47722819447517395
THA-VAs-rh	0.5637359619140625	0.48882150650024414	-0.06470463424921036	0.005427919328212738	0.09362892806529999	0.16239747405052185	0.12434802204370499	1.0	0.20819886028766632	0.47522908449172974	0.09767265617847443	0.25424817204475403	0.32372257113456726	0.20992425084114075	0.09457191079854965	0.23514749109745026	0.3170813322067261	0.21105636656284332	0.2353636622428894	0.03758696839213371	0.09970847517251968	-0.2612397372722626	-0.1418023705482483	-0.1032986044883728	0.04293816536664963	0.17924723029136658	0.4786165654659271	0.23629342019557953	-0.0012179473415017128	0.3040371835231781	0.2808486223220825	0.02543189935386181	0.17297327518463135	0.2943228781223297	0.21999651193618774	0.05213061347603798	0.020591942593455315	0.3004622161388397	0.19226272404193878	0.002917330712080002	-0.0366702675819397	0.33508747816085815	0.10023561120033264	0.29204702377319336	0.23896044492721558	0.3900603652000427	-0.5424156785011292	-0.09824751317501068	0.12297403812408447	-0.061851754784584045
THA-DAm-rh	0.003807601286098361	-0.16601349413394928	0.034218668937683105	0.1830582469701767	0.7112737894058228	0.5322517156600952	0.6783099174499512	0.20819886028766632	1.0	0.4400783181190491	0.5328840017318726	0.4922817647457123	0.292987197637558	0.35780397057533264	0.5199267864227295	0.11944124102592468	0.24289773404598236	0.011152775026857853	-0.09147967398166656	0.07893484085798264	0.5905569791793823	0.2194499969482422	0.08613560348749161	0.359914094209671	0.2062881886959076	-0.2631062865257263	-0.12799930572509766	0.012004433199763298	-0.015446029603481293	0.5358830690383911	0.38637399673461914	0.40835025906562805	0.15845130383968353	0.6553632020950317	0.32755959033966064	0.3155532777309418	0.2586369514465332	0.4859444797039032	0.6010549664497375	0.1320899873971939	0.1481141448020935	0.19875682890415192	0.02030814439058304	0.04277527332305908	0.21720284223556519	0.4683954417705536	0.20821991562843323	-0.14816409349441528	0.4343753457069397	0.27871182560920715
THA-DAl-rh	0.2723008394241333	0.35374605655670166	0.024537863209843636	-0.050524573773145676	0.5613794326782227	0.5511545538902283	0.4914456307888031	0.47522908449172974	0.4400783181190491	1.0	0.44219061732292175	0.39327898621559143	0.48791396617889404	0.3429256081581116	0.4160751402378082	0.3264080584049225	0.30809536576271057	0.22990630567073822	-0.07701127976179123	0.12873488664627075	0.41914868354797363	0.04886489734053612	0.2629911005496979	0.021670330315828323	0.13363181054592133	-0.07434733211994171	0.10917112976312637	0.01987731084227562	-0.06073268875479698	0.4361410439014435	0.5179075598716736	0.34002992510795593	0.34998971223831177	0.3369971215724945	0.5351281762123108	0.47452953457832336	0.42787808179855347	0.5966033935546875	0.3435620665550232	0.2985337972640991	0.1299041360616684	0.2788471579551697	-0.09466385096311569	0.27649930119514465	0.1972208321094513	0.46162694692611694	0.013191227801144123	-0.0653465986251831	0.3211473822593689	0.15728791058063507
PUT-VA-rh	0.014028778299689293	-0.09876538813114166	-0.0397939570248127	-0.11417576670646667	0.6573277711868286	0.5202208757400513	0.5312414169311523	0.09767265617847443	0.5328840017318726	0.44219061732292175	1.0	0.7572606801986694	0.3828837275505066	0.45150333642959595	0.6831759214401245	0.1770874410867691	0.30582955479621887	0.06523337215185165	0.03808652609586716	0.11220716685056686	0.31150615215301514	0.49032485485076904	0.3210758864879608	0.2652400732040405	0.17521029710769653	-0.18492981791496277	-0.02500014379620552	-0.012454020790755749	-0.00032274285331368446	0.35068535804748535	0.4525611400604248	0.33019131422042847	0.22837352752685547	0.3909047544002533	0.24007943272590637	0.679176926612854	0.5779093503952026	0.36311376094818115	0.6113788485527039	0.263376384973526	0.14481160044670105	0.24289770424365997	-0.05977765470743179	0.013527210801839828	0.30451780557632446	0.3082369863986969	0.43318918347358704	0.12619803845882416	0.4272053837776184	0.44704917073249817
PUT-DA-rh	0.16643387079238892	-0.04679889604449272	-0.02496401220560074	-0.07101314514875412	0.533950686454773	0.48252004384994507	0.4762882888317108	0.25424817204475403	0.4922817647457123	0.39327898621559143	0.7572606801986694	1.0	0.5073370933532715	0.629170298576355	0.591238260269165	0.14567571878433228	0.2567935287952423	0.221053346991539	0.36066290736198425	0.09800806641578674	0.18215221166610718	0.2280629426240921	0.17922745645046234	0.3461814522743225	0.3731735944747925	-0.1599014401435852	-0.07488733530044556	0.021511921659111977	-0.09890059381723404	0.4553482234477997	0.3793952763080597	0.2931319773197174	0.126216322183609	0.3674069344997406	0.20402362942695618	0.49529626965522766	0.5040120482444763	0.4136742055416107	0.5765970349311829	0.26234281063079834	0.20283308625221252	0.1633259505033493	0.030598752200603485	0.1564682424068451	0.2239336520433426	0.208697110414505	0.14831924438476562	-0.03052658960223198	0.3273411691188812	0.26143768429756165
PUT-VP-rh	0.1551145762205124	0.2540530562400818	0.063776895403862	0.19000017642974854	0.3583868741989136	0.5174018144607544	0.26785552501678467	0.32372257113456726	0.292987197637558	0.48791396617889404	0.3828837275505066	0.5073370933532715	1.0	0.6962761878967285	0.13981589674949646	-0.003089052625000477	0.16008619964122772	0.09328188002109528	0.19881325960159302	-0.043124720454216	0.3627084493637085	0.03246321529150009	-0.06852786242961884	0.1735387146472931	0.08147523552179337	-0.08039378374814987	0.22574889659881592	0.006333156023174524	-0.057910557836294174	0.450431227684021	0.3712886571884155	0.15305538475513458	0.10632921755313873	0.31147563457489014	0.23880590498447418	0.22547051310539246	0.3617256283760071	0.5700677037239075	0.4752531349658966	-0.026546742767095566	-0.1579292118549347	0.25818389654159546	0.07598913460969925	-0.006150045432150364	-0.009340752847492695	0.32902446389198303	0.048838015645742416	0.07584229111671448	0.20676615834236145	0.13867242634296417
PUT-DP-rh	0.003896689973771572	-0.036446962505578995	0.04453365504741669	0.052665598690509796	0.32872274518013	0.4728657007217407	0.2907286286354065	0.20992425084114075	0.35780397057533264	0.3429256081581116	0.45150333642959595	0.629170298576355	0.6962761878967285	1.0	0.265363484621048	-0.13015654683113098	0.14522939920425415	0.06771379709243774	0.20236437022686005	-0.01997797004878521	0.3972851634025574	0.002540689194574952	0.010662741027772427	0.266755610704422	0.16127640008926392	0.018183724954724312	-0.030995383858680725	0.03206624463200569	-0.008758758194744587	0.5470466613769531	0.24086719751358032	0.22832754254341125	0.11171617358922958	0.3220110237598419	0.22688838839530945	0.21596281230449677	0.5087954998016357	0.4894765615463257	0.5880940556526184	0.10387898236513138	-0.04779743775725365	0.15308023989200592	0.08133703470230103	0.07719642668962479	0.05715499445796013	0.35664209723472595	-0.0101165771484375	-0.09406320750713348	0.24518021941184998	0.2561010718345642
CAU-VA-rh	0.07497785985469818	-0.0732085257768631	0.12545204162597656	-0.21852540969848633	0.4611216187477112	0.47749632596969604	0.3717247247695923	0.09457191079854965	0.5199267864227295	0.4160751402378082	0.6831759214401245	0.591238260269165	0.13981589674949646	0.265363484621048	1.0	0.3175022602081299	0.3218938708305359	0.11328142881393433	-0.09629646688699722	0.05492810532450676	0.1935904175043106	0.47873416543006897	0.5150066614151001	0.030221061781048775	0.13841354846954346	-0.117026686668396	-0.18442794680595398	0.17210713028907776	0.11515490710735321	0.2954936921596527	0.3398120403289795	0.307192325592041	0.1874752938747406	0.3482115566730499	0.3491534888744354	0.6800100803375244	0.5424697399139404	0.33938613533973694	0.46364524960517883	0.49223557114601135	0.4458288252353668	0.17359000444412231	-0.007100875489413738	0.10243508964776993	0.16117306053638458	0.19244666397571564	0.2991655766963959	0.1747669130563736	0.3080706298351288	0.2642301917076111
CAU-DA-rh	0.3301529288291931	0.447419673204422	0.02797863632440567	-0.02531343325972557	0.12423444539308548	0.03878231346607208	0.13014376163482666	0.23514749109745026	0.11944124102592468	0.3264080584049225	0.1770874410867691	0.14567571878433228	-0.003089052625000477	-0.13015654683113098	0.3175022602081299	1.0	0.22295798361301422	0.060648612678050995	-0.07023525983095169	0.37656843662261963	0.1119355633854866	0.1432223916053772	0.4541597068309784	-0.21283657848834991	-0.1532594859600067	0.063324935734272	0.23075677454471588	0.132381409406662	0.0172601118683815	-0.003728892421349883	0.330757200717926	-0.03320523723959923	0.10042735934257507	0.16838788986206055	0.3210550844669342	0.3956798017024994	0.17479248344898224	0.02510775998234749	-0.006183615420013666	0.09464442729949951	0.47495603561401367	0.22527381777763367	-0.10603601485490799	0.40113499760627747	0.11196206510066986	0.10971438884735107	-0.09119073301553726	0.19300146400928497	0.2944337725639343	0.2860043942928314
CAU-body-rh	0.23873165249824524	-0.09779111295938492	0.14636105298995972	-0.0002498762041795999	0.11426222324371338	0.33808913826942444	0.3944742977619171	0.3170813322067261	0.24289773404598236	0.30809536576271057	0.30582955479621887	0.2567935287952423	0.16008619964122772	0.14522939920425415	0.3218938708305359	0.22295798361301422	1.0	0.433423787355423	0.054499220103025436	0.0684894248843193	0.03238149359822273	0.2440936416387558	0.34123116731643677	-0.032979246228933334	-0.07816091924905777	0.4044294059276581	0.1312263458967209	0.35682815313339233	0.1934831440448761	0.34101709723472595	0.0035545446444302797	0.48597022891044617	0.5911158323287964	0.28697341680526733	0.26999571919441223	0.21335317194461823	0.34501177072525024	0.5267290472984314	0.19794580340385437	0.08471138775348663	0.3343603014945984	0.48734191060066223	0.5715445280075073	0.3562076985836029	0.048564255237579346	0.13434205949306488	-0.12222710251808167	0.18145214021205902	0.33573803305625916	0.21565645933151245
CAU-tail-rh	-0.08787119388580322	-0.00024779472732916474	-0.0977124273777008	-0.20629151165485382	0.09100554883480072	0.18704727292060852	0.23255451023578644	0.21105636656284332	0.011152775026857853	0.22990630567073822	0.06523337215185165	0.221053346991539	0.09328188002109528	0.06771379709243774	0.11328142881393433	0.060648612678050995	0.433423787355423	1.0	0.12073901295661926	-0.26053428649902344	-0.1275670826435089	-0.0495697446167469	0.026301667094230652	-0.13023947179317474	0.06385265290737152	-0.02070237137377262	0.1282605081796646	0.009537535719573498	-0.18674336373806	0.308791846036911	0.09696850180625916	0.14530034363269806	0.24726082384586334	-0.05880553647875786	0.21332888305187225	0.05837170034646988	0.18146423995494843	0.37511932849884033	-0.04456017166376114	0.1158348098397255	0.1146581768989563	0.2494906634092331	0.38800567388534546	0.39740586280822754	-0.0384436771273613	0.037078309804201126	-0.08706368505954742	-0.07112383842468262	-0.13751840591430664	0.09427301585674286
lAMY-rh	0.3148421347141266	0.10982336848974228	-0.05825239419937134	0.054784342646598816	-0.08788544684648514	0.07732143998146057	0.051847245544195175	0.2353636622428894	-0.09147967398166656	-0.07701127976179123	0.03808652609586716	0.36066290736198425	0.19881325960159302	0.20236437022686005	-0.09629646688699722	-0.07023525983095169	0.054499220103025436	0.12073901295661926	1.0	0.06583460420370102	-0.22392944991588593	-0.08243760466575623	-0.23208574950695038	0.16591832041740417	0.2658744752407074	0.18906396627426147	0.26487424969673157	0.11399886012077332	-0.15945468842983246	0.09162070602178574	-0.06182454526424408	0.062441207468509674	0.022407518699765205	-0.1023242175579071	-0.13721850514411926	0.02084440365433693	-0.06895069032907486	0.01136333029717207	-0.2388768345117569	-0.0014030160382390022	0.09514172375202179	0.16193422675132751	0.18130424618721008	0.23056870698928833	0.049638934433460236	-0.008662729524075985	-0.289054811000824	-0.05495317652821541	-0.01530216634273529	-0.021991610527038574
mAMY-rh	0.5893586874008179	0.33803221583366394	0.14941288530826569	0.02989114634692669	-0.026013724505901337	0.05593274161219597	-0.02402750588953495	0.03758696839213371	0.07893484085798264	0.12873488664627075	0.11220716685056686	0.09800806641578674	-0.043124720454216	-0.01997797004878521	0.05492810532450676	0.37656843662261963	0.0684894248843193	-0.26053428649902344	0.06583460420370102	1.0	0.12696611881256104	0.12582343816757202	0.22209367156028748	-0.11322301626205444	-0.2778066396713257	0.4174491763114929	0.1576262265443802	0.4024129807949066	0.30292341113090515	0.020940076559782028	0.026954136788845062	0.17375291883945465	0.1849963515996933	0.2388484925031662	-0.10787203907966614	0.3148897588253021	0.20999835431575775	0.03421914204955101	0.1497492492198944	0.26392537355422974	0.21673761308193207	0.08987776935100555	-0.035171810537576675	0.37551823258399963	0.39210835099220276	-0.06601441651582718	0.09486935287714005	0.45738381147384644	0.03609741851687431	-0.058082304894924164
THA-DP-rh	-0.11114902049303055	0.09106074273586273	0.26585641503334045	0.3109860122203827	0.4697902798652649	0.40742385387420654	0.5431884527206421	0.09970847517251968	0.5905569791793823	0.41914868354797363	0.31150615215301514	0.18215221166610718	0.3627084493637085	0.3972851634025574	0.1935904175043106	0.1119355633854866	0.03238149359822273	-0.1275670826435089	-0.22392944991588593	0.12696611881256104	1.0	0.02773134969174862	0.013519267551600933	0.1066267341375351	0.024508468806743622	-0.3198552131652832	-0.05601418763399124	0.12428760528564453	0.12872721254825592	0.380957692861557	0.3052643835544586	0.16272401809692383	0.1714247614145279	0.4490736126899719	0.10868474841117859	0.1584864854812622	0.21283100545406342	0.39008089900016785	0.43180033564567566	0.1035178154706955	-0.1383133828639984	0.14470258355140686	-0.06527247279882431	-0.052089888602495193	0.1971450001001358	0.568816065788269	0.15212057530879974	-0.12329532206058502	0.3278685510158539	0.24465453624725342
NAc-shell-rh	-0.04025445505976677	-0.08072929829359055	-0.022330546751618385	0.12150277942419052	0.21330882608890533	0.34137722849845886	0.3253922462463379	-0.2612397372722626	0.2194499969482422	0.04886489734053612	0.49032485485076904	0.2280629426240921	0.03246321529150009	0.002540689194574952	0.47873416543006897	0.1432223916053772	0.2440936416387558	-0.0495697446167469	-0.08243760466575623	0.12582343816757202	0.02773134969174862	1.0	0.48170915246009827	0.15146683156490326	-0.17753776907920837	0.042530372738838196	-0.05650736019015312	0.1317812204360962	0.1634920835494995	-0.06281852722167969	0.11975651234388351	0.34857213497161865	0.32826802134513855	0.08985351771116257	0.13036003708839417	0.5672903060913086	0.3008691966533661	0.1343992054462433	0.12388189882040024	0.28891465067863464	0.3566349446773529	0.21856413781642914	0.03755433112382889	0.024201106280088425	0.0805712342262268	-0.04553341493010521	0.7020893096923828	0.4936057925224304	0.2937004268169403	0.3089376986026764
NAc-core-rh	0.08305701613426208	0.12627339363098145	0.149629145860672	0.02172766998410225	0.11378197371959686	0.28556734323501587	0.15730127692222595	-0.1418023705482483	0.08613560348749161	0.2629911005496979	0.3210758864879608	0.17922745645046234	-0.06852786242961884	0.010662741027772427	0.5150066614151001	0.4541597068309784	0.34123116731643677	0.026301667094230652	-0.23208574950695038	0.22209367156028748	0.013519267551600933	0.48170915246009827	1.0	-0.06371691823005676	-0.14120808243751526	0.20152290165424347	-0.2503198981285095	0.1671273559331894	0.3549027442932129	-0.10532903671264648	-0.03992481157183647	0.3150617778301239	0.20111209154129028	-0.06178092584013939	0.24266891181468964	0.42770296335220337	0.4586469829082489	0.2053336650133133	0.12961287796497345	0.2953178882598877	0.5583641529083252	0.05776577815413475	0.11358658224344254	0.26404106616973877	-0.024245934560894966	-0.13199423253536224	0.33146342635154724	0.2177286297082901	0.3029760718345642	0.285430908203125
pGP-rh	-0.1264418661594391	-0.3912011384963989	-0.26406779885292053	0.180979922413826	0.41847145557403564	0.23871442675590515	0.35109004378318787	-0.1032986044883728	0.359914094209671	0.021670330315828323	0.2652400732040405	0.3461814522743225	0.1735387146472931	0.266755610704422	0.030221061781048775	-0.21283657848834991	-0.032979246228933334	-0.13023947179317474	0.16591832041740417	-0.11322301626205444	0.1066267341375351	0.15146683156490326	-0.06371691823005676	1.0	0.5181852579116821	-0.2539808452129364	-0.28649255633354187	-0.3883914351463318	-0.333022803068161	0.16942809522151947	0.10693783313035965	0.018542638048529625	-0.06227937713265419	0.05377505347132683	0.08225752413272858	-0.12690655887126923	-0.1703813523054123	0.042792290449142456	0.14910157024860382	-0.2037629336118698	-0.24150216579437256	-0.23571038246154785	-0.1496983766555786	-0.04212970659136772	0.00335007649846375	-0.06534599512815475	0.21541699767112732	-0.403353214263916	0.4462931752204895	0.19072669744491577
aGP-rh	-0.12506581842899323	-0.3292156159877777	-0.41263046860694885	-0.020658913999795914	0.4546692371368408	0.18326272070407867	0.31563088297843933	0.04293816536664963	0.2062881886959076	0.13363181054592133	0.17521029710769653	0.3731735944747925	0.08147523552179337	0.16127640008926392	0.13841354846954346	-0.1532594859600067	-0.07816091924905777	0.06385265290737152	0.2658744752407074	-0.2778066396713257	0.024508468806743622	-0.17753776907920837	-0.14120808243751526	0.5181852579116821	1.0	-0.329433798789978	-0.1818923056125641	-0.32686880230903625	-0.38878321647644043	0.3233761489391327	0.3330440819263458	0.08679173141717911	-0.16835011541843414	0.07067487388849258	0.10964450985193253	-0.1357170045375824	-0.21516169607639313	-0.02365133911371231	0.028700798749923706	-0.2517200708389282	-0.17280833423137665	-0.27290451526641846	-0.12483064085245132	0.07591413706541061	0.27274203300476074	0.06953855603933334	-0.1326996088027954	-0.5433391332626343	0.14540041983127594	0.14079952239990234
HIP-head-m-lh	0.5256065726280212	0.1371760070323944	0.10560252517461777	-0.02808755822479725	-0.4289899170398712	-0.029408494010567665	-0.2991945743560791	0.17924723029136658	-0.2631062865257263	-0.07434733211994171	-0.18492981791496277	-0.1599014401435852	-0.08039378374814987	0.018183724954724312	-0.117026686668396	0.063324935734272	0.4044294059276581	-0.02070237137377262	0.18906396627426147	0.4174491763114929	-0.3198552131652832	0.042530372738838196	0.20152290165424347	-0.2539808452129364	-0.329433798789978	1.0	0.296071320772171	0.47504156827926636	0.3330639898777008	0.03372308611869812	-0.30912408232688904	0.21207469701766968	0.256804496049881	0.023456374183297157	0.10077916085720062	0.09504473954439163	0.23472167551517487	0.06272977590560913	-0.12047738581895828	0.019761474803090096	0.2723510265350342	0.2878587543964386	0.30483970046043396	0.36647912859916687	0.11567685008049011	-0.21086657047271729	-0.2593942880630493	0.42601653933525085	-0.070287324488163	-0.12986646592617035
HIP-head-l-l	0.3727445900440216	0.6235628128051758	-0.2904673218727112	0.07588449865579605	-0.13769713044166565	-0.11510949581861496	-0.08946589380502701	0.4786165654659271	-0.12799930572509766	0.10917112976312637	-0.02500014379620552	-0.07488733530044556	0.22574889659881592	-0.030995383858680725	-0.18442794680595398	0.23075677454471588	0.1312263458967209	0.1282605081796646	0.26487424969673157	0.1576262265443802	-0.05601418763399124	-0.05650736019015312	-0.2503198981285095	-0.28649255633354187	-0.1818923056125641	0.296071320772171	1.0	0.18223094940185547	-0.17595572769641876	0.10038914531469345	0.35505130887031555	-0.04443174973130226	0.09660829603672028	0.09683092683553696	0.0625603049993515	0.1359492540359497	-0.07702255994081497	0.06846072524785995	-0.10824412852525711	-0.12243898212909698	-0.04186714068055153	0.27377039194107056	0.007986104115843773	0.34043455123901367	0.3675250709056854	0.23242942988872528	-0.18286439776420593	0.229596808552742	-0.0844234898686409	-0.11589165776968002
HIP-body-l	0.4765161871910095	0.2468947321176529	0.5069336891174316	0.25452300906181335	-0.2372203767299652	0.022611329331994057	-0.049821238964796066	0.23629342019557953	0.012004433199763298	0.01987731084227562	-0.012454020790755749	0.021511921659111977	0.006333156023174524	0.03206624463200569	0.17210713028907776	0.132381409406662	0.35682815313339233	0.009537535719573498	0.11399886012077332	0.4024129807949066	0.12428760528564453	0.1317812204360962	0.1671273559331894	-0.3883914351463318	-0.32686880230903625	0.47504156827926636	0.18223094940185547	1.0	0.6367427706718445	0.10661418735980988	-0.24722525477409363	0.3635788559913635	0.3384680151939392	0.19124756753444672	-0.16673071682453156	0.25539472699165344	0.36142104864120483	0.22377952933311462	0.09656758606433868	0.36214879155158997	0.22148528695106506	0.3239639699459076	0.3011685013771057	0.16612349450588226	0.106491319835186	-0.0013384422054514289	-0.018404947593808174	0.5248808860778809	-0.19851461052894592	-0.08850806206464767
HIP-tail-lh	0.21956531703472137	0.06733334809541702	0.6358790397644043	0.1938241869211197	-0.17709589004516602	0.09750045835971832	-0.11664289236068726	-0.0012179473415017128	-0.015446029603481293	-0.06073268875479698	-0.00032274285331368446	-0.09890059381723404	-0.057910557836294174	-0.008758758194744587	0.11515490710735321	0.0172601118683815	0.1934831440448761	-0.18674336373806	-0.15945468842983246	0.30292341113090515	0.12872721254825592	0.1634920835494995	0.3549027442932129	-0.333022803068161	-0.38878321647644043	0.3330639898777008	-0.17595572769641876	0.6367427706718445	1.0	-0.014837708324193954	-0.3569217920303345	0.29638662934303284	0.08489197492599487	0.058022644370794296	-0.16254624724388123	0.217214435338974	0.41842278838157654	0.1288890540599823	0.18146361410617828	0.17899854481220245	0.09442147612571716	0.015659712255001068	0.10966333746910095	0.03821467235684395	0.10327773541212082	0.016494562849402428	0.06532992422580719	0.3317068815231323	-0.10087012499570847	-0.04167364910244942
THA-VPm-lh	0.1030869334936142	-0.10023721307516098	-0.08548561483621597	-0.06272179633378983	0.5240584015846252	0.4158126711845398	0.3917684555053711	0.3040371835231781	0.5358830690383911	0.4361410439014435	0.35068535804748535	0.4553482234477997	0.450431227684021	0.5470466613769531	0.2954936921596527	-0.003728892421349883	0.34101709723472595	0.308791846036911	0.09162070602178574	0.020940076559782028	0.380957692861557	-0.06281852722167969	-0.10532903671264648	0.16942809522151947	0.3233761489391327	0.03372308611869812	0.10038914531469345	0.10661418735980988	-0.014837708324193954	1.0	0.45431503653526306	0.35810166597366333	0.2685334086418152	0.7028968334197998	0.5144792199134827	0.29301974177360535	0.40367230772972107	0.695988655090332	0.5455232858657837	-0.05400722101330757	0.009279478341341019	0.2483871579170227	0.2413490116596222	0.22948893904685974	0.3440416753292084	0.5164563655853271	-0.1003553718328476	-0.10050246864557266	0.2706151604652405	0.1872236132621765
THA-VPl-lh	0.06348434835672379	0.28668978810310364	-0.3900904953479767	0.009399691596627235	0.6599433422088623	0.3066636621952057	0.38310545682907104	0.2808486223220825	0.38637399673461914	0.5179075598716736	0.4525611400604248	0.3793952763080597	0.3712886571884155	0.24086719751358032	0.3398120403289795	0.330757200717926	0.0035545446444302797	0.09696850180625916	-0.06182454526424408	0.026954136788845062	0.3052643835544586	0.11975651234388351	-0.03992481157183647	0.10693783313035965	0.3330440819263458	-0.30912408232688904	0.35505130887031555	-0.24722525477409363	-0.3569217920303345	0.45431503653526306	1.0	0.007703525945544243	-0.00031530007254332304	0.54112708568573	0.523586630821228	0.39057663083076477	0.13138225674629211	0.29362741112709045	0.369049072265625	-0.07182436436414719	0.08127088844776154	0.1227952092885971	-0.14775450527668	0.13314275443553925	0.4011390805244446	0.5669659376144409	0.06575160473585129	-0.12501932680606842	0.37210753560066223	0.2928623855113983
THA-VAi-lh	0.14954398572444916	-0.12451189756393433	0.18198545277118683	0.09576797485351562	0.27028611302375793	0.4371563792228699	0.5603542923927307	0.02543189935386181	0.40835025906562805	0.34002992510795593	0.33019131422042847	0.2931319773197174	0.15305538475513458	0.22832754254341125	0.307192325592041	-0.03320523723959923	0.48597022891044617	0.14530034363269806	0.062441207468509674	0.17375291883945465	0.16272401809692383	0.34857213497161865	0.3150617778301239	0.018542638048529625	0.08679173141717911	0.21207469701766968	-0.04443174973130226	0.3635788559913635	0.29638662934303284	0.35810166597366333	0.007703525945544243	1.0	0.5591925978660583	0.2675740420818329	0.09092439711093903	0.34662064909935	0.4275576174259186	0.39404577016830444	0.28604936599731445	0.32880690693855286	0.21823135018348694	0.2630463242530823	0.2498316466808319	0.1478927731513977	0.16640938818454742	0.16797973215579987	0.2539638876914978	0.1651504635810852	0.12104271352291107	0.19527675211429596
THA-VAs-lh	0.2294863909482956	0.011908957734704018	0.12247592210769653	-0.11418141424655914	0.058733027428388596	0.2651195228099823	0.43335455656051636	0.17297327518463135	0.15845130383968353	0.34998971223831177	0.22837352752685547	0.126216322183609	0.10632921755313873	0.11171617358922958	0.1874752938747406	0.10042735934257507	0.5911158323287964	0.24726082384586334	0.022407518699765205	0.1849963515996933	0.1714247614145279	0.32826802134513855	0.20111209154129028	-0.06227937713265419	-0.16835011541843414	0.256804496049881	0.09660829603672028	0.3384680151939392	0.08489197492599487	0.2685334086418152	-0.00031530007254332304	0.5591925978660583	1.0	0.281851589679718	0.11612654477357864	0.3193111717700958	0.3302443325519562	0.46239733695983887	0.18025273084640503	0.3555411100387573	0.1579078882932663	0.5752196311950684	0.4187667667865753	0.09751657396554947	0.13684657216072083	0.16267749667167664	0.1391693651676178	0.2620849609375	0.2607172429561615	0.2400899976491928
THA-DAm-lh	0.198842391371727	-0.0031472763512283564	-0.008373506367206573	0.07054059952497482	0.5006529688835144	0.27501180768013	0.3793797194957733	0.2943228781223297	0.6553632020950317	0.3369971215724945	0.3909047544002533	0.3674069344997406	0.31147563457489014	0.3220110237598419	0.3482115566730499	0.16838788986206055	0.28697341680526733	-0.05880553647875786	-0.1023242175579071	0.2388484925031662	0.4490736126899719	0.08985351771116257	-0.06178092584013939	0.05377505347132683	0.07067487388849258	0.023456374183297157	0.09683092683553696	0.19124756753444672	0.058022644370794296	0.7028968334197998	0.54112708568573	0.2675740420818329	0.281851589679718	1.0	0.4633305072784424	0.3634584844112396	0.33697378635406494	0.5413082242012024	0.6198583245277405	-0.04952305555343628	0.1776353269815445	0.3896889388561249	0.25164803862571716	-0.06797249615192413	0.3321321904659271	0.5322803258895874	-0.011744371615350246	0.04734066128730774	0.4476512372493744	0.26326772570610046
THA-DAl-lh	0.0021115404088050127	0.09326387941837311	-0.23775871098041534	-0.10011108219623566	0.40292128920555115	0.27610188722610474	0.2254132181406021	0.21999651193618774	0.32755959033966064	0.5351281762123108	0.24007943272590637	0.20402362942695618	0.23880590498447418	0.22688838839530945	0.3491534888744354	0.3210550844669342	0.26999571919441223	0.21332888305187225	-0.13721850514411926	-0.10787203907966614	0.10868474841117859	0.13036003708839417	0.24266891181468964	0.08225752413272858	0.10964450985193253	0.10077916085720062	0.0625603049993515	-0.16673071682453156	-0.16254624724388123	0.5144792199134827	0.523586630821228	0.09092439711093903	0.11612654477357864	0.4633305072784424	1.0	0.4282723367214203	0.37589341402053833	0.492228627204895	0.20484332740306854	-0.03894099220633507	0.36803171038627625	0.30737006664276123	0.032340358942747116	0.1955946981906891	0.05068187788128853	0.42598825693130493	-0.029251601547002792	-0.07442667335271835	0.5428247451782227	0.30052483081817627
PUT-VA-lh	0.1894386112689972	0.22629261016845703	0.05716567486524582	-0.22116227447986603	0.4261501431465149	0.3546704351902008	0.2709919810295105	0.05213061347603798	0.3155532777309418	0.47452953457832336	0.679176926612854	0.49529626965522766	0.22547051310539246	0.21596281230449677	0.6800100803375244	0.3956798017024994	0.21335317194461823	0.05837170034646988	0.02084440365433693	0.3148897588253021	0.1584864854812622	0.5672903060913086	0.42770296335220337	-0.12690655887126923	-0.1357170045375824	0.09504473954439163	0.1359492540359497	0.25539472699165344	0.217214435338974	0.29301974177360535	0.39057663083076477	0.34662064909935	0.3193111717700958	0.3634584844112396	0.4282723367214203	1.0	0.7282000780105591	0.3715806305408478	0.3554264307022095	0.4858074188232422	0.42116400599479675	0.3700636029243469	-0.11750366538763046	0.16324004530906677	0.3302694261074066	0.2727839946746826	0.4681914746761322	0.4676409959793091	0.2787693738937378	0.23875662684440613
PUT-DA-l	0.10611263662576675	0.05784206464886665	0.3062841296195984	-0.13516125082969666	0.2785433530807495	0.4224229156970978	0.19353440403938293	0.020591942593455315	0.2586369514465332	0.42787808179855347	0.5779093503952026	0.5040120482444763	0.3617256283760071	0.5087954998016357	0.5424697399139404	0.17479248344898224	0.34501177072525024	0.18146423995494843	-0.06895069032907486	0.20999835431575775	0.21283100545406342	0.3008691966533661	0.4586469829082489	-0.1703813523054123	-0.21516169607639313	0.23472167551517487	-0.07702255994081497	0.36142104864120483	0.41842278838157654	0.40367230772972107	0.13138225674629211	0.4275576174259186	0.3302443325519562	0.33697378635406494	0.37589341402053833	0.7282000780105591	1.0	0.5697479844093323	0.552989661693573	0.3772059381008148	0.3201291561126709	0.3705768287181854	0.12428171187639236	0.06783619523048401	0.08928298950195312	0.2312125414609909	0.26092153787612915	0.3051490783691406	0.16815946996212006	0.3062552511692047
PUT-VP-lh	0.12018660455942154	0.09434206783771515	0.08312851190567017	0.006793048232793808	0.4426681101322174	0.5118042230606079	0.44075801968574524	0.3004622161388397	0.4859444797039032	0.5966033935546875	0.36311376094818115	0.4136742055416107	0.5700677037239075	0.4894765615463257	0.33938613533973694	0.02510775998234749	0.5267290472984314	0.37511932849884033	0.01136333029717207	0.03421914204955101	0.39008089900016785	0.1343992054462433	0.2053336650133133	0.042792290449142456	-0.02365133911371231	0.06272977590560913	0.06846072524785995	0.22377952933311462	0.1288890540599823	0.695988655090332	0.29362741112709045	0.39404577016830444	0.46239733695983887	0.5413082242012024	0.492228627204895	0.3715806305408478	0.5697479844093323	1.0	0.4651070833206177	0.15226829051971436	0.12376661598682404	0.38367390632629395	0.3794638216495514	0.14783284068107605	0.03005104884505272	0.4061218202114105	0.07490022480487823	0.07011169195175171	0.306148499250412	0.19102413952350616
PUT-DP-lh	0.09052277356386185	-0.1100512146949768	0.1449044793844223	0.04438960552215576	0.4873039424419403	0.4846622049808502	0.3600819706916809	0.19226272404193878	0.6010549664497375	0.3435620665550232	0.6113788485527039	0.5765970349311829	0.4752531349658966	0.5880940556526184	0.46364524960517883	-0.006183615420013666	0.19794580340385437	-0.04456017166376114	-0.2388768345117569	0.1497492492198944	0.43180033564567566	0.12388189882040024	0.12961287796497345	0.14910157024860382	0.028700798749923706	-0.12047738581895828	-0.10824412852525711	0.09656758606433868	0.18146361410617828	0.5455232858657837	0.369049072265625	0.28604936599731445	0.18025273084640503	0.6198583245277405	0.20484332740306854	0.3554264307022095	0.552989661693573	0.4651070833206177	1.0	0.11236856877803802	-0.01324407383799553	0.17473435401916504	0.0395868644118309	-0.04785942658782005	0.3226318657398224	0.35427334904670715	0.16570401191711426	0.024927234277129173	0.26394638419151306	0.17978480458259583
