Node	DMN_LABEL_1	Vis_LABEL_2	FP_LABEL_3	Aud_LABEL_4	Tpole_LABEL_5	PMN_LABEL_6	PON_LABEL_7	MTL_LABEL_8	PON_LABEL_9	CO_LABEL_10	Sal_LABEL_11	CO_LABEL_12	SMd_LABEL_13	SMl_LABEL_14	DAN_LABEL_15	DMN_LABEL_16	CO_LABEL_17	DMN_LABEL_18	VAN_LABEL_19	CO_LABEL_20	CO_LABEL_21	Sal_LABEL_22	DAN_LABEL_23	PMN_LABEL_24	DAN_LABEL_25	DMN_LABEL_26	DMN_LABEL_27	DMN_LABEL_28	Vis_LABEL_29	FP_LABEL_30	Aud_LABEL_31	Tpole_LABEL_32	PMN_LABEL_33	PON_LABEL_34	MTL_LABEL_35	CO_LABEL_36	Sal_LABEL_37	CO_LABEL_38	SMd_LABEL_39	SMl_LABEL_40	DAN_LABEL_41	CO_LABEL_42	VAN_LABEL_43	CO_LABEL_44	CO_LABEL_45	Sal_LABEL_46	DAN_LABEL_47	PMN_LABEL_48	DAN_LABEL_49	DMN_LABEL_50	FP_LABEL_51	DMN_LABEL_52	DMN_LABEL_53	PON_LABEL_54	DMN_LABEL_55	Tpole_LABEL_56	Tpole_LABEL_57	Sal_LABEL_58	Sal_LABEL_59	SMd_LABEL_60	DAN_LABEL_61	FP_LABEL_62	DMN_LABEL_63	FP_LABEL_64	FP_LABEL_65	SMd_LABEL_66	SMl_LABEL_67	SMd_LABEL_68	DMN_LABEL_69	DAN_LABEL_70	DMN_LABEL_71	FP_LABEL_72	SMd_LABEL_73	SMl_LABEL_74	MTL_LABEL_75	MTL_LABEL_76	CO_LABEL_77	CO_LABEL_78	Vis_LABEL_79	Vis_LABEL_80
DMN_LABEL_1	1.0	-0.08548187464475632	-0.2959904372692108	0.4529201090335846	0.3104948103427887	0.34948334097862244	0.30378517508506775	n/a	0.4354400932788849	0.04307110235095024	-0.39829742908477783	-0.3685503304004669	-0.23022162914276123	0.1944805085659027	-0.6353564858436584	0.7981708645820618	-0.49070507287979126	0.7237192392349243	0.12713471055030823	-0.03938642144203186	-0.3603770136833191	-0.35110512375831604	-0.472760945558548	0.6263375878334045	-0.03823799639940262	0.6780573129653931	0.4772106409072876	0.6300995349884033	-0.09555517137050629	-0.20581865310668945	0.4218655526638031	0.19838489592075348	0.39261022210121155	-0.02360527403652668	n/a	-0.05776063725352287	-0.3126615583896637	-0.4104057550430298	0.026992976665496826	0.20073887705802917	-0.4533686935901642	-0.3657587766647339	0.02829970046877861	-0.31665220856666565	-0.09264318645000458	-0.13848595321178436	-0.5760059952735901	0.6217904686927795	0.01926444098353386	0.3504576086997986	0.16824932396411896	0.6095055341720581	0.21866580843925476	0.289406955242157	0.20040448009967804	0.2148657739162445	0.12504686415195465	-0.03550748899579048	0.022444291040301323	-0.21687409281730652	-0.2617068886756897	-0.11618749797344208	0.3544228971004486	-0.07552146911621094	-0.17524848878383636	-0.19296550750732422	0.04255424067378044	-0.09010142087936401	0.2813767194747925	-0.04940438270568848	0.5120989680290222	-0.22798746824264526	-0.019514266401529312	0.030075376853346825	0.4601178467273712	0.16771771013736725	0.19733233749866486	-0.060869164764881134	-0.1616140604019165	-0.41778743267059326
Vis_LABEL_2	-0.08548187464475632	1.0	-0.4609685242176056	0.34076860547065735	-0.07920180261135101	0.1411336362361908	0.46540001034736633	n/a	-0.0046636383049190044	0.7336236834526062	0.25929832458496094	-0.14406876266002655	0.2535967230796814	0.5299527049064636	-0.27242064476013184	-0.3109743893146515	0.343971848487854	-0.27241238951683044	-0.277495801448822	0.30677133798599243	0.5903703570365906	0.2433641105890274	-0.3221597373485565	-0.19523631036281586	-0.07839786261320114	-0.07160896807909012	-0.3370017111301422	-0.38505691289901733	0.9315190315246582	-0.44465717673301697	0.13855044543743134	-0.021802326664328575	0.08927568793296814	0.07603739202022552	n/a	0.6307832598686218	-0.19281990826129913	0.12088378518819809	0.14190420508384705	0.5233060717582703	-0.26798170804977417	0.5480158925056458	-0.4285633862018585	-0.13063760101795197	0.5581694841384888	-0.23315423727035522	-0.20339006185531616	-0.1595989316701889	-0.08057987689971924	-0.5017392039299011	-0.27975475788116455	0.07943195104598999	-0.11920400708913803	-0.026905607432127	-0.3878539800643921	-0.11278476566076279	-0.4175645112991333	-0.40290436148643494	-0.35755792260169983	0.14506134390830994	0.2877717614173889	-0.3024947941303253	-0.46815094351768494	-0.49642932415008545	0.11296109110116959	0.08629769086837769	0.22266963124275208	-0.02771865203976631	-0.22506284713745117	-0.38456210494041443	-0.44912102818489075	-0.3675955533981323	0.18235990405082703	0.5878754258155823	-0.16787190735340118	0.015087731182575226	0.24505361914634705	0.23404429852962494	-0.005962558556348085	0.48313817381858826
FP_LABEL_3	-0.2959904372692108	-0.4609685242176056	1.0	-0.20275245606899261	-0.23362165689468384	0.27446386218070984	-0.32592812180519104	n/a	-0.2760751247406006	-0.46727684140205383	0.328416109085083	0.2961012125015259	-0.2214522808790207	-0.17983858287334442	0.5386459231376648	-0.299763947725296	0.07256648689508438	-0.2740105986595154	-0.12384551018476486	0.061743900179862976	-0.06742051243782043	-0.06005960702896118	0.5125728249549866	-0.1103949174284935	-0.1336710900068283	-0.3446837067604065	0.18936073780059814	-0.28902000188827515	-0.3621363937854767	0.8330931663513184	-0.0768275111913681	-0.33359143137931824	0.1576913595199585	-0.13842973113059998	n/a	-0.5397722125053406	0.15782062709331512	0.09662678092718124	-0.18137934803962708	-0.237565815448761	0.4389466345310211	-0.26422232389450073	-0.04169180244207382	0.4536493420600891	-0.34277135133743286	-0.01148893404752016	0.46939802169799805	0.09140544384717941	0.022950010374188423	-0.17233124375343323	0.4039703905582428	-0.24516479671001434	-0.3315240442752838	-0.08296353369951248	0.20231428742408752	-0.29564693570137024	0.035869207233190536	0.335032194852829	-0.012929336167871952	0.03529316931962967	-0.3359389305114746	0.4960353970527649	-0.3664448857307434	0.4196665287017822	0.2417626976966858	-0.004796511493623257	0.0651659443974495	-0.1607159823179245	0.12623274326324463	0.40886467695236206	-0.13341420888900757	0.6563301682472229	-0.11295334249734879	-0.0874294713139534	0.11141950637102127	0.01994483917951584	-0.4059601426124573	-0.18814530968666077	-0.11879921704530716	0.02832838147878647
Aud_LABEL_4	0.4529201090335846	0.34076860547065735	-0.20275245606899261	1.0	0.03549690544605255	0.6439281702041626	0.35823750495910645	n/a	0.38664981722831726	0.5759469270706177	0.05932262912392616	-0.04296340420842171	-0.14288634061813354	0.40240392088890076	-0.5167998671531677	0.22565288841724396	-0.13186326622962952	0.0924907699227333	-0.2441530078649521	0.688493013381958	0.2674441337585449	-0.16594405472278595	-0.3431706428527832	0.27737295627593994	-0.017353326082229614	0.38817986845970154	0.2548723518848419	0.0022811524104326963	0.3629607558250427	-0.1882811039686203	0.8070560097694397	0.029750186949968338	0.5840763449668884	-0.09051325172185898	n/a	0.17651595175266266	-0.11065779626369476	-0.3127357065677643	-0.04267311468720436	0.4095478951931	-0.4722880423069	0.07226701825857162	-0.4650840163230896	0.18191184103488922	0.3727969527244568	-0.022285524755716324	-0.39136752486228943	0.3177030086517334	0.17406220734119415	-0.20741669833660126	0.19232161343097687	0.5445850491523743	-0.14817342162132263	0.21474246680736542	-0.027935247868299484	0.2078532874584198	-0.04608739912509918	0.026130514219403267	-0.04268043115735054	0.09099447727203369	-0.25575894117355347	0.01849728636443615	-0.25802093744277954	-0.3696555495262146	0.013804007321596146	-0.14581213891506195	0.194514662027359	0.04233183339238167	0.2603181302547455	-0.12188848853111267	-0.05099984258413315	-0.24421977996826172	0.17082363367080688	0.2620868384838104	0.5051542520523071	0.4217488765716553	0.2135019451379776	0.20796330273151398	-0.20548559725284576	0.2324940264225006
Tpole_LABEL_5	0.3104948103427887	-0.07920180261135101	-0.23362165689468384	0.03549690544605255	1.0	0.22694851458072662	0.04511191323399544	n/a	0.39657649397850037	-0.0817110612988472	-0.394856721162796	-0.29421570897102356	0.16363340616226196	0.02264000102877617	-0.5031041502952576	0.308758944272995	-0.578444242477417	0.4281774163246155	-0.21605172753334045	-0.09430307149887085	-0.3302725851535797	-0.4372214078903198	-0.42488178610801697	0.4303378760814667	-0.06395702064037323	0.3833608031272888	0.3364286422729492	0.1918371617794037	-0.28148776292800903	-0.20282717049121857	-0.1646793782711029	0.7287041544914246	0.1292620152235031	0.0074923234060406685	n/a	0.014761838130652905	-0.219761922955513	-0.11721329391002655	0.32357925176620483	0.018329916521906853	-0.33600184321403503	-0.17016538977622986	-0.12601932883262634	-0.4336839020252228	-0.16920596361160278	-0.0028944516088813543	-0.5267671942710876	0.31082192063331604	-0.2849692702293396	0.12748029828071594	-0.14580948650836945	0.34990671277046204	0.6126740574836731	0.00832032784819603	-0.10843431949615479	0.40757790207862854	0.6681522727012634	-0.504439651966095	-0.11389534175395966	-0.2512246370315552	-0.4146292209625244	-0.2450105845928192	0.24844935536384583	-0.23806552588939667	0.16959597170352936	0.014549576677381992	0.25232869386672974	-0.2975537180900574	-0.09576200693845749	-0.23273546993732452	0.5358673334121704	-0.32498639822006226	-0.22523456811904907	-0.13373278081417084	0.36032864451408386	-0.309796005487442	0.42663949728012085	0.26387616991996765	-0.11471549421548843	-0.24498789012432098
PMN_LABEL_6	0.34948334097862244	0.1411336362361908	0.27446386218070984	0.6439281702041626	0.22694851458072662	1.0	0.14093352854251862	n/a	0.2286374270915985	0.2201905995607376	0.15986880660057068	0.13065089285373688	0.010291102342307568	0.30886998772621155	-0.25301703810691833	-0.034326955676078796	-0.18320144712924957	-0.0184802059084177	-0.5292503237724304	0.5378153324127197	0.09570618718862534	-0.2764306366443634	-0.0847027599811554	0.38015419244766235	-0.08906425535678864	0.2556415796279907	0.46271851658821106	-0.2373354434967041	0.11669433861970901	0.17535735666751862	0.4812750220298767	0.08124351501464844	0.8235000371932983	-0.22833998501300812	n/a	-0.002692778827622533	-0.030752142891287804	-0.015452218241989613	0.10233154892921448	0.2367088496685028	-0.2524881958961487	0.0405605174601078	-0.6653547286987305	0.23172666132450104	0.021765420213341713	-0.08037380129098892	-0.21151632070541382	0.42337748408317566	-0.03525622561573982	-0.4906945526599884	0.1435731053352356	0.45544135570526123	-0.07353688031435013	0.012830347754061222	-0.11276641488075256	0.13471615314483643	0.13208472728729248	-0.11839316040277481	-0.09993501752614975	0.11810828000307083	-0.4653779864311218	0.34488511085510254	-0.42968228459358215	-0.25403860211372375	0.3096894919872284	0.07823391258716583	0.23793751001358032	-0.3204490542411804	0.30495521426200867	0.01720798946917057	0.14920111000537872	0.11260005086660385	0.014657942578196526	0.1398009955883026	0.5069108009338379	0.13415080308914185	0.1261051744222641	0.09360343962907791	-0.3661904036998749	0.013189854100346565
PON_LABEL_7	0.30378517508506775	0.46540001034736633	-0.32592812180519104	0.35823750495910645	0.04511191323399544	0.14093352854251862	1.0	n/a	0.6499313116073608	0.5496465563774109	0.1396903246641159	-0.2195032238960266	-0.09487492591142654	0.2624741494655609	-0.34139204025268555	0.1905357539653778	0.04944087564945221	0.034529414027929306	-0.03825685754418373	0.12735632061958313	0.3801659047603607	0.022855697199702263	-0.1795758754014969	0.511906087398529	0.03578990325331688	0.11335508525371552	-0.041106145828962326	0.014402497559785843	0.5039314031600952	-0.4427695572376251	0.17022249102592468	0.2889403700828552	0.052693478763103485	0.7011247277259827	n/a	0.5177497863769531	-0.44903624057769775	-0.1828150898218155	0.3720989227294922	0.28007689118385315	-0.28310835361480713	0.09398709982633591	-0.3077855110168457	-0.29331955313682556	0.2906545400619507	-0.3351225256919861	-0.1466064155101776	0.41096651554107666	-0.015473533421754837	-0.18145804107189178	-0.16127082705497742	0.160794198513031	-0.23672400414943695	0.6249023675918579	-0.4069882333278656	0.24781827628612518	-0.1504315584897995	-0.22614237666130066	-0.2562423646450043	0.14249277114868164	0.06880278885364532	-0.35090842843055725	-0.06813623011112213	-0.3333987593650818	0.15028312802314758	0.11377871036529541	0.3751104474067688	0.2051479071378708	0.16675744950771332	-0.330264687538147	-0.005885340739041567	-0.02453865110874176	0.11266069114208221	0.47191762924194336	0.212760791182518	0.3834163248538971	0.14725840091705322	0.16446553170681	-0.21936506032943726	0.10872414708137512
MTL_LABEL_8	n/a	n/a	n/a	n/a	n/a	n/a	n/a	1.0	n/a	n/a	n/a	n/a	n/a	n/a	n/a	n/a	n/a	n/a	n/a	n/a	n/a	n/a	n/a	n/a	n/a	n/a	n/a	n/a	n/a	n/a	n/a	n/a	n/a	n/a	n/a	n/a	n/a	n/a	n/a	n/a	n/a	n/a	n/a	n/a	n/a	n/a	n/a	n/a	n/a	n/a	n/a	n/a	n/a	n/a	n/a	n/a	n/a	n/a	n/a	n/a	n/a	n/a	n/a	n/a	n/a	n/a	n/a	n/a	n/a	n/a	n/a	n/a	n/a	n/a	n/a	n/a	n/a	n/a	n/a	n/a
PON_LABEL_9	0.4354400932788849	-0.0046636383049190044	-0.2760751247406006	0.38664981722831726	0.39657649397850037	0.2286374270915985	0.6499313116073608	n/a	1.0	0.32404395937919617	-0.3130001425743103	-0.2811674177646637	-0.20536455512046814	0.14979912340641022	-0.5134934782981873	0.4966827929019928	-0.40517446398735046	0.42736682295799255	-0.02920163795351982	0.08108191937208176	0.017880775034427643	-0.3027366101741791	-0.2717694640159607	0.6247456073760986	-0.0802900642156601	0.3490288257598877	0.3809049427509308	0.2612738013267517	-0.016713161021471024	-0.3012843430042267	0.1279004067182541	0.5570495128631592	0.11967549473047256	0.550813615322113	n/a	0.05233927443623543	-0.4814916253089905	-0.41809406876564026	0.19839295744895935	0.1744799166917801	-0.4609549939632416	-0.3094233572483063	-0.28853896260261536	-0.45553332567214966	-0.07833199948072433	-0.23992429673671722	-0.3749891221523285	0.502019464969635	-0.2039784938097	0.16782373189926147	-0.03453041985630989	0.3046209216117859	0.0429634153842926	0.7169825434684753	-0.16484041512012482	0.6376646757125854	0.3245464563369751	-0.20601710677146912	-0.13710151612758636	-0.17827118933200836	-0.2235790491104126	-0.30772626399993896	0.32501673698425293	-0.2341783493757248	0.14919686317443848	-0.0627499371767044	0.28107571601867676	0.15073110163211823	0.19424062967300415	-0.20494844019412994	0.4498133957386017	-0.11990128457546234	-0.0004199274117127061	0.13294893503189087	0.5426706671714783	0.40022391080856323	0.2648133933544159	0.2569017708301544	-0.39874085783958435	-0.0044639152474701405
CO_LABEL_10	0.04307110235095024	0.7336236834526062	-0.46727684140205383	0.5759469270706177	-0.0817110612988472	0.2201905995607376	0.5496465563774109	n/a	0.32404395937919617	1.0	0.2808399796485901	-0.09391526132822037	0.12469231337308884	0.659371554851532	-0.46165475249290466	-0.04389301314949989	0.09318427741527557	-0.09469079226255417	-0.060999203473329544	0.3899306058883667	0.5440959930419922	0.14976860582828522	-0.4311947524547577	-0.0853409618139267	-0.2188890278339386	0.04929060488939285	-0.0817030817270279	-0.12084673345088959	0.6619616150856018	-0.46815428137779236	0.3660225570201874	0.08583264797925949	0.12158922851085663	0.21054379642009735	n/a	0.4981546700000763	-0.16804268956184387	-0.20727039873600006	0.03378399461507797	0.6613990068435669	-0.48792096972465515	0.30202728509902954	-0.38704219460487366	-0.10039886087179184	0.5241368412971497	-0.052301738411188126	-0.39185088872909546	-0.10836157202720642	-0.1250470131635666	-0.2559871971607208	-0.08308138698339462	0.25689488649368286	-0.09114627540111542	0.1303921341896057	-0.18916566669940948	0.18493331968784332	-0.18460379540920258	-0.3585967719554901	-0.31709620356559753	-0.01355333998799324	-0.011280035600066185	-0.40835198760032654	-0.32131192088127136	-0.6313018202781677	0.09245675802230835	-0.15207146108150482	0.3760966658592224	-0.02385086752474308	-0.25445351004600525	-0.4804645776748657	-0.31619858741760254	-0.4731692969799042	0.08448716998100281	0.5933412313461304	0.17350472509860992	0.15218713879585266	0.41194629669189453	0.24221211671829224	-0.17287583649158478	0.27858829498291016
Sal_LABEL_11	-0.39829742908477783	0.25929832458496094	0.328416109085083	0.05932262912392616	-0.394856721162796	0.15986880660057068	0.1396903246641159	n/a	-0.3130001425743103	0.2808399796485901	1.0	0.44300833344459534	0.04152630269527435	0.2515486478805542	0.27912792563438416	-0.44515612721443176	0.40313243865966797	-0.6572945713996887	-0.18464405834674835	0.31401360034942627	0.5409784913063049	0.29708391427993774	0.2997291386127472	-0.3010936975479126	-0.20375992357730865	-0.4217541515827179	-0.11316244304180145	-0.4441052973270416	0.2826250493526459	0.11084751784801483	0.05252750590443611	-0.41378381848335266	0.0888923704624176	0.10213631391525269	n/a	0.21519435942173004	0.2780466377735138	0.1727650761604309	-0.1730751246213913	0.21498239040374756	0.12428116798400879	0.25301921367645264	-0.2539045810699463	0.5724266767501831	0.3887438476085663	0.2560393214225769	0.3405488133430481	-0.2209802269935608	-0.02738090790808201	-0.4149283766746521	-0.03897297754883766	-0.17465780675411224	-0.32739749550819397	-0.2881637215614319	-0.07545620948076248	-0.21509692072868347	-0.1991608440876007	0.11448876559734344	-0.17380397021770477	0.2674674093723297	-0.028306664898991585	0.2216223031282425	-0.593019962310791	-0.11468439549207687	0.29693663120269775	-0.1299830973148346	0.2885707914829254	-0.16329926252365112	-0.03786619007587433	0.04201272502541542	-0.4828912615776062	0.10446638613939285	-0.0073873684741556644	0.4288623631000519	0.06726555526256561	0.021899990737438202	0.07324597239494324	0.15665142238140106	0.1136535182595253	0.18971872329711914
CO_LABEL_12	-0.3685503304004669	-0.14406876266002655	0.2961012125015259	-0.04296340420842171	-0.29421570897102356	0.13065089285373688	-0.2195032238960266	n/a	-0.2811674177646637	-0.09391526132822037	0.44300833344459534	1.0	0.10419707000255585	-0.34911030530929565	0.5352244973182678	-0.4300132989883423	0.43019673228263855	-0.5501211285591125	-0.23931555449962616	0.15480346977710724	0.08927485346794128	-0.036861635744571686	0.41004765033721924	-0.22170646488666534	0.1590815931558609	-0.21087174117565155	-0.1815759390592575	-0.33017605543136597	-0.16944801807403564	0.12996523082256317	-0.06578002125024796	-0.44065195322036743	0.11492013931274414	-0.07391396909952164	n/a	0.1399705410003662	0.27481457591056824	0.6441758871078491	-0.08353812992572784	-0.4014466404914856	0.5277686715126038	0.31652286648750305	-0.08743453770875931	0.6388817429542542	0.2039385885000229	0.2791396975517273	0.434741735458374	-0.07948809117078781	0.23732371628284454	-0.20030467212200165	-0.17197628319263458	-0.20985984802246094	-0.1670355200767517	-0.12941348552703857	-0.06815991550683975	-0.13722586631774902	0.03858032077550888	0.37402263283729553	0.36854007840156555	0.42970770597457886	0.20588913559913635	0.4319060742855072	-0.15470077097415924	0.2591898441314697	0.09398730099201202	0.30026835203170776	-0.13355091214179993	0.17241202294826508	0.29671740531921387	0.2727394700050354	-0.24247093498706818	0.31280991435050964	0.22738400101661682	-0.180262491106987	0.0979791209101677	0.0035140106920152903	0.013744918629527092	-0.025966336950659752	0.24088695645332336	0.030639048665761948
SMd_LABEL_13	-0.23022162914276123	0.2535967230796814	-0.2214522808790207	-0.14288634061813354	0.16363340616226196	0.010291102342307568	-0.09487492591142654	n/a	-0.20536455512046814	0.12469231337308884	0.04152630269527435	0.10419707000255585	1.0	0.11596513539552689	0.18345771729946136	-0.34740468859672546	0.3257227838039398	-0.28040802478790283	-0.10234354436397552	-0.1676747351884842	0.02197590097784996	0.22467944025993347	0.056157782673835754	-0.22681428492069244	0.3510081171989441	-0.022716566920280457	-0.2885249853134155	-0.20948515832424164	0.2146475464105606	-0.42591410875320435	-0.13260969519615173	0.11599254608154297	-0.06911787390708923	-0.20917685329914093	n/a	0.27583563327789307	-0.23698431253433228	0.4605419933795929	0.41215065121650696	0.07799606770277023	0.1934228539466858	0.4625096023082733	-0.2721366286277771	0.0072879730723798275	-0.00845408532768488	0.17752186954021454	0.03721919283270836	-0.3530007302761078	0.17207171022891998	-0.3709772527217865	-0.5918475985527039	-0.17282481491565704	0.1205025240778923	-0.45848092436790466	-0.418754905462265	0.06462105363607407	0.21405433118343353	-0.4085882902145386	-0.25568851828575134	0.27410468459129333	0.17003239691257477	-0.15711872279644012	-0.2739090025424957	-0.28878429532051086	0.07269961386919022	0.3535859286785126	0.2735859155654907	0.11799836903810501	-0.1536664515733719	-0.31004002690315247	-0.10153933614492416	-0.15891548991203308	0.24138841032981873	0.12103356420993805	-0.3431267738342285	-0.39604538679122925	0.10830038785934448	0.029861683025956154	-0.25593921542167664	0.011007568798959255
SMl_LABEL_14	0.1944805085659027	0.5299527049064636	-0.17983858287334442	0.40240392088890076	0.02264000102877617	0.30886998772621155	0.2624741494655609	n/a	0.14979912340641022	0.659371554851532	0.2515486478805542	-0.34911030530929565	0.11596513539552689	1.0	-0.5007647275924683	0.03605978935956955	-0.16421154141426086	0.02480337768793106	-0.12569157779216766	0.17863152921199799	0.253875732421875	0.21040144562721252	-0.33035147190093994	-0.14118234813213348	-0.40577611327171326	0.14649565517902374	0.1875702142715454	-0.09753312915563583	0.46860820055007935	-0.1798328310251236	0.23400463163852692	0.05195626616477966	0.2745434045791626	-0.03632832318544388	n/a	0.009142765775322914	-0.18211042881011963	-0.41706252098083496	-0.2945367395877838	0.9780063033103943	-0.5500860214233398	-0.1275598257780075	-0.3967856764793396	-0.22854231297969818	0.027580928057432175	0.09577897936105728	-0.38457363843917847	-0.05223016068339348	-0.30154141783714294	-0.21493402123451233	-0.00946415588259697	0.331473708152771	-0.01180428359657526	-0.20473363995552063	-0.043727513402700424	0.1449001580476761	0.000933825212996453	-0.36204221844673157	-0.5854179859161377	-0.45606887340545654	-0.1875130832195282	-0.40694788098335266	-0.4202258586883545	-0.5910654067993164	-0.0006958827725611627	-0.4972730875015259	0.5564541816711426	-0.4866315722465515	-0.37903034687042236	-0.30425357818603516	-0.13191789388656616	-0.44089046120643616	-0.20265978574752808	0.7563926577568054	0.26988786458969116	-0.16603991389274597	0.26849621534347534	0.23810328543186188	-0.37623003125190735	0.22688375413417816
DAN_LABEL_15	-0.6353564858436584	-0.27242064476013184	0.5386459231376648	-0.5167998671531677	-0.5031041502952576	-0.25301703810691833	-0.34139204025268555	n/a	-0.5134934782981873	-0.46165475249290466	0.27912792563438416	0.5352244973182678	0.18345771729946136	-0.5007647275924683	1.0	-0.624927818775177	0.6881483197212219	-0.6241836547851562	-0.08454758673906326	-0.12492146342992783	0.014640304259955883	0.26795464754104614	0.7914267778396606	-0.36384204030036926	0.3703712522983551	-0.5430320501327515	-0.40913766622543335	-0.46251317858695984	-0.11584601551294327	0.35953488945961	-0.3232453167438507	-0.5057287812232971	-0.14927206933498383	-0.07305901497602463	n/a	-0.15784810483455658	0.26298609375953674	0.5778636932373047	-0.02821134589612484	-0.5356849431991577	0.8671727776527405	0.33750057220458984	0.06557140499353409	0.5157489776611328	-0.14808033406734467	0.12755557894706726	0.853667676448822	-0.32707881927490234	0.35628923773765564	-0.2688198983669281	-0.08937502652406693	-0.6409772634506226	-0.4667523503303528	-0.15202753245830536	-0.09755611419677734	-0.33271145820617676	-0.18978139758110046	0.3144737184047699	0.1277305632829666	0.3934367299079895	0.3602106273174286	0.40742024779319763	-0.21999819576740265	0.4048561453819275	0.1293743997812271	0.35460054874420166	-0.2880554795265198	0.22137463092803955	0.17105092108249664	0.2463436722755432	-0.36420032382011414	0.630736768245697	0.07226356863975525	-0.25553393363952637	-0.46842676401138306	-0.0205585565418005	-0.5647916197776794	-0.2796381413936615	0.0768025815486908	0.10148439556360245
DMN_LABEL_16	0.7981708645820618	-0.3109743893146515	-0.299763947725296	0.22565288841724396	0.308758944272995	-0.034326955676078796	0.1905357539653778	n/a	0.4966827929019928	-0.04389301314949989	-0.44515612721443176	-0.4300132989883423	-0.34740468859672546	0.03605978935956955	-0.624927818775177	1.0	-0.6182072162628174	0.8772615790367126	0.3482711911201477	-0.16027742624282837	-0.4057067334651947	-0.41311195492744446	-0.5665703415870667	0.47124725580215454	-0.1685027778148651	0.5886355042457581	0.5268977880477905	0.8675428628921509	-0.3449523150920868	-0.1404443383216858	0.17521071434020996	0.19955842196941376	-0.011952996253967285	0.07780147343873978	n/a	-0.2220427393913269	-0.3034941256046295	-0.5907201766967773	-0.13881051540374756	0.08608222007751465	-0.4889412224292755	-0.5889506936073303	0.33740004897117615	-0.43786323070526123	-0.08858747780323029	-0.031825944781303406	-0.6512088775634766	0.45748433470726013	-0.11238246411085129	0.7637169361114502	0.2508077919483185	0.4244580864906311	0.439540296792984	0.34177568554878235	0.4854821562767029	0.2812207341194153	0.22023074328899384	0.06257272511720657	0.1576685756444931	-0.37908947467803955	-0.2749815285205841	-0.27435946464538574	0.6005858182907104	0.07696371525526047	-0.23140020668506622	-0.41101425886154175	0.003623572876676917	0.0568983219563961	0.1965416520833969	0.024268634617328644	0.5070949196815491	-0.3921215236186981	-0.09092609584331512	-0.03989960998296738	0.48725852370262146	0.20100358128547668	0.3144022524356842	0.0039979503490030766	0.02736891619861126	-0.4206976592540741
CO_LABEL_17	-0.49070507287979126	0.343971848487854	0.07256648689508438	-0.13186326622962952	-0.578444242477417	-0.18320144712924957	0.04944087564945221	n/a	-0.40517446398735046	0.09318427741527557	0.40313243865966797	0.43019673228263855	0.3257227838039398	-0.16421154141426086	0.6881483197212219	-0.6182072162628174	1.0	-0.6774973273277283	-0.12479905039072037	0.1598152220249176	0.3638034462928772	0.4628523290157318	0.5639934539794922	-0.43349817395210266	0.2583329677581787	-0.2872817814350128	-0.5721626877784729	-0.5640365481376648	0.4840475916862488	-0.18538029491901398	-0.09330516308546066	-0.5750252604484558	-0.10718245059251785	-0.03812089562416077	n/a	0.33332279324531555	0.00257427291944623	0.6483110785484314	0.008486856706440449	-0.17426134645938873	0.6191368103027344	0.7077884078025818	-0.16704216599464417	0.4502730667591095	0.25981950759887695	-0.1564169079065323	0.66523277759552	-0.36964675784111023	0.3472588062286377	-0.48209288716316223	-0.3569745421409607	-0.39661404490470886	-0.5796079039573669	-0.09073448181152344	-0.3402867019176483	-0.43252620100975037	-0.49745234847068787	0.17164765298366547	0.016350042074918747	0.5000788569450378	0.6165441274642944	0.14130522310733795	-0.4429137706756592	-0.017121486365795135	0.04412219300866127	0.3809795081615448	-0.17547601461410522	0.3551257848739624	0.0882633626461029	-0.001669664983637631	-0.6194661259651184	0.22999054193496704	0.39190909266471863	0.15297764539718628	-0.5521142482757568	0.019892122596502304	-0.38933736085891724	0.0525960773229599	-0.06674610823392868	0.37149688601493835
DMN_LABEL_18	0.7237192392349243	-0.27241238951683044	-0.2740105986595154	0.0924907699227333	0.4281774163246155	-0.0184802059084177	0.034529414027929306	n/a	0.42736682295799255	-0.09469079226255417	-0.6572945713996887	-0.5501211285591125	-0.28040802478790283	0.02480337768793106	-0.6241836547851562	0.8772615790367126	-0.6774973273277283	1.0	0.29648637771606445	-0.25172099471092224	-0.506544291973114	-0.4854653477668762	-0.6467660069465637	0.3515843152999878	-0.26542559266090393	0.5330522656440735	0.537433922290802	0.7754875421524048	-0.33549490571022034	-0.058357663452625275	0.04082835093140602	0.3519206941127777	-0.03625291585922241	-0.008099786937236786	n/a	-0.31131884455680847	-0.28349924087524414	-0.48275676369667053	-0.03571561723947525	0.036251552402973175	-0.4563411474227905	-0.5510268807411194	0.2816064655780792	-0.6106762290000916	-0.2905111610889435	-0.16868236660957336	-0.7111108899116516	0.3747597634792328	-0.2704397737979889	0.6875286102294922	0.24125641584396362	0.3563213050365448	0.4753384590148926	0.3201485872268677	0.4380573034286499	0.240728497505188	0.23255391418933868	-0.11908847093582153	0.09970863163471222	-0.43060919642448425	-0.28071877360343933	-0.22727477550506592	0.6324376463890076	0.023017292842268944	-0.13603490591049194	-0.26868006587028503	-0.027663279324769974	-0.01132869627326727	0.04985107108950615	-0.06789297610521317	0.6005359292030334	-0.34811511635780334	-0.06577115505933762	-0.14079366624355316	0.34877172112464905	0.12334097176790237	0.25269821286201477	-0.007508318405598402	-0.05584338307380676	-0.3541901707649231
VAN_LABEL_19	0.12713471055030823	-0.277495801448822	-0.12384551018476486	-0.2441530078649521	-0.21605172753334045	-0.5292503237724304	-0.03825685754418373	n/a	-0.02920163795351982	-0.060999203473329544	-0.18464405834674835	-0.23931555449962616	-0.10234354436397552	-0.12569157779216766	-0.08454758673906326	0.3482711911201477	-0.12479905039072037	0.29648637771606445	1.0	-0.5204208493232727	-0.09164164215326309	0.2549951672554016	-0.046775516122579575	-0.11517404764890671	0.011239610612392426	-0.05475974455475807	-0.19833210110664368	0.6386130452156067	-0.22478152811527252	-0.12062462419271469	0.09011426568031311	-0.00293521280400455	-0.5466156005859375	0.15366815030574799	n/a	0.0028015952557325363	-0.1929536610841751	-0.32953694462776184	0.07133883237838745	-0.049951087683439255	-0.023264357820153236	-0.29669880867004395	0.6985979080200195	-0.0648278221487999	0.030575966462492943	-0.023249924182891846	-0.03758559376001358	-0.18132632970809937	0.14192381501197815	0.5510612726211548	0.14406809210777283	-0.06995061039924622	-0.025260094553232193	0.04277162253856659	0.1815015971660614	0.013584746047854424	-0.05855430290102959	0.12697337567806244	-0.06644406914710999	-0.1067422553896904	-0.0019307734910398722	-0.30988192558288574	0.39565515518188477	0.24475890398025513	-0.4075874984264374	-0.23658889532089233	-0.10175855457782745	0.28363484144210815	-0.36113059520721436	-0.06976348161697388	-0.006249835714697838	-0.043295007199048996	0.07929515093564987	-0.11004175245761871	-0.22607073187828064	-0.0006022971356287599	-0.07327195256948471	-0.28896811604499817	0.029499122872948647	-0.33437207341194153
CO_LABEL_20	-0.03938642144203186	0.30677133798599243	0.061743900179862976	0.688493013381958	-0.09430307149887085	0.5378153324127197	0.12735632061958313	n/a	0.08108191937208176	0.3899306058883667	0.31401360034942627	0.15480346977710724	-0.1676747351884842	0.17863152921199799	-0.12492146342992783	-0.16027742624282837	0.1598152220249176	-0.25172099471092224	-0.5204208493232727	1.0	0.4253803491592407	-0.13340827822685242	-0.09927260875701904	-0.0002825912379194051	-0.04576689749956131	0.11040348559617996	0.0994434654712677	-0.3910152316093445	0.32947176694869995	0.052943456918001175	0.4934745728969574	-0.1421031653881073	0.48769497871398926	-0.18553152680397034	n/a	0.1454315334558487	0.19176684319972992	-0.06499086320400238	-0.14605142176151276	0.19200080633163452	-0.24543870985507965	0.32960960268974304	-0.45627298951148987	0.3990005552768707	0.37168359756469727	-0.021857259795069695	-0.11295642703771591	0.10317637026309967	0.10380620509386063	-0.4047136604785919	0.21625544130802155	0.2407141625881195	-0.21352951228618622	0.11332128942012787	-0.08206897228956223	-0.10785452276468277	-0.20193903148174286	0.21780632436275482	0.19508743286132812	0.2177218198776245	-0.22679023444652557	0.24822838604450226	-0.5350075364112854	-0.39197805523872375	0.2205296903848648	0.020025545731186867	0.11473376303911209	0.009278279729187489	0.29023656249046326	0.034103479236364365	-0.3616737723350525	-0.1747751086950302	0.12391716986894608	0.16405637562274933	0.28263992071151733	0.390647828578949	0.14545565843582153	0.37304404377937317	-0.07138697057962418	0.4593760669231415
CO_LABEL_21	-0.3603770136833191	0.5903703570365906	-0.06742051243782043	0.2674441337585449	-0.3302725851535797	0.09570618718862534	0.3801659047603607	n/a	0.017880775034427643	0.5440959930419922	0.5409784913063049	0.08927485346794128	0.02197590097784996	0.253875732421875	0.014640304259955883	-0.4057067334651947	0.3638034462928772	-0.506544291973114	-0.09164164215326309	0.4253803491592407	1.0	0.4141456186771393	0.011244695633649826	-0.20922736823558807	-0.07293505221605301	-0.3867183029651642	-0.3414042592048645	-0.4627721309661865	0.6180641055107117	-0.08910828828811646	0.1355687826871872	-0.035270534455776215	0.0157480388879776	0.32640111446380615	n/a	0.5326538681983948	0.014695074409246445	0.012140661478042603	0.03209390118718147	0.2650465667247772	-0.08949486166238785	0.37149909138679504	-0.32742729783058167	0.26984164118766785	0.6441908478736877	-0.06680239737033844	0.12079782038927078	-0.20139040052890778	-0.08084645867347717	-0.45909765362739563	-0.15592341125011444	-0.15011051297187805	-0.3764156997203827	0.04962003231048584	-0.39226388931274414	0.024341316893696785	-0.39912351965904236	0.03393054008483887	-0.23111021518707275	0.30572861433029175	0.15535371005535126	-0.049086056649684906	-0.4208053946495056	-0.2033003270626068	0.03842639923095703	0.021798135712742805	0.1571635901927948	0.1572617143392563	-0.08385971933603287	-0.07942789047956467	-0.4993264377117157	-0.02847430482506752	0.2116534560918808	0.4648645520210266	-0.04654891788959503	0.28736966848373413	0.1619604080915451	0.324699729681015	0.06712799519300461	0.5194766521453857
Sal_LABEL_22	-0.35110512375831604	0.2433641105890274	-0.06005960702896118	-0.16594405472278595	-0.4372214078903198	-0.2764306366443634	0.022855697199702263	n/a	-0.3027366101741791	0.14976860582828522	0.29708391427993774	-0.036861635744571686	0.22467944025993347	0.21040144562721252	0.26795464754104614	-0.41311195492744446	0.4628523290157318	-0.4854653477668762	0.2549951672554016	-0.13340827822685242	0.4141456186771393	1.0	0.39172521233558655	-0.30739352107048035	0.01634673774242401	-0.19388151168823242	-0.39300301671028137	-0.27991360425949097	0.341046541929245	-0.14032386243343353	-0.021678010001778603	-0.17884360253810883	-0.16703400015830994	0.004101665690541267	n/a	0.29279935359954834	0.10221739113330841	0.026478519663214684	-0.08427239954471588	0.2776750326156616	0.14593549072742462	0.1788991540670395	0.0449271984398365	0.2373490184545517	0.17387798428535461	0.03458546847105026	0.4464212656021118	-0.4252995252609253	0.03038080409169197	-0.3248409032821655	-0.17269714176654816	-0.09320995211601257	-0.38891148567199707	-0.2975052297115326	-0.2601451575756073	-0.0860564336180687	-0.36931154131889343	0.13618969917297363	-0.2609219253063202	0.03553898632526398	0.42036309838294983	-0.13587306439876556	-0.3494390845298767	-0.0440339669585228	-0.3281971514225006	-0.11423173546791077	-0.14695054292678833	-0.07969480007886887	-0.3008367121219635	0.04145491495728493	-0.4670635461807251	0.0390932634472847	0.028385795652866364	0.3914748430252075	-0.4696560502052307	-0.18168826401233673	-0.25664642453193665	0.015858469530940056	-0.1309121549129486	0.23581913113594055
DAN_LABEL_23	-0.472760945558548	-0.3221597373485565	0.5125728249549866	-0.3431706428527832	-0.42488178610801697	-0.0847027599811554	-0.1795758754014969	n/a	-0.2717694640159607	-0.4311947524547577	0.2997291386127472	0.41004765033721924	0.056157782673835754	-0.33035147190093994	0.7914267778396606	-0.5665703415870667	0.5639934539794922	-0.6467660069465637	-0.046775516122579575	-0.09927260875701904	0.011244695633649826	0.39172521233558655	1.0	-0.12112542986869812	0.27230334281921387	-0.3396780788898468	-0.24834376573562622	-0.4768955707550049	-0.12194322049617767	0.20207710564136505	-0.13922490179538727	-0.3682815432548523	-0.022062072530388832	0.028047554194927216	n/a	-0.1523037552833557	0.19961993396282196	0.389627605676651	-0.05561221018433571	-0.3374442756175995	0.6316582560539246	0.16724158823490143	-0.07844015955924988	0.5018919110298157	-0.2704368531703949	-0.016363151371479034	0.9451567530632019	-0.19002234935760498	0.28409114480018616	-0.38414260745048523	-0.1417982131242752	-0.32967960834503174	-0.5893732905387878	-0.12735049426555634	-0.2662443518638611	-0.2042318880558014	-0.12270930409431458	0.30223163962364197	-0.005959269590675831	0.2558036148548126	0.2831873297691345	0.35919812321662903	-0.23432697355747223	0.2946625053882599	0.047967229038476944	0.21763290464878082	-0.21203480660915375	0.06890236586332321	0.1039666160941124	0.2904316782951355	-0.16768920421600342	0.6721899509429932	0.04824914410710335	-0.1843946874141693	-0.37739235162734985	-0.09607947617769241	-0.6660664677619934	-0.15798327326774597	-0.21904423832893372	0.05812310799956322
PMN_LABEL_24	0.6263375878334045	-0.19523631036281586	-0.1103949174284935	0.27737295627593994	0.4303378760814667	0.38015419244766235	0.511906087398529	n/a	0.6247456073760986	-0.0853409618139267	-0.3010936975479126	-0.22170646488666534	-0.22681428492069244	-0.14118234813213348	-0.36384204030036926	0.47124725580215454	-0.43349817395210266	0.3515843152999878	-0.11517404764890671	-0.0002825912379194051	-0.20922736823558807	-0.30739352107048035	-0.12112542986869812	1.0	0.18390068411827087	0.3724786043167114	0.4004296660423279	0.30568361282348633	-0.18253204226493835	-0.0841444730758667	0.20386867225170135	0.47268423438072205	0.4144982099533081	0.30559632182121277	n/a	0.10352280735969543	-0.1612221598625183	-0.26626816391944885	0.40767917037010193	-0.13465264439582825	-0.2614109218120575	-0.27164819836616516	-0.14309994876384735	-0.2694764733314514	-0.05506327375769615	-0.17959825694561005	-0.20679140090942383	0.7920445799827576	0.016886860132217407	0.05849589407444	0.1260877549648285	0.4156709611415863	0.10881542414426804	0.4918944835662842	-0.09002959728240967	0.3833905756473541	0.25758787989616394	-0.10226871818304062	0.09651028364896774	0.026771482080221176	-0.31588679552078247	0.02813972905278206	0.2634436786174774	0.013805864378809929	0.11467152833938599	0.10802462697029114	0.013322165235877037	-0.028190912678837776	0.4577102065086365	0.031948719173669815	0.5202934145927429	0.1513330340385437	-0.12024619430303574	-0.10855203866958618	0.3973197937011719	0.2337065488100052	0.07434332370758057	-0.08943957090377808	-0.153528094291687	-0.4070127308368683
DAN_LABEL_25	-0.03823799639940262	-0.07839786261320114	-0.1336710900068283	-0.017353326082229614	-0.06395702064037323	-0.08906425535678864	0.03578990325331688	n/a	-0.0802900642156601	-0.2188890278339386	-0.20375992357730865	0.1590815931558609	0.3510081171989441	-0.40577611327171326	0.3703712522983551	-0.1685027778148651	0.2583329677581787	-0.26542559266090393	0.011239610612392426	-0.04576689749956131	-0.07293505221605301	0.01634673774242401	0.27230334281921387	0.18390068411827087	1.0	-0.038351383060216904	-0.5036529898643494	-0.023478152230381966	0.0315367691218853	-0.22504922747612	0.1695069819688797	-0.027261409908533096	0.03450741246342659	-0.02253326214849949	n/a	0.213457390666008	-0.13721095025539398	0.2561890780925751	0.43101125955581665	-0.3690553307533264	0.41368934512138367	0.3594444692134857	0.061745572835206985	0.22402743995189667	0.1066732108592987	0.23902831971645355	0.26514726877212524	0.01332910917699337	0.8504430055618286	-0.17571775615215302	-0.2611945867538452	-0.19336837530136108	-0.08262442797422409	0.0741221010684967	-0.4074181914329529	0.07777617126703262	0.07291135936975479	0.0562109611928463	0.08886106312274933	0.4688207805156708	0.2662709057331085	0.0061402758583426476	0.06290071457624435	0.13647329807281494	-0.12913815677165985	0.48748353123664856	-0.11682698875665665	0.4285968244075775	0.2811940014362335	-0.14236637949943542	-0.04754026234149933	0.3039015829563141	0.1779126524925232	-0.34182724356651306	-0.22555646300315857	0.08153851330280304	-0.3056311309337616	-0.39066293835639954	0.029086140915751457	-0.1088462769985199
