Node	DMN_LABEL_1	Vis_LABEL_2	FP_LABEL_3	Aud_LABEL_4	Tpole_LABEL_5	PMN_LABEL_6	PON_LABEL_7	MTL_LABEL_8	PON_LABEL_9	CO_LABEL_10	Sal_LABEL_11	CO_LABEL_12	SMd_LABEL_13	SMl_LABEL_14	DAN_LABEL_15	DMN_LABEL_16	CO_LABEL_17	DMN_LABEL_18	VAN_LABEL_19	CO_LABEL_20	CO_LABEL_21	Sal_LABEL_22	DAN_LABEL_23	PMN_LABEL_24	DAN_LABEL_25	DMN_LABEL_26	DMN_LABEL_27	DMN_LABEL_28	Vis_LABEL_29	FP_LABEL_30	Aud_LABEL_31	Tpole_LABEL_32	PMN_LABEL_33	PON_LABEL_34	MTL_LABEL_35	CO_LABEL_36	Sal_LABEL_37	CO_LABEL_38	SMd_LABEL_39	SMl_LABEL_40	DAN_LABEL_41	CO_LABEL_42	VAN_LABEL_43	CO_LABEL_44	CO_LABEL_45	Sal_LABEL_46	DAN_LABEL_47	PMN_LABEL_48	DAN_LABEL_49	DMN_LABEL_50	FP_LABEL_51	DMN_LABEL_52	DMN_LABEL_53	PON_LABEL_54	DMN_LABEL_55	Tpole_LABEL_56	Tpole_LABEL_57	Sal_LABEL_58	Sal_LABEL_59	SMd_LABEL_60	DAN_LABEL_61	FP_LABEL_62	DMN_LABEL_63	FP_LABEL_64	FP_LABEL_65	SMd_LABEL_66	SMl_LABEL_67	SMd_LABEL_68	DMN_LABEL_69	DAN_LABEL_70	DMN_LABEL_71	FP_LABEL_72	SMd_LABEL_73	SMl_LABEL_74	MTL_LABEL_75	MTL_LABEL_76	CO_LABEL_77	CO_LABEL_78	Vis_LABEL_79	Vis_LABEL_80
DMN_LABEL_1	1.0	-0.2666894197463989	-0.22338895499706268	0.13795572519302368	0.18356341123580933	0.42224839329719543	0.6407663822174072	n/a	0.3370489478111267	-0.4097035229206085	0.21953970193862915	-0.317145437002182	0.1872107833623886	0.20618973672389984	-0.17898689210414886	0.6541603803634644	-0.32066091895103455	0.4637677073478699	0.49239614605903625	-0.15048925578594208	-0.5498525500297546	-0.09567632526159286	-0.4708646833896637	0.1562696397304535	-0.08826088160276413	0.6002525091171265	0.662641704082489	0.3255077004432678	-0.1907208263874054	-0.6495212316513062	0.11987490952014923	0.29323023557662964	0.19297629594802856	0.40722769498825073	n/a	-0.04387550801038742	-0.14078356325626373	-0.3354766368865967	0.12116353958845139	0.21316882967948914	-0.1237216517329216	-0.21499846875667572	0.24716711044311523	0.08409002423286438	-0.41154158115386963	-0.37532079219818115	-0.16778145730495453	-0.02635789103806019	0.1371919810771942	-0.21555975079536438	-0.35696086287498474	0.6791988611221313	0.4829767048358917	0.15667980909347534	0.46790990233421326	0.04986017942428589	-0.03277178108692169	0.18369825184345245	-0.1390191912651062	-0.21751944720745087	-0.19229498505592346	-0.2703338861465454	-0.22687041759490967	-0.31287121772766113	-0.2524827718734741	0.10109957307577133	0.11165272444486618	-0.10870792716741562	0.38674214482307434	0.2531667947769165	0.4410463273525238	-0.0737251415848732	0.3256082236766815	-0.1526165008544922	0.2786644995212555	-0.03962503746151924	-0.47310131788253784	-0.3087994158267975	0.26056310534477234	0.1633618175983429
Vis_LABEL_2	-0.2666894197463989	1.0	-0.4507119655609131	0.03492501378059387	0.0733967199921608	-0.1825893074274063	-0.18234550952911377	n/a	0.15945200622081757	-0.1071736067533493	-0.33817625045776367	-0.22578029334545135	-0.2392033338546753	0.16006530821323395	-0.2667056918144226	-0.31301480531692505	-0.012693843804299831	-0.16674748063087463	-0.02290228381752968	-0.2245897501707077	-0.18808603286743164	-0.10848433524370193	0.22418680787086487	-0.20091307163238525	0.26573002338409424	-0.5145584344863892	-0.43895164132118225	-0.5845140218734741	0.8274381160736084	0.0410771407186985	0.14187568426132202	-0.05627723038196564	-0.09227345883846283	-0.09358148276805878	n/a	-0.08774203807115555	-0.23504285514354706	-0.10542658716440201	0.09970653802156448	0.2148282527923584	0.12787821888923645	-0.11412530392408371	0.23117102682590485	-0.2797979414463043	-0.13406512141227722	0.07925412058830261	0.2984549105167389	0.00046420894796028733	0.13302111625671387	-0.09823506325483322	0.41992244124412537	-0.20074157416820526	-0.10731878131628036	0.1445370465517044	-0.3237437307834625	-0.08231509476900101	0.17343194782733917	-0.10782256722450256	0.06511703878641129	0.036683473736047745	0.10672198981046677	0.11531201750040054	0.00604266207665205	-0.03384215012192726	0.08510081470012665	-0.04466336965560913	-0.06254038959741592	-0.15423284471035004	-0.06114015355706215	0.10390295833349228	-0.36614659428596497	-0.12635654211044312	-0.18131235241889954	-0.09515964984893799	-0.035881269723176956	0.07886769622564316	0.24400897324085236	0.23263074457645416	-0.12593060731887817	0.01836511678993702
FP_LABEL_3	-0.22338895499706268	-0.4507119655609131	1.0	-0.46224409341812134	-0.31438231468200684	0.27241960167884827	-0.25755423307418823	n/a	-0.37333524227142334	0.3075644373893738	0.45543941855430603	0.20245882868766785	-0.36050206422805786	-0.5565841197967529	0.35805949568748474	-0.06593061983585358	0.03977276012301445	0.098251573741436	-0.3580057621002197	0.39295443892478943	0.33603742718696594	0.2282274216413498	0.11843059957027435	0.3631337583065033	-0.2993789315223694	0.2737457752227783	0.17159047722816467	0.5155999064445496	-0.42576730251312256	0.5532444715499878	-0.4664701819419861	-0.41667988896369934	0.2102622389793396	-0.31999367475509644	n/a	0.06390148401260376	0.43285253643989563	-0.033972881734371185	-0.32492905855178833	-0.5929315686225891	-0.2768615782260895	0.007221481297165155	-0.5059360265731812	0.10591180622577667	0.16586410999298096	0.13010211288928986	-0.15787601470947266	0.2504631578922272	-0.3101930618286133	0.11054280400276184	-0.19835957884788513	-0.15660811960697174	-0.22406281530857086	-0.31100401282310486	0.06872405856847763	-0.34507936239242554	-0.07389965653419495	0.17434372007846832	0.14919769763946533	0.06223490461707115	-0.19686853885650635	0.09206003695726395	0.058013591915369034	0.2879657447338104	-0.06043100729584694	-0.08263219147920609	0.11613725125789642	-0.11528687924146652	-0.006757615599781275	-0.28076836466789246	0.18173454701900482	0.42094916105270386	-0.2618975043296814	-0.05186692252755165	0.06592094898223877	-0.258801132440567	-0.019717218354344368	-0.2834639847278595	-0.05249083414673805	0.03193315491080284
Aud_LABEL_4	0.13795572519302368	0.03492501378059387	-0.46224409341812134	1.0	0.13452981412410736	-0.21822607517242432	0.22092965245246887	n/a	0.06494147330522537	-0.04113829880952835	-0.45458030700683594	0.17860445380210876	0.5559567809104919	0.3982989192008972	-0.21940630674362183	-0.07249215990304947	0.478011816740036	-0.05862527713179588	0.3808460235595703	0.04193698614835739	-0.00714321481063962	-0.5237897038459778	-0.18198873102664948	-0.3708157241344452	0.0636192113161087	-0.02014055848121643	-0.09352214634418488	-0.32503268122673035	0.02317017875611782	-0.37594833970069885	0.8414663076400757	0.15600204467773438	-0.3666609823703766	0.1202661395072937	n/a	0.16463126242160797	-0.409481018781662	0.2916468679904938	0.43103694915771484	0.4285016357898712	0.21181625127792358	0.4699820578098297	0.32009661197662354	0.23081783950328827	0.13730557262897491	-0.3173237144947052	0.06765776127576828	-0.3650531768798828	0.14739558100700378	-0.3363192677497864	-0.13964535295963287	0.07466685026884079	0.15395474433898926	0.004411680158227682	-0.12492026388645172	0.4273078143596649	0.02506416104733944	-0.22691425681114197	-0.43821367621421814	-0.058076515793800354	0.1325894147157669	-0.06605729460716248	-0.01160715613514185	-0.3342938721179962	-0.1900773048400879	-0.14668554067611694	-0.25945451855659485	0.1929827332496643	-0.21366490423679352	0.18936702609062195	-0.19581615924835205	-0.10563384741544724	0.3951326906681061	-0.09187457710504532	-0.008430642075836658	0.23919923603534698	-0.06833846867084503	-0.07508885115385056	0.1016574427485466	-0.10632909089326859
Tpole_LABEL_5	0.18356341123580933	0.0733967199921608	-0.31438231468200684	0.13452981412410736	1.0	0.09566610306501389	0.09258706122636795	n/a	0.24998967349529266	-0.21037021279335022	0.08705131709575653	-0.23520907759666443	-0.0010299879359081388	0.2634080648422241	-0.18545976281166077	0.3539470136165619	-0.07572274655103683	0.39911866188049316	0.23563653230667114	0.11308925598859787	-0.08518418669700623	0.011084586381912231	-0.2784270644187927	-0.2737944424152374	0.14814376831054688	0.16571582853794098	0.2642519176006317	-0.04216274246573448	0.04427160322666168	-0.28671205043792725	0.16316352784633636	0.4057629704475403	-0.013081434182822704	0.03098428249359131	n/a	0.07440166175365448	-0.32332977652549744	-0.12582062184810638	0.012689794413745403	0.3914364278316498	0.19548889994621277	0.03676197677850723	0.060182925313711166	0.16085347533226013	-0.04892193153500557	-0.2481105476617813	0.1383342444896698	-0.2845156192779541	0.18742036819458008	-0.27338752150535583	-0.07836432009935379	0.21867971122264862	0.4491632878780365	0.15060438215732574	0.084788016974926	0.3194357752799988	0.31068193912506104	-0.18124178051948547	-0.28222233057022095	-0.13907316327095032	0.28189030289649963	-0.3405908942222595	-0.05793163552880287	-0.4086461663246155	-0.39985331892967224	-0.15968604385852814	-0.2149324119091034	-0.0614047572016716	0.14334893226623535	0.18745321035385132	0.22964704036712646	-0.6184404492378235	-0.07906575500965118	-0.1382577270269394	0.20938438177108765	0.026182133704423904	-0.2393842339515686	-0.0967496782541275	0.17755362391471863	0.1263895332813263
PMN_LABEL_6	0.42224839329719543	-0.1825893074274063	0.27241960167884827	-0.21822607517242432	0.09566610306501389	1.0	0.36431053280830383	n/a	0.1907050460577011	0.020082693547010422	0.38392239809036255	-0.25519269704818726	-0.32710060477256775	-0.3436393439769745	0.16209174692630768	0.14822952449321747	-0.2746751010417938	0.060643814504146576	-0.15170983970165253	-0.022362153977155685	-0.07314082980155945	0.06420388072729111	-0.24557740986347198	0.6725993156433105	0.007442901376634836	0.2748912572860718	0.3536306321620941	0.2840978801250458	-0.2598353624343872	0.009048922918736935	-0.1905922293663025	0.02782682329416275	0.8267884254455566	0.31810465455055237	n/a	-0.012304438278079033	0.3067106306552887	-0.2939470410346985	-0.13971026241779327	-0.2629680633544922	-0.20740677416324615	-0.20906713604927063	-0.060541752725839615	0.19611206650733948	-0.16534830629825592	-0.10280141979455948	-0.20472882688045502	0.5413097739219666	0.012396331876516342	-0.019929107278585434	-0.25081148743629456	0.19589923322200775	0.09768019616603851	0.11364345252513885	0.3038055896759033	-0.3028111755847931	0.26403966546058655	0.18688037991523743	0.296506404876709	0.017296966165304184	-0.23191770911216736	-0.17613384127616882	-0.19605407118797302	-0.06712831556797028	-0.1923309713602066	-0.03338741511106491	0.16713866591453552	-0.03789101541042328	0.41012439131736755	0.021619630977511406	0.34584975242614746	0.12902097404003143	-0.0831846371293068	-0.06241275370121002	0.3902584910392761	0.08049678057432175	-0.30733129382133484	-0.2865334451198578	0.1656406968832016	0.06849966198205948
PON_LABEL_7	0.6407663822174072	-0.18234550952911377	-0.25755423307418823	0.22092965245246887	0.09258706122636795	0.36431053280830383	1.0	n/a	0.6570173501968384	-0.35160350799560547	0.01639554090797901	-0.1879953294992447	0.27166393399238586	0.265438437461853	0.10249108076095581	0.3496188521385193	-0.01798512227833271	-0.004668956156820059	0.13626395165920258	-0.16071417927742004	-0.36458247900009155	-0.29348036646842957	-0.351662278175354	0.3123571276664734	-0.006480077281594276	0.29065489768981934	0.4049272835254669	0.1072515919804573	-0.1330394744873047	-0.5481987595558167	0.2575404942035675	0.31086796522140503	0.21735164523124695	0.8616247177124023	n/a	-0.03625064715743065	-0.12264668196439743	-0.05796763673424721	0.26672181487083435	0.2172781229019165	0.08646637946367264	-0.09339495003223419	0.11594154685735703	0.19958890974521637	-0.2110794335603714	-0.38931795954704285	-0.1956411600112915	0.13151289522647858	0.17282956838607788	-0.14457009732723236	-0.42285576462745667	0.4853149652481079	0.2742105722427368	0.3685922920703888	0.2680175304412842	0.10722842812538147	0.017534837126731873	-0.036217574030160904	0.07336502522230148	-0.131725013256073	-0.07742820680141449	-0.19722364842891693	-0.06683861464262009	-0.2597614526748657	-0.2153397798538208	0.15307174623012543	0.00821151863783598	-0.12932783365249634	0.18779616057872772	0.12826696038246155	0.18442267179489136	-0.1689978539943695	0.1421227753162384	0.04931371286511421	0.348595529794693	0.38061073422431946	-0.23117870092391968	-0.0509779267013073	0.27763938903808594	0.1776162087917328
MTL_LABEL_8	n/a	n/a	n/a	n/a	n/a	n/a	n/a	1.0	n/a	n/a	n/a	n/a	n/a	n/a	n/a	n/a	n/a	n/a	n/a	n/a	n/a	n/a	n/a	n/a	n/a	n/a	n/a	n/a	n/a	n/a	n/a	n/a	n/a	n/a	n/a	n/a	n/a	n/a	n/a	n/a	n/a	n/a	n/a	n/a	n/a	n/a	n/a	n/a	n/a	n/a	n/a	n/a	n/a	n/a	n/a	n/a	n/a	n/a	n/a	n/a	n/a	n/a	n/a	n/a	n/a	n/a	n/a	n/a	n/a	n/a	n/a	n/a	n/a	n/a	n/a	n/a	n/a	n/a	n/a	n/a
PON_LABEL_9	0.3370489478111267	0.15945200622081757	-0.37333524227142334	0.06494147330522537	0.24998967349529266	0.1907050460577011	0.6570173501968384	n/a	1.0	-0.4502964913845062	-0.02437439188361168	-0.33106285333633423	0.2425719052553177	0.29238349199295044	-0.09090285748243332	0.20400281250476837	-0.18528151512145996	0.019568366929888725	-0.03794754669070244	-0.4467567503452301	-0.3885730803012848	-0.2973717451095581	-0.21852511167526245	0.0675497055053711	0.090675950050354	0.017567560076713562	0.2258424013853073	0.06990774720907211	0.0724608451128006	-0.391728937625885	0.07215318828821182	0.20402635633945465	0.12200947850942612	0.6584984064102173	n/a	-0.0565158873796463	-0.20741650462150574	-0.08688218891620636	0.13745178282260895	0.25054168701171875	0.1131155788898468	-0.2835462689399719	-0.03506588563323021	-0.035552676767110825	-0.4228033125400543	-0.38419109582901	-0.09523341804742813	-0.035005781799554825	0.20099110901355743	-0.10664026439189911	-0.06755387037992477	0.26581281423568726	0.2869753837585449	0.6712214350700378	0.22323089838027954	0.11147578805685043	0.31873711943626404	-0.20011982321739197	0.03246064856648445	-0.19033168256282806	-0.03776826336979866	-0.005846364889293909	-0.026034163311123848	-0.14496494829654694	-0.2575511038303375	0.041317395865917206	-0.05448484793305397	-0.2327660620212555	0.08337906002998352	0.04300982877612114	0.09630527347326279	-0.336353600025177	0.026899471879005432	0.03395761176943779	0.2750513553619385	0.39317822456359863	-0.21055178344249725	0.04554038494825363	0.3014291822910309	0.15980158746242523
CO_LABEL_10	-0.4097035229206085	-0.1071736067533493	0.3075644373893738	-0.04113829880952835	-0.21037021279335022	0.020082693547010422	-0.35160350799560547	n/a	-0.4502964913845062	1.0	0.04092579334974289	0.6192500591278076	-0.39537322521209717	-0.44122517108917236	0.01871654950082302	-0.23534993827342987	0.3854178786277771	-0.32135340571403503	-0.2837354242801666	0.542725145816803	0.74918133020401	0.3196961581707001	0.11604396998882294	0.042604878544807434	-0.43495675921440125	-0.048166994005441666	-0.3229205906391144	0.01508830301463604	-0.0010093273594975471	0.3667449355125427	0.05519935116171837	-0.1372179090976715	0.15005043148994446	-0.2909627854824066	n/a	0.5125243067741394	0.4129267632961273	0.5688198804855347	-0.39424681663513184	-0.3754405975341797	-0.35800033807754517	0.4257812798023224	0.05801443010568619	0.3658214509487152	0.7505354285240173	0.5221864581108093	-0.12610258162021637	0.15607546269893646	-0.4182317554950714	0.21204449236392975	-0.163801372051239	-0.12472996115684509	-0.4147724211215973	-0.09957995265722275	-0.3406120836734772	-0.09294354170560837	0.048873480409383774	0.14602600038051605	0.36138805747032166	0.1706504225730896	-0.06477511674165726	-0.06552013009786606	-0.09665016084909439	0.019164152443408966	0.0955975279211998	-0.07595246285200119	0.20182670652866364	0.19991321861743927	0.12960997223854065	-0.03923216089606285	-0.22478944063186646	0.2491082400083542	-0.08882150799036026	0.13493704795837402	-0.23730690777301788	-0.15788805484771729	0.3224509060382843	0.18843647837638855	-0.025773910805583	0.004996344447135925
Sal_LABEL_11	0.21953970193862915	-0.33817625045776367	0.45543941855430603	-0.45458030700683594	0.08705131709575653	0.38392239809036255	0.01639554090797901	n/a	-0.02437439188361168	0.04092579334974289	1.0	-0.30484920740127563	-0.22030699253082275	-0.35081931948661804	0.059504177421331406	0.3600490391254425	-0.4269163906574249	0.3586280941963196	-0.019192541018128395	0.14423897862434387	-0.03910985216498375	0.5247209668159485	-0.3231259286403656	0.2851555347442627	-0.1397331804037094	0.5411121845245361	0.5475875735282898	0.6178232431411743	-0.40779924392700195	0.032637812197208405	-0.4933091998100281	-0.0843166783452034	0.32564643025398254	-0.13491016626358032	n/a	0.04803110286593437	0.5940143465995789	-0.23604147136211395	-0.21655762195587158	-0.3027399182319641	-0.2129419445991516	-0.31465646624565125	-0.3091675639152527	0.019518965855240822	-0.2216901332139969	0.24650603532791138	-0.27555662393569946	0.1489943116903305	-0.11142773926258087	-0.029307665303349495	-0.12679581344127655	0.04244643449783325	-0.08903885632753372	-0.05278013274073601	0.26016801595687866	-0.30820393562316895	0.037389036267995834	0.3060547709465027	0.25359514355659485	-0.010941180400550365	-0.2569355070590973	0.06777546554803848	-0.23014336824417114	0.2078857421875	-0.262639582157135	0.00950701255351305	0.23744310438632965	-0.04797123372554779	0.20369674265384674	-0.0877641886472702	0.3729529082775116	-0.14356914162635803	-0.12381867319345474	0.12843136489391327	0.33381420373916626	-0.1848902702331543	-0.23908035457134247	-0.2930789589881897	0.025302443653345108	0.083247609436512
CO_LABEL_12	-0.317145437002182	-0.22578029334545135	0.20245882868766785	0.17860445380210876	-0.23520907759666443	-0.25519269704818726	-0.1879953294992447	n/a	-0.33106285333633423	0.6192500591278076	-0.30484920740127563	1.0	0.009915209375321865	-0.05901796743273735	-0.06764067709445953	-0.20987200736999512	0.6329137086868286	-0.29151976108551025	-0.1696276217699051	0.4652719497680664	0.5553383231163025	-0.09597006440162659	0.16863925755023956	-0.19579483568668365	-0.44298848509788513	-0.07360297441482544	-0.24473035335540771	-0.07876160740852356	-0.09572961926460266	0.23233744502067566	0.25621145963668823	-0.0013557970523834229	-0.25022655725479126	-0.19228774309158325	n/a	0.4056861698627472	-0.01744794100522995	0.6536720991134644	-0.1096467673778534	-0.06117520108819008	-0.15978246927261353	0.6160193085670471	0.0034931087866425514	0.40482810139656067	0.6999197006225586	0.1552862823009491	0.04127836599946022	-0.11728635430335999	-0.3947049081325531	0.18946200609207153	-0.37679144740104675	-0.0777694508433342	-0.22773048281669617	-0.07335745543241501	-0.29568883776664734	0.3656329810619354	-0.17901206016540527	-0.0712481215596199	-0.02648616023361683	-0.038683366030454636	0.18929250538349152	-0.07674872130155563	0.22019062936306	-0.1272764354944229	0.06427774578332901	-0.09195807576179504	-0.00035218350240029395	0.09782861173152924	-0.05629638209939003	0.13868577778339386	-0.10748777538537979	0.3144199848175049	0.0901593267917633	0.044778816401958466	-0.3497590124607086	-0.11432035267353058	0.27282634377479553	0.16829602420330048	0.1741061955690384	0.005347341764718294
SMd_LABEL_13	0.1872107833623886	-0.2392033338546753	-0.36050206422805786	0.5559567809104919	-0.0010299879359081388	-0.32710060477256775	0.27166393399238586	n/a	0.2425719052553177	-0.39537322521209717	-0.22030699253082275	0.009915209375321865	1.0	0.4279402494430542	-0.11593858152627945	0.09535355120897293	0.17737020552158356	0.10687868297100067	0.30056944489479065	-0.16088323295116425	-0.24460619688034058	-0.30901390314102173	-0.10037588328123093	-0.2817501723766327	0.10378552228212357	0.14517167210578918	0.14888127148151398	-0.039808038622140884	-0.2840534448623657	-0.2914573848247528	0.3286071717739105	0.23155194520950317	-0.3617776930332184	0.2155158519744873	n/a	-0.23152482509613037	-0.19525820016860962	0.11085467040538788	0.4445301592350006	0.34330806136131287	0.17081725597381592	0.11736641079187393	0.14470481872558594	0.09595851600170135	-0.19381946325302124	-0.24764715135097504	-0.050807878375053406	-0.29182299971580505	-0.008557695895433426	-0.1402624547481537	-0.08374404907226562	0.1160854697227478	0.18862946331501007	0.1890154480934143	0.14917822182178497	0.42241406440734863	-0.16933245956897736	-0.25302737951278687	-0.4163958430290222	-0.14543217420578003	-0.030677836388349533	0.08750656992197037	-0.046908359974622726	-0.11202915757894516	-0.1871444582939148	0.06677580624818802	-0.1283765435218811	0.16559502482414246	-0.2691253423690796	-0.0039682346396148205	-0.007587287109345198	-0.19134730100631714	0.4754844605922699	-0.0003235932090319693	0.03466855734586716	0.28687065839767456	-0.32283028960227966	-0.20412321388721466	0.11389860510826111	-0.16639843583106995
SMl_LABEL_14	0.20618973672389984	0.16006530821323395	-0.5565841197967529	0.3982989192008972	0.2634080648422241	-0.3436393439769745	0.265438437461853	n/a	0.29238349199295044	-0.44122517108917236	-0.35081931948661804	-0.05901796743273735	0.4279402494430542	1.0	-0.33294814825057983	0.23791110515594482	0.08465027064085007	0.1434699445962906	0.20212022960186005	-0.18648743629455566	-0.2826538383960724	-0.3098098635673523	-0.2777292728424072	-0.35201090574264526	0.04269681125879288	-0.04111308604478836	-0.001594617497175932	-0.22440245747566223	0.06736064702272415	-0.49000629782676697	0.41946256160736084	0.21871161460876465	-0.40276575088500977	0.19382408261299133	n/a	-0.06091662496328354	-0.5962553024291992	0.025068551301956177	0.3969995975494385	0.9380253553390503	0.20996318757534027	0.05047475919127464	0.3060848116874695	-0.019121836870908737	-0.14936122298240662	-0.32576993107795715	0.07763839513063431	-0.3313726484775543	0.10455266386270523	0.02447756938636303	-0.07293308526277542	0.11344845592975616	0.38542574644088745	-0.005552075803279877	-0.02396077662706375	0.41816338896751404	0.054532792419195175	-0.3619021475315094	-0.43675222992897034	-0.03462057560682297	0.3157315254211426	0.032590121030807495	0.21071618795394897	-0.23590895533561707	0.07811851054430008	0.19420474767684937	0.02581537701189518	-0.11110927909612656	-0.11002650111913681	0.21690857410430908	0.09286602586507797	-0.30206605792045593	0.12063882499933243	0.18654346466064453	0.019380277022719383	0.17027701437473297	-0.13476964831352234	-0.05036081373691559	0.1492825597524643	0.03850460797548294
DAN_LABEL_15	-0.17898689210414886	-0.2667056918144226	0.35805949568748474	-0.21940630674362183	-0.18545976281166077	0.16209174692630768	0.10249108076095581	n/a	-0.09090285748243332	0.01871654950082302	0.059504177421331406	-0.06764067709445953	-0.11593858152627945	-0.33294814825057983	1.0	0.0038693584501743317	-0.0037747190799564123	-0.17367109656333923	-0.25033634901046753	0.06155919283628464	0.016143927350640297	0.11694298684597015	0.29704856872558594	0.4362080991268158	0.4339289665222168	0.008250867016613483	-0.06930384039878845	0.13483551144599915	-0.2435227632522583	0.15517981350421906	-0.2886766791343689	-0.02339351736009121	0.19207994639873505	0.13593782484531403	n/a	-0.09811297804117203	0.09429456293582916	-0.02069636806845665	0.07271859049797058	-0.37234070897102356	0.40125346183776855	-0.07664448767900467	-0.2277790606021881	0.08681715279817581	0.057515762746334076	0.051509253680706024	0.2008340060710907	0.27135077118873596	0.31986814737319946	0.06536546349525452	0.07218822091817856	-0.05586554482579231	-0.15653826296329498	-0.08928543329238892	-0.1879325658082962	-0.15273483097553253	-0.09028063714504242	-0.04671609029173851	0.21628671884536743	0.09897851943969727	-0.12267272919416428	-0.2788178622722626	-0.13577419519424438	-0.06622195988893509	-0.02995757758617401	-0.022706201300024986	-0.21204563975334167	-0.1759636402130127	-0.0833265408873558	-0.2714424729347229	-0.18043996393680573	0.13178715109825134	-0.22697001695632935	0.024952497333288193	-0.15883462131023407	-0.016589326784014702	0.2183694839477539	0.14239120483398438	-0.0273810513317585	-0.18177418410778046
DMN_LABEL_16	0.6541603803634644	-0.31301480531692505	-0.06593061983585358	-0.07249215990304947	0.3539470136165619	0.14822952449321747	0.3496188521385193	n/a	0.20400281250476837	-0.23534993827342987	0.3600490391254425	-0.20987200736999512	0.09535355120897293	0.23791110515594482	0.0038693584501743317	1.0	-0.3553670048713684	0.7093352675437927	0.26155346632003784	-0.001216844655573368	-0.42981719970703125	0.28384456038475037	-0.4939550757408142	0.05831608921289444	-0.1558239459991455	0.655769407749176	0.5721169710159302	0.533379316329956	-0.17451588809490204	-0.4318746328353882	-0.06265749782323837	0.366372287273407	0.07757872343063354	0.13199971616268158	n/a	0.027220923453569412	-0.15732741355895996	-0.21875905990600586	-0.1358383297920227	0.27010756731033325	-0.03573749214410782	-0.2193627953529358	0.10209003835916519	0.14329645037651062	-0.27647534012794495	-0.13422030210494995	-0.1093021109700203	-0.08703815191984177	0.17007704079151154	0.10107702016830444	-0.20279978215694427	0.7029989957809448	0.5316709876060486	0.17427802085876465	0.27228492498397827	0.02311348356306553	-0.05263587832450867	0.022686077281832695	-0.13890142738819122	-0.27492406964302063	-0.18079021573066711	-0.2964443862438202	-0.3823639750480652	-0.3069773316383362	-0.31139111518859863	0.026033615693449974	0.06675732135772705	-0.24450834095478058	0.24015142023563385	0.005387755110859871	0.25710806250572205	-0.31885212659835815	-0.011887033469974995	-0.016790784895420074	0.1158771887421608	-0.16658271849155426	-0.36488333344459534	-0.22903385758399963	0.40525925159454346	0.29459288716316223
CO_LABEL_17	-0.32066091895103455	-0.012693843804299831	0.03977276012301445	0.478011816740036	-0.07572274655103683	-0.2746751010417938	-0.01798512227833271	n/a	-0.18528151512145996	0.3854178786277771	-0.4269163906574249	0.6329137086868286	0.17737020552158356	0.08465027064085007	-0.0037747190799564123	-0.3553670048713684	1.0	-0.36755189299583435	-0.14281180500984192	0.4482060968875885	0.5205156803131104	-0.32732105255126953	0.142460435628891	-0.223513662815094	-0.1839296966791153	-0.17967498302459717	-0.34102559089660645	-0.39814063906669617	-0.03953826054930687	0.1973339170217514	0.543745219707489	0.02958301641047001	-0.23881395161151886	-0.056972820311784744	n/a	0.29034221172332764	-0.16962836682796478	0.654779851436615	0.18199193477630615	0.0769454687833786	0.049996428191661835	0.8532301783561707	0.05610381439328194	0.3873613774776459	0.7123979330062866	-0.022455425933003426	0.06689464300870895	-0.11053144931793213	-0.28923943638801575	-0.02336508221924305	-0.3164178729057312	-0.11543366312980652	-0.1792946606874466	-0.23702619969844818	-0.34324225783348083	0.4311451017856598	-0.021956712007522583	-0.2279372364282608	-0.10704214870929718	-0.01960403099656105	0.1259111762046814	-0.13168086111545563	0.2331647425889969	-0.20261327922344208	-0.026791783049702644	-0.10461579263210297	-0.07977154105901718	-0.020022543147206306	-0.11530338227748871	0.19695542752742767	-0.3322537839412689	0.18456508219242096	-0.06634648889303207	-0.04016668349504471	-0.15269015729427338	0.051355160772800446	0.3203030824661255	0.16458573937416077	-0.103883758187294	-0.2450445294380188
DMN_LABEL_18	0.4637677073478699	-0.16674748063087463	0.098251573741436	-0.05862527713179588	0.39911866188049316	0.060643814504146576	-0.004668956156820059	n/a	0.019568366929888725	-0.32135340571403503	0.3586280941963196	-0.29151976108551025	0.10687868297100067	0.1434699445962906	-0.17367109656333923	0.7093352675437927	-0.36755189299583435	1.0	0.3041830062866211	-0.010319082997739315	-0.365987628698349	0.12572382390499115	-0.34621986746788025	-0.2519558072090149	-0.09430934488773346	0.5976918339729309	0.6857186555862427	0.4723396897315979	-0.14834468066692352	-0.17273034155368805	-0.18587327003479004	0.039278000593185425	-0.1222127303481102	-0.2762500047683716	n/a	-0.10435750335454941	-0.15161778032779694	-0.40648195147514343	-0.1783875972032547	0.20160847902297974	-0.15946628153324127	-0.2665822207927704	-0.14327214658260345	-0.0795653834939003	-0.40323567390441895	-0.32545214891433716	-0.07977630943059921	-0.35959702730178833	0.11165310442447662	-0.24054329097270966	0.05490456521511078	0.3918744623661041	0.605298638343811	-0.088027723133564	0.41226622462272644	-0.031162559986114502	-0.03488221764564514	0.02219492942094803	-0.35471439361572266	-0.302825927734375	-0.2336546927690506	-0.08048088103532791	-0.3058917224407196	-0.11784626543521881	-0.4330974817276001	-0.13062602281570435	-0.03374389186501503	-0.22968526184558868	0.10639430582523346	-0.13188841938972473	0.3888387680053711	-0.20108768343925476	0.03261086717247963	-0.24892081320285797	0.24944676458835602	-0.21435925364494324	-0.5207988023757935	-0.5445466637611389	0.17441852390766144	0.1860479861497879
VAN_LABEL_19	0.49239614605903625	-0.02290228381752968	-0.3580057621002197	0.3808460235595703	0.23563653230667114	-0.15170983970165253	0.13626395165920258	n/a	-0.03794754669070244	-0.2837354242801666	-0.019192541018128395	-0.1696276217699051	0.30056944489479065	0.20212022960186005	-0.25033634901046753	0.26155346632003784	-0.14281180500984192	0.3041830062866211	1.0	-0.07709849625825882	-0.3396652936935425	-0.12494730204343796	-0.17627914249897003	-0.2962358295917511	0.12039756774902344	0.1092321053147316	0.15813054144382477	0.09088017791509628	0.10332857072353363	-0.5074443817138672	0.3213866651058197	0.10551819205284119	-0.3654998540878296	-0.018213514238595963	n/a	-0.0032481057569384575	-0.307698518037796	-0.11093080788850784	0.3269321620464325	0.2650918960571289	0.011196940205991268	0.029464324936270714	0.516855776309967	-0.016340181231498718	-0.2009759545326233	-0.11786847561597824	0.03981315717101097	-0.3795281946659088	0.14201046526432037	-0.3131421208381653	0.0047219498082995415	0.16609442234039307	0.17540372908115387	0.025758106261491776	0.04380383342504501	0.19981470704078674	-0.14706046879291534	0.2135695070028305	-0.2745300531387329	-0.15400223433971405	0.02693798393011093	-0.11720920354127884	-0.15503816306591034	-0.30099281668663025	-0.12311447411775589	0.01167919859290123	-0.18731877207756042	0.10017449408769608	0.03947132080793381	0.24836532771587372	0.010331896133720875	-0.2163214236497879	0.34338808059692383	-0.33257484436035156	-0.06188694387674332	-0.26020297408103943	-0.20111475884914398	-0.06697958707809448	0.049050237983465195	0.10278791189193726
CO_LABEL_20	-0.15048925578594208	-0.2245897501707077	0.39295443892478943	0.04193698614835739	0.11308925598859787	-0.022362153977155685	-0.16071417927742004	n/a	-0.4467567503452301	0.542725145816803	0.14423897862434387	0.4652719497680664	-0.16088323295116425	-0.18648743629455566	0.06155919283628464	-0.001216844655573368	0.4482060968875885	-0.010319082997739315	-0.07709849625825882	1.0	0.5521687269210815	0.33136221766471863	0.002082377439364791	-0.06570784002542496	-0.3231450617313385	0.25519806146621704	-0.005078361835330725	0.1116049587726593	-0.169296532869339	0.2156769037246704	0.07063179463148117	0.17184485495090485	-0.05858156830072403	-0.3031889498233795	n/a	0.1509854644536972	0.16936860978603363	0.2829090654850006	-0.26641249656677246	-0.16524603962898254	-0.3114283084869385	0.39168086647987366	-0.050407376140356064	0.47388142347335815	0.6417525410652161	0.2584041655063629	-0.1378585398197174	-0.028269296512007713	-0.4155675768852234	-0.028074277564883232	-0.4070095419883728	-0.003354932414367795	-0.21099379658699036	-0.2292681783437729	-0.25230997800827026	0.22586357593536377	-5.589469583355822e-05	0.09041448682546616	0.04125877842307091	0.05755458027124405	0.1225094199180603	-0.2501222789287567	-0.05311732739210129	-0.1303095668554306	-0.10669021308422089	-0.09959623217582703	0.18204990029335022	0.14946451783180237	0.1501380056142807	0.25526928901672363	0.06498241424560547	0.042544446885585785	0.025599390268325806	0.023223893716931343	-0.0928204357624054	-0.21018531918525696	0.09496596455574036	-0.09808988869190216	-0.07991145551204681	0.02123606763780117
CO_LABEL_21	-0.5498525500297546	-0.18808603286743164	0.33603742718696594	-0.00714321481063962	-0.08518418669700623	-0.07314082980155945	-0.36458247900009155	n/a	-0.3885730803012848	0.74918133020401	-0.03910985216498375	0.5553383231163025	-0.24460619688034058	-0.2826538383960724	0.016143927350640297	-0.42981719970703125	0.5205156803131104	-0.365987628698349	-0.3396652936935425	0.5521687269210815	1.0	0.21449440717697144	0.19386246800422668	-0.06592180579900742	-0.3472263813018799	-0.21567046642303467	-0.32651954889297485	-0.05728538706898689	-0.17495839297771454	0.40458258986473083	0.07671598345041275	-0.08913516253232956	0.026237601414322853	-0.30821681022644043	n/a	0.38911962509155273	0.3121269941329956	0.6163762211799622	-0.3411051332950592	-0.29343944787979126	-0.29927241802215576	0.5243286490440369	-0.059196196496486664	0.3408103585243225	0.8274206519126892	0.3304670453071594	-0.22053296864032745	0.056189894676208496	-0.3712499141693115	0.1782861202955246	-0.1244133710861206	-0.38012564182281494	-0.4815574586391449	-0.2564588785171509	-0.345140278339386	0.008795013651251793	0.199073925614357	0.17606906592845917	0.29624298214912415	0.1983233541250229	0.09868599474430084	0.06492112576961517	0.19471575319766998	0.1993442326784134	0.17475095391273499	-0.10857171565294266	0.15821650624275208	0.17810460925102234	-0.04668484255671501	0.01924568973481655	-0.11732596158981323	0.17714504897594452	-0.08285757899284363	0.16818071901798248	-0.2215844988822937	-0.10506067425012589	0.284894198179245	0.1739652454853058	-0.20100511610507965	-0.05530102178454399
Sal_LABEL_22	-0.09567632526159286	-0.10848433524370193	0.2282274216413498	-0.5237897038459778	0.011084586381912231	0.06420388072729111	-0.29348036646842957	n/a	-0.2973717451095581	0.3196961581707001	0.5247209668159485	-0.09597006440162659	-0.30901390314102173	-0.3098098635673523	0.11694298684597015	0.28384456038475037	-0.32732105255126953	0.12572382390499115	-0.12494730204343796	0.33136221766471863	0.21449440717697144	1.0	-0.02574319578707218	0.2731629014015198	-0.018003908917307854	0.18822652101516724	-0.044281862676143646	0.35510221123695374	-0.07406764477491379	0.25559520721435547	-0.431327760219574	0.14545293152332306	0.2865316569805145	-0.20699548721313477	n/a	0.021470915526151657	0.5665773749351501	-0.05187636986374855	-0.49137166142463684	-0.3056145906448364	-0.2873753309249878	-0.2575763761997223	0.07308743894100189	0.10335773974657059	0.1484217494726181	0.6888058185577393	-0.28236857056617737	0.32765993475914	-0.07450845837593079	0.4170377254486084	0.07695762813091278	0.0580049566924572	-0.30388790369033813	0.0031439277809113264	-0.1929643154144287	-0.25612112879753113	0.07249629497528076	0.3429546654224396	0.4145568013191223	0.10407178103923798	-0.03351478651165962	-0.16666699945926666	-0.4331255853176117	0.1347072869539261	0.15686847269535065	-0.12725700438022614	0.24615147709846497	0.08317296206951141	0.2884378731250763	-0.09743905067443848	-0.07417415082454681	-0.16958031058311462	-0.1706729680299759	0.22270439565181732	-0.045835115015506744	-0.23867468535900116	-0.022247936576604843	0.020797625184059143	0.0560428723692894	0.2359328418970108
DAN_LABEL_23	-0.4708646833896637	0.22418680787086487	0.11843059957027435	-0.18198873102664948	-0.2784270644187927	-0.24557740986347198	-0.351662278175354	n/a	-0.21852511167526245	0.11604396998882294	-0.3231259286403656	0.16863925755023956	-0.10037588328123093	-0.2777292728424072	0.29704856872558594	-0.4939550757408142	0.142460435628891	-0.34621986746788025	-0.17627914249897003	0.002082377439364791	0.19386246800422668	-0.02574319578707218	1.0	-0.055210672318935394	0.28392693400382996	-0.3896618187427521	-0.4189499616622925	-0.38109147548675537	0.21198637783527374	0.3736433684825897	-0.24742771685123444	-0.29220640659332275	-0.18939879536628723	-0.2162957489490509	n/a	-0.16980798542499542	0.05655537545681	0.13181623816490173	0.12164518982172012	-0.38637110590934753	0.2692739963531494	0.01827245205640793	-0.009259365499019623	-0.07542342692613602	0.1355820745229721	0.14822669327259064	0.6121953725814819	0.016930505633354187	-0.00446093175560236	-0.11734920740127563	0.1257414072751999	-0.3694687783718109	-0.3231055736541748	-0.11729323118925095	-0.33660873770713806	-0.09140028804540634	-0.17397522926330566	-0.030943240970373154	0.026700535789132118	0.1986912488937378	0.17176741361618042	0.059034157544374466	0.14986376464366913	0.07289285212755203	0.1679704636335373	0.014387059025466442	-0.09109729528427124	-0.014499454759061337	-0.1912137269973755	-0.09882549196481705	-0.2411908507347107	0.22679735720157623	0.036532457917928696	-0.08032915741205215	-0.33271750807762146	-0.11859238147735596	0.1562597155570984	0.26729562878608704	-0.2928217351436615	-0.1654079556465149
PMN_LABEL_24	0.1562696397304535	-0.20091307163238525	0.3631337583065033	-0.3708157241344452	-0.2737944424152374	0.6725993156433105	0.3123571276664734	n/a	0.0675497055053711	0.042604878544807434	0.2851555347442627	-0.19579483568668365	-0.2817501723766327	-0.35201090574264526	0.4362080991268158	0.05831608921289444	-0.223513662815094	-0.2519558072090149	-0.2962358295917511	-0.06570784002542496	-0.06592180579900742	0.2731629014015198	-0.055210672318935394	1.0	0.13388322293758392	0.07656279951334	-0.005361007526516914	0.2594470679759979	-0.18876811861991882	0.1990901529788971	-0.2904717028141022	-0.11937596648931503	0.790563702583313	0.4414235055446625	n/a	-0.11341236531734467	0.43194377422332764	-0.20013122260570526	-0.13378462195396423	-0.3514479100704193	-0.05076061934232712	-0.27831098437309265	0.032095570117235184	0.13206563889980316	-0.07114186882972717	0.21314574778079987	-0.18972370028495789	0.8802486062049866	0.09290238469839096	0.39812666177749634	-0.11512026190757751	0.10544118285179138	-0.22848474979400635	0.12450911104679108	0.005839231424033642	-0.37413451075553894	0.08766978234052658	0.14426976442337036	0.433100163936615	0.18331237137317657	-0.2784271836280823	-0.13684755563735962	-0.3179118037223816	0.1391807645559311	0.1039493978023529	-0.012556521221995354	0.13658879697322845	-0.040272243320941925	0.2171265333890915	-0.2384728640317917	-0.05091788247227669	0.1863923966884613	-0.2501308023929596	0.1377851665019989	0.23001152276992798	0.14876335859298706	-0.0497053861618042	0.01318017952144146	0.14350171387195587	0.08622150123119354
DAN_LABEL_25	-0.08826088160276413	0.26573002338409424	-0.2993789315223694	0.0636192113161087	0.14814376831054688	0.007442901376634836	-0.006480077281594276	n/a	0.090675950050354	-0.43495675921440125	-0.1397331804037094	-0.44298848509788513	0.10378552228212357	0.04269681125879288	0.4339289665222168	-0.1558239459991455	-0.1839296966791153	-0.09430934488773346	0.12039756774902344	-0.3231450617313385	-0.3472263813018799	-0.018003908917307854	0.28392693400382996	0.13388322293758392	1.0	-0.2711135149002075	-0.1794305145740509	-0.35595446825027466	0.11361303180456161	-0.026470407843589783	-0.08303496241569519	0.04503902420401573	0.022533513605594635	0.10361342877149582	n/a	-0.31832101941108704	-0.22654491662979126	-0.3058081269264221	0.33453676104545593	0.0844646543264389	0.5845039486885071	-0.26055198907852173	0.03514421358704567	-0.19397540390491486	-0.32739323377609253	-0.11216500401496887	0.38829636573791504	0.08455154299736023	0.6820054054260254	-0.1670246124267578	0.37981128692626953	-0.15701331198215485	-0.020225660875439644	-0.008602786809206009	-0.16458430886268616	0.05781400948762894	0.055959463119506836	-0.2357155680656433	-0.13537977635860443	0.07895999401807785	0.16621039807796478	-0.24184831976890564	-0.20397236943244934	-0.21287086606025696	-0.08679068833589554	-0.10513699799776077	-0.44869402050971985	-0.025457631796598434	-0.09517049789428711	-0.03665751591324806	-0.279583603143692	-0.3056412637233734	-0.061597082763910294	-0.05486688017845154	0.021985553205013275	0.14087532460689545	0.017024841159582138	0.1719946414232254	-0.16448307037353516	-0.19496184587478638
