Node	DMN_LABEL_1	Vis_LABEL_2	FP_LABEL_3	Aud_LABEL_4	Tpole_LABEL_5	PMN_LABEL_6	PON_LABEL_7	MTL_LABEL_8	PON_LABEL_9	CO_LABEL_10	Sal_LABEL_11	CO_LABEL_12	SMd_LABEL_13	SMl_LABEL_14	DAN_LABEL_15	DMN_LABEL_16	CO_LABEL_17	DMN_LABEL_18	VAN_LABEL_19	CO_LABEL_20	CO_LABEL_21	Sal_LABEL_22	DAN_LABEL_23	PMN_LABEL_24	DAN_LABEL_25	DMN_LABEL_26	DMN_LABEL_27	DMN_LABEL_28	Vis_LABEL_29	FP_LABEL_30	Aud_LABEL_31	Tpole_LABEL_32	PMN_LABEL_33	PON_LABEL_34	MTL_LABEL_35	CO_LABEL_36	Sal_LABEL_37	CO_LABEL_38	SMd_LABEL_39	SMl_LABEL_40	DAN_LABEL_41	CO_LABEL_42	VAN_LABEL_43	CO_LABEL_44	CO_LABEL_45	Sal_LABEL_46	DAN_LABEL_47	PMN_LABEL_48	DAN_LABEL_49	DMN_LABEL_50	FP_LABEL_51	DMN_LABEL_52	DMN_LABEL_53	PON_LABEL_54	DMN_LABEL_55	Tpole_LABEL_56	Tpole_LABEL_57	Sal_LABEL_58	Sal_LABEL_59	SMd_LABEL_60	DAN_LABEL_61	FP_LABEL_62	DMN_LABEL_63	FP_LABEL_64	FP_LABEL_65	SMd_LABEL_66	SMl_LABEL_67	SMd_LABEL_68	DMN_LABEL_69	DAN_LABEL_70	DMN_LABEL_71	FP_LABEL_72	SMd_LABEL_73	SMl_LABEL_74	MTL_LABEL_75	MTL_LABEL_76	CO_LABEL_77	CO_LABEL_78	Vis_LABEL_79	Vis_LABEL_80
DMN_LABEL_1	1.0	0.029211701825261116	-0.26933553814888	-0.49286752939224243	0.3382606506347656	0.6224931478500366	0.6513466835021973	n/a	0.35162726044654846	-0.41388046741485596	0.29070162773132324	-0.14025437831878662	-0.4827614426612854	-0.16426289081573486	-0.23678602278232574	0.7280721068382263	-0.07901431620121002	0.4814721345901489	-0.04556061327457428	-0.6642677187919617	-0.5770023465156555	-0.11179371923208237	-0.6427227258682251	0.615269660949707	-0.5603953003883362	0.5648989081382751	0.798307478427887	0.6235554814338684	0.05864502489566803	-0.5180919170379639	-0.24245043098926544	0.1707550287246704	0.6745963096618652	0.5938689112663269	n/a	-0.21206142008304596	0.2807077169418335	-0.5473906993865967	-0.28315266966819763	-0.10771199315786362	-0.4393639862537384	-0.060636118054389954	-0.08703754842281342	-0.32056134939193726	-0.505092203617096	-0.24182182550430298	-0.6405525207519531	0.53843754529953	-0.5917062759399414	0.34346523880958557	-0.32868725061416626	0.5778954029083252	0.5715922117233276	0.3058144450187683	0.8083102107048035	-0.1950407773256302	0.011166694574058056	-0.12991249561309814	-0.13464678823947906	0.08204063773155212	-0.2851882874965668	-0.08879057317972183	0.1827135682106018	-0.0702265202999115	-0.30007389187812805	-0.0909314826130867	-0.45920366048812866	-0.5213276147842407	0.5600903630256653	-0.3041563332080841	0.5701530575752258	0.5320281982421875	-0.3421550691127777	-0.4379827678203583	0.37426257133483887	-0.012636155821383	-0.30613628029823303	-0.48338422179222107	0.03576990216970444	-0.1492263227701187
Vis_LABEL_2	0.029211701825261116	1.0	-0.41134729981422424	0.011705193668603897	-0.20173926651477814	0.09905125200748444	0.12641556560993195	n/a	0.03916661813855171	-0.18191620707511902	-0.34032824635505676	-0.3976140320301056	-0.3156382739543915	-0.09280429035425186	0.05060746148228645	-0.26291677355766296	-0.29109498858451843	-0.37444883584976196	-0.17904719710350037	-0.04721600562334061	-0.1507934033870697	-0.23736239969730377	-0.01716829463839531	-0.0102617759257555	0.0038697144482284784	-0.18518215417861938	-0.14901719987392426	-0.28215935826301575	0.8746020793914795	0.18024533987045288	-0.09876420348882675	-0.21228457987308502	0.2336921989917755	0.3039003014564514	n/a	0.03532683104276657	-0.021043945103883743	0.10035878419876099	-0.21489746868610382	-0.04128473252058029	-0.10104236006736755	-0.21126899123191833	-0.05157497897744179	0.09248410910367966	-0.08010987937450409	-0.20276759564876556	-0.025484109297394753	0.13099367916584015	-0.01727718487381935	-0.41621455550193787	0.18350960314273834	-0.20693016052246094	-0.2355719357728958	0.41349881887435913	-0.13274237513542175	0.48238781094551086	0.24097567796707153	0.24292394518852234	-0.21074940264225006	-0.5394860506057739	-0.0014880984090268612	-0.11986959725618362	0.27692049741744995	-0.32455918192863464	0.44200316071510315	-0.5190010070800781	-0.24961555004119873	-0.3735833168029785	-0.40840059518814087	-0.15474563837051392	-0.07601827383041382	0.04509489983320236	-0.7305701375007629	-0.04154972732067108	-0.33961421251296997	-0.09385617822408676	0.07721555233001709	0.1430911123752594	0.0669986829161644	0.4121098518371582
FP_LABEL_3	-0.26933553814888	-0.41134729981422424	1.0	-0.1942003220319748	-0.3087153136730194	-0.1244630217552185	-0.11081795394420624	n/a	0.2540125548839569	-0.15896089375019073	0.1729254573583603	0.08467010408639908	0.2977481782436371	0.09271302074193954	0.0015002083964645863	0.09884639829397202	-0.27606305480003357	0.07401096075773239	0.13919807970523834	0.05000071972608566	-0.058238331228494644	0.18349654972553253	0.1621074378490448	0.03709663450717926	-0.08428308367729187	-0.21963971853256226	0.018701011314988136	0.2944731116294861	-0.36454883217811584	0.21769991517066956	-0.3426433205604553	-0.23286408185958862	-0.2076147049665451	-0.22824624180793762	n/a	-0.33484572172164917	-0.2738192081451416	-0.2112775444984436	-0.08543520420789719	0.16485513746738434	-0.021664103493094444	-0.3320519030094147	0.13099367916584015	-0.016126571223139763	-0.16723397374153137	0.0762006938457489	0.00870908796787262	-0.12677498161792755	0.07351449131965637	0.5550800561904907	-0.14449243247509003	-0.09533413499593735	0.029746390879154205	-0.15407846868038177	-0.14561253786087036	-0.11953247338533401	0.030563320964574814	-0.35424935817718506	0.09055330604314804	0.3829261362552643	-0.19191285967826843	0.3493766486644745	-0.0658186748623848	0.23651540279388428	0.012198950164020061	0.1552717387676239	0.2166466861963272	0.2358011156320572	0.2936723232269287	-0.23137463629245758	-0.08650615811347961	-0.13104096055030823	0.32987648248672485	0.12361011654138565	0.05924922227859497	-0.3643706142902374	-0.42830315232276917	-0.1500280350446701	0.2173067182302475	0.15222296118736267
Aud_LABEL_4	-0.49286752939224243	0.011705193668603897	-0.1942003220319748	1.0	-0.2506243586540222	-0.4436326026916504	-0.5780407786369324	n/a	-0.5530287623405457	0.16848810017108917	-0.4582523703575134	-0.03190378099679947	0.22231268882751465	0.4558258354663849	-0.23018217086791992	-0.4018143117427826	0.22486725449562073	-0.04291249439120293	-0.055616218596696854	0.33159205317497253	0.39462652802467346	-0.30737191438674927	0.16220347583293915	-0.5175025463104248	0.20291651785373688	-0.12238162010908127	-0.49032291769981384	-0.5165452361106873	-0.09274271875619888	0.21156826615333557	0.7780067324638367	-0.21854069828987122	-0.4256245493888855	-0.5218712687492371	n/a	0.5613241195678711	-0.33130115270614624	0.40864965319633484	0.05653895437717438	0.32284048199653625	0.006969102192670107	0.3678404688835144	-0.020295994356274605	0.12487872689962387	0.46953126788139343	-0.01178651675581932	0.15825387835502625	-0.41757693886756897	0.07438134402036667	-0.27249452471733093	0.3626519441604614	-0.21256710588932037	-0.21502408385276794	-0.4107680916786194	-0.23907031118869781	0.0019804176408797503	0.07058893889188766	0.11812416464090347	0.09998902678489685	0.06711481511592865	-0.0031147697009146214	0.36181795597076416	0.007995602674782276	0.00936879776418209	0.35932981967926025	0.08131325244903564	0.10146202147006989	0.15747050940990448	-0.6367796659469604	0.20352448523044586	-0.4281928837299347	-0.057459507137537	0.25663459300994873	0.39785775542259216	-0.46608152985572815	0.025067415088415146	0.4931820034980774	0.3744850754737854	-0.39274102449417114	-0.049648575484752655
Tpole_LABEL_5	0.3382606506347656	-0.20173926651477814	-0.3087153136730194	-0.2506243586540222	1.0	0.15239261090755463	0.358516663312912	n/a	0.19926440715789795	0.10017558932304382	0.2474367618560791	0.23131191730499268	-0.09250269830226898	-0.09014642983675003	0.11850417405366898	0.25873979926109314	0.10427096486091614	0.24636955559253693	0.08273559808731079	-0.050499215722084045	-0.06347288936376572	0.028624380007386208	-0.19032633304595947	0.12249598652124405	-0.1503932923078537	0.32825133204460144	0.4049369990825653	0.12195996940135956	-0.14918139576911926	-0.3330218493938446	0.12754453718662262	0.535370945930481	0.08357945829629898	0.3698391616344452	n/a	0.030781788751482964	0.3214477598667145	-0.038054030388593674	0.04452722892165184	-0.1763860434293747	-0.055736955255270004	0.07669788599014282	-0.033355023711919785	-0.19444571435451508	-0.10094141960144043	-0.10173039883375168	-0.24865569174289703	0.16270029544830322	-0.17065078020095825	-0.07026632875204086	-0.028487257659435272	0.3726177513599396	0.18792089819908142	0.11102919280529022	0.24915450811386108	0.04097506403923035	-0.06968232989311218	-0.06576146930456161	-0.0742688849568367	0.17649872601032257	0.3100723922252655	-0.26909828186035156	-0.26618894934654236	-0.14685605466365814	-0.3376064598560333	0.015201529487967491	-0.14673009514808655	-0.03877033665776253	0.39946648478507996	0.3671843409538269	0.3015053868293762	-0.11648886650800705	-0.0551249161362648	-0.147563636302948	0.4116342067718506	0.5207782983779907	-0.21942955255508423	-0.2042396068572998	-0.1437782645225525	-0.11048071831464767
PMN_LABEL_6	0.6224931478500366	0.09905125200748444	-0.1244630217552185	-0.4436326026916504	0.15239261090755463	1.0	0.7900422811508179	n/a	0.2766299545764923	0.0587291456758976	0.48309388756752014	-0.010145856998860836	-0.6306100487709045	-0.11914479732513428	0.06702463328838348	0.32069870829582214	0.042212676256895065	-0.023870794102549553	-0.051006827503442764	-0.2271157056093216	-0.2533235251903534	0.20342998206615448	-0.37405136227607727	0.8936748504638672	-0.15647801756858826	0.35205698013305664	0.4134863317012787	0.1779228299856186	-0.038388628512620926	-0.23103217780590057	-0.19897478818893433	0.1671425849199295	0.9217536449432373	0.6834369897842407	n/a	0.02720319665968418	0.6813744306564331	-0.3279462456703186	-0.43988490104675293	-0.15442128479480743	-0.27161529660224915	-0.04040224477648735	-0.028184887021780014	-0.20717908442020416	-0.2405075579881668	0.0747264176607132	-0.3832077085971832	0.8235465288162231	-0.2490539252758026	-0.006280223373323679	-0.2270566076040268	0.2804647982120514	0.14462079107761383	0.14581939578056335	0.3662809729576111	-0.10402780771255493	-0.2167094498872757	0.025777149945497513	-0.09279102832078934	0.10856131464242935	0.008130121976137161	-0.3629086911678314	-0.0447053462266922	-0.10275303572416306	-0.2879408895969391	-0.1974542886018753	-0.6255745887756348	-0.4195534586906433	0.45910459756851196	-0.435975581407547	0.19633670151233673	0.25323083996772766	-0.29782527685165405	-0.3910069167613983	0.37637001276016235	-0.024725977331399918	-0.1558215618133545	-0.41999536752700806	0.2674446105957031	-0.07498420774936676
PON_LABEL_7	0.6513466835021973	0.12641556560993195	-0.11081795394420624	-0.5780407786369324	0.358516663312912	0.7900422811508179	1.0	n/a	0.6803749799728394	-0.004205791745334864	0.5528915524482727	0.008219396695494652	-0.5115429162979126	-0.3175593912601471	-0.05370980501174927	0.48432064056396484	0.07753796875476837	0.1485230177640915	0.06174914166331291	-0.27759256958961487	-0.4298608899116516	0.1049981340765953	-0.5448964834213257	0.7664608359336853	-0.29426810145378113	0.37069737911224365	0.5377002954483032	0.33747398853302	0.07699669897556305	-0.3802565634250641	-0.3954988420009613	0.3370755910873413	0.7320681214332581	0.909928560256958	n/a	-0.21872512996196747	0.6390160322189331	-0.41409558057785034	-0.3815867602825165	-0.27892476320266724	-0.3228505849838257	-0.009332963265478611	-0.031956594437360764	-0.3068336844444275	-0.43235093355178833	-0.020138155668973923	-0.46830686926841736	0.6851521730422974	-0.3196854889392853	0.1557178795337677	-0.37028706073760986	0.3146741986274719	0.27773746848106384	0.37665146589279175	0.4633435904979706	-0.014991242438554764	-0.049486905336380005	0.01170346885919571	-0.18509763479232788	0.15935194492340088	-0.0862671285867691	-0.22237741947174072	0.022728655487298965	-0.14726591110229492	-0.430778443813324	-0.037985846400260925	-0.4347606897354126	-0.4186111390590668	0.5149226188659668	-0.3668312430381775	0.48499494791030884	0.23009362816810608	-0.3152555227279663	-0.5468622446060181	0.5688234567642212	0.14391936361789703	-0.23726914823055267	-0.3293441832065582	0.09575548768043518	-0.044669244438409805
MTL_LABEL_8	n/a	n/a	n/a	n/a	n/a	n/a	n/a	1.0	n/a	n/a	n/a	n/a	n/a	n/a	n/a	n/a	n/a	n/a	n/a	n/a	n/a	n/a	n/a	n/a	n/a	n/a	n/a	n/a	n/a	n/a	n/a	n/a	n/a	n/a	n/a	n/a	n/a	n/a	n/a	n/a	n/a	n/a	n/a	n/a	n/a	n/a	n/a	n/a	n/a	n/a	n/a	n/a	n/a	n/a	n/a	n/a	n/a	n/a	n/a	n/a	n/a	n/a	n/a	n/a	n/a	n/a	n/a	n/a	n/a	n/a	n/a	n/a	n/a	n/a	n/a	n/a	n/a	n/a	n/a	n/a
PON_LABEL_9	0.35162726044654846	0.03916661813855171	0.2540125548839569	-0.5530287623405457	0.19926440715789795	0.2766299545764923	0.6803749799728394	n/a	1.0	-0.17525964975357056	0.42318984866142273	-0.06732560694217682	-0.16129077970981598	-0.37378764152526855	-0.20524221658706665	0.5082290172576904	-0.07506410777568817	0.2593320906162262	0.2579515278339386	-0.33458518981933594	-0.5420837998390198	0.078536756336689	-0.47286152839660645	0.36567094922065735	-0.3979276418685913	0.22707970440387726	0.41393715143203735	0.5609549283981323	0.12620915472507477	-0.2638486325740814	-0.6094972491264343	0.28795063495635986	0.24935215711593628	0.5881797671318054	n/a	-0.5576029419898987	0.22380703687667847	-0.5167233943939209	-0.26411938667297363	-0.22305049002170563	-0.3331839442253113	-0.16258183121681213	0.19315080344676971	-0.270528107881546	-0.5725670456886292	0.009164704009890556	-0.3655715584754944	0.24123060703277588	-0.3101685345172882	0.44571274518966675	-0.5022732019424438	0.13019974529743195	0.30520468950271606	0.4802326560020447	0.27862176299095154	0.061214886605739594	0.20403528213500977	-0.15908701717853546	-0.17145147919654846	0.16442513465881348	-0.30384740233421326	0.10996565967798233	0.14599543809890747	-0.09597630053758621	-0.2474682480096817	0.15034136176109314	0.040542591363191605	-0.13229268789291382	0.5037400722503662	-0.3378506004810333	0.5470957159996033	0.18847069144248962	-0.17118443548679352	-0.45114007592201233	0.41231489181518555	-0.07451868802309036	-0.37015751004219055	-0.20158836245536804	0.07491038739681244	-0.044670164585113525
CO_LABEL_10	-0.41388046741485596	-0.18191620707511902	-0.15896089375019073	0.16848810017108917	0.10017558932304382	0.0587291456758976	-0.004205791745334864	n/a	-0.17525964975357056	1.0	0.06197792664170265	0.6435062289237976	0.07139886915683746	-0.04269319772720337	0.2570456564426422	-0.5524526834487915	0.6967814564704895	-0.4812398850917816	0.005634322762489319	0.6627877950668335	0.7690435647964478	0.13193367421627045	0.22625839710235596	0.007649631705135107	0.4654833972454071	-0.21165622770786285	-0.5339877009391785	-0.5394378304481506	-0.23401539027690887	0.049298159778118134	0.2697213292121887	0.251516193151474	-0.09451740980148315	0.004564377013593912	n/a	0.4711374342441559	0.3284720480442047	0.5443736910820007	0.2587578594684601	-0.0808754712343216	0.4451037347316742	0.5146898031234741	-0.011870892718434334	0.4757227301597595	0.6744715571403503	0.19421423971652985	0.4291399419307709	0.003137309104204178	0.4438924789428711	-0.5207408666610718	0.02169392816722393	-0.4056851267814636	-0.5349105000495911	-0.25831642746925354	-0.54124915599823	-0.2207084447145462	-0.32185301184654236	0.25836917757987976	-0.11467726528644562	0.15103690326213837	0.3561588227748871	-0.2575936019420624	-0.40175819396972656	-0.025916609913110733	-0.32058727741241455	0.2870430648326874	0.20767951011657715	0.34497925639152527	-0.05531249940395355	0.25012633204460144	-0.35803771018981934	-0.6131159663200378	0.23825259506702423	0.1000293642282486	-0.03851691260933876	0.14600218832492828	0.4724890887737274	0.24998131394386292	-0.09251786768436432	-0.3692686855792999
Sal_LABEL_11	0.29070162773132324	-0.34032824635505676	0.1729254573583603	-0.4582523703575134	0.2474367618560791	0.48309388756752014	0.5528915524482727	n/a	0.42318984866142273	0.06197792664170265	1.0	0.05975840985774994	-0.4384195804595947	-0.24215027689933777	-0.08567774295806885	0.5849558711051941	0.17909151315689087	0.24040210247039795	0.2257523238658905	-0.06539970636367798	-0.2707080543041229	0.7019776701927185	-0.35292237997055054	0.5245752334594727	-0.18729650974273682	0.3185020089149475	0.4564353823661804	0.394883394241333	-0.3364388942718506	-0.4345966577529907	-0.26605966687202454	0.6079195141792297	0.3970225751399994	0.2690262198448181	n/a	-0.34730690717697144	0.6644628047943115	-0.3501606583595276	-0.3060228228569031	-0.1638643443584442	-0.259963721036911	0.1693204939365387	0.3026648461818695	-0.36572229862213135	-0.4048021733760834	0.5258224010467529	-0.30708247423171997	0.38157206773757935	-0.12847362458705902	0.28031760454177856	-0.6392436027526855	0.23583374917507172	0.24310500919818878	0.1767817884683609	0.31060341000556946	-0.24210698902606964	-0.14522123336791992	-0.08807485550642014	0.04069926589727402	0.2641189992427826	0.03138392046093941	-0.2694024443626404	-0.10668705403804779	0.07699280232191086	-0.6025668978691101	0.2817009687423706	-0.13458538055419922	-0.2128421813249588	0.5856541991233826	-0.11051813513040543	0.4402943551540375	0.13095155358314514	0.0377611480653286	-0.4753444790840149	0.660530686378479	0.16647222638130188	-0.11169183999300003	-0.23550307750701904	0.15479983389377594	-0.31294193863868713
CO_LABEL_12	-0.14025437831878662	-0.3976140320301056	0.08467010408639908	-0.03190378099679947	0.23131191730499268	-0.010145856998860836	0.008219396695494652	n/a	-0.06732560694217682	0.6435062289237976	0.05975840985774994	1.0	0.08526468276977539	0.11269886046648026	0.17098578810691833	-0.23431292176246643	0.586258053779602	-0.17703086137771606	-0.09076640009880066	0.5754479169845581	0.6486485004425049	0.00261097215116024	0.11930206418037415	0.04504605755209923	0.08571463078260422	-0.009380334988236427	-0.1445838063955307	-0.1535160392522812	-0.4296343922615051	-0.08966831117868423	0.2616877555847168	0.26143187284469604	-0.2088056355714798	-0.05412010848522186	n/a	0.45532849431037903	0.029840730130672455	0.5253079533576965	0.18178336322307587	0.24134743213653564	0.39587950706481934	0.5508885383605957	-0.24386760592460632	0.4727236330509186	0.5634515881538391	-0.03331225365400314	0.264093279838562	-0.027965957298874855	0.23756857216358185	-0.21857605874538422	0.006342960521578789	-0.26586952805519104	-0.48865193128585815	-0.2671414315700531	-0.2838652431964874	-0.2728106677532196	-0.1641077995300293	-0.057483118027448654	-0.15588654577732086	0.20428426563739777	0.30773109197616577	-0.18733154237270355	-0.41818100214004517	-0.22694072127342224	-0.5313505530357361	0.33406057953834534	0.24584762752056122	0.25248298048973083	0.20907337963581085	0.29090550541877747	-0.2547364830970764	-0.45265981554985046	0.21457341313362122	-0.056440580636262894	-0.12572580575942993	-0.10886487364768982	0.26248207688331604	0.055994175374507904	-0.23801928758621216	-0.3100745379924774
SMd_LABEL_13	-0.4827614426612854	-0.3156382739543915	0.2977481782436371	0.22231268882751465	-0.09250269830226898	-0.6306100487709045	-0.5115429162979126	n/a	-0.16129077970981598	0.07139886915683746	-0.4384195804595947	0.08526468276977539	1.0	-0.007638401817530394	0.06845908612012863	-0.27267521619796753	-0.16536225378513336	0.13573339581489563	0.3172008693218231	0.12713459134101868	0.1142171248793602	-0.18012140691280365	0.3352244794368744	-0.40999966859817505	0.22267374396324158	-0.2095550298690796	-0.26880040764808655	-0.10749398171901703	-0.28499549627304077	0.17617222666740417	-0.013355385512113571	-0.2580426037311554	-0.597046971321106	-0.36260145902633667	n/a	-0.13434703648090363	-0.5929199457168579	0.0844225138425827	0.565210223197937	-0.050682004541158676	0.20210914313793182	-0.23593661189079285	-0.048896338790655136	0.030894560739398003	0.13367785513401031	-0.08122183382511139	0.2598150968551636	-0.3999500572681427	0.18907380104064941	0.09448716789484024	0.24802877008914948	-0.08378442376852036	0.011294362135231495	-0.37642019987106323	-0.26582539081573486	0.007498706690967083	-0.02011192962527275	-0.21642689406871796	-0.07325658202171326	0.2081480324268341	-0.18219523131847382	0.280062198638916	-0.1908039152622223	0.08535478264093399	0.2797572910785675	0.24062828719615936	0.4030971825122833	0.7635334134101868	-0.12472690641880035	0.16130250692367554	-0.1557161509990692	-0.39764031767845154	0.6622595191001892	0.42413008213043213	-0.17231495678424835	0.14471504092216492	0.014414665289223194	0.0006945389905013144	-0.22846519947052002	-0.022350460290908813
SMl_LABEL_14	-0.16426289081573486	-0.09280429035425186	0.09271302074193954	0.4558258354663849	-0.09014642983675003	-0.11914479732513428	-0.3175593912601471	n/a	-0.37378764152526855	-0.04269319772720337	-0.24215027689933777	0.11269886046648026	-0.007638401817530394	1.0	-0.0027349800802767277	-0.08917727321386337	0.08370978385210037	-0.0701243057847023	-0.3131939172744751	0.356402724981308	0.2749875783920288	-0.3288877308368683	0.1559230089187622	-0.23621244728565216	-0.05744552984833717	0.22418294847011566	-0.04288302734494209	-0.1326819658279419	-0.183773010969162	0.020988278090953827	0.41951313614845276	-0.10352108627557755	-0.3229250907897949	-0.366036593914032	n/a	0.36244532465934753	-0.3226695954799652	0.3325488269329071	-0.12921427190303802	0.8981615304946899	0.15394847095012665	0.15806052088737488	-0.15915097296237946	0.20805679261684418	0.3565812110900879	-0.22885984182357788	0.05218849703669548	-0.3539368212223053	-0.005620043724775314	-0.17885583639144897	0.17204077541828156	-0.14139024913311005	-0.39157381653785706	-0.3926372826099396	-0.12727883458137512	0.06644275784492493	0.0035748411901295185	-0.14161497354507446	-0.12567487359046936	-0.006706012412905693	0.1736106127500534	0.04043096676468849	-0.13406524062156677	-0.2340232878923416	0.19854000210762024	-0.06207500770688057	0.0705995261669159	0.14742426574230194	-0.3679572641849518	-0.023550089448690414	-0.31369876861572266	0.1014302596449852	0.18846769630908966	0.514105498790741	-0.30209293961524963	-0.13823102414608002	0.204432412981987	-0.03030121512711048	-0.043891049921512604	0.1168825775384903
DAN_LABEL_15	-0.23678602278232574	0.05060746148228645	0.0015002083964645863	-0.23018217086791992	0.11850417405366898	0.06702463328838348	-0.05370980501174927	n/a	-0.20524221658706665	0.2570456564426422	-0.08567774295806885	0.17098578810691833	0.06845908612012863	-0.0027349800802767277	1.0	-0.4494219422340393	-0.2797205150127411	-0.6763253211975098	-0.3389233946800232	0.23517611622810364	0.2374187707901001	0.017727995291352272	0.7856283187866211	-0.016236713156104088	0.7476988434791565	-0.5094329118728638	-0.3347477316856384	-0.3286922574043274	-0.13505294919013977	0.37272247672080994	-0.07453992962837219	0.03810623660683632	0.023677844554185867	0.10808984935283661	n/a	0.028482699766755104	0.1469884067773819	0.14150403439998627	0.14956185221672058	-0.09890478849411011	0.6218060255050659	-0.32941290736198425	-0.46977028250694275	0.4114821255207062	0.28852829337120056	-0.12335237115621567	0.6325575113296509	0.15533232688903809	0.7561578750610352	-0.3807719349861145	0.38292592763900757	-0.30468079447746277	-0.4308822453022003	-0.1679512858390808	-0.4381796419620514	0.3928441107273102	-0.1835688352584839	0.16036048531532288	0.13961052894592285	-0.3364180624485016	0.6028380393981934	-0.5873879790306091	-0.6996883749961853	0.011928892694413662	0.03481538966298103	-0.4204275906085968	-0.062411412596702576	0.34327808022499084	-0.03802340477705002	0.3097851276397705	-0.4919007420539856	-0.32250839471817017	-0.14722400903701782	-0.0384269580245018	-0.03815259784460068	0.019795987755060196	-0.062098462134599686	0.04497028514742851	0.3779183030128479	0.12039131671190262
DMN_LABEL_16	0.7280721068382263	-0.26291677355766296	0.09884639829397202	-0.4018143117427826	0.25873979926109314	0.32069870829582214	0.48432064056396484	n/a	0.5082290172576904	-0.5524526834487915	0.5849558711051941	-0.23431292176246643	-0.27267521619796753	-0.08917727321386337	-0.4494219422340393	1.0	-0.08710186183452606	0.7445871829986572	0.19217102229595184	-0.6066939830780029	-0.7284801006317139	0.16946011781692505	-0.6994562745094299	0.41760799288749695	-0.6652840375900269	0.6155787110328674	0.8326305150985718	0.8412069082260132	-0.17972588539123535	-0.6226697564125061	-0.3442976474761963	0.3344477415084839	0.3245806097984314	0.2752070128917694	n/a	-0.5337657928466797	0.1380341500043869	-0.6803791522979736	-0.3224465847015381	-0.0028977086767554283	-0.5595436692237854	-0.00028228320297785103	0.18477827310562134	-0.5797473192214966	-0.7042297720909119	0.07203560322523117	-0.6899015307426453	0.2256985604763031	-0.6140650510787964	0.652883768081665	-0.6057065725326538	0.5456100702285767	0.6700007915496826	0.18521179258823395	0.8033429384231567	-0.2662194073200226	0.11737498641014099	-0.2376919984817505	-0.037835344672203064	0.26438766717910767	-0.44240275025367737	0.13964954018592834	0.2018696516752243	0.004277253057807684	-0.35325726866722107	0.2326849400997162	-0.13781322538852692	-0.30679982900619507	0.5885497331619263	-0.2863052487373352	0.733134388923645	0.6161475777626038	0.019423695281147957	-0.3840981125831604	0.5438454151153564	0.02000800147652626	-0.29194194078445435	-0.4145560562610626	-0.005068497266620398	-0.2544822692871094
CO_LABEL_17	-0.07901431620121002	-0.29109498858451843	-0.27606305480003357	0.22486725449562073	0.10427096486091614	0.042212676256895065	0.07753796875476837	n/a	-0.07506410777568817	0.6967814564704895	0.17909151315689087	0.586258053779602	-0.16536225378513336	0.08370978385210037	-0.2797205150127411	-0.08710186183452606	1.0	-0.05766109749674797	-0.07161585241556168	0.449785053730011	0.6033075451850891	0.025574492290616035	-0.27269208431243896	-0.022963158786296844	-0.01881110481917858	0.17910081148147583	-0.2144099324941635	-0.20618832111358643	-0.18743069469928741	-0.2437295913696289	0.32147470116615295	0.37888237833976746	-0.1309656947851181	-0.05126652121543884	n/a	0.466239333152771	0.2637392282485962	0.5012482404708862	0.12106224149465561	0.1196751594543457	0.2126329243183136	0.8932705521583557	0.051904451102018356	0.24078871309757233	0.5499686002731323	0.15718303620815277	0.1276673972606659	-0.13865071535110474	0.009212188422679901	-0.2019975483417511	-0.26059699058532715	-0.2110135406255722	-0.256153404712677	-0.16635586321353912	-0.11822417378425598	-0.4537310004234314	-0.06818529963493347	0.334911972284317	-0.04293762519955635	0.18422938883304596	0.13187459111213684	-0.0011815071338787675	0.03605981171131134	-0.03376758098602295	-0.49863025546073914	0.5784830451011658	0.3279038071632385	0.0008627208881080151	-0.05361099913716316	0.07762734591960907	-0.059159282594919205	-0.14400345087051392	0.23124708235263824	0.04502713680267334	0.0797564834356308	0.14519968628883362	0.6148359179496765	0.34783831238746643	-0.32703909277915955	-0.5177225470542908
DMN_LABEL_18	0.4814721345901489	-0.37444883584976196	0.07401096075773239	-0.04291249439120293	0.24636955559253693	-0.023870794102549553	0.1485230177640915	n/a	0.2593320906162262	-0.4812398850917816	0.24040210247039795	-0.17703086137771606	0.13573339581489563	-0.0701243057847023	-0.6763253211975098	0.7445871829986572	-0.05766109749674797	1.0	0.47633448243141174	-0.5059055089950562	-0.5779956579208374	0.04648422449827194	-0.6640996336936951	0.12710969150066376	-0.7233718633651733	0.6948261260986328	0.7423533201217651	0.6293205618858337	-0.2631426751613617	-0.5430322885513306	-0.05623703449964523	0.08575133979320526	0.04224047064781189	0.010989404283463955	n/a	-0.27255505323410034	-0.1344776153564453	-0.47773247957229614	-0.14184606075286865	-0.03832569345831871	-0.6831765174865723	0.03184184804558754	0.31775084137916565	-0.6729288697242737	-0.5894914269447327	0.06097712740302086	-0.7340083122253418	-0.0269082710146904	-0.7677513957023621	0.5431094765663147	-0.33518150448799133	0.6168889403343201	0.7498404383659363	0.120662160217762	0.7812788486480713	-0.33624228835105896	0.11167389154434204	-0.4149721562862396	-0.14440928399562836	0.4578709602355957	-0.5727686285972595	0.382946252822876	0.367881178855896	0.060232825577259064	-0.12751078605651855	0.3390715718269348	-0.12617969512939453	-0.13042831420898438	0.4116603136062622	-0.20534826815128326	0.682237446308136	0.3773353695869446	0.2795482575893402	-0.17665983736515045	0.331738144159317	0.18710987269878387	-0.246707022190094	-0.4619895815849304	-0.22727464139461517	-0.20544107258319855
VAN_LABEL_19	-0.04556061327457428	-0.17904719710350037	0.13919807970523834	-0.055616218596696854	0.08273559808731079	-0.051006827503442764	0.06174914166331291	n/a	0.2579515278339386	0.005634322762489319	0.2257523238658905	-0.09076640009880066	0.3172008693218231	-0.3131939172744751	-0.3389233946800232	0.19217102229595184	-0.07161585241556168	0.47633448243141174	1.0	-0.06451401859521866	-0.3158155083656311	0.2744719982147217	-0.32727116346359253	0.04087091237306595	-0.3163498640060425	0.2669665217399597	0.25531068444252014	0.26987937092781067	-0.14813232421875	-0.4311566948890686	-0.23381277918815613	0.2014494687318802	-0.012511798180639744	-0.03502681106328964	n/a	-0.37577682733535767	0.05330546200275421	-0.19745764136314392	-0.013783447444438934	-0.23655232787132263	-0.5288631319999695	-0.09950204193592072	0.6966177821159363	-0.42426633834838867	-0.4008985161781311	0.21495574712753296	-0.3487960994243622	-0.1033809557557106	-0.40705177187919617	-0.012026901356875896	-0.351653516292572	-0.011118256486952305	0.29401496052742004	0.15024732053279877	0.1081199198961258	-0.04296501353383064	0.13575208187103271	-0.2809314429759979	-0.4544253945350647	0.42171555757522583	-0.4971076250076294	0.023863274604082108	0.1371060311794281	-0.19676868617534637	0.13348719477653503	0.3556860685348511	-0.20053917169570923	0.1955980658531189	0.31253740191459656	-0.2625132203102112	0.36954107880592346	-0.22863182425498962	0.3200923502445221	-0.14982634782791138	0.31007760763168335	0.3083852231502533	-0.11968812346458435	-0.4981006681919098	-0.1677418053150177	-0.2402200847864151
CO_LABEL_20	-0.6642677187919617	-0.04721600562334061	0.05000071972608566	0.33159205317497253	-0.050499215722084045	-0.2271157056093216	-0.27759256958961487	n/a	-0.33458518981933594	0.6627877950668335	-0.06539970636367798	0.5754479169845581	0.12713459134101868	0.356402724981308	0.23517611622810364	-0.6066939830780029	0.449785053730011	-0.5059055089950562	-0.06451401859521866	1.0	0.773773729801178	0.1711800992488861	0.38523104786872864	-0.28749966621398926	0.3351990878582001	-0.21021705865859985	-0.5197712182998657	-0.5976587533950806	-0.10635645687580109	0.18287219107151031	0.406423419713974	0.0872696042060852	-0.41835975646972656	-0.28196072578430176	n/a	0.46129387617111206	0.038094621151685715	0.7779440879821777	0.14438669383525848	0.3694002628326416	0.47915732860565186	0.39398884773254395	-0.02999754436314106	0.5332349538803101	0.6872149109840393	0.2192826122045517	0.4834374487400055	-0.3049016296863556	0.42945346236228943	-0.5628791451454163	0.16012565791606903	-0.5181863903999329	-0.8048757314682007	-0.2048036754131317	-0.6879746913909912	0.10005281865596771	-0.20455056428909302	0.05089844390749931	-0.164946511387825	-0.06414171308279037	0.5010006427764893	-0.24344958364963531	-0.2524062395095825	-0.37240394949913025	-0.1245996356010437	0.1488097906112671	0.2667899429798126	0.35381749272346497	-0.38407349586486816	0.2675950825214386	-0.44805800914764404	-0.6167706847190857	0.17239414155483246	0.3727658689022064	-0.29314470291137695	0.04924829304218292	0.3819639980792999	0.2661355137825012	-0.18610312044620514	0.06297555565834045
CO_LABEL_21	-0.5770023465156555	-0.1507934033870697	-0.058238331228494644	0.39462652802467346	-0.06347288936376572	-0.2533235251903534	-0.4298608899116516	n/a	-0.5420837998390198	0.7690435647964478	-0.2707080543041229	0.6486485004425049	0.1142171248793602	0.2749875783920288	0.2374187707901001	-0.7284801006317139	0.6033075451850891	-0.5779956579208374	-0.3158155083656311	0.773773729801178	1.0	-0.04006064310669899	0.4486587643623352	-0.3381560444831848	0.46619999408721924	-0.3756290376186371	-0.6833474040031433	-0.6817919611930847	-0.134515643119812	0.3071712255477905	0.5241193771362305	-0.01895603910088539	-0.39936092495918274	-0.3855278193950653	n/a	0.6966292262077332	-0.04836995154619217	0.8241254687309265	0.33388465642929077	0.23793894052505493	0.6427091956138611	0.5166914463043213	-0.17215801775455475	0.6584473848342896	0.9187121987342834	0.039070822298526764	0.5912899971008301	-0.2979097068309784	0.5188221335411072	-0.48901304602622986	0.2871685326099396	-0.473836749792099	-0.6959646940231323	-0.3851601481437683	-0.6864157319068909	-0.1631622165441513	-0.20448370277881622	0.2744399905204773	0.06600602716207504	-0.017830148339271545	0.5211231112480164	-0.09722702950239182	-0.26541873812675476	-0.016538338735699654	-0.15502335131168365	0.1650918573141098	0.35066378116607666	0.24775664508342743	-0.3791080415248871	0.3924219608306885	-0.6312710642814636	-0.5723480582237244	0.17915551364421844	0.41940370202064514	-0.3759172856807709	-0.0030711295548826456	0.47039666771888733	0.4765067994594574	-0.16893881559371948	-0.10041901469230652
Sal_LABEL_22	-0.11179371923208237	-0.23736239969730377	0.18349654972553253	-0.30737191438674927	0.028624380007386208	0.20342998206615448	0.1049981340765953	n/a	0.078536756336689	0.13193367421627045	0.7019776701927185	0.00261097215116024	-0.18012140691280365	-0.3288877308368683	0.017727995291352272	0.16946011781692505	0.025574492290616035	0.04648422449827194	0.2744719982147217	0.1711800992488861	-0.04006064310669899	1.0	-0.009747844189405441	0.28993597626686096	0.02992904745042324	0.06929635256528854	0.09641314297914505	0.08888926357030869	-0.22078774869441986	-0.16606122255325317	-0.15561801195144653	0.25344380736351013	0.2115204632282257	-0.09240176528692245	n/a	-0.22149547934532166	0.5170185565948486	-0.15309780836105347	-0.06443437933921814	-0.3121790885925293	-0.025040501728653908	0.024738531559705734	0.40099960565567017	-0.1730293333530426	-0.24083340167999268	0.8388097882270813	-0.00569656677544117	0.22694136202335358	0.08669702708721161	0.0568053238093853	-0.3527195453643799	0.13551460206508636	-0.005611489061266184	0.1748022586107254	-0.06237301230430603	-0.1356171816587448	-0.4166509211063385	-0.09891984611749649	0.15086396038532257	0.15079961717128754	0.17380116879940033	-0.2330256998538971	-0.020336579531431198	0.004531230311840773	-0.34452223777770996	0.13058118522167206	-0.04240162670612335	0.020664416253566742	0.2923496961593628	0.06613656878471375	0.2694449722766876	-0.12140475958585739	0.11305614560842514	-0.18257643282413483	0.27795690298080444	0.07336845248937607	-0.14828503131866455	-0.17885683476924896	0.12900495529174805	-0.12838687002658844
DAN_LABEL_23	-0.6427227258682251	-0.01716829463839531	0.1621074378490448	0.16220347583293915	-0.19032633304595947	-0.37405136227607727	-0.5448964834213257	n/a	-0.47286152839660645	0.22625839710235596	-0.35292237997055054	0.11930206418037415	0.3352244794368744	0.1559230089187622	0.7856283187866211	-0.6994562745094299	-0.27269208431243896	-0.6640996336936951	-0.32727116346359253	0.38523104786872864	0.4486587643623352	-0.009747844189405441	1.0	-0.384611576795578	0.7942313551902771	-0.6381078362464905	-0.6412862539291382	-0.49963608384132385	-0.15053141117095947	0.6231955289840698	0.15331591665744781	-0.23177765309810638	-0.36196425557136536	-0.36691048741340637	n/a	0.1908113807439804	-0.17417876422405243	0.339535117149353	0.2715449333190918	0.04346155375242233	0.6794270277023315	-0.2898124158382416	-0.38936150074005127	0.4860149025917053	0.4538271427154541	-0.04136871546506882	0.8173080682754517	-0.1853245049715042	0.8099298477172852	-0.3347715735435486	0.5471926927566528	-0.37903597950935364	-0.5301647782325745	-0.3027059733867645	-0.668468177318573	0.39669010043144226	-0.15825454890727997	0.06662885844707489	0.2953893840312958	-0.3050282299518585	0.5673537850379944	-0.2846592664718628	-0.5382784605026245	0.16706283390522003	0.2802060544490814	-0.36218947172164917	0.18102440237998962	0.46899867057800293	-0.3829074203968048	0.4177488088607788	-0.6872693300247192	-0.41234520077705383	0.08825665712356567	0.2644113600254059	-0.3752402067184448	-0.06201816350221634	0.011003226973116398	0.26840582489967346	0.2646788954734802	0.2939068377017975
PMN_LABEL_24	0.615269660949707	-0.0102617759257555	0.03709663450717926	-0.5175025463104248	0.12249598652124405	0.8936748504638672	0.7664608359336853	n/a	0.36567094922065735	0.007649631705135107	0.5245752334594727	0.04504605755209923	-0.40999966859817505	-0.23621244728565216	-0.016236713156104088	0.41760799288749695	-0.022963158786296844	0.12710969150066376	0.04087091237306595	-0.28749966621398926	-0.3381560444831848	0.28993597626686096	-0.384611576795578	1.0	-0.23866355419158936	0.393535852432251	0.4723682701587677	0.3664308786392212	-0.14164307713508606	-0.2560713589191437	-0.31290531158447266	0.15280191600322723	0.8793962597846985	0.6764719486236572	n/a	-0.11503105610609055	0.5641950964927673	-0.45233988761901855	-0.28700777888298035	-0.20348136126995087	-0.27088648080825806	-0.10318103432655334	-0.05115722492337227	-0.2071608155965805	-0.36813780665397644	0.08252325654029846	-0.37284424901008606	0.9100731611251831	-0.27969029545783997	0.19793610274791718	-0.32006606459617615	0.41622838377952576	0.21334730088710785	0.17171619832515717	0.3950352966785431	-0.13079234957695007	-0.2937290370464325	-0.14066366851329803	-0.10070081800222397	0.23982425034046173	-0.14711979031562805	-0.2691383361816406	-0.07717932015657425	-0.06364458799362183	-0.3404310941696167	-0.07376433908939362	-0.5066965222358704	-0.2829015552997589	0.5845369696617126	-0.4286847412586212	0.2711738348007202	0.18986177444458008	-0.11139839142560959	-0.42051318287849426	0.31169113516807556	-0.060936786234378815	-0.23250891268253326	-0.48883792757987976	0.18202485144138336	-0.07074035704135895
DAN_LABEL_25	-0.5603953003883362	0.0038697144482284784	-0.08428308367729187	0.20291651785373688	-0.1503932923078537	-0.15647801756858826	-0.29426810145378113	n/a	-0.3979276418685913	0.4654833972454071	-0.18729650974273682	0.08571463078260422	0.22267374396324158	-0.05744552984833717	0.7476988434791565	-0.6652840375900269	-0.01881110481917858	-0.7233718633651733	-0.3163498640060425	0.3351990878582001	0.46619999408721924	0.02992904745042324	0.7942313551902771	-0.23866355419158936	1.0	-0.6836602091789246	-0.7480652928352356	-0.6413713693618774	-0.14505720138549805	0.4797234535217285	0.1726437360048294	-0.06335560977458954	-0.16744685173034668	-0.17369677126407623	n/a	0.23652373254299164	0.1128477081656456	0.2908822298049927	0.3163449168205261	-0.22466370463371277	0.6731554269790649	-0.0634395107626915	-0.3387070894241333	0.3872644603252411	0.5427451729774475	0.08793473243713379	0.7615838646888733	-0.029672138392925262	0.9130517244338989	-0.3899073302745819	0.40833476185798645	-0.4041997492313385	-0.41850927472114563	-0.3782521188259125	-0.6166770458221436	0.23238205909729004	-0.24180160462856293	0.36323800683021545	0.34267595410346985	-0.2890028953552246	0.5455690622329712	-0.2691206932067871	-0.5750164985656738	0.23082581162452698	0.09037826955318451	-0.16753607988357544	0.11218884587287903	0.39639851450920105	-0.37046340107917786	0.3827260136604309	-0.6002426147460938	-0.36161425709724426	0.11754284054040909	0.08883688598871231	-0.15250198543071747	0.0628940612077713	0.280428409576416	0.45079684257507324	0.200737863779068	0.0043185679242014885
