Node	LH_Vis_1	LH_Vis_2	LH_Vis_3	LH_Vis_4	LH_Vis_5	LH_Vis_6	LH_Vis_7	LH_Vis_8	LH_Vis_9	LH_SomMot_1	LH_SomMot_2	LH_SomMot_3	LH_SomMot_4	LH_SomMot_5	LH_SomMot_6	LH_DorsAttn_Post_1	LH_DorsAttn_Post_2	LH_DorsAttn_Post_3	LH_DorsAttn_Post_4	LH_DorsAttn_Post_5	LH_DorsAttn_Post_6	LH_DorsAttn_PrCv_1	LH_DorsAttn_FEF_1	LH_SalVentAttn_ParOper_1	LH_SalVentAttn_FrOperIns_1	LH_SalVentAttn_FrOperIns_2	LH_SalVentAttn_PFCl_1	LH_SalVentAttn_Med_1	LH_SalVentAttn_Med_2	LH_SalVentAttn_Med_3	LH_Limbic_OFC_1	LH_Limbic_TempPole_1	LH_Limbic_TempPole_2	LH_Cont_Par_1	LH_Cont_PFCl_1	LH_Cont_pCun_1	LH_Cont_Cing_1	LH_Default_Temp_1	LH_Default_Temp_2	LH_Default_Par_1	LH_Default_Par_2	LH_Default_PFC_1	LH_Default_PFC_2	LH_Default_PFC_3	LH_Default_PFC_4	LH_Default_PFC_5	LH_Default_PFC_6	LH_Default_PFC_7	LH_Default_pCunPCC_1	LH_Default_pCunPCC_2	RH_Vis_1	RH_Vis_2	RH_Vis_3	RH_Vis_4	RH_Vis_5	RH_Vis_6	RH_Vis_7	RH_Vis_8	RH_SomMot_1	RH_SomMot_2	RH_SomMot_3	RH_SomMot_4	RH_SomMot_5	RH_SomMot_6	RH_SomMot_7	RH_SomMot_8	RH_DorsAttn_Post_1	RH_DorsAttn_Post_2	RH_DorsAttn_Post_3	RH_DorsAttn_Post_4	RH_DorsAttn_Post_5	RH_DorsAttn_PrCv_1	RH_DorsAttn_FEF_1	RH_SalVentAttn_TempOccPar_1	RH_SalVentAttn_TempOccPar_2	RH_SalVentAttn_FrOperIns_1	RH_SalVentAttn_Med_1	RH_SalVentAttn_Med_2	RH_Limbic_OFC_1	RH_Limbic_TempPole_1	RH_Cont_Par_1	RH_Cont_Par_2	RH_Cont_PFCl_1	RH_Cont_PFCl_2	RH_Cont_PFCl_3	RH_Cont_PFCl_4	RH_Cont_Cing_1	RH_Cont_PFCmp_1	RH_Cont_pCun_1	RH_Default_Par_1	RH_Default_Temp_1	RH_Default_Temp_2	RH_Default_Temp_3	RH_Default_PFCv_1	RH_Default_PFCv_2	RH_Default_PFCdPFCm_1	RH_Default_PFCdPFCm_2	RH_Default_PFCdPFCm_3	RH_Default_pCunPCC_1	RH_Default_pCunPCC_2	LH-Pu	LH-Ca	LH-NAC	LH-EXA	LH-GPe	LH-GPi	LH-SNc_PBP_VTA	LH-RN	LH-SNr	LH-VeP	LH-HN	LH-HTH	LH-MN	LH-STH	RH-Pu	RH-Ca	RH-NAC	RH-EXA	RH-GPe	RH-GPi	RH-SNc_PBP_VTA	RH-RN	RH-SNr	RH-VeP	RH-HN	RH-HTH	RH-MN	RH-STH	LH-Pulvinar	LH-Anterior	LH-Medio_Dorsal	LH-Ventral_Latero_Dorsal	LH-Central_Lateral-Lateral_Posterior-Medial_Pulvinar	LH-Ventral_Anterior	LH-Ventral_Latero_Ventral	RH-Pulvinar	RH-Anterior	RH-Medio_Dorsal	RH-Ventral_Latero_Dorsal	RH-Central_Lateral-Lateral_Posterior-Medial_Pulvinar	RH-Ventral_Anterior	RH-Ventral_Latero_Ventral	LH_Hippocampus	LH_Amygdala	RH_Hippocampus	RH_Amygdala	Cerebellar_Region1	Cerebellar_Region2	Cerebellar_Region3	Cerebellar_Region4	Cerebellar_Region5	Cerebellar_Region6	Cerebellar_Region7	Cerebellar_Region8	Cerebellar_Region9	Cerebellar_Region10
LH_Vis_1	1.0	-0.2635504901409149	-0.0808449238538742	-0.510745644569397	-0.12012540549039841	-0.18731597065925598	-0.017414366826415062	-0.45401450991630554	-0.17361187934875488	-0.06020701304078102	-0.19501379132270813	-0.03966689854860306	-0.36431559920310974	-0.18102511763572693	0.026072606444358826	-0.27281907200813293	-0.12809038162231445	-0.5097618103027344	-0.37496429681777954	0.19031736254692078	0.20903100073337555	0.03239095211029053	-0.04528683051466942	-0.23113472759723663	0.20939314365386963	-0.3900314271450043	-0.4957168698310852	-0.5185163021087646	0.32910963892936707	-0.1962934285402298	-0.12323790788650513	0.3228131830692291	0.07008540630340576	-0.3545108139514923	0.012776090763509274	-0.09771839529275894	-0.30158182978630066	0.3934022784233093	0.1302265077829361	0.04669145867228508	0.3591463565826416	-0.3531646430492401	-0.004626460373401642	0.5197418332099915	-0.1965866982936859	0.3811919391155243	0.31670698523521423	0.30254432559013367	0.7161193490028381	0.41133883595466614	0.5023757815361023	-0.34313589334487915	-0.32366761565208435	-0.4462825357913971	-0.2178998440504074	-0.12426388263702393	-0.5461541414260864	-0.3151093125343323	-0.061756718903779984	-0.24405592679977417	-0.1821836233139038	-0.49305135011672974	-0.1188465878367424	0.025295451283454895	-0.03222887963056564	-0.10970771312713623	0.6062177419662476	-0.14650657773017883	-0.517317533493042	-0.4866943061351776	0.31562042236328125	-0.3540383279323578	0.04189037159085274	0.4178353250026703	-0.29267632961273193	-0.12432293593883514	-0.10583176463842392	-0.09073304384946823	-0.05660232529044151	0.3942100703716278	-0.30737510323524475	0.23145003616809845	-0.42179980874061584	0.0391002856194973	-0.5598621368408203	0.21549288928508759	-0.42382702231407166	-0.42686036229133606	0.3739717900753021	0.45062056183815	0.1717376708984375	0.2578084468841553	0.14917871356010437	0.11152530461549759	0.24809886515140533	0.46620336174964905	0.33157140016555786	0.5344781279563904	0.6753550171852112	0.3910185992717743	-0.28265082836151123	0.36797744035720825	0.1180674135684967	0.22949494421482086	0.21842652559280396	-0.1370752900838852	-0.18259918689727783	-0.3136669099330902	0.002797260880470276	-0.29798761010169983	-0.3157788813114166	0.31391996145248413	0.33628079295158386	0.25296857953071594	-0.32455888390541077	0.3799137771129608	0.21962659060955048	0.468919575214386	-0.28360456228256226	0.047559160739183426	0.16878218948841095	-0.2321135401725769	-0.21868078410625458	-0.08617235720157623	-0.07960942387580872	-0.23783299326896667	0.4495313763618469	0.32045456767082214	0.3115309774875641	-0.042364154011011124	-0.31993094086647034	-0.04224314168095589	0.13152842223644257	0.17383192479610443	0.38586723804473877	0.10873156785964966	0.09886035323143005	-0.23504331707954407	-0.11674550175666809	-0.17586256563663483	0.0864604040980339	-0.06347603350877762	0.6351711750030518	0.061070989817380905	0.49055126309394836	0.6411779522895813	0.023858973756432533	0.1464213877916336	-0.39208975434303284	-0.14084361493587494	-0.19852982461452484	-0.26144173741340637	0.22192341089248657	0.12793321907520294	0.11889129877090454	-0.07971520721912384
LH_Vis_2	-0.2635504901409149	1.0	0.7857112288475037	0.4443414807319641	0.7716483473777771	0.7172484397888184	0.6021865606307983	0.9309913516044617	0.8489072918891907	0.00517198396846652	0.29666265845298767	0.47818315029144287	0.1579645574092865	0.27973541617393494	0.024911167100071907	0.23831088840961456	0.41667425632476807	0.6909249424934387	0.47328802943229675	0.4259403347969055	0.37445247173309326	-0.09895578771829605	0.5676764845848083	0.5302171111106873	0.11957194656133652	0.47484132647514343	0.4677131772041321	0.2510365843772888	0.3601902425289154	0.5592083930969238	-0.6098673939704895	-0.4723534882068634	-0.5162202715873718	0.06062113493680954	-0.43101680278778076	0.1915770322084427	0.10737179964780807	-0.5149639248847961	-0.4207116663455963	0.15100160241127014	-0.580837070941925	0.11299107223749161	-0.4540700614452362	-0.16998083889484406	-0.42300379276275635	-0.38635337352752686	-0.551602840423584	-0.4273453950881958	-0.1622304469347	-0.19594813883304596	0.11268803477287292	0.909212589263916	0.326290488243103	0.6896829009056091	0.8546499609947205	0.6711060404777527	0.8240833878517151	0.927409827709198	0.08304397761821747	0.2531222403049469	0.5563403367996216	0.1483251005411148	0.4431667625904083	0.21861113607883453	0.40346410870552063	-0.0599600151181221	-0.07252175360918045	0.30902570486068726	0.4205336272716522	0.59876549243927	0.23383685946464539	-0.05459725484251976	0.48739761114120483	-0.2765646278858185	0.5719256401062012	0.43043839931488037	0.5369841456413269	0.5531414747238159	-0.5697976350784302	-0.6628367304801941	-0.2881659269332886	-0.5972146987915039	-0.2085551768541336	-0.5434836745262146	0.4553549587726593	-0.557675302028656	0.03148795664310455	0.05301370471715927	-0.01738819293677807	-0.5352123379707336	-0.7111898064613342	0.052713289856910706	-0.24959053099155426	-0.5785163044929504	-0.4552946090698242	-0.2778432071208954	-0.44064557552337646	-0.40948235988616943	-0.10155542939901352	-0.31149452924728394	0.1254226565361023	-0.013911874033510685	-0.34015119075775146	-0.4587635397911072	-0.004829193465411663	0.11380264163017273	-0.20194606482982635	0.07538273930549622	0.02993895672261715	0.29164308309555054	-0.009886644780635834	-0.011128809303045273	-0.34166091680526733	-0.5224130153656006	0.10675764828920364	-0.18568702042102814	0.019647732377052307	-0.2719048261642456	-0.024096017703413963	-0.07807783782482147	-0.33669599890708923	0.18590667843818665	0.31317195296287537	-0.05137334018945694	-0.38933587074279785	0.2756339907646179	-0.38825857639312744	0.3112584948539734	0.07364287972450256	-0.11189300566911697	-0.21415755152702332	0.18743465840816498	-0.3607111871242523	-0.04223642498254776	0.016472386196255684	-0.09905070811510086	0.08607719838619232	0.08679895102977753	0.22993862628936768	-0.20986029505729675	-0.35341036319732666	-0.22502976655960083	-0.4990610182285309	-0.36548739671707153	-0.4814736843109131	-0.39907634258270264	-0.4295099973678589	-0.301129549741745	0.13214083015918732	0.25525134801864624	-0.498526006937027	0.2906758487224579	-0.4547366797924042	-0.4979359805583954	-0.4070492088794708	-0.5494319796562195
LH_Vis_3	-0.0808449238538742	0.7857112288475037	1.0	0.22951318323612213	0.6598969101905823	0.7965455055236816	0.46401727199554443	0.6883473992347717	0.8617943525314331	-0.027820413932204247	0.009669817984104156	0.41794589161872864	-0.06448864936828613	0.23168756067752838	-0.0695701614022255	0.13825704157352448	0.35280147194862366	0.6793116927146912	0.47477486729621887	0.5760484933853149	0.4525926113128662	0.005533060524612665	0.5352939367294312	0.5732234716415405	0.3515341281890869	0.5476786494255066	0.4483218789100647	0.22378957271575928	0.5276421308517456	0.46709108352661133	-0.5196388363838196	-0.33145588636398315	-0.49333450198173523	-0.036443423479795456	-0.2751810550689697	0.253038227558136	0.19150537252426147	-0.32429200410842896	-0.4129500389099121	0.2906665802001953	-0.49532848596572876	0.3063713312149048	-0.328230619430542	0.023579195141792297	-0.3313036859035492	-0.17266319692134857	-0.3844379186630249	-0.31608545780181885	0.08510632812976837	-0.08911613374948502	0.013750653713941574	0.7750790119171143	0.17564426362514496	0.4225604832172394	0.7720245718955994	0.7546973824501038	0.6029813289642334	0.7835044264793396	0.018378952518105507	0.04676079750061035	0.3413056433200836	-0.01925797387957573	0.34063267707824707	0.12575119733810425	0.2849721312522888	-0.21067260205745697	0.09160660952329636	0.36824196577072144	0.2468269318342209	0.5287689566612244	0.2868373692035675	-0.1531447470188141	0.40871235728263855	-0.23516574501991272	0.5188366770744324	0.5407667756080627	0.49858608841896057	0.5314154028892517	-0.5776620507240295	-0.505779504776001	-0.5230337381362915	-0.7177250385284424	-0.4737808406352997	-0.46670466661453247	0.3569444417953491	-0.6491259336471558	-0.015203476883471012	-0.13538376986980438	0.08362358808517456	-0.5090073347091675	-0.8113501667976379	0.2603710889816284	-0.26823559403419495	-0.633583128452301	-0.2926099896430969	-0.24866241216659546	-0.41132599115371704	-0.4799155592918396	0.1353432834148407	-0.2546251714229584	0.10664840042591095	0.1353660374879837	-0.06431557983160019	-0.339465856552124	0.21373067796230316	-0.1877000778913498	-0.1626620590686798	0.14066627621650696	0.2353370040655136	0.2877591848373413	-0.033154599368572235	0.15149447321891785	-0.13895288109779358	-0.26235952973365784	0.1213856041431427	0.003641762537881732	0.13931573927402496	-0.19868876039981842	-0.1937451958656311	-0.24994789063930511	0.046956345438957214	0.11050014942884445	0.24390706419944763	0.0629357099533081	-0.46461546421051025	0.12026005983352661	-0.10777103155851364	0.27259179949760437	0.19371658563613892	-0.1416923552751541	-0.29594042897224426	0.24911345541477203	-0.3027755618095398	0.25778818130493164	0.04832769185304642	-0.17699864506721497	0.11256154626607895	-0.16911795735359192	0.2653203010559082	-0.2913842499256134	-0.43324512243270874	-0.1391330361366272	-0.22436174750328064	-0.31840428709983826	-0.4198641777038574	-0.13314755260944366	-0.39006373286247253	-0.19180113077163696	0.171562060713768	0.3404754102230072	-0.43087244033813477	0.3895527124404907	-0.2537780702114105	-0.18192251026630402	-0.16225352883338928	-0.5956390500068665
LH_Vis_4	-0.510745644569397	0.4443414807319641	0.22951318323612213	1.0	0.5279085040092468	0.558575451374054	0.2738708555698395	0.5370272994041443	0.4101751148700714	0.3753372132778168	0.5038729906082153	0.5872434973716736	0.44259345531463623	0.4427478313446045	0.1327390968799591	-0.028813738375902176	0.319399893283844	0.3592263460159302	0.3900381624698639	0.23709069192409515	0.38191983103752136	-0.17468099296092987	0.4523373544216156	0.3276795446872711	-0.01380836684256792	0.1473703384399414	0.33939799666404724	0.290941059589386	-0.09137535840272903	0.45778143405914307	-0.16404682397842407	-0.3156195282936096	-0.305778831243515	-0.1062248945236206	-0.3356912136077881	-0.20830737054347992	-0.13784068822860718	-0.30733397603034973	-0.3466924726963043	0.06577631831169128	-0.4819500744342804	-0.04431338608264923	-0.18998603522777557	-0.41991156339645386	-0.32156500220298767	-0.28789517283439636	-0.4718739986419678	-0.3757234811782837	-0.4322524070739746	-0.5385355949401855	-0.36226561665534973	0.3473173975944519	0.22248950600624084	0.7535484433174133	0.6087049841880798	0.38173848390579224	0.5051666498184204	0.5401527285575867	0.38973960280418396	0.2895481586456299	0.50832599401474	0.34910547733306885	0.5644680261611938	0.2770319879055023	0.3229199945926666	0.18608713150024414	-0.09198255836963654	0.22589802742004395	0.3780596852302551	0.41206037998199463	0.30754828453063965	0.09573341906070709	0.4749549329280853	-0.26258260011672974	0.4796508848667145	0.0600966215133667	0.25994226336479187	0.40579360723495483	-0.05794292315840721	-0.4596177041530609	-0.27352413535118103	-0.3370548188686371	0.09359809756278992	-0.2881922125816345	0.2765878736972809	-0.3517569601535797	-0.005016227252781391	0.016194138675928116	-0.3018181025981903	-0.48561009764671326	-0.2557210326194763	-0.025301046669483185	-0.20452970266342163	-0.2021203339099884	-0.24099521338939667	-0.2035738080739975	-0.3260679841041565	-0.39063990116119385	-0.3700568675994873	-0.3597404658794403	0.41631609201431274	-0.2173931896686554	-0.42103222012519836	0.0524526908993721	0.0395430289208889	-0.05516739934682846	0.1637013852596283	0.19805285334587097	-0.22639153897762299	0.0881144255399704	-0.03820142149925232	-0.2520759105682373	-0.14969782531261444	-0.16841013729572296	0.2645998001098633	-0.16741865873336792	-0.3102770745754242	-0.4293117821216583	0.18785175681114197	-0.21022456884384155	-0.21973420679569244	-0.042631905525922775	0.49152451753616333	-0.037944186478853226	-0.24425731599330902	0.11573877185583115	-0.3207995891571045	-0.08885795623064041	-0.1084127351641655	-0.20058219134807587	0.09823664277791977	-0.02605731599032879	-0.09493321925401688	-0.43406495451927185	-0.25657474994659424	0.24295289814472198	-0.060479726642370224	0.06952515989542007	0.3093999922275543	0.2499949187040329	-0.0002549783093854785	-0.07542645931243896	-0.5264757871627808	0.0765356495976448	-0.20864292979240417	-0.2120724767446518	-0.01650010421872139	0.011518056504428387	0.33611607551574707	0.0717303603887558	-0.12171516567468643	0.1490851640701294	-0.3228946924209595	-0.42138561606407166	-0.3509621024131775	-0.2556169033050537
LH_Vis_5	-0.12012540549039841	0.7716483473777771	0.6598969101905823	0.5279085040092468	1.0	0.7130785584449768	0.4172857105731964	0.6813984513282776	0.7003281712532043	0.13279037177562714	0.3221760094165802	0.5881261825561523	0.14111223816871643	0.47002100944519043	0.2507283687591553	0.03427001088857651	0.37437528371810913	0.4097372591495514	0.46605435013771057	0.5040434002876282	0.5668853521347046	-0.10062311589717865	0.5720721483230591	0.3979836702346802	0.055547554045915604	0.16625316441059113	0.3431902229785919	0.20608007907867432	0.18767805397510529	0.573111355304718	-0.33342447876930237	-0.1365165412425995	-0.374012291431427	-0.026381157338619232	-0.2714245915412903	0.03757201507687569	-0.04999728128314018	-0.3695167899131775	-0.2854788899421692	0.0981367900967598	-0.3616122603416443	-0.2313355952501297	-0.26226353645324707	-0.24503090977668762	-0.32055002450942993	-0.21609264612197876	-0.38628479838371277	-0.20442934334278107	-0.13664422929286957	-0.25674352049827576	0.04154215753078461	0.6881988048553467	0.060385897755622864	0.6761032342910767	0.9010413885116577	0.6340272426605225	0.5282152891159058	0.8569455146789551	0.19877199828624725	0.29266107082366943	0.4993833601474762	-0.04620317742228508	0.46376851201057434	0.2656826078891754	0.45630332827568054	0.12429644167423248	-0.009969157166779041	0.3033128082752228	0.1416228711605072	0.2990109920501709	0.3297564685344696	-0.32039180397987366	0.4841400384902954	-0.33988136053085327	0.36471617221832275	0.10155116766691208	0.2964600920677185	0.45227041840553284	-0.3560693562030792	-0.49547165632247925	-0.5158841609954834	-0.481241911649704	-0.2753106951713562	-0.5275848507881165	0.08711811900138855	-0.5146567821502686	-0.2366032898426056	-0.2773646414279938	-0.13504338264465332	-0.4583452641963959	-0.4867907464504242	-0.014075536280870438	-0.32333484292030334	-0.49033042788505554	-0.45442190766334534	-0.20710422098636627	-0.3631916046142578	-0.38610580563545227	-0.06202072277665138	-0.34044384956359863	0.2594793140888214	0.04954604431986809	-0.3687951862812042	-0.16971324384212494	0.14585356414318085	0.0821114033460617	-0.07745583355426788	0.18858222663402557	-0.021572234109044075	0.21486374735832214	-0.0005090838531032205	-0.11534376442432404	-0.20714177191257477	-0.20442698895931244	0.15334640443325043	-0.18612438440322876	-0.14985936880111694	-0.22567464411258698	-0.09947755932807922	-0.06872115284204483	-0.3255196213722229	0.022958146408200264	0.34704670310020447	0.056935276836156845	-0.16425839066505432	0.3696479797363281	-0.1233927384018898	0.24205009639263153	0.05533450469374657	-0.27853384613990784	-0.12906675040721893	-0.015761949121952057	-0.293198823928833	-0.13387198746204376	0.06915146857500076	0.23498034477233887	-0.046458639204502106	0.06900046765804291	0.16139774024486542	-0.13950394093990326	-0.13644075393676758	-0.25344908237457275	-0.3025944232940674	-0.11421600729227066	-0.20164689421653748	-0.10471192002296448	-0.2211691290140152	-0.0417417548596859	0.11509514600038528	0.15740884840488434	-0.4523910582065582	0.23855675756931305	-0.4684573709964752	-0.3840387761592865	-0.25699663162231445	-0.4903832674026489
LH_Vis_6	-0.18731597065925598	0.7172484397888184	0.7965455055236816	0.558575451374054	0.7130785584449768	1.0	0.49709874391555786	0.6074616312980652	0.8180261850357056	0.1357787400484085	0.36955901980400085	0.4977791905403137	0.12463068217039108	0.3140254318714142	0.1621217578649521	0.12245254963636398	0.48859474062919617	0.5213744044303894	0.5806031227111816	0.3810175955295563	0.5503731966018677	0.10256251692771912	0.5251575112342834	0.4339611232280731	0.1822393536567688	0.4791334867477417	0.371552973985672	0.37795954942703247	0.226173996925354	0.48412248492240906	-0.3021199703216553	-0.24231599271297455	-0.31794866919517517	0.05679285153746605	-0.16111890971660614	0.07313742488622665	0.0007281844737008214	-0.24376696348190308	-0.39378809928894043	0.1286003291606903	-0.4843064546585083	0.09182102978229523	-0.23620963096618652	-0.13692639768123627	-0.2952894866466522	-0.2281884104013443	-0.4381312131881714	-0.24161595106124878	-0.07628817111253738	-0.3144686222076416	-0.21996629238128662	0.6567290425300598	0.2536243796348572	0.5911630392074585	0.801240861415863	0.8460766673088074	0.5839962959289551	0.7222570180892944	0.3041766583919525	0.25861260294914246	0.41209936141967773	0.05360976606607437	0.5088046789169312	0.19352567195892334	0.3748569190502167	0.12941819429397583	-0.034284189343452454	0.3855884075164795	0.3446575999259949	0.37153127789497375	0.30463483929634094	-0.055268146097660065	0.4896784722805023	-0.3403072953224182	0.5081822276115417	0.31748300790786743	0.38110092282295227	0.5407776832580566	-0.3805750012397766	-0.557181179523468	-0.5857310891151428	-0.5745294690132141	-0.36577749252319336	-0.3386220335960388	0.22559724748134613	-0.6171334981918335	-0.02542828395962715	-0.11945487558841705	-0.16199851036071777	-0.6064260005950928	-0.599956750869751	0.10886552184820175	-0.3842044770717621	-0.45637941360473633	-0.32593557238578796	-0.21474313735961914	-0.4960736334323883	-0.489732563495636	-0.04488438740372658	-0.3589616119861603	0.1459389626979828	-0.07629203796386719	-0.2429346740245819	-0.24116475880146027	0.10196242481470108	-0.24943728744983673	0.026451731100678444	0.4285571873188019	0.133442685008049	0.12460276484489441	-0.1386389583349228	-0.1486450433731079	-0.2664383351802826	-0.10108890384435654	0.13421867787837982	-0.07670310884714127	0.04808738827705383	-0.2894744575023651	0.0642840564250946	-0.16255196928977966	0.08197132498025894	0.1168479472398758	0.324351966381073	-0.02859610505402088	-0.31266382336616516	0.004234623163938522	-0.22984984517097473	0.08451346307992935	0.23372234404087067	-0.12520170211791992	-0.0738653615117073	0.33135902881622314	-0.21530209481716156	-0.03603670001029968	-0.12116528302431107	0.17531752586364746	0.16866205632686615	0.047574762254953384	0.4760991036891937	0.1560170203447342	-0.19574013352394104	-0.1816713809967041	-0.21869713068008423	-0.09225722402334213	-0.27198484539985657	-0.13740436732769012	-0.23552994430065155	-0.14939899742603302	0.395560622215271	0.21433991193771362	-0.46194979548454285	0.2532724142074585	-0.5226023197174072	-0.27992796897888184	-0.19285957515239716	-0.5943119525909424
LH_Vis_7	-0.017414366826415062	0.6021865606307983	0.46401727199554443	0.2738708555698395	0.4172857105731964	0.49709874391555786	1.0	0.5804335474967957	0.6043671369552612	0.21041838824748993	0.4935457408428192	0.45881590247154236	0.08567490428686142	0.27304476499557495	0.01335854735225439	0.34957751631736755	0.18830052018165588	0.43704959750175476	0.33455342054367065	0.16629621386528015	0.27053382992744446	0.08902635425329208	0.4823145270347595	0.5674536824226379	0.25283920764923096	0.4625023901462555	0.37878870964050293	0.26462313532829285	0.35773324966430664	0.414857417345047	-0.5392029285430908	-0.37312811613082886	-0.298904687166214	-0.0341004878282547	-0.31795281171798706	0.10398775339126587	0.03405233472585678	-0.2813321650028229	-0.32010865211486816	0.39603665471076965	-0.4587387442588806	0.0913739949464798	-0.4309115707874298	0.15732495486736298	-0.2772364616394043	-0.1435677856206894	-0.3786691427230835	-0.2527965307235718	0.012966622598469257	-0.04772664234042168	0.3033321499824524	0.5155859589576721	0.5684365630149841	0.4091014862060547	0.3582100570201874	0.595632016658783	0.5710358619689941	0.49015212059020996	0.2127527892589569	0.3612332046031952	0.6276516914367676	0.21064572036266327	0.3068679869174957	0.42101651430130005	0.47836363315582275	0.030536409467458725	0.03665623068809509	0.18171536922454834	0.14914356172084808	0.335775226354599	0.09195153415203094	0.014100806787610054	0.43633782863616943	-0.1309938281774521	0.5132079124450684	0.4832364022731781	0.40817898511886597	0.4620290994644165	-0.6503263711929321	-0.6518129706382751	-0.31870487332344055	-0.4795522689819336	-0.22419065237045288	-0.48508182168006897	0.2808809280395508	-0.47210460901260376	0.004067892208695412	0.19401420652866364	-0.09444767981767654	-0.43132278323173523	-0.5680497884750366	0.12807205319404602	-0.26081863045692444	-0.4931265413761139	-0.4225013256072998	-0.09055037051439285	-0.45919716358184814	-0.19990195333957672	-0.04062206670641899	-0.1731732338666916	0.15670287609100342	-0.10128891468048096	-0.031147323548793793	-0.1598011553287506	0.05081421509385109	0.17036205530166626	-0.2783757746219635	-0.13326945900917053	-0.08021743595600128	0.059152115136384964	-0.2962389886379242	-0.033577270805835724	-0.32359617948532104	-0.33621102571487427	0.06688293814659119	-0.12932470440864563	0.11596787720918655	0.16076596081256866	-0.017972314730286598	0.05622585490345955	-0.3379535675048828	0.060167036950588226	0.3090529441833496	-0.11072807759046555	-0.26807600259780884	-0.0548153817653656	-0.4215982258319855	0.2513158321380615	0.2902475893497467	0.16954956948757172	-0.14258873462677002	0.1609157770872116	-0.018089940771460533	-0.14037233591079712	0.13773487508296967	0.113596111536026	0.23264722526073456	0.032527558505535126	0.10361234098672867	-0.13629037141799927	-0.37250545620918274	0.015288173221051693	-0.2714294493198395	-0.16812436282634735	-0.24261640012264252	-0.1845487803220749	-0.4193541407585144	-0.34714600443840027	-0.014744514599442482	-0.09405484050512314	-0.5192076563835144	0.09185843914747238	-0.40639448165893555	-0.3864266574382782	-0.36159172654151917	-0.5950611233711243
LH_Vis_8	-0.45401450991630554	0.9309913516044617	0.6883473992347717	0.5370272994041443	0.6813984513282776	0.6074616312980652	0.5804335474967957	1.0	0.8092716932296753	0.024141322821378708	0.2797953188419342	0.4513552784919739	0.2557532787322998	0.33597278594970703	-0.007150284945964813	0.22726376354694366	0.24427606165409088	0.7894248962402344	0.5012381672859192	0.30112209916114807	0.20706844329833984	-0.240016371011734	0.472878098487854	0.5714929699897766	0.07035122811794281	0.46995678544044495	0.5448821783065796	0.2588694095611572	0.22514764964580536	0.531143307685852	-0.603662371635437	-0.5165137052536011	-0.6000551581382751	0.000600484199821949	-0.5401790142059326	0.16709163784980774	0.1614523082971573	-0.5126864314079285	-0.38460132479667664	0.2449033558368683	-0.6735665202140808	0.25019168853759766	-0.5024739503860474	-0.2184860110282898	-0.36729004979133606	-0.39104369282722473	-0.5774203538894653	-0.575823187828064	-0.2805335223674774	-0.19136378169059753	0.06545732170343399	0.8772353529930115	0.43523678183555603	0.7118467688560486	0.7610937356948853	0.6213627457618713	0.9242104291915894	0.8962099552154541	0.03946542739868164	0.2643558382987976	0.5944477915763855	0.3035109341144562	0.45661741495132446	0.32980024814605713	0.3718456029891968	-0.08448051661252975	-0.20588159561157227	0.329710990190506	0.5063337683677673	0.7589676380157471	0.05625246465206146	0.046268828213214874	0.41319629549980164	-0.27205890417099	0.5597940683364868	0.42033737897872925	0.444611519575119	0.4840931296348572	-0.5479592084884644	-0.6710164546966553	-0.1988120675086975	-0.6224859356880188	-0.02251588925719261	-0.5883384346961975	0.5290986895561218	-0.5219649076461792	0.13188536465168	0.18074625730514526	-0.03169728070497513	-0.5411210656166077	-0.688029944896698	0.09936853498220444	-0.14924174547195435	-0.6310487985610962	-0.43097808957099915	-0.3021622896194458	-0.4155760109424591	-0.493897944688797	-0.20357252657413483	-0.26784569025039673	0.28080520033836365	-0.11372476816177368	-0.30887746810913086	-0.43462833762168884	9.806458547245711e-05	0.16534769535064697	-0.1529817134141922	-0.02340780384838581	0.011265785433351994	0.30813780426979065	0.03689431771636009	-0.09439092129468918	-0.3253079056739807	-0.620313823223114	0.20063483715057373	-0.27978312969207764	-0.0717860534787178	-0.3189319968223572	-0.05918484181165695	-0.05283043533563614	-0.43642762303352356	0.19229605793952942	0.40766745805740356	-0.09568750858306885	-0.4121667742729187	0.22612960636615753	-0.45808202028274536	0.20211565494537354	-0.0385805107653141	-0.08329376578330994	-0.11076973378658295	0.1271943747997284	-0.2325718104839325	-0.13845983147621155	-0.02292848564684391	-0.08615954965353012	0.02798972837626934	0.0886966660618782	0.19903571903705597	-0.16726388037204742	-0.41693931818008423	-0.13500085473060608	-0.6668774485588074	-0.30618682503700256	-0.5140008926391602	-0.46694299578666687	-0.3662070333957672	-0.20234334468841553	0.18279218673706055	0.2735631763935089	-0.3416372537612915	0.3522050678730011	-0.3331698775291443	-0.45720335841178894	-0.41891008615493774	-0.4943408966064453
LH_Vis_9	-0.17361187934875488	0.8489072918891907	0.8617943525314331	0.4101751148700714	0.7003281712532043	0.8180261850357056	0.6043671369552612	0.8092716932296753	1.0	-0.03657536953687668	0.15869644284248352	0.5014800429344177	-0.03364616632461548	0.2681759297847748	0.007999974302947521	0.046750716865062714	0.33415132761001587	0.6444135904312134	0.4847157299518585	0.44972658157348633	0.39945289492607117	-0.1609579473733902	0.4530051648616791	0.5666149854660034	0.3535381257534027	0.5087104439735413	0.43786054849624634	0.17157942056655884	0.40003708004951477	0.3773045837879181	-0.5889314413070679	-0.45850276947021484	-0.5973857045173645	-0.07198359072208405	-0.43970540165901184	0.3459361791610718	0.23260076344013214	-0.3038647472858429	-0.4415472447872162	0.22615677118301392	-0.594608724117279	0.2252132147550583	-0.5517997741699219	-0.037304602563381195	-0.4291267991065979	-0.3421218693256378	-0.503976583480835	-0.5116568803787231	0.052025847136974335	0.046209633350372314	-0.04674593359231949	0.7477123141288757	0.19509011507034302	0.4707155227661133	0.7788013815879822	0.8047800064086914	0.6877133846282959	0.8651615977287292	0.041029781103134155	0.1399666666984558	0.44981417059898376	0.02820040099322796	0.36330828070640564	0.2084977924823761	0.3063843846321106	-0.12133081257343292	0.048079315572977066	0.2593308985233307	0.2685743570327759	0.5360565185546875	0.24233409762382507	-0.0955137312412262	0.47866880893707275	-0.13802120089530945	0.5690737366676331	0.418901264667511	0.45452117919921875	0.5129387974739075	-0.5575299859046936	-0.5984260439872742	-0.43333539366722107	-0.5401321649551392	-0.28985026478767395	-0.5107212066650391	0.37861165404319763	-0.5226859450340271	0.12007057666778564	0.0159830953925848	0.18922044336795807	-0.46272170543670654	-0.709420382976532	0.33384737372398376	-0.20654277503490448	-0.6081585884094238	-0.32188424468040466	-0.13301333785057068	-0.3825671374797821	-0.42963871359825134	0.08079640567302704	-0.08444881439208984	0.04837198555469513	-0.0912390649318695	-0.2773151099681854	-0.4270458221435547	0.22063884139060974	-0.10005156695842743	-0.13825251162052155	0.086441770195961	0.09960510581731796	0.10246563702821732	-0.25048866868019104	-0.08305582404136658	-0.1025165393948555	-0.3236843943595886	-0.02401057444512844	-0.09785544872283936	0.17186594009399414	-0.2408459633588791	-0.19317527115345	-0.12897147238254547	-0.15440580248832703	0.14486294984817505	0.3660372495651245	-0.1564721316099167	-0.47000718116760254	0.05811484158039093	-0.16050651669502258	0.3543238639831543	0.24720534682273865	-0.1567535698413849	-0.2611415684223175	0.18626196682453156	-0.17696750164031982	-0.05467566102743149	-0.10460929572582245	-0.004538734909147024	0.16129286587238312	-0.12046864628791809	0.24958205223083496	-0.14283765852451324	-0.4670250713825226	-0.08738989382982254	-0.31215912103652954	-0.21336978673934937	-0.3234565556049347	-0.1691194623708725	-0.5295236706733704	-0.3172858655452728	0.03655640035867691	0.2006203830242157	-0.5205613374710083	0.23266719281673431	-0.3744807243347168	-0.42087408900260925	-0.4115825891494751	-0.766349196434021
LH_SomMot_1	-0.06020701304078102	0.00517198396846652	-0.027820413932204247	0.3753372132778168	0.13279037177562714	0.1357787400484085	0.21041838824748993	0.024141322821378708	-0.03657536953687668	1.0	0.6144965291023254	0.605442464351654	0.5414221286773682	0.5278939008712769	0.30699190497398376	-0.11436069756746292	0.17484532296657562	-0.04071154445409775	0.34819144010543823	-0.01296552736312151	0.47603005170822144	-0.11731038987636566	0.3489784598350525	0.31508657336235046	-0.029270967468619347	-0.22302928566932678	-0.040093306452035904	0.0008922435808926821	-0.12337954342365265	0.22286252677440643	0.22258888185024261	0.08746179938316345	-0.017735997214913368	-0.27946901321411133	-0.20800405740737915	-0.6002748012542725	-0.5921189785003662	-0.03247469663619995	0.022666364908218384	0.30579519271850586	-0.10482891649007797	-0.2208094447851181	-0.03321656957268715	0.041762515902519226	-0.0891900435090065	0.08532874286174774	-0.1090460792183876	0.004695563111454248	-0.27866053581237793	-0.43575114011764526	0.009707321412861347	-0.007229928392916918	0.14391347765922546	0.33162856101989746	0.13558602333068848	0.07258981466293335	-0.0071701779961586	0.06544763594865799	0.8893184065818787	0.5323031544685364	0.6281887888908386	0.46300044655799866	0.5235914587974548	0.45327773690223694	0.5330063700675964	0.4310431480407715	0.06997469067573547	0.3609505295753479	-0.06591298431158066	-0.02127419412136078	0.34880608320236206	-0.12827546894550323	0.16816166043281555	-0.09513558447360992	0.35731953382492065	-0.09878837317228317	0.10526807606220245	0.06572882831096649	0.05716753751039505	-0.15912187099456787	-0.21843335032463074	-0.19790644943714142	0.06269747763872147	-0.27693358063697815	-0.12045485526323318	-0.17225037515163422	-0.417950302362442	-0.14983956515789032	-0.4867492616176605	-0.15091203153133392	0.006773415952920914	-0.0412922203540802	-0.01706535369157791	0.053486138582229614	-0.16551870107650757	0.028876202180981636	-0.1028551235795021	-0.052820488810539246	-0.2626833915710449	-0.25064367055892944	0.43743082880973816	-0.19244641065597534	-0.1476425975561142	0.14289191365242004	-0.395626425743103	-0.17739635705947876	-0.2622297704219818	0.007448696531355381	-0.40520206093788147	-0.3813858926296234	0.11602726578712463	-0.3040110170841217	-0.16202500462532043	-0.14517123997211456	0.2236045002937317	-0.2742517590522766	-0.33590108156204224	-0.19261236488819122	0.25777432322502136	-0.1558907926082611	-0.24869534373283386	-0.18654298782348633	0.2745930850505829	0.18065625429153442	0.11684992909431458	0.05480363965034485	-0.21394921839237213	-0.3229949474334717	-0.20813563466072083	-0.1825876384973526	0.04197853431105614	-0.23098300397396088	-0.10816594213247299	-0.23182447254657745	-0.24879422783851624	0.04114418849349022	-0.36150699853897095	-0.10609990358352661	-0.1866283118724823	0.10717807710170746	-0.21844911575317383	0.15999887883663177	-0.12388941645622253	0.5213404297828674	0.0020842745434492826	-0.21024082601070404	0.24346469342708588	0.21492353081703186	0.2000933438539505	-0.22796981036663055	-0.35906782746315	-0.19840854406356812	-0.2537534236907959	-0.23596008121967316	-0.15515261888504028	-0.06895732134580612
LH_SomMot_2	-0.19501379132270813	0.29666265845298767	0.009669817984104156	0.5038729906082153	0.3221760094165802	0.36955901980400085	0.4935457408428192	0.2797953188419342	0.15869644284248352	0.6144965291023254	1.0	0.5541902780532837	0.6286337375640869	0.538604736328125	0.48093271255493164	0.07657560706138611	0.228611022233963	0.03848644345998764	0.38047680258750916	-0.20713047683238983	0.4544471204280853	0.0430547334253788	0.30461618304252625	0.31520456075668335	-0.14880239963531494	0.032213546335697174	0.0783327966928482	0.2749703526496887	-0.15982945263385773	0.4294125437736511	-0.07925819605588913	-0.13527704775333405	-0.06723511964082718	-0.09332388639450073	-0.18556486070156097	-0.4524560570716858	-0.46618571877479553	-0.15007798373699188	-0.12216705828905106	0.16095328330993652	-0.3476114869117737	-0.18873517215251923	-0.12728479504585266	-0.0010989831062033772	-0.14073261618614197	-0.1191883236169815	-0.31955090165138245	-0.11527635157108307	-0.295873761177063	-0.43760257959365845	0.08016111701726913	0.21631087362766266	0.3717534840106964	0.5880564451217651	0.3125590682029724	0.32463061809539795	0.31053417921066284	0.24799799919128418	0.6964161992073059	0.7132706046104431	0.759335994720459	0.5395792126655579	0.6626523733139038	0.561511754989624	0.7023860216140747	0.57879239320755	-0.16878001391887665	0.3030422031879425	0.1084313616156578	0.031266435980796814	0.16730450093746185	-0.014411427080631256	0.3218088746070862	-0.22496342658996582	0.3071710169315338	0.011394533328711987	0.131251722574234	0.2078595608472824	-0.12932440638542175	-0.39724186062812805	-0.2231738567352295	-0.24536274373531342	0.10297226160764694	-0.29078415036201477	-0.02847408503293991	-0.2695179581642151	-0.20858298242092133	0.09442853927612305	-0.5018585324287415	-0.3175182640552521	-0.09817515313625336	-0.12495148926973343	-0.17821575701236725	-0.031357210129499435	-0.2360275834798813	0.08621737360954285	-0.24942512810230255	-0.01779680885374546	-0.28514501452445984	-0.2595890164375305	0.25616446137428284	-0.26058343052864075	-0.19150952994823456	0.06722576171159744	-0.35492873191833496	0.08911610394716263	-0.051203176379203796	0.17449809610843658	-0.30965760350227356	-0.05909842625260353	-0.029503336176276207	-0.26326844096183777	-0.426153302192688	-0.19225852191448212	0.1386917531490326	-0.28805994987487793	-0.10410908609628677	0.005961242597550154	0.3468383252620697	0.10160212963819504	-0.33881086111068726	0.16485737264156342	0.31854814291000366	-0.07381563633680344	0.13904830813407898	-0.028280435130000114	-0.4798737168312073	-0.2446567267179489	-0.06700492650270462	0.06201338395476341	0.10764247924089432	0.01924232952296734	-0.155950129032135	-0.4522172808647156	-0.09660214930772781	0.2745334208011627	0.09457426518201828	0.29443493485450745	0.1594354808330536	0.36312776803970337	0.025792580097913742	0.0014947539893910289	-0.2968616783618927	0.2359015941619873	-0.012050910852849483	-0.23038843274116516	0.06100567430257797	-0.002912506926804781	0.3194935917854309	-0.09557433426380157	-0.3697458803653717	-0.124024897813797	-0.48818889260292053	-0.3993476331233978	-0.28949180245399475	-0.20968253910541534
LH_SomMot_3	-0.03966689854860306	0.47818315029144287	0.41794589161872864	0.5872434973716736	0.5881261825561523	0.4977791905403137	0.45881590247154236	0.4513552784919739	0.5014800429344177	0.605442464351654	0.5541902780532837	1.0	0.318790078163147	0.4672669768333435	0.15958309173583984	-0.2770852744579315	0.34910285472869873	0.1872396320104599	0.334367036819458	0.35274171829223633	0.6717473268508911	-0.2657076418399811	0.5682858824729919	0.6068533658981323	0.4646310806274414	0.11917731910943985	0.1694532185792923	-0.013118629343807697	0.26621726155281067	0.4859125018119812	-0.4082111716270447	-0.3234693706035614	-0.5402008295059204	-0.49147993326187134	-0.5864402651786804	-0.35152092576026917	-0.36254259943962097	-0.23403705656528473	-0.45648184418678284	0.3021232485771179	-0.5709589123725891	-0.0726623609662056	-0.5018433928489685	-0.02087014727294445	-0.6176444888114929	-0.2574174404144287	-0.46948444843292236	-0.47665706276893616	-0.029640279710292816	-0.3006426990032196	-0.022578397765755653	0.2814989984035492	0.07039697468280792	0.523179829120636	0.6291386485099792	0.49391475319862366	0.2781508266925812	0.5971887707710266	0.4966967701911926	0.30269357562065125	0.7613840699195862	0.21849560737609863	0.6511306762695312	0.3560722768306732	0.4804912209510803	0.06640837341547012	0.3004183769226074	0.24447737634181976	-0.000717879505828023	0.22507844865322113	0.5647662878036499	-0.09919275343418121	0.597965657711029	0.04678482189774513	0.619249165058136	0.2598385512828827	0.38178473711013794	0.48614153265953064	-0.19046266376972198	-0.40200427174568176	-0.3951859176158905	-0.36369556188583374	-0.03996085375547409	-0.47605612874031067	0.16248176991939545	-0.2907862365245819	-0.3048152029514313	-0.08065063506364822	-0.09033525735139847	-0.2550187110900879	-0.29178687930107117	0.31955674290657043	-0.011209851130843163	-0.17036350071430206	-0.15087351202964783	0.16566652059555054	-0.14546902477741241	-0.05991748720407486	0.02536734938621521	-0.07334323972463608	0.15381991863250732	-0.12089083343744278	-0.3609366714954376	-0.02541736699640751	0.08079288899898529	-0.16460293531417847	-0.0566408596932888	-0.11192600429058075	-0.40834686160087585	-0.13516177237033844	-0.21963798999786377	-0.035900115966796875	0.0638526901602745	-0.2061188966035843	-0.08526195585727692	-0.05828472971916199	-0.01973368227481842	-0.2556760907173157	-0.06814746558666229	-0.3029746413230896	-0.2241152673959732	0.024735044687986374	0.5403797030448914	0.10096200555562973	-0.39883044362068176	0.08127204328775406	-0.03923315182328224	0.2054683417081833	-0.06300094723701477	-0.43503397703170776	-0.37053102254867554	-0.24593523144721985	-0.26009273529052734	-0.30317479372024536	-0.0927676185965538	-0.00530850188806653	-0.10144617408514023	-0.37228924036026	-0.043065618723630905	-0.0015768541488796473	-0.2902882397174835	0.10930738598108292	-0.23714324831962585	0.17483066022396088	0.022339768707752228	0.055443570017814636	-0.24862349033355713	-0.03669522702693939	-0.07981391251087189	0.09432940930128098	-0.477478563785553	-0.011820411309599876	-0.2094416618347168	-0.5789207220077515	-0.5481922626495361	-0.53631192445755
