../../.git/annex/objects/wZ/vj/SHA256E-s7221077--9badf3f5cdab51db77cde5a812445ea3e11b7b953cd907dfb75ffee767197fa9.tsv/SHA256E-s7221077--9badf3f5cdab51db77cde5a812445ea3e11b7b953cd907dfb75ffee767197fa9.tsv