Node	LH_Vis_1	LH_Vis_2	LH_Vis_3	LH_Vis_4	LH_Vis_5	LH_Vis_6	LH_Vis_7	LH_Vis_8	LH_Vis_9	LH_SomMot_1	LH_SomMot_2	LH_SomMot_3	LH_SomMot_4	LH_SomMot_5	LH_SomMot_6	LH_DorsAttn_Post_1	LH_DorsAttn_Post_2	LH_DorsAttn_Post_3	LH_DorsAttn_Post_4	LH_DorsAttn_Post_5	LH_DorsAttn_Post_6	LH_DorsAttn_PrCv_1	LH_DorsAttn_FEF_1	LH_SalVentAttn_ParOper_1	LH_SalVentAttn_FrOperIns_1	LH_SalVentAttn_FrOperIns_2	LH_SalVentAttn_PFCl_1	LH_SalVentAttn_Med_1	LH_SalVentAttn_Med_2	LH_SalVentAttn_Med_3	LH_Limbic_OFC_1	LH_Limbic_TempPole_1	LH_Limbic_TempPole_2	LH_Cont_Par_1	LH_Cont_PFCl_1	LH_Cont_pCun_1	LH_Cont_Cing_1	LH_Default_Temp_1	LH_Default_Temp_2	LH_Default_Par_1	LH_Default_Par_2	LH_Default_PFC_1	LH_Default_PFC_2	LH_Default_PFC_3	LH_Default_PFC_4	LH_Default_PFC_5	LH_Default_PFC_6	LH_Default_PFC_7	LH_Default_pCunPCC_1	LH_Default_pCunPCC_2	RH_Vis_1	RH_Vis_2	RH_Vis_3	RH_Vis_4	RH_Vis_5	RH_Vis_6	RH_Vis_7	RH_Vis_8	RH_SomMot_1	RH_SomMot_2	RH_SomMot_3	RH_SomMot_4	RH_SomMot_5	RH_SomMot_6	RH_SomMot_7	RH_SomMot_8	RH_DorsAttn_Post_1	RH_DorsAttn_Post_2	RH_DorsAttn_Post_3	RH_DorsAttn_Post_4	RH_DorsAttn_Post_5	RH_DorsAttn_PrCv_1	RH_DorsAttn_FEF_1	RH_SalVentAttn_TempOccPar_1	RH_SalVentAttn_TempOccPar_2	RH_SalVentAttn_FrOperIns_1	RH_SalVentAttn_Med_1	RH_SalVentAttn_Med_2	RH_Limbic_OFC_1	RH_Limbic_TempPole_1	RH_Cont_Par_1	RH_Cont_Par_2	RH_Cont_PFCl_1	RH_Cont_PFCl_2	RH_Cont_PFCl_3	RH_Cont_PFCl_4	RH_Cont_Cing_1	RH_Cont_PFCmp_1	RH_Cont_pCun_1	RH_Default_Par_1	RH_Default_Temp_1	RH_Default_Temp_2	RH_Default_Temp_3	RH_Default_PFCv_1	RH_Default_PFCv_2	RH_Default_PFCdPFCm_1	RH_Default_PFCdPFCm_2	RH_Default_PFCdPFCm_3	RH_Default_pCunPCC_1	RH_Default_pCunPCC_2	LH-Pu	LH-Ca	LH-NAC	LH-EXA	LH-GPe	LH-GPi	LH-SNc_PBP_VTA	LH-RN	LH-SNr	LH-VeP	LH-HN	LH-HTH	LH-MN	LH-STH	RH-Pu	RH-Ca	RH-NAC	RH-EXA	RH-GPe	RH-GPi	RH-SNc_PBP_VTA	RH-RN	RH-SNr	RH-VeP	RH-HN	RH-HTH	RH-MN	RH-STH	LH-Pulvinar	LH-Anterior	LH-Medio_Dorsal	LH-Ventral_Latero_Dorsal	LH-Central_Lateral-Lateral_Posterior-Medial_Pulvinar	LH-Ventral_Anterior	LH-Ventral_Latero_Ventral	RH-Pulvinar	RH-Anterior	RH-Medio_Dorsal	RH-Ventral_Latero_Dorsal	RH-Central_Lateral-Lateral_Posterior-Medial_Pulvinar	RH-Ventral_Anterior	RH-Ventral_Latero_Ventral	LH_Hippocampus	LH_Amygdala	RH_Hippocampus	RH_Amygdala	Cerebellar_Region1	Cerebellar_Region2	Cerebellar_Region3	Cerebellar_Region4	Cerebellar_Region5	Cerebellar_Region6	Cerebellar_Region7	Cerebellar_Region8	Cerebellar_Region9	Cerebellar_Region10
LH_Vis_1	1.0	0.5539469718933105	0.7075191140174866	0.05044988915324211	0.32441598176956177	0.6266078948974609	0.5586388111114502	0.6969023942947388	0.6164190769195557	-0.1513240933418274	-0.22046209871768951	-0.4686281681060791	-0.4889352321624756	-0.04143405705690384	-0.19927988946437836	0.38896816968917847	0.08483729511499405	0.2316984236240387	-0.01905856654047966	0.21409371495246887	0.04169204458594322	-0.10231861472129822	0.15017805993556976	-0.08951947093009949	-0.02015489898622036	0.04504045471549034	0.19219975173473358	-0.016146209090948105	0.31515923142433167	0.13224653899669647	-0.20110782980918884	0.09471460431814194	-0.1029975488781929	-0.14288929104804993	-0.3091319799423218	0.30563637614250183	0.04401799291372299	-0.10875579714775085	-0.29979002475738525	-0.03716389462351799	-0.26470765471458435	0.12079618126153946	-0.35380715131759644	0.2534621059894562	-0.2943548262119293	-0.23269997537136078	-0.5093950033187866	-0.13128161430358887	0.6009733080863953	-0.21914882957935333	0.8590298891067505	0.7542415261268616	0.5027480125427246	0.08616004884243011	0.63191157579422	0.6824560761451721	0.6163887977600098	0.6754273772239685	-0.10073504596948624	-0.23509463667869568	-0.47635942697525024	-0.47856763005256653	-0.16702064871788025	-0.09276429563760757	-0.228041872382164	-0.28299227356910706	0.5583570599555969	-0.1773117631673813	-0.06837145239114761	0.3570924997329712	0.007400908041745424	-0.12600569427013397	-0.062258899211883545	0.006445848848670721	-0.06632724404335022	-0.017135007306933403	0.2449692189693451	0.05189211666584015	0.12877829372882843	-0.09072820842266083	-0.3955899477005005	-0.244717076420784	-0.468288391828537	-0.1972290277481079	-0.0732356384396553	-0.4170270562171936	-0.14060178399085999	-0.15818394720554352	-0.1936001479625702	-0.462896466255188	-0.1740700900554657	0.022403744980692863	-0.19215156137943268	-0.08666948229074478	-0.19993257522583008	0.2890428900718689	-0.2770652174949646	-0.2729949355125427	0.6422421336174011	-0.14920976758003235	-0.13522419333457947	-0.22287096083164215	0.041993699967861176	-0.025756750255823135	0.06100631132721901	-0.11829917877912521	0.1831873506307602	0.18698158860206604	-0.13652552664279938	0.20807971060276031	-0.0036330861039459705	0.3162665367126465	0.05944042280316353	0.31382179260253906	-0.12175445258617401	-0.11851069331169128	0.17039038240909576	-0.0037725113797932863	-0.05750204250216484	-0.02606600522994995	-0.3121803104877472	-0.32707175612449646	-0.19604142010211945	0.1716669350862503	-0.14047852158546448	0.2794138193130493	-0.24389229714870453	-0.10251321643590927	0.30497682094573975	-0.06814397126436234	0.002574075711891055	0.13423602283000946	0.07195492088794708	0.040732961148023605	0.0718066543340683	0.3156317472457886	0.07805698364973068	-0.17457033693790436	0.1936974823474884	-0.08121714740991592	0.18613500893115997	0.07611735165119171	0.4913247525691986	-0.00026519366656430066	0.6340168118476868	0.34183287620544434	0.3328041732311249	0.3256315290927887	0.40295711159706116	0.2903810441493988	0.028928615152835846	0.2883712947368622	-0.043464675545692444	0.04619181901216507	0.033674586564302444	-0.07308413833379745
LH_Vis_2	0.5539469718933105	1.0	0.59428870677948	0.36401548981666565	0.7301536798477173	0.6702802181243896	0.4309907853603363	0.7368093729019165	0.553044855594635	-0.13745488226413727	-0.0402941070497036	-0.1700010448694229	-0.44204652309417725	0.18269839882850647	-0.103271484375	0.467614084482193	0.11559368669986725	0.5263829231262207	0.3085026144981384	0.28017890453338623	0.33364081382751465	0.15067066252231598	0.4948256313800812	-0.04935147613286972	0.05007367581129074	0.0920652523636818	0.1440654993057251	-0.1316196471452713	0.08027055859565735	0.2304413914680481	-0.5098665952682495	-0.09892723709344864	-0.38368311524391174	-0.12814153730869293	-0.33768147230148315	0.33452460169792175	-0.21093620359897614	-0.22416040301322937	-0.20149099826812744	0.07035182416439056	-0.37823131680488586	0.01652640663087368	-0.43990185856819153	-0.12705865502357483	-0.3598170578479767	-0.4534419775009155	-0.34221869707107544	-0.22173865139484406	0.2434820681810379	-0.28056299686431885	0.6063857078552246	0.6458823680877686	0.6018528938293457	0.42936721444129944	0.61314457654953	0.5777119994163513	0.6954038739204407	0.48507097363471985	-0.007641047704964876	-0.10965447127819061	-0.2178962677717209	-0.45437315106391907	-0.2817520201206207	-0.09097990393638611	0.005349969491362572	-0.18310533463954926	0.32670438289642334	0.09081313014030457	0.10324858874082565	0.5406689047813416	0.18705938756465912	-0.23043781518936157	0.231888085603714	-0.054850250482559204	-0.05107557401061058	-0.05757082253694534	0.08472497016191483	0.19115279614925385	-0.28541430830955505	-0.2390318065881729	-0.5018558502197266	-0.2355489879846573	-0.4435740113258362	-0.34752172231674194	-0.06471554189920425	-0.3624931275844574	-0.23148660361766815	-0.29689550399780273	0.024048486724495888	-0.44727861881256104	-0.3669222891330719	-0.128052219748497	-0.2281312346458435	-0.34966278076171875	-0.45260414481163025	-0.04991373419761658	-0.4041278064250946	-0.2009122371673584	0.3219994902610779	-0.14708450436592102	-0.3166883885860443	-0.30505362153053284	0.08475662022829056	-0.1934235394001007	-0.11955349892377853	-0.043449874967336655	-0.12959806621074677	-0.05496504157781601	-0.10194892436265945	0.16740047931671143	0.15048275887966156	0.09287531673908234	-0.15518997609615326	0.4907078444957733	-0.3415517508983612	-0.23289050161838531	0.11306338757276535	0.2161099910736084	0.11691921949386597	0.13509291410446167	-0.0015775432111695409	-0.09837328642606735	-0.024295074865221977	0.3014666438102722	0.07006341964006424	0.18516957759857178	-0.11488009244203568	0.06964556127786636	0.39959031343460083	-0.25530847907066345	0.022139787673950195	0.09428223222494125	0.30845415592193604	-0.121335968375206	0.14821018278598785	0.20800910890102386	-0.12461700290441513	-0.07068793475627899	0.22018511593341827	-0.017763957381248474	0.06246846914291382	0.20982080698013306	0.07966340333223343	-0.2639581859111786	0.2248869240283966	-0.035701122134923935	0.36313700675964355	0.3314736783504486	0.443893164396286	0.1498671919107437	0.15608389675617218	0.3863924443721771	0.12496715784072876	0.1213652640581131	0.08879150450229645	-0.2596530020236969
LH_Vis_3	0.7075191140174866	0.59428870677948	1.0	-0.1350025087594986	0.5047329068183899	0.8776533007621765	0.7769508361816406	0.7332742214202881	0.9430446624755859	0.3165515065193176	0.15348900854587555	-0.0632018893957138	-0.35311874747276306	0.0743217021226883	0.11900681257247925	0.15464994311332703	0.31481170654296875	0.2022499144077301	0.19136449694633484	0.3171807825565338	0.3026033341884613	-0.17009222507476807	0.3648890554904938	0.185460165143013	0.4729176461696625	0.1776229441165924	0.24169307947158813	-0.05783017724752426	0.560491681098938	0.24134814739227295	-0.6480381488800049	-0.1691582351922989	-0.49676159024238586	-0.45026248693466187	-0.6172500848770142	0.2517881989479065	-0.18502277135849	-0.28704893589019775	-0.5648382306098938	0.0841798335313797	-0.6089699864387512	-0.007461647968739271	-0.6469677090644836	0.07703085243701935	-0.5504976511001587	-0.410246342420578	-0.6255156993865967	-0.4396875202655792	0.3831445276737213	-0.37849265336990356	0.7325505614280701	0.7801356315612793	0.6124184727668762	0.05253380909562111	0.880730152130127	0.8747394680976868	0.6143441796302795	0.895649254322052	0.37929466366767883	0.11722821742296219	-0.10863959789276123	-0.31902840733528137	0.2208445966243744	0.15087443590164185	0.042860087007284164	-0.006868898868560791	0.564168393611908	0.06585575640201569	-0.18370792269706726	0.42470288276672363	0.33299484848976135	0.09509103000164032	0.2986905872821808	0.2368469089269638	0.3815509080886841	0.42039141058921814	0.5366652011871338	0.40116602182388306	-0.10766153037548065	-0.1935594528913498	-0.5198416709899902	-0.5650753378868103	-0.5690847635269165	-0.46620798110961914	0.142593115568161	-0.5006342530250549	-0.17574259638786316	-0.2304430603981018	-0.26327329874038696	-0.5835743546485901	-0.5600108504295349	0.13229361176490784	-0.025226259604096413	-0.32350099086761475	-0.33164525032043457	0.1651843786239624	-0.22996366024017334	-0.416430801153183	0.447736531496048	-0.29140836000442505	0.06795033067464828	-0.25687792897224426	0.23579424619674683	-0.1606205552816391	-0.09221550077199936	-0.27060791850090027	0.01793656311929226	0.2274179607629776	-0.30916208028793335	0.2924787104129791	0.13024739921092987	0.08872184157371521	-0.12057408690452576	0.20134000480175018	0.1312200129032135	-0.047368280589580536	0.19287945330142975	0.0734478235244751	0.14631403982639313	0.07003407180309296	-0.3441292941570282	-0.336003839969635	-0.2032950520515442	0.30250346660614014	-0.2670574486255646	0.14477825164794922	-0.11882330477237701	-0.09791547805070877	0.34261465072631836	-0.05538070574402809	0.0697275847196579	0.33652177453041077	0.29594287276268005	0.11156169325113297	0.19618107378482819	0.5001452565193176	-0.0074204797856509686	-0.17894919216632843	0.39822229743003845	0.20190675556659698	0.21285630762577057	0.2708895206451416	0.20448359847068787	-0.06966830044984818	0.5326581597328186	0.3239007294178009	0.45716342329978943	0.36640259623527527	0.37786242365837097	0.33873751759529114	-0.05278468504548073	0.3047780692577362	-0.09290154278278351	-0.0592561699450016	-0.18394409120082855	-0.20339013636112213
LH_Vis_4	0.05044988915324211	0.36401548981666565	-0.1350025087594986	1.0	0.21528592705726624	0.07229625433683395	-0.38344046473503113	-0.025752972811460495	-0.11247492581605911	-0.35841694474220276	-0.21108579635620117	-0.31086674332618713	-0.18763545155525208	0.20782019197940826	-0.07366662472486496	0.32730478048324585	-0.2818829119205475	0.28342607617378235	0.05756783112883568	-0.2843954861164093	-0.031339604407548904	0.12262797355651855	-0.1469985693693161	-0.5522971153259277	-0.421986848115921	-0.5462709665298462	-0.5183225870132446	-0.5083244442939758	-0.3565298914909363	-0.20573976635932922	0.010115543380379677	0.041508082300424576	0.15477041900157928	0.09293102473020554	0.18676845729351044	0.21432411670684814	-0.08263418078422546	0.01432210486382246	0.2389535754919052	-0.34807655215263367	0.03340965509414673	-0.4368124008178711	0.0898701399564743	0.09707040339708328	-0.25885438919067383	-0.3928576707839966	0.0889003574848175	-0.05812922120094299	0.34376075863838196	0.2944709062576294	0.07978854328393936	-0.18103836476802826	0.04076877236366272	0.7511999607086182	-0.011197512038052082	0.14813989400863647	0.020008597522974014	-0.1373150497674942	-0.27124321460723877	-0.176438108086586	-0.16260087490081787	-0.2305644005537033	-0.3783765733242035	-0.03314531594514847	-0.018474671989679337	-0.14076654613018036	-0.20694901049137115	-0.03863846883177757	0.18396243453025818	0.11030685901641846	-0.34357330203056335	-0.3862835168838501	-0.34296420216560364	-0.3618386685848236	-0.37129896879196167	-0.5106086134910583	-0.21549883484840393	-0.40781235694885254	-0.041180744767189026	0.04511342570185661	-0.27296003699302673	0.4653002619743347	-0.027060266584157944	0.12559932470321655	-0.5998879075050354	0.03980632871389389	0.11672524362802505	-0.43421173095703125	0.17654980719089508	-0.028316931799054146	0.17858640849590302	0.13902489840984344	-0.3661128282546997	-0.19250859320163727	-0.00240927841514349	0.1685614287853241	-0.40486380457878113	0.16650421917438507	0.46472758054733276	0.452712744474411	-0.4999186098575592	-0.017948687076568604	0.024982692673802376	0.1022096648812294	-0.21076807379722595	0.1937350630760193	-0.22814665734767914	-0.18569955229759216	0.28122860193252563	0.015691855922341347	-0.029382824897766113	-0.1566646844148636	-0.05976497381925583	0.26704394817352295	-0.48380765318870544	0.05404926463961601	-0.04693850129842758	0.3141246736049652	-0.09007290005683899	0.1759709119796753	0.25704142451286316	0.03336106613278389	0.20482301712036133	0.0736493170261383	0.2784789800643921	0.022168267518281937	0.07308567315340042	0.18699690699577332	0.4206946790218353	-0.3410467207431793	-0.17806483805179596	-0.3341645300388336	-0.20476292073726654	-0.3681216239929199	-0.04481545090675354	0.04702243208885193	-0.3318323493003845	-0.08537488430738449	-0.2828656733036041	-0.3443545401096344	-0.23346596956253052	-0.22713512182235718	0.295624703168869	-0.1626666933298111	0.004897275473922491	-0.11466093361377716	-0.1785380095243454	0.02156972885131836	-0.056215252727270126	-0.1440538763999939	-0.18134143948554993	-0.19035851955413818	-0.06615069508552551	0.003050111699849367	0.03168462961912155	-0.0018663842929527164
LH_Vis_5	0.32441598176956177	0.7301536798477173	0.5047329068183899	0.21528592705726624	1.0	0.5210561156272888	0.26825907826423645	0.4738404452800751	0.45737162232398987	0.06402502208948135	0.16783905029296875	0.08430708944797516	-0.21535331010818481	0.2607402801513672	0.20206892490386963	0.012189751490950584	0.08377434313297272	0.12813369929790497	0.3136403560638428	0.17693659663200378	0.35188406705856323	-0.142793208360672	0.315900981426239	-0.018093599006533623	0.2278662621974945	0.18507738411426544	0.17687813937664032	-0.011140943504869938	0.1699250340461731	0.24995596706867218	-0.4254013001918793	-0.05370580777525902	-0.34585845470428467	-0.37888550758361816	-0.4037037193775177	-0.08930156379938126	-0.17387755215168	-0.19843700528144836	-0.2311670482158661	0.013902595266699791	-0.45508697628974915	0.08104605972766876	-0.3246764838695526	-0.023186322301626205	-0.2771297097206116	-0.26476871967315674	-0.41068345308303833	-0.12587562203407288	-0.006711244583129883	-0.3173845410346985	0.398568719625473	0.49084708094596863	0.3572021722793579	0.36834031343460083	0.576326310634613	0.4568801820278168	0.43864062428474426	0.38799476623535156	0.12979498505592346	0.12192585319280624	-0.10803459584712982	-0.25386226177215576	-0.03627745434641838	0.10737140476703644	0.13879571855068207	0.10250844061374664	0.09326637536287308	0.13500458002090454	-0.17328038811683655	0.21021397411823273	0.1636468917131424	-0.1828772872686386	0.28631964325904846	0.06584268063306808	0.025910770520567894	0.0788455680012703	0.2038518786430359	0.2666572332382202	-0.20148488879203796	-0.061463918536901474	-0.4211367070674896	-0.4066331684589386	-0.3295057713985443	-0.3329811692237854	0.10397472232580185	-0.36756110191345215	-0.2266891747713089	-0.22849513590335846	-0.22271275520324707	-0.3855254650115967	-0.5133758187294006	-0.0810934454202652	-0.07275010645389557	-0.2090391367673874	-0.281421959400177	0.09390532225370407	-0.17320863902568817	-0.3106588125228882	0.1783898025751114	-0.21502918004989624	-0.3138085603713989	-0.309507817029953	-0.02348233014345169	-0.2588910758495331	-0.210649311542511	-0.08721460402011871	-0.17556385695934296	0.04574454948306084	-0.2329830825328827	0.1976335346698761	0.13829317688941956	0.15237636864185333	-0.12975068390369415	0.17814162373542786	-0.24493850767612457	-0.2273535132408142	0.09015951305627823	0.27301913499832153	0.18901702761650085	0.12279414385557175	0.02019135095179081	-0.0006755806389264762	0.11827554553747177	0.3464981019496918	0.06796795129776001	0.0969885066151619	0.08401139825582504	0.07386184483766556	0.2494252324104309	-0.268433153629303	0.012475457973778248	0.02891157940030098	0.30937013030052185	-0.11448400467634201	0.260162889957428	0.21789991855621338	-0.2785080671310425	-0.009523913264274597	0.08364064246416092	0.1694776713848114	-0.010557715781033039	0.19812873005867004	0.002723142970353365	-0.08142207562923431	0.1729092299938202	0.12137503176927567	0.3439876437187195	0.34976327419281006	0.3018256425857544	0.21234461665153503	0.10215849429368973	0.2961728572845459	0.09521333873271942	0.19594496488571167	0.01613723114132881	-0.10560312122106552
LH_Vis_6	0.6266078948974609	0.6702802181243896	0.8776533007621765	0.07229625433683395	0.5210561156272888	1.0	0.6892385482788086	0.7235177755355835	0.9130387902259827	0.1580348014831543	0.10523399710655212	-0.09969941526651382	-0.3609553873538971	0.2226814329624176	0.015119682066142559	0.3400450050830841	0.28727397322654724	0.411654531955719	0.3180500566959381	0.31742218136787415	0.3868313431739807	-0.059088703244924545	0.4236348867416382	-0.015243670903146267	0.29664140939712524	0.007843040861189365	0.10314610600471497	-0.24396032094955444	0.39938461780548096	0.13822411000728607	-0.6504442095756531	-0.20961801707744598	-0.43595951795578003	-0.39346933364868164	-0.5339192748069763	0.2960855960845947	-0.27330827713012695	-0.2959441542625427	-0.48503780364990234	0.019888516515493393	-0.5761848092079163	-0.1740037351846695	-0.6146124005317688	-0.0443386510014534	-0.5708917379379272	-0.5543193221092224	-0.5351249575614929	-0.38992002606391907	0.36724570393562317	-0.370033323764801	0.6729766726493835	0.6563406586647034	0.6148269772529602	0.21818530559539795	0.8712459802627563	0.9203146696090698	0.618309497833252	0.7638469338417053	0.2581309676170349	0.09455393254756927	-0.07231511920690536	-0.3327753245830536	0.08796168118715286	0.1345931738615036	0.09784747660160065	-0.12735819816589355	0.5425276756286621	0.2089419960975647	-0.06548125296831131	0.4943472146987915	0.333678275346756	0.016571439802646637	0.2268633395433426	0.05511034280061722	0.33944541215896606	0.29051780700683594	0.3957885205745697	0.28957507014274597	-0.19234581291675568	-0.21228322386741638	-0.5479620695114136	-0.4414701461791992	-0.5444190502166748	-0.43692752718925476	0.006951406132429838	-0.43240106105804443	-0.28580597043037415	-0.38302451372146606	-0.13687437772750854	-0.6013091802597046	-0.5039417743682861	0.08125504851341248	-0.23276416957378387	-0.4194760024547577	-0.3775649964809418	0.018534092232584953	-0.3537549674510956	-0.3330969214439392	0.4941621720790863	-0.2763538360595703	-0.035645611584186554	-0.26905059814453125	0.21825644373893738	-0.1038382276892662	-0.055074259638786316	-0.23072916269302368	0.05184394493699074	0.10734441131353378	-0.20475037395954132	0.2928214371204376	0.24361559748649597	0.02218797244131565	-0.21399854123592377	0.2493930160999298	-0.004149249754846096	-0.035351917147636414	0.030225006863474846	0.1674196422100067	0.11481259018182755	0.11789290606975555	-0.258493036031723	-0.2861396074295044	-0.051788922399282455	0.23423367738723755	-0.12012459337711334	0.09797977656126022	-0.18252220749855042	-0.03810364007949829	0.4770777225494385	-0.07315876334905624	0.06429208070039749	0.27081143856048584	0.4432668387889862	0.12070111930370331	0.21178819239139557	0.5141505002975464	-0.031723033636808395	-0.12690229713916779	0.4569753408432007	0.21675647795200348	0.2721112072467804	0.2530617415904999	0.12915395200252533	-0.2167726308107376	0.3354283273220062	0.11673706024885178	0.35150963068008423	0.3287481963634491	0.3321552872657776	0.23774181306362152	-0.11428964138031006	0.18678829073905945	-0.08629634231328964	-0.07556082308292389	-0.22028480470180511	-0.30006033182144165
LH_Vis_7	0.5586388111114502	0.4309907853603363	0.7769508361816406	-0.38344046473503113	0.26825907826423645	0.6892385482788086	1.0	0.7515212893486023	0.7910716533660889	0.3505491316318512	0.022586030885577202	-0.029847940430045128	-0.4461478888988495	-0.11673552542924881	0.08103244006633759	0.2564968764781952	0.4045310318470001	0.27657657861709595	0.13461917638778687	0.5085850954055786	0.34032049775123596	-0.04005753621459007	0.5780779123306274	0.47325244545936584	0.3601504862308502	0.436331182718277	0.5107680559158325	0.10524043440818787	0.5896958708763123	0.42228150367736816	-0.6588685512542725	-0.38901016116142273	-0.5741944909095764	-0.3138093948364258	-0.67641681432724	0.2862270474433899	-0.2635149359703064	-0.46143007278442383	-0.5404284596443176	0.44119992852211	-0.6207677721977234	0.2134479582309723	-0.7090814113616943	-0.2861596345901489	-0.3322691023349762	-0.3716590404510498	-0.7157780528068542	-0.4120079576969147	0.13600192964076996	-0.5922608971595764	0.5404624342918396	0.7499051690101624	0.7093846797943115	-0.15253587067127228	0.7211242318153381	0.6304637789726257	0.6656379103660583	0.7466595768928528	0.31895074248313904	-0.10872817784547806	-0.13201262056827545	-0.41610315442085266	0.15654915571212769	-0.004695631098002195	0.06057121604681015	0.07628335058689117	0.7750054597854614	0.05438771843910217	-0.009028084576129913	0.5180681347846985	0.562233567237854	0.2886582612991333	0.4997442066669464	0.35970669984817505	0.5314725637435913	0.4928559362888336	0.4650105834007263	0.5988599061965942	-0.25225579738616943	-0.2908650040626526	-0.37017980217933655	-0.6633657217025757	-0.4996951222419739	-0.47942736744880676	0.3446633815765381	-0.5031927227973938	-0.30722230672836304	-0.09881959855556488	-0.05459265410900116	-0.6330327987670898	-0.5895683765411377	0.059624895453453064	0.08753624558448792	-0.31279146671295166	-0.4639075994491577	-0.23361511528491974	-0.2798203229904175	-0.5309576392173767	0.18219177424907684	-0.5858759880065918	0.2065412402153015	-0.11880022287368774	0.17554983496665955	-0.14083166420459747	-0.1455642431974411	-0.3239254653453827	0.20208577811717987	0.18773828446865082	-0.20715868473052979	0.075266994535923	0.23096325993537903	0.10113874077796936	-0.2753349840641022	0.15787586569786072	0.15714949369430542	-0.04904387518763542	0.058169931173324585	-0.026750558987259865	0.10930120199918747	0.17609328031539917	-0.18910786509513855	-0.2758769094944	-0.08371341973543167	0.14395877718925476	-0.2929913401603699	0.0878012627363205	-0.0935199186205864	-0.09683022648096085	0.046294085681438446	0.08097109943628311	0.1850152164697647	0.2918432652950287	0.31023338437080383	0.31464627385139465	-0.03321797400712967	0.2503536641597748	0.15802006423473358	0.03628500923514366	0.45236849784851074	0.30203866958618164	0.5256074666976929	0.3231184184551239	-0.04926929995417595	-0.13685481250286102	0.2859988212585449	0.1953255981206894	0.38265135884284973	0.1583695411682129	0.22115854918956757	0.2832390069961548	0.09847792983055115	0.31666409969329834	-0.1374931037425995	-0.1629151850938797	-0.17991472780704498	-0.1401105374097824
LH_Vis_8	0.6969023942947388	0.7368093729019165	0.7332742214202881	-0.025752972811460495	0.4738404452800751	0.7235177755355835	0.7515212893486023	1.0	0.7287814617156982	-0.0006921242456883192	-0.2732681632041931	-0.3382316529750824	-0.43128085136413574	-0.08656793087720871	-0.1748787760734558	0.47056570649147034	0.2092362493276596	0.4809491038322449	0.09969373792409897	0.2440551370382309	0.07341229170560837	0.15865473449230194	0.4428146183490753	0.18719588220119476	0.01730520837008953	0.2726905643939972	0.3562239408493042	-0.06758613884449005	0.17916634678840637	0.3211471736431122	-0.5013399720191956	-0.2841548025608063	-0.4142111539840698	-0.10415422916412354	-0.45589545369148254	0.3845521807670593	-0.30093246698379517	-0.41061681509017944	-0.27437227964401245	0.3394100069999695	-0.502173662185669	0.13897329568862915	-0.5059894919395447	-0.27403879165649414	-0.30114641785621643	-0.529408872127533	-0.5945050120353699	-0.3411502242088318	0.18317770957946777	-0.6005985736846924	0.6820166110992432	0.7978735566139221	0.6910760998725891	0.03436737507581711	0.7296104431152344	0.662615180015564	0.8692910671234131	0.7248607873916626	-0.007065323647111654	-0.28945863246917725	-0.36208346486091614	-0.447439968585968	-0.1438991129398346	-0.18211150169372559	-0.18392810225486755	-0.17167621850967407	0.5395194292068481	-0.09448148310184479	0.1578787863254547	0.6848580241203308	0.18422073125839233	0.08776971697807312	0.2894025444984436	0.03925406560301781	0.05839328467845917	0.09400194138288498	0.0638294368982315	0.2721608281135559	-0.06624048948287964	-0.39656323194503784	-0.2904866635799408	-0.3485774099826813	-0.34767961502075195	-0.25186434388160706	0.08662892878055573	-0.370801717042923	-0.39421147108078003	-0.16777954995632172	0.05762800946831703	-0.5460102558135986	-0.35703423619270325	-0.008222460746765137	-0.09812895208597183	-0.2867128849029541	-0.35455992817878723	-0.1476089209318161	-0.3791453540325165	-0.3027990758419037	0.26595041155815125	-0.47242313623428345	-0.11855237931013107	-0.21670714020729065	0.058480724692344666	-0.20099712908267975	0.0263946782797575	-0.18503165245056152	0.11843105405569077	0.22853218019008636	-0.14451082050800323	0.24130913615226746	0.1481381207704544	0.23051249980926514	-0.19015808403491974	0.5188431739807129	-0.15252287685871124	-0.13244543969631195	0.21799741685390472	0.08521827310323715	0.1504949927330017	0.1513558030128479	-0.20889045298099518	-0.31778618693351746	-0.061816222965717316	0.20650647580623627	-0.16915322840213776	0.16309216618537903	-0.12486794590950012	0.04008950665593147	0.20499928295612335	-0.11430910229682922	0.11571528017520905	0.1890859454870224	0.2094186395406723	0.19869159162044525	0.04411899298429489	0.27280810475349426	0.10462810844182968	-0.03620953485369682	0.43871283531188965	0.1138116866350174	0.33747750520706177	0.34090182185173035	0.15891657769680023	-0.2895866632461548	0.3748568594455719	0.05172402411699295	0.5275790095329285	0.349882036447525	0.5862241387367249	0.34432291984558105	0.3309691250324249	0.5474311113357544	0.14011111855506897	0.11953679472208023	0.12456429749727249	-0.04794573038816452
LH_Vis_9	0.6164190769195557	0.553044855594635	0.9430446624755859	-0.11247492581605911	0.45737162232398987	0.9130387902259827	0.7910716533660889	0.7287814617156982	1.0	0.29284539818763733	0.15421073138713837	-0.07439938932657242	-0.3103819191455841	0.10715188831090927	0.16112177073955536	0.11020123213529587	0.25022873282432556	0.20977084338665009	0.18208074569702148	0.2725147604942322	0.32607755064964294	-0.18494169414043427	0.3755275011062622	0.14905452728271484	0.4046589434146881	0.1676570475101471	0.202021062374115	-0.0680401399731636	0.5638850331306458	0.23309925198554993	-0.6793996095657349	-0.2581108510494232	-0.5435341596603394	-0.45002391934394836	-0.622158944606781	0.3065505921840668	-0.20440781116485596	-0.36407285928726196	-0.6275653839111328	0.06236140429973602	-0.6248281598091125	-0.06346834450960159	-0.6697970032691956	0.02197149582207203	-0.5705536603927612	-0.45121681690216064	-0.630734384059906	-0.47428131103515625	0.3747293949127197	-0.3845096826553345	0.6567234396934509	0.7370680570602417	0.5828414559364319	0.06469618529081345	0.9047099947929382	0.908146321773529	0.6067059636116028	0.9113594889640808	0.3507276475429535	0.08877645432949066	-0.09184159338474274	-0.278073787689209	0.21838681399822235	0.16499213874340057	0.06701727211475372	0.05332301929593086	0.5737770795822144	0.051761262118816376	-0.14063027501106262	0.4380667209625244	0.330239474773407	0.09475263208150864	0.30732324719429016	0.17452672123908997	0.4140084981918335	0.44146135449409485	0.5635027885437012	0.439729779958725	-0.16152848303318024	-0.21006453037261963	-0.4691440165042877	-0.5375963449478149	-0.5443227291107178	-0.4583875834941864	0.1234666258096695	-0.4910333454608917	-0.1658683866262436	-0.21045008301734924	-0.18248865008354187	-0.5956249833106995	-0.5813018083572388	0.09626351296901703	-0.09722183644771576	-0.33885911107063293	-0.3532714545726776	0.10356079787015915	-0.25133442878723145	-0.4150219261646271	0.4617443382740021	-0.29672861099243164	0.051187966018915176	-0.23168493807315826	0.18849250674247742	-0.10120439529418945	-0.1202375590801239	-0.27997639775276184	0.037183620035648346	0.2041817456483841	-0.1934429109096527	0.21449150145053864	0.1754966378211975	0.038909461349248886	-0.22687764465808868	0.1664823442697525	0.10100923478603363	-0.032775964587926865	0.08116969466209412	0.08379403501749039	0.08308929949998856	0.1229042038321495	-0.2750381529331207	-0.26761430501937866	-0.14607994258403778	0.22542572021484375	-0.3110257387161255	0.17340423166751862	-0.15616276860237122	-0.1291348785161972	0.3391886353492737	0.025656549260020256	0.09297385066747665	0.3250269889831543	0.346570760011673	0.16768361628055573	0.19497635960578918	0.4709514379501343	0.027113737538456917	-0.13802596926689148	0.45201346278190613	0.21564948558807373	0.27284830808639526	0.26310932636260986	0.1676757037639618	-0.13642124831676483	0.4953089654445648	0.24583834409713745	0.3816784620285034	0.29517799615859985	0.26940780878067017	0.3037331998348236	-0.08649779111146927	0.22678092122077942	-0.15791451930999756	-0.16271910071372986	-0.25624313950538635	-0.19736719131469727
LH_SomMot_1	-0.1513240933418274	-0.13745488226413727	0.3165515065193176	-0.35841694474220276	0.06402502208948135	0.1580348014831543	0.3505491316318512	-0.0006921242456883192	0.29284539818763733	1.0	0.5545017123222351	0.49844494462013245	0.03904689475893974	-0.008623156696557999	0.4343513548374176	-0.3074892461299896	0.21744085848331451	-0.22587254643440247	0.06548028439283371	0.06899458169937134	0.34223178029060364	-0.2840140759944916	0.1572553664445877	0.4838032126426697	0.7478523850440979	0.22644424438476562	0.15644501149654388	0.10867418348789215	0.47041693329811096	0.20771661400794983	-0.5087442398071289	-0.16622793674468994	-0.3739956021308899	-0.5780089497566223	-0.4399369955062866	-0.25140491127967834	-0.08969397842884064	-0.12483721226453781	-0.32699859142303467	0.2500150501728058	-0.49562716484069824	0.06443051993846893	-0.45948508381843567	-0.040536124259233475	-0.18327021598815918	-0.0059820665046572685	-0.3092227876186371	-0.23692815005779266	-0.22602973878383636	-0.1534496545791626	-0.08778093755245209	0.07851608097553253	0.2211662381887436	-0.15495450794696808	0.17142310738563538	0.08836229145526886	0.016110574826598167	0.22758984565734863	0.8883428573608398	0.4796338379383087	0.4365185797214508	0.05436035245656967	0.7326233983039856	0.4490319788455963	0.42031678557395935	0.4264034628868103	0.04634874314069748	0.24454635381698608	-0.29131031036376953	0.01636403426527977	0.4097267687320709	0.5276855230331421	0.5424380302429199	0.5816336870193481	0.6655923128128052	0.7258381843566895	0.43591710925102234	0.4451475739479065	-0.21114911139011383	0.061312686651945114	-0.22708949446678162	-0.568104088306427	-0.14403000473976135	-0.2386389672756195	0.3688899874687195	-0.07425769418478012	0.06772848963737488	-0.02131081372499466	-0.22951357066631317	-0.21492967009544373	-0.4571303129196167	0.28110256791114807	0.4997877776622772	-0.19235588610172272	-0.038565538823604584	0.019043544307351112	0.17126622796058655	-0.23316748440265656	-0.27963170409202576	-0.2026781290769577	0.32339608669281006	-0.018933968618512154	0.13959398865699768	-0.1624360829591751	-0.17171037197113037	-0.4116067886352539	-0.12492667138576508	0.04408688470721245	-0.3137661814689636	0.09379364550113678	0.03142876550555229	-0.2732290029525757	-0.04577767476439476	-0.17298732697963715	0.4272848069667816	0.0973530262708664	0.167075514793396	-0.023217782378196716	0.31863299012184143	-0.014774603769183159	-0.012168383225798607	-0.15318945050239563	-0.0012966161593794823	0.18228934705257416	-0.017715195193886757	-0.2280147224664688	0.2601548135280609	0.23648415505886078	-0.2620070278644562	-0.05079608038067818	-0.0924287810921669	0.0050261011347174644	-0.018745364621281624	0.08162236213684082	0.13643284142017365	0.3434038758277893	-0.1283254474401474	-0.05908530578017235	0.0623907744884491	0.2582216262817383	0.12227042019367218	0.06396697461605072	-0.3013383448123932	0.17209628224372864	0.04560065641999245	0.3012068271636963	0.03971389681100845	-0.1002383604645729	-0.155556783080101	0.023519692942500114	-0.13815200328826904	-0.11303979903459549	-0.08074107021093369	-0.21544286608695984	-0.37672731280326843	-0.12867197394371033
LH_SomMot_2	-0.22046209871768951	-0.0402941070497036	0.15348900854587555	-0.21108579635620117	0.16783905029296875	0.10523399710655212	0.022586030885577202	-0.2732681632041931	0.15421073138713837	0.5545017123222351	1.0	0.7715412974357605	0.27140942215919495	0.39215102791786194	0.6168496608734131	-0.37365520000457764	0.14862900972366333	-0.19457483291625977	0.2791852653026581	0.11451619863510132	0.6338062882423401	-0.2823956310749054	0.17456655204296112	0.11979005485773087	0.6025193333625793	0.09583210945129395	-0.09217868745326996	0.12914177775382996	0.5078474879264832	0.11731521785259247	-0.2665781080722809	0.014409814029932022	-0.25851449370384216	-0.5250925421714783	-0.22829417884349823	-0.30096372961997986	0.0819159671664238	0.06371244043111801	-0.3739141523838043	-0.24416357278823853	-0.2775897681713104	-0.13824458420276642	-0.29911136627197266	0.06303620338439941	-0.3276590406894684	0.059488289058208466	-0.0004765573248732835	-0.09384197741746902	-0.11233972758054733	0.1106848269701004	-0.13005027174949646	-0.07871958613395691	0.005709020420908928	-0.027297360822558403	0.02516148053109646	-0.006735819857567549	-0.17077170312404633	-0.035927001386880875	0.6328734755516052	0.831666886806488	0.6588883996009827	0.3586864471435547	0.6115811467170715	0.6496174335479736	0.5629903078079224	0.5157705545425415	-0.12258444726467133	0.4501217305660248	-0.3281826376914978	-0.17478254437446594	0.40887650847435	0.06494370847940445	0.3544204831123352	0.2325126677751541	0.5523790121078491	0.5582559704780579	0.4613265097141266	0.36724478006362915	-0.2529284358024597	0.08647332340478897	-0.27499106526374817	-0.3724653124809265	-0.218300923705101	-0.3149797320365906	0.14560014009475708	-0.0816250666975975	0.13970215618610382	-0.12085797637701035	-0.31545117497444153	-0.10320306569337845	-0.37460240721702576	-0.1214524582028389	0.06589069217443466	-0.2129005640745163	-0.23283185064792633	0.0479578897356987	0.19943197071552277	-0.11406181752681732	-0.20424312353134155	0.08273705095052719	0.3394259214401245	-0.06486737728118896	0.03772618621587753	-0.23534640669822693	-0.06314324587583542	-0.18124938011169434	-0.1665777564048767	-0.12231495976448059	-0.31500089168548584	0.11977358907461166	-0.010221907868981361	-0.3701939880847931	-0.14262014627456665	-0.42529377341270447	0.47200947999954224	0.01252683624625206	-0.16526955366134644	0.0815388560295105	0.08196526765823364	-0.247649148106575	-0.012798904441297054	-0.035635896027088165	0.03950025141239166	0.10671032220125198	-0.018691131845116615	0.06007532775402069	0.05101065710186958	0.13058656454086304	-0.04395626112818718	0.04979417100548744	-0.024064043536782265	0.2717500329017639	0.3992215096950531	-0.08237124234437943	0.44575005769729614	0.2254236340522766	-0.2013298124074936	0.022000372409820557	0.13329999148845673	0.35933205485343933	0.021613096818327904	0.22987449169158936	-0.2407066524028778	0.2055792361497879	-0.03204694017767906	0.2666662037372589	-0.002045610686764121	0.03682894632220268	-0.22286680340766907	-0.12078045308589935	-0.34120917320251465	-0.2645862102508545	-0.11157618463039398	-0.28845176100730896	-0.45888420939445496	-0.3591955304145813
LH_SomMot_3	-0.4686281681060791	-0.1700010448694229	-0.0632018893957138	-0.31086674332618713	0.08430708944797516	-0.09969941526651382	-0.029847940430045128	-0.3382316529750824	-0.07439938932657242	0.49844494462013245	0.7715412974357605	1.0	0.3844018280506134	0.22617381811141968	0.5312405228614807	-0.3372669816017151	0.4047820568084717	-0.15225788950920105	0.3128201365470886	0.13675877451896667	0.5128333568572998	0.00979213509708643	0.2450621873140335	0.39587169885635376	0.5765694379806519	0.3221617341041565	0.053281594067811966	0.17605659365653992	0.3272431194782257	0.28188440203666687	-0.13209183514118195	-0.029034165665507317	-0.30601629614830017	-0.3501746356487274	-0.2059958577156067	-0.3720369338989258	0.0001449794799555093	-0.004419414792209864	-0.16748075187206268	0.021675700321793556	-0.2621384859085083	-0.0012462614104151726	-0.15049080550670624	-0.2200411856174469	-0.10531824827194214	0.07116907835006714	0.037493519484996796	-0.10003533959388733	-0.38967254757881165	-0.06447775661945343	-0.3842237591743469	-0.2683582603931427	-0.05650855973362923	-0.16198164224624634	-0.12068963050842285	-0.27544665336608887	-0.24447913467884064	-0.22753487527370453	0.5313913822174072	0.6991607546806335	0.802847146987915	0.4327602684497833	0.5525780320167542	0.4042017161846161	0.6195846796035767	0.5076403021812439	-0.2358374446630478	0.5065905451774597	-0.292231023311615	-0.19922037422657013	0.4858817756175995	0.11413464695215225	0.40445199608802795	0.16311052441596985	0.5739167928695679	0.503596305847168	0.33857789635658264	0.40795233845710754	-0.33336320519447327	0.0709805116057396	-0.16036178171634674	-0.4192661941051483	-0.10447122156620026	-0.3401900827884674	0.24010510742664337	-0.11499582976102829	-0.030953682959079742	-0.11590468138456345	-0.3195023238658905	-0.12937209010124207	-0.3906199634075165	-0.18847404420375824	0.13362443447113037	-0.21528443694114685	-0.263886421918869	-0.29130086302757263	0.1161004975438118	-0.20098641514778137	-0.4828845262527466	-0.1881994754076004	0.3493470549583435	0.07025829702615738	0.051191553473472595	-0.19051527976989746	-0.1443375051021576	-0.1362183541059494	-0.14697571098804474	-0.1980503499507904	-0.2912711501121521	-0.10115882754325867	0.21904617547988892	-0.39833441376686096	-0.24057288467884064	-0.4449729323387146	0.3916352093219757	-0.0116376131772995	-0.18860484659671783	0.007125250529497862	0.1047808974981308	-0.02037700079381466	0.18761305510997772	0.07482942193746567	0.11984115839004517	-0.09830868244171143	0.004450307227671146	-0.1356806755065918	0.21970538794994354	0.09661395102739334	-0.18837003409862518	0.016104092821478844	0.12192875891923904	0.22762390971183777	0.38658222556114197	0.051441874355077744	0.29092463850975037	-0.013769316487014294	-0.17530448734760284	0.1777423918247223	0.14675918221473694	0.3703198730945587	0.1299637109041214	0.24216271936893463	-0.41345885396003723	0.23332299292087555	-0.2932174801826477	0.1161445677280426	-0.04020266979932785	-0.1409190148115158	-0.28671151399612427	-0.19357673823833466	-0.1907964050769806	-0.2014409303665161	-0.10116501152515411	-0.22708667814731598	-0.38925454020500183	-0.21971163153648376
