trans_x	trans_x_derivative1	trans_x_derivative1_power2	trans_x_power2	trans_y	trans_y_derivative1	trans_y_derivative1_power2	trans_y_power2	trans_z	trans_z_derivative1	trans_z_derivative1_power2	trans_z_power2	rot_x	rot_x_derivative1	rot_x_power2	rot_x_derivative1_power2	rot_y	rot_y_derivative1	rot_y_power2	rot_y_derivative1_power2	rot_z	rot_z_derivative1	rot_z_power2	rot_z_derivative1_power2	global_signal	global_signal_derivative1	global_signal_power2	global_signal_derivative1_power2	csf	csf_derivative1	csf_power2	csf_derivative1_power2	white_matter	white_matter_derivative1	white_matter_power2	white_matter_derivative1_power2
0.0143301912823829	0.0044240093322827	1.957185857212443e-05	0.0002053543821896	0.0908569454370962	-0.0810936031133876	0.0065761724659116	0.0082549845341594	0.0866799249166376	0.0778905195564903	0.0060669330367799	0.0075134093835539	-0.0009720353311149	-0.001108011373271	9.448526849356534e-07	1.2276892032978871e-06	0.0001938224056523	-1.943625356000021e-07	3.756712493284473e-08	3.777679524486207e-14	0.0003665942014113	0.0001226072760714	1.343913085083888e-07	1.5032544145648496e-08	252.55475517440323	-3.4729586094562706	63783.90436120275	12.061441502996432	224.87555899112783	-17.07592443303858	50569.01703157221	291.587195242844	183.86412455535483	-0.5972719465692933	33806.016298507035	0.3567337781586727
0.0134017968736088	-0.0009283944087741	8.619161782430115e-07	0.0001796081594414	0.0617208582549579	-0.0291360871821383	0.0008489115762851	0.0038094643437286	0.0886764014800149	0.0019964765633773	3.9859186681148346e-06	0.0078635041794447	-0.0003430207157733	0.0006290146153416	1.176632114496271e-07	3.956593863133411e-07	0.0001139372699363	-7.988513571599999e-05	1.2981701480537293e-08	6.381634908363736e-09	0.0003660192634204	-5.749379908999972e-07	1.339701011948122e-07	3.305536933801253e-13	250.8866318780913	-1.6681232963119328	62944.10205513289	2.782635331698588	218.1899696634171	-6.685589327710744	47606.86286172287	44.6971046587998	183.8543464858299	-0.0097780695249412	33802.42072173159	9.561064363458386e-05
0.017689133291995	0.0042873364183862	1.838125356442061e-05	0.0003129054366219	0.0786155617116435	0.0168947034566855	0.0002854310048893	0.0061804065432372	0.0958622175581496	0.0071858160781346	5.163595270877903e-05	0.009189564755166	-0.0003360352786785	6.985437094799958e-06	1.1291970851653723e-07	4.879633140540728e-11	0.0001939383052698	8.00010353335e-05	3.7612066250922136e-08	6.400165654431915e-09	0.0003660322959882	1.3032567800007161e-08	1.339796417063933e-07	1.6984782346178347e-16	249.4217279374085	-1.464903940682774	62211.19836728263	2.14594355542792	214.96182455103448	-3.228145112382606	46208.58601430973	10.420920866599708	183.7684983511766	-0.0858481346533039	33770.86098624639	0.0073699022234518
0.0139630477906962	-0.0037260855012988	1.3883713162989128e-05	0.0001949667036052	0.152675430427152	0.0740598687155085	0.0054848641541583	0.0233097870561161	0.1169627294001571	0.0211005118420075	0.0004452315999946	0.0136802800687343	0.0005139499062395	0.000849985184918	2.641445061235908e-07	7.224748145800867e-07	0.0001941304612576	1.9215598780000244e-07	3.7686635988088535e-08	3.6923923647394696e-14	0.0005089499580193	0.0001429176620311	2.590300597678473e-07	2.0425458120435733e-08	249.17786954510183	-0.2438583923066914	62089.610671035785	0.0594669154984042	211.71587623332408	-3.2459483177104005	44823.6122492442	10.536180481246978	183.74914617596687	-0.0193521752097183	33763.74872039684	0.0003745066853476
0.0152547313875572	0.001291683596861	1.6684465143997705e-06	0.0002327068297065	0.0673115817586733	-0.0853638486684787	0.0072869866594949	0.0045308490388545	0.1387300024318136	0.0217672730316565	0.0004738141752346	0.019246013574731	-0.0002200420107957	-0.0007339919170352	4.841848651501495e-08	5.387441342730079e-07	0.000193952532669	-1.7792858859999702e-07	3.761758492871952e-08	3.1658582641186993e-14	0.0004330216831593	-7.592827486000006e-05	1.875077780861132e-07	5.765102923215717e-09	248.59410819574407	-0.5837613493577578	61799.03062963731	0.3407773130039901	209.6921907871328	-2.02368544619128	43970.8148771073	4.0953027851264	183.4819392819685	-0.2672068939983774	33665.622042671974	0.07139952420026
0.0177362309959363	0.0024814996083791	6.157840306385629e-06	0.0003145738899412	0.0169387171786468	-0.0503728645800265	0.0025374254859976	0.0002869201396581	0.1323962627835726	-0.0063337396482409	4.0116257931699945e-05	0.0175287703990568	-9.90234917607833e-05	0.0001210185190349	9.805651920497918e-09	1.4645481949404492e-08	9.097420683135128e-05	-0.0001029783258376	8.276306308593483e-09	1.060453559232495e-08	0.0005180041792106	8.498249605130002e-05	2.6832832967964737e-07	7.222024635109223e-09	248.10005743819693	-0.4940507575471429	61553.63850083661	0.2440861510329057	210.5255296321625	0.8333388450296866	44320.998626902525	0.694453630635412	183.6429479887773	0.1610087068088148	33724.732346008765	0.0259238036682469
0.0154092089410369	-0.0023270220548994	5.4150316439882295e-06	0.0002374437201885	0.0148635969311214	-0.0020751202475254	4.306124041689882e-06	0.0002209265137308	0.0961532993659375	-0.0362429634176351	0.001313552397292	0.0092454569789555	7.192295282054746e-05	0.0001709464445813	5.172911142426696e-09	2.9222686914998e-08	0.0003230171052075	0.0002320428983761	1.043400502566331e-07	5.3843906686803694e-08	0.000476988083186	-4.10160960246e-05	2.275176315014545e-07	1.682320133099208e-09	247.7428816953059	-0.3571757428910302	61376.53543069433	0.1275745113097593	209.48363595516125	-1.0418936770012408	43883.393732994526	1.0855424341751658	183.83354264172328	0.1905946529459754	33794.77140020629	0.0363263217315968
0.0130539292046734	-0.0023552797363634	5.547342636524517e-06	0.0001704050676806	0.0919988871715418	0.0771352902404204	0.0059498530004738	0.008463795240802	0.1090220661066609	0.0128687667407234	0.0001656051574271	0.0118858108981651	0.0001889716889437	0.0001170487361231	3.571029922223451e-08	1.3700406628027398e-08	0.0002150248872092	-0.0001079922179982	4.623570211932918e-08	1.1662319148192344e-08	0.0002619794895184	-0.0002150085936675	6.863325292832146e-08	4.622869535091912e-08	247.68168934008185	-0.0611923552240512	61346.21923435681	0.0037445043378664	207.5596795711112	-1.923956384050058	43081.02058366235	3.7016081677269743	183.73771276761747	-0.0958298741058172	33759.5470930755	0.0091833647711367
0.013486244958571	0.0004323157538975	1.8689691106805002e-07	0.0001818788030825	0.045488128644834	-0.0465107585267077	0.0021632506587297	0.0020691698476089	0.115852405568404	0.006830339461743	4.6653537162644926e-05	0.0134217798759859	7.198299647386473e-05	-0.0001169886924698	5.181551781356422e-09	1.3686354165801696e-08	0.0001370089002281	-7.80159869811e-05	1.877143874171346e-08	6.086494224635165e-09	0.0002489948453989	-1.2984644119499987e-05	6.199843303522212e-08	1.6860098291006564e-10	248.0938094782939	0.4121201382120603	61550.538301452	0.1698430083199276	206.50766357665367	-1.0520159944575198	42645.415115888376	1.1067376525944443	183.6863479557736	-0.0513648118438538	33740.67442532954	0.0026383438957545
0.0120020282920307	-0.0014842166665403	2.2028991132360013e-06	0.0001440486831227	0.0663397909418392	0.0208516622970051	0.0004347918205483	0.0044009678622069	0.1014237852688779	-0.0144286202995261	0.0002081850837478	0.0102867842182674	7.498455711933742e-05	3.001560645472695e-06	5.622683806383177e-09	9.00936630845046e-12	0.0001290088451471	-8.000055081000014e-06	1.6643282126188424e-08	6.400088129903415e-11	0.0002389951744548	-9.999670944100012e-06	5.7118693412680297e-08	9.999341899027804e-11	248.17890037496352	0.0850908966696124	61592.766591326064	0.0072404606960386	208.6003952777132	2.0927317010595345	43514.1249100182	4.3795259726195335	183.8984597449501	0.2121117891764754	33818.643496565026	0.0449914111076455
0.0096476161837699	-0.0023544121082608	5.5432563755250645e-06	9.307649802933888e-05	0.1666422917045338	0.1003025007626945	0.0100605916592503	0.0277696533845389	0.1090939786251681	0.0076701933562902	5.8831866122878496e-05	0.0119014961722686	0.000445989710106	0.0003710051529866	1.9890682152043389e-07	1.376448235426569e-07	0.0001510300859148	2.202124076770002e-05	2.2810086851431872e-08	4.84935044949013e-10	0.0001339663386574	-0.0001050288357974	1.7946979893269192e-08	1.1031056348957212e-08	248.68038267179875	0.5014822968352348	61841.93272579226	0.2514844940391426	209.66945084510965	1.0690555673964468	43961.27861768985	1.1428798061813388	183.86630992206003	-0.0321498228900622	33806.819924355026	0.0010336111118623
0.0076580041581877	-0.0019896120255821	3.958556012341303e-06	5.8645027686820107e-05	0.1169408033522643	-0.0497014883522694	0.0024702379444307	0.0136751514886729	0.1110409299348873	0.0019469513097191	3.7906194024172968e-06	0.0123300881208045	0.000295991408431	-0.0001499983016749	8.761091386496707e-08	2.2499490505384292e-08	0.0001430170351057	-8.013050809100003e-06	2.045387233042504e-08	6.42089832692182e-11	0.0001159787756113	-1.7987563046100008e-05	1.3451076392296277e-08	3.2355242433742247e-10	248.56427577663248	-0.1161068951662684	61784.19919236181	0.0134808111051508	208.2867473521131	-1.3827034929965407	43383.369122523	1.9118689495448349	183.54701953526887	-0.3192903867911525	33689.50838028037	0.1019463510972437
0.0123558324638679	0.0046978283056801	2.2069590789650093e-05	0.0001526665958751	0.0687373063893375	-0.0482034969629267	0.0023235771194548	0.0047248172896616	0.1583273581583597	0.0472864282234723	0.0022360062941336	0.0250675523414055	-3.902309059891236e-05	-0.0003350144990299	1.522801599890922e-09	1.1223471456026317e-07	0.0001039914358356	-3.90255992701e-05	1.0814218727149712e-08	1.5229973983904292e-09	0.0004440020625427	0.0003280232869314	1.971378315421717e-07	1.0759927676927966e-07	248.12202359072973	-0.4422521859027597	61564.53859075864	0.1955869959357691	209.61655015742525	1.3298028053121411	43939.09809990037	1.768375501016041	183.6682100631725	0.1211905279036216	33734.01138780966	0.0146871440535584
0.0137488688784799	0.001393036414612	1.94055045243506e-06	0.0001890313954376	0.0711830905716652	0.0024457841823277	5.981860266524381e-06	0.0050670323833338	0.1401730062968766	-0.018154351861483	0.0003295804915105	0.0196484716943042	0.0005664529435	0.0006054760340989	3.2086893719981417e-07	3.666012278681473e-07	0.0001651606190926	6.116918325699998e-05	2.7278030099050905e-08	3.741668980328447e-09	0.0005679531008059	0.0001239510382632	3.225707247150369e-07	1.5363859886525282e-08	247.60965436245533	-0.5123692282743946	61310.540933494594	0.2625222260824986	208.09854492025173	-1.5180052371735258	43305.00439792602	2.3043399000862523	183.7715592632691	0.103349200096602	33771.985994053226	0.0106810571606074
0.0177070756150072	0.0039582067365273	1.5667400569090095e-05	0.0003135405268355	0.1068208256634761	0.0356377350918108	0.001270048162474	0.0114106887954267	0.1469895392398115	0.0068165329429349	4.646512136211688e-05	0.021605924645932	5.198834846116397e-05	-0.0005144645950388	2.7027883757194104e-09	2.646738195484735e-07	5.401109081981659e-05	-0.0001111495282727	2.9171979315464757e-09	1.2354217635262277e-08	0.0004309984605014	-0.0001369546403045	1.857596729545769e-07	1.875657350093498e-08	247.51956235162388	-0.0900920108314551	61265.93374673942	0.008116570415655	206.9436162055807	-1.15492871467103	42825.66028824268	1.3338603359716772	183.4911021449785	-0.2804571182905988	33668.98456637893	0.0786561951998669
0.0177822108309015	7.513521589429945e-05	5.6453006674829885e-09	0.0003162070220346	0.0510754676081717	-0.0557453580553044	0.003107544944714	0.0026087033913933	0.1426130930236127	-0.0043764462161988	1.9153281483280923e-05	0.0203384943017616	0.0001550401634911	0.0001030518150299	2.4037452295347025e-08	1.0619676580964152e-08	-0.0001739642809048	-0.0002279753717246	3.0263571030724166e-08	5.197277011297711e-08	0.0004600132875176	2.9014827016199992e-05	2.1161222469275013e-07	8.418601867800091e-10	247.4390340473848	-0.0805283042390669	61226.075570302855	0.0064848077836197	207.370067864276	0.4264516586952993	43002.34504603443	0.181861017203972	183.549608169616	0.0585060246374951	33690.45865921956	0.0034229549188831
0.0176597528715376	-0.0001224579593639	1.4995951811570644e-08	0.0003118668714837	0.0080484089949663	-0.0430270586132053	0.0018513277729042	6.477688735025445e-05	0.1669333362792286	0.0243202432556159	0.0005914742320123	0.027866738761314	-2.80158036174741e-05	-0.0001830559671085	7.848852523328746e-10	3.3509487094055365e-08	6.29930485558372e-05	0.0002369573294606	3.9681241663580635e-09	5.6148775985116966e-08	0.0005020009783889	4.1987690871300005e-05	2.520049823034129e-07	1.7629661847038495e-09	247.54184290791704	0.1028088605322352	61276.96399024788	0.0105696618039366	208.09927240534032	0.7292045410643198	43305.30717563204	0.5317392627088252	183.42454243519867	-0.1250657344173191	33644.562767562	0.0156414379253434
0.0178350336283728	0.0001752807568351	3.0723343716720015e-08	0.0003180884245251	-0.0084206465942173	-0.0164690555891836	0.0002712297919996	7.090728906470342e-05	0.1701334011022055	0.0032000648229769	1.024041487125425e-05	0.0289453741706039	-0.000139929302193	-0.0001119134985755	1.958020961221991e-08	1.2524631163414236e-08	-0.0002560381279077	-0.0003190311764635	6.555552294247975e-08	1.0178089155570861e-07	0.0005519815772144	4.998059882549996e-05	3.046836615840966e-07	2.498060258955568e-09	247.3817567144905	-0.1600861934265367	61197.733555147366	0.0256275893257985	207.55838584367265	-0.5408865616676621	43080.48353403089	0.2925582725926656	183.5475681187777	0.1230256835790442	33689.70976231735	0.0151353188200911
0.0178340846240558	-9.490043169982364e-07	9.006091936812897e-13	0.0003180545743779	0.0182065056930156	0.0266271522872329	0.0007090052389274	0.0003314768495498	0.1425501903851511	-0.0275832107170544	0.0007608335134614	0.0203205567788428	-0.0003450054112756	-0.0002050761090826	1.1902873380944592e-07	4.2056210516458464e-08	2.5931279031610188e-05	0.0002819694069393	6.72431232215226e-10	7.95067464497063e-08	0.0003980046218494	-0.0001539769553649	1.5840767901348394e-07	2.3708902783475187e-08	247.7779235498857	0.3961668353952063	61393.89939869301	0.1569481614670525	206.80392099137	-0.7544648523026467	42767.8617374048	0.5692172133600545	183.32947301641963	-0.2180951023580917	33609.695676478135	0.0475654736725865
0.0177588264174772	-7.525820657859963e-05	5.663797657427177e-09	0.000315375915726	0.0072536095087798	-0.0109528961842358	0.0001199659348226	5.261485090586073e-05	0.1282479132373311	-0.01430227714782	0.000204555131613	0.01644752724973	-0.0002439892099683	0.0001010162013073	5.953073458095518e-08	1.020427292655696e-08	-6.204143748611557e-05	-8.797271651772576e-05	3.849139965343586e-09	7.739198851508138e-09	0.0003399922147696	-5.801240707980002e-05	1.1559470610393781e-07	3.3654393751924313e-09	248.20849567749391	0.430572127608201	61607.45732648452	0.185392357073053	206.75868573188785	-0.0452352594821547	42749.15412557757	0.0020462287004178	183.34902899001523	0.019555973595601	33616.866431581446	0.0003824361032718
0.0154050715663913	-0.0023537548510859	5.540161899010412e-06	0.0002373162299656	0.0238209125935213	0.0165673030847415	0.0002744755315016	0.0005674358767881	0.144862277706764	0.0166143644694329	0.0002760371067231	0.0209850795023916	-0.0003879997885872	-0.0001440105786189	1.5054383594371192e-07	2.0739046754150384e-08	-5.85836812838636e-07	6.145560067327693e-05	3.43204771276931e-13	3.776790854113276e-09	0.0004420002445296	0.0001020080297599	1.9536421616422618e-07	1.040563813551704e-08	248.71252915985923	0.5040334823653154	61857.92216109383	0.2540497513453067	208.4272301965572	1.6685444646693384	43441.91028740864	2.784040630578689	183.28952826448213	-0.0595007255330983	33595.051171416395	0.0035403363389651
0.0143171010442699	-0.0010879705221213	1.1836798570051092e-06	0.0002049793823118	-0.0617478204472377	-0.085568733040759	0.0073220080742006	0.0038127933299843	0.1860766473687789	0.0412143696620149	0.0016986242666372	0.0346245186960048	-7.9002087114157e-05	0.000308997701473	6.24132976839285e-09	9.547957951562384e-08	1.4989010231225564e-05	1.55748470440642e-05	2.2467042771178463e-10	2.4257586044599533e-10	0.000279000265787	-0.0001629999787425	7.784114830921665e-08	2.6568993070088045e-08	248.7454217857289	0.032892625869664	61874.284859360174	0.0010819248366016	208.1595624558469	-0.2676677407102943	43330.40344180963	0.0716460194169533	183.4209841342493	0.1314558697671657	33643.25742077653	0.017280645696242
0.0127567063563844	-0.0015603946878855	2.434831581981287e-06	0.000162733557063	0.0162435454887628	0.0779913659360005	0.0060826531605631	0.0002638527700455	0.1403190720712643	-0.0457575752975146	0.0020937556971077	0.0196894419869406	-0.0004649976552356	-0.0003859955681214	2.16222819374606e-07	1.4899257860939557e-07	-3.702656994342135e-05	-5.2015580174646914e-05	1.3709668817750734e-09	2.705620580905121e-09	0.0001139916066319	-0.000165008659155	1.2994086382521829e-08	2.722785759616396e-08	248.60271092361427	-0.142710862114626	61803.30787857012	0.0203663901654998	207.4437360068585	-0.7158264489883948	43032.9036084832	0.5124075050713349	183.3720122517525	-0.0489718824968008	33625.29487725686	0.0023982452752804
0.0135133103395759	0.0007566039831914	5.724495873812414e-07	0.0001826095563336	0.0269171312719436	0.0106735857831808	0.0001139254334709	0.000724531955911	0.1289614621526311	-0.0113576099186331	0.0001289953030638	0.0166310587205445	-0.0007090050064535	-0.0002440073512179	5.026880991761276e-07	5.9539587448375607e-08	8.69596926684757e-05	0.0001239862626118	7.561988148995745e-09	1.53725933164663e-08	0.0001140309969961	3.9390364199994e-08	1.3003068275924563e-08	1.551600791808168e-15	249.18928619965624	0.5865752760419696	62095.30035669418	0.3440705544637128	207.8816057509564	0.4378697440978953	43214.76200959607	0.1917299127963563	183.1980969297817	-0.1739153219707816	33561.542718693694	0.0302465392162006
0.0110670955699561	-0.0024462147696197	5.983966699106045e-06	0.0001224806043545	0.0136867194383967	-0.0132304118335468	0.0001750437972852	0.0001873262889853	0.1434637808488332	0.0145023186962021	0.0002103172475662	0.020581856415442	-0.0007299823122862	-2.0977305832700025e-05	5.328741762507073e-07	4.4004735999863047e-10	-0.0002130617619913	-0.0003000214546597	4.5395314422837376e-08	9.001287325616783e-08	0.0001684222091941	5.4391212198e-05	2.8366040549821183e-08	2.9584039643678643e-09	249.80386377322475	0.6145775735685106	62401.97035603183	0.377705593933358	207.99376533589464	0.1121595849382401	43261.406418603205	0.0125797724935183	183.42325635541275	0.225159425631034	33644.09097202346	0.0506967669504971
0.0022957781303603	-0.0087713174395958	7.693600962615745e-05	5.270597223840634e-06	-0.0424021576312583	-0.056088877069655	0.0031459621309348	0.001797942971786	0.1712889037787164	0.0278251229298831	0.0007742374660631	0.0293398885577143	-0.0007449750217998	-1.4992709513599912e-05	5.549877831056124e-07	2.2478133855918928e-10	-0.0003030615754495	-8.999981345819997e-05	9.184631851393297e-08	8.099966422510793e-09	0.0001648874077932	-3.534801400900011e-06	2.7187857248761032e-08	1.249482094380468e-11	249.6228244306239	-0.1810393426008545	62311.55447672208	0.0327752435693495	208.90385135082488	0.9100860149302434	43640.819109207536	0.8282565545716113	183.32803811766635	-0.0952182377463941	33609.16956007253	0.0090665127995288
6.780429134778387e-05	-0.0022279738390125	4.9638674273241685e-06	4.5974219251751594e-09	0.0141559721596706	0.0565581297909289	0.0031988220454475	0.0002003915477853	0.1504498849982241	-0.0208390187804922	0.0004342647037337	0.0226351678959788	-0.0007320125002209	1.2962521578900012e-05	5.358423004796531e-07	1.6802696568344848e-10	-0.000332472531795	-2.941095634550003e-05	1.105379843981773e-07	8.650043531569082e-10	-7.412185464453382e-05	-0.0002390092624377	5.494049335945399e-09	5.712542753102952e-08	249.29892939427705	-0.3238950363468404	62149.956197132735	0.1049079945701211	208.1792005620104	-0.724650788814472	43338.57954663775	0.5251187657294365	183.3296764891209	0.0016383714545611	33609.770281605735	2.68426102312078e-06
0.0053110769564739	0.0052432726651261	2.7491908240858723e-05	2.820753843758806e-05	0.0175526280720532	0.0033966559123826	1.1537271387123674e-05	0.0003080947522358	0.1342794471110124	-0.0161704378872117	0.0002614830614641	0.0180309699164391	-0.0008209827510541	-8.897025083320009e-05	6.740126775283584e-07	7.91570553332254e-09	-0.0003045466496074	2.792588218760003e-05	9.274866178709248e-08	7.798548959557167e-10	0.0001133748848157	0.0001874967394602	1.2853864506973242e-08	3.5155027308218804e-08	249.22958700487183	-0.0693423894052216	62115.38703861898	0.0048083669684253	207.5693304264799	-0.6098701355305138	43085.02693369719	0.3719415822120073	183.327174336232	-0.0025021528889226	33608.8528501072	6.260769079543901e-06
-0.0015033613971411	-0.006814438353615	4.643657007521912e-05	2.2600954904140404e-06	-0.0604324517124865	-0.0779850797845397	0.006081672669001	0.003652081219982	0.1806760007049206	0.0463965535939082	0.0021526401853923	0.0326438172307244	-0.0009740114658756	-0.0001530287148215	9.486983356571352e-07	2.3417787559919973e-08	0.000157926142432	0.0004624727920394	2.494066646345235e-08	2.1388108337671813e-07	0.0001510768305619	3.7701945746200006e-05	2.2824208732629044e-08	1.4214367130494082e-09	249.41604002136745	0.1864530164956193	62208.36101994037	0.0347647273603156	208.3462497203908	0.7769192939109075	43408.15977255144	0.6036035892510231	183.6146600340632	0.2874856978312152	33714.34337942461	0.0826480264575008
-0.0048678307384335	-0.0033644693412924	1.1319653948496514e-05	2.3695776098038035e-05	-0.0774475877800568	-0.0170151360675702	0.0002895148553979	0.0059981288529496	0.1668217219340846	-0.013854278770836	0.00019194104026	0.027829486909053	-0.0009410480997212	3.296336615439999e-05	8.855715259888816e-07	1.0865835082290424e-09	0.0014089704266873	0.0012510442842552	1.985197663279392e-06	1.5651118011678554e-06	6.816330190562283e-05	-8.291352865627717e-05	4.646235726677086e-09	6.8746532342352964e-09	249.79559670495223	0.3795566835847808	62397.84013318314	0.1440632760538774	208.5005148968798	0.154265176488991	43472.464712264	0.0237977446771795	183.7485825356053	0.1339225015420879	33763.54158384415	0.0179352364192905
-0.0016283916830133	0.0032394390554202	1.0493965393781716e-05	2.651659473306888e-06	0.0254210700752253	0.1028686578552821	0.010581960768947	0.0006462308037695	0.1373113885174746	-0.0295103334166099	0.0008708597783594	0.0188544174165968	-0.0011300865507132	-0.000189038450992	1.2770956121028582e-06	3.573553595345479e-08	0.0007988778959562	-0.000610092530731	6.382058926474051e-07	3.722128960538781e-07	0.0002169514539263	0.0001487881520206	4.7067933360735474e-08	2.213791418172814e-08	249.57691928615435	-0.2186774187978812	62288.6386403676	0.0478198134921039	208.4701927834369	-0.0303221134429065	43459.82127916334	0.0009194305636444	183.43217450414585	-0.3164080314594457	33647.362643319415	0.1001140423720416
0.0116445125051569	0.0132729041881702	0.0001761699855883	0.0001355946714827	0.0251838614055373	-0.0002372086696879	5.626795297515008e-08	0.0006342268752933	0.1289501354348488	-0.0083612530826258	6.991055311171958e-05	0.0166281374286658	-0.0009550661786085	0.0001750203721047	9.121514055218432e-07	3.0632130651667664e-08	0.0006113964430725	-0.0001874814528837	3.738056106017048e-07	3.514929517538303e-08	0.0002167920215603	-1.5943236600000042e-07	4.699878061220159e-08	2.5418679328358093e-14	250.0816915409296	0.5047722547752471	62540.85244397266	0.254795029190887	208.2600400762355	-0.210152707201388	43372.24429255522	0.0441641603440723	183.5780768243746	0.1459023202287426	33700.910290535976	0.0212874870481305
0.0156031820111195	0.0039586695059626	1.5671064257438173e-05	0.0002434592888721	0.012625354167369	-0.0125585072381683	0.0001577161040511	0.0001593995678515	0.1349142851039459	0.0059641496690971	3.5571081275391204e-05	0.0182018643251088	-0.0008901811312961	6.488504731240008e-05	7.924224465156043e-07	4.210069364732397e-09	0.0007827951793808	0.0001713987363083	6.127682928618189e-07	2.937752680808217e-08	0.0004608484341667	0.0002440564126064	2.1238127927389925e-07	5.956353253430537e-08	250.5895896322701	0.5078980913405076	62795.14243206953	0.2579604711873305	209.75193640526305	1.4918963290275542	43995.87482575751	2.225754656565892	183.86657903000884	0.288502205634245	33806.91888419849	0.0832335226558241
0.0084720956425883	-0.0071310863685312	5.08523927954515e-05	7.177640457716365e-05	0.0572365314717302	0.0446111773043612	0.0019901571404811	0.0032760205349143	0.086395999973277	-0.0485182851306689	0.0023540239920208	0.0074642688113824	-0.0009841772080007	-9.399607670459996e-05	9.68604776748053e-07	8.835262435857042e-09	0.0006992526088782	-8.354257050260006e-05	4.889542110229689e-07	6.979361086181901e-09	0.0005038442917312	4.299585756449998e-05	2.538590703101146e-07	1.8486437677067702e-09	251.271080704954	0.6814910726838832	63137.1559986355	0.4644300821478297	209.7209185782899	-0.0310178269731409	43982.8636893217	0.0009621055901357	184.1283641447281	0.2617851147192596	33903.25448261359	0.0685314462885759
0.0123450565492362	0.0038729609066479	1.499982618442293e-05	0.0001524004212038	0.0938103259771736	0.0365737945054434	0.0013376424445264	0.0088003772599435	0.1128642453320338	0.0264682453587568	0.0007005680123713	0.0127383378743695	-0.0007161124926444	0.0002680647153562	5.128171021213758e-07	7.185869161905412e-08	0.0005978652914513	-0.0001013873174268	3.574429067221479e-07	1.0279388135022973e-08	0.0003762145520365	-0.0001276297396947	1.4153738916402437e-07	1.6289350454536882e-08	251.59387099501163	0.3227902900576396	63299.47592225456	0.1041935713554951	210.335839713888	0.614921135598081	44241.165468146384	0.3781280030052336	183.83565987526688	-0.2927042694612112	33795.54984177481	0.0856757893608213
0.0117921572127102	-0.000552899336526	3.056976763308916e-07	0.0001390549717292	0.0243383983841027	-0.0694719275930709	0.0048263487234968	0.0005923576359032	0.1153578831982855	0.0024936378662516	6.218229808004273e-06	0.0133074412159892	-0.0007970805355036	-8.096804285920008e-05	6.353373800787058e-07	6.5558239644492615e-09	0.0003838323379561	-0.0002140329534952	1.4732726366084574e-07	4.5810105181878456e-08	0.0004201529642409	4.393841220439999e-05	1.76528513360415e-07	1.9305840670437664e-09	251.52755620147903	-0.066314793532598	63266.11152868819	0.0043976518412711	210.9516535535772	0.6158138396891957	44500.60013698845	0.3792266851527504	183.990148452678	0.1544885774111151	33852.37472763849	0.0238667205505101
0.0122478085039858	0.0004556512912756	2.076180992411221e-07	0.0001500088131503	0.0277864065757285	0.0034480081916257	1.1888760489518602e-05	0.0007720843903916	0.0958875754183594	-0.019470307779926	0.000379092885045	0.0091944271196115	-0.0008780714126892	-8.099087718559995e-05	7.710094057820073e-07	6.5595221872929345e-09	0.0004278537470681	4.402140911200002e-05	1.830588288802137e-07	1.9378844602060783e-09	0.0003331873827749	-8.696558146599996e-05	1.1101383204038777e-07	7.563012359719476e-09	250.62691081209124	-0.9006453893877904	62813.84842321194	0.8111621174254845	210.7611428970986	-0.1905106564785796	44420.25935529122	0.0362943102318993	183.91008338169465	-0.0800650709833519	33822.91876946188	0.0064104155915691
0.0084077921982981	-0.0038400163056877	1.4745725227947417e-05	7.069096964976238e-05	0.0552765845807243	0.0274901780049958	0.0007557098867463	0.0030555008029099	0.1121960086619253	0.0163084332435659	0.0002659649948598	0.0125879443596668	-0.0008560131847897	2.2058227899499983e-05	7.327585725338051e-07	4.865654180662794e-10	0.0003709704023089	-5.6883344759200006e-05	1.3761903938922714e-07	3.235714910994006e-09	6.965875475598395e-05	-0.0002635286280189	4.852342114154317e-09	6.944733778553223e-08	250.3369400022257	-0.2899708098655367	62668.58352967795	0.0840830705740752	209.6725819364507	-1.0885609606478963	43962.59161589764	1.1849649650466714	183.76863227699	-0.1414511047046573	33770.91020895557	0.0200084150221679
0.0084751065452195	6.73143469214002e-05	4.531221301454621e-09	7.18274309528224e-05	-0.0222819880668083	-0.0775585726475326	0.0060153321911225	0.0004964869922093	0.152712389210663	0.0405163805487376	0.0016415770927701	0.023321073818429	-0.000792042985286	6.397019950370002e-05	6.273320905407588e-07	4.092186424543182e-09	0.0001577825470049	-0.0002131878553039	2.489533213935348e-08	4.5449061649119234e-08	0.0005480625037141	0.0004784037489581	3.00372507977368e-07	2.2887014701718015e-07	250.11044522600093	-0.2264947762247686	62555.23481114841	0.051299883657108	210.1267597320232	0.454177795572491	44153.255155479404	0.2062774699910874	183.7682538705653	-0.0003784064246872	33770.77113063654	1.4319142224457046e-07
0.0042628929366514	-0.0042122136085681	1.7742743484206292e-05	1.8172256189352394e-05	-0.045242318757559	-0.0229603306907506	0.0005271767854286	0.0020468674065605	0.1387641342277277	-0.0139482549829352	0.0001945538170689	0.0192554849479708	-0.0007640095546541	2.8033430631900047e-05	5.837105996027561e-07	7.858732329935519e-10	9.392269684904696e-05	-6.385985015585305e-05	8.821472983397976e-09	4.078080461928005e-09	0.0002030363272771	-0.000345026176437	4.122375019417367e-08	1.1904306242673589e-07	249.58621289012595	-0.5242323358749843	62293.27766483528	0.2748195419769423	210.8003581026767	0.673598370653508	44436.79097621674	0.4537347649470608	183.88566273939	0.1174088688246968	33813.936961104686	0.0137848424786948
0.0042209479970267	-4.1944939624699584e-05	1.759377960119693e-09	1.7816401993603712e-05	0.0097835652027384	0.0550258839602973	0.0030278479056121	9.571814807623368e-05	0.1295296264046896	-0.0092345078230381	8.527613473375211e-05	0.0167779241165384	-0.0007870051425443	-2.29955878902e-05	6.193770943911739e-07	5.287970624159126e-10	6.794056760983658e-05	-2.598212923921038e-05	4.615920727146775e-09	6.75071039803031e-10	0.0001510267003623	-5.200962691480002e-05	2.2809064222323944e-08	2.7050012918166903e-09	248.99722181820928	-0.5889910719166664	61999.616473186514	0.3469104827975437	210.11460620190235	-0.6857519007743633	44148.1477393805	0.4702556694156522	183.6812722718921	-0.2043904674978875	33738.80978342096	0.041775463204005
0.0062727486545099	0.0020518006574832	4.209885938048492e-06	3.934737568265576e-05	-0.0434336319930537	-0.0532171971957921	0.0028320700773758	0.001886480388108	0.1559738389419322	0.0264442125372426	0.0006992963767148	0.0243278384342838	-0.0009829960047209	-0.0001959908621766	9.662811452972517e-07	3.841241805672704e-08	-2.0686324940122347e-05	-8.862689254995892e-05	4.2792403952832767e-10	7.854726083061965e-09	0.0003789904816846	0.0002279637813223	1.436337852075251e-07	5.1967485594761406e-08	248.6719439124664	-0.3252779057428938	61837.73568920483	0.1058057159644829	210.1233045319293	0.0086983300269594	44151.8031074179	7.56609452579037e-05	183.5432731889445	-0.1379990829476014	33688.13313291152	0.0190437468943789
0.0084577073678673	0.0021849587133573	4.7740445790764206e-06	7.15328139204768e-05	-0.0631974641158592	-0.0197638321228055	0.0003906090601784	0.0039939194706753	0.194631745581205	0.0386579066392727	0.0014944337457307	0.0378815163879869	-0.0009930293578038	-1.0033353082899944e-05	9.861073054602272e-07	1.006681740861378e-10	0.0001558115862276	0.0001764979111677	2.4277250402760828e-08	3.115151264656921e-08	0.0003790772129795	8.673129490001461e-08	1.436995334003052e-07	7.5223175150333e-15	248.237776528114	-0.4341673843523779	61621.99369562187	0.1885013176353854	208.591056436332	-1.5322480955973106	43510.22882522504	2.347784226461585	183.5176865765076	-0.0255866124369106	33678.74128639328	0.0006546747359966
0.0084813438398896	2.363647202230021e-05	5.586828096609802e-10	7.193319333043325e-05	0.0198753799637927	0.0830728440796519	0.0069010974234821	0.0003950307287051	0.1529956776825543	-0.0416360678986507	0.001733562150061	0.023407677389544	-0.0011090147551245	-0.0001159853973207	1.2299137270838548e-06	1.3452612391640662e-08	0.0001318570453676	-2.3954540859999983e-05	1.7386280413073333e-08	5.738200278134088e-10	0.0002570728042371	-0.0001220044087424	6.608642667832636e-08	1.4885075752582612e-08	248.3521167966533	0.1143402685393084	61678.77391737853	0.0130736970096411	207.5942463950908	-0.99681004124119	43095.37113634568	0.9936302583192628	183.30729386159047	-0.2103927149170772	33601.5639828595	0.0442650944901785
0.0085334127414284	5.206890153880081e-05	2.711170507457333e-09	7.281913301557256e-05	0.0275367142092051	0.0076613342454124	5.869604241992881e-05	0.0007582706294394	0.1235072117948448	-0.0294884658877094	0.0008695696204106	0.0152540313653366	-0.0009240084574615	0.0001850062976629	8.537916294603807e-07	3.422733017497056e-08	5.986793879020347e-05	-7.198910657739654e-05	3.584170094987549e-09	5.182431465811758e-09	0.0002860278491702	2.895504493309999e-05	8.181193050093068e-08	8.38394627077839e-10	248.28316634701457	-0.0689504496387485	61644.53069129931	0.0047541645053855	207.46030033547828	-0.1339460596125263	43039.77621528685	0.0179415468857224	183.09143917879155	-0.2158546827989766	33522.475100561125	0.0465932440862468
0.0084555646718058	-7.78480696225995e-05	6.0603219439651e-09	7.149657391909033e-05	0.0091380135800704	-0.0183987006291347	0.0003385121848405	8.350329218955105e-05	0.1697809379784729	0.0462737261836281	0.0021412577349173	0.02882556690085	-0.0010150017738837	-9.09933164221999e-05	1.0302286009870575e-06	8.279783633510593e-09	4.810713697400715e-06	-5.505722509280275e-05	2.314296627835885e-11	3.031298034919549e-09	0.0003730023962289	8.697454705870001e-05	1.3913078759250132e-07	7.564571836066024e-09	248.15710817542865	-0.1260581715859245	61581.9503379914	0.0158906626235864	208.21677673421007	0.7564763987317917	43354.226113583885	0.5722565418382207	183.16425680317755	0.0728176243860048	33549.14497026037	0.0053024064212212
0.0084890567217144	3.349204990859937e-05	1.1217174070801111e-09	7.206408402448444e-05	-0.0226420065576888	-0.0317800201377592	0.0010099696799563	0.0005126604609584	0.16929411390484	-0.0004868240736329	2.3699767866853334e-07	0.0286604970028249	-0.0010190000006991	-3.998226815400078e-06	1.0383610014247658e-06	1.598581766738425e-11	-1.7486133239152934e-06	-6.559327021316008e-06	3.057648556574091e-12	4.3024770972566334e-11	0.0004879993700825	0.0001149969738536	2.381433852009168e-07	1.3224303995485562e-08	247.8267245402585	-0.3303836351701363	61418.08539635317	0.1091533463882337	206.13053198469447	-2.0862447495156005	42489.79621629315	4.352417154881411	183.01141771913944	-0.1528390840381064	33493.179015569345	0.0233597856096073
0.0085077157250736	1.8659003359199067e-05	3.4815840635860207e-10	7.23812268586646e-05	0.0377018364014105	0.0603438429590992	0.0036413793830724	0.0014214284680387	0.1411406108339576	-0.0281535030708824	0.0007926197351621	0.0199206720265826	-0.0011179950560024	-9.899505530330008e-05	1.2499129452458095e-06	9.800020974503442e-09	0.0002420113838421	0.000243759997166	5.856950990916825e-08	5.9418936218375785e-08	-2.036453268407191e-05	-0.0005083639027665	4.14714191440633e-10	2.584338576360607e-07	248.0859985995693	0.2592740593107976	61546.66270114551	0.067223037831499	205.0544222222998	-1.0761097623946796	42047.3160729212	1.158012220721134	182.77683035378485	-0.2345873653545993	33407.369714176246	0.0550312319840122
0.0084541190072968	-5.359671777679931e-05	2.8726081564458747e-09	7.147212818953702e-05	0.0166990809779719	-0.0210027554234385	0.0004411157353767	0.0002788593055088	0.1285275946362389	-0.0126130161977187	0.0001590881776039	0.0165193425829773	-0.0009920002398803	0.0001259948161221	9.840644759225726e-07	1.5874693689641834e-08	0.0001469989738833	-9.501240995879998e-05	2.160869832274312e-08	9.027358046179077e-09	2.0728901090391995e-06	2.243742279311111e-05	4.296873404152545e-12	5.03437941596822e-10	248.37552922776047	0.2895306281912155	61690.40351917012	0.0838279846607999	206.10635872293025	1.051936500630461	42479.83110602521	1.10657040135866	182.77708348289303	0.0002531291081879	33407.46224651245	6.407434541204066e-08
0.0084792760061986	2.515699890179996e-05	6.32874593745164e-10	7.189812158929528e-05	-0.0154819146500386	-0.0321809956280105	0.00103561647961	0.000239689681231	0.1629359157676901	0.0344083211314512	0.001183932563085	0.0265481126470558	-0.0010009940874156	-8.99384753530008e-06	1.00198916304099e-06	8.088929348822329e-11	-4.214069123298359e-05	-0.0001891396651162	1.77583785759366e-09	3.57738129202999e-08	0.0002809793377159	0.0002789064476068	7.894938822326578e-08	7.778880651667859e-08	248.63503186514544	0.2595026373849123	61819.37907058188	0.0673416188097252	206.6329878878086	0.5266291648783579	42697.19168344326	0.2773382773004766	182.9837641895845	0.2066807066914577	33483.05795698946	0.0427169145184804
0.0084349230207294	-4.4352985469200273e-05	1.96718732003109e-09	7.114792636563077e-05	-0.0623536718916994	-0.0468717572416608	0.0021969616269211	0.0038879803983777	0.1722191491226397	0.0092832333549496	8.61784215224488e-05	0.029659435324526	-0.0012029959402929	-0.0002020018528773	1.4471992323611988e-06	4.080474856586239e-08	-3.766906681512694e-05	4.471624417856652e-06	1.4189585947224975e-09	1.9995424934371843e-11	0.0002804778541372	-5.014835787000064e-07	7.866782666140843e-08	2.5148577970576564e-13	248.9489196177521	0.3138877526066608	61975.564578846	0.0985255212364602	207.1668554275594	0.533867539750787	42918.1059877433	0.2850145499995581	183.22884176603	0.2450775764455102	33572.80845492086	0.0600630184764049
0.0084728489818246	3.792596109520111e-05	1.4383785249947072e-09	7.178916986880617e-05	0.0162895027904994	0.0786431746821988	0.0061847489240948	0.0002653479011616	0.1375647489934124	-0.0346544001292273	0.0012009274483165	0.0189240601656205	-0.0010420010370029	0.00016099490329	1.085766161115119e-06	2.5919358885356493e-08	0.0002139942854972	0.0002516633523123	4.5793554225457145e-08	6.33344428970784e-08	1.1111570346652564e-05	-0.0002693662837905	1.2346699556860855e-10	7.255819484312976e-08	249.48728999373049	0.5383703759783884	62243.90786841577	0.2898426617311113	207.30476211385525	0.1379066862958495	42975.26439508212	0.0190182541251018	183.28584819364136	0.0570064276113555	33593.70214806255	0.0032497327890087
0.0084576456988259	-1.5203282998700954e-05	2.3113981393858944e-10	7.153177076686823e-05	0.0063842708298125	-0.0099052319606868	9.811362019501324e-05	4.075891402839479e-05	0.1081352768004677	-0.0294294721929447	0.0008660938335553	0.0116932380887137	-0.0011259991608503	-8.399812384740006e-05	1.2678741102355798e-06	7.055684809883158e-09	0.0002420032562251	2.80089707279e-05	5.85655760235514e-08	7.845024412363587e-10	-5.863686075738587e-06	-1.6975256422391153e-05	3.438281439481059e-11	2.8815933060593206e-10	249.88007552906285	0.392785535332365	62440.05214641016	0.1542804767663325	207.80301887836865	0.4982567645133997	43182.09465496364	0.2482598033833614	183.361805740016	0.0759575463746387	33621.55180423936	0.0057695488512553
0.0061670658654264	-0.0022905798333994	5.24675597317648e-06	3.803270138850747e-05	-0.0518793307668516	-0.0582636015966641	0.0033946472710147	0.0026914649608163	0.1636829574507601	0.0555476806502924	0.0030855448256268	0.0267921105598273	-0.0012169800682215	-9.098090737119992e-05	1.4810404864484067e-06	8.277525506086862e-09	-0.0001012567200679	-0.000343259976293	1.0252923358909062e-08	1.1782741132467093e-07	0.0004219379906693	0.000427801676745	1.780316679700463e-07	1.830142746258665e-07	249.63505335763	-0.2450221714328506	62317.65986486678	0.0600358644936692	209.6070425135024	1.8040236351337453	43935.1122712572	3.2545012761211733	183.45602891337256	0.0942231733565677	33656.11454466419	0.0088780063973818
0.008467590600901	0.0023005247354745	5.292414058530477e-06	7.170009058446695e-05	-0.0454175160104739	0.0064618147563777	4.175504994574059e-05	0.0020627507605616	0.1563580881876163	-0.0073248692631438	5.365370972214914e-05	0.0244478517416863	-0.0010989985377882	0.0001179815304333	1.2077977860606015e-06	1.3919641523383696e-08	0.0001640195351237	0.0002652762551916	2.6902407902194657e-08	7.037149156847889e-08	-3.4909896857021226e-05	-0.0004568478875263	1.21870089856786e-09	2.0870999233726225e-07	249.17511325216944	-0.4599401054605607	62088.23706423146	0.2115449006110717	207.8972080311877	-1.7098344823147045	43221.24910716293	2.9235339569123933	183.45592159717933	-0.0001073161932367	33656.075169070406	1.1516765330834737e-08
0.0084335780161808	-3.4012584720199274e-05	1.156855919348733e-09	7.112523815500808e-05	0.021299489663761	0.0667170056742349	0.0044511588461358	0.0004536682599366	0.1210923251963294	-0.0352657629912868	0.0012436740393576	0.0146633512214535	-0.0009980012029627	0.0001009973348255	9.96006401114996e-07	1.020046164185416e-08	0.0002049942053385	4.097467021480002e-05	4.202262422236313e-08	1.6789235992116195e-09	1.2602336987414657e-05	4.751223384443588e-05	1.5881889754435947e-10	2.2574123648883584e-09	249.1510620538953	-0.0240511982741509	62076.251722583984	0.0005784601384225	207.4442250190897	-0.4529830120979738	43033.10649377073	0.2051936092493531	183.38435604243443	-0.0715655547448932	33629.82204109836	0.0051216286259443
0.0084104540577811	-2.3123958399699773e-05	5.347174520710455e-10	7.073573745804658e-05	0.0103434658219754	-0.0109560238417855	0.0001200344584217	0.0001069872852103	0.1423015168952304	0.021209191698901	0.0004498298125207	0.0202497217106835	-0.0010450013622604	-4.700015929769998e-05	1.0920278471260914e-06	2.209014974009174e-09	0.00017949133794	-2.5502867398500005e-05	3.2217140395491285e-08	6.503962455454741e-10	1.7094168911877808e-05	4.491831924463151e-06	2.9221061078780955e-10	2.0176554037626336e-11	249.12962379509028	-0.0214382588050057	62065.56945228321	0.0004595989405904	208.60539337726348	1.161168358173768	43516.21014608284	1.3483119560239638	183.58598353516783	0.2016274927333938	33703.813350574914	0.0406536458259547
0.0084161045398758	5.650482094698636e-06	3.192794790250989e-11	7.083081562611803e-05	-0.0574276937503412	-0.0677711595723166	0.0045929300697764	0.0032979400094829	0.1975025632871734	0.0552010463919429	0.0030471555227654	0.0390072625050039	-0.0011630014136571	-0.0001180000513967	1.352572288168413e-06	1.3924012129623864e-08	0.0001119889185454	-6.75024193946e-05	1.2541517876968235e-08	4.55657662412447e-09	1.906509386047936e-05	1.970924948601553e-06	3.634778039088878e-10	3.8845451530200345e-12	248.7675449639368	-0.3620788311534682	61885.29142738433	0.1311010799694617	208.22271554688825	-0.3826778303752292	43356.69926972034	0.1464423218606926	183.3055123676513	-0.2804711675165094	33600.91086436717	0.0786640758080739
0.0084050756085503	-1.1028931325499092e-05	1.2163732618257515e-10	7.06452959854472e-05	0.0209957877896442	0.0784234815399854	0.0061502424568524	0.0004408231049077	0.1392763917171038	-0.0582261715700695	0.0033902870557071	0.0193979132897361	-0.0013080106711878	-0.0001450092575307	1.7108919159411593e-06	2.10276847696049e-08	0.0001349278003142	2.2938881768799988e-05	1.8205511297628628e-08	5.261922968029845e-10	0.0001100881709477	9.102307708722064e-05	1.2119405382610018e-08	8.28520056242611e-09	248.57300262216248	-0.194542341774337	61788.5376325976	0.0378467227430429	206.7872714976047	-1.4354440492835463	42760.97565342408	2.060499618623545	183.265204466965	-0.0403079006863151	33586.13516831849	0.0016247268577378
0.0084237706254697	1.869501691939904e-05	3.495036576166163e-10	7.095991155052617e-05	0.0374592713895367	0.0164634835998924	0.0002710462922439	0.0014031970130349	0.1267948934046359	-0.0124814983124678	0.0001557878001241	0.0160769449934929	-0.0013310014701593	-2.299079897149993e-05	1.771564913566218e-06	5.285768373479223e-10	4.38895591916566e-05	-9.10382411225434e-05	1.9262934060379286e-09	8.28796134668635e-09	0.0001660291330217	5.594096207400001e-05	2.7565673011937363e-08	3.1293912377647076e-09	248.92300323900537	0.3500006168428911	61962.66154152588	0.1225004317904042	206.14161689636555	-0.6456546012391584	42494.36621664794	0.4168698641012966	183.0267177761972	-0.2384866907678144	33498.779419927734	0.0568759016733831
0.0084550619696841	3.129134421440104e-05	9.79148222744129e-10	7.148807291119838e-05	-0.0009002543460212	-0.0383595257355579	0.0014714532146569	8.104578875300585e-07	0.1973597017014725	0.0705648082968365	0.0049793921699692	0.0389508518556942	-0.0015229885132086	-0.0001919870430493	2.3194940113653422e-06	3.685902469881378e-08	-8.823140500169302e-05	-0.0001321209641933	7.78478082857278e-09	1.7455949179380374e-08	0.0003039324547913	0.0001379033217695	9.237493707546561e-08	1.9017326155089826e-08	249.3470304557993	0.4240272167939451	62173.94159712531	0.1797990805820193	207.10737903067405	0.9657621343085054	42893.46644895529	0.9326965000641196	183.2942296665633	0.2675118903661087	33596.774629058855	0.0715626114872489
0.0084941867215917	3.9124751907600175e-05	1.5307462118312635e-09	7.215120806126476e-05	-0.0569882389973344	-0.0560879846513132	0.0031458620222459	0.0032476593840173	0.1954655904893059	-0.0018941112121665	3.587657284055203e-06	0.038206797065333	-0.001414001299315	0.0001089872138935	1.9993996744645084e-06	1.1878212792289304e-08	3.29243162748849e-05	0.0001211557212765	1.0840106021686507e-09	1.4678708798047836e-08	0.0001070233572362	-0.000196909097555	1.1453998994107282e-08	3.877319269996388e-08	249.210120556912	-0.1369098988873247	62105.684187990606	0.0187443204133374	207.8390950629052	0.7317160322311338	43197.08943656734	0.5354083518240736	183.2837604380202	-0.0104692285430871	33592.93684030158	0.0001096047462873
0.0085111064695411	1.6919747949399253e-05	2.862778706712002e-10	7.243893333586436e-05	0.0142378059893673	0.0712260449867017	0.0050731494844476	0.0002027151193908	0.1332441236163219	-0.0622214668729839	0.0038715109398258	0.0177539964782816	-0.0013120012683839	0.0001020000309311	1.7213473282409623e-06	1.0404006309945358e-08	1.999406573682805e-05	-1.2930250538056852e-05	3.9976266468860135e-10	1.6719137897691954e-10	9.013178208550012e-06	-9.801017902764998e-05	8.12373814190808e-11	9.605995193032e-09	249.3655940986781	0.1554735417660993	62183.199520186674	0.024172022189295	207.05150820549497	-0.7875868574102185	42870.32705017015	0.6202930579653039	183.2440397343759	-0.0397207036443205	33578.37809817353	0.0015777342979999
0.0084973918307582	-1.371463878289958e-05	1.8809131694541326e-10	7.22056679254362e-05	0.0099288966471533	-0.004308909342214	1.85666997194191e-05	9.858298862985204e-05	0.1300955148463742	-0.0031486087699477	9.913737186191656e-06	0.0169248429831431	-0.0013050107202026	6.99054818130017e-06	1.7030529798437086e-06	4.886776387507912e-11	0.0001028628983319	8.286883259507195e-05	1.0580775853238797e-08	6.867243415670061e-09	0.0002100672812115	0.0002010541030029	4.412826263559142e-08	4.0422752334320825e-08	249.408559199826	0.0429651011478995	62204.62940213311	0.0018459999166492	208.0429757382008	0.9914675327058262	43281.8797540056	0.9830078684097786	183.189190023932	-0.0548497104438752	33558.27934162427	0.0030084907357769
0.0084685262220745	-2.886560868370011e-05	8.33223364680503e-10	7.171593637396341e-05	-0.0631680816138384	-0.0730969782609917	0.0053431682308878	0.0039902065347725	0.1888934488068514	0.0587979339604772	0.0034571970380206	0.0356807350021465	-0.0014529986682979	-0.0001479879480953	2.11120513007547e-06	2.1900432781457208e-08	1.7378708355053618e-05	-8.548418997684638e-05	3.0201950409001036e-10	7.307546735997564e-09	0.0001670129773638	-4.305430384770001e-05	2.7893334607921172e-08	1.853673079810076e-09	249.31927024058973	-0.0892889592362564	62160.09851330021	0.0079725182414938	207.94751067060105	-0.095465067599747	43242.16719409974	0.0091135791318242	183.2348362473749	0.0456462234428727	33575.005214602286	0.0020835777145966
0.0061806174005027	-0.0022879088215718	5.234526775826063e-06	3.820003145139675e-05	-0.0127169840400966	0.0504510975737418	0.0025453132463952	0.000161721683076	0.1754728638001808	-0.0134205850066706	0.0001801121019212	0.0307907259302368	-0.0013789903808856	7.400828741229988e-05	1.901614470575012e-06	5.477226605701585e-09	-3.722818057405597e-05	-5.460688892910959e-05	1.385937428854518e-09	2.9819123185161113e-09	0.0003309744740709	0.0001639614967071	1.0954410248650885e-07	2.6883372402432364e-08	249.1095632353103	-0.2097070052794265	62055.57449528707	0.0439770280632654	208.6087461694758	0.6612354988747597	43517.60897840079	0.4372323849721524	183.4280369143034	0.1932006669285044	33645.844726235046	0.0373264977016189
0.0084379317805911	0.0022573143800884	5.095468210553877e-06	7.119869273390929e-05	0.0147797488405245	0.0274967328806211	0.0007560703191082	0.0002184409757889	0.1348427752741656	-0.0406300885260151	0.0016508040936318	0.0181825740436391	-0.0012690041722917	0.0001099862085939	1.6103715892937426e-06	1.2096966080860892e-08	2.696955225012232e-05	6.419773282417829e-05	7.273567485720779e-10	4.121348899764578e-09	4.801703222322888e-05	-0.0002829574418476	2.3056353835266e-09	8.00649138969782e-08	249.32270066617767	0.2131374308673628	62161.80906747643	0.0454275644367398	207.12740230154483	-1.481343867930974	42901.760784186	2.194379655056699	183.3600660160869	-0.0679708982164868	33620.91380942375	0.004620043004356
0.0084585466962039	2.061491561279952e-05	4.2497474572284525e-10	7.15470122118619e-05	0.0211287170740632	0.0063489682335386	4.030939763048351e-05	0.0004464226851958	0.1477437924813358	0.0129010172071701	0.0001664362449797	0.021828228216768	-0.0012180082403703	5.0995931921399935e-05	1.4835440736099547e-06	2.6005850725320567e-09	0.0001309334056223	0.0001039638533721	1.7143556707853743e-08	1.0808482807991662e-08	0.0001090793009809	6.106226875767111e-05	1.1898293902481773e-08	3.7286006658340575e-09	249.27046138352296	-0.0522392826547104	62135.76291835441	0.0027289426522787	208.32758779322847	1.2001854916836407	43400.38383574532	1.4404452144479023	183.27883272369704	-0.0812332923898679	33591.13052456092	0.0065988477924977
0.0084614416730062	2.894976802300317e-06	8.380890685856969e-12	7.159599518568596e-05	-0.0724761003525316	-0.0936048174265948	0.0087618618454661	0.0052527851223102	0.2030934435244233	0.0553496510430875	0.0030635838705915	0.0412469468026081	-0.0013260036136605	-0.0001079953732902	1.7582855834407048e-06	1.1663000652089648e-08	3.186544849764772e-05	-9.906795712465229e-05	1.0154068079562391e-09	9.814460128851944e-09	0.0002030211041178	9.39418031369e-05	4.12175687172106e-08	8.825062376612075e-09	248.79608483795928	-0.4743765455636719	61899.49183069704	0.2250331069809225	208.5792492196915	0.2516614264630163	43505.30320505017	0.0633334735694002	183.21880097293305	-0.0600317507639829	33569.12902995925	0.0036038110997889
0.0084078671555261	-5.357451748009938e-05	2.8702289232254742e-09	7.069223010497455e-05	0.0146694637192013	0.0871455640717329	0.0075943493373805	0.0002151931658089	0.1851538866514488	-0.0179395568729744	0.0003218277007986	0.0342819617421375	-0.0014239987133116	-9.79950996510999e-05	2.0277723355130923e-06	9.603039555629e-09	-1.5191541893555538e-05	-4.705699039120326e-05	2.3078294510365296e-10	2.2143603446777958e-09	0.0002689892573288	6.5968153211e-05	7.235522055829939e-08	4.35179723806997e-09	248.2500135339904	-0.5460713039688869	61628.06921962641	0.2981938690182805	206.67591808197344	-1.9033311377180555	42714.935115026594	3.6226694198071066	183.0913932618053	-0.1274077111277449	33522.458286549045	0.0162327248548109
0.0084710908172951	6.322366176900011e-05	3.9972314074809275e-09	7.175937963486136e-05	0.0335886129269482	0.0189191492077469	0.0003579342067449	0.0011281949183563	0.1376018994925232	-0.0475519871589256	0.0022611914827626	0.0189342827439504	-0.0011790002018708	0.0002449985114408	1.390041476011387e-06	6.002427060820783e-08	9.88149296343721e-06	2.507303485699275e-05	9.764390318645912e-11	6.286570769399731e-10	0.0002010058666098	-6.798339071899999e-05	4.040335841155672e-08	4.621741413652214e-09	248.73866401523887	0.4886504812484702	61870.92297608589	0.2387792928243615	205.4229672896101	-1.252950792363322	42198.59549006823	1.569885688083876	183.18846265800383	0.0970693961985205	33558.012851002866	0.0094224676783453
0.0084518427891566	-1.924802813849969e-05	3.7048658722047616e-10	7.143364653261842e-05	0.0235577078785382	-0.01003090504841	0.0001006190560902	0.0005549656004905	0.1315581200328779	-0.0060437794596452	3.652727015683035e-05	0.0173075389465851	-0.0011770030706825	1.9971311882999165e-06	1.385336228396034e-06	3.988532983280237e-12	9.39250741636144e-05	8.404358120017719e-05	8.821919556640465e-09	7.063323540950776e-09	0.0001270554251473	-7.39504414625e-05	1.6143081059361158e-08	5.468667792498639e-09	248.99205076946205	0.253386754223186	61997.04134638237	0.0642048472157612	206.4369515134933	1.0139842238831989	42616.21495018439	1.0281640062840132	183.2479314398149	0.0594687818110628	33579.8043769711	0.0035365360100918
0.008426198301322	-2.564448783460085e-05	6.576397562989913e-10	7.100081781320175e-05	-0.0695952378144539	-0.0931529456929921	0.0086774712912815	0.0048434971264503	0.2029162774314414	0.0713581573985635	0.0050919866273181	0.0411750156466336	-0.0013080015120263	-0.0001309984413438	1.7108679554630872e-06	1.7160591634505025e-08	0.0001229751589966	2.905008483298561e-05	1.5122889730239052e-08	8.439074288036601e-10	3.808064811884387e-05	-8.897477702845614e-05	1.4501357611512074e-09	7.916510947263486e-09	248.99571511805053	0.0036643485884724	61998.866147149376	1.3427450577839828e-05	207.35589999036583	0.9189484768725152	42996.46926081459	0.8444663031463154	183.415996256916	0.1680648171011114	33641.42768291703	0.02824578274723
0.0084723246718567	4.6126370534700645e-05	2.1276420587045e-09	7.178028534535174e-05	0.0086709708690051	0.078266208683459	0.0061255994216827	7.518573581113506e-05	0.1837434361723779	-0.0191728412590634	0.0003675978419452	0.0337616503364327	-0.0013460024261235	-3.80009140971999e-05	1.811722531130348e-06	1.444069472222766e-09	0.0001179606478844	-5.014511112200011e-06	1.39147144493074e-08	2.5145321694377397e-11	5.907947610992706e-05	2.0998827991083185e-05	3.490384497423442e-09	4.409507769990985e-10	249.1754318750066	0.1797167569560827	62088.39585009606	0.0322981127308116	207.3647837131581	0.0088837227922624	43000.15352440484	7.892053064976353e-05	183.30298237862257	-0.1130138782934295	33599.983348897615	0.0127721366869221
0.0050208090297587	-0.003451515642098	1.191296022764717e-05	2.52085233133065e-05	0.0248355255757957	0.0161645547067906	0.0002612928288688	0.000616803330626	0.1417661876149623	-0.0419772485574156	0.001762089396451	0.0200976519508806	-0.0011440023483649	0.0002020000777586	1.308741373064406e-06	4.0804031414480464e-08	0.0001259808251767	8.020177292300017e-06	1.587116831220225e-08	6.432324379992483e-11	3.3072052768398684e-05	-2.600742334152837e-05	1.093760674315747e-09	6.763860688654747e-10	249.8283779073232	0.6529460323165779	62414.218407804285	0.4263385211179615	207.54428399471527	0.179500281557182	43074.629818879024	0.0322203510791076	183.4210365335832	0.1180541549606175	33643.27664305406	0.0139367835034655
0.0084660171063291	0.0034452080765703	1.186945869086591e-05	7.167344564465694e-05	0.0123154351500147	-0.012520090425781	0.0001567526642697	0.0001516699429342	0.1423939514938155	0.0006277638788532	3.94087487592835e-07	0.020276037422023	-0.0011820132033097	-3.801085494480007e-05	1.3971552127984582e-06	1.4448250936346315e-09	0.0001369132131321	1.0932387955399991e-05	1.874522793015584e-08	1.1951710640737483e-10	0.0001460807636899	0.0001130087109215	2.1339589520224408e-08	1.2770968744139452e-08	249.9373477329991	0.1089698256758993	62468.677791806105	0.0118744229078358	207.7967781026313	0.2524941079160214	43179.50098983419	0.0637532745323074	183.5056284767972	0.0845919432140078	33674.315682664324	0.0071557968567219
0.0084275869624548	-3.843014387429865e-05	1.476875958199294e-09	7.102422200973814e-05	-0.0700441258305062	-0.0823595609805209	0.0067830972849041	0.0049061795633597	0.2113940653140673	0.0690001138202517	0.0047610157072077	0.0446874508500081	-0.0011449859402472	3.7027263062499975e-05	1.3109928033637647e-06	1.371018209899575e-09	-0.0001380847091672	-0.0002749979222993	1.9067386905790205e-08	7.562385726893186e-08	0.000147921497133	1.840733443099978e-06	2.1880769314068125e-08	3.3882996085467005e-12	249.35174335974472	-0.5856043732543696	62176.291916544	0.3429324819746431	209.4364313450265	1.6396532423952124	43863.61877454	2.688462755297133	183.40379807866853	-0.1018303981286692	33636.953149681016	0.0103694299830432
0.0038145207037416	-0.0046130662587132	2.128038030727821e-05	1.4550568199273312e-05	-0.0079205990908519	0.0621235267396543	0.0038593325745725	6.273588995800394e-05	0.1743694030938058	-0.0370246622202614	0.0013708256125244	0.0304046887352901	-0.001259004169347	-0.0001140182290997	1.5850914984331294e-06	1.3000156567054461e-08	2.494331885283252e-05	0.00016302802802	6.221691553940702e-10	2.6578137920100503e-08	9.00156569345669e-05	-5.790584019843309e-05	8.102818493361642e-09	3.3530863290864705e-09	248.81632549686103	-0.5354178628836905	61909.56383375989	0.2866722878949384	207.37501274879943	-2.061418596227071	43004.39591256473	4.249446628870788	183.34397339615327	-0.0598246825152557	33615.01258068936	0.0035789926380511
0.0028957652197618	-0.0009187554839798	8.441116393429567e-07	8.385456207982107e-06	0.0202733727000463	0.0281939717908982	0.0007949000453459	0.0004110096406349	0.1377313192211318	-0.036638083872674	0.001342349189861	0.0189699162943933	-0.0010210020684079	0.000238002100939	1.04244522369321e-06	5.664500005142552e-08	0.0001099999639149	8.505664506206748e-05	1.2099992061279302e-08	7.234632869214526e-09	5.605020356560295e-08	-8.99596067310013e-05	3.1416253197455306e-15	8.092730843196412e-09	248.8265080258259	0.0101825289648616	61914.6310963264	0.0001036838961202	207.4515494569819	0.0765367081824592	43036.145372102605	0.0058578676994069	183.2213909511251	-0.122582445028172	33570.078102065025	0.0150264558290848
0.0061513660117356	0.0032556007919737	1.059893651670043e-05	3.783930381033594e-05	-0.0502129964298205	-0.0704863691298668	0.0049683282331118	0.0025213450104611	0.1992400366119397	0.0615087173908079	0.0037833223150622	0.039696592189127	-0.0011629973839773	-0.0001419953155694	1.3525629151380435e-06	2.0162669643653504e-08	2.9995363580281875e-05	-8.000460033461812e-05	8.997218363133004e-10	6.400736074701978e-09	8.017692534783563e-06	7.96164233121796e-06	6.428339358232407e-11	6.338774861024175e-11	248.6463885255509	-0.1801195002749978	61825.02652679921	0.0324430343793149	206.98003889195465	-0.4715105650272448	42840.73649971506	0.2223222129323117	183.28472105792628	0.0633301068011746	33593.288973281844	0.0040107024274481
0.0016607513107942	-0.0044906147009413	2.016562039231101e-05	2.7580949163046537e-06	-0.088549068202866	-0.0383360717730454	0.001469654398988	0.0078409374795958	0.2166732055330271	0.0174331689210874	0.0003039153786311	0.0469472779959574	-0.0013420056067888	-0.0001790082228114	1.8009790486525754e-06	3.204394383413162e-08	6.642349782026713e-05	3.6428134239985255e-05	4.412081062679032e-09	1.3270089642063862e-09	0.0001140446807604	0.0001060269882256	1.300618920974155e-08	1.1241722232195007e-08	248.49974763274847	-0.1466408928024236	61752.12457353968	0.0215035514418919	206.28131799948343	-0.6987208924712149	42551.98215560401	0.4882108855757711	183.1521521414491	-0.1325689164771688	33544.71083404452	0.0175745176159305
0.0042340798811153	0.002573328570321	6.622019930830834e-06	1.792743243966535e-05	0.0059596744182215	0.0945087426210875	0.0089319024318189	3.5517719171203776e-05	0.1862962286823233	-0.0303769768507038	0.0009227607225881	0.0347062848212565	-0.0013050035055339	3.700210125490004e-05	1.7030341494557678e-06	1.3691554972778742e-09	2.4874036022470847e-05	-4.154946179779628e-05	6.187176680471772e-10	1.7263577756865323e-09	0.0001930164370403	7.89717562799e-05	3.72553449677321e-08	6.2365382899319264e-09	249.00080815459629	0.501060521847819	62001.40246164207	0.2510616465544087	206.3014303998744	0.0201124003909569	42560.280185034215	0.0004045086494861	183.12829583712008	-0.0238563043290298	33535.97273620777	0.0005691232562392
0.0084819493694112	0.0042478694882959	1.804439518959528e-05	7.194346510525506e-05	0.016478983417187	0.0105193089989654	0.0001106558618157	0.0002715568944639	0.1400747302941454	-0.0462214983881778	0.0021364269132483	0.0196209300669775	-0.0011590067420723	0.0001459967634615	1.343296628169047e-06	2.1315054941262365e-08	0.0001109431082526	8.606907223012915e-05	1.2308373268748122e-08	7.407885194555187e-09	9.806428422965112e-05	-9.49521528106489e-05	9.6166038414738e-09	9.015911323376818e-09	249.7066000783332	0.7057919237369106	62353.38612268063	0.498142239612249	206.59816001323944	0.296729613365045	42682.799720856085	0.088048463447769	183.32091581615907	0.1926199790389944	33606.55817567528	0.0371024563249826
0.008513757269057	3.1807899645798846e-05	1.0117424798772104e-09	7.248406283642089e-05	-0.0371394119556214	-0.0536183953728083	0.0028749323223548	0.0013793359204093	0.2042960708587173	0.0642213405645718	0.0041243805839107	0.04173688456831	-0.0013359955302463	-0.0001769887881739	1.784884056838092e-06	3.132503113930101e-08	-5.018700844172663e-05	-0.0001611301166943	2.51873581632994e-09	2.596291450592731e-08	0.0002799661466959	0.0001819018624662	7.83810432957502e-08	3.308828756869011e-08	249.7648346667652	0.0582345884320147	62382.47263611656	0.0033912672898461	207.1695978631365	0.5714378498970518	42919.24227877369	0.3265412162949655	183.29491752505987	-0.0259982910991993	33597.0267905185	0.0006759111400787
0.0084531015989171	-6.065567013989991e-05	3.679110320120345e-09	7.145492664161482e-05	-0.0650886478103274	-0.027949235854706	0.0007811597848619	0.0042365320737768	0.2061009722065705	0.0018049013478532	3.257668875482356e-06	0.0424776107444935	-0.0014069958315967	-7.100030135040003e-05	1.979637270130489e-06	5.041042791847616e-09	0.0001180201966473	0.000168207205089	1.3928766816667364e-08	2.8293663843861865e-08	-2.891677174100176e-05	-0.0003088829184369	8.36179687921198e-10	9.540865730209769e-08	249.4344134578744	-0.3304212088908116	62217.52661707383	0.1091781752848653	207.6321740657725	0.4625762026360007	43111.11970727925	0.2139767432451424	183.28638566859152	-0.0085318564683518	33593.89917145567	7.27925747965575e-05
0.0063194094954894	-0.0021336921034276	4.552641992229719e-06	3.99349363716816e-05	0.0313468875163494	0.0964355353266768	0.0092998124737427	0.0009826273569626	0.159199925286245	-0.0469010469203255	0.0021997082022225	0.0253446162111459	-0.0014349994590269	-2.8003627430199995e-05	2.0592234474074954e-06	7.842031492494493e-10	5.699060894670538e-05	-6.102958770059463e-05	3.247929508116295e-09	3.724610574904571e-09	1.3041068911883238e-05	4.1957840652885e-05	1.7006947836448748e-10	1.7604603922528887e-09	249.77637243247688	0.3419589746024769	62388.23622552739	0.1169359403111774	208.12275277705905	0.4905787112865596	43315.08022350084	0.2406674719675816	183.31873024340675	0.0323445748152266	33605.756858054934	0.0010461715199777
0.0084519765432276	0.0021325670477382	4.547842213098821e-06	7.143590748726957e-05	0.0201317661561404	-0.0112151213602089	0.0001257789471242	0.0004052880085655	0.1587982549800557	-0.0004016703061892	1.613390348741972e-07	0.0252168857847107	-0.0013440021830538	9.099727597310004e-05	1.80634186805338e-06	8.280504234524532e-09	8.193197017458687e-05	2.4941361227881487e-05	6.7128477366893915e-09	6.220714998996699e-10	0.000101055304449	8.801423553711676e-05	1.021217455728008e-08	7.746505657183068e-09	250.2346822950045	0.4583098625276136	62617.39622328183	0.2100479300900801	206.47578779788728	-1.64696497917177	42632.25094675818	2.7124936426182686	183.4882330907316	0.1695028473248498	33667.93168275865	0.0287312152512313
0.0084344190611886	-1.755748203900037e-05	3.0826517554982067e-10	7.113942489974158e-05	-0.0759916484878431	-0.0961234146439835	0.0092397108428191	0.0057747306398999	0.1836368049687706	0.0248385499887149	0.0006169535655418	0.0337224761391382	-0.0012979891199133	4.60130631404999e-05	1.6847757554133031e-06	2.1172019795716307e-09	-0.0001081252220522	-0.0001900571922267	1.169106364383756e-08	3.612173631712982e-08	0.00019292994119	9.1874636741e-05	3.722196220757686e-08	8.440948876290709e-09	250.0713806945605	-0.1633016004439866	62535.69544248381	0.0266674127075674	208.92469502712817	2.448907229240888	43649.52819217851	5.997146617428282	183.3934290080235	-0.0948040827080944	33633.14980332096	0.0089878140981232
0.0061415147141019	-0.0022929043470866	5.257410344889085e-06	3.771820298353014e-05	0.0060713103315634	0.0820629588194064	0.0067343292101956	3.686080914214848e-05	0.1546887762316089	-0.0289480287371617	0.0008379883677675	0.0239286174920327	-0.0012610046986548	3.6984421258499977e-05	1.590132850029483e-06	1.367847415826185e-09	2.984992574273093e-05	0.0001379751477949	8.910180668465505e-10	1.9037141409033043e-08	0.0002380189301725	4.508898898249999e-05	5.6653011120461444e-08	2.033016927464005e-09	249.4442988153976	-0.6270818791629154	62222.45821150536	0.3932316831744932	208.0622310110863	-0.8624640160418551	43289.891973310645	0.7438441789670452	183.42886558406312	0.0354365760396149	33646.1487294563	0.0012557509214114
0.0029247737174955	-0.0032167409966064	1.0347422639248336e-05	8.554301298552446e-06	0.0239518138234871	0.0178805034919237	0.0003197124051246	0.0005736893854349	0.1344382307589029	-0.0202505454727059	0.0004100845919421	0.018073637889584	-0.0010880043112191	0.0001730003874357	1.1837533812313482e-06	2.9929134052902315e-08	3.132373982728254e-05	1.4738140845516057e-06	9.811766767672862e-10	2.1721279558226875e-12	0.0003240172985735	8.599836840099997e-05	1.0498720977486865e-07	7.39571936763411e-09	249.7282640035568	0.2839651881592147	62364.20584223016	0.0806362280862982	206.79226576419583	-1.2699652468904787	42763.0411798898	1.6128117283095946	183.48452875052376	0.055663166460647	33666.572290801785	0.0030983881004257
0.008441254921351	0.0055164812038554	3.043156487249102e-05	7.125478464723246e-05	-0.0565634902116158	-0.0805153040351029	0.006482714183865	0.0031994284249195	0.202596303964242	0.068158073205339	0.0046455229430643	0.0410452623799715	-0.001114000717497	-2.599640627789992e-05	1.2409975985838306e-06	6.75813139365634e-10	-1.4603672676249955e-05	-4.5927412503532494e-05	2.1326725563504954e-10	2.109327219269633e-09	0.0001859923225938	-0.0001380249759796	3.459314406383617e-08	1.905089399419675e-08	249.34992931815827	-0.3783346853985279	62175.387250970525	0.143137134175603	208.8605936456234	2.068327881427564	43622.74757800222	4.2779802250906345	183.4377989238021	-0.0467298267216733	33649.42607400925	0.0021836767054376
0.0085004200552987	5.916513394770007e-05	3.500513075049291e-09	7.225714111652435e-05	-0.0380825778963327	0.0184809123152831	0.0003415441200051	0.0014502827392302	0.1802409600160359	-0.022355343948206	0.0004997614030425	0.0324868036675022	-0.0013739789248097	-0.0002599782073127	1.88781808582122e-06	6.758866827752527e-08	-0.0001042898197756	-8.968614709935004e-05	1.0876366508827127e-08	8.043604981526253e-09	0.0004219281171859	0.000235935794592	1.7802333607203857e-07	5.56656991698056e-08	248.5876113831605	-0.7623179349977818	61795.800533185226	0.5811286340192823	208.5366341408263	-0.3239595047971022	43487.52777878484	0.1049497607483837	183.4589912823733	0.0211923585711986	33657.20148234592	0.0004491160618102
0.004096884394741	-0.0044035356605577	1.9391126313803338e-05	1.678446174387233e-05	0.0311277542424051	0.0692103321387378	0.0047900700747544	0.0009689370841755	0.1404938473511805	-0.0397471126648553	0.0015798329651927	0.0197385211435368	-0.001094007125481	0.0002799717993286	1.1968515906032006e-06	7.838420841934986e-08	5.6893400214974577e-05	0.0001611832199905	3.236858988021269e-09	2.5980030406529964e-08	0.0001950311546917	-0.0002268969624941	3.803715130037783e-08	5.14822315890944e-08	248.0781868417258	-0.5094245414346972	61542.78678667821	0.2595133634159515	206.8495264378	-1.6871077030262995	42786.72658754212	2.846332401610677	183.30346204888548	-0.1555292334878117	33600.1591991072	0.0241893424693062
0.0063524186788868	0.0022555342841458	5.087434906957109e-06	4.035322307186992e-05	0.0037301820588595	-0.0273975721835456	0.0007506269615525	1.39142581922373e-05	0.1966704769944982	0.0561766296433176	0.0031558137180824	0.0386792765212434	-0.0012170050278101	-0.0001229979023291	1.4811012377150625e-06	1.5128483977358826e-08	2.4347826262260952e-05	-3.2545573952713625e-05	5.928166436972442e-10	1.0592143839115516e-09	0.0002500152460191	5.498409132739996e-05	6.250762324199108e-08	3.023250299099859e-09	248.33662910485413	0.2584422631283303	61671.081355161885	0.0667924033708931	206.7014375992912	-0.1480888385087837	42725.48430561368	0.0219303040908806	183.46725726769915	0.1637952188136751	33660.234489332106	0.0268288737062197
0.0059893932038619	-0.0003630254750248	1.3178749551705425e-07	3.587283095046712e-05	-0.0822893587381372	-0.0860195407969967	0.0073993613989261	0.0067715385615338	0.2282826305099803	0.0316121535154821	0.0009993282498864	0.0521129593925561	-0.0013239852421132	-0.000106980214303	1.7529369213335486e-06	1.144476625233716e-08	-0.0001151436922977	-0.0001394915185599	1.3258069875947417e-08	1.945788375016393e-08	0.0002169243869567	-3.309085906239996e-05	4.7056189656540126e-08	1.0950049534876176e-09	248.0306179207679	-0.3060111840862305	61519.18742615795	0.0936428447858568	206.978960548056	0.2775229487647834	42840.29010955372	0.0770189870911006	183.356883954214	-0.1103733134851552	33619.7468933991	0.0121822683296923
0.0084590767464902	0.0024696835426283	6.099336800729072e-06	7.155597940301124e-05	0.0078863841616367	0.0901757428997739	0.0081316646075261	6.21950551449142e-05	0.1940752517449766	-0.0342073787650036	0.0011701447619724	0.037665203339876	-0.0013539879633345	-3.0002721221300023e-05	1.833283404854707e-06	9.001632806830464e-10	-5.9701068569673055e-05	5.544262372802694e-05	3.564217588360804e-09	3.073884525847576e-09	0.000296960381551	8.003599459430001e-05	8.818546821091551e-08	6.405760430698821e-09	247.89635920014567	-0.1342587206222276	61452.60490468764	0.0180254040631173	206.50757983136683	-0.4713807166891683	42645.380527808346	0.222199780066394	183.157191386168	-0.1996925680460037	33546.55675646937	0.0398771217328078
0.0050762426487125	-0.0033828340977777	1.1443566533087468e-05	2.57682394286077e-05	0.0257602779660999	0.0178738938044632	0.0003194760797332	0.0006635919208907	0.1483774791662	-0.0456977725787766	0.0020882864186615	0.0220158763237161	-0.0010880087590638	0.0002659792042706	1.18376305979955e-06	7.074493710447471e-08	6.387585426859133e-05	0.0001235769228382	4.0801247585423166e-09	1.5271255858174352e-08	0.000228535047588	-6.842533396300002e-05	5.222826797604944e-08	4.682026327948084e-09	247.8926391140191	-0.0037200861265773	61450.760526913306	1.3839040789153428e-05	205.75992904622504	-0.7476507851417864	42337.14840110756	0.5589816965231297	182.8958311265056	-0.2613602596623821	33450.88504345526	0.0683091853307877
0.0084730885524209	0.0033968459037084	1.153856209354054e-05	7.179322961716612e-05	-0.0083509981054419	-0.0341112760715417	0.0011635791552289	6.97391693570942e-05	0.2241298664937971	0.075752387327597	0.0057384241858302	0.0502341970545273	-0.0013469872727543	-0.0002589785136905	1.8143747129620671e-06	6.706987055334053e-08	-7.328418042540363e-05	-0.0001371600346939	5.370571100623113e-09	1.8812875117257905e-08	0.0004219505027881	0.0001934154552	1.7804222680313038e-07	3.740953831026188e-08	248.0604803154568	0.1678412014377102	61534.00189433513	0.028170668900054	206.651042934626	0.8911138884009517	42704.65354596864	0.7940839621010639	182.93080767081383	0.0349765443082219	33463.68039509628	0.001223358651745
0.0059619088902564	-0.0025111796621645	6.306023295668616e-06	3.55443576157183e-05	-0.0886502174817849	-0.0802992193763429	0.00644796463245	0.0078588610595677	0.2528156349110588	0.0286857684172616	0.0008228733096887	0.0639157452554817	-0.0012609905687759	8.599670397839996e-05	1.590097214541768e-06	7.395433095148551e-09	-0.000131124828407	-5.784064798159636e-05	1.7193720624765194e-08	3.345540558930947e-09	0.0001974172539578	-0.0002245332488303	3.8973572160238495e-08	5.0415179830289415e-08	247.5398002858429	-0.5206800296139136	61275.95272555498	0.2711076932387459	206.61453644316248	-0.0365064914635127	42689.56666962292	0.0013327239189755	182.9854889466673	0.0546812758534542	33483.6891650509	0.0029900419289615
0.0084539049541092	0.0024919960638527	6.210044382257846e-06	7.146850897311207e-05	0.0076900861740512	0.0963403036558361	0.0092814541084987	5.9137425364333423e-05	0.2213345338487755	-0.0314811010622833	0.0009910597240936	0.0489889758740547	-0.0014079993405445	-0.0001470087717685	1.9824621429737467e-06	2.161157897691229e-08	-6.297049007786271e-06	0.0001248277793992	3.965282620646205e-11	1.5581974509738765e-08	0.0004219953402275	0.0002245780862697	1.780800671737235e-07	5.043531683256084e-08	247.4974533644512	-0.0423469213916973	61254.98942188869	0.0017932617513545	205.3653220318733	-1.249214411289188	42174.91549325502	1.5605366453725922	182.6598144127377	-0.3256745339296003	33364.60780129577	0.1060639020502623
0.0084609359310832	7.030976973999847e-06	4.943463720891605e-11	7.158743682989473e-05	0.0157556990505582	0.008065612876507	6.505411107367556e-05	0.0002482420525717	0.1674722833466546	-0.0538622505021209	0.0029011420291532	0.0280469656893421	-0.0011799794397641	0.0002280199007804	1.3923514782659992e-06	5.199307515190348e-08	-0.0001361882283847	-0.0001298911793769	1.854723355056321e-08	1.6871718479925576e-08	0.0003189200391249	-0.0001030753011026	1.0170999135542773e-07	1.0624517697391662e-08	247.83478277983383	0.3373294153826407	61422.079555527416	0.1137911344823941	205.1847449404128	-0.180577091460492	42100.779556262256	0.0326080859603309	182.7801091453896	0.1202947326518995	33408.56829920053	0.0144708227037919
0.0143870762105677	0.0059261402794845	3.5119138612128645e-05	0.0002069879618886	0.0009998136178808	-0.0147558854326774	0.0002177361549023	9.996272704998942e-07	0.1585744776791671	-0.0088978056674874	7.91709456963725e-05	0.0251458649712206	-0.0011640007609436	1.597867882050007e-05	1.3548977714772796e-06	2.5531817684869753e-10	-1.1245634479850608e-05	0.0001249425939048	1.2646429485440486e-10	1.5610651771672106e-08	0.0004219933108413	0.0001030732717164	1.7807835439480209e-07	1.0624099342322823e-08	247.9623440609176	0.1275612810837572	61485.32407218487	0.0162718804317293	205.6964511790174	0.511706238604603	42311.03002764189	0.2618432746268708	183.01578716488405	0.2356780194944576	33494.778351582136	0.0555441288728299
0.0084176201872594	-0.0059694560233083	3.563440521421176e-05	7.085632961695697e-05	-0.0706619468321889	-0.0716617604500697	0.0051354079108031	0.004993110730115	0.2411313713502778	0.0825568936711106	0.006815640692623	0.0581443382492655	-0.0014499951063142	-0.0002859943453706	2.102485808335128e-06	8.179276558395808e-08	-9.010285474375657e-05	-7.885722026390596e-05	8.118524432974495e-09	6.21846118775018e-09	0.0001419345523645	-0.0002800587584767	2.0145417154911e-08	7.843290819956658e-08	248.23884263291208	0.2764985719944945	61622.52299172769	0.0764514603149947	206.66553723761376	0.9690860585963604	42710.64428171152	0.9391277889658288	183.02991908206337	0.014131917179327	33499.951279186665	0.0001997110831633
0.0085354032205486	0.0001177830332892	1.387284293080504e-08	7.285310813735142e-05	-0.0419041370717678	0.0287578097604211	0.0008270116222165	0.0017559567037295	0.20634567850108	-0.0347856928491978	0.0012100444269987	0.042578539036071	-0.0012869968803659	0.0001629982259482	1.6563609700715588e-06	2.6568421662293032e-08	4.903346503759565e-05	0.0001391363197813	2.404280693593115e-09	1.9358915482298705e-08	-5.196826735490384e-05	-0.0001939028197194	2.700700811870764e-09	3.759830349513564e-08	248.0073908296237	-0.2314518032883938	61507.66590611771	0.0535699372454493	205.86494842691624	-0.8005888106975192	42380.37699081688	0.6409424438140682	182.8291216475525	-0.2007974345108607	33426.48772241556	0.0403196097061434
0.0084848939898591	-5.050923068950115e-05	2.551182384845245e-09	7.199342601914707e-05	0.0047740115025618	0.0466781485743296	0.0021788495543271	2.2791185826592377e-05	0.1556809065159825	-0.0506647719850975	0.0025669191203019	0.024236544653638	-0.0013819985979035	-9.500171753760002e-05	1.9099201246072403e-06	9.025326335093941e-09	0.0001850228607085	0.0001359893956709	3.423345898475699e-08	1.8493115734937777e-08	-3.2872201237022034e-05	1.9096066117881808e-05	1.080581614167273e-09	3.6465974117851357e-10	248.38923217610443	0.3818413464807406	61697.21066103471	0.145802813882225	206.79147637955683	0.9265279526405834	42762.71470323681	0.8584540470243511	182.91604934649905	0.086927698946539	33458.28110853088	0.0075564248441401
0.0084853951517516	5.011618925011146e-07	2.511632424952988e-13	7.200193088136956e-05	-0.0515706207579	-0.0563446322604618	0.0031747175845666	0.0026595289253551	0.2142047933497366	0.0585238868337541	0.00342504533013	0.0458836934940033	-0.0014710004144544	-8.900181655089982e-05	2.163842219325016e-06	7.921323349360025e-09	1.900735218640648e-05	-0.000166015508522	3.612794371380912e-10	2.7561149069849304e-08	-9.985912859065796e-06	2.288628837795624e-05	9.97184556288556e-11	5.237821957189744e-10	248.4255367612602	0.0363045851557615	61715.24731512024	0.0013180229033319	206.6568415946149	-0.1346347849419373	42707.05017786175	0.0181265253163617	182.8784798637204	-0.0375694827786503	33444.53839726519	0.0014114660362553
0.0085007543463149	1.535919456329901e-05	2.359048576332739e-10	7.226282445639166e-05	-0.1085470757182349	-0.0569764549603349	0.003246316419847	0.0117824676469802	0.2404419997203604	0.0262372063706237	0.0006883909981347	0.0578123552295257	-0.0019479895984208	-0.0004769891839664	3.794663475555629e-06	2.275186816209322e-07	-0.0002031195861325	-0.0002221269383189	4.125756627063808e-08	4.934037672693128e-08	0.0001228019898563	0.0001327879027153	1.5080328712666813e-08	1.763262710754545e-08	248.44871237721705	0.023175615956859	61726.762681897126	0.0005371091749798	206.941142278022	0.2843006834071104	42824.63636733255	0.08082687858575	183.17570348942505	0.2972236257046461	33553.33834884576	0.0883418836770155
0.0084641656781627	-3.658866815219909e-05	1.338730637151748e-09	7.164210062738745e-05	-0.00704513925902	0.1015019364592148	0.0103026431049704	4.963398717898487e-05	0.1875688967112978	-0.0528731030090625	0.0027955650218069	0.0351820910134935	-0.0016400026486789	0.0003079869497418	2.689608687673808e-06	9.485596121131953e-08	-0.0001010023543712	0.0001021172317612	1.0201475588525466e-08	1.0427929022591052e-08	2.9168390061093223e-06	-0.0001198851508501	8.50794978756082e-12	1.4372449394372977e-08	248.51640085978235	0.0676884825653019	61760.40149630003	0.0045817306719931	206.91352499596616	-0.0276172820558429	42813.20682625631	0.0007627142681519	183.23105921587725	0.0553557264522055	33573.62106137232	0.0030642564510514
0.0084542047529794	-9.960925183301328e-06	9.922003050732659e-11	7.147357800529946e-05	0.0056323031698326	0.0126774424288526	0.0001607175465368	3.172283899690636e-05	0.163061348654395	-0.0245075480569028	0.0006006199117614	0.0265890034249901	-0.0015410010826406	9.900156603830004e-05	2.3746843366995017e-06	9.801310078035882e-09	1.1997662573426382e-05	0.0001130000169446	1.4394390722579615e-10	1.2769003829485852e-08	3.0091335978896933e-06	9.229459178037094e-08	9.05488500994857e-12	8.518291671905316e-15	249.16892963200235	0.6525287722199948	62085.15549395774	0.4257937985749339	207.89518622946235	0.9816612334961974	43220.40845738284	0.9636587773492756	183.3850054538798	0.1539462380025611	33630.06022531953	0.0236994441951412
0.0104652999740011	0.0020110952210217	4.044503988016321e-06	0.0001095225035458	-0.0656675191358999	-0.0712998223057325	0.005083664660829	0.0043122230694637	0.2356155661540384	0.0725542174996433	0.0052641144769855	0.055514695014088	-0.0015049953578191	3.600572482150011e-05	2.2650110270570407e-06	1.2964122199215891e-09	8.799762385303112e-05	7.599996127960473e-05	7.74358180377955e-09	5.775994114501419e-09	3.0663806108062464e-06	5.72470129165531e-08	9.402690050328487e-12	3.277220487867997e-15	249.63744884471905	0.4685192127166999	62318.85586569972	0.2195102526846763	207.50385407894217	-0.391332150520185	43057.84945761493	0.1531408520307527	183.66878213609257	0.2837766822127605	33734.22153135544	0.080529205367682
0.013444273612464	0.0029789736384629	8.874283938656888e-06	0.0001807484929667	-0.0758694870967815	-0.0102019679608816	0.0001040801502748	0.0057561790723286	0.2195333496103302	-0.0160822165437082	0.0002586376889587	0.0481948915911314	-0.0015400026290326	-3.50072712135001e-05	2.37160809742732e-06	1.225509037815553e-09	-0.0003090020226605	-0.0003969996465135	9.548225000828017e-08	1.5760871933186865e-07	2.7616218910625143e-06	-3.047587197437321e-07	7.626555469195698e-12	9.287787725983865e-14	249.2397174667005	-0.3977313780185341	62120.43676288069	0.158190249060522	208.68664442427607	1.182790345333899	43550.11556106423	1.3989930010150842	183.63283176197743	-0.0359503741151456	33721.0169009227	0.0012924293990189
0.010642601812421	-0.0028016718000429	7.849364875156179e-06	0.0001132649733377	-0.0071189857290505	0.068750501367731	0.0047266314383143	5.067995781042468e-05	0.1778670185858857	-0.0416663310244445	0.0017360831410385	0.0316366763006318	-0.0016610024491968	-0.0001209998201641	2.758929136237768e-06	1.4640956479768717e-08	-3.0002470714940443e-05	0.0002789995519455	9.001482490008586e-10	7.784074998582299e-08	2.9749131989208763e-06	2.132913078583621e-07	8.850108541113639e-12	4.5493182007930594e-14	249.50286974453027	0.2631522778297608	62251.68201075604	0.0692491213269916	208.98073473991232	0.2940903156362537	43672.9474924336	0.0864891137510313	183.6296150954976	-0.0032166664798296	33719.8355401206	1.0346943242459703e-05
0.0084595373390072	-0.0021830644734137	4.765770495081471e-06	7.156377199005702e-05	-0.0097756285659329	-0.0026566428368823	7.057751162758562e-06	9.556291385908331e-05	0.1304589469602177	-0.0474080716256679	0.0022475252552644	0.0170195368419688	-0.0016730038271818	-1.2001377985000053e-05	2.7989418057649503e-06	1.4403307353884388e-10	-0.0001119164523089	-8.191398159395956e-05	1.2525292297410288e-08	6.709900380575545e-09	-0.0001000934801624	-0.0001030683933613	1.0018704771020762e-08	1.0623093710083974e-08	249.84244446649143	0.3395747219611564	62421.24705699185	0.1153109917949967	208.169922605474	-0.8108121344383221	43334.71667756904	0.6574163173524278	183.703434213996	0.0738191184983918	33746.951742015954	0.0054492622558796
0.0084249272150316	-3.4610123975599774e-05	1.1978606816063864e-09	7.097939857858012e-05	-0.0891833618494644	-0.0794077332835315	0.0063055881052284	0.0079536720307725	0.2212292549749577	0.09077030801474	0.0082392488170907	0.0489423832567748	-0.0016409898818836	3.201394529819997e-05	2.692847792444352e-06	1.0248926935561398e-09	-0.0002450623604219	-0.0001331459081129	6.005556049555322e-08	1.7727832847235435e-08	7.529885186690613e-05	0.0001753923320293	5.669917092474272e-09	3.076247013467837e-08	249.4343703629181	-0.408074103573341	62217.50511834539	0.1665244740071859	210.05208680984825	1.8821642043742488	44121.87917317203	3.542542092227748	183.57680213006063	-0.1266320839353625	33700.44228029943	0.0160356846818126
0.0084317389828498	6.811767818198575e-06	4.6400180809045766e-11	7.109422227490896e-05	-0.111950070785042	-0.0227667089355775	0.0005183230357573	0.0125328183487759	0.2465871306372093	0.0253578756622515	0.0006430218581022	0.0608052129958921	-0.0017639978782044	-0.0001230079963208	3.111688514309625e-06	1.513096715885795e-08	-0.0002070022996041	3.806006081780001e-05	4.284995204138557e-08	1.4485682294546358e-09	2.81766575282007e-06	-7.248118611408606e-05	7.939240294615093e-12	5.253522340504781e-09	248.70220348515187	-0.7321668777662182	61852.78601836989	0.5360683368979324	209.00306061861363	-1.049026191234617	43682.279347947886	1.1004559498962074	183.53264174053723	-0.0441603895233981	33684.23058426039	0.0019501400028582
0.0085025976900823	7.085870723250003e-05	5.0209563906611525e-09	7.229416747939284e-05	-0.0178298730241124	0.0941201977609296	0.0088586116265564	0.0003179043720559	0.2115220640707491	-0.0350650665664601	0.0012295588933102	0.04474158358875	-0.0017080045751804	5.599330302400005e-05	2.9172796288371788e-06	3.1352499835374927e-09	0.0001279469617132	0.0003349492613173	1.6370425011639067e-08	1.1219100765700493e-07	6.210949659176735e-05	5.929183083894728e-05	3.85758956688276e-09	3.5155212042343403e-09	248.2651662300167	-0.4370372551351806	61635.59276321782	0.191001562376093	207.06984489623537	-1.9332157223782644	42877.920665350975	3.737323029250515	183.23679047865767	-0.2958512618795623	33575.72138491949	0.0875279691557293
0.0084681723636776	-3.442532640469953e-05	1.1851030980701028e-09	7.170994318095307e-05	-0.0450189769678104	-0.0271891039436979	0.0007392473732612	0.0020267082872282	0.1759557497586286	-0.0355663143121205	0.0012649627137485	0.0309604258731211	-0.001494999490864	0.0002130050843164	2.2350234776836192e-06	4.537116594463669e-08	9.69975475684226e-05	-3.09494141447774e-05	9.408524234288406e-09	9.578662359049472e-10	3.07209915036198e-06	-5.903739744140537e-05	9.4377931896548e-12	3.485414296654456e-09	248.8602829889655	0.5951167589488193	61931.440449348	0.3541639567817471	206.69431209259844	-0.3755328036369292	42722.538651432485	0.1410248866074124	183.23644476443872	-0.0003457142189517	33575.5946899112	1.195183211854518e-07
0.0084246898052384	-4.348255843920033e-05	1.890732888418472e-09	7.097539831448782e-05	-0.0200994456357364	0.0249195313320739	0.0006209830418102	0.0004039877148639	0.1913323945234424	0.0153766447648137	0.0002364412042232	0.0366080851940742	-0.0015549993253083	-5.999983444430015e-05	2.4180229017092685e-06	3.599980133343426e-09	4.4997634836230205e-05	-5.19999127321924e-05	2.024787140854718e-09	2.703990924155625e-09	3.0349393229758045e-06	-3.715982738617536e-08	9.210856694144834e-12	1.3808527713703477e-15	248.9569510515381	0.0966680625726041	61979.56347687794	0.0093447143215409	207.4243930938396	0.7300810012411603	43024.87885034769	0.533018268373295	183.03521519488305	-0.2012295695556645	33501.89000143715	0.040493339663558
0.0084077499046202	-1.693990061819861e-05	2.869602329544457e-10	7.0690258458641e-05	-0.1005477628268209	-0.0804483171910845	0.0064719317388773	0.0101098526094786	0.2507075853052214	0.059375190781779	0.0035254132803726	0.0628542933295748	-0.0017949987689626	-0.0002399994436543	3.22202058057725e-06	5.759973295437352e-08	4.899732590923911e-05	3.999691073008904e-06	2.400737946256194e-09	1.599752867950712e-11	3.04392385128637e-06	8.984528310565511e-09	9.265472412430047e-12	8.072174896335313e-17	248.78147859271905	-0.1754724588190583	61892.22409077953	0.0307905838040061	207.0208259947757	-0.4035670990639062	42857.62239555919	0.1628664034468566	183.1548002749767	0.1195850800936568	33545.68086376661	0.0143005913810063
0.0083770420727091	-3.070783191110038e-05	9.429709406803947e-10	7.017483388793838e-05	-0.046932189522721	0.0536155733040999	0.0028746297007273	0.0022026304133966	0.2302744742127487	-0.0204331110924727	0.0004175120289173	0.0530263334739578	-0.0015440107903332	0.0002509879786294	2.3839693206653533e-06	6.299496541647217e-08	0.0001609161034361	0.0001119187775268	2.589399234505764e-08	1.2525812763106984e-08	0.0001091236179325	0.0001060796940812	1.1907963990678237e-08	1.1252901496363873e-08	248.6313822512965	-0.150096341422568	61817.56424019031	0.0225289117084401	207.55344695537647	0.5326209606007808	43078.43334305828	0.2836850876712984	183.0567418169016	-0.0980584580751156	33509.77072461977	0.0096154612000692
0.0084751077638713	9.80656911622e-05	9.61687978311999e-09	7.18274516092316e-05	0.0126399582704692	0.0595721477931902	0.0035488407926936	0.0001597685450792	0.1918919479150105	-0.0383825262977381	0.0014732183249965	0.036822519674617	-0.0015419991913175	2.011599015700003e-06	2.3777615060238243e-06	4.046530599965222e-12	2.1997653256056186e-05	-0.00013891845018	4.838967487736793e-10	1.9298335800425323e-08	3.017055885520402e-06	-0.0001061065620469	9.102626216353298e-12	1.1258602509429532e-08	249.63377552572047	1.00239327442398	62317.0218832258	1.0047922766104287	207.8562828084256	0.3028358530491175	43204.2343029362	0.0917095538919867	183.1698676650037	0.1131258481021291	33551.20042041498	0.0127974575088259
0.008430187558801	-4.492020507029966e-05	2.0178248235577753e-09	7.106806227656317e-05	-0.004318412554042	-0.0169583708245112	0.0002875863410216	1.864868698690755e-05	0.1809843174985417	-0.0109076304164687	0.0001189764013022	0.0327553231804129	-0.0014379989176236	0.0001040002736939	2.067840887086645e-06	1.081605692840614e-08	0.0001199974034686	9.799975021254382e-05	1.4399376839205977e-08	9.603951041720982e-09	3.0863211236475474e-06	6.926523812714538e-08	9.52537807827306e-12	4.797673212810154e-15	249.92183520229145	0.2880596765709811	62460.923710881325	0.0829783772661782	208.0868321885454	0.230549380119811	43300.129730263856	0.0531530166736291	183.08016017901485	-0.0897074859888675	33518.34505117374	0.0080474330424428
0.0084771469692981	4.695941049709905e-05	2.205186234235056e-09	7.186202073907995e-05	-0.1130383258863076	-0.1087199133322656	0.0118200195549753	0.012777663119179	0.2433346770756657	0.0623503595771239	0.0038875673393966	0.0592117650675185	-0.001720013053432	-0.0002820141358084	2.958444903976472e-06	7.95319727957587e-08	0.0001598611085298	3.98637050612e-05	2.5555574020376493e-08	1.589114981206342e-09	0.0001616374985299	0.0001585511774062	2.6126680931003423e-08	2.5138475856908934e-08	249.5321148984677	-0.3897203038237364	62266.27636570209	0.1518819152124654	208.8179354018353	0.7311032132899129	43604.930145485065	0.5345119084828359	183.19581517842653	0.1156549994116744	33560.706698888214	0.0133760788889144
0.0084462773229034	-3.086964639469926e-05	9.52935068533769e-10	7.133960061539224e-05	-0.0459265708162774	0.0671117550700302	0.0045039876685797	0.0021092499069425	0.2114731280133526	-0.031861549062313	0.0010151583086501	0.0447208838717518	-0.0014219947652723	0.0002980182881597	2.0220691124618234e-06	8.881490007763803e-08	-0.0001070887802345	-0.0002669498887643	1.1468006852113038e-08	7.126224311127215e-08	0.000124923655013	-3.671384351689998e-05	1.5605919581807044e-08	1.3479063057834186e-09	248.8865564692718	-0.6455584291959156	61944.517991132016	0.4167456855058979	207.99587337006915	-0.8220620317661655	43262.28333897784	0.6757859840715161	183.10595620860315	-0.089858969823382	33527.791199066894	0.0080746344577194
0.0084823244940821	3.604717117869881e-05	1.299398549986414e-09	7.194982882290514e-05	-0.0086299631904012	0.0372966076258762	0.0013910369403985	7.447626466767964e-05	0.1668245504626497	-0.0446485775507028	0.0019934954773011	0.0278304306370651	-0.0016560061481803	-0.000234011382908	2.742356362810954e-06	5.4761327330514656e-08	0.0002449905927155	0.00035207937295	6.0020390519092e-08	1.239598848568652e-07	1.1202465842409656e-05	-0.0001137211891705	1.254952409503551e-10	1.2932508866373197e-08	248.97605761040347	0.0895011411316772	61989.07726321895	0.0080104542638724	207.22764084795688	-0.768232522112271	42943.2951314098	0.590181208030981	183.09713866398937	-0.0088175446137768	33524.56218694015	7.774909301594457e-05
0.0084869019730291	4.577478947000516e-06	2.095331351023295e-11	7.202750509980522e-05	-0.0734753536589352	-0.064845390468534	0.0042049246650166	0.0053986275953056	0.2490136133475147	0.082189062884865	0.0067550420578922	0.0620077796323855	-0.0015869915213921	6.901462678820017e-05	2.518542088970412e-06	4.763018710714557e-09	-5.61880316918284e-05	-0.0003011786244073	3.1570949054019123e-09	9.070856379989061e-08	0.0002369556025793	0.0002257531367368	5.614795759371917e-08	5.096447874654511e-08	249.20517423659973	0.2291166261962587	62103.21886629403	0.0524944283995561	207.0739280269501	-0.1537128210067635	42879.61166851052	0.0236276313418573	183.06812736135103	-0.029011302638338	33513.939255591846	0.0008416556807732
0.0085093371272506	2.2435154221499623e-05	5.033361449424721e-10	7.240881834520549e-05	-0.1050053412112959	-0.0315299875523606	0.000994140115052	0.0110261216829006	0.2640477728238153	0.0150341594763006	0.0002260259511588	0.0697212263332171	-0.0016269979658612	-4.000644446910018e-05	2.6471223809164828e-06	1.600515599059196e-09	-1.3231072695241153e-05	4.295695899658725e-05	1.75061284666756e-10	1.845300326234478e-09	0.0002839896557073	4.703405312799999e-05	8.065012454875078e-08	2.212202153647525e-09	248.84949101534468	-0.3556832212550489	61926.06917859612	0.1265105538823681	208.13539586777384	1.061467840823724	43320.34301303493	1.1267139771029786	183.3442455938664	0.2761182325153584	33615.112392384	0.0762412783274055
0.0084180150906405	-9.132203661009997e-05	8.339714370616436e-09	7.086297806625117e-05	-0.0175874970182405	0.0874178441930554	0.0076418794833613	0.0003093200513666	0.2475713503283998	-0.0164764224954155	0.0002714724982474	0.0612915735034272	-0.0016889971288323	-6.199916297110002e-05	2.8527113012037534e-06	3.8438962091170205e-09	-2.418825261862878e-05	-1.0957179923387628e-05	5.85071564742602e-10	1.2005979187348888e-10	0.0002229791904295	-6.10104652778e-05	4.9719719364595225e-08	3.722276873413639e-09	248.7518947854313	-0.0975962299133925	61877.50515934228	0.0095250240933077	208.02938949909617	-0.1060063686776686	43276.22689536666	0.0112373502002258	183.2753319541613	-0.0689136397051015	33589.84730290801	0.0047490897374045
0.0084800518814205	6.20367907800002e-05	3.8485634102815176e-09	7.191127991158336e-05	-0.0265363807349814	-0.0089488837167409	8.008251977575043e-05	0.0007041795025118	0.2076361719542774	-0.0399351783741224	0.0015948184717729	0.0431127799038262	-0.0014569644815745	0.0002320326472578	2.122745500569652e-06	5.3839149393462727e-08	-0.0001827847223756	-0.0001585964697569	3.3410254733925165e-08	2.515284021937389e-08	0.0003903672377642	0.0001673880473347	1.5238658031965145e-07	2.8018758390523776e-08	249.0783105276792	0.3264157422479172	62040.00477532299	0.1065472367872587	208.07534070928045	0.0459512101842847	43295.347411283146	0.0021115137174003	183.4445178388008	0.1691858846395177	33651.89112511011	0.0286238635612562
0.0083623921178457	-0.0001176597635747	1.3843819964477773e-08	6.992960193260788e-05	-0.0967815246860936	-0.0702451439511122	0.0049343802487124	0.0093666635205649	0.2856232042517916	0.0779870322975142	0.0060819772065735	0.0815806148070606	-0.0015729915402658	-0.0001160270586912	2.4743023857477736e-06	1.3462278348554368e-08	-5.775477509306626e-05	0.0001250299472825	3.335614046050666e-09	1.5632487717473167e-08	0.0003239549547819	-6.641228298229999e-05	1.0494681272774289e-07	4.4105913309210934e-09	248.6119174317305	-0.466393095948689	61807.88548908159	0.217522519948603	209.1904073461573	1.1150666368768327	43760.62652565122	1.2433736046758104	183.17710143533247	-0.2674164034683315	33553.85049025008	0.0715115328439374
0.0084258377934673	6.344567562160085e-05	4.025353755081396e-09	7.09947425218219e-05	-0.0975957222988768	-0.0008141976127831	6.62917752661842e-07	0.0095249250110394	0.2794016292515664	-0.0062215750002251	3.870799548342705e-05	0.0780652704284297	-0.0016539866738261	-8.099513356030013e-05	2.735671917194326e-06	6.560211660450856e-09	-6.931167118362502e-05	-1.1556896090558766e-05	4.804107762266955e-09	1.3356184724797248e-10	0.0003769424399119	5.298748512999997e-05	1.4208560300673633e-07	2.8076735804019683e-09	248.09454859162705	-0.5173688401034724	61550.90504088319	0.2676705167100124	208.12245756615985	-1.0679497799974342	43314.95734337801	1.1405167325965682	183.0573319965738	-0.1197694387586807	33509.98679770384	0.0143447184605693
0.012658033879191	0.0042321960857236	1.7911483708015003e-05	0.0001602258216867	-0.0409479086324608	0.056647813666416	0.0032089747931849	0.0016767312213723	0.2524006127108862	-0.0270010165406802	0.00072905489423	0.0637060692968307	-0.0016269614572499	2.702521657620008e-05	2.647003583376718e-06	7.303623309905194e-10	-0.0001319408078528	-6.262913666917497e-05	1.7408376776849488e-08	3.922408759926197e-09	0.0005418932706023	0.0001649508306904	2.936483167240576e-07	2.720877654545301e-08	247.9724521559085	-0.1220964357185323	61490.33702821434	0.0149075396151697	206.61036158825488	-1.512095977904977	42687.84151562943	2.2864342463964085	182.930501137828	-0.1268308587457909	33463.568246536895	0.0160860667301947
0.0153894812154931	0.0027314473363021	7.460804550991839e-06	0.000236836132082	-0.06473353277228	-0.0237856241398192	0.0005657559157207	0.0041904302651798	0.2795749305893054	0.0271743178784191	0.0007384435521573	0.0781621418140149	-0.0017199533954861	-9.299193823620004e-05	2.958239682644165e-06	8.647500576925246e-09	-0.0001739306539663	-4.198984611349999e-05	3.0251872389144794e-08	1.7631471766354103e-09	0.0005003512385402	-4.154203206210004e-05	2.503513619087121e-07	1.725740427848547e-09	248.4231592135345	0.4507070576260048	61714.06603363312	0.2031368517938908	205.9195447028952	-0.6908168853596806	42402.85889064765	0.47722796909805	183.07821835628872	0.1477172184607127	33517.63403651293	0.0218203766297699
0.0232854963229129	0.0078960151074198	6.23470545766017e-05	0.0005422143390043	-0.1378271968717968	-0.0730936640995167	0.0053426837314929	0.018996336197537	0.3260655047459835	0.0464905741566781	0.0021613734854175	0.1063187133852529	-0.0017939834784301	-7.403008294400008e-05	3.218376720880161e-06	5.4804531806955325e-09	-0.0001097734463193	6.415720764699999e-05	1.2050209516816235e-08	4.116147293060274e-09	0.000304901797114	-0.0001954494414261	9.296510588334685e-08	3.8200484153813567e-08	248.69661437159672	0.2734551580622053	61850.00599989469	0.0747777234708257	206.61132907867432	0.6917843757791218	42688.24130365625	0.4785656225721091	183.1930040616071	0.1147857053183827	33559.676737115995	0.0131757581454385
0.0181773139897956	-0.0051081823331173	2.6093526748371703e-05	0.0003304147438836	-0.0575154102758119	0.0803117865959849	0.006449983066239	0.0033080224191949	0.2958532830862879	-0.0302122216596956	0.0009127783376145	0.0875291651129352	-0.0017949967147564	-1.0132363262999045e-06	3.222013205986269e-06	1.0266478529337263e-12	-9.970819495386252e-06	9.980262682391374e-05	9.941724140957456e-11	9.960564320953389e-09	0.0005249914486039	0.0002200896514898	2.7561602110722134e-07	4.843945469294562e-08	248.83991495928387	0.1433005876871504	61921.30327694363	0.0205350584314827	207.65543028344496	1.0441012047706408	43120.77772620267	1.0901473258035037	183.0037639195892	-0.1892401420178942	33490.37760873674	0.0358118313509527
0.0210506364434763	0.0028733224536806	8.255981922825669e-06	0.0004431292946754	-0.0180761345779387	0.0394392756978732	0.0015554564675728	0.0003267466412797	0.2102484902690662	-0.0856047928172216	0.0073281805532794	0.0442044276604216	-0.0014730043955114	0.0003219923192449	2.1697419491959054e-06	1.0367905365277397e-07	7.13864708323797e-05	8.135729032776595e-05	5.096028217902197e-09	6.6190086894764e-09	0.00015405308312	-0.0003709383654838	2.3732352418777632e-08	1.3759527098786732e-07	249.55091691899747	0.7110019597135988	62275.66013511238	0.5055237867165779	207.7342636098253	0.0788333263803338	43153.52427751639	0.0062146933481882	183.26119586902445	0.2574319494352437	33584.66591134494	0.0662712085900298
0.021073625202689	2.298875921270121e-05	5.28483050139555e-10	0.0004440976791834	-0.0382363657221986	-0.0201602311442599	0.0004064349197899	0.0014620196636417	0.2697421967351801	0.0594937064661138	0.0035395011090761	0.0727608526995206	-0.0016030230929167	-0.0001300186974052	2.569683036424223e-06	1.6904861674970946e-08	8.399172872719518e-05	1.260525789481548e-05	7.054610494582744e-09	1.58892526594808e-10	0.000634067654739	0.000480014571619	4.020417907862157e-07	2.304139889665721e-07	248.9769754396376	-0.5739414793598598	61989.53429906992	0.3294088217297844	207.82365510007168	0.0893914902463848	43190.671619153545	0.0079908385284695	183.1922866639564	-0.0689092050680528	33559.41389316918	0.0047484785431109
0.0210220308742634	-5.159432842560125e-05	2.661974725688804e-09	0.0004419257820784	-0.1237959398716697	-0.0855595741494711	0.0073204407286388	0.01532543472871	0.3116026191022598	0.0418604223670797	0.0017522949607503	0.0970961922313879	-0.0015520139995761	5.1009093340600086e-05	2.4087474548802022e-06	2.601927603430052e-09	0.0001002602833741	1.626855464690482e-05	1.0052124422254834e-08	2.6466587029932847e-10	0.0003095785177306	-0.0003244891370084	9.583885864027542e-08	1.0529320003645617e-07	248.391101422042	-0.5858740175956143	61698.139265655154	0.3432483644936261	207.72033836993765	-0.1033167301340256	43147.738972521394	0.010674346725587	183.1986622571432	0.0063755931868172	33561.74985280683	4.0648188483790425e-05
0.0172666034281832	-0.0037554274460801	1.4103235302772449e-05	0.0002981355939461	-0.0215525188855849	0.1022434209860848	0.0104537171349377	0.0004645110703134	0.2953983875874399	-0.0162042315148198	0.0002625771189858	0.0872602073892593	-0.0015910132052872	-3.899920571110013e-05	2.5313230193982503e-06	1.5209380460967042e-09	7.521513151598214e-05	-2.5045151858117865e-05	5.657316008966489e-09	6.272596315961848e-10	0.0003580602273418	4.84817096112e-05	1.2820712640406154e-07	2.350476166824722e-09	247.975962594209	-0.4151388278330046	61492.07802452454	0.172340246374561	206.9875215753596	-0.7328167945780422	42843.83408790996	0.5370204544156364	183.18004312357684	-0.018619133566375	33554.92819875547	0.0003466721347625
0.011331094088419	-0.0059355093397642	3.523027112242804e-05	0.0001283936932406	-0.0135943565261413	0.0079581623594436	6.333234813926492e-05	0.0001848065293598	0.2310486916027514	-0.0643496959846885	0.0041408833733218	0.0533834978913433	-0.0015569981734968	3.4015031790400043e-05	2.4242433122723715e-06	1.1570223877019255e-09	-3.177635080620078e-05	-0.0001069914823221	1.009736470558737e-09	1.1447177289497981e-08	0.000354975454837	-3.084772504800024e-06	1.26007573536735e-07	9.51582140637021e-12	248.8004035908937	0.8244409966847002	61901.64082699159	0.6797029570144618	206.2536628718072	-0.7338587035524142	42540.573448037096	0.5385485967796302	183.43702351653027	0.2569803929534373	33649.14159660408	0.066038922362503
0.0138159863832356	0.0024848922948166	6.174689716838912e-06	0.0001908814797417	-0.0129543597012116	0.0006399968249297	4.095959359200987e-07	0.0001678154352683	0.26072125653873	0.0296725649359786	0.0008804611098798	0.0679755736111342	-0.001593960657415	-3.6962483918199975e-05	2.540710577386859e-06	1.3662252174031915e-09	-0.0001878146572127	-0.0001560383064064	3.5274345463924005e-08	2.434795306620853e-08	0.0003943508746418	3.93754198048e-05	1.5551261233075265e-07	1.550423684804235e-09	248.89527865039696	0.0948750595032663	61948.85973445875	0.0090012769157483	207.77483344211225	1.5211705703050598	43170.38141189749	2.3139599039622207	183.15978363087808	-0.2772398856521931	33547.506339710075	0.0768619541964411
0.0210107203318443	0.0071947339486086	5.176419659126252e-05	0.0004414503688629	-0.1172589243805788	-0.1043045646793672	0.0108794422129522	0.0137496553468902	0.3117655051508308	0.0510442486121007	0.0026055153163739	0.0971977302019527	-0.0016999726476225	-0.0001060119902075	2.8899070026646526e-06	1.123854206775508e-08	-0.0001398346816097	4.7979975602999993e-05	1.955373818088617e-08	2.302078058864474e-09	0.000393881222434	-4.696522077999861e-07	1.551424173861022e-07	2.205731962914013e-13	248.5450569344913	-0.3502217159056613	61774.64532656952	0.1226552502919057	208.08035177677235	0.3055183346600927	43297.43279554533	0.0933414528134764	183.15568790439207	-0.0040957264860139	33546.00601173107	1.6774975448236367e-05
0.0154024301147046	-0.0056082902171396	3.145291915966485e-05	0.0002372348534383	-0.0294825274616385	0.0877763969189403	0.0077046958560713	0.0008692194255262	0.2921052674801103	-0.0196602376707205	0.0003865249452692	0.0853254872896267	-0.0016739563220491	2.601632557340007e-05	2.80212976812815e-06	6.768491963411505e-10	-0.000135072393012	4.7622885976999975e-06	1.8244551353988186e-08	2.267939268778341e-11	0.0006838875465169	0.0002900063240829	4.67702176280905e-07	8.410366800807603e-08	248.1249805833558	-0.4200763511354921	61566.005989490695	0.1764641407833092	207.1450003797069	-0.9353513970654604	42909.051182308765	0.8748822359923084	183.0504789852548	-0.1052089191372545	33507.47785673122	0.0110689166660293
0.0131121970925534	-0.0022902330221512	5.24516729575182e-06	0.0001719297125939	-0.0100260894005117	0.0194564380611267	0.0003785529820264	0.000100522468667	0.2388426353713697	-0.0532626321087405	0.002836907979151	0.057045804471141	-0.0015679839290853	0.0001059723929637	2.458573601869776e-06	1.123014807047403e-08	-5.98747469213734e-05	7.51976460906266e-05	3.584985318898513e-09	5.654685977571131e-09	0.0004779536476132	-0.0002059338989037	2.284396892667629e-07	4.2408770717679335e-08	248.8278143212117	0.7028337378558831	61915.2811798714	0.4939752630684722	206.69457484242764	-0.4504255372792443	42722.64726929192	0.2028831646332959	183.19611334543805	0.1456343601832372	33560.81594487459	0.0212093668659808
0.0138187930443081	0.0007065959517547	4.992778390361306e-07	0.0001909590412014	-0.0120420705121091	-0.0020159811115973	4.064179842317488e-06	0.0001450114622186	0.2498092685089119	0.0109666331375422	0.0001202670423734	0.0624046706329576	-0.0016610042369555	-9.30203078701999e-05	2.7589350751841223e-06	8.652777676266774e-09	1.0073913482733232e-05	6.994866040410663e-05	1.0148373285759439e-10	4.892815092329035e-09	0.0005130083430415	3.505469542829998e-05	2.631775600301853e-07	1.2288316715708755e-09	248.93787549480945	0.1100611735977565	61970.06585586925	0.0121134619337155	207.3076542149199	0.6130793724922512	42976.4634960928	0.3758663169754925	183.1337946757845	-0.062318669653564	33537.98675235239	0.00388361658739
0.0177701748597058	0.0039513818153976	1.5613418251055617e-05	0.0003157791145445	-0.1109347583330162	-0.0988926878209071	0.0097797637044433	0.0123065206064047	0.305569610479651	0.055760341970739	0.0031092157366937	0.0933727868486856	-0.0017519799946509	-9.09757576954e-05	3.0694339016569675e-06	8.276588488252131e-09	-9.58836074533842e-05	-0.0001059575209361	9.193666178274674e-09	1.1226996242927764e-08	0.0004379164447774	-7.509189826409993e-05	1.917708126064777e-07	5.638793184905934e-09	248.7023885542069	-0.2354869406025557	61852.8780725677	0.0554540991943516	207.23748327975576	-0.0701709351641284	42947.37447612705	0.0049239601418083	183.1049422381938	-0.0288524375907002	33527.41987205228	0.0008324631549252
0.0167543169207817	-0.0010158579389241	1.0319673520751208e-06	0.0002807071354819	-0.0241576602834783	0.0867770980495379	0.0075302647458991	0.0005835925503719	0.2862477372700311	-0.0193218732096198	0.0003733347843286	0.0819377670922127	-0.0016119735637745	0.0001400064308763	2.598458770307862e-06	1.9601800686748143e-08	-0.0001019746416792	-6.091034225815805e-06	1.0398827545601237e-08	3.7100697940059535e-11	0.0005889179496418	0.0001510015048643	3.468243514103017e-07	2.2801454471313404e-08	248.43989275746483	-0.2624957967420585	61722.38031334063	0.068904043307248	206.6898541399773	-0.5476291397784507	42720.6958044051	0.2998976747344859	182.89410856250544	-0.2108336756883488	33450.25494687352	0.0444508388042598
0.015674624732938	-0.0010796921878436	1.1657352204907137e-06	0.0002456938605184	-0.0145736690901685	0.0095839911933098	9.18528871934398e-05	0.0002123918307497	0.1969444567525329	-0.0893032805174982	0.0079750759111869	0.0387871190455502	-0.0013530562872091	0.0002589172765653	1.8307613163560748e-06	6.70381561040438e-08	0.000299758988113	0.0004017336297922	8.985545095452968e-08	1.613899093060165e-07	0.0003562024729709	-0.0002327154766709	1.2688020175058474e-07	5.41564930821642e-08	249.5645086392979	1.1246158818330798	62282.4439723742	1.2647608816711955	206.8771950674817	0.1873409275044082	42798.173838988885	0.0350966231182119	183.3152108475052	0.4211022849997619	33604.466528065284	0.1773271344320206
0.0155661758126512	-0.0001084489202868	1.17611683113728e-08	0.0002423058294303	0.0007524756047985	0.015326144694967	0.000234890711211	5.662195358168683e-07	0.1883527177716217	-0.0085917389809111	7.381797871610857e-05	0.0354767462919561	-0.0012150366370474	0.0001380196501617	1.476314029367455e-06	1.90494238307581e-08	0.000305362309461	5.603321347999988e-06	9.324614003935556e-08	3.1397210128952405e-11	0.0002266857478398	-0.000129516725131	5.1386428273689393e-08	1.6774582088684904e-08	249.62554820777177	0.0610395684738591	62312.91431803059	0.0037258289194749	207.00472422660664	0.1275291591249185	42850.95585213347	0.0162636864271088	183.2496681329848	-0.0655427145204043	33580.44087084907	0.0042958474267032
0.0210496197013014	0.0054834438886502	3.006815687997524e-05	0.0004430864895694	-0.1042125460463836	-0.1049650216511821	0.0110176557702331	0.0108602547534696	0.2879234634282284	0.0995707456566066	0.0099143333906126	0.0828999207925063	-0.0015160293352126	-0.0003009926981652	2.298344945225158e-06	9.059660434876725e-08	0.0001422245045663	-0.0001631378048947	2.0227809699129493e-08	2.6613943385861208e-08	0.0003636076781419	0.0001369219303021	1.3221054360374354e-07	1.8747614997653133e-08	249.5857623230364	-0.0397858847353802	62293.05275437121	0.0015829166241769	207.8799054166104	0.875181190003758	43214.055076018885	0.765942115336394	183.1720557213472	-0.0776124116376024	33552.00199718432	0.0060236864402046
0.0120643033416882	-0.0089853163596132	8.073591008233262e-05	0.0001455474151202	-0.0741909487329195	0.0300215973134641	0.0009012963052517	0.0055042968738906	0.2717415335167743	-0.016181929911454	0.0002618548556592	0.0738434610380481	-0.0012649961290124	0.0002510332062002	1.6002152064163563e-06	6.301767061515218e-08	-9.230898534662302e-06	-0.0001514554031009	8.520948775723063e-11	2.2938739128474984e-08	0.0003649947538567	1.3870757147999816e-06	1.33221170342913e-07	1.92397903858788e-12	249.1438935657235	-0.4418687573129034	62072.67970108856	0.1952479986892495	208.52952697023431	0.6496215536239163	43484.56361842968	0.4220081629327507	182.9801475863861	-0.1919081349610962	33481.73441073564	0.0368287322642463
0.0210900763893988	0.0090257730477106	8.14645791087791e-05	0.0004447913221106	-0.0219774143382522	0.0522135343946672	0.0027262531739831	0.0004830067409952	0.2291400694982002	-0.0426014640185741	0.0018148847365258	0.05250517144964	-0.0014500564347668	-0.0001850603057544	2.1026636640086026e-06	3.4247316765912017e-08	0.000242173419507	0.0002514043180416	5.864796511571343e-08	6.320413112999331e-08	0.0004501757018306	8.518094797390003e-05	2.0265816251867329e-07	7.255793897732263e-09	249.7082480879044	0.5643545221809063	62354.20916313041	0.3184960267060391	207.3640986686057	-1.1654283016286229	42999.86941664324	1.3582231262369764	183.1433446850928	0.1631970987067177	33541.484702442714	0.0266332930262901
0.0136869463705124	-0.0074031300188864	5.480633407653695e-05	0.0001873325009492	-0.0256239674624936	-0.0036465531242413	1.3297349687914706e-05	0.0006565877085189	0.235546320883131	0.0064062513849307	4.104005680692758e-05	0.0554820692815789	-0.0013370317099929	0.0001130247247738	1.7876537935265382e-06	1.2774588410215832e-08	0.0001341890408244	-0.0001079843786826	1.8006698677372493e-08	1.1660626039467157e-08	0.0004650897738361	1.4914072005499965e-05	2.1630849772691466e-07	2.2242954378523767e-10	249.8669448720917	0.158696784187299	62433.49013971291	0.0251846693113901	207.92710238720508	0.5630037185993899	43233.67990713927	0.316973187156741	183.19436654619787	0.0510218611050561	33560.175934262705	0.0026032303106236
0.0210782145423422	0.0073912681718298	5.463084518790423e-05	0.000444291128293	-0.115389099104064	-0.0897651316415704	0.0080577788586284	0.0133146441920475	0.2885069976261718	0.0529606767430408	0.0028048332810808	0.0832362876792679	-0.001305991618681	3.104009131190007e-05	1.7056141080650184e-06	9.63487268651094e-10	-4.321943153051677e-05	-0.0001774084723549	1.8679192618210273e-09	3.147376606330527e-08	0.0003359720749367	-0.0001291176988994	1.1287723513727157e-07	1.6671380169076117e-08	249.5097717970669	-0.3571730750247752	62255.12622222441	0.1275726055226537	208.9634868423989	1.0363844551938255	43665.738833333424	1.0740927389674029	183.06319641578813	-0.1311701304097425	33512.13388196543	0.0172056031117088
0.0209898106027282	-8.840393961400198e-05	7.815256539276107e-09	0.0004405721491384	-0.0412978215904047	0.0740912775136592	0.005489517403606	0.0017055100681128	0.2919350316644653	0.0034280340382935	1.1751417367698866e-05	0.0852260627129323	-0.0014730394900214	-0.0001670478713404	2.169845339162506e-06	2.7904991319358845e-08	0.0001441027893112	0.0001873222208417	2.076561388726809e-08	3.5089614421072904e-08	0.0005391060503607	0.000203133975424	2.906353335355137e-07	4.126341197155824e-08	248.95719264758725	-0.5525791494796692	61979.68377096787	0.3053437164396746	207.35481361860928	-1.6086732237896229	42996.0187308082	2.587829540937698	182.95904589564293	-0.1041505201451968	33474.01247504398	0.010847330846515
0.0209797875182005	-1.0023084527698706e-05	1.0046222344939316e-10	0.0004401514843088	-0.0753190934143788	-0.034021271823974	0.0011574469365207	0.0056729658327639	0.2988220567212352	0.0068870250567698	4.743111413257586e-05	0.0892946215831091	-0.0013450037405052	0.0001280357495162	1.809035061972979e-06	1.6393153154175123e-08	8.093126004560247e-05	-6.317152926559752e-05	6.549868852568931e-09	3.990642109754244e-09	0.0001020545625409	-0.0004370514878198	1.0415133735414468e-08	1.910140030055008e-07	249.0337554941303	0.0765628465430552	62017.81137551028	0.0058618694707754	207.0151922432032	-0.3396213754060966	42855.289819490376	0.1153426786327288	182.8719290023905	-0.0871168932524426	33442.142417055344	0.0075893530899574
0.0210328211176715	5.303359947100156e-05	2.8125626728506163e-09	0.0004423795641679	-0.0682170769930508	0.007102016421328	5.043863724881261e-05	0.0046535695934758	0.2555196348545365	-0.0433024218666986	0.0018750997395215	0.0652902837961956	-0.0012380178843338	0.0001069858561713	1.5326882819303383e-06	1.1445973420727449e-08	0.0001673492315443	8.641797149869752e-05	2.8005765298467733e-08	7.468065797949698e-09	0.000243104351584	0.000141049789043	5.9099725759077074e-08	1.9895042989103008e-08	249.23665836644577	0.2029028723154624	62118.9118736724	0.0411695755938648	207.4529444136518	0.4377521704486184	43036.724145893706	0.1916269627324763	182.93502250981743	0.0630935074269416	33465.222460667406	0.0039807906794335
0.0209695583137943	-6.326280387720234e-05	4.002182354405368e-09	0.0004397223758756	-0.1077682243882094	-0.0395511473951586	0.0015642932602735	0.0116139901877874	0.3195393374410429	0.0640197025865064	0.0040985223192647	0.1021053881722606	-0.0015940374240935	-0.0003560195397597	2.540955309410641e-06	1.2674991269070861e-07	0.0002407623048787	7.34130733344e-05	5.796648745050409e-08	5.389479336401993e-09	0.0002981917657498	5.508741416580001e-05	8.891832916098359e-08	3.034623199474384e-09	249.56297355976864	0.3263151933228698	62281.67777199378	0.1064816053933419	207.4118746716925	-0.0410697419593191	43019.68575482587	0.001686723704605	183.051100287458	0.1160777776405836	33507.70531644901	0.0134740504619767
0.0210138687902485	4.431047645420128e-05	1.9634183235983256e-09	0.0004415826815337	-0.108218554871442	-0.0004503304832325	2.027975441284995e-07	0.0117112556184633	0.3090373864599769	-0.0105019509810659	0.0001102909744087	0.0955041062300131	-0.0016140358218333	-1.9998397739799884e-05	2.6051116341610963e-06	3.999359121592331e-10	0.0002547763847082	1.401407982949999e-05	6.491100620498073e-08	1.9639443346759843e-10	0.0002772056273499	-2.098613839990001e-05	7.684295983445161e-08	4.4041800493975775e-10	249.32252067343603	-0.2404528863326049	62161.71931495594	0.0578175905456806	207.46742513129053	0.055550459598038	43042.73249060764	0.0030858535615532	183.1300663641472	0.0789660766891984	33536.62120653696	0.0062356412676843
0.0186367972059144	-0.0023770715843341	5.650469317048628e-06	0.0003473302100943	-0.0426436423983318	0.0655749124731102	0.004300069145856	0.0018184802369968	0.2654720173986789	-0.043565369061298	0.0018979413814471	0.0704753920217244	-0.0014190210276721	0.0001950147941612	2.0136206769755826e-06	3.80307699417352e-08	8.610264741859552e-05	-0.0001686737372896	7.413665892490975e-09	2.8450829651242505e-08	0.0005600617203283	0.0002828560929784	3.136691305770949e-07	8.000756933500527e-08	250.1483131679992	0.8257924945631601	62574.1785807954	0.6819332440768467	208.05644283700497	0.5890177057144399	43287.48340598792	0.3469418576451025	183.3738196562419	0.2437532920946807	33625.95773531993	0.0594156674069947
0.0210450296037691	0.0024082323978547	5.799583282076999e-06	0.0004428932710235	-0.0212193045146165	0.0214243378837153	0.0004590022537555	0.000450258884084	0.2049654966578487	-0.0605065207408301	0.0036610390521605	0.0420108548201985	-0.0015020311217269	-8.301009405480009e-05	2.25609749063617e-06	6.890675714986757e-09	9.495915643431552e-05	8.856509015719993e-06	9.017241390716808e-09	7.843775194552952e-11	0.0007200718769627	0.0001600101566344	5.185035079925858e-07	2.5603250226165243e-08	250.5052869274081	0.3569737594089019	62752.898778583054	0.1274302649065246	208.4611782175429	0.404735380537943	43456.06282384619	0.1638107282591935	183.3269956319154	-0.0468240243264972	33608.787327424325	0.0021924892541284
0.0210404611616326	-4.568442136500955e-06	2.0870663554557408e-11	0.0004427010058941	-0.0957689238444459	-0.0745496193298294	0.0055576457422224	0.0091716867743232	0.2861728304942232	0.0812073338363745	0.0065946310688123	0.0818948889130754	-0.0015529834791967	-5.095235746980001e-05	2.4117576866578875e-06	2.596142731730285e-09	-6.483307723148535e-05	-0.0001597922336658	4.2033279033037444e-09	2.5533557939905904e-08	0.00042894997126	-0.0002911219057027	1.839980778439548e-07	8.475196397997179e-08	249.88532484251544	-0.6199620848926486	62442.675571649466	0.3843529867044396	209.2857670946324	0.8245888770894965	43800.53230838872	0.6799468162197168	183.10933849917745	-0.2176571327379406	33529.029845606354	0.0473746274317015
0.0210477342553332	7.273093700601446e-06	5.289789197772844e-11	0.0004430071172831	-0.1341180296116704	-0.0383491057672245	0.0014706539131457	0.0179876458669169	0.3029559593012578	0.0167831288070345	0.0002816734125535	0.0917823132761453	-0.001709995169734	-0.0001570116905372	2.9240834805136114e-06	2.4652670965380847e-08	-4.585644565247016e-05	1.897663157901519e-05	2.102813607877949e-09	3.601125460856765e-10	0.000416960531825	-1.1989439434999954e-05	1.7385608509978684e-07	1.4374665796553202e-10	249.1811925819652	-0.7041322605502387	62091.26673657043	0.4958022403475892	207.5575275015324	-1.7282395930999996	43080.12722254938	2.9868120911584524	183.021078499398	-0.088259999779467	33496.7151750828	0.0077898275610715
0.0210609598108106	1.3225555477398844e-05	1.7491531768575447e-10	0.0004435640281525	-0.0440194531117441	0.0900985764999263	0.008117753487313	0.001937712252257	0.2749685542532205	-0.0279874050480373	0.0007832948413229	0.0756077058281062	-0.001580042383632	0.000129952786102	2.496533934073492e-06	1.6887726615672198e-08	0.0001380035257743	0.0001838599714267	1.9044973126137887e-08	3.380448909305274e-08	0.0006281092796261	0.0002111487478011	3.945212671524183e-07	4.4583793697972533e-08	249.05353548996607	-0.12765709199914	62027.66354005178	0.0162963331376768	207.22384406759383	-0.3336834339385746	42941.72155015044	0.111344634085039	182.92808374591257	-0.0929947534854136	33462.68382295161	0.0086480241758128
0.0210735808682613	1.26210574507013e-05	1.5929109117390282e-10	0.0004440958106111	-0.0212916074439135	0.0227278456678306	0.0005165549687007	0.0004533325475457	0.205701661913551	-0.0692668923396694	0.0047979023743953	0.0423131737139968	-0.0015000318037947	8.001057983729985e-05	2.250095412395581e-06	6.4016928859009345e-09	0.0001987648187411	6.076129296679999e-05	3.9507453169182344e-08	3.6919347229972956e-09	0.0003141489261235	-0.0003139603535026	9.868954778454824e-08	9.857110357147757e-08	249.84018219430783	0.7866467043417629	62420.11663888493	0.6188130374517569	207.1233047749133	-0.1005392926805086	42900.06338088164	0.0101081493726969	183.1976420357824	0.2695582898698205	33561.376047470665	0.0726616716375422
0.0209637524491768	-0.0001098284190845	1.206228163860112e-08	0.0004394789167503	-0.0745918183091589	-0.0533002108652454	0.0028409124782796	0.0055639393586665	0.2730729913944856	0.0673713294809346	0.0045388960360286	0.0745688586291328	-0.0014650358736875	3.499593010720015e-05	2.146330111191296e-06	1.2247151240680375e-09	0.0002402931546052	4.15283358641e-05	5.774080015011857e-08	1.7246026796414943e-09	0.0002821761659803	-3.197276014319997e-05	7.962338864734182e-08	1.0222573911745966e-09	249.57397068522008	-0.2662115090877535	62287.16684358709	0.070868567570779	208.5541263641195	1.4308215892061753	43494.82362350112	2.047250420138485	183.19616684368967	-0.0014751920927267	33560.83554622098	2.176191710443467e-06
0.0209936179222154	2.9865473038601792e-05	8.919464798194502e-10	0.0004407319934639	-0.1584823506763228	-0.0838905323671639	0.0070376214208461	0.0251166554758929	0.3021720761789055	0.0290990847844199	0.0008467567352908	0.0913079636222702	-0.0016759792538711	-0.0002109433801836	2.808906459406329e-06	4.4497109643282894e-08	-0.0001427437558578	-0.000383036910463	2.0375779836391208e-08	1.4671727477704025e-07	0.0002908809044412	8.704738460899963e-06	8.461170056853051e-08	7.577247167267107e-11	249.08214141516444	-0.4918292700556321	62041.91317196398	0.2418960308834559	208.1458921818023	-0.4082341823171873	43324.71243215847	0.1666551476121825	183.1261182543875	-0.0700485893021607	33535.175186919914	0.0049068048632227
0.0209400021057462	-5.361581646920119e-05	2.874655775659064e-09	0.0004384836881886	-0.0436881830141544	0.1147941676621684	0.01317770092925	0.0019086573350782	0.261221055934385	-0.0409510202445205	0.0016769860590671	0.0682364400634751	-0.0015370118537244	0.0001389674001467	2.3624054384893166e-06	1.9311938303533063e-08	7.26715252750143e-05	0.0002154152811328	5.281150585797043e-09	4.640374334552943e-08	0.0004270560306181	0.0001361751261769	1.8237685328728762e-07	1.854366498929464e-08	248.93338159837512	-0.1487598167893224	61967.82847400224	0.0221294830911927	207.69832559950808	-0.4475665822942289	43138.59445683927	0.2003158455865368	183.17130951514875	0.0451912607612428	33551.72862949442	0.0020422500491906
0.0211291295661624	0.0001891274604162	3.5769196283482224e-08	0.0004464401162236	-0.0292102027017335	0.0144779803124209	0.0002096119139268	0.0008532359418763	0.2293585950592529	-0.031862460875132	0.0010152164130193	0.0526053651275543	-0.0015130334401316	2.39784135928e-05	2.289270190956464e-06	5.74964318427376e-10	0.000130093981747	5.7422456471985705e-05	1.6924444086788772e-08	3.297338507277093e-09	0.0005365987224651	0.000109542691847	2.879381889511774e-07	1.1999601337086802e-08	249.2609393372533	0.3275577388781698	62131.015879289866	0.1072940722989793	207.21580316665325	-0.4825224328548358	42938.38908200118	0.2328278982081496	183.2124741695736	0.0411646544248469	33566.81069133667	0.001694528773917
0.0209925314168657	-0.0001365981492967	1.8659054391284e-08	0.000440686375288	-0.1237134397158286	-0.0945032370140951	0.0089308618061422	0.0153050151663219	0.3170827971344465	0.0877242020751935	0.0076955356297293	0.1005415002386045	-0.0015690032827583	-5.596984262670008e-05	2.461771301306322e-06	3.132623283657573e-09	1.0247320926470849e-05	-0.0001198466608205	1.0500758617008736e-10	1.4363222109830961e-08	0.0003220082669736	-0.0002145904554915	1.0368932399934125e-07	4.604906358804944e-08	249.0760197540713	-0.184919583181994	62038.863616530514	0.0341952522442024	206.79303718932127	-0.4227659773319772	42763.360229984006	0.1787310715894618	183.1454935669899	-0.0669806025836976	33542.27181389634	0.0044864011224752
0.0210093576297509	1.6826212885200087e-05	2.8312144005807336e-10	0.0004413931080147	-0.1135942911614051	0.0101191485544235	0.0001023971674664	0.012903662984462	0.3098836461295349	-0.0071991510049115	5.18277751915195e-05	0.0960278741385348	-0.0015719846603947	-2.981377636400006e-06	2.4711357725162404e-06	8.888612610826086e-12	-0.0001457128656958	-0.0001559601866222	2.1232239229282248e-08	2.4323579811253552e-08	0.0002708855374231	-5.11227295505e-05	7.337897438500171e-08	2.613533476693565e-09	248.9227678150848	-0.1532519389865001	61962.54433672262	0.0234861568031219	207.2917080331356	0.4986708438143239	42969.85221929473	0.2486726104704898	183.2596137881621	0.1141202211722145	33584.08604578634	0.0130234248803951
0.0210715727534278	6.221512367689946e-05	3.870721614131896e-09	0.000444011178303	-0.0685365797786232	0.0450577113827819	0.002030197355054	0.0046972627677515	0.2591673016875404	-0.0507163444419945	0.002572147593559	0.0671676902640005	-0.0012530071175473	0.0003189775428474	1.5700268366241931e-06	1.0174667284096497e-07	3.884341421578341e-05	0.0001845562799115	1.5088108279389247e-09	3.406102045480273e-08	0.0002505242651875	-2.03612722356e-05	6.276240744773686e-08	4.1458140705221513e-10	249.55620378372973	0.6334359686449318	62278.29884694644	0.401241126373143	207.15300698787607	-0.1387010452595234	42912.36830411903	0.0192379799560843	183.2596510295253	3.72413631737345e-05	33584.09969546339	1.386919131037988e-09
0.0210674823642307	-4.090389197099892e-06	1.67312837837515e-11	0.0004438388131671	-0.0531473531468549	0.0153892266317682	0.0002368282963239	0.0028246411465165	0.2460303616487493	-0.013136940038791	0.0001725791935827	0.0605309388530143	-0.0014340000934093	-0.0001809929758619	2.056356267897881e-06	3.2758457311382505e-08	9.63094043049395e-06	-2.921247378528946e-05	9.2755013575723e-11	8.533686246562236e-10	0.0005150072358079	0.0002644829706203	2.6523245293449386e-07	6.995124174819135e-08	250.038516300234	0.4823125165042654	62519.25963362238	0.2326253635766773	207.66939484718	0.5163878593039328	43126.57755619395	0.2666564212364983	183.3526345179684	0.0929834884431102	33618.188584679694	0.00864592912305
0.020926440327301	-0.0001410420369296	1.989285618127881e-08	0.000437915904772	-0.1277972566329595	-0.0746499034861045	0.0055726080904847	0.0163321388029105	0.3116311743817874	0.065600812733038	0.0043034666312351	0.0971139888465719	-0.0014780437662457	-4.40436728364e-05	2.1846133749377733e-06	1.939845116919839e-09	0.0002952912899414	0.0002856603495109	8.719694591525595e-08	8.1601835282693e-08	0.0002822184037265	-0.0002327888320813	7.964722740193377e-08	5.419064034182221e-08	249.4819133988005	-0.5566029014335072	62241.22511312659	0.3098067898841985	209.2153018018033	1.545906954623291	43771.04250801964	2.389828312352658	183.0767747130373	-0.2758598049310876	33517.10543932822	0.0760986319766177
0.0209126947168982	-1.3745610402800257e-05	1.8894180534557062e-10	0.0004373408003221	-0.1017563543246495	0.0260409023083099	0.0006781285930309	0.0103543556454436	0.302609826761028	-0.0090213476207594	8.13847128945813e-05	0.0915727072523393	-0.0014120285060759	6.601526016979998e-05	1.993824501970938e-06	4.35801457528638e-09	0.000204318389519	-9.097290042239998e-05	4.1746004295637815e-08	8.276068611263903e-09	0.0002571447794471	-2.5073624279400007e-05	6.612343759689771e-08	6.286866345045173e-10	248.81907674519195	-0.6628366536085366	61910.93295232972	0.4393524293669631	208.0904942979204	-1.1248075038828915	43301.653817152845	1.265191920791261	183.1914663698481	0.1146916568107769	33559.113350735184	0.013154176142001
0.0209658544346353	5.315971773709946e-05	2.825955589888087e-09	0.0004395670521743	-0.0391460890980397	0.0626102652266097	0.0039200453117464	0.0015324162916716	0.2623775277434106	-0.0402322990176173	0.0016186378842429	0.0688419670647442	-0.0015060384160493	-9.400990997339996e-05	2.2681517106162843e-06	8.837863173206764e-09	0.0002227501342566	1.84317447376e-05	4.9617622311333326e-08	3.3972921407204526e-10	0.0003321677670418	7.502298759469998e-05	1.1033542546153553e-07	5.628448667634506e-09	249.26118665855336	0.4421099133614063	62131.13917443018	0.1954611754924302	206.5772308156845	-1.5132634822359137	42674.15229147658	2.2899663666687635	183.24804924942296	0.0565828795748757	33579.847553718944	0.0032016222609848
0.0208738070043352	-9.2047430300099e-05	8.472729424851582e-09	0.0004357158188542	-0.0335175542880819	0.0056285348099578	3.1680404106906766e-05	0.0011234264454545	0.2662607969485009	0.0038832692050903	1.5079779719202657e-05	0.0708948119916508	-0.0014695882341347	3.645018191459986e-05	2.159689577907146e-06	1.3286157616074223e-09	0.0002920509682549	6.93008339983e-05	8.529376805862462e-08	4.802605592859933e-09	0.0006117153419331	0.0002795475748913	3.741956595563294e-07	7.814684662760697e-08	249.4711825985869	0.2099959400335365	62235.87094713748	0.0440982948305686	208.4383401386281	1.861109322943605	43446.54163974642	3.463727911947604	183.2824586635006	0.0344094140776292	33592.4596537378	0.0011840077771657
0.0209169126316624	4.310562732719875e-05	1.8580951072713435e-09	0.0004375172340405	-0.1273943797968684	-0.0938768255087865	0.0088128583676071	0.0162293280038287	0.3393706082271848	0.0731098112786838	0.0053450445052047	0.1151724097284893	-0.0015409928160996	-7.140458196489984e-05	2.374658859270576e-06	5.098614325582099e-09	-3.127666941549201e-05	-0.0003233276376703	9.782300497259731e-10	1.045407612815163e-07	0.0003589763450758	-0.0002527389968572	1.2886401632397985e-07	6.387700053243428e-08	248.8488237205761	-0.6223588780108003	61925.73706711436	0.3873305730388621	208.21480379206068	-0.223536346567414	43353.40451816632	0.049968498236707	182.94339424500177	-0.3390644184988218	33468.28549788215	0.1149646798919442
0.0334186063055881	0.0125016936739257	0.0001562923447166	0.0011168032474078	-0.0706250871294713	0.0567692926673971	0.0032227525899565	0.0049879029320454	0.3316485730720018	-0.0077220351551829	5.962982693788204e-05	0.1099907760206949	-0.0015900010991999	-4.900828310030005e-05	2.52810349545689e-06	2.401811812439156e-09	8.81547406672567e-06	4.009214348221768e-05	7.771258302111281e-11	1.6073799689987295e-09	0.0002320071299456	-0.0001269692151302	5.3827308345594526e-08	1.6121181590779015e-08	248.2611074227321	-0.5877162978439969	61633.57745876133	0.3454104467514537	206.7472663110241	-1.4675374810365724	42744.43212708152	2.1536662582471684	182.9697545067161	0.0263602617143305	33477.931064247954	0.000694863397648
0.028702725949472	-0.0047158803561161	2.223952753320172e-05	0.0008238464769304	-0.0602625012364939	0.0103625858929774	0.0001073831863893	0.0036315690552784	0.3120468656856729	-0.0196017073863288	0.0003842269324592	0.0973732463842523	-0.0014940221202492	9.597897895070004e-05	2.232102095793915e-06	9.211964400418924e-09	0.0002928801568238	0.000284064682757	8.57787862611337e-08	8.06927439898773e-08	0.0001607187436662	-7.128838627939999e-05	2.5830514565641706e-08	5.082034018320944e-09	248.47157130870747	0.210463885975372	61738.1217486181	0.0442950472998543	204.8912559468696	-1.856010364154514	41980.42676348562	3.444774471848972	182.8684201470052	-0.1013343597109042	33440.85908706162	0.0102686524580189
0.0190249037048033	-0.0096778222446687	9.366024339940432e-05	0.000361946960977	-0.0585549284645594	0.0017075727719345	2.915804771452072e-06	0.0034286796474896	0.2455102210619344	-0.0665366446237385	0.0044271250777856	0.0602752686458799	-0.0012530171737431	0.0002410049465061	1.570052037695146e-06	5.8083384240408135e-08	0.0001458455470677	-0.0001470346097561	2.1270923599476697e-08	2.1619176466128623e-08	0.0002460917320418	8.537298837559999e-05	6.05611405793331e-08	7.2885471441803315e-09	249.2285483215061	0.756977012798643	62114.86929844531	0.573014197905557	207.2291713876927	2.33791544082311	42943.92947402972	5.465848608439118	183.17089441983865	0.3024742728334502	33551.57656256368	0.0914906857261244
0.0216382586103236	0.0026133549055203	6.829623862207031e-06	0.0004682142356872	-0.1079110102371032	-0.0493560817725438	0.002436022807938	0.0116447861303921	0.3261631686589226	0.0806529475969881	0.0065048979560825	0.1063824125896287	-0.0017060010962947	-0.0004529839225516	2.9104397405587185e-06	2.051944340902341e-07	9.791827693783617e-06	-0.0001360537193739	9.587988958474778e-11	1.851061455547639e-08	0.0002440084321822	-2.083299859599987e-06	5.95401149760153e-08	4.3401383050093246e-12	248.8195073520229	-0.4090409694832146	61911.14723890337	0.1673145147157681	207.507108579798	0.2779371921052984	43059.20011114808	0.0772490827553775	182.9811055193516	-0.1897889004870592	33482.08497708408	0.0360198267480868
0.0278126720073288	0.0061744133970052	3.812338079711729e-05	0.0007735447241872	-0.1557314642644058	-0.0478204540273025	0.0022867958233773	0.0242522889619358	0.3339866114128824	0.0078234427539597	6.120625652448606e-05	0.1115470566030596	-0.0018650122721837	-0.0001590111758889	3.478270775395808e-06	2.5284554057602464e-08	0.000106766857824	9.697503013021638e-05	1.1399161929610227e-08	9.404156468756375e-09	0.0002505998673051	6.591435122899969e-06	6.280029349333373e-08	4.3447016979399325e-11	248.4163435842516	-0.4031637677713036	61710.67975976894	0.1625410236435536	206.5879771335328	-0.9191314462651974	42678.59229612507	0.8448026155135534	182.94961281831576	-0.0314927010358303	33470.56083037164	0.0009917902185321
0.0258686071072986	-0.0019440649000302	3.779388335529439e-06	0.0006691848336717	-0.083928596005208	0.0718028682591978	0.0051556518902477	0.0070440092274054	0.3059600584026185	-0.0280265530102639	0.0007854876736371	0.0936115573377337	-0.0015940103032176	0.000271001968966	2.540868846763865e-06	7.3442067183503e-08	0.0001518994588249	4.51326010009e-05	2.3073445591297488e-08	2.036951673106439e-09	0.0001266208570903	-0.0001239790102147	1.6032841450282173e-08	1.5370794973841482e-08	248.3324759111348	-0.0838676731167993	61669.018592154345	0.0070337865940263	206.17989951346783	-0.4080776200649723	42510.15096338369	0.1665273439978918	182.88531202540315	-0.0643007929126042	33447.03735462907	0.0041345919691896
0.0203463409441866	-0.0055222661631119	3.0495423576251705e-05	0.000413973589817	-0.0580124221563949	0.025916173848813	0.0006716480669619	0.0033654411244517	0.2130185064220171	-0.0929415519806013	0.0086381320845628	0.0453768840782669	-0.0016760198201985	-8.20095169809e-05	2.8090424376982124e-06	6.725560875440526e-09	0.0002328484254059	8.094896658100001e-05	5.421838921400698e-08	6.5527351905318574e-09	0.0001816951260157	5.50742689254e-05	3.30131188178611e-08	3.0331750976672797e-09	249.55669028749227	1.2242143763574802	62278.541667247344	1.4987008392803345	206.50369361512205	0.3237941016542152	42643.7754766882	0.1048426202660602	183.27438435189683	0.3890723264936753	33589.499959566805	0.151377275243201
0.0199172438779129	-0.0004290970662737	1.841242922846975e-07	0.0003966966036922	-0.0781146392664311	-0.0201022171100362	0.000404099132739	0.0061018968677246	0.2702751628166027	0.0572566563945855	0.0032783247014876	0.073048663635541	-0.0018050166222989	-0.0001289968021003	3.2580850067753293e-06	1.6640174952129743e-08	0.0001392766668955	-9.35717585104e-05	1.9397989941520067e-08	8.755673990728615e-09	0.000247126117266	6.54309912503e-05	6.107131783496878e-08	4.281214615996834e-09	249.0635507547444	-0.4931395327478753	62032.652314561135	0.2431865987587928	207.8728931792239	1.369199564101848	43211.13971870103	1.8747074463366904	183.01547763111265	-0.2589067207841822	33494.6650525443	0.0670326900672184
0.0257005528155787	0.0057833089376658	3.3446662268485126e-05	0.0006605184150263	-0.1822131462235177	-0.1040985069570866	0.0108364991506946	0.033201630656673	0.3315825786294653	0.0613074158128625	0.0037585992336512	0.1099470064505655	-0.0017920203326062	1.2996289692699878e-05	3.211336872474036e-06	1.689035457765771e-10	0.0001557889499865	1.651228309099999e-05	2.42701969378962e-08	2.7265549287732417e-10	0.0002351396046982	-1.1986512567799989e-05	5.5290633697625766e-08	1.4367648353802707e-10	248.7454676586848	-0.3180830960596097	61874.3076807378	0.1011768559988669	207.06544296589303	-0.807450213330867	42876.0976706615	0.6519758470080625	183.09880627537595	0.0833286442633038	33525.17285946765	0.0069436629547602
0.0236349637664687	-0.00206558904911	4.266658119803155e-06	0.0005586115122422	-0.0841187170014023	0.0980944292221153	0.0096225170444126	0.007075958549962	0.3316319307349573	4.9352105492006526e-05	2.43563031649414e-09	0.1099797374829955	-0.0019710123430256	-0.0001789920104193	3.884889656359265e-06	3.2038139793978575e-08	0.0001358390929002	-1.99498570863e-05	1.8452259159949164e-08	3.979967977637943e-10	0.0001631337576555	-7.200584704269999e-05	2.6612622886803407e-08	5.184842008336707e-09	248.5306590417192	-0.2148086169655982	61767.48848371128	0.0461427419226731	205.9295166664936	-1.135926299399415	42406.96583449567	1.2903285576672494	182.996367364608	-0.1024389107679439	33487.67046864257	0.0104937304393227
0.0223110784088618	-0.0013238853576068	1.7526724400859475e-06	0.0004977842197663	-0.0779768835613765	0.0061418334400258	3.772211800501924e-05	0.0060803943699444	0.2812448099146252	-0.050387120820332	0.0025388619445627	0.0790986431039136	-0.0015719979468044	0.0003990143962212	2.471177544757249e-06	1.592124883917688e-07	-2.408019268473893e-05	-0.0001599192855849	5.798556797341543e-10	2.557417790199725e-08	0.000101981323108	-6.115243454750001e-05	1.0400190262858297e-08	3.739620251086272e-09	249.74525117724312	1.2145921355239295	62372.69048558426	1.4752340556765795	206.9578834878637	1.0283668213700992	42831.56553777617	1.0575383192948415	183.2269372520433	0.2305698874353083	33572.110534764215	0.0531624729919307
0.0185527504440585	-0.0037583279648032	1.4125029091022503e-05	0.0003442045490395	-0.079191760872149	-0.0012148773107725	1.4759268802298411e-06	0.0062713349900316	0.2682892981112132	-0.0129555118034119	0.0001678452860883	0.0719791474810074	-0.001802002298068	-0.0002300043512636	3.247212282242353e-06	5.2902001600189524e-08	2.384233578989204e-05	4.7922528474630965e-05	5.684569759179669e-10	2.2965687354018157e-09	0.000175021569263	7.3040246155e-05	3.0632549707283104e-08	5.334877558382992e-09	249.5450736733796	-0.2001775038635287	62272.74379465245	0.040071033053033	208.68219322245173	1.7243097345880187	43548.25776813268	2.9732440607950035	183.2078428537339	-0.01909439830942	33565.113683118456	0.0003645960467987
0.0251062455350989	0.0065534950910403	4.294829790829058e-05	0.0006303235648686	-0.1559364734463884	-0.0767447125742393	0.0058897509081026	0.0243161837508961	0.3680211100995194	0.0997318119883061	0.0099464343224708	0.1354395374788825	-0.0019960094423142	-0.0001940071442462	3.984053693807444e-06	3.7638772018565854e-08	3.8064295560857886e-05	1.4221959770965846e-05	1.448890596544345e-09	2.0226413972697086e-10	0.0004370382101726	0.0002620166409096	1.910023971508697e-07	6.86527201135503e-08	249.5487563619798	0.0036826886002074	62274.58180181075	1.356219532609816e-05	208.3846673924872	-0.2975258299645418	43424.16960427752	0.0885216194960894	183.2555397140912	0.0476968603573197	33582.59283590286	0.0022749904879456
0.0184781754833807	-0.0066280700517181	4.3931312610483686e-05	0.0003414429691946	-0.1422140714751378	0.0137224019712506	0.0001883043158605	0.0202248421255356	0.3593358076527977	-0.0086853024467216	7.543447859102935e-05	0.1291222226614884	-0.0020059854512333	-9.976008919099916e-06	4.0239776305596655e-06	9.952075395396107e-11	-8.283896653393796e-05	-0.0001209032620947	6.862294376410893e-09	1.46175987851629e-08	0.0003379177995453	-9.912041062730004e-05	1.1418843924953757e-07	9.824855802924572e-09	248.72203865445329	-0.8267177075265124	61862.65251242736	0.6834621679378922	207.75876325242064	-0.6259041400665524	43163.703708175366	0.3917559925524504	183.11849218949504	-0.1370475245961699	33532.382181754154	0.0187820239979378
0.0185664500309457	8.827454756499958e-05	7.792395747805373e-09	0.0003447130667516	-0.0954043395231281	0.0468097319520096	0.0021911510054189	0.0091019879998443	0.3192072655507445	-0.0401285421020531	0.0016102998912362	0.1018932783803835	-0.0015310158508198	0.0004749696004134	2.344009535461476e-06	2.255961213169598e-07	0.0001788397309252	0.0002616786974591	3.1983649357397936e-08	6.847574070391105e-08	0.0002096366960267	-0.0001282811035186	4.3947544320991015e-08	1.6456041519949767e-08	248.91782420778893	0.1957855533356394	61960.08320833971	0.0383319828949425	207.4093483275556	-0.3494149248650444	43018.637773661285	0.1220907897184446	183.0819491987256	-0.0365429907694476	33519.00012240474	0.0013353901743759
0.0252923835390674	0.0067259335081217	4.523818155567429e-05	0.0006397046650872	-0.0942691666224959	0.0011351729006321	1.2886175143297171e-06	0.0088866757756998	0.3132244463473483	-0.0059828192033962	3.5794125620526544e-05	0.0981095537896028	-0.0019180156173018	-0.000386999766482	3.678783908213605e-06	1.4976881925712262e-07	0.0001157486642402	-6.3091066685e-05	1.3397753273390554e-08	3.980482695451118e-09	0.0002621109274306	5.24742314039e-05	6.870213827852926e-08	2.753544961430045e-09	248.88105043228776	-0.0367737755011603	61941.77726427896	0.0013523105646097	207.76271162261355	0.3533632950579601	43165.34434078128	0.124865618294219	182.91745737092248	-0.1644918278031184	33458.79621104324	0.0270575614140107
0.0234040298250732	-0.0018883537139941	3.565879749155687e-06	0.0005477486120529	-0.1746699064800907	-0.0804007398575948	0.0064642789696486	0.0305095762297636	0.3797895266797866	0.0665650803324383	0.0044309099196639	0.1442400845756563	-0.0020619468109861	-0.0001439311936843	4.2516246513357484e-06	2.0716188515387505e-08	-0.0002299648437817	-0.0003457135080219	5.288382937554169e-08	1.1951782962880834e-07	0.0004502632648635	0.0001881523374329	2.027370076855384e-07	3.5401302081463874e-08	248.92255107680447	0.0415006445167023	61962.43643458433	0.0017223034953016	207.6680612269868	-0.0946503956267577	43126.02365377553	0.0089586973923017	183.0770975609963	0.1596401900738158	33517.22365135855	0.025484990286804
0.0282380163559849	0.0048339865309116	2.3367425781035715e-05	0.0007973855677208	-0.1194134738381933	0.0552564326418974	0.0030532733483085	0.0142595777341048	0.3696031769251391	-0.0101863497546474	0.000103761721324	0.1366065083931557	-0.0021270226825928	-6.507587160669995e-05	4.524225492264271e-06	4.234869065371697e-09	0.0001242104905572	0.0003541753343389	1.5428245964460274e-08	1.254401674540716e-07	0.0002721323591143	-0.0001781309057492	7.405602087711433e-08	3.1730619583030376e-08	248.3420217639021	-0.580529312902371	61673.759773782425	0.337014283138899	206.57115851006608	-1.0969027169207095	42671.64352819085	1.2031955703880342	182.78575454378264	-0.2913430172136486	33410.63206413996	0.0848807536791523
0.0240131663612004	-0.0042248499947845	1.7849357478430593e-05	0.0005766321586906	-0.094740083174571	0.0246733906636223	0.0006087762068397	0.0089756833599246	0.3413695878668648	-0.0282335890582743	0.0007971355511115	0.1165331955203931	-0.001866026811146	0.0002609958714468	3.4820560599157096e-06	6.811884491227462e-08	0.0002312953918919	0.0001070849013346	5.34975583104276e-08	1.1467176093862432e-08	0.0002192162271483	-5.2916131966e-05	4.8055754245135065e-08	2.800117022243126e-09	248.93911580227788	0.5970940383757863	61970.68337641992	0.356521290663905	206.62811271789224	0.056954207826152	42695.176965357976	0.0032437817891045	182.806783560535	0.021029016752351	33418.32011574829	0.0004422195455706
0.029059745810116	0.0050465794489156	2.5467964134217296e-05	0.0008444688265485	-0.0834451498178197	0.0112949333567513	0.0001275755195334	0.0069630930281183	0.2749062051991586	-0.0664633826677061	0.0044173812356339	0.0755734216570018	-0.001987530110678	-0.000121503299532	3.950275940851703e-06	1.4763051797162944e-08	0.000202214758854	-2.90806330379e-05	4.0890808698381375e-08	8.456832178850006e-10	0.0002872011163666	6.79848892183e-05	8.248448124222132e-08	4.621945162024524e-09	249.5622441570825	0.6231283548046065	62281.31370871925	0.3882889465614955	207.05521286903544	0.4271001511432075	42871.86117624158	0.1824145391065507	182.95900495513075	0.152221394595756	33473.997494171555	0.0231713529726768
0.0230729810637342	-0.0059867647463817	3.5841352128519924e-05	0.0005323624551674	-0.1218791413600115	-0.0384339915421918	0.0014771717058652	0.0148545250986536	0.3517458273896068	0.0768396221904482	0.0059043275383708	0.123725127085999	-0.0020780117922339	-9.048168155589972e-05	4.318133008663144e-06	8.186934697183243e-09	4.969172465951743e-05	-0.0001525230341944	2.469267499637293e-09	2.3263275959891296e-08	0.0002970508744608	9.849758094199973e-06	8.823922201792595e-08	9.701773451425784e-11	249.5482102398332	-0.0140339172492929	62274.30923390399	0.00019695083336	208.4972281273375	1.4420152583020638	43471.09413678302	2.079408005175968	183.1499532183697	0.190948263238937	33543.905363891005	0.0364612392339663
0.0257048916295303	0.002631910565796	6.9269532263491405e-06	0.0006607414536858	-0.1209339341835402	0.0009452071764712	8.93416606452846e-07	0.0146250164371088	0.3423238264686574	-0.0094220009209494	8.87741013543716e-05	0.1171856021681434	-0.0021029977490617	-2.498595682780009e-05	4.422599532558577e-06	6.242980386006895e-10	2.7907178730135485e-06	-4.6901006786503885e-05	7.788106246757263e-12	2.1997044375876833e-09	0.0001990032473261	-9.804762713469996e-05	3.9602292446332934e-08	9.613337186745152e-09	248.92229353516748	-0.6259167046657126	61962.30821880808	0.3917717211795848	207.94409294128417	-0.5531351860533391	43240.74578917343	0.3059585340502621	182.9714854517202	-0.1784677666494758	33478.56448840906	0.0318507437328517
0.0220890288212842	-0.003615862808246	1.3074463848057368e-05	0.0004879251942675	-0.083451464353331	0.0374824698302092	0.0014049355445725	0.0069641469027152	0.2662802103724289	-0.0760436160962285	0.0057826315489905	0.0709051504359849	-0.0017940104840267	0.0003089872650349	3.2184736167977142e-06	9.54731299538093e-08	8.534758640510454e-05	8.255686853209099e-05	7.284210505176784e-09	6.815636541824955e-09	0.0001700765992619	-2.892664806420001e-05	2.892604961649292e-08	8.367509682300862e-10	249.6699814470237	0.7476879118562181	62335.09963575716	0.5590372135359117	208.216820546414	0.2727276051298304	43354.24435845757	0.0743803465998527	183.1434585962488	0.1719731445285788	33541.5264265959	0.0295747624390474
0.0221794130903703	9.038426908609952e-05	8.169316098228447e-09	0.0004919263650332	-0.0702656900520679	0.0131857743012631	0.0001738646439238	0.0049372671984932	0.1949827828282906	-0.0712974275441382	0.0050833231744116	0.0380182855994643	-0.0018410049853253	-4.6994501298599925e-05	3.389299355992608e-06	2.2084831523041103e-09	0.0001549435982004	6.959601179529546e-05	2.4007518623286995e-08	4.843604857810904e-09	6.164309926792559e-05	-0.0001084334999939	3.799871687355329e-09	1.1757823920943249e-08	249.94312929970545	0.2731478526817454	62471.56788412928	0.0746097494246485	207.68029165876672	-0.5365288876472789	43131.10354347041	0.2878632472800264	183.31153015878007	0.1680715625312814	33603.11708915333	0.0282480501317064
0.0220785880364928	-0.0001008250538774	1.016569148940048e-08	0.0004874640496851	-0.1126787908254414	-0.0424131007733735	0.0017988711172123	0.0126965099018835	0.3041804212277981	0.1091976383995075	0.0119241242320295	0.0925257286583206	-0.0017740223426834	6.698264264189992e-05	3.1471552723398987e-06	4.486674415292469e-09	0.0002048210141534	4.9877415953e-05	4.195164783882728e-08	2.4877566221485792e-09	0.0002026815933481	0.0001410384940801	4.1079828282124585e-08	1.9891856812403392e-08	250.05185557426944	0.1087262745639918	62525.930476135305	0.0118214027805645	208.8127431098451	1.1324514510783672	43602.76168505816	1.2824462890494994	183.42836020775567	0.1168300489756006	33645.963328506165	0.0136492603436412
0.022016362401672	-6.222563482080265e-05	3.872029628851887e-09	0.0004847202134017	-0.1769845637431331	-0.0643057729176917	0.0041352324305417	0.0313235358033471	0.3459104311016148	0.0417300098738167	0.0017413937240688	0.1196540263449049	-0.002029977818722	-0.0002559554760386	4.120809944503329e-06	6.551320571414634e-08	-0.0001308418909622	-0.0003356629051156	1.7119600430564233e-08	1.126695858706443e-07	0.0003368676668745	0.0001341860735263	1.1347982498546909e-07	1.800590232843242e-08	249.4491187940711	-0.6027367801983416	62224.8628671386	0.363291626203864	207.77538168886875	-1.0373614209763389	43170.6092359551	1.076118717730049	183.2738541144578	-0.1545060932978685	33589.305601967564	0.0238721328661696
0.0272027427417782	0.0051863803401062	2.6898541032240112e-05	0.0007399892126753	-0.0938634374396087	0.0831211263035243	0.0069091216379664	0.0088103448879793	0.3192623451804053	-0.0266480859212094	0.0007101204832641	0.1019284450500922	-0.0019150164440137	0.0001149613747082	3.6672879808428766e-06	1.3216117674822158e-08	8.21468406135839e-05	0.0002129887315757	6.748103422793558e-09	4.5364199778261326e-08	0.0003690792480199	3.221158114540001e-05	1.3621949131893484e-07	1.0375859598866892e-09	249.60852193723773	0.159403143166628	62304.41422369249	0.0254093620514005	209.4102785759784	1.6348968871096474	43852.66477326888	2.672887831480815	183.17937690987327	-0.0944772045845354	33554.684125089414	0.0089259421861081
0.0247065991567296	-0.0024961435850485	6.230732797179273e-06	0.0006104160418913	-0.0884535592836783	0.0054098781559304	2.926678166201291e-05	0.0078240321499511	0.2890491985487529	-0.0302131466316524	0.0009128342293857	0.0835494391816763	-0.0016520056213023	0.0002630108227114	2.729122572814398e-06	6.91746928633275e-08	7.52996488146973e-05	-6.847191798886598e-06	5.670037111616746e-09	4.688403553073989e-11	0.0002420626612566	-0.0001270165867633	5.8594331974627474e-08	1.6133213312998918e-08	250.00185016348223	0.3933282262445061	62500.92508516422	0.1547070935606494	208.69372955890407	-0.7165490170743283	43553.07275720499	0.513442493870186	183.33286073529857	0.1534838254252974	33610.93782538838	0.0235572846671831
0.0296145769600144	0.0049079778032848	2.4088246117536298e-05	0.0008770231685206	-0.1547147652388361	-0.0662612059551577	0.0043905474146318	0.0239366585829081	0.3614648199770442	0.0724156214282913	0.0052440222268456	0.130656816081037	-0.0019389896757928	-0.0002869840544905	3.759680962831068e-06	8.235984753180633e-08	-6.289448000074138e-05	-0.0001381941288154	3.955715614563657e-09	1.9097617239058063e-08	0.0004064394475473	0.0001643767862907	1.6519302452255442e-07	2.7019727871258456e-08	250.21734371361515	0.2154935501329191	62608.71909509743	0.0464374701488889	209.1982373907211	0.5045078318170226	43763.902527384496	0.2545281523647132	183.5219554885708	0.1890947532722293	33680.30814634896	0.0357568257150852
0.0259134401557332	-0.0037011368042812	1.3698413644004864e-05	0.0006715063807047	-0.1582730393391216	-0.0035582741002855	1.26613145727626e-05	0.0250503549816431	0.3473965044763929	-0.0140683155006512	0.0001979175010258	0.1206843313224164	-0.0022550080196673	-0.0003160183438745	5.085061168763839e-06	9.986759366518173e-08	4.8062440941798457e-05	0.0001109569209425	2.309998229283864e-09	1.2311438305049037e-08	0.0003885548783266	-1.78845692207e-05	1.5097489347139892e-07	3.1985781621000984e-10	249.1758603122765	-1.0414834013386385	62088.60936236314	1.084687675263899	209.88722265527605	0.6889852645549581	44052.64623394542	0.4747006947738656	183.40044035848183	-0.1215151300889658	33635.72152368505	0.0147659268405382
0.0256489172602414	-0.0002645228954917	6.997236223936492e-08	0.0006578669566227	-0.0825737899670429	0.0756992493720787	0.0057303763554961	0.0068184307895213	0.3015162598362053	-0.0458802446401876	0.0021049968482434	0.090912054945614	-0.0019590079404558	0.0002960000792115	3.837712110768875e-06	8.76160468932143e-08	6.126477178391987e-05	1.3202330842121413e-05	3.753372261735784e-09	1.7430153966483026e-10	0.0002400605567249	-0.0001484943216017	5.762907089506892e-08	2.2050563547949104e-08	249.6706569454373	0.4947966331607745	62335.43693956623	0.244823708187238	210.2132334364221	0.3260107811460386	44189.603511795685	0.1062830294234503	183.5486450423112	0.1482046838293627	33690.10509686835	0.0219646283089613
0.0223252528303845	-0.0033236644298569	1.1046745242295996e-05	0.0004984169139405	-0.0043808423233144	0.0781929476437285	0.0061141370612148	1.919177946174271e-05	0.1743056161942178	-0.1272106436419874	0.0161825478558087	0.0303824478368459	-0.0019260438689366	3.296407151919998e-05	3.709644985068267e-06	1.086630011122931e-09	0.0002741917758843	0.0002129270041003	7.518112996258622e-08	4.5337909075163314e-08	0.0003207647989925	8.070424226760002e-05	1.0289005627269893e-07	6.5131747199874766e-09	250.31861755999907	0.6479606145617822	62659.41029714907	0.4198529580232825	209.20890855992093	-1.0043248765011583	43768.36742083336	1.008668457559067	183.6392255010961	0.090580458784899	33723.36514264242	0.0082048195136827
0.0275330911861431	0.0052078383557585	2.7121580339710427e-05	0.0007580711102644	-0.1193545098519877	-0.1149736675286733	0.0132189442249939	0.0142454990220082	0.3197266230973241	0.1454210069031062	0.0211472692487132	0.1022251135172183	-0.0019380125655627	-1.1968696626099907e-05	3.755892704278919e-06	1.4324969892761535e-10	6.169017058366144e-05	-0.0002125016053006	3.805677146641247e-09	4.51569322553484e-08	0.0003200594537249	-7.053452675999795e-07	1.0243805391868141e-07	4.975119465256867e-13	249.90919506778843	-0.4094224922106377	62454.60577942993	0.1676267771279697	208.71958365338915	-0.4893249065317775	43563.86460044411	0.2394388641523328	183.6589709524622	0.0197454513661057	33730.61761131736	0.0003898828496512
0.0220780538787579	-0.0054550373073852	2.9757432024964373e-05	0.0004874404630733	-0.1545492565597896	-0.0351947467078019	0.0012386701958263	0.0238854727031836	0.3280154765937624	0.0082888534964383	6.870509228541777e-05	0.107594152885033	-0.0021480105901443	-0.0002099980245815	4.613949495372063e-06	4.409917032817423e-08	5.565626056847073e-05	-6.033910015190713e-06	3.097619340465509e-09	3.640807007141879e-11	0.0003200595063157	5.259079998744254e-11	1.0243808758304967e-07	2.765792243319186e-21	249.3595582846268	-0.5496367831616453	62180.18930790418	0.3021005934042815	209.223078163634	0.5034945102448489	43774.2964362661	0.2535067218467002	183.3305366561673	-0.3284342962948869	33610.085670638306	0.1078690869827176
0.022188847421674	0.000110793542916	1.2275209151901444e-08	0.0004923449499023	-0.0639265871950556	0.090622669364734	0.0082124682027898	0.004086608550407	0.2679734775781526	-0.0600419990156098	0.0036050416457904	0.0718097846853286	-0.0019700345939973	0.0001779759961469	3.881036301546107e-06	3.167545520451691e-08	0.0001560960043665	0.000100439743798	2.4365962579186385e-08	1.0088142134213758e-08	0.0004101541861695	9.009467985379996e-05	1.6822645643236484e-07	8.11705133795871e-09	249.9675606740792	0.6080023894524231	62483.78138934947	0.369666905579856	209.7771922902858	0.5541141266517968	44006.47040519554	0.3070424653550835	183.4019182552209	0.0713815990535806	33636.26361969473	0.0050953326834461
0.0220909496500212	-9.789777165280024e-05	9.58397369458382e-09	0.0004880100564397	-0.0405249037468848	0.0234016834481708	0.0005476387882083	0.0016422678236942	0.197078491572924	-0.0708949860052285	0.0050260990406815	0.038839931840659	-0.001627043740674	0.0003429908533232	2.647271334066443e-06	1.176427254634454e-07	0.0001249867986523	-3.110920571419999e-05	1.5621699837350582e-08	9.67782680168413e-10	0.0006311024173526	0.0002209482311831	3.982902611882953e-07	4.8818120862940616e-08	250.39193932371583	0.4243786496366226	62696.123278291394	0.1800972382674033	208.7919061498439	-0.9852861404419002	43594.06007368522	0.970788778546896	183.37423018905625	-0.027688066164643	33626.10829742899	0.0007666290079376
0.0221550170623743	6.406741235310057e-05	4.104633325622223e-09	0.000490844781034	-0.153656554206222	-0.1131316504593372	0.0127987703356536	0.0236103366505296	0.3232784346975279	0.1261999431246039	0.0159264256446532	0.1045089463404838	-0.0018309968617997	-0.0002039531211256	3.35254950792035e-06	4.1596875616914446e-08	-1.87700582265915e-05	-0.0001437568568788	3.5231508582963533e-10	2.0666033899698096e-08	0.0002949833018598	-0.0003361191154928	8.70151483761099e-08	1.1297605979966225e-07	249.78789802962336	-0.6040412940924682	62393.99400205752	0.3648658849689036	209.61048353073448	0.8185773808905878	43936.55480598832	0.6700689285056945	183.1407435762471	-0.2334866128091448	33540.53195766069	0.0545159983610875
0.0222044375081793	4.942044580500196e-05	2.442380463565136e-09	0.0004930370450546	-0.1557360341973321	-0.00207947999111	4.324237033427171e-06	0.0242537123475125	0.3131500881148668	-0.0101283465826611	0.0001025834044985	0.0980629776863488	-0.0017910265205661	3.997034123360004e-05	3.20777599737111e-06	1.597628178330427e-09	0.0001146597920791	0.0001334298503056	1.3146867919622442e-08	1.7803524952599238e-08	0.0003806024145475	8.561911268770004e-05	1.4485819795938706e-07	7.330632457429078e-09	249.0915203560549	-0.6963776735684633	62046.58551329091	0.4849418642446251	208.7657168692731	-0.8447666614613922	43583.1245399415	0.7136307123166264	183.11031798007843	-0.0304255961686692	33529.388550765434	0.0009257169022189
0.0261624633217536	0.0039580258135742	1.566596834092049e-05	0.0006844744870621	-0.0696091087091446	0.0861269254881875	0.0074178472940478	0.0048454280152815	0.2502001809796041	-0.0629499071352626	0.0039626908083381	0.0626001305622266	-0.0017880741845475	2.9523360185999565e-06	3.1972092894452075e-06	8.716287966722643e-12	0.0004151760325503	0.0003005162404712	1.7237113800420774e-07	9.03100107869441e-08	0.0003623715865028	-1.823082804470002e-05	1.3131316670455626e-07	3.323630911954208e-10	249.5668874954365	0.4753671393816034	62283.63133415986	0.2259739172038488	208.3656711578369	-0.4000457114361779	43416.25291705583	0.1600365712384777	183.147870463544	0.0375524834655607	33543.14245533109	0.0014101890144312
0.0222552452581084	-0.0039072180636452	1.526635299687535e-05	0.0004952959414985	-0.0597473374655095	0.009861771243635	9.725453206178812e-05	0.0035697443342174	0.2055440883229948	-0.0446560926566093	0.0019941666113556	0.042248372244531	-0.0013115365026109	0.0004765376819366	1.7201279976808314e-06	2.270881623055082e-07	0.0003963790720089	-1.879696054139996e-05	1.5711636872663674e-07	3.53325725594947e-10	0.0001842603387814	-0.0001781112477214	3.3951872447836296e-08	3.172361656487392e-08	250.15280063453488	0.5859131390983805	62576.42366530136	0.3432942065681181	208.74691060045933	0.3812394426224159	43575.27268523616	0.1453435126110503	183.20375159091648	0.055881127372487	33563.614596986234	0.0031227003964201
0.0222678528079001	1.2607549791699564e-05	1.5895031175018368e-10	0.0004958572686743	-0.0968563576334844	-0.0371090201679749	0.0013770793778271	0.0093811540140254	0.2984241425648974	0.0928800542419026	0.0086267044759787	0.0890569688655942	-0.0016399901325	-0.000328453629889	2.6895676346973675e-06	1.0788178698732581e-07	-5.2838589017500937e-05	-0.0004492176610264	2.79191648936037e-09	2.017965069780305e-07	0.0004129568531325	0.0002286965143511	1.705333625490972e-07	5.230209567634289e-08	250.0924304268476	-0.0603702076872707	62546.223756807616	0.0036445619762042	209.16803212673105	0.4211215262717189	43751.26566376919	0.177343339889422	183.11561754791217	-0.0881340430043167	33531.32938995324	0.0077676095362867
0.0280604484951965	0.0057925956872964	3.3554164796484867e-05	0.0007873887697515	-0.1601003170278687	-0.0632439593943843	0.0039997983998785	0.025632111512424	0.3276551618470193	0.0292310192821219	0.0008544524882717	0.1073579050849964	-0.001709021671547	-6.903153904700018e-05	2.920755073817302e-06	4.76535338319751e-09	6.696862925270608e-05	0.0001198072182702	4.4847973039864e-09	1.4353769549645026e-08	0.0006220572727285	0.000209100419596	3.869552505544194e-07	4.372298547522328e-08	249.597696764372	-0.4947336624756246	62299.01023007939	0.2447613967865453	209.34739803557704	0.1793659088459946	43826.33306426633	0.0321721292561496	183.0580287371901	-0.0575888107220521	33510.24188514592	0.0033164711203803
0.0222139984485352	-0.0058464500466612	3.418097814810591e-05	0.0004934617270715	-0.0694569143229131	0.0906434027049556	0.0082162264539327	0.0048242629472604	0.2729458163046985	-0.0547093455423208	0.002993112489669	0.0744994186382382	-0.0015560167869136	0.0001530048846334	2.421188241156924e-06	2.3410494721680093e-08	0.0001533401172608	8.637148800809391e-05	2.3513191561555893e-08	7.46003394073231e-09	0.0002051193458176	-0.0004169379269109	4.207394602864018e-08	1.73837234896759e-07	249.5776920570222	-0.0200047073497842	62289.024372509804	0.0004001883161505	208.416894939098	-0.9305030964790432	43437.602096055016	0.8658360125570878	183.1070066542932	0.0489779171030875	33528.175885895376	0.0023988363637569
0.0221122207818069	-0.0001017776667283	1.035869344465728e-08	0.0004889503079033	-0.0281536876428845	0.0413032266800285	0.0017059565341818	0.0007926301278931	0.223657083283669	-0.0492887330210294	0.0024293792028183	0.050022490902958	-0.0013910327246986	0.000164984062215	1.934972041182411e-06	2.7219740784963013e-08	9.200371883921754e-05	-6.133639842158245e-05	8.464684280245792e-09	3.762153771331102e-09	0.000713064420292	0.0005079450744744	5.08460867486366e-07	2.5800819868280384e-07	250.35558470000672	0.7778926429845114	62677.91879048224	0.6051169640094286	207.33001731304407	-1.0868776260539337	42985.73607902716	1.181302974016634	183.1284835919224	0.0214769376291883	33536.041502676984	0.000461258849928
0.0222029975853956	9.07768035886998e-05	8.24042806978138e-09	0.000492973101777	-0.0848456130348722	-0.0566919253919877	0.0032139744046507	0.0071987780512632	0.2833465814275229	0.0596894981438538	0.0035628361886651	0.0802852852066638	-0.0015360268485283	-0.0001449941238297	2.3593784793997807e-06	2.1023295945142392e-08	0.0001186896169924	2.6685898153182465e-05	1.4087225181802609e-08	7.12137160242027e-10	0.0004040907283277	-0.0003089736919643	1.6328931672041109e-07	9.546474232605017e-08	250.07180257236223	-0.2837821276444856	62535.90644179051	0.0805322959704311	209.2758234024048	1.9458060893607296	43796.37026075452	3.786161337393296	182.99659963251872	-0.131883959403666	33487.755477064355	0.0173933787479878
0.0222766727376466	7.367515225100221e-05	5.428028059208356e-09	0.0004962501482602	-0.1570620154816566	-0.0722164024467844	0.0052152087823559	0.0246684767071601	0.2950929225793715	0.0117463411518485	0.0001379765304556	0.0870798329564349	-0.0014469971008343	8.902974769399983e-05	2.09380060982287e-06	7.926295974457268e-09	0.0001710279878712	5.233837087879999e-05	2.9250572635271333e-08	2.739305066246818e-09	-3.837632326398612e-05	-0.0004424670515916	1.4727421872619623e-09	1.9577709174423981e-07	249.87457519317977	-0.1972273791824648	62437.30332797205	0.0388986390991837	208.67688256527515	-0.5989408371296463	43546.04131716164	0.3587301263815615	183.2566810798371	0.2600814473183845	33583.01116039713	0.0676423592392256
0.0154688428359861	-0.0068078299016605	4.6346547969942825e-05	0.0002392850986844	-0.097580945148394	0.0594810703332626	0.0035379977279905	0.0095220408560538	0.2898215802675565	-0.0052713423118149	2.7787049768330845e-05	0.0839965483887836	-0.0015419729888592	-9.497588802489988e-05	2.3776806983713746e-06	9.020419306118324e-09	0.0003141271234652	0.000143099135594	9.867584969652101e-08	2.047736260775001e-08	-0.0001647576570545	-0.0001263813337905	2.714508555808823e-08	1.5972241530669284e-08	249.86719615949065	-0.0073790336891192	62433.615716605374	5.445013818515753e-05	208.4572968787336	-0.2195856865415635	43454.44462198847	0.0482178737339297	183.32100040619744	0.0643193263603336	33606.589189929044	0.0041369757434471
0.0222896435014376	0.0068208006654515	4.652332171782364e-05	0.0004968282074211	-0.0976773494153775	-9.6404266983513e-05	9.293782692628456e-09	0.0095408645888137	0.2294344439437594	-0.0603871363237971	0.0036466062333888	0.052640164067782	-0.0014750000899483	6.697289891089992e-05	2.175625265347493e-06	4.48536918852962e-09	0.0003690094915054	5.488236804020001e-05	1.361680048210739e-07	3.012074321699967e-09	-1.2728012361758146e-05	0.0001520296446927	1.6200229868106818e-10	2.3113012865401334e-08	250.94448017661227	1.0772840171216274	62973.13213111015	1.160540853545711	208.5880176077497	0.1307207290161329	43508.96108953091	0.0170879089945092	183.54792541916345	0.2269250129660065	33689.840925678785	0.0514949615096222
0.0222547504739196	-3.4893027517999414e-05	1.2175233693718643e-09	0.0004952739186564	-0.1154631930510703	-0.0177858436356928	0.0003163362338333	0.0133317489495487	0.2688353042688902	0.0394008603251307	0.0015524277943604	0.0722724208213467	-0.0016600252153071	-0.0001850251253587	2.755683715455384e-06	3.42342970140396e-08	0.000119158916036	-0.0002498505754694	1.4198847270874495e-08	6.242531006239036e-08	0.0004110988119562	0.0004238268243179	1.690022331917991e-07	1.796291770114454e-07	250.7016224432664	-0.2428577333458861	62851.30349568609	0.0589798786459015	209.42343657473305	0.8354189669833261	43858.17578677124	0.6979248503954877	183.383814034277	-0.1641113848864392	33629.6232497583	0.026932546649345
0.0222624702535654	7.71977964579909e-06	5.959499777969394e-11	0.0004956175817908	-0.1857595630749529	-0.0702963700238825	0.0049415796385346	0.0345066152737974	0.3427048067766094	0.0738695025077192	0.0054567034007379	0.1174465845877932	-0.0018520113096029	-0.0001919860942958	3.4299458908970483e-06	3.685866040295581e-08	3.605059300881841e-05	-8.310832302718159e-05	1.299645256287467e-09	6.906993356390361e-09	0.0004850340974772	7.393528552099998e-05	2.35258075715522e-07	5.4664264450717905e-09	250.73972168058813	0.0380992373217452	62870.4080284588	0.0014515518844986	209.77353888166712	0.350102306934076	44004.93761493831	0.122571625320562	183.62247102048204	0.2386569862050294	33717.21186366776	0.0569571570644675
0.0297882557670732	0.0075257855135077	5.663744759532384e-05	0.0008873401816445	-0.0901958522754569	0.095563710799496	0.0091324228217697	0.008135291767696	0.2922337678651132	-0.0504710389114962	0.0025473257688057	0.0854005750806408	-0.0017230482560901	0.0001289630535127	2.968895292815136e-06	1.663146917134527e-08	0.0003372555542371	0.0003012049612282	1.1374130886377353e-07	9.072442866853064e-08	0.0002832909627818	-0.0002017431346954	8.02537695938392e-08	4.070029239672631e-08	250.17812808573248	-0.5615935948556512	62589.09577248117	0.3153873657828933	208.9001296023105	-0.8734092793566219	43639.26414786212	0.7628437692662536	183.4213543407533	-0.2011166797287273	33643.39322819618	0.0404479188651075
0.0223699318978987	-0.0074183238691745	5.503152902796414e-05	0.0005004138531166	-0.0576015607917668	0.0325942914836901	0.0010623878373237	0.0033179398056476	0.2019658276545186	-0.0902679402105945	0.0081483010298634	0.0407901955401747	-0.0017300399974343	-6.991741344199816e-06	2.9930383927224724e-06	4.8884447024193034e-11	0.0002477481325549	-8.950742168220002e-05	6.13791371844403e-08	8.011578536195171e-09	0.0002917137776148	8.422814833000019e-06	8.5096928050297e-08	7.094380971100514e-11	251.5911244914156	1.412996405683117	63298.09392285498	1.996558842473408	209.5699951455948	0.6698655432842884	43919.58286532462	0.4487198460795548	183.93749475085187	0.5161404100985578	33833.00197521966	0.2664009229367075
0.0223958046905323	2.5872792633600816e-05	6.694013986613085e-10	0.0005015720677364	0.000653949573973	0.0582555103657398	0.0033937044879728	4.276500452994682e-07	0.1694745979565084	-0.0324912296980101	0.0010556800072888	0.0287216393525201	-0.0015740460973731	0.0001559939000611	2.4776211166554868e-06	2.4334096856303632e-08	0.0003507968197928	0.0001030486872379	1.230584087767422e-07	1.0619031941454534e-08	0.0002587764306472	-3.293734696760002e-05	6.69652410585051e-08	1.08486882526407e-09	251.7016730217273	0.1105485303116893	63353.73220193652	0.0122209775540744	209.42943499950653	-0.1405601460882621	43860.68824421253	0.0197571546683536	183.74003393399988	-0.1974608168519864	33760.40007006743	0.0389907741918537
0.0222715763542709	-0.0001242283362614	1.5432679530275772e-08	0.0004960231133041	-0.1407632486366168	-0.1414171982105898	0.0199988239497332	0.019814292166734	0.3235808924555101	0.1541062944990016	0.023748750004213	0.1047045939623043	-0.0016380213672125	-6.397526983939993e-05	2.683113999444708e-06	4.092835151024034e-09	0.0001096750545943	-0.0002411217651985	1.2028617600262685e-08	5.8139705652440566e-08	0.0003970898097759	0.0001383133791287	1.5768031702786045e-07	1.9130590845999504e-08	251.7930073130427	0.0913342913154053	63399.71853174597	0.0083419527700873	209.5563708285068	0.1269358290002742	43913.872554814654	0.0161127046839868	184.0436375819404	0.3036036479405197	33872.06053439263	0.092175175042791
0.0222235723825292	-4.800397174169885e-05	2.304381302977821e-09	0.0004938871694415	-0.156965503054721	-0.0162022544181042	0.0002625130482289	0.0246381691492216	0.3374456873809777	0.0138647949254676	0.0001922325383252	0.1138695919320205	-0.0018200423824602	-0.0001820210152477	3.312554273951401e-06	3.313164999180348e-08	0.000212171324319	0.0001024962697247	4.501667086327829e-08	1.0505485307478454e-08	0.0003611931445706	-3.5896665205299965e-05	1.3046048768479838e-07	1.288570572861393e-09	250.93919854933205	-0.8538087637106457	62970.48136858109	0.7289894049891013	210.5597223078951	1.0033514793883	44335.3966583779	1.0067141911906905	183.6294781207696	-0.4141594611708115	33719.7852349062	0.1715280592772969
0.0222668171087576	4.324472622840164e-05	1.870106346569409e-09	0.0004958111441548	-0.080074830886204	0.076890672168517	0.0059121754665263	0.0064119785414541	0.286155346037404	-0.0512903413435736	0.0026306991151403	0.0818848820657864	-0.0014700161605128	0.0003500262219473	2.1609475121687945e-06	1.225183560507705e-07	9.724310059966434e-05	-0.0001149282237193	9.456220614236441e-09	1.3208496607281669e-08	0.0003490721778763	-1.2120966694300034e-05	1.218513853673032e-07	1.469178336043307e-10	251.29829172095856	0.3590931716265118	63150.83142187199	0.1289479059087874	210.80485528986503	0.245132981969931	44438.68701378094	0.0600901788494705	183.7295065974367	0.10002847666712	33756.53159453754	0.0100056961443445
0.0223465758174654	7.97587087078e-05	6.361451614735691e-09	0.0004993694507657	-0.041670561309246	0.038404269576958	0.0014748879217396	0.0017364356798276	0.2064543440059338	-0.0797010020314702	0.0063522497248204	0.0426233961589204	-0.0014480574372893	2.195872322350005e-05	2.096870341688855e-06	4.821855256062808e-10	0.000226126354633	0.0001288832540333	5.113312825960929e-08	1.661089317022133e-08	0.0005161636409903	0.000167091463114	2.664249042803634e-07	2.7919557045577247e-08	251.434523923263	0.1362322023044271	63219.31982051791	0.0185592129447143	211.0026927947998	0.1978375049347676	44522.13636665666	0.0391396783588141	183.73059883482497	0.0010922373882635	33756.932948203386	1.1929825123208547e-06
0.022255713915996	-9.086190146940024e-05	8.255885138634997e-09	0.0004953168019106	-0.1069515680580224	-0.0652810067487764	0.0042616098421337	0.0114386379100697	0.3029609008993787	0.0965065568934449	0.0093135155234277	0.0917853074737631	-0.0015579943768698	-0.0001099369395804	2.427346478357916e-06	1.2086130684326493e-08	-3.43373007560821e-05	-0.000260463655389	1.1790502232136363e-09	6.784131577864251e-08	0.0004329731244553	-8.319051653500007e-05	1.874657265005847e-07	6.92066204136012e-09	250.82818752335635	-0.6063363999066382	62914.779656252016	0.3676438298517427	211.48169214370404	0.4789993489042388	44724.50611196441	0.2294403762506847	183.6318818758959	-0.0987169589290601	33720.66804128299	0.0097450379802017
0.022266497991481	1.0784075484999989e-05	1.1629628406617776e-10	0.0004957969328046	-0.1713945587925849	-0.0644429907345624	0.0041528990548149	0.0293760947837048	0.3233606942817033	0.0203997933823245	0.0004161515700415	0.1045621386063451	-0.0015615238265962	-3.529449726399946e-06	2.438356661027639e-06	1.2457015371184654e-11	0.0001312113869751	0.0001655486877311	1.721642807192944e-08	2.7406368009516444e-08	0.0003701027286075	-6.287039584779999e-05	1.369760297227168e-07	3.952686674059066e-09	249.9160413231381	-0.9121462002182454	62458.02771062847	0.8320106905725835	211.19074293907653	-0.290949204627509	44601.52990315911	0.0846514396733801	183.399252276311	-0.232629599584925	33635.28573550996	0.0541165306030425
0.0265584130351186	0.0042919150436375	1.842053474180272e-05	0.0007053493029439	-0.0790620836745716	0.0923324751180132	0.0085252859614185	0.0062508130749649	0.3033594939713282	-0.020001200310375	0.0004000480138557	0.0920269825825403	-0.0014740135451903	8.751028140589995e-05	2.1727159314044763e-06	7.658049351739797e-09	6.270685473408477e-05	-6.850453224101522e-05	3.932149630641609e-09	4.692870937560294e-09	0.0003980459446311	2.79432160236e-05	1.584405740372647e-07	7.808233217415752e-10	249.4578073420868	-0.4582339810513076	62229.197643921696	0.2099783813901301	209.5790926081069	-1.6116503309696384	43923.39605843744	2.597416789314545	183.1141675816013	-0.285084694709667	33530.79836910277	0.081273283157704
0.022142865938477	-0.0044155470966416	1.9497056162660063e-05	0.0004903065119693	-0.0518378623915083	0.0272242212830632	0.0007411582244691	0.0026871639773209	0.239944920680756	-0.0634145732905722	0.0040214081056253	0.0575735649604942	-0.0014845443075514	-1.0530762361099944e-05	2.2038718010832653e-06	1.1089695590595927e-10	0.000150563048872	8.785619413791522e-05	2.2669231685632265e-08	7.718710848399049e-09	0.0005891118710417	0.0001910659264106	3.470527966022526e-07	3.650618823514084e-08	249.88769506941537	0.4298877273285768	62443.86014710512	0.1848034581077288	208.9272832870484	-0.6518093210584937	43650.60970170657	0.4248553910187344	183.1955127474563	0.0813451658549695	33560.59589080342	0.0066170360079725
0.0254148356415697	0.0032719697030927	1.0705785737956544e-05	0.000645913870688	-0.0641777330025092	-0.0123398706110008	0.0001522724066962	0.0041187814133413	0.2816273677677685	0.0416824470870124	0.0017374263951615	0.0793139742758019	-0.0015780583406296	-9.351403307820016e-05	2.4902681264306467e-06	8.744874382550716e-09	0.0001619395146668	1.137646579480001e-05	2.6224406410518734e-08	1.294239739802546e-10	0.0007101283687276	0.0001210164976858	5.042823000717221e-07	1.4644992712161422e-08	249.8142079012621	-0.0734871681532638	62407.138469335005	0.005400363883186	209.62361040724085	0.6963271201924499	43942.058040166696	0.4848714583155106	183.1298082239669	-0.0657045234893871	33536.5266601469	0.0043170844069674
0.0222535093789559	-0.0031613262626138	9.993983738691744e-06	0.0004952186796792	-0.1851640639356162	-0.120986330933107	0.0146376922726552	0.0342857305731529	0.3597093448731101	0.0780819771053416	0.006096795148679	0.129390812789042	-0.0018420619707906	-0.0002640036301609	3.393192304232949e-06	6.969791673818599e-08	0.0002390445290936	7.71050144268e-05	5.714228688958098e-08	5.945183249757037e-09	0.0004942205860859	-0.0002159077826416	2.4425398771109056e-07	4.6616170605255545e-08	249.07480283722228	-0.7394050640398291	62038.25740840115	0.5467198487277437	208.9913239702265	-0.6322864370143577	43677.37349482816	0.3997861384323113	183.05783381287395	-0.0719744110929525	33510.17052026178	0.0051803158521773
0.0223248225248795	7.131314592359952e-05	5.085564781520599e-09	0.0004983977007673	-0.0970429112670387	0.0881211526685775	0.0077653375476387	0.0094173266271823	0.3314987581533017	-0.0282105867198084	0.0007958372030758	0.1098914266571812	-0.001393992292192	0.0004480696785986	1.943214510690706e-06	2.007664368794527e-07	-4.077250631562279e-05	-0.0002798170354092	1.6623972712575e-09	7.829757330520625e-08	0.0003909719769437	-0.0001032486091422	1.5285908675526505e-07	1.0660275289798801e-08	248.51579221394047	-0.5590106232818073	61760.09897972244	0.3124928769419146	208.4376191255894	-0.5537048446370818	43446.24106674428	0.3065890549745749	182.73516794619547	-0.3226658666784772	33392.141604324264	0.1041132615193728
0.0222742384872702	-5.058403760929697e-05	2.55874486085877e-09	0.0004961417001877	-0.0692860151112171	0.0277568961558216	0.000770445284205	0.0048005518899918	0.2571049024485177	-0.074393855704784	0.0055344457666242	0.0661029308630617	-0.001564030478979	-0.000170038186787	2.4461913391752803e-06	2.8912984965810737e-08	0.0001492080406346	0.0001899805469502	2.2263039390016444e-08	3.6092608219505814e-08	0.0003731166744422	-1.7855302501499975e-05	1.3921605274680666e-07	3.188118274200713e-10	248.88359538735384	0.367803173413364	61943.04405293606	0.1352791743729411	207.93625482802696	-0.5013642975624464	43237.48607190617	0.2513661588702853	182.97674451254565	0.2415765663501758	33480.4890324094	0.0583592374095409
0.0222561553649569	-1.8083122313300448e-05	3.269993125977845e-10	0.000495336451629	-0.0820603938357464	-0.0127743787245293	0.0001631847517977	0.0067339082364778	0.2877995177876329	0.0306946153391152	0.0009421594108162	0.082828562438794	-0.0015130222181348	5.100826084419993e-05	2.2892362325695502e-06	2.6018426743499397e-09	9.468982586935404e-05	-5.451821476524596e-05	8.966163123168591e-09	2.972235741189482e-09	0.0004100712271065	3.6954552664300025e-05	1.6815841130063073e-07	1.365638962618524e-09	248.5876579487989	-0.2959374385549154	61795.823684469055	0.0875789675384443	206.7896373403833	-1.1466174876436526	42761.95411136725	1.3147316629702417	182.6859601874804	-0.2907843250652604	33374.16004962167	0.084555523703659
0.0320146995888848	0.0097585442239279	9.52291853703566e-05	0.0010249409897665	-0.1833357430867863	-0.1012753492510399	0.0102566963659201	0.0336119946931841	0.3668402132985591	0.0790406955109261	0.0062474315468509	0.1345717420929323	-0.0018590524820219	-0.000346030263887	3.4560761309117868e-06	1.1973694352577597e-07	0.0002351113727117	0.0001404215468423	5.527735757837992e-08	1.9718210817597162e-08	0.0004182192137342	8.147986627699965e-06	1.7490731073645248e-07	6.638968608517744e-11	248.37963351522285	-0.208024433576071	61692.442345156414	0.0432741649646451	206.30052027499423	-0.489117065389081	42559.9046657333	0.2392355036548266	182.72707522317936	0.0411150356989651	33389.184019617445	0.0016904461605271
0.0316428073032426	-0.0003718922856422	1.383038721201819e-07	0.0010012672540301	-0.1248996979892069	0.0584360450975793	0.0034147713666463	0.015599934557795	0.3426035211595888	-0.0242366921389702	0.0005874172458392	0.1173771727109488	-0.001776065396097	8.298708592489987e-05	3.154408291213194e-06	6.886856430306713e-09	0.0003321709987	9.70596259883e-05	1.1033757237735546e-07	9.420570996988681e-09	0.0003707948995528	-4.7424314181399984e-05	1.3748885753437104e-07	2.2490655755761356e-09	248.05659468309864	-0.3230388321242117	61532.07416577508	0.1043540870601746	205.34736092344244	-0.9531593515517898	42167.53863822253	0.9085127494506284	182.74488550792825	0.0178102847488901	33395.6931793058	0.0003172062428365
0.030924673444673	-0.0007181338585696	5.157162388240624e-07	0.0009563354276596	-0.0852922490016538	0.0396074489875531	0.0015687500153016	0.0072747677397601	0.2679572405823478	-0.0746462805772409	0.0055720672040161	0.0718010827805062	-0.0017360504575342	4.001493856280007e-05	3.0138711911047054e-06	1.601195308184664e-09	0.0003622797651181	3.010876641810004e-05	1.3124662821402573e-07	9.065378152197083e-10	0.0002548146432952	-0.0001159802562576	6.493050243766001e-08	1.3451419841578565e-08	248.99984785894944	0.9432531758507992	62000.924233779966	0.8897265537526187	205.4235853162852	0.0762243928427608	42198.84940419711	0.0058101580642475	183.0290887372932	0.2842032293649481	33499.64732400395	0.0807714755814653
0.0278394326850701	-0.0030852407596029	9.518710544715086e-06	0.0007750340122265	-0.0720131445940666	0.0132791044075872	0.0001763346138676	0.0051858929943259	0.3105263809386827	0.0425691403563348	0.0018121317106773	0.0964266332588758	-0.0017306327454194	5.417712114800036e-06	2.99508969951789e-06	2.935160455885108e-11	0.0004249747429598	6.269497784169999e-05	1.806035321537481e-07	3.9306602465712535e-09	0.0006078679806249	0.0003530533373296	3.695034818689938e-07	1.2464665899963892e-07	249.33536087843743	0.3355130194879905	62168.12218438063	0.1125689862459487	206.19197499041863	0.7683896741334308	42515.13055044942	0.59042269131488	182.97905775938912	-0.0500309779040719	33481.33557851386	0.0025030987500377
0.0246494590667083	-0.0031899736183617	1.017593168584426e-05	0.0006075958322813	-0.1682483926327194	-0.0962352480386528	0.009261222965061	0.0283075216234937	0.324334598879588	0.0138082179409053	0.0001906668827035	0.1051929320303832	-0.0014770191954954	0.0002536135499239	2.181585703861879e-06	6.431983270505324e-08	0.0001557833009759	-0.0002691914419839	2.4268436862947842e-08	7.246403243737142e-08	0.0002936155786224	-0.0003142524020024	8.621010800976676e-08	9.875457216434085e-08	249.2370407939447	-0.0983200844927409	62119.102503722446	0.0096668390146597	206.9365788169126	0.7446038264939716	42822.74765244828	0.5544348584294646	183.10927423457989	0.1302164751907639	33529.00631071458	0.0169563304111068
0.0208978839809503	-0.003751575085758	1.4074315624080156e-05	0.0004367215548812	-0.073935347384733	0.0943130452479864	0.0088949505039487	0.0054664355929011	0.2547229340670469	-0.0696116648125411	0.0048457838779735	0.0648837731397251	-0.0012540168007646	0.0002230023947308	1.5725581365998825e-06	4.973006805567156e-08	0.0001178453879875	-3.793791298839998e-05	1.3887535469924412e-08	1.439285241915408e-09	0.0002460739473977	-4.7541631224700016e-05	6.055238758788601e-08	2.2602066995053714e-09	249.68236031149613	0.4453195175514395	62341.28105071978	0.1983094727122468	208.1882069587708	1.2516281418581912	43342.32951670798	1.5665730054913882	183.2703601110769	0.161085876497026	33588.02489524381	0.0259486596068151
0.0251401405669042	0.0042422565859539	1.7996740941069237e-05	0.0006320266677237	-0.0723162720448442	0.0016190753398887	2.621404956236018e-06	0.0052296432024639	0.2250693794506304	-0.0296535546164164	0.0008793333013887	0.0506562255662918	-0.0015700457818311	-0.0003160289810665	2.46504375704563e-06	9.987431687393025e-08	0.0004638559835528	0.0003460105955653	2.151623734777355e-07	1.197233322434536e-07	0.0001838640226863	-6.220992471139998e-05	3.380597883838824e-08	3.870074732598054e-09	249.6163853002899	-0.065975011206234	62308.33981038278	0.0043527021036627	207.0881612569728	-1.1000457017979954	42885.50653279397	1.2101005460442442	183.2635745646796	-0.0067855463973103	33585.53776222388	4.604363991005116e-05
0.0326833179640431	0.0075431773971389	5.689952524470719e-05	0.0010681992731387	-0.1282485973902822	-0.0559323253454379	0.0031284250185479	0.0164477027325746	0.3326262622829858	0.1075568828323554	0.011568483044613	0.1106402303603496	-0.0017720718087464	-0.0002020260269152	3.140238495353737e-06	4.0814515551181504e-08	0.000350126761452	-0.0001137292221008	1.2258874908486574e-07	1.2934335959653096e-08	0.0004218109562814	0.0002379469335951	1.7792448283902917e-07	5.661874320731092e-08	249.70924865954484	0.0928633592549488	62354.70886611439	0.0086236034921136	207.7483939505638	0.6602326935910128	43159.39518903866	0.4359072096864441	183.26738126661584	0.0038067019362415	33586.933036323135	1.4490979631385182e-05
0.0315106554868833	-0.0011726624771597	1.3751372853385485e-06	0.000992921409213	-0.1782637552268369	-0.0500151578365547	0.0025015160134154	0.0317779664275736	0.3460850607114167	0.0134587984284308	0.0001811392551371	0.1197748692476249	-0.001948118559039	-0.0001760467502925	3.79516592007219e-06	3.0992458288585056e-08	0.0004770117337262	0.0001268849722742	2.2754019411247526e-07	1.6099796189024508e-08	0.0005019656093814	8.01546531e-05	2.519694730016402e-07	6.424768413581341e-09	248.7251453416631	-0.9841033178817328	61864.19792523144	0.9684593402658346	207.33179181129373	-0.4166021392700827	42986.47189568164	0.1735573424444094	183.11800232546767	-0.1493789411481714	33532.20277566998	0.0223140680585488
0.0305411727612465	-0.0009694827256368	9.398967553081614e-07	0.0009327632336323	-0.0923760642719884	0.0858876909548485	0.0073766954575555	0.0085333372503825	0.3135999803143647	-0.032485080397052	0.0010552804484029	0.0983449476531699	-0.0018040457661416	0.0001440727928973	3.2545811263334325e-06	2.0756969653257096e-08	0.0002787263062475	-0.0001982854274787	7.768835379437518e-08	3.9317110750410816e-08	0.0003037511575265	-0.0001982144518549	9.226476569868861e-08	3.928896892413848e-08	249.0126753504215	0.287530008758381	62007.31248517441	0.0826735059365946	207.24558552161176	-0.0862062896819679	42950.73271819569	0.0074315243807313	183.30056823002195	0.1825659045542806	33599.098313448936	0.0333303095057227
0.0256546185583204	-0.0048865542029261	2.387841197813474e-05	0.0006581594533729	-0.0636115671427717	0.0287644971292166	0.0008273962950967	0.0040464314743593	0.2194057642080622	-0.0941942161063024	0.0088725503478808	0.0481388893677237	-0.0018480587569805	-4.401299083890004e-05	3.415321169252311e-06	1.937143362585098e-09	0.0003882200594647	0.0001094937532171	1.507148145707752e-07	1.1988881993589092e-08	0.0003038591511359	1.0799360940000249e-07	9.233038372902972e-08	1.1662619671240303e-14	249.73249645124105	0.7198211008195585	62366.319783769126	0.518142417185081	206.5356413070192	-0.7099442145925536	42656.971130101694	0.5040207878334378	183.4039658999135	0.1033976698915353	33637.01470781663	0.0106910781389989
0.0303385144878092	0.0046838959294887	2.193888107828174e-05	0.000920425461327	-0.1170893277259921	-0.0534777605832204	0.0028598708769962	0.0137099106673247	0.3250689519294667	0.1056631877214045	0.0111647092394487	0.1056698235085219	-0.001813025088861	3.5033668119500115e-05	3.2870599728394367e-06	1.2273579019072787e-09	9.103932658605096e-05	-0.0002971807328786	8.288158985241646e-09	8.831638799429094e-08	0.0005080831158553	0.0002042239647193	2.5814845261723017e-07	4.1707427765710735e-08	249.46767057317385	-0.2648258780671995	62234.11866120559	0.0701327456940632	207.58791896536	1.052277658340785	43092.74410036887	1.1072882702431652	183.3256603703759	-0.0783055295375731	33608.297750234415	0.0061317559561597
0.0312922708167917	0.0009537563289825	9.096511350741768e-07	0.0009792062128714	-0.1856700545480691	-0.0685807268220769	0.0047033160914443	0.0344733691558829	0.3546155289983232	0.0295465770688564	0.0008730002164858	0.1257521734067606	-0.001884031779624	-7.100669076299995e-05	3.549575746633176e-06	5.041950133112302e-09	0.0001455494836077	5.451015702164904e-05	2.118465217846813e-08	2.971357218524833e-09	0.0004781371364995	-2.9945979355799934e-05	2.2861512129994162e-07	8.967616795779958e-10	248.99262726272104	-0.4750433104528042	61997.328431192334	0.2256661468059593	207.5826614704538	-0.0052574949062034	43090.56134315702	2.76412526887549e-05	183.3524465411045	0.0267861707285987	33618.11965260859	0.0007174989423016
0.0335300092162214	0.0022377383994297	5.007473144282198e-06	0.0011242615180398	-0.0978541716825418	0.0878158828655272	0.007711629283452	0.0095754389156763	0.3151022043090563	-0.0395133246892669	0.0015613028279994	0.0992893991604262	-0.0020000646806086	-0.0001160329009846	4.000258726617981e-06	1.3463634110902022e-08	0.000295056685776	0.0001495072021682	8.705844782111718e-08	2.2352403500192923e-08	0.0004432952408981	-3.484189560140004e-05	1.965106706029045e-07	1.2139576890988592e-09	249.21407000232367	0.2214427396026224	62107.65268712308	0.0490368869227148	207.4073615703177	-0.175299900136082	43017.8136335605	0.0307300549877203	183.09068939637865	-0.2617571447258626	33522.2005436412	0.0685168028150362
0.0322497474761718	-0.0012802617400496	1.6390701230348366e-06	0.0010400462122768	-0.0888701646027101	0.0089840070798316	8.07123832104661e-05	0.0078979061565127	0.2506005726768734	-0.0645016316321828	0.0041604604832138	0.0628006470259769	-0.0017440515366958	0.0002560131439128	3.041715762650981e-06	6.55427298561161e-08	0.0002911941103709	-3.862575405099962e-06	8.47940099146999e-08	1.4919488760083137e-11	0.0003512542535755	-9.204098732259996e-05	1.2337955065488166e-07	8.471543347319009e-09	249.92180523092483	0.707735228601166	62460.90872988433	0.5008891538031447	207.2713985869225	-0.1359629833952169	42961.4326721789	0.018485932853728	183.2811904850191	0.1905010886404454	33591.99478560586	0.0362906647731948
0.0260547621503235	-0.0061949853258483	3.837784318747577e-05	0.0006788506307099	-0.1379782985948168	-0.0491081339921067	0.0024116088241867	0.0190380108831204	0.3350857870519945	0.084485214375121	0.0071377514480101	0.1122824846842546	-0.0016730146798647	7.103685683110001e-05	2.798978119042784e-06	5.0462350284422e-09	5.516035615005244e-05	-0.0002360337542208	3.042664890600628e-09	5.5711933131587486e-08	0.0004060459592729	5.479170569739998e-05	1.6487332104184957e-07	3.002131013230493e-09	249.6153164590948	-0.3064887718300326	62307.80621097404	0.0939353672578818	208.34160711004373	1.070208523121238	43406.22525319582	1.1453462829613412	183.275747525024	-0.0054429599950935	33589.99963085634	2.96258135081892e-05
0.0375137269833345	0.011458964833011	0.0001313078750441	0.0014072797121801	-0.1880641474651838	-0.0500858488703669	0.0025085922570652	0.0353681235618063	0.3629093864141168	0.0278235993621223	0.0007741526814638	0.1317032227474707	-0.001910034473846	-0.0002370197939813	3.6482316912801663e-06	5.617838273893798e-08	0.0001480538818137	9.289352566364756e-05	2.191995192010505e-08	8.62920711022275e-09	0.0004671420369672	6.109607769430001e-05	2.1822168270186489e-07	3.732730709627943e-09	248.9957829486092	-0.6195335104856099	61998.8999261909	0.3838217706146233	207.7277002983905	-0.6139068116532371	43150.79747125794	0.3768815733942431	183.19002401965787	-0.0857235053661327	33558.58490032283	0.0073485193722573
0.0306232121144631	-0.0068905148688714	4.747919515813788e-05	0.0009377811202073	-0.0881124004584705	0.0999517470067132	0.009990351729694	0.0077637951145538	0.3063771373505375	-0.0565322490635792	0.0031958951841865	0.0938669502911101	-0.0018890322710928	2.100220275320008e-05	3.568442921230022e-06	4.41092520486525e-10	0.0001551400823225	7.0862005088e-06	2.406844514303208e-08	5.0214237650917365e-11	0.0003811470327075	-8.599500425970002e-05	1.4527306054173208e-07	7.395140757625825e-09	248.81403360941167	-0.1817493391974665	61908.423320985465	0.0330328222987157	206.9619683935287	-0.7657319048617808	42833.256361323976	0.5863453501232513	183.1079934674433	-0.0820305522145758	33528.53727167325	0.0067290114966282
0.0202797998929185	-0.0103434122215445	0.0001069861763847	0.0004112702836968	-0.0556899385944262	0.0324224618640443	0.0010512160333254	0.0031013692606509	0.2547788137301836	-0.0515983236203539	0.0026623870004307	0.0649122439257595	-0.0016735523209034	0.0002154799501894	2.8007773708011566e-06	4.643160893362631e-08	0.0001780232422969	2.2883159974399983e-05	3.169227479790076e-08	5.236390104139815e-10	0.0005701492381806	0.000189002205473	3.250701537979185e-07	3.5721833673695903e-08	249.1425630980183	0.3285294886065628	62072.01674705002	0.1079316248840897	206.5625474868937	-0.3994209066350151	42668.08602427521	0.1595370606571375	183.0362653251009	-0.0717281423423799	33502.274424160736	0.0051449264038887
0.0202415361592471	-3.82637336714016e-05	1.464113314475952e-09	0.0004097197860861	-0.0904590635299911	-0.0347691249355649	0.0012088920487849	0.0081828421747229	0.3301782875575298	0.0753994738273462	0.0056850806534406	0.1090177015744228	-0.0016085313722265	6.502094867690011e-05	2.5873731754368668e-06	4.227723766844078e-09	0.0001667143944186	-1.130884787829998e-05	2.779368930636053e-08	1.2789004033452994e-10	0.0003556337783787	-0.0002145154598018	1.2647538432391029e-07	4.6016882494020574e-08	248.98717557455	-0.1553875234682777	61994.613600591794	0.0241452824496045	206.97021222216017	0.4076647352664793	42836.66874728602	0.1661905363798886	183.01916533847736	-0.017099986623549	33496.01488119292	0.0002924095425255
0.0281226765273743	0.0078811403681272	6.211237350212414e-05	0.0007908849350633	-0.1656067272162857	-0.0751476636862946	0.0056471713575084	0.0274255880992892	0.382396959614411	0.0522186720568811	0.0027267897113841	0.1462274347223454	-0.0019230369921215	-0.000314505619895	3.6980712730677056e-06	9.891378494553821e-08	0.0001460527576377	-2.0661636780900007e-05	2.1331408013576736e-08	4.2690323446584004e-10	0.0004651407955996	0.0001095070172209	2.163559597310289e-07	1.1991786820618492e-08	248.62645716092567	-0.3607184136243404	61815.11520039361	0.1301177739276607	206.81943769049136	-0.1507745316688158	42774.27980661103	0.0227329593999507	183.046996426137	0.0278310876596492	33506.20290063022	0.000774569440319
0.0238345516087576	-0.0042881249186167	1.8388015317661487e-05	0.0005680858503905	-0.0841398334751915	0.0814668937410942	0.0066368547758227	0.0070795115772329	0.3636872446355141	-0.0187097149788968	0.0003500534345915	0.1322684119105723	-0.001864024919563	5.90120725585e-05	3.474588900751848e-06	3.482424707649669e-09	7.090420904098949e-05	-7.514854859671052e-05	5.0274068597283355e-09	5.6473043561921635e-09	0.0006390666312024	0.0001739258356028	4.084061591163844e-07	3.0250196290132216e-08	248.13629374003887	-0.4901634208867449	61571.62027104288	0.2402601791753962	204.6015753735888	-2.2178623169025684	41861.804645354336	4.918913256736428	182.78761687549363	-0.2593795506433878	33411.31288302224	0.0672777512919657
0.0201905831021633	-0.0036439685065942	1.3278506477051083e-05	0.0004076596460053	-0.0553942648546552	0.0287455686205362	0.0008263077153179	0.0030685245787876	0.289852501594936	-0.0738347430405781	0.0054515692798682	0.0840144726808423	-0.0016735352986012	0.0001904896209617	2.800720395664208e-06	3.628629569417017e-08	0.0001079127818008	3.700857275981051e-05	1.1645168475987073e-08	1.3696344577181883e-09	0.0007025906894785	6.352405827610001e-05	4.936336769418741e-07	4.0353059798653496e-09	249.02549664971863	0.8892029096797103	62013.69798163902	0.790681814582863	206.3158837480748	1.7143083744860237	42566.24388674912	2.938853202832912	183.15464497931387	0.3670281038202461	33545.6239774985	0.1347096289938853
0.0203567520154734	0.00016616891331	2.7612107750659183e-08	0.0004143973526194	-0.0763759603617728	-0.0209816955071176	0.0004402315463533	0.005833287321183	0.2696483730470191	-0.0202041285479168	0.0004082068103807	0.0727102450869043	-0.0016735380742658	-2.775664599856051e-09	2.800729686017282e-06	7.70431397089405e-18	0.0001967148712931	8.88020894923e-05	3.86967405878609e-08	7.885811098198458e-09	0.000341664197571	-0.0003609264919075	1.1673442390183533e-07	1.3026793256065466e-07	248.7342236176084	-0.2912730321102401	61868.71399865441	0.0848399792346929	206.73108320439115	0.4151994563163441	42737.7407628609	0.1723905885253877	183.0564514831908	-0.0981934961230592	33509.66442961779	0.0096419626808692
0.0202010780537875	-0.0001556739616858	2.4234382346982934e-08	0.0004080835545352	-0.1511304938475319	-0.0747545334857591	0.0055882402766734	0.0228404261705988	0.3685268249853664	0.0988784519383472	0.009776948257724	0.1358120207337948	-0.0016730157331099	5.2234115589995e-07	2.798981643233256e-06	2.72840283146896e-13	8.01303012012422e-05	-0.0001165845700918	6.4208651706017985e-09	1.3591961983503302e-08	0.0004420671106133	0.0001004029130423	1.9542333028599164e-07	1.0080744947379656e-08	248.89752312303028	0.1632995054218895	61949.9770167794	0.0266667284710337	207.05094980610176	0.3198666017106006	42870.09581560887	0.102314642889888	183.14636351459328	0.0899120314024628	33542.59046861954	0.0080841733909174
0.0203194936281647	0.0001184155743771	1.4022248255081894e-08	0.000412881821305	-0.1257808297698659	0.025349664077666	0.0006426054688505	0.0158208171375959	0.3458979938635167	-0.0226288311218496	0.0005120639979411	0.1196454221588054	-0.0018229883569765	-0.0001499726238666	3.323286549671879e-06	2.249178790943269e-08	-7.09320097806998e-05	-0.0001510623109819	5.0313500115292934e-09	2.2819821799204955e-08	0.0004739356548381	3.186854422479999e-05	2.246150049268187e-07	1.0156041110080327e-09	247.9958420512088	-0.9016810718214856	61501.9376746881	0.813028755281143	205.38026967200827	-1.6706801340934874	42181.05517054684	2.791172110454633	182.82297249635064	-0.3233910182426314	33424.239272401384	0.1045817506800059
0.0202848009457028	-3.4692682461898855e-05	1.2035822164021443e-09	0.0004114731494067	-0.0657270417097919	0.060053788060074	0.0036064574603642	0.0043200440119207	0.2779859584381654	-0.0679120354253512	0.0046120445556141	0.0772761930887854	-0.0016730145715659	0.0001499737854105	2.798977756671832e-06	2.2492136310384683e-08	6.865888167695289e-05	0.0001395908914576	4.714042033129817e-09	1.9485616977942174e-08	0.0004080571722284	-6.587848260969999e-05	1.665106558070381e-07	4.3399744709565435e-09	248.87723145029685	0.8813893990880501	61939.87633436463	0.7768472728247942	204.9772683311016	-0.4030013409066555	42015.68053248043	0.1624100807725624	183.2920822220287	0.4691097256780665	33595.987405286935	0.2200639347257508
0.0201847906888872	-0.0001000102568156	1.0002051468322489e-08	0.0004074257751541	-0.0566775755520865	0.0090494661577054	8.18928377394554e-05	0.0032123475704624	0.2776912313819508	-0.0002947270562146	8.68640376649468e-08	0.0771124199864241	-0.0016729998906358	1.4680930100069434e-08	2.7989286340673987e-06	2.155297086031247e-16	-1.0553612750374697e-06	-6.971424295199036e-05	1.1137874208487137e-12	4.860075670369137e-09	0.0006639995884573	0.0002559424162289	4.408954534714638e-07	6.550652042508748e-08	248.64750175513905	-0.2297296951578005	61825.580129071874	0.0527757328372959	207.0462905031569	2.0690221720552984	42868.16641111764	4.280852748456424	183.04511538935805	-0.2469668326706653	33505.5142679034	0.0609926164393804
0.0202782629623925	9.347227350530243e-05	8.737065914250064e-09	0.0004112079487719	-0.1608679404014736	-0.1041903648493871	0.0108556321274483	0.025878494249012	0.3734351714095965	0.0957439400276456	0.0091669020520174	0.1394538272457147	-0.001673010045019	-1.0154383199957942e-08	2.798962610734476e-06	1.0311149817158807e-16	6.77507761057683e-05	6.880613738080577e-05	4.590167662933944e-09	4.734284541266316e-09	0.0002980564290821	-0.0003659431593752	8.88376349171729e-08	1.3391439589350305e-07	248.7081143876552	0.060612632516154	61855.72616226298	0.0036738912205383	205.9103734158455	-1.1359170873114124	42399.08188025293	1.290307629246043	183.10080971388984	0.0556943245317995	33525.9065178821	0.0031018577850534
0.0202177519254149	-6.051103697760074e-05	3.6615855961045644e-09	0.0004087574929176	-0.1276673598400464	0.0332005805614271	0.0011022785496158	0.0162989547685278	0.3679732395721373	-0.0054619318374591	2.9832699397050303e-05	0.1354043050412135	-0.0016730289551173	-1.891009829995717e-08	2.7990258846608844e-06	3.5759181771404313e-16	0.0002057810712312	0.0001380302951254	4.234584927706021e-08	1.905236237241377e-08	0.0002611721990849	-3.688422999719999e-05	6.821091757484263e-08	1.3604464224863475e-09	248.0035265024237	-0.70458788523149	61505.749157638376	0.4964440880149833	205.6944922264586	-0.2158811893868915	42310.22413230064	0.0466046879310989	182.9061894606928	-0.1946202531970584	33454.67414303085	0.0378770429544871
0.0202483321048703	3.058017945540073e-05	9.35147375524513e-10	0.0004099949530291	-0.076902717070709	0.0507646427693374	0.0025770489554984	0.0059140278928575	0.3113515898475043	-0.056621649724633	0.003206011217539	0.0969398125005685	-0.0016190392726119	5.3989682505400016e-05	2.62128816625967e-06	2.9148858170338966e-09	0.0003238130370744	0.0001180319658432	1.0485488297934676e-07	1.393154496081034e-08	0.0002312616440962	-2.991055498869998e-05	5.34819480300775e-08	8.94641299732045e-10	249.1208758999774	1.1173493975536817	62061.210809171935	1.248469676213575	206.4235236715763	0.7290314451176982	42610.67112498982	0.5314868479703995	183.1825925342996	0.276403073606815	33555.86220758723	0.0763986590992944
0.0230800627802807	0.0028317306754103	8.018698618060234e-06	0.0005326892979416	-0.0488536847481668	0.0280490323225422	0.000786748214231	0.0023866825134732	0.2658091548652663	-0.0455424349822379	0.0020741133841113	0.0706545068101871	-0.0016735416581414	-5.4502385529500144e-05	2.8007416815346667e-06	2.9705100284062672e-09	0.0002442294294506	-7.95836076238e-05	5.964801420976561e-08	6.333550602418958e-09	0.0003237043257626	9.24426816664e-05	1.0478449051741948e-07	8.545649393675369e-09	249.71887863103728	0.5980027310598928	62359.51834474273	0.3576072663550904	206.42817515921087	0.0046514876345611	42612.59149956184	2.163633721447515e-05	183.2475117218049	0.0649191875052963	33579.650552233026	0.0042145009063478
0.0202687922705422	-0.0028112705097384	7.90324187892536e-06	0.0004108239401063	-0.152472148034235	-0.1036184632860682	0.0107367859337662	0.0232477559261736	0.3659239160809733	0.100114761215707	0.010022965413278	0.1339003123600352	-0.0018845175439214	-0.0002109758857799	3.5514063733475454e-06	4.451082438065555e-08	8.168403382202705e-05	-0.0001625453956285	6.672281381438057e-09	2.642100564004932e-08	0.0003350767829928	1.137245723019999e-05	1.12276450500804e-07	1.29332783452728e-10	249.78707927036547	0.0682006393281824	62393.58497041984	0.0046513272047728	207.48416487511167	1.0559897159008074	43049.67867392253	1.115114280088268	183.2673505600328	0.0198388382279119	33586.92178129396	0.0003935795022332
0.0202668822798557	-1.909990686499441e-06	3.648064422514606e-12	0.0004107465173455	-0.1219517543489701	0.0305203936852649	0.0009314944307035	0.0148722303887915	0.3517998533760789	-0.0141240627048944	0.0001994891472917	0.1237631368354306	-0.001765048599554	0.0001194689443674	3.1153965587875364e-06	1.4272828668260916e-08	0.0002912015756257	0.0002095175418036	8.479835764689027e-08	4.389760032345384e-08	0.0003387572193908	3.6804363979999768e-06	1.147564536893866e-07	1.3545612079723043e-11	249.17141883964248	-0.6156604307229827	62086.39596656054	0.3790377659580086	207.009748795692	-0.474416079419683	42853.0360964555	0.2250706164119429	183.1738215907552	-0.0935289692775995	33552.64891616182	0.0087476680941301
0.0203343832694287	6.750098957299805e-05	4.5563835933339916e-09	0.000413487142948	-0.0852025840117249	0.0367491703372452	0.0013505015204758	0.007259480322275	0.2996466788232226	-0.0521531745528562	0.0027199536159406	0.0897881321297875	-0.0016120274356089	0.0001530211639451	2.598632453155806e-06	2.3415476615113197e-08	0.0003183434222895	2.71418466638e-05	1.0134253451499092e-07	7.36679840321231e-10	0.0001947576239889	-0.0001439995954018	3.793053210180176e-08	2.073588347591089e-08	250.05616880831803	0.8847499686755498	62528.08755909405	0.7827825070713863	207.222554612667	0.2128058169750204	42941.18714019976	0.0452863157384058	183.44158992668	0.2677683359247851	33650.816914828225	0.0716998817239285
0.0203486047398939	1.422147046519981e-05	2.0225022219255047e-10	0.0004140657148604	-0.081030206095491	0.0041723779162338	1.7408737475876336e-05	0.0065658942998777	0.2709475088203987	-0.0286991700028239	0.0008236423588509	0.07341255253598	-0.0017690254078012	-0.0001569979721923	3.1294508934462016e-06	2.464836327249422e-08	0.0001787786971179	-0.0001395647251716	3.196182254317382e-08	1.947831251222424e-08	0.0002501581590278	5.5400535038899976e-05	6.257910452817806e-08	3.0692192825963843e-09	250.3112840379348	0.2551152296167629	62655.73891671968	0.0650837803824136	208.6839279580624	1.4613733453954012	43548.98178800578	2.1356120546321464	183.29790704988545	-0.1436828767945428	33598.122728868446	0.0206447690839557
0.0202992467209242	-4.935801896970016e-05	2.4362140366132806e-09	0.0004120594174369	-0.1761794651013133	-0.0951492590058223	0.009053381489357	0.0310392039233848	0.36390030589898	0.0929527970785812	0.0086402224847319	0.1324234326333712	-0.0018470215529414	-7.799614514020009e-05	3.411488617030061e-06	6.083398656731158e-09	0.0001201827002856	-5.859599683229999e-05	1.4443881447938358e-08	3.43349084477091e-09	0.0003431117784834	9.29536194556e-05	1.1772569253404177e-07	8.640375369896498e-09	250.11573117115583	-0.1955528667789678	62557.87897928189	0.0382409237054727	209.0219513710509	0.3380234129884911	43690.17615496197	0.114259827728388	183.2764337374561	-0.0214733124293502	33590.25116352014	0.0004611031466884
0.0280148638369581	0.0077156171160339	5.953074748123531e-05	0.0007848325958033	-0.1676024080728808	0.0085770570284325	7.356590726898344e-05	0.0280905671918284	0.3571417141765778	-0.0067585917224021	4.5678562070123184e-05	0.1275502040049844	-0.0019685252719031	-0.0001215037189616	3.875091746121173e-06	1.4763153721523745e-08	0.0001166318996927	-3.5508005929000034e-06	1.3603000025928034e-08	1.2608184850539016e-11	0.0003741141376769	3.10023591935e-05	1.399613880097305e-07	9.61146275562794e-10	249.3742942819752	-0.7414368891806191	62187.53864863318	0.5497286606378337	208.37198117032963	-0.6499702007212704	43418.88253684821	0.4224612618256486	183.27811007587047	0.00167633841437	33590.865632982895	2.8101104794928385e-06
0.0203779465939675	-0.0076369172429906	5.8322504976287146e-05	0.0004152607073865	-0.10750233997787	0.0601000680950108	0.0036120181850249	0.0115567531007175	0.3231629089773804	-0.0339788051991973	0.001154559202765	0.1044342657387226	-0.0018150180740436	0.0001535071978594	3.2942906091049394e-06	2.356445979467564e-08	0.0001607630346232	4.41311349305e-05	2.58447533012602e-08	1.9475570702539976e-09	0.0002616461017169	-0.0001124680359599	6.845868254365039e-08	1.2649059112699845e-08	249.8533753703093	0.4790810883340839	62426.70918393668	0.2295186891993703	207.9386009500382	-0.4333802202914398	43238.461765059226	0.1878184153398569	183.4132564546562	0.1351463787857199	33640.422643301485	0.0182645436988932
0.0204230584916018	4.511189763429721e-05	2.0350833081673102e-09	0.0004171013181513	-0.0924015368303941	0.0151008031474759	0.0002280342556988	0.0085380440086186	0.2609270898139897	-0.0622358191633907	0.0038732971869382	0.0680829461987978	-0.00167354967835	0.0001414683956936	2.8007685259053884e-06	2.0013306980121017e-08	0.0002937120910824	0.0001329490564592	8.626679244799603e-08	1.7675451613391547e-08	0.0003447461591274	8.310005741049998e-05	1.188499142330946e-07	6.905619541628392e-09	250.4737962159472	0.6204208456379092	62737.12259082785	0.3849220257020584	208.17960947726635	0.2410085272281605	43338.74980210713	0.058085110196687	183.54149622658545	0.1282397719292589	33687.48083709368	0.0164454391044683
0.0251672990196993	0.0047442405280975	2.250781818844285e-05	0.0006333929399469	-0.1802211740340595	-0.0878196372036654	0.0077122886785834	0.0324796715702147	0.3374767833736172	0.0765496935596274	0.0058598555840728	0.1138905793162033	-0.0021870690365779	-0.0005135193582278	4.783270970757783e-06	2.637021312747941e-07	0.0003080071593961	1.4295068313700018e-05	9.486841023925457e-08	2.0434897809335027e-10	0.0004508373989774	0.00010609123985	2.0325436031670735e-07	1.1255351172910229e-08	250.0850916642942	-0.3887045516530065	62542.55307273843	0.1510912284757648	208.2868472525414	0.1072377752750526	43383.41073840352	0.0114999404459426	183.5797474824492	0.0382512558637415	33701.52368571981	0.0014631585751534
0.0272677424431577	0.0021004434234584	4.411862575149647e-06	0.0007435297779463	-0.1544814377294159	0.0257397363046436	0.0006625340250325	0.0238645146029474	0.3435863557013761	0.0061095723277588	3.7326874028117095e-05	0.1180515838241525	-0.0020790524293954	0.0001080166071824	4.3224590041749145e-06	1.1667587427218482e-08	0.0002390809717902	-6.89261876059e-05	5.7159711072146416e-08	4.750819337883722e-09	0.000403248871874	-4.758852710339998e-05	1.626096526676537e-07	2.2646679118710348e-09	249.93366728029093	-0.1514243840032634	62466.83804017517	0.0229293440707677	208.30160895814288	0.0147617056014723	43389.56029455107	0.0002179079522645	183.53020823156007	-0.0495392508891257	33683.3373335198	0.0024541373786557
0.0261297060624485	-0.0011380363807091	1.2951268038176924e-06	0.0006827615389099	-0.1090092771370763	0.0454721605923395	0.0020677173889355	0.0118830225019479	0.2878821886114053	-0.0557041670899707	0.0031029542311873	0.0828761545196927	-0.0020020583427987	7.69940865966998e-05	4.008237607969878e-06	5.9280893708601084e-09	0.0004012200128769	0.0001621390410867	1.609774987329398e-07	2.6289068644514586e-08	0.0002799017713895	-0.0001233471004845	7.834500162697992e-08	1.521450719793334e-08	250.62347496565127	0.6898076853603357	62812.12620385843	0.4758346427821838	208.5466641973942	0.2450552392513145	43491.7111478607	0.060052070284519	183.51428219179311	-0.0159260397669527	33677.49176836907	0.0002536387426585
0.0241406875505987	-0.0019890185118498	3.956194640481196e-06	0.0005827727954156	-0.1007787526052794	0.0082305245317969	6.77415340685106e-05	0.0101563569766761	0.2480807121948203	-0.0398014764165849	0.0015841575249399	0.0615440397630892	-0.0020915821154591	-8.952377266039984e-05	4.374715745708364e-06	8.014505871350954e-09	0.0004546352276688	5.34152147919e-05	2.066931902374616e-07	2.853185171264812e-09	0.0003489753561442	6.907358475470002e-05	1.2178379919597125e-07	4.771160110864727e-09	251.06643582599537	0.4429608603441011	63034.35519836865	0.1962143237967862	209.78053987381307	1.233875676418876	44007.87490974848	1.5224491848581383	183.64470035068948	0.1304181588963615	33725.37596689453	0.0170088961699166
0.0248379159379794	0.0006972283873807	4.861274241694937e-07	0.0006169220681421	-0.1900514946778742	-0.0892727420725948	0.00796962247716	0.036119570629294	0.3539720027491597	0.1058912905543393	0.0112129654152635	0.1252961787302511	-0.0022000875964196	-0.0001085054809605	4.840385431919373e-06	1.1773439398469476e-08	0.0004180361104013	-3.659911726749997e-05	1.747541895994479e-07	1.339495384760214e-09	0.0004219606270499	7.298527090569997e-05	1.780507707803448e-07	5.326849769178414e-09	250.3657560018528	-0.7006798241425827	62683.01177837929	0.4909522159604806	210.307042547997	0.5265026741839449	44229.05214528503	0.2772050659228453	183.4323689749186	-0.2123313757708729	33647.43398775068	0.0450846131367516
0.0228019516161737	-0.0020359643218057	4.1451507196657495e-06	0.0005199289975063	-0.162244856863424	0.0278066378144501	0.000773209106544	0.0263233935786329	0.3224376229655661	-0.0315343797835935	0.0009944171083359	0.1039660207036845	-0.0020900320218394	0.0001100555745802	4.36823385231409e-06	1.2112229496178014e-08	0.0004418513402666	2.3815229865299973e-05	1.952326068953908e-07	5.671651735370758e-10	0.0001429615516356	-0.0002789990754142	2.0438005246058332e-08	7.784048408203425e-08	249.76681986245904	-0.5989361393937429	62383.46430420606	0.358724499071881	209.4811766561041	-0.8258658918929029	43882.3633732259	0.68205447139206	183.3358904835821	-0.0964784913365122	33612.048739408005	0.0093080992905694
0.0204593678271294	-0.0023425837890443	5.487698808693153e-06	0.0004185857318857	-0.123396125273274	0.0388487315901499	0.0015092239461635	0.0152266037324575	0.3121782376663731	-0.010259385299193	0.0001052549867172	0.0974552520724825	-0.0022629732273554	-0.0001729412055159	5.121047827727314e-06	2.99086605653273e-08	0.0004561474599527	1.429611968610002e-05	2.0807050522130005e-07	2.0437903807929648e-10	-0.0001299839312359	-0.0002729454828714	1.6895822379539176e-08	7.44992366199563e-08	249.9614962079961	0.1946763455370614	62480.74958654005	0.0378988795116653	208.6028946835944	-0.8782819725097113	43515.16767037478	0.7713792232355493	183.3140161667747	-0.0218743168073842	33604.02852319254	0.0004784857357898
0.0227470174844768	0.0022876496573474	5.233340954761683e-06	0.000517426804439	-0.1323889748866946	-0.0089928496134206	8.087134416959909e-05	0.0175268406715498	0.2742718653746436	-0.0379063722917294	0.0014368930603191	0.0752250561360866	-0.0020389947145877	0.0002239785127676	4.157499446116576e-06	5.016637418163073e-08	0.0001615683701952	-0.0002945790897575	2.610433824753319e-08	8.677684012235728e-08	-6.683563348407738e-05	6.314829775182261e-05	4.467001903217925e-09	3.987707508952845e-09	250.57750507809573	0.6160088700996198	62789.08605116309	0.3794669280414102	208.981285451638	0.3783907680436016	43673.177669019	0.1431795733406267	183.57127097454568	0.2572548077709768	33698.411527210075	0.0661800361212822
0.0202700976073089	-0.0024769198771679	6.135132077909454e-06	0.0004108768570098	-0.1891083468569974	-0.0567193719703028	0.0032170871567055	0.0357619668509864	0.3659254323723075	0.0916535669976639	0.0084003763433952	0.1339014220568602	-0.0023710043149232	-0.0003320096003354	5.621661461384432e-06	1.102303747149384e-07	4.331854112749056e-05	-0.0001182498290677	1.8764960054140913e-09	1.39830220745425e-08	0.000153052347023	0.000219887980507	2.3425020929248817e-08	4.835072397148084e-08	250.3769850040061	-0.2005200740896384	62688.63461969629	0.0402083001129141	209.459187972292	0.4779025206539984	43873.15142601195	0.2283908192474453	183.5594809437277	-0.0117900308179628	33694.08304433074	0.0001390048266885
0.0252408738252114	0.0049707762179025	2.470861620846509e-05	0.0006371017114602	-0.1651718603275469	0.0239364865294504	0.0005729553873745	0.0272817434440626	0.3609789844255147	-0.0049464479467928	2.4467347290331016e-05	0.1303058271968759	-0.0022810087146743	8.99956002488999e-05	5.203000756420102e-06	8.099208064159791e-09	0.0001234201370883	8.010159596080944e-05	1.5232530238894764e-08	6.416265675468763e-09	7.01408332944571e-05	-8.291151372854291e-05	4.91973649524082e-09	6.874319108758359e-09	249.86763679696497	-0.5093482070411142	62433.8359185	0.2594355960159977	209.1123573982969	-0.3468305739951063	43727.978016673056	0.1202914470577749	183.46810736875423	-0.0913735749734883	33660.54642147273	0.0083491302034356
0.0203717189728394	-0.004869154852372	2.37086689763778e-05	0.0004150069339083	-0.1345091411616152	0.0306627191659317	0.0009402023466487	0.0180927090560353	0.3253180896328445	-0.0356608947926702	0.0012716994174138	0.1058318594423634	-0.002265002039551	1.600667512329998e-05	5.13023423917019e-06	2.5621364850287036e-10	0.0001639647434288	4.05446063405e-05	2.6884437087672213e-08	1.643865103306112e-09	3.1686099369845856e-05	-3.845473392461124e-05	1.004008893275746e-09	1.478766561212646e-09	250.2471153168468	0.3794785198818147	62623.61872440321	0.1440039470516928	209.26136864601293	0.1490112477160323	43790.32040760252	0.0222043519458887	183.46893720585723	0.0008298371029979	33660.850919446784	6.886296175121115e-07
0.0204049899579956	3.327098515620158e-05	1.106958453264186e-09	0.0004163636151859	-0.1068327246116211	0.027676416549994	0.0007659840330487	0.0114132310479424	0.271233616294225	-0.0540844733386194	0.0029251302563158	0.0735676746080428	-0.0022345100988092	3.049194074180011e-05	4.9930353816803e-06	9.297584502014491e-10	0.0001048993307657	-5.90654126631e-05	1.1003869595091734e-08	3.488722973062293e-09	9.011706290676316e-05	5.843096353691731e-05	8.12108502694151e-09	3.4141774998525604e-09	250.49463419813472	0.2475188812879309	62747.561762057325	0.0612655965940288	210.71473770040143	1.453369054388503	44400.70068414898	2.112281608254132	183.47274801974325	0.0038108138860195	33662.2492659162	1.4522302473879496e-05
0.0265061347363797	0.006101144778384	3.7223967606803566e-05	0.0007025751786631	-0.1620291045845618	-0.0551963799729406	0.0030466403621172	0.0262534307324748	0.3532263942242508	0.0819927779300258	0.0067228156326825	0.1247688855766658	-0.0023170276768355	-8.251757802630027e-05	5.368617255221714e-06	6.8091506833265535e-09	0.0002006696002407	9.5770269475e-05	4.0268288460762345e-08	9.171944515314116e-09	0.0002852327883883	0.0001951157254815	8.135774357176476e-08	3.8070146330186456e-08	249.92104928339256	-0.5735849147421561	62460.530874911936	0.3289996544197665	210.62683134687708	-0.087906353524346	44363.662083225805	0.0077275269899473	183.3884515486144	-0.0842964711288516	33631.324161398494	0.0071058950447773
0.0202979391470279	-0.0062081955893518	3.854169247564714e-05	0.0004120063336164	-0.1937907612829548	-0.031761656698393	0.0010088028362265	0.0375548591586271	0.3834103837621114	0.0301839895378606	0.0009110732244216	0.1470035223766095	-0.0024550533243906	-0.000138025647555	6.0272868256013365e-06	1.9051079383004623e-08	0.0003296497455964	0.0001289801453557	1.0866895477177125e-07	1.66358778959775e-08	0.0002854041947982	1.714064098999645e-07	8.145555440840888e-08	2.938015735479464e-14	249.4567448582534	-0.4643044251391757	62228.66755527573	0.2155785992038204	209.00134666118217	-1.6254846856949143	43681.562906187646	2.6422004634286944	183.35368024617776	-0.0347713024366385	33618.5720598176	0.0012090434731401
0.0254834291957593	0.0051854900487313	2.688930704549236e-05	0.0006494051635752	-0.1392645134965846	0.0545262477863701	0.0029731116976606	0.0193946047194404	0.3475434016577452	-0.0358669821043661	0.0012864404052749	0.1207864160358368	-0.0021210330022487	0.0003340203221418	4.4987809966281335e-06	1.115695756037786e-07	0.0002141970723716	-0.0001154526732248	4.588038581256444e-08	1.3329319754752454e-08	0.0002852275587538	-1.766360443999893e-07	8.135476027265243e-08	3.120029218127499e-14	249.44050324129967	-0.0162416169537209	62220.56465727283	0.0002637901212713	209.30797317180227	0.3066265106201058	43809.8276332879	0.0940198170150618	183.3711428058216	0.0174625596438318	33624.976013913016	0.0003049409893143
0.0204437963902961	-0.0050396328054631	2.5397898813900868e-05	0.0004179488108478	-0.0744183732830805	0.0648461402135041	0.0042050219005894	0.0055380942820999	0.2614720485395025	-0.0860713531182427	0.0074082778276052	0.0683676321674439	-0.0016850307873984	0.0004360022148502	2.839328754480472e-06	1.9009793135436706e-07	0.00023675963683	2.25625644584e-05	5.6055125631873494e-08	5.09069314939455e-10	0.0002851996811039	-2.787764990001221e-08	8.133885810176624e-08	7.7716336394765095e-16	250.6707449204056	1.2302416791059445	62835.82235895105	1.5134945890094131	209.7805899254819	0.4726167536796311	44007.8959094832	0.223366595858673	183.8080970270709	0.4369542212492945	33785.416532713105	0.1909289914675774
0.0205233266081137	7.953021781759856e-05	6.325055546114671e-09	0.0004212069350633	-0.0738394594264946	0.0005789138565858	3.3514125334715975e-07	0.0054522657683969	0.2805548766128396	0.0190828280733371	0.0003641543272765	0.0787110387912456	-0.0019050116158521	-0.0002199808284537	3.629069256531429e-06	4.83915648871762e-08	4.295011316490793e-05	-0.000193809523665	1.844712220878397e-09	3.7562131463289886e-08	0.0005775412280226	0.0002923415469187	3.335538700658529e-07	8.54635800548185e-08	250.6838531644008	0.013108243995191	62842.39423735086	0.0001718260606374	209.8042148508924	0.0236249254105018	44017.80856919942	0.0005581371006517	183.6155833937656	-0.1925136333052819	33714.68246503289	0.0370614990084005
0.0204098324054768	-0.0001134942026368	1.2880934032185497e-08	0.0004165612588196	-0.1644956139886488	-0.0906561545621541	0.0082185383599971	0.0270588070215025	0.3323685008202375	0.0518136242073978	0.0026846516535054	0.1104688203374922	-0.0018070006982151	9.801091763700018e-05	3.2652515233498584e-06	9.606139976046831e-09	-6.909275068078813e-06	-4.9859388232986745e-05	4.7738081966375476e-11	2.485958594967697e-09	0.0004529941255516	-0.000124547102471	2.0520367778425881e-07	1.5511980733921786e-08	250.40448809556835	-0.2793650688324476	62702.40765840363	0.0780448416837581	211.548179650814	1.7439647999215993	44752.63231357308	3.041413223365584	183.816183406303	0.200600012537393	33788.38928205962	0.0402403650300022
0.0241560448610869	0.0037462124556101	1.403410776256826e-05	0.0005835145033308	-0.0909788613982414	0.0735167525904073	0.0054047129114391	0.0082771532213204	0.3096189435463401	-0.0227495572738973	0.0005175423561583	0.0958638902027517	-0.0016190282209796	0.0001879724772354	2.6212523803283687e-06	3.53336521980505e-08	0.0001236638422257	0.0001305731172937	1.5292745874022823e-08	1.7049338959814922e-08	0.0004155998834717	-3.739424207990002e-05	1.7272326314169064e-07	1.3983293407301652e-09	249.577396172796	-0.8270919227723539	62288.876680392765	0.6840810487152694	210.3264335997561	-1.22174605105792	44237.20867079261	1.492663413275622	183.56755809819904	-0.2486253081039535	33697.048386135684	0.0618145438297858
0.0204318223157145	-0.0037242225453724	1.3869833567460098e-05	0.0004174593631409	-0.0583773061359096	0.0326015552623318	0.0010628614055228	0.0034079098716857	0.2248991645331415	-0.0847197790131986	0.0071774409560452	0.050579634207705	-0.0014840408817902	0.0001349873391894	2.202377338824634e-06	1.8221581741434162e-08	0.0002697869581844	0.0001461231159586	7.27850028063912e-08	2.1351965017479683e-08	0.000287699715285	-0.0001279001681867	8.277112617507006e-08	1.6358453022186144e-08	250.3293372866142	0.7519411138181908	62664.77710635545	0.5654154386501414	209.92491056158187	-0.4015230381742185	44068.46807428815	0.1612207501846549	183.8495350682188	0.2819769700197696	33800.65154480022	0.07951101162153
0.0203035945703646	-0.0001282277453498	1.644235467751828e-08	0.0004122359524777	-0.0534799322573746	0.0048973738785349	2.3984270906156933e-05	0.0028601031542533	0.2591748525415767	0.0342756880084351	0.0011748227884515	0.067171604189948	-0.0017740683051938	-0.0002900274234036	3.1473183514932024e-06	8.411590632613116e-08	0.0001808594064973	-8.892755168709999e-05	3.27101249185556e-08	7.908109449061841e-09	0.000722161066076	0.0004344613507909	5.215166053560248e-07	1.887566653311403e-07	250.01948485952656	-0.3098524270876339	62509.74280942303	0.0960085265720975	211.08068350933968	1.1557729477578107	44555.05495077003	1.335811106768779	183.6053865432054	-0.2441485250134007	33710.93796767988	0.0596085022662191
0.0204205365034511	0.0001169419330864	1.367541571400728e-08	0.0004169983110887	-0.1764814230064502	-0.1230014907490756	0.0151293667264949	0.0311456926663816	0.3552299969234838	0.0960551443819071	0.009226590762229	0.1261883507142583	-0.0017880388566688	-1.3970551474999864e-05	3.1970829529574694e-06	1.9517630851562087e-10	0.000200184945075	1.932553857770001e-05	4.007401223468077e-08	3.7347644131817135e-10	0.0003526792380119	-0.000369481828064	1.2438264492465445e-07	1.365168212695891e-07	249.550851514138	-0.4686333453885538	62275.62749143136	0.2196172124100676	209.7310622560217	-1.3496212533179914	43987.11847503924	1.821477527407626	183.6875656132383	0.082179070032879	33741.121760917726	0.0067533995514688
0.0241818164009544	0.0037612798975033	1.4147226467362436e-05	0.0005847602444494	-0.1156574261626701	0.0608239968437801	0.0036995585920521	0.0133766402265734	0.321496265331092	-0.0337337315923917	0.0011379646471475	0.1033598486218399	-0.0017440624771002	4.39763795685999e-05	3.041753924028886e-06	1.9339219599615708e-09	0.0002691161438057	6.89311987307e-05	7.242349885685021e-08	4.7515101584512575e-09	0.0004402348971762	8.755565916429998e-05	1.9380676469173938e-07	7.665993451695066e-09	248.84022582515684	-0.7106256889811675	61921.457988715054	0.504988869839959	208.88889606556995	-0.842166190451735	43634.570899492486	0.709243892339988	183.36726861472783	-0.3202969985104573	33623.55519922575	0.1025901672548079
0.0206105974121015	-0.0035712189888529	1.2753605066343528e-05	0.0004247967256837	-0.0596403451908287	0.0560170809718413	0.0031379133606058	0.0035569707744812	0.2363984058262218	-0.0850978595048702	0.0072416456923106	0.055884206277179	-0.0014841009465201	0.0002599615305801	2.202555619461857e-06	6.757999738154827e-08	0.0004521730950843	0.0001830569512786	2.0446050791811545e-07	3.350984741141574e-08	0.0004408354253713	6.005281951000315e-07	1.943358722622951e-07	3.6063411311010164e-13	249.8387322603448	0.9985064351879772	62419.39213745626	0.997015101111802	207.83103739758755	-1.0578586679824014	43193.74010575743	1.1190649614255004	183.62441714441985	0.2571485296920173	33717.92657162791	0.0661253663227663
0.0203805737641147	-0.0002300236479867	5.2910878633154816e-08	0.0004153677869545	-0.0523651231546722	0.0072752220361564	5.292885567537712e-05	0.0027421061230039	0.1920067775337628	-0.0443916282924589	0.0019706166624558	0.0368666026188998	-0.0015701118079785	-8.601086145839992e-05	2.465251089553514e-06	7.397868288816064e-09	0.00034199278679	-0.0001101803082943	1.169590662163904e-07	1.2139700335826994e-08	0.0006462687312802	0.0002054333059088	4.176632730305194e-07	4.220284317665968e-08	250.11415150137933	0.2754192410345126	62557.088781254926	0.0758557583320269	209.34393417074324	1.5128967731556884	43824.88277408448	2.2888566462248945	183.523660309784	-0.1007568346358596	33680.93389350099	0.0101519397258379
0.0204508829627911	7.030919867639929e-05	4.943383418517387e-09	0.0004182386139577	-0.1423749181915781	-0.0900097950369059	0.0081017632025858	0.0202706173300585	0.3240057371784672	0.1319989596447044	0.0174237253472843	0.1049797177245619	-0.0017520194295954	-0.0001819076216168	3.0695720816797906e-06	3.3090382802317234e-08	8.213109678956165e-05	-0.0002598616900004	6.7455170598563454e-09	6.752809792988394e-08	0.0004210726476541	-0.0002251960836261	1.7730217460243384e-07	5.071327608053343e-08	249.9228191161648	-0.1913323852145367	62461.41551497122	0.0366080816318838	208.86396802384803	-0.4799661468952081	43624.15713866701	0.2303675021654325	183.35335008577368	-0.1703102240103078	33618.45098767628	0.0290055724024412
0.025861990344282	0.0054111073814909	2.92800830940253e-05	0.0006688425445677	-0.1498510665713297	-0.0074761483797516	5.589279459606258e-05	0.022455342152565	0.3242781669239889	0.0002724297455217	7.421796624502824e-08	0.1051563295435824	-0.0017830369643928	-3.1017534797400095e-05	3.179220816391091e-06	9.620874649079258e-10	0.0001791592678328	9.702817104323834e-05	3.209804325038496e-08	9.414465975995914e-09	0.0003821597536227	-3.891289403139996e-05	1.4604607728896277e-07	1.5142133218989627e-09	249.21827636311048	-0.7045427530543122	62109.74927339971	0.4963804908813496	207.7583225229953	-1.105645500852745	43163.52057756893	1.2224519735559174	183.17818106522503	-0.1751690205486511	33554.24601836436	0.0306841857599737
0.0204539512114934	-0.0054080391327885	2.9246887261772863e-05	0.0004183641201621	-0.0852002969030678	0.0646507696682619	0.0041797220186986	0.0072590905923709	0.2809392387933087	-0.0433389281306802	0.0018782626915162	0.0789268558937637	-0.0017520504531849	3.0986511207900004e-05	3.0696807905054136e-06	9.601638768373126e-10	0.0003542648213168	0.000175105553484	1.2550356362262426e-07	3.0661954860938e-08	0.0002683106117876	-0.0001138491418351	7.199058439783618e-08	1.2961627096588728e-08	249.7577804475937	0.5395040844832124	62378.94889410841	0.2910646571740692	207.3931228373913	-0.3651996856039829	43011.90740024528	0.133370810365248	183.2150540967183	0.0368730314932577	33567.75604766341	0.0013596204515027
0.0245529968805868	0.0040990456690933	1.680217539731334e-05	0.0006028496558181	-0.0396480767577429	0.0455522201453248	0.0020750047601681	0.0015719699905878	0.1943962005661319	-0.0865430382271767	0.0074896974655905	0.0377898827945477	-0.0015890984654342	0.0001629519877506	2.5252339328453294e-06	2.655335031190427e-08	0.0005031968575521	0.0001489320362352	2.532070774503084e-07	2.2180751417192703e-08	0.0003819000611799	0.0001135894493923	1.4584765672921137e-07	1.2902563013245894e-08	250.6185732394327	0.8607927918390033	62809.669252568885	0.7409642304819856	207.65281238353	0.2596895461387021	43119.69049078952	0.067438660373725	183.40745136244544	0.192397265727152	33638.29321526779	0.0370167078592843
0.0284948018004769	0.0039418049198901	1.553782602646981e-05	0.0008119537296484	-0.1298681225611773	-0.0902200458034344	0.0081396566647738	0.0168657292575649	0.3277448844055612	0.1333486838394293	0.017781871481708	0.1074167092540146	-0.0016190259875313	-2.992752209710005e-05	2.6212451483017016e-06	8.956565788724114e-10	0.0001507253118533	-0.0003524715456988	2.271811963327454e-08	1.2423619052730125e-07	0.0003391222947622	-4.27777664177e-05	1.150039308047805e-07	1.829937299687302e-09	250.285582315696	-0.3329909237367019	62642.87271510704	0.110882955291022	208.8607650432181	1.2079526596880896	43622.81917443835	1.4591496280475296	183.5135423106024	0.1060909481569467	33677.220211385255	0.0112552892808399
0.0290229930741361	0.0005281912736592	2.789860215697282e-07	0.0008423341269813	-0.1764465232777752	-0.0465784007165979	0.0021695474133159	0.0311333755768144	0.3492713325923233	0.021526448186762	0.0004633879715373	0.1219904637708173	-0.0017060393729512	-8.701338541989992e-05	2.910570342059724e-06	7.571329242232053e-09	0.0002332232795529	8.249796769959998e-05	5.4393098125410144e-08	6.805914674564242e-09	0.0003241992238972	-1.4923070865000031e-05	1.0510513677554681e-07	2.226980440418128e-10	249.61572832547344	-0.6698539902225491	62308.01182745656	0.4487043682170709	207.6085745912917	-1.2521904519263956	43101.320243827926	1.5679809278956307	183.24882542761577	-0.2647168829866189	33580.1320206008	0.0700750281381512
0.0332784353095405	0.0042554422354043	1.810878861886359e-05	0.0011074542566512	-0.1098831305055796	0.0665633927721956	0.0044306852573455	0.0120743023697062	0.327456801338343	-0.0218145312539803	0.0004758737738308	0.107227956742739	-0.00170703998206	-1.0006091087999894e-06	2.913985500351405e-06	1.001218588613509e-12	0.0004048350410206	0.0001716117614677	1.638914104381509e-07	2.9450596674046764e-08	0.0001938455674549	-0.0001303536564423	3.7576104021912185e-08	1.699207574787718e-08	249.3636665202384	-0.2520618052350301	62182.23818041667	0.0635351536583422	207.28594327480235	-0.3226313164893497	42967.46227932458	0.1040909663796509	183.19679710405995	-0.0520283235558167	33561.06646918611	0.0027069464520287
0.0302075339143073	-0.0030709013952331	9.4304353792452e-06	0.000912495105184	-0.0681410351386802	0.0417420953668994	0.0017424025256193	0.0046432006697708	0.1974577104837891	-0.1299990908545538	0.0168997636230105	0.0389895474294998	-0.0015240587290507	0.0001829812530092	2.322755009595635e-06	3.348213895285344e-08	0.0005963523320173	0.0001915172909967	3.55636103902472e-07	3.6678872750714686e-08	0.0001939542949665	1.0872751160000073e-07	3.761826853595208e-08	1.1821671778728294e-14	250.7211942343239	1.357527714085478	62861.117238285566	1.8428814945101435	207.6733124327152	0.3873691579128433	43128.20469677614	0.1500548645021053	183.5793724608148	0.3825753567548418	33701.38599310657	0.1463639035960944
0.0215499036137316	-0.0086576303005757	7.495456242144653e-05	0.0004643983457611	-0.0051735955484133	0.0629674395902668	0.0039648984485539	2.676609089856191e-05	0.1985811039052833	0.0011233934214942	1.2620127794564477e-06	0.0394344548282409	-0.001553680712366	-2.962198331529992e-05	2.413923755978121e-06	8.774618955319068e-10	0.0004779273298716	-0.0001184250021457	2.284145326381972e-07	1.4024481133209057e-08	0.0007378716623425	0.000543917367376	5.444545900880844e-07	2.958461025332386e-07	250.64440529256103	-0.0767889417628566	62822.6179044616	0.0058965415770593	209.0611581802368	1.3878457475215953	43706.567859661984	1.926115818913776	183.50264195935137	-0.0767305014634303	33673.2196060619	0.0058875698548294
0.0297771155894537	0.0082272119757221	6.768701689346517e-05	0.0008866766128276	-0.1645218670925174	-0.1593482715441041	0.0253918716440935	0.0270674447516079	0.3448744688743801	0.1462933649690968	0.0214017486339813	0.1189383992813857	-0.0018260585905984	-0.0002723778782324	3.334489976298215e-06	7.418970855038417e-08	0.0003156628053013	-0.0001622645245702	9.964300665068644e-08	2.6329775934025483e-08	0.0003692877736153	-0.0003685838887272	1.3637345974174508e-07	1.3585408302926497e-07	249.9952948573976	-0.6491104351634363	62497.64745083717	0.4213443570380655	208.09235846336853	-0.9687997168682614	43302.429650847065	0.9385728914040234	183.52524529568765	0.0226033363362887	33681.51566084232	0.0005109108135313
0.021452076181859	-0.0083250394075947	6.930628113800473e-05	0.0004601915725122	-0.1136406327235022	0.0508812343690152	0.0025889000109146	0.0129141934057979	0.3222995380717464	-0.0225749308026337	0.0005096275007437	0.1038769922412611	-0.0016480454440998	0.0001780131464986	2.716053785818107e-06	3.1688680326332027e-08	0.0004143098286513	9.864702335e-05	1.7165263411706957e-07	9.731235215815442e-09	0.0002303419065011	-0.0001389458671142	5.305739389056149e-08	1.9305953988116928e-08	249.25951055437173	-0.7357843030258664	62130.30360180495	0.5413785405792599	208.0637605159841	-0.0285979473844406	43290.52844005278	0.0008178425946032	183.2382789889629	-0.2869663067247643	33576.266886837	0.0823496611952515
0.030969357778062	0.0095172815962029	9.05786489814243e-05	0.0009591011211856	-0.0742969368547505	0.0393436958687516	0.0015479264046128	0.0055200348259987	0.2760754554550715	-0.0462240826166748	0.0021366658137531	0.0762176571047251	-0.001259056141143	0.0003889893029568	1.585222366549902e-06	1.5131267781481718e-07	0.00046685493711	5.254510845870001e-05	2.179535323039821e-07	2.760988422936547e-09	0.0002302936860977	-4.8220403400009023e-08	5.3035181856465976e-08	2.3252073040596e-15	249.5955291610896	0.3360186067178574	62297.928177204325	0.1129085040606101	207.2592083586023	-0.804552157381778	42956.37944943453	0.6473041739476733	183.23999935559843	0.0017203666355385	33576.897363839715	2.9596613606741936e-06
0.0293948942797612	-0.0015744634983007	2.478935307481588e-06	0.0008640598097183	-0.0746085476313425	-0.000311610776592	9.710127608827113e-08	0.0055664353796583	0.2305842929603727	-0.0454911624946988	0.002069445865119	0.0531691161600349	-0.0012800583611924	-2.1002220049399925e-05	1.638549408058573e-06	4.4109324700341615e-10	0.0004888529845004	2.1998047390399946e-05	2.3897724045494826e-07	4.839140889902817e-10	0.000230312454564	1.8768466300019384e-08	5.3043826727294576e-08	3.5225532725496327e-16	249.83624101572727	0.2407118546376807	62418.147324868565	0.0579421969631119	208.4617929235418	1.2025845649394853	43456.31910889762	1.446209635830691	183.194595109286	-0.0454042463124153	33560.259677255235	0.0020615455831984
0.0333201879781341	0.0039252936983729	1.5407930618486007e-05	0.0011102349268981	-0.1249798351522741	-0.0503712875209315	0.0025372666065163	0.0156199591946896	0.3379249947285387	0.107340701768166	0.0115220262560823	0.1141933020622829	-0.0016770727325819	-0.0003970143713895	2.8125729503697213e-06	1.5762041108979993e-07	0.0004512300927985	-3.762289170189994e-05	2.0360859664694293e-07	1.4154819800128915e-09	0.0003218784034737	9.156594890969996e-05	1.03605706622778e-07	8.384322999733785e-09	249.76301083761217	-0.0732301781150965	62381.56158266917	0.0053626589867687	207.83273210626967	-0.6290608172721193	43194.44453475645	0.3957175118270666	183.38835368039963	0.1937585711136193	33631.28826560735	0.0375423838799915
0.0331860270904798	-0.0001341608876543	1.7999143776191172e-08	0.00110131239405	-0.1814081135627958	-0.0564282784105217	0.0031841506043753	0.0329089036664122	0.3638102978161583	0.0258853030876196	0.0006700489159379	0.1323579327970818	-0.0017460471881625	-6.897445558060001e-05	3.0486807832901727e-06	4.757475522640164e-09	0.0004158066185337	-3.542347426479999e-05	1.7289514401642993e-07	1.254822528988947e-09	0.0002218629419718	-0.0001000154615018	4.92231650203823e-08	1.0003092539438034e-08	249.2209058894317	-0.54210494818048	62111.059932348966	0.293877774841761	207.00619789285864	-0.8265342134110369	42851.56596605735	0.6831588059390016	183.3956847892239	0.0073311088242746	33633.97719930837	5.374515659335807e-05
0.0337104450860579	0.0005244179955781	2.750142340861577e-07	0.0011363941079001	-0.1124507658210518	0.0689573477417439	0.0047551158075758	0.012645174733741	0.3380278628505664	-0.0257824349655919	0.0006647339527549	0.1142628360633213	-0.0016090229204441	0.0001370242677184	2.5889547585144604e-06	1.8775649943763785e-08	0.0004799263645838	6.411974605009997e-05	2.303293154226225e-07	4.1113418335293105e-09	9.18859618645972e-05	-0.0001299769801072	8.443029987782211e-09	1.68940153577882e-08	249.21577232459217	-0.0051335648395252	62108.50117534296	2.635348796160946e-05	206.3778078414024	-0.6283900514562504	42591.79956942281	0.394874056769189	183.3133761408343	-0.0823086483896133	33603.79387215099	0.006774713599725
0.0226053723193047	-0.0111050727667532	0.0001233226411548	0.0005110028576943	-0.0927063642762533	0.0197444015447985	0.0003898413923622	0.0085944699773213	0.2810899817845325	-0.0569378810660339	0.0032419223002898	0.0790115778596288	-0.0014030086923945	0.0002060142280495	1.968433390934525e-06	4.2441862158872536e-08	0.0004829715655985	3.045201014700025e-06	2.332615331766662e-07	9.273249219930064e-12	4.0338863436578535e-05	-5.1547098428018665e-05	1.627223903354932e-09	2.657103356347844e-09	250.0148575302496	0.799085205657434	62507.428985871	0.6385371659005836	207.44611898635296	1.0683111449505702	43033.89228250011	1.1412887024255982	183.6121262067008	0.2987500658664999	33713.41289014542	0.089251601855238
0.0293639942656369	0.0067586219463321	4.567897061344325e-05	0.0008622441592323	-0.1154520297604051	-0.0227456654841518	0.0005173652983169	0.0133291711757974	0.3218866958966089	0.0407967141120764	0.0016643718823424	0.1036110449952359	-0.0017280522174941	-0.0003250435250996	2.9861644663862766e-06	1.0565329320917429e-07	0.0003682482665148	-0.0001147232990837	1.3560678579115518e-07	1.3161435352648088e-08	0.0002913189795027	0.0002509801160661	8.486674781849455e-08	6.299101866056383e-08	249.7542947417343	-0.2605627885153012	62377.207741941085	0.0678929667588695	208.5313127903228	1.085193803969844	43485.30841405545	1.17764559217454	183.61868459911184	0.0065583924110512	33715.82133390811	4.301251101733492e-05
0.0408935245880854	0.0115295303224485	0.0001329300694562	0.0016722803532363	-0.1726024314339724	-0.0571504016735672	0.00326616841145	0.0297915993369191	0.40729073841554	0.085404042518931	0.0072938504785753	0.1658857455990758	-0.0020630478799104	-0.0003349956624162	4.256166554802795e-06	1.1222209383773553e-07	0.0001668991730929	-0.0002013490934219	2.7855333979093792e-08	4.0541457421821014e-08	0.0005826724333725	0.0002913534538698	3.395071646122305e-07	8.488683508186169e-08	249.980254623221	0.2259598814866876	62490.1277014904	0.0510578680414779	208.7369780276684	0.2056652373456131	43571.12599612332	0.0422981898524273	183.52544653672595	-0.0932380623858932	33681.58952650466	0.0086933362774757
0.0478427686678628	0.0069492440797774	4.829199328032124e-05	0.0022889305138066	-0.120369209510315	0.0522332219236573	0.002728309472526	0.0144887465981381	0.4011601952487211	-0.0061305431668188	3.7583559520229664e-05	0.160929502251992	-0.0020055765371932	5.7471342717200016e-05	4.022337246539867e-06	3.302955233717859e-09	0.0002027415138212	3.5842340728300026e-05	4.1104121426511844e-08	1.2846733888835542e-09	0.0007562036637894	0.0001735312304168	5.718439811285119e-07	3.0113087930003223e-08	249.24271532352407	-0.7375392996969197	62121.931141843255	0.5439642185974227	208.09692445714424	-0.6400535705241737	43304.3299685224	0.4096685731407433	183.5061650092061	-0.0192815275198654	33674.512596385975	0.0003717773034993
0.0478267291781833	-1.603948967950075e-05	2.572652291788111e-10	0.0022873960238832	-0.0872967315770267	0.0330724779332883	0.0010937887966478	0.0076207193440314	0.3293908799204672	-0.0717693153282538	0.0051508346226863	0.1084983517747796	-0.0020479697688003	-4.23932316071002e-05	4.194180173919954e-06	1.797186086093239e-09	-7.490850669467086e-05	-0.0002776500205158	5.6112843752255505e-09	7.70895338924635e-08	0.0008869251539888	0.0001307214901994	7.866362287780567e-07	1.7088107999951843e-08	250.44991637263368	1.2072010491096137	62725.1606110592	1.457334372971352	208.57001322685403	0.4730887697097898	43501.45041745006	0.2238129840255225	183.96125390834507	0.4550888991389854	33841.7429395306	0.2071059061195336
0.0294088284038451	-0.0184179007743382	0.0003392190689333	0.0008648791880868	-0.0384467952844289	0.0488499362925978	0.0023863162757908	0.0014781560676427	0.2757948335317195	-0.0535960463887477	0.0028725361885047	0.0760627902027888	-0.0017111063216044	0.0003368634471959	2.92788484383454e-06	1.1347698205670497e-07	0.0002628156678616	0.0003377241745562	6.907207527353885e-08	1.1405761807971453e-07	0.0008007251128921	-8.620004109669997e-05	6.411607064160664e-07	7.4304470850727645e-09	250.5081066909508	0.0581903183171164	62754.31151788479	0.0033861131458473	209.057081088614	0.4870678617599822	43704.863153291335	0.2372351019594411	184.0137028800345	0.0524489716894152	33861.04284762161	0.002750894631277
0.0272959550173652	-0.0021128733864799	4.464233947295047e-06	0.00074506916031	-0.1503285874539131	-0.1118817921694841	0.0125175354190556	0.0225986842058887	0.3646001442518525	0.0888053107201329	0.0078863832120993	0.1329332651884716	-0.0018970477025571	-0.0001859413809526	3.598789985777171e-06	3.4574197150597094e-08	0.0001820086432131	-8.080702464850003e-05	3.312714620427353e-08	6.52977523254329e-09	0.0005186732687773	-0.0002820518441148	2.690219597441293e-07	7.955324276855946e-08	250.0770058621984	-0.4311008287523918	62538.50886100202	0.1858479245509991	209.66973506440507	0.6126539757910621	43961.397801977815	0.3753448940525952	183.88895008464647	-0.1247527953880194	33815.1459632336	0.015563259957125
0.0216180703681203	-0.0056778846492448	3.223837409013087e-05	0.000467340966441	-0.1317687325022802	0.0185598549516328	0.0003444682158256	0.0173629988652574	0.3729647550997441	0.0083646108478915	6.996671463666557e-05	0.139102708546612	-0.0019925344842612	-9.548678170409998e-05	3.970193670970046e-06	9.117725480206444e-09	0.0001706034603496	-1.140518286349998e-05	2.9105540683257544e-08	1.3007819614987362e-10	0.0003981699518039	-0.0001205033169734	1.5853931051952006e-07	1.4521049401591713e-08	249.30966253347503	-0.7673433287233706	62155.307832555205	0.5888157841362628	209.2380686820821	-0.4316663823229874	43780.5693858077	0.1863358656278155	183.87502814332643	-0.0139219413200351	33810.02597470909	0.0001938204501185
0.0135086346085273	-0.008109435759593	6.576294833896572e-05	0.0001824832089867	-0.1131139241580285	0.0186548083442516	0.0003480018743607	0.0127947598384282	0.2846207367668967	-0.0883440183328473	0.0078046655751944	0.0810089637977311	-0.0019410250692176	5.1509415043599896e-05	3.767578319331189e-06	2.653219838133835e-09	0.0003358873573733	0.0001652838970236	1.1282031684321896e-07	2.7318766615341063e-08	0.0001168255339708	-0.0002813444178331	1.3648205387562544e-08	7.915468144584596e-08	250.0908009065556	0.7811383730805517	62545.40869808242	0.6101771578989311	208.84747276103244	-0.3905959210496519	43617.26687867018	0.1525651735406259	184.12714156157327	0.2521134182468358	33902.80425963564	0.063561175660104
0.0225819622716016	0.0090733276630743	8.232527488150933e-05	0.000509945020036	-0.0550135059629468	0.0581004181950816	0.0033756585944433	0.0030264858383351	0.2769200031218872	-0.0077007336450095	5.930129867138138e-05	0.076684688129026	-0.0017576367419876	0.00018338832723	3.089286916784785e-06	3.3631278564217594e-08	0.0004089133260491	7.30259686758e-05	1.6721010822053757e-07	5.332792101038923e-09	0.0006678604184444	0.0005510348844736	4.4603753852472913e-07	3.036394439068338e-07	250.20012699046703	0.1093260839114407	62600.10354604583	0.0119521926234113	209.2740492435212	0.4265764824887696	43795.627686779735	0.1819674954124916	184.1072291413257	-0.0199124202475502	33895.47182209662	0.000396504480115
0.0251748051057916	0.0025928428341899	6.722833962810431e-06	0.0006337708121145	-0.1935593407895197	-0.1385458348265729	0.019194948347792	0.0374652184068734	0.3501424653125156	0.0732224621906283	0.005361528969258	0.1225997460151261	-0.0021420680987286	-0.000384431356741	4.588455739590759e-06	1.47787468045726e-07	0.0003680992284309	-4.08140976182e-05	1.354970419714239e-07	1.665790564387959e-09	0.0003748946250343	-0.0002929657934101	1.405459798796084e-07	8.582895610840942e-08	249.63051428341768	-0.5696127070493446	62315.3936614036	0.3244586360320825	208.9360127996891	-0.3380364438320953	43654.257444631854	0.1142686373586493	184.04565207625944	-0.0615770650662739	33872.802048175545	0.0037917349421761
0.0253207879244712	0.0001459828186795	2.1310983349640728e-08	0.000641142301116	-0.1004809266846393	0.0930784141048804	0.0086635911722795	0.0100964166274038	0.3272579018783688	-0.0228845634341468	0.0005237032435714	0.107097734341832	-0.0018210712566472	0.0003209968420813	3.3163005217866124e-06	1.0303897262623117e-07	0.0004872446516877	0.0001191454232568	2.374073505982681e-07	1.4195631883042024e-08	0.0002804437483933	-9.445087664100002e-05	7.864869601288456e-08	8.920968098253402e-09	249.4171518724069	-0.2133624110107916	62208.91564814329	0.045523518432338	209.6841912411629	0.7481784414737831	43967.46005646057	0.559770980286139	183.79470520046937	-0.2509468757900777	33780.49365972744	0.0629743344688006
0.0226138117703413	-0.0027069761541298	7.3277198990279026e-06	0.0005113844827844	-0.0888904943522277	0.0115904323324115	0.0001343381216522	0.0079015199861834	0.283216653632266	-0.0440412482461027	0.0019396315470748	0.0802116728946589	-0.0017080444612132	0.000113026795434	2.9174158814810903e-06	1.2775056486079316e-08	0.0004833513356132	-3.8933160745e-06	2.3362851363906443e-07	1.5157910055960085e-11	0.0001749129814614	-0.0001055307669318	3.059455108371606e-08	1.1136742769234996e-08	250.0467920302721	0.6296401578651967	62523.39820463014	0.3964467283965098	208.35904512202487	-1.3251461191380258	43413.49168416199	1.756012237066571	183.8894380054854	0.0947328050160365	33815.32540997326	0.0089743043462063
0.0223822186683833	-0.0002315931019579	5.3635364874528484e-08	0.0005009637125193	-0.0712130204509264	0.0176774739013013	0.0003124930835311	0.005071294281744	0.248316379236158	-0.0349002743961079	0.0012180291529236	0.0616610241969554	-0.0016450258429249	6.301861828829987e-05	2.706110023890778e-06	3.971346250966443e-09	0.0002333373223408	-0.0002500140132724	5.444630599717441e-08	6.25070068325718e-08	0.0001981923607355	2.327937927410002e-05	3.9280211853910566e-08	5.419294993873972e-10	249.7484393851846	-0.2983526450874763	62374.282975335234	0.0890143008306935	209.9930494511381	1.634004329113225	44097.080817788126	2.66997014756076	183.7218552726781	-0.1675827328072898	33753.72010483488	0.0280839723351595
0.0224293676865698	4.714901818650072e-05	2.2230299159509757e-09	0.0005030765348193	-0.1669001027231189	-0.0956870822721925	0.0091560177137653	0.0278556442889876	0.3458428594038452	0.0975264801676871	0.0095114143338982	0.1196072834006278	-0.0021300372581472	-0.0004850114152222	4.537058721095241e-06	2.352360728959381e-07	0.000300256838595	6.691951625420001e-05	9.01541691230639e-08	4.478221655696139e-09	0.0002283204883764	3.01281276409e-05	5.213024541243781e-08	9.077040751463623e-10	249.07386628262057	-0.6745731025640396	62037.790864972754	0.4550488707028742	209.7228544762794	-0.2701949748586969	43983.67568967866	0.0730053244388918	183.6086837529451	-0.1131715197330152	33712.148749489	0.0128077928786802
0.0388902711030851	0.0164609034165153	0.0002709613412878	0.0015124531864714	-0.2444582708490656	-0.0775581681259467	0.0060152694430526	0.0597598461865151	0.4964155498920206	0.1505726904881754	0.0226721351208478	0.2464283981745971	-0.0026380446497394	-0.0005080073915922	6.959279574018673e-06	2.580715099123109e-07	0.0002740829006731	-2.6173937921900023e-05	7.512143644138039e-08	6.850750263394763e-10	0.000316862850223	8.854236184660001e-05	1.0040206585144337e-07	7.839749841374251e-09	249.0093101181508	-0.0645561644697636	62005.6365255174	0.0041674983710471	208.6717279799441	-1.0511264963352858	43543.89005813579	1.1048669112980936	183.93180895382645	0.3231252008813499	33830.91034502691	0.1044098954446127
0.0400153941652945	0.0011251230622094	1.2659019051154642e-06	0.0016012317702038	-0.3228088503728514	-0.0783505795237858	0.006138813311713	0.1042055538790419	0.7158762622394192	0.2194607123473986	0.0481630042640276	0.5124788228378817	-0.0053480343046656	-0.0027099896549262	2.8601470923880064e-05	7.344043929807024e-06	0.0009839802577162	0.000709897357043	9.682171475752393e-07	5.039542575367784e-07	1.013131827166296e-05	-0.0003067315319513	1.0264360992173174e-10	9.408423269321412e-08	248.968212086158	-0.0410980319928171	61985.17062937815	0.0016890482336826	206.82714524776367	-1.8445827321803847	42777.46801133955	3.402485455858053	183.7841027701038	-0.1477061837226472	33776.59643101208	0.0218171167099084
0.0274804071771654	-0.0125349869881291	0.0001571258987925	0.0007551727786228	0.0201464845092829	0.3429553348821343	0.1176183617241169	0.0004058808380827	0.4560340471010988	-0.2598422151383204	0.0675179767679892	0.2079670521154072	-0.0024560422071883	0.0028919920974773	6.032143323490375e-06	8.363618291871153e-06	0.0005183207430368	-0.0004656595146793	2.686563926622205e-07	2.1683878361145425e-07	0.000146136916157	0.0001360055978853	2.1355998263878052e-08	1.8497522656148e-08	249.79169977634567	0.8234876901877328	62395.89327715604	0.6781319758907275	207.2536690935176	0.4265238457538771	42954.08335272529	0.1819225909966771	183.7404481397792	-0.0436546303245961	33760.55228260689	0.0019057267487771
0.0223795824143593	-0.0051008247628061	2.6018413260855906e-05	0.0005008457090411	-0.0353336420913308	-0.0554801266006137	0.0030780444476201	0.0012484662634382	0.4144706570482128	-0.041563390052886	0.0017275153926883	0.1717859255539772	-0.002204020810432	0.0002520213967562	4.857707732817329e-06	6.351478442299636e-08	0.0002628234342016	-0.0002554973088352	6.907615756552278e-08	6.527887482202957e-08	0.0001602898222218	1.415290606479998e-05	2.5692827107896253e-08	2.0030475007905206e-10	250.241816922147	0.450117145801272	62620.96693649734	0.2026054449442836	206.8554205549524	-0.3982485385652126	42789.165012966216	0.1586018984693276	183.6573214144285	-0.0831267253506951	33730.0117091227	0.0069100524675298
0.0224087968957036	2.921448134430085e-05	8.534859202165026e-10	0.0005021541783128	-0.0877555081782759	-0.0524218660869451	0.0027480520440376	0.0077010292156274	0.3940329622625285	-0.0204376947856843	0.0004176993681527	0.1552619753493831	-0.0021069974111194	9.70233993125998e-05	4.439438090463854e-06	9.413540014172194e-09	0.0003100340797317	4.721064553010003e-05	9.612113059508212e-08	2.228845051368753e-09	-3.217356185643413e-05	-0.0001924633840782	1.035138082529793e-09	3.704215421084586e-08	250.2161406553167	-0.0256762668302883	62608.11704444124	0.0006592706783401	209.7403497371268	2.884929182174403	43991.01430785226	8.32281638616147	183.73375984735188	0.0764384329233678	33758.094507644375	0.0058428340277802
0.0223987249617039	-1.0071933999700884e-05	1.0144385449433062e-10	0.00050170287991	-0.1715736594180867	-0.0838181512398107	0.0070254824772597	0.0294375206061136	0.4696904602157019	0.0756574979531733	0.0057240569965344	0.2206091284176378	-0.0025009986207718	-0.0003940012096523	6.254994101102445e-06	1.552369532075543e-07	-6.010622517171882e-05	-0.0003701403049034	3.6127583043933644e-09	1.370038453139959e-07	8.492498899616264e-05	0.0001170985508525	7.212253755998345e-09	1.3712070611778192e-08	249.2256171990261	-0.9905234562906172	62113.408268235486	0.9811367174619106	209.543810621221	-0.1965391159057787	43908.60856966214	0.0386276240810251	183.40327549627287	-0.3304843510790078	33636.761462761766	0.1092199063081129
0.0223842522969448	-1.4472664759099946e-05	2.094580252292935e-10	0.0005010547508932	-0.1378734609108534	0.0337001985072333	0.0011357033794269	0.0190090912235366	0.4243214137508175	-0.0453690464648843	0.0020583503771328	0.1800486621674924	-0.0025010006662248	-2.045453000119185e-09	6.255004332456893e-06	4.183877975696575e-18	0.0001625583560205	0.0002226645811922	2.6425219112087632e-08	4.9579515717506216e-08	-4.679710237025475e-05	-0.0001317220913664	2.189968790252102e-09	1.7350709353942813e-08	248.645663026324	-0.579954172702088	61824.665741800265	0.3363468424345633	208.4016300627526	-1.142180558468425	43431.23941281239	1.3045764281432433	183.51241379997683	0.1091383037039577	33676.806018693926	0.0119111693353773
0.0223481896542949	-3.606264264989848e-05	1.300514194894276e-09	0.0004994415808243	-0.1224755819019804	0.015397879008873	0.0002370946779718	0.0150002681622287	0.410295745314059	-0.0140256684367585	0.0001967193750978	0.1683425986228191	-0.0021789918785057	0.000322008787719	4.748005606593799e-06	1.0368965936832437e-07	0.0001761434076041	1.358505158359998e-05	3.102650004238412e-08	1.8455362652907238e-10	-0.0001318082991513	-8.501119678104525e-05	1.737342772515859e-08	7.226903578145598e-09	248.43688860306145	-0.2087744232625539	61720.88761876997	0.043586759808612	207.76336194606537	-0.6382681166872146	43165.61456713176	0.4073861887794438	183.4191920031076	-0.0932217968692157	33642.59999507286	0.0086903034115253
0.0223350463704292	-1.314328386570196e-05	1.7274591077442146e-10	0.0004988542963692	-0.1877629293160509	-0.0652873474140705	0.0042624377323655	0.0352549176253443	0.4625152312067229	0.0522194858926639	0.0027268747068941	0.2139203390982083	-0.0022290041044399	-5.0012225934200055e-05	4.9684592976099205e-06	2.501222742893472e-09	9.191180360446084e-05	-8.423160399963915e-05	8.447779641824981e-09	7.0949631123520265e-09	7.910301078153784e-05	0.0002109113099328	6.257286314704092e-09	4.448358065758559e-08	247.7232652798679	-0.7136233231935591	61366.8161609198	0.5092582474058189	208.1995166616237	0.4361547155583309	43347.03873813373	0.1902309359037685	183.47732893026424	0.0581369271566245	33663.93023138438	0.0033799022992146
0.0281144577955956	0.0057794114251664	3.340159642134392e-05	0.0007904227371403	-0.1542188533380937	0.0335440759779571	0.0011252050332149	0.0237834547249164	0.4405073309664971	-0.0220079002402258	0.0004843476729837	0.194046708635227	-0.0021490123444869	7.999175995300001e-05	4.618254056757083e-06	6.398681660378376e-09	0.0002794341250522	0.0001875223214477	7.808343024368854e-08	3.5164621041149224e-08	6.1300826992751e-05	-1.7802183788786846e-05	3.757791389995189e-09	3.1691774764974515e-10	247.0051166394545	-0.718148640413375	61011.52764607053	0.515737469727579	207.9082380112181	-0.2912786504056157	43225.83543292931	0.0848432521821169	183.12530065353573	-0.3520282767285039	33534.87573944785	0.1239239076164401
0.0272769435842121	-0.0008375142113834	7.014300542693235e-07	0.0007440316512962	-0.1618900203719562	-0.0076711670338625	5.8846803661418825e-05	0.0262083786960323	0.4954531875676196	0.0549458566011225	0.0030190471576311	0.2454738610709148	-0.002422003117592	-0.0002729907731051	5.866099101625368e-06	7.45239622005203e-08	0.0002289740277883	-5.0460097263900006e-05	5.2429105401597176e-08	2.546221415882249e-09	2.177761272519475e-05	-3.952321426755625e-05	4.742644160085644e-10	1.5620844660391618e-09	246.47450661580777	-0.5306100236467444	60749.68241150587	0.2815469971943986	206.5062272863185	-1.4020107248995828	42644.82190802864	1.9656340727334536	183.12947436773229	0.0041737141965541	33536.40438220192	1.741989019451725e-05
0.0318272785943918	0.0045503350101797	2.070554870486709e-05	0.001012975662725	-0.1541172990159793	0.0077727213559769	6.041519727765977e-05	0.0237521418559807	0.465864320122705	-0.0295888674449145	0.0008755010766727	0.2170295647633901	-0.0023679970322835	5.400608530850039e-05	5.607409944903463e-06	2.916657250349021e-09	0.0001231394265561	-0.0001058346012321	1.5163318372565153e-08	1.1200962817978784e-08	-0.0001178543693988	-0.0001396319821239	1.3889652386388808e-08	1.9497090431875585e-08	245.9086623142736	-0.5658443015341561	60471.07020119545	0.320179773578677	205.1447146314256	-1.3615126548929195	42084.35394120904	1.8537167094335667	183.07698320725868	-0.0524911604736075	33517.18178027088	0.002755321927866
0.0307380270465529	-0.0010892515478388	1.1864689344694366e-06	0.0009448263067146	-0.1227453677062158	0.0313719313097634	0.0009841980741045	0.0150664252933341	0.4502261192547507	-0.0156382008679543	0.0002445533263864	0.202703558459193	-0.0024699851895901	-0.0001019881573066	6.100826836794443e-06	1.0401584230795864e-08	0.000193673969107	7.053454255089999e-05	3.75096063096592e-08	4.975121692864721e-09	-0.0001407611336131	-2.290676421430001e-05	1.9813696736045e-08	5.247198467695352e-10	245.43309558403087	-0.47556673024269	60237.40440796006	0.2261637149137235	204.5233765460075	-0.6213380854180741	41829.811553779975	0.386061016390998	182.5951422908525	-0.4818409164061847	33340.98598821667	0.2321706687231519
0.0306850993038807	-5.292774267220274e-05	2.80134594437491e-09	0.000941575319289	-0.1203551882447584	0.0023901794614574	5.712957857972817e-06	0.0144853713374312	0.4465414731409822	-0.0036846461137685	1.357661698370937e-05	0.1993992872349185	-0.0023259904083627	0.0001439947812274	5.41023137979528e-06	2.0734497020726845e-08	0.0004365648814541	0.0002428909123471	1.9058889571903245e-07	5.8995995300806615e-08	-5.499277758140727e-05	8.576835603169274e-05	3.024205586118129e-09	7.356210896379204e-09	245.09315454130584	-0.3399410427250871	60070.654403008426	0.1155599125290194	202.78871939638827	-1.7346571496192382	41123.2647144271	3.00903542672514	182.6355216957029	0.0403794048503982	33355.73378506156	0.0016304963360723
0.0308250904136997	0.000139991109819	1.9597510828355362e-08	0.0009501861990127	-0.115100789269448	0.0052543989753103	2.7608708591742933e-05	0.0132481916904498	0.4566107204618106	0.0100692473208284	0.000101389741608	0.2084933500406537	-0.0023719934912632	-4.600308290050002e-05	5.626353122594985e-06	2.116283636350277e-09	0.0002611253785573	-0.0001754395028968	6.818646332669323e-08	3.077901917667629e-08	-0.0001051906869934	-5.0197909411992726e-05	1.106508063014345e-08	2.5198301093346278e-09	244.8682179257202	-0.2249366155856478	59960.444150118	0.0505964810311255	202.5470103405892	-0.2417090557990775	41025.29139791075	0.0584232676552815	182.4700531173369	-0.1654685783659886	33295.32028464375	0.0273798504264613
0.0325672904831151	0.0017422000694154	3.035261081871036e-06	0.0010606284094115	-0.1651980658026133	-0.0500972765331652	0.0025097371160404	0.0272904009449245	0.5730472705868266	0.1164365501250159	0.0135574702050153	0.3283831743270116	-0.0042400128112272	-0.0018680193199639	1.797770863937078e-05	3.489496179758764e-06	6.764645528622992e-06	-0.0002543607330286	4.5760429127919037e-11	6.46993825068859e-08	0.0001110143053962	0.0002162049923896	1.2324176002600762e-08	4.674459873418699e-08	245.1967092662495	0.3284913405293252	60121.42623499769	0.1079065608027531	202.24010820591704	-0.306902134672157	40901.06136714103	0.0941889202663267	182.64868402344047	0.1786309061036206	33360.54177549462	0.0319090006154005
0.0316952403956349	-0.0008720500874802	7.604713550742294e-07	0.001004588263737	-0.1633058444265316	0.0018922213760816	3.580501736100496e-06	0.0266687988238625	0.4948557012728116	-0.078191569314015	0.0061139215117884	0.2448821650822061	-0.0027919957135369	0.0014480170976902	7.795240064408423e-06	2.0967535152034387e-06	0.0003450662579298	0.0003383016124011	1.1907072236167529e-07	1.1444798095323625e-07	-4.701863165131959e-05	-0.0001580329370475	2.2107517223624723e-09	2.497440919186529e-08	244.8376803860714	-0.3590288801781014	59945.48973683206	0.1289017368019415	202.213990108003	-0.0261180979140362	40890.49779539953	0.0006821550386471	182.52227210707363	-0.1264119163668908	33314.37981512863	0.0159799725995498
0.0318508286022307	0.0001555882065958	2.4207690031697698e-08	0.0010144752826486	-0.1200741216141523	0.0432317228123792	0.0018689818573263	0.0144177946814102	0.4694554640955743	-0.0254002371772372	0.0006451720486599	0.220388432769191	-0.0024869889739338	0.0003050067396031	6.185114156468294e-06	9.302911120331334e-08	0.0001801672195098	-0.00016489903842	3.2460226985892465e-08	2.7191692871840644e-08	-0.0001342759195463	-8.72572878949804e-05	1.803002257000444e-08	7.613834290787494e-09	244.9675938524595	0.129913466388075	60009.12203786355	0.0168775087489654	202.0348887544997	-0.179101353503313	40818.09627404306	0.0320772948267186	182.30627035341044	-0.2160017536631926	33235.57621017078	0.0466567575855745
0.0274514816716759	-0.0043993469305548	1.935425341538196e-05	0.0007535838459703	-0.1352246186463475	-0.0151504970321951	0.0002295375603225	0.0182856974880501	0.4499653995756603	-0.019490064519914	0.0003798626149904	0.2024688608152836	-0.0026890007274835	-0.0002020117535497	7.230724912406792e-06	4.080874857222485e-08	0.0002520047352616	7.183751575179999e-05	6.35063865942691e-08	5.160628669390112e-09	-3.1612224901608494e-06	0.0001311146970561	9.993327632298762e-12	1.7191063784123144e-08	244.92813367799795	-0.0394601744615386	59989.79066698723	0.001557105368535	202.2547424722225	0.219853717722799	40906.98085250504	0.0483356571965362	182.2964298749107	-0.0098404784997399	33231.988345138234	9.683501710384327e-05
0.0307031496995193	0.0032516680278434	1.057334496329899e-05	0.000942683401471	-0.1515392387235152	-0.0163146200771677	0.0002661668282623	0.0229641408729025	0.4922632768182637	0.0422978772426034	0.0017891104192303	0.2423231337038545	-0.0027070135613862	-1.8012833902699907e-05	7.327922421528798e-06	3.244621852062552e-10	0.0001958003415427	-5.620439371889998e-05	3.8337773748237975e-08	3.1589338733091233e-09	0.0001477652543692	0.0001509264768593	2.1834570398794383e-08	2.2778801417179186e-08	245.40560515017333	0.477471472175381	60223.91103912278	0.2279790067413256	202.8454597635472	0.5907172913247223	41146.28054668485	0.3489469182700168	182.3960572023844	0.099627327473712	33268.32168297549	0.0099256043795542
0.0331351538985842	0.0024320041990649	5.914644424269313e-06	0.0010979384238828	-0.2266054522193172	-0.0750662134958019	0.0056349364085973	0.0513500309755212	0.5731157176939234	0.0808524408756597	0.006537117195552	0.3284616258678209	-0.004518010208788	-0.0018109966474018	2.0412416246712588e-05	3.27970885690056e-06	3.0137636776172982e-05	-0.0001656627047665	9.082771504525339e-10	2.7444131750561496e-08	-6.0931927736227e-05	-0.0002086971821054	3.7126998176527884e-09	4.355451381874576e-08	245.77239051792083	0.3667853677474966	60404.06794089338	0.1345315059936663	202.1424246118424	-0.7030351517048246	40861.55982795439	0.4942584245326257	182.49147520753843	0.0954180051540163	33303.138523423615	0.0091045957075718
0.0295710525153367	-0.0035641013832474	1.2702818670066742e-05	0.0008744471468648	-0.1319658922394353	0.0946395599798818	0.0089566463131856	0.0174149967145502	0.4563189336435727	-0.1167967840503507	0.0136414887645042	0.2082269692016072	-0.0025189844301704	0.0019990257786176	6.345282559440894e-06	3.996104063577703e-06	0.0002811369729633	0.0002509993361871	7.90379975669673e-08	6.300066676637842e-08	-0.0001081456417967	-4.7213714060473e-05	1.1695479839620149e-08	2.229134795384106e-09	246.2315548270908	0.4591643091699779	60629.97859256662	0.2108318628155431	202.67867843546765	0.536253823625259	41078.6466923477	0.2875681633527103	182.47869719539224	-0.0127780121461853	33298.47493012765	0.000163277594408
0.0302345240997112	0.0006634715843744	4.401945432724081e-07	0.000914126447536	-0.1466801600861487	-0.0147142678467133	0.0002165096782648	0.0215150693628982	0.4633494993379372	0.0070305656943644	4.9428853982774966e-05	0.214692758536717	-0.00213399177441	0.0003849926557603	4.553920893249541e-06	1.482193449894457e-07	0.0003440347376526	6.289776468929996e-05	1.183599007116933e-07	3.9561288029105505e-09	-3.263264336313349e-05	7.551299843356651e-05	1.06488941286546e-09	5.702212932427819e-09	246.6254305532899	0.3938757261990986	60824.10299559562	0.1551380876888673	203.05680595560275	0.3781275201351093	41232.06644489131	0.1429804214835275	182.48357219720023	0.0048750018079886	33300.25412185079	2.376564262789222e-05
0.0292081169192783	-0.0010264071804329	1.0535117000442183e-06	0.0008531140939702	-0.1745544307666904	-0.0278742706805416	0.0007769749659721	0.0304692493002833	0.529225712716638	0.0658762133787008	0.0043396754891161	0.2800798550004334	-0.0039090110036377	-0.0017750192292276	1.528036702656062e-05	3.150693264128097e-06	-3.1058515237436524e-05	-0.00037509325289	9.646313687540767e-10	1.406949483636289e-07	2.993921979200934e-05	6.257186315514283e-05	8.963568817542438e-10	3.915238058705921e-09	247.1162519072269	0.4908213539370081	61066.441956676026	0.2409056014805577	203.8693053346999	0.8124993790971473	41562.6936576531	0.6601552410332499	182.8237890955703	0.3402168983700733	33424.537859261574	0.1157475379365527
0.0335087639830931	0.0043006470638147	1.8495565167498848e-05	0.0011228372636746	-0.2414130263641851	-0.0668585955974947	0.0044700718052693	0.0582802492983147	0.5793767940400727	0.0501510813234347	0.0025151309579097	0.3356774694721528	-0.0045880207650304	-0.0006790097613927	2.1049934540350137e-05	4.610542560665716e-07	3.9915113501542976e-05	7.09736287389795e-05	1.5932162858410583e-09	5.0372559763784965e-09	3.709134670499669e-05	7.152126912987351e-06	1.3757680003902687e-09	5.115291937947797e-11	247.1880141096788	0.0717622024518789	61101.91431948676	0.0051498137007444	203.4644118694549	-0.40489346524501	41397.766897383175	0.1639387181981121	182.8530701028889	0.0292810073185876	33435.245246052	0.0008573773895911
0.0292451349698268	-0.0042636290132662	1.8178532362766125e-05	0.0008552779194033	-0.1120459207181738	0.1293671056460112	0.0167358480232262	0.0125542883495832	0.4834020754130534	-0.0959747186270192	0.0092111466155355	0.2336775665136473	-0.0026369968143274	0.001951023950703	6.953752198772857e-06	3.806494456216742e-06	0.0001335341521973	9.361903869575702e-05	1.7831369803051682e-08	8.764524406317651e-09	-2.5824135339084803e-05	-6.29154820440815e-05	6.668859660113686e-10	3.958357880839141e-09	247.66789288593029	0.4798787762514962	61339.38516655664	0.2302836398966335	205.26049757815423	1.7960857086993371	42131.871866031455	3.225923872994	182.9745016567324	0.1214315538435073	33479.66825652957	0.0147456222688486
0.0255910689634362	-0.0036540660063906	1.3352198379059357e-05	0.0006549028106913	-0.0918066503068644	0.0202392704113094	0.0004096280667821	0.0084284610405668	0.3954897047959207	-0.0879123706171327	0.007728584907524	0.1564121065995645	-0.0022089930843044	0.000428003730023	4.8796504465046665e-06	1.831871929136012e-07	0.0003900380803856	0.0002565039281883	1.521297041508838e-07	6.579426517602858e-08	-3.406905333431772e-05	-8.244917995232914e-06	1.160700395096585e-09	6.797867274811554e-11	248.9351017416416	1.267208855711317	61968.68487912146	1.6058182839931856	205.95601430548	0.6955167273257814	42417.879828599085	0.4837435179899653	183.2546765013844	0.2801748446520093	33582.27645962705	0.0784979435757775
0.0266323583717564	0.0010412894083201	1.084283631879828e-06	0.0007092825124416	-0.0998101260934873	-0.0080034757866229	6.405562466705907e-05	0.0099620612707978	0.4504596689344851	0.0549699641385643	0.003021696957395	0.2029139133365659	-0.002414008390049	-0.0002050153057446	5.827436507226966e-06	4.203127558955183e-08	0.0001638588189631	-0.0002261792614225	2.6849712551981977e-08	5.1157058297627616e-08	0.0001171978101037	0.000151266863438	1.3735326693102929e-08	2.2881663974375905e-08	249.11567679595285	0.1805750543112481	62058.62042550565	0.0326073502395102	206.2310121130436	0.2749978075635795	42531.23035717033	0.0756237941647755	183.26712013592663	0.0124436345422225	33586.837322916166	0.0001548440406203
0.0321195542090464	0.00548719583729	3.010931815677272e-05	0.0010316657625878	-0.2347423929899292	-0.1349322668964419	0.0182067166498126	0.0551039910666383	0.5678905159561793	0.1174308470216942	0.0137900038322325	0.3224996381129756	-0.0043390242637152	-0.0019250158736662	1.882713156110924e-05	3.705686113866844e-06	8.994413756435726e-05	-7.391468139874273e-05	8.089947882196022e-09	5.463380126277644e-09	0.0002561961118249	0.0001389983017212	6.563644771419667e-08	1.932052788137776e-08	249.0130502145322	-0.102626581420651	62007.49917714513	0.0105322152140895	206.278456919244	0.0474448062004171	42550.801788984405	0.0022510096353951	183.2402734110753	-0.0268467248513388	33576.997799765624	0.0007207466352434
0.0285943303009617	-0.0035252239080846	1.2427203602131956e-05	0.0008176357253604	-0.1492463709335822	0.0854960220563469	0.0073095697874593	0.0222744792368444	0.4862589763023379	-0.0816315396538414	0.0066637082662566	0.2364477920345976	-0.0026110011455935	0.0017280231181217	6.8173269822905685e-06	2.986063896763044e-06	0.0002829748268227	0.0001930306892583	8.007475261533707e-08	3.7260846995550886e-08	1.9869567536479667e-05	-0.0002363265442884	3.947997140867267e-10	5.5850235535306703e-08	248.95055899003464	-0.0624912244975632	61976.38082145072	0.0039051531392048	206.78991288530065	0.5114559660566442	42762.06807111023	0.2615872052149352	183.50451551583308	0.2642421047577841	33673.90721470062	0.0698238899268237
0.0245965933531522	-0.0039977369478095	1.598190070388124e-05	0.0006049924045803	-0.1086802058416225	0.0405661650919597	0.0016456137502681	0.0118113871417774	0.3976420597325329	-0.0886169165698049	0.0078529579023397	0.1581192076683312	-0.0021160041651764	0.0004949969804171	4.477473627043873e-06	2.4502201062204696e-07	0.0004839909460989	0.0002010161192762	2.3424723590570845e-07	4.040748020886348e-08	9.012005548522444e-06	-1.0857561987957225e-05	8.121624400659932e-11	1.178866523223336e-10	250.08888825960736	1.138329269572722	62544.452030926375	1.295793525965967	207.4022764692916	0.6123635839909412	43015.70428464447	0.3749891589982304	183.52755487827991	0.0230393624468376	33682.36339960004	0.0005308122219567
0.0245909439256308	-5.649427521396688e-06	3.1916031319514326e-11	0.0006047145231535	-0.1358455638209648	-0.0271653579793423	0.0007379566741458	0.0184540172098358	0.4554604388467282	0.0578183791141952	0.0033429649633928	0.2074442113544542	-0.0022390000254923	-0.0001229958603159	5.013121114154521e-06	1.5127981654848493e-08	0.0004490020974892	-3.4988848609700046e-05	2.0160288354970104e-07	1.2242195270325091e-09	-9.97088105774823e-07	-1.0009093654297268e-05	9.941846906776248e-13	1.0018195578049384e-10	250.5313568873229	0.4424686277155274	62765.96078380315	0.195778486512462	207.6235076498478	0.2212311805562024	43107.52092882641	0.048943235250291	183.6186056173053	0.0910507390253769	33715.7923288435	0.0082902370770673
0.0319965652888925	0.0074056213632616	5.484322777599802e-05	0.0010237801902863	-0.240566606452802	-0.1047210426318372	0.010966496769899	0.0578722921402173	0.5112514125010108	0.0557909736542825	0.0031126327412928	0.2613780067842787	-0.0026990010488119	-0.0004600010233195	7.284606661487737e-06	2.116009414550792e-07	0.0002150034337629	-0.0002339986637263	4.622647652983772e-08	5.475537462569402e-08	-2.709417645475106e-06	-1.712329539700283e-06	7.340943977611868e-12	2.932072452530183e-12	250.321060872086	-0.210296015236878	62660.63351612659	0.0442244140245092	208.1714635483762	0.5479558985284143	43335.358235872925	0.3002556667320818	183.63301703779177	0.014411420486482	33721.08494640193	0.0002076890404381
0.0259502904419122	-0.0060462748469802	3.655743952522664e-05	0.0006734175740195	-0.1446581079684108	0.0959084984843912	0.0091984400815304	0.0209259682010003	0.4757836663086436	-0.0354677461923672	0.0012579610199661	0.2263700971260947	-0.0023970018721809	0.000301999176631	5.745617975238741e-06	9.120350268580197e-08	0.0002080216757618	-6.981758001099991e-06	4.3273017586747454e-08	4.874494478592374e-11	-1.7251028262628594e-05	-1.4541610617153488e-05	2.9759797611801035e-10	2.1145843934091103e-10	250.03475322617044	-0.2863076459155707	62517.377820871945	0.0819720681097157	208.74441482056963	0.5729512721934213	43574.23071878205	0.32827316030806	183.4928679281268	-0.1401491096649749	33669.632580488986	0.0196417729398851
0.0223234591679926	-0.0036268312739195	1.3153905089481263e-05	0.000498336829225	-0.1178865025753879	0.0267716053930229	0.0007167188553197	0.0138972274894569	0.4099281051101968	-0.0658555611984468	0.0043369549407623	0.1680410513592365	-0.0022634922779995	0.0001335095941814	5.123397292563366e-06	1.7824811738482183e-08	0.0003760492621094	0.0001680275863475	1.414130475330242e-07	2.8233269773800168e-08	-4.307432746184078e-05	-2.5823299199212183e-05	1.8553976862898907e-09	6.668427815320324e-10	250.88317623565325	0.8484230094828149	62942.36811808985	0.7198216030198766	209.1465631200912	0.4021482995215706	43742.28486494629	0.1617232548080908	183.7276239468791	0.2347560187523072	33755.83980116583	0.0551103883404336
0.0198009815956652	-0.0025224775723273	6.3628931028947305e-06	0.0003920788721518	-0.1256133491657038	-0.0077268465903159	5.970415823027649e-05	0.015778713488625	0.4159301932493946	0.0060020881391978	3.6025062030699345e-05	0.1729979256564787	-0.0021589960808155	0.0001044961971839	4.6612640769766886e-06	1.09194552259174e-08	0.0005700329961728	0.0001939837340634	3.2493761672573945e-07	3.76296890811799e-08	-2.9884839100864083e-05	1.3189488360976696e-05	8.931036080845348e-10	1.7396260322433978e-10	250.6135542667305	-0.2696219689227632	62807.15358220347	0.0726960061257875	208.7840566269895	-0.362506493101705	43590.78230162196	0.1314109575408965	183.5240417160522	-0.2035822308268962	33681.073887795275	0.0414457247084556
0.0233907729791269	0.0035897913834617	1.288660217677588e-05	0.000547128260561	-0.2092280930100543	-0.0836147438443505	0.0069914253881563	0.0437763949046239	0.4973095528133484	0.0813793595639537	0.0066226001630392	0.2473167913194125	-0.0025900167651017	-0.0004310206842862	6.708186843507874e-06	1.857788302825441e-07	0.0004829277958879	-8.710520028490002e-05	2.332192560411453e-07	7.587315916672547e-09	5.612514246640626e-05	8.600998156727034e-05	3.150031616874399e-09	7.397716929202184e-09	250.20865585066016	-0.4048984160703242	62604.3714625941	0.1639427273362573	209.0486374956496	0.2645808686600901	43701.33283878751	0.0700030360609278	183.425096221782	-0.0989454942701968	33644.76592396999	0.0097902108363735
0.0241015776914395	0.0007108047123125	5.052433390457934e-07	0.0005808860472164	-0.1282996551761499	0.0809284378339043	0.0065494120502361	0.0164608015183189	0.4548113368252018	-0.0424982159881465	0.0018060983621751	0.2068533521047271	-0.0024020048988388	0.0001880118662629	5.769627534045593e-06	3.5348461855658606e-08	0.000406993408627	-7.593438726089999e-05	1.656436346658242e-07	5.766031168688331e-09	5.988776188108752e-06	-5.013636627829751e-05	3.5865440231258386e-11	2.513655223591608e-09	249.8737259588087	-0.3349298918514591	62436.87892453783	0.1121780324556301	207.6500477811124	-1.398589714537195	43118.54234349826	1.9560531896092328	183.30009391792547	-0.1250023038565473	33598.924430320294	0.0156255759694445
0.0209456397031431	-0.0031559379882963	9.95994458597231e-06	0.0004387198225738	-0.0776855900647746	0.0506140651113753	0.0025617835870985	0.0060350509037122	0.3587888175405567	-0.0960225192846451	0.00922032420977	0.1287294155921508	-0.002206974546297	0.0001950303525418	4.870736648002848e-06	3.803683841257884e-08	0.0005421206651237	0.0001351272564967	2.9389481555416293e-07	1.825937544832496e-08	-0.0001089019424621	-0.0001148907186502	1.1859633072018538e-08	1.3199877231961425e-08	250.5265723423558	0.6528463835470859	62763.56344960963	0.4262084005105088	208.8970828928846	1.2470351117722205	43637.99124115671	1.555096569992754	183.4999145452661	0.1998206273406424	33672.218638119964	0.0399282831108079
0.025023492846401	0.0040778531432578	1.662888625797832e-05	0.0006261751942338	-0.1505309556309555	-0.0728453655661809	0.0053064472844705	0.0226595686031686	0.4784038339087715	0.1196150163682148	0.0143077521407682	0.2288702282986114	-0.0024830174325228	-0.0002760428862258	6.165375570212117e-06	7.619967503586997e-08	0.0002833804045774	-0.0002587402605463	8.030445369845093e-08	6.694652242756722e-08	9.635239770687012e-05	0.0002052543401689	9.283784543862871e-09	4.21293441581993e-08	249.87294273359385	-0.6536296087619462	62436.48751034587	0.4272316654502948	207.1989633519599	-1.698119540924722	42931.41041412682	2.8836099752703888	183.27520864611043	-0.2247058991556798	33589.80210427531	0.0504927411153625
0.0258853703796404	0.0008618775332394	7.428328823028348e-07	0.0006700523996911	-0.1506609249908876	-0.000129969359932	1.6892034521157602e-08	0.0226987143191098	0.4313148315314095	-0.047089002377362	0.0022173741448952	0.1860324838989681	-0.0023700104820779	0.0001130069504449	5.61694968515912e-06	1.2770570848856084e-08	0.0005639681055993	0.0002805877010219	3.180600241332633e-07	7.872945796475514e-08	2.71679382768562e-05	-6.918445943001392e-05	7.380968702150683e-10	4.7864894266232434e-09	250.03454396276825	0.1616012291744084	62517.27317466949	0.0261149572706796	208.451157801202	1.252194449242097	43451.88518866161	1.5679909387127189	183.39087103298684	0.1156623868764086	33632.21157823761	0.013377787737948
0.0251021306933836	-0.0007832396862567	6.134644061276496e-07	0.0006301169653477	-0.1023804840095579	0.0482804409813296	0.0023310009813516	0.0104817635060313	0.3743515621026603	-0.0569632694287491	0.0032448140640122	0.1401390920487019	-0.0022289671184916	0.0001410433635862	4.9682944153167455e-06	1.98932304117372e-08	0.0003977201555434	-0.0001662479500559	1.581813221254663e-07	2.7638380897789025e-08	-0.0001970575971978	-0.0002242255354746	3.88316966133704e-08	5.0277090758896313e-08	250.0390444860695	0.0045005233012602	62519.52376750665	2.0254709985186663e-05	208.216393767012	-0.2347640341899932	43354.06663333939	0.0551141517491603	183.13002674384364	-0.2608442891431934	33536.60669520089	0.0680397431786179
0.0265959407649205	0.0014938100715368	2.231468529825077e-06	0.0007073440651711	-0.1200053665543663	-0.0176248825448084	0.0003106364847182	0.0144012880018478	0.4278137947336518	0.0534622326309914	0.0028582103178902	0.1830246429644071	-0.0024390245806605	-0.0002100574621688	5.948840905066127e-06	4.4124137412838855e-08	0.0004148568357622	1.713668021880002e-05	1.72106194178625e-07	2.9366580892141193e-10	0.0001180065078335	0.0003150641050313	1.3925535891057896e-08	9.926539027917405e-08	250.3056205873915	0.2665761013219878	62652.90369763919	0.0710628177960307	210.0381147993372	1.8217210323252004	44116.00966845955	3.318667519615994	183.28868669751049	0.1586599536668416	33594.742671298154	0.0251729808975643
0.0321039194376027	0.0055079786726821	3.033782905872195e-05	0.001030661643256	-0.2203178055363537	-0.1003124389819873	0.0100625854145149	0.0485399354363545	0.5050263399074026	0.0772125451737508	0.0059617771322085	0.2550516040002674	-0.0027930504106084	-0.0003540258299479	7.801130596199753e-06	1.2533428827029966e-07	0.0003671363227866	-4.77205129756e-05	1.3478907950926657e-07	2.2772473586544075e-09	0.0002610134076604	0.0001430068998269	6.812799897849416e-08	2.0450973398101012e-08	249.6105784173917	-0.6950421699997946	62305.44085786486	0.4830836180780234	209.9887937342867	-0.049321065050492	44095.2934939808	0.0024325674577148	183.1171736933034	-0.1715130042070711	33531.89930142345	0.0294167106121348
0.0321073298586043	3.410421001603936e-06	1.1630971408181194e-11	0.0010308806306492	-0.1546750915246377	0.0656427140117159	0.0043089659028239	0.023924383938155	0.4786679380395213	-0.0263584018678813	0.0006947653490287	0.229122994907007	-0.0026520196403743	0.0001410307702341	7.033208172931031e-06	1.9889678152823605e-08	0.0004488866988157	8.175037602909996e-05	2.0149926837365693e-07	6.683123980899241e-09	8.609520918699022e-05	-0.0001749181984734	7.412385044951605e-09	3.0596376157183175e-08	249.1564169793409	-0.4541614380508179	62078.92012198319	0.2062626118123869	207.6887508716989	-2.300042862587816	43134.617238646606	5.290197169741154	182.8877176859941	-0.2294560073093237	33447.91728039188	0.0526500592903364
0.0273993647323749	-0.0047079651262294	2.2164935629792243e-05	0.0007507251877377	-0.1137344146940222	0.0409406768306155	0.0016761390193488	0.0129355170857918	0.388490980301583	-0.0901769577379382	0.0081318837068699	0.1509252417756849	-0.0023540026665135	0.0002980169738607	5.541328553952669e-06	8.881411670914853e-08	0.0005170030084233	6.811630960759998e-05	2.672921107187428e-07	4.639831634558418e-09	-1.8914774193746087e-06	-8.798668660636483e-05	3.5776868280040296e-12	7.74165701996666e-09	249.97289352721845	0.8164765478775564	62486.44749837009	0.6666339532340517	208.5866908256044	0.8979399539055066	43508.40758957627	0.8062961608198234	183.2228957776023	0.3351780916082134	33570.62953713012	0.1123443530941239
0.0230985747238321	-0.0043007900085428	1.8496794697581582e-05	0.0005335441542724	-0.1003052124049332	0.013429202289089	0.0001803434741212	0.0100611356355987	0.349408070078681	-0.039082910222902	0.0015274738714914	0.1220859994361084	-0.0022740057973149	7.99968691986004e-05	5.171102366221773e-06	6.399499081577981e-09	0.0004859865935431	-3.101641488019994e-05	2.361829691036264e-07	9.620179920206882e-10	1.205231926013203e-05	1.3943796679506638e-05	1.4525839954814947e-10	1.9442946583942034e-10	250.23801072376529	0.2651171965468393	62619.06201098727	0.0702871279048554	208.6585989485396	0.0719081229352127	43538.41091516749	0.0051707781440656	183.30882960660705	0.0859338290047446	33602.127011744094	0.0073846229674166
0.0285520850653284	0.0054535103414963	2.9740775044807108e-05	0.0008152215615777	-0.1814215678001858	-0.0811163553952526	0.0065798631126089	0.0329137852630774	0.4864398185603704	0.1370317484816893	0.0187777000919489	0.236623697081046	-0.0028750293638364	-0.0006010235665215	8.265793842921536e-06	3.612293275142243e-07	0.0001770769962003	-0.0003089095973428	3.135626258332106e-08	9.542513933049085e-08	0.0002942552837877	0.0002822029645275	8.658617203697985e-08	7.963851318814777e-08	250.10863273563103	-0.1293779881342516	62554.328168886765	0.0167386638136665	209.88672178552503	1.2281228369854205	44052.43598187438	1.5082857027251175	183.19878152937724	-0.1100480772298055	33561.79355384849	0.0121105793019772
0.0255330713074073	-0.0030190137579211	9.114444070516891e-06	0.0006519377303891	-0.1783493422541369	0.0030722255460489	9.438569805795538e-06	0.0318084878824832	0.4637522388157578	-0.0226875797446126	0.0005147262746681	0.2150661390066276	-0.0029510191130528	-7.598974921639969e-05	8.708513805602933e-06	5.7744419859713175e-09	0.000316382438587	0.0001393054423866	1.0009784744625681e-07	1.9406006278554183e-08	7.94672984552533e-05	-0.0002147879853324	6.315051523776303e-09	4.6133878643171336e-08	249.5626691290152	-0.5459636066158282	62281.52582279832	0.2980762597489628	208.9376499297771	-0.949071855747917	43654.941558178085	0.900737387372795	183.32356651127336	0.1247849818961128	33607.530038413264	0.0155712917068132
0.0175127460862682	-0.008020325221139	6.432561665283992e-05	0.0003066962754821	-0.0990438700786313	0.0793054721755056	0.0062893579169798	0.0098096882001527	0.3524386548205029	-0.1113135839952548	0.0123907139818686	0.1242130054116855	-0.0024119849904767	0.000539034122576	5.817671594284887e-06	2.9055778530138575e-07	0.0003501250224737	3.374258388670002e-05	1.2258753136220892e-07	1.1385619673509875e-09	-0.000103577817379	-0.0001830451158342	1.0728364252997476e-08	3.3505514430775215e-08	250.4332975866139	0.8706284575986842	62716.83654010551	0.757993911180664	209.72402390419168	0.7863739744145732	43984.16620256596	0.6183840276365719	183.3772755030585	0.0537089917851574	33627.22517092463	0.0028846557985781
0.024390169887809	0.0068774238015408	4.729895814599991e-05	0.0005948803871561	-0.1155464710435296	-0.0165026009648982	0.0002723358386066	0.0133509869706132	0.3880742200895213	0.0356355652690184	0.0012698935120424	0.1506016002980902	-0.0025050156701976	-9.30306797208998e-05	6.2751035079355305e-06	8.654707369332641e-09	0.0002338342469314	-0.0001162907755422	5.467845503797495e-08	1.3523544476229598e-08	0.0001327932585623	0.0002363710759413	1.7634049519593862e-08	5.5871285541647824e-08	250.4546939092264	0.0213963226125031	62727.55370116428	0.0004578026213383	209.7628707966906	0.038846892498924	44000.46196486912	0.0015090810568229	183.41081349149167	0.033537988433153	33639.52650561074	0.0011247966681423
0.0321384596247611	0.007748289736952	6.003599384775722e-05	0.0010328805870523	-0.2376648807862551	-0.1221184097427255	0.0149129059980921	0.0564845955591448	0.4989422426805276	0.1108680225910063	0.0122917184332398	0.2489433615310745	-0.0035850356673844	-0.0010800199971868	1.285248073641831e-05	1.166443194323375e-06	0.000359209973348	0.0001253757264166	1.2903180495267086e-07	1.571907277449013e-08	0.0001626445723216	2.985131375930001e-05	2.6453256905676176e-08	8.911009331561743e-10	249.9801188469228	-0.474575062303586	62490.05981872165	0.2252214897604525	210.45622076480947	0.6933499681188664	44291.82085860623	0.4807341782904331	183.34158354894868	-0.0692299425429894	33614.136258236125	0.0047927849445056
0.0320671195480173	-7.134007674379494e-05	5.089406549810552e-09	0.0010283001561068	-0.1535558427640211	0.084109038022234	0.0070743302770256	0.0235793968469687	0.4582427954064201	-0.0406994472741075	0.0016564450084178	0.2099864595418901	-0.0028260441542052	0.0007589915131791	7.986525561517384e-06	5.760681170780514e-07	0.0005022742779003	0.0001430643045523	2.522794502402679e-07	2.046739523703325e-08	0.0001607103233241	-1.9342489975000127e-06	2.5827808022936762e-08	3.741319184329804e-12	249.38844203112515	-0.5916768157976549	62194.59501871187	0.3500814543524519	209.8551127616396	-0.6011080031698839	44039.16835220047	0.3613308314748851	183.1335383651072	-0.2080451838414774	33537.89287412419	0.0432827985196341
0.0292685189254342	-0.0027986006225831	7.832165444722542e-06	0.0008566462000884	-0.126418861830686	0.027136980933335	0.0007364157341761	0.015981728626566	0.3972630970871478	-0.0609796983192723	0.0037185236071094	0.1578179683072726	-0.0024980241544271	0.000328019999778	6.240124676101229e-06	1.075971202544247e-07	0.0003498179669405	-0.0001524563109598	1.223726099943848e-07	2.3242926751471247e-08	0.0001459373450726	-1.4772978251499988e-05	2.129770868683913e-08	2.182408864192916e-10	249.67619850798195	0.2877564768567993	62338.20410139721	0.0828037899730376	209.37885482463432	-0.4762579370052719	43839.50484767529	0.2268216225605176	183.316289913209	0.1827515481018053	33604.862147543696	0.0333981283336064
0.0320267498744755	0.0027582309490413	7.607837968249275e-06	0.0010257127075222	-0.165256518608146	-0.0388376567774599	0.0015083635839637	0.0273097169424845	0.4893909480800289	0.0921278509928811	0.0084875409285665	0.2395035000626695	-0.0029260468289673	-0.0004280226745401	8.561750045309591e-06	1.8320340992054586e-07	0.0002389800871072	-0.0001108378798332	5.71114820337649e-08	1.2285035605941048e-08	0.0003553503501344	0.0002094130050617	1.262738713406407e-07	4.3853806689013466e-08	249.8119022316024	0.1357037236204519	62405.98649657168	0.0184155006044559	209.6754766017833	0.296621777148971	43963.80548818497	0.0879844786790138	183.2638581888429	-0.0524317243661016	33585.641718260325	0.0027490857200028
0.0319801566682542	-4.659320622130148e-05	2.170926865980726e-09	0.001022730420526	-0.2163197098248588	-0.0510631912167127	0.0026074494972345	0.0467942168587111	0.5084720728030021	0.0190811247229731	0.0003640893206936	0.2585438488205814	-0.0028800228998353	4.602392913200014e-05	8.29453190357573e-06	2.1182020527473714e-09	0.0001110012467071	-0.0001279788404001	1.2321276770530482e-08	1.6378583590154265e-08	0.0003461601422384	-9.19020789599996e-06	1.1982684407450933e-07	8.445992117170001e-11	249.16201262900591	-0.6498896025964882	62081.708537336905	0.4223564955630213	208.8849991007054	-0.7904775010779019	43632.94284930169	0.6248546797103645	183.1809142939318	-0.0829438949110965	33555.24736156079	0.006879689703023
0.0320382776720862	5.812100383200541e-05	3.378051086439988e-09	0.0010264512361936	-0.1286200429493789	0.0876996668754798	0.0076912315700701	0.0165431154483	0.4818467656685641	-0.026625307134438	0.0007089069800031	0.2321763055852561	-0.0028490515872107	3.097131262460012e-05	8.117094946587809e-06	9.592222056907143e-10	0.0002930146326969	0.0001820133859897	8.585757497449923e-08	3.3128872679471914e-08	0.0003409181552371	-5.241987001300039e-06	1.162251885702674e-07	2.7478427721798576e-11	249.1956665907385	0.0336539617325968	62098.48024760251	0.001132589140299	208.0500826653013	-0.8349164354040681	43284.83689703871	0.6970854541078355	182.8732291390669	-0.3076851548648847	33442.61793574967	0.094670154524228
0.0276345291938895	-0.0044037484781967	1.9393000659219785e-05	0.0007636672037679	-0.1275802597183997	0.0010397832309791	1.0811491674255371e-06	0.0162767226698143	0.4419119222347518	-0.0399348434338123	0.0015947917200831	0.1952861470132133	-0.0026270437525305	0.0002220078346801	6.901358877709531e-06	4.9287478659390887e-08	0.0002866605036404	-6.354129056499998e-06	8.217424434736779e-08	4.0374956066657545e-11	0.0002588761892589	-8.204196597819997e-05	6.701688136520981e-08	6.7308841815681225e-09	249.4302584800349	0.2345918892963823	62215.45384541702	0.055033354523646	208.64196979441544	0.5918871291141272	43531.47155969377	0.3503303736109635	183.1194162933991	0.2461871543321763	33532.7206236352	0.0606081149581747
0.0394669600758987	0.0118324308820092	0.0001400064205775	0.0015576409376325	-0.2044304701124417	-0.076850210394042	0.0059059548376085	0.0417918171103939	0.5553477141029219	0.1134357918681701	0.0128676788767588	0.3084110835593407	-0.0041370456043851	-0.0015100018518545	1.7115146332762078e-05	2.280105592604321e-06	0.0001686949485728	-0.0001179655550676	2.8457985673979644e-08	1.3915872182406968e-08	0.0003898495557549	0.000130973366496	1.519826761222929e-07	1.7154022731295533e-08	249.29075321868063	-0.1395052613542589	62145.87964033713	0.01946171794552	208.78449353968844	0.1425237452729959	43590.9647426242	0.0203130179666418	183.08484061165103	-0.0345756817480662	33520.05886179367	0.0011954777683435
0.033714619363991	-0.0057523407119077	3.30894236658708e-05	0.0011366755588587	-0.181838925385307	0.0225915447271347	0.0005103778931581	0.0330653947852832	0.5110498565895512	-0.0442978575133707	0.0019623001802749	0.2611719559202008	-0.0031850381793701	0.0009520074250149	1.0144468204045202e-05	9.063181372836902e-07	0.0003362093204195	0.0001675143718466	1.13036707136942e-07	2.806106477519447e-08	0.0001830360826833	-0.0002068134730716	3.350220756404784e-08	4.2771812643937416e-08	248.80755341044315	-0.4831998082374866	61905.19863409052	0.2334820546807438	207.86346779681267	-0.92102574287577	43207.22124451658	0.848288419039864	183.01847457680208	-0.0663660348489543	33495.762036419546	0.0044044505815726
0.029662528781273	-0.0040520905827179	1.6419438090551872e-05	0.0008798656136998	-0.1179208474355135	0.0639180779497935	0.0040855206887958	0.0139053262599096	0.4373899970363055	-0.0736598595532456	0.0054257749094038	0.1913100095074193	-0.0025860290566843	0.0005990091226858	6.687546282015491e-06	3.5881192906081186e-07	0.0004408505712669	0.0001046412508474	1.943492261863521e-07	1.0949791378908496e-08	0.0001160694144849	-6.696666819840001e-05	1.3472108978867515e-08	4.4845346495945995e-09	249.26520580051545	0.4576523900722975	62133.14282277332	0.2094457101388863	208.2778989507797	0.4144311539670298	43379.6831913512	0.1717531813784439	182.9958123405432	-0.022662236258867	33487.46733417531	0.0005135769522527
0.0257790135956383	-0.0038835151856347	1.5081690197055338e-05	0.0006645575419641	-0.0973712068844747	0.0205496405510387	0.0004222877267768	0.0094811519301391	0.3709570715126915	-0.0664329255236139	0.004413333593626	0.1376091489052721	-0.0024690431216501	0.0001169859350342	6.09617393656767e-06	1.3685708995826122e-08	0.0002761427617092	-0.0001647078095577	7.625482484438401e-08	2.712866252929557e-08	0.0002893410497794	0.0001732716352944	8.371824308744522e-08	3.00230595976302e-08	249.7790888490665	0.5138830485510653	62389.59322626986	0.2640757875881365	208.4426322774684	0.1647333266886903	43448.330950759904	0.0271370689219227	183.19654916620803	0.2007368256648192	33560.97562640688	0.040295273177988
0.029633777744749	0.0038547641491106	1.4859206645269136e-05	0.0008781607834251	-0.181085709366215	-0.0837145024817402	0.0070081179257653	0.0327920341366652	0.4933024099339889	0.1223453384212973	0.0149683818334217	0.2433472676466812	-0.0029770251331769	-0.0005079820115268	8.862678643566938e-06	2.58045724034814e-07	0.0002201631727529	-5.597958895629999e-05	4.8471822636623294e-08	3.133714379716304e-09	0.0002263289984534	-6.3012051326e-05	5.122481554091913e-08	3.9705186123104584e-09	249.67511110499927	-0.1039777440672367	62337.66110529373	0.0108113712613117	208.2458110849908	-0.1968211924775857	43366.31783444568	0.0387385818082988	183.0691805399697	-0.1273686262383364	33514.32486357602	0.016222766949841
0.0324841807487246	0.0028504030039755	8.124797285073118e-06	0.0010552219989158	-0.1977847899082547	-0.0166990805420397	0.0002788592909495	0.0391188231190524	0.4893010710899403	-0.0040013388440485	1.601071254489198e-05	0.2394155381697628	-0.002860020499395	0.0001170046337818	8.179717256959627e-06	1.3690084326436482e-08	0.0002112762939674	-8.886878785500013e-06	4.463767239259922e-08	7.897661454817018e-11	0.0001568030733203	-6.952592513309998e-05	2.4587203802691384e-08	4.833854265613423e-09	249.30275953104783	-0.3723515739514482	62151.86590979546	0.1386456946241208	207.92363577091947	-0.3221753140713304	43232.23831219799	0.1037969329969603	183.1153144964884	0.0461339565187017	33531.218403147854	0.0021283419440694
0.031149094926036	-0.0013350858226885	1.7824541539440893e-06	0.0009702661147112	-0.1375719865037723	0.0602128034044824	0.0036255816938268	0.0189260514705941	0.4342267675764333	-0.055074303513507	0.0030331789074978	0.1885528856798778	-0.0025830252245004	0.0002769952748946	6.672019310405342e-06	7.672638231393507e-08	0.0001641083320165	-4.716796195089999e-05	2.69315446372378e-08	2.224816634601549e-09	0.0003032125868111	0.0001464095134908	9.193787280067888e-08	2.1435745640612747e-08	249.6687757035766	0.3660161725287878	62334.497561322845	0.1339678385526233	208.06807711580967	0.1444413448901969	43292.32471467052	0.0208633021136888	183.121834663139	0.0065201666506027	33533.60633039402	4.251257315163205e-05
0.0224508332003239	-0.0086982617257121	7.565975704898805e-05	0.0005040399113887	-0.1189451458743633	0.018626840629409	0.0003469591918334	0.0141479477270735	0.3763424921666427	-0.0578842754097906	0.0033505893397164	0.1416336714101995	-0.0023595542853021	0.0002234709391983	5.567496425287504e-06	4.99392606661704e-08	0.0003161020179269	0.0001519936859104	9.992048573745821e-08	2.310208055662933e-08	0.0003373738682632	3.4161281452100016e-05	1.1382112698687505e-07	1.1669931504495922e-09	250.3732879142671	0.7045122106904955	62686.78330100049	0.4963374550120091	208.6724938656421	0.6044167498324384	43544.209696106445	0.3653196074780084	183.4485107081375	0.3266760449984929	33653.356081033635	0.1067172383758573
0.0311521181985483	0.0087012849982243	7.571236062032498e-05	0.0009704544682563	-0.1877325550869102	-0.0687874092125468	0.0047317076661743	0.0352435122394597	0.4875560179646925	0.1112135257980498	0.0123684483204334	0.2377108706535875	-0.0026700262935091	-0.000310472008207	7.129040408029943e-06	9.63928678800876e-08	0.0002277604910554	-8.834152687149999e-05	5.187484128579696e-08	7.804225369987954e-09	0.0001798037372569	-0.0001575701310063	3.232938393154833e-08	2.4828346185342552e-08	250.0518454250192	-0.3214424892479144	62525.925400457694	0.1033252738938955	209.04424806148447	0.3717541958423567	43699.49764759145	0.1382011821263973	183.32667865826824	-0.1218320498692548	33608.671107871945	0.0148430483753446
0.0329175693562717	0.0017654511577234	3.1168177903068986e-06	0.0010835663723249	-0.2039709679057892	-0.016238412818879	0.0002636860508763	0.0416041557484244	0.4980164334288446	0.0104604154641521	0.0001094202916826	0.2480203679651868	-0.0026870083578199	-1.6982064310799763e-05	7.220013914993995e-06	2.88390508256139e-10	0.0002609458750189	3.3185383963499994e-05	6.809274968937939e-08	1.1012697088049226e-09	4.035050505702873e-05	-0.0001394532321998	1.6281632583573011e-09	1.9447203970991217e-08	249.60665062918272	-0.4451947958364712	62303.480038318885	0.1981984062398773	208.3897051222781	-0.6545429392063795	43426.26920095002	0.4284264592649262	183.31646800246733	-0.010210655800904	33604.92744089963	0.0001042574918845
0.029505328085591	-0.0034122412706807	1.1643390489336638e-05	0.0008705643854383	-0.1394991477880864	0.0644718201177028	0.0041566155892894	0.0194600122336023	0.437808292560419	-0.0602081408684256	0.0036250202268321	0.1916761010346694	-0.0025450062699394	0.0001420020878804	6.477056914030859e-06	2.0164592962421183e-08	0.0004909774955947	0.0002300316205758	2.410589011804437e-07	5.2914546464728824e-08	1.812478849027026e-05	-2.222571656675847e-05	3.285079578170333e-10	4.939824769058819e-10	249.81730631019016	0.210655681007438	62408.68653207938	0.0443758159407074	207.8351660018272	-0.5545391204508974	43195.45622700707	0.3075136361104548	183.3990057725673	0.0825377700999752	33635.195318366175	0.0068124834930763
0.0314879480681327	0.0019826199825417	3.930781995173659e-06	0.0009914908735414	-0.1322927019286481	0.0072064458594383	5.193286192501548e-05	0.0175013589835821	0.4316594775659581	-0.0061488149944608	3.780792583610658e-05	0.1863299045725159	-0.0024460222760953	9.89839938441003e-05	5.983024975154431e-06	9.797831037328886e-09	0.0002708340688375	-0.0002201434267572	7.33510928430757e-08	4.8463128344402686e-08	0.0001358312452376	0.0001177064567473	1.8450127182797043e-08	1.3854809960011008e-08	250.326558152732	0.5092518425418291	62663.38571659311	0.2593374391322479	208.6892040455595	0.8540380437323165	43551.18388516917	0.7293809801421222	183.4050307261876	0.0060249536202832	33637.405295673816	3.63000661265638e-05
0.0344629473163706	0.0029749992482378	8.850620527016037e-06	0.0011876947377309	-0.2167777628635576	-0.0844850609349095	0.0071377255211753	0.0469925984721288	0.5002734184830757	0.0686139409171175	0.0047078728881777	0.2502734932407426	-0.0026640136249253	-0.00021799134883	7.096968593787637e-06	4.7520228164722886e-08	0.000190857018278	-7.997705055950001e-05	3.642640142596882e-08	6.396328616196821e-09	0.0001077541860377	-2.80770591999e-05	1.1610964608647264e-08	7.88321253314689e-10	249.49299696362985	-0.8335611891021415	62246.75553389381	0.6948242559773761	208.00189398095964	-0.6873100645998704	43264.78789966637	0.4723951249002781	183.164255623331	-0.2407751028565883	33549.144538048946	0.0579726501556006
0.0296089453537433	-0.0048540019626272	2.356133505318965e-05	0.0008766896449609	-0.1380278530337619	0.0787499098297957	0.0062015482982009	0.0190516882131097	0.4330945432223529	-0.0671788752607228	0.0045130012812957	0.1875708833689785	-0.0024810190525748	0.0001829945723505	6.1554555392391584e-06	3.3487013509742384e-08	0.0002342898467915	4.343282851350001e-05	5.4891732309584553e-08	1.886410592683099e-09	0.0001697913271267	6.2037141089e-05	2.8829094767446052e-08	3.848606874496491e-09	249.71256497871985	0.2195680150900045	62356.36510825138	0.0482101132505644	208.44279465776808	0.4409006768084396	43448.39864474047	0.19439340681014	183.42806014427163	0.2638045209406243	33645.85324829053	0.0695928252687123
0.0182494334772513	-0.011359511876492	0.0001290385100721	0.0003330418222406	-0.1004894881709503	0.0375383648628115	0.0014091288365735	0.0100981372328595	0.351489956126997	-0.0816045870953559	0.0066593086350035	0.1235451892581582	-0.0021660497579135	0.0003149692946613	4.691771553757132e-06	9.920565657943693e-08	0.0004602803671891	0.0002259905203976	2.1185801641973285e-07	5.107171530957806e-08	0.0002029987957421	3.3207468615400007e-05	4.120851107274284e-08	1.1027359718427763e-09	249.68177315167063	-0.030791827049228	62340.98784416231	0.0009481366130295	208.3830764729926	-0.0597181847754768	43423.50656034908	0.0035662615928779	183.0834232992653	-0.3446368450063346	33519.53988697796	0.1187745549359203
0.0296401979194484	0.0113907644421971	0.0001297495145776	0.000878541332704	-0.1383970707962021	-0.0379075826252517	0.0014369848204902	0.0191537492049689	0.4486536686064823	0.0971637124794853	0.009440787022796	0.2012901143540552	-0.0025970319062948	-0.0004309821483813	6.744574722313203e-06	1.8574561222336105e-07	0.0002812279555435	-0.0001790524116456	7.908916297917684e-08	3.20597661161054e-08	0.0002098656843202	6.866888578100001e-06	4.404360545518584e-08	4.7154158744040246e-11	249.6270942347276	-0.0546789169430326	62313.68617607357	0.002989783958063	207.20681474158104	-1.176261731411557	42934.66407535189	1.3835916607833143	183.2821860049648	0.1987627056995222	33592.35970675852	0.0395066131769949
0.0297020568019519	6.185888250350227e-05	3.826521344582099e-09	0.0008822121782663	-0.2442889477847813	-0.1058918769885792	0.0112130896121643	0.0596770900097956	0.5189461215906448	0.0702924529841624	0.0049410289465306	0.2693050771139723	-0.003827028484543	-0.0012299965782481	1.4646147021503492e-05	1.51289158250228e-06	0.0001680001026087	-0.0001132278529348	2.822403447653373e-08	1.2820546680224696e-08	0.0002618223185419	5.195663422169998e-05	6.855092648665616e-08	2.699491839647525e-09	249.16300477215148	-0.464089462576112	62082.20294708718	0.2153790292741845	206.63705448394128	-0.5697602576397571	42698.87228579932	0.3246267511857224	183.2936412202216	0.0114552152567739	33596.558911767315	0.000131221956579
0.0259829918322083	-0.0037190649697436	1.3831444249173982e-05	0.0006751158645526	-0.1350502068913925	0.1092387408933888	0.0119331025119729	0.0182385583814079	0.4540418050873427	-0.064904316503302	0.0042125703007608	0.2061539607669725	-0.0026340250350186	0.0011930034495244	6.938087885104736e-06	1.423257230577118e-06	0.000248254176282	8.02540736733e-05	6.163013604145434e-08	6.440716341159464e-09	0.0001868275658488	-7.499475269309998e-05	3.49045393609877e-08	5.624212931499227e-09	249.1557986910984	-0.0072060810530842	62078.61202139915	5.192760414362039e-05	206.8633045602352	0.2262500762939225	42792.42677358063	0.0511890970230057	183.26785089401	-0.0257903262115917	33587.10517130908	0.0006651409261003
0.0296126020671181	0.0036296102349098	1.3174070457361989e-05	0.0008769062011854	-0.1168786730632263	0.0181715338281661	0.0003302046416681	0.0136606242170205	0.3871480113071328	-0.0668937937802099	0.0044747796463092	0.1498835826590678	-0.0024940047934968	0.0001400202415217	6.220059909985016e-06	1.960566803582314e-08	0.0004099802071122	0.0001617260308302	1.680837702237624e-07	2.61553090480908e-08	1.6011143664958205e-05	-0.0001708164221838	2.563567214599313e-10	2.917825008768848e-08	249.81215395157872	0.6563552604803249	62406.11226192727	0.4308022279601951	206.78570027452835	-0.0776042857068546	42760.32583802708	0.0060224251600711	183.3060539568636	0.0382030628535972	33601.109417236585	0.0014594740113958
0.0265939970007167	-0.0030186050664014	9.111976546904217e-06	0.0007072406764741	-0.1413883474402979	-0.0245096743770716	0.00060072413807	0.0199906647918983	0.459531138766863	0.0723831274597302	0.0052393171408515	0.2111688674963699	-0.0025670209926699	-7.301619917309985e-05	6.589596776807959e-06	5.331365341685788e-09	0.000338899407825	-7.108079928720002e-05	1.1485280862413569e-07	5.052480027307214e-09	7.843470012439666e-05	6.242355645943846e-05	6.1520021836040305e-09	3.896700401044701e-09	249.81576661206515	0.003612660486425	62407.917247973804	1.3051315790176927e-05	208.28314027989163	1.4974400053632737	43381.866524853016	2.2423265696623607	183.32417935561173	0.0181253987481397	33607.7547364085	0.000328530079779
0.029614382529175	0.0030203855284583	9.122728740520336e-06	0.0008770116525843	-0.2380756484034947	-0.0966873009631968	0.0093484341675477	0.0566800143627444	0.5374809122625663	0.0779497734957033	0.0060761671880314	0.2888857310466005	-0.0043350357612259	-0.001768014768556	1.879253505110742e-05	3.125876221832127e-06	0.0002110937158228	-0.0001278056920022	4.4560556859877046e-08	1.6334294908161208e-08	0.0001879584385049	0.0001095237383805	3.532837460520028e-08	1.1995449268840942e-08	249.19794373601664	-0.6178228760485069	62099.61516225892	0.3817051061688488	208.5229188716158	0.2397785917241606	43481.80769473846	0.0574937730492217	183.2965763959734	-0.0276029596383295	33597.63491848492	0.0007619233807952
0.0295921654049635	-2.2217124211500183e-05	4.936006082292273e-10	0.0008756962533547	-0.1337544432435891	0.1043212051599056	0.0108829138460151	0.0178902510874024	0.4626312461645057	-0.0748496660980606	0.0056024725149911	0.2140276699277234	-0.0025850170151264	0.0017500187460995	6.682312968493002e-06	3.062565611699667e-06	0.0004133921727309	0.0002022984569081	1.7089308847517428e-07	4.09246656673984e-08	8.403548000208505e-05	-0.0001039229585028	7.061961899180837e-09	1.07999813039778e-08	248.93760093473	-0.2603428012866402	61969.92915913889	0.067778374181775	206.7562917749933	-1.7666270966225	42748.16418854616	3.120971298520844	183.25435897981984	-0.0422174161535622	33582.160085104675	0.001782310226683
0.0233606377627069	-0.0062315276422565	3.883193675620809e-05	0.0005457193966804	-0.1050645555674378	0.0286898876761513	0.0008231096548701	0.0110385608365832	0.3885497579098	-0.0740814882547056	0.005488066902032	0.1509709143717642	-0.0024960166043845	8.90004107418998e-05	6.23009888936313e-06	7.921073112226873e-09	0.0003668889870074	-4.650318572349999e-05	1.3460752878731616e-07	2.162546282434333e-09	8.895834047776652e-05	4.922860475681462e-06	7.913586340558233e-09	2.423455526302672e-11	249.6830097585984	0.745408823868388	62341.605362112336	0.5556343147008536	208.80732198268808	2.0510302076947937	43600.49771358197	4.206724912876549	183.4458953474445	0.1915363676246499	33652.396519825554	0.036686180122845
0.0296066263537824	0.0062459885910754	3.901237347984529e-05	0.0008765523240524	-0.1647793792311773	-0.0597148236637395	0.0035658601651915	0.0271522438198121	0.4819095733560488	0.0933598154462487	0.0087160551401576	0.2322368368922089	-0.0028300585844414	-0.0003340419800569	8.009231591370461e-06	1.1158404444033437e-07	0.0003950845581779	2.819557117049996e-05	1.5609180811062648e-07	7.949902336307281e-10	0.0002940597818227	0.0002051014413449	8.647115528561392e-08	4.20666012417692e-08	249.41740041668763	-0.2656093419107606	62209.03963061829	0.0705483225102673	208.922697115959	0.1153751332709305	43648.69337020675	0.0133114213772849	183.20073773566327	-0.2451576117812237	33562.51030689127	0.0601022546142732
0.0295850231905774	-2.160316320500011e-05	4.666966604618702e-10	0.000875273597187	-0.2042227541770387	-0.0394433749458613	0.0015557798271198	0.0417069333236551	0.4908085229960335	0.0088989496399847	7.91913046949842e-05	0.2408930062455479	-0.0027260296864932	0.0001040288979482	7.431237851642214e-06	1.0822011608317033e-08	0.0002437118308085	-0.0001513727273693	5.939545647603096e-08	2.2913702591250693e-08	0.0002118317837548	-8.222799806790001e-05	4.487270460874034e-08	6.761443666254568e-09	249.133044844718	-0.2843555719696269	62067.27403360027	0.0808580913101736	208.5594604045787	-0.3632367113803241	43497.04852424903	0.1319409084943928	183.4317941386467	0.2310564029834267	33647.223100922856	0.0533870613596397
0.0255583303960804	-0.004026692794497	1.621425486125407e-05	0.0006532282526352	-0.1219271992558077	0.082295554921231	0.0067725583597933	0.0148662419183654	0.4208085214090289	-0.0700000015870045	0.0049000002221806	0.1770798116904531	-0.0026190090564982	0.0001070206299949	6.859208438019592e-06	1.1453415244526682e-08	0.0003379639361711	9.425210536259998e-05	1.1421962215226342e-07	8.883459365282649e-09	2.794253362985795e-05	-0.0001838892501249	7.807851856557426e-10	3.3815256311513497e-08	249.384087833782	0.2510429890639898	62192.42326468749	0.0630225823581825	207.9961364177948	-0.5633239867838995	43262.3927647299	0.317333914086107	183.3678323809785	-0.0639617576681814	33623.76195209863	0.0040911064440031
0.0271974600027391	0.0016391296066587	2.686745867425111e-06	0.0007397018306005	-0.1049219188909091	0.0170052803648985	0.0002891795602888	0.0110086090637505	0.3601937189164914	-0.0606148024925375	0.0036741542812093	0.1297395151468924	-0.0024650230105451	0.000153986045953	6.076338442516829e-06	2.371170234827019e-08	0.0003238317182125	-1.4132217958599988e-05	1.0486698172046001e-07	1.99719584429376e-10	0.0001368992628156	0.0001089567291857	1.8741408159454723e-08	1.1871568834855131e-08	249.98337548464767	0.5992876508656764	62491.68801869835	0.3591456884801008	208.57905861874843	0.5829222009536466	43505.2236942833	0.3397982923646435	183.4911737183388	0.1233413373603014	33669.01083253359	0.0152130855018276
0.0296743889812063	0.0024769289784671	6.135177164370564e-06	0.0008805693614079	-0.2039042371648634	-0.0989823182739542	0.0097974993308863	0.0415769379337848	0.4849799970793782	0.1247862781628868	0.0155716152177453	0.2352055975671137	-0.0029810478942121	-0.0005160248836669	8.886646547586395e-06	2.662816805635406e-07	0.0004482217660939	0.0001243900478814	2.0090275160033482e-07	1.5472884011936986e-08	0.0001876686452717	5.076938245610001e-05	3.5219520418115176e-08	2.577530194973755e-09	249.775661176976	-0.2077143076716652	62387.88091639552	0.0431452336115191	208.5526728569193	-0.0263857618291467	43494.2173557652	0.0006962084273044	183.4009659196111	-0.0902077987277039	33635.91430024635	0.0081374469512979
0.0295826808804378	-9.170810076850056e-05	8.410375746565452e-09	0.0008751350080738	-0.2009860938444205	0.0029181433204428	8.51556043864539e-06	0.0403954099188382	0.4828648277954386	-0.0021151692839396	4.473941099721653e-06	0.2331584419219185	-0.0028620174843963	0.0001190304098157	8.191144080990126e-06	1.4168238460917246e-08	0.0003443862540453	-0.0001038355120486	1.1860189197535393e-07	1.078181356239496e-08	7.999354924431777e-05	-0.0001076750960273	6.398967920703092e-09	1.1593926304505984e-08	249.4902965167732	-0.2853646602027879	62245.40805602742	0.0814329892926526	209.0472379197465	0.4945650628272062	43700.747681875095	0.2445946013692784	183.4446666552417	0.0437007356305798	33651.94572425274	0.0019097542946538
0.0296231585143118	4.047763387400247e-05	1.638438844037792e-09	0.000877531520364	-0.1344431600934541	0.0665429337509664	0.0044279620321855	0.0180749632959141	0.4180918101947242	-0.0647730176007144	0.0041955438091024	0.1748007617519013	-0.0026130084315218	0.0002490090528745	6.827813063204018e-06	6.200550841345557e-08	0.0003909745793753	4.658832533e-05	1.5286112171769276e-07	2.170472057053919e-09	2.0010580251529977e-05	-5.998296899278779e-05	4.004233220029216e-10	3.597956569189742e-09	250.0955071534933	0.6052106367200736	62547.76269836301	0.3662799147991168	209.15192271699297	0.1046847972464775	43744.526776215	0.0109589067745361	183.5340893833801	0.0894227281384303	33684.761965786565	0.0079964243077196
0.0297466543701148	0.0001234958558029	1.5251226400515163e-08	0.000884863446215	-0.1102218686904166	0.0242212914030375	0.0005866709572308	0.0121488603376074	0.3951027759863024	-0.0229890342084218	0.0005284956938359	0.1561062035920822	-0.0026400662152088	-2.705778368699988e-05	6.969949620686917e-06	7.321236580524768e-10	0.0005581911152525	0.0001672165358772	3.1157732114682973e-07	2.7961369870770923e-08	0.0002347373146732	0.0002147267344216	5.510160689998493e-08	4.6107570475394416e-08	250.6660105440561	0.5705033905628056	62833.44884207284	0.3254741186436571	208.9427766617308	-0.2091460552621811	43657.08391911391	0.0437420724317313	183.5154024393394	-0.0186869440407235	33677.902932472694	0.0003492018775811
0.0297433809609515	-3.273409163302016e-06	1.0715207550389604e-11	0.0008846687109882	-0.2328199695348303	-0.1225981008444137	0.015030294330657	0.0542051382141993	0.4998030513377358	0.1047002753514333	0.0109621476586659	0.2498030901265113	-0.003012039677616	-0.0003719734624072	9.072383019533096e-06	1.3836425673520065e-07	0.0002541182904436	-0.0003040728248089	6.457610553797785e-08	9.2460282787264e-08	0.0002538829659805	1.9145651307299983e-05	6.445656041505572e-08	3.665559639807176e-10	250.2410072888932	-0.4250032551628919	62620.5617289599	0.1806277668990542	209.346696472168	0.4039198104372019	43826.03932381004	0.1631512132636251	183.50947840494672	-0.0059240343926774	33675.72866445561	3.5094183485624846e-05
0.0296332688357097	-0.0001101121252417	1.2124680125265537e-08	0.0008781306218894	-0.1614611137090378	0.0713588558257925	0.0050920863047662	0.0260696912401628	0.4560832256910316	-0.0437198256467041	0.0019114231545782	0.2080119087567364	-0.0025460501528267	0.0004659895247893	6.4823713807088615e-06	2.1714623721335774e-07	0.0004282100005768	0.0001740917101332	1.8336380459398305e-07	3.030792353710213e-08	0.0002280456484244	-2.5837317556100004e-05	5.2004817765305054e-08	6.675669784947535e-10	250.46467085795408	0.223663569060875	62732.55134798327	0.0500253921250488	210.1865437974321	0.8398473252641168	44178.38319350984	0.7053435297532912	183.6301478735845	0.1206694686378	33720.03120807452	0.014561120661329
0.023348781220676	-0.0062844876150336	3.9494784583511954e-05	0.0005451655844909	-0.1337215645261693	0.0277395491828685	0.0007694825888687	0.0178814568193264	0.3975804246964856	-0.058502800994546	0.0034225777242074	0.1580701941018378	-0.0026110615185905	-6.501136576380013e-05	6.817642253864128e-06	4.226477678474603e-09	0.00048920297454	6.099297396320002e-05	2.393195502987839e-07	3.720142872875596e-09	0.0002286388478944	5.931994700000191e-07	5.2275722766478594e-08	3.518856112083036e-13	250.7509434597236	0.2862726017695252	62876.03564594151	0.0819520025238931	209.95085944723576	-0.235684350196351	44079.36338263295	0.0555471129274762	183.60208299858817	-0.0280648749963461	33709.72488142046	0.0007876372085605
0.0252176430111461	0.00186886179047	3.4926443918791025e-06	0.0006359295190376	-0.136156705848137	-0.0024351413219677	5.929913257954619e-06	0.0185386485474161	0.3585299437232834	-0.0390504809732021	0.0015249400642384	0.1285437205462207	-0.0025510529230178	6.000859557269995e-05	6.5078710160376615e-06	3.6010315426078636e-09	0.0005452786723552	5.607569781519999e-05	2.973288305254496e-07	3.144483885461624e-09	0.0001746961129618	-5.394273493260001e-05	3.051873188396198e-08	2.909818652008746e-09	250.76916896275023	0.0182255030266276	62885.17610226837	0.0003321689605736	210.23547994735392	0.2846205001181658	44198.957028694254	0.0810088290875148	183.6087120457969	0.0066290472087473	33712.159139116375	4.394426689580106e-05
0.029740032073704	0.0045223890625579	2.0452002833143334e-05	0.0008844695077449	-0.197559140503202	-0.061402434655065	0.0037702589815695	0.0390296139963639	0.4580766434832384	0.099546699759955	0.0099095454330986	0.2098342113048699	-0.0030570700749055	-0.0005060171518877	9.34567744288272e-06	2.5605335800453964e-07	0.0005376407713588	-7.637900996400001e-06	2.890575990272855e-07	5.833753163080812e-11	0.000235321262911	6.06251499492e-05	5.537609677802798e-08	3.6754088063629846e-09	250.7617949723955	-0.007373990354722	62881.47781777772	5.43757337515343e-05	209.77416934561225	-0.4613106017416726	44005.2021246416	0.212807471279264	183.7945361236731	0.185824077876191	33780.43150891618	0.0345305879185367
0.0298071085914273	6.707651772329751e-05	4.4992592298838445e-09	0.0008884637225811	-0.200379880536758	-0.002820740033556	7.956574336905545e-06	0.0401520965239254	0.4691719634536042	0.0110953199703657	0.0001231061252447	0.2201223312909101	-0.0031650351796677	-0.0001079651047622	1.001744768853415e-05	1.1656463846312824e-08	0.0005103009636142	-2.733980774459997e-05	2.604070734655811e-07	7.474650875116885e-10	0.0001268083875061	-0.0001085128754049	1.6080367141897223e-08	1.177504412863935e-08	250.34823899761568	-0.4135559747798254	62674.2407692073	0.1710285442760916	210.12859491794669	0.3544255723344349	44154.02640219053	0.1256174863245917	183.67673641340485	-0.1177997102682582	33737.1434994794	0.0138767717392855
0.0253666594208965	-0.0044404491705307	1.971758883606764e-05	0.0006434674101757	-0.1371437487232896	0.0632361318134684	0.0039988083667303	0.0188084078138768	0.4068969427309667	-0.0622750207226374	0.0038781782060049	0.1655651220038076	-0.0029359808546433	0.0002290543250244	8.619983578832003e-06	5.2465883812383483e-08	0.0004336590371742	-7.664192644000003e-05	1.8806016052285417e-07	5.873984888434376e-09	-0.0001078641704247	-0.0002346725579307	1.1634679261408726e-08	5.507120944578467e-08	250.92379176069443	0.5755527630787469	62962.74927156434	0.3312609830875802	210.262559351008	0.1339644330613225	44210.34386483616	0.0179464693254415	183.61038493570584	-0.0663514776990155	33712.77345623807	0.0044025185928429
0.0187575537029971	-0.0066091057178994	4.368027839037055e-05	0.0003518458209208	-0.1528420322286905	-0.0156982835054008	0.0002464361050159	0.023360686815796	0.398252350168164	-0.0086445925628027	7.472898057686375e-05	0.1586049344144659	-0.0026010100180542	0.0003349708365891	6.76525311401831e-06	1.1220546136520157e-07	0.0004389642079638	5.30517078960001e-06	1.9268957587328626e-07	2.814483710682519e-11	2.807085194205124e-05	0.0001359350223667	7.87972728752562e-10	1.847833030584916e-08	251.11363336865423	0.1898416079598064	63058.0568636069	0.0360398361127648	210.76095874867545	0.4983993976674412	44420.18173266087	0.2484019595952682	183.6654636955809	0.055078759875073	33733.00255451275	0.0030336697893759
0.0275881865977396	0.0088306328947425	7.798007732170832e-05	0.0007611080397516	-0.2417538739735221	-0.0889118417448316	0.0079053156024579	0.0584449355812056	0.4663504655273698	0.0680981153592057	0.0046373533154757	0.2174827566975945	-0.0029514772087137	-0.0003504671906595	8.711217713556415e-06	1.2282725172876237e-07	0.0004426697520587	3.7055440949e-06	1.9595650938771094e-07	1.373105703924826e-11	-0.0001148475482306	-0.0001429184001726	1.3189959334579994e-08	2.0425669107910082e-08	250.77744534134328	-0.3361880273109534	62889.32709193042	0.1130223897072303	210.7374879431217	-0.0234708055537566	44410.28882457736	0.0005508787133422	183.87080655580965	0.2053428602287397	33808.473503483976	0.0421656902469197
0.0278468831224074	0.0002586965246677	6.692389187519663e-08	0.000775448899633	-0.1784379709736896	0.0633159029998325	0.0040089035726841	0.0318401094852072	0.4444639525076326	-0.0218865130197372	0.0004790194521631	0.197548205078707	-0.0028719505168998	7.95266918138999e-05	8.24809977152103e-06	6.3244947108630145e-09	0.0004713109409439	2.86411888852e-05	2.221340030534244e-07	8.203177007577041e-10	-0.0002153228874416	-0.0001004753392109	4.6363945856187954e-08	1.0095293789565512e-08	250.56902810232071	-0.208417239022566	62784.83784414159	0.0434377455217894	211.0432233830716	0.305735439949899	44539.242135917055	0.0934741592413583	183.82154019091325	-0.0492663648963969	33790.35863815954	0.0024271747101049
0.0299168112437797	0.0020699281213722	4.284602427647858e-06	0.0008950155949959	-0.1594931995840056	0.018944771389684	0.0003589043630073	0.0254380807135434	0.3943842946861764	-0.0500796578214561	0.0025079721275141	0.1555389718951128	-0.0027499728798002	0.0001219776370996	7.562350839636605e-06	1.4878543952401758e-08	0.0004531901506961	-1.8120790247800028e-05	2.053813126879538e-07	3.2836303920476447e-10	-0.0001373768893873	7.794599805429999e-05	1.8872409737730466e-08	6.075578612680937e-09	250.9393394415444	0.3703113392236901	62970.55207935864	0.1371304879576428	211.11380146919413	0.0705780861225378	44569.03717077431	0.0049812662407203	183.68385447596	-0.1376857149532497	33739.758395145655	0.0189573561021875
0.029872115401389	-4.469584239069971e-05	1.997718327014269e-09	0.0008923432785539	-0.1523141675893242	0.0071790319946813	5.153850038065913e-05	0.0231996056484287	0.3603588055042053	-0.0340254891819711	0.0011577339140724	0.1298584687044176	-0.0028020025115027	-5.202963170250008e-05	7.851218074467438e-06	2.707082575097801e-09	0.0004260270677882	-2.716308290789997e-05	1.8149906248821162e-07	7.378330730614472e-10	-1.890348608486834e-05	0.0001184734033024	3.5734178616081075e-10	1.4035947290060626e-08	250.73704490237867	-0.2022945391657344	62869.06568637746	0.0409230805762768	212.0527426496465	0.9389411804523604	44966.3656652372	0.881610540349272	183.72102978260352	0.0371753066435189	33753.41678438029	0.0013820034240396
0.0331286686133154	0.0032565532119263	1.0605138822108146e-05	0.0010975086840908	-0.2203983538500153	-0.0680841862606911	0.0046354564187804	0.0485754343797965	0.4638596706488727	0.1035008651446673	0.0107124290856946	0.2151657940544806	-0.0030710467685386	-0.0002690442570358	9.431328254551375e-06	7.238481224399938e-08	0.0004196889138989	-6.338153889300004e-06	1.761387844496383e-07	4.017219472444877e-11	0.0002031444248023	0.0002220479108871	4.126765732825733e-08	4.9305274729355856e-08	250.8048928395492	0.0678479371705407	62903.09427225776	0.0046033425782976	211.5847294746561	-0.4680131749904035	44768.0977468634	0.219036331964598	183.8340923459023	0.1130625632987687	33794.973508641735	0.012783143219688
0.0298037505133663	-0.003324918099949	1.1055080371369114e-05	0.0008882635446629	-0.2286529737467617	-0.0082546198967463	6.813874963976139e-05	0.0522821824032372	0.4595497744080319	-0.0043098962408407	1.857520560681341e-05	0.211185995158473	-0.003020031061432	5.101570710660001e-05	9.120587612014091e-06	2.602602371586399e-09	0.000217161300579	-0.0002025276133199	4.71590304691628e-08	4.101743415705495e-08	0.0002248286605107	2.168423570840001e-05	5.05479265870356e-08	4.7020607825745e-10	250.0604515836716	-0.7444412558776037	62530.22944622977	0.5541927834526238	210.57420697719493	-1.010522497461153	44341.49664407453	1.021155717875126	183.82181624057648	-0.0122761053258102	33790.46012598427	0.0001507027619703
0.021391577968572	-0.0084121725447943	7.076464692339105e-05	0.0004575996079854	-0.134244356461167	0.0944086172855946	0.0089129870177778	0.0180215472416728	0.3820906762107086	-0.0774590981973233	0.0059999118935425	0.1459932848471565	-0.0026260106421915	0.0003940204192405	6.895931892903014e-06	1.5525209077845946e-07	0.00033291154462	0.000115750244041	1.1083009654127425e-07	1.3398118995551056e-08	6.793725648608618e-05	-0.0001568914040246	4.615470818856258e-09	2.4614912656814613e-08	250.95089089158645	0.8904393079148463	62976.34963928093	0.7928821610798704	210.887419473364	0.3132124961690579	44473.50369213458	0.0981020677564521	183.9193776008384	0.0975613602619205	33826.337457079775	0.0095182190161562
0.0169100190072697	-0.0044815589613022	2.0084370723628936e-05	0.0002859487428262	-0.0999927532991336	0.0342516031620334	0.0011731723191694	0.0099985507123413	0.3102169576727931	-0.0718737185379154	0.0051658314164674	0.0962345608277635	-0.002228997497899	0.0003970131442924	4.968429845640003e-06	1.576194367410172e-07	9.807118332472164e-05	-0.0002348403612952	9.61795699871116e-09	5.5149995293296873e-08	-6.389054283736277e-05	-0.0001318277993234	4.082001464052888e-09	1.7378568674463528e-08	251.3183355682933	0.3674446767068389	63160.90579281728	0.1350155904401933	210.9918546149071	0.1044351415431208	44517.5627138381	0.0109066987891316	183.93255546886	0.0131778680215859	33831.184961305255	0.0001736562055943
0.0233307027961302	0.0064206837888605	4.122518031653604e-05	0.0005443216929613	-0.1316734172781082	-0.0316806639789745	0.0010036644701486	0.0173378888176948	0.410623123529561	0.1004061658567678	0.0100813981420567	0.1686113495771731	-0.0024989951556887	-0.0002699976577897	6.244976788155591e-06	7.289873521192395e-08	-3.464488461646376e-05	-0.0001327160679411	1.200268030088087e-09	1.7613554689769338e-08	0.0001159577025209	0.0001798482453582	1.344618877392554e-08	3.2345391358445886e-08	250.9571654631387	-0.3611701051545992	62979.498897293175	0.1304438448573842	212.01883935319617	1.026984738289059	44951.98824067641	1.054697652678647	183.98035262062632	0.047797151766332	33848.770150410004	0.0022845677169737
0.0297724032693764	0.0064417004732461	4.149550498702028e-05	0.0008863959964343	-0.1987043614067545	-0.0670309441286463	0.0044931474707777	0.0394834232420661	0.4529970237890381	0.0423739002594771	0.0017955474232001	0.2052063035617263	-0.0024820085643197	1.6986591369000294e-05	6.160366513356338e-06	2.8854428633739526e-10	0.000170901482454	0.0002055463670704	2.920731670497488e-08	4.224930901586583e-08	7.921196461691394e-05	-3.674573790398606e-05	6.274535338471226e-09	1.3502492541084375e-09	250.2368878766431	-0.7202775864955981	62618.50005418765	0.5187998016079238	210.8985937564931	-1.1202455967030571	44478.21684846631	1.254950196932589	183.8406117457425	-0.1397408748838131	33797.370527048835	0.0195275121132935
0.0241835300305979	-0.0055888732387784	3.123550407913446e-05	0.0005848431247408	-0.1012731423344774	0.097431219072277	0.00949284244991	0.0102562493582993	0.4169908903297568	-0.0360061334592813	0.0012964416466875	0.1738814026180032	-0.002405003309921	7.70052543986998e-05	5.784040920730966e-06	5.9298092050084764e-09	0.000252019168665	8.111768621100001e-05	6.351366137459772e-08	6.580079016226261e-09	-1.5196933730046712e-05	-9.440889834696066e-05	2.3094679479543147e-10	8.91304008708675e-09	249.9801240166372	-0.2567638600058899	62490.06240337332	0.0659276798051242	209.6318580505696	-1.2667357059235087	43945.51590973417	1.60461934866153	183.5687693408851	-0.2718424048574093	33697.493077327075	0.0738982930786596
0.0199658301208245	-0.0042176999097734	1.7788992528902555e-05	0.0003986343724136	-0.0936720742063101	0.0076010681281672	5.777623668904072e-05	0.0087744574861124	0.3487232743151054	-0.0682676160146513	0.0046604673963238	0.1216079220490482	-0.0022049938277596	0.0002000094821613	4.861997780457933e-06	4.000379295447135e-08	0.0001585967119523	-9.34224567127e-05	2.5152917042080825e-08	8.727755418236307e-09	-8.782564327427405e-05	-7.262870954422734e-05	7.713343616540038e-09	5.274929450059739e-09	250.3030539261334	0.3229299094961959	62651.61880474885	0.1042837264472213	209.5870717231264	-0.0447863274432052	43926.74063347493	0.0020058151258499	183.5822919211511	0.0135225802659988	33702.45790702274	0.0001828601770503
0.0219396165409335	0.001973786420109	3.895832832206707e-06	0.0004813467739632	-0.1387014981132779	-0.0450294239069677	0.0020276490173934	0.0192381055788676	0.4519445482282549	0.1032212739131495	0.0106546313882534	0.2042538746732414	-0.0025880115917157	-0.0003830177639561	6.697803998854832e-06	1.4670260750593078e-07	0.0002374078720204	7.88111600681e-05	5.636249769725465e-08	6.2111989512796806e-09	7.130761153678828e-05	0.000159133254811	5.084775463081501e-09	2.5323392786762494e-08	249.96582802350568	-0.337225902627722	62482.91517947682	0.1137213094030818	209.33238903207985	-0.254682691046554	43820.04909787802	0.0648632731187145	183.53185402995896	-0.0504378911921321	33683.941443674164	0.0025439808679093
0.023542024845355	0.0016024083044214	2.5677123740789805e-06	0.0005542269338193	-0.1901416812552554	-0.0514401831419775	0.0026460924416801	0.0361538589505751	0.4614385641055349	0.0094940158772799	9.01363374780446e-05	0.2129255484437778	-0.0026950089860364	-0.0001069973943206	7.2630734348169454e-06	1.1448442391419356e-08	0.0001333446786513	-0.0001040631933691	1.7780803324618464e-08	1.0829148214174696e-08	0.0001156802977649	4.437268622811172e-05	1.3381931290975926e-08	1.9689352830984553e-09	249.47940058673527	-0.4864274367704126	62239.97131711672	0.2366116512430338	208.1894188272192	-1.1429702048606316	43342.834111615295	1.3063808891991542	183.34922029848755	-0.1826337314714123	33616.93658406332	0.0333550798711719
0.0241877428978085	0.0006457180524534	4.169518032643408e-07	0.0005850469064904	-0.1127256627041646	0.0774160185510908	0.0059932399283028	0.012707075032093	0.4117351172982779	-0.049703446807257	0.0024704326245218	0.1695258068166266	-0.0023980116253487	0.0002969973606877	5.7504597553075145e-06	8.820743225545977e-08	0.0003709611901807	0.0002376165115294	1.3761220462028149e-07	5.6461606551401495e-08	3.244463269169956e-05	-8.323566507320044e-05	1.0526541904992998e-09	6.9281759401779986e-09	249.1596044420208	-0.3197961447144735	62080.50848570427	0.1022695741742404	206.9161725216724	-1.2732463055468202	42814.30245101849	1.6211561545886266	183.0526146695189	-0.2966056289686491	33508.25973734737	0.0879748991358879
0.0200210455072777	-0.0041666973905307	1.736136714425617e-05	0.0004008422632044	-0.1018454860829081	0.0108801766212565	0.0001183782433097	0.0103725030354638	0.3562357503967632	-0.0554993669015146	0.0030801797264689	0.1269039098607449	-0.0022549866337359	0.0001430249916127	5.084964718327567e-06	2.04561482258415e-08	0.0005885581173181	0.0002175969271373	3.464006574610264e-07	4.734842269963896e-08	-5.083684636123399e-05	-8.328147905293354e-05	2.584384947955709e-09	6.935804753244209e-09	249.6581256100825	0.4985211680616999	62329.17968313973	0.2485233550056016	206.4564126127578	-0.4597599089146058	42624.250308929295	0.2113791738451666	183.33282974216783	0.2802150726489287	33610.9264612707	0.0785204869396444
0.0296860439592592	0.0096649984519814	9.341219507680476e-05	0.000881261205951	-0.1726807707855329	-0.0708352847026248	0.0050176375589019	0.0298186485990857	0.4702983530274167	0.1140626026306534	0.0130102773188783	0.2211805408603006	-0.0025320163777761	-0.0002770297440401	6.411106937326403e-06	7.67454790829787e-08	0.0002908540019361	-0.000297704115382	8.459605044224488e-08	8.862774031537919e-08	0.0001158686862269	0.0001667055325881	1.3425552447947804e-08	2.77907345954934e-08	249.56438298418945	-0.0937426258930429	62282.38125427919	0.008787679909323	207.022560659368	0.5661480466102091	42858.3406219617	0.3205236106805555	183.1647399170645	-0.1680898251033227	33549.32194888588	0.0282541893032656
0.0297176586150555	3.161465579630193e-05	9.994864611186474e-10	0.0008831392335609	-0.1894474141199396	-0.0167666433344066	0.0002811203287032	0.0358903227167318	0.4622085480589533	-0.0080898049684633	6.54449444277751e-05	0.2136367418987657	-0.0025970248848677	-6.500850709159969e-05	6.74453825262209e-06	4.226105994278568e-09	0.0005829123281204	0.0002920583261843	3.3978678227474485e-07	8.529806589357497e-08	6.825665168848794e-05	-4.761203453841205e-05	4.658970499723564e-09	2.266905832886942e-09	249.1581915825988	-0.4061914015906609	62079.80443271101	0.1649914547261855	206.3328222112453	-0.6897384481227107	42573.23352165736	0.4757391268187252	183.12983845773783	-0.0349014593266758	33536.537733557154	0.0012181118631316
0.027461233032298	-0.0022564255827575	5.09145641052253e-06	0.0007541193196541	-0.109352248701029	0.0800951654189106	0.0064152355234826	0.0119579142959716	0.3861232925799385	-0.0760852554790147	0.0057889661013069	0.1490911970727728	-0.0023290394063092	0.0002679854785584	5.424424556141111e-06	7.181621671822814e-08	0.0004083153475644	-0.0001745969805559	1.667214230566368e-07	3.0484105619272234e-08	0.0001589760595914	9.071940790291206e-05	2.5273387523208365e-08	8.230010970254943e-09	249.4996172871124	0.3414257045135969	62250.05902641555	0.1165715117026059	206.57760307230848	0.2447808610631909	42674.30609110023	0.0599176699428372	183.2097127713349	0.0798743135970596	33565.79885375503	0.0063799059726014
0.0321990276432444	0.0047377946109464	2.244669777551276e-05	0.0010367773811704	-0.0899615167250971	0.0193907319759319	0.0003760004865624	0.0080930744914799	0.3935300304830065	0.007406737903068	5.485976636474424e-05	0.154865884891956	-0.0020460283323143	0.0002830110739949	4.186231936632835e-06	8.009526800374687e-08	0.0005438824706998	0.0001355671231353	2.958081419345188e-07	1.837844487520869e-08	0.0001150566716885	-4.39193879029e-05	1.323803770003528e-08	1.928912633765398e-09	249.8460984911572	0.3464812040448066	62423.072931253024	0.1200492247563389	206.90352934472105	0.3259262724125733	42809.07045530184	0.1062279350487549	183.3535316750921	0.1438189037572215	33618.517577729006	0.0206838770779289
0.0297193052835922	-0.0024797223596522	6.1490229809590775e-06	0.0008832371065393	-0.2015063733936983	-0.1115448566686012	0.0124422550492187	0.0406048185182805	0.4847652255276387	0.0912351950446321	0.008323860814832	0.2349973238808624	-0.0026670204488703	-0.000620992116556	7.112998074692336e-06	3.856312088247007e-07	0.000336895471011	-0.0002069869996888	1.1349855838772359e-07	4.2843618040171286e-08	7.894899658022906e-05	-3.610767510827095e-05	6.2329440610250195e-09	1.303764201724449e-09	249.27822725649875	-0.5678712346584405	62139.63458414264	0.3224777391525015	206.05783143550792	-0.8456979092131292	42459.82989590419	0.7152049536474581	183.3311655213093	-0.0223661537828263	33610.3162514017	0.000500244835037
0.0297057862449747	-1.351903861749812e-05	1.8276440514140547e-10	0.0008824337364321	-0.1390388494501593	0.062467523943539	0.0039021915476366	0.019331801656424	0.4429612720212361	-0.0418039535064025	0.0017475705287654	0.1962146885106715	-0.0024640283164674	0.0002029921324028	6.07143554435317e-06	4.12058058174764e-08	0.0004448548413811	0.0001079593703701	1.978958299002037e-07	1.1655225650708433e-08	0.0001180481593345	3.909916275427094e-05	1.39353679222635e-08	1.5287445280849683e-09	249.2629545998454	-0.0152726566533658	62132.02053584458	0.0002332540412516	206.09569397784293	0.0378625423350058	42475.43507620868	0.0014335721120701	183.30812577235287	-0.0230397489564211	33601.868974172736	0.0005308300319749
0.0298137717322504	0.0001079854872756	1.1660865462169697e-08	0.0008888609849027	-0.1038495871044205	0.0351892623457388	0.0012382841844372	0.0107847367417586	0.3631962775685196	-0.0797649944527165	0.0063624543400418	0.1319115360396291	-0.0021259952006364	0.0003380331158309	4.519855593129007e-06	1.142663873984142e-07	0.0005730108100905	0.0001281559687094	3.28341388480571e-07	1.6423952315844713e-08	-9.890652374107238e-06	-0.0001279388117086	9.782500438543314e-11	1.636833954141046e-08	249.73482350233647	0.4718689024910816	62367.48206974315	0.2226602611381378	206.0203378433877	-0.0753561344552338	42444.3796051036	0.0056785470000352	183.5166946044941	0.2085688321412249	33678.37719855915	0.0435009577407544
0.0270825450715221	-0.0027312266607282	7.459599072273051e-06	0.000733464247551	-0.1235199300227378	-0.0196703429183173	0.0003869223905241	0.015257173112822	0.416250093400123	0.0530538158316034	0.0028147073742936	0.1732641402556111	-0.0022260201645883	-0.0001000249639518	4.955165773153722e-06	1.0004993413578863e-08	0.0004479216387331	-0.0001250891713574	2.0063379444534575e-07	1.564730079088098e-08	7.099877037353977e-05	8.0889422747647e-05	5.040825394554628e-09	6.543098712447553e-09	250.08477526726315	0.3499517649266863	62542.39482047752	0.1224662377753027	207.9064481978721	1.886110354484401	43225.09120225447	3.557412269293274	183.59424836346983	0.0775537589757391	33706.84803214744	0.006014585531267
0.0296527450866364	0.0025702000151143	6.60592811769355e-06	0.000879285291173	-0.2255415941977077	-0.1020216641749699	0.0104084199610303	0.0508690107132434	0.4862550997774093	0.0700050063772863	0.0049007009178839	0.2364440220595383	-0.0025090251095563	-0.000283004944968	6.295207000384004e-06	8.009179887634073e-08	0.0003613322275377	-8.658941119539998e-05	1.3056097865735622e-07	7.497726131166059e-09	0.000133953786233	6.295501585946024e-05	1.7943616846156263e-08	3.96333402186489e-09	249.6210720283477	-0.4637032389154569	62310.67960058155	0.2150206937806853	208.1086559843509	0.2022077864788229	43309.212695612914	0.0408879889126652	183.38134222332087	-0.2129061401489593	33628.716675626725	0.0453290245131283
0.0359572787908177	0.0063045337041812	3.9747145227157954e-05	0.0012929258980405	-0.1413766342128184	0.0841649599848892	0.007083740489258	0.019987352701345	0.4326202001931989	-0.0536348995842104	0.0028767024534083	0.1871602376152035	-0.0023419746068856	0.0001670505026706	5.484845059296961e-06	2.790587044253353e-08	0.0006146067453263	0.0002532745177886	3.777414514005874e-07	6.414798136104784e-08	-9.028088617170468e-05	-0.0002242346724047	8.150638407948298e-09	5.0281188308445234e-08	249.5321968462493	-0.0888751820984055	62266.317262915305	0.0078987979930247	207.38503365212296	-0.7236223322279614	43008.55218289217	0.5236292796990341	183.47621394830875	0.0948717249878825	33663.521084805565	0.0090006442021764
0.0314522122216516	-0.004505066569166	2.0295624792618e-05	0.0009892416536358	-0.1074391174900881	0.0339375167227303	0.0011517550413055	0.0115431639670489	0.3571910018303299	-0.0754291983628689	0.005689563965665	0.1275854117885547	-0.0020139781559495	0.0003279964509361	4.0561080126417484e-06	1.075816718266776e-07	0.000645080312795	3.0473567468700005e-05	4.161286099556951e-07	9.286383142694111e-10	-7.985069599702132e-05	1.0430190174683367e-05	6.376133651208716e-09	1.0878886708006146e-10	250.02485266444023	0.4926558181909399	62512.42694987504	0.2427097551973844	207.6607014950285	0.2756678429055341	43122.96694540733	0.0759927596121902	183.6183622922192	0.1421483439104349	33715.702970876664	0.0202061516764792
0.0354320883083687	0.003979876086717	1.583941366562261e-05	0.001255432881892	-0.1342911668254203	-0.0268520493353322	0.0007210325535071	0.0180341174873328	0.441729162173587	0.084538160343257	0.0071467005542222	0.1951246527145791	-0.0023660254420463	-0.0003520472860968	5.59807639241039e-06	1.239372916481223e-07	0.0005409059764891	-0.0001041743363058	2.925792754016268e-07	1.0852292344774748e-08	8.014007528365412e-05	0.0001599907712806	6.4224316664697515e-09	2.55970468949854e-08	249.92356876976663	-0.1012838946735996	62461.79022661627	0.0102584273202528	208.79301709925875	1.1323156042302571	43594.52398941136	1.2821386275833322	183.50986766464067	-0.1084946275785228	33675.87153029393	0.0117710842134023
0.0282315227501186	-0.00720056555825	5.184814435865754e-05	0.0007970188767904	-0.2164532343099523	-0.082162067484532	0.0067506053333327	0.0468520026432391	0.4791661893314938	0.0374370271579068	0.0014015310024218	0.2296002369984649	-0.0026030175799017	-0.0002369921378553	6.775700521277303e-06	5.61652734052729e-08	0.0005849375362325	4.40315597434e-05	3.421519212937473e-07	1.9387782534366034e-09	4.876111252572683e-05	-3.137896275792729e-05	2.377646094746594e-09	9.846393037633879e-10	249.1826891563664	-0.7408796134002387	62092.01257519832	0.5489026015520871	207.4594620319123	-1.3335550673464525	43039.42838657046	1.7783691176454013	183.653479291276	0.1436116266353337	33728.600455791144	0.0206242993048465
0.0271962722834757	-0.0010352504666429	1.0717435286843482e-06	0.0007396372261169	-0.1380950308993789	0.0783582034105734	0.0061400080417327	0.0190702375591004	0.4438566256237379	-0.0353095637077559	0.001246765289232	0.197008704110091	-0.0023640024423299	0.0002390151375717	5.588507547341733e-06	5.712823598846641e-08	0.0005425111876093	-4.24263486232e-05	2.943183886812531e-07	1.799995057497304e-09	-8.859488583405238e-06	-5.762060110913207e-05	7.849053795948775e-11	3.3201336721777116e-09	249.0481853850844	-0.1345037712819987	62024.998643603365	0.0180912644890802	206.76451871141475	-0.6949433204975435	42751.56619796298	0.4829462187041514	183.5574275017127	-0.0960517895632904	33693.32919104652	0.0092259462783106
0.0232333841080958	-0.0039628881753798	1.570448269056583e-05	0.0005397901371143	-0.1059670329226634	0.0321279979767155	0.0010322082539918	0.0112290120664328	0.381522442612237	-0.0623341830115009	0.0038855503717112	0.1455593742168076	-0.0022760157243292	8.79867180007001e-05	5.180247577393773e-06	7.741662544534722e-09	0.0004499471442176	-9.25640433917e-05	2.0245243258957373e-07	8.568102129020522e-09	4.701170676323801e-05	5.587119534664325e-05	2.2101005727926783e-09	3.12159046946277e-09	249.55911167943017	0.5109262943457793	62279.7502222263	0.2610456782539099	207.3422316064226	0.577712895007835	42990.80100753139	0.3337521890583337	183.90109247346035	0.3436649717476427	33819.61181293221	0.1181056128063081
0.0258175857401425	0.0025842016320467	6.6780980750728325e-06	0.0006665477334496	-0.1650257685157328	-0.0590587355930694	0.003487934249852	0.0272335042742082	0.465482639753219	0.083960197140982	0.0070493147039525	0.216674087911625	-0.0025510238986561	-0.0002750081743268	6.507722931514568e-06	7.562949594661459e-08	0.0004178770755498	-3.20700686678e-05	1.746212502700533e-07	1.0284893043574072e-09	9.703242770940862e-05	5.002072094617061e-05	9.41529202718161e-09	2.5020725239746714e-09	249.47673105831456	-0.0823806211156181	62238.63933954261	0.006786566735395	208.3167127913617	0.9744811849391226	43395.85282819868	0.9496135798003564	183.94176328276424	0.0406708093038901	33834.57227957247	0.0016541147294333
0.0241973716824048	-0.0016202140577376	2.6250935928908577e-06	0.0005855127963364	-0.1892615262557626	-0.0242357577400297	0.0005873719532334	0.0358199253206607	0.4775286753486227	0.0120460355954036	0.0001451069735657	0.2280336357802103	-0.0027400432012806	-0.0001890193026245	7.507836744884039e-06	3.5728296764652325e-08	0.0004632526486603	4.537557311049998e-05	2.1460301649078334e-07	2.058942635106329e-09	0.0001811354860921	8.410305838269137e-05	3.2810064321821355e-08	7.073324429322394e-09	248.8831689109421	-0.5935621473724382	61942.831767152544	0.35231602279338	208.30637621778124	-0.0103365735804743	43391.546372983816	0.0001068447533845	183.93396713678865	-0.0077961459755897	33831.70426667725	6.077989207270429e-05
0.0237961832776392	-0.0004011884047656	1.6095213611836948e-07	0.0005662583385829	-0.1153130170488339	0.0739485092069286	0.0054683820139272	0.0132970919009046	0.4453389771785936	-0.032189698170029	0.0010361766682775	0.1983268045944759	-0.002517018417262	0.0002230247840186	6.335381712836103e-06	4.9740054286543224e-08	0.0003789082656864	-8.434438297390002e-05	1.435714738054755e-07	7.1139749392479155e-09	7.297636716495966e-05	-0.0001081591189271	5.325550164595003e-09	1.1698395007095286e-08	248.9636494318638	0.0804805209216681	61982.89873843197	0.006477114247823	207.958744193138	-0.3476320246432465	43246.839286387	0.1208480245575627	183.9036177541504	-0.0303493826382634	33820.540623064655	0.0009210850265237
0.0223526450143509	-0.0014435382632882	2.083802717577397e-06	0.0004996407391375	-0.1086635614768027	0.0066494555720311	4.421525940441676e-05	0.0118077695928228	0.397011598054874	-0.0483273791237195	0.0023355355729677	0.1576182089900848	-0.002209006530208	0.000308011887054	4.879709850501587e-06	9.487132256656613e-08	0.0002759690140283	-0.000102939251658	7.615889670375205e-08	1.0596489531929641e-08	2.880474117860905e-05	-4.417162598635061e-05	8.29713114366656e-10	1.951132542278045e-09	249.3944844361024	0.4308350042386166	62197.60886714932	0.1856188008772888	208.636653222429	0.6779090292910155	43529.253067856094	0.4595606519942869	183.94160306034075	0.0379853061903645	33834.51333640796	0.0014428834863757
0.0230732047937749	0.000720559779424	5.192063957235638e-07	0.0005323727794554	-0.1739491913641444	-0.0652856298873417	0.0042622134697869	0.0302583211762397	0.490285753249239	0.093274155194365	0.0087000680272224	0.2403801198391736	-0.0026910094484173	-0.0004820029182093	7.241531851471182e-06	2.3232681316228145e-07	0.0002559214082609	-2.004760576739998e-05	6.549576720624226e-08	4.0190649700508887e-10	5.884452234168895e-05	3.0039781163079905e-05	3.46267780962153e-09	9.023884523257299e-10	249.33829572543647	-0.0561887106659355	62169.58571526521	0.0031571712063002	209.85554449608983	1.2188912736608302	44039.34955575034	1.4856959370065208	183.9594789334498	0.017875873109034	33841.089889466355	0.0003195468394102
0.0199723379263616	-0.0031008668674133	9.615375329421582e-06	0.0003988942822447	-0.19059024156995	-0.0166410502058055	0.0002769245519521	0.0363246401816918	0.4857959145549699	-0.0044898386942691	2.015865150055615e-05	0.2359976705982996	-0.0025180052010389	0.0001730042473783	6.340350192458952e-06	2.99304696109666e-08	0.0002104090789574	-4.551232930350002e-05	4.4271980507701385e-08	2.071372118630226e-09	7.276573911673052e-05	1.3921216775041566e-05	5.294852789204086e-09	1.9380027649769867e-10	248.6801910687881	-0.6581046566483622	61841.83743000896	0.4331017391022586	208.7804432402266	-1.0751012558632451	43589.27347958548	1.1558427103587274	183.8422948105753	-0.1171841228744767	33797.98936121848	0.0137321186538604
0.0184626356323889	-0.0015097022939726	2.279201016426428e-06	0.0003408689144943	-0.1066513469148731	0.0839388946550769	0.007045738035916	0.0113745097987566	0.4250829253397796	-0.0607129892151903	0.0036860670594438	0.1806954934154246	-0.0022770036676799	0.000241001533359	5.184745702627717e-06	5.80817390813892e-08	0.0002539951253315	4.358604637409998e-05	6.451352369216439e-08	1.899743438525194e-09	4.789136754486259e-06	-6.797660236224426e-05	2.293583085317118e-11	4.6208184687146715e-09	249.0051890767369	0.3249980079488068	62003.584187141496	0.1056237051706927	208.122547855783	-0.6578953844435773	43314.99492598269	0.4328263368721624	183.8385767128276	-0.0037180977477078	33796.6222877982	1.3824250861509934e-05
0.0155581072175294	-0.0029045284148594	8.436285312726234e-06	0.0002420547001921	-0.0995240083030921	0.0071273386117809	5.079895568698428e-05	0.0099050282287139	0.3915304859535098	-0.0335524393862697	0.0011257661887693	0.1532961214309915	-0.0022190058795327	5.799778814720002e-05	4.923987093400693e-06	3.3637434299674947e-09	0.0002339430754576	-2.0052049873899963e-05	5.4729362554560335e-08	4.0208470414537135e-10	5.12597112276008e-05	4.647057447311454e-05	2.6275579951370235e-09	2.1595142918612846e-09	249.50357838170112	0.4983893049642063	62252.03562527368	0.2483918993027046	208.5485028794471	0.4259550236641019	43492.47805325876	0.1814376821846856	183.80898446538325	-0.0295922474443557	33785.7427701955	0.0008757011088079
0.0204609317580946	0.0049028245405651	2.403768847556835e-05	0.0004186497284094	-0.1862879806512722	-0.08676397234818	0.0075279868976357	0.0347032117351287	0.4971712486779296	0.1056407627244198	0.0111599707489971	0.2471792505119717	-0.0026940104451312	-0.0004750045655984	7.257692278476005e-06	2.2562933733941938e-07	0.0001548839940528	-7.90590814048e-05	2.3989051613747792e-08	6.250338352570794e-09	8.620888394362462e-05	3.494917271602382e-05	7.4319716708053395e-09	1.221444673534464e-09	249.30579874477	-0.1977796369311306	62153.38128776776	0.0391167847846098	209.65208644461129	1.103583565164172	43953.99735057877	1.217896685300464	183.7403881431653	-0.0685963222179566	33760.53023500104	0.0047054554218297
0.0200522977054902	-0.0004086340526043	1.669817889478939e-07	0.0004020946432696	-0.1620877581384547	0.0242002225128175	0.0005856507696698	0.0262724413383501	0.4635707321858007	-0.0336005164921289	0.0011289947085378	0.2148978237392793	-0.0025760091365688	0.0001180013085623	6.635823071685934e-06	1.3924308822438732e-08	0.0001594456144951	4.56162044229998e-06	2.542290398172004e-08	2.0808381059609064e-11	4.22056295222089e-05	-4.400325442141573e-05	1.781315163365951e-09	1.9362863996758422e-09	248.732663563623	-0.5731351811469949	61867.93792345447	0.3284839358683987	209.3741858746143	-0.277900569996973	43837.54971065754	0.0772287268046424	183.51228718922056	-0.2281009539447325	33676.759549418966	0.0520300451904969
0.0202090758325397	0.0001567781270494	2.4579381121148906e-08	0.0004084067460053	-0.1056317504474577	0.0564560076909969	0.0031872808044059	0.0111580667025939	0.3927007155216415	-0.0708700166641592	0.0050225592619782	0.1542138519712091	-0.0022049738411323	0.0003710352954364	4.861909640077729e-06	1.376671904596508e-07	0.0003976683077693	0.0002382226932742	1.581400830040987e-07	5.675005159081358e-08	-0.0001520622439812	-0.0001942678735034	2.3122926044598e-08	3.7740006675536484e-08	249.20189588434008	0.469232320717083	62101.58491234947	0.2201789708055394	208.45865773951755	-0.915528135096764	43455.01198656132	0.8381917661537588	183.4398676001135	-0.0724195891070564	33650.18502514717	0.0052445968864348
0.0208220831026437	0.000613007270104	3.757779132003589e-07	0.0004335591447334	-0.1081177720720631	-0.0024860216246054	6.180303518005673e-06	0.0116894526378265	0.3946092634957523	0.0019085479741108	3.642555369482554e-06	0.15571647083666	-0.0022529973146739	-4.802347354159993e-05	5.075996899927804e-06	2.3062540110007486e-09	0.0002910539596576	-0.0001066143481117	8.471240743236785e-08	1.1366619223282748e-08	-4.717221673946476e-05	0.0001048900272417	2.2252180321150396e-09	1.1001917814771962e-08	249.52848308420675	0.3265871998666796	62264.463870305255	0.1066591991167585	208.8210381406419	0.3623804011243408	43606.22597013541	0.1313195551190381	183.565552026376	0.1256844262624952	33696.311890748155	0.0157965750049325
0.0222485720262994	0.0014264889236557	2.0348706493123992e-06	0.0004949989572094	-0.210062046941772	-0.1019442748697088	0.0103926351787107	0.0441260635653672	0.5000413126612813	0.1054320491655289	0.0111159169912425	0.2500413143680172	-0.0026299895431879	-0.000376992228514	6.9168449972777e-06	1.4212314035995222e-07	0.0001437261280292	-0.0001473278316284	2.0657199878265992e-08	2.1705489972326185e-08	-0.0001718115917092	-0.0001246393749697	2.9519223045648842e-08	1.5534973792846262e-08	249.1483667545476	-0.3801163296591596	62074.90865645856	0.1444884240735509	209.1504459218776	0.3294077812357159	43743.909029320246	0.1085094863386372	183.59446542170545	0.0289133953294538	33706.9277334818	0.0008359844294772
0.0248163864184505	0.002567814392151	6.593670752538312e-06	0.0006158530348698	-0.1643457044504401	0.0457163424913318	0.0020899839707847	0.0270095105713114	0.4650211364568974	-0.0350201762043838	0.001226412741386	0.2162446573516644	-0.0025639990030055	6.599054018240026e-05	6.574090887413198e-06	4.354751393564983e-09	0.0001665481540273	2.28220259981e-05	2.7738287609901252e-08	5.208448706579523e-10	-3.778737975108503e-05	0.0001340242119581	1.427886068452711e-09	1.7962489390993726e-08	248.5796008121497	-0.5687659423979028	61791.81793992769	0.3234946972317745	208.94735076173825	-0.2030951601393553	43658.99539034888	0.0412476440720303	183.3130966733242	-0.2813687483812543	33603.691411963504	0.0791683725656336
0.022589077006657	-0.0022273094117934	4.960907215863901e-06	0.0005102664000126	-0.1143563610902447	0.0499893433601954	0.0024989344495835	0.0130773773218024	0.4161084024559471	-0.0489127340009503	0.0023924555474477	0.1731462025944404	-0.0023699748469165	0.0001940241560889	5.616780775016888e-06	3.76453731460486e-08	0.0003886771913477	0.0002221290373203	1.510699590739366e-07	4.934130922088765e-08	-0.0001490401355653	-0.0001112527558142	2.2212962009323003e-08	1.2377175676257344e-08	248.8470690563298	0.2674682441800939	61924.86377792576	0.0715392616447823	208.06912049638464	-0.8782302653536078	43292.75890413903	0.7712883989830684	183.28317188754164	-0.0299247857825548	33592.72109715814	0.0008954928041317
0.0219063942152502	-0.0006826827914068	4.660557936829826e-07	0.0004798901075139	-0.1170622348103052	-0.0027058737200604	7.321752588914022e-06	0.013703566818783	0.3773779874934604	-0.0387304149624866	0.0015000450431664	0.1424141454446143	-0.0023129945844234	5.698026249310005e-05	5.349943947571976e-06	3.2467503137825846e-09	0.0002560850753181	-0.0001325921160296	6.557956580067694e-08	1.7580669233206912e-08	-7.320395599275976e-05	7.583617957254024e-05	5.358819172989908e-09	5.7511261321585705e-09	249.09290142441685	0.2458323680870648	62047.27354003425	0.0604335531992941	208.3493474270435	0.2802269306588698	43409.45057327488	0.078527132666491	183.28663031619857	0.003458428656927	33593.988852666844	1.1960728775054072e-05
0.0265173561476359	0.0046109619323857	2.126096994191007e-05	0.0007031701770605	-0.1742651041368361	-0.0572028693265309	0.0032721682591881	0.0303683265198223	0.4767547190945151	0.0993767316010547	0.009875734783708	0.22729506217889	-0.0026210159608868	-0.0003080213764633	6.869724667223354e-06	9.48771683584075e-08	0.0002168504915187	-3.923458379939999e-05	4.7024135671901776e-08	1.5393525659121401e-09	0.0001142841063161	0.0001874880623088	1.3060856956469648e-08	3.515177350833088e-08	249.25944140440893	0.1665399799920806	62130.26912923797	0.0277355649357626	208.1914892845965	-0.1578581424469973	43343.69621053826	0.0249191931368165	183.49660035710912	0.209970040910548	33671.002342616615	0.0440874180799772
0.0202544833353783	-0.0062628728122575	3.922357586251538e-05	0.0004102440951831	-0.203133572561569	-0.0288684684247328	0.0008333884691898	0.0412632483016262	0.4729015115463255	-0.0038532075481896	1.484720840942554e-05	0.2236358396227994	-0.0026749955676218	-5.397960673500036e-05	7.1556012867962766e-06	2.9137979432652962e-09	0.0003600605798246	0.0001432100883059	1.2964362114362716e-07	2.050912939258368e-08	-4.551826306362257e-05	-0.0001598023693797	2.0719122723291467e-09	2.553679725937329e-08	248.90193236201085	-0.3575090423980782	61952.171933543024	0.1278127153963909	207.41993073808385	-0.7715585465126651	43023.0276673915	0.5953025906967364	183.52336211793724	0.0267617608281227	33680.82444307152	0.0007161918426216
0.0252459588798217	0.0049914755444433	2.4914828110776525e-05	0.0006373584397616	-0.1197002635151847	0.0834333090463843	0.0069611170584294	0.0143281530856046	0.4035568750764753	-0.0693446364698501	0.0048086786071356	0.1628581514214899	-0.0024619552485058	0.0002130403191159	6.061223645645256e-06	4.53861775690471e-08	0.0004817352773474	0.0001216746975227	2.320688774409765e-07	1.480473201726487e-08	-0.000190407536436	-0.0001448892733723	3.6255029931626666e-08	2.099290153837552e-08	249.8408628119442	0.9389304499333376	62420.45673061672	0.8815903898120201	208.7004016024001	1.2804708643162428	43555.85762900308	1.6396056343627858	183.89246949639127	0.3691073784540322	33816.440337481195	0.1362402568292081
0.0208357495818347	-0.004410209297987	1.9449946052051e-05	0.0004341284606369	-0.0933779601666771	0.0263223033485076	0.0006928636535708	0.0087194434448895	0.3377261577922894	-0.0658307172841858	0.0043336833381504	0.1140589576571423	-0.0021029848534358	0.00035897039507	4.422545293780393e-06	1.2885974453671208e-07	0.000522057004576	4.03217272286e-05	2.725435160268657e-07	1.6258416866976222e-09	-5.395089899965259e-05	0.0001364566374363	2.9106995028707147e-09	1.8620413900434768e-08	250.7918541769972	0.9509913650529996	62896.55412153623	0.9043845764053674	208.31849202501013	-0.3819095773899619	43396.59411957421	0.1458549253021793	184.05539386342653	0.1629243670352593	33876.38801022107	0.0265443493738399
0.0275971907000069	0.0067614411181722	4.571708599450975e-05	0.0007616049345325	-0.1893298781596541	-0.095951917992977	0.0092067705665309	0.0358458027639494	0.456490467687459	0.1187643098951695	0.0141049613048758	0.208383547089515	-0.002554012908634	-0.0004510280551982	6.5229819374691056e-06	2.034263065758707e-07	0.0003039073607364	-0.0002181496438395	9.235968390976437e-08	4.758926710734431e-08	7.238795889755287e-05	0.0001263388578972	5.2400165933538036e-09	1.5961507014770275e-08	250.3218994743412	-0.4699547026559969	62661.05335644218	0.2208574225484864	209.43283322111088	1.114341196100753	43862.111631021646	1.2417563013272568	183.7053824375416	-0.3500114258849294	33747.66753652342	0.1225079982500014
0.0201319319198489	-0.007465258780158	5.57300886547261e-05	0.0004052946828254	-0.1430109608690344	0.0463189172906197	0.0021454420989752	0.0204521349286844	0.398282836793669	-0.05820763089379	0.0033881282942676	0.1586292180844123	-0.0023459757519066	0.0002080371567274	5.503602228533738e-06	4.3279458579220817e-08	0.0004201503621832	0.0001162430014467	1.7652632684267416e-07	1.3512435385360738e-08	-0.0001280072288449	-0.0002003951877424	1.63858506365506e-08	4.015823127033293e-08	249.9038538398876	-0.4180456344535912	62451.93616402791	0.1747621524857056	209.37672531452583	-0.0561079065850549	43838.6131034344	0.0031480971813572	183.79751338253075	0.0921309449891509	33781.52592560157	0.0084881110245939
0.0239505858141768	0.0038186538943278	1.4582117564665624e-05	0.0005736305608422	-0.0870682115962324	0.0559427492728019	0.0031295911961995	0.0075808734705662	0.3335296233695288	-0.0647532134241402	0.0041929786487522	0.1112420096650197	-0.0019734595607696	0.000372516191137	3.894542637992942e-06	1.38768312659218e-07	0.0004721806479948	5.203028581160003e-05	2.229545643407893e-07	2.7071506416367874e-09	-0.000183034404877	-5.50271760321e-05	3.3501593368677566e-08	3.0279901020677204e-09	250.24418229788503	0.3403284579974297	62622.15077393712	0.1158234593229082	208.5005359000348	-0.8761894144910229	43472.4734706017	0.7677078900661216	183.8879112821372	0.0903978996064438	33814.76391570716	0.0081717802532567
0.0268347178073184	0.0028841319931416	8.318217353862948e-06	0.0007201020797984	-0.1688114278376247	-0.0817432162413923	0.006681953401487	0.0284972981685775	0.4578111607971067	0.1242815374275779	0.0154459005453624	0.2095910589503943	-0.0025260112005401	-0.0005525516397705	6.3807325852540376e-06	3.053133146130685e-07	0.0002049098473004	-0.0002672708006944	4.1988045520673253e-08	7.143368090382569e-08	7.175848739196262e-05	0.0002547928922689	5.149280512782458e-09	6.49194179507832e-08	250.0297486926717	-0.2144336052133439	62514.87523132056	0.0459817710447922	208.8596507620304	0.3591148619956072	43622.35371643731	0.128963484106124	183.76227578563595	-0.1256354965012462	33768.574001916124	0.0157842779811146
0.0307765046528345	0.0039417868455161	1.5537683535483772e-05	0.0009471932386459	-0.1736670108873426	-0.0048555830497178	2.357668675270772e-05	0.0301602306705443	0.4315075148225133	-0.0263036459745933	0.0006918817915567	0.1861987353483015	-0.002401987736135	0.000124023464405	5.769545084542943e-06	1.538181972304308e-08	0.0002916341797618	8.672433246139998e-05	8.505049480533787e-08	7.521109840875435e-09	-0.0001111504204947	-0.0001829089078866	1.2354415976148629e-08	3.345566858429163e-08	249.4856028481172	-0.5441458445544924	62243.06602848847	0.2960947001459219	208.25541285656868	-0.60423790546173	43370.31698405987	0.3651034463967785	183.76827430605204	0.0059985204160852	33770.77864142438	3.5982247182191974e-05
0.0247707191355033	-0.0060057855173312	3.606945968018521e-05	0.0006135885264899	-0.0981188513002422	0.0755481595871004	0.0057075244169979	0.009627308980479	0.3352724022880835	-0.0962351125344297	0.0092611968845143	0.1124075837360225	-0.0020219874973533	0.0003800002387817	4.0884334394530605e-06	1.4440018147414926e-07	0.0005030571280977	0.0002114229483359	2.5306647412990573e-07	4.4699663083044644e-08	-5.599140524625195e-05	5.515901524844806e-05	3.13503746145001e-09	3.042516963178525e-09	250.0175365333316	0.5319336852143977	62508.7685741958	0.2829534454657699	207.8056752144022	-0.4497376421664683	43183.19865131362	0.2022639467814542	183.96454864355	0.1962743374979538	33842.95515762507	0.0385236155602606
0.0326332038209358	0.0078624846854324	6.181866542866057e-05	0.0010649259916187	-0.1635465501868509	-0.0654276988866087	0.0042807837815967	0.0267474740780201	0.4430310694025507	0.1077586671144671	0.0116119303382865	0.1962765284559677	-0.0024500033833029	-0.0004280158859496	6.0025165781956565e-06	1.8319759862522106e-07	0.0002129779316497	-0.0002900791964479	4.5359599369784295e-08	8.414594021191737e-08	1.876096430733672e-05	7.475236955358866e-05	3.5197378174116236e-10	5.587916753876289e-09	250.01943236406524	0.0018958307336447	62509.716559649394	3.5941741706319657e-06	208.24325329800868	0.4375780836064677	43365.2525441386	0.1914745792527089	183.77174837133663	-0.1928002722133612	33772.05549945786	0.0371719449655462
0.0344852455061897	0.0018520416852539	3.4300584039181096e-06	0.0011892321576221	-0.1883918978939363	-0.0248453477070853	0.0006172913026859	0.0354915071920793	0.4397571110093707	-0.00327395839318	1.0718803560273832e-05	0.193386316683308	-0.0026959950319147	-0.0002459916486118	7.268389212108745e-06	6.051189118675138e-08	0.0003850774367644	0.0001720995051146	1.4828463230504046e-07	2.9618239660724644e-08	-5.698113042491761e-05	-7.574209473225433e-05	3.2468492245014715e-09	5.736864914429789e-09	249.48785077523067	-0.5315815888345696	62244.187684443765	0.2825789855878854	208.7736149808194	0.5303616828107067	43586.42231215941	0.2812835145938047	183.8780374298321	0.1062890584954914	33811.13264904674	0.0112973639558579
0.0311640556853518	-0.0033211898208379	1.1030301826037282e-05	0.0009711983667597	-0.1011724400760556	0.0872194578178807	0.007607233822045	0.010235862630943	0.3206285394632289	-0.1191285715461418	0.0141916165586242	0.1028026603183233	-0.0021159935557597	0.000580001476155	4.477428728016579e-06	3.364017123419792e-07	0.0006780133842609	0.0002929359474965	4.597021492369189e-07	8.581146933567224e-08	-1.1282287104503843e-05	4.569884332041377e-05	1.2729000230845368e-10	2.088384280823726e-09	250.41393014741453	0.9260793721838638	62707.136411874206	0.8576230035844594	209.1205193174646	0.346904336645224	43731.39159960609	0.1203426187832629	184.03373823023733	0.1557008004052136	33868.41680699552	0.0242427392468241
0.0209274313529448	-0.0102366243324069	0.0001047884777228	0.0004379573830322	-0.0748975636586379	0.0262748764174177	0.0006903691307505	0.0056096450419997	0.3323237933258269	0.011695253862598	0.0001367789629106	0.1104391036104669	-0.0020767726762477	3.922087951200009e-05	4.3129847488090336e-06	1.538277389694828e-09	0.0010024771577505	0.0003244637734896	1.004960451811521e-06	1.0527674030711049e-07	-0.0004579594482035	-0.0004466771610989	2.097268561988542e-07	1.9952048624745858e-07	250.68413451524955	0.2702043678350208	62842.535297659735	0.0730104003971232	208.87931242597864	-0.241206891485973	43630.5671595496	0.0581807645003259	184.01509486943823	-0.0186433607991034	33861.555139808355	0.0003475749018855
0.0230358959131251	0.0021084645601802	4.445622801536301e-06	0.0005306525005203	-0.2045777989064561	-0.1296802352478182	0.0168169634139294	0.0418520758054103	0.4299524782199739	0.097628684894147	0.0095313601141606	0.1848591335274971	-0.0024399563891761	-0.0003631837129283	5.953387181081272e-06	1.319024093364584e-07	0.0005962028192008	-0.0004062743385497	3.5545780162298177e-07	1.6505883816399634e-07	-0.0001657728643092	0.0002921865838943	2.748064254127643e-08	8.537299980782084e-08	250.0688941458984	-0.6152403693511417	62534.451819352544	0.3785207120793292	209.25329728227985	0.373984856301206	43786.94242350619	0.1398646727426337	183.8964132111648	-0.1186816582734309	33817.890791931466	0.0140853360105314
0.0257613742499813	0.0027254783368561	7.428232164672433e-06	0.0006636484032475	-0.1194245695395324	0.0851532293669237	0.0072510724716159	0.0142622278097026	0.4063023394287199	-0.0236501387912539	0.0005593290648455	0.1650815910252507	-0.0023449612568777	9.499513229839971e-05	5.498843296257443e-06	9.024075160390467e-09	0.0005621713557146	-3.4031463486199954e-05	3.160366331859913e-07	1.1581405070125608e-09	-0.000145840893822	1.9931970487199985e-05	2.1269566310799882e-08	3.9728344750261115e-10	249.8250909742628	-0.2438031716356192	62412.57608029869	0.0594399864995872	209.83910073219465	0.5858034499148062	44032.448196096135	0.3431656819320888	183.70305941082623	-0.1933538003385706	33746.81403689755	0.0373856921053678
0.027126414804627	0.0013650405546456	1.8633357158274367e-06	0.0007358423801526	-0.1200500946774383	-0.0006255251379058	3.9128169815219124e-07	0.0144120252320619	0.3691034968397559	-0.037198842588964	0.0013837538899585	0.1362373913793357	-0.0021889343666786	0.0001560268901991	4.791433661626643e-06	2.4344390465202096e-08	0.0005937539709512	3.15826152366e-05	3.525437780203185e-07	9.974615851831183e-10	-0.0002318505193583	-8.600962553629999e-05	5.375466332671344e-08	7.397655684894547e-09	249.92900425412725	0.1039132798644573	62464.50716745956	0.010797969732189	209.8199309409933	-0.0191697912013637	44024.4034200832	0.0003674808947038	183.70750747638183	0.0044480655556071	33748.44830318489	1.9785287186978945e-05
0.029687622448165	0.002561207643538	6.559784593317475e-06	0.0008813549266247	-0.1205655213427405	-0.0005154266653022	2.6566464730454776e-07	0.0145360449366468	0.388466164367216	0.01936266752746	0.0003749128937789	0.1509059608581768	-0.0022609468980467	-7.201253136810033e-05	5.111880875786996e-06	5.1858046740416354e-09	0.0006591824110382	6.542844008700002e-05	4.345214510221345e-07	4.28088077221815e-09	-0.0001602545491332	7.159597022509998e-05	2.5681520517885212e-08	5.1259829524734034e-09	250.39030074397115	0.4612964898439031	62695.30270665632	0.2127944515423062	209.72907037937887	-0.09086056161442	43986.28296219846	0.0082556416568878	183.78590559719623	0.0783981208143984	33777.25909618152	0.006146265347229
0.0305564707517334	0.0008688483035684	7.548973746136892e-07	0.0009336979048015	-0.2238608025698596	-0.1032952812271191	0.0106699151237896	0.0501136589272216	0.4805601605217902	0.0920939961545742	0.0084813041277187	0.2309380678807287	-0.0028109942594701	-0.0005500473614234	7.901688726773857e-06	3.025520998088444e-07	0.0003970584461552	-0.000262123964883	1.576554096631819e-07	6.870897296598422e-08	-4.044216831999457e-05	0.0001198123808132	1.6355689784227723e-09	1.435500659612856e-08	249.81973486832425	-0.5705658756469063	62409.89992967982	0.3255454184527209	210.14882895287047	0.419758573491606	44162.53031026281	0.176197260019708	183.8066238895401	0.0207182923438722	33784.87498567085	0.0004292476376461
0.0273953869744048	-0.0031610837773285	9.992450647290043e-06	0.0007505072274773	-0.1583305631862828	0.0655302393835768	0.0042942122736688	0.0250685672388854	0.4589487983347027	-0.0216113621870874	0.0004670509755814	0.2106339994928676	-0.0026420061667319	0.0001689880927382	6.980196585049389e-06	2.8556975487294505e-08	0.0003839899937969	-1.3068452358299992e-05	1.4744831533614332e-07	1.7078444704115662e-10	8.007555432857456e-06	4.8449723752852026e-05	6.412094401028497e-11	2.347375731727674e-09	248.9405883343556	-0.8791465339686511	61971.4165202551	0.7728986281890925	209.0235733762701	-1.125255576600381	43690.85422698497	1.2662001126702556	183.44709517575544	-0.3595287137846696	33652.83672842268	0.1292608960356589
0.0254295272248583	-0.0019658597495465	3.864604554887034e-06	0.0006466608548798	-0.1316575657285739	0.0266729974577089	0.0007114487933789	0.0173337146135737	0.388037205467711	-0.0709115928669917	0.0050284540029339	0.1505728728271905	-0.0024169614556872	0.0002250447110447	5.841702678277588e-06	5.0645121969192664e-08	0.000390736155081	6.746161284099973e-06	1.526747428874833e-07	4.551069207108938e-11	-0.0001950281706908	-0.0002030357261236	3.8035987362999824e-08	4.122350608256085e-08	249.32111316299105	0.3805248286354583	62161.01746883299	0.1447991452080449	208.55182382299543	-0.4717495532746625	43493.86321989772	0.2225476410148436	183.7381448785121	0.2910497027566521	33759.705883397095	0.0847099294747355
0.024851157702983	-0.0005783695218752	3.345113038342616e-07	0.0006175800391785	-0.1273376381734721	0.0043199275551017	1.8661774081327808e-05	0.0162148740955981	0.4234679133128765	0.0354307078451655	0.0012553350584094	0.1793250736055618	-0.0024659537997296	-4.899234404240034e-05	6.080928142400853e-06	2.4002497747689203e-09	0.0004507619986053	6.0025843524300006e-05	2.031863793866445e-07	3.603101890803749e-09	-0.0002119446984877	-1.6916527796899974e-05	4.4920555217042064e-08	2.861689127032895e-10	249.44057238652425	0.1194592235331981	62220.59915251684	0.0142705060871546	208.97151783476485	0.4196940117694225	43669.095266165445	0.1761430635151122	183.7191738017845	-0.0189710767275812	33752.734822410304	0.0003599017522037
0.0283905629807037	0.0035394052777206	1.2527389719957142e-05	0.0008060240663613	-0.1981941764930042	-0.070856538319532	0.0050206490226273	0.03928093159574	0.4797280231441903	0.0562601098313138	0.0031651999582314	0.2301389761898327	-0.0024659973049322	-4.350520259972444e-08	6.081142707932873e-06	1.8927026532430688e-15	0.0003190341836338	-0.0001317278149715	1.0178281032688525e-07	1.7352217237165743e-08	-2.7106734980787217e-05	0.0001848379635069	7.347750813186334e-10	3.4165072753382826e-08	248.9611533782955	-0.4794190082287457	61981.65589145118	0.2298425854510341	209.5181284559534	0.5466106211885347	43897.846151685386	0.2987831711961157	183.6101602682437	-0.1090135335408035	33712.69095373014	0.0118839504950519
0.0283229578872408	-6.760509346289897e-05	4.570448662127305e-09	0.0008021899434824	-0.1236345093595474	0.0745596671334568	0.0055591439630518	0.015285491904576	0.4312448845042809	-0.0484831386399093	0.0023506147323766	0.1859721504111105	-0.0024140032453463	5.199405958589967e-05	5.827411668542469e-06	2.703382232222085e-09	0.0004809897205149	0.0001619555368811	2.313511112410016e-07	2.622959592644534e-08	9.080900678867278e-06	3.6187635659654495e-05	8.246275713945217e-11	1.3095449746358976e-09	248.7954892310381	-0.1656641472574165	61899.19546171159	0.0274446096865269	208.8785662549608	-0.6395622009926001	43630.25544072804	0.409039808938499	183.58058314445032	-0.0295771237933877	33701.83050765644	0.0008748062518893
0.0250195427517496	-0.0033034151354912	1.0912551557392356e-05	0.0006259775195066	-0.1013019376716499	0.0223325716878975	0.000498743758195	0.0102620825760308	0.3885205839981438	-0.042724300506137	0.0018253658537387	0.1509482441902587	-0.0021919873110627	0.0002220159342836	4.804808371859887e-06	4.9291075075819814e-08	0.0003745947207849	-0.00010639499973	1.4032120483991718e-07	1.1319895967546702e-08	-8.609018252051155e-05	-9.517108319937882e-05	7.4115195264149924e-09	9.057535077343086e-09	249.0155032139104	0.2200139828723024	62008.72084087702	0.0484061526593338	208.9818817787982	0.1033155238374092	43673.42691180758	0.0106740974657982	183.6206655400409	0.0400823955905877	33716.54881336757	0.0016065984362803
0.0286398430656333	0.0036203003138837	1.3106574362706418e-05	0.0008202406108241	-0.1511801286305569	-0.049878190958907	0.0024878339333331	0.0228554312927517	0.4759115647193681	0.0873909807212242	0.0076371835114173	0.2264918174336372	-0.0025890073469362	-0.0003970200358735	6.702959042489622e-06	1.5762490888499526e-07	0.0003629823283521	-1.1612392432799998e-05	1.3175617069591172e-07	1.3484765801335063e-10	1.396944311600869e-05	0.0001000596256365	1.951453409714026e-10	1.0011928682520578e-08	248.9616775431633	-0.053825670747102	61981.91688510602	0.0028972028313754	208.9298398484575	-0.0520419303406924	43651.6779791021	0.0027083625135854	183.7198688838332	0.0992033437922828	33752.99022269286	0.0098413034195698
0.0289285567801869	0.0002887137145535	8.33556089713375e-08	0.0008368613973844	-0.1946183561892382	-0.0434382275586812	0.0018868796134397	0.0378763045658011	0.4851070294104715	0.0091954646911034	8.455657088533007e-05	0.2353288299834521	-0.0025849929049267	4.0144420095002825e-06	6.682188318521379e-06	1.6115744647640667e-11	0.0003200888617145	-4.289346663759999e-05	1.024568793936843e-07	1.8398494801909035e-09	-6.808635793853035e-05	-8.205580105453904e-05	4.635752137333675e-09	6.733154486702091e-09	248.4775415730089	-0.4841359701543979	61741.08866616636	0.23438763759734	207.99506476381995	-0.9347750846375504	43261.94696610566	0.8738044588591396	183.49919038976745	-0.2206784940657371	33671.952873700124	0.0486989977431215
0.0296330373482334	0.0007044805680465	4.96292870755123e-07	0.0008781169024817	-0.1190334017560843	0.0755849544331539	0.0057130853366619	0.0141689507336253	0.4330588686691783	-0.0520481607412932	0.0027090110365514	0.1875399837330286	-0.0023909866985832	0.0001940062063435	5.716817392801789e-06	3.763840809979672e-08	0.0005950657393998	0.0002749768776853	3.541032342074308e-07	7.561228326155649e-08	-5.428871417801403e-05	1.379764376051632e-05	2.947264487102101e-09	1.9037497334211488e-10	248.82508327015825	0.347541697149353	61913.92206440119	0.1207852312574526	207.840795951194	-0.1542688126259577	43197.79646162586	0.0237988665490228	183.593658745032	0.0944683552645528	33706.63153138727	0.0089242701463897
0.0300476526624891	0.0004146153142556	1.719058588153512e-07	0.0009028614305255	-0.1115337659135775	0.0074996358425068	5.624453777021275e-05	0.0124397809388647	0.3799704536847912	-0.0530884149843871	0.0028183798055544	0.144377545673426	-0.0022459670366961	0.000145019661887	5.04436792992546e-06	2.103070233384879e-08	0.0004851581375713	-0.0001099076018285	2.353784184516525e-07	1.2079680939692105e-08	-0.0001399549384304	-8.566622425238598e-05	1.958738479105705e-08	7.338701977660083e-09	249.45011812793936	0.6250348577811167	62225.361434042905	0.3906685734414607	208.1246539349252	0.2838579837311954	43315.87157553237	0.0805753549279396	183.70233398607408	0.1086752410420786	33746.54751193111	0.0118103080155538
0.0315097150060807	0.0014620623435915	2.1376262965485607e-06	0.0009928621397644	-0.1964454493553944	-0.0849116834418169	0.0072099939849233	0.0385908145724428	0.4933801868160685	0.1134097331312772	0.0128617675689075	0.2434240087426586	-0.0027799971478387	-0.0005340301111425	7.728384141991306e-06	2.851881596069776e-07	0.0003600496845646	-0.0001251084530067	1.2963577535506794e-07	1.5652125013729673e-08	-3.499931663977578e-05	0.0001049556217906	1.2249521652512861e-09	1.1015682545456556e-08	249.27864113188315	-0.1714769960562137	62139.840924558186	0.0294043601764627	208.1572294438139	0.0325755088886978	43329.43216972458	0.0010611637793576	183.71050025574093	0.0081662696668445	33749.54790421459	6.668796027162504e-05
0.0315574943858791	4.777937979839886e-05	2.282869133919645e-09	0.0009958754519147	-0.1750960343744481	0.0213494149809463	0.0004557975200286	0.0306586212536579	0.4642912588587506	-0.0290889279573178	0.000846165729706	0.2155663730526433	-0.0026009831238182	0.0001790140240204	6.7651132103870814e-06	3.2046020796012124e-08	0.0004481202840955	8.807059953090001e-05	2.0081178901783162e-07	7.756430501732166e-09	-9.1917232992286e-05	-5.691791635251021e-05	8.448777720958191e-09	3.239649201911349e-09	248.8700144819694	-0.4086266499137423	61936.28410825566	0.1669757390197281	207.6992901903517	-0.4579392534621718	43138.99514557594	0.2097083598614912	183.6112390749756	-0.0992611807653247	33713.087114647846	0.0098527820069264
0.0308699907663765	-0.0006875036195025	4.726612268291725e-07	0.0009529563299161	-0.1129346731584775	0.0621613612159706	0.0038640348282223	0.0127542404014121	0.4233025690191283	-0.0409886898396222	0.0016800726947687	0.1791850649381939	-0.0023329793695922	0.0002680037542259	5.442792738942818e-06	7.18260122792302e-08	0.0005935951915263	0.0001454749074307	3.523552514031448e-07	2.116294869199982e-08	-8.030813344998356e-05	1.1609099542302435e-05	6.449396298220368e-09	1.3477119218308666e-10	249.3874849174669	0.5174704354975006	62194.11763345978	0.2677756516139729	208.83415410873727	1.134863918385605	43611.70392231185	1.2879161132535293	183.8069498914069	0.1957108164313012	33784.994828382165	0.0383027236682065
0.0330590204437442	0.0021890296773677	4.791850928396547e-06	0.0010928988326998	-0.1077692409949122	0.0051654321635652	2.668168943639488e-05	0.0116142093046194	0.3734736762261121	-0.0498288927930162	0.0024829185569779	0.1394825868338468	-0.0022119420448667	0.0001210373247255	4.892687609849078e-06	1.4650033976706135e-08	0.0006142291304704	2.063393894410004e-05	3.772774247184237e-07	4.2575943634884796e-10	-0.0002068210247771	-0.0001265128913271	4.277493628984981e-08	1.6005511671946778e-08	249.8518822461357	0.464397328668781	62425.963061936855	0.2156648788746998	208.23153872058748	-0.6026153881498431	43360.37371794353	0.363145306034986	183.8197105237465	0.0127606323395923	33789.68597703396	0.0001628337377062
0.0334179345510534	0.0003589141073091	1.288193364255586e-07	0.0011167583496584	-0.162489837450181	-0.0547205964552688	0.0029943436764203	0.0264029472745862	0.4678764019382981	0.094402725712186	0.0089118746218902	0.2189083274907279	-0.002446995558256	-0.0002350535133893	5.987787262124593e-06	5.525015415665389e-08	0.0002860652679641	-0.0003281638625062	8.183333753537238e-08	1.0769152065505377e-07	-5.3150123539928576e-05	0.0001536709012371	2.8249356323096704e-09	2.36147458870445e-08	249.6971300888673	-0.1547521572683763	62348.65677461673	0.0239482301792162	209.6167581761137	1.3852194555262258	43939.18530826333	1.9188329399683728	183.86008276888865	0.0403722451421515	33804.53003578258	0.0016299181778179
