Node	HIP-head-m-rh	HIP-head-l-rh	HIP-body-rh	HIP-tail-rh	THA-VPm-rh	THA-VPl-rh	THA-VAi-rh	THA-VAs-rh	THA-DAm-rh	THA-DAl-rh	PUT-VA-rh	PUT-DA-rh	PUT-VP-rh	PUT-DP-rh	CAU-VA-rh	CAU-DA-rh	CAU-body-rh	CAU-tail-rh	lAMY-rh	mAMY-rh	THA-DP-rh	NAc-shell-rh	NAc-core-rh	pGP-rh	aGP-rh	HIP-head-m-lh	HIP-head-l-l	HIP-body-l	HIP-tail-lh	THA-VPm-lh	THA-VPl-lh	THA-VAi-lh	THA-VAs-lh	THA-DAm-lh	THA-DAl-lh	PUT-VA-lh	PUT-DA-l	PUT-VP-lh	PUT-DP-lh	CAU-VA-lh	CAU-DA-lh	CAU-body-lh	CAU-tail-lh	lAMY-lh	mAMY-lh	THA-DP-lh	NAc-shell-lh	NAc-core-lh	pGP-lh	aGP-lh
HIP-head-m-rh	1.0	0.7708216905593872	0.22273868322372437	0.0781937912106514	-0.13341297209262848	0.13274207711219788	0.011625310406088829	-0.29187270998954773	-0.29584747552871704	-0.4663376212120056	-0.15641430020332336	-0.14844129979610443	-0.13631248474121094	-0.38022667169570923	-0.23421064019203186	-0.21544522047042847	-0.3879244327545166	-0.3957195281982422	0.1649259775876999	0.18760131299495697	0.08049000799655914	0.2373373657464981	-0.1967354565858841	-0.18443623185157776	-0.07718444615602493	0.7868123650550842	0.7164608240127563	0.4221564829349518	0.07388578355312347	-0.1970365047454834	0.006080857943743467	-0.1230594739317894	-0.6203058362007141	-0.1779910922050476	-0.5391289591789246	-0.4171389937400818	-0.3697284460067749	-0.08822400867938995	-0.35183998942375183	-0.14627505838871002	-0.23141060769557953	-0.38891977071762085	-0.28031834959983826	0.3983975350856781	0.048284467309713364	0.1517895609140396	-0.12143605202436447	-0.03720732405781746	0.18275150656700134	-0.07418286055326462
HIP-head-l-rh	0.7708216905593872	1.0	0.3141082525253296	0.22841627895832062	-0.30346551537513733	0.02689407207071781	0.20966385304927826	-0.03742777556180954	-0.18912868201732635	-0.3009756803512573	-0.18474650382995605	-0.08689859509468079	-0.18211564421653748	-0.3024517893791199	-0.12966181337833405	-0.1289432942867279	-0.36881223320961	-0.315811425447464	0.2262146770954132	0.21000541746616364	0.27505895495414734	0.4068724811077118	-0.1652328222990036	-0.3230874240398407	-0.23843367397785187	0.5770277380943298	0.7386724352836609	0.5711892247200012	0.11428214609622955	-0.35498011112213135	-0.13530418276786804	-0.1600923389196396	-0.5793747901916504	-0.13409458100795746	-0.4904741048812866	-0.41083499789237976	-0.18949946761131287	-0.09747987240552902	-0.1761588752269745	-0.2701168954372406	-0.24906441569328308	-0.40397757291793823	-0.25286629796028137	0.4144172966480255	0.019481737166643143	-0.04596923291683197	-0.1263524889945984	0.018545830622315407	0.2759581208229065	0.057828985154628754
HIP-body-rh	0.22273868322372437	0.3141082525253296	1.0	0.1688554584980011	-0.022931255400180817	0.03470076993107796	0.11519377678632736	-0.21128281950950623	-0.2206999510526657	0.027851784601807594	-0.14919118583202362	-0.21002675592899323	-0.13018688559532166	-0.19389261305332184	-0.02451985888183117	-0.18553045392036438	0.0419393926858902	-0.1739703267812729	-0.046317052096128464	0.37268486618995667	0.12426139414310455	-0.27021387219429016	-0.047197125852108	0.22877644002437592	0.07367484271526337	0.26555442810058594	0.3623049557209015	0.5244272351264954	0.24470654129981995	-0.1908206045627594	-0.06519855558872223	-0.1462244838476181	-0.010817205533385277	0.08945789188146591	0.02399302087724209	-0.2086971551179886	-0.16289614140987396	-0.2095232605934143	-0.16271379590034485	-0.0007528071873821318	0.014723552390933037	0.08103547245264053	0.06622941792011261	0.016208047047257423	0.27105772495269775	0.10290180146694183	-0.22260835766792297	-0.05146239325404167	0.045393168926239014	0.004490439314395189
HIP-tail-rh	0.0781937912106514	0.22841627895832062	0.1688554584980011	1.0	0.23848219215869904	0.2539724111557007	0.0581880547106266	-0.13885335624217987	0.008151758462190628	0.14109311997890472	-0.042208313941955566	0.15934030711650848	0.27633970975875854	0.052525345236063004	-0.06648021191358566	-0.04297881945967674	-0.09451533108949661	0.1347121149301529	-0.04136073961853981	0.13099418580532074	0.33710798621177673	-0.08228074759244919	0.09095827490091324	-0.025503145530819893	0.04417656734585762	0.12383877485990524	0.02257184498012066	0.14610695838928223	0.5912904143333435	0.13563483953475952	0.22405853867530823	-0.3159988522529602	-0.030441371724009514	-0.08477070182561874	-0.04495004191994667	-0.07144936919212341	0.06811331957578659	0.05886431783437729	0.026574118062853813	-0.22181124985218048	-0.2039513885974884	-0.06513425707817078	-0.1156422570347786	0.2684619128704071	0.02177955023944378	0.21114110946655273	0.1163625419139862	-0.15390104055404663	-0.10315093398094177	-0.23160874843597412
THA-VPm-rh	-0.13341297209262848	-0.30346551537513733	-0.022931255400180817	0.23848219215869904	1.0	0.3084407448768616	0.07314291596412659	-0.09772081673145294	0.07120678573846817	0.04039282724261284	0.12738585472106934	-0.16213543713092804	0.24061784148216248	-0.009801230393350124	-0.029667099937796593	-0.0823526531457901	0.06917973607778549	0.1811814159154892	0.00022458069724962115	-0.019979998469352722	0.2663520574569702	-0.13402004539966583	0.09281875938177109	0.03243877366185188	0.1296619325876236	0.03604348003864288	-0.1607924997806549	-0.262224406003952	0.3538735806941986	0.5335444211959839	0.3186754584312439	-0.06851105391979218	-0.019202610477805138	-0.04376785084605217	0.08105814456939697	0.13551583886146545	-0.0322532020509243	0.05857403203845024	-0.1605214625597	0.04658382758498192	-0.026350583881139755	-0.016086239367723465	0.024594571441411972	0.06741880625486374	-0.011449568904936314	0.4681014120578766	-0.009009059518575668	-0.3495985269546509	0.06456254422664642	-0.07114808261394501
THA-VPl-rh	0.13274207711219788	0.02689407207071781	0.03470076993107796	0.2539724111557007	0.3084407448768616	1.0	0.03178343176841736	-0.27966558933258057	-0.1507961004972458	-0.08815452456474304	0.08123204857110977	0.10180366784334183	0.3236887454986572	0.1429964303970337	0.1459728181362152	-0.12222295254468918	0.10112416744232178	0.16087867319583893	0.3437665104866028	0.22512753307819366	0.032038360834121704	-0.10191609710454941	0.1571110635995865	0.06773626804351807	0.2904467284679413	0.27699172496795654	0.048830240964889526	-0.06367971748113632	0.3866630792617798	0.4275389611721039	0.36656391620635986	-0.03393082693219185	-0.08723090589046478	-0.34919673204421997	-0.11283598840236664	-0.060676369816064835	-0.056863896548748016	0.10654757916927338	0.03484874591231346	0.11177226901054382	0.17303410172462463	0.08839362114667892	-0.07525762170553207	0.33742815256118774	0.2596895396709442	0.2146693617105484	0.21528702974319458	-0.0667971596121788	-0.003950455691665411	-0.06392750889062881
THA-VAi-rh	0.011625310406088829	0.20966385304927826	0.11519377678632736	0.0581880547106266	0.07314291596412659	0.03178343176841736	1.0	0.30404266715049744	0.24409212172031403	0.1258554607629776	0.12409590929746628	0.1763109564781189	-0.033042412251234055	0.13220137357711792	0.18003231287002563	-0.057646360248327255	0.0850851908326149	-0.02909209206700325	0.08713901042938232	0.3465111553668976	0.2834823727607727	-0.023425210267305374	0.10077083855867386	-0.2800787091255188	-0.10062860697507858	0.001851322827860713	-0.0118784224614501	0.15283194184303284	-0.059033069759607315	0.07067069411277771	-0.09942891448736191	0.25156888365745544	0.2046336531639099	0.18752583861351013	0.11373595893383026	0.05868763476610184	0.25261390209198	0.0909447893500328	0.21714171767234802	0.026437964290380478	0.016095677390694618	0.04894307255744934	0.27121663093566895	-0.1073150485754013	0.1924743503332138	0.12821388244628906	-0.29050713777542114	0.34266430139541626	0.06110357120633125	0.0012754108756780624
THA-VAs-rh	-0.29187270998954773	-0.03742777556180954	-0.21128281950950623	-0.13885335624217987	-0.09772081673145294	-0.27966558933258057	0.30404266715049744	1.0	0.5566976070404053	0.35343942046165466	-0.09622666984796524	0.05071724206209183	-0.18674981594085693	0.08617385476827621	-0.05627412721514702	0.15212057530879974	0.16433261334896088	0.1121353879570961	-0.0667542889714241	-0.2912936806678772	0.14130061864852905	0.2226925492286682	0.08554691076278687	-0.0854339450597763	-0.15119674801826477	-0.30127644538879395	-0.08394331485033035	-0.23289936780929565	-0.20623575150966644	0.20699584484100342	-0.03672867268323898	0.4374512732028961	0.2634832262992859	0.5537693500518799	0.38905853033065796	0.03794977441430092	0.23271985352039337	0.14574860036373138	0.42582255601882935	-0.16633591055870056	-0.037121035158634186	0.01028064638376236	0.0975334644317627	-0.17013001441955566	-0.23270000517368317	-0.23485536873340607	-0.17518562078475952	0.18682919442653656	0.016526728868484497	0.08553524315357208
THA-DAm-rh	-0.29584747552871704	-0.18912868201732635	-0.2206999510526657	0.008151758462190628	0.07120678573846817	-0.1507961004972458	0.24409212172031403	0.5566976070404053	1.0	0.5961135625839233	-0.2263258695602417	-0.2415151745080948	-0.0383671373128891	-0.022536268457770348	-0.15858089923858643	-0.15446871519088745	-0.02778824046254158	-0.008485157042741776	-0.08017144352197647	-0.29346808791160583	0.5369492769241333	0.21760830283164978	0.11975308507680893	0.17008601129055023	0.23583702743053436	-0.26855725049972534	-0.20936989784240723	-0.16155214607715607	0.03408133611083031	0.17445610463619232	0.1178525909781456	0.15852932631969452	0.1380154937505722	0.6717462539672852	0.3935592770576477	0.011070854030549526	-0.15992215275764465	0.058698203414678574	0.09086001664400101	-0.2641763985157013	-0.16564156115055084	-0.10173781961202621	0.039263900369405746	-0.20119887590408325	-0.19290496408939362	0.246288001537323	-0.05750177800655365	-0.060710061341524124	-0.07518494129180908	-0.2521469295024872
THA-DAl-rh	-0.4663376212120056	-0.3009756803512573	0.027851784601807594	0.14109311997890472	0.04039282724261284	-0.08815452456474304	0.1258554607629776	0.35343942046165466	0.5961135625839233	1.0	-0.13678745925426483	0.020600909367203712	0.11787597090005875	0.2616305947303772	-0.07468553632497787	0.0019818199798464775	0.05489399656653404	0.04780065640807152	-0.16679251194000244	-0.1510269194841385	0.27043378353118896	-0.1683538556098938	0.15277190506458282	0.4232009947299957	0.3533603549003601	-0.30806484818458557	-0.3822287917137146	0.03786388039588928	0.12542472779750824	0.11392632126808167	0.05566949397325516	0.07274850457906723	0.44739851355552673	0.4287889003753662	0.6719122529029846	0.13141757249832153	-0.02110813371837139	-0.09670565277338028	0.21085426211357117	-0.19624003767967224	-0.10219821333885193	0.08742434531450272	0.2738955318927765	-0.30270373821258545	-0.05176910012960434	0.031542595475912094	-0.06496661901473999	0.0025138321798294783	-0.4099327027797699	-0.11597434431314468
PUT-VA-rh	-0.15641430020332336	-0.18474650382995605	-0.14919118583202362	-0.042208313941955566	0.12738585472106934	0.08123204857110977	0.12409590929746628	-0.09622666984796524	-0.2263258695602417	-0.13678745925426483	1.0	0.5576361417770386	0.4576037526130676	0.3648925721645355	0.6180102229118347	0.6535109877586365	0.48911020159721375	0.5078877210617065	0.29550161957740784	0.3396051824092865	-0.13328641653060913	0.09975916147232056	0.5097905993461609	-0.13922302424907684	0.018172141164541245	0.004352288320660591	-0.1988907903432846	-0.10393765568733215	0.0413370355963707	0.0749136433005333	-0.151371568441391	0.2502603232860565	0.2084198296070099	-0.16582556068897247	-0.04765012487769127	0.7160897254943848	0.6937816739082336	0.36460357904434204	0.39891257882118225	0.6061358451843262	0.5722103714942932	0.5639932751655579	0.6120200157165527	-0.013103934936225414	0.3684084415435791	-0.08287405967712402	0.38989052176475525	0.47005343437194824	-0.26597413420677185	0.17933808267116547
PUT-DA-rh	-0.14844129979610443	-0.08689859509468079	-0.21002675592899323	0.15934030711650848	-0.16213543713092804	0.10180366784334183	0.1763109564781189	0.05071724206209183	-0.2415151745080948	0.020600909367203712	0.5576361417770386	1.0	0.40914440155029297	0.6793172359466553	0.3389376699924469	0.48492932319641113	0.4061487019062042	0.47778943181037903	0.19427751004695892	0.19727180898189545	-0.24796876311302185	-0.02375299483537674	0.2186955362558365	-0.1634482890367508	-0.0853390321135521	-0.13577009737491608	-0.2685104310512543	-0.1837601512670517	-0.008895600214600563	0.23474933207035065	-0.22650006413459778	0.386842280626297	0.36096271872520447	-0.15434463322162628	0.06474187225103378	0.44027355313301086	0.6956179738044739	0.3720751404762268	0.6501220464706421	0.44620004296302795	0.4070543348789215	0.4622892737388611	0.39581239223480225	-0.04381781443953514	0.33512571454048157	-0.3866139352321625	0.3736317753791809	0.49723437428474426	-0.46218210458755493	0.39918920397758484
PUT-VP-rh	-0.13631248474121094	-0.18211564421653748	-0.13018688559532166	0.27633970975875854	0.24061784148216248	0.3236887454986572	-0.033042412251234055	-0.18674981594085693	-0.0383671373128891	0.11787597090005875	0.4576037526130676	0.40914440155029297	1.0	0.6228780746459961	0.394468754529953	0.3045475482940674	0.43077030777931213	0.4163699448108673	0.3450814485549927	0.32481205463409424	0.10271234065294266	-0.19842194020748138	0.3089817762374878	0.1304417848587036	0.2712804675102234	-0.027600886300206184	-0.17792268097400665	-0.19698795676231384	0.4499552845954895	0.47755512595176697	0.05635339766740799	-0.024799775332212448	0.2949121594429016	0.011956354603171349	0.16193528473377228	0.4831198751926422	0.46716684103012085	0.5357961654663086	0.5257940292358398	0.42962056398391724	0.3456156849861145	0.41988322138786316	0.4079199731349945	-0.01623319275677204	0.4877132177352905	0.16969507932662964	0.3513070046901703	0.0834534615278244	-0.2836233675479889	0.1450728178024292
PUT-DP-rh	-0.38022667169570923	-0.3024517893791199	-0.19389261305332184	0.052525345236063004	-0.009801230393350124	0.1429964303970337	0.13220137357711792	0.08617385476827621	-0.022536268457770348	0.2616305947303772	0.3648925721645355	0.6793172359466553	0.6228780746459961	1.0	0.3336412012577057	0.31717580556869507	0.5389984250068665	0.5045895576477051	0.17036789655685425	0.19727568328380585	-0.06920167803764343	-0.22164471447467804	0.15474437177181244	0.06396280229091644	0.10506756603717804	-0.27113890647888184	-0.31733641028404236	-0.2627565860748291	0.08406390994787216	0.46091943979263306	-0.16200844943523407	0.22663003206253052	0.4974372684955597	0.16548578441143036	0.3469560146331787	0.5076141953468323	0.6879763603210449	0.4052574932575226	0.7637515664100647	0.34179744124412537	0.34286704659461975	0.5157638788223267	0.4467891454696655	-0.36269527673721313	0.35350653529167175	-0.12235762923955917	0.2467050701379776	0.33072733879089355	-0.4339672327041626	0.21876658499240875
CAU-VA-rh	-0.23421064019203186	-0.12966181337833405	-0.02451985888183117	-0.06648021191358566	-0.029667099937796593	0.1459728181362152	0.18003231287002563	-0.05627412721514702	-0.15858089923858643	-0.07468553632497787	0.6180102229118347	0.3389376699924469	0.394468754529953	0.3336412012577057	1.0	0.6205956339836121	0.5777221918106079	0.3588999807834625	0.33516725897789	0.3808106780052185	-0.2792827785015106	-0.12103953957557678	0.572849690914154	-0.09402230381965637	0.11174020916223526	-0.13001102209091187	-0.14154218137264252	-0.01787920668721199	0.10663022845983505	0.013704298064112663	-0.2347402721643448	0.025454489514231682	0.27948570251464844	-0.20268017053604126	0.0892685055732727	0.47935497760772705	0.5579946637153625	0.2452961504459381	0.3957359194755554	0.5311955213546753	0.6726750731468201	0.537140965461731	0.45122548937797546	-0.04791387915611267	0.38434037566185	-0.21876469254493713	0.35462573170661926	0.45293065905570984	-0.09696810692548752	0.1770951896905899
CAU-DA-rh	-0.21544522047042847	-0.1289432942867279	-0.18553045392036438	-0.04297881945967674	-0.0823526531457901	-0.12222295254468918	-0.057646360248327255	0.15212057530879974	-0.15446871519088745	0.0019818199798464775	0.6535109877586365	0.48492932319641113	0.3045475482940674	0.31717580556869507	0.6205956339836121	1.0	0.4687120020389557	0.35813573002815247	0.3310419023036957	0.15207308530807495	-0.31403517723083496	0.1132659912109375	0.5364827513694763	-0.24324694275856018	-0.016235318034887314	-0.0944548100233078	-0.14072158932685852	-0.18038040399551392	-0.04039880260825157	0.05730123817920685	-0.290124773979187	0.1888052374124527	0.28431597352027893	-0.06176089867949486	0.0360029898583889	0.5550469756126404	0.541404128074646	0.34207403659820557	0.43624311685562134	0.4685390889644623	0.6418542861938477	0.47037622332572937	0.48987945914268494	0.01781567744910717	0.17408797144889832	-0.415571004152298	0.40210118889808655	0.35682225227355957	-0.3517383635044098	0.11558325588703156
CAU-body-rh	-0.3879244327545166	-0.36881223320961	0.0419393926858902	-0.09451533108949661	0.06917973607778549	0.10112416744232178	0.0850851908326149	0.16433261334896088	-0.02778824046254158	0.05489399656653404	0.48911020159721375	0.4061487019062042	0.43077030777931213	0.5389984250068665	0.5777221918106079	0.4687120020389557	1.0	0.7123486399650574	0.3055930435657501	0.2444256991147995	-0.14264249801635742	-0.13950292766094208	0.5015063881874084	-0.11152159422636032	0.025799337774515152	-0.2721741199493408	-0.23263120651245117	-0.19936485588550568	0.19866663217544556	0.3379393219947815	0.06589844077825546	0.36957210302352905	0.5474018454551697	0.08873564004898071	0.37548986077308655	0.598506510257721	0.6157028079032898	0.44849833846092224	0.5665328502655029	0.6477515697479248	0.7236559391021729	0.7821865081787109	0.5859516263008118	-0.19869154691696167	0.46220678091049194	-0.25915464758872986	0.39533907175064087	0.3382934629917145	-0.23701609671115875	0.13235022127628326
CAU-tail-rh	-0.3957195281982422	-0.315811425447464	-0.1739703267812729	0.1347121149301529	0.1811814159154892	0.16087867319583893	-0.02909209206700325	0.1121353879570961	-0.008485157042741776	0.04780065640807152	0.5078877210617065	0.47778943181037903	0.4163699448108673	0.5045895576477051	0.3588999807834625	0.35813573002815247	0.7123486399650574	1.0	0.17618340253829956	-0.025822661817073822	-0.0091679273173213	0.05647394806146622	0.38583138585090637	-0.14928561449050903	-0.07172317802906036	-0.31379103660583496	-0.2885952293872833	-0.22835735976696014	0.32649490237236023	0.28605201840400696	0.027761099860072136	0.33785679936408997	0.31019100546836853	-0.009898080490529537	0.1846214383840561	0.647052526473999	0.548816978931427	0.3087811768054962	0.46614640951156616	0.5345582962036133	0.5721757411956787	0.5768458843231201	0.41062939167022705	-0.09727215021848679	0.22459125518798828	-0.25939157605171204	0.5071271061897278	0.1985633671283722	-0.24012579023838043	0.17012272775173187
lAMY-rh	0.1649259775876999	0.2262146770954132	-0.046317052096128464	-0.04136073961853981	0.00022458069724962115	0.3437665104866028	0.08713901042938232	-0.0667542889714241	-0.08017144352197647	-0.16679251194000244	0.29550161957740784	0.19427751004695892	0.3450814485549927	0.17036789655685425	0.33516725897789	0.3310419023036957	0.3055930435657501	0.17618340253829956	1.0	0.32915955781936646	-0.045403700321912766	0.12037204205989838	0.2590811550617218	-0.18192405998706818	-0.06408543139696121	0.24152465164661407	0.273882657289505	0.16907717287540436	0.16881687939167023	0.13579988479614258	-0.06851081550121307	0.19095632433891296	-0.02934284135699272	-0.16796758770942688	-0.16847488284111023	0.2834641933441162	0.2218949794769287	0.27840155363082886	0.23958279192447662	0.46315836906433105	0.5190162062644958	0.25960755348205566	0.23315630853176117	0.31538307666778564	0.4611588716506958	-0.12257188558578491	0.3063276708126068	0.2584536373615265	-0.04815934598445892	0.028832877054810524
mAMY-rh	0.18760131299495697	0.21000541746616364	0.37268486618995667	0.13099418580532074	-0.019979998469352722	0.22512753307819366	0.3465111553668976	-0.2912936806678772	-0.29346808791160583	-0.1510269194841385	0.3396051824092865	0.19727180898189545	0.32481205463409424	0.19727568328380585	0.3808106780052185	0.15207308530807495	0.2444256991147995	-0.025822661817073822	0.32915955781936646	1.0	0.07434233278036118	-0.21046142280101776	0.13332343101501465	-0.0005118715343996882	0.09451358020305634	0.3600728213787079	0.2562864124774933	0.21894508600234985	0.03334251046180725	0.005453978665173054	-0.062198054045438766	-0.2109053134918213	0.13856995105743408	-0.12633174657821655	-0.15361075103282928	0.09598730504512787	0.37335655093193054	0.14485594630241394	0.1274857223033905	0.21098288893699646	0.2855653464794159	0.22882996499538422	0.3181729018688202	0.2509496808052063	0.6620394587516785	0.16682305932044983	0.0064721982926130295	0.2992004454135895	0.10453998297452927	-0.14511235058307648
THA-DP-rh	0.08049000799655914	0.27505895495414734	0.12426139414310455	0.33710798621177673	0.2663520574569702	0.032038360834121704	0.2834823727607727	0.14130061864852905	0.5369492769241333	0.27043378353118896	-0.13328641653060913	-0.24796876311302185	0.10271234065294266	-0.06920167803764343	-0.2792827785015106	-0.31403517723083496	-0.14264249801635742	-0.0091679273173213	-0.045403700321912766	0.07434233278036118	1.0	0.3483269214630127	0.05777004361152649	-0.07046210765838623	0.05287444218993187	0.11838383972644806	0.1431097388267517	0.11961191147565842	0.252916157245636	0.04887450858950615	0.16113807260990143	-0.25218603014945984	-0.1982789784669876	0.36313939094543457	-0.028654197230935097	-0.07368256151676178	-0.12053723633289337	0.0886797085404396	-0.12924978137016296	-0.32185646891593933	-0.33419111371040344	-0.2283327281475067	-0.005906561855226755	0.16062667965888977	-0.07279440760612488	0.5734995603561401	-0.13924643397331238	-0.2169061154127121	0.237429678440094	-0.1231277659535408
NAc-shell-rh	0.2373373657464981	0.4068724811077118	-0.27021387219429016	-0.08228074759244919	-0.13402004539966583	-0.10191609710454941	-0.023425210267305374	0.2226925492286682	0.21760830283164978	-0.1683538556098938	0.09975916147232056	-0.02375299483537674	-0.19842194020748138	-0.22164471447467804	-0.12103953957557678	0.1132659912109375	-0.13950292766094208	0.05647394806146622	0.12037204205989838	-0.21046142280101776	0.3483269214630127	1.0	0.05385608226060867	-0.2945685386657715	-0.2583138346672058	0.14573994278907776	0.19601160287857056	0.025554807856678963	-0.18824690580368042	-0.279862642288208	0.15243417024612427	0.10226186364889145	-0.5177041888237	-0.08539798855781555	-0.3480181097984314	-0.09893019497394562	-0.09571805596351624	0.002350645838305354	-0.09888365119695663	-0.08531729876995087	-0.11046344041824341	-0.28215646743774414	-0.20833659172058105	0.30670198798179626	-0.15787078440189362	-0.06607881188392639	0.27897512912750244	-0.044627681374549866	0.15040011703968048	0.05352078750729561
NAc-core-rh	-0.1967354565858841	-0.1652328222990036	-0.047197125852108	0.09095827490091324	0.09281875938177109	0.1571110635995865	0.10077083855867386	0.08554691076278687	0.11975308507680893	0.15277190506458282	0.5097905993461609	0.2186955362558365	0.3089817762374878	0.15474437177181244	0.572849690914154	0.5364827513694763	0.5015063881874084	0.38583138585090637	0.2590811550617218	0.13332343101501465	0.05777004361152649	0.05385608226060867	1.0	-0.16547776758670807	0.04570218548178673	-0.10621217638254166	-0.21647821366786957	-0.13550905883312225	0.21606236696243286	0.1310761719942093	0.15683351457118988	0.10750265419483185	0.2905358374118805	-0.01844530552625656	0.1677883416414261	0.46042919158935547	0.3038131594657898	0.25841787457466125	0.17295421659946442	0.3990071713924408	0.4239831268787384	0.47077012062072754	0.43693336844444275	-0.04070127010345459	0.21952742338180542	-0.0024604937061667442	0.420667439699173	0.30089277029037476	-0.2658568322658539	0.024313926696777344
pGP-rh	-0.18443623185157776	-0.3230874240398407	0.22877644002437592	-0.025503145530819893	0.03243877366185188	0.06773626804351807	-0.2800787091255188	-0.0854339450597763	0.17008601129055023	0.4232009947299957	-0.13922302424907684	-0.1634482890367508	0.1304417848587036	0.06396280229091644	-0.09402230381965637	-0.24324694275856018	-0.11152159422636032	-0.14928561449050903	-0.18192405998706818	-0.0005118715343996882	-0.07046210765838623	-0.2945685386657715	-0.16547776758670807	1.0	0.4076269865036011	0.008923911489546299	-0.20587386190891266	0.09640761464834213	-0.0714055672287941	0.022048404440283775	0.13962942361831665	-0.10414236783981323	0.2014291137456894	0.24642956256866455	0.35114702582359314	-0.11124314367771149	-0.17517593502998352	-0.3694912791252136	0.07643155753612518	-0.058361638337373734	-0.19631460309028625	-0.014399404637515545	0.008799179457128048	-0.1088937446475029	0.18776771426200867	0.14118565618991852	-0.015715720131993294	-0.1352001428604126	-0.20357432961463928	-0.033360183238983154
aGP-rh	-0.07718444615602493	-0.23843367397785187	0.07367484271526337	0.04417656734585762	0.1296619325876236	0.2904467284679413	-0.10062860697507858	-0.15119674801826477	0.23583702743053436	0.3533603549003601	0.018172141164541245	-0.0853390321135521	0.2712804675102234	0.10506756603717804	0.11174020916223526	-0.016235318034887314	0.025799337774515152	-0.07172317802906036	-0.06408543139696121	0.09451358020305634	0.05287444218993187	-0.2583138346672058	0.04570218548178673	0.4076269865036011	1.0	0.19230523705482483	-0.07554852962493896	-0.06161488965153694	0.11396867036819458	0.18836018443107605	0.07376118004322052	-0.11194657534360886	0.048279471695423126	0.1595211625099182	0.21563448011875153	-0.043713368475437164	-0.16459791362285614	-0.05118534713983536	-0.05095384642481804	-0.16761553287506104	0.033125847578048706	-0.08017273247241974	0.017127625644207	-0.14033937454223633	0.13166628777980804	0.1527136266231537	-0.10494904220104218	-0.11028347909450531	-0.2866017818450928	-0.38206103444099426
HIP-head-m-lh	0.7868123650550842	0.5770277380943298	0.26555442810058594	0.12383877485990524	0.03604348003864288	0.27699172496795654	0.001851322827860713	-0.30127644538879395	-0.26855725049972534	-0.30806484818458557	0.004352288320660591	-0.13577009737491608	-0.027600886300206184	-0.27113890647888184	-0.13001102209091187	-0.0944548100233078	-0.2721741199493408	-0.31379103660583496	0.24152465164661407	0.3600728213787079	0.11838383972644806	0.14573994278907776	-0.10621217638254166	0.008923911489546299	0.19230523705482483	1.0	0.6451318264007568	0.46598657965660095	0.043219100683927536	-0.07466298341751099	-0.016166379675269127	-0.15875905752182007	-0.45238304138183594	-0.23400220274925232	-0.4992862939834595	-0.2757425606250763	-0.28476738929748535	-0.2134859710931778	-0.2878858745098114	-0.0911865234375	-0.11987230181694031	-0.27817800641059875	-0.12158771604299545	0.4797508716583252	0.2490042746067047	0.15453967452049255	-0.20571020245552063	0.07257048040628433	0.09248708933591843	-0.21532681584358215
HIP-head-l-l	0.7164608240127563	0.7386724352836609	0.3623049557209015	0.02257184498012066	-0.1607924997806549	0.048830240964889526	-0.0118784224614501	-0.08394331485033035	-0.20936989784240723	-0.3822287917137146	-0.1988907903432846	-0.2685104310512543	-0.17792268097400665	-0.31733641028404236	-0.14154218137264252	-0.14072158932685852	-0.23263120651245117	-0.2885952293872833	0.273882657289505	0.2562864124774933	0.1431097388267517	0.19601160287857056	-0.21647821366786957	-0.20587386190891266	-0.07554852962493896	0.6451318264007568	1.0	0.5512738227844238	0.15422692894935608	-0.1880977749824524	-0.21511906385421753	-0.19702933728694916	-0.48177236318588257	-0.005209187977015972	-0.45593148469924927	-0.26761308312416077	-0.25464484095573425	-0.16915500164031982	-0.2823738753795624	-0.19904834032058716	-0.07703651487827301	-0.28160151839256287	-0.1717580407857895	0.2712383568286896	0.08313631266355515	-0.017150195315480232	-0.1881391555070877	0.02990734949707985	0.30141669511795044	-0.14362210035324097
HIP-body-l	0.4221564829349518	0.5711892247200012	0.5244272351264954	0.14610695838928223	-0.262224406003952	-0.06367971748113632	0.15283194184303284	-0.23289936780929565	-0.16155214607715607	0.03786388039588928	-0.10393765568733215	-0.1837601512670517	-0.19698795676231384	-0.2627565860748291	-0.01787920668721199	-0.18038040399551392	-0.19936485588550568	-0.22835735976696014	0.16907717287540436	0.21894508600234985	0.11961191147565842	0.025554807856678963	-0.13550905883312225	0.09640761464834213	-0.06161488965153694	0.46598657965660095	0.5512738227844238	1.0	0.1631641685962677	-0.5440494418144226	-0.24905511736869812	-0.22998566925525665	-0.23334123194217682	-0.12292283773422241	-0.19517943263053894	-0.08574047684669495	-0.2201334536075592	-0.45955801010131836	-0.20662814378738403	-0.1207280233502388	-0.09954030811786652	-0.14274753630161285	0.01927526853978634	0.16600936651229858	0.10749810934066772	-0.11364667862653732	-0.20861704647541046	0.15784971415996552	0.10773565620183945	-0.12538419663906097
HIP-tail-lh	0.07388578355312347	0.11428214609622955	0.24470654129981995	0.5912904143333435	0.3538735806941986	0.3866630792617798	-0.059033069759607315	-0.20623575150966644	0.03408133611083031	0.12542472779750824	0.0413370355963707	-0.008895600214600563	0.4499552845954895	0.08406390994787216	0.10663022845983505	-0.04039880260825157	0.19866663217544556	0.32649490237236023	0.16881687939167023	0.03334251046180725	0.252916157245636	-0.18824690580368042	0.21606236696243286	-0.0714055672287941	0.11396867036819458	0.043219100683927536	0.15422692894935608	0.1631641685962677	1.0	0.27019256353378296	0.1319575160741806	-0.1719682216644287	0.01284338440746069	0.03351322561502457	0.1050623282790184	0.2279786318540573	-0.006589740980416536	0.23534967005252838	0.04997126758098602	0.09563465416431427	0.17434406280517578	0.23107858002185822	0.12549839913845062	-0.014267505146563053	0.0999494269490242	0.25679901242256165	0.2180495262145996	-0.1802479475736618	-0.1488303393125534	-0.073232501745224
THA-VPm-lh	-0.1970365047454834	-0.35498011112213135	-0.1908206045627594	0.13563483953475952	0.5335444211959839	0.4275389611721039	0.07067069411277771	0.20699584484100342	0.17445610463619232	0.11392632126808167	0.0749136433005333	0.23474933207035065	0.47755512595176697	0.46091943979263306	0.013704298064112663	0.05730123817920685	0.3379393219947815	0.28605201840400696	0.13579988479614258	0.005453978665173054	0.04887450858950615	-0.279862642288208	0.1310761719942093	0.022048404440283775	0.18836018443107605	-0.07466298341751099	-0.1880977749824524	-0.5440494418144226	0.27019256353378296	1.0	0.25434792041778564	0.3157857358455658	0.29334792494773865	0.20176468789577484	0.19320575892925262	0.1593141257762909	0.2175503522157669	0.44292759895324707	0.3769805431365967	0.17612716555595398	0.1402292400598526	0.25319620966911316	0.12908640503883362	-0.06349977105855942	0.195254847407341	0.18413031101226807	0.0493057444691658	-0.08273987472057343	-0.13677386939525604	0.09230071306228638
THA-VPl-lh	0.006080857943743467	-0.13530418276786804	-0.06519855558872223	0.22405853867530823	0.3186754584312439	0.36656391620635986	-0.09942891448736191	-0.03672867268323898	0.1178525909781456	0.05566949397325516	-0.151371568441391	-0.22650006413459778	0.05635339766740799	-0.16200844943523407	-0.2347402721643448	-0.290124773979187	0.06589844077825546	0.027761099860072136	-0.06851081550121307	-0.062198054045438766	0.16113807260990143	0.15243417024612427	0.15683351457118988	0.13962942361831665	0.07376118004322052	-0.016166379675269127	-0.21511906385421753	-0.24905511736869812	0.1319575160741806	0.25434792041778564	1.0	0.0529836043715477	-0.08398047834634781	-0.12094658613204956	0.14028510451316833	-0.27932876348495483	-0.2217106819152832	0.07213979959487915	-0.17476318776607513	-0.13090546429157257	-0.2922740578651428	-0.11964621394872665	-0.27581459283828735	0.25572943687438965	0.08306723088026047	0.35476037859916687	0.10760825872421265	-0.37252429127693176	0.07556549459695816	-0.25030508637428284
THA-VAi-lh	-0.1230594739317894	-0.1600923389196396	-0.1462244838476181	-0.3159988522529602	-0.06851105391979218	-0.03393082693219185	0.25156888365745544	0.4374512732028961	0.15852932631969452	0.07274850457906723	0.2502603232860565	0.386842280626297	-0.024799775332212448	0.22663003206253052	0.025454489514231682	0.1888052374124527	0.36957210302352905	0.33785679936408997	0.19095632433891296	-0.2109053134918213	-0.25218603014945984	0.10226186364889145	0.10750265419483185	-0.10414236783981323	-0.11194657534360886	-0.15875905752182007	-0.19702933728694916	-0.22998566925525665	-0.1719682216644287	0.3157857358455658	0.0529836043715477	1.0	0.2467450350522995	0.17054563760757446	0.2326962798833847	0.233383908867836	0.19782914221286774	0.22391854226589203	0.4201076924800873	0.46776026487350464	0.2777591347694397	0.34395334124565125	0.25658532977104187	-0.09128672629594803	0.2639104425907135	-0.38350701332092285	0.11369570344686508	0.36947935819625854	-0.3539370894432068	0.25280699133872986
THA-VAs-lh	-0.6203058362007141	-0.5793747901916504	-0.010817205533385277	-0.030441371724009514	-0.019202610477805138	-0.08723090589046478	0.2046336531639099	0.2634832262992859	0.1380154937505722	0.44739851355552673	0.2084198296070099	0.36096271872520447	0.2949121594429016	0.4974372684955597	0.27948570251464844	0.28431597352027893	0.5474018454551697	0.31019100546836853	-0.02934284135699272	0.13856995105743408	-0.1982789784669876	-0.5177041888237	0.2905358374118805	0.2014291137456894	0.048279471695423126	-0.45238304138183594	-0.48177236318588257	-0.23334123194217682	0.01284338440746069	0.29334792494773865	-0.08398047834634781	0.2467450350522995	1.0	0.30003517866134644	0.6510643362998962	0.5172033905982971	0.47749048471450806	0.17895445227622986	0.5558173060417175	0.3684590458869934	0.3650561571121216	0.6597294807434082	0.6414490938186646	-0.39341092109680176	0.29537343978881836	-0.11847133189439774	0.04257248342037201	0.36290743947029114	-0.3250672221183777	0.12166209518909454
THA-DAm-lh	-0.1779910922050476	-0.13409458100795746	0.08945789188146591	-0.08477070182561874	-0.04376785084605217	-0.34919673204421997	0.18752583861351013	0.5537693500518799	0.6717462539672852	0.4287889003753662	-0.16582556068897247	-0.15434463322162628	0.011956354603171349	0.16548578441143036	-0.20268017053604126	-0.06176089867949486	0.08873564004898071	-0.009898080490529537	-0.16796758770942688	-0.12633174657821655	0.36313939094543457	-0.08539798855781555	-0.01844530552625656	0.24642956256866455	0.1595211625099182	-0.23400220274925232	-0.005209187977015972	-0.12292283773422241	0.03351322561502457	0.20176468789577484	-0.12094658613204956	0.17054563760757446	0.30003517866134644	1.0	0.4991025924682617	0.12382407486438751	0.06424779444932938	0.15158820152282715	0.2836538553237915	-0.15873420238494873	-0.08034879714250565	0.08806458115577698	0.2543502748012543	-0.47332724928855896	-0.09961890429258347	0.23877330124378204	-0.1531703770160675	0.01588505506515503	-0.1455182433128357	-0.13753843307495117
THA-DAl-lh	-0.5391289591789246	-0.4904741048812866	0.02399302087724209	-0.04495004191994667	0.08105814456939697	-0.11283598840236664	0.11373595893383026	0.38905853033065796	0.3935592770576477	0.6719122529029846	-0.04765012487769127	0.06474187225103378	0.16193528473377228	0.3469560146331787	0.0892685055732727	0.0360029898583889	0.37548986077308655	0.1846214383840561	-0.16847488284111023	-0.15361075103282928	-0.028654197230935097	-0.3480181097984314	0.1677883416414261	0.35114702582359314	0.21563448011875153	-0.4992862939834595	-0.45593148469924927	-0.19517943263053894	0.1050623282790184	0.19320575892925262	0.14028510451316833	0.2326962798833847	0.6510643362998962	0.4991025924682617	1.0	0.26384711265563965	0.19769641757011414	0.13461138308048248	0.3578380048274994	0.10209008306264877	0.1318385750055313	0.39245715737342834	0.44396576285362244	-0.47354060411453247	0.014735536649823189	0.011186294257640839	-0.015240254811942577	0.11211899667978287	-0.4487801492214203	0.015518978238105774
PUT-VA-lh	-0.4171389937400818	-0.41083499789237976	-0.2086971551179886	-0.07144936919212341	0.13551583886146545	-0.060676369816064835	0.05868763476610184	0.03794977441430092	0.011070854030549526	0.13141757249832153	0.7160897254943848	0.44027355313301086	0.4831198751926422	0.5076141953468323	0.47935497760772705	0.5550469756126404	0.598506510257721	0.647052526473999	0.2834641933441162	0.09598730504512787	-0.07368256151676178	-0.09893019497394562	0.46042919158935547	-0.11124314367771149	-0.043713368475437164	-0.2757425606250763	-0.26761308312416077	-0.08574047684669495	0.2279786318540573	0.1593141257762909	-0.27932876348495483	0.233383908867836	0.5172033905982971	0.12382407486438751	0.26384711265563965	1.0	0.62164705991745	0.25631123781204224	0.48268336057662964	0.6483701467514038	0.6643291711807251	0.7391270399093628	0.7721822261810303	-0.30306699872016907	0.22442734241485596	-0.07425133138895035	0.29029813408851624	0.4534631371498108	-0.3967815637588501	0.17121045291423798
PUT-DA-l	-0.3697284460067749	-0.18949946761131287	-0.16289614140987396	0.06811331957578659	-0.0322532020509243	-0.056863896548748016	0.25261390209198	0.23271985352039337	-0.15992215275764465	-0.02110813371837139	0.6937816739082336	0.6956179738044739	0.46716684103012085	0.6879763603210449	0.5579946637153625	0.541404128074646	0.6157028079032898	0.548816978931427	0.2218949794769287	0.37335655093193054	-0.12053723633289337	-0.09571805596351624	0.3038131594657898	-0.17517593502998352	-0.16459791362285614	-0.28476738929748535	-0.25464484095573425	-0.2201334536075592	-0.006589740980416536	0.2175503522157669	-0.2217106819152832	0.19782914221286774	0.47749048471450806	0.06424779444932938	0.19769641757011414	0.62164705991745	1.0	0.49204328656196594	0.7671219110488892	0.4315727651119232	0.48707321286201477	0.6212615966796875	0.5610442757606506	-0.1877124160528183	0.330221951007843	-0.1896708458662033	0.23909886181354523	0.514345109462738	-0.19620683789253235	0.29215940833091736
PUT-VP-lh	-0.08822400867938995	-0.09747987240552902	-0.2095232605934143	0.05886431783437729	0.05857403203845024	0.10654757916927338	0.0909447893500328	0.14574860036373138	0.058698203414678574	-0.09670565277338028	0.36460357904434204	0.3720751404762268	0.5357961654663086	0.4052574932575226	0.2452961504459381	0.34207403659820557	0.44849833846092224	0.3087811768054962	0.27840155363082886	0.14485594630241394	0.0886797085404396	0.002350645838305354	0.25841787457466125	-0.3694912791252136	-0.05118534713983536	-0.2134859710931778	-0.16915500164031982	-0.45955801010131836	0.23534967005252838	0.44292759895324707	0.07213979959487915	0.22391854226589203	0.17895445227622986	0.15158820152282715	0.13461138308048248	0.25631123781204224	0.49204328656196594	1.0	0.4906652867794037	0.32425543665885925	0.3464178442955017	0.3647628128528595	0.24188780784606934	-0.03328998386859894	0.2134619951248169	0.1019999086856842	0.28447213768959045	0.05371081456542015	-0.06549830734729767	0.14228570461273193
PUT-DP-lh	-0.35183998942375183	-0.1761588752269745	-0.16271379590034485	0.026574118062853813	-0.1605214625597	0.03484874591231346	0.21714171767234802	0.42582255601882935	0.09086001664400101	0.21085426211357117	0.39891257882118225	0.6501220464706421	0.5257940292358398	0.7637515664100647	0.3957359194755554	0.43624311685562134	0.5665328502655029	0.46614640951156616	0.23958279192447662	0.1274857223033905	-0.12924978137016296	-0.09888365119695663	0.17295421659946442	0.07643155753612518	-0.05095384642481804	-0.2878858745098114	-0.2823738753795624	-0.20662814378738403	0.04997126758098602	0.3769805431365967	-0.17476318776607513	0.4201076924800873	0.5558173060417175	0.2836538553237915	0.3578380048274994	0.48268336057662964	0.7671219110488892	0.4906652867794037	1.0	0.42356809973716736	0.4144030511379242	0.5824212431907654	0.4875204265117645	-0.1978772133588791	0.3817555010318756	-0.2837650179862976	0.21736976504325867	0.440142422914505	-0.3391560912132263	0.35957446694374084
