Node	LH_Vis_1	LH_Vis_2	LH_Vis_3	LH_Vis_4	LH_Vis_5	LH_Vis_6	LH_Vis_7	LH_Vis_8	LH_Vis_9	LH_SomMot_1	LH_SomMot_2	LH_SomMot_3	LH_SomMot_4	LH_SomMot_5	LH_SomMot_6	LH_DorsAttn_Post_1	LH_DorsAttn_Post_2	LH_DorsAttn_Post_3	LH_DorsAttn_Post_4	LH_DorsAttn_Post_5	LH_DorsAttn_Post_6	LH_DorsAttn_PrCv_1	LH_DorsAttn_FEF_1	LH_SalVentAttn_ParOper_1	LH_SalVentAttn_FrOperIns_1	LH_SalVentAttn_FrOperIns_2	LH_SalVentAttn_PFCl_1	LH_SalVentAttn_Med_1	LH_SalVentAttn_Med_2	LH_SalVentAttn_Med_3	LH_Limbic_OFC_1	LH_Limbic_TempPole_1	LH_Limbic_TempPole_2	LH_Cont_Par_1	LH_Cont_PFCl_1	LH_Cont_pCun_1	LH_Cont_Cing_1	LH_Default_Temp_1	LH_Default_Temp_2	LH_Default_Par_1	LH_Default_Par_2	LH_Default_PFC_1	LH_Default_PFC_2	LH_Default_PFC_3	LH_Default_PFC_4	LH_Default_PFC_5	LH_Default_PFC_6	LH_Default_PFC_7	LH_Default_pCunPCC_1	LH_Default_pCunPCC_2	RH_Vis_1	RH_Vis_2	RH_Vis_3	RH_Vis_4	RH_Vis_5	RH_Vis_6	RH_Vis_7	RH_Vis_8	RH_SomMot_1	RH_SomMot_2	RH_SomMot_3	RH_SomMot_4	RH_SomMot_5	RH_SomMot_6	RH_SomMot_7	RH_SomMot_8	RH_DorsAttn_Post_1	RH_DorsAttn_Post_2	RH_DorsAttn_Post_3	RH_DorsAttn_Post_4	RH_DorsAttn_Post_5	RH_DorsAttn_PrCv_1	RH_DorsAttn_FEF_1	RH_SalVentAttn_TempOccPar_1	RH_SalVentAttn_TempOccPar_2	RH_SalVentAttn_FrOperIns_1	RH_SalVentAttn_Med_1	RH_SalVentAttn_Med_2	RH_Limbic_OFC_1	RH_Limbic_TempPole_1	RH_Cont_Par_1	RH_Cont_Par_2	RH_Cont_PFCl_1	RH_Cont_PFCl_2	RH_Cont_PFCl_3	RH_Cont_PFCl_4	RH_Cont_Cing_1	RH_Cont_PFCmp_1	RH_Cont_pCun_1	RH_Default_Par_1	RH_Default_Temp_1	RH_Default_Temp_2	RH_Default_Temp_3	RH_Default_PFCv_1	RH_Default_PFCv_2	RH_Default_PFCdPFCm_1	RH_Default_PFCdPFCm_2	RH_Default_PFCdPFCm_3	RH_Default_pCunPCC_1	RH_Default_pCunPCC_2	LH-Pu	LH-Ca	LH-NAC	LH-EXA	LH-GPe	LH-GPi	LH-SNc_PBP_VTA	LH-RN	LH-SNr	LH-VeP	LH-HN	LH-HTH	LH-MN	LH-STH	RH-Pu	RH-Ca	RH-NAC	RH-EXA	RH-GPe	RH-GPi	RH-SNc_PBP_VTA	RH-RN	RH-SNr	RH-VeP	RH-HN	RH-HTH	RH-MN	RH-STH	LH-Pulvinar	LH-Anterior	LH-Medio_Dorsal	LH-Ventral_Latero_Dorsal	LH-Central_Lateral-Lateral_Posterior-Medial_Pulvinar	LH-Ventral_Anterior	LH-Ventral_Latero_Ventral	RH-Pulvinar	RH-Anterior	RH-Medio_Dorsal	RH-Ventral_Latero_Dorsal	RH-Central_Lateral-Lateral_Posterior-Medial_Pulvinar	RH-Ventral_Anterior	RH-Ventral_Latero_Ventral	LH_Hippocampus	LH_Amygdala	RH_Hippocampus	RH_Amygdala	Cerebellar_Region1	Cerebellar_Region2	Cerebellar_Region3	Cerebellar_Region4	Cerebellar_Region5	Cerebellar_Region6	Cerebellar_Region7	Cerebellar_Region8	Cerebellar_Region9	Cerebellar_Region10
LH_Vis_1	1.0	0.1024792417883873	0.2593759596347809	-0.06755237281322479	0.2852194607257843	0.07180911302566528	0.17319968342781067	0.3623926043510437	0.09402276575565338	-0.15690478682518005	-0.004684173036366701	-0.03461034595966339	-0.3599534332752228	-0.36984387040138245	-0.22618277370929718	0.2533309757709503	0.16604100167751312	0.3153080344200134	-0.1842537224292755	0.26373007893562317	0.04720801115036011	0.10005245357751846	0.207187682390213	0.19657482206821442	0.1404571533203125	0.028426337987184525	-0.141728475689888	0.08720880001783371	-0.0008527033496648073	0.04228184372186661	0.0422232449054718	0.22793661057949066	-0.06780719012022018	-0.007324592676013708	-0.010945773683488369	0.024985475465655327	0.01686002127826214	-0.1423528790473938	-0.3463945984840393	-0.1986381858587265	-0.169427752494812	-0.010980593971908092	-0.12982256710529327	0.020352954044938087	-0.13728994131088257	-0.013901433907449245	0.011544298380613327	0.010250062681734562	0.47402551770210266	0.03162842616438866	0.7802608013153076	0.24347391724586487	0.1973201334476471	0.14125606417655945	0.08694510161876678	0.021877869963645935	0.3214169442653656	0.07609009742736816	-0.15042714774608612	0.06108110398054123	-0.0644240751862526	-0.3990391492843628	-0.2274731695652008	-0.3067287802696228	-0.2333136945962906	-0.2850096821784973	0.05954908952116966	-0.019339950755238533	0.21079310774803162	0.3712198734283447	0.04270084574818611	0.16148589551448822	0.2685357630252838	-0.14770281314849854	0.14044329524040222	0.08447419852018356	0.003588870633393526	0.05726000666618347	-0.1533537209033966	0.19179029762744904	-0.16618765890598297	-0.01287116575986147	-0.15271511673927307	-0.009972590021789074	-0.10099661350250244	0.0007354796980507672	-0.11219603568315506	0.012004886753857136	0.062950998544693	-0.1739669144153595	-0.22163298726081848	-0.11575217545032501	-0.3365705907344818	0.12356441468000412	-0.09035356342792511	0.029349135234951973	-0.01681848242878914	0.08020290732383728	0.5461670160293579	0.045394156128168106	0.008512349799275398	0.11014947295188904	-0.018919048830866814	-0.01771225780248642	0.19234217703342438	0.09519769251346588	-0.12060213834047318	-0.07177244126796722	-0.04529423266649246	-0.19141995906829834	0.059582699090242386	0.5726610422134399	-0.1849287748336792	0.33285385370254517	0.12451091408729553	0.08885546773672104	-0.136733740568161	-0.02858847565948963	0.1696852296590805	0.21254701912403107	-0.020263144746422768	0.038004133850336075	0.08632272481918335	-0.10078895837068558	0.054987188428640366	0.3769732713699341	-0.017866753041744232	0.3206949830055237	0.24177180230617523	0.007625508587807417	0.08043555170297623	0.19690074026584625	0.2051839977502823	0.2349400818347931	-0.027552928775548935	0.4175214171409607	0.3823891878128052	0.29957297444343567	0.3918909728527069	0.31689760088920593	0.2783929407596588	-0.022205675020813942	-0.02763030119240284	-0.051799580454826355	0.0947822630405426	-0.015417668037116528	0.15123189985752106	0.0808418020606041	0.33960238099098206	0.1375589668750763	0.03823447600007057	-0.052482426166534424	-0.147241473197937	-0.23960016667842865	-0.16544026136398315	-0.15458223223686218
LH_Vis_2	0.1024792417883873	1.0	0.8074043393135071	0.16920259594917297	0.7475340366363525	0.7872464656829834	-0.27060312032699585	0.7629207372665405	0.7062922120094299	0.1851499080657959	0.26966917514801025	0.6058140993118286	0.09870010614395142	0.19086356461048126	0.3075680434703827	0.3393149971961975	0.31695348024368286	0.17746661603450775	0.1900670975446701	-0.26663005352020264	0.4432167112827301	0.10670404136180878	0.327677458524704	0.22320298850536346	0.21189025044441223	0.25816693902015686	-0.2821222245693207	0.029327865689992905	0.34303560853004456	0.5709277987480164	-0.4330011010169983	-0.14009323716163635	-0.5426223278045654	-0.18588051199913025	-0.43816515803337097	-0.26889997720718384	-0.43994155526161194	-0.28833284974098206	-0.05919791758060455	0.19028787314891815	-0.683885395526886	-0.4351828098297119	-0.6767263412475586	-0.48294922709465027	-0.49895763397216797	-0.5975576043128967	-0.5363322496414185	-0.7471392154693604	0.07537779211997986	-0.5418131947517395	0.3265363574028015	0.9026034474372864	0.5089764595031738	0.5636528134346008	0.8072683215141296	0.6703183054924011	0.7479360103607178	0.7948713302612305	0.2656208276748657	0.5360150337219238	0.6546677350997925	-0.028254199773073196	0.580525815486908	0.13566255569458008	0.3165663480758667	0.3192724585533142	-0.7095209956169128	0.47521379590034485	0.33408987522125244	0.38493433594703674	0.40050289034843445	0.37613850831985474	0.5557260513305664	0.08479560911655426	0.4937589168548584	0.45286595821380615	0.3947778344154358	0.5573622584342957	-0.5077611804008484	-0.16465641558170319	-0.036710016429424286	-0.47167691588401794	-0.4666983187198639	-0.06950929760932922	-0.17297086119651794	-0.43669092655181885	-0.32378441095352173	-0.289025217294693	-0.16620975732803345	-0.5116404891014099	-0.39634421467781067	-0.1301957219839096	0.02489374950528145	-0.42163199186325073	-0.5864344835281372	-0.478237509727478	-0.577523946762085	-0.6093069911003113	0.13355357944965363	-0.5137245059013367	0.15644189715385437	-0.19957363605499268	-0.12301678210496902	-0.2621038556098938	0.16681323945522308	0.09965171664953232	-0.2651101350784302	0.0749896839261055	-0.01343717984855175	0.046033795922994614	-0.1338549107313156	0.016672665253281593	0.2116667777299881	-0.2868499457836151	0.157109797000885	-0.2108566164970398	-0.15752215683460236	-0.016517657786607742	-0.14797013998031616	-0.20976758003234863	-0.054553501307964325	-0.16452738642692566	-0.015131830237805843	-0.18499843776226044	0.229940727353096	-0.156394362449646	0.15371830761432648	0.05011451989412308	0.30688977241516113	0.09880593419075012	-0.03808271139860153	-0.1436103880405426	-0.11770931631326675	-0.16873478889465332	0.023824846372008324	0.16296742856502533	-0.16945986449718475	0.26155856251716614	0.031212743371725082	-0.06933199614286423	-0.03591122478246689	-0.11264438182115555	0.2611941695213318	0.10693863779306412	0.1908380091190338	-0.02106661908328533	0.2595677673816681	0.24909085035324097	0.3152044117450714	0.3053106665611267	-0.4133746027946472	-0.2088005542755127	-0.5374965667724609	-0.6058637499809265	-0.5763552188873291	-0.5640556216239929
LH_Vis_3	0.2593759596347809	0.8074043393135071	1.0	-0.22541581094264984	0.598258376121521	0.9006152749061584	-0.011376239359378815	0.7468976378440857	0.8871082067489624	0.004470427054911852	0.07604877650737762	0.5482161045074463	-0.008189202286303043	0.11386881023645401	0.10806643962860107	0.2903076112270355	0.3886035680770874	0.25487029552459717	0.24177925288677216	0.021986478939652443	0.4737662374973297	0.1470993310213089	0.29333096742630005	0.42458847165107727	0.1733839064836502	0.3161046802997589	-0.07143343985080719	0.11859573423862457	0.31752854585647583	0.5285950899124146	-0.38807302713394165	-0.18368501961231232	-0.6151790618896484	-0.10744696110486984	-0.26926499605178833	-0.08572570234537125	-0.3176267445087433	-0.38084834814071655	-0.1348423808813095	0.3862704038619995	-0.6815418004989624	-0.32158011198043823	-0.618299663066864	-0.49185672402381897	-0.39557603001594543	-0.5350543260574341	-0.361210435628891	-0.6960819363594055	0.3987286686897278	-0.4520396292209625	0.30671426653862	0.9153904318809509	0.39818599820137024	0.2241203486919403	0.8032709360122681	0.7937198281288147	0.6900541186332703	0.878799557685852	0.035477254539728165	0.377153217792511	0.4923390746116638	-0.1391810029745102	0.3257982134819031	-0.03787903115153313	0.3755025565624237	0.017540927976369858	-0.6569709181785583	0.38572999835014343	0.2893391251564026	0.3611891269683838	0.48919570446014404	0.2541888654232025	0.4735066890716553	0.22221288084983826	0.47791293263435364	0.3433801233768463	0.42019715905189514	0.5035440325737	-0.44077184796333313	-0.2962687313556671	-0.13492077589035034	-0.5378324389457703	-0.43982356786727905	-0.14091472327709198	-0.013593005016446114	-0.41756460070610046	-0.32876020669937134	-0.24406763911247253	-0.011866881512105465	-0.5046548843383789	-0.6057756543159485	-0.1883145272731781	0.0003878735296893865	-0.31171610951423645	-0.6084648966789246	-0.44537588953971863	-0.5370000004768372	-0.49005863070487976	0.4038544297218323	-0.4464973509311676	-0.02988934889435768	-0.22512511909008026	0.10407689958810806	-0.35497674345970154	0.24567921459674835	0.0977863147854805	-0.38305091857910156	0.017266089096665382	0.03975655511021614	-0.11257527768611908	-0.2178105264902115	0.05049389228224754	0.16911055147647858	-0.18735700845718384	-0.03983023017644882	-0.2681048810482025	-0.34058070182800293	-0.14159685373306274	-0.12098390609025955	-0.28145328164100647	-0.02594388835132122	-0.2310207635164261	-0.08904315531253815	-0.2149503082036972	0.06229158118367195	-0.2441970407962799	0.09175379574298859	0.06734636425971985	0.24884308874607086	-0.059987425804138184	-0.12139942497015	0.015869980677962303	-0.24718940258026123	-0.09427172690629959	0.029735572636127472	0.01732584275305271	-0.19409343600273132	0.1518133580684662	0.04930303990840912	-0.18677709996700287	-0.05554134398698807	-0.05921333283185959	0.024104470387101173	-0.030951233580708504	-0.06962266564369202	-0.08143479377031326	0.15550556778907776	0.17562130093574524	0.11499427258968353	0.07383033633232117	-0.4432390630245209	-0.18373511731624603	-0.5944520235061646	-0.6361170411109924	-0.6540823578834534	-0.6851902008056641
LH_Vis_4	-0.06755237281322479	0.16920259594917297	-0.22541581094264984	1.0	-0.07426372915506363	-0.25465577840805054	-0.2624078691005707	0.24540597200393677	-0.28245609998703003	0.024325402453541756	0.3080892562866211	0.1340724676847458	-0.04229550436139107	-0.058116331696510315	0.053896594792604446	0.3654487133026123	0.09436354786157608	0.2853547930717468	-0.01230087224394083	-0.2874511182308197	0.1026405394077301	0.17790770530700684	0.17022663354873657	-0.06747564673423767	0.1854196935892105	0.1396661400794983	-0.40374425053596497	-0.038093000650405884	-0.04393712058663368	0.13072147965431213	-0.18627777695655823	0.12801894545555115	0.010331012308597565	0.046308666467666626	-0.17753233015537262	-0.46974509954452515	-0.45382609963417053	-0.003911351785063744	-0.08622831106185913	-0.4445846676826477	-0.29112377762794495	-0.3122294843196869	-0.32872474193573	-0.18036307394504547	-0.3192586898803711	-0.2876846492290497	-0.5161780118942261	-0.26544782519340515	-0.5498164892196655	-0.2767159640789032	0.2509351670742035	-0.08766435831785202	0.44905680418014526	0.7345729470252991	-0.2602180540561676	-0.3090369701385498	0.3166586756706238	-0.1503850519657135	0.052516136318445206	0.33687853813171387	0.2758234441280365	-0.09131766855716705	0.24035044014453888	0.1986188441514969	0.0022736056707799435	0.25207045674324036	-0.18126381933689117	0.2807433605194092	0.4684019684791565	0.45875662565231323	0.04166505113244057	0.5413023233413696	0.40735846757888794	-0.3636426329612732	0.32617390155792236	0.3681756258010864	-0.07890607416629791	0.24493251740932465	-0.04001603275537491	0.04245230183005333	0.19163677096366882	-0.03388020768761635	-0.1903110146522522	0.2557496428489685	-0.28412747383117676	-0.21071015298366547	-0.3780304789543152	-0.04644373804330826	-0.49011459946632385	-0.2971498370170593	0.035428013652563095	-0.1429794877767563	-0.14224745333194733	-0.14382079243659973	-0.061840254813432693	-0.329487144947052	-0.27621546387672424	-0.3308006525039673	-0.4781244397163391	-0.3480193018913269	0.18981146812438965	-0.17075839638710022	-0.5297757983207703	0.048573289066553116	0.026705658063292503	-0.005927384365350008	0.1908951699733734	-0.050135981291532516	0.19042359292507172	0.33975887298583984	0.07104959338903427	0.17901794612407684	0.1878860890865326	-0.04744446277618408	0.22818700969219208	-0.14270880818367004	0.11332958936691284	0.1759648323059082	0.07398100197315216	0.33316048979759216	0.18661454319953918	0.12721996009349823	0.015079313889145851	0.018736710771918297	0.22338703274726868	0.19561918079853058	0.01938720978796482	-0.0048569426871836185	0.015318290330469608	0.24875612556934357	-0.025500796735286713	-0.05132528766989708	0.1519143134355545	-0.12044483423233032	0.1409728080034256	0.2686082720756531	0.17031759023666382	0.277963250875473	-0.1051994264125824	0.22388823330402374	0.18145103752613068	0.031309761106967926	0.3944299817085266	0.11262881755828857	0.3861221671104431	0.2017475813627243	0.3951738476753235	0.27287936210632324	0.4844329059123993	0.35004428029060364	0.2380361258983612	0.18558931350708008	0.08414221554994583	-0.08599402755498886	-0.06989999860525131	0.0016997138736769557
LH_Vis_5	0.2852194607257843	0.7475340366363525	0.598258376121521	-0.07426372915506363	1.0	0.6328400373458862	-0.11378532648086548	0.577460765838623	0.559927225112915	0.09989120066165924	0.08574681729078293	0.4108504056930542	-0.12368544936180115	0.02908828668296337	0.12920323014259338	0.250711590051651	0.2864663600921631	0.1825816035270691	0.010064641945064068	-0.21787749230861664	0.15701556205749512	0.24509549140930176	0.37802058458328247	0.23858779668807983	0.2714916467666626	0.2350415587425232	-0.2664552628993988	0.0034655118361115456	0.16704161465168	0.36410629749298096	-0.04701625555753708	-0.10989188402891159	-0.24460744857788086	0.07075382769107819	-0.06399568915367126	-0.08011256158351898	-0.14723140001296997	-0.3231082260608673	-0.29648712277412415	0.14871878921985626	-0.38399213552474976	-0.26483017206192017	-0.28054237365722656	-0.3336159884929657	-0.419015496969223	-0.4363279938697815	-0.17839917540550232	-0.4768074154853821	0.07425326108932495	-0.3729395568370819	0.2650364339351654	0.6805067658424377	0.23451071977615356	0.36020779609680176	0.78684002161026	0.4229294955730438	0.5682716965675354	0.6369552612304688	0.13975007832050323	0.26134687662124634	0.40163475275039673	-0.21189820766448975	0.275071918964386	-0.028963055461645126	0.03790583834052086	0.08401717990636826	-0.4174782335758209	0.18303364515304565	0.27311909198760986	0.27945536375045776	0.11419437825679779	0.2519409954547882	0.3224153220653534	0.13394179940223694	0.3454643785953522	0.31903472542762756	0.19137567281723022	0.3102022707462311	-0.31802040338516235	-0.06694345921278	0.04841155186295509	-0.2095993012189865	-0.3460639417171478	0.06512870639562607	-0.2395033836364746	-0.21750813722610474	-0.10083223134279251	-0.16541831195354462	-0.03568604588508606	-0.2661242187023163	-0.20151381194591522	-0.1921526938676834	-0.2770669758319855	-0.18693993985652924	-0.2790433466434479	-0.31117138266563416	-0.4026068150997162	-0.4691694974899292	0.1374138742685318	-0.32448869943618774	0.05178532749414444	-0.04982534795999527	-0.05333244428038597	-0.10011334717273712	0.2808632254600525	-0.007185948546975851	-0.10702118277549744	-0.0654839500784874	0.08955187350511551	-0.03883259743452072	-0.08220827579498291	0.08648752421140671	0.001420975080691278	0.038015011698007584	0.015641719102859497	-0.05315502732992172	-0.20611052215099335	-0.03850922733545303	-0.1068580225110054	-0.09524644911289215	-0.27521437406539917	-0.18634071946144104	0.1867682933807373	0.10069231688976288	0.3222869634628296	-0.03192829340696335	0.18892709910869598	0.2306290715932846	0.3368178904056549	0.16690680384635925	0.10060656815767288	-0.10694293677806854	-0.04935552179813385	0.005133040249347687	-0.08625131100416183	0.19393247365951538	0.011871490627527237	0.23802024126052856	0.06208277866244316	-0.004415764007717371	-0.018606794998049736	-0.23535068333148956	0.16303719580173492	0.21874526143074036	0.12495254725217819	-0.10510342568159103	0.1255767047405243	0.11637256294488907	0.29442283511161804	0.26084303855895996	-0.31677496433258057	-0.18906235694885254	-0.5089811682701111	-0.43997618556022644	-0.36424732208251953	-0.43432357907295227
LH_Vis_6	0.07180911302566528	0.7872464656829834	0.9006152749061584	-0.25465577840805054	0.6328400373458862	1.0	0.05192362144589424	0.6590285897254944	0.9327701926231384	0.06602337956428528	0.17891739308834076	0.5668960809707642	0.10969028621912003	0.22041389346122742	0.2747619152069092	0.307445228099823	0.38181430101394653	0.213685542345047	0.19560390710830688	-0.08751778304576874	0.4621049463748932	0.1530616730451584	0.21148669719696045	0.45874282717704773	0.2283279001712799	0.30291441082954407	-0.12210845202207565	0.07000807672739029	0.3891066312789917	0.49981924891471863	-0.3661802411079407	-0.10422118753194809	-0.4726450741291046	-0.01579626090824604	-0.19196851551532745	-0.0862073078751564	-0.287285715341568	-0.2977904677391052	-0.1040041372179985	0.45377856492996216	-0.5982726812362671	-0.3885002136230469	-0.5273103713989258	-0.4957845211029053	-0.48069992661476135	-0.5688740611076355	-0.3674573302268982	-0.6258866190910339	0.3878019452095032	-0.461787611246109	0.113816998898983	0.8231509923934937	0.35946449637413025	0.21134324371814728	0.8978391289710999	0.9078526496887207	0.5934745073318481	0.8947314023971558	0.132391095161438	0.39820948243141174	0.5084601044654846	-0.007651083171367645	0.4271114766597748	0.07881291210651398	0.4143048822879791	0.18546755611896515	-0.5923157334327698	0.26798391342163086	0.21570412814617157	0.24065843224525452	0.464319109916687	0.1019294261932373	0.35199013352394104	0.3331022262573242	0.4039430320262909	0.3212100565433502	0.44544342160224915	0.4453605115413666	-0.5121082067489624	-0.2474195510149002	-0.08421304076910019	-0.4731314778327942	-0.4356793761253357	-0.11537288129329681	-0.0878748968243599	-0.4309731721878052	-0.275888592004776	-0.3451407551765442	-0.0031815487891435623	-0.470331072807312	-0.4516092538833618	-0.025116924196481705	0.04053620249032974	-0.40865465998649597	-0.6437627673149109	-0.4150833487510681	-0.5491127371788025	-0.5204238891601562	0.408012330532074	-0.42489171028137207	-0.07428475469350815	-0.34204649925231934	0.16457372903823853	-0.4830465018749237	0.1224730908870697	0.14528265595436096	-0.3149507939815521	0.08658025413751602	-0.06291411072015762	-0.13525575399398804	-0.2574024200439453	-0.06969284266233444	0.09830259531736374	-0.28331321477890015	-0.16173797845840454	-0.3563397228717804	-0.30611947178840637	-0.24006877839565277	-0.21357400715351105	-0.33012714982032776	-0.07249445468187332	-0.2284500151872635	-0.024248285219073296	-0.13767072558403015	0.03400258719921112	-0.3056492805480957	0.1159360483288765	0.009907767176628113	0.299467533826828	-0.07570207118988037	0.008311730809509754	0.002535302424803376	-0.27336037158966064	-0.116025410592556	0.03323139250278473	-0.011714773252606392	-0.28925007581710815	0.17329637706279755	-0.017615366727113724	-0.22140958905220032	-0.2135443240404129	0.018298910930752754	0.1431044489145279	0.012938021682202816	0.05134256184101105	-0.03577112779021263	0.13773810863494873	0.1183423399925232	-0.02063959836959839	0.15143722295761108	-0.5942710638046265	-0.29047563672065735	-0.7005327343940735	-0.6984213590621948	-0.6917546987533569	-0.7099879384040833
LH_Vis_7	0.17319968342781067	-0.27060312032699585	-0.011376239359378815	-0.2624078691005707	-0.11378532648086548	0.05192362144589424	1.0	0.017126452177762985	0.10345020890235901	-0.3361084759235382	-0.15346162021160126	-0.006423317361623049	0.18289276957511902	0.10028428584337234	-0.046947795897722244	0.45255663990974426	0.09665177017450333	0.35214245319366455	0.1515694111585617	0.4143422842025757	0.01982242614030838	0.2578158676624298	0.04190057888627052	0.41904836893081665	-0.02705119177699089	-0.07782349735498428	0.12908431887626648	-0.044043853878974915	-0.010476495139300823	-0.115998774766922	0.0752524584531784	0.04117157310247421	0.2954435646533966	0.5324287414550781	0.39206936955451965	0.06283877044916153	-0.04108079895377159	-0.24776378273963928	-0.4098719358444214	0.14895080029964447	0.07549082487821579	-0.0880613699555397	0.007419342175126076	-0.16125735640525818	-0.17100025713443756	-0.09118890762329102	0.12853211164474487	0.26325905323028564	0.18537814915180206	-0.012917335145175457	0.0607750229537487	-0.06417679041624069	0.2538968622684479	-0.22416085004806519	0.032625626772642136	0.09466508030891418	-0.0481562539935112	0.0478653721511364	-0.3689593970775604	-0.11078975349664688	-0.2141527235507965	0.1501394361257553	-0.1459656059741974	-0.08252060413360596	0.044995229691267014	-0.183869406580925	0.31730905175209045	-0.24178598821163177	0.056230489164590836	0.10246516764163971	-0.02109910175204277	-0.08627162873744965	-0.19116395711898804	0.27470868825912476	-0.0903855413198471	-0.2497710883617401	-0.061659496277570724	-0.20776166021823883	-0.014321721158921719	-0.1458641141653061	0.20412079989910126	0.14115478098392487	-0.07567717134952545	0.14255179464817047	0.04390387609601021	0.016483746469020844	-0.15017366409301758	-0.14037027955055237	0.036081328988075256	0.03175237774848938	-0.13398504257202148	-0.09098661690950394	-0.2507413327693939	-0.1310947686433792	-0.07602866739034653	-0.1605161875486374	-0.09615739434957504	0.09979458153247833	0.20265096426010132	0.029813699424266815	-0.2758883535861969	-0.21959426999092102	-0.03973783180117607	-0.25195708870887756	0.22942404448986053	-0.2899843454360962	0.023172128945589066	-0.1738867163658142	-0.055240098387002945	0.01783168502151966	-0.14298973977565765	-0.07230570167303085	-0.33000069856643677	0.027610933408141136	-0.42980626225471497	-0.3918634057044983	-0.15337775647640228	-0.24589009582996368	-0.3183343708515167	-0.08215081691741943	-0.20008522272109985	-0.19261060655117035	0.003272886388003826	0.09409273415803909	-0.1926448792219162	-0.05234270542860031	0.30168789625167847	0.041363101452589035	0.004522289149463177	-0.23290446400642395	-0.060233522206544876	0.2405226081609726	0.0531558021903038	0.10151661187410355	0.11166086792945862	0.1217050850391388	-0.2065056562423706	-0.13932523131370544	-0.21042893826961517	-0.13440962135791779	-0.12868355214595795	0.05390917509794235	-0.2181936502456665	-0.16071413457393646	-0.3369247317314148	0.027851488441228867	-0.2255447804927826	-0.16226306557655334	-0.49056610465049744	0.021243318915367126	-0.1834610402584076	-0.2375660091638565	-0.2080112248659134	-0.2872690260410309	-0.17861144244670868	-0.14184555411338806
LH_Vis_8	0.3623926043510437	0.7629207372665405	0.7468976378440857	0.24540597200393677	0.577460765838623	0.6590285897254944	0.017126452177762985	1.0	0.6680072546005249	-0.10954307019710541	0.10064233839511871	0.4592573940753937	0.013426697812974453	0.12959972023963928	0.04169761389493942	0.581955075263977	0.4121209681034088	0.5843966603279114	0.19495481252670288	-0.058042023330926895	0.37789881229400635	0.2789928913116455	0.4044581651687622	0.3463567793369293	0.16108427941799164	0.21547511219978333	-0.4086575210094452	-0.13259530067443848	0.1124945655465126	0.41733449697494507	-0.43333378434181213	-0.15379288792610168	-0.5300406217575073	0.07292159646749496	-0.29142895340919495	-0.30618175864219666	-0.5200440287590027	-0.4977090358734131	-0.3803209364414215	0.018647925928235054	-0.778937041759491	-0.6295509934425354	-0.7785624861717224	-0.6768741011619568	-0.5716001391410828	-0.7536451816558838	-0.6205651760101318	-0.7477702498435974	0.0925225168466568	-0.5731045007705688	0.4566238224506378	0.7516470551490784	0.6824343204498291	0.59236741065979	0.5837241411209106	0.480069637298584	0.944848358631134	0.770335853099823	-0.09917919337749481	0.4653302729129791	0.4679560363292694	-0.1253526657819748	0.42578601837158203	0.10575000196695328	0.22078914940357208	0.057647231966257095	-0.6427425742149353	0.43383145332336426	0.6065119504928589	0.7457720041275024	0.3601628541946411	0.5234771966934204	0.5949928164482117	-0.06897444278001785	0.5721530318260193	0.35702529549598694	0.16838978230953217	0.40966787934303284	-0.33837956190109253	-0.3482755124568939	0.026829645037651062	-0.3989763557910919	-0.5244289040565491	0.05154905468225479	-0.27071231603622437	-0.46720942854881287	-0.4782628118991852	-0.4038507044315338	-0.21101327240467072	-0.6304582953453064	-0.5498086810112	-0.388049453496933	-0.2458055317401886	-0.4903184473514557	-0.6267457008361816	-0.6925339102745056	-0.6956073641777039	-0.6056402325630188	0.1551245152950287	-0.5682538747787476	-0.08901730179786682	-0.43848809599876404	-0.18315330147743225	-0.3479890823364258	0.34744903445243835	0.09849685430526733	-0.12578192353248596	-0.11757262796163559	0.09984719753265381	0.07488216459751129	-0.23172582685947418	0.15867465734481812	0.1389889121055603	-0.12193290889263153	-0.0668390691280365	-0.46731752157211304	-0.4325345754623413	-0.15806318819522858	0.024188820272684097	0.08043010532855988	-0.019771968945860863	-0.1181984469294548	-0.014370492659509182	-0.326200932264328	0.08354736864566803	-0.13050207495689392	0.31936877965927124	0.029617050662636757	0.24437376856803894	-0.04038860276341438	-0.14974848926067352	-0.017013177275657654	-0.18658743798732758	-0.28988534212112427	0.02368641458451748	0.3039432466030121	-0.19869764149188995	0.30214059352874756	0.059227947145700455	-0.00952011439949274	-0.08063400536775589	0.05729345977306366	0.27449676394462585	0.02918967790901661	0.13702698051929474	0.008761689998209476	0.3195280432701111	0.2544066905975342	0.37461212277412415	0.1844073235988617	-0.2575737535953522	-0.15752895176410675	-0.5340239405632019	-0.691696286201477	-0.7182281017303467	-0.6847569942474365
LH_Vis_9	0.09402276575565338	0.7062922120094299	0.8871082067489624	-0.28245609998703003	0.559927225112915	0.9327701926231384	0.10345020890235901	0.6680072546005249	1.0	0.10213248431682587	0.18236318230628967	0.5391908288002014	0.09443984180688858	0.20678244531154633	0.22079621255397797	0.20770910382270813	0.2820295989513397	0.1379413604736328	0.15043486654758453	0.013210479170084	0.4129784107208252	0.036934953182935715	0.1201426237821579	0.39598986506462097	0.2064037322998047	0.2750937342643738	-0.04435434564948082	0.08938837051391602	0.3946826457977295	0.46417585015296936	-0.37828099727630615	-0.18018007278442383	-0.5175678133964539	-0.10908418148756027	-0.2225807160139084	0.09389318525791168	-0.16884130239486694	-0.281398206949234	-0.059717971831560135	0.4866039454936981	-0.5601266622543335	-0.3295295536518097	-0.5332028269767761	-0.4378816485404968	-0.39513346552848816	-0.49746769666671753	-0.3239693343639374	-0.6285732388496399	0.4206696152687073	-0.3470689058303833	0.06943006068468094	0.7981472611427307	0.29748696088790894	0.24052076041698456	0.773353636264801	0.8188044428825378	0.6135983467102051	0.9493402242660522	0.1264650970697403	0.3519234359264374	0.44650939106941223	-0.008536810986697674	0.37309470772743225	-0.002821671310812235	0.33147451281547546	0.09226001799106598	-0.5687422156333923	0.17540831863880157	0.11266758292913437	0.19204555451869965	0.4296227693557739	0.02356710471212864	0.2815203070640564	0.3409908413887024	0.3156985640525818	0.273221880197525	0.4687063694000244	0.38338503241539	-0.48032957315444946	-0.2671670913696289	-0.1431121975183487	-0.48610299825668335	-0.3976520895957947	-0.17273496091365814	-0.03574466332793236	-0.41456958651542664	-0.1673339158296585	-0.28548383712768555	0.1536070555448532	-0.4260111451148987	-0.4729420244693756	-0.015915483236312866	0.07835415750741959	-0.3444448411464691	-0.6022087335586548	-0.34112608432769775	-0.4918736517429352	-0.4791068434715271	0.42874327301979065	-0.32431143522262573	-0.10447414219379425	-0.3619610071182251	0.2088257372379303	-0.5549675226211548	0.1354934126138687	0.16213059425354004	-0.3922361731529236	-0.030002078041434288	-0.04163815826177597	-0.1013326346874237	-0.1886800229549408	-0.07085513323545456	0.12261281907558441	-0.2491585910320282	-0.1906564086675644	-0.3693934679031372	-0.34755972027778625	-0.21049262583255768	-0.12575088441371918	-0.30015483498573303	-0.06778492778539658	-0.22060053050518036	-0.10957690328359604	-0.06765791773796082	0.04258929193019867	-0.3024279475212097	0.04799612984061241	-0.01889513060450554	0.3117310404777527	-0.07579724490642548	0.01172646600753069	0.05898851528763771	-0.23672518134117126	-0.14730265736579895	0.09330669790506363	0.0015756383072584867	-0.24239298701286316	0.18691901862621307	0.0362420380115509	-0.16571706533432007	-0.25736159086227417	0.042660366743803024	0.09826982021331787	-0.019290786236524582	-0.00801577977836132	-0.0882004052400589	0.053726598620414734	0.14168880879878998	-0.06957975029945374	0.12079697847366333	-0.5942428708076477	-0.2998150885105133	-0.6480202078819275	-0.6687015295028687	-0.6967613101005554	-0.6491913199424744
LH_SomMot_1	-0.15690478682518005	0.1851499080657959	0.004470427054911852	0.024325402453541756	0.09989120066165924	0.06602337956428528	-0.3361084759235382	-0.10954307019710541	0.10213248431682587	1.0	0.5349142551422119	0.3199407160282135	0.3542506992816925	0.34064602851867676	0.4052097499370575	-0.3051815330982208	-0.3657935857772827	-0.5819635987281799	-0.10228970646858215	-0.47174206376075745	-0.019336817786097527	-0.3875548243522644	-0.305503785610199	-0.36226996779441833	0.08888682723045349	-0.10669407993555069	-0.12185294926166534	-0.014733362011611462	0.12336673587560654	0.10091689229011536	-0.16488070785999298	0.2025585025548935	-0.017898602411150932	-0.5583556890487671	-0.32103320956230164	0.10688603669404984	0.0929105281829834	0.38145512342453003	0.6394176483154297	0.4471777379512787	0.06698783487081528	0.08742809295654297	0.015631748363375664	0.23588356375694275	0.03702390566468239	0.13608238101005554	-0.11115509271621704	-0.07945305854082108	-0.005699664819985628	0.13200290501117706	-0.05869720131158829	0.15332119166851044	-0.10567416250705719	0.24159418046474457	0.08060943335294724	0.09287304431200027	0.0521538108587265	0.1082155629992485	0.8024808764457703	0.38116195797920227	0.09509195387363434	0.3830065429210663	0.4029541015625	0.11806946992874146	-0.02795240469276905	0.3516220152378082	-0.10576806217432022	0.01337020006030798	-0.3426744341850281	-0.36734530329704285	-0.17724363505840302	-0.16077083349227905	-0.20830388367176056	0.15905354917049408	-0.1865350902080536	0.08997058868408203	0.020490219816565514	0.012013452127575874	-0.2712191641330719	0.35063305497169495	-0.0860871747136116	-0.03990720584988594	0.0411003939807415	-0.18795545399188995	-0.1734321117401123	-0.01530008390545845	0.1830376535654068	-0.08839856088161469	0.1064373180270195	0.022120196372270584	0.29997414350509644	0.3773166537284851	0.4422929286956787	-0.059686820954084396	0.003083194373175502	0.22367613017559052	0.10028163343667984	-0.10517139732837677	-0.026820609346032143	0.09315367043018341	0.3146059215068817	0.042203329503536224	0.11217354238033295	-0.12136543542146683	-0.3280935287475586	0.02131398394703865	-0.29207679629325867	0.1489381045103073	-0.2417476773262024	-0.06662730127573013	0.1288047432899475	-0.14858552813529968	0.17031200230121613	-0.2551844120025635	0.2931599020957947	0.09479951113462448	0.19652612507343292	0.03766297176480293	0.05705094337463379	-0.26469483971595764	-0.09726264327764511	-0.05321125686168671	-0.1584005504846573	0.19690050184726715	0.004222414921969175	-0.1111697256565094	-0.17749786376953125	0.003256582422181964	0.19135338068008423	0.08764182031154633	0.20636636018753052	-0.034898627549409866	0.0807141661643982	0.09374400973320007	0.3894115686416626	0.12607760727405548	-0.03296128660440445	0.09932862967252731	0.2591831684112549	0.050055962055921555	-0.01877680979669094	0.24866633117198944	0.2367030531167984	0.27989354729652405	0.40049734711647034	0.010575964115560055	0.1417703479528427	0.26313233375549316	0.03631911054253578	0.10178236663341522	-0.2726757526397705	-0.1093192845582962	-0.06525402516126633	-0.01242724247276783	-0.007321805693209171	0.031168682500720024
LH_SomMot_2	-0.004684173036366701	0.26966917514801025	0.07604877650737762	0.3080892562866211	0.08574681729078293	0.17891739308834076	-0.15346162021160126	0.10064233839511871	0.18236318230628967	0.5349142551422119	1.0	0.5823125839233398	0.17637856304645538	0.1883401721715927	0.5553356409072876	0.14263227581977844	0.14458024501800537	-0.19480028748512268	-0.050617508590221405	-0.3486088514328003	0.29031071066856384	-0.0734514445066452	-0.19117918610572815	0.1104215681552887	0.5276066064834595	0.3217722773551941	-0.22518853843212128	0.3206581771373749	0.4493030905723572	0.40379881858825684	-0.1145758107304573	0.5116696357727051	0.02074756659567356	-0.3463117480278015	-0.2458832859992981	-0.23203381896018982	-0.24171727895736694	0.31238222122192383	0.29089856147766113	0.08121433109045029	-0.22480447590351105	0.016746701672673225	-0.21275055408477783	0.16475507616996765	-0.3157459795475006	-0.043488871306180954	-0.4195009768009186	-0.2828923761844635	-0.04158017411828041	-0.1054384633898735	0.13446275889873505	0.1634654402732849	0.2176806628704071	0.4721355140209198	0.09578850120306015	0.1481696516275406	0.1341385692358017	0.1446899175643921	0.6113661527633667	0.7200564742088318	0.45962730050086975	0.15754015743732452	0.45244455337524414	0.18625400960445404	0.211916983127594	0.5082074999809265	-0.2998839020729065	0.17265145480632782	-0.07802075147628784	-0.13456816971302032	0.13042694330215454	-0.023235540837049484	0.17047004401683807	-0.006087431684136391	0.19255734980106354	0.4571492373943329	0.30871811509132385	0.33029597997665405	-0.4284784495830536	0.4618874192237854	-0.16312956809997559	-0.32259243726730347	-0.26983264088630676	-0.09932240098714828	-0.2364131212234497	-0.44982293248176575	-0.24132771790027618	-0.08753694593906403	-0.24822454154491425	-0.3175687789916992	0.0986374244093895	0.3236532211303711	0.22002144157886505	-0.014744766987860203	-0.3578184247016907	0.0780864879488945	-0.219392791390419	-0.43900996446609497	-0.013870339840650558	-0.20765747129917145	0.4720907211303711	-0.06725546717643738	0.07310251891613007	-0.20889921486377716	-0.23589597642421722	0.22506962716579437	-0.1597864329814911	0.27394992113113403	-0.1254279613494873	0.16410991549491882	0.18065404891967773	0.15177516639232635	0.1809672862291336	-0.18418461084365845	0.34773120284080505	-0.03901420533657074	0.2856728136539459	0.20504648983478546	-0.10213842988014221	0.16810022294521332	0.21786507964134216	0.1612880825996399	-0.06590978056192398	0.3186343312263489	0.10007450729608536	-0.022191153839230537	-0.19290469586849213	0.042505718767642975	0.3662630617618561	0.2057170569896698	0.46442925930023193	0.22257499396800995	0.2997007966041565	0.2256188839673996	0.44288572669029236	0.20371729135513306	0.19997991621494293	0.374427855014801	0.1740359663963318	0.16139236092567444	-0.05850518122315407	0.3450053036212921	0.5004992485046387	0.35926443338394165	0.6184839010238647	0.33997297286987305	0.45254945755004883	0.4418567419052124	0.15872645378112793	0.5608779191970825	-0.3393588662147522	-0.07128345966339111	-0.2804219722747803	-0.2954300045967102	-0.2830188274383545	-0.20261092483997345
LH_SomMot_3	-0.03461034595966339	0.6058140993118286	0.5482161045074463	0.1340724676847458	0.4108504056930542	0.5668960809707642	-0.006423317361623049	0.4592573940753937	0.5391908288002014	0.3199407160282135	0.5823125839233398	1.0	0.24463623762130737	0.2730002701282501	0.481524795293808	0.3975210189819336	0.5657378435134888	0.13876746594905853	0.29357099533081055	-0.2978106141090393	0.52537602186203	0.33586910367012024	0.29883435368537903	0.5664306879043579	0.519493818283081	0.5528388023376465	-0.20474594831466675	0.3158874809741974	0.45920416712760925	0.7331241369247437	-0.31648990511894226	0.057119015604257584	-0.34632042050361633	0.005257866345345974	-0.17345444858074188	-0.4076220691204071	-0.5422127842903137	-0.18970772624015808	-0.05435575172305107	0.34579959511756897	-0.6817303895950317	-0.3119809329509735	-0.6263200044631958	-0.3576005697250366	-0.6223756074905396	-0.5502371788024902	-0.5949676632881165	-0.6860131621360779	-0.10132450610399246	-0.5603129267692566	0.2214549332857132	0.5939003825187683	0.5507053136825562	0.4645760655403137	0.5624581575393677	0.5117985606193542	0.4909052848815918	0.5833308696746826	0.41822150349617004	0.8441698551177979	0.8098692297935486	0.08656198531389236	0.6547889113426208	0.20893779397010803	0.5170276761054993	0.4547575116157532	-0.661156177520752	0.5928559303283691	0.35450616478919983	0.2410222589969635	0.41701674461364746	0.4161306619644165	0.5185680985450745	0.24047395586967468	0.7046427726745605	0.6477466821670532	0.4586777985095978	0.6884956955909729	-0.5416830778121948	-0.07488378137350082	0.03701801970601082	-0.5401954054832458	-0.6160855293273926	0.03217925876379013	-0.25022390484809875	-0.6307780146598816	-0.5329840183258057	-0.2912825345993042	-0.4170728027820587	-0.6458634734153748	-0.37124118208885193	-0.06044270098209381	0.04640762880444527	-0.3611226975917816	-0.6346347332000732	-0.468800812959671	-0.7157762050628662	-0.7528537511825562	-0.05068699270486832	-0.6344729065895081	0.37288564443588257	-0.1707766205072403	-0.1503288894891739	-0.146335631608963	0.17870326340198517	0.0954589992761612	-0.14865653216838837	0.112452432513237	0.1091788113117218	0.18042173981666565	-0.0033131910022348166	0.09891344606876373	0.32266587018966675	-0.1420980840921402	0.2988624572753906	-0.29239439964294434	-0.1705477386713028	0.017512140795588493	-0.09048758447170258	-0.1294146329164505	0.04129677638411522	-0.1506916731595993	0.05712047964334488	0.025968005880713463	0.08268723636865616	-0.20587214827537537	0.12371983379125595	0.05472967401146889	0.2367948740720749	0.09931883215904236	0.1578645408153534	0.10667824745178223	0.05922761932015419	0.06351017206907272	0.23398812115192413	0.13941650092601776	-0.12319648265838623	0.24116358160972595	-0.07090957462787628	0.0006748621817678213	-0.016707701608538628	0.1824549287557602	0.20423933863639832	0.2124452292919159	0.23720884323120117	0.12583573162555695	0.45635929703712463	0.43644919991493225	0.19664272665977478	0.4442441463470459	-0.4447535574436188	-0.040493112057447433	-0.6437113881111145	-0.613233745098114	-0.5797032117843628	-0.6148179769515991
