Node	HIP-head-m-rh	HIP-head-l-rh	HIP-body-rh	HIP-tail-rh	THA-VPm-rh	THA-VPl-rh	THA-VAi-rh	THA-VAs-rh	THA-DAm-rh	THA-DAl-rh	PUT-VA-rh	PUT-DA-rh	PUT-VP-rh	PUT-DP-rh	CAU-VA-rh	CAU-DA-rh	CAU-body-rh	CAU-tail-rh	lAMY-rh	mAMY-rh	THA-DP-rh	NAc-shell-rh	NAc-core-rh	pGP-rh	aGP-rh	HIP-head-m-lh	HIP-head-l-l	HIP-body-l	HIP-tail-lh	THA-VPm-lh	THA-VPl-lh	THA-VAi-lh	THA-VAs-lh	THA-DAm-lh	THA-DAl-lh	PUT-VA-lh	PUT-DA-l	PUT-VP-lh	PUT-DP-lh	CAU-VA-lh	CAU-DA-lh	CAU-body-lh	CAU-tail-lh	lAMY-lh	mAMY-lh	THA-DP-lh	NAc-shell-lh	NAc-core-lh	pGP-lh	aGP-lh
HIP-head-m-rh	1.0	0.6736406683921814	0.6532334685325623	0.3233468532562256	0.09055932611227036	-0.06691805273294449	0.271753191947937	0.3671800196170807	0.31314337253570557	0.4649892747402191	0.18982510268688202	-0.010772568173706532	-0.04401981458067894	0.13041900098323822	0.06393492966890335	0.15961268544197083	0.16442696750164032	0.17422087490558624	0.5940980911254883	0.5687727332115173	-0.02731885015964508	0.1999640166759491	0.14210668206214905	0.002279668115079403	0.11751081794500351	0.594893217086792	0.5278105735778809	0.5252333283424377	0.5803835988044739	-0.20189397037029266	-0.016046976670622826	0.33761897683143616	0.08667729794979095	0.10367118567228317	0.14784881472587585	0.03242016211152077	0.11541261523962021	-0.04023686423897743	0.173445925116539	0.09582147002220154	-0.08393870294094086	0.00901038572192192	0.1303269863128662	0.5210638046264648	0.37269046902656555	0.06426837295293808	0.09608036279678345	0.11316213011741638	0.2827986776828766	0.18883086740970612
HIP-head-l-rh	0.6736406683921814	1.0	0.5369237065315247	0.27568158507347107	0.23260362446308136	-0.1650293469429016	0.11181458830833435	0.35297781229019165	0.3396880030632019	0.47818276286125183	0.054608043283224106	-0.10327577590942383	-0.050961945205926895	0.034824419766664505	0.0327175036072731	0.10356562584638596	0.23105250298976898	0.1721825748682022	0.5779496431350708	0.5738102793693542	-0.023802997544407845	-0.046407923102378845	-0.015831058844923973	0.10467158257961273	-0.10084734857082367	0.5080835819244385	0.2743172347545624	0.5070045590400696	0.49156346917152405	-0.09504053741693497	-0.08728404343128204	0.2073308378458023	0.09893693774938583	0.22200369834899902	0.272113174200058	-0.1567980796098709	-0.04996621236205101	-0.004351284354925156	0.062461305409669876	0.04236858710646629	-0.04931573569774628	0.03750743344426155	0.28218990564346313	0.4794107973575592	0.3582318127155304	0.06772004067897797	0.10106555372476578	0.07820315659046173	0.26526424288749695	0.09580117464065552
HIP-body-rh	0.6532334685325623	0.5369237065315247	1.0	0.48100748658180237	0.12559066712856293	-0.014358965680003166	0.18434281647205353	0.3447786867618561	0.46052464842796326	0.3484664559364319	0.3458937406539917	0.10727806389331818	-0.009472916834056377	0.07928502559661865	-0.016301149502396584	0.053188785910606384	0.29403582215309143	0.28114843368530273	0.5225213766098022	0.5847500562667847	0.12119165807962418	0.13834449648857117	0.2693576216697693	0.031731970608234406	0.06124152988195419	0.6185281276702881	0.3131406009197235	0.4588085114955902	0.4663333594799042	-0.264181911945343	-0.20300732553005219	0.16923832893371582	0.21200300753116608	0.2834192216396332	0.2852780520915985	0.00251975329592824	-0.03441677987575531	-0.06440702825784683	0.13195300102233887	-0.07194972783327103	-0.15483249723911285	0.018086306750774384	0.07425475865602493	0.20413488149642944	0.4135682284832001	0.006675965618342161	0.23849649727344513	-0.05400904640555382	-0.01994885504245758	0.07021602988243103
HIP-tail-rh	0.3233468532562256	0.27568158507347107	0.48100748658180237	1.0	0.08198344707489014	-0.08901217579841614	0.31197959184646606	0.43737709522247314	0.5382809638977051	0.12730173766613007	0.360400915145874	0.37175673246383667	0.1781381070613861	0.20571403205394745	0.3090973496437073	0.36867842078208923	0.37056487798690796	0.4064926207065582	0.34292376041412354	0.3153248727321625	0.1823410838842392	0.33889758586883545	0.43395480513572693	0.09079975634813309	0.2381615787744522	0.2254004180431366	0.3017258942127228	0.3825598359107971	0.5680975914001465	-0.06138399615883827	0.028825875371694565	0.3420689105987549	0.13045114278793335	0.2132042497396469	0.31335121393203735	0.28648558259010315	0.11098465323448181	0.24135838449001312	0.15902672708034515	0.15589600801467896	0.13022418320178986	0.1545628309249878	0.19337962567806244	0.24047529697418213	0.289245069026947	0.18237516283988953	0.2864304482936859	0.20491820573806763	0.09593171626329422	0.2250429391860962
THA-VPm-rh	0.09055932611227036	0.23260362446308136	0.12559066712856293	0.08198344707489014	1.0	0.2553538382053375	0.3545292913913727	-0.11078646034002304	0.17056939005851746	-0.11121735721826553	0.017359960824251175	0.22964920103549957	0.44581329822540283	0.304583877325058	0.23986570537090302	0.2161949872970581	0.18357700109481812	0.3085308372974396	0.29133665561676025	-0.009852771647274494	0.23381775617599487	0.0068440609611570835	0.10791176557540894	0.3478797972202301	0.21151193976402283	0.044912468641996384	-0.030646776780486107	-0.1322491317987442	0.1396292746067047	0.5554903149604797	0.02721085026860237	0.3280603587627411	-0.12930051982402802	0.0759369283914566	-0.023942362517118454	-0.1355484277009964	0.08084987848997116	0.23753879964351654	0.13332508504390717	-0.03339596837759018	0.01721368543803692	0.14854830503463745	0.1271149069070816	0.1489674299955368	-0.07884521782398224	0.27052196860313416	0.04004385694861412	0.09614536911249161	0.26676252484321594	-0.17046970129013062
THA-VPl-rh	-0.06691805273294449	-0.1650293469429016	-0.014358965680003166	-0.08901217579841614	0.2553538382053375	1.0	-0.018248306587338448	0.03972860425710678	-0.02989700809121132	0.18310017883777618	-0.023827524855732918	-0.04834116995334625	0.40723949670791626	0.35962632298469543	0.011250524781644344	-0.052615754306316376	-0.10448716580867767	-0.22416852414608002	0.1746402382850647	0.08933861553668976	0.20592734217643738	0.08045614510774612	0.028757665306329727	0.0928988829255104	0.04025411233305931	0.10238718241453171	-0.02542777918279171	-0.07494231313467026	-0.12121549248695374	0.1949867606163025	0.2541407346725464	0.038609836250543594	-0.008571193553507328	0.08089493960142136	0.050897739827632904	0.04781339690089226	-0.10435724258422852	0.2078574001789093	0.19044268131256104	-0.019729750230908394	0.07257705181837082	0.19208049774169922	-0.055335767567157745	-0.18121406435966492	0.16151390969753265	-0.10422595590353012	0.0746433436870575	0.08911067247390747	0.28647446632385254	0.04252961650490761
THA-VAi-rh	0.271753191947937	0.11181458830833435	0.18434281647205353	0.31197959184646606	0.3545292913913727	-0.018248306587338448	1.0	0.04418795183300972	0.08108107000589371	-0.3561098873615265	0.03428236395120621	0.3620251417160034	0.4787251055240631	0.47260501980781555	0.27197590470314026	0.19665639102458954	0.3818541169166565	0.42161205410957336	0.08048945665359497	0.14556986093521118	0.2372865080833435	0.3532780408859253	0.39037010073661804	0.5721228122711182	0.5736495852470398	-0.05405521020293236	0.09004392474889755	-0.3059616684913635	0.17328926920890808	0.5319081544876099	0.3566024899482727	0.47135165333747864	-0.1834796518087387	-0.014177978038787842	0.1795838326215744	0.10760818421840668	0.1470123678445816	0.3584335446357727	0.3808615207672119	0.002844568807631731	-0.20624661445617676	-0.1224822998046875	0.06334272772073746	0.09304516762495041	-0.3981664180755615	0.5075963139533997	0.10628820210695267	0.10216085612773895	0.09607959538698196	0.14347387850284576
THA-VAs-rh	0.3671800196170807	0.35297781229019165	0.3447786867618561	0.43737709522247314	-0.11078646034002304	0.03972860425710678	0.04418795183300972	1.0	0.4000993072986603	0.39512020349502563	0.10265878587961197	-0.1619357168674469	-0.14977461099624634	0.0019314519595354795	0.1165480837225914	0.19550412893295288	0.2871423661708832	0.20341789722442627	0.36226239800453186	0.6256438493728638	-0.1594671756029129	0.3585270345211029	0.20749369263648987	-0.1876552700996399	-0.14605224132537842	0.07361146807670593	0.09877215325832367	0.4554327726364136	0.3491978943347931	-0.18985016644001007	0.24922232329845428	0.1402510553598404	0.15912127494812012	0.05531153827905655	0.35553303360939026	0.16419675946235657	0.007983405143022537	-0.05257843807339668	-0.1840597242116928	0.21022681891918182	0.2313256710767746	0.17352384328842163	0.23785297572612762	0.059216730296611786	0.19734100997447968	-0.04686562716960907	0.32158005237579346	0.24339830875396729	0.31159454584121704	0.378153532743454
THA-DAm-rh	0.31314337253570557	0.3396880030632019	0.46052464842796326	0.5382809638977051	0.17056939005851746	-0.02989700809121132	0.08108107000589371	0.4000993072986603	1.0	0.3499807119369507	0.3255114257335663	0.1368834376335144	-0.03362930938601494	0.14539696276187897	0.3338429629802704	0.2606765627861023	0.37339240312576294	0.4687403738498688	0.41347333788871765	0.3487325608730316	0.1413414180278778	0.24202977120876312	0.398674875497818	-0.04057231917977333	0.009660148993134499	0.36168283224105835	0.2493932843208313	0.43096235394477844	0.48665642738342285	-0.042324647307395935	-0.014447600580751896	0.4918232858181	0.31703177094459534	0.5529024004936218	0.40039411187171936	0.06565440446138382	0.097233347594738	0.007519505452364683	-0.017901072278618813	0.3307831883430481	0.2016870677471161	0.4408245384693146	0.4350058138370514	0.2845490574836731	0.2826516032218933	0.2993904650211334	0.37494009733200073	0.39175719022750854	0.02863018959760666	0.1160007044672966
THA-DAl-rh	0.4649892747402191	0.47818276286125183	0.3484664559364319	0.12730173766613007	-0.11121735721826553	0.18310017883777618	-0.3561098873615265	0.39512020349502563	0.3499807119369507	1.0	0.17813238501548767	-0.25515881180763245	-0.28066331148147583	-0.024408724159002304	-0.03129321336746216	0.025380121544003487	-0.14880193769931793	-0.1879330724477768	0.41318732500076294	0.40796881914138794	-0.22769597172737122	0.03372824192047119	0.0037234961055219173	-0.3236246407032013	-0.2033998817205429	0.552526593208313	0.43206340074539185	0.683845043182373	0.30667611956596375	-0.3330949544906616	0.06672486662864685	0.04264409467577934	0.28804975748062134	0.17557764053344727	0.3217921555042267	0.10993713140487671	0.06261183321475983	-0.050100091844797134	0.03489905223250389	0.14132507145404816	0.17493636906147003	0.2315741628408432	0.13297419250011444	0.4015238583087921	0.5425896048545837	-0.09634808450937271	0.20134100317955017	0.28564220666885376	0.2822370231151581	0.08428364247083664
PUT-VA-rh	0.18982510268688202	0.054608043283224106	0.3458937406539917	0.360400915145874	0.017359960824251175	-0.023827524855732918	0.03428236395120621	0.10265878587961197	0.3255114257335663	0.17813238501548767	1.0	0.5774348378181458	0.25421950221061707	0.13024190068244934	0.45984455943107605	0.47327688336372375	0.4668228328227997	0.3075152635574341	0.11752048134803772	-0.04098007082939148	0.1109669953584671	0.34574416279792786	0.6009567975997925	0.028314709663391113	0.04611741378903389	0.4990483820438385	0.32014200091362	0.3853253722190857	0.4082707166671753	-0.17373545467853546	-0.18825535476207733	0.1316554844379425	0.32563120126724243	0.37092286348342896	0.12423749268054962	0.6368963718414307	0.5646851658821106	0.3308117091655731	0.41862836480140686	0.5153346061706543	0.4162187874317169	0.520003080368042	0.3095492720603943	0.022846639156341553	0.34153270721435547	0.14432433247566223	0.5594773292541504	0.3817466199398041	-0.15125566720962524	-0.022885950282216072
PUT-DA-rh	-0.010772568173706532	-0.10327577590942383	0.10727806389331818	0.37175673246383667	0.22964920103549957	-0.04834116995334625	0.3620251417160034	-0.1619357168674469	0.1368834376335144	-0.25515881180763245	0.5774348378181458	1.0	0.5916277170181274	0.4734017848968506	0.531305730342865	0.5132513046264648	0.5307653546333313	0.5344747304916382	-0.10717244446277618	-0.3420777916908264	0.12868574261665344	0.4062873125076294	0.45222151279449463	0.2879350781440735	0.3347989618778229	0.09460655599832535	0.1241241991519928	0.013975895009934902	0.19571544229984283	0.0500539094209671	0.019644606858491898	0.1803286075592041	-0.061176784336566925	0.2025977224111557	-0.027747541666030884	0.49768224358558655	0.6401483416557312	0.5987370610237122	0.5617194771766663	0.23018962144851685	0.2900436222553253	0.32908475399017334	0.279092401266098	0.03939897194504738	-0.044073592871427536	0.19303622841835022	0.23952700197696686	0.20185218751430511	-0.03512038290500641	-0.05271849408745766
PUT-VP-rh	-0.04401981458067894	-0.050961945205926895	-0.009472916834056377	0.1781381070613861	0.44581329822540283	0.40723949670791626	0.4787251055240631	-0.14977461099624634	-0.03362930938601494	-0.28066331148147583	0.25421950221061707	0.5916277170181274	1.0	0.6081880331039429	0.34660598635673523	0.33753252029418945	0.3324558436870575	0.3417004644870758	-0.08878517895936966	-0.19149944186210632	0.31101250648498535	0.2123771458864212	0.3053329288959503	0.5239511132240295	0.4065393805503845	0.01249054353684187	-0.07938400655984879	-0.24957595765590668	0.06585001945495605	0.3584445118904114	0.13033129274845123	0.17688515782356262	-0.1753564327955246	0.1901046186685562	-0.06541972607374191	0.20945417881011963	0.3372063636779785	0.6197643876075745	0.5494112372398376	0.1028548926115036	0.053262174129486084	0.19616106152534485	0.10324940830469131	-0.17214587330818176	-0.2014961540699005	0.22511032223701477	0.15215131640434265	0.1624777615070343	0.15480658411979675	0.045890893787145615
PUT-DP-rh	0.13041900098323822	0.034824419766664505	0.07928502559661865	0.20571403205394745	0.304583877325058	0.35962632298469543	0.47260501980781555	0.0019314519595354795	0.14539696276187897	-0.024408724159002304	0.13024190068244934	0.4734017848968506	0.6081880331039429	1.0	0.3183111548423767	0.37012210488319397	0.1670917570590973	0.2399267703294754	0.10557053983211517	-0.03403542935848236	0.025298964232206345	0.44299331307411194	0.417527973651886	0.24078835546970367	0.32212021946907043	0.01581035740673542	0.11755412817001343	-0.036745958030223846	0.06848780065774918	0.2977205216884613	0.3258099853992462	0.22386328876018524	-0.2715485394001007	0.024158893153071404	0.2164362519979477	0.1205182671546936	0.2623056173324585	0.5153344869613647	0.506484866142273	0.022888805717229843	0.08834691345691681	0.10603365302085876	0.03985762968659401	0.07707705348730087	-0.12075880169868469	0.18695153295993805	0.24916265904903412	0.22593441605567932	0.1568911373615265	0.18285581469535828
CAU-VA-rh	0.06393492966890335	0.0327175036072731	-0.016301149502396584	0.3090973496437073	0.23986570537090302	0.011250524781644344	0.27197590470314026	0.1165480837225914	0.3338429629802704	-0.03129321336746216	0.45984455943107605	0.531305730342865	0.34660598635673523	0.3183111548423767	1.0	0.7175948619842529	0.6184102892875671	0.5302858352661133	0.07276465743780136	-0.1802741438150406	0.025206351652741432	0.5624099373817444	0.6319542527198792	0.10447407513856888	0.13658659160137177	0.09769358485937119	0.16868692636489868	0.039822813123464584	0.23628203570842743	0.1475900411605835	0.14159876108169556	0.2880326807498932	0.12363504618406296	0.23165109753608704	0.27240779995918274	0.5125122666358948	0.644210159778595	0.5636759996414185	0.48526060581207275	0.8044942617416382	0.6915827989578247	0.6945492625236511	0.6135271787643433	0.05115145817399025	-0.04966135323047638	0.23411431908607483	0.6353771090507507	0.6542670130729675	-0.054129522293806076	0.055666785687208176
CAU-DA-rh	0.15961268544197083	0.10356562584638596	0.053188785910606384	0.36867842078208923	0.2161949872970581	-0.052615754306316376	0.19665639102458954	0.19550412893295288	0.2606765627861023	0.025380121544003487	0.47327688336372375	0.5132513046264648	0.33753252029418945	0.37012210488319397	0.7175948619842529	1.0	0.6338766813278198	0.4196266829967499	0.07062668353319168	-0.17250806093215942	-0.04666783660650253	0.5755269527435303	0.6034064292907715	0.06843011826276779	0.17799359560012817	0.06059030070900917	0.12008705735206604	0.26514118909835815	0.24236413836479187	-0.018211729824543	0.11686000227928162	0.3192920982837677	0.12836110591888428	0.28790414333343506	0.1208186149597168	0.40205639600753784	0.5877271890640259	0.42248204350471497	0.4540519714355469	0.5590448379516602	0.5986906886100769	0.6077494025230408	0.4738977551460266	0.05529741570353508	0.02901526540517807	0.1115553006529808	0.4757295548915863	0.38383904099464417	0.007191128563135862	0.22394390404224396
CAU-body-rh	0.16442696750164032	0.23105250298976898	0.29403582215309143	0.37056487798690796	0.18357700109481812	-0.10448716580867767	0.3818541169166565	0.2871423661708832	0.37339240312576294	-0.14880193769931793	0.4668228328227997	0.5307653546333313	0.3324558436870575	0.1670917570590973	0.6184102892875671	0.6338766813278198	1.0	0.6575751900672913	0.18653076887130737	0.04573811590671539	0.1711742877960205	0.41654106974601746	0.4740343987941742	0.19758014380931854	0.1197657361626625	0.17659956216812134	-0.016427673399448395	0.08760035783052444	0.21000653505325317	0.06635598838329315	0.09422814100980759	0.35180342197418213	0.1864631474018097	0.47691109776496887	0.26856786012649536	0.3285299241542816	0.3402750790119171	0.4317080080509186	0.4309365153312683	0.5133203268051147	0.3992536664009094	0.5818440318107605	0.6360675096511841	0.0015383502468466759	-0.10516995191574097	0.25990796089172363	0.48641788959503174	0.3239535391330719	-0.08755075186491013	0.07950198650360107
CAU-tail-rh	0.17422087490558624	0.1721825748682022	0.28114843368530273	0.4064926207065582	0.3085308372974396	-0.22416852414608002	0.42161205410957336	0.20341789722442627	0.4687403738498688	-0.1879330724477768	0.3075152635574341	0.5344747304916382	0.3417004644870758	0.2399267703294754	0.5302858352661133	0.4196266829967499	0.6575751900672913	1.0	0.016484491527080536	0.031108301132917404	0.1444341391324997	0.25441861152648926	0.3564419448375702	0.25113359093666077	0.2809154689311981	0.08436981588602066	0.09597855806350708	-0.013265129178762436	0.27830997109413147	0.19873353838920593	-0.06478264927864075	0.40782254934310913	0.05829554423689842	0.24288856983184814	0.17614100873470306	0.07084298133850098	0.36248981952667236	0.29721933603286743	0.3171195685863495	0.2641071677207947	0.22312892973423004	0.3147731423377991	0.4849993586540222	0.0007571165915578604	-0.20371024310588837	0.3206847310066223	0.28564968705177307	0.3074721395969391	-0.0488760881125927	0.09143225848674774
lAMY-rh	0.5940980911254883	0.5779496431350708	0.5225213766098022	0.34292376041412354	0.29133665561676025	0.1746402382850647	0.08048945665359497	0.36226239800453186	0.41347333788871765	0.41318732500076294	0.11752048134803772	-0.10717244446277618	-0.08878517895936966	0.10557053983211517	0.07276465743780136	0.07062668353319168	0.18653076887130737	0.016484491527080536	1.0	0.5993974804878235	0.2938160002231598	0.10079363733530045	0.1550908237695694	-0.15004774928092957	-0.16722232103347778	0.441180944442749	0.2291911542415619	0.44146764278411865	0.4097921550273895	-0.002509214449673891	-0.012518838979303837	0.3632211983203888	0.14051280915737152	0.2296670526266098	0.20363940298557281	0.015616635791957378	-0.1326221227645874	-0.03586601838469505	-0.005722191650420427	0.1527056246995926	0.08264882117509842	0.20881284773349762	0.1763816624879837	0.44996723532676697	0.49051859974861145	0.13309387862682343	0.2816593647003174	0.15353384613990784	0.3404242992401123	-0.05960172787308693
mAMY-rh	0.5687727332115173	0.5738102793693542	0.5847500562667847	0.3153248727321625	-0.009852771647274494	0.08933861553668976	0.14556986093521118	0.6256438493728638	0.3487325608730316	0.40796881914138794	-0.04098007082939148	-0.3420777916908264	-0.19149944186210632	-0.03403542935848236	-0.1802741438150406	-0.17250806093215942	0.04573811590671539	0.031108301132917404	0.5993974804878235	1.0	-0.030466293916106224	-0.028740663081407547	0.0012073144316673279	-0.05654003471136093	-0.04307178407907486	0.38502955436706543	0.295437753200531	0.36062172055244446	0.3063218891620636	-0.0017831099685281515	0.1710912436246872	0.21680040657520294	0.08178238570690155	0.05873449146747589	0.3080238699913025	-0.12511783838272095	-0.214891716837883	-0.18477807939052582	-0.14577257633209229	-0.04618087410926819	-0.2311684936285019	-0.11074990779161453	0.1075984314084053	0.1785866767168045	0.39390474557876587	-0.06848765909671783	0.12456024438142776	-0.04958619922399521	0.33248817920684814	0.28347301483154297
THA-DP-rh	-0.02731885015964508	-0.023802997544407845	0.12119165807962418	0.1823410838842392	0.23381775617599487	0.20592734217643738	0.2372865080833435	-0.1594671756029129	0.1413414180278778	-0.22769597172737122	0.1109669953584671	0.12868574261665344	0.31101250648498535	0.025298964232206345	0.025206351652741432	-0.04666783660650253	0.1711742877960205	0.1444341391324997	0.2938160002231598	-0.030466293916106224	1.0	-0.037247903645038605	0.14099188148975372	0.3048441708087921	0.2363339364528656	-0.00907507911324501	-0.2285451591014862	-0.10863152891397476	0.05186700075864792	0.16876143217086792	-0.29485762119293213	0.3630647361278534	0.3936525583267212	0.4457831084728241	0.051878541707992554	0.04972993582487106	-0.13598954677581787	0.011536527425050735	0.1319291591644287	0.03365394100546837	-0.1380564272403717	0.149025559425354	0.05972345545887947	-0.028277387842535973	0.09589849412441254	0.5571172833442688	0.15165461599826813	0.09022033959627151	0.039238668978214264	-0.09247523546218872
NAc-shell-rh	0.1999640166759491	-0.046407923102378845	0.13834449648857117	0.33889758586883545	0.0068440609611570835	0.08045614510774612	0.3532780408859253	0.3585270345211029	0.24202977120876312	0.03372824192047119	0.34574416279792786	0.4062873125076294	0.2123771458864212	0.44299331307411194	0.5624099373817444	0.5755269527435303	0.41654106974601746	0.25441861152648926	0.10079363733530045	-0.028740663081407547	-0.037247903645038605	1.0	0.7449979782104492	-0.07826060056686401	0.2836052179336548	-0.015702689066529274	0.0068033295683562756	0.21631182730197906	0.19605542719364166	-0.09952623397111893	0.3046611547470093	0.2537013292312622	0.147440567612648	0.2185574471950531	0.26979705691337585	0.51312655210495	0.4086766541004181	0.36386144161224365	0.3212340176105499	0.393073171377182	0.37581250071525574	0.377914696931839	0.26070860028266907	0.04085267707705498	-0.04615765064954758	0.14448435604572296	0.5312699675559998	0.4084147810935974	0.08128895610570908	0.38191914558410645
NAc-core-rh	0.14210668206214905	-0.015831058844923973	0.2693576216697693	0.43395480513572693	0.10791176557540894	0.028757665306329727	0.39037010073661804	0.20749369263648987	0.398674875497818	0.0037234961055219173	0.6009567975997925	0.45222151279449463	0.3053329288959503	0.417527973651886	0.6319542527198792	0.6034064292907715	0.4740343987941742	0.3564419448375702	0.1550908237695694	0.0012073144316673279	0.14099188148975372	0.7449979782104492	1.0	0.04345491901040077	0.3239479064941406	0.1648280918598175	0.18961140513420105	0.22860759496688843	0.3665800392627716	0.0007818492595106363	0.1736864596605301	0.3041298985481262	0.30145859718322754	0.3916144073009491	0.29782572388648987	0.5312699675559998	0.46289902925491333	0.37718459963798523	0.3428478240966797	0.5047574639320374	0.4156739115715027	0.5089845657348633	0.2605505585670471	-0.04218817874789238	0.08610270172357559	0.2427736520767212	0.7304790019989014	0.5571914315223694	-0.10308053344488144	0.1929226517677307
pGP-rh	0.002279668115079403	0.10467158257961273	0.031731970608234406	0.09079975634813309	0.3478797972202301	0.0928988829255104	0.5721228122711182	-0.1876552700996399	-0.04057231917977333	-0.3236246407032013	0.028314709663391113	0.2879350781440735	0.5239511132240295	0.24078835546970367	0.10447407513856888	0.06843011826276779	0.19758014380931854	0.25113359093666077	-0.15004774928092957	-0.05654003471136093	0.3048441708087921	-0.07826060056686401	0.04345491901040077	1.0	0.5227972865104675	-0.0946420282125473	-0.07600117474794388	-0.2965271770954132	0.086502805352211	0.4629157781600952	0.0558558888733387	0.29682332277297974	0.0033713849261403084	0.11577285081148148	0.00891036819666624	-0.09035993367433548	0.11726792901754379	0.2258395105600357	0.3509693145751953	-0.12494927644729614	-0.341412216424942	-0.148382306098938	-0.003259926335886121	-0.07621029019355774	-0.2692442834377289	0.40011367201805115	-0.18052759766578674	-0.12473603338003159	0.042366884648799896	0.05321447551250458
aGP-rh	0.11751081794500351	-0.10084734857082367	0.06124152988195419	0.2381615787744522	0.21151193976402283	0.04025411233305931	0.5736495852470398	-0.14605224132537842	0.009660148993134499	-0.2033998817205429	0.04611741378903389	0.3347989618778229	0.4065393805503845	0.32212021946907043	0.13658659160137177	0.17799359560012817	0.1197657361626625	0.2809154689311981	-0.16722232103347778	-0.04307178407907486	0.2363339364528656	0.2836052179336548	0.3239479064941406	0.5227972865104675	1.0	-0.0037600998766720295	0.1874004751443863	-0.08487266302108765	0.11181767284870148	0.26514461636543274	0.27560296654701233	0.45573097467422485	0.15177465975284576	0.18652847409248352	0.1310592144727707	0.10695493221282959	0.18188725411891937	0.24468068778514862	0.3917859196662903	-0.11268030107021332	-0.2716097831726074	-0.04596865549683571	-0.02928735688328743	-0.00664793374016881	-0.12066249549388885	0.3655910789966583	-0.06932425498962402	0.028157636523246765	0.18095728754997253	0.22876767814159393
HIP-head-m-lh	0.594893217086792	0.5080835819244385	0.6185281276702881	0.2254004180431366	0.044912468641996384	0.10238718241453171	-0.05405521020293236	0.07361146807670593	0.36168283224105835	0.552526593208313	0.4990483820438385	0.09460655599832535	0.01249054353684187	0.01581035740673542	0.09769358485937119	0.06059030070900917	0.17659956216812134	0.08436981588602066	0.441180944442749	0.38502955436706543	-0.00907507911324501	-0.015702689066529274	0.1648280918598175	-0.0946420282125473	-0.0037600998766720295	1.0	0.6129245758056641	0.5159129500389099	0.4461587965488434	-0.2178843468427658	-0.11922207474708557	0.21559925377368927	0.2078496366739273	0.3477666676044464	0.19932939112186432	0.14044062793254852	0.1339234560728073	0.13025732338428497	0.3283098638057709	0.2655397057533264	0.048010751605033875	0.2381458282470703	0.20191137492656708	0.330037385225296	0.6430424451828003	-0.045903194695711136	0.27939918637275696	0.15989303588867188	0.11935555189847946	-0.1577387899160385
HIP-head-l-l	0.5278105735778809	0.2743172347545624	0.3131406009197235	0.3017258942127228	-0.030646776780486107	-0.02542777918279171	0.09004392474889755	0.09877215325832367	0.2493932843208313	0.43206340074539185	0.32014200091362	0.1241241991519928	-0.07938400655984879	0.11755412817001343	0.16868692636489868	0.12008705735206604	-0.016427673399448395	0.09597855806350708	0.2291911542415619	0.295437753200531	-0.2285451591014862	0.0068033295683562756	0.18961140513420105	-0.07600117474794388	0.1874004751443863	0.6129245758056641	1.0	0.5054552555084229	0.4936233460903168	-0.11394832283258438	0.18671895563602448	0.24201379716396332	0.012423736974596977	-0.05274462327361107	0.0911930575966835	0.24180832505226135	0.3074977397918701	0.17467717826366425	0.23411624133586884	0.22041715681552887	0.09792152792215347	0.09551751613616943	0.05563552305102348	0.4049856960773468	0.5372763872146606	-0.09300896525382996	0.20024541020393372	0.21929919719696045	0.20958611369132996	-0.05189230293035507
HIP-body-l	0.5252333283424377	0.5070045590400696	0.4588085114955902	0.3825598359107971	-0.1322491317987442	-0.07494231313467026	-0.3059616684913635	0.4554327726364136	0.43096235394477844	0.683845043182373	0.3853253722190857	0.013975895009934902	-0.24957595765590668	-0.036745958030223846	0.039822813123464584	0.26514118909835815	0.08760035783052444	-0.013265129178762436	0.44146764278411865	0.36062172055244446	-0.10863152891397476	0.21631182730197906	0.22860759496688843	-0.2965271770954132	-0.08487266302108765	0.5159129500389099	0.5054552555084229	1.0	0.5796652436256409	-0.5341125726699829	-0.08503047376871109	0.14356231689453125	0.39678648114204407	0.32000529766082764	0.17664340138435364	0.2672363817691803	0.18053409457206726	-0.050265878438949585	-0.031006790697574615	0.2069845348596573	0.18684041500091553	0.34780633449554443	0.19344818592071533	0.34735527634620667	0.7389857769012451	-0.13079924881458282	0.2972759008407593	0.13722769916057587	0.284866064786911	0.1725768893957138
HIP-tail-lh	0.5803835988044739	0.49156346917152405	0.4663333594799042	0.5680975914001465	0.1396292746067047	-0.12121549248695374	0.17328926920890808	0.3491978943347931	0.48665642738342285	0.30667611956596375	0.4082707166671753	0.19571544229984283	0.06585001945495605	0.06848780065774918	0.23628203570842743	0.24236413836479187	0.21000653505325317	0.27830997109413147	0.4097921550273895	0.3063218891620636	0.05186700075864792	0.19605542719364166	0.3665800392627716	0.086502805352211	0.11181767284870148	0.4461587965488434	0.4936233460903168	0.5796652436256409	1.0	-0.16686612367630005	-0.03872428461909294	0.2693311274051666	0.2182949185371399	0.2345164567232132	-0.02697746455669403	0.3327513039112091	0.2412400245666504	0.05591769516468048	-0.017473090440034866	0.2328212857246399	0.1774677038192749	0.20676900446414948	0.12348957359790802	0.478339284658432	0.4932578504085541	0.032050881534814835	0.2214089184999466	0.28954726457595825	0.25408869981765747	-0.02337026223540306
THA-VPm-lh	-0.20189397037029266	-0.09504053741693497	-0.264181911945343	-0.06138399615883827	0.5554903149604797	0.1949867606163025	0.5319081544876099	-0.18985016644001007	-0.042324647307395935	-0.3330949544906616	-0.17373545467853546	0.0500539094209671	0.3584445118904114	0.2977205216884613	0.1475900411605835	-0.018211729824543	0.06635598838329315	0.19873353838920593	-0.002509214449673891	-0.0017831099685281515	0.16876143217086792	-0.09952623397111893	0.0007818492595106363	0.4629157781600952	0.26514461636543274	-0.2178843468427658	-0.11394832283258438	-0.5341125726699829	-0.16686612367630005	1.0	0.36239615082740784	0.39926204085350037	-0.3050808012485504	-0.11470214277505875	0.09273042529821396	-0.14952445030212402	-0.07367315888404846	0.36371690034866333	0.1753583550453186	-0.03710181638598442	-0.2000274509191513	-0.07794960588216782	0.04698842763900757	-0.07657615095376968	-0.42296040058135986	0.441738098859787	-0.06240740418434143	0.06465395539999008	0.19039957225322723	-0.20684491097927094
THA-VPl-lh	-0.016046976670622826	-0.08728404343128204	-0.20300732553005219	0.028825875371694565	0.02721085026860237	0.2541407346725464	0.3566024899482727	0.24922232329845428	-0.014447600580751896	0.06672486662864685	-0.18825535476207733	0.019644606858491898	0.13033129274845123	0.3258099853992462	0.14159876108169556	0.11686000227928162	0.09422814100980759	-0.06478264927864075	-0.012518838979303837	0.1710912436246872	-0.29485762119293213	0.3046611547470093	0.1736864596605301	0.0558558888733387	0.27560296654701233	-0.11922207474708557	0.18671895563602448	-0.08503047376871109	-0.03872428461909294	0.36239615082740784	1.0	0.22854985296726227	-0.26919376850128174	-0.11855137348175049	0.20841237902641296	0.2130192667245865	0.12073320150375366	0.40149566531181335	0.15143470466136932	0.08058936893939972	0.09732068330049515	0.0797538235783577	0.1867336481809616	0.015173946507275105	-0.12955720722675323	0.027737494558095932	0.036566343158483505	0.23105497658252716	0.4741513431072235	0.19057464599609375
THA-VAi-lh	0.33761897683143616	0.2073308378458023	0.16923832893371582	0.3420689105987549	0.3280603587627411	0.038609836250543594	0.47135165333747864	0.1402510553598404	0.4918232858181	0.04264409467577934	0.1316554844379425	0.1803286075592041	0.17688515782356262	0.22386328876018524	0.2880326807498932	0.3192920982837677	0.35180342197418213	0.40782254934310913	0.3632211983203888	0.21680040657520294	0.3630647361278534	0.2537013292312622	0.3041298985481262	0.29682332277297974	0.45573097467422485	0.21559925377368927	0.24201379716396332	0.14356231689453125	0.2693311274051666	0.39926204085350037	0.22854985296726227	1.0	0.15384142100811005	0.36299148201942444	0.25063082575798035	-0.049750395119190216	0.030358286574482918	0.14561346173286438	0.2711799442768097	0.1653727889060974	0.007077121641486883	0.2522871792316437	0.22865968942642212	0.22328361868858337	0.09754038602113724	0.6352720856666565	0.1658172756433487	0.16583621501922607	0.2951315641403198	-0.03997465968132019
THA-VAs-lh	0.08667729794979095	0.09893693774938583	0.21200300753116608	0.13045114278793335	-0.12930051982402802	-0.008571193553507328	-0.1834796518087387	0.15912127494812012	0.31703177094459534	0.28804975748062134	0.32563120126724243	-0.061176784336566925	-0.1753564327955246	-0.2715485394001007	0.12363504618406296	0.12836110591888428	0.1864631474018097	0.05829554423689842	0.14051280915737152	0.08178238570690155	0.3936525583267212	0.147440567612648	0.30145859718322754	0.0033713849261403084	0.15177465975284576	0.2078496366739273	0.012423736974596977	0.39678648114204407	0.2182949185371399	-0.3050808012485504	-0.26919376850128174	0.15384142100811005	1.0	0.5649966597557068	0.30996936559677124	0.28289902210235596	0.12479546666145325	-0.1674635261297226	0.06740444898605347	0.31950536370277405	0.09323548525571823	0.39748868346214294	0.2013722062110901	0.024360986426472664	0.3303934633731842	0.2578505873680115	0.3770473599433899	0.2765791118144989	-0.1370622217655182	0.1400887817144394
THA-DAm-lh	0.10367118567228317	0.22200369834899902	0.2834192216396332	0.2132042497396469	0.0759369283914566	0.08089493960142136	-0.014177978038787842	0.05531153827905655	0.5529024004936218	0.17557764053344727	0.37092286348342896	0.2025977224111557	0.1901046186685562	0.024158893153071404	0.23165109753608704	0.28790414333343506	0.47691109776496887	0.24288856983184814	0.2296670526266098	0.05873449146747589	0.4457831084728241	0.2185574471950531	0.3916144073009491	0.11577285081148148	0.18652847409248352	0.3477666676044464	-0.05274462327361107	0.32000529766082764	0.2345164567232132	-0.11470214277505875	-0.11855137348175049	0.36299148201942444	0.5649966597557068	1.0	0.29225850105285645	0.12240815907716751	0.05281500145792961	0.18638195097446442	0.2377660870552063	0.3232915699481964	0.11728743463754654	0.5937610864639282	0.45153751969337463	0.10348289459943771	0.2968750298023224	0.32706353068351746	0.2799726724624634	0.29470619559288025	-0.018614834174513817	0.0822296217083931
THA-DAl-lh	0.14784881472587585	0.272113174200058	0.2852780520915985	0.31335121393203735	-0.023942362517118454	0.050897739827632904	0.1795838326215744	0.35553303360939026	0.40039411187171936	0.3217921555042267	0.12423749268054962	-0.027747541666030884	-0.06541972607374191	0.2164362519979477	0.27240779995918274	0.1208186149597168	0.26856786012649536	0.17614100873470306	0.20363940298557281	0.3080238699913025	0.051878541707992554	0.26979705691337585	0.29782572388648987	0.00891036819666624	0.1310592144727707	0.19932939112186432	0.0911930575966835	0.17664340138435364	-0.02697746455669403	0.09273042529821396	0.20841237902641296	0.25063082575798035	0.30996936559677124	0.29225850105285645	1.0	0.09691844880580902	-0.08689601719379425	0.235792875289917	0.19066926836967468	0.25657346844673157	0.05866513401269913	0.242826908826828	0.36516132950782776	0.07723986357450485	0.08155015856027603	0.32664579153060913	0.43890175223350525	0.30252018570899963	-0.13709065318107605	0.22638538479804993
PUT-VA-lh	0.03242016211152077	-0.1567980796098709	0.00251975329592824	0.28648558259010315	-0.1355484277009964	0.04781339690089226	0.10760818421840668	0.16419675946235657	0.06565440446138382	0.10993713140487671	0.6368963718414307	0.49768224358558655	0.20945417881011963	0.1205182671546936	0.5125122666358948	0.40205639600753784	0.3285299241542816	0.07084298133850098	0.015616635791957378	-0.12511783838272095	0.04972993582487106	0.51312655210495	0.5312699675559998	-0.09035993367433548	0.10695493221282959	0.14044062793254852	0.24180832505226135	0.2672363817691803	0.3327513039112091	-0.14952445030212402	0.2130192667245865	-0.049750395119190216	0.28289902210235596	0.12240815907716751	0.09691844880580902	1.0	0.6317941546440125	0.4864158034324646	0.28736612200737	0.5925201177597046	0.4595368802547455	0.5131371021270752	0.34855547547340393	0.08913343399763107	0.20156341791152954	0.05436532199382782	0.5087860822677612	0.4853956997394562	0.08877886086702347	0.06602313369512558
PUT-DA-l	0.11541261523962021	-0.04996621236205101	-0.03441677987575531	0.11098465323448181	0.08084987848997116	-0.10435724258422852	0.1470123678445816	0.007983405143022537	0.097233347594738	0.06261183321475983	0.5646851658821106	0.6401483416557312	0.3372063636779785	0.2623056173324585	0.644210159778595	0.5877271890640259	0.3402750790119171	0.36248981952667236	-0.1326221227645874	-0.214891716837883	-0.13598954677581787	0.4086766541004181	0.46289902925491333	0.11726792901754379	0.18188725411891937	0.1339234560728073	0.3074977397918701	0.18053409457206726	0.2412400245666504	-0.07367315888404846	0.12073320150375366	0.030358286574482918	0.12479546666145325	0.05281500145792961	-0.08689601719379425	0.6317941546440125	1.0	0.4547586739063263	0.5134279131889343	0.5598427057266235	0.48288848996162415	0.4327719211578369	0.4084550440311432	0.05283131077885628	0.01498155202716589	0.06123567000031471	0.39304542541503906	0.4323842227458954	0.08444459736347198	0.10667788237333298
PUT-VP-lh	-0.04023686423897743	-0.004351284354925156	-0.06440702825784683	0.24135838449001312	0.23753879964351654	0.2078574001789093	0.3584335446357727	-0.05257843807339668	0.007519505452364683	-0.050100091844797134	0.3308117091655731	0.5987370610237122	0.6197643876075745	0.5153344869613647	0.5636759996414185	0.42248204350471497	0.4317080080509186	0.29721933603286743	-0.03586601838469505	-0.18477807939052582	0.011536527425050735	0.36386144161224365	0.37718459963798523	0.2258395105600357	0.24468068778514862	0.13025732338428497	0.17467717826366425	-0.050265878438949585	0.05591769516468048	0.36371690034866333	0.40149566531181335	0.14561346173286438	-0.1674635261297226	0.18638195097446442	0.235792875289917	0.4864158034324646	0.4547586739063263	1.0	0.6944589614868164	0.3869996666908264	0.28917214274406433	0.42710497975349426	0.39375773072242737	0.13493503630161285	-0.06549348682165146	0.21501971781253815	0.3123658299446106	0.39377665519714355	0.23943088948726654	0.026784291490912437
PUT-DP-lh	0.173445925116539	0.062461305409669876	0.13195300102233887	0.15902672708034515	0.13332508504390717	0.19044268131256104	0.3808615207672119	-0.1840597242116928	-0.017901072278618813	0.03489905223250389	0.41862836480140686	0.5617194771766663	0.5494112372398376	0.506484866142273	0.48526060581207275	0.4540519714355469	0.4309365153312683	0.3171195685863495	-0.005722191650420427	-0.14577257633209229	0.1319291591644287	0.3212340176105499	0.3428478240966797	0.3509693145751953	0.3917859196662903	0.3283098638057709	0.23411624133586884	-0.031006790697574615	-0.017473090440034866	0.1753583550453186	0.15143470466136932	0.2711799442768097	0.06740444898605347	0.2377660870552063	0.19066926836967468	0.28736612200737	0.5134279131889343	0.6944589614868164	1.0	0.30600810050964355	0.17488989233970642	0.29491254687309265	0.2855013608932495	0.06333954632282257	-0.047957126051187515	0.34085386991500854	0.2427504062652588	0.23986656963825226	0.05417852848768234	0.1283627152442932
