Node	DMN_LABEL_1	Vis_LABEL_2	FP_LABEL_3	Aud_LABEL_4	Tpole_LABEL_5	PMN_LABEL_6	PON_LABEL_7	MTL_LABEL_8	PON_LABEL_9	CO_LABEL_10	Sal_LABEL_11	CO_LABEL_12	SMd_LABEL_13	SMl_LABEL_14	DAN_LABEL_15	DMN_LABEL_16	CO_LABEL_17	DMN_LABEL_18	VAN_LABEL_19	CO_LABEL_20	CO_LABEL_21	Sal_LABEL_22	DAN_LABEL_23	PMN_LABEL_24	DAN_LABEL_25	DMN_LABEL_26	DMN_LABEL_27	DMN_LABEL_28	Vis_LABEL_29	FP_LABEL_30	Aud_LABEL_31	Tpole_LABEL_32	PMN_LABEL_33	PON_LABEL_34	MTL_LABEL_35	CO_LABEL_36	Sal_LABEL_37	CO_LABEL_38	SMd_LABEL_39	SMl_LABEL_40	DAN_LABEL_41	CO_LABEL_42	VAN_LABEL_43	CO_LABEL_44	CO_LABEL_45	Sal_LABEL_46	DAN_LABEL_47	PMN_LABEL_48	DAN_LABEL_49	DMN_LABEL_50	FP_LABEL_51	DMN_LABEL_52	DMN_LABEL_53	PON_LABEL_54	DMN_LABEL_55	Tpole_LABEL_56	Tpole_LABEL_57	Sal_LABEL_58	Sal_LABEL_59	SMd_LABEL_60	DAN_LABEL_61	FP_LABEL_62	DMN_LABEL_63	FP_LABEL_64	FP_LABEL_65	SMd_LABEL_66	SMl_LABEL_67	SMd_LABEL_68	DMN_LABEL_69	DAN_LABEL_70	DMN_LABEL_71	FP_LABEL_72	SMd_LABEL_73	SMl_LABEL_74	MTL_LABEL_75	MTL_LABEL_76	CO_LABEL_77	CO_LABEL_78	Vis_LABEL_79	Vis_LABEL_80
DMN_LABEL_1	1.0	0.20097436010837555	-0.4281123876571655	0.05898632854223251	0.15621192753314972	0.012382375076413155	0.44186273217201233	n/a	0.36369943618774414	0.03706778213381767	-0.3130529820919037	-0.21129249036312103	-0.1366744339466095	-0.19346283376216888	-0.22402824461460114	0.28550153970718384	-0.03708481416106224	0.44707876443862915	0.4107649028301239	-0.3902406096458435	-0.19112150371074677	-0.15910355746746063	-0.13216254115104675	-0.13163724541664124	0.2701331079006195	0.07588323950767517	0.12271811813116074	0.34068456292152405	-0.05958213284611702	-0.49707433581352234	-0.04347702115774155	0.1751580685377121	-0.09129207581281662	0.4635534882545471	n/a	0.07480871677398682	-0.32205262780189514	-0.4091625213623047	0.09051766246557236	-0.17896729707717896	-0.2417251318693161	-0.04146149009466171	0.4617531895637512	0.07189757376909256	-0.393154114484787	-0.4135151505470276	-0.014634682796895504	0.11099036782979965	-0.00393989123404026	0.16851727664470673	-0.21540282666683197	-0.12151618301868439	-0.11335272341966629	0.30826523900032043	0.2674058973789215	-0.06809569895267487	0.1543874591588974	-0.24875514209270477	-0.17319387197494507	0.2503291666507721	0.4495047628879547	-0.3276456594467163	0.16419003903865814	-0.38912785053253174	0.14622627198696136	0.09694283455610275	0.1250355988740921	-0.30631357431411743	0.41756802797317505	0.09415312856435776	-0.459550678730011	-0.5134145021438599	-0.38373002409935	-0.10617856681346893	0.05940137803554535	0.022922780364751816	0.06720008701086044	0.21288233995437622	0.017398951575160027	0.15898631513118744
Vis_LABEL_2	0.20097436010837555	1.0	-0.41542959213256836	-0.4027896523475647	0.17869922518730164	-0.2899646461009979	0.39985162019729614	n/a	0.3162250518798828	0.011064121499657631	-0.04155290871858597	-0.017522888258099556	-0.4056231379508972	0.21752190589904785	-0.5985601544380188	-0.24714331328868866	0.10547928512096405	-0.24548886716365814	-0.06720606237649918	-0.059870582073926926	0.11994902044534683	0.005922825075685978	0.032389990985393524	-0.20379045605659485	0.1222950667142868	-0.0003600608906708658	-0.11909091472625732	0.04707993566989899	0.8655257225036621	-0.47498831152915955	-0.49877530336380005	0.0663328617811203	0.015617735683918	0.3820575475692749	n/a	-0.15653766691684723	-0.33511966466903687	-0.33532652258872986	-0.3169707655906677	0.3558366298675537	-0.39160460233688354	0.061145175248384476	0.16121162474155426	0.05738700553774834	-0.210643008351326	-0.23129010200500488	0.03679347038269043	-0.09876876324415207	-0.10236100852489471	0.029118621721863747	-0.4822166860103607	-0.09152054786682129	-0.4607902765274048	0.47183531522750854	0.09998757392168045	0.01647251471877098	0.11491072922945023	-0.016174040734767914	0.1069733127951622	-0.29931730031967163	0.06319233775138855	-0.23625506460666656	0.3203578591346741	-0.44095760583877563	0.007412080653011799	-0.43067842721939087	0.0652535930275917	-0.2420436143875122	0.36591124534606934	0.3300167918205261	0.17267709970474243	-0.15572939813137054	-0.39172154664993286	0.07759486138820648	-0.3956051468849182	-0.3236866295337677	0.4388647675514221	0.320272833108902	-0.26008346676826477	-0.05852295830845833
FP_LABEL_3	-0.4281123876571655	-0.41542959213256836	1.0	0.13939818739891052	0.0026961478870362043	0.422558456659317	-0.3570290505886078	n/a	-0.20638065040111542	-0.3391871452331543	0.4524247348308563	-0.29102563858032227	0.3311915099620819	-0.05736478418111801	0.40685468912124634	-0.11767163872718811	-0.3534325063228607	0.03635997697710991	-0.19934998452663422	0.16282859444618225	0.1976698786020279	0.3701808750629425	-0.4211861491203308	0.27261579036712646	-0.0649556964635849	0.20266611874103546	-0.09113888442516327	-0.23661139607429504	-0.37009721994400024	0.5716092586517334	0.2758791446685791	0.20415745675563812	0.14977507293224335	-0.3732004463672638	n/a	-0.12237036228179932	0.45353031158447266	0.13352999091148376	0.5688987970352173	-0.23264247179031372	0.49254366755485535	-0.24326001107692719	-0.42286303639411926	-0.07235368341207504	0.24369706213474274	0.38983696699142456	-0.30464082956314087	-0.023523328825831413	0.20966836810112	-0.254209041595459	0.4382847249507904	0.41599559783935547	0.43001046776771545	-0.34443312883377075	0.026179270818829536	0.2747010886669159	0.3001709580421448	0.15867148339748383	-0.009374186396598816	0.29198139905929565	-0.5361796021461487	0.4106001853942871	0.3050834536552429	0.7361006140708923	0.03134438768029213	0.539826512336731	-0.3689021170139313	-0.16889290511608124	-0.4964078962802887	-0.3167332410812378	0.1270831972360611	0.2771401107311249	0.03972132131457329	-0.3715442419052124	0.32975634932518005	0.4749043881893158	-0.43712133169174194	-0.20393547415733337	0.16787540912628174	-0.35740599036216736
Aud_LABEL_4	0.05898632854223251	-0.4027896523475647	0.13939818739891052	1.0	-0.0973450094461441	0.15243367850780487	-0.06001332774758339	n/a	0.016945907846093178	0.4844839870929718	0.45512059330940247	0.37127619981765747	0.28032851219177246	0.02402249351143837	0.10927772521972656	-0.3103789687156677	0.34105923771858215	-0.16820302605628967	0.1352275162935257	0.42957380414009094	0.538236141204834	0.31324225664138794	-0.012394881807267666	-0.04008040204644203	-0.20236143469810486	0.2966471016407013	-0.054628435522317886	-0.0042215934954583645	-0.5973346829414368	0.05504054203629494	0.9225528240203857	0.04857594892382622	-0.03459984064102173	-0.056459829211235046	n/a	0.4672296941280365	0.4338904917240143	0.395637184381485	-0.03043404035270214	-0.24358169734477997	0.03404384106397629	0.04112856462597847	-0.0866449773311615	0.28499066829681396	0.5490826964378357	0.3941088616847992	-0.20616820454597473	0.09313098341226578	-0.18924959003925323	-0.4554074704647064	0.2525087893009186	0.15192587673664093	-0.09742210060358047	-0.09877333045005798	-0.2407074123620987	0.213963583111763	0.038564085960388184	0.21229338645935059	0.4306374490261078	0.010797589085996151	0.19102945923805237	0.44735652208328247	-0.11115813255310059	-0.023107320070266724	0.04521530866622925	0.09179306030273438	0.1065763458609581	0.18722711503505707	-0.45176079869270325	0.09226635843515396	-0.4245237708091736	0.0171003770083189	0.4427124559879303	0.03359109163284302	0.27958565950393677	0.2030477225780487	-0.022850697860121727	-0.026325300335884094	0.48635581135749817	-0.1629226803779602
Tpole_LABEL_5	0.15621192753314972	0.17869922518730164	0.0026961478870362043	-0.0973450094461441	1.0	0.29780757427215576	-0.21391674876213074	n/a	0.36960259079933167	0.13113747537136078	0.09762696921825409	-0.18404115736484528	0.07260951399803162	-0.2842191755771637	-0.03943956270813942	-0.1341702938079834	0.20777589082717896	0.005529848858714104	0.02535993605852127	0.27001598477363586	0.223607137799263	-0.016203027218580246	-0.27569112181663513	-0.07583411782979965	0.37671247124671936	0.021028699353337288	-0.16548432409763336	-0.288993239402771	0.08293897658586502	0.014327120035886765	-0.029084743931889534	0.30731555819511414	0.15944425761699677	0.04481073096394539	n/a	0.09261158853769302	0.12904544174671173	-0.591016948223114	0.2871759533882141	-0.22784128785133362	0.1596030741930008	0.3275807499885559	-0.03999660909175873	0.19750237464904785	0.1549515426158905	-0.0925358235836029	-0.03523929789662361	-0.08152598142623901	0.34357792139053345	-0.2902699112892151	-0.11551007628440857	0.09248745441436768	-0.17392374575138092	0.1873612254858017	0.0301573034375906	0.4991849362850189	0.2256269007921219	0.18214057385921478	0.03324466571211815	0.12548735737800598	-0.13108673691749573	0.16113720834255219	0.06827197223901749	0.17630982398986816	-0.11506126821041107	0.13629451394081116	-0.3474802076816559	-0.3218432068824768	-0.14315223693847656	-0.12019045650959015	-0.2302928864955902	0.08369119465351105	-0.12944629788398743	-0.39222779870033264	0.21729503571987152	0.07154551148414612	0.27396970987319946	0.39960700273513794	-0.1269177496433258	-0.02051526866853237
PMN_LABEL_6	0.012382375076413155	-0.2899646461009979	0.422558456659317	0.15243367850780487	0.29780757427215576	1.0	-0.3110077977180481	n/a	-0.049393873661756516	0.01164120715111494	0.46811559796333313	-0.31978297233581543	-0.1159309521317482	-0.33474814891815186	0.14044933021068573	0.12985266745090485	-0.20094022154808044	0.0748608335852623	0.2803769111633301	0.20104289054870605	0.27755206823349	0.21735233068466187	-0.5856522917747498	0.6955981254577637	-0.2185005247592926	0.42152971029281616	0.1526484191417694	0.02481413073837757	-0.29899391531944275	0.5308659076690674	0.21131674945354462	0.5036687850952148	0.7889305353164673	-0.051023662090301514	n/a	0.10531672835350037	0.7079499959945679	-0.11834631115198135	0.3053450286388397	-0.4855823814868927	0.1979086995124817	-0.3382703363895416	0.020525751635432243	0.0456717424094677	0.45749878883361816	0.4146776497364044	-0.6074370741844177	0.6060642600059509	0.0743430033326149	0.12393098324537277	0.6436967253684998	0.5115981698036194	0.5581696033477783	-0.036817219108343124	0.32203590869903564	0.45607244968414307	0.2247711420059204	0.5397508144378662	0.39144498109817505	-0.07458154857158661	-0.24984851479530334	0.3013985753059387	-0.014346737414598465	0.4633149206638336	0.29711654782295227	0.3423291742801666	-0.6382434964179993	-0.34862005710601807	-0.2675321698188782	-0.16005784273147583	-0.45384666323661804	0.3224860429763794	-0.16120801866054535	-0.5563758015632629	0.309498131275177	0.34436124563217163	-0.08538995683193207	0.13841427862644196	0.4136504828929901	0.22520458698272705
PON_LABEL_7	0.44186273217201233	0.39985162019729614	-0.3570290505886078	-0.06001332774758339	-0.21391674876213074	-0.3110077977180481	1.0	n/a	0.5065211653709412	0.1913401484489441	-0.021486816927790642	0.1627015918493271	-0.2141730785369873	0.30600816011428833	-0.6526439189910889	0.23091667890548706	-0.2571788430213928	0.26276713609695435	0.06249956414103508	-0.3551902770996094	0.052041731774806976	0.08859001100063324	-0.1634630262851715	-0.2910459339618683	-0.22288808226585388	0.2020965814590454	0.4206960201263428	0.5787642002105713	0.21047396957874298	-0.6656162142753601	-0.11372100561857224	0.05255566164851189	-0.18578167259693146	0.7522896528244019	n/a	0.130724236369133	-0.2578076124191284	0.07706576585769653	-0.2939801514148712	0.4012928903102875	-0.6176701188087463	-0.3285561203956604	0.1964080035686493	0.32389241456985474	-0.25576844811439514	-0.05806390568614006	-0.21819907426834106	-0.10518146306276321	-0.35399407148361206	0.15408998727798462	-0.3238353729248047	-0.2692853510379791	0.01890905201435089	0.6668689846992493	0.42228254675865173	-0.19514718651771545	0.436188668012619	-0.2172011137008667	0.06815177947282791	-0.18105575442314148	0.36693304777145386	-0.5320146083831787	0.33807727694511414	-0.5708136558532715	0.3753218352794647	-0.3784101605415344	0.1840021014213562	-0.3634765148162842	0.3103852868080139	0.10995443910360336	-0.13294461369514465	-0.6279130578041077	-0.28922411799430847	0.09850164502859116	0.040713708847761154	0.16484962403774261	0.07210326939821243	0.07026287168264389	-0.038778312504291534	0.015376229770481586
MTL_LABEL_8	n/a	n/a	n/a	n/a	n/a	n/a	n/a	1.0	n/a	n/a	n/a	n/a	n/a	n/a	n/a	n/a	n/a	n/a	n/a	n/a	n/a	n/a	n/a	n/a	n/a	n/a	n/a	n/a	n/a	n/a	n/a	n/a	n/a	n/a	n/a	n/a	n/a	n/a	n/a	n/a	n/a	n/a	n/a	n/a	n/a	n/a	n/a	n/a	n/a	n/a	n/a	n/a	n/a	n/a	n/a	n/a	n/a	n/a	n/a	n/a	n/a	n/a	n/a	n/a	n/a	n/a	n/a	n/a	n/a	n/a	n/a	n/a	n/a	n/a	n/a	n/a	n/a	n/a	n/a	n/a
PON_LABEL_9	0.36369943618774414	0.3162250518798828	-0.20638065040111542	0.016945907846093178	0.36960259079933167	-0.049393873661756516	0.5065211653709412	n/a	1.0	0.31454765796661377	0.05971687659621239	-0.0590045303106308	-0.3604229688644409	-0.2926028072834015	-0.5218908786773682	0.00239831255748868	0.023641973733901978	0.057323429733514786	0.11324857175350189	0.08553867787122726	0.3192121386528015	0.030347587540745735	-0.23994331061840057	-0.3804374933242798	0.06725987792015076	0.044475674629211426	0.27371400594711304	0.15578004717826843	0.15142090618610382	-0.3233686089515686	0.07527494430541992	-0.08515788614749908	0.08287691324949265	0.7199293971061707	n/a	0.3936846852302551	0.03786200284957886	-0.4400573968887329	-0.1034269705414772	0.010662675835192204	-0.3620011806488037	0.1587151288986206	0.012700333259999752	0.6225053071975708	0.12204796075820923	-0.026775944977998734	-0.017685797065496445	-0.019180219620466232	-0.03871992602944374	-0.18770892918109894	-0.07346948236227036	-0.06329352408647537	-0.20978255569934845	0.8450469374656677	0.41034621000289917	0.03663777559995651	0.2095482498407364	-0.06483472138643265	-0.009238640777766705	0.16214756667613983	0.3140316307544708	-0.3206813633441925	0.05949915200471878	-0.21840934455394745	0.20306257903575897	-0.06957374513149261	0.05914266034960747	-0.1800955832004547	-0.003657111432403326	-0.018553007394075394	-0.4210616946220398	-0.2650300860404968	-0.27893584966659546	-0.1397632509469986	0.3148786127567291	0.3149147033691406	0.36143234372138977	0.4002399742603302	0.009211516007781029	0.19947680830955505
CO_LABEL_10	0.03706778213381767	0.011064121499657631	-0.3391871452331543	0.4844839870929718	0.13113747537136078	0.01164120715111494	0.1913401484489441	n/a	0.31454765796661377	1.0	0.32210573554039	0.7501274347305298	-0.11741963028907776	0.2414461225271225	-0.36394059658050537	-0.12665387988090515	0.5510815978050232	-0.23997734487056732	0.0015047300839796662	0.3120350241661072	0.6918701529502869	-0.06202206760644913	0.05328245833516121	-0.18732048571109772	-0.19410200417041779	0.24194693565368652	0.42531701922416687	0.2538314163684845	-0.17495496571063995	-0.23489409685134888	0.40144315361976624	-0.23744700849056244	0.020551392808556557	0.2572178840637207	n/a	0.8293098211288452	0.2765357196331024	0.30964353680610657	-0.5036457180976868	0.0003975203144364059	-0.4123138189315796	0.3014180064201355	-0.11868682503700256	0.6146870851516724	0.6047360301017761	0.153154194355011	-0.014886441640555859	-0.04217183217406273	-0.26101094484329224	-0.29365646839141846	0.08822552114725113	-0.013814166188240051	-0.29002222418785095	0.26261773705482483	0.07902871072292328	0.007639152463525534	-0.04467196390032768	0.153975710272789	0.4120137095451355	-0.3542781174182892	0.47806939482688904	0.1252613514661789	-0.28385061025619507	-0.42122983932495117	0.0920632928609848	-0.43328943848609924	0.026091760024428368	0.13853631913661957	-0.3583516776561737	0.007697391323745251	-0.4810622036457062	-0.07328691333532333	0.4037063717842102	0.20000241696834564	0.24588291347026825	-0.06264745444059372	0.49161437153816223	0.4606219232082367	0.34263280034065247	0.1735130101442337
Sal_LABEL_11	-0.3130529820919037	-0.04155290871858597	0.4524247348308563	0.45512059330940247	0.09762696921825409	0.46811559796333313	-0.021486816927790642	n/a	0.05971687659621239	0.32210573554039	1.0	0.192360520362854	0.033198561519384384	0.30848178267478943	-0.29106637835502625	-0.37067434191703796	-0.14046922326087952	-0.3025312125682831	-0.1857653558254242	0.40940555930137634	0.6802090406417847	0.6298472881317139	-0.3941548466682434	0.16698040068149567	-0.45892763137817383	0.38096684217453003	0.208796888589859	-0.08623827993869781	-0.10235262662172318	0.14140938222408295	0.5522452592849731	0.2447880357503891	0.3654974400997162	-0.012817961163818836	n/a	0.3203575313091278	0.8389840126037598	0.3071271479129791	0.007952890358865261	0.07730872929096222	-0.20020486414432526	-0.3007674217224121	-0.3588279187679291	0.39683932065963745	0.6292139887809753	0.7110225558280945	-0.5770652294158936	0.077308788895607	-0.16223254799842834	-0.35153260827064514	0.2965967059135437	0.3674115240573883	0.2019660770893097	0.048938482999801636	0.1392705887556076	0.43946242332458496	0.34056809544563293	0.48588132858276367	0.6149068474769592	-0.3325897455215454	-0.12060639262199402	0.3660857677459717	0.3223179578781128	0.08691463619470596	0.2846128046512604	-0.09165749698877335	-0.3310171663761139	-0.19536906480789185	-0.5164806246757507	0.08603889495134354	-0.1897222101688385	0.2986413836479187	0.2092055380344391	-0.26113083958625793	0.33263543248176575	0.31432801485061646	0.15777802467346191	0.15492692589759827	0.5602151155471802	-0.17888905107975006
CO_LABEL_12	-0.21129249036312103	-0.017522888258099556	-0.29102563858032227	0.37127619981765747	-0.18404115736484528	-0.31978297233581543	0.1627015918493271	n/a	-0.0590045303106308	0.7501274347305298	0.192360520362854	1.0	0.2183726280927658	0.5107699632644653	-0.17162644863128662	-0.1298648864030838	0.4815751612186432	-0.33776071667671204	-0.304919570684433	0.2745297849178314	0.45144543051719666	-0.09841926395893097	0.2657051086425781	-0.18696850538253784	-0.21590954065322876	0.10588598251342773	0.20767676830291748	0.21766433119773865	-0.04543298855423927	-0.287680447101593	0.3050163984298706	-0.30187395215034485	-0.31700146198272705	-0.05065702646970749	n/a	0.5337072014808655	0.03827757388353348	0.5922133326530457	-0.529094398021698	0.22598491609096527	-0.30632758140563965	0.18558205664157867	-0.26121267676353455	0.24707181751728058	0.3391527235507965	0.08881347626447678	0.11391574889421463	-0.2732277810573578	-0.2723996937274933	-0.22504280507564545	-0.17036837339401245	-0.12741009891033173	-0.2872982323169708	-0.020438319072127342	-0.16459590196609497	-0.1778639256954193	-0.11145826429128647	0.052419524639844894	0.32703641057014465	-0.3765794634819031	0.3121497333049774	0.11793117970228195	-0.23484085500240326	-0.4860098659992218	-0.1266811341047287	-0.5106282234191895	0.27597472071647644	0.3488067090511322	-0.3806411921977997	0.15303707122802734	-0.07851982116699219	-0.18626171350479126	0.6761474609375	0.5106038451194763	0.011843728832900524	-0.14877715706825256	0.3284420073032379	0.12620946764945984	0.17158633470535278	-0.19967684149742126
SMd_LABEL_13	-0.1366744339466095	-0.4056231379508972	0.3311915099620819	0.28032851219177246	0.07260951399803162	-0.1159309521317482	-0.2141730785369873	n/a	-0.3604229688644409	-0.11741963028907776	0.033198561519384384	0.2183726280927658	1.0	0.17804941534996033	0.43264496326446533	-0.061229705810546875	0.0754331573843956	-0.01601640321314335	-0.5065717101097107	0.16575169563293457	-0.11899125576019287	0.12567977607250214	-0.06329687684774399	-0.043171994388103485	0.26398301124572754	0.10671370476484299	-0.2643004357814789	-0.18475066125392914	-0.3007957339286804	0.015032272785902023	0.32049334049224854	0.0833771675825119	-0.4191814661026001	-0.5846677422523499	n/a	-0.16405867040157318	-0.05808769538998604	0.2986281216144562	0.5182839632034302	-0.16172635555267334	0.4641369879245758	0.007858682423830032	-0.441426545381546	-0.20722445845603943	-0.12896665930747986	-0.03564239293336868	-0.04371846839785576	-0.38256800174713135	0.3098111152648926	-0.30401837825775146	-0.25573962926864624	-0.051052726805210114	-0.00846302229911089	-0.49145597219467163	-0.3799026608467102	0.24893876910209656	-0.054158564656972885	-0.024542754516005516	-0.043244220316410065	0.2702016830444336	-0.3342234790325165	0.3805324137210846	0.07065032422542572	0.22096146643161774	-0.24631594121456146	0.34453698992729187	-0.07929228991270065	-0.07631560415029526	-0.3091602623462677	-0.09707649797201157	0.1403544694185257	0.022136062383651733	0.5963167548179626	0.07929874956607819	0.30147799849510193	0.3512907326221466	-0.3037519156932831	-0.3072781562805176	0.018850727006793022	-0.4295225441455841
SMl_LABEL_14	-0.19346283376216888	0.21752190589904785	-0.05736478418111801	0.02402249351143837	-0.2842191755771637	-0.33474814891815186	0.30600816011428833	n/a	-0.2926028072834015	0.2414461225271225	0.30848178267478943	0.5107699632644653	0.17804941534996033	1.0	-0.3704184293746948	-0.1568552851676941	-0.0687752366065979	-0.09801948070526123	-0.29427313804626465	-0.10307729244232178	0.15727165341377258	0.13630411028862	0.08338004350662231	-0.17209455370903015	-0.352364182472229	0.10199020802974701	0.19895757734775543	0.11518595367670059	0.18217189610004425	-0.4213015139102936	0.0005426284624263644	-0.056553635746240616	-0.3535749614238739	0.003832064103335142	n/a	0.09548839926719666	-0.06771839410066605	0.5178400278091431	-0.25293242931365967	0.7284526228904724	-0.4307091534137726	-0.17052926123142242	-0.12867289781570435	0.033419154584407806	-0.04845023527741432	0.059810493141412735	-0.11639446765184402	-0.410576194524765	-0.3844687342643738	-0.0823240801692009	-0.36295613646507263	-0.14092600345611572	-0.08206386119127274	-0.1817169189453125	-0.05128845199942589	-0.1179562583565712	0.22070883214473724	-0.10331257432699203	0.1617405116558075	-0.4375816881656647	0.08675451576709747	-0.007048496510833502	0.37159988284111023	-0.41052788496017456	-0.038213927298784256	-0.49382904171943665	0.15979304909706116	-0.04163668304681778	-0.043979935348033905	0.185841903090477	0.33107179403305054	-0.09651897847652435	0.28028130531311035	0.3492583632469177	-0.05835667997598648	-0.1856774240732193	0.10893762111663818	0.05784578248858452	0.11776714026927948	-0.31094178557395935
DAN_LABEL_15	-0.22402824461460114	-0.5985601544380188	0.40685468912124634	0.10927772521972656	-0.03943956270813942	0.14044933021068573	-0.6526439189910889	n/a	-0.5218908786773682	-0.36394059658050537	-0.29106637835502625	-0.17162644863128662	0.43264496326446533	-0.3704184293746948	1.0	0.12765417993068695	0.14375530183315277	0.10238621383905411	-0.02782358229160309	0.02005590870976448	-0.29623377323150635	-0.1700122356414795	0.1538584679365158	0.19147394597530365	0.43961310386657715	-0.06370504200458527	-0.3590257465839386	-0.1781013458967209	-0.45519471168518066	0.6278062462806702	0.11155042797327042	0.09074030071496964	-0.060888953506946564	-0.6620022058486938	n/a	-0.2081291377544403	-0.04142694175243378	0.07086173444986343	0.46254369616508484	-0.4740477502346039	0.8879132270812988	0.20796072483062744	-0.1763760894536972	-0.4634934663772583	-0.020658249035477638	-0.049125976860523224	0.3001657724380493	0.00792140793055296	0.4331514835357666	-0.07199128717184067	0.33112621307373047	0.23696132004261017	0.14648909866809845	-0.6170138120651245	-0.3237159848213196	0.06531380861997604	-0.24594315886497498	0.02483735978603363	-0.27684900164604187	0.4915614128112793	-0.41425496339797974	0.4166041910648346	-0.36698880791664124	0.5994486212730408	-0.4560963809490204	0.6054290533065796	-0.1467878818511963	0.2727092504501343	-0.17267467081546783	-0.3253205716609955	0.11197835952043533	0.15053433179855347	0.1480604112148285	-0.11652354896068573	-0.0008144661551341414	0.05774576589465141	-0.5055972337722778	-0.35970720648765564	-0.2513364553451538	-0.2130597084760666
DMN_LABEL_16	0.28550153970718384	-0.24714331328868866	-0.11767163872718811	-0.3103789687156677	-0.1341702938079834	0.12985266745090485	0.23091667890548706	n/a	0.00239831255748868	-0.12665387988090515	-0.37067434191703796	-0.1298648864030838	-0.061229705810546875	-0.1568552851676941	0.12765417993068695	1.0	-0.449058473110199	0.7153386473655701	0.34076520800590515	-0.611900269985199	-0.4631608724594116	-0.19962336122989655	-0.12946802377700806	0.2502628266811371	0.04249260574579239	0.0833054631948471	0.4661082923412323	0.570878267288208	-0.1887502521276474	-0.0702793076634407	-0.30571454763412476	0.12377635389566422	-0.03942354768514633	0.14778169989585876	n/a	-0.21531133353710175	-0.18774065375328064	0.058159276843070984	-0.02514912560582161	-0.061950504779815674	-0.010330920107662678	-0.44590210914611816	0.3867267668247223	-0.26932284235954285	-0.41474223136901855	-0.2126709371805191	-0.14398030936717987	0.1979115605354309	-0.044858261942863464	0.7658632397651672	0.07083077728748322	-0.22898471355438232	0.5077472925186157	-0.03443593531847	0.2832344174385071	-0.23888930678367615	0.11348578333854675	-0.3200036585330963	-0.3218362033367157	0.03054630570113659	0.17606428265571594	-0.4948698878288269	-0.13604845106601715	0.011255667544901371	0.2868908643722534	0.037992049008607864	-0.07367841899394989	-0.3126811385154724	0.3885330557823181	-0.2182808667421341	-0.16499397158622742	-0.2854577600955963	-0.29254117608070374	-0.17901219427585602	0.015543683432042599	-0.059271715581417084	-0.5134100914001465	-0.2984636723995209	-0.11450958997011185	0.34808099269866943
CO_LABEL_17	-0.03708481416106224	0.10547928512096405	-0.3534325063228607	0.34105923771858215	0.20777589082717896	-0.20094022154808044	-0.2571788430213928	n/a	0.023641973733901978	0.5510815978050232	-0.14046922326087952	0.4815751612186432	0.0754331573843956	-0.0687752366065979	0.14375530183315277	-0.449058473110199	1.0	-0.5091181397438049	-0.12827925384044647	0.5333207845687866	0.3663737177848816	-0.2965985834598541	0.3859580159187317	-0.15492531657218933	0.3309946358203888	-0.112546406686306	-0.3127303719520569	-0.18484927713871002	-0.010119957849383354	0.017161522060632706	0.21061941981315613	-0.3107597231864929	-0.07030683010816574	-0.13813304901123047	n/a	0.39853790402412415	-0.1528625637292862	0.0060107833705842495	-0.2917563319206238	-0.23831893503665924	0.1468554139137268	0.7309964299201965	-0.16065140068531036	0.16106946766376495	0.39251086115837097	-0.1548972725868225	0.4090268313884735	-0.05198751389980316	0.13932155072689056	-0.4687829911708832	-0.103107750415802	-0.059585005044937134	-0.6598168611526489	-0.03328026831150055	-0.42281457781791687	0.0038851690478622913	-0.4273745119571686	0.07397177815437317	0.12518370151519775	-0.0945594534277916	0.11733425408601761	0.4812510013580322	-0.418933242559433	-0.19405251741409302	-0.36904671788215637	-0.1250409632921219	0.12792664766311646	0.4113211929798126	-0.22599053382873535	0.06259838491678238	-0.06712518632411957	0.12097495049238205	0.4606614112854004	0.39474013447761536	-0.06894119083881378	-0.18879833817481995	0.43510952591896057	0.28878316283226013	-0.005755735095590353	-0.06952687352895737
DMN_LABEL_18	0.44707876443862915	-0.24548886716365814	0.03635997697710991	-0.16820302605628967	0.005529848858714104	0.0748608335852623	0.26276713609695435	n/a	0.057323429733514786	-0.23997734487056732	-0.3025312125682831	-0.33776071667671204	-0.01601640321314335	-0.09801948070526123	0.10238621383905411	0.7153386473655701	-0.5091181397438049	1.0	0.4483153522014618	-0.5093920826911926	-0.41469869017601013	-0.0033486750908195972	-0.2397756427526474	0.040615264326334	0.04840469732880592	-0.023272210732102394	0.253061443567276	0.27585074305534363	-0.30390217900276184	-0.14985500276088715	-0.10340357571840286	0.18758298456668854	-0.2576965391635895	0.28243958950042725	n/a	-0.14843903481960297	-0.2113955020904541	-0.1572212427854538	0.21025831997394562	0.041683029383420944	-0.06696072965860367	-0.28450343012809753	0.46639636158943176	-0.13035784661769867	-0.42300450801849365	-0.150325745344162	-0.0533667616546154	0.04428252577781677	-0.049230702221393585	0.403649240732193	0.014253298752009869	-0.20034125447273254	0.4783433675765991	-0.09937307983636856	0.25274696946144104	-0.31015366315841675	0.36474278569221497	-0.37369707226753235	-0.3556371331214905	0.3505239486694336	0.16150438785552979	-0.4458901286125183	0.1929442435503006	0.03479887917637825	0.3163110911846161	0.14598394930362701	0.0046756453812122345	-0.2878004312515259	0.3849649429321289	-0.2226938009262085	-0.28067123889923096	-0.46774712204933167	-0.4287625253200531	-0.25633305311203003	0.23117002844810486	0.01133872102946043	-0.49659791588783264	-0.048022348433732986	0.019642725586891174	0.20598575472831726
VAN_LABEL_19	0.4107649028301239	-0.06720606237649918	-0.19934998452663422	0.1352275162935257	0.02535993605852127	0.2803769111633301	0.06249956414103508	n/a	0.11324857175350189	0.0015047300839796662	-0.1857653558254242	-0.304919570684433	-0.5065717101097107	-0.29427313804626465	-0.02782358229160309	0.34076520800590515	-0.12827925384044647	0.4483153522014618	1.0	-0.18326736986637115	-0.07126434892416	-0.1759127825498581	0.001501363469287753	0.2716677784919739	-0.21921028196811676	0.04033590853214264	0.0011558805126696825	0.15806719660758972	-0.28307342529296875	-0.0903502032160759	0.040122732520103455	0.23568333685398102	0.16678515076637268	0.3933429718017578	n/a	-0.04644245281815529	-0.027502242475748062	-0.22185097634792328	-0.2231827974319458	-0.0995420515537262	-0.18481425940990448	-0.22966144979000092	0.8800027966499329	-0.16121013462543488	-0.009870262816548347	-0.0691327378153801	-0.18901018798351288	0.45285317301750183	-0.4427405893802643	0.4376157820224762	0.14424015581607819	-0.09775718301534653	0.1664506494998932	0.11613093316555023	0.09520522505044937	-0.08506084233522415	0.2111968994140625	-0.17223718762397766	-0.09883362799882889	-0.029314080253243446	0.35522788763046265	-0.21289503574371338	-0.17427100241184235	-0.12771189212799072	0.2033076286315918	-0.050005823373794556	0.10164479166269302	0.005326979327946901	0.3011990487575531	0.19052350521087646	-0.34043291211128235	-0.16344532370567322	-0.46263307332992554	-0.14761164784431458	-0.25729238986968994	-0.3618389666080475	-0.2592224180698395	-0.05857393518090248	0.028615059331059456	0.2643201947212219
CO_LABEL_20	-0.3902406096458435	-0.059870582073926926	0.16282859444618225	0.42957380414009094	0.27001598477363586	0.20104289054870605	-0.3551902770996094	n/a	0.08553867787122726	0.3120350241661072	0.40940555930137634	0.2745297849178314	0.16575169563293457	-0.10307729244232178	0.02005590870976448	-0.611900269985199	0.5333207845687866	-0.5093920826911926	-0.18326736986637115	1.0	0.5484398603439331	0.2697583734989166	-0.03634609654545784	0.10647174715995789	-0.16143696010112762	-0.0002896244404837489	-0.3699144721031189	-0.45257097482681274	-0.042024146765470505	0.19325928390026093	0.52752685546875	-0.06749315559864044	0.18732783198356628	-0.1861545294523239	n/a	0.24997222423553467	0.40965694189071655	-0.026339242234826088	-0.05018462985754013	-0.17092537879943848	0.08925475925207138	0.3028217852115631	-0.29164642095565796	0.23565416038036346	0.672840416431427	0.45557767152786255	-0.12567362189292908	0.05011937767267227	-0.031151849776506424	-0.5559670925140381	0.04678960517048836	0.1558939665555954	-0.2412242740392685	0.0245826318860054	-0.2905644476413727	0.2354014813899994	-0.18616005778312683	0.3637832701206207	0.41895267367362976	-0.10340849310159683	-0.24437840282917023	0.5315655469894409	-0.1737968772649765	0.09806407243013382	-0.00901526864618063	0.020728640258312225	-0.03475475311279297	0.373390257358551	-0.421827107667923	0.24989376962184906	-0.14938868582248688	0.33275696635246277	0.5241175889968872	0.23502063751220703	0.15638868510723114	0.2128806859254837	0.32374268770217896	0.22692815959453583	0.3450828790664673	-0.19093270599842072
CO_LABEL_21	-0.19112150371074677	0.11994902044534683	0.1976698786020279	0.538236141204834	0.223607137799263	0.27755206823349	0.052041731774806976	n/a	0.3192121386528015	0.6918701529502869	0.6802090406417847	0.45144543051719666	-0.11899125576019287	0.15727165341377258	-0.29623377323150635	-0.4631608724594116	0.3663737177848816	-0.41469869017601013	-0.07126434892416	0.5484398603439331	1.0	0.3752882182598114	-0.318109393119812	0.016898078843951225	-0.31417176127433777	0.3287196755409241	0.14991450309753418	0.06123090907931328	-0.10156026482582092	0.06499438732862473	0.4862900674343109	0.0437539704144001	0.2921423614025116	0.15363939106464386	n/a	0.6649136543273926	0.5366448760032654	0.16685204207897186	-0.226423978805542	-0.12288754433393478	-0.20531952381134033	0.1534886211156845	-0.3013176918029785	0.5966359972953796	0.8375058770179749	0.5289090871810913	-0.29945042729377747	0.08515416830778122	-0.19657178223133087	-0.5109393000602722	0.29734912514686584	0.3000054657459259	-0.14745552837848663	0.27885520458221436	0.10692872107028961	0.27067655324935913	0.29237857460975647	0.38201600313186646	0.5823456645011902	-0.2669978141784668	0.00571688124909997	0.3374533951282501	0.08854227513074875	-0.025099795311689377	0.12975116074085236	-0.21400876343250275	-0.2400510460138321	-0.02054043859243393	-0.6368667483329773	-0.066718690097332	-0.3428777754306793	0.026515157893300056	0.23218277096748352	-0.16214485466480255	0.24971982836723328	0.15878933668136597	0.4476986825466156	0.4346219003200531	0.32994261384010315	-0.20038054883480072
Sal_LABEL_22	-0.15910355746746063	0.005922825075685978	0.3701808750629425	0.31324225664138794	-0.016203027218580246	0.21735233068466187	0.08859001100063324	n/a	0.030347587540745735	-0.06202206760644913	0.6298472881317139	-0.09841926395893097	0.12567977607250214	0.13630411028862	-0.1700122356414795	-0.19962336122989655	-0.2965985834598541	-0.0033486750908195972	-0.1759127825498581	0.2697583734989166	0.3752882182598114	1.0	-0.3743617832660675	0.14289730787277222	-0.3115847110748291	0.047739408910274506	-0.024501299485564232	0.03901512920856476	-0.030832238495349884	0.0713585689663887	0.36009901762008667	0.3420477509498596	0.21033766865730286	-0.04278971254825592	n/a	-0.05206535384058952	0.4461434781551361	0.033622823655605316	0.11730199307203293	-0.03863733261823654	-0.09602855145931244	-0.39025965332984924	-0.17796188592910767	0.2870613932609558	0.2920513153076172	0.7655824422836304	-0.4728088974952698	0.16943921148777008	-0.00884646363556385	-0.16079425811767578	0.13434655964374542	0.014851715415716171	0.2129279226064682	0.03885515779256821	-0.03133752569556236	0.23798970878124237	0.3951648473739624	0.28843948245048523	0.47951698303222656	-0.13065126538276672	-0.2931102514266968	0.04383452981710434	0.5040614008903503	0.16229864954948425	0.4685240387916565	-0.042980581521987915	-0.22630226612091064	-0.29436609148979187	-0.10324794799089432	0.001109684119001031	-0.10676684230566025	0.023146850988268852	-0.016643144190311432	-0.3690636157989502	0.2769661545753479	0.3244169354438782	-0.004965323954820633	-0.06876927614212036	0.2939175069332123	-0.25853636860847473
DAN_LABEL_23	-0.13216254115104675	0.032389990985393524	-0.4211861491203308	-0.012394881807267666	-0.27569112181663513	-0.5856522917747498	-0.1634630262851715	n/a	-0.23994331061840057	0.05328245833516121	-0.3941548466682434	0.2657051086425781	-0.06329687684774399	0.08338004350662231	0.1538584679365158	-0.12946802377700806	0.3859580159187317	-0.2397756427526474	0.001501363469287753	-0.03634609654545784	-0.318109393119812	-0.3743617832660675	1.0	-0.30727821588516235	0.24474364519119263	-0.4479566216468811	-0.30690112709999084	-0.24115771055221558	0.02800697274506092	-0.17140236496925354	-0.07083644717931747	-0.4799400866031647	-0.44043365120887756	-0.1719740778207779	n/a	-0.11464100331068039	-0.41370075941085815	0.14265315234661102	-0.43827885389328003	0.22111833095550537	0.008517810143530369	0.31177622079849243	0.1719922572374344	-0.23255029320716858	-0.2617770731449127	-0.3861340880393982	0.6929757595062256	-0.2665697932243347	0.004529332742094994	-0.02034704014658928	-0.35737618803977966	-0.41831788420677185	-0.5743988156318665	-0.20276713371276855	-0.5721957683563232	-0.3071996867656708	-0.4536350965499878	-0.25671374797821045	-0.23939311504364014	-0.08092050999403	0.4473883807659149	0.036138370633125305	-0.3814457356929779	-0.29739657044410706	-0.3101200461387634	-0.30690252780914307	0.6296234726905823	0.526010274887085	0.2969534993171692	0.4288082420825958	0.3391645550727844	0.16951203346252441	0.21908369660377502	0.6135040521621704	-0.4102136492729187	-0.4970386326313019	-0.019852368161082268	-0.2129981964826584	-0.16944634914398193	-0.015765434131026268
PMN_LABEL_24	-0.13163724541664124	-0.20379045605659485	0.27261579036712646	-0.04008040204644203	-0.07583411782979965	0.6955981254577637	-0.2910459339618683	n/a	-0.3804374933242798	-0.18732048571109772	0.16698040068149567	-0.18696850538253784	-0.043171994388103485	-0.17209455370903015	0.19147394597530365	0.2502628266811371	-0.15492531657218933	0.040615264326334	0.2716677784919739	0.10647174715995789	0.016898078843951225	0.14289730787277222	-0.30727821588516235	1.0	-0.273660272359848	0.08354543894529343	-0.14441700279712677	0.07064102590084076	-0.16400295495986938	0.44520655274391174	-0.06486480683088303	0.3908116817474365	0.6067662239074707	-0.16873282194137573	n/a	-0.2670799195766449	0.2855337858200073	0.019104942679405212	-0.002975677140057087	-0.3712565302848816	0.13791856169700623	-0.5243508815765381	0.24039649963378906	-0.35965225100517273	0.15086877346038818	0.2811286449432373	-0.5145020484924316	0.7727798223495483	8.400081424042583e-05	0.48660582304000854	0.35480302572250366	0.056906938552856445	0.5023274421691895	-0.2532026171684265	-0.060939379036426544	0.06191496178507805	0.1361202746629715	0.2875641882419586	0.2560161352157593	-0.308929443359375	-0.27139511704444885	0.24170847237110138	0.014276827685534954	0.32658520340919495	0.29128673672676086	0.0637422502040863	-0.35348811745643616	-0.22005292773246765	-0.08677498996257782	0.03678571805357933	-0.036649852991104126	0.23346835374832153	-0.021816564723849297	-0.224472776055336	-0.019685665145516396	0.0950864925980568	-0.25603562593460083	-0.2646668255329132	0.30475834012031555	0.05590106546878815
DAN_LABEL_25	0.2701331079006195	0.1222950667142868	-0.0649556964635849	-0.20236143469810486	0.37671247124671936	-0.2185005247592926	-0.22288808226585388	n/a	0.06725987792015076	-0.19410200417041779	-0.45892763137817383	-0.21590954065322876	0.26398301124572754	-0.352364182472229	0.43961310386657715	0.04249260574579239	0.3309946358203888	0.04840469732880592	-0.21921028196811676	-0.16143696010112762	-0.31417176127433777	-0.3115847110748291	0.24474364519119263	-0.273660272359848	1.0	-0.24933572113513947	-0.35057196021080017	-0.20674359798431396	0.0996580496430397	0.03839946910738945	-0.22483696043491364	-0.09827297180891037	-0.23171690106391907	-0.19656343758106232	n/a	-0.17460300028324127	-0.44941869378089905	-0.3865439295768738	0.33820971846580505	-0.32245582342147827	0.5424387454986572	0.4756540060043335	-0.14579172432422638	-0.20543190836906433	-0.39995357394218445	-0.5622667670249939	0.557205080986023	-0.23288507759571075	0.740315318107605	-0.1854540854692459	-0.24493059515953064	-0.08837179839611053	-0.41465139389038086	-0.12410951405763626	-0.3020442724227905	0.035348691046237946	-0.26534438133239746	-0.22865211963653564	-0.4444904327392578	0.48179179430007935	-0.019756048917770386	0.12790250778198242	-0.07270277291536331	0.1449643075466156	-0.4223024845123291	0.3820996582508087	-0.009517860598862171	-0.11278983950614929	0.20536084473133087	-0.21788044273853302	0.12050452083349228	0.004744124598801136	-0.08054368197917938	-0.1012401431798935	0.047366075217723846	0.03270590305328369	-0.0712001621723175	0.034060411155223846	-0.3734975755214691	-0.0665234625339508
