Node	DMN_LABEL_1	Vis_LABEL_2	FP_LABEL_3	Aud_LABEL_4	Tpole_LABEL_5	PMN_LABEL_6	PON_LABEL_7	MTL_LABEL_8	PON_LABEL_9	CO_LABEL_10	Sal_LABEL_11	CO_LABEL_12	SMd_LABEL_13	SMl_LABEL_14	DAN_LABEL_15	DMN_LABEL_16	CO_LABEL_17	DMN_LABEL_18	VAN_LABEL_19	CO_LABEL_20	CO_LABEL_21	Sal_LABEL_22	DAN_LABEL_23	PMN_LABEL_24	DAN_LABEL_25	DMN_LABEL_26	DMN_LABEL_27	DMN_LABEL_28	Vis_LABEL_29	FP_LABEL_30	Aud_LABEL_31	Tpole_LABEL_32	PMN_LABEL_33	PON_LABEL_34	MTL_LABEL_35	CO_LABEL_36	Sal_LABEL_37	CO_LABEL_38	SMd_LABEL_39	SMl_LABEL_40	DAN_LABEL_41	CO_LABEL_42	VAN_LABEL_43	CO_LABEL_44	CO_LABEL_45	Sal_LABEL_46	DAN_LABEL_47	PMN_LABEL_48	DAN_LABEL_49	DMN_LABEL_50	FP_LABEL_51	DMN_LABEL_52	DMN_LABEL_53	PON_LABEL_54	DMN_LABEL_55	Tpole_LABEL_56	Tpole_LABEL_57	Sal_LABEL_58	Sal_LABEL_59	SMd_LABEL_60	DAN_LABEL_61	FP_LABEL_62	DMN_LABEL_63	FP_LABEL_64	FP_LABEL_65	SMd_LABEL_66	SMl_LABEL_67	SMd_LABEL_68	DMN_LABEL_69	DAN_LABEL_70	DMN_LABEL_71	FP_LABEL_72	SMd_LABEL_73	SMl_LABEL_74	MTL_LABEL_75	MTL_LABEL_76	CO_LABEL_77	CO_LABEL_78	Vis_LABEL_79	Vis_LABEL_80
DMN_LABEL_1	1.0	0.1518087089061737	0.013270266354084015	0.09773430973291397	0.26820799708366394	-0.05424789711833	0.09190560132265091	n/a	-0.0817183181643486	-0.6801466941833496	0.04832340031862259	-0.5411309003829956	-0.08847123384475708	-0.3259165287017822	-0.5285213589668274	0.8240211606025696	-0.6128003001213074	0.5505065321922302	-0.09943357110023499	-0.4373514652252197	-0.6419512629508972	-0.13167084753513336	-0.5139161944389343	-0.21685469150543213	-0.38772934675216675	0.8290632367134094	0.8628789186477661	0.5785780549049377	0.040070705115795135	-0.23875777423381805	-0.08992110937833786	0.3406696617603302	0.039432547986507416	0.2371980845928192	n/a	-0.6092286109924316	0.06098009645938873	-0.5288706421852112	-0.09161628782749176	-0.3823740482330322	-0.5949597954750061	-0.5662508606910706	0.12999112904071808	-0.5449629426002502	-0.5941604971885681	-0.18765898048877716	-0.6320618987083435	0.22206707298755646	-0.5402061939239502	0.5393117666244507	0.11257091164588928	0.37603050470352173	0.4411916732788086	-0.10760141164064407	0.6584533452987671	0.16482356190681458	0.13764232397079468	0.09439216554164886	0.10405721515417099	-0.27480262517929077	-0.28179582953453064	-0.12282385677099228	0.1998436450958252	-0.2843477427959442	-0.12335821241140366	0.0010077046463266015	-0.01542767696082592	-0.17729993164539337	0.4643224775791168	-0.029075872153043747	0.1559889018535614	0.3316993713378906	0.2584875822067261	-0.0911642387509346	0.45673656463623047	0.12900659441947937	-0.3686988055706024	-0.39246872067451477	0.16516177356243134	0.3980095386505127
Vis_LABEL_2	0.1518087089061737	1.0	-0.15022012591362	0.12473399192094803	-0.21613183617591858	-0.31384220719337463	-0.15052463114261627	n/a	-0.059041328728199005	-0.09784166514873505	-0.3547118604183197	0.03193236142396927	-0.262248158454895	-0.06893090903759003	0.07414530962705612	0.08607416599988937	-0.06593409925699234	-0.28239279985427856	-0.19101600348949432	-0.04350917041301727	-0.0047110929153859615	-0.19529388844966888	0.032004453241825104	-0.08065777271986008	0.20301304757595062	-0.06285353749990463	0.08866515010595322	0.07435965538024902	0.95174640417099	-0.6321703791618347	0.11955812573432922	0.05961594358086586	-0.34248992800712585	-0.060694370418787	n/a	-0.018886452540755272	-0.34765034914016724	0.1013587936758995	-0.2660638093948364	-0.05468253046274185	-0.03249490261077881	-0.08038824796676636	-0.0973605066537857	-0.07183931022882462	-0.17842625081539154	-0.4269968569278717	-0.07014742493629456	-0.2500878870487213	0.1014857068657875	-0.1730842888355255	-0.6463109254837036	-0.23921795189380646	-0.2646316885948181	-0.09731080383062363	-0.21080687642097473	-0.3167906701564789	-0.02251536212861538	-0.35490238666534424	-0.48171156644821167	0.15522144734859467	0.23851440846920013	-0.2161196768283844	-0.20472988486289978	-0.3711680471897125	-0.40087127685546875	0.195504829287529	0.15620318055152893	-0.1031520664691925	-0.003428943455219269	-0.1025225892663002	-0.01940925233066082	-0.11138391494750977	-0.14691273868083954	0.08905153721570969	-0.09351605921983719	-0.04085397347807884	-0.2798736095428467	-0.1565210223197937	0.30452337861061096	0.37618041038513184
FP_LABEL_3	0.013270266354084015	-0.15022012591362	1.0	-0.21741899847984314	-0.2243526726961136	-0.108187235891819	0.22737272083759308	n/a	-0.0468238890171051	-0.26443585753440857	0.13884691894054413	-0.23578989505767822	-0.14469239115715027	-0.3420027494430542	0.51987224817276	0.3104611039161682	-0.06005359813570976	0.4428098201751709	-0.2519596815109253	-0.22769305109977722	-0.24822364747524261	0.6840846538543701	-0.048839714378118515	0.26276934146881104	-0.09899461269378662	0.1335543543100357	0.13118448853492737	0.5506294965744019	-0.19609376788139343	0.5606446266174316	-0.40019527077674866	-0.42605671286582947	-0.09300123155117035	0.1815001517534256	n/a	-0.42011910676956177	-0.30617755651474	-0.1895069032907486	-0.2034577876329422	-0.27429917454719543	0.2569356858730316	-0.3069891035556793	-0.3878937363624573	-0.22949154675006866	-0.3752085566520691	0.20645233988761902	-0.13603122532367706	0.11047100275754929	-0.06491991877555847	-0.13984233140945435	0.1349293291568756	0.0780482366681099	0.11973806470632553	0.07388027012348175	-0.23349687457084656	-0.25909411907196045	-0.28939563035964966	-0.16935229301452637	-0.20371372997760773	-0.15786948800086975	0.02196383662521839	0.15948110818862915	-0.02561814896762371	0.1478864848613739	0.37487322092056274	0.1619921773672104	0.034246284514665604	0.04931507632136345	0.28581729531288147	-0.2529282867908478	0.3450925350189209	0.3410986065864563	0.18093498051166534	-0.06413780897855759	0.21725472807884216	0.10470061004161835	0.09996426105499268	-0.09383734315633774	0.0313502661883831	0.13764069974422455
Aud_LABEL_4	0.09773430973291397	0.12473399192094803	-0.21741899847984314	1.0	0.11774967610836029	0.16589079797267914	0.0964503064751625	n/a	-0.1461823731660843	0.2224203646183014	0.15338072180747986	0.11991993337869644	-0.10449919104576111	0.19150662422180176	-0.3510880470275879	0.14807216823101044	0.010821144096553326	0.05181168392300606	-0.16042675077915192	0.28331542015075684	0.2716037631034851	-0.011899215169250965	-0.25935715436935425	-0.0028588564600795507	-0.16177208721637726	0.15790604054927826	0.2489219754934311	0.050674792379140854	0.03382232412695885	-0.36690568923950195	0.8815147876739502	0.2563001811504364	-0.03318580612540245	0.14740265905857086	n/a	0.05947274714708328	0.07817358523607254	0.16239477694034576	0.003416595980525017	0.1676759570837021	-0.33771732449531555	0.08601535111665726	-0.15388281643390656	0.16550622880458832	0.14593376219272614	0.11467216163873672	-0.17201393842697144	-0.09638743847608566	-0.2274632751941681	-0.0010682138381525874	-0.22347937524318695	0.17859815061092377	0.010130216367542744	0.05324596166610718	-0.011058743111789227	-0.028745152056217194	-0.11476520448923111	0.2273174226284027	0.057319048792123795	-0.10824434459209442	0.28216683864593506	-0.21258720755577087	-0.21240906417369843	-0.2648472785949707	-0.21656763553619385	0.04020259156823158	0.22257862985134125	-0.1583053469657898	0.13145595788955688	0.21385814249515533	-0.12676921486854553	0.047090984880924225	0.12514331936836243	0.3307408392429352	0.38417935371398926	-0.012137489393353462	0.05310706049203873	0.1986885666847229	0.06584963202476501	0.05525180697441101
Tpole_LABEL_5	0.26820799708366394	-0.21613183617591858	-0.2243526726961136	0.11774967610836029	1.0	0.2501078248023987	0.2771793305873871	n/a	0.3731936812400818	-0.21946236491203308	0.2127794623374939	-0.37247756123542786	-0.02046194113790989	0.04128650203347206	-0.5214695930480957	0.23801495134830475	-0.4729958474636078	0.3669462502002716	0.24370528757572174	-0.023730600252747536	-0.3280182182788849	0.006870016921311617	-0.3883867561817169	-0.08862882107496262	-0.18957383930683136	0.42612412571907043	0.36474835872650146	0.01931033656001091	-0.2604290246963501	-0.0843290239572525	0.10907816141843796	0.7242464423179626	0.28859230875968933	0.3545161783695221	n/a	-0.2592070996761322	0.34286198019981384	-0.4678645431995392	-0.12608255445957184	-0.0029642588924616575	-0.4268358051776886	-0.28702688217163086	0.3075888752937317	-0.08727828413248062	-0.10223083943128586	0.17928346991539001	-0.2419653683900833	0.12062224000692368	-0.12106208503246307	0.26513805985450745	0.23328499495983124	0.12141455709934235	0.3494323492050171	0.18379278481006622	0.21837705373764038	0.6407709121704102	0.23989154398441315	0.2349052131175995	0.23928327858448029	-0.232766792178154	-0.2245425581932068	-0.1615077406167984	0.16866594552993774	-0.04526423662900925	0.06353577226400375	-0.12979669868946075	-0.03639820218086243	-0.16510306298732758	0.3872303068637848	-0.022879583761096	0.16097129881381989	-0.03947483003139496	0.22069790959358215	-0.11392156034708023	0.07856757938861847	0.27862071990966797	-0.12576988339424133	-0.27684485912323	-0.1892196387052536	0.14027263224124908
PMN_LABEL_6	-0.05424789711833	-0.31384220719337463	-0.108187235891819	0.16589079797267914	0.2501078248023987	1.0	0.4632622301578522	n/a	0.3289518356323242	0.21626780927181244	0.4528660774230957	-0.03143981844186783	-0.2070038616657257	0.08874604105949402	-0.02629924565553665	-0.13366273045539856	-0.07646916806697845	-0.08496429771184921	-0.17474831640720367	0.15070180594921112	0.023668944835662842	0.012666369788348675	-0.1972293108701706	0.5629652738571167	0.10383600741624832	0.021842842921614647	0.04142581298947334	-0.2942129671573639	-0.23927611112594604	0.07550965994596481	0.222991481423378	0.053915154188871384	0.6077946424484253	0.3850085437297821	n/a	0.1953120231628418	0.4981507360935211	0.0249294675886631	-0.06346897035837173	0.1268448829650879	-0.03681100904941559	-0.012077536433935165	-0.07727610319852829	0.1242317482829094	0.2956847846508026	0.22626574337482452	-0.09808747470378876	0.4956498444080353	-0.026408333331346512	-0.130323126912117	0.21148325502872467	0.16622428596019745	-0.044734612107276917	0.3890560567378998	0.026277169585227966	0.06116819754242897	0.01579800248146057	0.42654308676719666	0.38875827193260193	0.15733829140663147	0.25555214285850525	0.25281691551208496	-0.013407065533101559	0.3744211196899414	0.2498926818370819	-0.10635285824537277	0.05887993052601814	-0.1169794425368309	0.2819398045539856	0.23933260142803192	0.15840230882167816	0.08451308310031891	0.16869226098060608	0.1866420954465866	0.1446911245584488	-0.0057952022179961205	0.2228543758392334	0.32721611857414246	-0.35236191749572754	-0.2335955798625946
PON_LABEL_7	0.09190560132265091	-0.15052463114261627	0.22737272083759308	0.0964503064751625	0.2771793305873871	0.4632622301578522	1.0	n/a	0.6419909000396729	-0.09720176458358765	0.4963516592979431	-0.21400538086891174	-0.20320919156074524	-0.3569084107875824	0.04219453036785126	-0.018801739439368248	-0.22878341376781464	-0.0066755167208611965	-0.1466982513666153	0.0346599705517292	-0.27437156438827515	0.36691150069236755	-0.4470600187778473	0.625483512878418	-0.11328232288360596	0.28107401728630066	0.21188849210739136	-0.0002625560446176678	-0.1709822714328766	0.23258531093597412	0.031017553061246872	0.005834217648953199	0.6344488263130188	0.9346439838409424	n/a	-0.13409239053726196	0.4019281268119812	-0.08251988142728806	-0.1308237612247467	-0.29654547572135925	-0.03317461907863617	-0.35992714762687683	-0.44841042160987854	0.22530481219291687	-0.04761170223355293	0.4694308042526245	-0.3237341642379761	0.5931270718574524	-0.031258419156074524	-0.35571327805519104	0.1391943097114563	0.3990233838558197	-0.18028143048286438	0.3469587564468384	-0.06221522018313408	0.16630743443965912	0.18538782000541687	0.30560731887817383	0.326498806476593	-0.16738295555114746	0.12205033749341965	0.18482381105422974	-0.31335723400115967	0.253434956073761	0.12972228229045868	0.04872085526585579	0.14762942492961884	-0.11331087350845337	0.5935332775115967	0.11350345611572266	0.22930403053760529	0.2496655285358429	0.4124247431755066	0.11009151488542557	0.5167193412780762	0.20105497539043427	0.2933531701564789	0.1075374186038971	0.17852191627025604	0.35724592208862305
MTL_LABEL_8	n/a	n/a	n/a	n/a	n/a	n/a	n/a	1.0	n/a	n/a	n/a	n/a	n/a	n/a	n/a	n/a	n/a	n/a	n/a	n/a	n/a	n/a	n/a	n/a	n/a	n/a	n/a	n/a	n/a	n/a	n/a	n/a	n/a	n/a	n/a	n/a	n/a	n/a	n/a	n/a	n/a	n/a	n/a	n/a	n/a	n/a	n/a	n/a	n/a	n/a	n/a	n/a	n/a	n/a	n/a	n/a	n/a	n/a	n/a	n/a	n/a	n/a	n/a	n/a	n/a	n/a	n/a	n/a	n/a	n/a	n/a	n/a	n/a	n/a	n/a	n/a	n/a	n/a	n/a	n/a
PON_LABEL_9	-0.0817183181643486	-0.059041328728199005	-0.0468238890171051	-0.1461823731660843	0.3731936812400818	0.3289518356323242	0.6419909000396729	n/a	1.0	-0.09741666913032532	0.013529269024729729	-0.3195981979370117	-0.42588427662849426	-0.14442449808120728	0.05222177132964134	-0.11221099644899368	-0.3159145414829254	-0.016741715371608734	0.04741590842604637	-0.11248921602964401	-0.28174057602882385	0.07191241532564163	-0.26539358496665955	0.2990975081920624	0.281360924243927	0.11680817604064941	0.0346926786005497	-0.13467013835906982	-0.07926547527313232	0.19379745423793793	-0.04462798684835434	0.21800567209720612	0.530517041683197	0.6074262261390686	n/a	0.0005886583821848035	0.21825732290744781	-0.16073626279830933	-0.39342010021209717	-0.09834806621074677	-0.0035331931430846453	-0.22391116619110107	0.03302810713648796	0.14892548322677612	-0.02268955670297146	0.31589004397392273	-0.15470029413700104	0.35751697421073914	0.27976515889167786	-0.10212602466344833	0.1604124754667282	0.1323433518409729	-0.03987607732415199	0.4523701071739197	-0.013944126665592194	0.16048988699913025	0.2672140896320343	0.3012482821941376	0.25331661105155945	-0.093134306371212	-0.11710010468959808	0.036246612668037415	0.08623912185430527	0.28676292300224304	0.2259444147348404	-0.17860735952854156	0.13767708837985992	-0.25806888937950134	0.30486106872558594	0.05956752970814705	0.2949380576610565	0.02475595660507679	0.027957133948802948	0.08843506127595901	0.026347767561674118	0.13601261377334595	0.14596322178840637	-0.011534237302839756	0.06399719417095184	0.24681982398033142
CO_LABEL_10	-0.6801466941833496	-0.09784166514873505	-0.26443585753440857	0.2224203646183014	-0.21946236491203308	0.21626780927181244	-0.09720176458358765	n/a	-0.09741666913032532	1.0	0.2570509910583496	0.802431583404541	0.16450810432434082	0.4577353000640869	0.16497503221035004	-0.6659241914749146	0.6539816856384277	-0.5879270434379578	0.07290492951869965	0.5112221240997314	0.8840199112892151	-0.07628981024026871	0.2921815812587738	0.2345474511384964	0.16090019047260284	-0.6160557270050049	-0.6610044836997986	-0.6993721723556519	0.03415113314986229	-0.20440705120563507	0.38307735323905945	-0.2309466451406479	-0.0029886115808039904	-0.19969245791435242	n/a	0.819134533405304	0.26429468393325806	0.7786534428596497	0.2733003497123718	0.4597160816192627	0.3190964162349701	0.6740862131118774	-0.13943712413311005	0.5203530192375183	0.8519443869590759	0.026275528594851494	0.5019415616989136	-0.16675305366516113	0.24787989258766174	-0.5430847406387329	-0.28436243534088135	-0.23486556112766266	-0.4960697889328003	0.005804862827062607	-0.5111761689186096	-0.10517344623804092	-0.17017756402492523	-0.039206139743328094	0.011501817032694817	0.41264113783836365	0.443115770816803	-0.0100433100014925	-0.36810317635536194	0.21754281222820282	-0.17886777222156525	0.14520783722400665	0.17692969739437103	0.24162797629833221	-0.3744789958000183	0.12535646557807922	-0.25844138860702515	-0.2793944776058197	-0.08787903189659119	0.34730902314186096	-0.15822631120681763	-0.015015597455203533	0.45739901065826416	0.6318296194076538	-0.13555917143821716	-0.4828547239303589
Sal_LABEL_11	0.04832340031862259	-0.3547118604183197	0.13884691894054413	0.15338072180747986	0.2127794623374939	0.4528660774230957	0.4963516592979431	n/a	0.013529269024729729	0.2570509910583496	1.0	0.1473575085401535	0.08445446938276291	-0.1498342603445053	-0.06515916436910629	-0.10549101233482361	0.10320120304822922	-0.05067318305373192	-0.19172793626785278	0.19662411510944366	0.15227290987968445	0.3391144275665283	-0.2737799286842346	0.5271627902984619	-0.40530210733413696	0.2096693366765976	0.07139327377080917	-0.2612943947315216	-0.3012046217918396	0.06248154491186142	-0.0019272008212283254	-0.05419916287064552	0.473097562789917	0.4984462857246399	n/a	0.12383438646793365	0.753792405128479	0.2169693410396576	0.18269771337509155	-0.15045568346977234	0.013121218420565128	-0.024381617084145546	-0.5502113699913025	0.31506985425949097	0.3937828540802002	0.4163765013217926	-0.0337969996035099	0.3922032117843628	-0.284161776304245	-0.4061239957809448	0.2372692972421646	0.4443601369857788	-0.20231886208057404	-0.03240840882062912	-0.001632243162021041	0.12558086216449738	-0.13735933601856232	0.13611626625061035	0.29719167947769165	0.11996083706617355	0.3194274604320526	0.41382643580436707	-0.3946811258792877	0.36482807993888855	0.067665234208107	0.42841121554374695	0.2968156635761261	0.22385326027870178	0.30707067251205444	0.19257543981075287	0.10249069333076477	0.2954780161380768	0.6172250509262085	0.24563166499137878	0.43999233841896057	0.2167857587337494	0.46452081203460693	0.2944718301296234	0.04021424800157547	0.07421256601810455
CO_LABEL_12	-0.5411309003829956	0.03193236142396927	-0.23578989505767822	0.11991993337869644	-0.37247756123542786	-0.03143981844186783	-0.21400538086891174	n/a	-0.3195981979370117	0.802431583404541	0.1473575085401535	1.0	0.3716256320476532	0.3359754681587219	0.24824121594429016	-0.6180798411369324	0.7330798506736755	-0.6722514033317566	0.004175025969743729	0.5097839832305908	0.8007557988166809	-0.05376027897000313	0.4714752435684204	0.07062263786792755	-0.005291395355015993	-0.6204521656036377	-0.625084638595581	-0.5905393958091736	0.15284456312656403	-0.2999245226383209	0.23489408195018768	-0.3456641137599945	-0.25175154209136963	-0.3102701008319855	n/a	0.753412663936615	0.0917174220085144	0.8085889220237732	0.48256444931030273	0.3401070237159729	0.4111049771308899	0.6297931671142578	-0.23277024924755096	0.509067714214325	0.6808261275291443	-0.10875899344682693	0.5787602066993713	-0.30946221947669983	0.09031934291124344	-0.5567017793655396	-0.3760206699371338	-0.30103257298469543	-0.6053677201271057	-0.05224375054240227	-0.5023634433746338	-0.11469689011573792	-0.22954881191253662	-0.3217732012271881	-0.22902911901474	0.4728221893310547	0.4541793465614319	-0.05353396013379097	-0.4526909589767456	0.04598819836974144	-0.31050777435302734	0.2637578845024109	0.035690173506736755	0.37602362036705017	-0.46154752373695374	0.12202678620815277	-0.42256587743759155	-0.2535414397716522	-0.20176060497760773	0.12524686753749847	-0.11514540016651154	-0.1463118940591812	0.3619125783443451	0.4919825792312622	-0.029689118266105652	-0.4817196726799011
SMd_LABEL_13	-0.08847123384475708	-0.262248158454895	-0.14469239115715027	-0.10449919104576111	-0.02046194113790989	-0.2070038616657257	-0.20320919156074524	n/a	-0.42588427662849426	0.16450810432434082	0.08445446938276291	0.3716256320476532	1.0	0.11575169116258621	-0.10737083107233047	-0.12296133488416672	0.21824459731578827	-0.02681565098464489	0.2722870409488678	0.18417753279209137	0.19717857241630554	-0.0688973218202591	0.3651972711086273	-0.3150521516799927	-0.21967539191246033	-0.15947102010250092	-0.14669224619865417	-0.17601174116134644	-0.17253677546977997	-0.1324486881494522	0.030521923676133156	-0.11045748740434647	-0.36203426122665405	-0.3099116384983063	n/a	0.016957962885499	-0.02885766513645649	-0.043874118477106094	0.8519658446311951	0.06465021520853043	-0.10562504827976227	-0.04536232724785805	0.07294367998838425	0.06960593163967133	-0.020666200667619705	-0.26701289415359497	0.30182355642318726	-0.3631226420402527	-0.08363360166549683	0.01556436438113451	0.0029487614519894123	-0.15363898873329163	0.059032950550317764	-0.2655423879623413	0.014175502583384514	0.19784116744995117	0.06251446902751923	-0.16053108870983124	-0.15302681922912598	0.08053387701511383	-0.06856856495141983	-0.27192869782447815	-0.2364627867937088	-0.37194013595581055	-0.5466591715812683	0.03704085573554039	-0.47472265362739563	0.46913960576057434	-0.22916559875011444	-0.07758180052042007	-0.5706507563591003	-0.32360830903053284	0.11141594499349594	-0.5163060426712036	-0.02457868866622448	0.010187510401010513	-0.05187252163887024	-0.04380631819367409	-0.08150788396596909	-0.23360799252986908
SMl_LABEL_14	-0.3259165287017822	-0.06893090903759003	-0.3420027494430542	0.19150662422180176	0.04128650203347206	0.08874604105949402	-0.3569084107875824	n/a	-0.14442449808120728	0.4577353000640869	-0.1498342603445053	0.3359754681587219	0.11575169116258621	1.0	-0.14017169177532196	-0.26485008001327515	0.10665073990821838	-0.14145173132419586	0.0020714912097901106	0.15206408500671387	0.3731188178062439	-0.34140637516975403	0.09016826748847961	-0.10029226541519165	0.2125503569841385	-0.24872778356075287	-0.305840402841568	-0.2759998142719269	-0.023182332515716553	-0.18786105513572693	0.38891538977622986	0.10328428447246552	-0.055629465728998184	-0.37349751591682434	n/a	0.357715368270874	-0.02119416370987892	0.20411424338817596	-0.02036859467625618	0.9753498435020447	0.0002681348705664277	0.2618984282016754	0.2854454219341278	0.0533922053873539	0.364226758480072	-0.29739686846733093	0.21651174128055573	-0.18065953254699707	0.04763317108154297	0.049892015755176544	-0.12236384302377701	-0.07802654802799225	0.10781921446323395	-0.13115592300891876	-0.14391015470027924	-0.08935978263616562	-0.14840807020664215	-0.01022731140255928	0.04604951664805412	-0.026058312505483627	0.0278769638389349	-0.0032253642566502094	0.09213297814130783	0.04234810173511505	-0.04369605705142021	-0.21605810523033142	0.09852821379899979	-0.1949310153722763	-0.37339669466018677	-0.1993752121925354	-0.09393260627985	-0.19940613210201263	-0.18874022364616394	0.28841689229011536	-0.33774256706237793	-0.005414971616119146	0.014963607303798199	0.26288339495658875	-0.303108811378479	-0.5644760727882385
DAN_LABEL_15	-0.5285213589668274	0.07414530962705612	0.51987224817276	-0.3510880470275879	-0.5214695930480957	-0.02629924565553665	0.04219453036785126	n/a	0.05222177132964134	0.16497503221035004	-0.06515916436910629	0.24824121594429016	-0.10737083107233047	-0.14017169177532196	1.0	-0.3245178461074829	0.44421476125717163	-0.24844618141651154	-0.29330796003341675	0.06348839402198792	0.24921086430549622	0.43525439500808716	0.48695486783981323	0.3284479081630707	0.40659964084625244	-0.4647179841995239	-0.40838193893432617	-0.074327252805233	0.13481435179710388	0.3895236849784851	-0.30565741658210754	-0.6441918611526489	-0.072873055934906	-0.0981115847826004	n/a	0.08321008831262589	-0.33974766731262207	0.2721272110939026	-0.06138421595096588	-0.028596047312021255	0.7834884524345398	0.1622282713651657	-0.45854663848876953	0.18448106944561005	0.0797148048877716	0.06237277388572693	0.37662631273269653	-0.12156368792057037	0.41917529702186584	-0.5607683658599854	-0.12195073813199997	-0.21634075045585632	-0.4217420220375061	0.08730247616767883	-0.5725170373916626	-0.5399836897850037	-0.2511594295501709	-0.33531010150909424	-0.403861403465271	0.4035774767398834	0.3135586678981781	0.1885078102350235	-0.1514228731393814	0.2688893675804138	0.2625119686126709	0.24915175139904022	0.13780206441879272	0.1806558072566986	-0.11907952278852463	-0.08503613620996475	0.163503035902977	0.07330625504255295	-0.16351532936096191	0.056033905595541	-0.12823045253753662	-0.1973145306110382	0.3562447130680084	0.24566642940044403	-0.04491843655705452	-0.07413997501134872
DMN_LABEL_16	0.8240211606025696	0.08607416599988937	0.3104611039161682	0.14807216823101044	0.23801495134830475	-0.13366273045539856	-0.018801739439368248	n/a	-0.11221099644899368	-0.6659241914749146	-0.10549101233482361	-0.6180798411369324	-0.12296133488416672	-0.26485008001327515	-0.3245178461074829	1.0	-0.5953248143196106	0.8229646682739258	-0.09167029708623886	-0.49462977051734924	-0.5984379053115845	0.07935986667871475	-0.44155779480934143	-0.2995202839374542	-0.2844439446926117	0.8144168257713318	0.8665644526481628	0.8274112343788147	-0.04320945963263512	-0.07961660623550415	-0.024662066251039505	0.2607775628566742	-0.13672299683094025	0.07651190459728241	n/a	-0.7646436095237732	-0.25561001896858215	-0.6192203760147095	-0.1562364548444748	-0.31090474128723145	-0.532294511795044	-0.6033911108970642	0.13637608289718628	-0.6761048436164856	-0.7461812496185303	-0.20869411528110504	-0.599463164806366	0.03514029458165169	-0.42500603199005127	0.5931900143623352	0.10166411101818085	0.3062557876110077	0.6349586844444275	-0.10098586231470108	0.5200585126876831	0.03472952917218208	0.07855306565761566	-0.006536982487887144	-0.10645223408937454	-0.2672225534915924	-0.28493544459342957	-0.2938346862792969	0.31537795066833496	-0.3822280764579773	0.015073111280798912	-0.07757972925901413	-0.029821328818798065	-0.22714078426361084	0.4696729779243469	-0.10241038352251053	0.25496378540992737	0.30418071150779724	0.2044709324836731	-0.13179273903369904	0.4125259220600128	0.06710381805896759	-0.35446467995643616	-0.37786436080932617	0.08148057758808136	0.38689687848091125
CO_LABEL_17	-0.6128003001213074	-0.06593409925699234	-0.06005359813570976	0.010821144096553326	-0.4729958474636078	-0.07646916806697845	-0.22878341376781464	n/a	-0.3159145414829254	0.6539816856384277	0.10320120304822922	0.7330798506736755	0.21824459731578827	0.10665073990821838	0.44421476125717163	-0.5953248143196106	1.0	-0.6203418374061584	0.20138640701770782	0.6043415069580078	0.779414713382721	0.07348775118589401	0.6646485328674316	0.05775640904903412	0.15955249965190887	-0.6431595087051392	-0.6783626079559326	-0.49647748470306396	0.057581834495067596	-0.031236732378602028	0.026524001732468605	-0.470077782869339	-0.2592999339103699	-0.3978656232357025	n/a	0.5381487011909485	0.020329274237155914	0.6835639476776123	0.3645849823951721	0.11075830459594727	0.687428891658783	0.7936950922012329	-0.34068524837493896	0.5710038542747498	0.6375143527984619	0.031947970390319824	0.7366978526115417	-0.3321656286716461	0.46407586336135864	-0.5924574732780457	-0.3831869661808014	-0.3690777122974396	-0.615487277507782	-0.22126957774162292	-0.49971258640289307	-0.21956053376197815	-0.2438410520553589	-0.4270970821380615	-0.294341504573822	0.5917138457298279	0.6056278347969055	0.0024574778508394957	-0.40864288806915283	0.018560608848929405	-0.10783660411834717	0.3909735083580017	0.12337502837181091	0.46441707015037537	-0.4138853847980499	0.34791627526283264	-0.37505245208740234	-0.1781139075756073	-0.09106715768575668	0.18390913307666779	-0.16014575958251953	-0.4018126130104065	0.33934569358825684	0.3306145966053009	0.10136355459690094	-0.3746410012245178
DMN_LABEL_18	0.5505065321922302	-0.28239279985427856	0.4428098201751709	0.05181168392300606	0.3669462502002716	-0.08496429771184921	-0.0066755167208611965	n/a	-0.016741715371608734	-0.5879270434379578	-0.05067318305373192	-0.6722514033317566	-0.02681565098464489	-0.14145173132419586	-0.24844618141651154	0.8229646682739258	-0.6203418374061584	1.0	-0.05229266360402107	-0.4951667785644531	-0.5630225539207458	0.20404458045959473	-0.3906104564666748	-0.30065277218818665	-0.2581883668899536	0.6819943189620972	0.6810743808746338	0.7260424494743347	-0.39661872386932373	0.28251489996910095	-0.10278935730457306	0.2938203811645508	-0.03876621276140213	0.0641503557562828	n/a	-0.7482255697250366	-0.20443397760391235	-0.7245872616767883	-0.1560225933790207	-0.1751408725976944	-0.49690619111061096	-0.5863924026489258	0.23954063653945923	-0.6363916397094727	-0.6552943587303162	0.0026859701611101627	-0.5024634599685669	0.016966598108410835	-0.35140570998191833	0.6521680951118469	0.4105328917503357	0.29202017188072205	0.7872589230537415	0.014386172406375408	0.46168744564056396	0.14756913483142853	0.051210418343544006	0.19167812168598175	0.07876688241958618	-0.413872092962265	-0.45622187852859497	-0.18842610716819763	0.5027601718902588	-0.16756927967071533	0.21217964589595795	-0.1860753893852234	-0.06585517525672913	-0.20845927298069	0.38626930117607117	-0.24545063078403473	0.32390621304512024	0.3358079493045807	0.23165512084960938	-0.18059252202510834	0.28653374314308167	0.23213739693164825	-0.306884765625	-0.3600383698940277	-0.11915796995162964	0.2024291306734085
VAN_LABEL_19	-0.09943357110023499	-0.19101600348949432	-0.2519596815109253	-0.16042675077915192	0.24370528757572174	-0.17474831640720367	-0.1466982513666153	n/a	0.04741590842604637	0.07290492951869965	-0.19172793626785278	0.004175025969743729	0.2722870409488678	0.0020714912097901106	-0.29330796003341675	-0.09167029708623886	0.20138640701770782	-0.05229266360402107	1.0	0.18725739419460297	-0.0185681339353323	-0.31681326031684875	0.11259100586175919	-0.2704067826271057	0.002933688461780548	-0.11688248813152313	-0.20505349338054657	-0.10101417452096939	-0.10745301097631454	-0.04013391584157944	-0.07243519276380539	0.2539815902709961	-0.13559496402740479	-0.2151900827884674	n/a	0.06284283101558685	0.0790242850780487	-0.0851430743932724	0.07486116141080856	-0.07306495308876038	-0.024779075756669044	0.29263022541999817	0.4443313181400299	0.16050148010253906	0.04865278676152229	-0.15115346014499664	0.23437952995300293	-0.11465511471033096	0.34696945548057556	0.12571941316127777	-0.18068541586399078	-0.2806445360183716	0.12596915662288666	-0.3403935134410858	0.08134826272726059	0.5421214699745178	0.1782258301973343	-0.15317471325397491	-0.10434146225452423	-0.05889477580785751	0.004931409377604723	-0.2942708432674408	-0.09557837247848511	-0.291701078414917	-0.18827266991138458	-0.1474822461605072	-0.20145726203918457	0.25090721249580383	-0.20220723748207092	0.1616116464138031	-0.36707907915115356	-0.45663130283355713	0.061520978808403015	-0.14024709165096283	-0.16296474635601044	-0.29550135135650635	-0.19453442096710205	-0.271972119808197	0.1604805588722229	-0.05472579970955849
CO_LABEL_20	-0.4373514652252197	-0.04350917041301727	-0.22769305109977722	0.28331542015075684	-0.023730600252747536	0.15070180594921112	0.0346599705517292	n/a	-0.11248921602964401	0.5112221240997314	0.19662411510944366	0.5097839832305908	0.18417753279209137	0.15206408500671387	0.06348839402198792	-0.49462977051734924	0.6043415069580078	-0.4951667785644531	0.18725739419460297	1.0	0.5042163729667664	0.1337084025144577	0.39304089546203613	0.09001278132200241	0.1499166637659073	-0.4934254288673401	-0.5054447054862976	-0.42212653160095215	0.08993270993232727	-0.20531342923641205	0.24641425907611847	-0.11186421662569046	-0.11401161551475525	-0.015729568898677826	n/a	0.5159056186676025	0.17902493476867676	0.4567355513572693	0.3270716071128845	0.17975692451000214	0.3123057782649994	0.4707336127758026	-0.16059724986553192	0.6682875752449036	0.5460749268531799	0.2568976581096649	0.47144511342048645	-0.17181363701820374	0.3157314956188202	-0.34437015652656555	-0.3059536814689636	-0.3204168975353241	-0.40101590752601624	-0.014459227211773396	-0.3806166350841522	0.07051347196102142	-0.3037617802619934	-0.21351855993270874	-0.2083251029253006	0.21516481041908264	0.467821329832077	-0.005894241388887167	-0.44666266441345215	-0.13046975433826447	-0.13310949504375458	0.22702735662460327	-0.010917283594608307	0.3412454426288605	-0.23824763298034668	0.5439730286598206	-0.43238869309425354	-0.265149861574173	0.09428618103265762	-0.00585914496332407	0.040546488016843796	-0.2627127468585968	0.1388482302427292	-0.011753273196518421	0.05527301877737045	-0.1692323237657547
CO_LABEL_21	-0.6419512629508972	-0.0047110929153859615	-0.24822364747524261	0.2716037631034851	-0.3280182182788849	0.023668944835662842	-0.27437156438827515	n/a	-0.28174057602882385	0.8840199112892151	0.15227290987968445	0.8007557988166809	0.19717857241630554	0.3731188178062439	0.24921086430549622	-0.5984379053115845	0.779414713382721	-0.5630225539207458	-0.0185681339353323	0.5042163729667664	1.0	-0.0010852263076230884	0.4208100438117981	0.02505842223763466	0.1171308383345604	-0.6089655756950378	-0.6425151824951172	-0.6070509552955627	0.08205818384885788	-0.23520527780056	0.36791735887527466	-0.302694171667099	-0.16342251002788544	-0.39582428336143494	n/a	0.6776208877563477	0.08059846609830856	0.7270819544792175	0.33648425340652466	0.3573136031627655	0.3665025234222412	0.7475669384002686	-0.19526085257530212	0.44976308941841125	0.7946261763572693	0.01175876334309578	0.5167675614356995	-0.41608381271362305	0.22135941684246063	-0.5080580115318298	-0.3119438886642456	-0.324451208114624	-0.5616545081138611	-0.022454610094428062	-0.5544059872627258	-0.27161073684692383	-0.13617029786109924	-0.13445697724819183	-0.08833693712949753	0.47716131806373596	0.42629238963127136	-0.08308617025613785	-0.3090619742870331	0.11185148358345032	-0.1922183632850647	0.20531603693962097	0.19065271317958832	0.22771108150482178	-0.45957833528518677	0.11871422827243805	-0.25805187225341797	-0.1526755392551422	-0.199943408370018	0.2953665554523468	-0.1457478106021881	-0.04460446164011955	0.42403560876846313	0.605925977230072	-0.09674343466758728	-0.4730694890022278
Sal_LABEL_22	-0.13167084753513336	-0.19529388844966888	0.6840846538543701	-0.011899215169250965	0.006870016921311617	0.012666369788348675	0.36691150069236755	n/a	0.07191241532564163	-0.07628981024026871	0.3391144275665283	-0.05376027897000313	-0.0688973218202591	-0.34140637516975403	0.43525439500808716	0.07935986667871475	0.07348775118589401	0.20404458045959473	-0.31681326031684875	0.1337084025144577	-0.0010852263076230884	1.0	-0.0347793847322464	0.28184375166893005	-0.08742140978574753	0.011989724822342396	-0.02478937804698944	0.34029701352119446	-0.22314879298210144	0.37842682003974915	-0.18580186367034912	-0.3166486620903015	0.028218671679496765	0.29615727066993713	n/a	-0.21376961469650269	-0.1538458913564682	-0.02802107483148575	-0.04634111747145653	-0.2665276527404785	0.25066617131233215	-0.2428811490535736	-0.5179786086082458	0.005692593287676573	-0.10332556813955307	0.6197705268859863	-0.10265064239501953	0.043093491345644	-0.05359024181962013	-0.2961760461330414	0.15411882102489471	-0.06291215866804123	-0.16221575438976288	0.18774846196174622	-0.4058132767677307	-0.15374360978603363	-0.23211558163166046	-0.06090741604566574	-0.16873010993003845	-0.07402930408716202	0.09213457256555557	0.10941045731306076	-0.13788974285125732	0.14021535217761993	0.4057459533214569	0.2255556583404541	0.00018825854931492358	0.18495450913906097	0.3190917372703552	-0.0526236928999424	0.351376473903656	0.3395564556121826	0.2500365972518921	-0.0900181233882904	0.26696255803108215	0.16760922968387604	0.2830897867679596	-0.010651260614395142	0.030656248331069946	0.18823190033435822
DAN_LABEL_23	-0.5139161944389343	0.032004453241825104	-0.048839714378118515	-0.25935715436935425	-0.3883867561817169	-0.1972293108701706	-0.4470600187778473	n/a	-0.26539358496665955	0.2921815812587738	-0.2737799286842346	0.4714752435684204	0.3651972711086273	0.09016826748847961	0.48695486783981323	-0.44155779480934143	0.6646485328674316	-0.3906104564666748	0.11259100586175919	0.39304089546203613	0.4208100438117981	-0.0347793847322464	1.0	-0.2314385324716568	0.4283629357814789	-0.6244434118270874	-0.5737780332565308	-0.34766504168510437	0.15599016845226288	-0.05750306695699692	-0.16493622958660126	-0.3417351245880127	-0.5756478905677795	-0.5758861303329468	n/a	0.2915852963924408	-0.3266296684741974	0.23722435534000397	0.43416470289230347	0.10447505861520767	0.5665450096130371	0.4267197549343109	-0.06957494467496872	0.30022963881492615	0.2352113574743271	-0.1871643215417862	0.8696439862251282	-0.5781887173652649	0.6002069115638733	-0.2888961732387543	-0.2742481827735901	-0.5752817392349243	-0.3396840989589691	-0.15884804725646973	-0.3496527075767517	-0.15807373821735382	-0.28362607955932617	-0.5474724173545837	-0.534576952457428	0.5036795735359192	0.3221529722213745	-0.11150994151830673	-0.10972630232572556	-0.19829398393630981	-0.19638048112392426	0.3288477957248688	-0.1975717693567276	0.44428685307502747	-0.5402897596359253	0.28130823373794556	-0.4916616976261139	-0.34529271721839905	-0.2712160646915436	-0.2837158441543579	-0.4896262586116791	-0.4360426664352417	-0.007552633993327618	-0.09300214052200317	-0.02525685355067253	-0.3030952513217926
PMN_LABEL_24	-0.21685469150543213	-0.08065777271986008	0.26276934146881104	-0.0028588564600795507	-0.08862882107496262	0.5629652738571167	0.625483512878418	n/a	0.2990975081920624	0.2345474511384964	0.5271627902984619	0.07062263786792755	-0.3150521516799927	-0.10029226541519165	0.3284479081630707	-0.2995202839374542	0.05775640904903412	-0.30065277218818665	-0.2704067826271057	0.09001278132200241	0.02505842223763466	0.28184375166893005	-0.2314385324716568	1.0	0.14705675840377808	-0.12298206239938736	-0.15423081815242767	-0.2141278088092804	-0.015567773953080177	0.28385305404663086	-0.06094710901379585	-0.228814959526062	0.6298823356628418	0.560517430305481	n/a	0.20690660178661346	0.3574616611003876	0.2958860695362091	-0.2512299418449402	-0.014016284607350826	0.3833067715167999	0.0002963420993182808	-0.5283393263816833	0.296980082988739	0.2706122100353241	0.3398767113685608	-0.048023875802755356	0.741548478603363	0.09242184460163116	-0.5823387503623962	-0.011148111894726753	0.2425885945558548	-0.3596824109554291	0.07684183865785599	-0.37027111649513245	-0.07599887251853943	-0.11497564613819122	0.138722226023674	0.17383551597595215	0.0449456162750721	0.38020265102386475	0.3922659754753113	-0.4158055782318115	0.47500941157341003	0.27048248052597046	0.1546168327331543	0.3487970232963562	0.05755214765667915	0.29774704575538635	0.06693686544895172	0.2757543623447418	0.17394308745861053	0.3091517984867096	0.3849969208240509	0.26273709535598755	0.08355893194675446	0.43718817830085754	0.398031085729599	0.07341068983078003	0.09959925711154938
DAN_LABEL_25	-0.38772934675216675	0.20301304757595062	-0.09899461269378662	-0.16177208721637726	-0.18957383930683136	0.10383600741624832	-0.11328232288360596	n/a	0.281360924243927	0.16090019047260284	-0.40530210733413696	-0.005291395355015993	-0.21967539191246033	0.2125503569841385	0.40659964084625244	-0.2844439446926117	0.15955249965190887	-0.2581883668899536	0.002933688461780548	0.1499166637659073	0.1171308383345604	-0.08742140978574753	0.4283629357814789	0.14705675840377808	1.0	-0.39834725856781006	-0.3654053211212158	-0.1915152221918106	0.29228490591049194	0.018658068031072617	0.007451055105775595	-0.1992373913526535	-0.055613089352846146	-0.19924959540367126	n/a	0.20496781170368195	-0.3031582534313202	0.014056846499443054	-0.19634927809238434	0.257404088973999	0.3743341863155365	0.14755798876285553	0.11712371557950974	0.1276777982711792	0.08967021852731705	0.0018066861666738987	0.30097195506095886	-0.056802183389663696	0.7425023317337036	-0.1646469235420227	-0.2229291945695877	-0.388677179813385	-0.11000209301710129	-0.004885802045464516	-0.327850878238678	-0.22805792093276978	0.011889724060893059	-0.11213599890470505	-0.21071526408195496	0.16822119057178497	0.1187218725681305	-0.14080429077148438	0.026151711121201515	-0.02639118768274784	0.12373460084199905	-0.11394011229276657	0.016969094052910805	-0.073003850877285	-0.22298872470855713	0.04841991141438484	-0.026535823941230774	-0.2997594475746155	-0.28462204337120056	0.01022181287407875	-0.40359917283058167	-0.21267135441303253	-0.0746380090713501	0.04175373911857605	-0.0659775361418724	-0.02479204535484314
