Node	LH_Vis_1	LH_Vis_2	LH_Vis_3	LH_Vis_4	LH_Vis_5	LH_Vis_6	LH_Vis_7	LH_Vis_8	LH_Vis_9	LH_SomMot_1	LH_SomMot_2	LH_SomMot_3	LH_SomMot_4	LH_SomMot_5	LH_SomMot_6	LH_DorsAttn_Post_1	LH_DorsAttn_Post_2	LH_DorsAttn_Post_3	LH_DorsAttn_Post_4	LH_DorsAttn_Post_5	LH_DorsAttn_Post_6	LH_DorsAttn_PrCv_1	LH_DorsAttn_FEF_1	LH_SalVentAttn_ParOper_1	LH_SalVentAttn_FrOperIns_1	LH_SalVentAttn_FrOperIns_2	LH_SalVentAttn_PFCl_1	LH_SalVentAttn_Med_1	LH_SalVentAttn_Med_2	LH_SalVentAttn_Med_3	LH_Limbic_OFC_1	LH_Limbic_TempPole_1	LH_Limbic_TempPole_2	LH_Cont_Par_1	LH_Cont_PFCl_1	LH_Cont_pCun_1	LH_Cont_Cing_1	LH_Default_Temp_1	LH_Default_Temp_2	LH_Default_Par_1	LH_Default_Par_2	LH_Default_PFC_1	LH_Default_PFC_2	LH_Default_PFC_3	LH_Default_PFC_4	LH_Default_PFC_5	LH_Default_PFC_6	LH_Default_PFC_7	LH_Default_pCunPCC_1	LH_Default_pCunPCC_2	RH_Vis_1	RH_Vis_2	RH_Vis_3	RH_Vis_4	RH_Vis_5	RH_Vis_6	RH_Vis_7	RH_Vis_8	RH_SomMot_1	RH_SomMot_2	RH_SomMot_3	RH_SomMot_4	RH_SomMot_5	RH_SomMot_6	RH_SomMot_7	RH_SomMot_8	RH_DorsAttn_Post_1	RH_DorsAttn_Post_2	RH_DorsAttn_Post_3	RH_DorsAttn_Post_4	RH_DorsAttn_Post_5	RH_DorsAttn_PrCv_1	RH_DorsAttn_FEF_1	RH_SalVentAttn_TempOccPar_1	RH_SalVentAttn_TempOccPar_2	RH_SalVentAttn_FrOperIns_1	RH_SalVentAttn_Med_1	RH_SalVentAttn_Med_2	RH_Limbic_OFC_1	RH_Limbic_TempPole_1	RH_Cont_Par_1	RH_Cont_Par_2	RH_Cont_PFCl_1	RH_Cont_PFCl_2	RH_Cont_PFCl_3	RH_Cont_PFCl_4	RH_Cont_Cing_1	RH_Cont_PFCmp_1	RH_Cont_pCun_1	RH_Default_Par_1	RH_Default_Temp_1	RH_Default_Temp_2	RH_Default_Temp_3	RH_Default_PFCv_1	RH_Default_PFCv_2	RH_Default_PFCdPFCm_1	RH_Default_PFCdPFCm_2	RH_Default_PFCdPFCm_3	RH_Default_pCunPCC_1	RH_Default_pCunPCC_2	LH-Pu	LH-Ca	LH-NAC	LH-EXA	LH-GPe	LH-GPi	LH-SNc_PBP_VTA	LH-RN	LH-SNr	LH-VeP	LH-HN	LH-HTH	LH-MN	LH-STH	RH-Pu	RH-Ca	RH-NAC	RH-EXA	RH-GPe	RH-GPi	RH-SNc_PBP_VTA	RH-RN	RH-SNr	RH-VeP	RH-HN	RH-HTH	RH-MN	RH-STH	LH-Pulvinar	LH-Anterior	LH-Medio_Dorsal	LH-Ventral_Latero_Dorsal	LH-Central_Lateral-Lateral_Posterior-Medial_Pulvinar	LH-Ventral_Anterior	LH-Ventral_Latero_Ventral	RH-Pulvinar	RH-Anterior	RH-Medio_Dorsal	RH-Ventral_Latero_Dorsal	RH-Central_Lateral-Lateral_Posterior-Medial_Pulvinar	RH-Ventral_Anterior	RH-Ventral_Latero_Ventral	LH_Hippocampus	LH_Amygdala	RH_Hippocampus	RH_Amygdala	Cerebellar_Region1	Cerebellar_Region2	Cerebellar_Region3	Cerebellar_Region4	Cerebellar_Region5	Cerebellar_Region6	Cerebellar_Region7	Cerebellar_Region8	Cerebellar_Region9	Cerebellar_Region10
LH_Vis_1	1.0	0.02080538123846054	0.28023433685302734	-0.15004748106002808	-0.3052675127983093	0.16667257249355316	0.18209338188171387	0.15624257922172546	0.2723601460456848	0.30196377635002136	-0.16235218942165375	-0.34222665429115295	-0.4449934661388397	-0.46900203824043274	-0.29436102509498596	0.26207420229911804	-0.11353897303342819	0.24651244282722473	-0.14802150428295135	0.36388811469078064	0.10145686566829681	-0.11742353439331055	0.2740524411201477	0.0384291410446167	0.5768144130706787	0.04321150481700897	-0.053549230098724365	-0.040649157017469406	0.22435443103313446	-0.21364429593086243	-0.2222827672958374	0.3790941834449768	-0.17637765407562256	-0.1446729302406311	-0.11207867413759232	0.1783466786146164	0.027750510722398758	0.2104697823524475	-0.24917975068092346	-0.13357535004615784	0.03437872603535652	0.0615733340382576	-0.08447638154029846	-0.3598076105117798	-0.1137983500957489	-0.1844516545534134	-0.07294211536645889	0.06485350430011749	0.41438570618629456	0.080564945936203	0.7697868347167969	0.16864851117134094	0.2881457209587097	-0.4428849220275879	-0.08785335719585419	0.3062765598297119	0.22644558548927307	0.11452391743659973	0.22918841242790222	-0.15024153888225555	0.05425624921917915	-0.3145931661128998	-0.2730427086353302	-0.044838372617959976	0.11992911994457245	-0.016462933272123337	0.2950722873210907	-0.1380554735660553	0.22134622931480408	0.3280654549598694	0.3908858299255371	-0.11543744057416916	0.35692939162254333	0.11135777086019516	0.18442131578922272	0.2684117555618286	0.16549097001552582	0.002505495212972164	0.0703195333480835	0.15925298631191254	-0.10853387415409088	-0.0660785585641861	-0.18450172245502472	0.03162740170955658	0.0037054631393402815	0.04051852598786354	0.14824344217777252	-0.31392019987106323	0.37849292159080505	0.0671273022890091	0.27937525510787964	0.043971236795186996	0.07604431360960007	0.08203045278787613	0.178245410323143	-0.09165789932012558	-0.14908254146575928	0.21716830134391785	0.3986557722091675	0.156534343957901	-0.10537208616733551	-0.1870272159576416	-0.1450122445821762	-0.33912089467048645	-0.11005441844463348	-0.02708299830555916	0.49958717823028564	-0.04185806214809418	0.35860908031463623	-0.061323221772909164	0.3379438519477844	-0.1365092396736145	-0.4220524728298187	-0.5540398359298706	0.05965237691998482	-0.0792991891503334	0.38753557205200195	-0.13848435878753662	0.2512516975402832	-0.2929585576057434	0.3782751262187958	-0.1423545777797699	-0.09135831892490387	0.48077812790870667	0.013427294790744781	0.05986792594194412	-0.1263943314552307	0.06960290670394897	0.17486263811588287	-0.11060131341218948	0.2593306303024292	0.20711104571819305	0.16382792592048645	0.48580217361450195	-0.5149905681610107	0.13858969509601593	0.15415191650390625	0.4584132432937622	0.3321950435638428	0.19924789667129517	-0.0783875435590744	-0.18752866983413696	0.40719014406204224	0.16109870374202728	0.37202396988868713	0.14663052558898926	0.450164794921875	0.12799705564975739	0.3278248906135559	0.4755360186100006	0.1695617139339447	0.025918517261743546	0.04246826469898224	-0.16482016444206238	-0.2470436841249466	0.21322838962078094
LH_Vis_2	0.02080538123846054	1.0	0.8111047744750977	0.2548656463623047	0.5600923895835876	0.7019090056419373	0.40188664197921753	0.33769935369491577	0.6802423000335693	0.0439293310046196	0.09100977331399918	0.037066951394081116	-0.4650619626045227	-0.053672462701797485	-0.06194020062685013	0.008907194249331951	-0.07393070310354233	0.01883980818092823	0.04345760866999626	0.20458391308784485	0.07651246339082718	-0.30978161096572876	0.12541162967681885	0.2291114330291748	0.19398604333400726	0.00436448585242033	0.20554682612419128	-0.0089729567989707	0.40289825201034546	0.0944226011633873	-0.12914349138736725	0.013023159466683865	0.27751466631889343	-0.37490272521972656	-0.5153793692588806	0.4161164462566376	0.19867217540740967	0.3803495764732361	-0.03200723975896835	-0.3021308481693268	0.2401830554008484	0.37056082487106323	-0.09277253597974777	0.11484374105930328	-0.30375340580940247	0.24810762703418732	0.015056068077683449	-0.4308036267757416	0.15524815022945404	0.2945632040500641	0.17556434869766235	0.8457968235015869	0.19353541731834412	0.09075212478637695	0.6920443773269653	0.7493505477905273	0.5466263294219971	0.6862920522689819	-0.08459701389074326	-0.037733517587184906	-0.05697481706738472	-0.46188753843307495	-0.32758164405822754	0.09477902948856354	0.14590108394622803	-0.006811256520450115	0.15220695734024048	-0.14840038120746613	0.15872256457805634	-0.04449973255395889	0.19232535362243652	-0.4241974949836731	0.24319829046726227	-0.36190900206565857	0.15258561074733734	0.13741736114025116	0.38289788365364075	0.3874626159667969	-0.34769248962402344	-0.14026778936386108	-0.23001939058303833	-0.17340660095214844	-0.04500967264175415	-0.44026175141334534	0.15814043581485748	-0.6209269165992737	0.4318755865097046	-0.3444722592830658	0.4448354244232178	0.36285945773124695	-0.353695809841156	0.004250584170222282	-0.2480321079492569	-0.01739523932337761	0.1988627165555954	0.057167984545230865	0.23301981389522552	-0.31834226846694946	0.0647653117775917	0.38100114464759827	-0.30953606963157654	-0.08820339292287827	-0.053023140877485275	-0.25877612829208374	0.07844525575637817	0.22682318091392517	0.09188149124383926	-0.025923246517777443	0.008415971882641315	-0.08312533050775528	0.24199193716049194	0.29637259244918823	-0.022999586537480354	-0.13751769065856934	-0.3426192104816437	-0.006850657518953085	0.10711586475372314	-0.08609277009963989	-0.2923390865325928	-0.02654905803501606	-0.07875990122556686	-0.09015558660030365	-0.2839493751525879	0.07729121297597885	-0.06501521915197372	-0.20889800786972046	0.10109514743089676	0.09148630499839783	0.5539583563804626	0.16906775534152985	0.29756274819374084	-0.09370165318250656	0.15269406139850616	0.05640110746026039	0.17669180035591125	0.4813793897628784	0.04526403546333313	0.19607120752334595	0.2947901487350464	0.3238479197025299	0.11209753900766373	0.0665876492857933	-0.1118992418050766	-0.10404214262962341	-0.3104839622974396	-0.4222436845302582	0.27028602361679077	-0.017645977437496185	0.2224961221218109	-0.1357363909482956	-0.33997073769569397	-0.3437459170818329	0.10669468343257904	-0.25087785720825195	-0.4776860177516937	-0.3832503855228424
LH_Vis_3	0.28023433685302734	0.8111047744750977	1.0	0.10329774767160416	0.45007532835006714	0.8519312739372253	0.31421005725860596	0.3882606625556946	0.8935080170631409	0.12934742867946625	0.03680950403213501	-0.1692277491092682	-0.4550841748714447	-0.20979881286621094	-0.1933966428041458	0.172994464635849	-0.23313075304031372	0.07790828496217728	-0.07360731065273285	0.3417128920555115	0.1566007137298584	-0.23511886596679688	0.17697115242481232	0.25876015424728394	0.4203234612941742	0.1393529325723648	0.3811385929584503	0.1603507697582245	0.4618229568004608	-0.06398645788431168	-0.07484455406665802	0.17931842803955078	0.2944578528404236	-0.3660677373409271	-0.3528430759906769	0.585328996181488	0.3437832295894623	0.4495205283164978	-0.02924427203834057	-0.38954877853393555	0.4143109917640686	0.5017226338386536	0.2645658552646637	-0.007857102900743484	-0.03719014301896095	0.13214050233364105	0.13712739944458008	-0.3218038082122803	0.33812785148620605	0.18081170320510864	0.33387377858161926	0.8679832816123962	0.03270962834358215	-0.11936265230178833	0.637895405292511	0.8746313452720642	0.52147376537323	0.7198832631111145	0.056207574903964996	-0.12542268633842468	-0.08077916502952576	-0.4176180958747864	-0.34513914585113525	-0.11143894493579865	0.02882337011396885	-0.10900818556547165	0.2108919620513916	-0.41310450434684753	0.024823002517223358	-0.11756880581378937	0.21009109914302826	-0.3937090039253235	0.3342703878879547	-0.2816358506679535	0.12940631806850433	0.3189964294433594	0.48437005281448364	0.3736460506916046	-0.2261953204870224	-0.14737778902053833	-0.007222165819257498	-0.24586695432662964	0.02812707982957363	-0.33549439907073975	0.431102454662323	-0.6141055822372437	0.437102735042572	-0.16327062249183655	0.6008002161979675	0.47599953413009644	-0.3276606500148773	-0.16224345564842224	-0.28725239634513855	0.055919304490089417	0.4271712005138397	-0.07024816423654556	0.01405557431280613	-0.23679399490356445	0.2670676112174988	0.21415652334690094	-0.22413551807403564	-0.11203929781913757	-0.013360364362597466	-0.3601340353488922	0.1566973775625229	0.31363338232040405	0.3423215448856354	-0.11696233600378036	0.24711821973323822	-0.07265573740005493	0.3198133111000061	0.08006739616394043	-0.18829688429832458	-0.32395100593566895	-0.3304300308227539	-0.14668145775794983	0.32302549481391907	-0.12211598455905914	-0.1738320142030716	-0.06421618908643723	0.1147291511297226	-0.09840374439954758	-0.1350376307964325	0.31848955154418945	-0.011574451811611652	-0.17714135348796844	0.02838030830025673	0.22197867929935455	0.5576076507568359	0.13068602979183197	0.48307934403419495	0.023833297193050385	0.29942259192466736	0.26976239681243896	0.1572779417037964	0.35496944189071655	0.19080881774425507	0.33590835332870483	0.3108372390270233	0.3690554201602936	0.003774721408262849	0.1891370713710785	-0.012550733983516693	0.010895228013396263	-0.24618589878082275	-0.2700369954109192	0.3815149664878845	0.09729819744825363	0.3671073913574219	0.0976572260260582	-0.22184503078460693	-0.16958831250667572	-0.013980734162032604	-0.3093252182006836	-0.4263218343257904	-0.19179312884807587
LH_Vis_4	-0.15004748106002808	0.2548656463623047	0.10329774767160416	1.0	0.02988625504076481	-0.020984893664717674	0.21793952584266663	0.4551323652267456	0.13847874104976654	-0.5396180152893066	-0.6597114205360413	-0.4389466643333435	0.01090995129197836	-0.04491105675697327	-0.3005791902542114	0.08567851781845093	-0.19581322371959686	-0.05981417000293732	-0.15058256685733795	-0.025449320673942566	-0.46773895621299744	-0.1227455884218216	-0.2640995681285858	-0.46191662549972534	-0.41115179657936096	-0.2815411686897278	0.09384892135858536	-0.372857004404068	-0.18717755377292633	-0.4703513979911804	-0.1311226338148117	0.31671208143234253	0.07631491124629974	-0.11812415719032288	-0.5958210825920105	0.2115258276462555	-0.08494409918785095	0.14884251356124878	-0.34523168206214905	-0.36656150221824646	0.057206083089113235	0.2676960527896881	-0.26935938000679016	0.12432309240102768	-0.14539921283721924	0.29079869389533997	0.1950550526380539	-0.1356988400220871	-0.30626487731933594	0.3116607964038849	0.06987734138965607	0.24573999643325806	0.20404554903507233	0.7792155742645264	0.07763732224702835	-0.027352862060070038	0.5199160575866699	0.4772966802120209	-0.5242035388946533	-0.6813789010047913	-0.5621387362480164	-0.010818448849022388	0.15335851907730103	-0.39433926343917847	-0.6975010633468628	-0.442640095949173	-0.06369731575250626	-0.16095924377441406	0.04797423630952835	-0.4057460427284241	-0.5272843837738037	-0.09153987467288971	-0.2923932373523712	-0.3384106457233429	-0.3568645119667053	-0.2121477723121643	0.02787841483950615	-0.2335597574710846	-0.2673116624355316	0.3716818690299988	-0.24751389026641846	-0.4071201980113983	-0.11969566345214844	-0.6297820210456848	-0.015836087986826897	-0.4797578454017639	-0.14408883452415466	-0.23528124392032623	0.16805779933929443	0.08085442334413528	-0.3131376802921295	0.20342415571212769	-0.21835994720458984	-0.047711875289678574	0.22298142313957214	-0.20182128250598907	0.08303051441907883	-0.22152963280677795	-0.35993850231170654	0.1802002638578415	-0.14045973122119904	-0.13392828404903412	0.09777726978063583	0.25100818276405334	-0.28756824135780334	0.24110478162765503	-0.3658006191253662	-0.05760299786925316	-0.2552098035812378	0.002630992326885462	-0.4327773153781891	0.14232489466667175	0.06928219646215439	0.4105028808116913	-0.2585527002811432	-0.07612480223178864	0.15595731139183044	0.16466903686523438	-0.37915581464767456	-0.11103782802820206	-0.26866257190704346	-0.29795703291893005	0.1359345018863678	-0.27983716130256653	-0.48147526383399963	-0.22214730083942413	0.14313410222530365	-0.0866117924451828	-0.08856625854969025	0.1655847728252411	-0.4947245419025421	-0.3866478502750397	-0.3779004216194153	-0.28913700580596924	-0.15681496262550354	0.007029640953987837	-0.12101604789495468	-0.17714637517929077	-0.38937243819236755	-0.2429368495941162	-0.08085131645202637	-0.17156949639320374	0.028062468394637108	0.16926604509353638	-0.18666158616542816	-0.05342242866754532	-0.4031035304069519	-0.21943244338035583	0.4502580463886261	-0.2075144499540329	0.08285313099622726	-0.014468302018940449	0.5082074403762817	0.5425410270690918	0.22566722333431244	0.28168168663978577
LH_Vis_5	-0.3052675127983093	0.5600923895835876	0.45007532835006714	0.02988625504076481	1.0	0.6520435810089111	-0.30920732021331787	-0.3262266516685486	0.3366415798664093	0.13223806023597717	0.3036364018917084	0.24175211787223816	-0.019608233124017715	0.09380470216274261	0.07413999736309052	-0.4842633008956909	-0.30883514881134033	-0.43652278184890747	-0.1051703542470932	-0.4348125755786896	-0.005789675284177065	-0.46438491344451904	-0.3644227683544159	-0.13948233425617218	-0.11403384059667587	-0.07014426589012146	-0.20855987071990967	-0.04400090128183365	-0.1168777123093605	0.052852384746074677	-0.13803055882453918	-0.05268752574920654	0.2026313990354538	-0.2130950391292572	0.057579755783081055	0.31894388794898987	0.46239951252937317	0.5028874278068542	0.24924008548259735	-0.11762215942144394	0.44343554973602295	-0.14033296704292297	0.10992659628391266	-0.16334031522274017	-0.15873406827449799	0.02253415808081627	0.3197348713874817	-0.3739747703075409	0.04162435978651047	0.14317338168621063	-0.4095413386821747	0.49339041113853455	-0.5908339619636536	0.1789245754480362	0.89457768201828	0.4603313207626343	-0.193018838763237	0.22370745241641998	-0.015585172921419144	0.34173384308815	-0.02806561440229416	-0.10802121460437775	-0.15192827582359314	0.4037187099456787	0.22646254301071167	0.2617660462856293	-0.15240725874900818	-0.32919108867645264	-0.423894464969635	-0.4680026173591614	-0.11672227829694748	-0.5225415229797363	-0.16862227022647858	-0.3214542269706726	-0.1868036687374115	-0.1586449295282364	0.05554363504052162	0.22107866406440735	-0.5931859612464905	-0.5320294499397278	-0.21404974162578583	0.38452738523483276	-0.16443473100662231	0.021147649735212326	0.1979510635137558	-0.11125420778989792	0.45541301369667053	0.19016757607460022	0.03771018236875534	0.5056332349777222	-0.06796284019947052	-0.6144334077835083	-0.21094582974910736	-0.5015174150466919	-0.23589086532592773	0.31405729055404663	0.30951207876205444	-0.34132152795791626	0.072527214884758	0.2787291407585144	-0.166858971118927	0.0692768320441246	-0.2456539422273636	-0.01908242329955101	-0.1030396968126297	0.41991767287254333	-0.21468716859817505	0.21012702584266663	0.013897575438022614	-0.1036188080906868	0.15749715268611908	0.20638735592365265	-0.12570123374462128	-0.05342724546790123	-0.20402969419956207	0.16258589923381805	-0.3407185971736908	0.16706010699272156	0.08386249840259552	0.5345852375030518	-0.11334618926048279	0.3570227324962616	0.16178566217422485	0.03797098621726036	-0.14967522025108337	-0.1085888147354126	0.025522571057081223	0.4073511064052582	0.570162296295166	0.0926935225725174	0.20869745314121246	-0.037792183458805084	0.06395304203033447	-0.06260491907596588	0.6579819321632385	0.28267911076545715	0.3059910237789154	-0.039022479206323624	0.40857017040252686	0.282168447971344	0.4377261996269226	0.4397006034851074	0.027783168479800224	-0.2858523726463318	-0.052997950464487076	-0.32494449615478516	0.255778044462204	0.013347601518034935	-0.17866194248199463	-0.02050505392253399	-0.33737650513648987	-0.17863906919956207	-0.38693591952323914	-0.2524084746837616	-0.21600550413131714	-0.34764811396598816
LH_Vis_6	0.16667257249355316	0.7019090056419373	0.8519312739372253	-0.020984893664717674	0.6520435810089111	1.0	-0.013032551854848862	0.024842912331223488	0.8029327988624573	0.2940175235271454	0.28219014406204224	0.04626334831118584	-0.4099985659122467	-0.22712941467761993	-0.03201879933476448	-0.11175907403230667	-0.3266376256942749	-0.20429325103759766	-0.1897786408662796	0.14667260646820068	0.22579707205295563	-0.3185344934463501	0.06850815564393997	0.2252398580312729	0.3418525755405426	0.284598708152771	0.19741138815879822	0.165627583861351	0.3829651176929474	0.04301987960934639	-0.05678080767393112	0.2981313467025757	0.1332724690437317	-0.431700199842453	-0.23857325315475464	0.45536789298057556	0.27014127373695374	0.6228631734848022	0.026101956143975258	-0.3505491614341736	0.4473460614681244	0.339665949344635	0.3017492890357971	-0.16318975389003754	-0.07226042449474335	0.05511709302663803	0.15035846829414368	-0.45767003297805786	0.15957999229431152	0.06211450323462486	0.09538406133651733	0.7589770555496216	-0.23052528500556946	-0.09610854089260101	0.7845895886421204	0.8782163262367249	0.23551447689533234	0.5332050323486328	0.16002191603183746	0.14191055297851562	0.09225443005561829	-0.3807761073112488	-0.3829798698425293	0.1900150328874588	0.22757643461227417	0.19480103254318237	0.11172065883874893	-0.44491204619407654	-0.1665872186422348	-0.31404513120651245	0.27173125743865967	-0.45522984862327576	0.3210563659667969	-0.29164066910743713	0.1520015150308609	0.30349549651145935	0.464830219745636	0.5177657604217529	-0.32336339354515076	-0.2771786153316498	-0.0033653825521469116	-0.08448507636785507	-0.06206996738910675	-0.22819079458713531	0.4598079323768616	-0.5165994763374329	0.39790281653404236	-0.0884389877319336	0.4099047780036926	0.6082988977432251	-0.19535353779792786	-0.33806556463241577	-0.29210665822029114	-0.19360588490962982	0.3320550322532654	-0.0341077521443367	0.045309312641620636	-0.3822086453437805	0.15587586164474487	0.11372821778059006	-0.04659045860171318	-0.05887216329574585	-0.11016745865345001	-0.3914251923561096	-0.022966789081692696	0.39194124937057495	0.32819005846977234	0.09697075933218002	0.3507457971572876	-0.2602798342704773	0.4153067171573639	0.1521865874528885	-0.1080569475889206	-0.4266936779022217	-0.09601869434118271	0.0680946558713913	0.15468627214431763	-0.0973883867263794	-0.03513394668698311	0.1868918240070343	0.25073131918907166	0.26993539929389954	0.07018998265266418	0.3348674774169922	-0.012645723298192024	-0.08768748492002487	0.06920000910758972	0.4375366270542145	0.5052778124809265	0.30184808373451233	0.5252591371536255	0.1617172360420227	0.13770662248134613	0.38105249404907227	0.37767791748046875	0.31439700722694397	0.37518391013145447	0.29743677377700806	0.5550169348716736	0.49176135659217834	0.3156498074531555	0.49021801352500916	-0.038995325565338135	0.13309070467948914	-0.20986595749855042	-0.16020561754703522	0.4994257092475891	0.07074089348316193	0.312296986579895	0.22985443472862244	-0.3384554386138916	-0.1620720773935318	-0.264028936624527	-0.29575273394584656	-0.354284405708313	-0.19879481196403503
LH_Vis_7	0.18209338188171387	0.40188664197921753	0.31421005725860596	0.21793952584266663	-0.30920732021331787	-0.013032551854848862	1.0	0.7442280054092407	0.34793269634246826	-0.1808900386095047	-0.25374361872673035	-0.14006978273391724	-0.2720487713813782	0.048970408737659454	-0.29603272676467896	0.4468417167663574	0.24752077460289001	0.5661408305168152	0.32327789068222046	0.6019304990768433	0.03579956293106079	0.08390291780233383	0.399577796459198	0.41343915462493896	0.11834226548671722	-0.06396783143281937	0.3524751663208008	-0.11016037315130234	0.38896599411964417	0.045449886471033096	-0.07909271121025085	-0.06579817086458206	0.23396658897399902	-0.016202043741941452	-0.44938719272613525	0.13091066479682922	-0.18490438163280487	-0.06236138939857483	-0.14899790287017822	-0.019559701904654503	0.08491829037666321	0.6047346591949463	-0.1586940735578537	0.448440819978714	-0.05297539755702019	0.44506072998046875	-0.0678112730383873	-0.03036925010383129	0.07438458502292633	0.4575841426849365	0.3576033115386963	0.3762175440788269	0.7043157815933228	0.03588419035077095	-0.15942533314228058	0.19310066103935242	0.7319456338882446	0.47601330280303955	-0.14956322312355042	-0.3857015073299408	-0.21916894614696503	-0.28183186054229736	-0.1591595709323883	-0.208103209733963	-0.08638941496610641	-0.3598480224609375	0.5315210223197937	0.16044236719608307	0.5149493217468262	0.3952036499977112	0.21014825999736786	0.018712541088461876	0.27209529280662537	0.025072084739804268	0.3394455909729004	0.013933850452303886	0.10737728327512741	0.03778969496488571	0.19464565813541412	0.13210530579090118	-0.1489245593547821	-0.3647801876068115	-0.03546875715255737	-0.41745734214782715	-0.2083228975534439	-0.39322373270988464	0.031526315957307816	-0.4736427068710327	0.3665941059589386	-0.10506793856620789	-0.4389110505580902	0.310472697019577	-0.07733303308486938	0.33907464146614075	0.29232338070869446	0.07141925394535065	0.2543685734272003	-0.05636652559041977	-0.11409897357225418	0.33586615324020386	-0.28627249598503113	-0.058766406029462814	0.322201669216156	-0.227486714720726	0.12940141558647156	-0.3205795884132385	0.10515876114368439	-0.47575417160987854	-0.23608162999153137	-0.022666065022349358	0.08541830629110336	-0.08695702254772186	0.1999455839395523	0.01586676575243473	-0.3323781192302704	-0.28845277428627014	0.3451620042324066	-0.3871713876724243	-0.45416101813316345	-0.474112331867218	-0.14931242167949677	-0.5902895331382751	-0.6148442029953003	-0.053086407482624054	0.019998444244265556	-0.10124386101961136	0.13060052692890167	-0.4271063804626465	0.12285314500331879	-0.017334673553705215	0.025365058332681656	-0.13491351902484894	0.2275613248348236	-0.1293955296278	-0.3425194323062897	0.1931525617837906	-0.41114309430122375	0.3099883496761322	-0.22079965472221375	-0.04805593192577362	-0.49964967370033264	-0.3532719016075134	-0.32424163818359375	-0.08139164000749588	-0.3404286503791809	-0.3643307089805603	-0.1680484563112259	-0.15325425565242767	0.14742796123027802	-0.44891202449798584	-0.15668000280857086	-0.3529684543609619	0.6691548228263855	0.10610777139663696	-0.2918989360332489	-0.3755418658256531
LH_Vis_8	0.15624257922172546	0.33769935369491577	0.3882606625556946	0.4551323652267456	-0.3262266516685486	0.024842912331223488	0.7442280054092407	1.0	0.3564663529396057	-0.5307865142822266	-0.5570929050445557	-0.35411757230758667	-0.27356138825416565	0.03864376246929169	-0.3875042796134949	0.7000361084938049	0.24626624584197998	0.6245219707489014	0.3422252833843231	0.5706899166107178	-0.1295645833015442	0.3353535532951355	0.32980015873908997	0.11877358704805374	-0.1164325550198555	-0.05704555660486221	0.5895705819129944	-0.019808214157819748	0.2767488360404968	-0.15714634954929352	0.25213199853897095	0.14248213171958923	0.36704978346824646	0.10318883508443832	-0.4378083348274231	0.11593743413686752	-0.286455899477005	-0.0980336144566536	-0.388126015663147	-0.44172173738479614	-0.018604399636387825	0.5771334171295166	0.052579015493392944	0.5282713174819946	0.1574685424566269	0.41756561398506165	-0.037537556141614914	0.18605053424835205	0.046252135187387466	0.21135658025741577	0.381384015083313	0.3166787624359131	0.6331177353858948	0.15401890873908997	-0.20167016983032227	0.1828051209449768	0.8639214038848877	0.5503971576690674	-0.42990219593048096	-0.5547308325767517	-0.2502148449420929	-0.2400517612695694	-0.03225615620613098	-0.4517124891281128	-0.471813827753067	-0.6528492569923401	0.16746143996715546	0.18815334141254425	0.5368906259536743	0.2634030878543854	-0.08524564653635025	0.22677955031394958	0.1829904168844223	-0.2320273518562317	0.13733594119548798	0.16969400644302368	0.12820027768611908	-0.04039902985095978	0.3242177963256836	0.37661606073379517	0.0603109672665596	-0.6972200274467468	0.23572473227977753	-0.4606647193431854	-0.03373172506690025	-0.5139155983924866	-0.2772928774356842	-0.42922037839889526	0.2420637309551239	-0.25711601972579956	-0.5443630218505859	0.4274553656578064	-0.4094090461730957	0.5118303298950195	0.48200398683547974	-0.24104508757591248	-0.027003133669495583	-0.02552320994436741	-0.12783391773700714	0.02307954989373684	-0.17415212094783783	-0.25189658999443054	0.2650528848171234	-0.042243316769599915	0.28993529081344604	0.06981933861970901	0.10039464384317398	-0.44108209013938904	-0.17261920869350433	0.04003371670842171	-0.20146507024765015	0.006277106236666441	0.2262117564678192	0.1414305567741394	-0.41850829124450684	-0.46185746788978577	0.39977824687957764	-0.17897160351276398	-0.42573827505111694	-0.6642183065414429	-0.2028731405735016	-0.6508049368858337	-0.4600662291049957	-0.1169787347316742	0.047021497040987015	-0.12161953747272491	0.2053099274635315	-0.41664350032806396	0.03815273940563202	-0.1989908516407013	-0.026582680642604828	-0.1620384156703949	0.2007794827222824	0.00011318987526465207	-0.41089993715286255	0.056861862540245056	-0.397219717502594	0.05378971993923187	-0.44903066754341125	-0.27667611837387085	-0.5529026389122009	-0.32366153597831726	-0.22486965358257294	0.1363624632358551	-0.3895585834980011	-0.2382657676935196	-0.40502598881721497	-0.24947234988212585	0.3944070041179657	-0.4003346264362335	0.11042001098394394	-0.14626279473304749	0.730876624584198	0.377348393201828	0.11650625616312027	0.005002839956432581
LH_Vis_9	0.2723601460456848	0.6802423000335693	0.8935080170631409	0.13847874104976654	0.3366415798664093	0.8029327988624573	0.34793269634246826	0.3564663529396057	1.0	0.15672989189624786	0.01657794788479805	-0.15065768361091614	-0.31862112879753113	-0.15902221202850342	-0.15502585470676422	0.0725608691573143	-0.23107995092868805	0.07795631140470505	-0.11711935698986053	0.39415213465690613	0.24256852269172668	-0.25512757897377014	0.23981495201587677	0.3187146782875061	0.42904770374298096	0.1472998857498169	0.3284948468208313	0.06488078087568283	0.5411933064460754	-0.01740647666156292	-0.19215881824493408	0.23373760282993317	0.10550520569086075	-0.4649072289466858	-0.44348660111427307	0.7153182029724121	0.33055099844932556	0.43920543789863586	-0.0128233777359128	-0.27093440294265747	0.31886395812034607	0.4769256114959717	0.20511406660079956	-0.06589516252279282	-0.11705788224935532	0.08486219495534897	0.05345020070672035	-0.45663848519325256	0.34234774112701416	0.14245767891407013	0.2669900059700012	0.8322385549545288	0.009624795988202095	0.03990652412176132	0.5216586589813232	0.8667664527893066	0.5173404812812805	0.8012838959693909	0.10226152092218399	-0.2233683317899704	-0.11880845576524734	-0.2674635052680969	-0.23267316818237305	-0.1653386354446411	-0.0017613505478948355	-0.0998801440000534	0.18777187168598175	-0.41256335377693176	0.016168706119060516	-0.13715362548828125	0.24625693261623383	-0.3734164834022522	0.3943382203578949	-0.1466291844844818	0.14186684787273407	0.2853642404079437	0.5888300538063049	0.3784318268299103	-0.2525682747364044	-0.16972631216049194	0.042043741792440414	-0.33638983964920044	-0.019773120060563087	-0.3832567036151886	0.4691585898399353	-0.7013163566589355	0.4926757216453552	-0.18468807637691498	0.6935858726501465	0.4648660123348236	-0.4974607229232788	-0.18188220262527466	-0.20072509348392487	-0.05691878870129585	0.4490940272808075	-0.161210834980011	-0.0974198654294014	-0.3982744514942169	0.26998165249824524	0.14668545126914978	-0.19659054279327393	-0.04924490302801132	0.07219020277261734	-0.4253697097301483	-0.015274289064109325	0.15807104110717773	0.3937615752220154	-0.1359035074710846	0.2596901059150696	-0.040969859808683395	0.38100990653038025	0.07792797684669495	-0.1383211612701416	-0.3704237937927246	-0.3454703688621521	-0.043626315891742706	0.3752301335334778	-0.18530741333961487	-0.15372850000858307	-0.010794163681566715	0.16541218757629395	-0.060606081038713455	-0.12291205674409866	0.46507394313812256	-0.14409221708774567	-0.15653859078884125	-0.1360839307308197	0.17861346900463104	0.35480114817619324	0.2905711829662323	0.534778892993927	0.1228523850440979	0.2617124319076538	0.3048003315925598	0.15362726151943207	0.2401999682188034	0.3342519700527191	0.5240872502326965	0.34755733609199524	0.43650832772254944	-0.02860347181558609	0.24510595202445984	0.01627984456717968	0.025654960423707962	-0.2647554576396942	-0.2982235550880432	0.3091791272163391	0.1329253613948822	0.4070451855659485	0.229874387383461	-0.26209181547164917	-0.1484319269657135	-0.09326010197401047	-0.30551162362098694	-0.432871550321579	-0.04862638935446739
LH_SomMot_1	0.30196377635002136	0.0439293310046196	0.12934742867946625	-0.5396180152893066	0.13223806023597717	0.2940175235271454	-0.1808900386095047	-0.5307865142822266	0.15672989189624786	1.0	0.5922881364822388	0.22196084260940552	-0.33170777559280396	-0.4183295965194702	0.05815044790506363	-0.4978317618370056	-0.4020996689796448	-0.48173996806144714	-0.47692471742630005	-0.1661490648984909	0.2525976002216339	-0.5211083889007568	-0.11727657169103622	0.4058476686477661	0.6898226737976074	0.17909090220928192	-0.4347775876522064	0.05706223472952843	0.16000473499298096	0.14645704627037048	-0.44122233986854553	0.049213871359825134	-0.3170875608921051	-0.4837740361690521	0.10749566555023193	0.24067680537700653	0.3766734302043915	0.23271699249744415	0.4060118794441223	0.5493004322052002	-0.011559944599866867	-0.11953724175691605	-0.039661843329668045	-0.5230231285095215	-0.11175937950611115	-0.4641147255897522	-0.3269340991973877	-0.5529299974441528	0.29202115535736084	0.043395884335041046	0.11481108516454697	0.2282828390598297	-0.12193281203508377	-0.31685853004455566	0.2699210047721863	0.26228654384613037	-0.21848230063915253	-0.06330166757106781	0.8482635021209717	0.4540492296218872	0.30905595421791077	-0.33039534091949463	-0.4822936952114105	0.3714234232902527	0.6234015226364136	0.5333398580551147	0.15096496045589447	-0.41525185108184814	-0.3393845558166504	-0.02000504918396473	0.4708588123321533	-0.2499215304851532	0.1089748740196228	0.5341014862060547	0.24394336342811584	0.211548313498497	0.1260107457637787	0.24305136501789093	-0.1359175741672516	-0.13417017459869385	-0.11424416303634644	0.4480457305908203	-0.10418860614299774	0.4370746910572052	0.26979386806488037	0.21941065788269043	0.5457287430763245	0.2504883110523224	0.2714012861251831	0.2838400900363922	0.40951842069625854	-0.20624558627605438	0.48465433716773987	-0.15956313908100128	-0.02216724492609501	0.20982863008975983	0.03932260721921921	-0.2616761028766632	0.3450082838535309	0.24374161660671234	-0.16445688903331757	-0.12867525219917297	-0.37734201550483704	-0.6067762970924377	-0.2728029489517212	-0.09992824494838715	0.3961312472820282	0.08065801113843918	0.564450204372406	-0.21275097131729126	0.703853189945221	0.185614213347435	-0.18606622517108917	-0.5903792381286621	0.16150066256523132	0.0007726583862677217	-0.13935346901416779	-0.274087131023407	0.030073313042521477	0.28706714510917664	0.5491123199462891	0.414374977350235	0.20549388229846954	0.384697824716568	0.15511949360370636	0.3046053647994995	-0.28534388542175293	0.3069368302822113	0.36471685767173767	0.3510717749595642	0.31816625595092773	0.19347301125526428	0.11937492340803146	0.36875393986701965	0.02738046832382679	-0.005647455807775259	0.6180922389030457	0.4518207311630249	0.5866932272911072	0.45809945464134216	0.42294150590896606	0.1702711135149002	0.1774294525384903	-0.10348206013441086	0.4303990602493286	0.20847639441490173	0.6847519278526306	0.23997856676578522	-0.11339545249938965	0.3656175136566162	-0.27605190873146057	-0.16392697393894196	-0.6409693956375122	-0.6576576232910156	-0.6953187584877014	-0.2614690363407135
LH_SomMot_2	-0.16235218942165375	0.09100977331399918	0.03680950403213501	-0.6597114205360413	0.3036364018917084	0.28219014406204224	-0.25374361872673035	-0.5570929050445557	0.01657794788479805	0.5922881364822388	1.0	0.7513220310211182	0.10394253581762314	0.2094016969203949	0.6036974191665649	-0.263469398021698	0.19165688753128052	-0.21563221514225006	0.0746813714504242	0.012040792033076286	0.6041431427001953	0.011053834110498428	0.25739601254463196	0.6332631707191467	0.3533443808555603	0.5717878937721252	0.01954558677971363	0.5016114711761475	0.3922303020954132	0.6546460390090942	0.13107770681381226	-0.354452908039093	-0.15819263458251953	-0.040679074823856354	0.2790261209011078	-0.08274157345294952	0.033590685576200485	-0.007387109566479921	0.22941118478775024	0.22013983130455017	-0.04260461777448654	-0.08085950464010239	0.14965440332889557	-0.13477207720279694	-0.0919337272644043	-0.2352934032678604	-0.2287299782037735	-0.24690230190753937	-0.08706918358802795	-0.3910495936870575	-0.25918883085250854	0.0036634495481848717	-0.2217615395784378	-0.4409905970096588	0.2662826478481293	0.199848011136055	-0.4156685471534729	-0.28716620802879333	0.47827401757240295	0.8198158740997314	0.705730676651001	0.08221752941608429	-0.024058504030108452	0.5853756070137024	0.7387828826904297	0.6600052118301392	0.06241971626877785	0.05572252720594406	-0.1067143976688385	0.20436473190784454	0.608177900314331	-0.040210697799921036	0.42719170451164246	0.03444371744990349	0.503246545791626	0.33826032280921936	0.23938117921352386	0.6216694712638855	-0.014310358092188835	-0.47970202565193176	0.2911713123321533	0.27060577273368835	-0.010318376123905182	0.2305404394865036	0.17596322298049927	0.10014931112527847	0.21392512321472168	0.17828552424907684	-0.014109334908425808	0.18342359364032745	0.11727584898471832	-0.2216838300228119	0.045445919036865234	-0.1871425211429596	-0.15365011990070343	0.07721777260303497	-0.0401013121008873	-0.05808768793940544	0.02978002093732357	-0.2219891995191574	0.2729453146457672	0.2412116527557373	-0.17406867444515228	-0.23761413991451263	0.17315299808979034	-0.1837366819381714	0.2898479402065277	0.2643498480319977	0.2703988254070282	-0.2319769263267517	0.4891678988933563	-0.011354809626936913	-0.038472384214401245	-0.32811927795410156	0.3731342852115631	0.30637720227241516	-0.2068653255701065	-0.08227835595607758	0.2396186739206314	0.3892066776752472	0.3113400936126709	0.588769257068634	0.0752275139093399	0.2136804163455963	0.36830949783325195	0.003851949702948332	-0.018568117171525955	0.4440920352935791	0.06548653542995453	0.08884371817111969	0.41711917519569397	0.4866848587989807	0.14168162643909454	0.2572495639324188	0.4507870078086853	0.15453971922397614	0.16146567463874817	0.03382240608334541	0.5408587455749512	0.48541259765625	0.3668098747730255	0.42238399386405945	-0.29694870114326477	-0.02710196189582348	-0.13711561262607574	-0.017551574856042862	0.5438568592071533	0.33183756470680237	-0.26847732067108154	0.18333864212036133	-0.24258245527744293	-0.0006066749338060617	-0.5854014754295349	-0.6143823266029358	-0.32513126730918884	-0.4716397821903229
LH_SomMot_3	-0.34222665429115295	0.037066951394081116	-0.1692277491092682	-0.4389466643333435	0.24175211787223816	0.04626334831118584	-0.14006978273391724	-0.35411757230758667	-0.15065768361091614	0.22196084260940552	0.7513220310211182	1.0	0.1792333573102951	0.611235499382019	0.5860065817832947	-0.20998692512512207	0.5370157957077026	0.028962573036551476	0.481547474861145	-0.007775132078677416	0.5714384913444519	0.14105746150016785	0.31299808621406555	0.44957128167152405	-0.009717882610857487	0.38891464471817017	-0.0395711213350296	0.33871644735336304	0.24072209000587463	0.7937294840812683	0.17940376698970795	-0.30159881711006165	-0.1254558563232422	0.20584341883659363	0.17279917001724243	-0.20391353964805603	-0.19181780517101288	-0.08184323459863663	-0.044183287769556046	0.04567234218120575	-0.2155502289533615	-0.2779425084590912	-0.1624419242143631	0.020979180932044983	-0.322771281003952	-0.07349132001399994	-0.25879257917404175	-0.0775071457028389	-0.21000826358795166	-0.2932842969894409	-0.41901934146881104	-0.14809265732765198	-0.11699894070625305	-0.22326630353927612	0.06321759521961212	-0.026630552485585213	-0.35601362586021423	-0.344419926404953	0.012843254022300243	0.6582332849502563	0.6635573506355286	0.1380847692489624	0.1269303411245346	0.5370039939880371	0.524922251701355	0.35755792260169983	-0.09044450521469116	0.4473966658115387	0.05436230078339577	0.30410534143447876	0.4441590905189514	-0.07754526287317276	0.28199657797813416	-0.12108825892210007	0.44382280111312866	0.05448941886425018	0.0028666469734162092	0.45439383387565613	-0.13101983070373535	-0.4138953685760498	0.07580970227718353	0.18250598013401031	-0.20120419561862946	0.00892497505992651	-0.2980723977088928	0.06898323446512222	-0.010544971562922001	-0.15625950694084167	-0.2530185580253601	-0.049478668719530106	-0.06482165306806564	-0.07728587090969086	-0.10637662559747696	-0.2877424359321594	-0.3340286612510681	0.06210760399699211	0.03475315123796463	-0.14229241013526917	-0.15692736208438873	-0.15442612767219543	0.2575633227825165	0.19575189054012299	-0.24477525055408478	0.036158304661512375	0.1022929847240448	-0.14602553844451904	0.07684929668903351	0.38000747561454773	0.06698977947235107	-0.3212064802646637	0.20325548946857452	0.0538075752556324	0.29177191853523254	-0.13298791646957397	0.19994515180587769	0.23054702579975128	-0.42564117908477783	0.021491946652531624	0.27987706661224365	0.2109009176492691	0.0614607110619545	0.48736995458602905	-0.10365261137485504	-0.04085098206996918	0.18402519822120667	-0.009541550651192665	0.1886844038963318	0.16556158661842346	-0.00044669362250715494	-0.06012315675616264	0.2563698887825012	0.4107092320919037	-0.040039174258708954	0.12149620056152344	0.26808246970176697	-0.03429294750094414	-0.19434498250484467	-0.09488240629434586	0.3483942151069641	0.09376314282417297	0.2818242907524109	0.22942008078098297	-0.2574584186077118	0.010223139077425003	-0.25134727358818054	-0.22293667495250702	0.09091489017009735	0.265762060880661	-0.2729310393333435	-0.038596656173467636	-0.19553101062774658	-0.02053556777536869	-0.2492441087961197	-0.2714896500110626	-0.06347715109586716	-0.4091719388961792
