Node	DMN_LABEL_1	Vis_LABEL_2	FP_LABEL_3	Aud_LABEL_4	Tpole_LABEL_5	PMN_LABEL_6	PON_LABEL_7	MTL_LABEL_8	PON_LABEL_9	CO_LABEL_10	Sal_LABEL_11	CO_LABEL_12	SMd_LABEL_13	SMl_LABEL_14	DAN_LABEL_15	DMN_LABEL_16	CO_LABEL_17	DMN_LABEL_18	VAN_LABEL_19	CO_LABEL_20	CO_LABEL_21	Sal_LABEL_22	DAN_LABEL_23	PMN_LABEL_24	DAN_LABEL_25	DMN_LABEL_26	DMN_LABEL_27	DMN_LABEL_28	Vis_LABEL_29	FP_LABEL_30	Aud_LABEL_31	Tpole_LABEL_32	PMN_LABEL_33	PON_LABEL_34	MTL_LABEL_35	CO_LABEL_36	Sal_LABEL_37	CO_LABEL_38	SMd_LABEL_39	SMl_LABEL_40	DAN_LABEL_41	CO_LABEL_42	VAN_LABEL_43	CO_LABEL_44	CO_LABEL_45	Sal_LABEL_46	DAN_LABEL_47	PMN_LABEL_48	DAN_LABEL_49	DMN_LABEL_50	FP_LABEL_51	DMN_LABEL_52	DMN_LABEL_53	PON_LABEL_54	DMN_LABEL_55	Tpole_LABEL_56	Tpole_LABEL_57	Sal_LABEL_58	Sal_LABEL_59	SMd_LABEL_60	DAN_LABEL_61	FP_LABEL_62	DMN_LABEL_63	FP_LABEL_64	FP_LABEL_65	SMd_LABEL_66	SMl_LABEL_67	SMd_LABEL_68	DMN_LABEL_69	DAN_LABEL_70	DMN_LABEL_71	FP_LABEL_72	SMd_LABEL_73	SMl_LABEL_74	MTL_LABEL_75	MTL_LABEL_76	CO_LABEL_77	CO_LABEL_78	Vis_LABEL_79	Vis_LABEL_80
DMN_LABEL_1	1.0	-0.28176170587539673	-0.3806314766407013	0.1720258742570877	0.1030818298459053	0.6230204105377197	0.7715840935707092	n/a	0.004744664300233126	-0.22693395614624023	-0.22207191586494446	-0.2725089192390442	-0.08360537886619568	0.26980242133140564	-0.021239159628748894	0.5730355381965637	-0.19726864993572235	0.5481043457984924	0.2223893254995346	-0.06381083279848099	-0.13184058666229248	-0.09399688988924026	-0.26853933930397034	0.5421188473701477	-0.30051490664482117	0.5036518573760986	0.4576146602630615	0.46142423152923584	-0.3248075544834137	0.2616373300552368	0.09646912664175034	-0.009941745549440384	0.5103006362915039	0.5661028623580933	n/a	-0.4126351773738861	-0.31135860085487366	-0.2915912866592407	-0.05851541459560394	0.20669971406459808	-0.09343164414167404	-0.15408265590667725	0.2133064866065979	-0.03509135544300079	-0.3822876513004303	-0.1771799474954605	-0.2516842484474182	0.48065871000289917	-0.12519387900829315	0.5154172778129578	-0.03166240453720093	0.568183422088623	0.35274624824523926	-0.23439425230026245	0.5277645587921143	-0.26937833428382874	-0.4382833242416382	0.2989423871040344	0.32344573736190796	0.08095915615558624	0.27243077754974365	0.08014190942049026	0.28707215189933777	0.1119331493973732	0.059424374252557755	-0.17658257484436035	-0.06705702841281891	-0.1002817377448082	0.0947057455778122	-0.017408618703484535	0.1423068791627884	-0.08551677316427231	-0.4249224066734314	0.013902698643505573	0.5378037095069885	0.104102723300457	0.04339863732457161	-0.1001933217048645	-0.15122659504413605	0.2083583027124405
Vis_LABEL_2	-0.28176170587539673	1.0	0.09063412994146347	-0.18945781886577606	-0.29769304394721985	-0.3838742971420288	-0.07432273030281067	n/a	0.17923226952552795	0.16349364817142487	-0.05045892298221588	0.22576755285263062	-0.15445756912231445	-0.06906770914793015	-0.27683937549591064	-0.37116217613220215	-0.17741860449314117	-0.3266782760620117	0.13890260457992554	-0.20105472207069397	0.003156765131279826	0.18273144960403442	0.036930132657289505	-0.14641834795475006	-0.0888555571436882	-0.2676589787006378	-0.17760559916496277	0.09896299988031387	0.9195868968963623	-0.10543140023946762	-0.23385271430015564	-0.1904304325580597	-0.3157379627227783	0.05930028483271599	n/a	0.1558299958705902	-0.04227987304329872	0.12986765801906586	-0.2701534032821655	-0.02507963962852955	-0.21814104914665222	-0.16850124299526215	0.09307176619768143	-0.16859886050224304	0.10262977331876755	0.07704386115074158	-0.03607066348195076	-0.2313326895236969	-0.06645680963993073	-0.3207315504550934	0.1252000629901886	-0.33033356070518494	-0.45685267448425293	0.11719021201133728	-0.3498174846172333	-0.12822729349136353	-0.1766206920146942	-0.30152666568756104	-0.32866477966308594	-0.294647753238678	-0.4264123737812042	-0.32883894443511963	-0.4853479564189911	-0.46011820435523987	-0.4594556987285614	-0.10915841907262802	-0.4454995095729828	-0.3109595775604248	-0.34483978152275085	-0.17754817008972168	-0.4738399386405945	-0.30150988698005676	-0.10794103145599365	0.06206783279776573	-0.4417891204357147	-0.1700655221939087	-0.37948721647262573	-0.35278549790382385	0.305594265460968	0.3379395008087158
FP_LABEL_3	-0.3806314766407013	0.09063412994146347	1.0	-0.3906966745853424	0.004131338559091091	-0.18628835678100586	-0.5146751403808594	n/a	-0.259525865316391	0.031132860109210014	0.21131880581378937	0.09253887832164764	-0.2064773589372635	0.08710268139839172	0.11025501787662506	0.12244807183742523	-0.16615581512451172	-0.027466868981719017	0.10121802240610123	0.08343895524740219	-0.06316091120243073	0.182252898812294	0.18734189867973328	-0.023683756589889526	0.21482934057712555	0.12440799921751022	-0.002442380413413048	0.0160618145018816	0.03137412667274475	0.3771580457687378	-0.3212936818599701	0.26030394434928894	-0.05676638334989548	-0.3147372901439667	n/a	0.10861328989267349	0.1538424789905548	0.02110116370022297	-0.05869535356760025	0.20201978087425232	0.2444736212491989	-0.03767094016075134	0.013387968763709068	-0.10776777565479279	0.20393893122673035	0.19997407495975494	-0.019114110618829727	-0.003553027519956231	0.15204927325248718	0.07139559835195541	0.4439108073711395	-0.40166327357292175	0.13182061910629272	-0.023705272004008293	-0.0790918841958046	-0.1382366269826889	0.3074890971183777	-0.13580016791820526	-0.16930067539215088	-0.2828810513019562	-0.3713323175907135	0.11570387333631516	-0.021170221269130707	-0.05837680399417877	0.05664675310254097	0.03750114515423775	0.18278558552265167	-0.3934442400932312	0.023490652441978455	0.18592499196529388	0.1431449055671692	0.0962873175740242	-0.009466368705034256	0.2767927646636963	-0.02028856799006462	0.06462377309799194	-0.09735725075006485	-0.2800706923007965	0.16997714340686798	0.15865865349769592
Aud_LABEL_4	0.1720258742570877	-0.18945781886577606	-0.3906966745853424	1.0	-0.33060312271118164	0.3469654321670532	0.19810281693935394	n/a	-0.16367977857589722	0.13372188806533813	0.20080044865608215	0.10806023329496384	0.6034024953842163	0.3621360659599304	-0.021209776401519775	-0.12736305594444275	0.32523876428604126	-0.26757296919822693	-0.49023011326789856	0.4265333414077759	0.2024679183959961	0.14887166023254395	-0.28289562463760376	-0.06000490486621857	-0.27976077795028687	0.1527521312236786	0.06653471291065216	-0.36993104219436646	-0.17964845895767212	-0.4744032621383667	0.8033439517021179	-0.3792121708393097	0.25008195638656616	-0.024599678814411163	n/a	0.012751342728734016	0.22381813824176788	0.22716878354549408	0.17775946855545044	0.12785741686820984	-0.33860284090042114	0.3024712800979614	-0.3495115637779236	0.3057572841644287	0.09209977090358734	0.11867943406105042	-0.13723252713680267	-0.06837868690490723	-0.44742822647094727	-0.3336561620235443	-0.46589890122413635	0.1609242707490921	-0.18608257174491882	-0.28075918555259705	0.02275834046304226	0.1944977194070816	-0.07037688046693802	0.42407503724098206	0.46756553649902344	0.15831145644187927	0.35204342007637024	-0.22681573033332825	-0.15212708711624146	0.028902344405651093	-0.10947372019290924	0.06759833544492722	-0.17625732719898224	0.3714618384838104	0.15133407711982727	0.024557670578360558	-0.21927939355373383	-0.29092732071876526	0.13474589586257935	-0.1204848363995552	0.40978696942329407	0.18626832962036133	0.20544502139091492	0.2787845730781555	0.06098390743136406	0.040775053203105927
Tpole_LABEL_5	0.1030818298459053	-0.29769304394721985	0.004131338559091091	-0.33060312271118164	1.0	-0.11136671900749207	0.11902942508459091	n/a	0.3519166111946106	-0.1312626600265503	-0.21643352508544922	-0.2252446413040161	-0.21033833920955658	-0.13798968493938446	-0.039952270686626434	0.3092767000198364	0.04113277047872543	0.4802406132221222	0.3476046025753021	0.007503902539610863	0.008057919330894947	-0.4477216303348541	-0.013665055856108665	0.06387390941381454	-0.019589146599173546	0.12154743075370789	-0.05171322822570801	0.11741284281015396	-0.321170836687088	0.3440564274787903	-0.12553313374519348	0.6030215620994568	-0.11858115345239639	0.13742434978485107	n/a	-0.12481311708688736	-0.14636638760566711	-0.3512328863143921	0.1168377548456192	-0.11515326052904129	0.1695801019668579	0.06028283014893532	0.15903569757938385	0.03740480914711952	-0.0025324064772576094	-0.11701725423336029	0.10926184803247452	0.06255114823579788	-0.044318195432424545	0.4824146628379822	0.03947574645280838	0.2392350435256958	0.4599730372428894	0.3152356445789337	0.09801607578992844	-0.027954185381531715	0.050375618040561676	-0.04879181459546089	-0.11529061198234558	0.08933436125516891	0.06961815804243088	-0.0018680146895349026	0.12293436378240585	-0.05103939771652222	0.06058458611369133	0.05865166336297989	0.20677980780601501	-0.1370106041431427	0.21832847595214844	0.039305366575717926	0.013823647052049637	0.0902683213353157	-0.03183795511722565	-0.1935061365365982	0.02302880957722664	-0.04866679012775421	0.058205265551805496	0.24811133742332458	-0.15753912925720215	-0.1894424706697464
PMN_LABEL_6	0.6230204105377197	-0.3838742971420288	-0.18628835678100586	0.3469654321670532	-0.11136671900749207	1.0	0.4360695779323578	n/a	-0.28270989656448364	-0.24405452609062195	-0.07695090770721436	-0.3546927869319916	0.08047987520694733	0.2607152462005615	0.05385765805840492	0.5107771754264832	-0.29702556133270264	0.30150628089904785	0.0855250284075737	-0.011568624526262283	-0.24528449773788452	-0.06143362820148468	-0.3160567581653595	0.7076824903488159	0.034341342747211456	0.3493148684501648	0.1951674520969391	0.33331504464149475	-0.3846909701824188	0.225911483168602	0.22519613802433014	-0.15699651837348938	0.8797575831413269	0.3204793930053711	n/a	-0.32482200860977173	-0.055264972150325775	-0.17389655113220215	0.029568444937467575	0.22157852351665497	-0.1736895591020584	-0.2139636129140854	0.23635424673557281	-0.031418219208717346	-0.49076205492019653	-0.23546019196510315	-0.5071147084236145	0.57370924949646	0.05887531861662865	0.3455195426940918	-0.14435718953609467	0.43127402663230896	0.4018093943595886	-0.25744882225990295	0.41156017780303955	-0.23225386440753937	-0.1756422221660614	0.33350446820259094	0.5222651362419128	-0.039634473621845245	0.0919087752699852	0.17882253229618073	0.4624996483325958	0.26810041069984436	0.25425124168395996	-0.2159120738506317	0.10707218945026398	-0.16372880339622498	0.33108586072921753	-0.020710062235593796	0.25243079662323	0.13912703096866608	-0.2220076471567154	0.09576690942049026	0.6103147864341736	0.16008949279785156	0.08585870265960693	-0.020415715873241425	-0.14632153511047363	0.21703916788101196
PON_LABEL_7	0.7715840935707092	-0.07432273030281067	-0.5146751403808594	0.19810281693935394	0.11902942508459091	0.4360695779323578	1.0	n/a	0.21369734406471252	-0.23050862550735474	-0.31814953684806824	-0.32517990469932556	-0.1190580502152443	0.15331284701824188	-0.12408715486526489	0.4144222140312195	-0.001561638549901545	0.5079334378242493	0.11818877607584	-0.14086821675300598	-0.06977705657482147	-0.20937471091747284	-0.18657122552394867	0.4647917151451111	-0.408345490694046	0.33745506405830383	0.24887649714946747	0.2502257525920868	-0.10075041651725769	0.1343775987625122	0.0732315182685852	-0.10044845938682556	0.3427473306655884	0.8375629186630249	n/a	-0.4929104149341583	-0.4225445091724396	-0.29555338621139526	-0.11058972775936127	0.0676189586520195	-0.2565343976020813	-0.07870005816221237	0.14736348390579224	-0.10299358516931534	-0.3649235963821411	-0.2601693272590637	-0.0043688188306987286	0.38535425066947937	-0.23072698712348938	0.3085627257823944	-0.15401293337345123	0.4753863215446472	0.23936530947685242	-0.08663412928581238	0.2438138723373413	-0.3017778694629669	-0.30486297607421875	0.2852359414100647	0.23144418001174927	0.2525598406791687	0.24819651246070862	0.044838011264801025	0.06503978371620178	0.003530605463311076	-0.1562885344028473	-0.04688999801874161	-0.17237716913223267	0.07063858211040497	-0.0517098642885685	-0.003975592087954283	-0.025445351377129555	-0.1364327371120453	-0.373879075050354	-0.06595903635025024	0.3148626685142517	0.10196656733751297	0.09386982023715973	-0.05478560924530029	-0.01095214206725359	0.059752799570560455
MTL_LABEL_8	n/a	n/a	n/a	n/a	n/a	n/a	n/a	1.0	n/a	n/a	n/a	n/a	n/a	n/a	n/a	n/a	n/a	n/a	n/a	n/a	n/a	n/a	n/a	n/a	n/a	n/a	n/a	n/a	n/a	n/a	n/a	n/a	n/a	n/a	n/a	n/a	n/a	n/a	n/a	n/a	n/a	n/a	n/a	n/a	n/a	n/a	n/a	n/a	n/a	n/a	n/a	n/a	n/a	n/a	n/a	n/a	n/a	n/a	n/a	n/a	n/a	n/a	n/a	n/a	n/a	n/a	n/a	n/a	n/a	n/a	n/a	n/a	n/a	n/a	n/a	n/a	n/a	n/a	n/a	n/a
PON_LABEL_9	0.004744664300233126	0.17923226952552795	-0.259525865316391	-0.16367977857589722	0.3519166111946106	-0.28270989656448364	0.21369734406471252	n/a	1.0	-0.2182956337928772	-0.2851701080799103	-0.2318616360425949	0.022696249186992645	-0.23718874156475067	-0.28339314460754395	-0.034699954092502594	-0.1984587162733078	0.10235177725553513	0.1365872025489807	-0.34159359335899353	-0.3843947947025299	-0.24361509084701538	0.2086772620677948	-0.000768094789236784	0.04061960428953171	0.10186620056629181	-0.018167167901992798	0.1361001878976822	0.13117605447769165	0.01147752907127142	-0.20903430879116058	0.1151508167386055	-0.23198376595973969	0.33406591415405273	n/a	-0.10671202838420868	-0.08396369963884354	-0.3371720314025879	-0.15122587978839874	-0.16183514893054962	-0.07591696083545685	-0.2713809609413147	0.24138258397579193	-0.2548781633377075	-0.2703804075717926	-0.09976232051849365	0.061955444514751434	-0.0857519581913948	0.022084588184952736	0.018150096759200096	-0.19028086960315704	0.1541479229927063	0.017394013702869415	0.6992789506912231	0.07313035428524017	0.05263817682862282	-0.12608198821544647	-0.1512373983860016	-0.16257743537425995	-0.08580099791288376	-0.06895655393600464	-0.10516878217458725	-0.22391580045223236	-0.1812143325805664	-0.17399047315120697	-0.20186731219291687	-0.2494126558303833	0.024216683581471443	-0.19794397056102753	-0.16329745948314667	-0.08687858283519745	-0.05700377747416496	0.06743134558200836	-0.0822085589170456	-0.3634333908557892	0.04457958787679672	-0.10595111548900604	-0.146416574716568	-0.0758194774389267	-0.031804390251636505
CO_LABEL_10	-0.22693395614624023	0.16349364817142487	0.031132860109210014	0.13372188806533813	-0.1312626600265503	-0.24405452609062195	-0.23050862550735474	n/a	-0.2182956337928772	1.0	0.7954480648040771	0.7283126711845398	-0.21263264119625092	0.03472890332341194	-0.2962853014469147	-0.5888398885726929	0.14896638691425323	-0.5718446969985962	-0.1431293785572052	0.3771563768386841	0.7343034148216248	0.4310327470302582	-0.2024351805448532	-0.22788816690444946	-0.3325030505657196	-0.39368993043899536	-0.21381449699401855	-0.22009959816932678	0.15344072878360748	-0.07019376754760742	0.18346834182739258	-0.34294211864471436	-0.13972777128219604	-0.17973382771015167	n/a	0.8623923659324646	0.6263706088066101	0.7816768884658813	-0.29945793747901917	-0.08128763735294342	-0.06791571527719498	0.15554377436637878	-0.37017419934272766	0.23977409303188324	0.6012094020843506	0.4110948145389557	0.09361100196838379	-0.01931658945977688	-0.2349114716053009	-0.3721450865268707	0.2586352527141571	-0.22424866259098053	-0.48857468366622925	-0.24603323638439178	-0.20562022924423218	-0.015353962779045105	-0.11644474416971207	-0.28999805450439453	-0.32478564977645874	0.016200685873627663	0.20245730876922607	-0.36682552099227905	-0.3773675560951233	-0.29350343346595764	-0.1304597556591034	0.16379699110984802	-0.08023633807897568	0.014065379276871681	0.0872819572687149	-0.2318752557039261	-0.45133134722709656	-0.3047063648700714	0.3467794954776764	-0.07057669013738632	0.023932181298732758	0.021774373948574066	-0.07706889510154724	0.1941104531288147	0.39000558853149414	0.04680323600769043
Sal_LABEL_11	-0.22207191586494446	-0.05045892298221588	0.21131880581378937	0.20080044865608215	-0.21643352508544922	-0.07695090770721436	-0.31814953684806824	n/a	-0.2851701080799103	0.7954480648040771	1.0	0.642941951751709	-0.09352345764636993	0.002587628783658147	0.006072430405765772	-0.49421191215515137	0.06803779304027557	-0.5673522353172302	-0.3526599407196045	0.49714192748069763	0.5590428113937378	0.6024436950683594	-0.1089167669415474	-0.18159542977809906	-0.06442667543888092	-0.23988203704357147	-0.005383897107094526	-0.2446817010641098	-0.07009312510490417	-0.0561387836933136	0.17323432862758636	-0.30261269211769104	0.02593373879790306	-0.37865719199180603	n/a	0.7263433337211609	0.8160399198532104	0.6731628775596619	-0.21779301762580872	-0.07575297355651855	0.0456625334918499	0.10888251662254333	-0.43000128865242004	0.3821239471435547	0.5305351614952087	0.5019599199295044	0.08723746240139008	0.003377459477633238	-0.10046271234750748	-0.3575942814350128	0.24272477626800537	-0.2927376627922058	-0.3388165533542633	-0.3924056589603424	0.0025664079003036022	0.012351001612842083	-0.11710008978843689	-0.16750125586986542	-0.09182814508676529	-0.1236385852098465	0.3236519694328308	-0.08744440972805023	-0.3126280605792999	-0.11211583018302917	0.049280233681201935	0.1357562392950058	-0.006698839832097292	0.031617581844329834	0.05135108157992363	-0.03481881693005562	-0.32417064905166626	-0.2588018476963043	0.2798905074596405	-0.018597759306430817	0.153792142868042	0.11646661907434464	0.17402158677577972	0.15749794244766235	0.24752500653266907	0.02223850041627884
CO_LABEL_12	-0.2725089192390442	0.22576755285263062	0.09253887832164764	0.10806023329496384	-0.2252446413040161	-0.3546927869319916	-0.32517990469932556	n/a	-0.2318616360425949	0.7283126711845398	0.642941951751709	1.0	-0.055431753396987915	0.07178241014480591	-0.1581229716539383	-0.5000081062316895	0.10719373822212219	-0.5011023283004761	-0.10171342641115189	0.18330982327461243	0.5031488537788391	0.4825988709926605	-0.19331622123718262	-0.36463847756385803	-0.14752109348773956	-0.2540208697319031	0.007318408228456974	-0.13207939267158508	0.1940024495124817	-0.11775688827037811	0.047353994101285934	-0.19457893073558807	-0.24098530411720276	-0.2659894824028015	n/a	0.6634448766708374	0.4136495590209961	0.6848589181900024	-0.2533404529094696	-0.03419753164052963	-0.01480658445507288	-0.020370205864310265	-0.29281869530677795	0.1655876785516739	0.5463448762893677	0.36065492033958435	0.06896168738603592	-0.07508623600006104	-0.09834431111812592	-0.31494587659835815	0.3921087980270386	-0.30910730361938477	-0.48880746960639954	-0.27086660265922546	-0.09057285636663437	-0.08536316454410553	-0.14220644533634186	-0.25384873151779175	-0.2467339187860489	-0.05068071186542511	0.22490699589252472	-0.19496572017669678	-0.26266273856163025	-0.18553251028060913	-0.05780356749892235	0.09754391014575958	-0.09661129117012024	0.05213412269949913	-0.06279238313436508	-0.12586480379104614	-0.2749965786933899	-0.22727373242378235	0.3765130341053009	0.09125740081071854	-0.17333097755908966	-0.19525927305221558	-0.025262735784053802	0.06136428937315941	0.31261977553367615	0.049251772463321686
SMd_LABEL_13	-0.08360537886619568	-0.15445756912231445	-0.2064773589372635	0.6034024953842163	-0.21033833920955658	0.08047987520694733	-0.1190580502152443	n/a	0.022696249186992645	-0.21263264119625092	-0.09352345764636993	-0.055431753396987915	1.0	0.34351110458374023	0.11864297091960907	-0.08005473017692566	0.1305757761001587	-0.17885184288024902	-0.39295586943626404	0.26806458830833435	-0.17764441668987274	0.02819688618183136	-0.1970832347869873	-0.3055509626865387	0.1081799641251564	0.2498972862958908	0.13072927296161652	-0.2347017079591751	-0.17743439972400665	-0.5160135626792908	0.6106772422790527	-0.20414358377456665	-0.06266222894191742	-0.23794637620449066	n/a	-0.13698768615722656	0.09357673674821854	-0.048353251069784164	0.43041178584098816	0.24164709448814392	-0.16759656369686127	0.11270022392272949	-0.20965048670768738	0.0640908032655716	-0.0362011156976223	0.0195515975356102	-0.282957524061203	-0.31458914279937744	-0.2523205280303955	-0.31990671157836914	-0.4835834503173828	0.03814397752285004	-0.13033416867256165	0.0457967147231102	0.046630896627902985	0.266103595495224	0.060889195650815964	0.38065105676651	0.4469144344329834	0.02002456784248352	0.214629128575325	-0.17580930888652802	-0.07671552151441574	-0.027052363380789757	-0.097606360912323	-0.11560891568660736	-0.14547638595104218	0.39640602469444275	-0.03500186279416084	0.13513486087322235	-0.04555024951696396	-0.10390941053628922	0.2768152058124542	-0.09702198952436447	0.07421432435512543	-0.13115456700325012	0.16846367716789246	0.1717120260000229	-0.11896633356809616	0.033620916306972504
SMl_LABEL_14	0.26980242133140564	-0.06906770914793015	0.08710268139839172	0.3621360659599304	-0.13798968493938446	0.2607152462005615	0.15331284701824188	n/a	-0.23718874156475067	0.03472890332341194	0.002587628783658147	0.07178241014480591	0.34351110458374023	1.0	-0.13530687987804413	0.1344112902879715	-0.011526783928275108	-0.04403519630432129	-0.04674422740936279	0.09955911338329315	0.06730441749095917	0.15764933824539185	-0.4526445269584656	-0.0031236514914780855	-0.36251530051231384	0.3047832250595093	0.2344844788312912	0.03118526004254818	-0.164720356464386	-0.12437302619218826	0.4298740327358246	-0.07194849848747253	0.16521090269088745	0.17376786470413208	n/a	-0.058797016739845276	-0.046440333127975464	0.14147715270519257	0.15492235124111176	0.8789924383163452	-0.2966673970222473	0.10619042068719864	-0.057754237204790115	-0.01833646185696125	0.027314774692058563	0.22859638929367065	-0.3526623845100403	0.02479627914726734	-0.44403350353240967	-0.04952171817421913	0.08589296042919159	-0.0763690248131752	-0.05270591005682945	-0.09314367175102234	0.1657615453004837	-0.09341713041067123	0.07662493735551834	0.21221695840358734	0.23518872261047363	0.19151641428470612	0.12504218518733978	-0.23389281332492828	-0.03578954562544823	-0.22970952093601227	-0.06370039284229279	-0.009493515826761723	-0.04236761853098869	-0.00600574491545558	-0.008258865214884281	0.11487000435590744	-0.04500358924269676	-0.3119075894355774	-0.10713230818510056	0.04183228313922882	0.48147809505462646	0.2857836186885834	-0.2768990695476532	-0.21994125843048096	0.18126505613327026	0.20750468969345093
DAN_LABEL_15	-0.021239159628748894	-0.27683937549591064	0.11025501787662506	-0.021209776401519775	-0.039952270686626434	0.05385765805840492	-0.12408715486526489	n/a	-0.28339314460754395	-0.2962853014469147	0.006072430405765772	-0.1581229716539383	0.11864297091960907	-0.13530687987804413	1.0	0.040378835052251816	0.3674834966659546	0.05800678953528404	-0.4170447289943695	0.21066512167453766	-0.04955117031931877	0.14089494943618774	0.3616572916507721	-0.11976183205842972	0.2297760248184204	0.12307402491569519	0.2602440416812897	-0.15362548828125	-0.15084972977638245	-0.2916370630264282	0.018566187471151352	0.0949316993355751	0.02373087778687477	-0.3739517629146576	n/a	-0.21634474396705627	0.025496752932667732	-0.1090204194188118	0.4625594913959503	-0.053021784871816635	0.6905002593994141	0.3536779284477234	-0.2492278665304184	0.26368287205696106	0.09376665204763412	-0.11039889603853226	0.37772077322006226	-0.18750311434268951	0.3336467146873474	-0.10472661256790161	-0.045820195227861404	-0.13647213578224182	0.007228529080748558	-0.3954060673713684	0.1486906260251999	-0.02062937617301941	0.22118227183818817	0.240055114030838	0.2923847436904907	-0.017786428332328796	0.24929699301719666	0.21285833418369293	0.04532621055841446	0.29601314663887024	0.050275154411792755	0.11455202102661133	0.23001818358898163	0.1244400143623352	-0.15334998071193695	0.344952791929245	0.15718697011470795	0.0721542239189148	-0.1656082272529602	-0.13759766519069672	0.07137316465377808	-0.050118912011384964	0.4304155111312866	0.15295621752738953	-0.3485669791698456	-0.16683723032474518
DMN_LABEL_16	0.5730355381965637	-0.37116217613220215	0.12244807183742523	-0.12736305594444275	0.3092767000198364	0.5107771754264832	0.4144222140312195	n/a	-0.034699954092502594	-0.5888398885726929	-0.49421191215515137	-0.5000081062316895	-0.08005473017692566	0.1344112902879715	0.040378835052251816	1.0	-0.24648989737033844	0.8837804198265076	0.3918776512145996	-0.27810952067375183	-0.3721425533294678	-0.28033027052879333	-0.08422236144542694	0.46102407574653625	-0.034345950931310654	0.6959761381149292	0.3984375596046448	0.45477089285850525	-0.45594021677970886	0.4877781569957733	-0.12562598288059235	0.43168801069259644	0.38652968406677246	0.3738328516483307	n/a	-0.6325435042381287	-0.4551955759525299	-0.5978550314903259	0.10515528172254562	0.18170815706253052	0.06121093034744263	-0.154484823346138	0.2410324066877365	-0.3533419072628021	-0.3928104043006897	-0.2771192789077759	-0.3354513943195343	0.35894909501075745	0.014479642733931541	0.7923209071159363	0.018695911392569542	0.39768314361572266	0.7755319476127625	0.058826200664043427	0.4318647086620331	-0.228061243891716	0.05289650708436966	0.45393791794776917	0.3861946165561676	0.1078629344701767	-0.12404000014066696	0.2881634831428528	0.4417925477027893	0.2153707593679428	0.13442446291446686	-0.10830622166395187	0.21077942848205566	-0.17988428473472595	0.18819545209407806	0.19505208730697632	0.4138474464416504	0.2285463809967041	-0.4196914732456207	0.10983768105506897	0.31746211647987366	0.10882428288459778	0.09095072746276855	0.008066101931035519	-0.1786641776561737	0.2129029482603073
CO_LABEL_17	-0.19726864993572235	-0.17741860449314117	-0.16615581512451172	0.32523876428604126	0.04113277047872543	-0.29702556133270264	-0.001561638549901545	n/a	-0.1984587162733078	0.14896638691425323	0.06803779304027557	0.10719373822212219	0.1305757761001587	-0.011526783928275108	0.3674834966659546	-0.24648989737033844	1.0	-0.15278011560440063	-0.44232624769210815	0.4461069107055664	0.5985103249549866	-0.005864620208740234	0.029013056308031082	-0.4856796860694885	-0.3151599168777466	-0.11001081764698029	0.00033720562350936234	-0.5871420502662659	-0.06776666641235352	-0.531344473361969	0.3848280608654022	-0.028723493218421936	-0.29159003496170044	-0.1920183002948761	n/a	0.03304220363497734	-0.041534699499607086	0.325868159532547	0.4411182999610901	-0.11222613602876663	0.14988304674625397	0.7638925313949585	-0.5124144554138184	0.3284837305545807	0.5182793736457825	0.006728844717144966	0.5392088294029236	-0.3995708227157593	-0.29115575551986694	-0.3647245764732361	-0.23052404820919037	-0.10364994406700134	-0.2784050703048706	-0.19937090575695038	-0.3281272351741791	0.18139494955539703	0.39695119857788086	0.2725016176700592	0.09372307360172272	0.4633115530014038	0.23625363409519196	-0.06887590885162354	-0.2229437381029129	0.061064817011356354	-0.1867685616016388	0.5250896215438843	0.21119415760040283	0.4835975468158722	0.01374690979719162	0.2245878130197525	-0.1401285082101822	-0.18703067302703857	0.03288830816745758	-0.28002339601516724	0.054423585534095764	0.019649071618914604	0.3994951546192169	0.47803252935409546	-0.15526564419269562	-0.35588696599006653
DMN_LABEL_18	0.5481043457984924	-0.3266782760620117	-0.027466868981719017	-0.26757296919822693	0.4802406132221222	0.30150628089904785	0.5079334378242493	n/a	0.10235177725553513	-0.5718446969985962	-0.5673522353172302	-0.5011023283004761	-0.17885184288024902	-0.04403519630432129	0.05800678953528404	0.8837804198265076	-0.15278011560440063	1.0	0.4561324417591095	-0.30854856967926025	-0.35022860765457153	-0.4071625769138336	0.033170055598020554	0.4139738082885742	-0.02346973679959774	0.535429835319519	0.3782767355442047	0.4820877015590668	-0.36322054266929626	0.46330538392066956	-0.24846865236759186	0.47204622626304626	0.16471372544765472	0.4547134339809418	n/a	-0.6402184367179871	-0.5679659247398376	-0.6905727386474609	0.09075742214918137	0.048460111021995544	0.14372295141220093	-0.11740310490131378	0.2826874852180481	-0.331889808177948	-0.36351996660232544	-0.3789106607437134	-0.0984225943684578	0.32261207699775696	0.10451988130807877	0.8035467863082886	0.040086232125759125	0.3680194616317749	0.6982470154762268	0.10093864798545837	0.3076734244823456	-0.17117635905742645	0.04387018084526062	0.32231253385543823	0.22095590829849243	0.13819631934165955	-0.07109593600034714	0.2518917918205261	0.3604208827018738	0.17786823213100433	0.031265076249837875	-0.12336886674165726	0.19605234265327454	-0.12272172421216965	0.06195950135588646	0.20507195591926575	0.350575715303421	0.23783467710018158	-0.3707950711250305	0.047989312559366226	0.15628886222839355	-0.033666420727968216	0.17570167779922485	0.060813091695308685	-0.18003101646900177	0.03932076320052147
VAN_LABEL_19	0.2223893254995346	0.13890260457992554	0.10121802240610123	-0.49023011326789856	0.3476046025753021	0.0855250284075737	0.11818877607584	n/a	0.1365872025489807	-0.1431293785572052	-0.3526599407196045	-0.10171342641115189	-0.39295586943626404	-0.04674422740936279	-0.4170447289943695	0.3918776512145996	-0.44232624769210815	0.4561324417591095	1.0	-0.48434245586395264	-0.2879449427127838	-0.27882519364356995	-0.21617139875888824	0.3907676339149475	0.036422476172447205	0.061072420328855515	0.0198543481528759	0.6539868116378784	0.03995179757475853	0.6394022107124329	-0.4774119555950165	0.3319290578365326	0.10603964328765869	0.3099965751171112	n/a	-0.142083078622818	-0.3890080153942108	-0.263385146856308	-0.30303922295570374	0.006873200181871653	-0.19735261797904968	-0.3880304992198944	0.597939670085907	-0.46742191910743713	-0.288941353559494	-0.21576549112796783	-0.43553975224494934	0.3891468644142151	0.11088063567876816	0.5516813397407532	0.3564191162586212	0.1939707100391388	0.32820674777030945	0.25885093212127686	-0.003991960547864437	-0.23476921021938324	-0.14987479150295258	-0.23400114476680756	-0.27820920944213867	-0.09011521935462952	-0.4191749095916748	0.07815690338611603	0.3127748668193817	0.024288292974233627	0.05489737540483475	-0.20835214853286743	0.1951964944601059	-0.3658544421195984	0.1197628602385521	-0.08753819018602371	0.18320362269878387	0.2774893045425415	-0.15107303857803345	0.2731972336769104	-0.13453297317028046	-0.1530328243970871	-0.41154029965400696	-0.26265791058540344	0.00902177207171917	0.17766711115837097
CO_LABEL_20	-0.06381083279848099	-0.20105472207069397	0.08343895524740219	0.4265333414077759	0.007503902539610863	-0.011568624526262283	-0.14086821675300598	n/a	-0.34159359335899353	0.3771563768386841	0.49714192748069763	0.18330982327461243	0.26806458830833435	0.09955911338329315	0.21066512167453766	-0.27810952067375183	0.4461069107055664	-0.30854856967926025	-0.48434245586395264	1.0	0.460647314786911	0.178969144821167	-0.03585829213261604	-0.2501252591609955	-0.09420430660247803	-0.09243834763765335	-0.02249201387166977	-0.49384504556655884	-0.16899143159389496	-0.21215525269508362	0.5353696942329407	-0.2214912325143814	0.014290672726929188	-0.34204337000846863	n/a	0.2096397578716278	0.4221288859844208	0.2794768810272217	0.1695624142885208	-0.0271912869066	0.09888170659542084	0.46059197187423706	-0.49634161591529846	0.5928117632865906	0.349704384803772	0.21323058009147644	0.2281496375799179	-0.15538261830806732	-0.22292986512184143	-0.303581565618515	-0.23976033926010132	-0.11545446515083313	-0.1899244338274002	-0.3676782250404358	-0.11937130242586136	0.1818423569202423	-0.1029353141784668	0.03329544514417648	0.03531477227807045	-0.0426969900727272	0.43478456139564514	-0.17475062608718872	-0.23195402324199677	-0.16261179745197296	-0.051940932869911194	0.18077781796455383	-0.10013196617364883	0.18102271854877472	0.018558083102107048	0.1677597314119339	-0.3216813802719116	-0.3193950355052948	0.01862357370555401	-0.26181161403656006	0.3864322006702423	0.08702945709228516	0.2929518520832062	0.3028186857700348	0.061530064791440964	-0.08698426932096481
CO_LABEL_21	-0.13184058666229248	0.003156765131279826	-0.06316091120243073	0.2024679183959961	0.008057919330894947	-0.24528449773788452	-0.06977705657482147	n/a	-0.3843947947025299	0.7343034148216248	0.5590428113937378	0.5031488537788391	-0.17764441668987274	0.06730441749095917	-0.04955117031931877	-0.3721425533294678	0.5985103249549866	-0.35022860765457153	-0.2879449427127838	0.460647314786911	1.0	0.2982417941093445	-0.21192803978919983	-0.3535117506980896	-0.4965534210205078	-0.2769390344619751	-0.1576065719127655	-0.4574874937534332	-0.014214098453521729	-0.21373888850212097	0.3588867783546448	-0.11106716841459274	-0.2073323130607605	-0.2091638445854187	n/a	0.5883201956748962	0.3630647659301758	0.6637282967567444	0.0511687770485878	-0.08914420753717422	-0.0050097377970814705	0.591904878616333	-0.5769111514091492	0.3934135138988495	0.8004085421562195	0.3806363642215729	0.2822812795639038	-0.17496095597743988	-0.4399983882904053	-0.2701784670352936	0.09935173392295837	-0.060366999357938766	-0.3328407406806946	-0.36876440048217773	-0.19884100556373596	0.11602766811847687	0.10490083694458008	0.03250935673713684	-0.13697823882102966	0.32701751589775085	0.2799321413040161	-0.1743108332157135	-0.3194690942764282	-0.14423060417175293	-0.1345296949148178	0.5052958726882935	0.13206999003887177	0.2226915806531906	0.12776708602905273	-0.06601335853338242	-0.39427486062049866	-0.30789923667907715	0.15331487357616425	-0.20992158353328705	0.16051405668258667	-0.001202377025038004	0.17251740396022797	0.4596847891807556	0.21211960911750793	-0.10388457775115967
Sal_LABEL_22	-0.09399688988924026	0.18273144960403442	0.182252898812294	0.14887166023254395	-0.4477216303348541	-0.06143362820148468	-0.20937471091747284	n/a	-0.24361509084701538	0.4310327470302582	0.6024436950683594	0.4825988709926605	0.02819688618183136	0.15764933824539185	0.14089494943618774	-0.28033027052879333	-0.005864620208740234	-0.4071625769138336	-0.27882519364356995	0.178969144821167	0.2982417941093445	1.0	-0.1464124470949173	-0.2554355263710022	-0.19108320772647858	-0.003511447226628661	0.29310479760169983	0.04416569322347641	0.12147922813892365	-0.17361313104629517	0.06595738977193832	-0.24488674104213715	-0.04523349553346634	-0.34600701928138733	n/a	0.47666850686073303	0.5772399306297302	0.5542290210723877	-0.16942252218723297	0.08460977673530579	0.053418245166540146	0.09601761400699615	-0.16488422453403473	0.16791965067386627	0.4260607957839966	0.6522405743598938	-0.10805241018533707	-0.25976312160491943	-0.25172606110572815	-0.34455835819244385	0.32529234886169434	-0.2315864861011505	-0.30451396107673645	-0.346937358379364	0.09290006756782532	-0.0914759412407875	-0.0839555636048317	0.018240492790937424	0.09752868115901947	-0.11321108788251877	0.12291553616523743	0.021056214347481728	-0.27572372555732727	-0.0030972145032137632	-0.0257536843419075	0.0027576989959925413	-0.13173718750476837	-0.17755939066410065	-0.1836262196302414	-0.010395308956503868	-0.24714170396327972	-0.21929121017456055	-0.14777958393096924	-0.08052238076925278	0.06612522900104523	0.15655459463596344	-0.055792853236198425	-0.16362181305885315	0.05017714947462082	0.36874261498451233
DAN_LABEL_23	-0.26853933930397034	0.036930132657289505	0.18734189867973328	-0.28289562463760376	-0.013665055856108665	-0.3160567581653595	-0.18657122552394867	n/a	0.2086772620677948	-0.2024351805448532	-0.1089167669415474	-0.19331622123718262	-0.1970832347869873	-0.4526445269584656	0.3616572916507721	-0.08422236144542694	0.029013056308031082	0.033170055598020554	-0.21617139875888824	-0.03585829213261604	-0.21192803978919983	-0.1464124470949173	1.0	0.04549354314804077	0.4713461399078369	-0.12967851758003235	-0.06634795665740967	-0.18574658036231995	0.10438142716884613	-0.028178231790661812	-0.3947691023349762	0.17478513717651367	-0.13895058631896973	-0.15174879133701324	n/a	-0.0770554170012474	-0.0425625704228878	-0.3270089030265808	-0.08506487309932709	-0.21884289383888245	0.4764842391014099	0.0489126555621624	-0.15773841738700867	-0.1520201414823532	-0.027095885947346687	-0.1815369427204132	0.5930356383323669	0.08393996208906174	0.6100493669509888	0.03061230666935444	0.012459509074687958	-0.18437686562538147	0.030806824564933777	0.17679671943187714	-0.00779460184276104	0.20035317540168762	0.2789209485054016	-0.1763545721769333	-0.27830907702445984	-0.32582077383995056	-0.12124715745449066	0.057494860142469406	-0.26916980743408203	-0.06081748008728027	-0.19139575958251953	-0.12004368752241135	-0.024099664762616158	0.09360144287347794	-0.2934287190437317	0.03586447611451149	0.012035801075398922	0.10346635431051254	0.07893049716949463	0.05327344685792923	-0.32256805896759033	-0.11074381321668625	0.2521530091762543	-0.07626540213823318	0.009103520773351192	-0.24667447805404663
PMN_LABEL_24	0.5421188473701477	-0.14641834795475006	-0.023683756589889526	-0.06000490486621857	0.06387390941381454	0.7076824903488159	0.4647917151451111	n/a	-0.000768094789236784	-0.22788816690444946	-0.18159542977809906	-0.36463847756385803	-0.3055509626865387	-0.0031236514914780855	-0.11976183205842972	0.46102407574653625	-0.4856796860694885	0.4139738082885742	0.3907676339149475	-0.2501252591609955	-0.3535117506980896	-0.2554355263710022	0.04549354314804077	1.0	0.11214900016784668	0.20636294782161713	0.025775417685508728	0.4693887233734131	-0.1689659059047699	0.5409834384918213	-0.1864665448665619	-0.05433512479066849	0.710915207862854	0.5395854711532593	n/a	-0.2781410813331604	-0.2328146994113922	-0.4049314260482788	-0.16218003630638123	0.05716569349169731	-0.15602414309978485	-0.3841352164745331	0.3987346589565277	-0.2582451403141022	-0.5035110116004944	-0.3735600411891937	-0.3001323640346527	0.8097484111785889	0.2770237624645233	0.4507278501987457	0.04043179005384445	0.3893362283706665	0.33850929141044617	-0.07396192848682404	0.24788516759872437	-0.36202943325042725	-0.24763824045658112	-0.0013502724468708038	0.06919990479946136	-0.1774558424949646	-0.08108004182577133	0.15410564839839935	0.3292604684829712	0.20982837677001953	0.14935101568698883	-0.2159081995487213	0.17158611118793488	-0.34506043791770935	0.12233223766088486	-0.11653406918048859	0.23132926225662231	0.2855721712112427	-0.10104693472385406	0.3783591687679291	0.2543002665042877	-0.05733988434076309	0.008714177645742893	-0.15622365474700928	-0.046526357531547546	0.058975089341402054
DAN_LABEL_25	-0.30051490664482117	-0.0888555571436882	0.21482934057712555	-0.27976077795028687	-0.019589146599173546	0.034341342747211456	-0.408345490694046	n/a	0.04061960428953171	-0.3325030505657196	-0.06442667543888092	-0.14752109348773956	0.1081799641251564	-0.36251530051231384	0.2297760248184204	-0.034345950931310654	-0.3151599168777466	-0.02346973679959774	0.036422476172447205	-0.09420430660247803	-0.4965534210205078	-0.19108320772647858	0.4713461399078369	0.11214900016784668	1.0	-0.18909555673599243	0.018301015719771385	0.13315393030643463	-0.0309007428586483	0.10995345562696457	-0.40573903918266296	0.18396854400634766	0.16454923152923584	-0.3555459976196289	n/a	-0.11513637006282806	0.04180135577917099	-0.2856003940105438	-0.09149902313947678	-0.1258244663476944	0.2498178780078888	-0.3724946677684784	0.09695866703987122	-0.11515867710113525	-0.33815816044807434	-0.23062966763973236	-0.0053797378204762936	0.2736222743988037	0.7875205278396606	0.12594304978847504	0.11254259198904037	-0.16345012187957764	0.21782240271568298	0.21521469950675964	0.12458490580320358	0.14284773170948029	0.09799016267061234	-0.26158738136291504	-0.06311266124248505	-0.49782776832580566	-0.21333906054496765	0.23666055500507355	0.0975145772099495	0.006309034768491983	0.05594351142644882	-0.4523341953754425	0.09134337306022644	-0.0049185603857040405	-0.05248459428548813	-0.04853871464729309	0.11790907382965088	0.2743331491947174	0.24066689610481262	0.16757600009441376	-0.31234657764434814	-0.3119051456451416	0.1946922242641449	-0.21250203251838684	-0.15176387131214142	-0.10263767093420029
