Node	LH_Vis_1	LH_Vis_2	LH_Vis_3	LH_Vis_4	LH_Vis_5	LH_Vis_6	LH_Vis_7	LH_Vis_8	LH_Vis_9	LH_SomMot_1	LH_SomMot_2	LH_SomMot_3	LH_SomMot_4	LH_SomMot_5	LH_SomMot_6	LH_DorsAttn_Post_1	LH_DorsAttn_Post_2	LH_DorsAttn_Post_3	LH_DorsAttn_Post_4	LH_DorsAttn_Post_5	LH_DorsAttn_Post_6	LH_DorsAttn_PrCv_1	LH_DorsAttn_FEF_1	LH_SalVentAttn_ParOper_1	LH_SalVentAttn_FrOperIns_1	LH_SalVentAttn_FrOperIns_2	LH_SalVentAttn_PFCl_1	LH_SalVentAttn_Med_1	LH_SalVentAttn_Med_2	LH_SalVentAttn_Med_3	LH_Limbic_OFC_1	LH_Limbic_TempPole_1	LH_Limbic_TempPole_2	LH_Cont_Par_1	LH_Cont_PFCl_1	LH_Cont_pCun_1	LH_Cont_Cing_1	LH_Default_Temp_1	LH_Default_Temp_2	LH_Default_Par_1	LH_Default_Par_2	LH_Default_PFC_1	LH_Default_PFC_2	LH_Default_PFC_3	LH_Default_PFC_4	LH_Default_PFC_5	LH_Default_PFC_6	LH_Default_PFC_7	LH_Default_pCunPCC_1	LH_Default_pCunPCC_2	RH_Vis_1	RH_Vis_2	RH_Vis_3	RH_Vis_4	RH_Vis_5	RH_Vis_6	RH_Vis_7	RH_Vis_8	RH_SomMot_1	RH_SomMot_2	RH_SomMot_3	RH_SomMot_4	RH_SomMot_5	RH_SomMot_6	RH_SomMot_7	RH_SomMot_8	RH_DorsAttn_Post_1	RH_DorsAttn_Post_2	RH_DorsAttn_Post_3	RH_DorsAttn_Post_4	RH_DorsAttn_Post_5	RH_DorsAttn_PrCv_1	RH_DorsAttn_FEF_1	RH_SalVentAttn_TempOccPar_1	RH_SalVentAttn_TempOccPar_2	RH_SalVentAttn_FrOperIns_1	RH_SalVentAttn_Med_1	RH_SalVentAttn_Med_2	RH_Limbic_OFC_1	RH_Limbic_TempPole_1	RH_Cont_Par_1	RH_Cont_Par_2	RH_Cont_PFCl_1	RH_Cont_PFCl_2	RH_Cont_PFCl_3	RH_Cont_PFCl_4	RH_Cont_Cing_1	RH_Cont_PFCmp_1	RH_Cont_pCun_1	RH_Default_Par_1	RH_Default_Temp_1	RH_Default_Temp_2	RH_Default_Temp_3	RH_Default_PFCv_1	RH_Default_PFCv_2	RH_Default_PFCdPFCm_1	RH_Default_PFCdPFCm_2	RH_Default_PFCdPFCm_3	RH_Default_pCunPCC_1	RH_Default_pCunPCC_2	LH-Pu	LH-Ca	LH-NAC	LH-EXA	LH-GPe	LH-GPi	LH-SNc_PBP_VTA	LH-RN	LH-SNr	LH-VeP	LH-HN	LH-HTH	LH-MN	LH-STH	RH-Pu	RH-Ca	RH-NAC	RH-EXA	RH-GPe	RH-GPi	RH-SNc_PBP_VTA	RH-RN	RH-SNr	RH-VeP	RH-HN	RH-HTH	RH-MN	RH-STH	LH-Pulvinar	LH-Anterior	LH-Medio_Dorsal	LH-Ventral_Latero_Dorsal	LH-Central_Lateral-Lateral_Posterior-Medial_Pulvinar	LH-Ventral_Anterior	LH-Ventral_Latero_Ventral	RH-Pulvinar	RH-Anterior	RH-Medio_Dorsal	RH-Ventral_Latero_Dorsal	RH-Central_Lateral-Lateral_Posterior-Medial_Pulvinar	RH-Ventral_Anterior	RH-Ventral_Latero_Ventral	LH_Hippocampus	LH_Amygdala	RH_Hippocampus	RH_Amygdala	Cerebellar_Region1	Cerebellar_Region2	Cerebellar_Region3	Cerebellar_Region4	Cerebellar_Region5	Cerebellar_Region6	Cerebellar_Region7	Cerebellar_Region8	Cerebellar_Region9	Cerebellar_Region10
LH_Vis_1	1.0	-0.11488033831119537	0.2637024521827698	-0.0871121734380722	-0.04379263147711754	-0.08416171371936798	0.3683353364467621	-0.14621464908123016	0.03112860955297947	0.4525402784347534	0.43829700350761414	0.37726011872291565	-0.07414895296096802	0.27912381291389465	0.17375034093856812	0.3225976228713989	0.2737730145454407	0.033464666455984116	0.15701116621494293	0.3613344132900238	0.18951430916786194	0.20020107924938202	0.2126096785068512	0.2840522527694702	0.25191861391067505	-0.20910516381263733	-0.3519876301288605	-0.45545992255210876	0.3470361530780792	-0.2340228408575058	0.3235902786254883	0.7339750528335571	0.024423258379101753	-0.0773463174700737	-0.06657864898443222	-0.05063707381486893	-0.08826745301485062	0.3858323097229004	0.14542406797409058	0.19387127459049225	-0.036353375762701035	-0.6272469758987427	-0.017750795930624008	0.15770268440246582	-0.4441086947917938	-0.1423906832933426	-0.40370723605155945	0.43365374207496643	0.6448386907577515	0.19382627308368683	0.7619147300720215	-0.06526311486959457	0.019560635089874268	-0.13475333154201508	-0.15873046219348907	0.2925795018672943	-0.20728544890880585	0.06449791043996811	0.37400585412979126	0.4353075623512268	0.34094172716140747	0.051989804953336716	0.3566208779811859	0.38896411657333374	0.3856901526451111	0.05989977344870567	0.6148573160171509	0.2091655433177948	-0.1583586186170578	-0.18213298916816711	0.24512691795825958	-0.0540069118142128	0.0381823368370533	0.17044994235038757	0.2563924789428711	0.08544294536113739	0.23138943314552307	-0.10286317020654678	0.07052057981491089	0.48518106341362	-0.5496769547462463	-0.03974559158086777	-0.49120956659317017	-0.19546140730381012	-0.2877861261367798	-0.4518471658229828	-0.01935384050011635	-0.5875940918922424	-0.18022866547107697	-0.20325830578804016	0.027467267587780952	0.5608130097389221	0.3674410879611969	-0.4406234920024872	-0.05316370725631714	0.3650442361831665	-0.29026177525520325	0.04150180146098137	0.6819047927856445	0.18015240132808685	-0.11087676137685776	-0.40269216895103455	0.17576497793197632	-0.17883135378360748	-0.07747547328472137	-0.23648236691951752	0.19720904529094696	0.22427980601787567	0.5482873320579529	-0.13033124804496765	-0.16206389665603638	-0.09652183204889297	0.35622861981391907	0.008227292448282242	-0.003417344531044364	-0.40181005001068115	0.17520038783550262	-0.14544831216335297	0.057795144617557526	0.05159507691860199	0.061280228197574615	0.01405278965830803	0.14864850044250488	0.10868734866380692	0.18355916440486908	0.27830302715301514	0.16684627532958984	0.049551092088222504	0.18934139609336853	0.09379009902477264	0.2512616813182831	0.17372460663318634	0.48356398940086365	-0.4065156877040863	0.11019125580787659	0.4939175844192505	0.02858908101916313	0.15796664357185364	-0.13269168138504028	0.24753762781620026	-0.025334548205137253	-0.23358240723609924	0.6752756834030151	0.3935445547103882	0.6792147159576416	0.5801419019699097	0.0413794107735157	-0.039236076176166534	-0.16664032638072968	-0.055475328117609024	-0.46621063351631165	-0.4336678981781006	-0.34477752447128296	-0.22502094507217407	-0.226165309548378	-0.29573753476142883
LH_Vis_2	-0.11488033831119537	1.0	0.7007644772529602	-0.08398650586605072	0.733352541923523	0.7106146812438965	-0.12426780164241791	0.6950310468673706	0.6947810649871826	0.051255591213703156	-0.17203333973884583	0.21063730120658875	0.10889331251382828	-0.1372903734445572	-0.30093130469322205	0.00928501971065998	0.1385098099708557	0.20759499073028564	0.146247997879982	0.5674832463264465	0.24828137457370758	0.3018351197242737	0.5442414283752441	0.43571794033050537	0.22801706194877625	0.4527926743030548	0.4460432529449463	0.014962512999773026	0.32048454880714417	0.1640615314245224	-0.5351459383964539	-0.42513594031333923	-0.40706756711006165	0.2293017953634262	0.011780936270952225	-0.343993216753006	-0.5003558993339539	-0.5800621509552002	-0.08280735462903976	-0.017414811998605728	-0.4897976517677307	-0.19101132452487946	-0.26529476046562195	-0.6224321126937866	-0.5479739308357239	-0.42119020223617554	-0.26106080412864685	-0.19926942884922028	-0.35356980562210083	-0.4795095920562744	-0.035512350499629974	0.7177504897117615	-0.44165289402008057	0.31217241287231445	0.7313054800033569	0.5783954858779907	0.3578643202781677	0.6288067698478699	0.16497080028057098	0.2466866374015808	0.21030090749263763	0.03450050950050354	0.1584634631872177	0.2392546534538269	0.2945071756839752	-0.10864588618278503	0.3498617708683014	0.24167759716510773	0.2731563448905945	-0.005035522393882275	0.5011098384857178	0.3878474235534668	0.5280981063842773	-0.011989428661763668	0.3884817659854889	0.3899663984775543	0.3735552728176117	0.41774454712867737	-0.42255011200904846	-0.4407575726509094	0.18207001686096191	0.35594698786735535	-0.1948467344045639	0.11527298390865326	0.2481372058391571	0.27618134021759033	-0.3891870081424713	0.08864587545394897	0.20454978942871094	-0.19660258293151855	-0.10166051983833313	-0.2651134729385376	0.004464541561901569	-0.125706285238266	0.1615259200334549	-0.5218379497528076	-0.18503177165985107	0.30143243074417114	-0.026489056646823883	-0.3387572765350342	-0.02633996307849884	-0.08202219009399414	-0.33685895800590515	0.23434217274188995	-0.4688121974468231	-0.2261788547039032	-0.2585468590259552	0.08042631298303604	-0.12314263731241226	-0.09580028057098389	-0.19984173774719238	0.2616212069988251	0.43688780069351196	0.11892154067754745	0.08668991923332214	-0.09625783562660217	-0.13598300516605377	-0.44002434611320496	0.40355926752090454	-0.16321216523647308	0.08612699061632156	0.004122859798371792	-0.16607579588890076	0.04728002846240997	-0.31163445115089417	-0.5033318996429443	-0.361516535282135	-0.19447118043899536	0.01272567268460989	-0.10914070159196854	-0.10911525785923004	-0.12124335020780563	-0.37258532643318176	0.3623352348804474	-0.06029506400227547	0.14490707218647003	-0.2604742646217346	-0.5164508819580078	0.49454548954963684	-0.09712205082178116	0.0101399514824152	-0.06154229864478111	-0.4298110008239746	-0.04674553498625755	-0.38854244351387024	-0.3200792670249939	0.004446178209036589	-0.35437461733818054	-0.13247369229793549	0.5865983963012695	-0.03544015437364578	0.25842246413230896	-0.1100463941693306	-0.5464207530021667	-0.5255924463272095	-0.1250106543302536
LH_Vis_3	0.2637024521827698	0.7007644772529602	1.0	-0.07536187022924423	0.5844413638114929	0.7551555633544922	0.1339157223701477	0.6566483378410339	0.790093183517456	0.2737484574317932	0.19792838394641876	0.3338719606399536	-0.018528461456298828	-0.030064260587096214	-0.14617106318473816	0.08542068302631378	0.13101443648338318	0.14611205458641052	0.12317007035017014	0.5394009351730347	0.33326300978660583	0.38272979855537415	0.5461052656173706	0.48196277022361755	0.50724858045578	0.48480796813964844	0.20636619627475739	-0.1384519636631012	0.4278707504272461	0.030247842893004417	-0.10854429751634598	-0.020595241338014603	-0.1529828906059265	0.21838639676570892	0.012470902875065804	-0.2536240518093109	-0.466849148273468	-0.4209705591201782	0.009272257797420025	0.11745784431695938	-0.4890902638435364	-0.2589544355869293	-0.16522468626499176	-0.5183091759681702	-0.6765339970588684	-0.5631855130195618	-0.5407336950302124	-0.18732571601867676	-0.1278349757194519	-0.4707280993461609	0.3201960325241089	0.6889175772666931	-0.49310502409935	0.20617012679576874	0.6915028095245361	0.8089853525161743	0.2937200367450714	0.804242730140686	0.35643959045410156	0.2798387110233307	0.3046235740184784	-0.02688344195485115	0.3219270706176758	0.23366086184978485	0.3776102066040039	-0.07707918435335159	0.5527163147926331	0.13128520548343658	0.10855082422494888	-0.208879292011261	0.44668063521385193	0.370367169380188	0.4400392770767212	0.2717815339565277	0.4861346483230591	0.534867525100708	0.5942994952201843	0.5132302641868591	-0.08097249269485474	-0.025662757456302643	0.04794200509786606	0.33591270446777344	-0.40121737122535706	0.03157183155417442	0.19928355515003204	-0.0548524484038353	-0.3130490481853485	-0.08868031948804855	0.15695951879024506	-0.27604421973228455	0.03675157204270363	0.015412187203764915	0.2582220733165741	-0.19747181236743927	0.19450177252292633	-0.3783346712589264	-0.35822075605392456	0.28694307804107666	0.23899193108081818	-0.29281124472618103	-0.029475681483745575	-0.05398719385266304	-0.037208013236522675	0.33499911427497864	-0.4005905091762543	-0.06488362699747086	-0.3017368018627167	0.273093044757843	0.0877666175365448	-0.24186578392982483	-0.08603595942258835	0.2701405882835388	0.40958061814308167	0.1870453655719757	0.02259882353246212	-0.19189289212226868	-0.051324695348739624	-0.3265897035598755	0.5129719972610474	-0.05198860913515091	-0.13025672733783722	0.1676342785358429	-0.089073047041893	0.2820001244544983	-0.23265613615512848	-0.33092033863067627	-0.1750040203332901	-0.0824533998966217	0.20435813069343567	-0.05765501782298088	-0.08385628461837769	0.038450755178928375	-0.11452870815992355	0.3323584794998169	-0.0049070753157138824	0.23423252999782562	-0.34404081106185913	-0.5415513515472412	0.30573317408561707	-0.1163599044084549	0.21243247389793396	-0.10069096833467484	0.09483183920383453	0.25965481996536255	0.09477823227643967	0.07842732220888138	0.04974431172013283	-0.27140456438064575	-0.018562695011496544	0.5234065055847168	-0.1616545021533966	0.14068493247032166	-0.36104997992515564	-0.5003905892372131	-0.4851991534233093	-0.25692638754844666
LH_Vis_4	-0.0871121734380722	-0.08398650586605072	-0.07536187022924423	1.0	0.1301509588956833	0.06653732806444168	-0.22787797451019287	0.0387282520532608	-0.07223687320947647	-0.1327589899301529	-0.26966428756713867	-0.19962798058986664	-0.05218985676765442	0.18246236443519592	-0.22180302441120148	-0.305620402097702	-0.29601582884788513	-0.36559247970581055	-0.27643927931785583	-0.27416545152664185	-0.3538719713687897	-0.11281806975603104	-0.12343532592058182	-0.2451329082250595	-0.17724625766277313	-0.0800815150141716	-0.24947808682918549	-0.294177770614624	-0.09093772619962692	-0.27193620800971985	0.07752165198326111	-0.06892243027687073	0.07432575523853302	-0.278981477022171	0.0737055242061615	-0.05831238254904747	-0.03125903382897377	0.11156212538480759	-0.06149487569928169	-0.1517428606748581	0.026058116927742958	0.008576346561312675	0.07250240445137024	0.08071437478065491	0.019151881337165833	-0.08738246560096741	-0.14672493934631348	-0.13788019120693207	0.06134229153394699	-0.004006828647106886	-0.09726177155971527	-0.1490357667207718	-0.1267586648464203	0.38623595237731934	0.048601653426885605	-0.04163903743028641	0.08578289300203323	0.00996830128133297	-0.24441371858119965	-0.42629337310791016	-0.3576551675796509	-0.1183951199054718	-0.08417396992444992	-0.1571318656206131	-0.20854982733726501	-0.37012147903442383	-0.16636991500854492	-0.43848568201065063	-0.16251027584075928	-0.299896776676178	-0.3360306918621063	0.16380280256271362	-0.17668649554252625	-0.03852180019021034	-0.2577281594276428	-0.06088728457689285	-0.040323320776224136	-0.017724156379699707	0.23222807049751282	-0.08212018013000488	0.19125936925411224	-0.03446314111351967	0.313685804605484	0.13878758251667023	0.08136934787034988	0.21246199309825897	0.008251214399933815	0.12452039867639542	-0.04255357384681702	0.12586712837219238	0.03345124423503876	0.028568686917424202	-0.04019568860530853	0.069895900785923	0.2051820307970047	0.12880007922649384	0.05017474293708801	-0.13893206417560577	0.1061321496963501	0.17250925302505493	0.04265531152486801	0.008545927703380585	0.2827388346195221	-0.04143688082695007	0.15515977144241333	0.026104092597961426	0.08049274981021881	-0.012171865440905094	0.04369361326098442	0.06364738196134567	0.16232167184352875	0.08985669910907745	-0.33975422382354736	-0.5703144073486328	-0.0900484174489975	0.023926282301545143	0.34332478046417236	0.2935756742954254	-0.06617441773414612	0.3553130626678467	-0.2188633233308792	0.17644867300987244	0.07940288633108139	0.11532211303710938	0.06435122340917587	-0.014138837344944477	0.06693911552429199	-0.07264425605535507	-0.27273234724998474	0.24707993865013123	-0.04208673909306526	-0.20351667702198029	-0.000931125832721591	0.004400764126330614	-0.25108271837234497	-0.04380114749073982	0.10252579301595688	0.1621803641319275	-0.5068750977516174	0.12899275124073029	-0.20063716173171997	0.0953168198466301	0.1583014726638794	0.0954023227095604	0.1600980907678604	0.07727431505918503	-0.1902201622724533	0.0418434664607048	0.3837631344795227	-0.18429765105247498	0.22948306798934937	-0.17038998007774353	0.12723714113235474	0.2832971513271332	0.14573641121387482	0.13206641376018524
LH_Vis_5	-0.04379263147711754	0.733352541923523	0.5844413638114929	0.1301509588956833	1.0	0.6794590353965759	-0.2096957564353943	0.43440502882003784	0.6361135840415955	-0.02686319313943386	0.004672239534556866	0.27130308747291565	0.12847329676151276	-0.1162424087524414	-0.490339457988739	0.03802892565727234	0.2689526379108429	0.022777996957302094	0.1824216991662979	0.46989157795906067	0.25120577216148376	0.2614276111125946	0.29342028498649597	0.5894257426261902	0.3623179495334625	0.16291514039039612	0.21083930134773254	-0.35031992197036743	0.14607194066047668	-0.21250030398368835	-0.20349518954753876	-0.24026526510715485	-0.2664218246936798	0.19088377058506012	0.06822291016578674	-0.04170765355229378	-0.2098042070865631	-0.4188779592514038	-0.04503268003463745	-0.2122756987810135	-0.3547859191894531	-0.46900635957717896	-0.26431703567504883	-0.40239790081977844	-0.4308830797672272	-0.3976810872554779	-0.25767865777015686	-0.16726617515087128	-0.22740928828716278	-0.3753131926059723	-0.19063137471675873	0.3444022536277771	-0.46629536151885986	0.5342705845832825	0.773080050945282	0.41777002811431885	0.11875398457050323	0.6504849195480347	0.006032831035554409	0.24901969730854034	0.23965029418468475	0.013001905754208565	0.05033038184046745	0.19133178889751434	0.2465551495552063	-0.38547828793525696	0.137790709733963	0.2170075923204422	0.029596637934446335	-0.24112051725387573	0.48934465646743774	0.11626873165369034	0.28175172209739685	-0.16992531716823578	0.43275776505470276	0.32161155343055725	0.25546208024024963	0.13592606782913208	-0.08130919188261032	-0.447499543428421	0.22975504398345947	0.23370517790317535	-0.1090247854590416	0.06887087970972061	0.2549929618835449	0.15461014211177826	-0.17565080523490906	-0.013135927729308605	0.2986780107021332	-0.2643837630748749	0.004502843599766493	-0.3067750334739685	-0.06839781254529953	-0.2685730755329132	-0.10658463090658188	-0.3529668152332306	-0.3078203797340393	0.11988501250743866	-0.05640845745801926	-0.2545052468776703	-0.22289708256721497	-0.30067431926727295	-0.30946922302246094	-0.030723625794053078	-0.44473856687545776	-0.35507598519325256	-0.27845537662506104	0.022253064438700676	-0.12456457316875458	-0.06711709499359131	-0.17205621302127838	0.36182916164398193	0.46312057971954346	0.07316969335079193	-0.11312280595302582	-0.3253708779811859	-0.16708455979824066	-0.2255786806344986	0.08455155789852142	-0.18662896752357483	-0.12046890705823898	0.07177718728780746	-0.02924078330397606	0.010624983347952366	-0.3401360511779785	-0.20948858559131622	-0.2988950312137604	-0.10601789504289627	0.09048886597156525	-0.09086277335882187	-0.3056212365627289	-0.30924105644226074	-0.2378113567829132	0.2272799015045166	0.04225996509194374	0.061587899923324585	-0.47371113300323486	-0.3960672914981842	0.24474146962165833	-0.24445390701293945	-0.08293125778436661	-0.17347338795661926	-0.22100409865379333	0.03538617864251137	-0.2474633902311325	-0.13380730152130127	0.04902755096554756	-0.09464597702026367	-0.21624386310577393	0.5654996633529663	-0.05316027253866196	0.13852208852767944	-0.16083906590938568	-0.35909608006477356	-0.30711397528648376	-0.22598448395729065
LH_Vis_6	-0.08416171371936798	0.7106146812438965	0.7551555633544922	0.06653732806444168	0.6794590353965759	1.0	-0.2200937718153	0.6757246255874634	0.8200480937957764	0.12336794286966324	0.11453281342983246	0.1339346319437027	-0.22691310942173004	-0.3203701078891754	-0.47281110286712646	0.19687065482139587	0.14135049283504486	0.2686902582645416	0.12149102985858917	0.3404311239719391	0.2521519660949707	0.3722710609436035	0.49601107835769653	0.5337570309638977	0.5431050062179565	0.3919590711593628	0.3465489149093628	-0.2032327950000763	0.1727084517478943	-0.11388099938631058	-0.11108095198869705	-0.11686429381370544	-0.25823551416397095	0.40101611614227295	0.19482846558094025	-0.31367483735084534	-0.5486644506454468	-0.6071625351905823	-0.05568455159664154	-0.13635829091072083	-0.5173169374465942	-0.15437528491020203	-0.24537275731563568	-0.7240356206893921	-0.5702818036079407	-0.6420398354530334	-0.35434195399284363	-0.3964570164680481	-0.46759191155433655	-0.6725934743881226	-0.060076940804719925	0.6637820601463318	-0.34953075647354126	0.48975712060928345	0.9320268034934998	0.7718603610992432	0.3959324061870575	0.8222569227218628	0.24357332289218903	0.06273658573627472	0.09496922045946121	-0.30482158064842224	-0.028295401483774185	-0.024116644635796547	0.14726749062538147	-0.3468233346939087	0.10929007083177567	0.1413196176290512	0.3781428039073944	0.009224365465342999	0.3900545835494995	0.40522682666778564	0.5304846167564392	-0.013924596831202507	0.5442656874656677	0.5823275446891785	0.3696780502796173	0.44594794511795044	0.07421941310167313	-0.116506427526474	0.3875192105770111	0.383060485124588	-0.11487165093421936	0.297440767288208	0.4105813801288605	0.24023082852363586	-0.408951073884964	0.08594682067632675	0.11790172755718231	-0.29958462715148926	0.028122354298830032	-0.4119654595851898	0.005157639272511005	-0.19215978682041168	0.07562091201543808	-0.6152499914169312	-0.3852960765361786	0.1493498980998993	-0.1474963277578354	-0.5103203058242798	-0.17257553339004517	-0.0715765580534935	-0.1587836742401123	0.2836211919784546	-0.341382771730423	-0.063309445977211	-0.34193700551986694	-0.12891866266727448	-0.11272583156824112	-0.14243222773075104	-0.2774497866630554	0.16191457211971283	0.2748618721961975	0.17074427008628845	-0.16140301525592804	-0.11327474564313889	-0.12012910097837448	-0.04201196879148483	0.39561793208122253	-0.07546260952949524	-0.11073343455791473	0.29968881607055664	-0.03561818599700928	0.06356543302536011	-0.35211381316185	-0.2816978991031647	-0.276490718126297	0.07101470232009888	0.24159987270832062	-0.14895512163639069	-0.26905104517936707	0.03506380692124367	-0.35958272218704224	0.24989143013954163	-0.09703795611858368	0.05262365564703941	-0.4999825656414032	-0.40793728828430176	0.3532615900039673	-0.032314106822013855	0.13940833508968353	-0.01531468890607357	-0.12326585501432419	0.16863876581192017	-0.1148558184504509	-0.008406361564993858	0.24931450188159943	-0.22938098013401031	0.11564570665359497	0.6668092012405396	0.2129525989294052	0.47246938943862915	-0.29314327239990234	-0.4000447988510132	-0.19474560022354126	-0.21804970502853394
LH_Vis_7	0.3683353364467621	-0.12426780164241791	0.1339157223701477	-0.22787797451019287	-0.2096957564353943	-0.2200937718153	1.0	-0.04235895350575447	0.118658646941185	0.5759985446929932	0.4286261200904846	0.5140437483787537	0.41259631514549255	0.5138841867446899	0.5866345167160034	0.2597987949848175	0.3662586510181427	-0.07692168653011322	0.37535056471824646	0.06655202805995941	0.524618923664093	0.19273795187473297	-0.04973435774445534	-0.038333743810653687	0.028182627633213997	0.008832773193717003	-0.4496477246284485	-0.03438824787735939	0.1152518093585968	0.19050443172454834	0.1266798973083496	0.15253505110740662	0.2265736162662506	-0.03056499920785427	-0.15794505178928375	0.14019446074962616	0.11229892820119858	0.4468967914581299	0.45138663053512573	0.7191811800003052	0.04908554255962372	0.04757674038410187	0.3296680152416229	0.28706085681915283	-0.04277999326586723	0.15609896183013916	-0.046549055725336075	0.2660430669784546	0.546621561050415	0.3967387080192566	0.608980655670166	-0.14556507766246796	0.06740577518939972	-0.4874274432659149	-0.35984787344932556	0.23177079856395721	-0.21744298934936523	0.10905519127845764	0.5528303384780884	0.48614224791526794	0.5246334671974182	0.5180026292800903	0.6154710650444031	0.4493459165096283	0.5682961940765381	0.4134349822998047	0.3934086263179779	0.29391375184059143	-0.3992202877998352	-0.38003411889076233	-0.015220774337649345	-0.251282662153244	-0.3408258259296417	0.47222796082496643	-0.02358812838792801	-0.10772790014743805	-0.003412463702261448	-0.18550516664981842	-0.24967502057552338	-0.007055837195366621	-0.5724721550941467	-0.09837379306554794	-0.6491745114326477	-0.3070807456970215	-0.542374849319458	-0.5526073575019836	0.01805289089679718	-0.5573322176933289	-0.07200917601585388	-0.18926653265953064	-0.11950335651636124	0.6842480301856995	0.4692699611186981	-0.4044879674911499	-0.1251339614391327	0.21121110022068024	-0.2701599895954132	-0.33208200335502625	0.503902018070221	0.2411220818758011	0.04003196954727173	0.0320146381855011	0.29919201135635376	-0.036564722657203674	-0.029537176713347435	-0.1582704782485962	0.2235131859779358	0.258961945772171	0.3794713020324707	0.42622408270835876	0.22887414693832397	0.2175186276435852	0.21786582469940186	0.1237664595246315	-0.18338198959827423	-0.25508373975753784	-0.04556230455636978	-0.21782203018665314	-0.07432196289300919	0.009395565837621689	0.013723979704082012	-0.19357675313949585	-0.40063631534576416	0.15906405448913574	0.3792663514614105	-0.09578403830528259	0.18577557802200317	0.03825323283672333	-0.22391101717948914	-0.06351069360971451	0.14162763953208923	-0.33264482021331787	0.34746724367141724	-0.07626760751008987	0.18939074873924255	0.15124882757663727	0.12679289281368256	-0.027434051036834717	-0.14765921235084534	-0.10291701555252075	-0.10852792114019394	-0.27824947237968445	0.38083934783935547	0.4163893759250641	0.4647231996059418	0.19482795894145966	-0.309979110956192	0.02412424609065056	-0.34952202439308167	-0.3111211955547333	-0.7666376829147339	-0.5424071550369263	-0.4459226429462433	-0.013094810768961906	-0.12034387141466141	-0.41147780418395996
LH_Vis_8	-0.14621464908123016	0.6950310468673706	0.6566483378410339	0.0387282520532608	0.43440502882003784	0.6757246255874634	-0.04235895350575447	1.0	0.7588636875152588	0.016325674951076508	-0.21946626901626587	0.11824815720319748	-0.17371316254138947	-0.08658520132303238	-0.2085694968700409	0.07406121492385864	0.10258249193429947	0.45846420526504517	0.1218222975730896	0.3880482316017151	0.24411755800247192	0.20799416303634644	0.4247037470340729	0.20357631146907806	0.2385541796684265	0.5485880970954895	0.3666525185108185	0.04146584868431091	0.1632019728422165	0.019449422135949135	-0.2845020890235901	-0.20065954327583313	-0.2658984065055847	0.13670961558818817	-0.13965296745300293	-0.249922975897789	-0.3217180073261261	-0.4360359013080597	-0.13146068155765533	-0.1915024071931839	-0.5670775175094604	0.0197895560413599	-0.32469409704208374	-0.5024335980415344	-0.5062055587768555	-0.4070165753364563	-0.43965014815330505	-0.3218773901462555	-0.3958653509616852	-0.45738357305526733	0.13641272485256195	0.8695389032363892	-0.012416030280292034	0.34957149624824524	0.6026341915130615	0.5379267334938049	0.8263474702835083	0.719058096408844	0.08429127931594849	0.08665221929550171	0.17222148180007935	-0.25703856348991394	0.17717987298965454	0.10800084471702576	0.15961839258670807	0.046255920082330704	0.2596360445022583	0.17458602786064148	0.4084182679653168	0.2160814255475998	0.20943300426006317	0.46732231974601746	0.45182111859321594	-0.04248523712158203	0.3637966811656952	0.5404784083366394	0.5010278820991516	0.6417593359947205	-0.21750351786613464	-0.257072389125824	0.10649456828832626	0.017700089141726494	-0.30579376220703125	-0.005914750508964062	0.16395065188407898	-0.031296778470277786	-0.2568448781967163	0.1269397884607315	0.09735172241926193	-0.39202067255973816	-0.31867173314094543	-0.25995713472366333	-0.10038056969642639	-0.03948397561907768	0.038635388016700745	-0.5252261757850647	-0.2511031925678253	0.03553896024823189	-0.13040365278720856	-0.3824020326137543	0.0917540043592453	0.07220573723316193	-0.12199154496192932	0.28780844807624817	-0.16491971909999847	-0.023725271224975586	-0.2513088583946228	0.05029372125864029	-0.045143213123083115	0.08256043493747711	-0.15801769495010376	0.23383577167987823	-0.030874788761138916	0.045972343534231186	0.0016445989022031426	-0.019114287570118904	0.05730750784277916	-0.12998495995998383	0.4983600080013275	0.03361193463206291	0.1304815709590912	0.2796681821346283	-0.07685405015945435	0.23128633201122284	-0.32672613859176636	-0.5708785653114319	-0.17533499002456665	0.14308170974254608	0.06391748785972595	0.0917489230632782	-0.18700215220451355	-0.005901542957872152	-0.4517897665500641	0.38452428579330444	-0.3473701477050781	0.0200240109115839	-0.18419630825519562	-0.33181050419807434	0.458869993686676	0.006977624259889126	0.13397876918315887	-0.048599906265735626	-0.28190553188323975	0.06242769956588745	-0.22485630214214325	-0.26577073335647583	0.16270935535430908	-0.07505223155021667	0.4135746657848358	0.6565701961517334	-0.015190241858363152	0.36270129680633545	-0.18933212757110596	-0.2289973795413971	-0.2878672480583191	-0.1016039326786995
LH_Vis_9	0.03112860955297947	0.6947810649871826	0.790093183517456	-0.07223687320947647	0.6361135840415955	0.8200480937957764	0.118658646941185	0.7588636875152588	1.0	0.19700202345848083	0.2003101110458374	0.339244544506073	-0.08277788758277893	-0.06945055723190308	-0.2059071660041809	0.1697559505701065	0.30788570642471313	0.19418512284755707	0.2745676338672638	0.4563613533973694	0.42958953976631165	0.2764221131801605	0.4254804849624634	0.4771701991558075	0.47990691661834717	0.38236045837402344	0.36768895387649536	-0.15662547945976257	0.235824853181839	-0.06815659999847412	-0.12746937572956085	-0.09059665352106094	-0.15345549583435059	0.22888536751270294	-0.04837837815284729	-0.08353205770254135	-0.334690123796463	-0.3993435502052307	-0.01308637298643589	-0.07058533281087875	-0.4101639688014984	-0.19409529864788055	-0.200823575258255	-0.504753589630127	-0.48578834533691406	-0.4528820514678955	-0.3730625808238983	-0.09492660313844681	-0.2727477252483368	-0.44602450728416443	0.16207996010780334	0.6570531129837036	-0.25446614623069763	0.3461378514766693	0.7978107929229736	0.7335103154182434	0.457418829202652	0.936489999294281	0.32902100682258606	0.2894264757633209	0.3402004837989807	-0.11077003926038742	0.22635647654533386	0.2251185178756714	0.41726070642471313	-0.07122135162353516	0.29718777537345886	0.32191038131713867	0.15563373267650604	-0.1457369327545166	0.4175000488758087	0.14408129453659058	0.354470431804657	-0.02453496865928173	0.5176990032196045	0.5051757097244263	0.4751719832420349	0.41407647728919983	-0.21488702297210693	-0.1113438755273819	0.019816674292087555	0.10510788857936859	-0.460904985666275	-0.11927719414234161	0.23014385998249054	-0.16502217948436737	-0.2893195152282715	-0.09519855678081512	0.13292865455150604	-0.3604089021682739	-0.19558458030223846	-0.2722582221031189	-0.0395112968981266	-0.34509024024009705	-0.15918318927288055	-0.48587310314178467	-0.3949994146823883	0.09910652041435242	0.006301463581621647	-0.4126472473144531	-0.14404889941215515	-0.003851203480735421	-0.09049510210752487	0.25199833512306213	-0.31627729535102844	-0.21699826419353485	-0.2618826925754547	-0.057326268404722214	-0.04094593599438667	0.15310603380203247	-0.15906228125095367	0.2083229422569275	0.3265688419342041	0.17523333430290222	-0.2746838331222534	-0.2285694032907486	-0.09915338456630707	-0.2177078276872635	0.37664955854415894	-0.21852298080921173	-0.07802022248506546	0.19840596616268158	-0.2934574484825134	0.13720451295375824	-0.26333189010620117	-0.3559418320655823	-0.13831011950969696	0.04708147794008255	0.21115577220916748	-0.017077267169952393	-0.27230820059776306	-0.2415458858013153	-0.22637413442134857	0.39525261521339417	-0.2121417075395584	0.17707282304763794	-0.45888566970825195	-0.5001770257949829	0.3621300458908081	-0.080123171210289	0.002863979199901223	-0.06823800504207611	-0.1262437105178833	0.24329471588134766	-0.04960554465651512	-0.039905935525894165	0.3059319853782654	-0.06639514118432999	0.12092401832342148	0.699442446231842	-0.1452893316745758	0.3444996774196625	-0.4202708601951599	-0.301239937543869	-0.17955486476421356	-0.26452386379241943
LH_SomMot_1	0.4525402784347534	0.051255591213703156	0.2737484574317932	-0.1327589899301529	-0.02686319313943386	0.12336794286966324	0.5759985446929932	0.016325674951076508	0.19700202345848083	1.0	0.7155522108078003	0.7889441847801208	0.22277680039405823	0.4315018355846405	0.21787652373313904	0.4885176718235016	0.4611894190311432	0.06570728123188019	0.4922128915786743	0.19409123063087463	0.6052497625350952	0.565353512763977	0.34774571657180786	0.4129328429698944	0.5639830827713013	0.2074696570634842	-0.26447179913520813	-0.1363193392753601	0.3033025860786438	0.15765158832073212	0.2877790927886963	0.32393160462379456	0.0359116829931736	0.2699396312236786	0.3380659520626068	-0.2936285734176636	-0.3390604555606842	0.15140731632709503	0.6526122093200684	0.643670916557312	-0.2983468472957611	-0.1529850959777832	0.3560742139816284	-0.18557249009609222	-0.4936566948890686	-0.3846900463104248	-0.20257867872714996	-0.14500801265239716	0.23358675837516785	-0.17658449709415436	0.5426757335662842	0.07250209152698517	0.009242448955774307	0.04994126409292221	-0.04395854100584984	0.36617183685302734	-0.15276296436786652	0.2385789155960083	0.9287919402122498	0.6660022735595703	0.7044217586517334	0.30954405665397644	0.6124443411827087	0.5575323700904846	0.5375214219093323	0.10114727914333344	0.3576681315898895	0.44009965658187866	-0.073519766330719	-0.26684653759002686	0.2721162736415863	0.1671820729970932	0.1305520236492157	0.5225257873535156	0.4375607371330261	0.3893253803253174	0.10442405194044113	0.10111334174871445	0.1403903067111969	0.07047586888074875	-0.3213494122028351	0.09240391105413437	-0.5182359218597412	0.12955810129642487	-0.28542855381965637	-0.20494119822978973	-0.44134679436683655	-0.6559426784515381	-0.3260413706302643	-0.5336398482322693	-0.14726369082927704	0.5051390528678894	0.7942478060722351	-0.5308532118797302	0.08604346215724945	-0.21179965138435364	-0.6761703491210938	-0.4004071056842804	0.2586905360221863	-0.30744999647140503	-0.03517483174800873	-0.28647956252098083	0.2677232325077057	-0.10691319406032562	-0.1411624252796173	-0.4463813900947571	0.18935900926589966	-0.04608774930238724	0.4546498656272888	0.11793802678585052	0.06644906103610992	-0.17370887100696564	0.3852297067642212	0.0768750011920929	-0.0702892318367958	-0.3559335768222809	0.0462166853249073	-0.18434342741966248	0.03769746795296669	0.10217670351266861	0.02337280474603176	-0.018468482419848442	-0.24498967826366425	0.27073734998703003	0.3642815053462982	0.11883547902107239	0.1867048740386963	0.18883027136325836	-0.10359614342451096	-0.25050094723701477	0.2072710394859314	-0.12832942605018616	0.27941522002220154	-0.3294183611869812	0.027083713561296463	0.22357437014579773	-0.05938364565372467	0.07414964586496353	-0.2095596343278885	0.34958499670028687	-0.08561360090970993	-0.11203478276729584	0.46794241666793823	0.4364406168460846	0.4933508634567261	0.3174673020839691	-0.12469664961099625	-0.20133927464485168	-0.3918253779411316	-0.030181005597114563	-0.5207585692405701	-0.33628252148628235	-0.7335716485977173	-0.41002413630485535	-0.13393378257751465	-0.7283599376678467
LH_SomMot_2	0.43829700350761414	-0.17203333973884583	0.19792838394641876	-0.26966428756713867	0.004672239534556866	0.11453281342983246	0.4286261200904846	-0.21946626901626587	0.2003101110458374	0.7155522108078003	1.0	0.5747407674789429	-0.002937919460237026	0.2469860464334488	0.16212958097457886	0.3891274929046631	0.37094005942344666	-0.0013502829242497683	0.30530092120170593	0.2505756616592407	0.5453434586524963	0.37704458832740784	0.22260305285453796	0.5436708331108093	0.679823100566864	0.04324383661150932	-0.08764131367206573	-0.2392221838235855	0.3669629693031311	-0.1243818998336792	0.41390836238861084	0.4097091257572174	0.013454709202051163	0.2603122293949127	0.2953034043312073	0.04678106680512428	-0.1038099154829979	0.017924517393112183	0.3499203324317932	0.4186277985572815	-0.21179528534412384	-0.27166643738746643	0.06613779813051224	-0.15768387913703918	-0.21685995161533356	-0.38772931694984436	-0.2613958418369293	0.0035497178323566914	0.142217755317688	-0.2050905078649521	0.2921755015850067	-0.14325229823589325	-0.09038668125867844	0.04626049846410751	0.0907333716750145	0.2992023825645447	-0.33731603622436523	0.3074350953102112	0.6981287002563477	0.42303451895713806	0.43626824021339417	0.08292942494153976	0.24894461035728455	0.14068834483623505	0.3617866635322571	-0.022166738286614418	0.2098793387413025	0.2798058092594147	-0.1934727430343628	-0.29592281579971313	0.3653177320957184	-0.1107090637087822	0.007206260226666927	0.4607408940792084	0.4871025085449219	0.32232043147087097	0.20589183270931244	-0.06452842801809311	0.2613135874271393	0.2798619866371155	-0.16769811511039734	-0.04723218083381653	-0.34188973903656006	0.020264223217964172	0.03673505410552025	-0.33999118208885193	-0.18291175365447998	-0.4244079887866974	-0.04828798770904541	-0.3688490390777588	-0.058985333889722824	0.2744787335395813	0.5273323655128479	-0.39576223492622375	-0.10015510022640228	-0.12714633345603943	-0.46826788783073425	-0.12165705859661102	0.1379500925540924	-0.28762537240982056	-0.041098613291978836	-0.19587484002113342	0.24734359979629517	-0.03170927241444588	-0.2632203698158264	-0.2348538190126419	-0.042680248618125916	-0.19237136840820312	0.16889545321464539	0.09670771658420563	0.05532347038388252	-0.20517508685588837	0.39981088042259216	0.1664741486310959	-0.14268435537815094	-0.27641919255256653	-0.06062673404812813	0.07098794728517532	-0.16222108900547028	-0.08215175569057465	-0.24777008593082428	-0.15119189023971558	-0.17316561937332153	-0.04223557934165001	0.19434714317321777	0.28915902972221375	0.2471209466457367	0.07476971298456192	0.26440584659576416	-0.22506742179393768	-0.042056143283843994	-0.12371819466352463	0.4504821002483368	-0.31381452083587646	0.13507741689682007	0.12892919778823853	-0.27201175689697266	0.022146131843328476	-0.24113890528678894	0.1214371994137764	-0.10937264561653137	-0.19801822304725647	0.5486575961112976	0.5224392414093018	0.4840230941772461	0.5568342208862305	0.06660167127847672	0.006752626039087772	-0.38210323452949524	0.01183267217129469	-0.3828388452529907	-0.08538169413805008	-0.6182337999343872	-0.1822512447834015	0.11239919811487198	-0.45467352867126465
LH_SomMot_3	0.37726011872291565	0.21063730120658875	0.3338719606399536	-0.19962798058986664	0.27130308747291565	0.1339346319437027	0.5140437483787537	0.11824815720319748	0.339244544506073	0.7889441847801208	0.5747407674789429	1.0	0.3864665925502777	0.4735776484012604	0.09523376822471619	0.47486764192581177	0.697348952293396	0.08308815211057663	0.7262443900108337	0.3812427520751953	0.8069666028022766	0.6002016663551331	0.4222317337989807	0.6073444485664368	0.548344612121582	0.25588229298591614	-0.11630773544311523	-0.1933259814977646	0.296638548374176	0.07916737347841263	0.14539970457553864	0.19480906426906586	-0.09758137166500092	0.2689090073108673	0.3024164140224457	-0.1632719784975052	-0.2656245529651642	0.026380741968750954	0.5069867968559265	0.41456565260887146	-0.3344789147377014	-0.3225426971912384	0.2199115753173828	-0.20946015417575836	-0.5394119024276733	-0.3782612681388855	-0.2525356113910675	-0.05598831549286842	0.14336486160755157	-0.15984807908535004	0.3922398090362549	0.07295064628124237	-0.06647251546382904	0.16164658963680267	0.08402823656797409	0.3185865581035614	-0.1373419165611267	0.34208354353904724	0.781069278717041	0.8936969041824341	0.9080748558044434	0.40062257647514343	0.7287253737449646	0.7872732877731323	0.7353352308273315	0.0809960812330246	0.431668758392334	0.7189021110534668	-0.08277197927236557	-0.26764440536499023	0.5380224585533142	0.08068481832742691	0.2760666608810425	0.3022485077381134	0.6102533340454102	0.43928325176239014	0.17831555008888245	0.1178211197257042	-0.06709779053926468	-0.1891377866268158	-0.3901340961456299	0.024432169273495674	-0.6039251685142517	-0.012614639475941658	-0.28454965353012085	-0.26605117321014404	-0.46070459485054016	-0.7139292359352112	-0.20497818291187286	-0.6068966388702393	-0.29957085847854614	0.34950369596481323	0.5559446811676025	-0.6372729539871216	-0.15152586996555328	-0.3022436499595642	-0.7446222901344299	-0.32661858201026917	0.13071241974830627	-0.35499119758605957	-0.18052823841571808	-0.4207514822483063	0.03423831984400749	-0.28782859444618225	-0.2098681777715683	-0.704303503036499	0.0714954137802124	0.051498182117938995	0.3673577308654785	0.16941487789154053	0.03477386757731438	-0.049925219267606735	0.48940160870552063	0.09406594187021255	-0.1922120898962021	-0.555347204208374	-0.08283090591430664	-0.3769586384296417	0.0708855465054512	-0.0074226330034434795	-0.07055914402008057	-0.09168439358472824	-0.3668021857738495	0.34223783016204834	0.18950363993644714	-0.0668255016207695	0.25663378834724426	0.18552181124687195	-0.1322265863418579	-0.0800960436463356	0.1907765418291092	-0.2772420644760132	0.24591410160064697	-0.10058949887752533	-0.008858798071742058	0.16859838366508484	-0.17299430072307587	-0.08433309942483902	-0.14808876812458038	0.1843426525592804	-0.10064701735973358	-0.24695679545402527	0.1811920553445816	0.32131221890449524	0.19403895735740662	0.12138596922159195	-0.034337472170591354	-0.11515489220619202	-0.49800580739974976	0.25220987200737	-0.5810016989707947	-0.27149564027786255	-0.7367721199989319	-0.5061136484146118	-0.20337851345539093	-0.7231606245040894
