Node	HIP-head-m-rh	HIP-head-l-rh	HIP-body-rh	HIP-tail-rh	THA-VPm-rh	THA-VPl-rh	THA-VAi-rh	THA-VAs-rh	THA-DAm-rh	THA-DAl-rh	PUT-VA-rh	PUT-DA-rh	PUT-VP-rh	PUT-DP-rh	CAU-VA-rh	CAU-DA-rh	CAU-body-rh	CAU-tail-rh	lAMY-rh	mAMY-rh	THA-DP-rh	NAc-shell-rh	NAc-core-rh	pGP-rh	aGP-rh	HIP-head-m-lh	HIP-head-l-l	HIP-body-l	HIP-tail-lh	THA-VPm-lh	THA-VPl-lh	THA-VAi-lh	THA-VAs-lh	THA-DAm-lh	THA-DAl-lh	PUT-VA-lh	PUT-DA-l	PUT-VP-lh	PUT-DP-lh	CAU-VA-lh	CAU-DA-lh	CAU-body-lh	CAU-tail-lh	lAMY-lh	mAMY-lh	THA-DP-lh	NAc-shell-lh	NAc-core-lh	pGP-lh	aGP-lh
HIP-head-m-rh	1.0	0.20048941671848297	0.3186908960342407	0.32871949672698975	-0.30875977873802185	-0.3739604651927948	-0.36013293266296387	0.11303548514842987	0.09723981469869614	-0.4761013984680176	-0.01651945151388645	-0.09160194545984268	-0.26162195205688477	0.044218260794878006	0.4120703637599945	0.0076101357117295265	0.048932529985904694	0.12773123383522034	0.2106328308582306	-0.22386978566646576	-0.1478085070848465	-0.10042301565408707	0.11173541843891144	0.16150642931461334	-0.08768752962350845	0.16882625222206116	0.2049204707145691	0.294929563999176	0.13686662912368774	-0.38825660943984985	-0.2957373261451721	-0.060140833258628845	0.19411367177963257	-0.19910037517547607	0.022290416061878204	-0.12529627978801727	-0.3028431832790375	-0.25761669874191284	-0.057855334132909775	0.1720905303955078	0.047120120376348495	0.013942483812570572	-0.019413432106375694	0.1972239464521408	0.004575638100504875	-0.24332772195339203	-0.4090820252895355	-0.09716065227985382	0.0364852100610733	-0.21980978548526764
HIP-head-l-rh	0.20048941671848297	1.0	0.430008202791214	0.25445321202278137	-0.1356799155473709	-0.16013872623443604	0.11996062844991684	-0.08645463734865189	-0.06085697188973427	-0.06540475785732269	-0.015506137162446976	-0.03087545931339264	-0.25839197635650635	-0.1581346094608307	-0.13053132593631744	0.1513061672449112	0.1649969071149826	0.28393620252609253	0.2800634205341339	0.4725431203842163	0.28373971581459045	0.1716117560863495	-0.07080382108688354	0.2880553603172302	-0.2691883146762848	0.36465567350387573	0.31291714310646057	0.38223183155059814	0.48194044828414917	-0.10749112069606781	-0.2956104874610901	0.036489516496658325	-0.08377650380134583	-0.17239122092723846	-0.28241845965385437	0.1737295687198639	-0.09090777486562729	-0.16180314123630524	-0.0342610627412796	-0.04825550317764282	0.054594870656728745	0.30078384280204773	0.07103301584720612	0.3492928147315979	0.29664355516433716	0.03544330596923828	0.15626724064350128	0.08686989545822144	-0.011097708716988564	-0.0469520278275013
HIP-body-rh	0.3186908960342407	0.430008202791214	1.0	0.5127384662628174	-0.19475112855434418	0.014424226246774197	0.02390889823436737	0.08454925566911697	0.27019843459129333	-0.06569136679172516	-0.08449547737836838	-0.21322007477283478	-0.34041786193847656	-0.2871791422367096	0.08898205310106277	-0.09137275069952011	-0.03506594896316528	0.24393008649349213	0.4205860197544098	0.2862405478954315	0.2766600549221039	0.0995139554142952	-0.04665929079055786	0.3060899078845978	-0.3323395252227783	0.5678513646125793	0.6154578328132629	0.6418808102607727	0.46767503023147583	-0.21177366375923157	-0.07815034687519073	0.11990323662757874	0.16712304949760437	0.1574697196483612	-0.16198313236236572	-0.01172703504562378	-0.02881258726119995	-0.31045395135879517	-0.24721217155456543	0.06789809465408325	-0.04665757715702057	0.10834596306085587	-0.04750528931617737	0.5326882600784302	0.32686832547187805	0.25332948565483093	-0.06655501574277878	-0.0920850932598114	-0.2795669734477997	-0.33977624773979187
HIP-tail-rh	0.32871949672698975	0.25445321202278137	0.5127384662628174	1.0	0.06261827051639557	-0.05111987143754959	0.0693744570016861	0.015170512720942497	0.25123244524002075	-0.09196383506059647	0.027549758553504944	0.016308408230543137	-0.030289387330412865	-0.024258984252810478	0.11067257076501846	-0.13297045230865479	-0.0775151252746582	0.21775828301906586	0.1956443190574646	0.20606817305088043	0.16843238472938538	-0.008102506399154663	-0.03613068908452988	0.12241756170988083	-0.003164747729897499	0.3029443919658661	0.2219693660736084	0.3358471691608429	0.46338868141174316	-0.009642329066991806	0.01998908817768097	0.3439621925354004	0.1615293323993683	0.14879554510116577	-0.08417186886072159	0.08782993257045746	0.061798762530088425	-0.01784663274884224	0.1274380087852478	0.11918692290782928	0.014835813082754612	0.15752629935741425	0.12685048580169678	0.24258843064308167	0.2695296108722687	0.15923449397087097	-0.04339629411697388	0.05610683560371399	-0.14952591061592102	0.02520826645195484
THA-VPm-rh	-0.30875977873802185	-0.1356799155473709	-0.19475112855434418	0.06261827051639557	1.0	0.431683748960495	0.4887853264808655	-0.04271837696433067	0.1613406091928482	0.29784244298934937	0.1288025677204132	0.37993884086608887	0.3052825331687927	0.32633262872695923	0.012743414379656315	0.07172808051109314	0.03658251836895943	0.07654751092195511	-0.2632543742656708	0.05435110256075859	0.10408949106931686	0.08009691536426544	0.037502750754356384	0.04396547004580498	0.42136237025260925	-0.28176215291023254	-0.2854148745536804	-0.3503229320049286	-0.2981254458427429	0.633664071559906	0.36609622836112976	0.24940259754657745	-0.07286155223846436	0.22550323605537415	0.2323402315378189	0.1700189858675003	0.4265500009059906	0.395540326833725	0.4938114583492279	-0.07208909094333649	0.09443308413028717	0.018517132848501205	0.14492562413215637	-0.1627463400363922	-0.1615997552871704	0.21705467998981476	0.2632948160171509	0.17563414573669434	0.33713558316230774	0.4564511179924011
THA-VPl-rh	-0.3739604651927948	-0.16013872623443604	0.014424226246774197	-0.05111987143754959	0.431683748960495	1.0	0.4587418735027313	0.15590253472328186	0.40439462661743164	0.5836867690086365	0.14748471975326538	0.16437774896621704	0.3211681544780731	0.05397084727883339	0.01903129369020462	0.09729325026273727	0.06856688112020493	0.041243962943553925	0.005983441602438688	0.1446620374917984	0.19330036640167236	0.22729389369487762	0.16902950406074524	0.011589623987674713	0.3821779191493988	-0.06196831539273262	-0.04081527516245842	-0.13973385095596313	0.07411464303731918	0.4082603454589844	0.5954607725143433	0.11722242087125778	-0.026948118582367897	0.36927950382232666	0.2147151082754135	0.20431458950042725	0.19660094380378723	0.40106385946273804	0.049387186765670776	0.1011882871389389	0.22258377075195312	0.10093589127063751	-0.007508005481213331	0.040870051831007004	0.09106726199388504	0.34804680943489075	0.24113346636295319	0.2965487241744995	0.012680410407483578	0.13020382821559906
THA-VAi-rh	-0.36013293266296387	0.11996062844991684	0.02390889823436737	0.0693744570016861	0.4887853264808655	0.4587418735027313	1.0	0.34999722242355347	0.5445947051048279	0.7112061977386475	0.2021484673023224	0.2994619607925415	0.3731876611709595	0.1485118269920349	0.03658033907413483	0.05215723067522049	0.030786586925387383	0.23297443985939026	0.024021262302994728	0.2266322821378708	0.27601104974746704	0.1321837157011032	0.09492634981870651	0.2837216556072235	0.4179731011390686	-0.011792519129812717	0.060345154255628586	-0.07973075658082962	0.0706033706665039	0.4195023775100708	0.5161200165748596	0.4793342053890228	0.17635613679885864	0.49891796708106995	0.29130396246910095	0.4297892153263092	0.35996776819229126	0.30628639459609985	0.22804230451583862	-0.0697886124253273	0.13241705298423767	0.1321917623281479	0.1345302015542984	0.013595229014754295	0.08285599946975708	0.49892735481262207	0.23200292885303497	0.27390384674072266	0.028839241713285446	0.2119615525007248
THA-VAs-rh	0.11303548514842987	-0.08645463734865189	0.08454925566911697	0.015170512720942497	-0.04271837696433067	0.15590253472328186	0.34999722242355347	1.0	0.6135193109512329	0.34239742159843445	0.18595534563064575	0.14218005537986755	0.035389214754104614	0.0997777134180069	0.22997787594795227	0.1251223236322403	0.1746419072151184	0.29816702008247375	-0.09206876903772354	-0.04809243604540825	0.0501040555536747	0.07965025305747986	0.29688891768455505	0.12978583574295044	0.2568906247615814	0.08578403294086456	0.09254035353660583	-0.15129107236862183	0.0499524250626564	-0.10513178259134293	0.09450437873601913	0.11550898104906082	0.5259000062942505	0.34517085552215576	0.3938896059989929	0.28154122829437256	0.10042296350002289	-0.03534407913684845	-0.09250742197036743	-0.01433179248124361	0.020067090168595314	0.13304299116134644	0.06454121321439743	-0.12314283102750778	-0.022159235551953316	0.18008540570735931	-0.1772838681936264	0.05448562279343605	-0.07725463807582855	-0.05264297500252724
THA-DAm-rh	0.09723981469869614	-0.06085697188973427	0.27019843459129333	0.25123244524002075	0.1613406091928482	0.40439462661743164	0.5445947051048279	0.6135193109512329	1.0	0.6461822390556335	0.21067115664482117	0.22364436089992523	0.29973557591438293	0.19813311100006104	0.2003668248653412	-0.08429582417011261	-0.053384240716695786	0.2070745974779129	0.09392080456018448	-0.09871505200862885	0.1511935144662857	-0.00919355358928442	0.23861904442310333	0.24064204096794128	0.3361251950263977	0.2096720039844513	0.16178365051746368	-0.09820053726434708	0.05525056645274162	0.07200727611780167	0.47701969742774963	0.29288187623023987	0.4062543213367462	0.6397660970687866	0.5177995562553406	0.24650654196739197	0.24288102984428406	0.22643552720546722	0.12092117220163345	-0.1199851781129837	-0.016497550532221794	-0.022021546959877014	-0.13557355105876923	0.13280004262924194	0.026916058734059334	0.38139739632606506	-0.17762623727321625	0.07651080936193466	0.02093929424881935	-0.08750377595424652
THA-DAl-rh	-0.4761013984680176	-0.06540475785732269	-0.06569136679172516	-0.09196383506059647	0.29784244298934937	0.5836867690086365	0.7112061977386475	0.34239742159843445	0.6461822390556335	1.0	0.1129649206995964	0.13829945027828217	0.37176603078842163	-0.00885651633143425	-0.16191288828849792	-0.07123424857854843	-0.037570156157016754	0.10662402212619781	-0.12176746875047684	0.20865151286125183	0.21934711933135986	0.10496056824922562	0.07567321509122849	0.10187423229217529	0.3606455624103546	0.07584118098020554	0.003383415285497904	-0.2958541512489319	0.05436859279870987	0.3830808103084564	0.675352156162262	0.14805561304092407	0.02625237964093685	0.5928325057029724	0.3796769082546234	0.3026282787322998	0.2548728585243225	0.27429258823394775	0.0597546249628067	-0.12977254390716553	-0.009777047671377659	-0.032632388174533844	-0.13311846554279327	-0.1631990522146225	0.14429710805416107	0.5392965078353882	0.22701305150985718	0.16690394282341003	-0.0015132209518924356	-0.04111969843506813
PUT-VA-rh	-0.01651945151388645	-0.015506137162446976	-0.08449547737836838	0.027549758553504944	0.1288025677204132	0.14748471975326538	0.2021484673023224	0.18595534563064575	0.21067115664482117	0.1129649206995964	1.0	0.8608439564704895	0.6663763523101807	0.6012033224105835	0.43414318561553955	0.4921520948410034	0.5207287073135376	0.44758474826812744	0.009631743654608727	0.24337846040725708	-0.009661175310611725	0.6247896552085876	0.7398834228515625	0.03671520948410034	0.4410526156425476	0.09656529873609543	-0.22719250619411469	-0.10042128711938858	0.07535966485738754	0.04480116441845894	0.05965602397918701	0.22595460712909698	0.08089924603700638	-0.09019745886325836	0.12149576842784882	0.7352848649024963	0.6308675408363342	0.5315647721290588	0.5034419298171997	0.3397648334503174	0.39822036027908325	0.40786898136138916	0.3949657678604126	-0.010331219993531704	0.18563605844974518	0.020000284537672997	0.3356083929538727	0.5447627902030945	0.21464301645755768	-0.009267455898225307
PUT-DA-rh	-0.09160194545984268	-0.03087545931339264	-0.21322007477283478	0.016308408230543137	0.37993884086608887	0.16437774896621704	0.2994619607925415	0.14218005537986755	0.22364436089992523	0.13829945027828217	0.8608439564704895	1.0	0.7729915380477905	0.8285019993782043	0.314874529838562	0.361629843711853	0.38469189405441284	0.4010908305644989	-0.11863615363836288	0.13851693272590637	-0.10812043398618698	0.4327833652496338	0.5302528142929077	0.13377295434474945	0.6225919723510742	-0.13269205391407013	-0.33689084649086	-0.3075028359889984	-0.10060052573680878	0.16286717355251312	0.11483148485422134	0.2925768196582794	0.0527210533618927	-0.08047023415565491	0.2257150262594223	0.5895103216171265	0.6958335041999817	0.6782940626144409	0.7431141138076782	0.08759108185768127	0.24563856422901154	0.3061678111553192	0.3791830539703369	-0.06524919718503952	-0.09123088419437408	-0.032232172787189484	0.20547665655612946	0.431731253862381	0.36237987875938416	0.1992412656545639
PUT-VP-rh	-0.26162195205688477	-0.25839197635650635	-0.34041786193847656	-0.030289387330412865	0.3052825331687927	0.3211681544780731	0.3731876611709595	0.035389214754104614	0.29973557591438293	0.37176603078842163	0.6663763523101807	0.7729915380477905	1.0	0.7581296563148499	0.09025414288043976	-0.002146035898476839	0.0027949896175414324	0.12522748112678528	-0.15608972311019897	0.09381270408630371	-0.23941250145435333	0.2645002603530884	0.30256539583206177	0.19386138021945953	0.6443151235580444	-0.20550359785556793	-0.35406866669654846	-0.34718477725982666	-0.29031455516815186	0.33045974373817444	0.41975393891334534	0.37114623188972473	0.059245284646749496	0.09683723747730255	0.2930796146392822	0.38676050305366516	0.5308369994163513	0.79935622215271	0.6826318502426147	-0.08115121722221375	-0.003346062730997801	-0.009747834876179695	0.1468430906534195	-0.16063061356544495	-0.06658350676298141	0.0763820931315422	0.07709474861621857	0.2616557478904724	0.23424603044986725	0.27160191535949707
PUT-DP-rh	0.044218260794878006	-0.1581346094608307	-0.2871791422367096	-0.024258984252810478	0.32633262872695923	0.05397084727883339	0.1485118269920349	0.0997777134180069	0.19813311100006104	-0.00885651633143425	0.6012033224105835	0.8285019993782043	0.7581296563148499	1.0	0.1305740475654602	0.06242381036281586	0.02306552603840828	0.17701373994350433	-0.1742762327194214	-0.14177869260311127	-0.38194799423217773	0.06343217194080353	0.2656763195991516	0.25636768341064453	0.6168779730796814	-0.30463165044784546	-0.4035842716693878	-0.41201677918434143	-0.3409869372844696	0.07559828460216522	0.08537536859512329	0.2444026917219162	0.1203819066286087	-0.07176348567008972	0.31875380873680115	0.2503255307674408	0.5077967643737793	0.6914269328117371	0.778624415397644	-0.19336961209774017	-0.05362202972173691	-0.017786990851163864	0.16982880234718323	-0.08426272869110107	-0.32431966066360474	-0.2522079646587372	-0.15807881951332092	0.10518253594636917	0.31359660625457764	0.2825058102607727
CAU-VA-rh	0.4120703637599945	-0.13053132593631744	0.08898205310106277	0.11067257076501846	0.012743414379656315	0.01903129369020462	0.03658033907413483	0.22997787594795227	0.2003668248653412	-0.16191288828849792	0.43414318561553955	0.314874529838562	0.09025414288043976	0.1305740475654602	1.0	0.5260635614395142	0.5168921947479248	0.31577837467193604	0.3517147898674011	-0.13658328354358673	0.19223034381866455	0.4041885733604431	0.6161487698554993	-0.16996347904205322	0.3203798234462738	0.16553036868572235	0.19505809247493744	0.19193388521671295	0.12358767539262772	-0.04626818001270294	-0.053378619253635406	0.2400374561548233	0.22296902537345886	-0.08108200132846832	0.05084363743662834	0.30980831384658813	0.16595783829689026	0.04231192544102669	0.09958534687757492	0.6117476224899292	0.5561486482620239	0.43285781145095825	0.31085070967674255	0.288891464471817	0.09510133415460587	0.07078315317630768	0.11810638755559921	0.4722428619861603	0.13941796123981476	-0.08657940477132797
CAU-DA-rh	0.0076101357117295265	0.1513061672449112	-0.09137275069952011	-0.13297045230865479	0.07172808051109314	0.09729325026273727	0.05215723067522049	0.1251223236322403	-0.08429582417011261	-0.07123424857854843	0.4921520948410034	0.361629843711853	-0.002146035898476839	0.06242381036281586	0.5260635614395142	1.0	0.7999691367149353	0.3807074725627899	0.27728283405303955	0.10988262295722961	0.28463447093963623	0.5551241636276245	0.6545183062553406	-0.3658822178840637	0.0609060600399971	-0.0332576148211956	-0.003616456175222993	0.015238643623888493	0.2938741147518158	-0.06856509298086166	-0.10482792556285858	0.025150330737233162	-0.0045844013802707195	-0.16911941766738892	-0.26663821935653687	0.5258144736289978	0.32885122299194336	0.06039450690150261	0.043764565140008926	0.45844805240631104	0.7797232270240784	0.5588105916976929	0.37156152725219727	0.09237559884786606	0.14505049586296082	-0.052284933626651764	0.5843811631202698	0.6719173789024353	0.23432326316833496	-0.1025938168168068
CAU-body-rh	0.048932529985904694	0.1649969071149826	-0.03506594896316528	-0.0775151252746582	0.03658251836895943	0.06856688112020493	0.030786586925387383	0.1746419072151184	-0.053384240716695786	-0.037570156157016754	0.5207287073135376	0.38469189405441284	0.0027949896175414324	0.02306552603840828	0.5168921947479248	0.7999691367149353	1.0	0.5640435814857483	0.1135159358382225	0.18684834241867065	0.21994251012802124	0.6231048703193665	0.6636025905609131	-0.19694474339485168	0.12081708014011383	0.19103632867336273	0.10578849911689758	0.19392529129981995	0.36735913157463074	-0.11017195135354996	-0.10611061006784439	0.09961296617984772	0.12057293951511383	-0.049305953085422516	0.008916247636079788	0.6082373857498169	0.349835067987442	0.015392856672406197	0.07962082326412201	0.59110027551651	0.7453941106796265	0.7776596546173096	0.5644150376319885	-0.053430959582328796	0.14226095378398895	0.07989674061536789	0.6145129203796387	0.6924089193344116	0.2445867955684662	-0.05268377438187599
CAU-tail-rh	0.12773123383522034	0.28393620252609253	0.24393008649349213	0.21775828301906586	0.07654751092195511	0.041243962943553925	0.23297443985939026	0.29816702008247375	0.2070745974779129	0.10662402212619781	0.44758474826812744	0.4010908305644989	0.12522748112678528	0.17701373994350433	0.31577837467193604	0.3807074725627899	0.5640435814857483	1.0	0.08837197721004486	0.35970214009284973	0.15187916159629822	0.5048621296882629	0.38996633887290955	0.28297993540763855	0.2256546914577484	0.20487968623638153	0.09438667446374893	0.09410325437784195	0.2848406136035919	0.060322172939777374	-0.06510195881128311	0.3374021351337433	0.16219337284564972	0.07943090051412582	0.11320559680461884	0.6256393194198608	0.36817625164985657	0.027441201731562614	0.19144190847873688	0.44015294313430786	0.4042190611362457	0.6382462382316589	0.617996335029602	0.07256235182285309	0.1231982409954071	0.1551998406648636	0.3504963219165802	0.5004387497901917	0.05067645385861397	0.014393048360943794
lAMY-rh	0.2106328308582306	0.2800634205341339	0.4205860197544098	0.1956443190574646	-0.2632543742656708	0.005983441602438688	0.024021262302994728	-0.09206876903772354	0.09392080456018448	-0.12176746875047684	0.009631743654608727	-0.11863615363836288	-0.15608972311019897	-0.1742762327194214	0.3517147898674011	0.27728283405303955	0.1135159358382225	0.08837197721004486	1.0	0.17210255563259125	0.22224906086921692	0.20122292637825012	0.08986444026231766	-0.050580624490976334	-0.18010468780994415	0.3433924913406372	0.4453369975090027	0.4788472354412079	0.4004147946834564	-0.07479441910982132	-0.05610300600528717	0.20442774891853333	0.1763463318347931	-0.0058500622399151325	-0.333655446767807	0.07445928454399109	0.029567115008831024	-0.1465306133031845	-0.07812381535768509	0.22462046146392822	0.3688023090362549	0.24717655777931213	0.1407759040594101	0.5570647716522217	0.49962398409843445	0.08204520493745804	0.1470058709383011	0.17536337673664093	-0.09331963211297989	-0.18239007890224457
mAMY-rh	-0.22386978566646576	0.4725431203842163	0.2862405478954315	0.20606817305088043	0.05435110256075859	0.1446620374917984	0.2266322821378708	-0.04809243604540825	-0.09871505200862885	0.20865151286125183	0.24337846040725708	0.13851693272590637	0.09381270408630371	-0.14177869260311127	-0.13658328354358673	0.10988262295722961	0.18684834241867065	0.35970214009284973	0.17210255563259125	1.0	0.4190204441547394	0.5066235065460205	0.07919524610042572	0.09797181934118271	-0.11326390504837036	0.380327433347702	0.26391857862472534	0.2486838698387146	0.4345458745956421	0.3254115879535675	-0.024228081107139587	0.22189730405807495	-0.046859703958034515	0.005338982213288546	-0.25528255105018616	0.4375167787075043	0.23376531898975372	-0.0813579261302948	0.01008111983537674	0.2312665432691574	0.19807754456996918	0.38275817036628723	0.26464182138442993	0.1174849197268486	0.6060057282447815	0.3859504163265228	0.4852451682090759	0.31467577815055847	-0.06772549450397491	-0.04728256165981293
THA-DP-rh	-0.1478085070848465	0.28373971581459045	0.2766600549221039	0.16843238472938538	0.10408949106931686	0.19330036640167236	0.27601104974746704	0.0501040555536747	0.1511935144662857	0.21934711933135986	-0.009661175310611725	-0.10812043398618698	-0.23941250145435333	-0.38194799423217773	0.19223034381866455	0.28463447093963623	0.21994251012802124	0.15187916159629822	0.22224906086921692	0.4190204441547394	1.0	0.21117179095745087	0.21307812631130219	-0.27342572808265686	-0.21324357390403748	0.21716995537281036	0.293335884809494	0.21439549326896667	0.4339238107204437	0.1725669801235199	-0.01841673068702221	0.1843183934688568	-0.08763019740581512	0.13374197483062744	-0.14824439585208893	0.25701650977134705	0.027654152363538742	-0.3279089033603668	-0.3914888799190521	0.37248942255973816	0.32951274514198303	0.3455389440059662	0.047319646924734116	0.34340888261795044	0.21207518875598907	0.6775319576263428	0.4046335816383362	0.32718947529792786	-0.0972469300031662	-0.20152723789215088
NAc-shell-rh	-0.10042301565408707	0.1716117560863495	0.0995139554142952	-0.008102506399154663	0.08009691536426544	0.22729389369487762	0.1321837157011032	0.07965025305747986	-0.00919355358928442	0.10496056824922562	0.6247896552085876	0.4327833652496338	0.2645002603530884	0.06343217194080353	0.4041885733604431	0.5551241636276245	0.6231048703193665	0.5048621296882629	0.20122292637825012	0.5066235065460205	0.21117179095745087	1.0	0.6277193427085876	-0.10622068494558334	0.15757319331169128	0.322428822517395	0.1278580129146576	0.148194819688797	0.2554854154586792	0.22210368514060974	0.05857525393366814	0.12353621423244476	-0.04080794006586075	-0.19665078818798065	-0.23309053480625153	0.5285215377807617	0.31060636043548584	0.1071818619966507	0.09382304549217224	0.4656306207180023	0.45840245485305786	0.5287253260612488	0.3715513348579407	0.11183921247720718	0.37579238414764404	0.2145477682352066	0.5588645935058594	0.5483767986297607	0.08484003692865372	-0.0054869879968464375
NAc-core-rh	0.11173541843891144	-0.07080382108688354	-0.04665929079055786	-0.03613068908452988	0.037502750754356384	0.16902950406074524	0.09492634981870651	0.29688891768455505	0.23861904442310333	0.07567321509122849	0.7398834228515625	0.5302528142929077	0.30256539583206177	0.2656763195991516	0.6161487698554993	0.6545183062553406	0.6636025905609131	0.38996633887290955	0.08986444026231766	0.07919524610042572	0.21307812631130219	0.6277193427085876	1.0	-0.28784212470054626	0.31342118978500366	0.20278646051883698	-0.003050870029255748	0.08251549303531647	0.15967817604541779	0.01131838746368885	-0.02461547963321209	0.027991576120257378	0.0354655496776104	-0.12588822841644287	0.06538652628660202	0.5125197172164917	0.2930263876914978	0.14649514853954315	0.05104855075478554	0.5266361236572266	0.5090786814689636	0.4448847770690918	0.24922126531600952	0.04870517551898956	0.12350897490978241	0.16179360449314117	0.3410412669181824	0.6111344695091248	0.18365031480789185	-0.1234210655093193
pGP-rh	0.16150642931461334	0.2880553603172302	0.3060899078845978	0.12241756170988083	0.04396547004580498	0.011589623987674713	0.2837216556072235	0.12978583574295044	0.24064204096794128	0.10187423229217529	0.03671520948410034	0.13377295434474945	0.19386138021945953	0.25636768341064453	-0.16996347904205322	-0.3658822178840637	-0.19694474339485168	0.28297993540763855	-0.050580624490976334	0.09797181934118271	-0.27342572808265686	-0.10622068494558334	-0.28784212470054626	1.0	0.18616855144500732	0.10418785363435745	0.05985327064990997	0.0838833898305893	-0.02720901556313038	0.010037262924015522	0.026276908814907074	0.22336401045322418	0.16811080276966095	0.21622782945632935	0.32884520292282104	0.016509730368852615	0.0490950308740139	0.18744345009326935	0.2816007435321808	-0.2481723576784134	-0.3427231013774872	-0.06057270988821983	0.10546460002660751	0.10747317224740982	-0.051031775772571564	-0.049984708428382874	-0.27613940834999084	-0.19060362875461578	0.047703035175800323	0.15328894555568695
aGP-rh	-0.08768752962350845	-0.2691883146762848	-0.3323395252227783	-0.003164747729897499	0.42136237025260925	0.3821779191493988	0.4179731011390686	0.2568906247615814	0.3361251950263977	0.3606455624103546	0.4410526156425476	0.6225919723510742	0.6443151235580444	0.6168779730796814	0.3203798234462738	0.0609060600399971	0.12081708014011383	0.2256546914577484	-0.18010468780994415	-0.11326390504837036	-0.21324357390403748	0.15757319331169128	0.31342118978500366	0.18616855144500732	1.0	-0.20552653074264526	-0.28831738233566284	-0.40061938762664795	-0.11192140728235245	0.2689110040664673	0.3031882643699646	0.23939542472362518	0.049723055213689804	0.09820142388343811	0.4587118327617645	0.21427200734615326	0.2599857449531555	0.5326704978942871	0.5031774640083313	0.02542457915842533	0.04148692265152931	0.13268356025218964	0.18768954277038574	-0.12414631992578506	-0.2049124836921692	0.04370543733239174	-0.03835129737854004	0.2583136558532715	0.32348334789276123	0.3325377106666565
HIP-head-m-lh	0.16882625222206116	0.36465567350387573	0.5678513646125793	0.3029443919658661	-0.28176215291023254	-0.06196831539273262	-0.011792519129812717	0.08578403294086456	0.2096720039844513	0.07584118098020554	0.09656529873609543	-0.13269205391407013	-0.20550359785556793	-0.30463165044784546	0.16553036868572235	-0.0332576148211956	0.19103632867336273	0.20487968623638153	0.3433924913406372	0.380327433347702	0.21716995537281036	0.322428822517395	0.20278646051883698	0.10418785363435745	-0.20552653074264526	1.0	0.7252647280693054	0.62786465883255	0.5342432856559753	-0.012285872362554073	-0.07782343775033951	0.09098564833402634	0.22719331085681915	0.1951243132352829	0.048208076506853104	0.20023652911186218	0.055489566177129745	-0.25439560413360596	-0.16270746290683746	0.24038776755332947	0.06729242205619812	0.3174206018447876	0.12746599316596985	0.333268404006958	0.6645293235778809	0.2563738524913788	0.16230356693267822	0.19696427881717682	-0.08439616113901138	-0.3196406662464142
HIP-head-l-l	0.2049204707145691	0.31291714310646057	0.6154578328132629	0.2219693660736084	-0.2854148745536804	-0.04081527516245842	0.060345154255628586	0.09254035353660583	0.16178365051746368	0.003383415285497904	-0.22719250619411469	-0.33689084649086	-0.35406866669654846	-0.4035842716693878	0.19505809247493744	-0.003616456175222993	0.10578849911689758	0.09438667446374893	0.4453369975090027	0.26391857862472534	0.293335884809494	0.1278580129146576	-0.003050870029255748	0.05985327064990997	-0.28831738233566284	0.7252647280693054	1.0	0.6956138610839844	0.4915506839752197	-0.021665452048182487	-0.028000330552458763	0.19657401740550995	0.3610997498035431	0.2756451964378357	-0.05606155842542648	-0.013580952771008015	-0.08084516227245331	-0.4074400067329407	-0.3262036442756653	0.12726140022277832	0.10910934209823608	0.21876798570156097	0.02784499153494835	0.4145224988460541	0.4406086504459381	0.24571043252944946	0.10518058389425278	0.1012292131781578	-0.09655527025461197	-0.3362717628479004
HIP-body-l	0.294929563999176	0.38223183155059814	0.6418808102607727	0.3358471691608429	-0.3503229320049286	-0.13973385095596313	-0.07973075658082962	-0.15129107236862183	-0.09820053726434708	-0.2958541512489319	-0.10042128711938858	-0.3075028359889984	-0.34718477725982666	-0.41201677918434143	0.19193388521671295	0.015238643623888493	0.19392529129981995	0.09410325437784195	0.4788472354412079	0.2486838698387146	0.21439549326896667	0.148194819688797	0.08251549303531647	0.0838833898305893	-0.40061938762664795	0.62786465883255	0.6956138610839844	1.0	0.5210306644439697	-0.11255180835723877	-0.18816708028316498	0.18131159245967865	0.2278028130531311	0.060608066618442535	-0.17596912384033203	0.020490294322371483	-0.15560093522071838	-0.364333838224411	-0.30166640877723694	0.3174440562725067	0.17050550878047943	0.3027501106262207	0.1631689965724945	0.4035927653312683	0.44976571202278137	0.2057703286409378	0.12116794288158417	0.12582510709762573	-0.15995143353939056	-0.21151629090309143
HIP-tail-lh	0.13686662912368774	0.48194044828414917	0.46767503023147583	0.46338868141174316	-0.2981254458427429	0.07411464303731918	0.0706033706665039	0.0499524250626564	0.05525056645274162	0.05436859279870987	0.07535966485738754	-0.10060052573680878	-0.29031455516815186	-0.3409869372844696	0.12358767539262772	0.2938741147518158	0.36735913157463074	0.2848406136035919	0.4004147946834564	0.4345458745956421	0.4339238107204437	0.2554854154586792	0.15967817604541779	-0.02720901556313038	-0.11192140728235245	0.5342432856559753	0.4915506839752197	0.5210306644439697	1.0	-0.2206256091594696	-0.044279467314481735	0.039082374423742294	0.06870037317276001	0.08036600798368454	-0.19275358319282532	0.2807808816432953	-0.05045630410313606	-0.28371506929397583	-0.30844929814338684	0.33026665449142456	0.3288777470588684	0.4549822509288788	0.14940005540847778	0.345136433839798	0.5217247009277344	0.19930250942707062	0.33789169788360596	0.36262208223342896	-0.1712503731250763	-0.3836195468902588
THA-VPm-lh	-0.38825660943984985	-0.10749112069606781	-0.21177366375923157	-0.009642329066991806	0.633664071559906	0.4082603454589844	0.4195023775100708	-0.10513178259134293	0.07200727611780167	0.3830808103084564	0.04480116441845894	0.16286717355251312	0.33045974373817444	0.07559828460216522	-0.04626818001270294	-0.06856509298086166	-0.11017195135354996	0.060322172939777374	-0.07479441910982132	0.3254115879535675	0.1725669801235199	0.22210368514060974	0.01131838746368885	0.010037262924015522	0.2689110040664673	-0.012285872362554073	-0.021665452048182487	-0.11255180835723877	-0.2206256091594696	1.0	0.3465016484260559	0.2803458571434021	-0.05530661717057228	0.18361513316631317	0.14196255803108215	0.15963506698608398	0.22115348279476166	0.23997457325458527	0.2556283473968506	0.06645120680332184	0.031978826969861984	0.011572041548788548	0.20598562061786652	-0.12398697435855865	0.2673051059246063	0.4279971122741699	0.3560367226600647	0.22512340545654297	0.20515839755535126	0.37241053581237793
THA-VPl-lh	-0.2957373261451721	-0.2956104874610901	-0.07815034687519073	0.01998908817768097	0.36609622836112976	0.5954607725143433	0.5161200165748596	0.09450437873601913	0.47701969742774963	0.675352156162262	0.05965602397918701	0.11483148485422134	0.41975393891334534	0.08537536859512329	-0.053378619253635406	-0.10482792556285858	-0.10611061006784439	-0.06510195881128311	-0.05610300600528717	-0.024228081107139587	-0.01841673068702221	0.05857525393366814	-0.02461547963321209	0.026276908814907074	0.3031882643699646	-0.07782343775033951	-0.028000330552458763	-0.18816708028316498	-0.044279467314481735	0.3465016484260559	1.0	0.19368138909339905	0.19664278626441956	0.5384151339530945	0.3227950632572174	0.16901111602783203	0.3237319886684418	0.4703340232372284	0.2002120167016983	-0.1532692164182663	0.01932896487414837	-0.17416846752166748	-0.09290426969528198	-0.03209114447236061	0.07053639739751816	0.3762015104293823	0.12931862473487854	0.15270812809467316	-0.06477981060743332	-0.021311510354280472
THA-VAi-lh	-0.060140833258628845	0.036489516496658325	0.11990323662757874	0.3439621925354004	0.24940259754657745	0.11722242087125778	0.4793342053890228	0.11550898104906082	0.29288187623023987	0.14805561304092407	0.22595460712909698	0.2925768196582794	0.37114623188972473	0.2444026917219162	0.2400374561548233	0.025150330737233162	0.09961296617984772	0.3374021351337433	0.20442774891853333	0.22189730405807495	0.1843183934688568	0.12353621423244476	0.027991576120257378	0.22336401045322418	0.23939542472362518	0.09098564833402634	0.19657401740550995	0.18131159245967865	0.039082374423742294	0.2803458571434021	0.19368138909339905	1.0	0.5021389126777649	0.47019898891448975	0.30298709869384766	0.46881425380706787	0.48297107219696045	0.28534194827079773	0.44112429022789	0.2031606286764145	0.3159474730491638	0.4246377646923065	0.5274143815040588	0.12323828786611557	0.13795708119869232	0.31180891394615173	0.2972046732902527	0.40141651034355164	0.15576446056365967	0.33880501985549927
THA-VAs-lh	0.19411367177963257	-0.08377650380134583	0.16712304949760437	0.1615293323993683	-0.07286155223846436	-0.026948118582367897	0.17635613679885864	0.5259000062942505	0.4062543213367462	0.02625237964093685	0.08089924603700638	0.0527210533618927	0.059245284646749496	0.1203819066286087	0.22296902537345886	-0.0045844013802707195	0.12057293951511383	0.16219337284564972	0.1763463318347931	-0.046859703958034515	-0.08763019740581512	-0.04080794006586075	0.0354655496776104	0.16811080276966095	0.049723055213689804	0.22719331085681915	0.3610997498035431	0.2278028130531311	0.06870037317276001	-0.05530661717057228	0.19664278626441956	0.5021389126777649	1.0	0.522790789604187	0.46401286125183105	0.28921225666999817	0.2753673195838928	-0.01085821632295847	0.1430400311946869	-0.02430974692106247	0.15519633889198303	0.21512049436569214	0.3256523311138153	0.10084402561187744	0.1606152057647705	0.09786362200975418	-0.06371849030256271	0.15315617620944977	0.14048054814338684	-0.03193388879299164
THA-DAm-lh	-0.19910037517547607	-0.17239122092723846	0.1574697196483612	0.14879554510116577	0.22550323605537415	0.36927950382232666	0.49891796708106995	0.34517085552215576	0.6397660970687866	0.5928325057029724	-0.09019745886325836	-0.08047023415565491	0.09683723747730255	-0.07176348567008972	-0.08108200132846832	-0.16911941766738892	-0.049305953085422516	0.07943090051412582	-0.0058500622399151325	0.005338982213288546	0.13374197483062744	-0.19665078818798065	-0.12588822841644287	0.21622782945632935	0.09820142388343811	0.1951243132352829	0.2756451964378357	0.060608066618442535	0.08036600798368454	0.18361513316631317	0.5384151339530945	0.47019898891448975	0.522790789604187	1.0	0.6100606322288513	0.2408212125301361	0.31045299768447876	0.11127378046512604	0.1070973128080368	-0.06005234643816948	0.08835604786872864	0.08391587436199188	0.06512915343046188	-0.028565270826220512	0.10677962750196457	0.40964391827583313	0.11416015774011612	0.12486111372709274	-0.021890202537178993	0.04399672895669937
THA-DAl-lh	0.022290416061878204	-0.28241845965385437	-0.16198313236236572	-0.08417186886072159	0.2323402315378189	0.2147151082754135	0.29130396246910095	0.3938896059989929	0.5177995562553406	0.3796769082546234	0.12149576842784882	0.2257150262594223	0.2930796146392822	0.31875380873680115	0.05084363743662834	-0.26663821935653687	0.008916247636079788	0.11320559680461884	-0.333655446767807	-0.25528255105018616	-0.14824439585208893	-0.23309053480625153	0.06538652628660202	0.32884520292282104	0.4587118327617645	0.048208076506853104	-0.05606155842542648	-0.17596912384033203	-0.19275358319282532	0.14196255803108215	0.3227950632572174	0.30298709869384766	0.46401286125183105	0.6100606322288513	1.0	0.2149871587753296	0.21984295547008514	0.26054590940475464	0.29010701179504395	-0.01218988187611103	-0.05722001940011978	0.11471721529960632	0.19904445111751556	-0.2547440528869629	-0.18563507497310638	0.2202104777097702	-0.10201006382703781	0.13499805331230164	0.2392749935388565	0.1391838788986206
PUT-VA-lh	-0.12529627978801727	0.1737295687198639	-0.01172703504562378	0.08782993257045746	0.1700189858675003	0.20431458950042725	0.4297892153263092	0.28154122829437256	0.24650654196739197	0.3026282787322998	0.7352848649024963	0.5895103216171265	0.38676050305366516	0.2503255307674408	0.30980831384658813	0.5258144736289978	0.6082373857498169	0.6256393194198608	0.07445928454399109	0.4375167787075043	0.25701650977134705	0.5285215377807617	0.5125197172164917	0.016509730368852615	0.21427200734615326	0.20023652911186218	-0.013580952771008015	0.020490294322371483	0.2807808816432953	0.15963506698608398	0.16901111602783203	0.46881425380706787	0.28921225666999817	0.2408212125301361	0.2149871587753296	1.0	0.6979161500930786	0.3382658362388611	0.3568824231624603	0.4862777888774872	0.6552359461784363	0.675006628036499	0.6434886455535889	-0.02757430635392666	0.4042559862136841	0.2415654957294464	0.6296069025993347	0.7661465406417847	0.14690130949020386	-0.05582857504487038
PUT-DA-l	-0.3028431832790375	-0.09090777486562729	-0.02881258726119995	0.061798762530088425	0.4265500009059906	0.19660094380378723	0.35996776819229126	0.10042296350002289	0.24288102984428406	0.2548728585243225	0.6308675408363342	0.6958335041999817	0.5308369994163513	0.5077967643737793	0.16595783829689026	0.32885122299194336	0.349835067987442	0.36817625164985657	0.029567115008831024	0.23376531898975372	0.027654152363538742	0.31060636043548584	0.2930263876914978	0.0490950308740139	0.2599857449531555	0.055489566177129745	-0.08084516227245331	-0.15560093522071838	-0.05045630410313606	0.22115348279476166	0.3237319886684418	0.48297107219696045	0.2753673195838928	0.31045299768447876	0.21984295547008514	0.6979161500930786	1.0	0.6098167300224304	0.6974254846572876	0.09725980460643768	0.3834218680858612	0.348998486995697	0.4986490309238434	-0.011498112231492996	0.17756283283233643	0.07921965420246124	0.4438730776309967	0.46371954679489136	0.23846988379955292	0.06769222021102905
PUT-VP-lh	-0.25761669874191284	-0.16180314123630524	-0.31045395135879517	-0.01784663274884224	0.395540326833725	0.40106385946273804	0.30628639459609985	-0.03534407913684845	0.22643552720546722	0.27429258823394775	0.5315647721290588	0.6782940626144409	0.79935622215271	0.6914269328117371	0.04231192544102669	0.06039450690150261	0.015392856672406197	0.027441201731562614	-0.1465306133031845	-0.0813579261302948	-0.3279089033603668	0.1071818619966507	0.14649514853954315	0.18744345009326935	0.5326704978942871	-0.25439560413360596	-0.4074400067329407	-0.364333838224411	-0.28371506929397583	0.23997457325458527	0.4703340232372284	0.28534194827079773	-0.01085821632295847	0.11127378046512604	0.26054590940475464	0.3382658362388611	0.6098167300224304	1.0	0.7808621525764465	-0.14244039356708527	0.04339950904250145	-0.001626337063498795	0.17004898190498352	-0.09579493850469589	-0.06360558420419693	-0.12650378048419952	0.0776788592338562	0.21862173080444336	0.20807704329490662	0.3408505618572235
PUT-DP-lh	-0.057855334132909775	-0.0342610627412796	-0.24721217155456543	0.1274380087852478	0.4938114583492279	0.049387186765670776	0.22804230451583862	-0.09250742197036743	0.12092117220163345	0.0597546249628067	0.5034419298171997	0.7431141138076782	0.6826318502426147	0.778624415397644	0.09958534687757492	0.043764565140008926	0.07962082326412201	0.19144190847873688	-0.07812381535768509	0.01008111983537674	-0.3914888799190521	0.09382304549217224	0.05104855075478554	0.2816007435321808	0.5031774640083313	-0.16270746290683746	-0.3262036442756653	-0.30166640877723694	-0.30844929814338684	0.2556283473968506	0.2002120167016983	0.44112429022789	0.1430400311946869	0.1070973128080368	0.29010701179504395	0.3568824231624603	0.6974254846572876	0.7808621525764465	1.0	-0.12373036891222	0.08556770533323288	0.13596859574317932	0.3910762369632721	-0.14990556240081787	-0.0636257529258728	-0.20152024924755096	0.08337996900081635	0.19557435810565948	0.3768785893917084	0.4273654818534851
