Node	DMN_LABEL_1	Vis_LABEL_2	FP_LABEL_3	Aud_LABEL_4	Tpole_LABEL_5	PMN_LABEL_6	PON_LABEL_7	MTL_LABEL_8	PON_LABEL_9	CO_LABEL_10	Sal_LABEL_11	CO_LABEL_12	SMd_LABEL_13	SMl_LABEL_14	DAN_LABEL_15	DMN_LABEL_16	CO_LABEL_17	DMN_LABEL_18	VAN_LABEL_19	CO_LABEL_20	CO_LABEL_21	Sal_LABEL_22	DAN_LABEL_23	PMN_LABEL_24	DAN_LABEL_25	DMN_LABEL_26	DMN_LABEL_27	DMN_LABEL_28	Vis_LABEL_29	FP_LABEL_30	Aud_LABEL_31	Tpole_LABEL_32	PMN_LABEL_33	PON_LABEL_34	MTL_LABEL_35	CO_LABEL_36	Sal_LABEL_37	CO_LABEL_38	SMd_LABEL_39	SMl_LABEL_40	DAN_LABEL_41	CO_LABEL_42	VAN_LABEL_43	CO_LABEL_44	CO_LABEL_45	Sal_LABEL_46	DAN_LABEL_47	PMN_LABEL_48	DAN_LABEL_49	DMN_LABEL_50	FP_LABEL_51	DMN_LABEL_52	DMN_LABEL_53	PON_LABEL_54	DMN_LABEL_55	Tpole_LABEL_56	Tpole_LABEL_57	Sal_LABEL_58	Sal_LABEL_59	SMd_LABEL_60	DAN_LABEL_61	FP_LABEL_62	DMN_LABEL_63	FP_LABEL_64	FP_LABEL_65	SMd_LABEL_66	SMl_LABEL_67	SMd_LABEL_68	DMN_LABEL_69	DAN_LABEL_70	DMN_LABEL_71	FP_LABEL_72	SMd_LABEL_73	SMl_LABEL_74	MTL_LABEL_75	MTL_LABEL_76	CO_LABEL_77	CO_LABEL_78	Vis_LABEL_79	Vis_LABEL_80
DMN_LABEL_1	1.0	0.07882362604141235	0.19439449906349182	0.022605806589126587	-0.2919975519180298	0.4538235068321228	0.6881235241889954	n/a	0.3373444974422455	-0.2595813274383545	0.12594503164291382	-0.32176199555397034	0.19970355927944183	-0.04213722050189972	-0.12485463172197342	0.4997907876968384	0.04769850894808769	0.09850827604532242	0.43134015798568726	0.33615171909332275	-0.33527082204818726	-0.2999122738838196	-0.20106397569179535	0.4870968759059906	0.00028548811678774655	0.19680152833461761	0.5061454176902771	0.12736377120018005	0.008543889969587326	-0.24604783952236176	0.054784029722213745	-0.02092471346259117	0.4976356029510498	0.4560147523880005	n/a	-0.3321271538734436	-0.1675238460302353	-0.5004231929779053	-0.03097173385322094	0.004872628953307867	-0.2585429847240448	-0.03897368907928467	0.09682261198759079	0.33949893712997437	-0.40027105808258057	-0.2181408554315567	-0.2750633656978607	0.11623941361904144	-0.3446066379547119	0.3058830499649048	-0.1064097210764885	-0.14235398173332214	-0.016394048929214478	-0.1636466681957245	0.38464638590812683	0.12144028395414352	-0.04312055930495262	-0.09037985652685165	-0.28704550862312317	0.13322052359580994	0.09342271089553833	0.26403841376304626	0.3444449007511139	-0.3276295065879822	-0.33654579520225525	0.22612279653549194	-0.01579304412007332	0.003859273623675108	0.28334057331085205	0.07084126025438309	0.1769973784685135	0.23652054369449615	0.20887385308742523	0.02655666507780552	0.4903275966644287	0.33725985884666443	-0.1216629147529602	-0.23115983605384827	0.27067163586616516	-0.15755178034305573
Vis_LABEL_2	0.07882362604141235	1.0	-0.07329265028238297	0.21233361959457397	-0.09197649359703064	0.25552257895469666	0.1443576216697693	n/a	0.25978708267211914	0.09401778131723404	0.23745214939117432	-0.1376056671142578	-0.04644240811467171	-0.09494107961654663	-0.22779934108257294	-0.23266421258449554	0.061532121151685715	0.0784989595413208	-0.004753209184855223	0.26412755250930786	0.28570815920829773	-0.05748409032821655	-0.037602148950099945	0.3608938157558441	-0.12193550914525986	-0.09413015842437744	-0.0648278072476387	-0.3276546895503998	0.8187899589538574	-0.35995957255363464	0.3473248779773712	-0.01634765788912773	0.23731355369091034	0.036547932773828506	n/a	0.28626519441604614	0.1433640569448471	0.16859062016010284	-0.1008395105600357	-0.22727951407432556	-0.3680651783943176	-0.02294217422604561	0.10827680677175522	0.11048884689807892	0.04521077126264572	0.29149484634399414	-0.050173211842775345	0.0043967533856630325	-0.34180569648742676	-0.1581016480922699	-0.2554547190666199	-0.010367922484874725	-0.13507990539073944	0.2060459405183792	-0.3467240333557129	-0.100006103515625	-0.008257957175374031	-0.13865765929222107	-0.13885369896888733	-0.09076981991529465	0.06760427355766296	-0.08660264313220978	-0.042791590094566345	-0.0401267483830452	-0.11793652921915054	0.19758564233779907	-0.1917959451675415	-0.15453629195690155	-0.15837468206882477	0.08515486121177673	-0.06629470735788345	-0.10370790213346481	0.004469315521419048	0.017668260261416435	0.13835817575454712	-0.14363513886928558	-0.2741912305355072	-0.16255515813827515	0.07241284102201462	0.0005679684691131115
FP_LABEL_3	0.19439449906349182	-0.07329265028238297	1.0	-0.10521844029426575	0.014692743308842182	-0.05884120613336563	-0.20411565899848938	n/a	-0.3758457601070404	0.1628674566745758	0.15159247815608978	0.328298956155777	-0.013731187209486961	-0.09811235964298248	0.3605863153934479	0.30850857496261597	-0.2430436760187149	0.06839859485626221	0.09150810539722443	-0.06339552998542786	0.1654052436351776	0.4164898693561554	-0.07560409605503082	0.33205586671829224	-0.22265394032001495	-0.056348852813243866	-0.09040524065494537	0.12263643741607666	-0.23774847388267517	0.5948232412338257	-0.0994887575507164	-0.3075545132160187	-0.05380704998970032	-0.09611233323812485	n/a	-0.02021583914756775	0.3422866463661194	-0.08131973445415497	-0.2571299374103546	-0.20692668855190277	0.35459986329078674	-0.47063615918159485	-0.24823932349681854	-0.363675057888031	0.10681745409965515	-0.19847412407398224	-0.1864357888698578	0.2421712577342987	-0.0887962356209755	0.0760611891746521	0.52011638879776	0.055144019424915314	-0.0649930089712143	-0.4418569803237915	0.2759331464767456	-0.1916886270046234	-0.24745415151119232	0.25954049825668335	0.2397671490907669	-0.167349711060524	-0.2865431308746338	0.4346805512905121	-0.20510491728782654	0.2579084038734436	0.40905481576919556	-0.03134315833449364	0.07120944559574127	0.03927740454673767	-0.22333258390426636	-0.023486029356718063	0.2678220272064209	0.6004818677902222	-0.1630188524723053	0.05645730718970299	-0.004880917724221945	-0.1791905015707016	0.2769447863101959	-0.00031726108863949776	0.06429857015609741	0.16585861146450043
Aud_LABEL_4	0.022605806589126587	0.21233361959457397	-0.10521844029426575	1.0	-0.016884196549654007	0.015193772502243519	0.04488044232130051	n/a	0.052035313099622726	0.1941700279712677	0.03652946650981903	-0.021762151271104813	0.10322773456573486	0.28732213377952576	-0.3078902065753937	-0.13472750782966614	0.48223844170570374	0.030676819384098053	0.25210824608802795	0.02847856841981411	0.3827500641345978	-0.011145524680614471	-0.3458556830883026	-0.027791621163487434	-0.2870299220085144	-0.08037960529327393	0.17664888501167297	-0.09200658649206161	0.07007037848234177	-0.2640048861503601	0.8308544754981995	-0.12513579428195953	0.05226660892367363	-0.11723742634057999	n/a	0.18309539556503296	0.07317563146352768	0.1824033558368683	0.0170894805341959	0.1889999508857727	-0.3344326615333557	0.15436328947544098	0.2537812292575836	-0.0900564193725586	0.1886996328830719	0.19608959555625916	-0.42297178506851196	-0.36527618765830994	-0.4493189752101898	0.057132989168167114	-0.2093563824892044	-0.12690675258636475	-0.08392887562513351	-0.13588577508926392	-0.07273053377866745	-0.07348436862230301	-0.046722330152988434	0.026337282732129097	0.07121209800243378	-0.01975887082517147	0.05037539079785347	-0.2276487946510315	-0.16014127433300018	-0.06371822208166122	-0.2828432619571686	-0.07109488546848297	-0.10933791846036911	0.10687509924173355	0.07965418696403503	-0.10452219098806381	-0.3872806429862976	-0.01886455900967121	-0.22358189523220062	0.1675177812576294	0.08534213900566101	-0.03676047921180725	0.01287805289030075	0.07024767994880676	0.12092160433530807	0.06878481805324554
Tpole_LABEL_5	-0.2919975519180298	-0.09197649359703064	0.014692743308842182	-0.016884196549654007	1.0	-0.15720613300800323	-0.1432127207517624	n/a	-0.2160920351743698	-0.03370644897222519	0.042163506150245667	0.12420828640460968	-0.18381312489509583	0.2901603579521179	-0.07423099130392075	0.22820688784122467	-0.3532630205154419	0.07235679775476456	-0.2571287453174591	-0.5762837529182434	-0.02814880572259426	0.29302579164505005	-0.09301362931728363	-0.2541031539440155	-0.10236833989620209	0.41724225878715515	0.24071842432022095	0.09858766198158264	-0.24812671542167664	-0.05212565138936043	0.11787456274032593	0.1850549578666687	-0.21123690903186798	0.007075109053403139	n/a	-0.02799719199538231	0.023190433159470558	0.13462328910827637	0.12283991277217865	0.2068263590335846	-0.1717696636915207	-0.215529203414917	-0.028065519407391548	-0.12261932343244553	-0.07048866152763367	-0.1389501690864563	-0.02924541011452675	-0.23855359852313995	0.0843433067202568	-0.022013118490576744	0.34507957100868225	0.003765964647755027	-0.13831834495067596	0.1561335176229477	0.2570924162864685	0.3127007782459259	0.08559323102235794	-0.12346184253692627	-0.035836491733789444	-0.30285701155662537	-0.5046992897987366	-0.3137859106063843	-0.37734848260879517	0.10218826681375504	0.04826011881232262	-0.08574068546295166	-0.1683090776205063	0.023357441648840904	-0.3754006624221802	-0.4482589364051819	0.17298951745033264	0.12225387990474701	0.058184828609228134	0.0855925977230072	-0.13936863839626312	-0.1896781325340271	0.015558798797428608	0.1255054920911789	0.047876350581645966	-0.12372612208127975
PMN_LABEL_6	0.4538235068321228	0.25552257895469666	-0.05884120613336563	0.015193772502243519	-0.15720613300800323	1.0	0.5586195588111877	n/a	0.32970482110977173	-0.13844840228557587	0.2552111744880676	-0.5396287441253662	-0.11667697876691818	-0.06182847172021866	-0.42693892121315	0.07572153210639954	-0.0254449974745512	0.08874373883008957	0.04307146370410919	0.10692106187343597	-0.0906534343957901	-0.10773610323667526	-0.47786739468574524	0.6557229161262512	-0.2966703772544861	0.10236635059118271	0.2763325870037079	0.022137338295578957	0.2856255769729614	-0.314126193523407	-0.16676872968673706	0.06994597613811493	0.8750825524330139	0.6492906212806702	n/a	-0.13194340467453003	-0.09817427396774292	-0.27954789996147156	0.07230664044618607	0.005249368026852608	-0.407155841588974	0.13824579119682312	0.17527411878108978	0.28359946608543396	-0.10657291114330292	0.21734827756881714	-0.40296033024787903	0.39654529094696045	-0.5573339462280273	0.263083279132843	-0.06246262416243553	0.008875865489244461	-0.03761453926563263	0.008033838123083115	0.19119633734226227	0.36604928970336914	-0.05751267075538635	-0.18838845193386078	-0.1831018179655075	-0.026488415896892548	-0.130024254322052	-0.015101950615644455	0.4380166530609131	-0.15524235367774963	-0.284853994846344	0.2755894958972931	-0.19277507066726685	-0.3325336277484894	0.06537896394729614	-0.3030399978160858	0.08593077957630157	-0.03946152329444885	-0.03534486144781113	-0.1906409114599228	0.19643117487430573	0.13141672313213348	-0.3665696084499359	0.0880998894572258	0.2660541832447052	-0.19725972414016724
PON_LABEL_7	0.6881235241889954	0.1443576216697693	-0.20411565899848938	0.04488044232130051	-0.1432127207517624	0.5586195588111877	1.0	n/a	0.6768775582313538	-0.2537900507450104	-0.020795296877622604	-0.4131459891796112	0.14109647274017334	-0.08623990416526794	-0.20596659183502197	0.27399158477783203	0.25636807084083557	0.024949930608272552	0.2562798261642456	0.27652961015701294	-0.3404744267463684	-0.45843565464019775	-0.2593860626220703	0.4503783583641052	0.16111308336257935	0.22892111539840698	0.40856224298477173	-0.0736575573682785	0.18818095326423645	-0.5025057792663574	0.07025135308504105	0.132470965385437	0.5560498833656311	0.7596041560173035	n/a	-0.2392275333404541	-0.48513251543045044	-0.3708961009979248	0.16311322152614594	-0.017718037590384483	-0.4325556457042694	0.30211886763572693	0.2196011245250702	0.49946603178977966	-0.40914368629455566	-0.16897927224636078	-0.24593298137187958	0.051462847739458084	-0.26380982995033264	0.23878049850463867	-0.24564753472805023	-0.10008925199508667	0.043222445994615555	0.20829759538173676	0.26758211851119995	0.24419637024402618	0.039860259741544724	-0.2913718819618225	-0.4263317883014679	0.06698665022850037	0.21454693377017975	-0.0994332954287529	0.42023298144340515	-0.4455496668815613	-0.4604894816875458	0.1665877252817154	-0.1511789858341217	0.00021513397223316133	0.28221395611763	0.137638658285141	0.0726068913936615	0.018352000042796135	0.2406577616930008	-0.1296839565038681	0.5483479499816895	0.47975969314575195	-0.2288101613521576	-0.27199995517730713	0.21316900849342346	-0.0666516050696373
MTL_LABEL_8	n/a	n/a	n/a	n/a	n/a	n/a	n/a	1.0	n/a	n/a	n/a	n/a	n/a	n/a	n/a	n/a	n/a	n/a	n/a	n/a	n/a	n/a	n/a	n/a	n/a	n/a	n/a	n/a	n/a	n/a	n/a	n/a	n/a	n/a	n/a	n/a	n/a	n/a	n/a	n/a	n/a	n/a	n/a	n/a	n/a	n/a	n/a	n/a	n/a	n/a	n/a	n/a	n/a	n/a	n/a	n/a	n/a	n/a	n/a	n/a	n/a	n/a	n/a	n/a	n/a	n/a	n/a	n/a	n/a	n/a	n/a	n/a	n/a	n/a	n/a	n/a	n/a	n/a	n/a	n/a
PON_LABEL_9	0.3373444974422455	0.25978708267211914	-0.3758457601070404	0.052035313099622726	-0.2160920351743698	0.32970482110977173	0.6768775582313538	n/a	1.0	-0.09742860496044159	-0.07607562094926834	-0.3185162842273712	0.003901234595105052	0.09105479717254639	-0.2706317901611328	-0.004008422140032053	0.2801840901374817	-0.009429533034563065	-0.05496494099497795	0.38860347867012024	-0.159303218126297	-0.49667224287986755	-0.002287565730512142	0.11467702686786652	0.3591664135456085	0.10999078303575516	0.2406269758939743	-0.1456531435251236	0.3961542546749115	-0.5311753749847412	0.11236187815666199	-0.029322760179638863	0.26178795099258423	0.44937580823898315	n/a	-0.11899765580892563	-0.5192807912826538	-0.15800274908542633	0.0981471985578537	0.1062454804778099	-0.34831783175468445	0.358304500579834	-0.031594373285770416	0.5050402879714966	-0.2152058184146881	-0.07804279774427414	0.11054389923810959	-0.2502475380897522	-0.01094165537506342	0.036011531949043274	-0.35242217779159546	-0.20096606016159058	-0.14719869196414948	0.41348692774772644	0.05713532492518425	0.24406827986240387	0.02275039441883564	-0.32930734753608704	-0.46416574716567993	0.1448991596698761	0.3393922746181488	0.17276093363761902	0.34668833017349243	-0.31391650438308716	-0.23519843816757202	-0.06292524933815002	0.09267605096101761	-0.21496431529521942	0.2287081927061081	0.05126102268695831	0.05992159992456436	-0.1801932454109192	0.08878545463085175	0.1408773958683014	0.4199179708957672	0.3727414309978485	-0.3086015582084656	-0.2080240547657013	0.3506724238395691	-0.3084220588207245
CO_LABEL_10	-0.2595813274383545	0.09401778131723404	0.1628674566745758	0.1941700279712677	-0.03370644897222519	-0.13844840228557587	-0.2537900507450104	n/a	-0.09742860496044159	1.0	0.26842042803764343	0.45274579524993896	-0.24220319092273712	-0.02997315302491188	-0.13187114894390106	-0.16303043067455292	0.2716142237186432	0.10096558928489685	-0.41696682572364807	0.16534768044948578	0.7383750081062317	0.2640659809112549	-0.0412750318646431	-0.26759040355682373	-0.2578272521495819	-0.22057965397834778	-0.30180373787879944	0.08614707738161087	-0.006407658103853464	0.2255394011735916	0.2378450632095337	-0.2030654102563858	-0.18781812489032745	-0.26653775572776794	n/a	0.8060340285301208	0.5149974822998047	0.45642998814582825	-0.2669120728969574	-0.10177578032016754	0.1628609299659729	0.12965625524520874	-0.17581315338611603	-0.06101645529270172	0.7109724879264832	0.2582740783691406	-0.03805921599268913	-0.2587314248085022	-0.05045776069164276	-0.24844032526016235	0.004734341986477375	0.16658622026443481	-0.10133448988199234	0.00653676874935627	-0.46055883169174194	-0.1180964782834053	-0.20534269511699677	0.08245185017585754	0.12284397333860397	-0.10403875261545181	-0.2019476443529129	-0.09197941422462463	-0.24234312772750854	0.3406394124031067	0.14268535375595093	-0.35113003849983215	0.02606954611837864	-0.2520175278186798	-0.27761295437812805	-0.0022170073352754116	-0.29115432500839233	-0.0660705640912056	-0.26519832015037537	-0.14067427814006805	0.04141661524772644	-0.009389566257596016	0.09477550536394119	0.013437455520033836	-0.15126930177211761	0.09871364384889603
Sal_LABEL_11	0.12594503164291382	0.23745214939117432	0.15159247815608978	0.03652946650981903	0.042163506150245667	0.2552111744880676	-0.020795296877622604	n/a	-0.07607562094926834	0.26842042803764343	1.0	-0.1318141222000122	-0.20199443399906158	0.02235790528357029	-0.19359664618968964	0.15718485414981842	-0.06344057619571686	0.3808259963989258	0.10725243389606476	0.17758870124816895	0.22160635888576508	0.34480270743370056	-0.2913152277469635	0.15545037388801575	-0.2688487470149994	0.2734288275241852	0.2780067026615143	0.26231735944747925	0.018733983859419823	-0.12952139973640442	-0.030286721885204315	-0.1655767858028412	0.21760788559913635	-0.038353338837623596	n/a	0.2981378138065338	0.4902176558971405	-0.10177596658468246	0.08579397946596146	-0.1098715215921402	-0.294857382774353	-0.11750765144824982	0.10455603152513504	0.03965074196457863	0.04133741930127144	0.49276986718177795	-0.23950742185115814	-0.1292394995689392	-0.24690105020999908	-0.11804087460041046	0.0700611025094986	-0.004054648336023092	0.005281336139887571	-0.04970511794090271	-0.03608635812997818	-0.030310621485114098	-0.27757516503334045	0.23528003692626953	0.22089511156082153	0.08778735250234604	-0.21667806804180145	-0.01654461957514286	-0.12705394625663757	0.2132532000541687	-0.0053082359954714775	0.25458014011383057	-0.07710027694702148	-0.18033583462238312	-0.11470852047204971	-0.16086126863956451	0.1210341826081276	0.027524273842573166	-0.22839407622814178	-0.16993321478366852	0.14999891817569733	0.020219700410962105	-0.09801586717367172	-0.037970270961523056	-0.10560815781354904	-0.18964877724647522
CO_LABEL_12	-0.32176199555397034	-0.1376056671142578	0.328298956155777	-0.021762151271104813	0.12420828640460968	-0.5396287441253662	-0.4131459891796112	n/a	-0.3185162842273712	0.45274579524993896	-0.1318141222000122	1.0	-0.02669229917228222	-0.20958605408668518	0.4517958164215088	-0.27531197667121887	0.014098242856562138	-0.28731849789619446	-0.36149531602859497	-0.16342616081237793	0.1646517664194107	0.15265735983848572	0.3943046033382416	-0.35507744550704956	0.13749995827674866	-0.17973168194293976	-0.42749738693237305	-0.3072996139526367	-0.32162272930145264	0.47737860679626465	0.1434386521577835	-0.37370288372039795	-0.4149405360221863	-0.282827228307724	n/a	0.4365498423576355	0.2519683241844177	0.6574355959892273	-0.20959702134132385	-0.2606127858161926	0.6000515222549438	0.0019361897138878703	-0.4229860007762909	-0.5477031469345093	0.20754414796829224	-0.2410971075296402	0.32432615756988525	-0.06829618662595749	0.3984406590461731	-0.38948825001716614	0.2788655459880829	0.014479398727416992	-0.24069805443286896	-0.1557142287492752	-0.1797092705965042	-0.17890894412994385	-0.10972723364830017	0.2722143530845642	0.28824421763420105	-0.07220865786075592	-0.1784895658493042	0.09537488967180252	-0.43871408700942993	0.3332459032535553	0.3334082365036011	-0.3457019627094269	0.12185405939817429	0.12058717012405396	-0.09606850147247314	0.15335464477539062	-0.1229286938905716	0.16702672839164734	0.062300894409418106	0.07940980046987534	-0.1727323830127716	0.02212236262857914	0.4478699266910553	0.19824586808681488	-0.27410832047462463	0.23970387876033783
SMd_LABEL_13	0.19970355927944183	-0.04644240811467171	-0.013731187209486961	0.10322773456573486	-0.18381312489509583	-0.11667697876691818	0.14109647274017334	n/a	0.003901234595105052	-0.24220319092273712	-0.20199443399906158	-0.02669229917228222	1.0	-0.1608106940984726	0.26000216603279114	-0.08035120368003845	0.2933602035045624	-0.32823291420936584	0.3680080473423004	0.16533096134662628	-0.10084360837936401	-0.09064645320177078	0.012189810164272785	0.20270371437072754	0.2456781566143036	-0.37407225370407104	-0.05733559653162956	-0.19132158160209656	-0.038195881992578506	-0.189682275056839	0.02022889442741871	0.05191977322101593	0.002273887861520052	0.004775218665599823	n/a	-0.19089776277542114	-0.20845261216163635	-0.11220961809158325	0.5192102193832397	-0.035451147705316544	0.011692662723362446	0.19489094614982605	0.32037118077278137	0.14331503212451935	-0.07795388996601105	-0.18944022059440613	-0.005206733010709286	-0.031898606568574905	0.050642646849155426	-0.05153128504753113	-0.11334531754255295	-0.06380908936262131	-0.05140151455998421	-0.034214552491903305	-0.0022700109984725714	0.0405171774327755	0.33673733472824097	-0.0871969535946846	-0.012924780137836933	0.48682329058647156	0.3338961899280548	0.08448228985071182	0.13643769919872284	-0.2793572247028351	-0.11449453234672546	0.29815247654914856	0.22388286888599396	0.6032350659370422	0.11925595998764038	0.4391009509563446	-0.11718179285526276	0.07772234827280045	0.44818657636642456	0.012108035385608673	0.16423684358596802	0.34509333968162537	0.09752322733402252	-0.027140939608216286	0.33282768726348877	0.4116683006286621
SMl_LABEL_14	-0.04213722050189972	-0.09494107961654663	-0.09811235964298248	0.28732213377952576	0.2901603579521179	-0.06182847172021866	-0.08623990416526794	n/a	0.09105479717254639	-0.02997315302491188	0.02235790528357029	-0.20958605408668518	-0.1608106940984726	1.0	-0.17201462388038635	0.07069550454616547	-0.020719151943922043	0.11112380027770996	-0.10159555822610855	-0.12282228469848633	0.027847422286868095	-0.14715233445167542	-0.05070905014872551	-0.3523871600627899	0.03245330974459648	0.10450007766485214	0.3528861701488495	0.10323582589626312	0.03946005553007126	-0.35118892788887024	0.3737868070602417	0.16832943260669708	-0.2135191261768341	-0.19196569919586182	n/a	-0.22165027260780334	-0.17139343917369843	-0.13524766266345978	0.08172088116407394	0.9023445844650269	-0.27416181564331055	0.004329438786953688	-0.054212480783462524	0.20145434141159058	-0.008978398516774178	-0.09840231388807297	0.024659261107444763	-0.41747599840164185	-0.024613389745354652	-0.1961061805486679	-0.0815579891204834	-0.473873496055603	-0.38756170868873596	0.06687396764755249	0.20595672726631165	0.2742612063884735	0.11455143243074417	0.11016341298818588	-0.01293474342674017	-0.03221399709582329	0.09163755923509598	0.11291942000389099	-0.18759828805923462	0.03918682411313057	-0.07678212970495224	-0.21811333298683167	0.4668060541152954	-0.06497061252593994	-0.14364726841449738	-0.4715138375759125	0.0842423066496849	-0.18745562434196472	-0.29731032252311707	0.506939172744751	0.056711237877607346	-0.1853325366973877	0.09773276001214981	0.2670399844646454	0.3775060176849365	-0.23073728382587433
DAN_LABEL_15	-0.12485463172197342	-0.22779934108257294	0.3605863153934479	-0.3078902065753937	-0.07423099130392075	-0.42693892121315	-0.20596659183502197	n/a	-0.2706317901611328	-0.13187114894390106	-0.19359664618968964	0.4517958164215088	0.26000216603279114	-0.17201462388038635	1.0	-0.29441964626312256	-0.01751571334898472	-0.32713207602500916	0.017074190080165863	-0.04133879020810127	-0.18426655232906342	-0.15134339034557343	0.5899708271026611	-0.09960978478193283	0.5345121026039124	-0.22817547619342804	-0.34574857354164124	-0.36285045742988586	-0.19754821062088013	0.45992085337638855	-0.1668858379125595	-0.1442573219537735	-0.4265301823616028	-0.13615207374095917	n/a	-0.05988626182079315	-0.14831015467643738	0.16013137996196747	0.047835562378168106	-0.23133501410484314	0.6747943162918091	-0.08181759715080261	-0.35158756375312805	-0.271484911441803	-0.15073667466640472	-0.43985819816589355	0.5284004807472229	0.2497238665819168	0.6095194220542908	-0.40706193447113037	0.2275092899799347	-0.18816110491752625	-0.1789577603340149	0.03330640867352486	0.06990445405244827	-0.13336433470249176	0.007459463085979223	0.47343772649765015	0.32030579447746277	0.07793598622083664	0.20399828255176544	0.1285776048898697	-0.4245976209640503	0.1539432257413864	0.25575509667396545	-0.07321833074092865	0.2621347904205322	0.3316040337085724	-0.08497223258018494	0.39213448762893677	0.07029195129871368	0.3327459692955017	0.16913394629955292	0.038774263113737106	-0.15191210806369781	0.033956147730350494	0.37699881196022034	0.058047495782375336	-0.18833553791046143	0.29112738370895386
DMN_LABEL_16	0.4997907876968384	-0.23266421258449554	0.30850857496261597	-0.13472750782966614	0.22820688784122467	0.07572153210639954	0.27399158477783203	n/a	-0.004008422140032053	-0.16303043067455292	0.15718485414981842	-0.27531197667121887	-0.08035120368003845	0.07069550454616547	-0.29441964626312256	1.0	-0.34129074215888977	0.4925934672355652	0.29701536893844604	-0.07761666178703308	-0.2379620522260666	0.17227040231227875	-0.35680633783340454	0.14830069243907928	-0.2594095468521118	0.47651705145835876	0.5498694181442261	0.6445233821868896	-0.3050132393836975	0.04539037123322487	-0.1642385870218277	0.12378532439470291	0.11731007695198059	0.13518892228603363	n/a	-0.3199932277202606	0.036136288195848465	-0.536469578742981	-0.03235036879777908	0.05324944108724594	-0.3176768124103546	-0.4063568413257599	0.10068254172801971	0.1725136935710907	-0.30117860436439514	-0.1847068816423416	-0.37400054931640625	-0.09893307089805603	-0.21877190470695496	0.5185176730155945	0.2134377807378769	0.11998458951711655	0.34435194730758667	-0.21892547607421875	0.4405984580516815	0.03129439055919647	-0.13583822548389435	-0.15355685353279114	-0.26617908477783203	0.011087537743151188	-0.23227331042289734	0.17039747536182404	0.16614104807376862	-0.16953083872795105	-0.10690730065107346	0.13204117119312286	-0.12487353384494781	0.03406723961234093	0.07363131642341614	-0.20604245364665985	0.3543612062931061	0.2708328664302826	-0.001363941584713757	0.09315100312232971	0.2542297840118408	0.07202773541212082	-0.07793187350034714	-0.31718724966049194	0.11276356875896454	-0.23911309242248535
CO_LABEL_17	0.04769850894808769	0.061532121151685715	-0.2430436760187149	0.48223844170570374	-0.3532630205154419	-0.0254449974745512	0.25636807084083557	n/a	0.2801840901374817	0.2716142237186432	-0.06344057619571686	0.014098242856562138	0.2933602035045624	-0.020719151943922043	-0.01751571334898472	-0.34129074215888977	1.0	-0.13471338152885437	0.2064911425113678	0.5128133296966553	0.40904006361961365	-0.18456947803497314	-0.13577790558338165	-0.04265042766928673	0.09964872896671295	-0.4532138407230377	-0.07862590253353119	-0.14432589709758759	0.13500693440437317	-0.3514455258846283	0.3930489122867584	0.08876603841781616	-0.03577283024787903	-0.07235922664403915	n/a	0.22319521009922028	-0.0647595077753067	0.03554120659828186	0.035873301327228546	0.016111178323626518	-0.1625409871339798	0.6050952076911926	0.293971985578537	0.20376306772232056	0.3108918368816376	0.18835970759391785	-0.16470372676849365	-0.30876433849334717	-0.15533746778964996	-0.13373762369155884	-0.43006399273872375	0.031270064413547516	-0.006335686892271042	0.08123759180307388	-0.3154532313346863	-0.21901583671569824	0.14028120040893555	-0.09120384603738785	-0.11584669351577759	0.19118081033229828	0.4672962725162506	-0.28849008679389954	0.0637592002749443	-0.10970000922679901	-0.2668454945087433	0.07366955280303955	0.05090142786502838	0.16720695793628693	0.2584586441516876	0.37611424922943115	-0.43420955538749695	-0.27110108733177185	-0.06661827862262726	-0.2844564616680145	0.4633510410785675	0.46900641918182373	-0.07440894097089767	-0.24326084554195404	0.12459487468004227	0.20621678233146667
DMN_LABEL_18	0.09850827604532242	0.0784989595413208	0.06839859485626221	0.030676819384098053	0.07235679775476456	0.08874373883008957	0.024949930608272552	n/a	-0.009429533034563065	0.10096558928489685	0.3808259963989258	-0.28731849789619446	-0.32823291420936584	0.11112380027770996	-0.32713207602500916	0.4925934672355652	-0.13471338152885437	1.0	-0.05501691997051239	0.18684105575084686	0.0747133195400238	0.292973130941391	-0.31571048498153687	0.02726604789495468	-0.4326551854610443	0.5429627299308777	0.2716900706291199	0.39551183581352234	-0.02571338787674904	-0.03221222385764122	-0.03028898872435093	0.24988290667533875	0.06125185266137123	-0.09076374769210815	n/a	-0.06946930289268494	0.22801385819911957	-0.3057301640510559	-0.17101949453353882	0.046061329543590546	-0.29722192883491516	-0.298499196767807	0.203574538230896	0.010945664718747139	0.0068695214577019215	0.3892403244972229	-0.3293260335922241	-0.1979849934577942	-0.31163766980171204	0.28772884607315063	0.1426841914653778	0.4075019359588623	0.4873449206352234	-0.18731877207756042	0.1739318072795868	-0.28745970129966736	-0.07624853402376175	-0.07887180894613266	0.0038317127618938684	-0.21729524433612823	-0.1457008421421051	0.09272141754627228	0.19525201618671417	-0.041992299258708954	-0.1355750411748886	0.2078292965888977	-0.14926844835281372	-0.22897782921791077	0.12322016060352325	-0.08184517920017242	0.23489482700824738	-0.06204617768526077	-0.20747947692871094	-0.05524952709674835	0.06719391793012619	-0.1595788300037384	-0.26947078108787537	-0.1589408963918686	-0.1105845645070076	-0.38646969199180603
VAN_LABEL_19	0.43134015798568726	-0.004753209184855223	0.09150810539722443	0.25210824608802795	-0.2571287453174591	0.04307146370410919	0.2562798261642456	n/a	-0.05496494099497795	-0.41696682572364807	0.10725243389606476	-0.36149531602859497	0.3680080473423004	-0.10159555822610855	0.017074190080165863	0.29701536893844604	0.2064911425113678	-0.05501691997051239	1.0	0.13237236440181732	-0.22484827041625977	-0.09952544420957565	-0.23694653809070587	0.31409165263175964	0.042093466967344284	-0.07227102667093277	0.45787176489830017	0.23171480000019073	-0.001618641777895391	-0.19787712395191193	0.06167293339967728	0.05828097462654114	0.152079775929451	-0.010858629830181599	n/a	-0.36168625950813293	0.012558571994304657	-0.517795979976654	0.16404478251934052	-0.11268603801727295	-0.3316308856010437	-0.18978720903396606	0.45075249671936035	0.19481724500656128	-0.37796899676322937	-0.05928654596209526	-0.3426516354084015	-0.01196022517979145	-0.22838734090328217	0.29518523812294006	-0.2509656846523285	-0.13434801995754242	0.1944398432970047	-0.16663791239261627	0.19861848652362823	-0.14523673057556152	-0.0447891540825367	0.028683722019195557	0.014310459606349468	0.33477964997291565	0.3205845057964325	-0.06501498073339462	0.07568306475877762	-0.23104721307754517	-0.29605725407600403	0.4224649965763092	-0.23103535175323486	0.5132367014884949	0.20654572546482086	0.27429473400115967	-0.011612929403781891	0.1672484129667282	0.03597104176878929	-0.0763864666223526	0.34551796317100525	0.2126416712999344	-0.0532323382794857	-0.3943415582180023	0.041545238345861435	0.09226655215024948
CO_LABEL_20	0.33615171909332275	0.26412755250930786	-0.06339552998542786	0.02847856841981411	-0.5762837529182434	0.10692106187343597	0.27652961015701294	n/a	0.38860347867012024	0.16534768044948578	0.17758870124816895	-0.16342616081237793	0.16533096134662628	-0.12282228469848633	-0.04133879020810127	-0.07761666178703308	0.5128133296966553	0.18684105575084686	0.13237236440181732	1.0	0.2795048654079437	-0.1652366816997528	0.041462793946266174	0.14716048538684845	0.12637123465538025	-0.18615838885307312	-0.05996839329600334	-0.004293373320251703	0.2714519500732422	-0.2838081419467926	0.06079490855336189	-0.024072714149951935	0.022464938461780548	-0.09253507107496262	n/a	0.025386236608028412	0.06422940641641617	-0.20369592308998108	-0.05578799173235893	-0.15315797924995422	-0.1550891250371933	0.14040027558803558	0.2688628137111664	0.34768417477607727	0.16893883049488068	0.22228741645812988	-0.005768498871475458	-0.1371515840291977	-0.11988972872495651	-0.011749626137316227	-0.47269827127456665	-0.025197358801960945	0.08834774792194366	0.042320434004068375	-0.2845413386821747	-0.4141656160354614	0.05376454442739487	-0.024473361670970917	-0.23922611773014069	0.2875291109085083	0.4049263298511505	0.22578446567058563	0.30049195885658264	-0.11830652505159378	-0.1075272411108017	0.2811753749847412	0.1000804603099823	-0.03891129791736603	0.3363523781299591	0.40965789556503296	-0.04178692772984505	-0.09508709609508514	0.013193527236580849	-0.14282208681106567	0.460790753364563	0.33092641830444336	-0.22807691991329193	-0.32356634736061096	0.07089938968420029	-0.20966476202011108
CO_LABEL_21	-0.33527082204818726	0.28570815920829773	0.1654052436351776	0.3827500641345978	-0.02814880572259426	-0.0906534343957901	-0.3404744267463684	n/a	-0.159303218126297	0.7383750081062317	0.22160635888576508	0.1646517664194107	-0.10084360837936401	0.027847422286868095	-0.18426655232906342	-0.2379620522260666	0.40904006361961365	0.0747133195400238	-0.22484827041625977	0.2795048654079437	1.0	0.36746856570243835	-0.22663654386997223	-0.0807485282421112	-0.43778660893440247	-0.40907567739486694	-0.36709317564964294	0.1174309104681015	0.2365044802427292	0.12379159778356552	0.3270637094974518	-0.1351180225610733	-0.20065873861312866	-0.3932376503944397	n/a	0.5987188220024109	0.4956943690776825	0.3016672730445862	-0.19214509427547455	-0.12401837110519409	0.004439134616404772	0.0372936949133873	0.06968631595373154	-0.010165609419345856	0.8217839002609253	0.4183073341846466	-0.2085035890340805	-0.2352316975593567	-0.2890584468841553	-0.11404416710138321	-0.07738502323627472	0.14872272312641144	0.002586513292044401	0.054507724940776825	-0.5268346667289734	-0.30892714858055115	-0.1771550178527832	-0.03550481051206589	-0.023355521261692047	-0.1562594473361969	-0.14506679773330688	-0.14648602902889252	-0.21594256162643433	0.38756951689720154	0.23714277148246765	-0.11701148748397827	0.012982637621462345	-0.16318382322788239	-0.3652288317680359	-0.030814722180366516	-0.2261263132095337	-0.022533364593982697	-0.36839422583580017	-0.12581565976142883	0.024865170940756798	-0.18910349905490875	-0.03527410700917244	-0.10744126886129379	-0.005352272652089596	0.11931680887937546
Sal_LABEL_22	-0.2999122738838196	-0.05748409032821655	0.4164898693561554	-0.011145524680614471	0.29302579164505005	-0.10773610323667526	-0.45843565464019775	n/a	-0.49667224287986755	0.2640659809112549	0.34480270743370056	0.15265735983848572	-0.09064645320177078	-0.14715233445167542	-0.15134339034557343	0.17227040231227875	-0.18456947803497314	0.292973130941391	-0.09952544420957565	-0.1652366816997528	0.36746856570243835	1.0	-0.31232210993766785	0.12628331780433655	-0.5072102546691895	0.02203264646232128	-0.08537449687719345	0.2990298569202423	-0.285195529460907	0.33265072107315063	-0.18354226648807526	-0.11043762415647507	-0.10508409887552261	-0.280168741941452	n/a	0.18211200833320618	0.6203480958938599	0.07784685492515564	-0.14542998373508453	-0.18665719032287598	0.09746860712766647	-0.3713122606277466	0.11738423258066177	-0.39628469944000244	0.4054110646247864	0.4956247806549072	-0.37466585636138916	0.012185425497591496	-0.18062035739421844	0.13315238058567047	0.440080851316452	0.4595996141433716	0.2542218565940857	-0.4078771471977234	-0.04847758635878563	-0.2336498200893402	-0.1979135125875473	0.0378590002655983	0.3376398980617523	-0.33136704564094543	-0.4643607437610626	-0.04181220009922981	-0.028079917654395103	0.2545153498649597	0.35838380455970764	0.1081078052520752	-0.20111116766929626	-0.09949738532304764	-0.2501576840877533	-0.19720426201820374	0.12222427874803543	0.1766555905342102	-0.18729168176651	-0.26317209005355835	-0.12250871956348419	-0.22583313286304474	-0.09986894577741623	0.030561907216906548	-0.15723997354507446	0.007084760349243879
DAN_LABEL_23	-0.20106397569179535	-0.037602148950099945	-0.07560409605503082	-0.3458556830883026	-0.09301362931728363	-0.47786739468574524	-0.2593860626220703	n/a	-0.002287565730512142	-0.0412750318646431	-0.2913152277469635	0.3943046033382416	0.012189810164272785	-0.05070905014872551	0.5899708271026611	-0.35680633783340454	-0.13577790558338165	-0.31571048498153687	-0.23694653809070587	0.041462793946266174	-0.22663654386997223	-0.31232210993766785	1.0	-0.42814093828201294	0.6477740406990051	-0.2226339429616928	-0.26367130875587463	-0.3548579812049866	0.03565796837210655	0.16062746942043304	-0.12095044553279877	-0.20970579981803894	-0.5385223031044006	-0.17025262117385864	n/a	0.03182632848620415	-0.1505029797554016	0.35905733704566956	-0.13410809636116028	-0.08724694699048996	0.5353548526763916	-0.05950407683849335	-0.4049602746963501	-0.10136278718709946	-0.16905781626701355	-0.3208426237106323	0.9078564643859863	0.1546974778175354	0.6539782881736755	-0.4452173411846161	-0.06956252455711365	-0.2989249527454376	-0.2930269241333008	0.27296480536460876	-0.15435735881328583	0.030754921957850456	0.06937312334775925	0.24249549210071564	0.07248906791210175	0.11194013059139252	0.21762718260288239	0.19089920818805695	-0.33327341079711914	0.05928976088762283	0.17345377802848816	-0.27973294258117676	0.33918434381484985	-0.05014500766992569	-0.038957174867391586	0.22350645065307617	0.05898738279938698	0.1204998716711998	0.22915668785572052	0.21256351470947266	-0.2235386073589325	-0.05390799790620804	0.14897876977920532	0.10583896934986115	-0.14470654726028442	0.02934594452381134
PMN_LABEL_24	0.4870968759059906	0.3608938157558441	0.33205586671829224	-0.027791621163487434	-0.2541031539440155	0.6557229161262512	0.4503783583641052	n/a	0.11467702686786652	-0.26759040355682373	0.15545037388801575	-0.35507744550704956	0.20270371437072754	-0.3523871600627899	-0.09960978478193283	0.14830069243907928	-0.04265042766928673	0.02726604789495468	0.31409165263175964	0.14716048538684845	-0.0807485282421112	0.12628331780433655	-0.42814093828201294	1.0	-0.2627730071544647	0.013317162171006203	0.049938131123781204	-0.15390527248382568	0.3064829409122467	-0.058468520641326904	-0.17368094623088837	0.0716305822134018	0.6686290502548218	0.5528972744941711	n/a	-0.1536523848772049	-0.024957019835710526	-0.3627450168132782	0.07627163082361221	-0.2983578145503998	-0.18419156968593597	-0.005804002285003662	0.1984805017709732	0.046815648674964905	-0.0731649175286293	0.09637823700904846	-0.5169004797935486	0.541128396987915	-0.49556225538253784	0.3441726267337799	0.23554645478725433	0.27023234963417053	0.1673372983932495	-0.2902107834815979	0.2532673478126526	0.005677071399986744	0.05173809453845024	-0.08151549845933914	-0.09421613067388535	-0.06653028726577759	-0.03672611340880394	0.15668317675590515	0.4421076774597168	-0.3702670633792877	-0.21918052434921265	0.4557664096355438	-0.24720513820648193	0.015521570108830929	0.047449007630348206	0.062260325998067856	0.16457605361938477	0.14474377036094666	0.06749165058135986	-0.18189355731010437	0.21449658274650574	0.1158624142408371	-0.2902780771255493	-0.10646533221006393	0.17251376807689667	0.13646166026592255
DAN_LABEL_25	0.00028548811678774655	-0.12193550914525986	-0.22265394032001495	-0.2870299220085144	-0.10236833989620209	-0.2966703772544861	0.16111308336257935	n/a	0.3591664135456085	-0.2578272521495819	-0.2688487470149994	0.13749995827674866	0.2456781566143036	0.03245330974459648	0.5345121026039124	-0.2594095468521118	0.09964872896671295	-0.4326551854610443	0.042093466967344284	0.12637123465538025	-0.43778660893440247	-0.5072102546691895	0.6477740406990051	-0.2627730071544647	1.0	-0.1066083163022995	-0.04437858611345291	-0.3960013687610626	-0.022637398913502693	-0.19609208405017853	-0.07442625612020493	-0.1367412656545639	-0.33191391825675964	0.11389097571372986	n/a	-0.13724544644355774	-0.5102089643478394	0.11847304552793503	0.27058088779449463	0.06832721084356308	0.2205597311258316	0.25892940163612366	-0.191374734044075	0.058317895978689194	-0.37929120659828186	-0.48618486523628235	0.6764072179794312	-0.10113245993852615	0.7659093141555786	-0.46861371397972107	-0.22160299122333527	-0.4656306505203247	-0.392963707447052	0.2966480255126953	0.02446097880601883	0.18225543200969696	0.1484295129776001	0.2688198983669281	0.033423833549022675	0.41012269258499146	0.5480430722236633	0.1287403553724289	-0.12249492108821869	-0.1746596395969391	0.017480000853538513	-0.10278278589248657	0.2632681429386139	0.1718090921640396	0.25757285952568054	0.2823914587497711	0.040810953825712204	-0.05227869749069214	0.3125287592411041	0.1601923555135727	0.06990988552570343	0.31859487295150757	0.19518783688545227	0.011210865341126919	0.05647136643528938	0.03540560230612755
