Node	HIP-head-m-rh	HIP-head-l-rh	HIP-body-rh	HIP-tail-rh	THA-VPm-rh	THA-VPl-rh	THA-VAi-rh	THA-VAs-rh	THA-DAm-rh	THA-DAl-rh	PUT-VA-rh	PUT-DA-rh	PUT-VP-rh	PUT-DP-rh	CAU-VA-rh	CAU-DA-rh	CAU-body-rh	CAU-tail-rh	lAMY-rh	mAMY-rh	THA-DP-rh	NAc-shell-rh	NAc-core-rh	pGP-rh	aGP-rh	HIP-head-m-lh	HIP-head-l-l	HIP-body-l	HIP-tail-lh	THA-VPm-lh	THA-VPl-lh	THA-VAi-lh	THA-VAs-lh	THA-DAm-lh	THA-DAl-lh	PUT-VA-lh	PUT-DA-l	PUT-VP-lh	PUT-DP-lh	CAU-VA-lh	CAU-DA-lh	CAU-body-lh	CAU-tail-lh	lAMY-lh	mAMY-lh	THA-DP-lh	NAc-shell-lh	NAc-core-lh	pGP-lh	aGP-lh
HIP-head-m-rh	1.0	0.16257381439208984	0.374906986951828	0.07116878032684326	-0.03395073115825653	-0.09957771748304367	0.23089809715747833	0.18565520644187927	0.27473580837249756	0.23150572180747986	0.216230109333992	0.02086525969207287	0.03483464568853378	-0.02613358572125435	0.29982173442840576	0.2688278257846832	0.36865636706352234	-0.012179332785308361	0.16729003190994263	0.25285354256629944	-0.0665103942155838	0.025642873719334602	0.08007586747407913	0.00608295202255249	0.10008786618709564	0.4920039772987366	0.23728837072849274	-0.010402805171906948	-0.10988708585500717	-0.09124014526605606	0.13703350722789764	0.10935386270284653	-0.1266888827085495	0.12088751047849655	0.09458909183740616	-0.025167522951960564	0.2139636129140854	-0.06488170474767685	-0.11344176530838013	0.22171524167060852	0.47942930459976196	-0.06622344255447388	0.12117838859558105	-0.2843300402164459	0.026034241542220116	0.030073707923293114	0.14895334839820862	0.3477797508239746	-0.011161002330482006	0.03808223828673363
HIP-head-l-rh	0.16257381439208984	1.0	0.13272514939308167	0.045873213559389114	-0.005026784259825945	-0.20892395079135895	-0.09433438628911972	-0.28000783920288086	-0.09708411991596222	-0.13073937594890594	0.2437227964401245	0.2845919132232666	0.2217426598072052	0.1172654926776886	-0.021485701203346252	0.071393683552742	0.21501748263835907	-0.08615255355834961	-0.12203186750411987	-0.05464904010295868	-0.3114502429962158	0.08640153706073761	-0.047840189188718796	0.019186966121196747	-0.451961487531662	0.0015564797213301063	0.3563176691532135	0.2744806408882141	-0.12367673218250275	0.0018063148017972708	0.26414954662323	-0.2520153522491455	-0.02844536304473877	-0.07393752783536911	-0.22839869558811188	0.10954033583402634	-0.07064562290906906	0.2708602845668793	0.19399532675743103	0.08757113665342331	-0.012070211581885815	0.01966221071779728	-0.02653089351952076	-0.13329975306987762	-0.3676164448261261	-0.17688563466072083	-0.24492275714874268	0.19133739173412323	0.3125315010547638	-0.233970507979393
HIP-body-rh	0.374906986951828	0.13272514939308167	1.0	0.15137310326099396	0.06054680049419403	-0.35751307010650635	-0.05572186037898064	-0.05447752773761749	0.36344799399375916	0.18943719565868378	-0.18564502894878387	-0.15575242042541504	-0.04170367494225502	-0.22547733783721924	-0.08378522098064423	-0.02694672718644142	-0.160765141248703	-0.3914353847503662	0.20175060629844666	0.057536665350198746	-0.05806456878781319	-0.17317937314510345	-0.11088034510612488	0.10002197325229645	-0.015232008881866932	0.3025107681751251	0.06512907892465591	0.1319265216588974	0.14422516524791718	-0.07319842278957367	0.10047338902950287	-0.15900784730911255	-0.2533949911594391	0.01650114357471466	-0.0066475337371230125	-0.39435920119285583	-0.042882759124040604	-0.18478234112262726	-0.15870462357997894	-0.25483736395835876	0.06488633155822754	-0.3004821538925171	-0.28265318274497986	-0.04653727635741234	-0.24264875054359436	0.23672841489315033	0.1507878601551056	-0.0673816055059433	-0.21256619691848755	-0.35080209374427795
HIP-tail-rh	0.07116878032684326	0.045873213559389114	0.15137310326099396	1.0	-0.027278445661067963	-0.010892128571867943	0.06700890511274338	0.0411507748067379	0.1715439260005951	0.20004424452781677	0.007487092167139053	-0.01201748289167881	0.23103874921798706	0.1591944545507431	-0.17509114742279053	0.11784431338310242	-0.2161189317703247	-0.11436347663402557	0.3062760829925537	-0.06028269603848457	0.14891859889030457	-0.2950487434864044	0.09193210303783417	0.2714844346046448	-0.026324670761823654	0.17683401703834534	-0.029625002294778824	0.011831345967948437	0.3107542097568512	0.20683182775974274	0.2611427903175354	0.07223886251449585	-0.23260000348091125	-0.032874010503292084	0.27613386511802673	0.13412825763225555	0.1580328345298767	0.15649458765983582	0.16809657216072083	0.0027489890344440937	0.026725921779870987	-0.09735836088657379	-0.14996396005153656	-0.17990222573280334	0.061509549617767334	0.17936858534812927	-0.13742505013942719	0.1286909431219101	0.2235899269580841	0.11196029186248779
THA-VPm-rh	-0.03395073115825653	-0.005026784259825945	0.06054680049419403	-0.027278445661067963	1.0	0.11900882422924042	0.12769967317581177	0.08705117553472519	0.061084430664777756	0.054782792925834656	-0.10205511003732681	0.01251940242946148	-0.09309614449739456	0.04204300045967102	-0.13787990808486938	-0.25232815742492676	0.12125533074140549	-0.06322640925645828	0.11592540889978409	-0.12121132761240005	-0.10095354914665222	0.33951371908187866	-0.15303127467632294	-0.34700170159339905	-0.13687589764595032	-0.33174771070480347	-0.04875253140926361	0.019098252058029175	-0.095759816467762	0.09656151384115219	0.18490859866142273	-0.024398505687713623	-0.027957292273640633	-0.010566874407231808	-0.1883011907339096	-0.21986062824726105	-0.2155378758907318	-0.09160841256380081	-0.0909028872847557	-0.026965424418449402	-0.09199627488851547	-0.10751501470804214	-0.17114043235778809	-0.2478650063276291	-0.24859151244163513	-0.09996037930250168	0.11440463364124298	-0.25143107771873474	0.06841111183166504	0.2784610688686371
THA-VPl-rh	-0.09957771748304367	-0.20892395079135895	-0.35751307010650635	-0.010892128571867943	0.11900882422924042	1.0	0.36301571130752563	0.23283368349075317	-0.056090157479047775	0.4003419876098633	0.4181306064128876	0.37013399600982666	0.2332511693239212	0.4318789839744568	0.35584768652915955	-0.007289484143257141	0.32837438583374023	0.5235825181007385	0.07591705769300461	0.42095497250556946	0.5541350841522217	0.41336408257484436	0.307473361492157	0.07073427736759186	0.32266029715538025	-0.16467320919036865	0.033028535544872284	-0.046159494668245316	0.11778046190738678	0.34469401836395264	0.23163291811943054	0.31291288137435913	0.5286045074462891	0.389867901802063	0.4222259223461151	0.3869619071483612	0.49565574526786804	0.40584591031074524	0.4124928116798401	0.3520914912223816	0.29082977771759033	0.4987027049064636	0.5121360421180725	0.26186513900756836	0.46506309509277344	0.053593702614307404	0.26234686374664307	0.3758404552936554	0.10796665400266647	0.3363991677761078
THA-VAi-rh	0.23089809715747833	-0.09433438628911972	-0.05572186037898064	0.06700890511274338	0.12769967317581177	0.36301571130752563	1.0	0.7794808149337769	0.3672820031642914	0.6594738960266113	0.39026808738708496	0.4287869334220886	0.07562332600355148	0.3940238356590271	0.4902345538139343	0.3789692521095276	0.6841506958007812	0.5828222036361694	0.05127353221178055	0.009479949250817299	0.38008829951286316	0.10865259170532227	0.13766765594482422	0.18607352674007416	0.5355608463287354	0.026083948090672493	0.010488544590771198	-0.1296958178281784	-0.12380361557006836	0.4001742899417877	0.40814444422721863	0.8119691610336304	0.6192116141319275	0.6159258484840393	0.38788890838623047	0.004737136885523796	0.35527706146240234	0.16803692281246185	0.4311846196651459	0.39503026008605957	0.6730328798294067	0.42675694823265076	0.6135441660881042	-0.06181063875555992	0.28309085965156555	0.20049330592155457	-0.17746619880199432	0.16985058784484863	0.18774893879890442	0.34720751643180847
THA-VAs-rh	0.18565520644187927	-0.28000783920288086	-0.05447752773761749	0.0411507748067379	0.08705117553472519	0.23283368349075317	0.7794808149337769	1.0	0.541693925857544	0.5834111571311951	0.2620322108268738	0.07759521901607513	-0.11193574965000153	0.2677115797996521	0.42646071314811707	0.2711506187915802	0.5285695791244507	0.5237125754356384	0.06383980810642242	0.041957031935453415	0.3963916301727295	0.11445733904838562	0.25468873977661133	0.15441985428333282	0.48176851868629456	0.12553443014621735	0.045574937015771866	-0.14985693991184235	-0.07703612744808197	0.1935240626335144	0.18630357086658478	0.7296431660652161	0.5435092449188232	0.5939236283302307	0.4306422173976898	-0.0061903237365186214	0.27202460169792175	0.009724639356136322	0.2606410086154938	0.33112573623657227	0.5673168897628784	0.3245375156402588	0.4895319938659668	-0.06581424921751022	0.3481703996658325	0.3392413556575775	0.07884098589420319	0.16264133155345917	-0.009638074785470963	0.49912962317466736
THA-DAm-rh	0.27473580837249756	-0.09708411991596222	0.36344799399375916	0.1715439260005951	0.061084430664777756	-0.056090157479047775	0.3672820031642914	0.541693925857544	1.0	0.2520461976528168	-0.04851463437080383	-0.2715590298175812	-0.25847622752189636	-0.24450354278087616	0.30251190066337585	0.2651671767234802	0.2199995070695877	0.03293084725737572	0.35464394092559814	0.08403313159942627	0.25928637385368347	-0.054937586188316345	0.23580719530582428	0.051301877945661545	0.20142266154289246	-0.18593314290046692	-0.28231844305992126	-0.23291537165641785	-0.04446686804294586	-0.3127410113811493	0.13230296969413757	0.15466317534446716	0.01920492574572563	0.31575480103492737	0.26498162746429443	-0.38383185863494873	-0.19809167087078094	-0.3169526159763336	-0.29552027583122253	0.07151585072278976	0.23722682893276215	-0.16122318804264069	0.11751279979944229	-0.2588582932949066	-0.014387555420398712	0.22510474920272827	0.173121839761734	-0.12057793885469437	-0.2924385964870453	0.10111167281866074
THA-DAl-rh	0.23150572180747986	-0.13073937594890594	0.18943719565868378	0.20004424452781677	0.054782792925834656	0.4003419876098633	0.6594738960266113	0.5834111571311951	0.2520461976528168	1.0	0.44504058361053467	0.42533078789711	0.3296814262866974	0.4585079848766327	0.2253563404083252	0.043236590921878815	0.3415620028972626	0.3402647078037262	0.04826192930340767	0.06557995080947876	0.3842259645462036	0.19200626015663147	0.18147368729114532	0.3035043776035309	0.38211169838905334	0.32128041982650757	0.18735618889331818	0.05370544269680977	0.14082355797290802	0.5170754194259644	0.4393787980079651	0.5575616955757141	0.4723803400993347	0.5513195991516113	0.5188030004501343	0.26722198724746704	0.5946381092071533	0.3637881577014923	0.5454897284507751	0.2533857226371765	0.498282790184021	0.35175636410713196	0.45581188797950745	0.05555132403969765	0.35459136962890625	0.3675944209098816	0.2079431116580963	0.43154075741767883	0.11649847775697708	0.419146865606308
PUT-VA-rh	0.216230109333992	0.2437227964401245	-0.18564502894878387	0.007487092167139053	-0.10205511003732681	0.4181306064128876	0.39026808738708496	0.2620322108268738	-0.04851463437080383	0.44504058361053467	1.0	0.7090637683868408	0.6513870358467102	0.7062960863113403	0.44537967443466187	0.4038737416267395	0.4205750823020935	0.44912633299827576	-0.1039990484714508	0.2726380228996277	0.4285566508769989	0.37774333357810974	0.46597689390182495	0.21081914007663727	-0.1310492902994156	0.10130625218153	0.5585684180259705	0.24942505359649658	0.24309581518173218	0.3837411105632782	0.27176374197006226	0.2684558033943176	0.4779715836048126	0.4414929151535034	0.501437783241272	0.6626898646354675	0.660780131816864	0.5942164063453674	0.6445357799530029	0.5120518803596497	0.4221496284008026	0.6316935420036316	0.5133064985275269	0.319629430770874	0.4746423661708832	0.16621823608875275	0.10945454239845276	0.7137734293937683	0.13073883950710297	0.23405234515666962
PUT-DA-rh	0.02086525969207287	0.2845919132232666	-0.15575242042541504	-0.01201748289167881	0.01251940242946148	0.37013399600982666	0.4287869334220886	0.07759521901607513	-0.2715590298175812	0.42533078789711	0.7090637683868408	1.0	0.6204810738563538	0.6484524607658386	0.22258828580379486	0.24036258459091187	0.47737181186676025	0.48117220401763916	-0.26629671454429626	-0.03653820976614952	0.23164930939674377	0.2375294417142868	0.059448324143886566	0.3406123220920563	-0.009669427759945393	0.053563497960567474	0.35928139090538025	0.18279798328876495	0.09903378784656525	0.46050578355789185	0.4164693355560303	0.33748313784599304	0.5113981366157532	0.22329950332641602	0.3042905628681183	0.4752536416053772	0.5850006341934204	0.6252872347831726	0.7656942009925842	0.40328994393348694	0.38512668013572693	0.6464617252349854	0.5173206925392151	0.166215181350708	0.24055860936641693	0.14663130044937134	-0.17677009105682373	0.46258842945098877	0.4410521388053894	0.013384665362536907
PUT-VP-rh	0.03483464568853378	0.2217426598072052	-0.04170367494225502	0.23103874921798706	-0.09309614449739456	0.2332511693239212	0.07562332600355148	-0.11193574965000153	-0.25847622752189636	0.3296814262866974	0.6513870358467102	0.6204810738563538	1.0	0.7062031030654907	0.1822182685136795	0.29334360361099243	0.024373289197683334	0.17739684879779816	0.003975616302341223	0.20731227099895477	0.20936308801174164	0.13578037917613983	0.2500540614128113	0.23096995055675507	-0.3696572780609131	0.16403600573539734	0.42129015922546387	0.1562226563692093	0.28063586354255676	0.45290449261665344	0.24319802224636078	0.07392359524965286	0.04758506268262863	0.006879446096718311	0.28557828068733215	0.6162802577018738	0.6301989555358887	0.8130389451980591	0.658611536026001	0.2577129900455475	0.2487480491399765	0.40483853220939636	0.005544433370232582	0.21433305740356445	0.28884583711624146	0.2536351680755615	0.03773115202784538	0.5762707591056824	0.24068650603294373	-0.05502806231379509
PUT-DP-rh	-0.02613358572125435	0.1172654926776886	-0.22547733783721924	0.1591944545507431	0.04204300045967102	0.4318789839744568	0.3940238356590271	0.2677115797996521	-0.24450354278087616	0.4585079848766327	0.7062960863113403	0.6484524607658386	0.7062031030654907	1.0	0.13273821771144867	0.18988724052906036	0.410471647977829	0.6266601085662842	0.09162968397140503	0.2854798436164856	0.24857838451862335	0.15208780765533447	0.14275896549224854	0.2632923126220703	-0.0870906338095665	0.19963420927524567	0.48442426323890686	-0.049148138612508774	0.0038448371924459934	0.5740920901298523	0.30084413290023804	0.35994356870651245	0.4064776301383972	0.28456753492355347	0.43550562858581543	0.6499285101890564	0.7179598212242126	0.7143492102622986	0.8667227625846863	0.24998271465301514	0.39073649048805237	0.5410957336425781	0.29825565218925476	0.37097054719924927	0.2585780918598175	0.20248077809810638	-0.11586449295282364	0.4614662528038025	0.21869459748268127	0.12950769066810608
CAU-VA-rh	0.29982173442840576	-0.021485701203346252	-0.08378522098064423	-0.17509114742279053	-0.13787990808486938	0.35584768652915955	0.4902345538139343	0.42646071314811707	0.30251190066337585	0.2253563404083252	0.44537967443466187	0.22258828580379486	0.1822182685136795	0.13273821771144867	1.0	0.7166318297386169	0.5200680494308472	0.43617597222328186	-0.1492455154657364	0.35261037945747375	0.45026713609695435	0.326054185628891	0.616506040096283	-0.12782970070838928	0.29240185022354126	-0.08840005844831467	-0.04690887778997421	-0.10796324163675308	-0.027992883697152138	0.024440472945570946	0.13574539124965668	0.5238857269287109	0.4409877359867096	0.4924637973308563	0.3139444887638092	0.10248913615942001	0.39035704731941223	0.23753945529460907	0.18702693283557892	0.6677234768867493	0.6826236248016357	0.4728047847747803	0.5071693658828735	0.060249924659729004	0.5202893018722534	0.07308217883110046	0.32439953088760376	0.5077659487724304	-0.02826625667512417	0.11108749359846115
CAU-DA-rh	0.2688278257846832	0.071393683552742	-0.02694672718644142	0.11784431338310242	-0.25232815742492676	-0.007289484143257141	0.3789692521095276	0.2711506187915802	0.2651671767234802	0.043236590921878815	0.4038737416267395	0.24036258459091187	0.29334360361099243	0.18988724052906036	0.7166318297386169	1.0	0.44278350472450256	0.3810688853263855	0.060970667749643326	0.1543487012386322	0.2747389078140259	-0.07317766547203064	0.43319252133369446	-0.006218258757144213	0.11440282315015793	-0.026578398421406746	-0.13640685379505157	-0.2843469977378845	-0.09527551382780075	-0.0722474604845047	0.047723595052957535	0.4054378569126129	0.11190062761306763	0.14707568287849426	0.2397923767566681	0.12189077585935593	0.32709988951683044	0.2970389425754547	0.25194093585014343	0.5591312646865845	0.6274589896202087	0.2695925831794739	0.37499022483825684	0.01140181627124548	0.24582383036613464	0.1058080792427063	-0.06716328114271164	0.369099885225296	0.07435698062181473	-0.1565883606672287
CAU-body-rh	0.36865636706352234	0.21501748263835907	-0.160765141248703	-0.2161189317703247	0.12125533074140549	0.32837438583374023	0.6841506958007812	0.5285695791244507	0.2199995070695877	0.3415620028972626	0.4205750823020935	0.47737181186676025	0.024373289197683334	0.410471647977829	0.5200680494308472	0.44278350472450256	1.0	0.7513520121574402	-0.04467938095331192	0.16629087924957275	0.11789443343877792	0.23760831356048584	0.08186957985162735	0.016607454046607018	0.3035847544670105	0.016436580568552017	0.0801396518945694	-0.328202486038208	-0.5122062563896179	0.055827751755714417	0.29973793029785156	0.5255036354064941	0.5402865409851074	0.40718623995780945	0.24359315633773804	0.13977152109146118	0.3482534885406494	0.24300366640090942	0.42623379826545715	0.47695210576057434	0.6850752234458923	0.4230909049510956	0.6835386157035828	-0.10145677626132965	0.003696565283462405	-0.01409340463578701	-0.0920850932598114	0.25894874334335327	0.16017374396324158	0.0807436928153038
CAU-tail-rh	-0.012179332785308361	-0.08615255355834961	-0.3914353847503662	-0.11436347663402557	-0.06322640925645828	0.5235825181007385	0.5828222036361694	0.5237125754356384	0.03293084725737572	0.3402647078037262	0.44912633299827576	0.48117220401763916	0.17739684879779816	0.6266601085662842	0.43617597222328186	0.3810688853263855	0.7513520121574402	1.0	0.03397399187088013	0.3008766174316406	0.395123690366745	0.023117605596780777	0.23760205507278442	0.2057432383298874	0.40856727957725525	-0.011471745558083057	0.027471428737044334	-0.38878488540649414	-0.2565738260746002	0.18344682455062866	0.19240586459636688	0.6186424493789673	0.6162984371185303	0.3419981896877289	0.44104138016700745	0.3563050925731659	0.5752030611038208	0.39330047369003296	0.6263450384140015	0.41906651854515076	0.5319857597351074	0.5311529040336609	0.6963287591934204	0.27976152300834656	0.28276023268699646	0.11427950114011765	-0.07456711679697037	0.293772429227829	0.08133213967084885	0.05083290860056877
lAMY-rh	0.16729003190994263	-0.12203186750411987	0.20175060629844666	0.3062760829925537	0.11592540889978409	0.07591705769300461	0.05127353221178055	0.06383980810642242	0.35464394092559814	0.04826192930340767	-0.1039990484714508	-0.26629671454429626	0.003975616302341223	0.09162968397140503	-0.1492455154657364	0.060970667749643326	-0.04467938095331192	0.03397399187088013	1.0	0.33282631635665894	0.0958465039730072	-0.3141529858112335	-0.03507402539253235	0.24832408130168915	-0.004106993321329355	-0.09651090949773788	-0.2135331928730011	-0.3635715842247009	-0.041561830788850784	-0.08980531990528107	-0.19500692188739777	-0.09304656088352203	-0.2404683530330658	-0.1943899244070053	0.05146162584424019	-0.1365155279636383	-0.10507353395223618	-0.13027752935886383	-0.1770978420972824	-0.13014835119247437	0.003057175548747182	-0.3499389886856079	-0.20298737287521362	0.15877681970596313	-0.1821414977312088	0.07232470065355301	-0.03931252658367157	-0.2448177933692932	-0.18375828862190247	-0.07855969667434692
mAMY-rh	0.25285354256629944	-0.05464904010295868	0.057536665350198746	-0.06028269603848457	-0.12121132761240005	0.42095497250556946	0.009479949250817299	0.041957031935453415	0.08403313159942627	0.06557995080947876	0.2726380228996277	-0.03653820976614952	0.20731227099895477	0.2854798436164856	0.35261037945747375	0.1543487012386322	0.16629087924957275	0.3008766174316406	0.33282631635665894	1.0	0.4474737048149109	0.19815433025360107	0.3764645755290985	0.08691498637199402	0.031934309750795364	0.23097553849220276	0.16816039383411407	-0.27957838773727417	-0.0010954836616292596	0.12659502029418945	-0.05118361860513687	-0.005898012779653072	-0.04637272283434868	0.08774338662624359	0.23427148163318634	0.23156994581222534	0.39222800731658936	0.17958073318004608	0.07965919375419617	0.1271362155675888	0.3523779511451721	0.024797262623906136	-0.03750384598970413	0.4000791609287262	0.3412506878376007	0.08487726747989655	0.44951432943344116	0.3446688652038574	-0.34664663672447205	-0.26134538650512695
THA-DP-rh	-0.0665103942155838	-0.3114502429962158	-0.05806456878781319	0.14891859889030457	-0.10095354914665222	0.5541350841522217	0.38008829951286316	0.3963916301727295	0.25928637385368347	0.3842259645462036	0.4285566508769989	0.23164930939674377	0.20936308801174164	0.24857838451862335	0.45026713609695435	0.2747389078140259	0.11789443343877792	0.395123690366745	0.0958465039730072	0.4474737048149109	1.0	0.14205048978328705	0.5937419533729553	0.32079049944877625	0.2529143691062927	-0.10425591468811035	0.08593431115150452	0.02745405212044716	0.43809574842453003	0.21233005821704865	0.13769248127937317	0.3670569062232971	0.40457025170326233	0.4637318253517151	0.6904333829879761	0.24082230031490326	0.46606290340423584	0.16333964467048645	0.24626202881336212	0.36687493324279785	0.26637887954711914	0.4107432961463928	0.40977951884269714	0.33460691571235657	0.6688843965530396	0.4732237458229065	0.32799893617630005	0.4169738292694092	-0.25394755601882935	0.13254320621490479
NAc-shell-rh	0.025642873719334602	0.08640153706073761	-0.17317937314510345	-0.2950487434864044	0.33951371908187866	0.41336408257484436	0.10865259170532227	0.11445733904838562	-0.054937586188316345	0.19200626015663147	0.37774333357810974	0.2375294417142868	0.13578037917613983	0.15208780765533447	0.326054185628891	-0.07317766547203064	0.23760831356048584	0.023117605596780777	-0.3141529858112335	0.19815433025360107	0.14205048978328705	1.0	0.21353383362293243	-0.2985497713088989	-0.1716591715812683	-0.17656324803829193	0.27957987785339355	0.27045854926109314	0.1183224692940712	0.1751786470413208	0.2544165849685669	-0.046318672597408295	0.3363083600997925	0.43260592222213745	0.19051150977611542	0.30808889865875244	0.14362093806266785	0.19408324360847473	0.10728316754102707	0.2724027633666992	0.21018509566783905	0.40080636739730835	0.15445849299430847	-0.008848007768392563	0.22626498341560364	-0.15109317004680634	0.5285475254058838	0.4015943706035614	0.09540382027626038	0.390045702457428
NAc-core-rh	0.08007586747407913	-0.047840189188718796	-0.11088034510612488	0.09193210303783417	-0.15303127467632294	0.307473361492157	0.13766765594482422	0.25468873977661133	0.23580719530582428	0.18147368729114532	0.46597689390182495	0.059448324143886566	0.2500540614128113	0.14275896549224854	0.616506040096283	0.43319252133369446	0.08186957985162735	0.23760205507278442	-0.03507402539253235	0.3764645755290985	0.5937419533729553	0.21353383362293243	1.0	0.05045006051659584	0.15182696282863617	-0.009756216779351234	0.011363767087459564	0.14861178398132324	0.43587228655815125	0.09536045044660568	0.06400749832391739	0.2643936574459076	0.3166891038417816	0.3938552737236023	0.5450565814971924	0.36573463678359985	0.3399105966091156	0.19509588181972504	0.11752323806285858	0.6344497203826904	0.2785482704639435	0.44668710231781006	0.35655760765075684	0.27110373973846436	0.6561346054077148	0.2140660285949707	0.539435625076294	0.5819426774978638	-0.22680433094501495	0.22599433362483978
pGP-rh	0.00608295202255249	0.019186966121196747	0.10002197325229645	0.2714844346046448	-0.34700170159339905	0.07073427736759186	0.18607352674007416	0.15441985428333282	0.051301877945661545	0.3035043776035309	0.21081914007663727	0.3406123220920563	0.23096995055675507	0.2632923126220703	-0.12782970070838928	-0.006218258757144213	0.016607454046607018	0.2057432383298874	0.24832408130168915	0.08691498637199402	0.32079049944877625	-0.2985497713088989	0.05045006051659584	1.0	0.10563097894191742	0.2613268494606018	0.17363518476486206	-0.034455228596925735	0.2104785442352295	0.16767486929893494	-0.06965413689613342	0.16727106273174286	0.20978215336799622	0.010899480432271957	0.3655461370944977	0.18770234286785126	0.24932175874710083	0.07293641567230225	0.27262791991233826	0.0975775197148323	0.13829293847084045	0.08721945434808731	0.17646154761314392	0.33190596103668213	0.19833925366401672	0.5552977919578552	-0.03613855689764023	0.13783979415893555	0.004656562115997076	-0.08712737262248993
aGP-rh	0.10008786618709564	-0.451961487531662	-0.015232008881866932	-0.026324670761823654	-0.13687589764595032	0.32266029715538025	0.5355608463287354	0.48176851868629456	0.20142266154289246	0.38211169838905334	-0.1310492902994156	-0.009669427759945393	-0.3696572780609131	-0.0870906338095665	0.29240185022354126	0.11440282315015793	0.3035847544670105	0.40856727957725525	-0.004106993321329355	0.031934309750795364	0.2529143691062927	-0.1716591715812683	0.15182696282863617	0.10563097894191742	1.0	0.21921306848526	-0.42439502477645874	-0.1981552243232727	-0.04725875332951546	0.23216655850410461	0.14902277290821075	0.6914224624633789	0.41782498359680176	0.35135748982429504	0.23791582882404327	-0.14213162660598755	0.20505040884017944	-0.1019211933016777	0.0677378699183464	0.2859129309654236	0.4271789789199829	0.21609093248844147	0.5374547839164734	0.0793766975402832	0.32174649834632874	0.010764705017209053	0.01031076442450285	0.005416912958025932	0.03705689311027527	0.20631389319896698
HIP-head-m-lh	0.4920039772987366	0.0015564797213301063	0.3025107681751251	0.17683401703834534	-0.33174771070480347	-0.16467320919036865	0.026083948090672493	0.12553443014621735	-0.18593314290046692	0.32128041982650757	0.10130625218153	0.053563497960567474	0.16403600573539734	0.19963420927524567	-0.08840005844831467	-0.026578398421406746	0.016436580568552017	-0.011471745558083057	-0.09651090949773788	0.23097553849220276	-0.10425591468811035	-0.17656324803829193	-0.009756216779351234	0.2613268494606018	0.21921306848526	1.0	0.38982611894607544	0.049585357308387756	0.07068438827991486	0.353847861289978	0.003610423067584634	0.2189026176929474	-0.12327636778354645	-0.021679438650608063	0.06513570994138718	0.24642139673233032	0.45476946234703064	0.1474561244249344	0.24362318217754364	0.04131636023521423	0.37112417817115784	0.0014848149148747325	-0.03409109637141228	0.05716655030846596	0.20419961214065552	0.25167497992515564	0.0954282283782959	0.3750551640987396	0.09380688518285751	-0.04966672882437706
HIP-head-l-l	0.23728837072849274	0.3563176691532135	0.06512907892465591	-0.029625002294778824	-0.04875253140926361	0.033028535544872284	0.010488544590771198	0.045574937015771866	-0.28231844305992126	0.18735618889331818	0.5585684180259705	0.35928139090538025	0.42129015922546387	0.48442426323890686	-0.04690887778997421	-0.13640685379505157	0.0801396518945694	0.027471428737044334	-0.2135331928730011	0.16816039383411407	0.08593431115150452	0.27957987785339355	0.011363767087459564	0.17363518476486206	-0.42439502477645874	0.38982611894607544	1.0	0.5201289653778076	0.24883265793323517	0.32251396775245667	0.14063660800457	-0.008105543442070484	0.17231371998786926	0.2479887157678604	0.15533319115638733	0.4593888521194458	0.3818553686141968	0.3014492094516754	0.3588443696498871	0.021715102717280388	0.035656172782182693	0.2843368351459503	-0.00035163297434337437	0.2405497431755066	0.1043701246380806	0.28013890981674194	0.06914651393890381	0.4823208451271057	0.020287232473492622	0.07900414615869522
HIP-body-l	-0.010402805171906948	0.2744806408882141	0.1319265216588974	0.011831345967948437	0.019098252058029175	-0.046159494668245316	-0.1296958178281784	-0.14985693991184235	-0.23291537165641785	0.05370544269680977	0.24942505359649658	0.18279798328876495	0.1562226563692093	-0.049148138612508774	-0.10796324163675308	-0.2843469977378845	-0.328202486038208	-0.38878488540649414	-0.3635715842247009	-0.27957838773727417	0.02745405212044716	0.27045854926109314	0.14861178398132324	-0.034455228596925735	-0.1981552243232727	0.049585357308387756	0.5201289653778076	1.0	0.6046290993690491	0.33907273411750793	0.22055935859680176	-0.06507415324449539	0.23633763194084167	0.28003448247909546	0.012713673524558544	0.1591372936964035	-0.04376053437590599	0.12438907474279404	0.016309795901179314	0.12792964279651642	-0.3095718026161194	0.3359934389591217	-0.01275095995515585	0.12129804491996765	0.14000265300273895	-0.04043165221810341	0.0728544145822525	0.21705830097198486	0.09126042574644089	0.30108731985092163
HIP-tail-lh	-0.10988708585500717	-0.12367673218250275	0.14422516524791718	0.3107542097568512	-0.095759816467762	0.11778046190738678	-0.12380361557006836	-0.07703612744808197	-0.04446686804294586	0.14082355797290802	0.24309581518173218	0.09903378784656525	0.28063586354255676	0.0038448371924459934	-0.027992883697152138	-0.09527551382780075	-0.5122062563896179	-0.2565738260746002	-0.041561830788850784	-0.0010954836616292596	0.43809574842453003	0.1183224692940712	0.43587228655815125	0.2104785442352295	-0.04725875332951546	0.07068438827991486	0.24883265793323517	0.6046290993690491	1.0	0.27586907148361206	0.09716367721557617	-0.04440866783261299	0.09058572351932526	0.17717666923999786	0.3864192068576813	0.28189200162887573	0.1951919049024582	0.04065011069178581	0.03175455331802368	0.1466698795557022	-0.20623376965522766	0.28517547249794006	-0.02173854038119316	0.2934595048427582	0.5107660889625549	0.30836814641952515	0.25833258032798767	0.36277973651885986	-0.018432967364788055	0.22927911579608917
THA-VPm-lh	-0.09124014526605606	0.0018063148017972708	-0.07319842278957367	0.20683182775974274	0.09656151384115219	0.34469401836395264	0.4001742899417877	0.1935240626335144	-0.3127410113811493	0.5170754194259644	0.3837411105632782	0.46050578355789185	0.45290449261665344	0.5740920901298523	0.024440472945570946	-0.0722474604845047	0.055827751755714417	0.18344682455062866	-0.08980531990528107	0.12659502029418945	0.21233005821704865	0.1751786470413208	0.09536045044660568	0.16767486929893494	0.23216655850410461	0.353847861289978	0.32251396775245667	0.33907273411750793	0.27586907148361206	1.0	0.4053889214992523	0.4956373870372772	0.3794850707054138	0.38530513644218445	0.20838342607021332	0.3796350657939911	0.43386077880859375	0.5102059245109558	0.5698097348213196	0.28811874985694885	0.3167523741722107	0.49216994643211365	0.13748586177825928	0.29394903779029846	0.37006425857543945	0.0365678146481514	-0.08415816724300385	0.2926364839076996	0.2908574044704437	0.28889885544776917
THA-VPl-lh	0.13703350722789764	0.26414954662323	0.10047338902950287	0.2611427903175354	0.18490859866142273	0.23163291811943054	0.40814444422721863	0.18630357086658478	0.13230296969413757	0.4393787980079651	0.27176374197006226	0.4164693355560303	0.24319802224636078	0.30084413290023804	0.13574539124965668	0.047723595052957535	0.29973793029785156	0.19240586459636688	-0.19500692188739777	-0.05118361860513687	0.13769248127937317	0.2544165849685669	0.06400749832391739	-0.06965413689613342	0.14902277290821075	0.003610423067584634	0.14063660800457	0.22055935859680176	0.09716367721557617	0.4053889214992523	1.0	0.2948061525821686	0.21246051788330078	0.3781980276107788	0.35343724489212036	0.07175501435995102	0.221015065908432	0.39442211389541626	0.38663071393966675	0.13260120153427124	0.3344388008117676	0.3574843406677246	0.2009515017271042	-0.31563085317611694	-0.02424321509897709	0.0018569075036793947	-0.15409046411514282	0.2849678099155426	0.4409623444080353	0.10457176715135574
THA-VAi-lh	0.10935386270284653	-0.2520153522491455	-0.15900784730911255	0.07223886251449585	-0.024398505687713623	0.31291288137435913	0.8119691610336304	0.7296431660652161	0.15466317534446716	0.5575616955757141	0.2684558033943176	0.33748313784599304	0.07392359524965286	0.35994356870651245	0.5238857269287109	0.4054378569126129	0.5255036354064941	0.6186424493789673	-0.09304656088352203	-0.005898012779653072	0.3670569062232971	-0.046318672597408295	0.2643936574459076	0.16727106273174286	0.6914224624633789	0.2189026176929474	-0.008105543442070484	-0.06507415324449539	-0.04440866783261299	0.4956373870372772	0.2948061525821686	1.0	0.6268019676208496	0.5450625419616699	0.34684523940086365	0.08836208283901215	0.44483888149261475	0.24723468720912933	0.45439133048057556	0.5489159226417542	0.6626183986663818	0.5261741280555725	0.6001337766647339	0.09098030626773834	0.448688268661499	0.24683618545532227	-0.07430509477853775	0.24747507274150848	0.1904965490102768	0.34139108657836914
THA-VAs-lh	-0.1266888827085495	-0.02844536304473877	-0.2533949911594391	-0.23260000348091125	-0.027957292273640633	0.5286045074462891	0.6192116141319275	0.5435092449188232	0.01920492574572563	0.4723803400993347	0.4779715836048126	0.5113981366157532	0.04758506268262863	0.4064776301383972	0.4409877359867096	0.11190062761306763	0.5402865409851074	0.6162984371185303	-0.2404683530330658	-0.04637272283434868	0.40457025170326233	0.3363083600997925	0.3166891038417816	0.20978215336799622	0.41782498359680176	-0.12327636778354645	0.17231371998786926	0.23633763194084167	0.09058572351932526	0.3794850707054138	0.21246051788330078	0.6268019676208496	1.0	0.7486622929573059	0.47911736369132996	0.2812913954257965	0.36186498403549194	0.21765638887882233	0.506502628326416	0.5487315654754639	0.34466853737831116	0.8031288981437683	0.8068219423294067	0.34802496433258057	0.44186413288116455	0.08814632147550583	0.06425561755895615	0.2875880002975464	0.05854439362883568	0.43571850657463074
THA-DAm-lh	0.12088751047849655	-0.07393752783536911	0.01650114357471466	-0.032874010503292084	-0.010566874407231808	0.389867901802063	0.6159258484840393	0.5939236283302307	0.31575480103492737	0.5513195991516113	0.4414929151535034	0.22329950332641602	0.006879446096718311	0.28456753492355347	0.4924637973308563	0.14707568287849426	0.40718623995780945	0.3419981896877289	-0.1943899244070053	0.08774338662624359	0.4637318253517151	0.43260592222213745	0.3938552737236023	0.010899480432271957	0.35135748982429504	-0.021679438650608063	0.2479887157678604	0.28003448247909546	0.17717666923999786	0.38530513644218445	0.3781980276107788	0.5450625419616699	0.7486622929573059	1.0	0.6445157527923584	0.2519611120223999	0.3305792510509491	0.08790130168199539	0.28014281392097473	0.42768827080726624	0.3977907598018646	0.6016515493392944	0.5951473116874695	0.20040635764598846	0.4300742745399475	0.07637485861778259	0.215660959482193	0.38499701023101807	-0.16498608887195587	0.5053330659866333
THA-DAl-lh	0.09458909183740616	-0.22839869558811188	-0.0066475337371230125	0.27613386511802673	-0.1883011907339096	0.4222259223461151	0.38788890838623047	0.4306422173976898	0.26498162746429443	0.5188030004501343	0.501437783241272	0.3042905628681183	0.28557828068733215	0.43550562858581543	0.3139444887638092	0.2397923767566681	0.24359315633773804	0.44104138016700745	0.05146162584424019	0.23427148163318634	0.6904333829879761	0.19051150977611542	0.5450565814971924	0.3655461370944977	0.23791582882404327	0.06513570994138718	0.15533319115638733	0.012713673524558544	0.3864192068576813	0.20838342607021332	0.35343724489212036	0.34684523940086365	0.47911736369132996	0.6445157527923584	1.0	0.5093726515769958	0.565453290939331	0.22852382063865662	0.3995633125305176	0.38254183530807495	0.34368184208869934	0.5618134140968323	0.5196019411087036	0.2389417290687561	0.5613174438476562	0.41071465611457825	0.2759702503681183	0.5585139393806458	-0.1598251909017563	0.2922297418117523
PUT-VA-lh	-0.025167522951960564	0.10954033583402634	-0.39435920119285583	0.13412825763225555	-0.21986062824726105	0.3869619071483612	0.004737136885523796	-0.0061903237365186214	-0.38383185863494873	0.26722198724746704	0.6626898646354675	0.4752536416053772	0.6162802577018738	0.6499285101890564	0.10248913615942001	0.12189077585935593	0.13977152109146118	0.3563050925731659	-0.1365155279636383	0.23156994581222534	0.24082230031490326	0.30808889865875244	0.36573463678359985	0.18770234286785126	-0.14213162660598755	0.24642139673233032	0.4593888521194458	0.1591372936964035	0.28189200162887573	0.3796350657939911	0.07175501435995102	0.08836208283901215	0.2812913954257965	0.2519611120223999	0.5093726515769958	1.0	0.6882035136222839	0.6402136087417603	0.5722990036010742	0.39197126030921936	0.15203891694545746	0.5117043852806091	0.3398466408252716	0.3955727517604828	0.4235597252845764	0.04721370339393616	0.18853648006916046	0.7260766625404358	0.09343578666448593	0.26419597864151
PUT-DA-l	0.2139636129140854	-0.07064562290906906	-0.042882759124040604	0.1580328345298767	-0.2155378758907318	0.49565574526786804	0.35527706146240234	0.27202460169792175	-0.19809167087078094	0.5946381092071533	0.660780131816864	0.5850006341934204	0.6301989555358887	0.7179598212242126	0.39035704731941223	0.32709988951683044	0.3482534885406494	0.5752030611038208	-0.10507353395223618	0.39222800731658936	0.46606290340423584	0.14362093806266785	0.3399105966091156	0.24932175874710083	0.20505040884017944	0.45476946234703064	0.3818553686141968	-0.04376053437590599	0.1951919049024582	0.43386077880859375	0.221015065908432	0.44483888149261475	0.36186498403549194	0.3305792510509491	0.565453290939331	0.6882035136222839	1.0	0.6766535639762878	0.7813278436660767	0.3697701692581177	0.5272813439369202	0.5202177166938782	0.4588415324687958	0.37029117345809937	0.5697634816169739	0.3317822515964508	0.20223653316497803	0.7885882258415222	0.12310278415679932	0.10772255808115005
PUT-VP-lh	-0.06488170474767685	0.2708602845668793	-0.18478234112262726	0.15649458765983582	-0.09160841256380081	0.40584591031074524	0.16803692281246185	0.009724639356136322	-0.3169526159763336	0.3637881577014923	0.5942164063453674	0.6252872347831726	0.8130389451980591	0.7143492102622986	0.23753945529460907	0.2970389425754547	0.24300366640090942	0.39330047369003296	-0.13027752935886383	0.17958073318004608	0.16333964467048645	0.19408324360847473	0.19509588181972504	0.07293641567230225	-0.1019211933016777	0.1474561244249344	0.3014492094516754	0.12438907474279404	0.04065011069178581	0.5102059245109558	0.39442211389541626	0.24723468720912933	0.21765638887882233	0.08790130168199539	0.22852382063865662	0.6402136087417603	0.6766535639762878	1.0	0.7809669971466064	0.3545847535133362	0.34369128942489624	0.5041998624801636	0.2125978022813797	0.18872444331645966	0.20716072618961334	0.04934338107705116	-0.034754429012537	0.5852696895599365	0.3857453465461731	0.009040343575179577
PUT-DP-lh	-0.11344176530838013	0.19399532675743103	-0.15870462357997894	0.16809657216072083	-0.0909028872847557	0.4124928116798401	0.4311846196651459	0.2606410086154938	-0.29552027583122253	0.5454897284507751	0.6445357799530029	0.7656942009925842	0.658611536026001	0.8667227625846863	0.18702693283557892	0.25194093585014343	0.42623379826545715	0.6263450384140015	-0.1770978420972824	0.07965919375419617	0.24626202881336212	0.10728316754102707	0.11752323806285858	0.27262791991233826	0.0677378699183464	0.24362318217754364	0.3588443696498871	0.016309795901179314	0.03175455331802368	0.5698097348213196	0.38663071393966675	0.45439133048057556	0.506502628326416	0.28014281392097473	0.3995633125305176	0.5722990036010742	0.7813278436660767	0.7809669971466064	1.0	0.30608877539634705	0.4290539026260376	0.6299884915351868	0.4560070335865021	0.28215402364730835	0.3049415946006775	0.23381061851978302	-0.17884555459022522	0.5190938711166382	0.4012448787689209	0.08336282521486282
