Node	CEREBELLUM_LEFT	THALAMUS_LEFT	CAUDATE_LEFT	PUTAMEN_LEFT	PALLIDUM_LEFT	BRAIN_STEM	HIPPOCAMPUS_LEFT	AMYGDALA_LEFT	ACCUMBENS_LEFT	DIENCEPHALON_VENTRAL_LEFT	CEREBELLUM_RIGHT	THALAMUS_RIGHT	CAUDATE_RIGHT	PUTAMEN_RIGHT	PALLIDUM_RIGHT	HIPPOCAMPUS_RIGHT	AMYGDALA_RIGHT	ACCUMBENS_RIGHT	DIENCEPHALON_VENTRAL_RIGHT
CEREBELLUM_LEFT	1.0	0.40279290080070496	0.15320315957069397	0.2154567688703537	-0.02746439538896084	0.5254366993904114	0.10059546679258347	0.5574923753738403	-0.2760457694530487	0.09337206929922104	0.6489641666412354	0.24264709651470184	0.042568277567625046	0.21684548258781433	0.41730156540870667	-0.375398725271225	0.3948582410812378	-0.33365076780319214	0.04218151792883873
THALAMUS_LEFT	0.40279290080070496	1.0	0.7532800436019897	0.49156689643859863	0.4121239483356476	0.5879635214805603	0.21922607719898224	0.45964744687080383	-0.08054091781377792	0.616985023021698	0.5561594367027283	0.7604413628578186	0.573952317237854	0.5295718908309937	0.6236280798912048	-0.0333782322704792	0.10545239597558975	0.09156706929206848	0.3046168088912964
CAUDATE_LEFT	0.15320315957069397	0.7532800436019897	1.0	0.6050204634666443	0.48392412066459656	0.43613553047180176	0.18415802717208862	0.47099554538726807	0.010461422614753246	0.6222584247589111	0.471623033285141	0.5431901812553406	0.8631616234779358	0.6751011610031128	0.41425028443336487	0.022789372131228447	0.17083989083766937	0.367692768573761	0.24889256060123444
PUTAMEN_LEFT	0.2154567688703537	0.49156689643859863	0.6050204634666443	1.0	0.38583219051361084	0.42251893877983093	0.3676148056983948	0.4697760343551636	0.1454736292362213	0.6557769179344177	0.5811007022857666	0.23033131659030914	0.3111085891723633	0.8524360656738281	0.3265117108821869	-0.08208035677671432	0.2361174076795578	0.2294934242963791	0.1554843932390213
PALLIDUM_LEFT	-0.02746439538896084	0.4121239483356476	0.48392412066459656	0.38583219051361084	1.0	-0.02066090889275074	0.18625536561012268	0.04087568074464798	-0.1344188004732132	0.4639981687068939	0.1006881594657898	0.35639068484306335	0.2544521987438202	0.45565420389175415	0.22956272959709167	-0.027172675356268883	-0.36361953616142273	0.46375852823257446	0.5391827821731567
BRAIN_STEM	0.5254366993904114	0.5879635214805603	0.43613553047180176	0.42251893877983093	-0.02066090889275074	1.0	-0.07281655818223953	0.6092544794082642	0.00037981296190992	0.46400123834609985	0.5216495394706726	0.5583924651145935	0.3522511124610901	0.31443077325820923	0.596908450126648	-0.3098289966583252	0.38255414366722107	-0.1951475441455841	0.11422854661941528
HIPPOCAMPUS_LEFT	0.10059546679258347	0.21922607719898224	0.18415802717208862	0.3676148056983948	0.18625536561012268	-0.07281655818223953	1.0	0.33609142899513245	0.2997632324695587	0.41492900252342224	0.22730691730976105	-0.08987836539745331	-0.09155279397964478	0.34362566471099854	0.08152014762163162	0.32130953669548035	0.05277540534734726	0.2068820744752884	0.0028585309628397226
AMYGDALA_LEFT	0.5574923753738403	0.45964744687080383	0.47099554538726807	0.4697760343551636	0.04087568074464798	0.6092544794082642	0.33609142899513245	1.0	-0.00915201473981142	0.4451329708099365	0.5499119758605957	0.2515786588191986	0.2760615944862366	0.4819684624671936	0.3277343213558197	-0.24041666090488434	0.499090313911438	0.05961056053638458	-0.04533742368221283
ACCUMBENS_LEFT	-0.2760457694530487	-0.08054091781377792	0.010461422614753246	0.1454736292362213	-0.1344188004732132	0.00037981296190992	0.2997632324695587	-0.00915201473981142	1.0	0.13073207437992096	-0.2818049192428589	-0.08227618783712387	0.019846487790346146	0.08406724035739899	-0.09024599939584732	0.40535783767700195	0.13112419843673706	0.3727249205112457	0.07267672568559647
DIENCEPHALON_VENTRAL_LEFT	0.09337206929922104	0.616985023021698	0.6222584247589111	0.6557769179344177	0.4639981687068939	0.46400123834609985	0.41492900252342224	0.4451329708099365	0.13073207437992096	1.0	0.4440613090991974	0.33538851141929626	0.32935523986816406	0.5630384683609009	0.5033590197563171	-0.10774487257003784	-0.06350060552358627	0.21861645579338074	0.4014149308204651
CEREBELLUM_RIGHT	0.6489641666412354	0.5561594367027283	0.471623033285141	0.5811007022857666	0.1006881594657898	0.5216495394706726	0.22730691730976105	0.5499119758605957	-0.2818049192428589	0.4440613090991974	1.0	0.12604522705078125	0.24122516810894012	0.43988439440727234	0.38498666882514954	-0.3373311758041382	0.2607468366622925	-0.16465765237808228	-0.020825333893299103
THALAMUS_RIGHT	0.24264709651470184	0.7604413628578186	0.5431901812553406	0.23033131659030914	0.35639068484306335	0.5583924651145935	-0.08987836539745331	0.2515786588191986	-0.08227618783712387	0.33538851141929626	0.12604522705078125	1.0	0.5456817746162415	0.3823985159397125	0.5010502934455872	0.12346296012401581	0.18781255185604095	0.1003180667757988	0.46250540018081665
CAUDATE_RIGHT	0.042568277567625046	0.573952317237854	0.8631616234779358	0.3111085891723633	0.2544521987438202	0.3522511124610901	-0.09155279397964478	0.2760615944862366	0.019846487790346146	0.32935523986816406	0.24122516810894012	0.5456817746162415	1.0	0.450408399105072	0.2742801010608673	0.11110963672399521	0.1946578323841095	0.2543822228908539	0.2240809053182602
PUTAMEN_RIGHT	0.21684548258781433	0.5295718908309937	0.6751011610031128	0.8524360656738281	0.45565420389175415	0.31443077325820923	0.34362566471099854	0.4819684624671936	0.08406724035739899	0.5630384683609009	0.43988439440727234	0.3823985159397125	0.450408399105072	1.0	0.23214983940124512	0.07409103214740753	0.26445984840393066	0.30428123474121094	0.26358819007873535
PALLIDUM_RIGHT	0.41730156540870667	0.6236280798912048	0.41425028443336487	0.3265117108821869	0.22956272959709167	0.596908450126648	0.08152014762163162	0.3277343213558197	-0.09024599939584732	0.5033590197563171	0.38498666882514954	0.5010502934455872	0.2742801010608673	0.23214983940124512	1.0	-0.04168551415205002	0.10522264987230301	-0.2605780065059662	0.11279502511024475
HIPPOCAMPUS_RIGHT	-0.375398725271225	-0.0333782322704792	0.022789372131228447	-0.08208035677671432	-0.027172675356268883	-0.3098289966583252	0.32130953669548035	-0.24041666090488434	0.40535783767700195	-0.10774487257003784	-0.3373311758041382	0.12346296012401581	0.11110963672399521	0.07409103214740753	-0.04168551415205002	1.0	0.13332143425941467	0.11458329856395721	0.018749598413705826
AMYGDALA_RIGHT	0.3948582410812378	0.10545239597558975	0.17083989083766937	0.2361174076795578	-0.36361953616142273	0.38255414366722107	0.05277540534734726	0.499090313911438	0.13112419843673706	-0.06350060552358627	0.2607468366622925	0.18781255185604095	0.1946578323841095	0.26445984840393066	0.10522264987230301	0.13332143425941467	1.0	-0.0536811426281929	-0.26157239079475403
ACCUMBENS_RIGHT	-0.33365076780319214	0.09156706929206848	0.367692768573761	0.2294934242963791	0.46375852823257446	-0.1951475441455841	0.2068820744752884	0.05961056053638458	0.3727249205112457	0.21861645579338074	-0.16465765237808228	0.1003180667757988	0.2543822228908539	0.30428123474121094	-0.2605780065059662	0.11458329856395721	-0.0536811426281929	1.0	0.24043169617652893
DIENCEPHALON_VENTRAL_RIGHT	0.04218151792883873	0.3046168088912964	0.24889256060123444	0.1554843932390213	0.5391827821731567	0.11422854661941528	0.0028585309628397226	-0.04533742368221283	0.07267672568559647	0.4014149308204651	-0.020825333893299103	0.46250540018081665	0.2240809053182602	0.26358819007873535	0.11279502511024475	0.018749598413705826	-0.26157239079475403	0.24043169617652893	1.0
