Node	HIP-head-m-rh	HIP-head-l-rh	HIP-body-rh	HIP-tail-rh	THA-VPm-rh	THA-VPl-rh	THA-VAi-rh	THA-VAs-rh	THA-DAm-rh	THA-DAl-rh	PUT-VA-rh	PUT-DA-rh	PUT-VP-rh	PUT-DP-rh	CAU-VA-rh	CAU-DA-rh	CAU-body-rh	CAU-tail-rh	lAMY-rh	mAMY-rh	THA-DP-rh	NAc-shell-rh	NAc-core-rh	pGP-rh	aGP-rh	HIP-head-m-lh	HIP-head-l-l	HIP-body-l	HIP-tail-lh	THA-VPm-lh	THA-VPl-lh	THA-VAi-lh	THA-VAs-lh	THA-DAm-lh	THA-DAl-lh	PUT-VA-lh	PUT-DA-l	PUT-VP-lh	PUT-DP-lh	CAU-VA-lh	CAU-DA-lh	CAU-body-lh	CAU-tail-lh	lAMY-lh	mAMY-lh	THA-DP-lh	NAc-shell-lh	NAc-core-lh	pGP-lh	aGP-lh
HIP-head-m-rh	1.0	0.47148430347442627	0.17277571558952332	0.039143096655607224	0.185811385512352	0.18868856132030487	-0.16076423227787018	-0.48339664936065674	-0.2528405487537384	0.04004659503698349	-0.08824079483747482	-0.002105822553858161	0.3174631893634796	0.3633458912372589	-0.05202978476881981	0.03747544437646866	-0.13762280344963074	-0.09601950645446777	0.5406848192214966	0.6100475788116455	-0.08461754769086838	-0.1221514344215393	-0.2863403856754303	0.15454550087451935	0.0645207017660141	0.5058485269546509	0.3748353123664856	0.30080437660217285	0.3478561341762543	0.04364864155650139	0.13554665446281433	-0.20181773602962494	-0.22714723646640778	-0.002559746615588665	-0.02191864512860775	0.10103148967027664	0.12190043926239014	0.37995031476020813	0.24183952808380127	-0.0726412758231163	0.049023497849702835	0.10161144286394119	-0.009642785415053368	0.12905867397785187	0.5169873833656311	-0.03693699091672897	0.014218966476619244	-0.02479391172528267	0.18196219205856323	0.10546791553497314
HIP-head-l-rh	0.47148430347442627	1.0	0.46630990505218506	0.23345336318016052	0.08336491137742996	0.316966712474823	-0.05684620514512062	-0.3256760239601135	-0.2042490392923355	-0.06138962134718895	-0.1632298231124878	-0.07380495220422745	0.06545643508434296	-0.04744860157370567	-0.08611331135034561	-0.058175526559352875	-0.08778704702854156	-0.04836307838559151	0.35999512672424316	0.3326919376850128	0.1317269653081894	-0.3045055866241455	-0.18032334744930267	0.061846643686294556	-0.15481476485729218	0.27294638752937317	0.2986287772655487	0.38223177194595337	0.2686639428138733	0.03902575746178627	-0.21273662149906158	-0.3427620530128479	-0.3772868514060974	-0.3280676603317261	-0.29559728503227234	-0.13702528178691864	-0.23994724452495575	-0.03878777101635933	-0.1408209502696991	-0.16911426186561584	-0.050273146480321884	-0.14248834550380707	-0.22509436309337616	0.17073552310466766	0.3724121153354645	-0.06449452042579651	-0.1065843477845192	-0.011264191940426826	0.09257523715496063	-0.09462925791740417
HIP-body-rh	0.17277571558952332	0.46630990505218506	1.0	0.22735188901424408	0.016903910785913467	0.2135973423719406	0.09112663567066193	0.03528577461838722	0.13055720925331116	0.30129697918891907	-0.5145286917686462	-0.348519891500473	-0.27106091380119324	-0.3061732053756714	-0.219093456864357	-0.13711896538734436	-0.07528503239154816	0.04306391254067421	0.18042586743831635	0.2660689651966095	0.1441735327243805	-0.32199135422706604	-0.2274017333984375	-0.07195532321929932	-0.0056803845800459385	0.2594977617263794	-0.022550076246261597	0.43445849418640137	0.31631189584732056	0.05785606801509857	-0.0125464191660285	-0.027237465605139732	-0.16279111802577972	-0.09936483204364777	0.03522559627890587	-0.47126975655555725	-0.40818461775779724	-0.13432791829109192	-0.19923937320709229	-0.24829095602035522	-0.06291939318180084	-0.17184525728225708	-0.12088433653116226	0.007865066640079021	0.15527473390102386	-0.11525426805019379	-0.33972135186195374	-0.22994963824748993	-0.12800413370132446	-0.0770195722579956
HIP-tail-rh	0.039143096655607224	0.23345336318016052	0.22735188901424408	1.0	-0.09228083491325378	-0.2690005898475647	0.17150676250457764	-0.09331399202346802	0.022536907345056534	-0.033011939376592636	-0.16575410962104797	0.057830702513456345	-0.04473556578159332	0.004575401544570923	0.0443536639213562	-0.11108355224132538	-0.00792630948126316	-0.12097377330064774	0.15449804067611694	0.09209584444761276	0.13026617467403412	-0.23084963858127594	-0.3452262580394745	0.30011361837387085	-0.26201099157333374	0.13833443820476532	0.23390047252178192	0.3528851568698883	0.31804633140563965	-0.02070201374590397	0.0771174281835556	0.11534874886274338	-0.08042152971029282	0.11892080307006836	0.20364312827587128	-0.08177737146615982	-0.029468540102243423	-0.02485431358218193	-0.025332722812891006	0.06528711318969727	-0.10095773637294769	-0.0059912852011621	-0.007695878390222788	0.19552795588970184	0.1828673928976059	-0.17320607602596283	0.006018184591084719	-0.058328401297330856	0.0082319937646389	-0.1932179182767868
THA-VPm-rh	0.185811385512352	0.08336491137742996	0.016903910785913467	-0.09228083491325378	1.0	-0.1398005187511444	0.02252405323088169	-0.29887086153030396	0.05670483037829399	0.22747401893138885	0.084076888859272	-0.05537080392241478	0.09783978015184402	0.25794047117233276	0.08236558735370636	0.05717631056904793	-0.1825382113456726	0.10232410579919815	0.05819772183895111	0.21629296243190765	0.26873907446861267	0.040999263525009155	-0.2515440881252289	0.027551740407943726	0.07207774370908737	-0.04346376657485962	-0.12070133537054062	-0.08539056777954102	0.037988342344760895	0.3574203848838806	0.2509690523147583	-0.04706188663840294	0.026376742869615555	0.0333077609539032	0.09100542962551117	0.14290708303451538	0.07556317001581192	0.4367896318435669	0.14709962904453278	-0.12293604761362076	0.16939620673656464	-0.10349379479885101	-0.15409865975379944	-0.14295119047164917	0.15814128518104553	0.19718801975250244	-0.2650642395019531	-0.18184536695480347	-0.1494678556919098	0.13587145507335663
THA-VPl-rh	0.18868856132030487	0.316966712474823	0.2135973423719406	-0.2690005898475647	-0.1398005187511444	1.0	-0.092986099421978	-0.14756202697753906	-0.1466219574213028	0.38734012842178345	0.013284185901284218	-0.03255321457982063	0.012565930373966694	0.04254169389605522	-0.07294118404388428	0.2503901422023773	0.2084466516971588	0.04379449784755707	0.2126084864139557	-0.010414649732410908	-0.04674309492111206	-0.12958665192127228	0.29930129647254944	0.03530554473400116	0.1943088173866272	0.2236662358045578	0.23868699371814728	-0.05023802071809769	-0.08273884654045105	-0.056528739631175995	0.24612517654895782	-0.05058247968554497	-0.06924774497747421	-0.20112094283103943	-0.008013827726244926	0.025652218610048294	0.0329541452229023	0.018756462261080742	-0.04649856314063072	-0.1739523559808731	0.20401476323604584	0.15502913296222687	-0.08328597247600555	0.07762309163808823	-0.2137698531150818	0.21643835306167603	0.03216321021318436	0.21409980952739716	0.07629330456256866	0.03657321259379387
THA-VAi-rh	-0.16076423227787018	-0.05684620514512062	0.09112663567066193	0.17150676250457764	0.02252405323088169	-0.092986099421978	1.0	0.5259824395179749	0.6666731238365173	0.2100914567708969	0.11039337515830994	0.1422356218099594	0.19587422907352448	0.07166647911071777	0.25203797221183777	0.25730425119400024	0.37645307183265686	0.3246219754219055	-0.031546372920274734	-0.3249853849411011	0.2708747088909149	0.056582435965538025	-0.05505959689617157	-0.05051891878247261	0.18307740986347198	-0.13421392440795898	-0.09836587309837341	0.05990251153707504	0.010694253258407116	-0.06603284180164337	-0.1388334482908249	0.5944869518280029	0.327338844537735	0.5158358812332153	0.4514085054397583	0.05862637609243393	0.10887778550386429	-0.07616891711950302	-0.0392221100628376	0.2228149026632309	0.18898367881774902	0.3069664537906647	0.23798249661922455	-0.11719365417957306	-0.14726631343364716	0.2271517515182495	0.20445142686367035	0.23826727271080017	0.01848538964986801	0.3528769910335541
THA-VAs-rh	-0.48339664936065674	-0.3256760239601135	0.03528577461838722	-0.09331399202346802	-0.29887086153030396	-0.14756202697753906	0.5259824395179749	1.0	0.6435868144035339	0.10605605691671371	0.018387461081147194	-0.1643131524324417	-0.11801321059465408	-0.22735756635665894	0.1948443502187729	0.04798286780714989	0.2766869366168976	0.20578311383724213	-0.248470738530159	-0.32110241055488586	0.10599537193775177	0.35092899203300476	0.22673571109771729	-0.02792428806424141	0.07644955068826675	-0.24527275562286377	-0.2787134349346161	0.16343268752098083	0.018950622528791428	-0.16573922336101532	-0.07895153760910034	0.5990557670593262	0.5355482697486877	0.29116901755332947	0.32818517088890076	-0.18708936870098114	-0.12471278756856918	-0.3458136022090912	-0.3247792422771454	0.14464744925498962	0.1055249497294426	0.11815702170133591	0.18728572130203247	-0.08474578708410263	-0.29303646087646484	0.24871951341629028	0.2915214002132416	0.22266532480716705	0.013666053302586079	0.2172742784023285
THA-DAm-rh	-0.2528405487537384	-0.2042490392923355	0.13055720925331116	0.022536907345056534	0.05670483037829399	-0.1466219574213028	0.6666731238365173	0.6435868144035339	1.0	0.19494901597499847	-0.08844871073961258	-0.11976028978824615	0.07173900306224823	-0.044098250567913055	0.27800533175468445	0.12332136929035187	0.2924625277519226	0.3471367657184601	-0.2790957987308502	-0.32531100511550903	0.2975618839263916	0.16290313005447388	-0.10533759742975235	-0.06983708590269089	0.166764035820961	-0.0681447759270668	-0.2967529892921448	0.15935488045215607	-0.05517595261335373	-0.04311027377843857	0.028427910059690475	0.6838159561157227	0.38701575994491577	0.5775314569473267	0.4173682630062103	-0.16350002586841583	0.0349404476583004	-0.1890764683485031	-0.11183394491672516	0.17894232273101807	0.18521760404109955	0.17857934534549713	0.2705765664577484	-0.16377681493759155	-0.35428690910339355	0.3186468482017517	0.13878881931304932	0.010333534330129623	-0.1446533501148224	0.3133533298969269
THA-DAl-rh	0.04004659503698349	-0.06138962134718895	0.30129697918891907	-0.033011939376592636	0.22747401893138885	0.38734012842178345	0.2100914567708969	0.10605605691671371	0.19494901597499847	1.0	-0.045704618096351624	-0.09007932245731354	0.14000004529953003	0.09266289323568344	0.03424837067723274	0.2535454332828522	0.22490988671779633	0.1304492950439453	0.201922208070755	0.05281687155365944	0.1781066209077835	0.07030952721834183	0.038775734603405	0.16118499636650085	0.23342116177082062	-0.0043052746914327145	0.1397588551044464	0.1897663176059723	0.1267518550157547	0.26642751693725586	0.32524558901786804	0.28352904319763184	0.26672181487083435	0.22105830907821655	0.5424031615257263	0.08565625548362732	0.15629446506500244	0.18347696959972382	0.10370754450559616	0.03437201678752899	0.411083847284317	0.23340360820293427	-0.0404391810297966	0.12820571660995483	-0.1121775284409523	0.364731103181839	0.038950446993112564	0.09146290272474289	-0.1347511261701584	0.24834184348583221
PUT-VA-rh	-0.08824079483747482	-0.1632298231124878	-0.5145286917686462	-0.16575410962104797	0.084076888859272	0.013284185901284218	0.11039337515830994	0.018387461081147194	-0.08844871073961258	-0.045704618096351624	1.0	0.6923299431800842	0.3723754286766052	0.45043715834617615	0.391287624835968	0.6241624355316162	0.48609301447868347	0.11435390263795853	0.13766656816005707	-0.06871465593576431	-0.12942622601985931	0.29406726360321045	0.5177956223487854	0.06423553824424744	0.255858838558197	-0.3968982994556427	0.34986281394958496	-0.35994940996170044	-0.07933217287063599	0.09524073451757431	0.05464436113834381	0.19494570791721344	0.42965638637542725	0.19890445470809937	0.10022816061973572	0.8121705651283264	0.6412817239761353	0.37808436155319214	0.437755823135376	0.4891859292984009	0.5932804942131042	0.5339661836624146	0.30417126417160034	0.20735350251197815	0.013509363867342472	0.09540422260761261	0.23919464647769928	0.5348925590515137	0.2843076288700104	0.16735626757144928
PUT-DA-rh	-0.002105822553858161	-0.07380495220422745	-0.348519891500473	0.057830702513456345	-0.05537080392241478	-0.03255321457982063	0.1422356218099594	-0.1643131524324417	-0.11976028978824615	-0.09007932245731354	0.6923299431800842	1.0	0.4326491355895996	0.5245715975761414	0.3615608513355255	0.4359661340713501	0.43591436743736267	0.21709658205509186	0.08155001699924469	-0.1730264574289322	-0.13801784813404083	0.012172184884548187	0.14400646090507507	0.02487335354089737	0.21911437809467316	-0.23795907199382782	0.31626051664352417	-0.3349853456020355	-0.1873219758272171	0.1759379357099533	-0.09481842815876007	0.1407490074634552	0.13968849182128906	0.09840644150972366	0.09566260874271393	0.6635264158248901	0.7313553094863892	0.36162105202674866	0.6107462048530579	0.5054895281791687	0.3780836760997772	0.42086660861968994	0.4007384479045868	0.1462850719690323	0.06540228426456451	-0.20011691749095917	0.12565107643604279	0.25800082087516785	0.17648422718048096	0.18883170187473297
PUT-VP-rh	0.3174631893634796	0.06545643508434296	-0.27106091380119324	-0.04473556578159332	0.09783978015184402	0.012565930373966694	0.19587422907352448	-0.11801321059465408	0.07173900306224823	0.14000004529953003	0.3723754286766052	0.4326491355895996	1.0	0.7239993214607239	0.4866185486316681	0.45625579357147217	0.41565969586372375	0.29029834270477295	0.20579396188259125	0.015792036429047585	-0.15838591754436493	0.2021343857049942	0.020108485594391823	0.14398683607578278	0.16447679698467255	-0.14548151195049286	0.46493813395500183	0.07316170632839203	0.06572799384593964	0.20273560285568237	-0.07022339105606079	0.20825372636318207	0.15272726118564606	0.38346707820892334	0.24134622514247894	0.49453818798065186	0.6050730347633362	0.4847571849822998	0.579757809638977	0.5551904439926147	0.512520432472229	0.5192294716835022	0.33586612343788147	0.1627863347530365	0.2161436676979065	0.05775727331638336	0.45019271969795227	0.336027592420578	0.12010544538497925	0.47091424465179443
PUT-DP-rh	0.3633458912372589	-0.04744860157370567	-0.3061732053756714	0.004575401544570923	0.25794047117233276	0.04254169389605522	0.07166647911071777	-0.22735756635665894	-0.044098250567913055	0.09266289323568344	0.45043715834617615	0.5245715975761414	0.7239993214607239	1.0	0.31472688913345337	0.3559461832046509	0.3059278130531311	0.18087807297706604	0.15599125623703003	0.12532669305801392	-0.25962963700294495	0.22703197598457336	0.0002703024074435234	0.14193761348724365	0.28513386845588684	-0.006412462797015905	0.5287875533103943	-0.026729274541139603	0.14022508263587952	0.24329286813735962	0.18595942854881287	0.2851159870624542	0.24095626175403595	0.28342270851135254	0.2734030783176422	0.5649805665016174	0.6881721615791321	0.7616703510284424	0.7176662087440491	0.38517317175865173	0.4587017893791199	0.48849353194236755	0.3544884920120239	-0.009839044883847237	0.1976415514945984	0.06424766778945923	0.3204340636730194	0.2925231158733368	0.17702125012874603	0.32279232144355774
CAU-VA-rh	-0.05202978476881981	-0.08611331135034561	-0.219093456864357	0.0443536639213562	0.08236558735370636	-0.07294118404388428	0.25203797221183777	0.1948443502187729	0.27800533175468445	0.03424837067723274	0.391287624835968	0.3615608513355255	0.4866185486316681	0.31472688913345337	1.0	0.5756129622459412	0.5602527856826782	0.3509429097175598	0.012060701847076416	-0.1597898155450821	0.18346244096755981	0.4865637421607971	0.2954680025577545	-0.07043623179197311	0.2823498845100403	-0.0206998772919178	0.29297077655792236	0.01326996460556984	-0.171025812625885	0.14361681044101715	-0.006699721794575453	0.3983263075351715	0.41728103160858154	0.30571699142456055	0.30895572900772095	0.3768323063850403	0.4558130204677582	0.06730533391237259	0.34623247385025024	0.7320441007614136	0.569625198841095	0.4494292140007019	0.46517422795295715	0.059833455830812454	-0.06507419794797897	0.18812789022922516	0.38678205013275146	0.26783835887908936	-0.024067502468824387	0.4633199870586395
CAU-DA-rh	0.03747544437646866	-0.058175526559352875	-0.13711896538734436	-0.11108355224132538	0.05717631056904793	0.2503901422023773	0.25730425119400024	0.04798286780714989	0.12332136929035187	0.2535454332828522	0.6241624355316162	0.4359661340713501	0.45625579357147217	0.3559461832046509	0.5756129622459412	1.0	0.7563597559928894	0.43185439705848694	0.15544816851615906	-0.050409357994794846	0.11980871856212616	0.07278814911842346	0.4131002426147461	0.08085726946592331	0.4601176381111145	-0.1590973138809204	0.33342766761779785	-0.3051983714103699	-0.06920738518238068	0.008496428839862347	0.009135223925113678	0.431576132774353	0.4539831280708313	0.32820868492126465	0.31523504853248596	0.634592592716217	0.633350133895874	0.2237449735403061	0.4435485899448395	0.5062354803085327	0.7513869404792786	0.7924010157585144	0.5886725187301636	0.11339669674634933	-0.129288449883461	0.16111254692077637	0.11987973004579544	0.4117705821990967	0.14625392854213715	0.44496896862983704
CAU-body-rh	-0.13762280344963074	-0.08778704702854156	-0.07528503239154816	-0.00792630948126316	-0.1825382113456726	0.2084466516971588	0.37645307183265686	0.2766869366168976	0.2924625277519226	0.22490988671779633	0.48609301447868347	0.43591436743736267	0.41565969586372375	0.3059278130531311	0.5602527856826782	0.7563597559928894	1.0	0.5369288921356201	-0.028034277260303497	-0.3246689438819885	0.0014255011919885874	0.11470884829759598	0.3360394239425659	-0.030962495133280754	0.30998069047927856	-0.2597709596157074	0.2732953429222107	-0.11659611761569977	-0.015674831345677376	0.04711030423641205	-0.20507726073265076	0.5291535258293152	0.3771784007549286	0.4239194691181183	0.38499900698661804	0.43113625049591064	0.518380880355835	0.03828391060233116	0.31165120005607605	0.5929200649261475	0.6932674050331116	0.7164109945297241	0.560215413570404	0.03221653774380684	-0.2878178656101227	0.20607197284698486	0.2248644381761551	0.2673530876636505	0.23476789891719818	0.5350098609924316
CAU-tail-rh	-0.09601950645446777	-0.04836307838559151	0.04306391254067421	-0.12097377330064774	0.10232410579919815	0.04379449784755707	0.3246219754219055	0.20578311383724213	0.3471367657184601	0.1304492950439453	0.11435390263795853	0.21709658205509186	0.29029834270477295	0.18087807297706604	0.3509429097175598	0.43185439705848694	0.5369288921356201	1.0	-0.14856621623039246	-0.154022216796875	0.2510879337787628	-0.07384403049945831	-0.07264120131731033	0.04593620449304581	0.18349525332450867	-0.2733062505722046	-0.1296161264181137	-0.1848686784505844	-0.1261640340089798	0.23404772579669952	-0.07969661802053452	0.3905300498008728	0.14540719985961914	0.22594280540943146	0.16294413805007935	0.22738155722618103	0.3572949171066284	0.03581707924604416	0.2976040244102478	0.4079474210739136	0.37854453921318054	0.4873698055744171	0.46801796555519104	-0.08763103932142258	-0.12918715178966522	0.1217966228723526	-0.03775337338447571	-0.10363225638866425	-0.04351721331477165	0.6189263463020325
lAMY-rh	0.5406848192214966	0.35999512672424316	0.18042586743831635	0.15449804067611694	0.05819772183895111	0.2126084864139557	-0.031546372920274734	-0.248470738530159	-0.2790957987308502	0.201922208070755	0.13766656816005707	0.08155001699924469	0.20579396188259125	0.15599125623703003	0.012060701847076416	0.15544816851615906	-0.028034277260303497	-0.14856621623039246	1.0	0.5274177193641663	0.10071204602718353	-0.15592524409294128	-0.029809417203068733	0.15224000811576843	0.008240632712841034	0.3813088536262512	0.5205197930335999	0.3488948345184326	0.41090676188468933	-0.05570977181196213	0.1955355852842331	-0.16329550743103027	0.0027927178889513016	0.0032453490421175957	0.054665107280015945	0.22207048535346985	0.18466642498970032	0.20975077152252197	0.15199384093284607	0.08599099516868591	0.28383636474609375	0.16733773052692413	-0.11834235489368439	0.591964066028595	0.429845929145813	-0.09003382921218872	0.10869382321834564	0.25016874074935913	0.09825541079044342	-0.04845653846859932
mAMY-rh	0.6100475788116455	0.3326919376850128	0.2660689651966095	0.09209584444761276	0.21629296243190765	-0.010414649732410908	-0.3249853849411011	-0.32110241055488586	-0.32531100511550903	0.05281687155365944	-0.06871465593576431	-0.1730264574289322	0.015792036429047585	0.12532669305801392	-0.1597898155450821	-0.050409357994794846	-0.3246689438819885	-0.154022216796875	0.5274177193641663	1.0	-0.10585056245326996	-0.04987863823771477	-0.09713966399431229	0.1152385026216507	0.024477478116750717	0.3927035629749298	0.2697885036468506	0.317393958568573	0.3715900778770447	0.04887131229043007	0.23227833211421967	-0.2283969521522522	-0.12664398550987244	-0.1328498274087906	-0.13201512396335602	0.06595009565353394	-0.07486936450004578	0.25477349758148193	0.14761027693748474	-0.046434614807367325	0.003526887856423855	-0.016809318214654922	-0.132807195186615	0.3882773518562317	0.6650475859642029	-0.14882157742977142	-0.12086986750364304	0.003939769696444273	0.06351824849843979	-0.06731770187616348
THA-DP-rh	-0.08461754769086838	0.1317269653081894	0.1441735327243805	0.13026617467403412	0.26873907446861267	-0.04674309492111206	0.2708747088909149	0.10599537193775177	0.2975618839263916	0.1781066209077835	-0.12942622601985931	-0.13801784813404083	-0.15838591754436493	-0.25962963700294495	0.18346244096755981	0.11980871856212616	0.0014255011919885874	0.2510879337787628	0.10071204602718353	-0.10585056245326996	1.0	-0.08109589666128159	-0.25543680787086487	0.09506505727767944	0.14169195294380188	-0.020869506523013115	-0.21360929310321808	0.03259105980396271	-0.009120064787566662	0.01900261454284191	0.07094065845012665	0.17123036086559296	0.12596189975738525	0.2073129117488861	0.09937283396720886	-0.052917517721652985	-0.006190819200128317	-0.14370140433311462	-0.15840114653110504	-0.07145512849092484	0.06087977811694145	0.02515634149312973	-0.004810383543372154	-0.07715743035078049	-0.08994217216968536	0.2978048026561737	-0.1597796529531479	-0.11700071394443512	-0.28412771224975586	0.25811758637428284
NAc-shell-rh	-0.1221514344215393	-0.3045055866241455	-0.32199135422706604	-0.23084963858127594	0.040999263525009155	-0.12958665192127228	0.056582435965538025	0.35092899203300476	0.16290313005447388	0.07030952721834183	0.29406726360321045	0.012172184884548187	0.2021343857049942	0.22703197598457336	0.4865637421607971	0.07278814911842346	0.11470884829759598	-0.07384403049945831	-0.15592524409294128	-0.04987863823771477	-0.08109589666128159	1.0	0.4874712824821472	-0.08006862550973892	0.20836874842643738	-0.08915501832962036	0.13214033842086792	0.1424882560968399	-0.06691873073577881	0.05187709257006645	0.11306769400835037	0.22602245211601257	0.4044734835624695	0.2166544646024704	0.1906258910894394	0.2357999086380005	0.120742566883564	0.08267379552125931	0.12607622146606445	0.37722957134246826	0.27222877740859985	0.04446617141366005	0.024129929021000862	-0.05897983908653259	0.08341869711875916	0.3358194828033447	0.5718111395835876	0.4182055592536926	0.15449589490890503	0.13580970466136932
NAc-core-rh	-0.2863403856754303	-0.18032334744930267	-0.2274017333984375	-0.3452262580394745	-0.2515440881252289	0.29930129647254944	-0.05505959689617157	0.22673571109771729	-0.10533759742975235	0.038775734603405	0.5177956223487854	0.14400646090507507	0.020108485594391823	0.0002703024074435234	0.2954680025577545	0.4131002426147461	0.3360394239425659	-0.07264120131731033	-0.029809417203068733	-0.09713966399431229	-0.25543680787086487	0.4874712824821472	1.0	-0.12750421464443207	0.21706083416938782	-0.1867581605911255	0.2449624240398407	-0.1768067479133606	-0.14826847612857819	-0.04423566535115242	0.11552885174751282	0.07881388813257217	0.22718407213687897	-0.04581034928560257	-0.01017224695533514	0.3025079369544983	0.09314443171024323	-0.08588983118534088	0.06399184465408325	0.270766943693161	0.2963508367538452	0.1685175597667694	0.0423731692135334	0.19202303886413574	-0.1498778611421585	0.09166014939546585	0.2229858785867691	0.4845116138458252	0.20817193388938904	-0.04325396567583084
pGP-rh	0.15454550087451935	0.061846643686294556	-0.07195532321929932	0.30011361837387085	0.027551740407943726	0.03530554473400116	-0.05051891878247261	-0.02792428806424141	-0.06983708590269089	0.16118499636650085	0.06423553824424744	0.02487335354089737	0.14398683607578278	0.14193761348724365	-0.07043623179197311	0.08085726946592331	-0.030962495133280754	0.04593620449304581	0.15224000811576843	0.1152385026216507	0.09506505727767944	-0.08006862550973892	-0.12750421464443207	1.0	-0.29600998759269714	-0.19237296283245087	0.1523895412683487	0.26393675804138184	0.22018593549728394	-0.23757123947143555	0.24918733537197113	0.03228144347667694	0.08266445249319077	0.21691101789474487	0.22574308514595032	0.2862224280834198	0.2801763713359833	0.20658257603645325	0.031959641724824905	0.021990761160850525	0.13203281164169312	0.19872908294200897	-0.05022130906581879	0.15221388638019562	0.23924562335014343	0.16139960289001465	0.28588828444480896	0.30876877903938293	0.37015870213508606	0.004486436024308205
aGP-rh	0.0645207017660141	-0.15481476485729218	-0.0056803845800459385	-0.26201099157333374	0.07207774370908737	0.1943088173866272	0.18307740986347198	0.07644955068826675	0.166764035820961	0.23342116177082062	0.255858838558197	0.21911437809467316	0.16447679698467255	0.28513386845588684	0.2823498845100403	0.4601176381111145	0.30998069047927856	0.18349525332450867	0.008240632712841034	0.024477478116750717	0.14169195294380188	0.20836874842643738	0.21706083416938782	-0.29600998759269714	1.0	0.14953850209712982	0.23420464992523193	-0.09045177698135376	0.12192733585834503	0.1707276552915573	0.10371029376983643	0.39545249938964844	0.3271101117134094	0.07451052963733673	0.17982472479343414	0.29322224855422974	0.3296228051185608	0.21371495723724365	0.3869864344596863	0.0886707678437233	0.41787275671958923	0.3961193859577179	0.4377167522907257	-0.18824706971645355	-0.011314189061522484	0.21474121510982513	0.14347508549690247	0.15619218349456787	0.0002409359731245786	0.2741602659225464
HIP-head-m-lh	0.5058485269546509	0.27294638752937317	0.2594977617263794	0.13833443820476532	-0.04346376657485962	0.2236662358045578	-0.13421392440795898	-0.24527275562286377	-0.0681447759270668	-0.0043052746914327145	-0.3968982994556427	-0.23795907199382782	-0.14548151195049286	-0.006412462797015905	-0.0206998772919178	-0.1590973138809204	-0.2597709596157074	-0.2733062505722046	0.3813088536262512	0.3927035629749298	-0.020869506523013115	-0.08915501832962036	-0.1867581605911255	-0.19237296283245087	0.14953850209712982	1.0	0.33020442724227905	0.26954057812690735	0.03408552706241608	-0.19739454984664917	0.18788325786590576	-0.20912699401378632	-0.14467385411262512	-0.23712754249572754	-0.026088666170835495	-0.24141345918178558	-0.1811656951904297	-0.09726103395223618	-0.07006768882274628	-0.12894000113010406	-0.14926590025424957	-0.17867279052734375	0.005359929520636797	0.04988597705960274	0.09018518775701523	-0.11016832292079926	0.056753940880298615	-0.06029854714870453	-0.16818556189537048	-0.15740922093391418
HIP-head-l-l	0.3748353123664856	0.2986287772655487	-0.022550076246261597	0.23390047252178192	-0.12070133537054062	0.23868699371814728	-0.09836587309837341	-0.2787134349346161	-0.2967529892921448	0.1397588551044464	0.34986281394958496	0.31626051664352417	0.46493813395500183	0.5287875533103943	0.29297077655792236	0.33342766761779785	0.2732953429222107	-0.1296161264181137	0.5205197930335999	0.2697885036468506	-0.21360929310321808	0.13214033842086792	0.2449624240398407	0.1523895412683487	0.23420464992523193	0.33020442724227905	1.0	0.2987593114376068	0.2923760414123535	0.0014104800065979362	0.12004885822534561	-0.012190624140202999	0.15323449671268463	0.027548493817448616	0.23320049047470093	0.4690209627151489	0.44300076365470886	0.3484042286872864	0.5208755135536194	0.36036115884780884	0.42646196484565735	0.35138392448425293	0.13777273893356323	0.31279024481773376	0.23552827537059784	-0.11612915247678757	0.4520426392555237	0.4514734148979187	0.20416392385959625	0.03685673326253891
HIP-body-l	0.30080437660217285	0.38223177194595337	0.43445849418640137	0.3528851568698883	-0.08539056777954102	-0.05023802071809769	0.05990251153707504	0.16343268752098083	0.15935488045215607	0.1897663176059723	-0.35994940996170044	-0.3349853456020355	0.07316170632839203	-0.026729274541139603	0.01326996460556984	-0.3051983714103699	-0.11659611761569977	-0.1848686784505844	0.3488948345184326	0.317393958568573	0.03259105980396271	0.1424882560968399	-0.1768067479133606	0.26393675804138184	-0.09045177698135376	0.26954057812690735	0.2987593114376068	1.0	0.6324653625488281	0.016377899795770645	0.06320583075284958	0.05601958930492401	0.02387099526822567	0.14424003660678864	0.21804289519786835	-0.3062560260295868	-0.23760905861854553	-0.05605986714363098	-0.14010295271873474	-0.00014216749696061015	0.060040585696697235	-0.10483994334936142	-0.26484179496765137	0.21810363233089447	0.4491278827190399	0.17149041593074799	0.3056948482990265	0.0518043227493763	0.16188034415245056	-0.011578197591006756
HIP-tail-lh	0.3478561341762543	0.2686639428138733	0.31631189584732056	0.31804633140563965	0.037988342344760895	-0.08273884654045105	0.010694253258407116	0.018950622528791428	-0.05517595261335373	0.1267518550157547	-0.07933217287063599	-0.1873219758272171	0.06572799384593964	0.14022508263587952	-0.171025812625885	-0.06920738518238068	-0.015674831345677376	-0.1261640340089798	0.41090676188468933	0.3715900778770447	-0.009120064787566662	-0.06691873073577881	-0.14826847612857819	0.22018593549728394	0.12192733585834503	0.03408552706241608	0.2923760414123535	0.6324653625488281	1.0	0.08587594330310822	0.13157522678375244	0.16345222294330597	0.11590885370969772	0.09404522180557251	0.14126577973365784	-0.05163168907165527	-0.03353916108608246	0.21100735664367676	0.04995272308588028	-0.12052372097969055	0.19566020369529724	0.09338784217834473	-0.10397178679704666	0.1743987649679184	0.42726877331733704	0.20598497986793518	0.08734595775604248	0.019767867401242256	0.31994858384132385	-0.0029114694334566593
THA-VPm-lh	0.04364864155650139	0.03902575746178627	0.05785606801509857	-0.02070201374590397	0.3574203848838806	-0.056528739631175995	-0.06603284180164337	-0.16573922336101532	-0.04311027377843857	0.26642751693725586	0.09524073451757431	0.1759379357099533	0.20273560285568237	0.24329286813735962	0.14361681044101715	0.008496428839862347	0.04711030423641205	0.23404772579669952	-0.05570977181196213	0.04887131229043007	0.01900261454284191	0.05187709257006645	-0.04423566535115242	-0.23757123947143555	0.1707276552915573	-0.19739454984664917	0.0014104800065979362	0.016377899795770645	0.08587594330310822	1.0	0.17343635857105255	0.0571272186934948	-0.0018722338136285543	-0.11631521582603455	0.018737686797976494	0.03131517767906189	0.02703183703124523	0.38361942768096924	0.2658361792564392	0.0976991131901741	0.1790100485086441	0.02679513394832611	0.10729614645242691	0.09800390154123306	0.13243664801120758	0.06297183781862259	-0.24537238478660583	-0.33073195815086365	-0.22372658550739288	0.19812561571598053
THA-VPl-lh	0.13554665446281433	-0.21273662149906158	-0.0125464191660285	0.0771174281835556	0.2509690523147583	0.24612517654895782	-0.1388334482908249	-0.07895153760910034	0.028427910059690475	0.32524558901786804	0.05464436113834381	-0.09481842815876007	-0.07022339105606079	0.18595942854881287	-0.006699721794575453	0.009135223925113678	-0.20507726073265076	-0.07969661802053452	0.1955355852842331	0.23227833211421967	0.07094065845012665	0.11306769400835037	0.11552885174751282	0.24918733537197113	0.10371029376983643	0.18788325786590576	0.12004885822534561	0.06320583075284958	0.13157522678375244	0.17343635857105255	1.0	0.16903050243854523	0.25040534138679504	0.034648556262254715	0.3259054124355316	0.0538741834461689	0.16560713946819305	0.3260478973388672	0.1566300243139267	-0.038447391241788864	0.11789847910404205	0.011257180944085121	-0.08007767051458359	0.2542159855365753	-0.02844567410647869	0.19620445370674133	-0.0012283801333978772	0.04206177219748497	-0.05478845164179802	-0.004849371500313282
THA-VAi-lh	-0.20181773602962494	-0.3427620530128479	-0.027237465605139732	0.11534874886274338	-0.04706188663840294	-0.05058247968554497	0.5944869518280029	0.5990557670593262	0.6838159561157227	0.28352904319763184	0.19494570791721344	0.1407490074634552	0.20825372636318207	0.2851159870624542	0.3983263075351715	0.431576132774353	0.5291535258293152	0.3905300498008728	-0.16329550743103027	-0.2283969521522522	0.17123036086559296	0.22602245211601257	0.07881388813257217	0.03228144347667694	0.39545249938964844	-0.20912699401378632	-0.012190624140202999	0.05601958930492401	0.16345222294330597	0.0571272186934948	0.16903050243854523	1.0	0.6154581904411316	0.5989567637443542	0.6091826558113098	0.12732075154781342	0.3625178039073944	0.08523455262184143	0.26395049691200256	0.29324665665626526	0.43313542008399963	0.5601770877838135	0.45436039566993713	-0.09516505151987076	-0.2494812160730362	0.2895418107509613	0.20528995990753174	0.16714875400066376	0.01941857300698757	0.40994325280189514
THA-VAs-lh	-0.22714723646640778	-0.3772868514060974	-0.16279111802577972	-0.08042152971029282	0.026376742869615555	-0.06924774497747421	0.327338844537735	0.5355482697486877	0.38701575994491577	0.26672181487083435	0.42965638637542725	0.13968849182128906	0.15272726118564606	0.24095626175403595	0.41728103160858154	0.4539831280708313	0.3771784007549286	0.14540719985961914	0.0027927178889513016	-0.12664398550987244	0.12596189975738525	0.4044734835624695	0.22718407213687897	0.08266445249319077	0.3271101117134094	-0.14467385411262512	0.15323449671268463	0.02387099526822567	0.11590885370969772	-0.0018722338136285543	0.25040534138679504	0.6154581904411316	1.0	0.4048703610897064	0.5699954628944397	0.3054136037826538	0.4206835627555847	0.25003907084465027	0.21989460289478302	0.3731597065925598	0.603350043296814	0.560310959815979	0.4126681089401245	-0.0467885322868824	-0.20617766678333282	0.3807367980480194	0.3281472325325012	0.4026840031147003	0.03733614459633827	0.26826757192611694
THA-DAm-lh	-0.002559746615588665	-0.3280676603317261	-0.09936483204364777	0.11892080307006836	0.0333077609539032	-0.20112094283103943	0.5158358812332153	0.29116901755332947	0.5775314569473267	0.22105830907821655	0.19890445470809937	0.09840644150972366	0.38346707820892334	0.28342270851135254	0.30571699142456055	0.32820868492126465	0.4239194691181183	0.22594280540943146	0.0032453490421175957	-0.1328498274087906	0.2073129117488861	0.2166544646024704	-0.04581034928560257	0.21691101789474487	0.07451052963733673	-0.23712754249572754	0.027548493817448616	0.14424003660678864	0.09404522180557251	-0.11631521582603455	0.034648556262254715	0.5989567637443542	0.4048703610897064	1.0	0.5459816455841064	0.2851593494415283	0.4085456430912018	0.21169798076152802	0.27786651253700256	0.40738239884376526	0.36757057905197144	0.5293481349945068	0.18797042965888977	-0.004805331118404865	-0.07465988397598267	0.26984527707099915	0.2607473134994507	0.24971866607666016	-0.008506132289767265	0.44497066736221313
THA-DAl-lh	-0.02191864512860775	-0.29559728503227234	0.03522559627890587	0.20364312827587128	0.09100542962551117	-0.008013827726244926	0.4514085054397583	0.32818517088890076	0.4173682630062103	0.5424031615257263	0.10022816061973572	0.09566260874271393	0.24134622514247894	0.2734030783176422	0.30895572900772095	0.31523504853248596	0.38499900698661804	0.16294413805007935	0.054665107280015945	-0.13201512396335602	0.09937283396720886	0.1906258910894394	-0.01017224695533514	0.22574308514595032	0.17982472479343414	-0.026088666170835495	0.23320049047470093	0.21804289519786835	0.14126577973365784	0.018737686797976494	0.3259054124355316	0.6091826558113098	0.5699954628944397	0.5459816455841064	1.0	0.15895381569862366	0.39277833700180054	0.19672399759292603	0.2821256220340729	0.3706751763820648	0.3913774788379669	0.4189983904361725	0.19860555231571198	-0.037571072578430176	-0.127719447016716	0.22386616468429565	0.27050331234931946	0.12358919531106949	0.14467376470565796	0.4419074058532715
PUT-VA-lh	0.10103148967027664	-0.13702528178691864	-0.47126975655555725	-0.08177737146615982	0.14290708303451538	0.025652218610048294	0.05862637609243393	-0.18708936870098114	-0.16350002586841583	0.08565625548362732	0.8121705651283264	0.6635264158248901	0.49453818798065186	0.5649805665016174	0.3768323063850403	0.634592592716217	0.43113625049591064	0.22738155722618103	0.22207048535346985	0.06595009565353394	-0.052917517721652985	0.2357999086380005	0.3025079369544983	0.2862224280834198	0.29322224855422974	-0.24141345918178558	0.4690209627151489	-0.3062560260295868	-0.05163168907165527	0.03131517767906189	0.0538741834461689	0.12732075154781342	0.3054136037826538	0.2851593494415283	0.15895381569862366	1.0	0.7914100289344788	0.4970605969429016	0.6037136316299438	0.5304291248321533	0.6305168271064758	0.5918213129043579	0.3315703570842743	0.10401386022567749	0.16780687868595123	0.10902182012796402	0.37922632694244385	0.6076318025588989	0.26974421739578247	0.2893381416797638
PUT-DA-l	0.12190043926239014	-0.23994724452495575	-0.40818461775779724	-0.029468540102243423	0.07556317001581192	0.0329541452229023	0.10887778550386429	-0.12471278756856918	0.0349404476583004	0.15629446506500244	0.6412817239761353	0.7313553094863892	0.6050730347633362	0.6881721615791321	0.4558130204677582	0.633350133895874	0.518380880355835	0.3572949171066284	0.18466642498970032	-0.07486936450004578	-0.006190819200128317	0.120742566883564	0.09314443171024323	0.2801763713359833	0.3296228051185608	-0.1811656951904297	0.44300076365470886	-0.23760905861854553	-0.03353916108608246	0.02703183703124523	0.16560713946819305	0.3625178039073944	0.4206835627555847	0.4085456430912018	0.39277833700180054	0.7914100289344788	1.0	0.5243369936943054	0.798913836479187	0.603166401386261	0.6320381164550781	0.7205094695091248	0.4961742162704468	0.10998154431581497	0.024430911988019943	0.040415339171886444	0.311062753200531	0.35261794924736023	0.17232196033000946	0.40202414989471436
PUT-VP-lh	0.37995031476020813	-0.03878777101635933	-0.13432791829109192	-0.02485431358218193	0.4367896318435669	0.018756462261080742	-0.07616891711950302	-0.3458136022090912	-0.1890764683485031	0.18347696959972382	0.37808436155319214	0.36162105202674866	0.4847571849822998	0.7616703510284424	0.06730533391237259	0.2237449735403061	0.03828391060233116	0.03581707924604416	0.20975077152252197	0.25477349758148193	-0.14370140433311462	0.08267379552125931	-0.08588983118534088	0.20658257603645325	0.21371495723724365	-0.09726103395223618	0.3484042286872864	-0.05605986714363098	0.21100735664367676	0.38361942768096924	0.3260478973388672	0.08523455262184143	0.25003907084465027	0.21169798076152802	0.19672399759292603	0.4970605969429016	0.5243369936943054	1.0	0.5860716104507446	0.18160903453826904	0.34472888708114624	0.3261702060699463	0.0939239040017128	-0.0733218789100647	0.35088902711868286	0.04038061201572418	-0.0004028168914373964	0.1706312596797943	0.050946686416864395	0.18965092301368713
PUT-DP-lh	0.24183952808380127	-0.1408209502696991	-0.19923937320709229	-0.025332722812891006	0.14709962904453278	-0.04649856314063072	-0.0392221100628376	-0.3247792422771454	-0.11183394491672516	0.10370754450559616	0.437755823135376	0.6107462048530579	0.579757809638977	0.7176662087440491	0.34623247385025024	0.4435485899448395	0.31165120005607605	0.2976040244102478	0.15199384093284607	0.14761027693748474	-0.15840114653110504	0.12607622146606445	0.06399184465408325	0.031959641724824905	0.3869864344596863	-0.07006768882274628	0.5208755135536194	-0.14010295271873474	0.04995272308588028	0.2658361792564392	0.1566300243139267	0.26395049691200256	0.21989460289478302	0.27786651253700256	0.2821256220340729	0.6037136316299438	0.798913836479187	0.5860716104507446	1.0	0.48483458161354065	0.45371952652931213	0.5425431728363037	0.37821921706199646	0.08616043627262115	0.22159640491008759	-0.1561920940876007	0.13464827835559845	0.12285394221544266	0.05760635435581207	0.30164262652397156
