Node	HIP-head-m-rh	HIP-head-l-rh	HIP-body-rh	HIP-tail-rh	THA-VPm-rh	THA-VPl-rh	THA-VAi-rh	THA-VAs-rh	THA-DAm-rh	THA-DAl-rh	PUT-VA-rh	PUT-DA-rh	PUT-VP-rh	PUT-DP-rh	CAU-VA-rh	CAU-DA-rh	CAU-body-rh	CAU-tail-rh	lAMY-rh	mAMY-rh	THA-DP-rh	NAc-shell-rh	NAc-core-rh	pGP-rh	aGP-rh	HIP-head-m-lh	HIP-head-l-l	HIP-body-l	HIP-tail-lh	THA-VPm-lh	THA-VPl-lh	THA-VAi-lh	THA-VAs-lh	THA-DAm-lh	THA-DAl-lh	PUT-VA-lh	PUT-DA-l	PUT-VP-lh	PUT-DP-lh	CAU-VA-lh	CAU-DA-lh	CAU-body-lh	CAU-tail-lh	lAMY-lh	mAMY-lh	THA-DP-lh	NAc-shell-lh	NAc-core-lh	pGP-lh	aGP-lh
HIP-head-m-rh	1.0	0.6075310707092285	0.16780659556388855	0.3007371723651886	0.018399350345134735	0.008542567491531372	-0.19302086532115936	-0.10533294826745987	-0.16807298362255096	-0.1837407350540161	-0.0753578394651413	-0.048221196979284286	-0.290551096200943	-0.2851161062717438	0.08056912571191788	-0.18694338202476501	-0.23025494813919067	-0.1748826503753662	0.008953888900578022	0.11670126765966415	0.41301611065864563	0.16516560316085815	-0.037632331252098083	-0.12727810442447662	0.14049682021141052	0.42974957823753357	0.4187438189983368	0.4300609529018402	0.10294404625892639	0.30651065707206726	-0.31825903058052063	-0.15124572813510895	-0.16773585975170135	-0.12403655052185059	-0.22336508333683014	-0.14120714366436005	-0.06424042582511902	-0.3307117521762848	-0.2848871052265167	-0.15202490985393524	0.16395509243011475	0.08393348753452301	0.020805953070521355	-0.01887996308505535	0.1736273467540741	0.1187363862991333	0.015603200532495975	-0.035604339092969894	-0.29375743865966797	-0.32156476378440857
HIP-head-l-rh	0.6075310707092285	1.0	0.27183517813682556	0.24910034239292145	0.14751902222633362	0.2432922124862671	-0.07925886660814285	-0.23913969099521637	-0.1135365217924118	-0.20324933528900146	0.1266031116247177	-0.028454512357711792	-0.2798328995704651	-0.2755865454673767	0.13285504281520844	-0.15966442227363586	-0.07784091681241989	-0.30634284019470215	-0.027459312230348587	0.0201816838234663	0.08561684936285019	0.26859116554260254	0.1734720915555954	-0.23228728771209717	-0.012370742857456207	0.4079778492450714	0.6202031373977661	0.4077741801738739	0.08607226610183716	0.4318554401397705	-0.0984683409333229	-0.14867982268333435	-0.12221192568540573	-0.10697171837091446	0.04636867344379425	0.16077256202697754	0.30857762694358826	-0.22291015088558197	-0.15643490850925446	0.00586648378521204	-0.008984176442027092	-0.05486397445201874	0.06973761320114136	0.1276402622461319	0.023012014105916023	0.037317387759685516	0.30016809701919556	0.1508575975894928	-0.29583463072776794	-0.20157098770141602
HIP-body-rh	0.16780659556388855	0.27183517813682556	1.0	0.2923395037651062	-0.09248469024896622	0.04487094655632973	-0.06857771426439285	-0.0247905682772398	0.168679341673851	0.04261409118771553	-0.061838362365961075	-0.13515710830688477	-0.11593169718980789	-0.07140591740608215	-0.1602749079465866	0.03556277975440025	-0.027633823454380035	0.0916089341044426	-0.31486907601356506	-0.09473526477813721	-0.04145480692386627	0.3277435600757599	-0.12694567441940308	-0.00405483553186059	-0.08691305667161942	0.3839920461177826	0.4325989782810211	0.6454059481620789	0.6021153330802917	-0.16450442373752594	0.11631882190704346	-0.02714361995458603	0.3696745038032532	0.029494069516658783	-0.13808222115039825	-0.02649412676692009	-0.043825823813676834	-0.16204185783863068	-0.15324166417121887	0.06303372234106064	0.050862278789281845	-0.1100395917892456	0.16207167506217957	0.0059849414974451065	-0.12937010824680328	-0.17956601083278656	0.2942054569721222	-0.1751699596643448	-0.0741138756275177	-0.05523243546485901
HIP-tail-rh	0.3007371723651886	0.24910034239292145	0.2923395037651062	1.0	-0.14108186960220337	0.06508765369653702	0.0757417380809784	-0.15749724209308624	0.1909916251897812	0.11103509366512299	0.11600494384765625	0.1288946568965912	0.010751393623650074	-0.08108734339475632	0.022363154217600822	-0.16215720772743225	-0.31197917461395264	-0.2658575177192688	-0.1509249061346054	-0.026810096576809883	0.08767784386873245	0.19064943492412567	0.01934274286031723	0.0804036408662796	0.10629946738481522	0.4683496356010437	0.18844197690486908	0.22678610682487488	0.5992949604988098	0.13126616179943085	-0.0006751079927198589	-0.08620427548885345	-0.14198212325572968	0.08601049333810806	0.08930225670337677	0.17020167410373688	0.044087138026952744	-0.17074909806251526	-0.25767767429351807	-0.05595974996685982	-0.12592945992946625	-0.14434963464736938	-0.22115367650985718	0.03685569018125534	0.1274750828742981	0.05902815982699394	0.23854458332061768	0.031093532219529152	0.1791037768125534	-0.18077969551086426
THA-VPm-rh	0.018399350345134735	0.14751902222633362	-0.09248469024896622	-0.14108186960220337	1.0	0.16191451251506805	-0.010198220610618591	-0.04794670641422272	0.20371632277965546	-0.07260572165250778	0.08203909546136856	-0.035022251307964325	0.1453699767589569	-0.023309607058763504	0.17361681163311005	-0.04502050206065178	0.10256899893283844	-0.09573235362768173	0.279859721660614	0.07318615168333054	0.10517039895057678	0.1254597008228302	-0.022888032719492912	-0.23762372136116028	0.04990336671471596	-0.014203683473169804	0.21588803827762604	0.038537006825208664	-0.3382453918457031	0.31411224603652954	-0.17207908630371094	0.08877367526292801	-0.2858160734176636	0.03614892065525055	-0.10034151375293732	0.14375747740268707	-0.015781400725245476	0.05532943084836006	0.13391192257404327	-0.14497524499893188	-0.1695505827665329	0.02949429117143154	-0.11970651894807816	-0.06422368437051773	-0.2097170501947403	0.18652692437171936	0.02095877192914486	0.011437120847404003	-0.2565535008907318	0.11353220045566559
THA-VPl-rh	0.008542567491531372	0.2432922124862671	0.04487094655632973	0.06508765369653702	0.16191451251506805	1.0	0.25620532035827637	-0.052636805921792984	0.360738605260849	0.32686349749565125	-0.07377162575721741	0.04289999604225159	0.25653690099716187	0.048841074109077454	0.10678128898143768	-0.04030166193842888	-0.06700295954942703	-0.252612441778183	0.25202128291130066	0.07047059386968613	-0.013997206464409828	0.25430479645729065	0.04443434998393059	0.1966857761144638	0.034483518451452255	0.21607956290245056	0.2445797175168991	-0.03329000249505043	-0.03601932153105736	0.30405476689338684	0.23121856153011322	0.15590891242027283	0.013760658912360668	0.26868078112602234	0.4421731233596802	0.3465390205383301	0.09416690468788147	0.15053142607212067	0.027549194172024727	0.13196872174739838	0.047228213399648666	-0.15686406195163727	-0.1236615777015686	0.07006526738405228	-0.011199000291526318	0.1849122792482376	0.37294623255729675	0.04792202636599541	-0.08665800839662552	0.1197417750954628
THA-VAi-rh	-0.19302086532115936	-0.07925886660814285	-0.06857771426439285	0.0757417380809784	-0.010198220610618591	0.25620532035827637	1.0	0.367789089679718	0.3396528661251068	0.3152565062046051	0.036172911524772644	0.0013028529938310385	0.4090421497821808	0.26918017864227295	0.11272341012954712	0.103025421500206	0.05990162491798401	-0.031694795936346054	-0.04717707633972168	-0.06702931970357895	-0.1821715384721756	-0.0014214740367606282	-0.00846624281257391	0.1607055515050888	0.1293228417634964	0.1216493546962738	-0.1729671061038971	-0.16022415459156036	-0.012115675024688244	0.21903425455093384	0.13419845700263977	0.48128750920295715	0.14564166963100433	0.2916839122772217	0.37462112307548523	0.3681062161922455	0.08266895264387131	0.3748614490032196	0.2691020369529724	0.10545789450407028	0.03996026888489723	0.04146754741668701	-0.01796826347708702	0.016156403347849846	-0.20428960025310516	-0.03920457139611244	0.08653903007507324	-0.11394322663545609	0.36252865195274353	0.07199007272720337
THA-VAs-rh	-0.10533294826745987	-0.23913969099521637	-0.0247905682772398	-0.15749724209308624	-0.04794670641422272	-0.052636805921792984	0.367789089679718	1.0	0.28963702917099	-0.09059557318687439	0.28972283005714417	0.1770855337381363	-0.011683992110192776	0.15811215341091156	0.23277625441551208	0.5374428033828735	0.3646194636821747	0.3727480471134186	-0.13108888268470764	0.0863640159368515	0.08447426557540894	0.11278440803289413	0.010659314692020416	-0.06787554919719696	0.22878362238407135	0.004112202674150467	-0.19552312791347504	-0.035543400794267654	-0.18265248835086823	-0.13320471346378326	-0.003142494708299637	0.501311719417572	0.5266906023025513	0.26292529702186584	0.24800297617912292	0.10513723641633987	0.10185953229665756	0.1463380604982376	0.27422210574150085	0.25149795413017273	0.33723264932632446	0.5171880722045898	0.24310724437236786	0.008223622106015682	-0.07983345538377762	-0.35576462745666504	-0.22451014816761017	-0.06247352808713913	0.04972691461443901	0.22857066988945007
THA-DAm-rh	-0.16807298362255096	-0.1135365217924118	0.168679341673851	0.1909916251897812	0.20371632277965546	0.360738605260849	0.3396528661251068	0.28963702917099	1.0	0.4361431896686554	0.1253698170185089	0.129927858710289	0.1234724298119545	0.0914800614118576	-0.0652863010764122	0.07525873929262161	-0.01482035219669342	-0.02405347116291523	0.10230395942926407	0.07815651595592499	0.24022260308265686	0.28321215510368347	0.013470384292304516	0.07445074617862701	0.061437614262104034	0.14213567972183228	-0.028188325464725494	-0.06353802978992462	0.18006394803524017	0.1743590533733368	0.1883242130279541	0.20133936405181885	0.21443980932235718	0.3395593464374542	0.3047771155834198	0.32768043875694275	-0.10563534498214722	-3.442375600570813e-05	-0.03407957777380943	0.1451682448387146	0.17632943391799927	0.02816413715481758	0.040408022701740265	0.09682366251945496	0.005792797077447176	0.1010456308722496	-0.005939631722867489	-0.12594404816627502	-0.035474590957164764	0.20970837771892548
THA-DAl-rh	-0.1837407350540161	-0.20324933528900146	0.04261409118771553	0.11103509366512299	-0.07260572165250778	0.32686349749565125	0.3152565062046051	-0.09059557318687439	0.4361431896686554	1.0	-0.13308674097061157	0.2229509800672531	0.5389997363090515	0.4820084869861603	-0.045990653336048126	-0.17659983038902283	0.01276967953890562	0.09704474359750748	0.08116791397333145	-0.058795299381017685	-0.035543814301490784	-0.041448626667261124	-0.029927808791399002	0.3643725514411926	0.29686853289604187	0.18369364738464355	0.07753339409828186	-0.2402200698852539	0.23617251217365265	0.05668152496218681	0.1685785949230194	0.06892253458499908	0.09572899341583252	0.08001480996608734	0.3192257881164551	0.14473755657672882	-0.03841559216380119	0.2722988426685333	0.30073466897010803	0.26898473501205444	0.13319091498851776	-0.09183791279792786	0.0671868845820427	0.32806316018104553	0.0321580171585083	0.17561283707618713	0.27845144271850586	0.04493560269474983	0.20209704339504242	0.005075298715382814
PUT-VA-rh	-0.0753578394651413	0.1266031116247177	-0.061838362365961075	0.11600494384765625	0.08203909546136856	-0.07377162575721741	0.036172911524772644	0.28972283005714417	0.1253698170185089	-0.13308674097061157	1.0	0.5447099208831787	0.023230500519275665	0.3048034608364105	0.29599639773368835	0.4001844525337219	0.4228418469429016	0.17742975056171417	0.13323603570461273	0.33830055594444275	0.061886128038167953	0.32865405082702637	0.4906347095966339	-0.16011083126068115	-0.018548741936683655	-0.116209477186203	0.07423615455627441	-0.2316894680261612	-0.15683501958847046	-0.03515984117984772	0.032914549112319946	0.07270415872335434	0.014892213977873325	-0.10584937781095505	0.3257097005844116	0.4286458194255829	0.5395336747169495	0.12443430721759796	0.12801070511341095	0.15758495032787323	0.042159758508205414	0.3214109241962433	0.26751163601875305	0.3114875555038452	-0.09976070374250412	-0.32001352310180664	0.10628864914178848	0.1508120596408844	-0.366657555103302	0.09694062173366547
PUT-DA-rh	-0.048221196979284286	-0.028454512357711792	-0.13515710830688477	0.1288946568965912	-0.035022251307964325	0.04289999604225159	0.0013028529938310385	0.1770855337381363	0.129927858710289	0.2229509800672531	0.5447099208831787	1.0	0.35116925835609436	0.5997810363769531	0.04248472675681114	0.22277261316776276	0.2752496600151062	0.3136906921863556	0.39909589290618896	0.16054169833660126	0.1444375365972519	0.0067352247424423695	0.15300796926021576	0.11422096937894821	0.3641526997089386	-0.052259691059589386	0.07073846459388733	-0.3458886444568634	-0.09943759441375732	-0.006107327062636614	0.07530520856380463	0.12379906326532364	0.020862720906734467	-0.2715614140033722	0.28513282537460327	0.39818209409713745	0.5190684795379639	0.18190689384937286	0.4490582048892975	0.2806812524795532	0.16183818876743317	0.24510027468204498	0.10390650480985641	0.37682780623435974	-0.12270857393741608	-0.23872660100460052	-0.1034819558262825	0.10113596171140671	-0.21196962893009186	0.1613582968711853
PUT-VP-rh	-0.290551096200943	-0.2798328995704651	-0.11593169718980789	0.010751393623650074	0.1453699767589569	0.25653690099716187	0.4090421497821808	-0.011683992110192776	0.1234724298119545	0.5389997363090515	0.023230500519275665	0.35116925835609436	1.0	0.7669485807418823	-0.2142045646905899	-0.19473226368427277	0.07340485602617264	0.14373600482940674	0.20796698331832886	0.008366232737898827	-0.1934371143579483	-0.21111176908016205	-0.24945472180843353	0.48278573155403137	0.41624048352241516	0.03371240571141243	0.014983699657022953	-0.36810579895973206	-0.021717345342040062	-0.1011960357427597	0.22526578605175018	0.08549927175045013	-0.13748560845851898	-0.15409278869628906	0.15266400575637817	0.21667228639125824	0.09891132265329361	0.6681547164916992	0.5352136492729187	0.03467467427253723	-0.2675428092479706	-0.27323418855667114	-0.18294082581996918	0.25334450602531433	-0.21720977127552032	0.02329149655997753	0.10230683535337448	-0.17699234187602997	0.16164197027683258	0.19051237404346466
PUT-DP-rh	-0.2851161062717438	-0.2755865454673767	-0.07140591740608215	-0.08108734339475632	-0.023309607058763504	0.048841074109077454	0.26918017864227295	0.15811215341091156	0.0914800614118576	0.4820084869861603	0.3048034608364105	0.5997810363769531	0.7669485807418823	1.0	-0.132185697555542	-0.0015560761094093323	0.3826570212841034	0.41230645775794983	0.17767643928527832	-0.00998228881508112	-0.11739347130060196	-0.15732373297214508	-0.1643335223197937	0.39614978432655334	0.42725324630737305	-0.030642228201031685	0.014383742585778236	-0.36255112290382385	-0.011094367131590843	-0.21643604338169098	0.19214805960655212	0.10063354671001434	0.06772851198911667	-0.3058919906616211	0.21419352293014526	0.2420390099287033	0.31814831495285034	0.6167232394218445	0.6431137323379517	0.17507822811603546	-0.03003827854990959	-0.017222540453076363	0.02964547462761402	0.347601056098938	-0.2580295503139496	-0.25650590658187866	0.04733588919043541	-0.07767029851675034	0.01776074804365635	0.13747675716876984
CAU-VA-rh	0.08056912571191788	0.13285504281520844	-0.1602749079465866	0.022363154217600822	0.17361681163311005	0.10678128898143768	0.11272341012954712	0.23277625441551208	-0.0652863010764122	-0.045990653336048126	0.29599639773368835	0.04248472675681114	-0.2142045646905899	-0.132185697555542	1.0	0.4678341746330261	0.32786449790000916	0.06197759881615639	-0.09735339879989624	0.16863910853862762	0.07505566626787186	0.3343743085861206	0.5215862989425659	-0.40135428309440613	-0.08225914090871811	-0.0015126783400774002	0.053280506283044815	0.034225329756736755	-0.3362247049808502	0.22193898260593414	-0.16712014377117157	0.21883825957775116	0.021302780136466026	0.3667926490306854	0.2954525351524353	0.2006639987230301	0.16276146471500397	-0.04034171625971794	-0.018194932490587234	0.4546055793762207	0.26858195662498474	0.4131888151168823	0.0936991423368454	-0.01892915554344654	0.10876236110925674	-0.08475549519062042	0.21042197942733765	0.3990026116371155	0.06291589140892029	0.19071100652217865
CAU-DA-rh	-0.18694338202476501	-0.15966442227363586	0.03556277975440025	-0.16215720772743225	-0.04502050206065178	-0.04030166193842888	0.103025421500206	0.5374428033828735	0.07525873929262161	-0.17659983038902283	0.4001844525337219	0.22277261316776276	-0.19473226368427277	-0.0015560761094093323	0.4678341746330261	1.0	0.5486940145492554	0.48623940348625183	0.03192279487848282	0.08454946428537369	-0.08869525790214539	0.24711616337299347	0.3704460561275482	-0.15731516480445862	-0.18365788459777832	-0.14791537821292877	-0.14286962151527405	0.10172341763973236	-0.20976519584655762	-0.19295090436935425	-0.11094190925359726	0.32248446345329285	0.41497570276260376	0.1518128365278244	0.17091438174247742	0.28742367029190063	0.2374269813299179	-0.04267673194408417	0.05302004516124725	0.43031880259513855	0.5736388564109802	0.5830583572387695	0.43538811802864075	0.032384272664785385	0.0161423459649086	-0.42938506603240967	-0.09097731858491898	0.27482548356056213	0.011490358039736748	0.37640419602394104
CAU-body-rh	-0.23025494813919067	-0.07784091681241989	-0.027633823454380035	-0.31197917461395264	0.10256899893283844	-0.06700295954942703	0.05990162491798401	0.3646194636821747	-0.01482035219669342	0.01276967953890562	0.4228418469429016	0.2752496600151062	0.07340485602617264	0.3826570212841034	0.32786449790000916	0.5486940145492554	1.0	0.6652598977088928	0.15003490447998047	-0.11555172502994537	-0.016291631385684013	0.0053620836697518826	0.2029312252998352	-0.21214812994003296	0.014435193501412868	-0.06848494708538055	-0.048196256160736084	0.012801922857761383	-0.314681738615036	-0.20348253846168518	-0.18907536566257477	0.062171753495931625	0.3544415831565857	-0.1393575221300125	0.14819204807281494	0.10073909163475037	0.33015137910842896	0.2530326545238495	0.48033407330513	0.4438624083995819	0.4431819021701813	0.5927844643592834	0.504528820514679	0.23705193400382996	-0.3146551251411438	-0.5042275190353394	-0.15072286128997803	0.07111354172229767	-0.13031581044197083	0.41411516070365906
CAU-tail-rh	-0.1748826503753662	-0.30634284019470215	0.0916089341044426	-0.2658575177192688	-0.09573235362768173	-0.252612441778183	-0.031694795936346054	0.3727480471134186	-0.02405347116291523	0.09704474359750748	0.17742975056171417	0.3136906921863556	0.14373600482940674	0.41230645775794983	0.06197759881615639	0.48623940348625183	0.6652598977088928	1.0	0.09422151744365692	-0.05949069932103157	0.042978718876838684	-0.11598604917526245	-0.0991419106721878	-0.056064311414957047	0.13889096677303314	-0.12132909893989563	-0.12190421670675278	0.09417980164289474	-0.052000492811203	-0.3858097195625305	-0.14086346328258514	0.02514771930873394	0.44052234292030334	-0.25417840480804443	-0.16823172569274902	-0.14447875320911407	0.15543855726718903	0.13024020195007324	0.3413541316986084	0.27333635091781616	0.4737350344657898	0.4187416434288025	0.49780672788619995	0.26935288310050964	-0.16541510820388794	-0.46598491072654724	-0.31298545002937317	-0.13900229334831238	-0.00034358803532086313	0.3208681046962738
lAMY-rh	0.008953888900578022	-0.027459312230348587	-0.31486907601356506	-0.1509249061346054	0.279859721660614	0.25202128291130066	-0.04717707633972168	-0.13108888268470764	0.10230395942926407	0.08116791397333145	0.13323603570461273	0.39909589290618896	0.20796698331832886	0.17767643928527832	-0.09735339879989624	0.03192279487848282	0.15003490447998047	0.09422151744365692	1.0	0.24428395926952362	0.30467933416366577	-0.03461508825421333	0.002856950741261244	0.19841155409812927	0.03140843287110329	0.017652923241257668	0.07524599134922028	-0.17400985956192017	-0.2446577399969101	0.10620807856321335	-0.006811434868723154	0.11513745039701462	-0.30461376905441284	-0.23310165107250214	0.1876274198293686	0.16442827880382538	0.10516513884067535	0.15731827914714813	0.11278361827135086	0.02948003076016903	0.11473788321018219	0.034808021038770676	-0.04283636435866356	0.4192669987678528	-0.04697846248745918	0.15603214502334595	-0.10724607855081558	0.02918180264532566	-0.3147180676460266	0.021020960062742233
mAMY-rh	0.11670126765966415	0.0201816838234663	-0.09473526477813721	-0.026810096576809883	0.07318615168333054	0.07047059386968613	-0.06702931970357895	0.0863640159368515	0.07815651595592499	-0.058795299381017685	0.33830055594444275	0.16054169833660126	0.008366232737898827	-0.00998228881508112	0.16863910853862762	0.08454946428537369	-0.11555172502994537	-0.05949069932103157	0.24428395926952362	1.0	0.29638242721557617	0.3300825357437134	0.30082350969314575	-0.20425814390182495	-0.2530326545238495	-0.042706605046987534	0.17284159362316132	-0.04414192587137222	-0.07870928943157196	-0.0006978724268265069	0.19681255519390106	0.1440192312002182	-0.2512098550796509	0.26483845710754395	0.1979859471321106	-0.09027919173240662	-0.07818563282489777	0.18131425976753235	-0.09459392726421356	0.10235636681318283	-0.13544663786888123	0.0739508718252182	0.1790921837091446	0.42007675766944885	0.4698377549648285	0.15540166199207306	-0.0024979915469884872	0.05197826772928238	-0.21277017891407013	0.07135053724050522
THA-DP-rh	0.41301611065864563	0.08561684936285019	-0.04145480692386627	0.08767784386873245	0.10517039895057678	-0.013997206464409828	-0.1821715384721756	0.08447426557540894	0.24022260308265686	-0.035543814301490784	0.061886128038167953	0.1444375365972519	-0.1934371143579483	-0.11739347130060196	0.07505566626787186	-0.08869525790214539	-0.016291631385684013	0.042978718876838684	0.30467933416366577	0.29638242721557617	1.0	0.10654295980930328	-0.013203111477196217	-0.16524437069892883	0.0935022309422493	0.07675912976264954	0.04739920422434807	0.18699495494365692	0.032842785120010376	0.14278511703014374	-0.2422969788312912	-0.08988288789987564	-0.24201565980911255	-0.0669335424900055	-0.15449362993240356	-0.1583038866519928	-0.22659283876419067	-0.21601703763008118	-0.19375932216644287	0.008682690560817719	0.15385942161083221	0.1239369735121727	-0.07226894050836563	0.07748971879482269	9.66015286394395e-05	0.3358285129070282	-0.2585994005203247	-0.14797431230545044	-0.46111705899238586	-0.14899638295173645
NAc-shell-rh	0.16516560316085815	0.26859116554260254	0.3277435600757599	0.19064943492412567	0.1254597008228302	0.25430479645729065	-0.0014214740367606282	0.11278440803289413	0.28321215510368347	-0.041448626667261124	0.32865405082702637	0.0067352247424423695	-0.21111176908016205	-0.15732373297214508	0.3343743085861206	0.24711616337299347	0.0053620836697518826	-0.11598604917526245	-0.03461508825421333	0.3300825357437134	0.10654295980930328	1.0	0.30331265926361084	-0.10007883608341217	-0.001137872226536274	0.2506345212459564	0.4888671934604645	0.28951525688171387	0.0975293517112732	0.23875048756599426	0.027879633009433746	0.1419685035943985	0.18844717741012573	0.3600359261035919	0.20082257688045502	0.3258170187473297	0.1912420094013214	-0.2600255012512207	-0.303223192691803	0.16864223778247833	0.10126139968633652	0.22219011187553406	0.11561821401119232	0.003773616161197424	0.23360517621040344	-0.14050835371017456	0.31723833084106445	0.2527192533016205	-0.17197586596012115	0.04012387990951538
NAc-core-rh	-0.037632331252098083	0.1734720915555954	-0.12694567441940308	0.01934274286031723	-0.022888032719492912	0.04443434998393059	-0.00846624281257391	0.010659314692020416	0.013470384292304516	-0.029927808791399002	0.4906347095966339	0.15300796926021576	-0.24945472180843353	-0.1643335223197937	0.5215862989425659	0.3704460561275482	0.2029312252998352	-0.0991419106721878	0.002856950741261244	0.30082350969314575	-0.013203111477196217	0.30331265926361084	1.0	-0.30035844445228577	-0.20000100135803223	-0.13447842001914978	0.10229888558387756	-0.09431935101747513	-0.2520877718925476	0.21111266314983368	-0.025921683758497238	0.08911313116550446	-0.05342789739370346	0.14845100045204163	0.3723471164703369	0.2673877477645874	0.12873736023902893	-0.08660067617893219	-0.1257147490978241	0.45492514967918396	0.1058436781167984	0.2326221764087677	0.20387011766433716	0.13841626048088074	0.20077280700206757	-0.11257026344537735	0.2510187327861786	0.5268663167953491	-0.0859382301568985	0.21657784283161163
pGP-rh	-0.12727810442447662	-0.23228728771209717	-0.00405483553186059	0.0804036408662796	-0.23762372136116028	0.1966857761144638	0.1607055515050888	-0.06787554919719696	0.07445074617862701	0.3643725514411926	-0.16011083126068115	0.11422096937894821	0.48278573155403137	0.39614978432655334	-0.40135428309440613	-0.15731516480445862	-0.21214812994003296	-0.056064311414957047	0.19841155409812927	-0.20425814390182495	-0.16524437069892883	-0.10007883608341217	-0.30035844445228577	1.0	0.4369705319404602	0.13308016955852509	-0.0179205983877182	-0.2503792941570282	0.1499646008014679	-0.07837367802858353	0.29395076632499695	0.028768112882971764	-0.031993307173252106	-0.23870554566383362	0.08696538209915161	0.10345613211393356	-0.12764447927474976	0.30277273058891296	-0.026803072541952133	-0.16373389959335327	-0.16901521384716034	-0.4115562438964844	-0.3070598542690277	0.05724325776100159	0.04504914954304695	0.1709703803062439	0.25703802704811096	-0.0656445175409317	0.10994575917720795	-0.20126622915267944
aGP-rh	0.14049682021141052	-0.012370742857456207	-0.08691305667161942	0.10629946738481522	0.04990336671471596	0.034483518451452255	0.1293228417634964	0.22878362238407135	0.061437614262104034	0.29686853289604187	-0.018548741936683655	0.3641526997089386	0.41624048352241516	0.42725324630737305	-0.08225914090871811	-0.18365788459777832	0.014435193501412868	0.13889096677303314	0.03140843287110329	-0.2530326545238495	0.0935022309422493	-0.001137872226536274	-0.20000100135803223	0.4369705319404602	1.0	0.16200661659240723	0.15847232937812805	-0.16713425517082214	-0.12872323393821716	0.10111335664987564	-0.13669425249099731	-0.030803555622696877	0.05506104230880737	-0.29866424202919006	0.01684563048183918	0.04785965383052826	0.08403649926185608	0.13072186708450317	0.3523736596107483	-0.004093958996236324	-0.04576078802347183	-0.020810876041650772	-0.19240660965442657	-0.027234993875026703	-0.17077119648456573	-0.006263135466724634	0.10150058567523956	-0.08989352732896805	-0.014013533480465412	0.017575150355696678
HIP-head-m-lh	0.42974957823753357	0.4079778492450714	0.3839920461177826	0.4683496356010437	-0.014203683473169804	0.21607956290245056	0.1216493546962738	0.004112202674150467	0.14213567972183228	0.18369364738464355	-0.116209477186203	-0.052259691059589386	0.03371240571141243	-0.030642228201031685	-0.0015126783400774002	-0.14791537821292877	-0.06848494708538055	-0.12132909893989563	0.017652923241257668	-0.042706605046987534	0.07675912976264954	0.2506345212459564	-0.13447842001914978	0.13308016955852509	0.16200661659240723	1.0	0.4876105785369873	0.4432516098022461	0.3328317701816559	0.19665677845478058	0.05242141708731651	-0.02622700296342373	0.1889640986919403	0.2337140291929245	0.21710728108882904	-0.0166741032153368	-0.05803215876221657	0.17999248206615448	-0.006215381436049938	0.04134870320558548	0.13283605873584747	0.11394606530666351	0.09842775762081146	0.30110451579093933	0.1703905165195465	0.10286030173301697	0.2490466833114624	0.04440530389547348	0.06632627546787262	-0.1541537344455719
HIP-head-l-l	0.4187438189983368	0.6202031373977661	0.4325989782810211	0.18844197690486908	0.21588803827762604	0.2445797175168991	-0.1729671061038971	-0.19552312791347504	-0.028188325464725494	0.07753339409828186	0.07423615455627441	0.07073846459388733	0.014983699657022953	0.014383742585778236	0.053280506283044815	-0.14286962151527405	-0.048196256160736084	-0.12190421670675278	0.07524599134922028	0.17284159362316132	0.04739920422434807	0.4888671934604645	0.10229888558387756	-0.0179205983877182	0.15847232937812805	0.4876105785369873	1.0	0.40230077505111694	0.22310584783554077	0.2018524408340454	0.06448297947645187	-0.04951439052820206	0.0535215362906456	-0.06238999590277672	0.0074149672873318195	0.10102840512990952	0.18048381805419922	-0.0728268176317215	-0.07539037615060806	0.15468156337738037	-0.0763656347990036	-0.03443051129579544	0.01643640734255314	0.245167076587677	0.18007169663906097	0.0008904480491764843	0.42798498272895813	0.27062246203422546	-0.27381807565689087	-0.06028005853295326
HIP-body-l	0.4300609529018402	0.4077741801738739	0.6454059481620789	0.22678610682487488	0.038537006825208664	-0.03329000249505043	-0.16022415459156036	-0.035543400794267654	-0.06353802978992462	-0.2402200698852539	-0.2316894680261612	-0.3458886444568634	-0.36810579895973206	-0.36255112290382385	0.034225329756736755	0.10172341763973236	0.012801922857761383	0.09417980164289474	-0.17400985956192017	-0.04414192587137222	0.18699495494365692	0.28951525688171387	-0.09431935101747513	-0.2503792941570282	-0.16713425517082214	0.4432516098022461	0.40230077505111694	1.0	0.40013906359672546	-0.008180989883840084	-0.21773622930049896	-0.05930919945240021	0.16227348148822784	0.1539512574672699	-0.2623870372772217	-0.23638103902339935	-0.08457372337579727	-0.25114548206329346	-0.24414782226085663	0.07324160635471344	0.23392274975776672	0.08997449278831482	0.22255709767341614	0.016486596316099167	0.04724619910120964	-0.024116992950439453	0.19978336989879608	-0.03388024494051933	-0.003027601633220911	0.011451252736151218
HIP-tail-lh	0.10294404625892639	0.08607226610183716	0.6021153330802917	0.5992949604988098	-0.3382453918457031	-0.03601932153105736	-0.012115675024688244	-0.18265248835086823	0.18006394803524017	0.23617251217365265	-0.15683501958847046	-0.09943759441375732	-0.021717345342040062	-0.011094367131590843	-0.3362247049808502	-0.20976519584655762	-0.314681738615036	-0.052000492811203	-0.2446577399969101	-0.07870928943157196	0.032842785120010376	0.0975293517112732	-0.2520877718925476	0.1499646008014679	-0.12872323393821716	0.3328317701816559	0.22310584783554077	0.40013906359672546	1.0	-0.26351338624954224	0.09625458717346191	0.019182071089744568	0.11964412033557892	-0.03203554451465607	-0.08699844032526016	-0.036836713552474976	-0.0764375776052475	-0.17318324744701385	-0.23046855628490448	-0.07065185159444809	-0.07674477249383926	-0.24872352182865143	-0.07640411704778671	0.1525454968214035	0.06945904344320297	-0.011122148483991623	0.2211918830871582	-0.010336210951209068	0.21613584458827972	-0.25279501080513
THA-VPm-lh	0.30651065707206726	0.4318554401397705	-0.16450442373752594	0.13126616179943085	0.31411224603652954	0.30405476689338684	0.21903425455093384	-0.13320471346378326	0.1743590533733368	0.05668152496218681	-0.03515984117984772	-0.006107327062636614	-0.1011960357427597	-0.21643604338169098	0.22193898260593414	-0.19295090436935425	-0.20348253846168518	-0.3858097195625305	0.10620807856321335	-0.0006978724268265069	0.14278511703014374	0.23875048756599426	0.21111266314983368	-0.07837367802858353	0.10111335664987564	0.19665677845478058	0.2018524408340454	-0.008180989883840084	-0.26351338624954224	1.0	0.06657736003398895	-0.01855478622019291	-0.11944395303726196	0.15174144506454468	0.1528879553079605	0.36678585410118103	-0.10295739024877548	-0.17112110555171967	-0.1785993129014969	0.08591746538877487	-0.06861148029565811	0.0011201424058526754	-0.03370220586657524	-0.13103087246418	-0.017661547288298607	0.32171934843063354	0.0665055364370346	0.12234077602624893	-0.044985439628362656	-0.07221487909555435
THA-VPl-lh	-0.31825903058052063	-0.0984683409333229	0.11631882190704346	-0.0006751079927198589	-0.17207908630371094	0.23121856153011322	0.13419845700263977	-0.003142494708299637	0.1883242130279541	0.1685785949230194	0.032914549112319946	0.07530520856380463	0.22526578605175018	0.19214805960655212	-0.16712014377117157	-0.11094190925359726	-0.18907536566257477	-0.14086346328258514	-0.006811434868723154	0.19681255519390106	-0.2422969788312912	0.027879633009433746	-0.025921683758497238	0.29395076632499695	-0.13669425249099731	0.05242141708731651	0.06448297947645187	-0.21773622930049896	0.09625458717346191	0.06657736003398895	1.0	0.08517981320619583	0.14793351292610168	0.22285045683383942	0.32200998067855835	0.05984478443861008	-0.1433202475309372	0.39053744077682495	-0.09568005800247192	-0.0015024229651317	-0.3574255108833313	-0.33468571305274963	0.03506992757320404	0.17781133949756622	0.13323140144348145	0.2633037865161896	0.28264981508255005	-0.17634455859661102	0.3003278374671936	0.0080615459010005
THA-VAi-lh	-0.15124572813510895	-0.14867982268333435	-0.02714361995458603	-0.08620427548885345	0.08877367526292801	0.15590891242027283	0.48128750920295715	0.501311719417572	0.20133936405181885	0.06892253458499908	0.07270415872335434	0.12379906326532364	0.08549927175045013	0.10063354671001434	0.21883825957775116	0.32248446345329285	0.062171753495931625	0.02514771930873394	0.11513745039701462	0.1440192312002182	-0.08988288789987564	0.1419685035943985	0.08911313116550446	0.028768112882971764	-0.030803555622696877	-0.02622700296342373	-0.04951439052820206	-0.05930919945240021	0.019182071089744568	-0.01855478622019291	0.08517981320619583	1.0	0.174184188246727	0.31191757321357727	0.4405890703201294	0.2502448260784149	0.12612326443195343	0.17548485100269318	0.2445131242275238	0.20033062994480133	0.108147531747818	0.22239236533641815	-0.07636567950248718	0.1357281506061554	-0.03965219855308533	-0.2579350769519806	0.1072152778506279	0.2523919343948364	0.26486173272132874	0.04287739843130112
THA-VAs-lh	-0.16773585975170135	-0.12221192568540573	0.3696745038032532	-0.14198212325572968	-0.2858160734176636	0.013760658912360668	0.14564166963100433	0.5266906023025513	0.21443980932235718	0.09572899341583252	0.014892213977873325	0.020862720906734467	-0.13748560845851898	0.06772851198911667	0.021302780136466026	0.41497570276260376	0.3544415831565857	0.44052234292030334	-0.30461376905441284	-0.2512098550796509	-0.24201565980911255	0.18844717741012573	-0.05342789739370346	-0.031993307173252106	0.05506104230880737	0.1889640986919403	0.0535215362906456	0.16227348148822784	0.11964412033557892	-0.11944395303726196	0.14793351292610168	0.174184188246727	1.0	0.19207459688186646	0.1790328025817871	0.11839975416660309	0.05220666900277138	-0.018125468865036964	0.1400057077407837	0.3018845021724701	0.46255216002464294	0.5006513595581055	0.47975412011146545	-0.01809604838490486	-0.10029340535402298	-0.3867753744125366	-0.02550755999982357	-0.02644742652773857	0.15750542283058167	0.2527506947517395
THA-DAm-lh	-0.12403655052185059	-0.10697171837091446	0.029494069516658783	0.08601049333810806	0.03614892065525055	0.26868078112602234	0.2916839122772217	0.26292529702186584	0.3395593464374542	0.08001480996608734	-0.10584937781095505	-0.2715614140033722	-0.15409278869628906	-0.3058919906616211	0.3667926490306854	0.1518128365278244	-0.1393575221300125	-0.25417840480804443	-0.23310165107250214	0.26483845710754395	-0.0669335424900055	0.3600359261035919	0.14845100045204163	-0.23870554566383362	-0.29866424202919006	0.2337140291929245	-0.06238999590277672	0.1539512574672699	-0.03203554451465607	0.15174144506454468	0.22285045683383942	0.31191757321357727	0.19207459688186646	1.0	0.3716765344142914	-0.003561638994142413	-0.088942751288414	0.13774800300598145	-0.13272111117839813	0.18014855682849884	0.03848879784345627	0.17986665666103363	0.09541880339384079	-0.005762559361755848	0.3233182430267334	0.1286362111568451	0.1440495103597641	0.06780383735895157	0.3533303439617157	0.1320052295923233
THA-DAl-lh	-0.22336508333683014	0.04636867344379425	-0.13808222115039825	0.08930225670337677	-0.10034151375293732	0.4421731233596802	0.37462112307548523	0.24800297617912292	0.3047771155834198	0.3192257881164551	0.3257097005844116	0.28513282537460327	0.15266400575637817	0.21419352293014526	0.2954525351524353	0.17091438174247742	0.14819204807281494	-0.16823172569274902	0.1876274198293686	0.1979859471321106	-0.15449362993240356	0.20082257688045502	0.3723471164703369	0.08696538209915161	0.01684563048183918	0.21710728108882904	0.0074149672873318195	-0.2623870372772217	-0.08699844032526016	0.1528879553079605	0.32200998067855835	0.4405890703201294	0.1790328025817871	0.3716765344142914	1.0	0.3743036687374115	0.22631429135799408	0.4368806779384613	0.2579490542411804	0.35000690817832947	0.09337904304265976	0.13454848527908325	0.10974796116352081	0.44113314151763916	0.13854248821735382	-0.05408765748143196	0.3390098512172699	0.2633531391620636	0.17704643309116364	0.13339202105998993
PUT-VA-lh	-0.14120714366436005	0.16077256202697754	-0.02649412676692009	0.17020167410373688	0.14375747740268707	0.3465390205383301	0.3681062161922455	0.10513723641633987	0.32768043875694275	0.14473755657672882	0.4286458194255829	0.39818209409713745	0.21667228639125824	0.2420390099287033	0.2006639987230301	0.28742367029190063	0.10073909163475037	-0.14447875320911407	0.16442827880382538	-0.09027919173240662	-0.1583038866519928	0.3258170187473297	0.2673877477645874	0.10345613211393356	0.04785965383052826	-0.0166741032153368	0.10102840512990952	-0.23638103902339935	-0.036836713552474976	0.36678585410118103	0.05984478443861008	0.2502448260784149	0.11839975416660309	-0.003561638994142413	0.3743036687374115	1.0	0.47142982482910156	-0.06888511776924133	0.10599490255117416	0.31627535820007324	0.16309316456317902	0.07762327045202255	-0.10146094113588333	-0.07671833783388138	-0.2539512813091278	-0.2146279364824295	0.1624113917350769	0.3641856610774994	-0.11434061080217361	0.1323516070842743
PUT-DA-l	-0.06424042582511902	0.30857762694358826	-0.043825823813676834	0.044087138026952744	-0.015781400725245476	0.09416690468788147	0.08266895264387131	0.10185953229665756	-0.10563534498214722	-0.03841559216380119	0.5395336747169495	0.5190684795379639	0.09891132265329361	0.31814831495285034	0.16276146471500397	0.2374269813299179	0.33015137910842896	0.15543855726718903	0.10516513884067535	-0.07818563282489777	-0.22659283876419067	0.1912420094013214	0.12873736023902893	-0.12764447927474976	0.08403649926185608	-0.05803215876221657	0.18048381805419922	-0.08457372337579727	-0.0764375776052475	-0.10295739024877548	-0.1433202475309372	0.12612326443195343	0.05220666900277138	-0.088942751288414	0.22631429135799408	0.47142982482910156	1.0	0.011438782326877117	0.4018142521381378	0.25314003229141235	0.1870943307876587	0.2320236712694168	0.13293582201004028	0.20892725884914398	-0.21967151761054993	-0.5073087811470032	0.13702340424060822	0.24022433161735535	-0.15363658964633942	0.020497644320130348
PUT-VP-lh	-0.3307117521762848	-0.22291015088558197	-0.16204185783863068	-0.17074909806251526	0.05532943084836006	0.15053142607212067	0.3748614490032196	0.1463380604982376	-3.442375600570813e-05	0.2722988426685333	0.12443430721759796	0.18190689384937286	0.6681547164916992	0.6167232394218445	-0.04034171625971794	-0.04267673194408417	0.2530326545238495	0.13024020195007324	0.15731827914714813	0.18131425976753235	-0.21601703763008118	-0.2600255012512207	-0.08660067617893219	0.30277273058891296	0.13072186708450317	0.17999248206615448	-0.0728268176317215	-0.25114548206329346	-0.17318324744701385	-0.17112110555171967	0.39053744077682495	0.17548485100269318	-0.018125468865036964	0.13774800300598145	0.4368806779384613	-0.06888511776924133	0.011438782326877117	1.0	0.521253228187561	0.051236677914857864	-0.250062495470047	-0.09573172777891159	0.07974239438772202	0.4727625846862793	-0.043608371168375015	0.07404552400112152	0.14814813435077667	-0.17214763164520264	0.24110166728496552	0.17700573801994324
PUT-DP-lh	-0.2848871052265167	-0.15643490850925446	-0.15324166417121887	-0.25767767429351807	0.13391192257404327	0.027549194172024727	0.2691020369529724	0.27422210574150085	-0.03407957777380943	0.30073466897010803	0.12801070511341095	0.4490582048892975	0.5352136492729187	0.6431137323379517	-0.018194932490587234	0.05302004516124725	0.48033407330513	0.3413541316986084	0.11278361827135086	-0.09459392726421356	-0.19375932216644287	-0.303223192691803	-0.1257147490978241	-0.026803072541952133	0.3523736596107483	-0.006215381436049938	-0.07539037615060806	-0.24414782226085663	-0.23046855628490448	-0.1785993129014969	-0.09568005800247192	0.2445131242275238	0.1400057077407837	-0.13272111117839813	0.2579490542411804	0.10599490255117416	0.4018142521381378	0.521253228187561	1.0	0.28851571679115295	0.09544333070516586	0.28517478704452515	0.15661121904850006	0.28323253989219666	-0.3075152337551117	-0.2898024022579193	-0.1154385507106781	0.03588329628109932	0.10020437091588974	0.2822906970977783
