Node	DMN_LABEL_1	Vis_LABEL_2	FP_LABEL_3	Aud_LABEL_4	Tpole_LABEL_5	PMN_LABEL_6	PON_LABEL_7	MTL_LABEL_8	PON_LABEL_9	CO_LABEL_10	Sal_LABEL_11	CO_LABEL_12	SMd_LABEL_13	SMl_LABEL_14	DAN_LABEL_15	DMN_LABEL_16	CO_LABEL_17	DMN_LABEL_18	VAN_LABEL_19	CO_LABEL_20	CO_LABEL_21	Sal_LABEL_22	DAN_LABEL_23	PMN_LABEL_24	DAN_LABEL_25	DMN_LABEL_26	DMN_LABEL_27	DMN_LABEL_28	Vis_LABEL_29	FP_LABEL_30	Aud_LABEL_31	Tpole_LABEL_32	PMN_LABEL_33	PON_LABEL_34	MTL_LABEL_35	CO_LABEL_36	Sal_LABEL_37	CO_LABEL_38	SMd_LABEL_39	SMl_LABEL_40	DAN_LABEL_41	CO_LABEL_42	VAN_LABEL_43	CO_LABEL_44	CO_LABEL_45	Sal_LABEL_46	DAN_LABEL_47	PMN_LABEL_48	DAN_LABEL_49	DMN_LABEL_50	FP_LABEL_51	DMN_LABEL_52	DMN_LABEL_53	PON_LABEL_54	DMN_LABEL_55	Tpole_LABEL_56	Tpole_LABEL_57	Sal_LABEL_58	Sal_LABEL_59	SMd_LABEL_60	DAN_LABEL_61	FP_LABEL_62	DMN_LABEL_63	FP_LABEL_64	FP_LABEL_65	SMd_LABEL_66	SMl_LABEL_67	SMd_LABEL_68	DMN_LABEL_69	DAN_LABEL_70	DMN_LABEL_71	FP_LABEL_72	SMd_LABEL_73	SMl_LABEL_74	MTL_LABEL_75	MTL_LABEL_76	CO_LABEL_77	CO_LABEL_78	Vis_LABEL_79	Vis_LABEL_80
DMN_LABEL_1	1.0	-0.3555326759815216	-0.363145649433136	-0.23164087533950806	0.3280499577522278	0.23097702860832214	0.3676891028881073	n/a	-0.09881461411714554	-0.21287839114665985	-0.0735286995768547	-0.0909065455198288	0.12835079431533813	0.09846490621566772	-0.35064977407455444	0.7599902153015137	-0.6306979656219482	0.5591661930084229	0.2242448627948761	-0.4782853126525879	-0.4116656184196472	0.07949550449848175	-0.07645145058631897	-0.1282961070537567	-0.10747071355581284	0.47712358832359314	0.5175571441650391	0.6493536829948425	-0.21218453347682953	0.028485164046287537	-0.3711763322353363	0.27813783288002014	0.17787940800189972	0.11106257140636444	n/a	-0.2126314640045166	0.1982785165309906	-0.1876993626356125	0.021774908527731895	0.05982600152492523	-0.2536555826663971	-0.5145028829574585	-0.010054269805550575	-0.2532479763031006	-0.4032214283943176	-0.08744054287672043	-0.11039374023675919	0.05860746651887894	-0.11347951740026474	0.42077988386154175	-0.03319532424211502	0.5416948199272156	0.4816794693470001	0.05264369025826454	0.6343523859977722	-0.3139481544494629	-0.06447328627109528	-0.11375945806503296	-0.037665676325559616	0.09380169957876205	-0.09223054349422455	0.2903335690498352	0.359393835067749	0.3236134648323059	0.1532672643661499	0.0757254883646965	0.051944997161626816	-0.1776014119386673	0.05595613270998001	-0.025689445436000824	0.3602382242679596	0.10917352885007858	0.0823744684457779	-0.19574280083179474	0.14505556225776672	-0.023602530360221863	-0.09058715403079987	-0.27657562494277954	-0.12534764409065247	0.08914201706647873
Vis_LABEL_2	-0.3555326759815216	1.0	-0.1635972261428833	0.3269983232021332	0.14214910566806793	0.003528057364746928	0.05198056250810623	n/a	0.12662456929683685	0.02197769284248352	0.12317663431167603	-0.19599871337413788	-0.2537233829498291	-0.04845002293586731	0.22850438952445984	-0.5118233561515808	0.3702450096607208	-0.24854494631290436	-0.15719394385814667	0.17366644740104675	0.23743121325969696	-0.2377231866121292	-0.2131490558385849	0.25908005237579346	-0.01511096116155386	-0.3031698167324066	-0.4630880653858185	-0.4876565635204315	0.8992473483085632	-0.2629430592060089	0.2864437401294708	0.06219534948468208	0.08125043660402298	0.15937678515911102	n/a	0.21696864068508148	-0.021645378321409225	0.08320945501327515	0.012491724453866482	0.007672091014683247	0.13252639770507812	0.280527800321579	0.17483152449131012	0.23086616396903992	0.23971982300281525	0.1377793848514557	-0.03269130364060402	0.13868185877799988	0.012356217950582504	-0.41637492179870605	-0.47323817014694214	-0.30224472284317017	-0.21296530961990356	0.005596616305410862	-0.6064298748970032	0.2017005831003189	-0.003973952494561672	0.09538648277521133	-0.09640049934387207	-0.19902972877025604	0.315463662147522	-0.35820379853248596	-0.21504756808280945	-0.4168121814727783	-0.31199517846107483	-0.20059384405612946	-0.24450866878032684	-0.04245084151625633	-0.10000881552696228	0.20945794880390167	-0.3864288628101349	-0.18776606023311615	-0.3595133125782013	0.0053316871635615826	-0.016503598541021347	0.07755167782306671	0.30109408497810364	0.3847067654132843	0.16660147905349731	0.32279983162879944
FP_LABEL_3	-0.363145649433136	-0.1635972261428833	1.0	-0.34907859563827515	-0.43055006861686707	0.12860897183418274	-0.21096189320087433	n/a	0.0909431204199791	-0.1508878767490387	-0.17181411385536194	-0.19038192927837372	-0.1971406489610672	-0.13775452971458435	0.334311842918396	-0.19146014750003815	0.11137291043996811	-0.36226269602775574	-0.20674774050712585	0.20102271437644958	-0.07012466341257095	0.27314645051956177	0.05702723562717438	0.21299418807029724	0.15667803585529327	-0.32359811663627625	-0.30739825963974	-0.13841257989406586	-0.186361625790596	0.5465043783187866	-0.2077440619468689	-0.37411463260650635	0.09334645420312881	-0.14204970002174377	n/a	-0.1590779721736908	-0.007890194654464722	-0.06634896248579025	-0.34828701615333557	-0.07919606566429138	0.47289082407951355	0.04125841334462166	-0.29832810163497925	0.0851670652627945	0.22210240364074707	0.12804096937179565	0.15107859671115875	0.2001311182975769	0.452623575925827	0.037243153899908066	0.6625924110412598	-0.14484752714633942	-0.44781526923179626	0.026069188490509987	-0.22038625180721283	-0.15424130856990814	-0.15912777185440063	-0.07384452223777771	-0.008446735329926014	-0.20213304460048676	-0.07895742356777191	0.38177451491355896	-0.278840571641922	0.19606523215770721	0.1946754902601242	-0.19632570445537567	0.252776175737381	0.04864247888326645	-0.10299812257289886	-0.09333331882953644	-0.044742781668901443	0.32101431488990784	-0.06811390072107315	0.2193039208650589	-0.059045519679784775	-0.0360204242169857	-0.013861340470612049	-0.08235703408718109	0.1184566542506218	-0.0330670066177845
Aud_LABEL_4	-0.23164087533950806	0.3269983232021332	-0.34907859563827515	1.0	0.09166062623262405	-0.3600526750087738	0.015324145555496216	n/a	0.16393370926380157	0.285359263420105	-0.17700710892677307	0.4016393721103668	0.09846761077642441	0.28491294384002686	0.18948376178741455	-0.09580395370721817	0.2957231104373932	0.11552383750677109	-0.10102785378694534	0.07852271944284439	0.22333824634552002	-0.37144508957862854	0.05539063364267349	-0.23758815228939056	0.2403167188167572	0.33525124192237854	0.2872825264930725	-0.1179284080862999	0.3590715527534485	-0.5941196084022522	0.831473708152771	-0.020864736288785934	-0.3117949366569519	0.047522835433483124	n/a	0.27450117468833923	-0.40138617157936096	0.11006445437669754	0.23828992247581482	0.2885633111000061	-0.14458829164505005	0.19080038368701935	-0.1614045351743698	-0.03469099849462509	-0.11580247431993484	-0.2180025726556778	-0.10486221313476562	-0.4460972547531128	-0.15645839273929596	-0.4763467311859131	-0.2881452143192291	-0.10841763019561768	-0.1351730227470398	0.06498879939317703	-0.27408167719841003	0.46413692831993103	0.016810037195682526	0.0952354148030281	-0.09270238876342773	0.16437451541423798	-0.143779918551445	-0.3583437204360962	-0.11411057412624359	-0.3424954414367676	-0.2598766088485718	0.14765308797359467	-0.08381599932909012	-0.09379778802394867	0.06280027329921722	0.31731101870536804	0.006227629724889994	-0.506013035774231	0.05349961668252945	0.15061795711517334	-0.01979142799973488	0.08446763455867767	-0.10155508667230606	0.16795024275779724	0.030860869213938713	0.20304930210113525
Tpole_LABEL_5	0.3280499577522278	0.14214910566806793	-0.43055006861686707	0.09166062623262405	1.0	-0.49287149310112	0.07986821234226227	n/a	-0.009908285923302174	-0.4892432689666748	-0.11605901271104813	-0.2911904454231262	0.20340730249881744	0.17895229160785675	0.120247982442379	0.3713200092315674	-0.5084466338157654	0.6409021615982056	0.5901199579238892	-0.4775981903076172	-0.4380892217159271	-0.07090501487255096	0.3074711561203003	-0.4131111800670624	0.27693524956703186	0.08753752708435059	0.14202970266342163	0.3077601492404938	0.2772361636161804	-0.33177849650382996	-0.16369511187076569	0.29705262184143066	-0.4224183261394501	0.005663064308464527	n/a	-0.4153025150299072	-0.16576412320137024	-0.28874319791793823	0.021015848964452744	0.20098355412483215	0.03377300500869751	-0.5884877443313599	0.4856908619403839	-0.5221509337425232	-0.4949556589126587	-0.03396023437380791	0.3454512655735016	-0.2978944182395935	-0.05997570976614952	0.37948405742645264	-0.3745356500148773	0.2703593671321869	0.5398100018501282	0.01765349507331848	0.15728361904621124	0.021120471879839897	0.3003801107406616	0.11598235368728638	0.1501164734363556	0.04536060988903046	0.2020341008901596	0.05792441964149475	0.20202341675758362	0.22653262317180634	0.3215826749801636	-0.2107105702161789	-0.29894503951072693	-0.12702630460262299	-0.017927339300513268	0.37308722734451294	0.2082848846912384	-0.18596869707107544	0.162139892578125	-0.24004970490932465	-0.0293789841234684	-0.044001467525959015	0.08286207914352417	0.01939169503748417	0.05326966941356659	0.33715131878852844
PMN_LABEL_6	0.23097702860832214	0.003528057364746928	0.12860897183418274	-0.3600526750087738	-0.49287149310112	1.0	0.3948182463645935	n/a	0.09999771416187286	0.40792182087898254	0.44594353437423706	0.0744905099272728	-0.5248635411262512	-0.25168025493621826	-0.4786718189716339	-0.11384562402963638	0.1942678987979889	-0.37014251947402954	-0.5099226236343384	0.15423280000686646	0.2786839008331299	0.13459430634975433	-0.5104672312736511	0.7820484042167664	-0.5097843408584595	0.0487322174012661	-0.1432068943977356	-0.14142835140228271	-0.17493706941604614	0.39949387311935425	-0.1433142125606537	0.07913625985383987	0.8898767232894897	0.3349340260028839	n/a	0.3728470206260681	0.5923305153846741	0.3054470717906952	0.001564368954859674	-0.2972157597541809	-0.18272057175636292	0.318268746137619	-0.244912251830101	0.5628333687782288	0.4016633629798889	0.20542889833450317	-0.32225361466407776	0.7955523729324341	-0.0934857428073883	-0.11398894339799881	0.09271730482578278	-0.08358197659254074	-0.15134109556674957	0.009791824966669083	0.05790416896343231	-0.28833669424057007	-0.2578340768814087	-0.14998646080493927	-0.27097493410110474	-0.02020544931292534	0.0199551060795784	0.05889791250228882	-0.1552659124135971	-0.1900734156370163	-0.2797620892524719	0.0809178501367569	0.14741070568561554	-0.18125750124454498	0.05111204832792282	-0.41480422019958496	-0.3555058538913727	0.24396756291389465	-0.5156483054161072	0.047093939036130905	0.15875788033008575	0.06323597580194473	0.03361761197447777	-0.003938700072467327	0.04489222913980484	-0.22598402202129364
PON_LABEL_7	0.3676891028881073	0.05198056250810623	-0.21096189320087433	0.015324145555496216	0.07986821234226227	0.3948182463645935	1.0	n/a	0.5132282972335815	0.015687882900238037	0.2870243489742279	-0.037299856543540955	-0.21941222250461578	-0.007754282560199499	-0.31468579173088074	0.33387842774391174	-0.31764739751815796	0.06967944651842117	-0.15910515189170837	-0.36413609981536865	-0.27611467242240906	-0.22196649014949799	-0.055040035396814346	0.35428813099861145	-0.1865881383419037	0.46554234623908997	0.14625029265880585	0.19740736484527588	-0.03532910346984863	0.09520324319601059	-0.0027113142423331738	0.42408287525177	0.31189560890197754	0.9134263396263123	n/a	0.023355849087238312	0.1693936586380005	0.048204801976680756	0.1515658050775528	-0.0998658686876297	-0.21423329412937164	-0.26920750737190247	-0.10110887885093689	-0.04089604318141937	-0.2719607949256897	-0.1636473536491394	0.06037694215774536	0.35217007994651794	-0.07530778646469116	0.2575400471687317	-0.09920143336057663	0.2936045229434967	0.25446397066116333	0.36590084433555603	0.3032318949699402	-0.12543028593063354	-0.009001493453979492	-0.08684414625167847	-0.4671207368373871	0.20830115675926208	0.2637996971607208	0.11671534925699234	-0.2743684649467468	-0.0642482116818428	-0.21731036901474	0.07745390385389328	-0.31266024708747864	-0.1680283397436142	-0.07953199744224548	0.03877679631114006	-0.08877503126859665	-0.3342476785182953	-0.40690580010414124	-0.3750305473804474	0.30843138694763184	0.18112580478191376	-0.22412775456905365	-0.33166688680648804	-0.05415181443095207	0.18982289731502533
MTL_LABEL_8	n/a	n/a	n/a	n/a	n/a	n/a	n/a	1.0	n/a	n/a	n/a	n/a	n/a	n/a	n/a	n/a	n/a	n/a	n/a	n/a	n/a	n/a	n/a	n/a	n/a	n/a	n/a	n/a	n/a	n/a	n/a	n/a	n/a	n/a	n/a	n/a	n/a	n/a	n/a	n/a	n/a	n/a	n/a	n/a	n/a	n/a	n/a	n/a	n/a	n/a	n/a	n/a	n/a	n/a	n/a	n/a	n/a	n/a	n/a	n/a	n/a	n/a	n/a	n/a	n/a	n/a	n/a	n/a	n/a	n/a	n/a	n/a	n/a	n/a	n/a	n/a	n/a	n/a	n/a	n/a
PON_LABEL_9	-0.09881461411714554	0.12662456929683685	0.0909431204199791	0.16393370926380157	-0.009908285923302174	0.09999771416187286	0.5132282972335815	n/a	1.0	0.13095134496688843	0.2949890196323395	0.1893945038318634	-0.21535824239253998	-0.15042324364185333	0.2503777742385864	-0.025752054527401924	0.012222166173160076	-0.08668718487024307	-0.08210881054401398	-0.12634098529815674	-0.12465459853410721	-0.1472662389278412	0.32212886214256287	0.2933599650859833	0.14707958698272705	0.1875733584165573	-0.11304717510938644	-0.1818934828042984	-0.034609757363796234	-0.14533047378063202	0.2788943946361542	0.18424218893051147	0.00890717189759016	0.5197305083274841	n/a	0.05686584860086441	0.004358130041509867	0.29191476106643677	0.20593854784965515	-0.18137390911579132	0.02190982922911644	-0.005709501449018717	-0.03513585031032562	0.034548837691545486	-0.11820440739393234	-0.13414734601974487	0.4061615765094757	0.12822061777114868	0.1318299025297165	0.024051137268543243	-0.12875205278396606	-0.035773035138845444	0.04036297649145126	0.353511780500412	-0.12330316752195358	0.1173752173781395	0.20401926338672638	0.07206087559461594	-0.2550632059574127	0.15402954816818237	0.1594507098197937	0.2106459140777588	-0.37898731231689453	-0.11452629417181015	-0.11743541061878204	0.02542256936430931	-0.23394522070884705	-0.2090190052986145	-0.14159047603607178	0.22592611610889435	-0.21461834013462067	-0.2095911055803299	-0.40279480814933777	-0.15976084768772125	0.12524805963039398	0.07197318971157074	-0.29490911960601807	-0.04837343841791153	0.16636842489242554	0.1841944456100464
CO_LABEL_10	-0.21287839114665985	0.02197769284248352	-0.1508878767490387	0.285359263420105	-0.4892432689666748	0.40792182087898254	0.015687882900238037	n/a	0.13095134496688843	1.0	0.3658628761768341	0.6003804206848145	-0.28621137142181396	0.06744398921728134	-0.20565995573997498	-0.36064478754997253	0.7206277251243591	-0.2756538987159729	-0.3902582824230194	0.4881916344165802	0.7865182161331177	-0.04410693421959877	-0.23611567914485931	0.32189399003982544	-0.36286869645118713	0.14852286875247955	0.06445655226707458	-0.3826291859149933	-0.13371077179908752	-0.2228161245584488	0.5015047788619995	-0.05147101357579231	0.42766454815864563	0.04358682408928871	n/a	0.863359808921814	0.258050799369812	0.6930023431777954	0.20308911800384521	-0.04822618514299393	-0.3589775562286377	0.7101237177848816	-0.2211657464504242	0.5138328075408936	0.5973586440086365	-0.04245290160179138	-0.3078326880931854	0.17637144029140472	-0.3995783030986786	-0.6199076771736145	-0.18747854232788086	-0.5111704468727112	-0.49007147550582886	-0.16233347356319427	-0.2820921242237091	0.24834461510181427	-0.2293473482131958	0.006505744066089392	-0.12282753735780716	0.19088928401470184	-0.09393985569477081	-0.3389923870563507	-0.11123988777399063	-0.4436502158641815	-0.42056557536125183	0.44611504673957825	0.37427064776420593	-0.04845615476369858	0.20173582434654236	-0.3144049346446991	-0.29256027936935425	0.07121485471725464	-0.3065517544746399	0.3507995903491974	0.10515867173671722	0.18067190051078796	0.02777968719601631	0.22260139882564545	0.08376772701740265	-0.3464010953903198
Sal_LABEL_11	-0.0735286995768547	0.12317663431167603	-0.17181411385536194	-0.17700710892677307	-0.11605901271104813	0.44594353437423706	0.2870243489742279	n/a	0.2949890196323395	0.3658628761768341	1.0	0.1526423692703247	-0.5031346082687378	-0.4060983657836914	-0.21788464486598969	-0.28476569056510925	0.2730044722557068	-0.23135189712047577	-0.09052072465419769	0.03150486573576927	0.4465647041797638	0.2795947194099426	-0.23306380212306976	0.5051620006561279	-0.5996478199958801	-0.034176573157310486	-0.26931649446487427	-0.3952907621860504	-0.14409592747688293	0.06456030905246735	-0.07610607147216797	0.059262245893478394	0.413648784160614	0.2683853507041931	n/a	0.4029650092124939	0.7258923649787903	0.4073779284954071	-0.08531945943832397	-0.38249337673187256	-0.293450266122818	0.3937300443649292	0.24215400218963623	0.3305567800998688	0.375476598739624	0.30589187145233154	-0.16025663912296295	0.43162474036216736	-0.42516493797302246	-0.00717152189463377	-0.2975549101829529	-0.14518797397613525	0.06542043387889862	-0.15292170643806458	-0.10354569554328918	-0.022849341854453087	0.050549425184726715	0.3652392029762268	0.06672254949808121	-0.12481052428483963	0.28971561789512634	-0.2522316575050354	-0.18332096934318542	-0.00040002059540711343	-0.2823437750339508	-0.16038450598716736	-0.2915739417076111	-0.21083413064479828	0.2052219659090042	-0.22162926197052002	-0.289472758769989	0.12377310544252396	-0.5435357093811035	-0.24895918369293213	0.1907656192779541	0.12330437451601028	0.152670755982399	0.12998008728027344	0.0702143982052803	-0.09018809348344803
CO_LABEL_12	-0.0909065455198288	-0.19599871337413788	-0.19038192927837372	0.4016393721103668	-0.2911904454231262	0.0744905099272728	-0.037299856543540955	n/a	0.1893945038318634	0.6003804206848145	0.1526423692703247	1.0	-0.05048046633601189	-0.13711106777191162	-0.03169235214591026	-0.08281605690717697	0.46423670649528503	-0.06910113245248795	-0.36837896704673767	0.053223881870508194	0.4288657009601593	-0.3581930696964264	0.0018832115456461906	-0.021293407306075096	-0.13135091960430145	0.30870145559310913	0.23640266060829163	-0.1681734174489975	-0.3306518495082855	-0.17450286448001862	0.5753993391990662	-0.15872471034526825	0.005055056419223547	-0.06365814059972763	n/a	0.44721850752830505	-0.014188874512910843	0.5625731945037842	0.3114427328109741	-0.19204051792621613	-0.31041452288627625	0.397828608751297	-0.32849276065826416	0.23442424833774567	0.13684430718421936	-0.2869671881198883	-0.07063772529363632	-0.10516517609357834	-0.37904801964759827	-0.2626529335975647	-0.16844570636749268	-0.015359657816588879	0.031771086156368256	-0.1411406248807907	0.1373743712902069	0.09506630152463913	-0.2507181465625763	-0.07630494236946106	-0.21227632462978363	0.053808193653821945	-0.14043815433979034	-0.26064494252204895	-0.15826044976711273	-0.2652749717235565	-0.3796583414077759	0.3270997703075409	0.040889814496040344	-0.308881938457489	0.07404463738203049	-0.14979694783687592	-0.19460289180278778	0.06972400099039078	-0.19925686717033386	0.019285472109913826	-0.020401619374752045	0.11709335446357727	-0.1639845073223114	-0.04358455538749695	-0.03421660140156746	-0.09485355764627457
SMd_LABEL_13	0.12835079431533813	-0.2537233829498291	-0.1971406489610672	0.09846761077642441	0.20340730249881744	-0.5248635411262512	-0.21941222250461578	n/a	-0.21535824239253998	-0.28621137142181396	-0.5031346082687378	-0.05048046633601189	1.0	0.16116274893283844	0.21433576941490173	0.15601031482219696	-0.32947826385498047	0.1282949000597	0.28535646200180054	-0.20937620103359222	-0.3816613256931305	-0.17675469815731049	0.4746580123901367	-0.5650280714035034	0.46207255125045776	0.01628902368247509	0.18875080347061157	0.10736259073019028	-0.048546724021434784	-0.3333580195903778	0.04387388378381729	0.20024582743644714	-0.48202845454216003	-0.18826089799404144	n/a	-0.392239511013031	-0.5893045663833618	-0.28956741094589233	0.45780253410339355	0.09597600996494293	0.1111828163266182	-0.33357101678848267	0.06559530645608902	-0.3379662036895752	-0.48170697689056396	-0.39996370673179626	0.2623348832130432	-0.5080065727233887	0.29966485500335693	0.1279442459344864	0.03045867756009102	0.18234992027282715	0.07077541947364807	0.09803330153226852	0.19314360618591309	0.04546137899160385	0.3065239489078522	-0.03881958872079849	0.14992883801460266	0.26816046237945557	-0.24451352655887604	0.19004026055335999	0.24672837555408478	0.07412467896938324	0.15107791125774384	0.3199671804904938	0.04711649939417839	0.4633082151412964	-0.03733562305569649	0.08597797155380249	0.33697569370269775	-0.13405612111091614	0.6627606749534607	-0.07715953886508942	-0.09217808395624161	-0.04285590723156929	-0.3169753849506378	-0.049339793622493744	-0.27161669731140137	-0.031920045614242554
SMl_LABEL_14	0.09846490621566772	-0.04845002293586731	-0.13775452971458435	0.28491294384002686	0.17895229160785675	-0.25168025493621826	-0.007754282560199499	n/a	-0.15042324364185333	0.06744398921728134	-0.4060983657836914	-0.13711106777191162	0.16116274893283844	1.0	-0.12555527687072754	0.23690985143184662	-0.134938046336174	0.31015169620513916	0.12151701748371124	0.0783136859536171	-0.12994858622550964	-0.08520892262458801	0.06102035194635391	-0.37836331129074097	0.1968265324831009	0.15332317352294922	0.4572410583496094	0.2702890932559967	0.08701823651790619	-0.2164929360151291	0.24953410029411316	0.20027296245098114	-0.16782179474830627	-0.04289030283689499	n/a	-0.05984421446919441	-0.30342549085617065	-0.258511483669281	-0.07973731309175491	0.9474455118179321	-0.13479241728782654	-0.29478150606155396	-0.09953831136226654	-0.4291982352733612	-0.2519982159137726	-0.126028910279274	-0.1035788282752037	-0.33082786202430725	0.04941415414214134	-0.06891626119613647	0.09450701624155045	0.034375716000795364	-0.2291378229856491	0.19641272723674774	0.0358864851295948	0.13337720930576324	-0.032212432473897934	0.03382440656423569	0.12362805753946304	0.21846972405910492	-0.07687162607908249	-0.1003880500793457	0.29377615451812744	0.11030818521976471	0.20891527831554413	0.15610936284065247	0.43049076199531555	0.014031508006155491	0.06433119624853134	0.1446205973625183	0.326737642288208	-0.36648720502853394	0.1742531955242157	0.4727080464363098	0.24981196224689484	0.21347355842590332	0.08903012424707413	-0.03557873144745827	0.006132312584668398	-0.1650598794221878
DAN_LABEL_15	-0.35064977407455444	0.22850438952445984	0.334311842918396	0.18948376178741455	0.120247982442379	-0.4786718189716339	-0.31468579173088074	n/a	0.2503777742385864	-0.20565995573997498	-0.21788464486598969	-0.03169235214591026	0.21433576941490173	-0.12555527687072754	1.0	-0.2298153042793274	0.11462732404470444	-0.0030175752472132444	0.11271218210458755	-0.06368870288133621	-0.12282692641019821	-0.05306847766041756	0.6270849108695984	-0.1735016107559204	0.5297408699989319	-0.24596849083900452	-0.3159981966018677	-0.2639247179031372	0.2901889383792877	-0.137984499335289	0.10453184694051743	-0.07695438712835312	-0.39202016592025757	-0.21559682488441467	n/a	-0.23098590970039368	-0.3323594927787781	-0.1223880872130394	-0.023373175412416458	-0.08940758556127548	0.5722633600234985	-0.07734173536300659	0.06936278194189072	-0.2149677276611328	-0.06588732451200485	0.027762459591031075	0.5863831639289856	-0.2568630278110504	0.41916704177856445	-0.03207419812679291	0.04480192810297012	-0.06189547851681709	-0.16276590526103973	0.011730342172086239	-0.3224110007286072	0.2237926423549652	0.2287948876619339	0.22228090465068817	0.11794282495975494	-0.007020961493253708	-0.09026610851287842	0.17804768681526184	-0.1059722974896431	0.08306858688592911	0.17154110968112946	-0.17939868569374084	0.06627344340085983	0.09498098492622375	-0.11687275767326355	0.3148565888404846	-0.029333414509892464	0.06068369373679161	0.1477624922990799	-0.047815077006816864	-0.16687551140785217	-0.08673463761806488	0.18066620826721191	0.19029773771762848	0.09082617610692978	0.2928622364997864
DMN_LABEL_16	0.7599902153015137	-0.5118233561515808	-0.19146014750003815	-0.09580395370721817	0.3713200092315674	-0.11384562402963638	0.33387842774391174	n/a	-0.025752054527401924	-0.36064478754997253	-0.28476569056510925	-0.08281605690717697	0.15601031482219696	0.23690985143184662	-0.2298153042793274	1.0	-0.6728450059890747	0.7592307925224304	0.278365820646286	-0.4975602328777313	-0.5594236850738525	-0.03637520968914032	0.1698773205280304	-0.43665724992752075	0.08067495375871658	0.5774372816085815	0.720862627029419	0.903617799282074	-0.3639061152935028	0.04677208513021469	-0.2530498802661896	0.10999604314565659	-0.2454577088356018	0.10799546539783478	n/a	-0.4164876937866211	-0.08890315890312195	-0.3356270492076874	-0.021361323073506355	0.18701688945293427	-0.17089714109897614	-0.6677913665771484	-0.08507317304611206	-0.53934246301651	-0.6162880659103394	-0.27774155139923096	0.06978612393140793	-0.30529865622520447	-0.11739886552095413	0.5899157524108887	0.06038568168878555	0.5512687563896179	0.5608404278755188	0.09747625142335892	0.6695404648780823	-0.2431250512599945	-0.1372583508491516	-0.022912921383976936	0.0026736652944236994	0.25144609808921814	-0.02882806584239006	0.3321276605129242	0.1971886157989502	0.38415759801864624	0.18476314842700958	0.07521077245473862	-0.0502469502389431	-0.10830865800380707	-0.1310088187456131	0.22667644917964935	0.4852100610733032	0.01009383611381054	0.26464077830314636	-0.17662635445594788	0.13689923286437988	-0.00047111112507991493	-0.1546996533870697	-0.44502243399620056	-0.12782447040081024	0.10332470387220383
CO_LABEL_17	-0.6306979656219482	0.3702450096607208	0.11137291043996811	0.2957231104373932	-0.5084466338157654	0.1942678987979889	-0.31764739751815796	n/a	0.012222166173160076	0.7206277251243591	0.2730044722557068	0.46423670649528503	-0.32947826385498047	-0.134938046336174	0.11462732404470444	-0.6728450059890747	1.0	-0.4597059488296509	-0.4544796943664551	0.6500732898712158	0.864780843257904	-0.07582109421491623	-0.22509180009365082	0.31664106249809265	-0.2703005075454712	-0.2488299161195755	-0.281398743391037	-0.6374388933181763	0.19333592057228088	-0.13649703562259674	0.5138343572616577	-0.29564887285232544	0.21201865375041962	-0.19680699706077576	n/a	0.6913830637931824	0.11432260274887085	0.5550023317337036	0.06566774845123291	-0.1653849482536316	-0.08367668092250824	0.8627718091011047	-0.09962489455938339	0.6014140248298645	0.7314727902412415	0.06167703866958618	-0.18509963154792786	0.10506357252597809	-0.2890321612358093	-0.6873226761817932	-0.2568321228027344	-0.6211739778518677	-0.5563327074050903	-0.3590184152126312	-0.5909894108772278	0.31625357270240784	-0.19345882534980774	0.04696206375956535	-0.07239922881126404	-0.032613448798656464	0.01710536889731884	-0.4586763083934784	-0.36599308252334595	-0.5102159976959229	-0.45321401953697205	0.19816043972969055	0.1639072299003601	-0.035510990768671036	0.08803592622280121	-0.16003312170505524	-0.49535563588142395	0.15894633531570435	-0.31191200017929077	0.2929266393184662	-0.0028579412028193474	0.16896630823612213	0.1535024344921112	0.35286810994148254	0.20273612439632416	-0.2618606388568878
DMN_LABEL_18	0.5591661930084229	-0.24854494631290436	-0.36226269602775574	0.11552383750677109	0.6409021615982056	-0.37014251947402954	0.06967944651842117	n/a	-0.08668718487024307	-0.2756538987159729	-0.23135189712047577	-0.06910113245248795	0.1282949000597	0.31015169620513916	-0.0030175752472132444	0.7592307925224304	-0.4597059488296509	1.0	0.4752923846244812	-0.3800691068172455	-0.30585387349128723	0.03652273118495941	0.2833123505115509	-0.575503945350647	0.11595814675092697	0.46217602491378784	0.6547889113426208	0.7050661444664001	-0.10165789723396301	-0.24441120028495789	-0.1577068567276001	0.11856824904680252	-0.3668297529220581	-0.13458400964736938	n/a	-0.25886204838752747	-0.18902786076068878	-0.2883329391479492	-0.17643436789512634	0.29799267649650574	-0.06756877154111862	-0.5231431722640991	0.15321612358093262	-0.5706967115402222	-0.4525183439254761	-0.20258110761642456	0.18050611019134521	-0.4439074695110321	-0.218829944729805	0.3480392098426819	-0.18221093714237213	0.35433995723724365	0.453749418258667	-0.08697815239429474	0.32095304131507874	0.025748644024133682	0.058942217379808426	0.059478458017110825	0.16774995625019073	0.21736782789230347	0.022852104157209396	0.1815626472234726	0.2965165972709656	0.3459552824497223	0.36635544896125793	-0.086666539311409	0.03314925357699394	-0.09889956563711166	0.04976946860551834	0.30252447724342346	0.45608288049697876	0.05831556394696236	0.2448771595954895	-0.15025240182876587	0.07982680946588516	0.10578565299510956	0.1282639056444168	-0.08958465605974197	-0.037383027374744415	0.04615173488855362
VAN_LABEL_19	0.2242448627948761	-0.15719394385814667	-0.20674774050712585	-0.10102785378694534	0.5901199579238892	-0.5099226236343384	-0.15910515189170837	n/a	-0.08210881054401398	-0.3902582824230194	-0.09052072465419769	-0.36837896704673767	0.28535646200180054	0.12151701748371124	0.11271218210458755	0.278365820646286	-0.4544796943664551	0.4752923846244812	1.0	-0.24860477447509766	-0.2829156219959259	0.3018282651901245	0.22262060642242432	-0.39543670415878296	0.1911134272813797	-0.09318072348833084	0.05852697044610977	0.2009444683790207	0.008590997196733952	-0.31669843196868896	-0.369133859872818	0.0924970954656601	-0.4563429057598114	-0.15744057297706604	n/a	-0.3354361057281494	-0.17013822495937347	-0.21209026873111725	-0.22215445339679718	0.155781552195549	0.013426885940134525	-0.35087838768959045	0.5984567999839783	-0.38482996821403503	-0.269795686006546	0.1065840944647789	0.14060692489147186	-0.36341071128845215	0.03019798919558525	0.2238990068435669	-0.1790768951177597	0.04799738526344299	0.25933837890625	-0.038548048585653305	-0.08343038707971573	0.10184819251298904	0.3478432893753052	0.09797525405883789	0.3362773656845093	0.009618978016078472	-0.08325320482254028	-0.006855216808617115	0.3677065968513489	0.31415021419525146	0.45748576521873474	-0.22094786167144775	-0.09975427389144897	0.18135441839694977	0.18182596564292908	0.0623454712331295	0.43993857502937317	-0.06923873722553253	0.34399300813674927	-0.08883166313171387	-0.10695327818393707	-0.1723232865333557	0.016653142869472504	0.042176615446805954	0.11043927818536758	0.030754094943404198
CO_LABEL_20	-0.4782853126525879	0.17366644740104675	0.20102271437644958	0.07852271944284439	-0.4775981903076172	0.15423280000686646	-0.36413609981536865	n/a	-0.12634098529815674	0.4881916344165802	0.03150486573576927	0.053223881870508194	-0.20937620103359222	0.0783136859536171	-0.06368870288133621	-0.4975602328777313	0.6500732898712158	-0.3800691068172455	-0.24860477447509766	1.0	0.6272276043891907	0.2598576843738556	-0.36204618215560913	0.20810414850711823	-0.276461124420166	-0.3662157654762268	-0.21138885617256165	-0.36851415038108826	0.152023583650589	-0.0067105782218277454	0.24565355479717255	-0.3859582841396332	0.2433345764875412	-0.2888314723968506	n/a	0.45236265659332275	-0.0033928551711142063	0.27772000432014465	-0.12155473977327347	0.10071631520986557	0.05595274642109871	0.6210360527038574	-0.033197395503520966	0.522304356098175	0.683483362197876	0.10326947271823883	-0.3448525667190552	0.05819974094629288	0.013313651084899902	-0.5727756023406982	-0.04461471736431122	-0.6847932934761047	-0.6215465664863586	-0.23167487978935242	-0.5248515605926514	0.16286957263946533	-0.24997684359550476	-0.02928774803876877	0.09126781672239304	4.50632069259882e-05	-0.024239610880613327	-0.26858943700790405	-0.2647040784358978	-0.24676436185836792	-0.1679549515247345	0.1617848128080368	0.3853256404399872	0.01883479207754135	0.03531690686941147	-0.10789741575717926	-0.30377933382987976	0.10200494527816772	-0.013733232393860817	0.5121957659721375	0.15809571743011475	0.09610743075609207	0.021553469821810722	0.1463007926940918	0.064386747777462	-0.32241153717041016
CO_LABEL_21	-0.4116656184196472	0.23743121325969696	-0.07012466341257095	0.22333824634552002	-0.4380892217159271	0.2786839008331299	-0.27611467242240906	n/a	-0.12465459853410721	0.7865182161331177	0.4465647041797638	0.4288657009601593	-0.3816613256931305	-0.12994858622550964	-0.12282692641019821	-0.5594236850738525	0.864780843257904	-0.30585387349128723	-0.2829156219959259	0.6272276043891907	1.0	0.13941754400730133	-0.40493902564048767	0.2729906141757965	-0.4641166925430298	-0.11599357426166534	-0.14100587368011475	-0.5328816175460815	0.08045558631420135	-0.17568914592266083	0.38166460394859314	-0.2867797017097473	0.3021029531955719	-0.24476315081119537	n/a	0.838141679763794	0.2840319871902466	0.5831777453422546	-0.05259191244840622	-0.144195094704628	-0.18895113468170166	0.884355366230011	-0.049148790538311005	0.5933956503868103	0.811880350112915	0.16342613101005554	-0.4001448154449463	0.08907777816057205	-0.4175494313240051	-0.6910731196403503	-0.29197755455970764	-0.6039499044418335	-0.4853234887123108	-0.45336782932281494	-0.5219146013259888	0.26276862621307373	-0.2048388123512268	0.1115402802824974	0.0331658273935318	-0.0916733369231224	0.03456162288784981	-0.5165101885795593	-0.218454048037529	-0.40359753370285034	-0.41454675793647766	0.18628670275211334	0.20564627647399902	-0.09963209182024002	0.21337346732616425	-0.28339749574661255	-0.3514500856399536	0.2221280336380005	-0.31617265939712524	0.3259439170360565	0.04678801819682121	0.1482500284910202	0.25693726539611816	0.3756907284259796	0.0794791728258133	-0.3433223068714142
Sal_LABEL_22	0.07949550449848175	-0.2377231866121292	0.27314645051956177	-0.37144508957862854	-0.07090501487255096	0.13459430634975433	-0.22196649014949799	n/a	-0.1472662389278412	-0.04410693421959877	0.2795947194099426	-0.3581930696964264	-0.17675469815731049	-0.08520892262458801	-0.05306847766041756	-0.03637520968914032	-0.07582109421491623	0.03652273118495941	0.3018282651901245	0.2598576843738556	0.13941754400730133	1.0	-0.15689617395401	0.0844336524605751	-0.3017113208770752	-0.2648921608924866	-0.1245150938630104	-0.026385340839624405	-0.1727275252342224	0.12297938019037247	-0.4855879545211792	-0.25060921907424927	0.13626320660114288	-0.3237828314304352	n/a	0.02917233295738697	0.39332523941993713	-0.06440252810716629	-0.524590015411377	-0.033910319209098816	0.21703262627124786	0.10161590576171875	0.2228005975484848	-0.014242395758628845	0.3510574996471405	0.5203446745872498	-0.18029658496379852	0.08781902492046356	0.0274724829941988	0.07038750499486923	0.15149487555027008	-0.2629998028278351	-0.22191983461380005	-0.18137259781360626	-0.1677250862121582	-0.012569326907396317	0.07174120098352432	0.3855137825012207	0.5767842531204224	-0.2860414683818817	-0.05752880498766899	0.08930658549070358	0.218352273106575	0.4629279375076294	0.41742783784866333	-0.2307078242301941	0.18750447034835815	-0.10529229789972305	0.2100815623998642	-0.26261377334594727	0.1983640491962433	0.3151877224445343	0.06669295579195023	0.19656698405742645	-0.10359594970941544	-0.2894468307495117	0.10041359812021255	0.2124176025390625	-0.0600772500038147	-0.26393333077430725
DAN_LABEL_23	-0.07645145058631897	-0.2131490558385849	0.05702723562717438	0.05539063364267349	0.3074711561203003	-0.5104672312736511	-0.055040035396814346	n/a	0.32212886214256287	-0.23611567914485931	-0.23306380212306976	0.0018832115456461906	0.4746580123901367	0.06102035194635391	0.6270849108695984	0.1698773205280304	-0.22509180009365082	0.2833123505115509	0.22262060642242432	-0.36204618215560913	-0.40493902564048767	-0.15689617395401	1.0	-0.3354173004627228	0.6032339334487915	0.1264917552471161	0.060399845242500305	0.10816322267055511	-0.12589095532894135	-0.21220004558563232	-0.005296541377902031	0.2457500845193863	-0.497580885887146	0.01634913496673107	n/a	-0.4233722388744354	-0.35666918754577637	-0.2419823408126831	0.2666633725166321	-0.025608953088521957	0.2775196135044098	-0.45746779441833496	0.11995447427034378	-0.5187965631484985	-0.49615973234176636	-0.16750681400299072	0.8426892757415771	-0.33190906047821045	0.24284663796424866	0.28221285343170166	0.07518155872821808	0.2392774224281311	0.1533040553331375	0.16286122798919678	0.11753542721271515	0.16938145458698273	0.47976988554000854	0.1501607447862625	0.1059969961643219	0.37001416087150574	-0.125665083527565	0.37864258885383606	0.06499479711055756	0.18753772974014282	0.25259295105934143	0.08191923797130585	0.005559843499213457	0.22307460010051727	-0.14577198028564453	0.4020949900150299	0.12483800202608109	-0.025921011343598366	0.3495703339576721	-0.1652131825685501	-0.16195739805698395	-0.06902851164340973	-0.0439269132912159	0.07813993096351624	0.02688676491379738	0.03866541013121605
PMN_LABEL_24	-0.1282961070537567	0.25908005237579346	0.21299418807029724	-0.23758815228939056	-0.4131111800670624	0.7820484042167664	0.35428813099861145	n/a	0.2933599650859833	0.32189399003982544	0.5051620006561279	-0.021293407306075096	-0.5650280714035034	-0.37836331129074097	-0.1735016107559204	-0.43665724992752075	0.31664106249809265	-0.575503945350647	-0.39543670415878296	0.20810414850711823	0.2729906141757965	0.0844336524605751	-0.3354173004627228	1.0	-0.3915148377418518	-0.18226487934589386	-0.5414349436759949	-0.4450688660144806	0.07356053590774536	0.3461415767669678	-0.09281861037015915	0.15939880907535553	0.7674744725227356	0.44190746545791626	n/a	0.280519962310791	0.5422759652137756	0.23883353173732758	-0.08047035336494446	-0.40067747235298157	-0.06786152720451355	0.38354238867759705	-0.01174803078174591	0.6438737511634827	0.4204683005809784	0.3761042356491089	-0.11718135327100754	0.8935323357582092	-0.01022167969495058	-0.20932045578956604	0.0023647674825042486	-0.23325912654399872	-0.1819014996290207	0.09917151182889938	-0.23099999129772186	-0.03116198070347309	0.0025037263985723257	-0.14920967817306519	-0.2941489517688751	-0.07970679551362991	-0.004604044836014509	-0.053320515900850296	-0.26677218079566956	-0.26998579502105713	-0.22153466939926147	-0.12241049855947495	-0.009688710793852806	-0.12821608781814575	0.18217384815216064	-0.3101906478404999	-0.5072216391563416	0.031397730112075806	-0.5379603505134583	-0.040617410093545914	0.03383270278573036	-0.025522397831082344	0.09897982329130173	0.1134243905544281	0.3352365791797638	-0.07922226190567017
DAN_LABEL_25	-0.10747071355581284	-0.01511096116155386	0.15667803585529327	0.2403167188167572	0.27693524956703186	-0.5097843408584595	-0.1865881383419037	n/a	0.14707958698272705	-0.36286869645118713	-0.5996478199958801	-0.13135091960430145	0.46207255125045776	0.1968265324831009	0.5297408699989319	0.08067495375871658	-0.2703005075454712	0.11595814675092697	0.1911134272813797	-0.276461124420166	-0.4641166925430298	-0.3017113208770752	0.6032339334487915	-0.3915148377418518	1.0	-0.010469275526702404	0.0653793066740036	0.11607445776462555	0.16949065029621124	-0.29118648171424866	0.16363193094730377	0.06057707592844963	-0.5313751101493835	-0.08165083825588226	n/a	-0.4384285807609558	-0.5598832368850708	-0.2599460780620575	0.35549619793891907	0.17944255471229553	0.42208290100097656	-0.42295217514038086	-0.016881495714187622	-0.4039015769958496	-0.4559658467769623	-0.1739794760942459	0.5891947150230408	-0.4053386449813843	0.6231525540351868	0.05176869407296181	0.20374512672424316	0.21974916756153107	0.024109410122036934	0.21379011869430542	-0.018203338608145714	0.01678827404975891	0.2962093949317932	-0.05404956638813019	0.017338762059807777	0.2585088014602661	-0.1240081936120987	0.24618005752563477	-0.0174527820199728	-0.032813671976327896	0.26016852259635925	0.13409194350242615	-0.05211304873228073	0.2404763549566269	-0.3580152094364166	0.4313217103481293	0.060093361884355545	-0.24087253212928772	0.41238927841186523	-0.038414377719163895	-0.26015332341194153	-0.14252939820289612	-0.09508078545331955	0.01283225603401661	-0.0367816723883152	0.09302400797605515
