Node	DMN_LABEL_1	Vis_LABEL_2	FP_LABEL_3	Aud_LABEL_4	Tpole_LABEL_5	PMN_LABEL_6	PON_LABEL_7	MTL_LABEL_8	PON_LABEL_9	CO_LABEL_10	Sal_LABEL_11	CO_LABEL_12	SMd_LABEL_13	SMl_LABEL_14	DAN_LABEL_15	DMN_LABEL_16	CO_LABEL_17	DMN_LABEL_18	VAN_LABEL_19	CO_LABEL_20	CO_LABEL_21	Sal_LABEL_22	DAN_LABEL_23	PMN_LABEL_24	DAN_LABEL_25	DMN_LABEL_26	DMN_LABEL_27	DMN_LABEL_28	Vis_LABEL_29	FP_LABEL_30	Aud_LABEL_31	Tpole_LABEL_32	PMN_LABEL_33	PON_LABEL_34	MTL_LABEL_35	CO_LABEL_36	Sal_LABEL_37	CO_LABEL_38	SMd_LABEL_39	SMl_LABEL_40	DAN_LABEL_41	CO_LABEL_42	VAN_LABEL_43	CO_LABEL_44	CO_LABEL_45	Sal_LABEL_46	DAN_LABEL_47	PMN_LABEL_48	DAN_LABEL_49	DMN_LABEL_50	FP_LABEL_51	DMN_LABEL_52	DMN_LABEL_53	PON_LABEL_54	DMN_LABEL_55	Tpole_LABEL_56	Tpole_LABEL_57	Sal_LABEL_58	Sal_LABEL_59	SMd_LABEL_60	DAN_LABEL_61	FP_LABEL_62	DMN_LABEL_63	FP_LABEL_64	FP_LABEL_65	SMd_LABEL_66	SMl_LABEL_67	SMd_LABEL_68	DMN_LABEL_69	DAN_LABEL_70	DMN_LABEL_71	FP_LABEL_72	SMd_LABEL_73	SMl_LABEL_74	MTL_LABEL_75	MTL_LABEL_76	CO_LABEL_77	CO_LABEL_78	Vis_LABEL_79	Vis_LABEL_80
DMN_LABEL_1	1.0	-0.06979057937860489	-0.597258448600769	0.17602406442165375	0.39535805583000183	0.17300596833229065	0.3124178349971771	n/a	-0.1205516830086708	0.07591305673122406	-0.07554643601179123	0.05169084295630455	0.11617819964885712	0.43907374143600464	-0.46802568435668945	0.5066669583320618	-0.45919135212898254	0.5562854409217834	0.09352132678031921	-0.2700386047363281	-0.21973882615566254	0.07803111523389816	-0.19674493372440338	0.3780931234359741	-0.47260791063308716	0.46097174286842346	0.003366734366863966	0.4163200855255127	-0.04748724773526192	-0.49330538511276245	0.09836310893297195	0.12997305393218994	0.11525441706180573	0.2668474614620209	n/a	0.028232857584953308	-0.25329506397247314	0.06640027463436127	0.17237339913845062	0.3505667746067047	-0.47508981823921204	-0.015129392966628075	0.14271260797977448	-0.25447148084640503	-0.05012800171971321	-0.26305505633354187	-0.2591386139392853	0.06318151205778122	-0.266503244638443	0.6019589900970459	-0.4870672821998596	0.042783044278621674	0.5624933242797852	0.0482817068696022	0.5674813985824585	0.06326677650213242	0.13240015506744385	0.2151372879743576	0.4153824746608734	0.10949207097291946	-0.04689537733793259	-0.4403281509876251	0.30824458599090576	-0.13912177085876465	-0.12095532566308975	0.25132885575294495	0.1471523493528366	0.037228088825941086	0.3097245693206787	-0.30746588110923767	0.11001153290271759	-0.31541866064071655	-0.007829510606825352	0.08070064336061478	0.06250715255737305	-0.09756063669919968	0.21195363998413086	0.1501394808292389	-0.1675727665424347	-0.4122862219810486
Vis_LABEL_2	-0.06979057937860489	1.0	-0.06257297098636627	-0.11762623488903046	-0.16988655924797058	0.19297876954078674	0.3218849003314972	n/a	0.03256155177950859	0.21007247269153595	0.23989757895469666	-0.010824594646692276	0.35563787817955017	0.08142916858196259	-0.0985851064324379	-0.34259095788002014	0.16565380990505219	-0.31685498356819153	-0.2151777744293213	0.22741302847862244	0.05805841088294983	-0.039108507335186005	-0.0351162925362587	-0.06333352625370026	0.16186349093914032	0.0594196654856205	-0.07540058344602585	-0.3037308156490326	0.853023886680603	-0.29876166582107544	-0.22006651759147644	-0.15250906348228455	-0.013246904127299786	0.2600138485431671	n/a	0.08881247788667679	0.05588666349649429	-0.1874486356973648	0.09853241592645645	0.028225883841514587	-0.12363163381814957	0.02544114924967289	-0.19137461483478546	0.11077845096588135	0.021924061700701714	-0.01884223334491253	-0.13915234804153442	-0.06364624202251434	0.008495177142322063	-0.46486181020736694	-0.463932067155838	0.03776698186993599	-0.32672515511512756	0.18263430893421173	-0.16821256279945374	0.2494226098060608	-0.04144914448261261	0.13129030168056488	0.014657075516879559	-0.13625052571296692	0.22679606080055237	-0.12802202999591827	-0.27302590012550354	-0.4032247066497803	-0.3278524577617645	0.05210666358470917	0.2147550731897354	0.2410869002342224	0.019830815494060516	0.29885631799697876	-0.07481088489294052	-0.17445294559001923	0.1738615334033966	0.3206792175769806	0.31344515085220337	0.06286611407995224	-0.2995273768901825	-0.2647287845611572	0.38970738649368286	0.18956178426742554
FP_LABEL_3	-0.597258448600769	-0.06257297098636627	1.0	-0.47702738642692566	-0.12355867773294449	-0.11311135441064835	-0.3507241904735565	n/a	0.02383263409137726	-0.25367143750190735	0.020378990098834038	-0.21168382465839386	-0.18266600370407104	-0.4162328541278839	0.5102009773254395	-0.035786986351013184	0.17110155522823334	-0.18508578836917877	-0.18427129089832306	-0.08733609318733215	-0.08408097177743912	-0.3948582410812378	0.19431306421756744	-0.5290428996086121	0.31486186385154724	-0.11844775080680847	0.4137827157974243	0.04295376315712929	0.02665196917951107	0.7118761539459229	-0.3258918821811676	0.09548117220401764	-0.23584160208702087	-0.32332155108451843	n/a	-0.42228570580482483	-0.08994002640247345	-0.25168338418006897	-0.006207538302987814	-0.3251638412475586	0.5803054571151733	-0.5193750262260437	-0.20282621681690216	0.1082291305065155	-0.40576764941215515	-0.12175935506820679	0.307253897190094	-0.45235809683799744	0.3444311022758484	-0.28527510166168213	0.5826465487480164	-0.19376441836357117	-0.054532378911972046	-0.10035025328397751	-0.07065122574567795	-0.32865291833877563	-0.23307961225509644	-0.48399683833122253	-0.50139319896698	-0.09978249669075012	-0.1565062254667282	0.4105224907398224	-0.09449265152215958	0.2790931463241577	-0.16519704461097717	-0.3692329227924347	-0.14077310264110565	-0.209260955452919	-0.24424654245376587	-0.013788562268018723	-0.0341089591383934	0.337206095457077	-0.20665889978408813	-0.28765615820884705	-0.1299857497215271	0.005767459981143475	-0.46667441725730896	-0.4527679979801178	-0.0580705963075161	0.22615331411361694
Aud_LABEL_4	0.17602406442165375	-0.11762623488903046	-0.47702738642692566	1.0	-0.4300902187824249	0.07930511981248856	0.45587119460105896	n/a	-0.10894306749105453	0.5856667160987854	0.24199852347373962	0.4553263187408447	0.08534874767065048	0.6002216935157776	-0.46632832288742065	-0.35232236981391907	0.189052551984787	-0.2828638255596161	0.20618638396263123	0.34403717517852783	0.5395008325576782	0.4858647584915161	-0.3657224476337433	0.508730411529541	-0.4552494287490845	-0.2594120502471924	-0.6167975068092346	-0.3477739691734314	-0.37691622972488403	-0.49112871289253235	0.8951870799064636	-0.2688561975955963	0.25766438245773315	0.5139458179473877	n/a	0.7122640609741211	0.4719306528568268	0.5005004405975342	0.13231781125068665	0.5830628871917725	-0.4551503658294678	0.7245278358459473	0.34116294980049133	0.21037152409553528	0.7561719417572021	0.4764193296432495	-0.48907071352005005	0.5257933139801025	-0.5936643481254578	0.17042867839336395	-0.16191184520721436	0.11583865433931351	-0.32690730690956116	-0.27540114521980286	-0.13229450583457947	-0.03467384725809097	0.0269364882260561	0.24917586147785187	0.22788873314857483	0.17094363272190094	-0.08853838592767715	-0.5359554886817932	-0.25708553194999695	-0.3986417353153229	0.18871185183525085	0.06032846122980118	0.12636449933052063	-0.054187193512916565	-0.24821655452251434	-0.13748647272586823	-0.34571611881256104	-0.37693798542022705	-0.01798241212964058	0.03241997957229614	-0.21301667392253876	-0.28129899501800537	0.2981833219528198	0.36983731389045715	-0.1436448097229004	-0.16630616784095764
Tpole_LABEL_5	0.39535805583000183	-0.16988655924797058	-0.12355867773294449	-0.4300902187824249	1.0	-0.23343496024608612	-0.24261417984962463	n/a	0.11383599042892456	-0.4452560544013977	-0.36578577756881714	-0.39176324009895325	-0.14644573628902435	-0.11319747567176819	0.11990073323249817	0.5612775683403015	-0.38255035877227783	0.6433628797531128	0.31548967957496643	-0.2802062928676605	-0.482390820980072	-0.3263557255268097	-0.015446831472218037	-0.3530559241771698	0.0854862704873085	0.4107789993286133	0.4957549571990967	0.47168079018592834	0.012090439908206463	0.009475802071392536	-0.3319917917251587	0.5666706562042236	-0.26893696188926697	-0.436631441116333	n/a	-0.46204665303230286	-0.5012337565422058	-0.4528683125972748	-0.06287094950675964	-0.12490826845169067	0.0036125231999903917	-0.43350961804389954	0.2086184024810791	-0.23259951174259186	-0.42796337604522705	-0.4541093111038208	0.08451207727193832	-0.5174582600593567	0.2781074047088623	0.1160195842385292	-0.17585542798042297	-0.23309969902038574	0.6717351078987122	0.20544378459453583	0.26944270730018616	0.20102950930595398	0.4518401026725769	-0.012304173782467842	0.13746170699596405	-0.057269588112831116	-0.04822690039873123	0.06733089685440063	0.42862778902053833	0.23230314254760742	-0.09309180080890656	0.23597116768360138	0.19292190670967102	0.000875679892487824	0.5045349597930908	-0.01744321919977665	0.41592392325401306	0.2701534330844879	-0.03632201626896858	0.17457005381584167	0.33702781796455383	0.3438299596309662	-0.03373129293322563	-0.11931085586547852	0.10508742928504944	-0.09386137872934341
PMN_LABEL_6	0.17300596833229065	0.19297876954078674	-0.11311135441064835	0.07930511981248856	-0.23343496024608612	1.0	0.4436424672603607	n/a	-0.11825892329216003	0.3472706079483032	0.3042723536491394	0.2197909951210022	0.04832929000258446	0.12610918283462524	-0.15357153117656708	-0.20643097162246704	0.06399089097976685	-0.13483372330665588	-0.30413100123405457	-0.022660618647933006	0.14990335702896118	0.324417382478714	0.14684650301933289	0.5879824161529541	-0.15830068290233612	0.29632142186164856	-0.17441999912261963	-0.19150125980377197	0.14017951488494873	-0.283393532037735	0.10924994945526123	-0.16320569813251495	0.6610674858093262	0.503646969795227	n/a	0.1843031346797943	0.31873366236686707	0.06672924011945724	0.07678497582674026	0.015162322670221329	-0.2881225645542145	0.17061521112918854	-0.10735368728637695	0.16885904967784882	0.16123954951763153	0.1850232481956482	0.016328895464539528	0.4992244243621826	-0.17814895510673523	0.1911475509405136	-0.19611667096614838	0.45204704999923706	-0.07349655777215958	0.01727226749062538	0.13511276245117188	-0.2426712065935135	-0.3362692892551422	0.0703008770942688	0.2348266839981079	0.11641151458024979	0.30519840121269226	-0.1970992535352707	-0.1497897356748581	-0.317855566740036	-0.10801470279693604	-0.004535779822617769	0.06955141574144363	0.08764506131410599	-0.15728847682476044	0.17515204846858978	-0.3017696142196655	-0.3290097415447235	0.06171027570962906	-0.034701015800237656	0.06440778821706772	-0.12055375427007675	-0.03958403691649437	0.16899573802947998	0.13360841572284698	-0.025930343195796013
PON_LABEL_7	0.3124178349971771	0.3218849003314972	-0.3507241904735565	0.45587119460105896	-0.24261417984962463	0.4436424672603607	1.0	n/a	0.26119282841682434	0.5088469386100769	0.21189837157726288	0.26131030917167664	0.12914955615997314	0.4670310318470001	-0.31237149238586426	-0.20871374011039734	0.16877475380897522	-0.14857684075832367	-0.2520105242729187	0.2978449761867523	0.20875224471092224	0.16731682419776917	-0.07068505138158798	0.5285968780517578	-0.16601885855197906	0.2586748003959656	-0.30954885482788086	-0.23816445469856262	0.1675790399312973	-0.3808724284172058	0.4024163782596588	-0.19726641476154327	0.506883978843689	0.8648896813392639	n/a	0.44221416115760803	0.3627144396305084	0.17603370547294617	0.17132392525672913	0.36765965819358826	-0.342381089925766	0.34338492155075073	-0.05618789419531822	0.1994103640317917	0.4186398983001709	0.21935991942882538	-0.287491112947464	0.4505769610404968	-0.25922924280166626	0.08598928898572922	-0.4098711609840393	0.24060578644275665	-0.18479213118553162	0.16677679121494293	0.14607243239879608	-0.012044308707118034	-0.0475686639547348	0.17914484441280365	0.3422003984451294	-0.021042123436927795	0.1778305619955063	-0.5262802243232727	-0.4886348247528076	-0.425911009311676	-0.19014258682727814	0.05553354695439339	0.20795059204101562	-0.1326485276222229	-0.16346704959869385	-0.008575718849897385	-0.48685815930366516	-0.4811539053916931	-0.10979066789150238	0.17688752710819244	0.27882635593414307	0.15976421535015106	0.03622455894947052	0.08690308034420013	0.19409748911857605	0.01812579855322838
MTL_LABEL_8	n/a	n/a	n/a	n/a	n/a	n/a	n/a	1.0	n/a	n/a	n/a	n/a	n/a	n/a	n/a	n/a	n/a	n/a	n/a	n/a	n/a	n/a	n/a	n/a	n/a	n/a	n/a	n/a	n/a	n/a	n/a	n/a	n/a	n/a	n/a	n/a	n/a	n/a	n/a	n/a	n/a	n/a	n/a	n/a	n/a	n/a	n/a	n/a	n/a	n/a	n/a	n/a	n/a	n/a	n/a	n/a	n/a	n/a	n/a	n/a	n/a	n/a	n/a	n/a	n/a	n/a	n/a	n/a	n/a	n/a	n/a	n/a	n/a	n/a	n/a	n/a	n/a	n/a	n/a	n/a
PON_LABEL_9	-0.1205516830086708	0.03256155177950859	0.02383263409137726	-0.10894306749105453	0.11383599042892456	-0.11825892329216003	0.26119282841682434	n/a	1.0	-0.10896773636341095	-0.18095523118972778	-0.2439447045326233	-0.376664936542511	-0.04797007516026497	0.23124757409095764	0.08727293461561203	0.16693115234375	0.03897588327527046	-0.31777074933052063	0.08853430300951004	-0.115403912961483	-0.3891906142234802	0.29568740725517273	-0.14882567524909973	0.38469821214675903	0.361611545085907	0.2173554003238678	0.05609693378210068	0.07753001898527145	0.19295504689216614	-0.00454704649746418	0.14468495547771454	-0.0380002036690712	0.19453710317611694	n/a	-0.026016032323241234	0.006342444568872452	-0.28091299533843994	-0.4836394488811493	0.03227800503373146	0.21435393393039703	-0.18179398775100708	-0.30822423100471497	0.14303795993328094	-0.06283929944038391	-0.02149970270693302	0.19714714586734772	-0.02275087498128414	0.328487753868103	-0.17946724593639374	0.05767679959535599	-0.08398057520389557	0.02488524839282036	0.7499847412109375	0.026950465515255928	0.19007807970046997	0.25102701783180237	0.029110774397850037	0.004306179471313953	-0.4245349168777466	-0.08972127735614777	0.05509422719478607	-0.3414022922515869	0.06957235932350159	-0.14261017739772797	-0.32647305727005005	0.17188137769699097	-0.3088763356208801	-0.06509572267532349	0.05050017684698105	-0.14522358775138855	0.05974210798740387	-0.2859652042388916	0.4047732353210449	0.5005719661712646	0.492056280374527	0.10885077714920044	-0.005122251342982054	0.2520199418067932	0.18713684380054474
CO_LABEL_10	0.07591305673122406	0.21007247269153595	-0.25367143750190735	0.5856667160987854	-0.4452560544013977	0.3472706079483032	0.5088469386100769	n/a	-0.10896773636341095	1.0	0.6245115995407104	0.7296085953712463	0.3640088438987732	0.4909811019897461	-0.15203545987606049	-0.5366643071174622	0.36961179971694946	-0.5218691229820251	-0.02869107574224472	0.26555386185646057	0.7593229413032532	0.5798394083976746	0.04904203116893768	0.39717841148376465	-0.14315421879291534	-0.037315938621759415	-0.5246243476867676	-0.44432178139686584	-0.018184125423431396	-0.565491259098053	0.4847037196159363	-0.3978579342365265	0.28795644640922546	0.49044984579086304	n/a	0.8593848943710327	0.6041631102561951	0.5490477085113525	0.22647368907928467	0.42049017548561096	-0.2636309266090393	0.5540447235107422	0.0759260505437851	0.21970584988594055	0.7971060872077942	0.543011486530304	-0.24428591132164001	0.38885438442230225	-0.25037115812301636	-0.13176123797893524	-0.34530240297317505	-0.05296913906931877	-0.4474796950817108	-0.05079622194170952	-0.1741984337568283	-0.09855908900499344	-0.1177542582154274	-0.10010237991809845	-0.10793004930019379	0.11449290812015533	0.31319713592529297	-0.5133651494979858	-0.5830316543579102	-0.4929478168487549	-0.12052542716264725	0.08922336995601654	0.13551925122737885	0.15286611020565033	-0.2608220875263214	0.06287592649459839	-0.5829194188117981	-0.4366387128829956	0.14694790542125702	0.0068978494964540005	-0.0761609822511673	-0.1103813573718071	0.20954486727714539	0.17312070727348328	-0.0898885503411293	-0.2619265913963318
Sal_LABEL_11	-0.07554643601179123	0.23989757895469666	0.020378990098834038	0.24199852347373962	-0.36578577756881714	0.3042723536491394	0.21189837157726288	n/a	-0.18095523118972778	0.6245115995407104	1.0	0.47663143277168274	0.27075427770614624	0.2173198014497757	-0.009342754259705544	-0.5300946235656738	0.29825717210769653	-0.5516954064369202	-0.12368258088827133	0.02883838675916195	0.6258139610290527	0.5340527296066284	0.14754118025302887	0.24260737001895905	0.0169187281280756	-0.07600859552621841	-0.4209391474723816	-0.4398048222064972	0.11777318269014359	-0.3598257601261139	0.16057360172271729	-0.10792917013168335	0.29945558309555054	0.14385701715946198	n/a	0.5019434690475464	0.6727690100669861	0.2974000871181488	0.1432340443134308	0.13816232979297638	0.10051140189170837	0.20760954916477203	0.06147445738315582	0.13787686824798584	0.4015161097049713	0.4567638039588928	0.03343215584754944	0.20517654716968536	-0.05203917250037193	-0.3357940912246704	-0.18788251280784607	-0.055780522525310516	-0.3926171362400055	-0.06140357255935669	-0.3010466992855072	-0.16359543800354004	-0.06821276247501373	-0.1629532277584076	-0.12171709537506104	-0.07063625752925873	0.23185507953166962	-0.2037578672170639	-0.31037071347236633	-0.34453311562538147	-0.06266358494758606	0.031346894800662994	-0.038679178804159164	0.11369284987449646	-0.11434996873140335	0.07370224595069885	-0.32348760962486267	-0.2710471451282501	0.016802210360765457	-0.17575328052043915	-0.1297130137681961	-0.11587713658809662	0.002286055125296116	-0.020614981651306152	0.12632624804973602	-0.17300942540168762
CO_LABEL_12	0.05169084295630455	-0.010824594646692276	-0.21168382465839386	0.4553263187408447	-0.39176324009895325	0.2197909951210022	0.26131030917167664	n/a	-0.2439447045326233	0.7296085953712463	0.47663143277168274	1.0	0.38494718074798584	0.2061316817998886	-0.1194036602973938	-0.41622141003608704	0.29697200655937195	-0.40987706184387207	-0.07663429528474808	-0.06005002558231354	0.5527954697608948	0.5648899674415588	0.08347538858652115	0.36471712589263916	-0.22464099526405334	-0.06086835637688637	-0.5455126166343689	-0.38141685724258423	-0.07146955281496048	-0.4365190863609314	0.3795807957649231	-0.4079769551753998	0.1459459811449051	0.3000236451625824	n/a	0.7293159365653992	0.46346208453178406	0.8014242053031921	0.19748100638389587	0.16311398148536682	-0.20079538226127625	0.5567471981048584	0.012315909378230572	0.009969579987227917	0.6483275294303894	0.48778441548347473	-0.16235756874084473	0.3722151815891266	-0.2572038173675537	-0.015583972446620464	-0.15443046391010284	-0.06256549060344696	-0.3960192799568176	-0.14570027589797974	-0.17999385297298431	-0.10611668974161148	-0.18795615434646606	-0.10248800367116928	-0.14246095716953278	0.37177854776382446	0.3939535617828369	-0.39509499073028564	-0.370623916387558	-0.26633915305137634	0.0354606918990612	0.21492557227611542	0.12316235899925232	0.28953951597213745	-0.07450304180383682	0.08133222162723541	-0.43893393874168396	-0.179103821516037	0.3149108588695526	-0.12297675013542175	-0.24093379080295563	-0.2397080808877945	0.3268357813358307	0.2965431809425354	-0.21176549792289734	-0.34823110699653625
SMd_LABEL_13	0.11617819964885712	0.35563787817955017	-0.18266600370407104	0.08534874767065048	-0.14644573628902435	0.04832929000258446	0.12914955615997314	n/a	-0.376664936542511	0.3640088438987732	0.27075427770614624	0.38494718074798584	1.0	0.08513564616441727	0.24353350698947906	-0.24016714096069336	0.2485412359237671	-0.21557116508483887	-0.02211170271039009	-0.18645749986171722	0.14241167902946472	0.3476237654685974	0.14025560021400452	0.06277704238891602	0.2013566642999649	-0.23131094872951508	-0.4132106304168701	-0.32683032751083374	0.26537537574768066	-0.32125744223594666	-0.1575031280517578	-0.2948703169822693	0.0515424869954586	0.034726597368717194	n/a	0.2554912269115448	0.11236754059791565	0.3743132948875427	0.5359185934066772	-0.0472838431596756	0.08731501549482346	0.18996264040470123	-0.021180856972932816	-0.3439706265926361	0.2724708318710327	0.02193150296807289	0.1148562878370285	0.07032773643732071	0.12092414498329163	-0.10483839362859726	-0.3278408944606781	-0.023160042241215706	-0.32756492495536804	-0.10634775459766388	-0.2638828754425049	0.09682964533567429	-0.1985509842634201	-0.12082335352897644	-0.18741777539253235	0.3744058609008789	0.23436911404132843	-0.0807303711771965	0.011653384193778038	-0.0899777039885521	-0.13718202710151672	0.4161434769630432	0.06214829534292221	0.7595047354698181	0.15143983066082	0.3110692799091339	-0.09710326790809631	-0.1879296749830246	0.7174202799797058	0.09864646196365356	-0.08095009624958038	-0.22311535477638245	0.007364022079855204	-0.050378672778606415	-0.18367727100849152	-0.04341953247785568
SMl_LABEL_14	0.43907374143600464	0.08142916858196259	-0.4162328541278839	0.6002216935157776	-0.11319747567176819	0.12610918283462524	0.4670310318470001	n/a	-0.04797007516026497	0.4909811019897461	0.2173198014497757	0.2061316817998886	0.08513564616441727	1.0	-0.40351441502571106	-0.047512345016002655	0.0819614827632904	-0.05464094504714012	-0.039337385445833206	0.27374696731567383	0.23964273929595947	0.21701203286647797	-0.17170722782611847	0.3744000196456909	-0.3869690001010895	0.2070988416671753	-0.3269263505935669	-0.001837512943893671	-0.15456616878509521	-0.5282062292098999	0.5317331552505493	-0.04562433063983917	0.038832396268844604	0.4420507252216339	n/a	0.5254784226417542	0.2166050225496292	0.32510992884635925	0.43579620122909546	0.952876091003418	-0.42678314447402954	0.43545398116111755	0.04373389482498169	-0.014832274056971073	0.46187373995780945	0.2054888904094696	-0.40663081407546997	0.19176194071769714	-0.46131229400634766	0.246933251619339	-0.3660096526145935	0.027073940262198448	-0.06551140546798706	-0.06920794397592545	0.08415348827838898	-0.03748922795057297	0.10469876974821091	0.34190648794174194	0.4224790930747986	0.14689983427524567	0.07904943078756332	-0.6146020889282227	-0.10904788225889206	-0.36716708540916443	0.029817363247275352	0.2567692697048187	0.47043392062187195	-0.15373273193836212	-0.019610824063420296	-0.1307506412267685	-0.25715166330337524	-0.32181796431541443	-0.11959116905927658	0.3397342264652252	-0.08912314474582672	-0.2879289984703064	0.3843664526939392	0.34102898836135864	-0.09672237187623978	-0.14017197489738464
DAN_LABEL_15	-0.46802568435668945	-0.0985851064324379	0.5102009773254395	-0.46632832288742065	0.11990073323249817	-0.15357153117656708	-0.31237149238586426	n/a	0.23124757409095764	-0.15203545987606049	-0.009342754259705544	-0.1194036602973938	0.24353350698947906	-0.40351441502571106	1.0	-0.09053169935941696	0.41115862131118774	-0.16672196984291077	-0.13510237634181976	-0.28312259912490845	-0.0632646307349205	-0.02567370794713497	0.7044036984443665	-0.37855538725852966	0.7737729549407959	-0.06832044571638107	0.0768449530005455	-0.14191757142543793	0.05613504722714424	0.42829668521881104	-0.4253595471382141	-0.014164632186293602	-0.10743062198162079	-0.3822948634624481	n/a	-0.24626104533672333	0.06202875077724457	-0.15953674912452698	0.0455164797604084	-0.42866602540016174	0.7841780781745911	-0.2618851065635681	-0.12147778272628784	-0.20969128608703613	-0.10171186178922653	0.08170810341835022	0.7455228567123413	-0.2214025855064392	0.7947790622711182	-0.2875363230705261	0.32106155157089233	-0.260014146566391	-0.15509213507175446	0.3267322778701782	-0.39846962690353394	0.03203854709863663	0.05025402083992958	-0.35162946581840515	-0.45212337374687195	-0.10749942809343338	0.021431028842926025	0.4152285158634186	-0.14880019426345825	0.2335992306470871	-0.20183634757995605	-0.10244179517030716	-0.09523666650056839	0.218766987323761	0.07347159832715988	0.3254551589488983	-0.1318850815296173	0.24357812106609344	0.14107125997543335	0.008797693997621536	0.16931046545505524	0.28025737404823303	0.015668688341975212	-0.2185862809419632	-0.060909319669008255	0.23795710504055023
DMN_LABEL_16	0.5066669583320618	-0.34259095788002014	-0.035786986351013184	-0.35232236981391907	0.5612775683403015	-0.20643097162246704	-0.20871374011039734	n/a	0.08727293461561203	-0.5366643071174622	-0.5300946235656738	-0.41622141003608704	-0.24016714096069336	-0.047512345016002655	-0.09053169935941696	1.0	-0.5643142461776733	0.9115601778030396	-0.08627879619598389	-0.293559193611145	-0.5913404822349548	-0.528859555721283	-0.07359877228736877	-0.1714179515838623	-0.20968776941299438	0.3340994119644165	0.6373838186264038	0.9104679226875305	-0.1015334501862526	0.25437307357788086	-0.36433249711990356	0.26932066679000854	-0.2388845831155777	-0.24933680891990662	n/a	-0.5582579374313354	-0.651056706905365	-0.2517474889755249	-0.06213140860199928	-0.0005862500402145088	-0.13800346851348877	-0.46315786242485046	-0.28161540627479553	-0.27183467149734497	-0.5510398149490356	-0.5821323394775391	0.06969725340604782	-0.4052320718765259	0.011291593313217163	0.5248538255691528	0.037820424884557724	0.07724839448928833	0.7841023802757263	-0.0005377960624173284	0.6750386953353882	-0.11758021265268326	-0.016725746914744377	-0.16057170927524567	0.05443739891052246	0.11916885524988174	-0.19720320403575897	0.09933711588382721	0.47872766852378845	0.49492883682250977	-0.14598283171653748	0.17725907266139984	0.04131975769996643	0.0008695632568560541	0.172657772898674	-0.3679299056529999	0.44947391748428345	0.24182739853858948	-0.0021532918326556683	0.006944896653294563	-0.144380122423172	-0.07960711419582367	-0.00813299510627985	-0.03930142521858215	-0.2938172519207001	-0.17726659774780273
CO_LABEL_17	-0.45919135212898254	0.16565380990505219	0.17110155522823334	0.189052551984787	-0.38255035877227783	0.06399089097976685	0.16877475380897522	n/a	0.16693115234375	0.36961179971694946	0.29825717210769653	0.29697200655937195	0.2485412359237671	0.0819614827632904	0.41115862131118774	-0.5643142461776733	1.0	-0.5658441185951233	-0.1109587773680687	0.1818065196275711	0.49348944425582886	0.22190678119659424	0.2711268663406372	-0.013587040826678276	0.5513476133346558	-0.11359219253063202	-0.22839269042015076	-0.4821082353591919	-0.008690874092280865	-0.16309252381324768	0.21758553385734558	-0.11817556619644165	-0.04479990154504776	0.07755956053733826	n/a	0.313037246465683	0.2793214023113251	0.1729518175125122	0.07266087830066681	0.0953628420829773	0.37319839000701904	0.4678243398666382	-0.0020986334420740604	0.24025943875312805	0.36411261558532715	0.3296809792518616	0.10847672820091248	0.11697687208652496	0.2532995343208313	-0.4443936049938202	-0.05748660862445831	-0.2600973844528198	-0.49211418628692627	0.08386673033237457	-0.5022581815719604	0.24985477328300476	0.1531294286251068	-0.0027344978880137205	-0.21346962451934814	0.015838833525776863	0.06691500544548035	0.0506846085190773	-0.448032021522522	-0.21620875597000122	-0.11764199286699295	-0.01015449594706297	0.2226698398590088	0.13446876406669617	-0.05935530364513397	0.2311665564775467	-0.3068542182445526	0.12238525599241257	0.1757689118385315	0.19002187252044678	0.21154387295246124	0.09554102271795273	-0.007909937761723995	-0.12987713515758514	0.1935129016637802	0.2898223102092743
DMN_LABEL_18	0.5562854409217834	-0.31685498356819153	-0.18508578836917877	-0.2828638255596161	0.6433628797531128	-0.13483372330665588	-0.14857684075832367	n/a	0.03897588327527046	-0.5218691229820251	-0.5516954064369202	-0.40987706184387207	-0.21557116508483887	-0.05464094504714012	-0.16672196984291077	0.9115601778030396	-0.5658441185951233	1.0	0.04729481413960457	-0.30456554889678955	-0.61982661485672	-0.40699630975723267	-0.17045819759368896	-0.12314321845769882	-0.24517454206943512	0.3365585207939148	0.5701937675476074	0.8342950344085693	-0.14627178013324738	0.13857756555080414	-0.29183128476142883	0.3139899671077728	-0.1085442379117012	-0.19693830609321594	n/a	-0.5367391109466553	-0.6352963447570801	-0.3585922122001648	-0.10784319043159485	-0.060599230229854584	-0.2460767924785614	-0.3853139579296112	-0.12716586887836456	-0.2574918270111084	-0.494373619556427	-0.5040831565856934	-0.019604109227657318	-0.34265124797821045	-0.0371188223361969	0.5576993227005005	-0.11085011810064316	0.1900276094675064	0.8523945212364197	-0.03952755033969879	0.6414300203323364	-0.0618230476975441	0.077029749751091	0.0274280346930027	0.20335792005062103	0.1739910989999771	-0.1361156404018402	0.12413457781076431	0.5286712050437927	0.44637176394462585	-0.06750625371932983	0.2583731710910797	0.07634730637073517	0.03107181191444397	0.35933879017829895	-0.2800219655036926	0.526700496673584	0.278510719537735	0.07034950703382492	0.09334207326173782	-0.01611064374446869	-0.026305248960852623	0.023678457364439964	0.004601787310093641	-0.16171982884407043	-0.14496605098247528
VAN_LABEL_19	0.09352132678031921	-0.2151777744293213	-0.18427129089832306	0.20618638396263123	0.31548967957496643	-0.30413100123405457	-0.2520105242729187	n/a	-0.31777074933052063	-0.02869107574224472	-0.12368258088827133	-0.07663429528474808	-0.02211170271039009	-0.039337385445833206	-0.13510237634181976	-0.08627879619598389	-0.1109587773680687	0.04729481413960457	1.0	0.04231800138950348	0.18254739046096802	0.19374392926692963	-0.49881836771965027	-0.2057475745677948	-0.182915598154068	-0.20656907558441162	0.01977897807955742	-0.07044921070337296	-0.3436547517776489	-0.17459635436534882	0.3141219913959503	0.08140116930007935	-0.16208280622959137	-0.2900054156780243	n/a	-0.007779196836054325	-0.09908732026815414	-0.13012510538101196	0.01676376909017563	-0.038505490869283676	-0.13974156975746155	0.05025996267795563	0.8180608153343201	-0.1171705573797226	0.12729819118976593	0.0754515752196312	-0.3659611642360687	-0.15571823716163635	-0.15529601275920868	-0.19387425482273102	0.04346409812569618	-0.25076502561569214	0.01585659384727478	-0.29705455899238586	-0.260875940322876	0.17773884534835815	0.40547335147857666	0.15020765364170074	0.04174193739891052	-0.0693085566163063	-0.26611509919166565	-0.05496231094002724	0.2366204559803009	-0.0611644946038723	0.24267375469207764	0.14250411093235016	-0.10583897680044174	0.00025080880732275546	0.25856736302375793	-0.05102081596851349	0.2828378677368164	0.06701120734214783	0.03290989249944687	-0.027744144201278687	0.02819051966071129	0.07397954165935516	-0.07223919779062271	-0.08634855598211288	0.07868438959121704	-0.15356707572937012
CO_LABEL_20	-0.2700386047363281	0.22741302847862244	-0.08733609318733215	0.34403717517852783	-0.2802062928676605	-0.022660618647933006	0.2978449761867523	n/a	0.08853430300951004	0.26555386185646057	0.02883838675916195	-0.06005002558231354	-0.18645749986171722	0.27374696731567383	-0.28312259912490845	-0.293559193611145	0.1818065196275711	-0.30456554889678955	0.04231800138950348	1.0	0.2887633442878723	-0.03569215536117554	-0.23549528419971466	0.04130803793668747	-0.012403116561472416	-0.15428121387958527	-0.10253778845071793	-0.2543608248233795	-0.005968714598566294	-0.04273787885904312	0.26700323820114136	-0.14960697293281555	0.04263986647129059	0.2108849287033081	n/a	0.34389930963516235	0.22197562456130981	0.021024445071816444	0.09755910187959671	0.3814327120780945	-0.30655816197395325	0.3323105275630951	-0.0433298721909523	0.522475004196167	0.35484057664871216	0.1986529380083084	-0.3416770100593567	0.12468018382787704	-0.3236929476261139	-0.2198137491941452	-0.05915653705596924	0.10232344269752502	-0.3992351293563843	-0.13935483992099762	-0.15232756733894348	0.16934826970100403	-0.01380097959190607	0.11740788072347641	0.0600949302315712	0.0220536720007658	0.1178467646241188	-0.018895069137215614	-0.3147476315498352	-0.12059137225151062	0.12240581214427948	0.06492536514997482	0.20127324759960175	-0.2157287895679474	-0.5065240859985352	0.04980618879199028	-0.16371500492095947	-0.1549978405237198	-0.11380524188280106	0.17579275369644165	-0.007776535581797361	-0.04818785563111305	-0.13504871726036072	0.07911515980958939	0.21678200364112854	0.16356085240840912
CO_LABEL_21	-0.21973882615566254	0.05805841088294983	-0.08408097177743912	0.5395008325576782	-0.482390820980072	0.14990335702896118	0.20875224471092224	n/a	-0.115403912961483	0.7593229413032532	0.6258139610290527	0.5527954697608948	0.14241167902946472	0.23964273929595947	-0.0632646307349205	-0.5913404822349548	0.49348944425582886	-0.61982661485672	0.18254739046096802	0.2887633442878723	1.0	0.5314245223999023	0.008602096699178219	0.2866658866405487	0.01179483812302351	-0.32876861095428467	-0.43681415915489197	-0.43944108486175537	-0.1428826004266739	-0.4069089889526367	0.4953412115573883	-0.29667821526527405	0.13610482215881348	0.13852699100971222	n/a	0.6761394143104553	0.5788019299507141	0.37341195344924927	-0.010970923118293285	0.23293370008468628	-0.07009129971265793	0.5308058261871338	0.20271101593971252	0.35377413034439087	0.7093458771705627	0.5665064454078674	-0.20207849144935608	0.31994834542274475	-0.12450242787599564	-0.3950040936470032	-0.06001259386539459	-0.2177935689687729	-0.5409387350082397	-0.15170277655124664	-0.41716018319129944	0.06812529265880585	0.1115945428609848	-0.175230011343956	-0.2731829583644867	-0.09676390141248703	0.03322166949510574	-0.29540494084358215	-0.5750887393951416	-0.3368819057941437	-0.11839553713798523	-0.04791507497429848	-0.019328180700540543	0.07874596118927002	-0.27094340324401855	0.06604339182376862	-0.45085132122039795	-0.16777166724205017	0.024164510890841484	-0.11829332262277603	-0.10665900260210037	-0.030492007732391357	0.06852928549051285	-0.017921164631843567	0.01483877096325159	-0.23390594124794006
Sal_LABEL_22	0.07803111523389816	-0.039108507335186005	-0.3948582410812378	0.4858647584915161	-0.3263557255268097	0.324417382478714	0.16731682419776917	n/a	-0.3891906142234802	0.5798394083976746	0.5340527296066284	0.5648899674415588	0.3476237654685974	0.21701203286647797	-0.02567370794713497	-0.528859555721283	0.22190678119659424	-0.40699630975723267	0.19374392926692963	-0.03569215536117554	0.5314245223999023	1.0	0.12110487371683121	0.4975913465023041	-0.17782849073410034	-0.2043369710445404	-0.7549750208854675	-0.48928606510162354	-0.13422034680843353	-0.4671057164669037	0.40681296586990356	-0.4247872233390808	0.3994807004928589	0.2066430300474167	n/a	0.6230957508087158	0.6160745024681091	0.4915955662727356	0.13820795714855194	0.08806341886520386	-0.19336184859275818	0.6221528053283691	0.37532493472099304	-0.03638714551925659	0.6365586519241333	0.7185533046722412	-0.026755457744002342	0.527484655380249	-0.1847262680530548	0.025299493223428726	-0.22578483819961548	0.1988736242055893	-0.3870651423931122	-0.1792343556880951	-0.4292830228805542	-0.021701790392398834	-0.011401105672121048	0.14796464145183563	0.053006503731012344	0.17066636681556702	0.361390620470047	-0.1776258498430252	-0.18083469569683075	-0.28546351194381714	0.2347813993692398	0.1520989090204239	-0.16120082139968872	0.2527068555355072	0.06626012921333313	0.23259788751602173	-0.3396655023097992	-0.29420286417007446	0.1845966875553131	-0.1430339217185974	-0.14340317249298096	-0.17757974565029144	0.3353464901447296	0.28228920698165894	-0.1402057558298111	-0.2390168458223343
DAN_LABEL_23	-0.19674493372440338	-0.0351162925362587	0.19431306421756744	-0.3657224476337433	-0.015446831472218037	0.14684650301933289	-0.07068505138158798	n/a	0.29568740725517273	0.04904203116893768	0.14754118025302887	0.08347538858652115	0.14025560021400452	-0.17170722782611847	0.7044036984443665	-0.07359877228736877	0.2711268663406372	-0.17045819759368896	-0.49881836771965027	-0.23549528419971466	0.008602096699178219	0.12110487371683121	1.0	0.045982807874679565	0.6008263826370239	0.21049875020980835	-0.12889815866947174	-0.1334402859210968	0.16673602163791656	0.21456459164619446	-0.40211060643196106	-0.0728500559926033	0.11831407994031906	-0.06816718727350235	n/a	-0.00594687694683671	0.2333093136548996	0.0009452347876504064	0.01330968365073204	-0.23383983969688416	0.5287914872169495	-0.10319701582193375	-0.41303715109825134	-0.08929310739040375	0.012994610704481602	0.20413313806056976	0.8570420742034912	0.14445985853672028	0.7031252384185791	-0.02280060574412346	0.1437532752752304	-0.13923150300979614	-0.12014928460121155	0.5178977847099304	-0.23772254586219788	0.11096584796905518	-0.0065573398023843765	-0.25652968883514404	-0.26216164231300354	-0.12985941767692566	0.22608022391796112	0.2168530821800232	-0.33089569211006165	0.10171999037265778	-0.29787489771842957	-0.1498974710702896	-0.1246502697467804	0.10428223013877869	0.04480021819472313	0.238847017288208	-0.3702756464481354	-0.03365672752261162	-0.04665515571832657	-0.053971368819475174	0.14949698746204376	0.2931196093559265	0.2586779296398163	0.04544295370578766	0.009614390321075916	0.08725208044052124
PMN_LABEL_24	0.3780931234359741	-0.06333352625370026	-0.5290428996086121	0.508730411529541	-0.3530559241771698	0.5879824161529541	0.5285968780517578	n/a	-0.14882567524909973	0.39717841148376465	0.24260737001895905	0.36471712589263916	0.06277704238891602	0.3744000196456909	-0.37855538725852966	-0.1714179515838623	-0.013587040826678276	-0.12314321845769882	-0.2057475745677948	0.04130803793668747	0.2866658866405487	0.4975913465023041	0.045982807874679565	1.0	-0.3397001326084137	-0.026193590834736824	-0.5689730048179626	-0.19921618700027466	-0.09122423082590103	-0.5095834732055664	0.384978324174881	-0.2436894327402115	0.6522107124328613	0.6172317266464233	n/a	0.40963366627693176	0.4322764277458191	0.3897295296192169	0.1479000300168991	0.22678597271442413	-0.36044856905937195	0.5244814157485962	0.0510496124625206	0.09550409764051437	0.46850523352622986	0.3751932978630066	-0.08961351960897446	0.8165827393531799	-0.2977204918861389	0.47793155908584595	-0.2129685878753662	0.3341689109802246	-0.13615216314792633	-0.009972277097404003	0.122939832508564	0.02059287577867508	-0.18968655169010162	0.33638113737106323	0.4325363337993622	0.1748424917459488	0.13959677517414093	-0.4513864517211914	-0.1979462057352066	-0.32970094680786133	-0.013661030679941177	0.06483030319213867	0.03538331389427185	-0.020027000457048416	-0.1418769657611847	-0.011103243567049503	-0.4563128352165222	-0.4600582718849182	-0.09110327064990997	-0.07481281459331512	-0.06727379560470581	-0.07121717184782028	0.4281858801841736	0.4397267997264862	-0.03137613832950592	-0.17090056836605072
DAN_LABEL_25	-0.47260791063308716	0.16186349093914032	0.31486186385154724	-0.4552494287490845	0.0854862704873085	-0.15830068290233612	-0.16601885855197906	n/a	0.38469821214675903	-0.14315421879291534	0.0169187281280756	-0.22464099526405334	0.2013566642999649	-0.3869690001010895	0.7737729549407959	-0.20968776941299438	0.5513476133346558	-0.24517454206943512	-0.182915598154068	-0.012403116561472416	0.01179483812302351	-0.17782849073410034	0.6008263826370239	-0.3397001326084137	1.0	-0.05523524060845375	0.12353191524744034	-0.24990813434123993	0.2519952058792114	0.24851667881011963	-0.4733169674873352	0.037414174526929855	-0.11032045632600784	-0.3277527689933777	n/a	-0.20388849079608917	0.021559415385127068	-0.3041989207267761	-0.14519129693508148	-0.3915911018848419	0.7417687773704529	-0.20790989696979523	-0.2117079347372055	0.04527338594198227	-0.15299803018569946	-0.07387243956327438	0.6178017258644104	-0.14401651918888092	0.8406942486763	-0.5019029974937439	0.14607538282871246	-0.382190078496933	-0.22311167418956757	0.445464164018631	-0.37615659832954407	0.41473519802093506	0.20827919244766235	-0.1708965003490448	-0.3351942002773285	-0.29510506987571716	0.017688749358057976	0.4432184100151062	-0.24053119122982025	0.13837289810180664	-0.254285991191864	-0.10116048902273178	-0.008149155415594578	0.19003649055957794	0.08633166551589966	0.4020472466945648	-0.050641708076000214	0.1859256476163864	0.1361146718263626	0.15178461372852325	0.4149731397628784	0.42793840169906616	-0.09673849493265152	-0.25776174664497375	0.27967116236686707	0.35530412197113037
