Node	DMN_LABEL_1	Vis_LABEL_2	FP_LABEL_3	Aud_LABEL_4	Tpole_LABEL_5	PMN_LABEL_6	PON_LABEL_7	MTL_LABEL_8	PON_LABEL_9	CO_LABEL_10	Sal_LABEL_11	CO_LABEL_12	SMd_LABEL_13	SMl_LABEL_14	DAN_LABEL_15	DMN_LABEL_16	CO_LABEL_17	DMN_LABEL_18	VAN_LABEL_19	CO_LABEL_20	CO_LABEL_21	Sal_LABEL_22	DAN_LABEL_23	PMN_LABEL_24	DAN_LABEL_25	DMN_LABEL_26	DMN_LABEL_27	DMN_LABEL_28	Vis_LABEL_29	FP_LABEL_30	Aud_LABEL_31	Tpole_LABEL_32	PMN_LABEL_33	PON_LABEL_34	MTL_LABEL_35	CO_LABEL_36	Sal_LABEL_37	CO_LABEL_38	SMd_LABEL_39	SMl_LABEL_40	DAN_LABEL_41	CO_LABEL_42	VAN_LABEL_43	CO_LABEL_44	CO_LABEL_45	Sal_LABEL_46	DAN_LABEL_47	PMN_LABEL_48	DAN_LABEL_49	DMN_LABEL_50	FP_LABEL_51	DMN_LABEL_52	DMN_LABEL_53	PON_LABEL_54	DMN_LABEL_55	Tpole_LABEL_56	Tpole_LABEL_57	Sal_LABEL_58	Sal_LABEL_59	SMd_LABEL_60	DAN_LABEL_61	FP_LABEL_62	DMN_LABEL_63	FP_LABEL_64	FP_LABEL_65	SMd_LABEL_66	SMl_LABEL_67	SMd_LABEL_68	DMN_LABEL_69	DAN_LABEL_70	DMN_LABEL_71	FP_LABEL_72	SMd_LABEL_73	SMl_LABEL_74	MTL_LABEL_75	MTL_LABEL_76	CO_LABEL_77	CO_LABEL_78	Vis_LABEL_79	Vis_LABEL_80
DMN_LABEL_1	1.0	0.47175443172454834	-0.3407478332519531	0.1402307003736496	-0.2698058485984802	0.010128716006875038	0.3372777998447418	n/a	-0.07527635991573334	-0.43801116943359375	-0.19361747801303864	-0.40880894660949707	0.13720588386058807	-0.07262478023767471	-0.29965606331825256	0.6298602223396301	-0.33844801783561707	0.20074404776096344	0.3891260027885437	-0.504009485244751	-0.30108097195625305	0.1239129975438118	-0.08931419998407364	0.16783151030540466	-0.2339608073234558	-0.08731527626514435	0.18057702481746674	0.22318170964717865	0.4686252474784851	-0.5637168288230896	0.16587209701538086	-0.18329066038131714	-0.029895354062318802	0.012773464433848858	n/a	-0.3367317318916321	-0.344544917345047	-0.24790428578853607	0.40915626287460327	-0.022469058632850647	-0.35118910670280457	-0.22784945368766785	0.2178318202495575	-0.15775704383850098	-0.23305369913578033	0.09289705008268356	-0.0798308476805687	-0.15313075482845306	-0.12399563193321228	0.16298344731330872	-0.09745306521654129	-0.14708559215068817	0.09383074194192886	-0.14901545643806458	-0.2830418348312378	-0.2114291936159134	-0.14576900005340576	0.14993561804294586	0.30156174302101135	-0.009798581711947918	0.05608411505818367	-0.24133677780628204	0.21893565356731415	0.1921960860490799	-0.0089988112449646	-0.04167904704809189	-0.026967482641339302	-0.057076990604400635	0.0845077708363533	-0.20213192701339722	0.36345013976097107	0.05114809423685074	0.01344932708889246	-0.25296252965927124	-0.04290430247783661	-0.1816912591457367	0.006409876514226198	-0.1178569421172142	0.10155787318944931	0.0943683534860611
Vis_LABEL_2	0.47175443172454834	1.0	-0.3709787428379059	0.003995275590568781	-0.08615828305482864	-0.09110422432422638	0.35965314507484436	n/a	0.21288424730300903	-0.07532882690429688	-0.058198485523462296	-0.0968678742647171	-0.14614467322826385	-0.09037578105926514	-0.06667041778564453	0.019956229254603386	-0.12895287573337555	-0.06960250437259674	-0.11864384263753891	-0.26530975103378296	-0.14021418988704681	0.014050707221031189	0.0396156832575798	0.1309332549571991	-0.026275135576725006	0.07505205273628235	-0.2162598818540573	0.03812456876039505	0.8310168981552124	-0.5846027135848999	0.0024292112793773413	-0.35291358828544617	-0.18007592856884003	0.20384560525417328	n/a	-0.052135732024908066	-0.08633959293365479	-0.1569109410047531	0.1278768926858902	-0.12999160587787628	-0.22059348225593567	-0.09338409453630447	-0.1865186095237732	-0.17802701890468597	-0.10296350717544556	0.022043725475668907	0.06937257200479507	-0.028703732416033745	-0.22916190326213837	-0.32443341612815857	-0.31205376982688904	-0.04362082853913307	-0.2209530621767044	0.09699046611785889	-0.4992600381374359	-0.1974630355834961	-0.2238488495349884	0.21432001888751984	0.28609874844551086	-0.006846418138593435	0.16748760640621185	0.01272700447589159	0.0025021275505423546	-0.06073976680636406	0.06401113420724869	-0.014924021437764168	-0.17247477173805237	-0.25252780318260193	-0.2211456596851349	0.10903359204530716	0.09368398785591125	-0.057600896805524826	-0.02184283547103405	-0.479879230260849	-0.09376496821641922	-0.2929443418979645	0.2742166221141815	0.19578780233860016	0.060977477580308914	-0.0062421211041510105
FP_LABEL_3	-0.3407478332519531	-0.3709787428379059	1.0	-0.2674936056137085	-0.3365333080291748	0.36873507499694824	-0.33618438243865967	n/a	-0.1354892998933792	0.21890324354171753	0.36664900183677673	0.24180735647678375	0.3831738531589508	-0.30831649899482727	0.2653816342353821	-0.22646616399288177	-0.2579881548881531	0.11440379172563553	-0.315214067697525	-0.07949147373437881	0.05543295294046402	-0.0653848797082901	0.24460670351982117	0.15304692089557648	-0.07298409193754196	-0.15912370383739471	-0.022267576307058334	0.23992209136486053	-0.5176635980606079	0.6812599301338196	-0.31701594591140747	0.042201604694128036	0.32544195652008057	-0.16683338582515717	n/a	-0.010323142632842064	0.46942177414894104	0.01417161151766777	-0.19506961107254028	-0.31029534339904785	0.09665001183748245	-0.3417699933052063	-0.3746192753314972	-0.24754570424556732	-0.1355118304491043	-0.1146673783659935	0.1818767935037613	0.31723952293395996	0.10140097886323929	0.2609640955924988	0.25133317708969116	-0.05856673792004585	-0.04015932232141495	-0.031895242631435394	0.36107337474823	-0.4331813156604767	-0.281938374042511	-0.1982206255197525	-0.14487458765506744	0.10535981506109238	0.22508203983306885	0.47649067640304565	0.3030995726585388	0.30228546261787415	0.12298154085874557	0.18697841465473175	0.19704386591911316	0.23192891478538513	-0.0827658399939537	0.1928422749042511	0.30059581995010376	0.18599548935890198	0.30595025420188904	0.43209508061408997	-0.13424333930015564	-0.11958473920822144	-0.35282933712005615	-0.2530721127986908	-0.25776487588882446	-0.014538574032485485
Aud_LABEL_4	0.1402307003736496	0.003995275590568781	-0.2674936056137085	1.0	0.25341707468032837	0.10330547392368317	0.5178783535957336	n/a	-0.07701502740383148	0.11476060003042221	0.1253228783607483	-0.062473829835653305	0.33738481998443604	0.6085950136184692	-0.46881303191185	0.015784600749611855	0.22899022698402405	-0.04896778613328934	0.5449326038360596	-0.0719323605298996	0.36306241154670715	0.4834361970424652	-0.6459379196166992	0.003404170274734497	-0.5612686276435852	0.17522642016410828	0.08634492754936218	-0.2329050898551941	0.19833524525165558	-0.35471048951148987	0.9239340424537659	0.07484567910432816	0.4360969066619873	0.38104167580604553	n/a	0.49904197454452515	-0.09987420588731766	0.3802804946899414	0.48708298802375793	0.6670928597450256	-0.3858133554458618	0.45677193999290466	0.5409438014030457	-0.014018463902175426	0.5558462142944336	0.5119139552116394	-0.6356214880943298	-0.22132131457328796	-0.5866695046424866	0.0893944501876831	0.10132071375846863	0.05180621147155762	-0.18428924679756165	-0.07504081726074219	-0.08013815432786942	0.29885557293891907	0.3275013864040375	0.13353678584098816	0.03318752720952034	0.2511310577392578	-0.0821012631058693	-0.25092023611068726	-0.213067427277565	-0.020603148266673088	-0.2643123269081116	-0.1399182677268982	0.05252840742468834	0.006916532292962074	0.16019456088542938	-0.40303531289100647	-0.18409106135368347	-0.3385361433029175	-0.36540722846984863	-0.06022896245121956	0.27036312222480774	0.30923721194267273	-0.03711295872926712	0.13230256736278534	0.3864966630935669	0.29860392212867737
Tpole_LABEL_5	-0.2698058485984802	-0.08615828305482864	-0.3365333080291748	0.25341707468032837	1.0	0.038401078432798386	0.006051602773368359	n/a	0.13921692967414856	0.1617022603750229	-0.02565978281199932	0.06364545971155167	-0.33268606662750244	0.11465064436197281	0.014604185707867146	-0.18658743798732758	0.41985833644866943	-0.019987793639302254	0.02737588807940483	0.3593968152999878	0.23363171517848969	0.1049177348613739	-0.20908358693122864	-0.39254435896873474	0.2897755801677704	0.24774913489818573	-0.1778426468372345	-0.37498506903648376	0.11104164272546768	-0.0967891588807106	0.2915080189704895	0.26239120960235596	0.04441964998841286	0.09883388876914978	n/a	0.21834377944469452	0.037309180945158005	-0.02349211648106575	-0.22858810424804688	0.13372348248958588	0.23354502022266388	0.35970959067344666	0.2794395983219147	0.5526190996170044	0.3502529263496399	0.006463978905230761	-0.10633403807878494	-0.08565355837345123	0.020818492397665977	-0.28365078568458557	-0.0535883791744709	0.37541645765304565	0.225178062915802	0.05666549503803253	-0.31747207045555115	0.6117148399353027	0.450361043214798	-0.04300197586417198	-0.21946996450424194	0.08357992768287659	-0.37476152181625366	-0.1251903921365738	-0.132018581032753	-0.10520109534263611	0.14280933141708374	-0.18552210927009583	0.01576637290418148	0.15016794204711914	0.06156143546104431	-0.21019652485847473	-0.317557692527771	0.17164701223373413	-0.3257180452346802	-0.4381121098995209	0.40055468678474426	0.30407238006591797	0.03617805987596512	0.0388544537127018	0.08527538925409317	0.031689878553152084
PMN_LABEL_6	0.010128716006875038	-0.09110422432422638	0.36873507499694824	0.10330547392368317	0.038401078432798386	1.0	0.008445803076028824	n/a	-0.0999082699418068	0.16607961058616638	0.37326306104660034	-0.11499163508415222	-0.03391868248581886	-0.34193331003189087	0.27001214027404785	-0.13694773614406586	-0.11055658012628555	-0.07578117400407791	-0.03320539742708206	0.019430913031101227	0.32932180166244507	0.3419664800167084	-0.030134715139865875	-0.018880240619182587	0.03146790713071823	0.13718265295028687	0.03746122121810913	-0.023907914757728577	0.06754569709300995	0.34781578183174133	0.04593652859330177	0.04146048426628113	0.8109276294708252	0.025798818096518517	n/a	0.12525831162929535	0.5133479237556458	-0.11741113662719727	-0.1782589703798294	-0.24517594277858734	0.34359461069107056	0.02603425644338131	0.07523392885923386	0.16410121321678162	0.28920382261276245	0.22750414907932281	0.05732187628746033	0.3281266689300537	0.31960752606391907	0.0550113171339035	0.43816739320755005	0.11351929605007172	0.07466472685337067	0.019078930839896202	0.07293166220188141	-0.16489939391613007	0.07018061727285385	0.2634800374507904	0.14070774614810944	0.03834765776991844	0.07176882028579712	0.17073993384838104	0.21840859949588776	0.2571767568588257	0.46461400389671326	-0.14161494374275208	-0.1242997795343399	0.2942294776439667	0.2212546467781067	-0.06848250329494476	0.013371726498007774	0.33655282855033875	0.09166646003723145	0.0011272479314357042	0.36102181673049927	0.13282355666160583	-0.2682408094406128	-0.03717195615172386	-0.20257963240146637	0.24479958415031433
PON_LABEL_7	0.3372777998447418	0.35965314507484436	-0.33618438243865967	0.5178783535957336	0.006051602773368359	0.008445803076028824	1.0	n/a	0.5463277697563171	-0.10585580766201019	0.10629437863826752	-0.3454633057117462	0.21667777001857758	0.5241661667823792	-0.5788300633430481	0.333604097366333	-0.2537250220775604	0.06858523190021515	0.23153997957706451	-0.19259171187877655	-0.04291253164410591	0.4876990020275116	-0.588388979434967	0.44432127475738525	-0.5886590480804443	0.03870251774787903	0.05568686127662659	0.06372728943824768	0.5015155673027039	-0.47450706362724304	0.540590226650238	0.000936901371460408	0.20252841711044312	0.8696839809417725	n/a	0.12406465411186218	0.08323672413825989	0.05963737145066261	0.48209038376808167	0.5231983065605164	-0.5890657305717468	0.03962811082601547	0.12096311151981354	0.06477288901805878	0.15459688007831573	0.5961687564849854	-0.4767727851867676	-0.0244635920971632	-0.49684038758277893	0.3978281319141388	0.33576902747154236	0.0235554501414299	-0.12657344341278076	0.49566832184791565	0.13632018864154816	0.06742159277200699	0.12753945589065552	0.10235729068517685	0.15409277379512787	0.11622173339128494	-0.06345486640930176	-0.2876987159252167	-0.03850850090384483	-0.005020556040108204	-0.020170457661151886	-0.19213823974132538	-0.09076182544231415	0.09579243510961533	-0.12572214007377625	-0.42291831970214844	-0.3558309078216553	-0.0774201825261116	-0.2578849196434021	-0.30281680822372437	0.29546815156936646	0.18248845636844635	-0.04501059651374817	-0.06712135672569275	0.16770674288272858	0.1355442851781845
MTL_LABEL_8	n/a	n/a	n/a	n/a	n/a	n/a	n/a	1.0	n/a	n/a	n/a	n/a	n/a	n/a	n/a	n/a	n/a	n/a	n/a	n/a	n/a	n/a	n/a	n/a	n/a	n/a	n/a	n/a	n/a	n/a	n/a	n/a	n/a	n/a	n/a	n/a	n/a	n/a	n/a	n/a	n/a	n/a	n/a	n/a	n/a	n/a	n/a	n/a	n/a	n/a	n/a	n/a	n/a	n/a	n/a	n/a	n/a	n/a	n/a	n/a	n/a	n/a	n/a	n/a	n/a	n/a	n/a	n/a	n/a	n/a	n/a	n/a	n/a	n/a	n/a	n/a	n/a	n/a	n/a	n/a
PON_LABEL_9	-0.07527635991573334	0.21288424730300903	-0.1354892998933792	-0.07701502740383148	0.13921692967414856	-0.0999082699418068	0.5463277697563171	n/a	1.0	0.0929206982254982	0.2777622938156128	-0.17136266827583313	-0.21287819743156433	0.17556267976760864	-0.2166738212108612	0.09065640717744827	-0.28239190578460693	0.036414530128240585	-0.40063509345054626	-0.07878629118204117	-0.19103117287158966	0.09051422774791718	-0.17188356816768646	0.31839367747306824	-0.053217701613903046	0.015311717987060547	-0.18013277649879456	0.08386977016925812	0.33399447798728943	-0.10194229334592819	-0.008121393620967865	0.07516364753246307	-0.07053150981664658	0.6982396841049194	n/a	0.04818474501371384	0.38892367482185364	-0.12260906398296356	-0.11594273895025253	0.10157987475395203	-0.22044415771961212	-0.16484412550926208	-0.36540842056274414	0.1447109878063202	-0.13188081979751587	0.22213727235794067	-0.08471481502056122	0.18343783915042877	0.015711862593889236	0.23336772620677948	0.3071851134300232	0.13355128467082977	0.09583065658807755	0.833920955657959	0.20908476412296295	-0.033972904086112976	0.09606492519378662	0.02417081780731678	0.034610316157341	0.04276294261217117	-0.10003383457660675	-0.13844262063503265	-0.08441463857889175	-0.09379210323095322	0.2917384207248688	-0.060271255671978	-0.08269818872213364	0.06708703190088272	-0.22252196073532104	-0.0887131467461586	-0.4093599021434784	0.06867621839046478	0.051100533455610275	-0.23825740814208984	0.14250580966472626	0.031611934304237366	0.06828059256076813	-0.10726035386323929	-0.11195311695337296	0.003946032375097275
CO_LABEL_10	-0.43801116943359375	-0.07532882690429688	0.21890324354171753	0.11476060003042221	0.1617022603750229	0.16607961058616638	-0.10585580766201019	n/a	0.0929206982254982	1.0	0.5067025423049927	0.7935046553611755	0.12657886743545532	-0.005789954215288162	0.5151352286338806	-0.6406891345977783	0.4510142505168915	-0.325692743062973	-0.5591561794281006	0.2291276454925537	0.5660660862922668	-0.0892828106880188	0.2637879252433777	0.0417906790971756	0.12762078642845154	0.0892331525683403	-0.48055845499038696	-0.32931575179100037	-0.15324214100837708	0.2301616668701172	0.16765378415584564	0.0332062803208828	0.07971694320440292	0.1708793193101883	n/a	0.8241086602210999	0.4367506802082062	0.6653997302055359	-0.3495180904865265	-0.020365674048662186	0.3453405201435089	0.37472864985466003	-0.23357033729553223	0.14063459634780884	0.38114771246910095	-0.12065886706113815	0.26764222979545593	0.33576133847236633	0.004215158522129059	-0.27393317222595215	-0.19234289228916168	0.16576892137527466	-0.07986199855804443	0.12716753780841827	-0.14505797624588013	-0.09866410493850708	0.06773330271244049	-0.03811601176857948	-0.2227521687746048	0.20215149223804474	0.1465405821800232	0.06704621016979218	-0.3803240656852722	-0.21145224571228027	-0.049516841769218445	0.12571416795253754	0.16401520371437073	0.21893084049224854	-0.19446320831775665	0.48897987604141235	-0.41697338223457336	-0.14476899802684784	0.1547001153230667	0.26670220494270325	-0.06727229058742523	0.03525300696492195	0.1148812398314476	0.2499975860118866	-0.12667199969291687	-0.10924593359231949
Sal_LABEL_11	-0.19361747801303864	-0.058198485523462296	0.36664900183677673	0.1253228783607483	-0.02565978281199932	0.37326306104660034	0.10629437863826752	n/a	0.2777622938156128	0.5067025423049927	1.0	0.2457634061574936	0.19804485142230988	-0.02201717160642147	0.1501118242740631	-0.34771728515625	-0.18665282428264618	-0.1159796416759491	-0.39497190713882446	-0.20886382460594177	0.40359625220298767	0.4394681751728058	-0.014691663905978203	0.04686824232339859	-0.24998648464679718	0.10843990743160248	-0.17891937494277954	0.12777383625507355	-0.05396614596247673	0.16181117296218872	0.1690460741519928	0.054348673671483994	0.3720910847187042	0.27645403146743774	n/a	0.4338456690311432	0.7185729742050171	0.2779049277305603	-0.15958428382873535	-0.05108741298317909	0.059541888535022736	-0.04803485423326492	-0.25769534707069397	0.022065704688429832	0.26713132858276367	0.29795730113983154	0.04870660975575447	0.19263117015361786	-0.018333498388528824	-0.07520564645528793	0.2267741858959198	0.15841072797775269	-0.12586075067520142	0.302961140871048	0.05857070907950401	-0.17976482212543488	0.1961228847503662	0.1633230596780777	0.05838775262236595	0.10725031048059464	-0.05923470854759216	0.03918246552348137	-0.15257348120212555	-0.10894831269979477	0.052853286266326904	-0.09708433598279953	-0.0360160656273365	0.14175648987293243	-0.2599649429321289	0.1844501495361328	-0.24138721823692322	-0.05979010835289955	0.19516921043395996	0.07455060631036758	-0.019799888134002686	0.07544046640396118	-0.07219488173723221	-0.02788155898451805	-0.2479536086320877	0.0715503841638565
CO_LABEL_12	-0.40880894660949707	-0.0968678742647171	0.24180735647678375	-0.062473829835653305	0.06364545971155167	-0.11499163508415222	-0.3454633057117462	n/a	-0.17136266827583313	0.7935046553611755	0.2457634061574936	1.0	0.1387491673231125	-0.09644277393817902	0.5905723571777344	-0.5502645373344421	0.534388542175293	-0.15991061925888062	-0.4840832054615021	0.1952037364244461	0.39636069536209106	-0.3359904885292053	0.4850967228412628	0.05180468410253525	0.22632339596748352	0.0718243196606636	-0.38933753967285156	-0.13974954187870026	-0.3817347586154938	0.20722515881061554	-0.0549759715795517	-0.015449734404683113	-0.17403848469257355	-0.09114141762256622	n/a	0.5783078074455261	0.17107288539409637	0.6821885704994202	-0.41944950819015503	-0.1522732675075531	0.3187630772590637	0.31050699949264526	-0.3309246599674225	-0.022287867963314056	0.152679905295372	-0.32404008507728577	0.44403281807899475	0.2818412780761719	-0.11697233468294144	-0.3205372989177704	-0.40034011006355286	0.08882427960634232	-0.1977221518754959	-0.13210588693618774	-0.09672681242227554	-0.10286416858434677	-0.08229286223649979	-0.23269769549369812	-0.3437906801700592	-0.017325928434729576	0.13930894434452057	0.16754333674907684	-0.37054961919784546	-0.23582392930984497	-0.25988954305648804	0.04434119164943695	0.1101890280842781	-0.07319576293230057	-0.32838520407676697	0.5794869065284729	-0.20431071519851685	-0.24164500832557678	0.06520853191614151	0.2575141191482544	-0.29460135102272034	-0.08013004809617996	0.2159002423286438	0.21915577352046967	-0.12032187730073929	-0.2561890780925751
SMd_LABEL_13	0.13720588386058807	-0.14614467322826385	0.3831738531589508	0.33738481998443604	-0.33268606662750244	-0.03391868248581886	0.21667777001857758	n/a	-0.21287819743156433	0.12657886743545532	0.19804485142230988	0.1387491673231125	1.0	0.2293373942375183	-0.2569911479949951	0.10897623747587204	-0.2894001007080078	0.04896259307861328	0.1694205105304718	-0.3699120283126831	0.10193641483783722	0.18732191622257233	-0.1400534063577652	0.33308514952659607	-0.6978482007980347	-0.2040185034275055	0.11376465111970901	0.3359578251838684	-0.2654666006565094	0.018915196880698204	0.3155266046524048	-0.018145283684134483	0.1593930423259735	0.1320638209581375	n/a	0.11337672173976898	0.0921563059091568	0.2631931006908417	0.5182234048843384	0.26996368169784546	-0.4274555444717407	-0.25121235847473145	-0.0056287203915417194	-0.40288683772087097	0.0002475219371262938	0.2290099412202835	-0.1962652951478958	0.030794110149145126	-0.5179101228713989	0.4528287649154663	0.24743114411830902	-0.22545525431632996	-0.16208143532276154	-0.17470374703407288	0.23417145013809204	-0.2498292773962021	0.0026088005397468805	-0.17480136454105377	-0.07714399695396423	0.19533872604370117	0.07834434509277344	-0.028617013245821	-0.034415263682603836	0.11866030097007751	-0.25397732853889465	0.07112772762775421	0.2106817364692688	0.3149259686470032	-0.1770034283399582	-0.07301535457372665	0.14488740265369415	-0.08811233937740326	0.08258737623691559	0.28151920437812805	-0.12925589084625244	-0.01902748830616474	-0.20138198137283325	-0.1371089667081833	0.23691536486148834	0.07164966315031052
SMl_LABEL_14	-0.07262478023767471	-0.09037578105926514	-0.30831649899482727	0.6085950136184692	0.11465064436197281	-0.34193331003189087	0.5241661667823792	n/a	0.17556267976760864	-0.005789954215288162	-0.02201717160642147	-0.09644277393817902	0.2293373942375183	1.0	-0.5961542129516602	-0.022679338231682777	0.044266607612371445	-0.1910012662410736	0.2954796552658081	0.12548163533210754	-0.07246088236570358	0.21759824454784393	-0.5978047847747803	0.21186232566833496	-0.5108993053436279	0.028787346556782722	-0.04378378391265869	-0.22234103083610535	0.02487916126847267	-0.35233044624328613	0.636119544506073	0.1298014372587204	-0.020506907254457474	0.48974063992500305	n/a	0.30686020851135254	-0.22983111441135406	0.30302438139915466	0.49184173345565796	0.9591969847679138	-0.5896764993667603	0.1711409091949463	0.30357465147972107	-0.10205714404582977	0.19142310321331024	0.41745781898498535	-0.6358894109725952	-0.1879078894853592	-0.5285804271697998	0.23493576049804688	0.0744883194565773	0.02203468605875969	-0.13973768055438995	0.16580039262771606	0.1468769609928131	0.3983672559261322	0.3134775757789612	-0.03847307711839676	-0.046741362661123276	0.28437986969947815	0.040210627019405365	-0.25020527839660645	-0.28806960582733154	-0.1982319951057434	-0.22007650136947632	0.16129589080810547	0.15736204385757446	0.008154815062880516	0.056055717170238495	-0.2920958995819092	-0.3480461835861206	-0.34635859727859497	-0.14433079957962036	0.007838909514248371	0.09268943220376968	0.1889767348766327	0.05838150158524513	0.06314593553543091	0.29481613636016846	0.17792034149169922
DAN_LABEL_15	-0.29965606331825256	-0.06667041778564453	0.2653816342353821	-0.46881303191185	0.014604185707867146	0.27001214027404785	-0.5788300633430481	n/a	-0.2166738212108612	0.5151352286338806	0.1501118242740631	0.5905723571777344	-0.2569911479949951	-0.5961542129516602	1.0	-0.44284722208976746	0.34296301007270813	-0.16639558970928192	-0.537194550037384	0.25587373971939087	0.2878343164920807	-0.3840780556201935	0.799263060092926	-0.1002093106508255	0.6653165221214294	0.08236230909824371	-0.3482078015804291	-0.18772576749324799	-0.23958894610404968	0.40819263458251953	-0.4879116714000702	0.10366067290306091	-0.08895290642976761	-0.3571518659591675	n/a	0.12761829793453217	0.21932163834571838	0.13855384290218353	-0.7119453549385071	-0.6102318167686462	0.8133195042610168	0.1241144984960556	-0.26767000555992126	0.09144748747348785	-0.026803428307175636	-0.4033709764480591	0.8332594037055969	0.4137513041496277	0.493550181388855	-0.3668909966945648	-0.19964627921581268	0.15980620682239532	0.08642580360174179	-0.17892304062843323	-0.1538834124803543	-0.11132438480854034	-0.027214420959353447	0.11743369698524475	-0.013315320014953613	-0.13143205642700195	0.12152305990457535	0.40065497159957886	-0.09919927269220352	-0.09365199506282806	0.07618539035320282	-0.05318013206124306	0.06245256960391998	0.05589479207992554	-0.1042497381567955	0.6104783415794373	-0.11598904430866241	0.13799059391021729	0.27963533997535706	0.1582772582769394	-0.16168247163295746	-0.09122852236032486	0.043605417013168335	0.13581937551498413	-0.25764772295951843	-0.14320455491542816
DMN_LABEL_16	0.6298602223396301	0.019956229254603386	-0.22646616399288177	0.015784600749611855	-0.18658743798732758	-0.13694773614406586	0.333604097366333	n/a	0.09065640717744827	-0.6406891345977783	-0.34771728515625	-0.5502645373344421	0.10897623747587204	-0.022679338231682777	-0.44284722208976746	1.0	-0.3212297558784485	0.6577323079109192	0.473690003156662	-0.22339552640914917	-0.33059144020080566	0.06169334053993225	-0.20621174573898315	0.07705862820148468	-0.2627406120300293	0.057089339941740036	0.5784391164779663	0.3793521225452423	0.14697164297103882	-0.2462366223335266	0.01812789775431156	0.14870868623256683	-0.08762847632169724	0.044599100947380066	n/a	-0.5627864003181458	-0.32328760623931885	-0.4105437994003296	0.3498697280883789	-0.02241699956357479	-0.32757943868637085	-0.2553558349609375	0.1645697057247162	-0.0140647292137146	-0.21275508403778076	0.1778641790151596	-0.1866993010044098	-0.31163308024406433	-0.06298360973596573	0.5190771222114563	0.1689494401216507	0.04330810531973839	0.2908337116241455	0.01613074541091919	0.17601214349269867	0.05560688674449921	-0.07841533422470093	0.031269002705812454	0.1395500749349594	-0.17034171521663666	-0.11736218631267548	-0.18447376787662506	0.3393579125404358	0.14451298117637634	-0.09655716270208359	-0.31088584661483765	-0.07428555190563202	-0.005027769133448601	0.050590794533491135	-0.4034736752510071	0.20141130685806274	0.014229143038392067	-0.16142359375953674	-0.13574032485485077	0.3025844991207123	0.14434555172920227	-0.11890383809804916	-0.2565801739692688	0.24409916996955872	0.19041787087917328
CO_LABEL_17	-0.33844801783561707	-0.12895287573337555	-0.2579881548881531	0.22899022698402405	0.41985833644866943	-0.11055658012628555	-0.2537250220775604	n/a	-0.28239190578460693	0.4510142505168915	-0.18665282428264618	0.534388542175293	-0.2894001007080078	0.044266607612371445	0.34296301007270813	-0.3212297558784485	1.0	-0.1290685385465622	0.0028999887872487307	0.5561810731887817	0.6048642992973328	-0.2033441662788391	0.1304076761007309	-0.3562880754470825	0.3684258460998535	0.3663398027420044	-0.11670098453760147	-0.5149915218353271	-0.11999331414699554	0.07468248903751373	0.22020378708839417	0.08971532434225082	-0.09289725124835968	-0.1848302185535431	n/a	0.5509631633758545	-0.14984533190727234	0.4451902508735657	-0.2689399719238281	0.04364098235964775	0.4503844082355499	0.8511096239089966	0.1982574611902237	0.4037681519985199	0.5950527787208557	-0.10354501754045486	0.12403952330350876	-0.08119235187768936	0.0059626754373312	-0.440283864736557	-0.5015606880187988	0.252110093832016	-0.15601035952568054	-0.2638821303844452	-0.3471164405345917	0.3660229444503784	0.011486695148050785	-0.07233980298042297	-0.24179044365882874	0.035185590386390686	-0.004020121414214373	-0.08224379271268845	-0.2864072620868683	-0.3015041649341583	-0.2973065972328186	-0.07601109147071838	0.07007366418838501	-0.20506112277507782	0.16440953314304352	0.22100353240966797	-0.28454890847206116	-0.33639952540397644	-0.2772778272628784	0.08092095702886581	0.14184731245040894	0.2102189064025879	0.25182145833969116	0.3805323541164398	0.13224150240421295	-0.05812087282538414
DMN_LABEL_18	0.20074404776096344	-0.06960250437259674	0.11440379172563553	-0.04896778613328934	-0.019987793639302254	-0.07578117400407791	0.06858523190021515	n/a	0.036414530128240585	-0.325692743062973	-0.1159796416759491	-0.15991061925888062	0.04896259307861328	-0.1910012662410736	-0.16639558970928192	0.6577323079109192	-0.1290685385465622	1.0	0.23483841121196747	-0.11281479150056839	-0.12586840987205505	0.058229606598615646	-0.18359729647636414	-0.23775319755077362	-0.09102819114923477	0.11358854919672012	0.5747472047805786	0.2980617880821228	-0.07587606459856033	0.07047086954116821	-0.028546523302793503	0.30636972188949585	0.0524972639977932	-0.14638568460941315	n/a	-0.30971071124076843	-0.19702740013599396	-0.15557986497879028	0.01237900648266077	-0.274074912071228	-0.10603594779968262	-0.08190824836492538	-0.08375584334135056	-0.05936802178621292	-0.13808073103427887	0.02154691517353058	-0.09543845057487488	-0.4745306968688965	-0.04111525043845177	0.21091818809509277	0.06207060441374779	0.18955029547214508	0.27357596158981323	-0.11851051449775696	0.19696733355522156	0.03876608610153198	-0.07602082192897797	-0.21125128865242004	-0.2561405301094055	-0.32916259765625	-0.2792295515537262	0.25423532724380493	0.32671499252319336	0.16817383468151093	-0.14961770176887512	-0.4247056543827057	-0.005850296933203936	-0.23159363865852356	-0.248130202293396	-0.2791064977645874	0.20806680619716644	-0.1476433277130127	-0.43674173951148987	-0.028632819652557373	0.3308437764644623	0.09229664504528046	-0.2945311963558197	-0.27131685614585876	0.12972760200500488	0.2504677474498749
VAN_LABEL_19	0.3891260027885437	-0.11864384263753891	-0.315214067697525	0.5449326038360596	0.02737588807940483	-0.03320539742708206	0.23153997957706451	n/a	-0.40063509345054626	-0.5591561794281006	-0.39497190713882446	-0.4840832054615021	0.1694205105304718	0.2954796552658081	-0.537194550037384	0.473690003156662	0.0028999887872487307	0.23483841121196747	1.0	-0.1009267047047615	-0.07680664211511612	0.3668486773967743	-0.5057985186576843	-0.16716942191123962	-0.37431347370147705	-0.06710942834615707	0.5406743884086609	0.049112677574157715	0.044165294617414474	-0.33635756373405457	0.47746148705482483	0.1460525095462799	0.21826735138893127	-0.09508897364139557	n/a	-0.2026871293783188	-0.5164238810539246	-0.06063176319003105	0.5266939401626587	0.383588582277298	-0.3093099296092987	0.21685591340065002	0.810215413570404	-0.04041126370429993	0.17333881556987762	0.32820776104927063	-0.5113853216171265	-0.5344494581222534	-0.28192439675331116	0.23617741465568542	0.09400489926338196	-0.17666253447532654	-0.023520683869719505	-0.40474680066108704	0.041774772107601166	0.279031902551651	0.13840292394161224	0.1454833298921585	0.2352498173713684	0.03109445981681347	-0.17296814918518066	-0.15893754363059998	0.17021729052066803	0.18229033052921295	-0.2594224810600281	-0.10123936086893082	0.00010622965055517852	-0.08148928731679916	0.3456658720970154	-0.6462129950523376	0.27855926752090454	-0.11504636704921722	-0.36580097675323486	-0.048733823001384735	0.23867516219615936	0.28500837087631226	-0.18003349006175995	-0.030860736966133118	0.4233517050743103	0.22740750014781952
CO_LABEL_20	-0.504009485244751	-0.26530975103378296	-0.07949147373437881	-0.0719323605298996	0.3593968152999878	0.019430913031101227	-0.19259171187877655	n/a	-0.07878629118204117	0.2291276454925537	-0.20886382460594177	0.1952037364244461	-0.3699120283126831	0.12548163533210754	0.25587373971939087	-0.22339552640914917	0.5561810731887817	-0.11281479150056839	-0.1009267047047615	1.0	0.2967888414859772	-0.15325883030891418	0.08781857043504715	-0.203871950507164	0.3591727018356323	0.39586636424064636	0.054761309176683426	-0.3761387765407562	-0.24496358633041382	0.3605087101459503	-0.03794872760772705	0.15743376314640045	-0.1031293049454689	-0.0808902233839035	n/a	0.19361652433872223	0.059952590614557266	0.006664957385510206	-0.2566622197628021	0.09235850721597672	0.43350815773010254	0.38527658581733704	0.06962928175926208	0.4206584692001343	0.3594663143157959	0.020971771329641342	0.08892696350812912	0.06757910549640656	0.3082754909992218	-0.11026039719581604	-0.052403610199689865	0.2998201847076416	0.16905337572097778	-0.002691671485081315	0.12042143195867538	0.45711857080459595	0.15074777603149414	-0.04509484022855759	-0.15835435688495636	0.05615781247615814	0.055332981050014496	0.07187679409980774	-0.2844080328941345	-0.18774795532226562	-0.03606893867254257	-0.0343484990298748	-0.05742915719747543	0.0352884866297245	0.2769395411014557	0.1369386464357376	-0.4672616720199585	-0.015071609988808632	-0.02925231121480465	0.02842533029615879	0.3933773338794708	0.30647358298301697	0.07593241333961487	0.11234460771083832	0.017644062638282776	0.04009547084569931
CO_LABEL_21	-0.30108097195625305	-0.14021418988704681	0.05543295294046402	0.36306241154670715	0.23363171517848969	0.32932180166244507	-0.04291253164410591	n/a	-0.19103117287158966	0.5660660862922668	0.40359625220298767	0.39636069536209106	0.10193641483783722	-0.07246088236570358	0.2878343164920807	-0.33059144020080566	0.6048642992973328	-0.12586840987205505	-0.07680664211511612	0.2967888414859772	1.0	0.4009147882461548	-0.012970532290637493	-0.27002719044685364	-0.010216549970209599	0.3874625563621521	0.04005720838904381	-0.2701861262321472	-0.03916018083691597	0.23542621731758118	0.39052605628967285	0.13171261548995972	0.3549593985080719	0.007107221521437168	n/a	0.6157394051551819	0.3974936306476593	0.3182888329029083	-0.12539714574813843	-0.06635978817939758	0.45316797494888306	0.650914192199707	0.11390504986047745	0.3842955231666565	0.8684572577476501	0.34703198075294495	0.08990852534770966	0.06344567984342575	0.026090310886502266	-0.27522873878479004	-0.013976228423416615	0.2518232464790344	-0.19012273848056793	-0.10621940344572067	-0.19966650009155273	0.19296368956565857	0.22865015268325806	0.1669783741235733	-0.04830517619848251	0.034271784126758575	-0.043661415576934814	-0.10681359469890594	-0.31105947494506836	-0.25062698125839233	-0.23493672907352448	-0.29129064083099365	-0.016837207600474358	0.06024044007062912	0.038304269313812256	0.19582463800907135	-0.3522311747074127	-0.206144317984581	-0.15121620893478394	0.15280231833457947	0.39737993478775024	0.3983117341995239	0.11638060212135315	0.4006232023239136	0.12776684761047363	0.13965414464473724
Sal_LABEL_22	0.1239129975438118	0.014050707221031189	-0.0653848797082901	0.4834361970424652	0.1049177348613739	0.3419664800167084	0.4876990020275116	n/a	0.09051422774791718	-0.0892828106880188	0.4394681751728058	-0.3359904885292053	0.18732191622257233	0.21759824454784393	-0.3840780556201935	0.06169334053993225	-0.2033441662788391	0.058229606598615646	0.3668486773967743	-0.15325883030891418	0.4009147882461548	1.0	-0.5675533413887024	-0.046121157705783844	-0.5011940598487854	0.12267150729894638	0.3856978118419647	0.14580221474170685	0.20666849613189697	-0.19350560009479523	0.552334189414978	0.08394555747509003	0.5163434743881226	0.3416800796985626	n/a	0.16407319903373718	0.3004991412162781	-0.022000806406140327	0.2952120900154114	0.2286633998155594	-0.1793878972530365	0.1528756469488144	0.33707207441329956	0.19600370526313782	0.4854430556297302	0.7528767585754395	-0.3877395689487457	-0.18351425230503082	-0.20174768567085266	0.047937095165252686	0.4494575262069702	-0.014552942477166653	-0.1742408126592636	0.1300574094057083	0.10098052024841309	0.13236089050769806	0.3300466537475586	0.1618989259004593	0.15303510427474976	-0.05462094768881798	-0.28661659359931946	-0.17258799076080322	-0.13972994685173035	-0.0552460141479969	-0.10831712931394577	-0.379201203584671	-0.2662208676338196	0.038627129048109055	-0.0035000054631382227	-0.42291688919067383	-0.20292654633522034	0.027188656851649284	-0.3202041983604431	-0.13656218349933624	0.4127350449562073	0.3476523756980896	-0.2140701413154602	-0.04800157994031906	0.09434626996517181	0.17993125319480896
DAN_LABEL_23	-0.08931419998407364	0.0396156832575798	0.24460670351982117	-0.6459379196166992	-0.20908358693122864	-0.030134715139865875	-0.588388979434967	n/a	-0.17188356816768646	0.2637879252433777	-0.014691663905978203	0.4850967228412628	-0.1400534063577652	-0.5978047847747803	0.799263060092926	-0.20621174573898315	0.1304076761007309	-0.18359729647636414	-0.5057985186576843	0.08781857043504715	-0.012970532290637493	-0.5675533413887024	1.0	0.17075799405574799	0.5850877165794373	-0.06174193322658539	-0.29954400658607483	0.08572311699390411	-0.23087617754936218	0.23504574596881866	-0.7146982550621033	-0.059021636843681335	-0.40950295329093933	-0.37798792123794556	n/a	-0.19454705715179443	0.10108057409524918	-0.039680302143096924	-0.5971253514289856	-0.6231571435928345	0.5703475475311279	-0.1918572187423706	-0.37092864513397217	-0.10415280610322952	-0.3391762971878052	-0.4766458570957184	0.9375999569892883	0.4759758412837982	0.4016331434249878	-0.16983963549137115	-0.29913604259490967	-0.04287440702319145	0.027937084436416626	-0.1929551512002945	-0.12629923224449158	-0.30039361119270325	-0.24982252717018127	0.1122858077287674	0.1837291121482849	-0.0767069011926651	0.3212902545928955	0.34472739696502686	-0.029101500287652016	-0.042896371334791183	0.032852400094270706	0.023631645366549492	-0.010758315213024616	0.04840400069952011	-0.13402138650417328	0.6193006038665771	0.13581262528896332	0.09745100140571594	0.475031316280365	0.15693509578704834	-0.3702293038368225	-0.27372512221336365	0.1864747852087021	0.08387432247400284	-0.2109326422214508	-0.3245256245136261
PMN_LABEL_24	0.16783151030540466	0.1309332549571991	0.15304692089557648	0.003404170274734497	-0.39254435896873474	-0.018880240619182587	0.44432127475738525	n/a	0.31839367747306824	0.0417906790971756	0.04686824232339859	0.05180468410253525	0.33308514952659607	0.21186232566833496	-0.1002093106508255	0.07705862820148468	-0.3562880754470825	-0.23775319755077362	-0.16716942191123962	-0.203871950507164	-0.27002719044685364	-0.046121157705783844	0.17075799405574799	1.0	-0.30705544352531433	-0.19842377305030823	-0.1957108974456787	0.28819984197616577	-0.0008086264715529978	-0.20627762377262115	-0.1132260411977768	-0.22478145360946655	-0.040037602186203	0.5828452110290527	n/a	-0.09439115971326828	0.15284323692321777	0.05960925295948982	0.12313852459192276	0.18871834874153137	-0.4288126230239868	-0.3872644007205963	-0.2735310196876526	-0.29376840591430664	-0.323453813791275	0.16924111545085907	0.10541284829378128	0.6617868542671204	-0.3373800218105316	0.4765760898590088	0.24597996473312378	-0.34375014901161194	-0.31045201420783997	0.3769861161708832	0.3324351906776428	-0.3667756915092468	-0.2148488610982895	0.06974949687719345	0.23934535682201385	0.20024213194847107	0.463399738073349	-0.016739530488848686	-0.08546897023916245	0.11847782880067825	0.048443183302879333	0.05499229580163956	-0.0997917428612709	0.20256856083869934	-0.14973464608192444	0.11560653895139694	-0.11979930102825165	-0.034529734402894974	0.33781692385673523	0.08841430395841599	-0.23308204114437103	-0.18810871243476868	0.05704458802938461	-0.12699617445468903	-0.17206768691539764	-0.3045726418495178
DAN_LABEL_25	-0.2339608073234558	-0.026275135576725006	-0.07298409193754196	-0.5612686276435852	0.2897755801677704	0.03146790713071823	-0.5886590480804443	n/a	-0.053217701613903046	0.12762078642845154	-0.24998648464679718	0.22632339596748352	-0.6978482007980347	-0.5108993053436279	0.6653165221214294	-0.2627406120300293	0.3684258460998535	-0.09102819114923477	-0.37431347370147705	0.3591727018356323	-0.010216549970209599	-0.5011940598487854	0.5850877165794373	-0.30705544352531433	1.0	0.014351735822856426	-0.28402480483055115	-0.3324984908103943	-0.040061499923467636	0.2835266590118408	-0.5819234848022461	0.09894738346338272	-0.2702910900115967	-0.4162774384021759	n/a	-0.1591404527425766	-0.10730564594268799	-0.21428917348384857	-0.7723677754402161	-0.5614704489707947	0.7212464213371277	0.125915065407753	-0.14930568635463715	0.3063218593597412	-0.18480707705020905	-0.5120666027069092	0.6262246370315552	0.22270460426807404	0.6854254603385925	-0.4371294379234314	-0.2880474030971527	0.17075791954994202	0.2680129408836365	-0.15518568456172943	-0.23041285574436188	0.08209962397813797	-0.03439391031861305	0.13046382367610931	0.03764578327536583	-0.12279894202947617	-0.002211011713370681	0.3217141032218933	0.10923296958208084	0.1091371551156044	0.3222735822200775	0.08585306257009506	0.06403771042823792	-0.06784073263406754	0.0739579051733017	0.2953163981437683	0.020121175795793533	0.19592276215553284	0.1295434683561325	-0.09371359646320343	-0.06647657603025436	-0.217740997672081	0.21683578193187714	0.2214766889810562	-0.1511329859495163	-0.1899506151676178
