Node	LH_Vis_1	LH_Vis_2	LH_Vis_3	LH_Vis_4	LH_Vis_5	LH_Vis_6	LH_Vis_7	LH_Vis_8	LH_Vis_9	LH_SomMot_1	LH_SomMot_2	LH_SomMot_3	LH_SomMot_4	LH_SomMot_5	LH_SomMot_6	LH_DorsAttn_Post_1	LH_DorsAttn_Post_2	LH_DorsAttn_Post_3	LH_DorsAttn_Post_4	LH_DorsAttn_Post_5	LH_DorsAttn_Post_6	LH_DorsAttn_PrCv_1	LH_DorsAttn_FEF_1	LH_SalVentAttn_ParOper_1	LH_SalVentAttn_FrOperIns_1	LH_SalVentAttn_FrOperIns_2	LH_SalVentAttn_PFCl_1	LH_SalVentAttn_Med_1	LH_SalVentAttn_Med_2	LH_SalVentAttn_Med_3	LH_Limbic_OFC_1	LH_Limbic_TempPole_1	LH_Limbic_TempPole_2	LH_Cont_Par_1	LH_Cont_PFCl_1	LH_Cont_pCun_1	LH_Cont_Cing_1	LH_Default_Temp_1	LH_Default_Temp_2	LH_Default_Par_1	LH_Default_Par_2	LH_Default_PFC_1	LH_Default_PFC_2	LH_Default_PFC_3	LH_Default_PFC_4	LH_Default_PFC_5	LH_Default_PFC_6	LH_Default_PFC_7	LH_Default_pCunPCC_1	LH_Default_pCunPCC_2	RH_Vis_1	RH_Vis_2	RH_Vis_3	RH_Vis_4	RH_Vis_5	RH_Vis_6	RH_Vis_7	RH_Vis_8	RH_SomMot_1	RH_SomMot_2	RH_SomMot_3	RH_SomMot_4	RH_SomMot_5	RH_SomMot_6	RH_SomMot_7	RH_SomMot_8	RH_DorsAttn_Post_1	RH_DorsAttn_Post_2	RH_DorsAttn_Post_3	RH_DorsAttn_Post_4	RH_DorsAttn_Post_5	RH_DorsAttn_PrCv_1	RH_DorsAttn_FEF_1	RH_SalVentAttn_TempOccPar_1	RH_SalVentAttn_TempOccPar_2	RH_SalVentAttn_FrOperIns_1	RH_SalVentAttn_Med_1	RH_SalVentAttn_Med_2	RH_Limbic_OFC_1	RH_Limbic_TempPole_1	RH_Cont_Par_1	RH_Cont_Par_2	RH_Cont_PFCl_1	RH_Cont_PFCl_2	RH_Cont_PFCl_3	RH_Cont_PFCl_4	RH_Cont_Cing_1	RH_Cont_PFCmp_1	RH_Cont_pCun_1	RH_Default_Par_1	RH_Default_Temp_1	RH_Default_Temp_2	RH_Default_Temp_3	RH_Default_PFCv_1	RH_Default_PFCv_2	RH_Default_PFCdPFCm_1	RH_Default_PFCdPFCm_2	RH_Default_PFCdPFCm_3	RH_Default_pCunPCC_1	RH_Default_pCunPCC_2	LH-Pu	LH-Ca	LH-NAC	LH-EXA	LH-GPe	LH-GPi	LH-SNc_PBP_VTA	LH-RN	LH-SNr	LH-VeP	LH-HN	LH-HTH	LH-MN	LH-STH	RH-Pu	RH-Ca	RH-NAC	RH-EXA	RH-GPe	RH-GPi	RH-SNc_PBP_VTA	RH-RN	RH-SNr	RH-VeP	RH-HN	RH-HTH	RH-MN	RH-STH	LH-Pulvinar	LH-Anterior	LH-Medio_Dorsal	LH-Ventral_Latero_Dorsal	LH-Central_Lateral-Lateral_Posterior-Medial_Pulvinar	LH-Ventral_Anterior	LH-Ventral_Latero_Ventral	RH-Pulvinar	RH-Anterior	RH-Medio_Dorsal	RH-Ventral_Latero_Dorsal	RH-Central_Lateral-Lateral_Posterior-Medial_Pulvinar	RH-Ventral_Anterior	RH-Ventral_Latero_Ventral	LH_Hippocampus	LH_Amygdala	RH_Hippocampus	RH_Amygdala	Cerebellar_Region1	Cerebellar_Region2	Cerebellar_Region3	Cerebellar_Region4	Cerebellar_Region5	Cerebellar_Region6	Cerebellar_Region7	Cerebellar_Region8	Cerebellar_Region9	Cerebellar_Region10
LH_Vis_1	1.0	0.29396119713783264	0.3634473383426666	-0.012182227335870266	-0.06410574913024902	0.05031665042042732	-0.021357014775276184	0.22185175120830536	0.0686243325471878	-0.15678974986076355	0.22998805344104767	0.10306044667959213	0.16612784564495087	-0.14655011892318726	0.14861126244068146	0.058569084852933884	-0.24073480069637299	-0.1752137988805771	-0.41115543246269226	-0.05670338124036789	-0.23032259941101074	-0.36125990748405457	-0.1953376680612564	-0.24038803577423096	0.22903724014759064	-0.10803770273923874	-0.00343373348005116	0.22203212976455688	0.03673258796334267	-0.21331043541431427	0.23800694942474365	0.2402682602405548	0.0017767900135368109	-0.20675291121006012	-0.23726113140583038	0.2125478982925415	0.06375837326049805	-0.19873985648155212	-0.2765147089958191	-0.08616102486848831	0.2211829423904419	-0.028194546699523926	-0.27266091108322144	0.21063388884067535	0.1394694596529007	-0.2542644441127777	-0.3800317049026489	-0.019596315920352936	0.5564866065979004	0.15471088886260986	0.8750418424606323	0.5958613157272339	0.15821723639965057	-0.059997960925102234	0.26243048906326294	0.3867689073085785	0.36858341097831726	0.1722167581319809	-0.005407104734331369	0.1919512301683426	0.1765122413635254	0.10102525353431702	0.09025169163942337	-0.14235500991344452	-0.11662354320287704	0.14405778050422668	0.23598983883857727	-0.013959870673716068	-0.1745588183403015	-0.13773345947265625	0.030774446204304695	-0.08815139532089233	-0.31908461451530457	-0.1034315973520279	-0.07552628219127655	0.06371171772480011	0.09488191455602646	0.05064817890524864	0.18828555941581726	0.19317547976970673	-0.13255032896995544	0.08378754556179047	0.14506806433200836	0.03251075744628906	0.33268359303474426	0.2836554944515228	0.07389993220567703	0.294236421585083	0.22699454426765442	0.26686322689056396	0.11288971453905106	-0.07907649129629135	-0.1691504865884781	0.14694678783416748	0.038670614361763	0.28218746185302734	0.07535858452320099	0.01879091002047062	0.7078686952590942	0.05314774811267853	0.22275501489639282	0.026533976197242737	0.3813326954841614	-0.12567248940467834	-0.08712180703878403	-0.0889221727848053	0.19148996472358704	0.09539088606834412	0.159581258893013	0.06393073499202728	-0.06024017184972763	0.08927690237760544	-0.19766700267791748	0.30455031991004944	0.08852869272232056	0.05541182681918144	0.18575042486190796	-0.1322862058877945	0.06507379561662674	0.024416502565145493	0.2594599425792694	-0.13934320211410522	0.07712861150503159	0.1598266065120697	0.24188363552093506	0.0005476653459481895	0.00015534157864749432	0.3500698506832123	-0.14823465049266815	0.26447439193725586	0.28808215260505676	-0.11215737462043762	0.04738432914018631	-0.11153937131166458	0.14924536645412445	0.028599338605999947	-0.06455257534980774	0.040928881615400314	-0.0807451531291008	0.04364074021577835	0.006689463742077351	-0.07881560921669006	0.11862396448850632	0.08885136246681213	0.16077889502048492	-0.008287562057375908	0.09637466818094254	0.07178565114736557	0.15506084263324738	0.21953165531158447	-0.032828375697135925	0.005250836256891489	-0.054553400725126266	-0.3485163152217865	-0.04887549206614494	0.13015595078468323
LH_Vis_2	0.29396119713783264	1.0	-0.1799144148826599	0.7745793461799622	0.35016098618507385	-0.6329946517944336	0.24213744699954987	0.33399972319602966	-0.5839565992355347	-0.3255121409893036	-0.44136857986450195	-0.46746790409088135	-0.4632702171802521	-0.5062366127967834	-0.6263266205787659	0.6150240302085876	0.1538507640361786	0.3088737726211548	0.026710640639066696	-0.0921853631734848	-0.44543230533599854	0.3229537904262543	0.29216375946998596	0.05353742465376854	0.2810988426208496	0.15228506922721863	-0.19814294576644897	0.2300533950328827	-0.3281097412109375	-0.0021668614353984594	0.3909931778907776	0.4972990155220032	0.3277311325073242	0.23585869371891022	0.1363738775253296	-0.26372233033180237	0.12262467294931412	-0.1104569286108017	-0.3789766728878021	-0.2687561511993408	-0.1170022115111351	-0.23224496841430664	-0.19095249474048615	0.24729229509830475	-0.13107645511627197	-0.2087704837322235	-0.31960344314575195	0.11074598133563995	-0.18969956040382385	0.03969727084040642	0.4406718611717224	0.6205214262008667	0.6699795126914978	0.8260587453842163	-0.042326461523771286	-0.3512069582939148	0.5516926646232605	-0.37604597210884094	-0.28547778725624084	-0.4199182689189911	-0.4035574197769165	-0.5231629610061646	-0.4149742126464844	-0.43384185433387756	-0.5688859224319458	-0.6448396444320679	0.3500722348690033	-0.11524296551942825	0.48091527819633484	0.3579188287258148	-0.5149909853935242	0.2847748398780823	0.22291898727416992	-0.3849053978919983	-0.07139571756124496	0.140170618891716	-0.28779181838035583	-0.28774380683898926	0.26232388615608215	0.23404380679130554	0.14531968533992767	0.19853805005550385	-0.37680020928382874	0.12308207899332047	-0.42661288380622864	-0.12560588121414185	0.012437057681381702	0.16112196445465088	0.08122552186250687	-0.22557704150676727	0.2091078758239746	-0.06947225332260132	-0.16246791183948517	-0.34400203824043274	-0.0240325927734375	0.10431548207998276	-0.42950862646102905	-0.10965842008590698	-0.11932472139596939	-0.0790833830833435	0.14023859798908234	0.24873089790344238	0.23827999830245972	-0.0029055713675916195	-0.12612691521644592	-0.0826735571026802	-0.18963615596294403	-0.33538901805877686	0.015882175415754318	0.1066688746213913	-0.44635844230651855	-0.13247603178024292	-0.10862040519714355	0.39113864302635193	-0.016081105917692184	0.12095962464809418	-0.14232590794563293	0.0979078933596611	-0.21607673168182373	-0.09270574152469635	0.0021974672563374043	-0.10082413256168365	0.16526485979557037	0.2096865326166153	-0.07427307218313217	0.10082682967185974	0.09744329750537872	-0.07954485714435577	-0.17336292564868927	0.20853663980960846	0.08258340507745743	-0.09109120815992355	-0.11242515593767166	0.059526730328798294	0.0591348260641098	-0.16122440993785858	-0.1045253649353981	0.320156455039978	-0.20287463068962097	-0.07652667164802551	-0.1539648175239563	-0.19743815064430237	0.1710316240787506	0.014425083063542843	-0.013318519107997417	0.06952095776796341	-0.14825119078159332	0.11281551420688629	0.2508723735809326	0.142781063914299	0.09439495205879211	0.34076187014579773	0.061878502368927	0.16289621591567993	0.244170680642128	-0.22743821144104004
LH_Vis_3	0.3634473383426666	-0.1799144148826599	1.0	-0.6187842488288879	0.11977525055408478	0.6981509327888489	-0.22272634506225586	0.13384908437728882	0.7655178308486938	0.35962510108947754	0.5335773825645447	0.4631521999835968	0.35525667667388916	0.177553191781044	0.35264852643013	-0.48553863167762756	-0.3078763484954834	-0.4319981336593628	-0.3704321086406708	-0.15693488717079163	-0.1119895726442337	-0.613622784614563	-0.4087713658809662	-0.3622719943523407	-0.0686345025897026	-0.10867956280708313	-0.07630280405282974	-0.09525714069604874	0.0026438042987138033	-0.393133282661438	-0.254332035779953	-0.351247102022171	-0.3408903181552887	-0.486194908618927	-0.3298322558403015	0.21858610212802887	0.026884952560067177	0.1401912271976471	0.21311835944652557	0.2105008065700531	0.15172016620635986	0.2821129858493805	-0.21568642556667328	0.0024753951001912355	0.20057526230812073	-0.09099623560905457	-0.058677539229393005	-0.34730038046836853	0.7339608073234558	0.2897971570491791	0.11536306142807007	0.44231024384498596	-0.3014507293701172	-0.4981272220611572	0.8473535776138306	0.8836890459060669	0.037577055394649506	0.8471294045448303	0.3932335674762726	0.5391592383384705	0.45426687598228455	0.35536259412765503	0.3460938036441803	0.3790590465068817	0.38099050521850586	0.3448527157306671	-0.2911573648452759	0.2623680830001831	-0.6317026615142822	-0.5079053640365601	-0.03263771906495094	-0.5319269299507141	-0.32519373297691345	0.1958892047405243	-0.028598599135875702	-0.019359860569238663	-0.02287045121192932	0.1174553632736206	-0.26753467321395874	-0.2121163159608841	-0.6314965486526489	-0.3922339081764221	0.17862549424171448	-0.25038567185401917	0.28174999356269836	0.07822132110595703	0.17762067914009094	-0.12193267792463303	-0.15214012563228607	0.004149295389652252	-0.3039933741092682	-0.048089560121297836	0.25750866532325745	0.3290647268295288	-0.20928187668323517	0.014812517911195755	0.024236353114247322	-0.38358086347579956	0.5694291591644287	0.29357588291168213	0.3521840572357178	0.27312493324279785	0.3695669174194336	0.13346609473228455	0.14834380149841309	0.1935456246137619	0.22736084461212158	0.32621070742607117	0.12772928178310394	-0.11684425175189972	0.27429643273353577	-0.03518345579504967	-0.1559029072523117	0.012342482805252075	0.41932424902915955	0.3652925193309784	0.18505768477916718	0.0682959258556366	0.26222336292266846	0.33321306109428406	0.07969529181718826	-0.28230541944503784	-0.06554371118545532	-0.261073499917984	0.4279710352420807	-0.05880066007375717	-0.3081241250038147	0.30623459815979004	0.1654215008020401	0.07747504115104675	0.12421590089797974	0.08703041076660156	0.1846868395805359	-0.16249771416187286	0.1372418850660324	0.15345290303230286	-0.052480652928352356	-0.21121063828468323	0.24380165338516235	0.15492451190948486	0.02429879643023014	0.21393509209156036	-0.08322694897651672	-0.1951824277639389	0.010515712201595306	-0.09065736085176468	0.2634437680244446	-0.16290998458862305	0.04579950496554375	-0.03925184905529022	0.024181179702281952	-0.26760122179985046	0.13923801481723785	-0.0954798087477684	-0.194062739610672	0.11072991788387299
LH_Vis_4	-0.012182227335870266	0.7745793461799622	-0.6187842488288879	1.0	0.29943323135375977	-0.8479121327400208	0.3567449450492859	0.399726003408432	-0.8035479784011841	-0.5442642569541931	-0.7141918540000916	-0.7285345196723938	-0.5832584500312805	-0.48070138692855835	-0.5695734024047852	0.7076570987701416	0.05870804190635681	0.6129370927810669	0.01940086856484413	0.21561503410339355	-0.11142498254776001	0.44261133670806885	0.5923956036567688	0.2052883356809616	0.22082138061523438	0.04128198325634003	0.03300560638308525	0.20046323537826538	-0.1455562561750412	0.24032488465309143	0.3100240230560303	0.43129873275756836	0.3625606596469879	0.5049654841423035	0.2810998857021332	-0.15780694782733917	0.018544258549809456	-0.24935507774353027	-0.5581762790679932	-0.39378249645233154	-0.2541534900665283	-0.43999016284942627	-0.1644790917634964	0.05378066748380661	-0.12560845911502838	-0.2296431064605713	-0.3375423550605774	0.38435250520706177	-0.6022140383720398	-0.14252856373786926	0.1920938789844513	0.10602492094039917	0.604006290435791	0.8951935172080994	-0.4792875051498413	-0.7160314917564392	0.502164900302887	-0.668146550655365	-0.581950843334198	-0.725893497467041	-0.6619740128517151	-0.636122465133667	-0.5674522519111633	-0.5850231051445007	-0.6760109066963196	-0.6167516708374023	0.4432803988456726	-0.38053667545318604	0.6642489433288574	0.6324042677879333	-0.2127103954553604	0.3896578848361969	0.40672245621681213	-0.4876651167869568	-0.21905921399593353	-0.04839365929365158	-0.22268624603748322	-0.31058579683303833	0.1720498949289322	0.11772425472736359	0.39185693860054016	0.37459078431129456	-0.4191019535064697	0.21566076576709747	-0.38044342398643494	-0.13918915390968323	-0.19599774479866028	0.1601652354001999	0.3167383372783661	-0.23454640805721283	0.20326881110668182	-0.20137609541416168	-0.4368667006492615	-0.6170316338539124	0.005543069448322058	-0.07224386185407639	-0.4359872341156006	0.16745981574058533	-0.4143633246421814	-0.3297841548919678	-0.0974780023097992	0.020025091245770454	0.08223813027143478	0.02544916793704033	-0.21794982254505157	-0.10932270437479019	-0.22438789904117584	-0.36365267634391785	-0.00403612433001399	0.20242218673229218	-0.41967108845710754	-0.07593879848718643	-0.07922984659671783	0.22619730234146118	-0.32405707240104675	-0.12982746958732605	-0.18697573244571686	0.1234591156244278	-0.41949033737182617	-0.10968521237373352	-0.009675645269453526	0.08460196107625961	0.11985508352518082	0.2906763553619385	-0.2566337287425995	0.16367246210575104	0.22383035719394684	-0.30963456630706787	-0.38105785846710205	-0.00892573595046997	-0.1456976979970932	-0.19701652228832245	-0.34584811329841614	-0.027447927743196487	-0.14293016493320465	-0.41144561767578125	-0.1629459261894226	0.19366732239723206	-0.39041993021965027	-0.3387303054332733	-0.3185357451438904	-0.3595340847969055	0.05917544290423393	0.020131435245275497	-0.15396416187286377	0.008280972950160503	-0.23403072357177734	0.20904861390590668	0.2528208792209625	0.1544657051563263	0.1247086152434349	0.42650106549263	-0.04935041815042496	0.14021456241607666	0.25569355487823486	-0.1835864931344986
LH_Vis_5	-0.06410574913024902	0.35016098618507385	0.11977525055408478	0.29943323135375977	1.0	-0.03889482840895653	-0.1524699330329895	0.28509607911109924	-0.06452041119337082	-0.08147371560335159	-0.20571023225784302	-0.14283280074596405	-0.1532997041940689	0.12085859477519989	-0.27995574474334717	-0.08468689769506454	-0.08236867934465408	0.13831542432308197	-0.01535037998110056	0.03147859126329422	-0.07920729368925095	0.07250460982322693	0.27815330028533936	-0.11986152827739716	-0.09556161612272263	0.1393587440252304	0.0540546253323555	0.14085961878299713	-0.25608471035957336	0.13442234694957733	0.032936129719018936	-0.056081440299749374	0.0050797113217413425	0.10244133323431015	0.16523900628089905	-0.05586259439587593	-0.19740331172943115	-0.07860609143972397	-0.27856025099754333	-0.5047653913497925	-0.13392287492752075	-0.11301049590110779	-0.16160883009433746	-0.09074192494153976	0.14076374471187592	-0.12084416300058365	-0.15930138528347015	0.21524986624717712	0.045239776372909546	0.08017992973327637	-0.18394306302070618	0.041035208851099014	-0.10767654329538345	0.4435592591762543	0.4096669554710388	-0.030621515586972237	0.24604669213294983	0.03520200401544571	0.009479486383497715	-0.10465048253536224	-0.10125238448381424	-0.18166309595108032	-0.07957767695188522	0.1322115957736969	-0.10782405734062195	-0.2777256965637207	-0.21427318453788757	0.02195611223578453	-0.010990012437105179	0.13248224556446075	-0.18491481244564056	-0.10229220986366272	0.2255796492099762	-0.4400940239429474	-0.19396604597568512	0.010000713169574738	-0.3181127607822418	-0.14689603447914124	-0.12342962622642517	-0.2986922264099121	-0.1266258955001831	-0.09450836479663849	-0.11165664345026016	-0.06446628272533417	-0.1986217051744461	-0.25050705671310425	-0.19079433381557465	0.06224789470434189	0.010361666791141033	-0.2797949016094208	-0.14594487845897675	-0.28187835216522217	-0.14043445885181427	-0.2521747350692749	-0.31975871324539185	-0.27965497970581055	-0.461993008852005	-0.1419910043478012	-0.07094968110322952	0.00391728850081563	-0.07763085514307022	-0.055530671030282974	0.01712406799197197	0.19843856990337372	0.2679020166397095	0.2717178761959076	-0.020771559327840805	0.04291519522666931	0.09750009328126907	0.08095306158065796	0.07834850996732712	-0.25170645117759705	0.13196972012519836	0.3531728684902191	-0.14818447828292847	-0.013272049836814404	0.00233541801571846	0.38785743713378906	0.0874992236495018	0.2448776662349701	0.1517365574836731	-0.009530535899102688	0.10400255769491196	-0.08493617922067642	0.27973902225494385	0.03655150532722473	-0.025827636942267418	-0.11975926905870438	0.05938175320625305	-0.008945198729634285	0.14042142033576965	0.2404107302427292	0.1666003316640854	0.2339608371257782	0.1360125094652176	-0.05864355340600014	0.05176887661218643	0.21876005828380585	0.1313224732875824	0.030082261189818382	-0.008190276101231575	0.16423147916793823	-0.025932008400559425	-0.07796917110681534	-0.1949213594198227	-0.02489268034696579	0.010468022897839546	0.023810606449842453	0.09218364953994751	0.04295912757515907	-0.03041176125407219	0.056802503764629364	-0.04887354373931885	0.11685895174741745	0.0381610207259655	-0.14091315865516663
LH_Vis_6	0.05031665042042732	-0.6329946517944336	0.6981509327888489	-0.8479121327400208	-0.03889482840895653	1.0	-0.37351328134536743	-0.21568343043327332	0.8905292749404907	0.5259982943534851	0.7028483152389526	0.7005600929260254	0.5033842921257019	0.3994656205177307	0.5300906300544739	-0.6402081847190857	-0.05626743659377098	-0.6293821334838867	0.014767597429454327	-0.25935235619544983	0.0783819630742073	-0.44548672437667847	-0.5343422889709473	-0.20112331211566925	-0.29982757568359375	-0.10379111021757126	-0.1658935546875	-0.3087828755378723	0.1221836730837822	-0.32058054208755493	-0.30405479669570923	-0.4212721884250641	-0.2950893044471741	-0.6157286763191223	-0.332019180059433	0.09311379492282867	-0.11798478662967682	0.34799817204475403	0.5388426184654236	0.2562001645565033	0.1900249868631363	0.3968232572078705	0.14931847155094147	-0.08104302734136581	0.16409195959568024	0.19607196748256683	0.27023687958717346	-0.4417109787464142	0.6996408104896545	0.27718397974967957	-0.22904224693775177	-0.03302067518234253	-0.5917607545852661	-0.6975905299186707	0.666922390460968	0.8342046737670898	-0.3985821306705475	0.7739381194114685	0.5418825745582581	0.7008737325668335	0.5562155246734619	0.5490615963935852	0.48830166459083557	0.6182523369789124	0.7068708539009094	0.6113916635513306	-0.5327455401420593	0.48270100355148315	-0.7019214630126953	-0.6319800019264221	0.22368966042995453	-0.380931556224823	-0.3308572769165039	0.24931341409683228	0.21335607767105103	-0.052002400159835815	0.05421522259712219	0.24482324719429016	-0.23729176819324493	-0.24582579731941223	-0.6039443612098694	-0.42964309453964233	0.3416655957698822	-0.2973402440547943	0.21109771728515625	0.028227467089891434	0.11102698743343353	-0.29300937056541443	-0.36714088916778564	0.016331877559423447	-0.25982072949409485	-0.0007730043726041913	0.3048858046531677	0.4903261959552765	-0.0683559775352478	-0.023968636989593506	0.2588050365447998	-0.31313690543174744	0.40392693877220154	0.33519303798675537	0.07214248925447464	-0.06232553720474243	0.005104340612888336	-0.05902394652366638	0.248133584856987	0.12497026473283768	0.22985830903053284	0.23691006004810333	0.030112512409687042	-0.2598576247692108	0.31183919310569763	0.11772385984659195	0.08161849528551102	-0.12715178728103638	0.3159826993942261	0.06751829385757446	0.11015967279672623	-0.04255970939993858	0.43172505497932434	0.2202426940202713	0.050627920776605606	-0.06519705802202225	-0.08651991933584213	-0.3377390503883362	0.3209967017173767	-0.2082311064004898	-0.3369130492210388	0.3065013587474823	0.4896770119667053	0.03144197165966034	0.18391340970993042	0.31477460265159607	0.458019495010376	0.10455632209777832	0.2923380732536316	0.35709577798843384	0.056214578449726105	-0.12054181843996048	0.4318956732749939	0.3697390854358673	0.24557392299175262	0.3771926164627075	-0.09851459413766861	-0.041095104068517685	-0.00851246528327465	-0.0682191476225853	0.23014797270298004	-0.3636476993560791	-0.13253651559352875	-0.08795686066150665	-0.08412100374698639	-0.5177298784255981	0.00423673540353775	-0.15682032704353333	-0.35715118050575256	0.10735239088535309
LH_Vis_7	-0.021357014775276184	0.24213744699954987	-0.22272634506225586	0.3567449450492859	-0.1524699330329895	-0.37351328134536743	1.0	0.4452248215675354	-0.20423518121242523	-0.10999675840139389	-0.3443780541419983	-0.3688049614429474	-0.21832750737667084	-0.6421647071838379	-0.3487947881221771	0.7000098824501038	0.18910959362983704	0.5728253126144409	-0.09083249419927597	0.39753851294517517	-0.07429919391870499	0.15408392250537872	0.4722678065299988	0.7126542329788208	0.4636062681674957	0.0073992665857076645	0.17585860192775726	0.00030494865495711565	0.4438135623931885	0.20987407863140106	0.18228521943092346	0.32930922508239746	-0.032309386879205704	0.012329318560659885	-0.22201411426067352	0.13116680085659027	-0.1530030369758606	1.712765879346989e-05	-0.3348621129989624	0.37403181195259094	-0.4004443287849426	-0.3226171135902405	-0.2391946017742157	0.049521125853061676	-0.34028360247612	-0.4060688316822052	-0.43561312556266785	-0.22276410460472107	-0.3855516016483307	-0.25183331966400146	0.11271112412214279	0.10339197516441345	0.6878014206886292	0.13704846799373627	-0.27238744497299194	-0.150002583861351	0.3959859013557434	-0.01354621909558773	-0.24134333431720734	-0.49139073491096497	-0.30000320076942444	-0.2607462704181671	-0.3065403997898102	-0.6859595775604248	-0.4632742404937744	-0.4299793243408203	0.8405808806419373	-0.434672087430954	0.36439263820648193	0.5822161436080933	-0.0875948965549469	0.0928405299782753	0.479018896818161	0.2203153818845749	0.2644626200199127	0.03830553963780403	0.151128351688385	0.006267276126891375	-0.05194282904267311	0.20337902009487152	0.11754292994737625	-0.19320163130760193	-0.5713048577308655	-0.15633946657180786	-0.03055792860686779	-0.15197700262069702	-0.2837246060371399	-0.26790478825569153	0.33766186237335205	-0.228815495967865	-0.24272111058235168	0.052965760231018066	-0.05340559780597687	-0.40506407618522644	0.2667750418186188	0.06134095788002014	-0.33614087104797363	-0.2980842590332031	-0.1411067396402359	-0.33498138189315796	0.20005325973033905	0.2385009229183197	0.18889747560024261	-0.21255820989608765	-0.40030214190483093	-0.20038367807865143	-0.14502139389514923	-0.1773524284362793	-0.24861788749694824	-0.2733614444732666	-0.06904375553131104	0.23053814470767975	-0.14619450271129608	0.1654597371816635	0.0029655222315341234	0.1560455709695816	0.011092794127762318	-0.042820755392313004	-0.33501124382019043	-0.13973906636238098	-0.23675230145454407	-0.30445417761802673	0.0328977145254612	0.1660701334476471	-0.08012615144252777	0.1918264478445053	0.16737677156925201	-0.040426578372716904	-0.28876033425331116	0.09824347496032715	-0.07135279476642609	-0.04901343211531639	-0.16477122902870178	-0.16860733926296234	-0.24664942920207977	-0.25652265548706055	0.07178077101707458	0.10177143663167953	-0.2657262980937958	-0.20256835222244263	-0.12396255135536194	-0.4275110363960266	-0.018427642062306404	0.13887465000152588	-0.06568507850170135	-0.025644445791840553	-0.1757858842611313	-0.057381123304367065	0.14258357882499695	0.17876030504703522	0.060476917773485184	0.07505707442760468	0.17740225791931152	-0.10488086193799973	-0.21989983320236206	-0.2210775911808014
LH_Vis_8	0.22185175120830536	0.33399972319602966	0.13384908437728882	0.399726003408432	0.28509607911109924	-0.21568343043327332	0.4452248215675354	1.0	-0.016923950985074043	-0.5394869446754456	-0.5462037920951843	-0.6277918219566345	-0.47029909491539	-0.44307181239128113	-0.09863638132810593	0.31691551208496094	-0.20827616751194	0.7079706192016602	-0.41338565945625305	0.5492743253707886	0.1365087330341339	-0.04101685434579849	0.5719341039657593	0.08527073264122009	0.1113542765378952	-0.17248058319091797	0.4340740144252777	0.1082478016614914	0.10125728696584702	0.22071413695812225	-0.10187534242868423	-0.1856166422367096	-0.09443682432174683	0.1839268058538437	-0.041915085166692734	0.48693689703941345	-0.06574095785617828	-0.32288962602615356	-0.6372148990631104	-0.30132097005844116	-0.10989207029342651	-0.38465002179145813	-0.4737449288368225	0.039275482296943665	0.23025254905223846	-0.2635643482208252	-0.38996484875679016	0.2625953257083893	-0.13570581376552582	0.10842248797416687	0.19317825138568878	0.14112141728401184	0.2738144099712372	0.18362922966480255	0.004852231591939926	0.04837287589907646	0.8636257648468018	0.25868484377861023	-0.5984640717506409	-0.595315158367157	-0.5596417784690857	-0.5419654846191406	-0.4389740824699402	-0.4762780964374542	-0.5031492114067078	-0.19595639407634735	0.39853379130363464	-0.4007320702075958	0.18982526659965515	0.6155090928077698	0.23825418949127197	-0.11265452206134796	0.36196982860565186	-0.4543909728527069	-0.3115554451942444	-0.2862008810043335	-0.12139607965946198	-0.13603046536445618	-0.29096519947052	-0.34593650698661804	-0.1386495679616928	0.031378332525491714	-0.26765018701553345	-0.09373465925455093	0.15846069157123566	-0.2727239727973938	-0.28532904386520386	0.005875993520021439	0.58237624168396	-0.31219229102134705	-0.3222663402557373	-0.5919234752655029	-0.5816059708595276	-0.5353739857673645	-0.2421473115682602	-0.2157670110464096	-0.3764820694923401	-0.056541573256254196	0.02741404063999653	-0.3894224762916565	0.29855576157569885	0.24327830970287323	0.39060935378074646	0.12285683304071426	-0.3325708508491516	0.10143055766820908	-0.24196939170360565	0.0030122275929898024	0.049034472554922104	-0.014892552979290485	-0.006125595886260271	-0.014018773101270199	-0.49330514669418335	0.05028138309717178	-0.0251067653298378	0.19914279878139496	-0.023135490715503693	0.24868974089622498	-0.48733440041542053	0.14041917026042938	-0.00035054358886554837	-0.15671467781066895	-0.01309172436594963	0.006813198793679476	0.017984755337238312	0.11256542801856995	-0.06662902981042862	-0.3346041440963745	-0.513955295085907	0.022775115445256233	-0.13832762837409973	-0.16726572811603546	-0.3008376359939575	-0.19668450951576233	-0.2699229419231415	-0.6191830635070801	-0.25279852747917175	-0.2716739773750305	-0.3613363802433014	-0.540374219417572	-0.4396721422672272	-0.5221974849700928	-0.3693557381629944	-0.37485554814338684	-0.3313252627849579	-0.3720082640647888	-0.05451469123363495	0.13121631741523743	0.3509967029094696	0.045268069952726364	0.22596463561058044	0.21818320453166962	-0.057576294988393784	-0.09066201001405716	-0.06072411313652992	-0.0990404561161995
LH_Vis_9	0.0686243325471878	-0.5839565992355347	0.7655178308486938	-0.8035479784011841	-0.06452041119337082	0.8905292749404907	-0.20423518121242523	-0.016923950985074043	1.0	0.4221456050872803	0.567946195602417	0.5482093095779419	0.5483687520027161	0.3024458587169647	0.5982842445373535	-0.6266898512840271	-0.26673170924186707	-0.4782945215702057	-0.2337253987789154	0.029539281502366066	0.23449201881885529	-0.6403912901878357	-0.48124927282333374	-0.20887906849384308	-0.30225369334220886	-0.31320059299468994	0.021539634093642235	-0.39706844091415405	0.19654983282089233	-0.3495059907436371	-0.46213921904563904	-0.5380669832229614	-0.4566658139228821	-0.6835388541221619	-0.567922055721283	0.31990480422973633	-0.26779407262802124	0.33282262086868286	0.4269923269748688	0.38178160786628723	0.18600046634674072	0.18721817433834076	-0.11857060343027115	-0.14230658113956451	0.13602277636528015	0.06726166605949402	0.08032738417387009	-0.5107548236846924	0.6446228623390198	0.29458287358283997	-0.21934685111045837	0.0593438595533371	-0.47661104798316956	-0.729917049407959	0.6421744227409363	0.8282245993614197	-0.297773152589798	0.9093798995018005	0.40440472960472107	0.60393887758255	0.5105016827583313	0.5826020240783691	0.4194023609161377	0.5876007676124573	0.6554962992668152	0.5988619327545166	-0.3554552495479584	0.3399514853954315	-0.7775590419769287	-0.5607845187187195	0.2961655855178833	-0.6180271506309509	-0.3135923445224762	0.33298367261886597	0.06670566648244858	-0.24634873867034912	0.05182711035013199	0.1752617508172989	-0.4437464773654938	-0.3002125024795532	-0.6606109142303467	-0.5648221373558044	0.15299904346466064	-0.5239478349685669	0.39325955510139465	-0.07355580478906631	-0.1084737777709961	-0.4337957203388214	-0.2278849482536316	0.05809758976101875	-0.4396679699420929	-0.010161906480789185	0.3077909052371979	0.326715350151062	-0.19749301671981812	-0.034270595759153366	0.21905024349689484	-0.4140039086341858	0.41628751158714294	0.2963511049747467	0.17821934819221497	0.054438043385744095	-0.004981075879186392	0.07880603522062302	-0.008755664341151714	0.14471080899238586	0.2884756028652191	0.35946911573410034	0.2064119428396225	-0.2665378749370575	0.3300427198410034	0.12898507714271545	-0.06866810470819473	-0.24462556838989258	0.3329949676990509	0.20289207994937897	0.011007877066731453	-0.04042581468820572	0.22332663834095	0.2523706257343292	0.05738464370369911	-0.12562713027000427	-0.018826955929398537	-0.308365136384964	0.31286510825157166	-0.06917360424995422	-0.27330759167671204	0.1723628044128418	0.3212144672870636	-0.06674142926931381	-0.03367602825164795	0.10641201585531235	0.25769174098968506	-0.08954808861017227	0.10391180962324142	0.16031351685523987	0.008534389548003674	-0.3768211305141449	0.21726670861244202	0.2034672647714615	-0.005054535809904337	0.2181999534368515	-0.25482016801834106	-0.15593647956848145	-0.10689674317836761	-0.20780910551548004	0.37499159574508667	-0.17469821870326996	0.005921156145632267	-0.07099750638008118	-0.06563623994588852	-0.3721785545349121	0.07881536334753036	-0.10456342250108719	-0.3727061450481415	0.07739093154668808
LH_SomMot_1	-0.15678974986076355	-0.3255121409893036	0.35962510108947754	-0.5442642569541931	-0.08147371560335159	0.5259982943534851	-0.10999675840139389	-0.5394869446754456	0.4221456050872803	1.0	0.7601431608200073	0.8127707839012146	0.530326783657074	0.413728266954422	0.09516271203756332	-0.4182336926460266	0.17370910942554474	-0.5664193630218506	0.20403283834457397	-0.33818313479423523	-0.10480289906263351	-0.23721817135810852	-0.3012027442455292	0.10708660632371902	-0.130015030503273	0.3217107355594635	-0.15816780924797058	0.012031493708491325	0.270819753408432	-0.1234937459230423	-0.15895722806453705	-0.023099958896636963	-0.3626478314399719	-0.5328532457351685	-0.2807319164276123	-0.17008985579013824	-0.071825310587883	0.47410863637924194	0.5268524885177612	0.5661377310752869	-0.06625482439994812	0.41564393043518066	0.06425786763429642	0.12070030719041824	-0.09940335154533386	0.03016103245317936	0.10109597444534302	-0.5226008892059326	0.4392389953136444	0.1191178485751152	-0.33069416880607605	0.06591839343309402	-0.26188942790031433	-0.34061917662620544	0.44711384177207947	0.44985154271125793	-0.6224495768547058	0.3297649025917053	0.8929432034492493	0.6920719742774963	0.6736832857131958	0.5870912671089172	0.509205162525177	0.43624797463417053	0.5697752237319946	0.15007731318473816	-0.27946409583091736	0.2984655499458313	-0.49317917227745056	-0.5544677972793579	-0.21297013759613037	-0.3261336088180542	-0.03722892329096794	0.5495879054069519	0.4371984302997589	0.35305923223495483	0.2582501173019409	0.3448978364467621	-0.1447066366672516	-0.04098033159971237	-0.3144821226596832	-0.47306737303733826	0.18896129727363586	-0.14285814762115479	0.10602939873933792	0.1116764172911644	0.28725552558898926	-0.1676148772239685	-0.4117242097854614	0.023930270224809647	-0.2530819773674011	0.39269569516181946	0.6716642379760742	0.3892878293991089	-0.10800149291753769	0.220292866230011	-0.013026717118918896	-0.36683475971221924	0.25473731756210327	0.582274317741394	0.12746629118919373	0.07161663472652435	-0.08008138090372086	-0.21254944801330566	0.5187401175498962	-0.1542624980211258	0.3136208951473236	0.19437548518180847	-0.12777312099933624	-0.29320454597473145	0.15168026089668274	-0.09222755581140518	0.38494834303855896	0.06706997752189636	0.3725602626800537	0.11356212198734283	0.18015797436237335	-0.24604380130767822	0.6095213294029236	0.24075613915920258	-0.07360665500164032	-0.271162211894989	0.09161496162414551	-0.18499253690242767	0.29030534625053406	-0.2780706584453583	-0.19031080603599548	0.5078219771385193	0.6269721984863281	0.1745479255914688	0.2778747081756592	0.42737293243408203	0.38171976804733276	0.12058839201927185	0.19372853636741638	0.63799649477005	0.2824539244174957	0.33143821358680725	0.6019802093505859	0.6147713661193848	0.5514099597930908	0.5681794285774231	0.22234073281288147	0.20824547111988068	0.26688671112060547	0.3506413400173187	0.08351583778858185	-0.3499397933483124	-0.2431548833847046	-0.08753068000078201	-0.24574725329875946	-0.39481350779533386	0.02599675953388214	-0.03264845907688141	-0.37735816836357117	-0.1666124016046524
LH_SomMot_2	0.22998805344104767	-0.44136857986450195	0.5335773825645447	-0.7141918540000916	-0.20571023225784302	0.7028483152389526	-0.3443780541419983	-0.5462037920951843	0.567946195602417	0.7601431608200073	1.0	0.9510037302970886	0.7167757153511047	0.45083382725715637	0.45988425612449646	-0.5268892645835876	-0.04470057785511017	-0.7880018353462219	-0.011476409621536732	-0.4509602189064026	-0.10232478380203247	-0.3893159329891205	-0.5761571526527405	-0.0654694139957428	-0.02993135340511799	0.23883461952209473	-0.22027704119682312	0.05518294498324394	0.2776525020599365	-0.2960943281650543	-0.05289119854569435	-0.029739243909716606	-0.3394008278846741	-0.5806546211242676	-0.2838890254497528	-0.07787784934043884	0.06832243502140045	0.20515501499176025	0.4535655379295349	0.4076261818408966	-0.029626846313476562	0.5433090925216675	0.184030219912529	0.16884484887123108	0.03076971136033535	0.016836848109960556	0.07995937764644623	-0.515037477016449	0.6988455057144165	0.05408427119255066	0.031899310648441315	0.15959934890270233	-0.37536126375198364	-0.514233410358429	0.5282655358314514	0.6797379851341248	-0.5515204668045044	0.4381139576435089	0.8271644115447998	0.9330824017524719	0.8551424145698547	0.7712346315383911	0.6957948803901672	0.5575013160705566	0.7298715114593506	0.5386690497398376	-0.345330148935318	0.37217575311660767	-0.5937203168869019	-0.7489175796508789	-0.01245985645800829	-0.2502455413341522	-0.348067969083786	0.4919748902320862	0.425982803106308	0.39150846004486084	0.3604861795902252	0.44820162653923035	-0.03634534403681755	0.0353006012737751	-0.3069746196269989	-0.35091376304626465	0.3845973312854767	-0.03369547054171562	0.240878164768219	0.2683204710483551	0.3803185522556305	0.04028119891881943	-0.3635472357273102	0.14799681305885315	-0.12280060350894928	0.36555081605911255	0.5062330365180969	0.6224302053451538	0.09298788011074066	0.36196818947792053	0.23596036434173584	-0.2692834436893463	0.5639159083366394	0.47091343998908997	0.19900144636631012	0.009105109609663486	0.03856147825717926	-0.21456415951251984	0.5035985708236694	-0.03379569202661514	0.42586129903793335	0.24781563878059387	-0.002142477547749877	-0.19409912824630737	0.15644194185733795	0.034808412194252014	0.2671191692352295	0.1055595800280571	0.4287499189376831	0.07740310579538345	0.21937277913093567	-0.2640596628189087	0.6485615968704224	0.2567230463027954	0.21297773718833923	-0.1419297307729721	0.18529397249221802	-0.24102440476417542	0.3318781554698944	-0.30922386050224304	-0.307976096868515	0.6759169101715088	0.5317718386650085	0.17989541590213776	0.38293659687042236	0.30015841126441956	0.3998241722583771	0.10266930609941483	0.34239956736564636	0.6503342390060425	0.21828316152095795	0.2248782366514206	0.5421209335327148	0.6458792090415955	0.5079389810562134	0.6455999612808228	0.24925316870212555	0.22289471328258514	0.2330460548400879	0.26564162969589233	0.2556990683078766	-0.19754743576049805	-0.06501088291406631	0.1135871484875679	-0.24608595669269562	-0.34918805956840515	0.05297384411096573	-0.23111693561077118	-0.2819182872772217	0.09360483288764954
LH_SomMot_3	0.10306044667959213	-0.46746790409088135	0.4631521999835968	-0.7285345196723938	-0.14283280074596405	0.7005600929260254	-0.3688049614429474	-0.6277918219566345	0.5482093095779419	0.8127707839012146	0.9510037302970886	1.0	0.7263180613517761	0.5535815358161926	0.4070724844932556	-0.5894284248352051	0.11163540929555893	-0.7956564426422119	0.1529390960931778	-0.4553343653678894	-0.07249468564987183	-0.29426005482673645	-0.5319712162017822	-0.03908926248550415	-0.11169257014989853	0.3002825081348419	-0.2030990570783615	0.0454399548470974	0.23773503303527832	-0.1682988703250885	-0.04112331569194794	-0.055380627512931824	-0.3519720137119293	-0.6169025897979736	-0.29346492886543274	-0.10480740666389465	-0.043931491672992706	0.2578139901161194	0.5065656304359436	0.36085644364356995	-0.01596449315547943	0.5433012843132019	0.20296111702919006	0.1577930897474289	0.0083956653252244	0.09056451916694641	0.15688742697238922	-0.5360886454582214	0.6724368333816528	0.03773067519068718	-0.09103970974683762	0.07942567020654678	-0.4519897401332855	-0.4965019226074219	0.516706109046936	0.6174728870391846	-0.6431539058685303	0.39569589495658875	0.8700764775276184	0.9261876940727234	0.8782144784927368	0.7716451287269592	0.6880810260772705	0.6010411977767944	0.7350791096687317	0.4890978932380676	-0.41853493452072144	0.4458703100681305	-0.6208353638648987	-0.7479594349861145	-0.013164314441382885	-0.26682767271995544	-0.2768690884113312	0.461396187543869	0.4595586061477661	0.3840097486972809	0.3257075250148773	0.4677322208881378	-0.03935765102505684	0.01391542423516512	-0.3339718282222748	-0.43021827936172485	0.3677542209625244	-0.12283690273761749	0.1978866010904312	0.15618930757045746	0.29784876108169556	-0.0233653262257576	-0.4234031140804291	0.10655563324689865	-0.16943633556365967	0.35995522141456604	0.5435642004013062	0.6256828904151917	0.04467105120420456	0.32163557410240173	0.22838377952575684	-0.30667752027511597	0.4995194673538208	0.4880785048007965	0.16299670934677124	-0.06791754812002182	-0.06508006900548935	-0.24311400949954987	0.5286918878555298	-0.02470172569155693	0.40914106369018555	0.22128963470458984	-0.030866291373968124	-0.19786198437213898	0.17420707643032074	0.03526861593127251	0.3707292377948761	0.12091013044118881	0.4175867736339569	0.0032308551017194986	0.17929790914058685	-0.2653225064277649	0.6526048183441162	0.1938246637582779	0.10492803901433945	-0.13713939487934113	0.17416808009147644	-0.2386893332004547	0.27821582555770874	-0.33158063888549805	-0.26753339171409607	0.6255304217338562	0.587769091129303	0.19083696603775024	0.3666969835758209	0.3488222658634186	0.4756701588630676	0.22768385708332062	0.3715165853500366	0.6515895128250122	0.2616910934448242	0.2793765068054199	0.5798434019088745	0.6654857993125916	0.5415099263191223	0.6430675983428955	0.23633114993572235	0.21466249227523804	0.24663914740085602	0.2820127606391907	0.20403896272182465	-0.24118268489837646	-0.1829991191625595	0.022961385548114777	-0.35467836260795593	-0.43074965476989746	-0.048741232603788376	-0.2413501739501953	-0.3425542712211609	0.0038157585076987743
