Node	DMN_LABEL_1	Vis_LABEL_2	FP_LABEL_3	Aud_LABEL_4	Tpole_LABEL_5	PMN_LABEL_6	PON_LABEL_7	MTL_LABEL_8	PON_LABEL_9	CO_LABEL_10	Sal_LABEL_11	CO_LABEL_12	SMd_LABEL_13	SMl_LABEL_14	DAN_LABEL_15	DMN_LABEL_16	CO_LABEL_17	DMN_LABEL_18	VAN_LABEL_19	CO_LABEL_20	CO_LABEL_21	Sal_LABEL_22	DAN_LABEL_23	PMN_LABEL_24	DAN_LABEL_25	DMN_LABEL_26	DMN_LABEL_27	DMN_LABEL_28	Vis_LABEL_29	FP_LABEL_30	Aud_LABEL_31	Tpole_LABEL_32	PMN_LABEL_33	PON_LABEL_34	MTL_LABEL_35	CO_LABEL_36	Sal_LABEL_37	CO_LABEL_38	SMd_LABEL_39	SMl_LABEL_40	DAN_LABEL_41	CO_LABEL_42	VAN_LABEL_43	CO_LABEL_44	CO_LABEL_45	Sal_LABEL_46	DAN_LABEL_47	PMN_LABEL_48	DAN_LABEL_49	DMN_LABEL_50	FP_LABEL_51	DMN_LABEL_52	DMN_LABEL_53	PON_LABEL_54	DMN_LABEL_55	Tpole_LABEL_56	Tpole_LABEL_57	Sal_LABEL_58	Sal_LABEL_59	SMd_LABEL_60	DAN_LABEL_61	FP_LABEL_62	DMN_LABEL_63	FP_LABEL_64	FP_LABEL_65	SMd_LABEL_66	SMl_LABEL_67	SMd_LABEL_68	DMN_LABEL_69	DAN_LABEL_70	DMN_LABEL_71	FP_LABEL_72	SMd_LABEL_73	SMl_LABEL_74	MTL_LABEL_75	MTL_LABEL_76	CO_LABEL_77	CO_LABEL_78	Vis_LABEL_79	Vis_LABEL_80
DMN_LABEL_1	1.0	-0.17713551223278046	-0.07362224161624908	0.012464224360883236	0.1695059984922409	0.3521645963191986	-0.1003769263625145	n/a	-0.09810800850391388	-0.3125671446323395	0.20340830087661743	-0.4275793135166168	-0.35275596380233765	-0.2882001996040344	-0.33215638995170593	0.4639586806297302	-0.38878607749938965	0.35768747329711914	0.5562535524368286	-0.22724120318889618	-0.20880919694900513	0.2684844732284546	0.006517606321722269	0.4034506380558014	-0.6217302083969116	0.04009954631328583	0.30252605676651	0.49535757303237915	-0.1953701376914978	-0.09927750378847122	-0.06080746650695801	0.052412424236536026	0.2832911014556885	-0.00026151619385927916	n/a	0.08408033102750778	0.29383495450019836	0.1920539140701294	-0.2566675543785095	-0.4561329483985901	-0.3733800947666168	-0.4245237112045288	0.5863760113716125	-0.10548887401819229	-0.20622824132442474	0.32927075028419495	-0.23654238879680634	0.39438673853874207	-0.5122851133346558	-0.00038210191996768117	-0.15001748502254486	-0.15366317331790924	0.018767645582556725	-0.14836212992668152	-0.12507839500904083	-0.2945907413959503	-0.4798925220966339	0.05252395570278168	0.05155755952000618	0.10359462350606918	-0.15291176736354828	-0.0906979888677597	-0.10985956341028214	0.19622620940208435	-0.09442578256130219	0.39562320709228516	0.4215019643306732	-0.15757505595684052	0.30743148922920227	0.4505791962146759	-0.08650430291891098	0.14779184758663177	-0.5857102870941162	0.024696573615074158	0.24586297571659088	0.13136622309684753	-0.24081066250801086	-0.3098583519458771	-0.39416980743408203	-0.13515348732471466
Vis_LABEL_2	-0.17713551223278046	1.0	-0.1298578828573227	0.365182101726532	-0.07851460576057434	0.05415743589401245	0.7512955069541931	n/a	0.18925902247428894	0.6227913498878479	0.29525524377822876	0.5294806361198425	-0.27639734745025635	0.558301568031311	-0.33599475026130676	0.07524337619543076	-0.11419664323329926	-0.26493310928344727	-0.23582729697227478	-0.11116965115070343	0.49499091506004333	0.22475944459438324	-0.3347931206226349	-0.19390566647052765	0.030528083443641663	-0.06260868906974792	0.1361004263162613	-0.4983939230442047	0.868751049041748	-0.2538716197013855	0.13290220499038696	-0.11788015067577362	-0.16811339557170868	0.6324077248573303	n/a	0.1737588495016098	0.12045633047819138	0.41754958033561707	-0.3003956079483032	0.6764631867408752	-0.3747921288013458	-0.11294285953044891	0.19718874990940094	0.3397463262081146	0.41617199778556824	0.11450021713972092	-0.21076640486717224	-0.07063953578472137	-0.3279479742050171	0.10115823894739151	-0.3607604503631592	-0.15485145151615143	0.08705781400203705	0.3663841784000397	-0.061594173312187195	0.07134228199720383	0.056198474019765854	0.352771520614624	0.33511048555374146	-0.19440269470214844	0.08528543263673782	-0.4196872115135193	-0.4280259609222412	-0.2904382050037384	-0.2259334772825241	-0.46627873182296753	-0.0718802735209465	-0.022836389020085335	0.21392671763896942	-0.022942760959267616	-0.3130408227443695	0.030499519780278206	-0.14280641078948975	-0.2571612000465393	0.3498830795288086	0.16781958937644958	0.30907395482063293	0.2605855166912079	0.3211723268032074	0.5059565305709839
FP_LABEL_3	-0.07362224161624908	-0.1298578828573227	1.0	-0.44743582606315613	0.11903886497020721	-0.3424404561519623	-0.1498950719833374	n/a	-0.29150792956352234	-0.2995062470436096	-0.2513441741466522	-0.40453025698661804	-0.09033636003732681	-0.008202467113733292	0.44606485962867737	0.18770022690296173	0.22281475365161896	0.2718520164489746	0.1615501493215561	-0.16693079471588135	0.07065344601869583	-0.15995270013809204	0.20848236978054047	-0.0881538912653923	0.4000195562839508	0.43409648537635803	0.2813122868537903	0.26943647861480713	-0.4154073894023895	-0.16838635504245758	-0.26237937808036804	0.15977951884269714	-0.4022368788719177	-0.30766868591308594	n/a	-0.32337743043899536	-0.31625106930732727	-0.2815206050872803	-0.4121442139148712	0.02803034521639347	0.180806502699852	-0.05502548813819885	0.2411872148513794	-0.08754637092351913	0.0724630132317543	-0.25663721561431885	0.029129335656762123	-0.47235989570617676	0.20564304292201996	0.32827743887901306	-0.20650838315486908	0.026054080575704575	0.0792955830693245	-0.32937002182006836	0.10469510406255722	-0.20099391043186188	0.25883907079696655	-0.4515863060951233	-0.33841267228126526	-0.4329352080821991	-0.48170316219329834	-0.20863217115402222	0.024750476703047752	0.07936927676200867	-0.29307493567466736	-0.08591257035732269	0.13352206349372864	-0.26515889167785645	-0.301640123128891	-0.3207152485847473	0.15493370592594147	0.18910357356071472	0.03356572985649109	0.16007471084594727	-0.26466667652130127	-0.47887641191482544	-0.18973249197006226	-0.2231757789850235	-0.2867720127105713	-0.12047377228736877
Aud_LABEL_4	0.012464224360883236	0.365182101726532	-0.44743582606315613	1.0	-0.2713335454463959	0.5982630848884583	0.5013679265975952	n/a	0.3279893696308136	0.6702884435653687	0.7462235689163208	0.21036797761917114	0.025176648050546646	0.546768069267273	-0.44053471088409424	0.06265617907047272	0.26978424191474915	-0.21320345997810364	0.1490301489830017	0.5163438320159912	0.4306287169456482	0.5112966895103455	-0.7525229454040527	0.44126906991004944	-0.313486784696579	-0.2821546792984009	-0.37079519033432007	-0.3990520238876343	0.5021942257881165	0.043875910341739655	0.908791720867157	-0.3872692286968231	0.4915042817592621	0.6189932227134705	n/a	0.6522268056869507	0.7337679862976074	0.06866610050201416	0.2580559253692627	0.45161324739456177	-0.34924161434173584	0.49643948674201965	0.13697746396064758	0.7119172215461731	0.5172867774963379	0.5825894474983215	-0.6369976997375488	0.6150517463684082	-0.46004125475883484	-0.39658012986183167	0.07826365530490875	-0.05537266656756401	-0.45577600598335266	0.4019870460033417	-0.3648434579372406	-0.046181660145521164	-0.1300068497657776	0.5794261693954468	0.5719473361968994	0.5093163251876831	0.6291985511779785	-0.2154921293258667	-0.664300799369812	-0.6289837956428528	-0.2966015040874481	-0.016255086287856102	0.05260416492819786	0.0819883942604065	0.2841053307056427	0.3062310218811035	-0.6958669424057007	-0.4892254173755646	-0.25414618849754333	-0.2780607044696808	0.5001802444458008	0.4743974804878235	0.37602412700653076	0.5872703790664673	0.08283917605876923	0.26660919189453125
Tpole_LABEL_5	0.1695059984922409	-0.07851460576057434	0.11903886497020721	-0.2713335454463959	1.0	-0.38656631112098694	-0.02226448245346546	n/a	0.22481228411197662	-0.28247368335723877	-0.1837310642004013	-0.10169263929128647	-0.031986817717552185	-0.1230991929769516	-0.24445371329784393	0.25709131360054016	-0.41325727105140686	0.43682390451431274	0.3604871332645416	-0.07689443975687027	-0.07412129640579224	-0.03977612406015396	-0.10737799853086472	-0.3349180519580841	-0.41421011090278625	-0.13355325162410736	0.46559348702430725	0.013690470717847347	-0.1809968203306198	-0.07148387283086777	-0.3314865529537201	0.8304827809333801	-0.46364450454711914	-0.15179575979709625	n/a	-0.2638969123363495	-0.0024723713286221027	-0.05871601402759552	-0.2515959143638611	-0.10917741060256958	-0.050370726734399796	-0.5077561140060425	0.25818464159965515	-0.20637980103492737	-0.11695253103971481	-0.05124661326408386	-0.236169695854187	-0.2849690914154053	-0.14702728390693665	0.22124120593070984	-0.3911592662334442	0.1413704752922058	0.7643927335739136	0.16799184679985046	0.2044011354446411	-0.028000405058264732	0.06225791573524475	-0.41403770446777344	-0.516598105430603	-0.3304632306098938	-0.55815190076828	0.25297415256500244	-0.03381285071372986	0.3528372645378113	-0.29965436458587646	-0.04941403865814209	0.1093720942735672	-0.007058379705995321	0.006879300810396671	-0.2600615918636322	-0.11396859586238861	0.2321399599313736	0.07458218187093735	0.46945643424987793	0.11957454681396484	-0.1606326550245285	-0.4865431785583496	-0.49760618805885315	-0.1782621145248413	-0.07940791547298431
PMN_LABEL_6	0.3521645963191986	0.05415743589401245	-0.3424404561519623	0.5982630848884583	-0.38656631112098694	1.0	0.10205268114805222	n/a	0.057696036994457245	0.4046999514102936	0.6515907645225525	-0.26260071992874146	-0.0840071514248848	0.024881619960069656	-0.08295892924070358	0.11713743954896927	0.2611420750617981	-0.260421484708786	0.11369698494672775	0.19047529995441437	0.29614150524139404	0.4804151952266693	-0.3032251298427582	0.7198213338851929	-0.27462029457092285	-0.25244197249412537	-0.30109351873397827	-0.037498511373996735	0.25315406918525696	0.1114998459815979	0.5862917304039001	-0.5110724568367004	0.8556907176971436	0.33811280131340027	n/a	0.5181167125701904	0.550523042678833	-0.08080685138702393	0.307399183511734	-0.13715365529060364	-0.36824750900268555	0.4349270761013031	0.09538096934556961	0.6655673384666443	0.27776581048965454	0.5581783652305603	-0.24163833260536194	0.8105118870735168	-0.4088897705078125	-0.39382460713386536	0.2323925644159317	-0.0868607759475708	-0.4870401918888092	0.06545647978782654	-0.28341570496559143	-0.15796464681625366	-0.24757462739944458	0.5742953419685364	0.585620105266571	0.5037129521369934	0.5214716792106628	-0.11266027390956879	-0.43720459938049316	-0.24254265427589417	-0.006934959441423416	0.26139751076698303	0.22203722596168518	0.12168141454458237	0.5185410380363464	0.5296006798744202	-0.2917681634426117	-0.18478763103485107	-0.2974817752838135	-0.333959698677063	0.561577320098877	0.5559955835342407	0.34221938252449036	0.3378533720970154	-0.05806783214211464	0.07418699562549591
PON_LABEL_7	-0.1003769263625145	0.7512955069541931	-0.1498950719833374	0.5013679265975952	-0.02226448245346546	0.10205268114805222	1.0	n/a	0.6183122992515564	0.6251081824302673	0.3964853882789612	0.4069017469882965	-0.3987951874732971	0.6454616189002991	-0.48214322328567505	-0.03435870632529259	0.06623542308807373	-0.26155486702919006	-0.1671075075864792	0.08660490810871124	0.5965570211410522	0.24791568517684937	-0.46774807572364807	-0.09274804592132568	-0.05683213472366333	0.0807512030005455	-0.003986071329563856	-0.48235559463500977	0.6371583342552185	-0.40496429800987244	0.3293091356754303	-0.1657135784626007	-0.24307389557361603	0.9282832741737366	n/a	0.32014837861061096	0.3422277569770813	0.38127243518829346	-0.3490407466888428	0.6928814649581909	-0.23198562860488892	0.040818389505147934	0.20481990277767181	0.42614880204200745	0.5943667888641357	0.2856435179710388	-0.37202516198158264	0.0872325673699379	-0.26299533247947693	0.04193020984530449	-0.3413740396499634	0.21246561408042908	-0.05845251679420471	0.6675897836685181	-0.47434306144714355	0.07782278954982758	0.1659674346446991	0.3825555741786957	0.32170167565345764	0.09932073950767517	0.04966947063803673	-0.3110739588737488	-0.5463386178016663	-0.4138636589050293	-0.38120555877685547	-0.37336984276771545	-0.08865810930728912	-0.006822774652391672	0.07298579066991806	-0.00020473047334235162	-0.5568091869354248	0.031874995678663254	-0.12516720592975616	-0.24779359996318817	0.3151266574859619	0.22151519358158112	0.4866717457771301	0.4164101481437683	0.005384943448007107	0.3009936809539795
MTL_LABEL_8	n/a	n/a	n/a	n/a	n/a	n/a	n/a	1.0	n/a	n/a	n/a	n/a	n/a	n/a	n/a	n/a	n/a	n/a	n/a	n/a	n/a	n/a	n/a	n/a	n/a	n/a	n/a	n/a	n/a	n/a	n/a	n/a	n/a	n/a	n/a	n/a	n/a	n/a	n/a	n/a	n/a	n/a	n/a	n/a	n/a	n/a	n/a	n/a	n/a	n/a	n/a	n/a	n/a	n/a	n/a	n/a	n/a	n/a	n/a	n/a	n/a	n/a	n/a	n/a	n/a	n/a	n/a	n/a	n/a	n/a	n/a	n/a	n/a	n/a	n/a	n/a	n/a	n/a	n/a	n/a
PON_LABEL_9	-0.09810800850391388	0.18925902247428894	-0.29150792956352234	0.3279893696308136	0.22481228411197662	0.057696036994457245	0.6183122992515564	n/a	1.0	0.30495235323905945	0.29401054978370667	0.22313377261161804	-0.2697063684463501	0.29422053694725037	-0.41243046522140503	-0.2770470976829529	0.056230537593364716	-0.23500998318195343	-0.06332822144031525	0.201701357960701	0.3968150317668915	0.19433088600635529	-0.3533807098865509	-0.1778646558523178	-0.24845822155475616	-0.06339184939861298	-0.10753806680440903	-0.27917298674583435	0.25196418166160583	-0.24956923723220825	0.24691401422023773	0.05293409526348114	-0.21636950969696045	0.6396045088768005	n/a	0.2782789468765259	0.4093700647354126	0.2124219685792923	-0.12581999599933624	0.23965197801589966	0.05104687437415123	0.08393639326095581	-0.006860480178147554	0.2473795861005783	0.38392162322998047	0.3275105655193329	-0.2840611934661865	-0.0061429450288414955	0.1298382580280304	-0.3292495310306549	-0.23144689202308655	0.31287211179733276	0.05901755392551422	0.9071038961410522	-0.47688841819763184	0.24374032020568848	0.3200475871562958	0.30101680755615234	0.09223173558712006	0.46050670742988586	0.09047455340623856	0.15888608992099762	-0.35398563742637634	-0.05337999388575554	-0.0669211745262146	0.0774821862578392	-0.02475859224796295	0.17552489042282104	-0.08136814087629318	0.06592801958322525	-0.46990489959716797	0.10877291113138199	0.1839659959077835	0.011310719884932041	0.3546414375305176	0.4050932228565216	0.3186265528202057	0.3522481918334961	-0.17154300212860107	0.10220742970705032
CO_LABEL_10	-0.3125671446323395	0.6227913498878479	-0.2995062470436096	0.6702884435653687	-0.28247368335723877	0.4046999514102936	0.6251081824302673	n/a	0.30495235323905945	1.0	0.6778106093406677	0.4518662989139557	-0.004954420030117035	0.6405132412910461	-0.1274741291999817	-0.30083897709846497	0.43772414326667786	-0.6108580231666565	-0.18838189542293549	0.36601531505584717	0.7670798897743225	0.49825164675712585	-0.5348712205886841	0.10834093391895294	0.12707330286502838	-0.3799132704734802	-0.38270556926727295	-0.6984001398086548	0.6792193055152893	-0.022600209340453148	0.4874825179576874	-0.4495333731174469	0.2601483464241028	0.6542716026306152	n/a	0.6128936409950256	0.45122000575065613	0.3350985646247864	0.18511028587818146	0.5789745450019836	-0.03774561733007431	0.42870327830314636	-0.11043795943260193	0.6417037844657898	0.7295072078704834	0.4527278244495392	-0.29643121361732483	0.24315223097801208	-0.13900601863861084	-0.28987666964530945	-0.09722984582185745	-0.059602268040180206	-0.2533451020717621	0.4314817190170288	-0.3403991162776947	0.05650823563337326	0.03857281431555748	0.6839928030967712	0.6331565380096436	0.29437392950057983	0.48368123173713684	-0.27716752886772156	-0.5508344173431396	-0.4898386001586914	-0.2144927978515625	-0.3572230935096741	-0.10368454456329346	0.229403555393219	0.07774068415164948	-0.02482176385819912	-0.5582844614982605	-0.3349326550960541	0.09091120213270187	-0.0997476726770401	0.3321436941623688	0.397788405418396	0.621417224407196	0.6708934903144836	0.20922335982322693	0.09752073884010315
Sal_LABEL_11	0.20340830087661743	0.29525524377822876	-0.2513441741466522	0.7462235689163208	-0.1837310642004013	0.6515907645225525	0.3964853882789612	n/a	0.29401054978370667	0.6778106093406677	1.0	0.1226002648472786	-0.27921321988105774	0.4981573224067688	-0.36733660101890564	-0.041391029953956604	0.23803947865962982	-0.3794374465942383	0.27022889256477356	0.4028206467628479	0.6686331033706665	0.852444589138031	-0.7077896595001221	0.44957175850868225	-0.3436700403690338	-0.30784401297569275	-0.27476227283477783	-0.19755122065544128	0.461068332195282	-0.0387045182287693	0.6642171740531921	-0.3510983884334564	0.5046989917755127	0.557252824306488	n/a	0.7819341421127319	0.8698769211769104	0.32596176862716675	0.06283733993768692	0.27283555269241333	-0.2647574543952942	0.3319791555404663	0.33561092615127563	0.5991213917732239	0.7334780097007751	0.8214961290359497	-0.5743818283081055	0.49930620193481445	-0.3957092761993408	-0.45179980993270874	-0.015177518129348755	-0.1257569044828415	-0.34482917189598083	0.3769538104534149	-0.4303422272205353	-0.14569294452667236	-0.16711756587028503	0.6463862657546997	0.6035091876983643	0.46904686093330383	0.41175591945648193	-0.2869229316711426	-0.5816020965576172	-0.4410738945007324	-0.2272736132144928	0.14720942080020905	0.2669776678085327	-0.0986064225435257	0.16088756918907166	0.30425477027893066	-0.6742858290672302	-0.41355037689208984	-0.3209434747695923	-0.12385166436433792	0.499498188495636	0.4713664948940277	0.4702517092227936	0.6015921831130981	-0.15986216068267822	0.06881339102983475
CO_LABEL_12	-0.4275793135166168	0.5294806361198425	-0.40453025698661804	0.21036797761917114	-0.10169263929128647	-0.26260071992874146	0.4069017469882965	n/a	0.22313377261161804	0.4518662989139557	0.1226002648472786	1.0	0.10174674540758133	0.4711145758628845	-0.1841079145669937	-0.225066140294075	-0.0965193510055542	-0.2659611105918884	-0.29431670904159546	0.2373833805322647	0.24932746589183807	0.06608812510967255	-0.2249026596546173	-0.19711361825466156	0.14609231054782867	-0.07338675856590271	-0.028703154996037483	-0.3290538787841797	0.5501901507377625	-0.011258150450885296	0.03951673209667206	0.014289923943579197	-0.16444672644138336	0.3028501570224762	n/a	0.23199625313282013	0.0730723962187767	0.5268687605857849	-0.0006822521681897342	0.48186227679252625	0.10146021842956543	-0.06988426297903061	-0.24770478904247284	-0.0533299520611763	0.2519933879375458	-0.02842014841735363	-0.03057405725121498	-0.11067862063646317	0.05352408066391945	-0.031051868572831154	0.08410706371068954	-0.060985516756772995	0.2026696801185608	0.30989646911621094	0.02543061226606369	0.1702556163072586	-0.009128650650382042	0.12435546517372131	0.09076815843582153	0.004554300103336573	0.23110638558864594	-0.011031490750610828	-0.1505695879459381	-0.17765264213085175	-0.029860762879252434	-0.3846527934074402	-0.5090933442115784	0.05854408070445061	-0.1431938260793686	-0.2547234296798706	-0.25984564423561096	-0.07646363228559494	-0.005735402926802635	-0.12235382199287415	-0.06852036714553833	0.055829789489507675	0.2128562331199646	0.29526206851005554	0.4507114887237549	0.3063218593597412
SMd_LABEL_13	-0.35275596380233765	-0.27639734745025635	-0.09033636003732681	0.025176648050546646	-0.031986817717552185	-0.0840071514248848	-0.3987951874732971	n/a	-0.2697063684463501	-0.004954420030117035	-0.27921321988105774	0.10174674540758133	1.0	-0.15619488060474396	0.47401899099349976	-0.01043236069381237	0.1733662486076355	0.03229925408959389	-0.14204178750514984	0.31334033608436584	-0.2910796105861664	-0.34800368547439575	0.12764345109462738	0.1540096253156662	0.3245546221733093	-0.18669123947620392	-0.22108662128448486	-0.15002606809139252	-0.2736213803291321	0.6226909160614014	0.09544616937637329	-0.03283573314547539	0.21377107501029968	-0.45040324330329895	n/a	-0.14110879600048065	-0.19004009664058685	-0.4131273329257965	0.6449553966522217	-0.1512169986963272	0.3506544828414917	0.29309648275375366	-0.4968350827693939	-0.03244981914758682	-0.2894957363605499	-0.30713897943496704	0.14520330727100372	0.12377814948558807	0.3402329385280609	0.03894421458244324	0.40022557973861694	-0.027921605855226517	-0.01850675232708454	-0.20406420528888702	0.45181629061698914	-0.14946945011615753	-0.10244674980640411	-0.22915907204151154	-0.22585712373256683	0.042412981390953064	0.41867703199386597	0.3220070004463196	0.014638243243098259	0.08010932803153992	-0.02459155209362507	-0.17979148030281067	-0.29563164710998535	0.37089937925338745	-0.08423586189746857	-0.3185938596725464	0.11094420403242111	-0.26158177852630615	0.2714858949184418	0.21274684369564056	-0.18759240210056305	-0.18768011033535004	-0.3600359559059143	-0.15116724371910095	0.1897326558828354	-0.05702005699276924
SMl_LABEL_14	-0.2882001996040344	0.558301568031311	-0.008202467113733292	0.546768069267273	-0.1230991929769516	0.024881619960069656	0.6454616189002991	n/a	0.29422053694725037	0.6405132412910461	0.4981573224067688	0.4711145758628845	-0.15619488060474396	1.0	-0.3100188076496124	-0.1802351474761963	0.2515624761581421	-0.27558887004852295	-0.19099654257297516	0.411743700504303	0.5555097460746765	0.33957910537719727	-0.5441564917564392	0.08056895434856415	0.17114666104316711	-0.005706743337213993	-0.12212271243333817	-0.4005727469921112	0.42117735743522644	-0.320137083530426	0.5250279307365417	-0.12741494178771973	-0.06899037212133408	0.5714765787124634	n/a	0.3878353238105774	0.3248133063316345	0.24127081036567688	-0.16231472790241241	0.8943763375282288	-0.08415792137384415	0.22636444866657257	0.11600380390882492	0.4720819890499115	0.6196444034576416	0.13220828771591187	-0.35927173495292664	-0.012470338493585587	-0.21341852843761444	-0.18158161640167236	-0.21343226730823517	0.18825560808181763	-0.2516882121562958	0.3139584958553314	-0.2343147099018097	0.0007945047691464424	0.17923901975154877	0.2531822621822357	0.3410939872264862	0.14751315116882324	0.2120417356491089	-0.1547040492296219	-0.46051540970802307	-0.5653285384178162	-0.3469960391521454	-0.3768561780452728	-0.053535398095846176	-0.22428512573242188	-0.1778322011232376	-0.12100205570459366	-0.4917140305042267	-0.21324023604393005	-0.05250217393040657	0.06627921015024185	0.24007347226142883	0.09351488947868347	0.42476603388786316	0.37838950753211975	0.05373462289571762	0.23333662748336792
DAN_LABEL_15	-0.33215638995170593	-0.33599475026130676	0.44606485962867737	-0.44053471088409424	-0.24445371329784393	-0.08295892924070358	-0.48214322328567505	n/a	-0.41243046522140503	-0.1274741291999817	-0.36733660101890564	-0.1841079145669937	0.47401899099349976	-0.3100188076496124	1.0	-0.14301054179668427	0.46696367859840393	-0.2173267900943756	-0.22322715818881989	0.001575852744281292	0.008813777007162571	-0.3084762990474701	0.582673966884613	-0.00970448274165392	0.7406890392303467	0.13334162533283234	-0.06668716669082642	0.058216068893671036	-0.3844747543334961	0.34436607360839844	-0.26384681463241577	-0.24150584638118744	0.07463309168815613	-0.4851700961589813	n/a	-0.16166944801807404	-0.4132809042930603	-0.24904142320156097	0.3606157600879669	-0.289737731218338	0.5436010956764221	0.33518069982528687	-0.3927363157272339	-0.11541996896266937	-0.08759090304374695	-0.3628678619861603	0.5593066215515137	-0.19377706944942474	0.5632171034812927	0.17785778641700745	0.34661927819252014	-0.1468406766653061	-0.020418869331479073	-0.381156861782074	0.31688639521598816	0.04454964026808739	0.21003027260303497	-0.15376783907413483	-0.13526159524917603	-0.12467388063669205	0.06123659759759903	-0.0078032417222857475	0.18323290348052979	0.16922681033611298	0.20395734906196594	-0.11204647272825241	-0.19196869432926178	0.09560038894414902	-0.18052098155021667	-0.3945308029651642	0.36757102608680725	0.15120190382003784	0.26027822494506836	0.002633884083479643	-0.3015139400959015	-0.1485726237297058	-0.20374037325382233	-0.18156906962394714	0.010646052658557892	-0.09147016704082489
DMN_LABEL_16	0.4639586806297302	0.07524337619543076	0.18770022690296173	0.06265617907047272	0.25709131360054016	0.11713743954896927	-0.03435870632529259	n/a	-0.2770470976829529	-0.30083897709846497	-0.041391029953956604	-0.225066140294075	-0.01043236069381237	-0.1802351474761963	-0.14301054179668427	1.0	-0.4924480617046356	0.712867796421051	0.5601867437362671	-0.30600789189338684	-0.2629994750022888	0.0008112979121506214	-0.14023996889591217	0.2230028361082077	-0.3110949993133545	0.2783929109573364	0.6095920205116272	0.2896554172039032	-0.026860902085900307	0.015117143280804157	0.03079926036298275	0.30709436535835266	0.06607761979103088	-0.09563855081796646	n/a	-0.15290389955043793	0.05138018727302551	-0.20230229198932648	-0.2588692605495453	-0.11831432580947876	-0.5988859534263611	-0.4139114022254944	0.5345919132232666	0.03977179527282715	-0.2672528326511383	0.023227082565426826	-0.40573254227638245	0.27823781967163086	-0.5317498445510864	0.502117395401001	-0.17546389997005463	-0.3134699761867523	0.3118940591812134	-0.18729254603385925	0.16051465272903442	-0.3728621304035187	-0.27156171202659607	-0.22307957708835602	-0.04588645324110985	-0.4404532313346863	-0.25073206424713135	-0.30655786395072937	-0.217445969581604	-0.01467231847345829	-0.3650846481323242	-0.13039423525333405	0.12753470242023468	-0.0976843386888504	0.6286324858665466	0.1456177532672882	-0.13976871967315674	0.09394360333681107	-0.4594637453556061	-0.25877925753593445	0.26050248742103577	-0.028183208778500557	-0.5420899987220764	-0.4237172305583954	-0.06523416936397552	0.26729315519332886
CO_LABEL_17	-0.38878607749938965	-0.11419664323329926	0.22281475365161896	0.26978424191474915	-0.41325727105140686	0.2611420750617981	0.06623542308807373	n/a	0.056230537593364716	0.43772414326667786	0.23803947865962982	-0.0965193510055542	0.1733662486076355	0.2515624761581421	0.46696367859840393	-0.4924480617046356	1.0	-0.5045431852340698	-0.20431366562843323	0.5615596175193787	0.4838399887084961	0.08682584762573242	-0.12760239839553833	0.2698371112346649	0.438473641872406	-0.2284981608390808	-0.6027655005455017	-0.298182874917984	-0.09961678087711334	0.22158990800380707	0.400343120098114	-0.5648704767227173	0.25097090005874634	0.13288573920726776	n/a	0.28539177775382996	0.13030906021595	-0.1699979156255722	0.31720882654190063	0.21441558003425598	0.5071574449539185	0.8540864586830139	-0.4008554518222809	0.455892950296402	0.5161611437797546	0.07565213739871979	0.004955253563821316	0.1163860335946083	0.31438490748405457	-0.29282447695732117	0.3465130031108856	0.17527034878730774	-0.4951465427875519	-0.0005235415883362293	-0.2365444302558899	0.19216978549957275	0.3320751190185547	0.22254028916358948	0.19978608191013336	0.4270358085632324	0.4279334247112274	-0.11789470911026001	-0.24729694426059723	-0.4616190195083618	0.006516537629067898	-0.05878265202045441	-0.08853688091039658	0.11051053553819656	-0.32273393869400024	-0.13155026733875275	-0.19401295483112335	-0.2633582353591919	0.20853467285633087	-0.0029402405489236116	-0.054505135864019394	0.13122089207172394	0.4298517107963562	0.47908711433410645	-0.0582612045109272	-0.2486531287431717
DMN_LABEL_18	0.35768747329711914	-0.26493310928344727	0.2718520164489746	-0.21320345997810364	0.43682390451431274	-0.260421484708786	-0.26155486702919006	n/a	-0.23500998318195343	-0.6108580231666565	-0.3794374465942383	-0.2659611105918884	0.03229925408959389	-0.27558887004852295	-0.2173267900943756	0.712867796421051	-0.5045431852340698	1.0	0.5873178839683533	-0.2410053014755249	-0.5574820637702942	-0.2717221975326538	0.012038856744766235	0.07433764636516571	-0.3561500906944275	0.3477836847305298	0.5915102958679199	0.45660650730133057	-0.43013906478881836	-0.1686423271894455	-0.20212265849113464	0.6296213865280151	-0.19471479952335358	-0.4218161106109619	n/a	-0.4473775625228882	-0.2404179573059082	-0.41327157616615295	-0.39079809188842773	-0.2252984642982483	-0.4196201264858246	-0.5614526271820068	0.31173956394195557	-0.2795354127883911	-0.5088062286376953	-0.23744919896125793	-0.3314022421836853	-0.0422881618142128	-0.3542551100254059	0.3127298653125763	-0.279287725687027	0.006867684423923492	0.32229161262512207	-0.3622618019580841	0.17917023599147797	-0.3082559406757355	-0.19130317866802216	-0.6380160450935364	-0.44430407881736755	-0.4682728350162506	-0.46562477946281433	0.1520174741744995	0.08387839049100876	0.20775535702705383	-0.3288063406944275	0.03476512059569359	-0.08205150067806244	-0.02404615469276905	0.19554996490478516	0.068282350897789	0.1379631608724594	0.14686278998851776	-0.23506541550159454	0.053286340087652206	-0.040490515530109406	-0.27423304319381714	-0.5618553161621094	-0.5698226690292358	0.056627705693244934	-0.07855501770973206
VAN_LABEL_19	0.5562535524368286	-0.23582729697227478	0.1615501493215561	0.1490301489830017	0.3604871332645416	0.11369698494672775	-0.1671075075864792	n/a	-0.06332822144031525	-0.18838189542293549	0.27022889256477356	-0.29431670904159546	-0.14204178750514984	-0.19099654257297516	-0.22322715818881989	0.5601867437362671	-0.20431366562843323	0.5873178839683533	1.0	0.0410342775285244	-0.019418658688664436	0.409217894077301	-0.3496372699737549	0.20090889930725098	-0.5634926557540894	0.020306063815951347	0.4156566262245178	0.3505961298942566	-0.20586204528808594	0.008124553598463535	0.0790831595659256	0.2913929224014282	0.11916163563728333	-0.1721455603837967	n/a	0.15032291412353516	0.3830466866493225	-0.013259777799248695	-0.1914040893316269	-0.3026844263076782	-0.2936975359916687	-0.2881123125553131	0.5608229041099548	-0.10180029273033142	0.031520143151283264	0.421414852142334	-0.6427416801452637	0.1513320803642273	-0.40494856238365173	-0.009956925176084042	-0.253385454416275	-0.3833692669868469	0.18865583837032318	-0.07701559364795685	-0.08873666822910309	-0.21995282173156738	-0.23428374528884888	-0.08417517691850662	-0.054578959941864014	-0.1032329872250557	-0.2236432433128357	-0.16895222663879395	-0.2722035348415375	-0.004236338660120964	-0.2930428683757782	0.2724025845527649	0.2038537859916687	-0.05565709248185158	0.19377419352531433	0.12078701704740524	-0.3374141454696655	-0.16577762365341187	-0.4158705174922943	0.04187657684087753	0.2151208072900772	0.11582115292549133	-0.33376383781433105	-0.13576288521289825	-0.13606968522071838	-0.1492961347103119
CO_LABEL_20	-0.22724120318889618	-0.11116965115070343	-0.16693079471588135	0.5163438320159912	-0.07689443975687027	0.19047529995441437	0.08660490810871124	n/a	0.201701357960701	0.36601531505584717	0.4028206467628479	0.2373833805322647	0.31334033608436584	0.411743700504303	0.001575852744281292	-0.30600789189338684	0.5615596175193787	-0.2410053014755249	0.0410342775285244	1.0	0.2897544801235199	0.2627393305301666	-0.41479408740997314	0.40157175064086914	0.011145928874611855	-0.2967641055583954	-0.5526127815246582	-0.20294734835624695	-0.023541638627648354	0.2997456192970276	0.6206461787223816	-0.24337166547775269	0.2888498902320862	0.12994593381881714	n/a	0.35852423310279846	0.4699869453907013	-0.05951426178216934	0.3988953232765198	0.2720705270767212	0.3084464967250824	0.6364602446556091	-0.10742057114839554	0.36673805117607117	0.44167500734329224	0.22649475932121277	-0.26425087451934814	0.2588098347187042	0.0758531466126442	-0.40420767664909363	0.41317614912986755	0.11377931386232376	-0.2760443091392517	0.17919278144836426	-0.08723236620426178	0.10759717971086502	0.14800719916820526	0.041710130870342255	-0.021373961120843887	0.4764789044857025	0.5088276267051697	0.07256320118904114	-0.4807403087615967	-0.3508944511413574	-0.1279587596654892	0.1836443543434143	-0.1587766706943512	-0.12074652314186096	-0.32837536931037903	-0.09741947799921036	-0.491107314825058	-0.4042573571205139	-0.10771499574184418	0.09136520326137543	0.04956628382205963	0.04818267747759819	0.16846343874931335	0.298024982213974	0.003763621672987938	-0.09742376208305359
CO_LABEL_21	-0.20880919694900513	0.49499091506004333	0.07065344601869583	0.4306287169456482	-0.07412129640579224	0.29614150524139404	0.5965570211410522	n/a	0.3968150317668915	0.7670798897743225	0.6686331033706665	0.24932746589183807	-0.2910796105861664	0.5555097460746765	0.008813777007162571	-0.2629994750022888	0.4838399887084961	-0.5574820637702942	-0.019418658688664436	0.2897544801235199	1.0	0.6163367629051208	-0.4526307284832001	0.01539421733468771	0.14306065440177917	-0.1789281964302063	-0.1529512107372284	-0.4529186487197876	0.5135796070098877	-0.18159884214401245	0.350946843624115	-0.24409154057502747	0.031767670065164566	0.6112487316131592	n/a	0.5412123799324036	0.4854864478111267	0.3293343484401703	-0.062245436012744904	0.49417123198509216	0.01240795012563467	0.3587539494037628	0.0831633135676384	0.5439972877502441	0.8966531157493591	0.5369910597801208	-0.3042200207710266	0.031475454568862915	-0.10282470285892487	-0.17104221880435944	-0.1561950147151947	-0.013357914052903652	-0.10665155202150345	0.4615563452243805	-0.34617698192596436	0.1860966682434082	0.30939537286758423	0.4884284436702728	0.3841002583503723	0.1774238795042038	0.13344234228134155	-0.3270474672317505	-0.5392172932624817	-0.3434846103191376	-0.25458261370658875	-0.15978747606277466	-0.004399951547384262	0.06990202516317368	-0.04343065991997719	-0.16273365914821625	-0.5007219910621643	-0.11300139129161835	0.01519148051738739	-0.10080773383378983	0.3830505907535553	0.34859994053840637	0.5078569054603577	0.5619990229606628	-0.0066929953172802925	0.09117738157510757
Sal_LABEL_22	0.2684844732284546	0.22475944459438324	-0.15995270013809204	0.5112966895103455	-0.03977612406015396	0.4804151952266693	0.24791568517684937	n/a	0.19433088600635529	0.49825164675712585	0.852444589138031	0.06608812510967255	-0.34800368547439575	0.33957910537719727	-0.3084762990474701	0.0008112979121506214	0.08682584762573242	-0.2717221975326538	0.409217894077301	0.2627393305301666	0.6163367629051208	1.0	-0.5633202195167542	0.2275824248790741	-0.3303307890892029	-0.20221953094005585	-0.08673905581235886	-0.20202086865901947	0.4256097376346588	-0.10833242535591125	0.40947186946868896	-0.19887346029281616	0.36464980244636536	0.37121519446372986	n/a	0.6499074697494507	0.7791613936424255	0.35369133949279785	0.05879669636487961	0.11965307593345642	-0.2657042145729065	0.10967487841844559	0.44528064131736755	0.36964988708496094	0.6304522752761841	0.8714424967765808	-0.471910297870636	0.27787575125694275	-0.37933921813964844	-0.39666318893432617	-0.17633065581321716	-0.21652109920978546	-0.1813303381204605	0.3073171079158783	-0.29271912574768066	-0.1464259773492813	-0.15494638681411743	0.49833598732948303	0.48756909370422363	0.2668279707431793	0.1949581801891327	-0.2608884274959564	-0.4118517339229584	-0.23156940937042236	-0.10839910805225372	0.18842366337776184	0.17302826046943665	-0.11144359409809113	0.16024383902549744	0.11389203369617462	-0.4808909595012665	-0.3640761077404022	-0.35960736870765686	-0.11025092750787735	0.3841293752193451	0.37889212369918823	0.274699330329895	0.4351753890514374	-0.09435202926397324	-0.0042623234912753105
DAN_LABEL_23	0.006517606321722269	-0.3347931206226349	0.20848236978054047	-0.7525229454040527	-0.10737799853086472	-0.3032251298427582	-0.46774807572364807	n/a	-0.3533807098865509	-0.5348712205886841	-0.7077896595001221	-0.2249026596546173	0.12764345109462738	-0.5441564917564392	0.582673966884613	-0.14023996889591217	-0.12760239839553833	0.012038856744766235	-0.3496372699737549	-0.41479408740997314	-0.4526307284832001	-0.5633202195167542	1.0	-0.23574793338775635	0.4659213423728943	0.3676641881465912	0.110130675137043	0.26094570755958557	-0.4150770604610443	-0.06573327630758286	-0.6582480669021606	0.004460235126316547	-0.21216435730457306	-0.4846905767917633	n/a	-0.506977915763855	-0.7027093768119812	-0.08439113199710846	-0.004779771901667118	-0.4784979820251465	0.29912540316581726	-0.23325343430042267	-0.22077208757400513	-0.5208584070205688	-0.5721723437309265	-0.5571730136871338	0.891395092010498	-0.3609340190887451	0.43357059359550476	0.2495165467262268	0.08777652680873871	0.03634331747889519	0.10664045810699463	-0.39505240321159363	0.269094318151474	0.03285695239901543	0.025162402540445328	-0.3288184404373169	-0.3210929036140442	-0.274527370929718	-0.30315789580345154	0.15135733783245087	0.5454604625701904	0.5786969661712646	0.33606037497520447	0.0933358371257782	-0.18847103416919708	-0.03745264559984207	-0.18347179889678955	-0.1519823521375656	0.7490346431732178	0.5100023746490479	0.18495889008045197	0.023147057741880417	-0.49818652868270874	-0.3322748839855194	-0.28488078713417053	-0.5390684604644775	0.013745501637458801	-0.08737733960151672
PMN_LABEL_24	0.4034506380558014	-0.19390566647052765	-0.0881538912653923	0.44126906991004944	-0.3349180519580841	0.7198213338851929	-0.09274804592132568	n/a	-0.1778646558523178	0.10834093391895294	0.44957175850868225	-0.19711361825466156	0.1540096253156662	0.08056895434856415	-0.00970448274165392	0.2230028361082077	0.2698371112346649	0.07433764636516571	0.20090889930725098	0.40157175064086914	0.01539421733468771	0.2275824248790741	-0.23574793338775635	1.0	-0.19055423140525818	-0.0367218516767025	-0.24971289932727814	0.32123610377311707	-0.15153054893016815	0.22017137706279755	0.5450533628463745	-0.3448260724544525	0.7706778049468994	0.03742103651165962	n/a	0.32098233699798584	0.4089551866054535	-0.21458619832992554	0.16207334399223328	-0.14479799568653107	-0.18851111829280853	0.36178886890411377	0.06584033370018005	0.4443919360637665	0.10818996280431747	0.2583155632019043	-0.27432990074157715	0.8024159073829651	-0.3752748966217041	-0.24118205904960632	0.4510253667831421	0.12238947302103043	-0.5131202936172485	-0.27487456798553467	-0.10741043835878372	-0.3924424648284912	-0.38554641604423523	0.08305364102125168	0.20007064938545227	0.42263615131378174	0.4589104652404785	0.04011712595820427	-0.3686423599720001	-0.24613265693187714	-0.2318062037229538	0.24612660706043243	0.05533092841506004	-0.05545470118522644	0.21082748472690582	0.37881195545196533	-0.2235710620880127	-0.20866219699382782	-0.4484928548336029	-0.143654927611351	0.23621943593025208	0.13951224088668823	0.11997231096029282	0.09448805451393127	-0.13393300771713257	-0.05744250491261482
DAN_LABEL_25	-0.6217302083969116	0.030528083443641663	0.4000195562839508	-0.313486784696579	-0.41421011090278625	-0.27462029457092285	-0.05683213472366333	n/a	-0.24845822155475616	0.12707330286502838	-0.3436700403690338	0.14609231054782867	0.3245546221733093	0.17114666104316711	0.7406890392303467	-0.3110949993133545	0.438473641872406	-0.3561500906944275	-0.5634926557540894	0.011145928874611855	0.14306065440177917	-0.3303307890892029	0.4659213423728943	-0.19055423140525818	1.0	0.3179377019405365	-0.12285702675580978	-0.2206878662109375	-0.08072058111429214	0.018705317750573158	-0.16761329770088196	-0.302486389875412	-0.1810685098171234	-0.14753049612045288	n/a	-0.17151282727718353	-0.5035452842712402	-0.12347466498613358	0.17610977590084076	0.23469558358192444	0.4743393659591675	0.3050662875175476	-0.42915287613868713	-0.03693494200706482	0.048756193369627	-0.4770003855228424	0.5929304957389832	-0.36273127794265747	0.5398893356323242	0.26193445920944214	0.15340091288089752	0.07955168932676315	-0.1750505119562149	-0.20564086735248566	0.1728653907775879	0.09022565931081772	0.35194510221481323	-0.0820944681763649	0.035964127629995346	-0.19765925407409668	0.032171737402677536	-0.06684602797031403	0.21652840077877045	-0.050632670521736145	0.12121988087892532	-0.3904847502708435	-0.3443295657634735	0.039717111736536026	-0.2740180194377899	-0.511906623840332	0.34192824363708496	0.0751243457198143	0.41674456000328064	-0.01816612295806408	-0.4014393389225006	-0.26930874586105347	0.11518797278404236	0.03674864396452904	0.18024103343486786	0.03977625072002411
