Node	HIP-head-m-rh	HIP-head-l-rh	HIP-body-rh	HIP-tail-rh	THA-VPm-rh	THA-VPl-rh	THA-VAi-rh	THA-VAs-rh	THA-DAm-rh	THA-DAl-rh	PUT-VA-rh	PUT-DA-rh	PUT-VP-rh	PUT-DP-rh	CAU-VA-rh	CAU-DA-rh	CAU-body-rh	CAU-tail-rh	lAMY-rh	mAMY-rh	THA-DP-rh	NAc-shell-rh	NAc-core-rh	pGP-rh	aGP-rh	HIP-head-m-lh	HIP-head-l-l	HIP-body-l	HIP-tail-lh	THA-VPm-lh	THA-VPl-lh	THA-VAi-lh	THA-VAs-lh	THA-DAm-lh	THA-DAl-lh	PUT-VA-lh	PUT-DA-l	PUT-VP-lh	PUT-DP-lh	CAU-VA-lh	CAU-DA-lh	CAU-body-lh	CAU-tail-lh	lAMY-lh	mAMY-lh	THA-DP-lh	NAc-shell-lh	NAc-core-lh	pGP-lh	aGP-lh
HIP-head-m-rh	1.0	0.15133939683437347	0.4430548846721649	0.2211238443851471	0.05889477580785751	0.10370426625013351	-0.1262212097644806	0.08014368265867233	0.10887257009744644	0.007376115303486586	-0.4067651331424713	-0.2883302569389343	0.07272600382566452	-0.04314345866441727	0.19626468420028687	-0.1093038022518158	-0.012654419988393784	0.2214251607656479	0.17568665742874146	0.2725833058357239	-0.04377235099673271	-0.5054091215133667	0.03137829899787903	-0.07106083631515503	0.014266765676438808	-0.03979641944169998	0.3345870077610016	0.14940336346626282	0.0014585969038307667	-0.31775403022766113	-0.11435332894325256	0.20536620914936066	-0.08752310276031494	0.0860181599855423	-0.00505405617877841	-0.2739523649215698	-0.24764712154865265	0.15213309228420258	0.08544886857271194	0.34191957116127014	0.11636778712272644	0.015262525528669357	-0.08946370333433151	0.5587880611419678	0.05747375264763832	-0.21169385313987732	-0.01833256706595421	-0.045266930013895035	0.08571652323007584	0.051323302090168
HIP-head-l-rh	0.15133939683437347	1.0	0.42867133021354675	0.36732548475265503	0.017146149650216103	0.06298434734344482	-0.5075045228004456	-0.40098878741264343	-0.28701311349868774	-0.2991063892841339	-0.3001348078250885	-0.042969368398189545	0.3245609700679779	0.044683266431093216	-0.22898711264133453	-0.4544760286808014	-0.4817420542240143	-0.23632904887199402	0.17784100770950317	0.49633869528770447	0.056671563535928726	-0.2523286044597626	-0.4316719174385071	-0.06757660210132599	-0.4095519781112671	0.40379443764686584	0.5235802531242371	0.12252090871334076	-0.1732448935508728	-0.2821906507015228	-0.006123658735305071	-0.3118005394935608	-0.5260842442512512	-0.3682512640953064	-0.34443092346191406	-0.30563634634017944	-0.3709675073623657	-0.09598784148693085	-0.042966242879629135	-0.14254789054393768	-0.29397737979888916	-0.23521044850349426	-0.3841216564178467	0.3999006152153015	0.2974008321762085	-0.2719828486442566	-0.037097785621881485	-0.14156754314899445	-0.11020570993423462	-0.14518432319164276
HIP-body-rh	0.4430548846721649	0.42867133021354675	1.0	0.2723175287246704	-0.24528521299362183	-0.24963822960853577	-0.3885716199874878	-0.12039515376091003	-0.12984363734722137	-0.16417424380779266	-0.057462334632873535	-0.3743077218532562	-0.032400667667388916	-0.24229639768600464	-0.2498384267091751	-0.23813651502132416	0.013637705706059933	0.21807841956615448	-0.040518030524253845	0.3295551538467407	-0.21129269897937775	-0.30525684356689453	-0.02825229801237583	-0.41600894927978516	-0.40929001569747925	0.06230390444397926	0.3960975110530853	0.28986024856567383	0.025899440050125122	-0.4991433918476105	-0.22072327136993408	-0.06944062560796738	-0.31137388944625854	-0.4383445680141449	-0.032085567712783813	-0.22594588994979858	-0.237077534198761	-0.05160166323184967	0.06538151204586029	-0.006452137138694525	-0.1332491636276245	-0.25654834508895874	-0.3810351490974426	0.43078213930130005	0.284714937210083	-0.3420295715332031	-0.014833029359579086	-0.0871305838227272	-0.24226710200309753	-0.17873744666576385
HIP-tail-rh	0.2211238443851471	0.36732548475265503	0.2723175287246704	1.0	-0.04375745356082916	0.022042207419872284	-0.17038963735103607	-0.12756319344043732	-0.11991327255964279	-0.09956633299589157	0.10025474429130554	-0.005365433171391487	0.2607785165309906	0.16754183173179626	0.16861334443092346	-0.1312996745109558	0.15087509155273438	-0.21978360414505005	0.016261033713817596	0.20404385030269623	0.4330456852912903	0.29132193326950073	0.20494037866592407	0.13464605808258057	0.10571574419736862	0.1110953688621521	0.44649121165275574	0.2963069975376129	0.17015840113162994	0.017571469768881798	-0.3863889276981354	0.06807351857423782	-0.2856208086013794	-0.024403031915426254	-0.14643655717372894	0.09639596939086914	-0.014336184598505497	0.18688246607780457	0.25824978947639465	0.15148556232452393	-0.06704629212617874	-0.24083219468593597	-0.23720397055149078	0.12827949225902557	0.004621914122253656	0.3286336362361908	0.3038824498653412	-0.13147340714931488	0.2077825516462326	0.00998431071639061
THA-VPm-rh	0.05889477580785751	0.017146149650216103	-0.24528521299362183	-0.04375745356082916	1.0	0.4142078459262848	0.22526343166828156	0.2530137002468109	0.3609825074672699	0.02287658303976059	0.02254544198513031	0.3371102809906006	0.01247454434633255	0.1242089718580246	0.2034948468208313	0.1810322105884552	-0.12473390996456146	-0.19708436727523804	0.23156696557998657	-0.010350245051085949	0.21878190338611603	-0.1305607408285141	0.12074971944093704	0.151201069355011	0.10311603546142578	-0.14868588745594025	-0.05154040455818176	-0.1389385610818863	0.025409987196326256	0.08757113665342331	0.18965840339660645	0.05793893337249756	-0.11012526601552963	0.38138335943222046	0.3259699046611786	-0.1075945794582367	-0.018970023840665817	-0.05592646822333336	0.03588009998202324	0.2195616215467453	0.12208285182714462	0.08707229048013687	-0.09464604407548904	0.21269145607948303	-0.08627438545227051	0.42301735281944275	-0.05463467910885811	0.06322623789310455	0.09053424745798111	0.491157591342926
THA-VPl-rh	0.10370426625013351	0.06298434734344482	-0.24963822960853577	0.022042207419872284	0.4142078459262848	1.0	-0.041434574872255325	-0.14409281313419342	0.1600639820098877	0.10104668140411377	-0.1588953584432602	0.30871716141700745	0.0867021456360817	-0.08196805417537689	-0.020646078512072563	-0.15985451638698578	-0.17983891069889069	-0.3649766147136688	0.3849598467350006	0.3696894943714142	0.3064025938510895	-0.13623499870300293	-0.23778760433197021	0.5781422853469849	0.15092462301254272	0.3115571439266205	-0.27940860390663147	-0.28429484367370605	0.08693243563175201	0.04865625873208046	0.4658129811286926	0.04550376161932945	-0.2755372226238251	0.1873169243335724	0.019069164991378784	-0.13073335587978363	-0.2065916806459427	-0.007359934970736504	0.0325288251042366	0.0015752394683659077	0.006730449385941029	-0.07558650523424149	-0.20414236187934875	0.22571299970149994	-0.21953941881656647	-0.12606129050254822	-0.021281186491250992	-0.08803188055753708	0.12185440212488174	0.25244635343551636
THA-VAi-rh	-0.1262212097644806	-0.5075045228004456	-0.3885716199874878	-0.17038963735103607	0.22526343166828156	-0.041434574872255325	1.0	0.6148792505264282	0.5410574674606323	0.5431631803512573	0.2641530930995941	0.23748226463794708	-0.1756095290184021	0.24251168966293335	0.4122457504272461	0.5384476184844971	0.3527768552303314	0.2287609875202179	-0.036743421107530594	-0.4397847056388855	-0.15604698657989502	0.2556283473968506	0.5007473826408386	0.0379665307700634	0.5780550837516785	-0.3587927520275116	-0.24202966690063477	-0.13917505741119385	0.1376524567604065	0.4087819755077362	0.34183046221733093	0.6662691831588745	0.71221524477005	0.7384578585624695	0.43308141827583313	0.5753915905952454	0.5578299760818481	0.24756672978401184	0.18540796637535095	0.2180764228105545	0.31265392899513245	0.34128665924072266	0.42631256580352783	-0.23132473230361938	0.013001175597310066	0.3054657280445099	0.30005595088005066	0.2964112460613251	0.3134520649909973	0.2632322311401367
THA-VAs-rh	0.08014368265867233	-0.40098878741264343	-0.12039515376091003	-0.12756319344043732	0.2530137002468109	-0.14409281313419342	0.6148792505264282	1.0	0.5208292007446289	0.5830915570259094	0.36394140124320984	0.04942385479807854	-0.2222731113433838	0.11798836290836334	0.5885103344917297	0.6702247262001038	0.4694581925868988	0.41723373532295227	0.1208101287484169	-0.2530997395515442	-0.05946779251098633	0.02889953926205635	0.5942510366439819	-0.07977650314569473	0.15829017758369446	-0.5731807947158813	-0.061744533479213715	0.019184913486242294	0.07683736830949783	0.17992717027664185	0.12389481067657471	0.6851237416267395	0.6299881339073181	0.49683424830436707	0.43960151076316833	0.4453060030937195	0.437170147895813	0.19407129287719727	0.306378573179245	0.35371798276901245	0.3820856809616089	0.4348810017108917	0.5552047491073608	0.032214973121881485	0.005276212003082037	0.29555395245552063	0.08996769040822983	0.30909231305122375	0.38665834069252014	0.2304372936487198
THA-DAm-rh	0.10887257009744644	-0.28701311349868774	-0.12984363734722137	-0.11991327255964279	0.3609825074672699	0.1600639820098877	0.5410574674606323	0.5208292007446289	1.0	0.5748703479766846	0.16030412912368774	-0.012456499971449375	-0.2783448100090027	-0.09694679081439972	0.44924503564834595	0.567944347858429	0.42634379863739014	0.3058471977710724	-0.33128684759140015	-0.4488258957862854	-0.04008571803569794	-0.1401163637638092	0.2401227504014969	0.14968304336071014	0.24364911019802094	-0.5536153316497803	0.009152314625680447	-0.16851261258125305	-0.0643254742026329	-0.011608126573264599	0.12183641642332077	0.49702149629592896	0.43275099992752075	0.6058035492897034	0.4159994423389435	0.3688047230243683	0.11581601947546005	0.26202064752578735	-0.08851240575313568	0.5708536505699158	0.5520115494728088	0.46937891840934753	0.21434348821640015	-0.21496576070785522	0.1145080178976059	0.13200731575489044	0.17959360778331757	0.2562800645828247	0.33293360471725464	0.5534029006958008
THA-DAl-rh	0.007376115303486586	-0.2991063892841339	-0.16417424380779266	-0.09956633299589157	0.02287658303976059	0.10104668140411377	0.5431631803512573	0.5830915570259094	0.5748703479766846	1.0	0.22680406272411346	0.16604390740394592	0.10594470053911209	0.27308714389801025	0.5176430940628052	0.43358755111694336	0.44004327058792114	0.3317298889160156	-0.035273462533950806	-0.27166661620140076	0.1729436218738556	0.09674648195505142	0.22245526313781738	0.19014017283916473	0.18364104628562927	-0.33992987871170044	-0.001523748622275889	-0.0423709973692894	-0.020998364314436913	0.22904063761234283	0.13177157938480377	0.6073228120803833	0.48394328355789185	0.4451436698436737	0.35570594668388367	0.4863671064376831	0.3333963453769684	0.6033326983451843	0.46296262741088867	0.44107839465141296	0.4357973039150238	0.4962042570114136	0.3750670850276947	-0.1493721902370453	-0.1404593139886856	0.10950516909360886	0.2578602433204651	0.29233837127685547	0.5781254172325134	0.2318025678396225
PUT-VA-rh	-0.4067651331424713	-0.3001348078250885	-0.057462334632873535	0.10025474429130554	0.02254544198513031	-0.1588953584432602	0.2641530930995941	0.36394140124320984	0.16030412912368774	0.22680406272411346	1.0	0.2434721291065216	-0.08106139302253723	0.23505909740924835	0.21837277710437775	0.5379067659378052	0.47184163331985474	0.19181285798549652	-0.21235769987106323	-0.2547539472579956	0.12452621012926102	0.5669299364089966	0.6862677931785583	-0.1498638242483139	0.18117183446884155	-0.29036402702331543	-0.014873038977384567	0.06728654354810715	0.19260276854038239	0.15417106449604034	-0.11330527812242508	0.13940170407295227	0.2036101073026657	0.14395181834697723	0.36913245916366577	0.6128301620483398	0.5685843825340271	0.21251438558101654	0.21828213334083557	0.19844654202461243	0.28930994868278503	0.17011673748493195	0.2855387330055237	-0.34541282057762146	0.06459148228168488	0.33305367827415466	0.3100397288799286	0.35357439517974854	0.015077563934028149	0.37654468417167664
PUT-DA-rh	-0.2883302569389343	-0.042969368398189545	-0.3743077218532562	-0.005365433171391487	0.3371102809906006	0.30871716141700745	0.23748226463794708	0.04942385479807854	-0.012456499971449375	0.16604390740394592	0.2434721291065216	1.0	0.4869661033153534	0.7158429026603699	-0.004726572427898645	0.024574531242251396	0.04051860794425011	-0.020626600831747055	0.424013614654541	0.02279791608452797	0.3526246249675751	0.17965878546237946	0.16785793006420135	0.33766230940818787	0.2700484097003937	0.1579386591911316	-0.09129248559474945	-0.10517700761556625	0.1353294849395752	0.01709042303264141	0.2364083230495453	0.048574160784482956	0.09254997968673706	0.10252753645181656	0.1453658491373062	0.13013775646686554	0.4672532379627228	0.36513248085975647	0.543849527835846	-0.13461242616176605	-0.2207954227924347	0.17931878566741943	0.20985987782478333	-0.09383134543895721	-0.16863243281841278	0.2281530648469925	0.05088955909013748	0.049748532474040985	0.22865425050258636	0.16567178070545197
PUT-VP-rh	0.07272600382566452	0.3245609700679779	-0.032400667667388916	0.2607785165309906	0.01247454434633255	0.0867021456360817	-0.1756095290184021	-0.2222731113433838	-0.2783448100090027	0.10594470053911209	-0.08106139302253723	0.4869661033153534	1.0	0.6783209443092346	-0.2051856368780136	-0.23269245028495789	-0.20380549132823944	-0.03609184920787811	0.35378727316856384	0.3270503282546997	0.44661882519721985	0.005609636195003986	-0.014860892668366432	0.26722419261932373	0.10880740731954575	0.30197539925575256	0.2585068643093109	0.40922239422798157	-0.08758503943681717	0.02950229123234749	-0.09809242188930511	-0.28445544838905334	-0.20733603835105896	-0.15944766998291016	-0.039077624678611755	-0.07826642692089081	-0.0887640118598938	0.4239876866340637	0.5140663385391235	-0.16155609488487244	-0.16093699634075165	-0.0024210186675190926	-0.024816399440169334	0.07636833935976028	-0.09403938055038452	0.15112653374671936	0.1773541122674942	-0.13652369379997253	0.28548967838287354	-0.1207440048456192
PUT-DP-rh	-0.04314345866441727	0.044683266431093216	-0.24229639768600464	0.16754183173179626	0.1242089718580246	-0.08196805417537689	0.24251168966293335	0.11798836290836334	-0.09694679081439972	0.27308714389801025	0.23505909740924835	0.7158429026603699	0.6783209443092346	1.0	0.170649453997612	0.1045261025428772	0.056600332260131836	0.07527882605791092	0.2749182879924774	-0.07528704404830933	0.39622431993484497	0.26156970858573914	0.35093337297439575	0.20623403787612915	0.2844391465187073	-0.019309820607304573	0.16473014652729034	0.1649380922317505	0.021619558334350586	0.16037768125534058	0.003091156482696533	0.06787768006324768	0.08921888470649719	0.14811037480831146	0.08321815729141235	0.28298890590667725	0.4615360498428345	0.537482500076294	0.6781314015388489	0.05922883749008179	-0.0862034410238266	0.24479997158050537	0.24007034301757812	-0.06925871968269348	-0.16884909570217133	0.3816175162792206	0.10787947475910187	0.09103250503540039	0.3262428939342499	0.12880831956863403
CAU-VA-rh	0.19626468420028687	-0.22898711264133453	-0.2498384267091751	0.16861334443092346	0.2034948468208313	-0.020646078512072563	0.4122457504272461	0.5885103344917297	0.44924503564834595	0.5176430940628052	0.21837277710437775	-0.004726572427898645	-0.2051856368780136	0.170649453997612	1.0	0.6088920831680298	0.5432758331298828	0.30231034755706787	-0.06117548421025276	-0.31325000524520874	0.16760514676570892	0.18857420980930328	0.4097735285758972	0.14925269782543182	0.17167209088802338	-0.4265519082546234	0.16004954278469086	-0.195041224360466	-0.06901201605796814	0.2520473301410675	-0.09678361564874649	0.5014841556549072	0.3165096044540405	0.5077348947525024	0.050847362726926804	0.47686341404914856	0.42040011286735535	0.28697168827056885	0.20002850890159607	0.7530269026756287	0.543080747127533	0.5625084042549133	0.3841549754142761	-0.05918220803141594	-0.2626670300960541	0.3087005317211151	0.2881436049938202	0.17379923164844513	0.3498139977455139	0.5008267760276794
CAU-DA-rh	-0.1093038022518158	-0.4544760286808014	-0.23813651502132416	-0.1312996745109558	0.1810322105884552	-0.15985451638698578	0.5384476184844971	0.6702247262001038	0.567944347858429	0.43358755111694336	0.5379067659378052	0.024574531242251396	-0.23269245028495789	0.1045261025428772	0.6088920831680298	1.0	0.593883752822876	0.3020218014717102	-0.28193554282188416	-0.4938192069530487	-0.05873763561248779	0.2460431307554245	0.627588152885437	-0.03857749328017235	0.20149391889572144	-0.7314056158065796	0.04666895419359207	-0.02916860394179821	-0.14751844108104706	0.11509288847446442	-0.037865616381168365	0.3577848970890045	0.5228162407875061	0.43799734115600586	0.2100723534822464	0.5301632285118103	0.45603105425834656	0.11508706957101822	0.0662846639752388	0.527743935585022	0.6637075543403625	0.5843378305435181	0.4095178544521332	-0.31284570693969727	-0.07026571780443192	0.3187880516052246	0.3614117503166199	0.3660561740398407	0.15218256413936615	0.5659754872322083
CAU-body-rh	-0.012654419988393784	-0.4817420542240143	0.013637705706059933	0.15087509155273438	-0.12473390996456146	-0.17983891069889069	0.3527768552303314	0.4694581925868988	0.42634379863739014	0.44004327058792114	0.47184163331985474	0.04051860794425011	-0.20380549132823944	0.056600332260131836	0.5432758331298828	0.593883752822876	1.0	0.4966568946838379	-0.3060320019721985	-0.35594359040260315	0.025643566623330116	0.40439245104789734	0.5278518795967102	-0.05114756524562836	0.10487601906061172	-0.48682087659835815	0.09393752366304398	0.04847007989883423	0.25338035821914673	0.05559911951422691	-0.08884105086326599	0.47164422273635864	0.4202200174331665	0.2875199317932129	0.36297640204429626	0.5156465768814087	0.5863790512084961	0.4657975733280182	0.2984318733215332	0.5048972368240356	0.44819343090057373	0.46955958008766174	0.4347766935825348	-0.3727567493915558	-0.18532870709896088	0.28846943378448486	0.37551501393318176	0.1088370829820633	0.21877501904964447	0.34508559107780457
CAU-tail-rh	0.2214251607656479	-0.23632904887199402	0.21807841956615448	-0.21978360414505005	-0.19708436727523804	-0.3649766147136688	0.2287609875202179	0.41723373532295227	0.3058471977710724	0.3317298889160156	0.19181285798549652	-0.020626600831747055	-0.03609184920787811	0.07527882605791092	0.30231034755706787	0.3020218014717102	0.4966568946838379	1.0	0.062133606523275375	-0.003237384371459484	-0.3715686500072479	-0.252290278673172	0.2782118022441864	-0.2358764410018921	0.03112379088997841	-0.23947949707508087	0.09156186133623123	0.02746649645268917	0.07379171997308731	-0.106674425303936	0.057074930518865585	0.2602464556694031	0.35239177942276	0.12544013559818268	0.3050578832626343	0.3602801263332367	0.27115920186042786	0.35041019320487976	0.13655589520931244	0.32300207018852234	0.23974670469760895	0.48456501960754395	0.5706977844238281	-0.12133613228797913	0.2032121866941452	-0.17507562041282654	0.17033159732818604	-0.0390385240316391	-0.11005474627017975	0.0670783668756485
lAMY-rh	0.17568665742874146	0.17784100770950317	-0.040518030524253845	0.016261033713817596	0.23156696557998657	0.3849598467350006	-0.036743421107530594	0.1208101287484169	-0.33128684759140015	-0.035273462533950806	-0.21235769987106323	0.424013614654541	0.35378727316856384	0.2749182879924774	-0.06117548421025276	-0.28193554282188416	-0.3060320019721985	0.062133606523275375	1.0	0.6565765142440796	0.13398726284503937	-0.31746622920036316	-0.07491347938776016	0.26967504620552063	0.11006695032119751	0.39075157046318054	-0.2205699235200882	-0.08507140725851059	0.08073221147060394	0.08307261765003204	0.3579877018928528	0.05607222393155098	-0.16766773164272308	-0.08501878380775452	-0.045868683606386185	-0.09278376400470734	-0.013083887286484241	-0.05321402847766876	0.3682498633861542	-0.3863549530506134	-0.44906532764434814	-0.15469886362552643	0.12390610575675964	0.552416980266571	-0.07627391815185547	-0.10207928717136383	-0.14361321926116943	-0.25798895955085754	-0.0021381673868745565	-0.2813219726085663
mAMY-rh	0.2725833058357239	0.49633869528770447	0.3295551538467407	0.20404385030269623	-0.010350245051085949	0.3696894943714142	-0.4397847056388855	-0.2530997395515442	-0.4488258957862854	-0.27166661620140076	-0.2547539472579956	0.02279791608452797	0.3270503282546997	-0.07528704404830933	-0.31325000524520874	-0.4938192069530487	-0.35594359040260315	-0.003237384371459484	0.6565765142440796	1.0	0.07003770023584366	-0.26853662729263306	-0.299225389957428	0.10119900852441788	-0.21371984481811523	0.5083247423171997	0.11552190035581589	0.15749885141849518	0.10294274240732193	-0.08175528049468994	0.2653806507587433	-0.270039826631546	-0.4269704222679138	-0.3800347149372101	-0.1819993257522583	-0.26404520869255066	-0.31980961561203003	-0.0857817679643631	0.1640542596578598	-0.346827894449234	-0.3453269302845001	-0.2530882954597473	-0.1402086466550827	0.5686525702476501	0.23408319056034088	-0.3254082202911377	-0.06746716052293777	-0.3117315173149109	-0.22436200082302094	-0.2526794970035553
THA-DP-rh	-0.04377235099673271	0.056671563535928726	-0.21129269897937775	0.4330456852912903	0.21878190338611603	0.3064025938510895	-0.15604698657989502	-0.05946779251098633	-0.04008571803569794	0.1729436218738556	0.12452621012926102	0.3526246249675751	0.44661882519721985	0.39622431993484497	0.16760514676570892	-0.05873763561248779	0.025643566623330116	-0.3715686500072479	0.13398726284503937	0.07003770023584366	1.0	0.28118494153022766	0.09157123416662216	0.6123496294021606	0.1339576542377472	0.16845862567424774	-0.007240245584398508	0.15957681834697723	-0.14430959522724152	0.23499877750873566	-0.30262768268585205	-0.09518461674451828	-0.3182709217071533	0.0374695248901844	-0.12035846710205078	0.006164932623505592	0.02253022976219654	0.2085421234369278	0.46096834540367126	0.07436182349920273	-0.09271620213985443	-0.06897903978824615	-0.17264892160892487	0.12985360622406006	-0.33228760957717896	0.49247482419013977	0.0012148014502599835	-0.022721128538250923	0.41202017664909363	0.23151439428329468
NAc-shell-rh	-0.5054091215133667	-0.2523286044597626	-0.30525684356689453	0.29132193326950073	-0.1305607408285141	-0.13623499870300293	0.2556283473968506	0.02889953926205635	-0.1401163637638092	0.09674648195505142	0.5669299364089966	0.17965878546237946	0.005609636195003986	0.26156970858573914	0.18857420980930328	0.2460431307554245	0.40439245104789734	-0.252290278673172	-0.31746622920036316	-0.26853662729263306	0.28118494153022766	1.0	0.41994014382362366	-0.0423135943710804	0.18487562239170074	-0.08457972854375839	0.0017341236816719174	0.12859277427196503	0.2693592607975006	0.380515456199646	-0.10964533686637878	0.0937333032488823	0.18472054600715637	0.11536887288093567	0.11485227942466736	0.45608705282211304	0.5538769364356995	0.2690093219280243	0.24895982444286346	0.04459367319941521	0.1873004138469696	0.1021961197257042	0.13277336955070496	-0.4469137489795685	-0.12576091289520264	0.5142686367034912	0.3600829541683197	0.17446954548358917	0.2577344477176666	0.1533137559890747
NAc-core-rh	0.03137829899787903	-0.4316719174385071	-0.02825229801237583	0.20494037866592407	0.12074971944093704	-0.23778760433197021	0.5007473826408386	0.5942510366439819	0.2401227504014969	0.22245526313781738	0.6862677931785583	0.16785793006420135	-0.014860892668366432	0.35093337297439575	0.4097735285758972	0.627588152885437	0.5278518795967102	0.2782118022441864	-0.07491347938776016	-0.299225389957428	0.09157123416662216	0.41994014382362366	1.0	-0.11681156605482101	0.44957688450813293	-0.38343846797943115	-0.01989033631980419	0.18863330781459808	0.2660495936870575	0.15001778304576874	-0.08948081731796265	0.3786565363407135	0.37184110283851624	0.42743203043937683	0.4211978614330292	0.5145992636680603	0.5840219855308533	0.1815071702003479	0.3145332634449005	0.3662503659725189	0.3838260769844055	0.24773438274860382	0.2983705997467041	-0.154191792011261	-0.09645169228315353	0.44892802834510803	0.40088194608688354	0.3199882209300995	0.20170465111732483	0.4178447127342224
pGP-rh	-0.07106083631515503	-0.06757660210132599	-0.41600894927978516	0.13464605808258057	0.151201069355011	0.5781422853469849	0.0379665307700634	-0.07977650314569473	0.14968304336071014	0.19014017283916473	-0.1498638242483139	0.33766230940818787	0.26722419261932373	0.20623403787612915	0.14925269782543182	-0.03857749328017235	-0.05114756524562836	-0.2358764410018921	0.26967504620552063	0.10119900852441788	0.6123496294021606	-0.0423135943710804	-0.11681156605482101	1.0	0.26881173253059387	0.11362557858228683	-0.36723238229751587	-0.23536869883537292	-0.18602311611175537	0.33516398072242737	0.159646674990654	-0.038698989897966385	-0.21406598389148712	0.27223771810531616	-0.24778619408607483	0.12412190437316895	-0.06167750805616379	0.07377956807613373	0.20305688679218292	-0.03396473079919815	-0.13157925009727478	-0.022290416061878204	-0.01470481138676405	-0.009077388793230057	-0.36122366786003113	0.15371568500995636	-0.17975938320159912	-0.2253192961215973	0.23290008306503296	0.2321542650461197
aGP-rh	0.014266765676438808	-0.4095519781112671	-0.40929001569747925	0.10571574419736862	0.10311603546142578	0.15092462301254272	0.5780550837516785	0.15829017758369446	0.24364911019802094	0.18364104628562927	0.18117183446884155	0.2700484097003937	0.10880740731954575	0.2844391465187073	0.17167209088802338	0.20149391889572144	0.10487601906061172	0.03112379088997841	0.11006695032119751	-0.21371984481811523	0.1339576542377472	0.18487562239170074	0.44957688450813293	0.26881173253059387	1.0	0.07067903876304626	-0.3233068585395813	-0.1427377462387085	0.1243835836648941	0.3280070424079895	0.09570218622684479	0.30087995529174805	0.29403406381607056	0.5838843584060669	0.32708531618118286	0.3991410434246063	0.27407658100128174	0.019033290445804596	0.02269718050956726	0.07778424024581909	0.1584191620349884	0.0009627686231397092	0.12207721918821335	-0.16610705852508545	-0.1744246631860733	0.15843616425991058	0.46042802929878235	0.1686769425868988	0.16721530258655548	0.2499253898859024
HIP-head-m-lh	-0.03979641944169998	0.40379443764686584	0.06230390444397926	0.1110953688621521	-0.14868588745594025	0.3115571439266205	-0.3587927520275116	-0.5731807947158813	-0.5536153316497803	-0.33992987871170044	-0.29036402702331543	0.1579386591911316	0.30197539925575256	-0.019309820607304573	-0.4265519082546234	-0.7314056158065796	-0.48682087659835815	-0.23947949707508087	0.39075157046318054	0.5083247423171997	0.16845862567424774	-0.08457972854375839	-0.38343846797943115	0.11362557858228683	0.07067903876304626	1.0	-0.12765207886695862	0.05351254343986511	0.10787317156791687	0.00841523427516222	0.13468706607818604	-0.28473109006881714	-0.48750433325767517	-0.2902992367744446	-0.20873402059078217	-0.36794885993003845	-0.27399271726608276	-0.23571300506591797	-0.05802265182137489	-0.4169493019580841	-0.47469761967658997	-0.50384521484375	-0.36844703555107117	0.28305017948150635	-0.05986350402235985	-0.3324228823184967	0.07455041259527206	-0.31228724122047424	-0.20022130012512207	-0.3853791356086731
HIP-head-l-l	0.3345870077610016	0.5235802531242371	0.3960975110530853	0.44649121165275574	-0.05154040455818176	-0.27940860390663147	-0.24202966690063477	-0.061744533479213715	0.009152314625680447	-0.001523748622275889	-0.014873038977384567	-0.09129248559474945	0.2585068643093109	0.16473014652729034	0.16004954278469086	0.04666895419359207	0.09393752366304398	0.09156186133623123	-0.2205699235200882	0.11552190035581589	-0.007240245584398508	0.0017341236816719174	-0.01989033631980419	-0.36723238229751587	-0.3233068585395813	-0.12765207886695862	1.0	0.4715726673603058	0.01829119212925434	-0.4200296103954315	-0.392953485250473	0.010956091806292534	-0.018321722745895386	-0.27547526359558105	-0.12533900141716003	-0.1106538400053978	-0.004020645283162594	0.3120286762714386	0.1002163365483284	0.36298179626464844	0.2599336802959442	0.1701110601425171	-0.10929311811923981	0.22103774547576904	0.34530505537986755	-0.024258149787783623	0.2878568768501282	0.19255176186561584	0.18331940472126007	0.010683320462703705
HIP-body-l	0.14940336346626282	0.12252090871334076	0.28986024856567383	0.2963069975376129	-0.1389385610818863	-0.28429484367370605	-0.13917505741119385	0.019184913486242294	-0.16851261258125305	-0.0423709973692894	0.06728654354810715	-0.10517700761556625	0.40922239422798157	0.1649380922317505	-0.195041224360466	-0.02916860394179821	0.04847007989883423	0.02746649645268917	-0.08507140725851059	0.15749885141849518	0.15957681834697723	0.12859277427196503	0.18863330781459808	-0.23536869883537292	-0.1427377462387085	0.05351254343986511	0.4715726673603058	1.0	0.2934144139289856	-0.009394136257469654	-0.31408557295799255	0.05813126266002655	-0.005946463905274868	-0.25424617528915405	0.009233405813574791	-0.18982534110546112	-0.05511173605918884	0.19495537877082825	0.2528524100780487	-0.022244645282626152	0.04765665531158447	-0.23962724208831787	-0.008899766020476818	0.23544682562351227	0.22374139726161957	0.23394280672073364	0.14724014699459076	-0.09852664917707443	0.26057562232017517	-0.27804893255233765
HIP-tail-lh	0.0014585969038307667	-0.1732448935508728	0.025899440050125122	0.17015840113162994	0.025409987196326256	0.08693243563175201	0.1376524567604065	0.07683736830949783	-0.0643254742026329	-0.020998364314436913	0.19260276854038239	0.1353294849395752	-0.08758503943681717	0.021619558334350586	-0.06901201605796814	-0.14751844108104706	0.25338035821914673	0.07379171997308731	0.08073221147060394	0.10294274240732193	-0.14430959522724152	0.2693592607975006	0.2660495936870575	-0.18602311611175537	0.1243835836648941	0.10787317156791687	0.01829119212925434	0.2934144139289856	1.0	0.12344858795404434	0.3041595220565796	0.4338108003139496	0.08819016814231873	0.11131805926561356	0.37433311343193054	0.024258548393845558	0.38991352915763855	0.2606302499771118	0.14868594706058502	-0.051744699478149414	-0.07287079840898514	-0.2490950971841812	0.2725715935230255	0.030405841767787933	0.0027360583189874887	0.04724891111254692	0.09069307148456573	-0.13291035592556	0.13319243490695953	-0.13177542388439178
THA-VPm-lh	-0.31775403022766113	-0.2821906507015228	-0.4991433918476105	0.017571469768881798	0.08757113665342331	0.04865625873208046	0.4087819755077362	0.17992717027664185	-0.011608126573264599	0.22904063761234283	0.15417106449604034	0.01709042303264141	0.02950229123234749	0.16037768125534058	0.2520473301410675	0.11509288847446442	0.05559911951422691	-0.106674425303936	0.08307261765003204	-0.08175528049468994	0.23499877750873566	0.380515456199646	0.15001778304576874	0.33516398072242737	0.3280070424079895	0.00841523427516222	-0.4200296103954315	-0.009394136257469654	0.12344858795404434	1.0	0.15415889024734497	0.16114112734794617	0.028201527893543243	0.46114298701286316	0.08279301226139069	0.4621327817440033	0.2606068551540375	0.08535866439342499	0.21663834154605865	-0.09876712411642075	0.00022388965589925647	-0.06701863557100296	0.368262380361557	-0.2142953872680664	-0.2859667241573334	0.461404949426651	-0.016382429748773575	-0.20895521342754364	0.07172179967164993	0.05559638887643814
THA-VPl-lh	-0.11435332894325256	-0.006123658735305071	-0.22072327136993408	-0.3863889276981354	0.18965840339660645	0.4658129811286926	0.34183046221733093	0.12389481067657471	0.12183641642332077	0.13177157938480377	-0.11330527812242508	0.2364083230495453	-0.09809242188930511	0.003091156482696533	-0.09678361564874649	-0.037865616381168365	-0.08884105086326599	0.057074930518865585	0.3579877018928528	0.2653806507587433	-0.30262768268585205	-0.10964533686637878	-0.08948081731796265	0.159646674990654	0.09570218622684479	0.13468706607818604	-0.392953485250473	-0.31408557295799255	0.3041595220565796	0.15415889024734497	1.0	0.23701027035713196	0.1363784819841385	0.3004220128059387	0.25918591022491455	0.09946314245462418	0.17406360805034637	-0.01075687538832426	0.0383836068212986	-0.19484610855579376	-0.11014753580093384	0.13291287422180176	0.23510627448558807	-0.00019561292720027268	-0.010141213424503803	-0.26933854818344116	-0.052812181413173676	-0.02306540496647358	-0.0626089870929718	0.049018144607543945
THA-VAi-lh	0.20536620914936066	-0.3118005394935608	-0.06944062560796738	0.06807351857423782	0.05793893337249756	0.04550376161932945	0.6662691831588745	0.6851237416267395	0.49702149629592896	0.6073228120803833	0.13940170407295227	0.048574160784482956	-0.28445544838905334	0.06787768006324768	0.5014841556549072	0.3577848970890045	0.47164422273635864	0.2602464556694031	0.05607222393155098	-0.270039826631546	-0.09518461674451828	0.0937333032488823	0.3786565363407135	-0.038698989897966385	0.30087995529174805	-0.28473109006881714	0.010956091806292534	0.05813126266002655	0.4338108003139496	0.16114112734794617	0.23701027035713196	1.0	0.5790367126464844	0.5379511117935181	0.39812102913856506	0.38045939803123474	0.49355798959732056	0.34026411175727844	0.25893279910087585	0.31544259190559387	0.24473541975021362	0.16176074743270874	0.4426841735839844	0.115654855966568	-0.01717275381088257	0.07440968602895737	0.17902083694934845	0.2128923088312149	0.5175249576568604	0.02128910832107067
THA-VAs-lh	-0.08752310276031494	-0.5260842442512512	-0.31137388944625854	-0.2856208086013794	-0.11012526601552963	-0.2755372226238251	0.71221524477005	0.6299881339073181	0.43275099992752075	0.48394328355789185	0.2036101073026657	0.09254997968673706	-0.20733603835105896	0.08921888470649719	0.3165096044540405	0.5228162407875061	0.4202200174331665	0.35239177942276	-0.16766773164272308	-0.4269704222679138	-0.3182709217071533	0.18472054600715637	0.37184110283851624	-0.21406598389148712	0.29403406381607056	-0.48750433325767517	-0.018321722745895386	-0.005946463905274868	0.08819016814231873	0.028201527893543243	0.1363784819841385	0.5790367126464844	1.0	0.327159583568573	0.2969958782196045	0.3287685215473175	0.48338398337364197	0.26010969281196594	0.0934421569108963	0.20789526402950287	0.3673759400844574	0.49890682101249695	0.5484877228736877	-0.3091486990451813	0.2193579524755478	0.04102366417646408	0.220794677734375	0.46487224102020264	0.41120973229408264	0.011331900022923946
THA-DAm-lh	0.0860181599855423	-0.3682512640953064	-0.4383445680141449	-0.024403031915426254	0.38138335943222046	0.1873169243335724	0.7384578585624695	0.49683424830436707	0.6058035492897034	0.4451436698436737	0.14395181834697723	0.10252753645181656	-0.15944766998291016	0.14811037480831146	0.5077348947525024	0.43799734115600586	0.2875199317932129	0.12544013559818268	-0.08501878380775452	-0.3800347149372101	0.0374695248901844	0.11536887288093567	0.42743203043937683	0.27223771810531616	0.5838843584060669	-0.2902992367744446	-0.27547526359558105	-0.25424617528915405	0.11131805926561356	0.46114298701286316	0.3004220128059387	0.5379511117935181	0.327159583568573	1.0	0.4497581422328949	0.5014962553977966	0.2811586558818817	0.21562017500400543	0.042727213352918625	0.41069403290748596	0.40066954493522644	0.2939099073410034	0.344671368598938	-0.2059280276298523	-0.21415933966636658	0.3515080213546753	0.2365155667066574	0.16243010759353638	0.2377724051475525	0.5189072489738464
THA-DAl-lh	-0.00505405617877841	-0.34443092346191406	-0.032085567712783813	-0.14643655717372894	0.3259699046611786	0.019069164991378784	0.43308141827583313	0.43960151076316833	0.4159994423389435	0.35570594668388367	0.36913245916366577	0.1453658491373062	-0.039077624678611755	0.08321815729141235	0.050847362726926804	0.2100723534822464	0.36297640204429626	0.3050578832626343	-0.045868683606386185	-0.1819993257522583	-0.12035846710205078	0.11485227942466736	0.4211978614330292	-0.24778619408607483	0.32708531618118286	-0.20873402059078217	-0.12533900141716003	0.009233405813574791	0.37433311343193054	0.08279301226139069	0.25918591022491455	0.39812102913856506	0.2969958782196045	0.4497581422328949	1.0	0.3794642686843872	0.31007277965545654	0.2707315981388092	0.17938069999217987	0.15997472405433655	0.3117014467716217	0.2393055111169815	0.25471746921539307	-0.17753571271896362	-0.06305967271327972	0.19258911907672882	0.2598068118095398	0.4011565148830414	0.23632144927978516	0.21753494441509247
PUT-VA-lh	-0.2739523649215698	-0.30563634634017944	-0.22594588994979858	0.09639596939086914	-0.1075945794582367	-0.13073335587978363	0.5753915905952454	0.4453060030937195	0.3688047230243683	0.4863671064376831	0.6128301620483398	0.13013775646686554	-0.07826642692089081	0.28298890590667725	0.47686341404914856	0.5301632285118103	0.5156465768814087	0.3602801263332367	-0.09278376400470734	-0.26404520869255066	0.006164932623505592	0.45608705282211304	0.5145992636680603	0.12412190437316895	0.3991410434246063	-0.36794885993003845	-0.1106538400053978	-0.18982534110546112	0.024258548393845558	0.4621327817440033	0.09946314245462418	0.38045939803123474	0.3287685215473175	0.5014962553977966	0.3794642686843872	1.0	0.5644109845161438	0.3561508059501648	0.23580878973007202	0.21897317469120026	0.34519752860069275	0.40755021572113037	0.48095422983169556	-0.3893941044807434	0.0005978362169116735	0.2967653274536133	0.32682090997695923	0.24932977557182312	0.1721116155385971	0.2990884780883789
PUT-DA-l	-0.24764712154865265	-0.3709675073623657	-0.237077534198761	-0.014336184598505497	-0.018970023840665817	-0.2065916806459427	0.5578299760818481	0.437170147895813	0.11581601947546005	0.3333963453769684	0.5685843825340271	0.4672532379627228	-0.0887640118598938	0.4615360498428345	0.42040011286735535	0.45603105425834656	0.5863790512084961	0.27115920186042786	-0.013083887286484241	-0.31980961561203003	0.02253022976219654	0.5538769364356995	0.5840219855308533	-0.06167750805616379	0.27407658100128174	-0.27399271726608276	-0.004020645283162594	-0.05511173605918884	0.38991352915763855	0.2606068551540375	0.17406360805034637	0.49355798959732056	0.48338398337364197	0.2811586558818817	0.31007277965545654	0.5644109845161438	1.0	0.4063032567501068	0.4903704524040222	0.14748692512512207	0.12130355089902878	0.3528003990650177	0.5450323820114136	-0.2718103528022766	-0.14277063310146332	0.26244574785232544	0.2293684333562851	0.2914896607398987	0.23925451934337616	0.23112167418003082
PUT-VP-lh	0.15213309228420258	-0.09598784148693085	-0.05160166323184967	0.18688246607780457	-0.05592646822333336	-0.007359934970736504	0.24756672978401184	0.19407129287719727	0.26202064752578735	0.6033326983451843	0.21251438558101654	0.36513248085975647	0.4239876866340637	0.537482500076294	0.28697168827056885	0.11508706957101822	0.4657975733280182	0.35041019320487976	-0.05321402847766876	-0.0857817679643631	0.2085421234369278	0.2690093219280243	0.1815071702003479	0.07377956807613373	0.019033290445804596	-0.23571300506591797	0.3120286762714386	0.19495537877082825	0.2606302499771118	0.08535866439342499	-0.01075687538832426	0.34026411175727844	0.26010969281196594	0.21562017500400543	0.2707315981388092	0.3561508059501648	0.4063032567501068	1.0	0.6134560108184814	0.3081158697605133	0.18769383430480957	0.39973801374435425	0.4472390115261078	-0.19922421872615814	0.02298143319785595	0.2607075273990631	0.16053447127342224	0.0020138707477599382	0.5144832134246826	0.1384880542755127
PUT-DP-lh	0.08544886857271194	-0.042966242879629135	0.06538151204586029	0.25824978947639465	0.03588009998202324	0.0325288251042366	0.18540796637535095	0.306378573179245	-0.08851240575313568	0.46296262741088867	0.21828213334083557	0.543849527835846	0.5140663385391235	0.6781314015388489	0.20002850890159607	0.0662846639752388	0.2984318733215332	0.13655589520931244	0.3682498633861542	0.1640542596578598	0.46096834540367126	0.24895982444286346	0.3145332634449005	0.20305688679218292	0.02269718050956726	-0.05802265182137489	0.1002163365483284	0.2528524100780487	0.14868594706058502	0.21663834154605865	0.0383836068212986	0.25893279910087585	0.0934421569108963	0.042727213352918625	0.17938069999217987	0.23580878973007202	0.4903704524040222	0.6134560108184814	1.0	-0.007288576569408178	-0.14407730102539062	0.20090636610984802	0.2950136661529541	0.08993342518806458	-0.2359132617712021	0.34234392642974854	0.01704443246126175	0.008774923160672188	0.42750075459480286	0.04397982358932495
