Node	DMN_LABEL_1	Vis_LABEL_2	FP_LABEL_3	Aud_LABEL_4	Tpole_LABEL_5	PMN_LABEL_6	PON_LABEL_7	MTL_LABEL_8	PON_LABEL_9	CO_LABEL_10	Sal_LABEL_11	CO_LABEL_12	SMd_LABEL_13	SMl_LABEL_14	DAN_LABEL_15	DMN_LABEL_16	CO_LABEL_17	DMN_LABEL_18	VAN_LABEL_19	CO_LABEL_20	CO_LABEL_21	Sal_LABEL_22	DAN_LABEL_23	PMN_LABEL_24	DAN_LABEL_25	DMN_LABEL_26	DMN_LABEL_27	DMN_LABEL_28	Vis_LABEL_29	FP_LABEL_30	Aud_LABEL_31	Tpole_LABEL_32	PMN_LABEL_33	PON_LABEL_34	MTL_LABEL_35	CO_LABEL_36	Sal_LABEL_37	CO_LABEL_38	SMd_LABEL_39	SMl_LABEL_40	DAN_LABEL_41	CO_LABEL_42	VAN_LABEL_43	CO_LABEL_44	CO_LABEL_45	Sal_LABEL_46	DAN_LABEL_47	PMN_LABEL_48	DAN_LABEL_49	DMN_LABEL_50	FP_LABEL_51	DMN_LABEL_52	DMN_LABEL_53	PON_LABEL_54	DMN_LABEL_55	Tpole_LABEL_56	Tpole_LABEL_57	Sal_LABEL_58	Sal_LABEL_59	SMd_LABEL_60	DAN_LABEL_61	FP_LABEL_62	DMN_LABEL_63	FP_LABEL_64	FP_LABEL_65	SMd_LABEL_66	SMl_LABEL_67	SMd_LABEL_68	DMN_LABEL_69	DAN_LABEL_70	DMN_LABEL_71	FP_LABEL_72	SMd_LABEL_73	SMl_LABEL_74	MTL_LABEL_75	MTL_LABEL_76	CO_LABEL_77	CO_LABEL_78	Vis_LABEL_79	Vis_LABEL_80
DMN_LABEL_1	1.0	-0.3601670563220978	-0.17204277217388153	0.3257030248641968	0.4244109094142914	0.21574681997299194	0.4322972595691681	n/a	0.2571137845516205	-0.7141227126121521	0.47341054677963257	-0.5186747908592224	0.15320134162902832	0.1855195164680481	-0.6347886919975281	0.7392071485519409	-0.32350611686706543	0.7709945440292358	0.49655479192733765	-0.25215667486190796	-0.6790950894355774	-0.032524872571229935	-0.5122343897819519	0.03972714766860008	-0.4232252240180969	0.64104825258255	0.7926536798477173	0.7334780097007751	-0.49350714683532715	-0.546165943145752	0.07647980004549026	0.2517039179801941	0.0848599225282669	0.17140571773052216	n/a	-0.6091663241386414	0.07499060779809952	-0.6649987697601318	-0.049053821712732315	0.14023548364639282	-0.2606673240661621	-0.29048681259155273	0.39079776406288147	-0.3711700439453125	-0.6850766539573669	-0.13508760929107666	-0.477596640586853	-0.12412301450967789	-0.5332844853401184	0.158617302775383	-0.683838427066803	0.37682026624679565	0.6363967061042786	-0.2646578252315521	0.6764324307441711	0.06682153046131134	0.13574671745300293	0.022525230422616005	0.010178160853683949	0.06530565768480301	-0.5140950083732605	-0.19998571276664734	0.39085015654563904	0.0426444336771965	-0.05060088634490967	-0.133787602186203	-0.020594650879502296	0.0010123627725988626	0.6649765372276306	-0.4198312759399414	0.6526185870170593	0.052659809589385986	0.12020714581012726	-0.25016117095947266	0.26819178462028503	0.1404455006122589	-0.23152731359004974	-0.41416195034980774	-0.17757956683635712	-0.22435733675956726
Vis_LABEL_2	-0.3601670563220978	1.0	-0.28736159205436707	-0.33944791555404663	0.03182429075241089	-0.09995532780885696	0.03611190989613533	n/a	0.08942221105098724	0.11860243231058121	-0.023079881444573402	0.12105454504489899	-0.3428516983985901	-0.13175910711288452	0.13037922978401184	-0.2582205832004547	-0.17448639869689941	-0.17163008451461792	-0.09104534238576889	-0.08112181723117828	0.1293310672044754	0.03341158851981163	0.2789952754974365	-0.08597913384437561	0.45973095297813416	-0.11029478907585144	-0.14320705831050873	-0.2928714454174042	0.8969148993492126	-0.0055513097904622555	-0.28495538234710693	0.09960752725601196	-0.0905703455209732	0.18430903553962708	n/a	0.25015586614608765	-0.015817103907465935	0.00667197909206152	-0.19755476713180542	-0.11981765180826187	0.0998273640871048	-0.28525540232658386	-0.18752820789813995	-0.031660135835409164	0.0777757316827774	-0.022171732038259506	0.12086082249879837	-0.029033586382865906	0.3690081238746643	-0.4158635437488556	0.3209102749824524	-0.258440762758255	-0.18777404725551605	0.4132031798362732	-0.0966603010892868	-0.10996443778276443	-0.08940917253494263	0.19761154055595398	-0.05587328225374222	-0.25712108612060547	0.23900115489959717	-0.16423159837722778	-0.10520204901695251	0.06632855534553528	0.0710396021604538	-0.14793044328689575	-0.23242035508155823	-0.2699778378009796	-0.19330261647701263	0.38921770453453064	-0.19709070026874542	-0.1599317491054535	-0.12187980115413666	0.08060044050216675	0.24482907354831696	0.19957995414733887	-0.1379203498363495	0.019475864246487617	0.3657391667366028	0.4289090633392334
FP_LABEL_3	-0.17204277217388153	-0.28736159205436707	1.0	0.17558570206165314	-0.4883343279361725	0.1945829838514328	-0.23659998178482056	n/a	-0.22112084925174713	0.1144261509180069	-0.006443074904382229	0.025804851204156876	-0.20662829279899597	-0.07618477940559387	0.34146642684936523	-0.015882927924394608	-0.04902700334787369	-0.20355191826820374	-0.1122671514749527	0.26135900616645813	0.13090313971042633	-0.03811758756637573	0.05010494589805603	0.2074211984872818	-0.23587746918201447	-0.21257853507995605	-0.1991332322359085	0.008576583117246628	-0.14727139472961426	0.3455650508403778	0.30488526821136475	-0.2297472357749939	0.1109013706445694	-0.3645232915878296	n/a	0.022623999044299126	-0.1330193281173706	0.15727439522743225	-0.030085008591413498	-0.047473374754190445	0.050890326499938965	-0.008392169140279293	0.10198605060577393	0.3014414608478546	0.19039112329483032	-0.026789475232362747	0.14115400612354279	0.14059315621852875	0.046963755041360855	0.053615935146808624	0.07572963833808899	-0.11614783853292465	-0.29060614109039307	-0.2977645993232727	-0.399164080619812	0.08276912569999695	0.15737392008304596	-0.4056525230407715	-0.0865558534860611	-0.09925176948308945	-0.012351704761385918	0.0037422524765133858	-0.3037456274032593	-0.02669498324394226	-0.00616459921002388	0.33755844831466675	-0.03711320087313652	-0.07043761014938354	-0.2887886166572571	0.02719561569392681	-0.08597174286842346	0.34210583567619324	-0.250578910112381	-0.11352299898862839	-0.05148201063275337	-0.2237151861190796	0.09145790338516235	0.11754612624645233	-0.10582821071147919	0.11734795570373535
Aud_LABEL_4	0.3257030248641968	-0.33944791555404663	0.17558570206165314	1.0	0.10098566114902496	0.062174659222364426	0.272293359041214	n/a	0.20145177841186523	-0.059665702283382416	0.2082880139350891	-0.15143835544586182	0.20604033768177032	0.21728284657001495	-0.22435429692268372	0.08051911741495132	0.04719683900475502	0.04604249447584152	0.06249096989631653	0.327510803937912	0.07238782942295074	-0.05169028416275978	-0.4488656222820282	0.08093845844268799	-0.25122198462486267	0.025387831032276154	0.18201790750026703	-0.07822804898023605	-0.29344165325164795	-0.1634407639503479	0.7921617031097412	0.23978039622306824	-0.04919371381402016	0.15580692887306213	n/a	0.013895569369196892	0.13088786602020264	-0.033064428716897964	0.1528015285730362	0.2503120005130768	-0.113437220454216	0.23634912073612213	0.31330230832099915	0.14854587614536285	0.07007220387458801	-0.05552959069609642	-0.32936644554138184	-0.014324605464935303	-0.2826455533504486	0.1773606538772583	-0.18620365858078003	0.22357864677906036	0.16468721628189087	-0.12429723143577576	0.17093050479888916	-0.09051548689603806	0.27017757296562195	-0.1692867875099182	-0.12653031945228577	0.22514666616916656	-0.20615927875041962	-0.07152459770441055	-0.19224153459072113	-0.052178166806697845	0.08648461848497391	0.20696796476840973	0.25836536288261414	0.32440274953842163	0.30316221714019775	-0.19567568600177765	0.030504761263728142	0.14979812502861023	-0.15826605260372162	0.1742100566625595	0.036201804876327515	0.022503595799207687	-0.15834976732730865	-0.15585549175739288	-0.2140992432832718	-0.16942815482616425
Tpole_LABEL_5	0.4244109094142914	0.03182429075241089	-0.4883343279361725	0.10098566114902496	1.0	-0.26186901330947876	0.3901766836643219	n/a	0.4680649936199188	-0.4583328068256378	0.1699283868074417	-0.3367743492126465	0.18449099361896515	0.012597527354955673	-0.4013966917991638	0.3323478698730469	-0.16768106818199158	0.3547769784927368	0.27755823731422424	-0.28485092520713806	-0.37231260538101196	-0.016314007341861725	-0.1993749439716339	-0.2561379075050354	-0.06600481271743774	0.3105873167514801	0.3857877552509308	0.2428763210773468	-0.04784667119383812	-0.44655388593673706	-0.11176212131977081	0.3278634548187256	-0.22726158797740936	0.2705825865268707	n/a	-0.34639108180999756	0.0062192329205572605	-0.45041999220848083	-0.07012102752923965	-0.06146909296512604	-0.12278997898101807	-0.2610420882701874	0.23317377269268036	-0.48072999715805054	-0.4136914014816284	-0.12834495306015015	-0.32109639048576355	-0.3106590509414673	-0.3380294740200043	0.02486438862979412	-0.2936510443687439	0.38838598132133484	0.48053908348083496	0.14889195561408997	0.5262919664382935	-0.06425409018993378	0.09259463101625443	0.2250773161649704	0.11316182464361191	0.1019316241145134	-0.3240174651145935	-0.13227957487106323	0.0578707717359066	0.0040616728365421295	-0.35560664534568787	-0.3596257269382477	0.0738678053021431	-0.011916502378880978	0.3049313724040985	6.585022492799908e-05	0.15189555287361145	-0.3241063356399536	0.09883398562669754	-0.1908516138792038	0.18480998277664185	0.3149769902229309	-0.19361717998981476	-0.14546452462673187	0.2040461003780365	-0.08452092856168747
PMN_LABEL_6	0.21574681997299194	-0.09995532780885696	0.1945829838514328	0.062174659222364426	-0.26186901330947876	1.0	-0.013445410877466202	n/a	-0.36049187183380127	-0.10272916406393051	0.033896926790475845	-0.197854146361351	-0.34200426936149597	0.13192901015281677	0.2573469877243042	-0.004764447920024395	-0.2849498987197876	-0.1114092767238617	0.002912798896431923	0.08583267778158188	-0.014410960488021374	-0.09044576436281204	0.14743657410144806	0.8963757157325745	-0.18753179907798767	-0.10728450119495392	-0.030539177358150482	0.036424264311790466	-0.10001204162836075	0.3423910439014435	0.09026532620191574	-0.2937666177749634	0.9059021472930908	0.06729470938444138	n/a	0.018909920006990433	0.15926404297351837	0.1598266214132309	-0.20287783443927765	0.09088368713855743	0.11288095265626907	-0.07335004955530167	-0.11564914137125015	0.06928705424070358	0.026382990181446075	0.10104908794164658	0.19136743247509003	0.8240604996681213	-0.04313812404870987	-0.07419265061616898	0.10438664257526398	0.06276725232601166	-0.2934170663356781	-0.04872968792915344	-0.23383395373821259	0.08965632319450378	0.17793913185596466	0.15327826142311096	0.09406860917806625	-0.19649122655391693	0.04280717670917511	0.23596031963825226	-0.02354542352259159	0.19366192817687988	0.09886832535266876	0.08651792258024216	0.06273442506790161	-0.3321928083896637	-0.09417999535799026	-0.1054917722940445	0.1039087101817131	0.3154352903366089	-0.3801000714302063	-0.11367867887020111	-0.1389366090297699	-0.1293928325176239	0.010380381718277931	0.11506834626197815	-0.14706559479236603	-0.2060103714466095
PON_LABEL_7	0.4322972595691681	0.03611190989613533	-0.23659998178482056	0.272293359041214	0.3901766836643219	-0.013445410877466202	1.0	n/a	0.7747572660446167	-0.41354069113731384	0.28500819206237793	-0.4147869348526001	0.20552636682987213	0.1001436784863472	-0.35950785875320435	0.4174528121948242	-0.07037353515625	0.3027108609676361	0.25780031085014343	-0.20625059306621552	-0.3729642927646637	-0.30237871408462524	-0.3606920838356018	0.02268187701702118	-0.17255567014217377	0.23812587559223175	0.5569994449615479	0.21001653373241425	0.03818505257368088	-0.6192174553871155	0.11518760770559311	0.2750956416130066	-0.15716087818145752	0.8496394157409668	n/a	-0.5250796675682068	-0.17005617916584015	-0.5980514287948608	0.21637922525405884	0.15757149457931519	-0.1404557228088379	-0.1111588105559349	0.30161038041114807	-0.3095633089542389	-0.4729853868484497	-0.43633711338043213	-0.4384596049785614	-0.24470233917236328	-0.27243101596832275	0.2085055559873581	-0.3942021131515503	0.35200998187065125	0.43526098132133484	0.4055963456630707	0.5482732057571411	-0.18346810340881348	-0.060948003083467484	-0.0373099185526371	-0.06861703842878342	0.17522545158863068	-0.39596977829933167	-0.1780845820903778	0.08296329528093338	0.03475150093436241	-0.005036975257098675	-0.06771060824394226	0.055617526173591614	-0.022054877132177353	0.28898942470550537	-0.23397472500801086	0.20553450286388397	0.218772292137146	0.1685260683298111	-0.1730670928955078	0.4194192886352539	0.35655853152275085	-0.25834012031555176	-0.4356144368648529	0.04568305239081383	0.1308748871088028
MTL_LABEL_8	n/a	n/a	n/a	n/a	n/a	n/a	n/a	1.0	n/a	n/a	n/a	n/a	n/a	n/a	n/a	n/a	n/a	n/a	n/a	n/a	n/a	n/a	n/a	n/a	n/a	n/a	n/a	n/a	n/a	n/a	n/a	n/a	n/a	n/a	n/a	n/a	n/a	n/a	n/a	n/a	n/a	n/a	n/a	n/a	n/a	n/a	n/a	n/a	n/a	n/a	n/a	n/a	n/a	n/a	n/a	n/a	n/a	n/a	n/a	n/a	n/a	n/a	n/a	n/a	n/a	n/a	n/a	n/a	n/a	n/a	n/a	n/a	n/a	n/a	n/a	n/a	n/a	n/a	n/a	n/a
PON_LABEL_9	0.2571137845516205	0.08942221105098724	-0.22112084925174713	0.20145177841186523	0.4680649936199188	-0.36049187183380127	0.7747572660446167	n/a	1.0	-0.4164053499698639	0.09661109745502472	-0.3926135003566742	0.30938059091567993	0.021708611398935318	-0.26285630464553833	0.2837201654911041	-0.03644105792045593	0.2220076322555542	0.0709700882434845	-0.19278177618980408	-0.40642860531806946	-0.1361909657716751	-0.20358027517795563	-0.32333651185035706	-0.011121140792965889	0.236826092004776	0.3761903643608093	0.1126348227262497	0.09273382276296616	-0.5835422873497009	0.0627441257238388	0.2902575433254242	-0.4326057732105255	0.6286383867263794	n/a	-0.43703603744506836	-0.33279189467430115	-0.6180378794670105	0.18651632964611053	0.06769022345542908	0.04062694311141968	-0.12757830321788788	0.22131125628948212	-0.28395622968673706	-0.5067827701568604	-0.3623398542404175	-0.29984593391418457	-0.5078729391098022	-0.11664117127656937	0.2527080178260803	-0.33694684505462646	0.3368816077709198	0.48374754190444946	0.5272064805030823	0.5493495464324951	-0.17245109379291534	-0.06117664650082588	-0.061326246708631516	-0.05248115211725235	0.058984771370887756	-0.24099762737751007	-0.1667996644973755	-0.0050544352270662785	-0.12969473004341125	0.01322548370808363	-0.18743380904197693	0.034490007907152176	0.03267447277903557	0.16682547330856323	-0.08626967668533325	0.05571390688419342	0.04594564810395241	0.3213616907596588	-0.07624950259923935	0.2828386425971985	0.30564936995506287	-0.268526554107666	-0.3509446680545807	0.08881935477256775	0.12056339532136917
CO_LABEL_10	-0.7141227126121521	0.11860243231058121	0.1144261509180069	-0.059665702283382416	-0.4583328068256378	-0.10272916406393051	-0.41354069113731384	n/a	-0.4164053499698639	1.0	-0.16586066782474518	0.5994886755943298	0.050360873341560364	-0.14522314071655273	0.4498564302921295	-0.6061787009239197	0.4860996603965759	-0.658886730670929	-0.3337630033493042	0.5267339944839478	0.8623661994934082	0.05986947566270828	0.2838324308395386	-0.021695517003536224	0.2530120313167572	-0.5749238133430481	-0.670911967754364	-0.6162406206130981	0.23201511800289154	0.3737145662307739	0.14527729153633118	-0.0639394074678421	-0.01188316848129034	-0.18050041794776917	n/a	0.7958918213844299	0.25989076495170593	0.7259874939918518	0.21348251402378082	-0.11248298734426498	0.11591459065675735	0.47533756494522095	-0.18867000937461853	0.5944064259529114	0.8605908751487732	0.19488631188869476	0.33051639795303345	0.09949378669261932	0.3250420093536377	-0.14670182764530182	0.48165956139564514	-0.36289945244789124	-0.6130648255348206	0.0787142887711525	-0.5913286209106445	-0.07086434215307236	-0.23469394445419312	-0.12727227807044983	-0.1284644603729248	0.08487647026777267	0.37230658531188965	0.0755852684378624	-0.33835187554359436	-0.10054104030132294	0.01424693875014782	0.4145527482032776	0.12394905835390091	0.2602978050708771	-0.38880759477615356	0.11552203446626663	-0.5246476531028748	-0.10200906544923782	-0.16974492371082306	0.33899033069610596	-0.3293170928955078	-0.29080408811569214	0.32470306754112244	0.3182869851589203	0.04681185632944107	-0.07152985781431198
Sal_LABEL_11	0.47341054677963257	-0.023079881444573402	-0.006443074904382229	0.2082880139350891	0.1699283868074417	0.033896926790475845	0.28500819206237793	n/a	0.09661109745502472	-0.16586066782474518	1.0	-0.20929311215877533	-0.21413707733154297	0.12180553376674652	-0.4163621664047241	0.5520408749580383	-0.2510893940925598	0.4518944323062897	0.2678379714488983	0.03096456080675125	-0.23091962933540344	0.41708117723464966	-0.31375595927238464	-0.04267582297325134	-0.23015423119068146	0.5073210000991821	0.47152525186538696	0.542978048324585	-0.03816366195678711	-0.4359373152256012	0.050466496497392654	0.4040343463420868	-0.09954573214054108	0.08749913424253464	n/a	-0.26842427253723145	0.4711085557937622	-0.29998084902763367	-0.1876157820224762	0.11368664354085922	-0.3197437822818756	-0.21474267542362213	0.3365779519081116	-0.1672331988811493	-0.22071558237075806	0.1848534196615219	-0.29318204522132874	-0.1811428666114807	-0.25340649485588074	-0.030498825013637543	-0.4876566231250763	0.20627915859222412	0.23652076721191406	-0.3152995705604553	0.29592177271842957	-0.12673263251781464	-0.08354265242815018	-0.08842945843935013	-0.16442731022834778	-0.20532630383968353	-0.2131865918636322	-0.41507667303085327	0.2220771163702011	0.05534685030579567	0.05526503920555115	0.08013130724430084	-0.14953991770744324	-0.07616148144006729	0.6098389029502869	-0.3835434019565582	0.44304659962654114	0.13536043465137482	-0.1986047327518463	-0.17276322841644287	0.39108651876449585	0.10310300439596176	-0.2504434287548065	-0.19683711230754852	-0.037220075726509094	0.0814913660287857
CO_LABEL_12	-0.5186747908592224	0.12105454504489899	0.025804851204156876	-0.15143835544586182	-0.3367743492126465	-0.197854146361351	-0.4147869348526001	n/a	-0.3926135003566742	0.5994886755943298	-0.20929311215877533	1.0	0.04294265806674957	-0.07122137397527695	0.17512749135494232	-0.39321014285087585	0.6248350739479065	-0.40020865201950073	-0.28465157747268677	0.22329121828079224	0.4927425682544708	0.10332892090082169	0.07735192775726318	-0.13571368157863617	0.054050642997026443	-0.330152302980423	-0.3801090717315674	-0.3021121025085449	0.09468958526849747	0.13715136051177979	0.005097999703139067	-0.27620071172714233	-0.17496982216835022	-0.2849600315093994	n/a	0.5484886765480042	0.1476748138666153	0.5950921773910522	0.2083362489938736	-0.0075823054648935795	-0.20443083345890045	0.5684964060783386	-0.234615296125412	0.3354555368423462	0.5117107629776001	0.24914143979549408	0.09250345081090927	-0.07959521561861038	0.021001465618610382	-0.057741791009902954	0.13536252081394196	-0.5582020878791809	-0.3841377794742584	-0.17810024321079254	-0.4144384562969208	-0.016671622171998024	-0.15963812172412872	-0.19163264334201813	-0.26985621452331543	0.20446889102458954	0.19985038042068481	-0.14941072463989258	-0.1286919116973877	-0.13452927768230438	-0.1236913800239563	0.19212645292282104	0.08860276639461517	0.16876083612442017	-0.2795118987560272	0.13187968730926514	-0.2676522731781006	-0.257318377494812	0.03978728502988815	0.29526764154434204	-0.11181695759296417	-0.14330564439296722	0.14478160440921783	0.08384418487548828	0.14122462272644043	0.12276961654424667
SMd_LABEL_13	0.15320134162902832	-0.3428516983985901	-0.20662829279899597	0.20604033768177032	0.18449099361896515	-0.34200426936149597	0.20552636682987213	n/a	0.30938059091567993	0.050360873341560364	-0.21413707733154297	0.04294265806674957	1.0	0.03781691566109657	-0.35339298844337463	0.11399582028388977	0.35419517755508423	0.024919260293245316	0.18180085718631744	-0.14461061358451843	-0.06666587293148041	-0.2836647033691406	-0.35164958238601685	-0.3006843030452728	-0.05505574494600296	-0.09530575573444366	0.04828576371073723	-0.038467273116111755	-0.34352433681488037	-0.34026387333869934	0.28492146730422974	0.13102295994758606	-0.36600080132484436	0.17852425575256348	n/a	-0.09403054416179657	-0.16057074069976807	-0.2112831324338913	0.6603057980537415	0.06230253726243973	-0.193662628531456	0.20050717890262604	0.3596634268760681	-0.14812365174293518	-0.1655464917421341	-0.24664761126041412	-0.32429996132850647	-0.3620205521583557	-0.27949291467666626	0.27007028460502625	-0.2945696711540222	-0.06676694750785828	0.20246505737304688	0.04474322125315666	0.21574297547340393	0.05267443507909775	0.017187675461173058	-0.1155027225613594	-0.10242042690515518	0.44926610589027405	-0.10483817011117935	-0.18491072952747345	-0.008877569809556007	-0.17615529894828796	-0.19850841164588928	0.11200623214244843	0.32592061161994934	0.6572325229644775	0.07039973884820938	-0.21456381678581238	-0.10185152292251587	-0.22846905887126923	0.6100351214408875	0.19989393651485443	0.035545289516448975	0.16015352308750153	0.07255055755376816	-0.2702368497848511	-0.22056899964809418	-0.18968167901039124
SMl_LABEL_14	0.1855195164680481	-0.13175910711288452	-0.07618477940559387	0.21728284657001495	0.012597527354955673	0.13192901015281677	0.1001436784863472	n/a	0.021708611398935318	-0.14522314071655273	0.12180553376674652	-0.07122137397527695	0.03781691566109657	1.0	-0.10199470072984695	-0.032915640622377396	-0.19101929664611816	0.0674499124288559	-0.13285145163536072	-0.07562163472175598	-0.055958978831768036	-0.054034627974033356	-0.07913092523813248	0.07356071472167969	0.11796459555625916	0.10278338938951492	0.1199134811758995	0.02051624096930027	-0.12393967807292938	-0.19494536519050598	0.06709747761487961	-0.025532545521855354	-0.01202063076198101	0.049171045422554016	n/a	-0.0403238907456398	-0.020331963896751404	0.04427270591259003	-0.13568644225597382	0.9122675061225891	0.060737598687410355	-0.06118108332157135	-0.11937685310840607	-0.11569291353225708	-0.12616367638111115	-0.15216097235679626	-0.053218718618154526	-0.00029177326359786093	0.14703986048698425	-0.1929454654455185	-0.24930143356323242	-0.03581906110048294	-0.0439089871942997	0.05501676723361015	-0.039137426763772964	-0.10079236328601837	-0.023706700652837753	0.19362479448318481	-0.03523975983262062	0.0003961407346650958	0.12247782945632935	0.03073287568986416	0.17237383127212524	0.3339036703109741	0.16112039983272552	-0.20046651363372803	0.17280934751033783	0.08142688125371933	0.2678741216659546	-0.2804082930088043	0.352424681186676	-0.0010187275474891067	-0.11675498634576797	0.04320947825908661	0.22377830743789673	0.2931205630302429	-0.08020693808794022	0.03967940807342529	-0.28397393226623535	0.0007316005066968501
DAN_LABEL_15	-0.6347886919975281	0.13037922978401184	0.34146642684936523	-0.22435429692268372	-0.4013966917991638	0.2573469877243042	-0.35950785875320435	n/a	-0.26285630464553833	0.4498564302921295	-0.4163621664047241	0.17512749135494232	-0.35339298844337463	-0.10199470072984695	1.0	-0.6148079037666321	0.08446856588125229	-0.6982274055480957	-0.5830832719802856	0.30449193716049194	0.487295925617218	0.04212793707847595	0.74478679895401	0.3156883418560028	0.3746001720428467	-0.45946362614631653	-0.6839591860771179	-0.5216826796531677	0.2976421117782593	0.6093083024024963	-0.05613923445343971	-0.2864260673522949	0.3292063772678375	-0.17941994965076447	n/a	0.47982868552207947	-0.08352808654308319	0.46945562958717346	-0.08392024785280228	-0.10525419563055038	0.5941721796989441	0.14944608509540558	-0.40124690532684326	0.39845430850982666	0.4707181453704834	0.1115940734744072	0.72562575340271	0.3952326476573944	0.5994564890861511	-0.18923376500606537	0.4758242666721344	-0.0888294205069542	-0.6336677670478821	0.21108651161193848	-0.6755545735359192	-0.03592513129115105	-0.17556612193584442	0.0347578339278698	0.1120155081152916	-0.14701709151268005	0.3560170829296112	0.46602189540863037	-0.41306716203689575	-0.05254512280225754	0.004063895437866449	0.21133677661418915	0.009767625480890274	-0.3079891800880432	-0.6439445614814758	0.35345950722694397	-0.4591206908226013	0.07740452885627747	-0.24315676093101501	0.01826579123735428	-0.46195656061172485	-0.2505089342594147	0.20083937048912048	0.46536967158317566	-0.007524020969867706	-0.007739161141216755
DMN_LABEL_16	0.7392071485519409	-0.2582205832004547	-0.015882927924394608	0.08051911741495132	0.3323478698730469	-0.004764447920024395	0.4174528121948242	n/a	0.2837201654911041	-0.6061787009239197	0.5520408749580383	-0.39321014285087585	0.11399582028388977	-0.032915640622377396	-0.6148079037666321	1.0	-0.14018858969211578	0.7679286003112793	0.4201273024082184	-0.34371909499168396	-0.6789969801902771	0.07909391075372696	-0.5485368967056274	-0.08105356246232986	-0.46675026416778564	0.5594922304153442	0.7240612506866455	0.8812479376792908	-0.3205459415912628	-0.5302290916442871	0.030914053320884705	0.15210048854351044	-0.07396650314331055	0.14736312627792358	n/a	-0.6643366813659668	-0.04765230789780617	-0.6663985848426819	0.1190369576215744	0.03928250074386597	-0.37558189034461975	-0.23536060750484467	0.37373805046081543	-0.34909114241600037	-0.6296998262405396	-0.1336745321750641	-0.5661125779151917	-0.26333490014076233	-0.5866646766662598	0.3684881031513214	-0.6311958432197571	0.3043760061264038	0.6451535224914551	-0.2829170227050781	0.6745445728302002	0.08705120533704758	0.15629546344280243	-0.3389492630958557	-0.19574154913425446	0.011584525927901268	-0.5543581247329712	-0.37757042050361633	0.30320948362350464	-0.17731884121894836	-0.1835521161556244	-0.006148397456854582	-0.14562615752220154	-0.09830290824174881	0.47641438245773315	-0.45469266176223755	0.4378425180912018	0.17240311205387115	0.13105277717113495	-0.31247422099113464	0.3818225562572479	0.12284179776906967	-0.02483038604259491	-0.47875502705574036	-0.14384344220161438	-0.019455060362815857
CO_LABEL_17	-0.32350611686706543	-0.17448639869689941	-0.04902700334787369	0.04719683900475502	-0.16768106818199158	-0.2849498987197876	-0.07037353515625	n/a	-0.03644105792045593	0.4860996603965759	-0.2510893940925598	0.6248350739479065	0.35419517755508423	-0.19101929664611816	0.08446856588125229	-0.14018858969211578	1.0	-0.336776465177536	-0.22080925107002258	0.3216363191604614	0.42178142070770264	-0.14209268987178802	-0.18034227192401886	-0.17206327617168427	-0.17182156443595886	-0.39109495282173157	-0.2508200705051422	-0.2119828313589096	-0.12774363160133362	-0.03661083057522774	0.2430308312177658	-0.17419011890888214	-0.21047843992710114	0.0448463000357151	n/a	0.32325780391693115	-0.03207651898264885	0.34096312522888184	0.5787125825881958	-0.09131516516208649	-0.24835579097270966	0.8711416721343994	-0.0670226663351059	0.3487308621406555	0.4053712785243988	0.012875834479928017	-0.16819103062152863	-0.17833676934242249	-0.1946345418691635	0.2867206037044525	-0.008973781019449234	-0.2869700491428375	-0.11838635802268982	-0.010635370388627052	-0.11828786879777908	-0.14497412741184235	-0.10715668648481369	-0.2897995114326477	-0.30319586396217346	0.4133036434650421	0.0188832338899374	0.06501545757055283	-0.07542374730110168	-0.3086698651313782	-0.2098502665758133	0.3257642090320587	0.10728979855775833	0.17964904010295868	-0.256926029920578	-0.13195903599262238	-0.3981015682220459	-0.1731877475976944	0.17980144917964935	0.24442006647586823	-0.14243079721927643	-0.08747686445713043	0.28747832775115967	-0.03969355672597885	0.004163400270044804	-0.08183752000331879
DMN_LABEL_18	0.7709945440292358	-0.17163008451461792	-0.20355191826820374	0.04604249447584152	0.3547769784927368	-0.1114092767238617	0.3027108609676361	n/a	0.2220076322555542	-0.658886730670929	0.4518944323062897	-0.40020865201950073	0.024919260293245316	0.0674499124288559	-0.6982274055480957	0.7679286003112793	-0.336776465177536	1.0	0.45215922594070435	-0.4139607846736908	-0.7054697275161743	-0.001570753869600594	-0.4651484787464142	-0.3235865831375122	-0.30654263496398926	0.8013753294944763	0.8972477912902832	0.8287236094474792	-0.2879427671432495	-0.5712456703186035	-0.15104809403419495	0.21214784681797028	-0.19574639201164246	0.02744375169277191	n/a	-0.5582233667373657	-0.11042262613773346	-0.6169746518135071	-0.16110952198505402	0.05072522908449173	-0.324155330657959	-0.4135676622390747	0.23040662705898285	-0.4325699210166931	-0.689798891544342	-0.2560507655143738	-0.43976709246635437	-0.40742257237434387	-0.4042952060699463	0.06749802827835083	-0.5721277594566345	0.27656593918800354	0.7863612174987793	-0.2603965103626251	0.7785229086875916	0.13664601743221283	0.10462279617786407	-0.09624233841896057	-0.00459008663892746	-0.009850295260548592	-0.5464310646057129	-0.19278819859027863	0.524131715297699	-0.05502817779779434	-0.06610967218875885	-0.2638099789619446	-0.2513987421989441	-0.025092223659157753	0.6344780921936035	-0.3585796356201172	0.6710917949676514	0.07541016489267349	0.26219382882118225	-0.3217935860157013	0.3747151792049408	0.12289168685674667	-0.11299443244934082	-0.4405458867549896	-0.06342636793851852	-0.15127167105674744
VAN_LABEL_19	0.49655479192733765	-0.09104534238576889	-0.1122671514749527	0.06249096989631653	0.27755823731422424	0.002912798896431923	0.25780031085014343	n/a	0.0709700882434845	-0.3337630033493042	0.2678379714488983	-0.28465157747268677	0.18180085718631744	-0.13285145163536072	-0.5830832719802856	0.4201273024082184	-0.22080925107002258	0.45215922594070435	1.0	-0.14184139668941498	-0.27422937750816345	-0.22277630865573883	-0.5855888724327087	-0.07278905063867569	-0.4454697370529175	0.21914486587047577	0.43112245202064514	0.39834070205688477	-0.19671836495399475	-0.30563873052597046	0.028442975133657455	0.34650611877441406	-0.01899041421711445	0.11072652786970139	n/a	-0.38099145889282227	0.1951201856136322	-0.43265455961227417	-0.057289257645606995	-0.19955530762672424	-0.37416431307792664	-0.31638744473457336	0.6874904036521912	-0.22915658354759216	-0.299124151468277	-0.047179676592350006	-0.5770365595817566	-0.10228527337312698	-0.5356618762016296	-0.00018298723443876952	-0.2885461151599884	0.012848475016653538	0.281649112701416	-0.165568009018898	0.31393536925315857	0.10491282492876053	0.19189321994781494	0.16292713582515717	0.07709714025259018	0.08970173448324203	-0.3467828631401062	-0.3671274483203888	0.13213177025318146	0.13454057276248932	-0.1628701537847519	-0.08611005544662476	0.022678468376398087	0.13769571483135223	0.37143492698669434	-0.1606587916612625	0.2722092270851135	-0.03534141555428505	0.06367765367031097	-0.1629498451948166	0.28188079595565796	0.12278959900140762	-0.12458628416061401	-0.31537067890167236	0.024857064709067345	0.04056279733777046
CO_LABEL_20	-0.25215667486190796	-0.08112181723117828	0.26135900616645813	0.327510803937912	-0.28485092520713806	0.08583267778158188	-0.20625059306621552	n/a	-0.19278177618980408	0.5267339944839478	0.03096456080675125	0.22329121828079224	-0.14461061358451843	-0.07562163472175598	0.30449193716049194	-0.34371909499168396	0.3216363191604614	-0.4139607846736908	-0.14184139668941498	1.0	0.6478217244148254	0.03422371670603752	-0.007526583969593048	0.0927387923002243	-0.07119853794574738	-0.35135719180107117	-0.30939123034477234	-0.3925372362136841	0.06516847759485245	0.1734185814857483	0.3347020745277405	0.07791247963905334	0.135712131857872	-0.13632094860076904	n/a	0.5208898186683655	0.3069668114185333	0.4379866421222687	0.02614951878786087	-0.03911212086677551	0.13388344645500183	0.43052229285240173	-0.011494873091578484	0.7574294805526733	0.6051527261734009	0.20164938271045685	0.13610760867595673	0.11920920759439468	0.07695209980010986	-0.25250059366226196	0.20013335347175598	-0.1936844438314438	-0.47965189814567566	-0.04346473887562752	-0.42707863450050354	-0.1592220813035965	-0.0189816951751709	-0.07876725494861603	-0.21083824336528778	0.15100015699863434	0.32384049892425537	-0.0011340719647705555	-0.36509251594543457	0.011028829962015152	0.1625167280435562	0.44112715125083923	-0.05318870767951012	0.05239095538854599	-0.07878181338310242	-0.07586833089590073	-0.2948870360851288	-0.05323199927806854	-0.24734000861644745	0.2350732982158661	-0.2493489533662796	-0.1464950293302536	-0.02929540164768696	0.14332431554794312	0.11966544389724731	-0.0008307487587444484
CO_LABEL_21	-0.6790950894355774	0.1293310672044754	0.13090313971042633	0.07238782942295074	-0.37231260538101196	-0.014410960488021374	-0.3729642927646637	n/a	-0.40642860531806946	0.8623661994934082	-0.23091962933540344	0.4927425682544708	-0.06666587293148041	-0.055958978831768036	0.487295925617218	-0.6789969801902771	0.42178142070770264	-0.7054697275161743	-0.27422937750816345	0.6478217244148254	1.0	-0.06570574641227722	0.24390293657779694	0.07492836564779282	0.3011477291584015	-0.6501712203025818	-0.632594108581543	-0.6776522994041443	0.28614819049835205	0.39416635036468506	0.26572415232658386	-0.025038667023181915	0.04961235448718071	-0.10175210982561111	n/a	0.7596067786216736	0.24336035549640656	0.7594361305236816	0.12444280833005905	-0.015215730294585228	0.18181212246418	0.46036747097969055	-0.1414608359336853	0.5952805280685425	0.9408149719238281	0.18780776858329773	0.2923601269721985	0.18165387213230133	0.36311134696006775	-0.2576759159564972	0.48472705483436584	-0.3213377296924591	-0.6832976937294006	0.10659300535917282	-0.6419960260391235	-0.2852459251880646	-0.15264566242694855	0.058989278972148895	-0.046904657036066055	0.07846515625715256	0.3958781361579895	0.1454569399356842	-0.3917401432991028	-0.007786805275827646	-0.03709940239787102	0.37567147612571716	0.08579888939857483	0.23261234164237976	-0.3091754615306854	0.1414194256067276	-0.47925084829330444	-0.07692201435565948	-0.23200799524784088	0.3393189013004303	-0.19927848875522614	-0.10002025961875916	0.16536995768547058	0.3511560261249542	0.06873921304941177	0.018827008083462715
Sal_LABEL_22	-0.032524872571229935	0.03341158851981163	-0.03811758756637573	-0.05169028416275978	-0.016314007341861725	-0.09044576436281204	-0.30237871408462524	n/a	-0.1361909657716751	0.05986947566270828	0.41708117723464966	0.10332892090082169	-0.2836647033691406	-0.054034627974033356	0.04212793707847595	0.07909391075372696	-0.14209268987178802	-0.001570753869600594	-0.22277630865573883	0.03422371670603752	-0.06570574641227722	1.0	0.20646162331104279	0.007824519649147987	-0.05522806569933891	0.09279899299144745	-0.17957021296024323	0.12316877394914627	-0.014845090918242931	0.14370445907115936	-0.14583230018615723	0.1476975381374359	-0.02927134372293949	-0.260798841714859	n/a	0.10928197205066681	0.4062667489051819	0.12300573289394379	-0.21765318512916565	0.01931389793753624	0.08027509599924088	-0.013130519539117813	-0.1727684885263443	0.029636185616254807	0.08282319456338882	0.7423652410507202	0.18469509482383728	0.044708337634801865	-0.00013968779239803553	0.08828810602426529	-0.0348181314766407	0.044900670647621155	0.0155694130808115	-0.25732409954071045	-0.10081318765878677	-0.01875438168644905	-0.18873149156570435	-0.05657811462879181	-0.039516523480415344	-0.30397698283195496	0.22907622158527374	-0.24982409179210663	-0.022590022534132004	-0.13595454394817352	0.06141563877463341	-0.061031050980091095	-0.08705872297286987	-0.17530174553394318	0.16245420277118683	0.1041991114616394	-0.023066561669111252	-0.030068976804614067	-0.25160056352615356	0.12298436462879181	-0.13229504227638245	-0.15138494968414307	0.06936673820018768	0.1710711568593979	-0.06906107813119888	0.11276321113109589
DAN_LABEL_23	-0.5122343897819519	0.2789952754974365	0.05010494589805603	-0.4488656222820282	-0.1993749439716339	0.14743657410144806	-0.3606920838356018	n/a	-0.20358027517795563	0.2838324308395386	-0.31375595927238464	0.07735192775726318	-0.35164958238601685	-0.07913092523813248	0.74478679895401	-0.5485368967056274	-0.18034227192401886	-0.4651484787464142	-0.5855888724327087	-0.007526583969593048	0.24390293657779694	0.20646162331104279	1.0	0.13265171647071838	0.5984684228897095	-0.16588039696216583	-0.5475640296936035	-0.4010984003543854	0.3638489544391632	0.43933889269828796	-0.3816841244697571	-0.17481449246406555	0.18337488174438477	-0.17989741265773773	n/a	0.35076022148132324	-0.12581612169742584	0.3601568341255188	-0.3219299912452698	-0.13539128005504608	0.5925720930099487	-0.15746396780014038	-0.4958987832069397	0.08744112402200699	0.2681954503059387	0.1290169656276703	0.9277374744415283	0.24354875087738037	0.7289897203445435	-0.2764394283294678	0.441542387008667	-0.024648385122418404	-0.4673410654067993	0.25184082984924316	-0.5152583718299866	-0.03494126349687576	-0.21554279327392578	0.1555624157190323	0.19124369323253632	-0.32090890407562256	0.432557612657547	0.416060209274292	-0.1395799219608307	0.051065221428871155	0.10779154300689697	-0.10106673836708069	-0.13600602746009827	-0.2473551481962204	-0.4692569673061371	0.4165186583995819	-0.2364073246717453	-0.03895612806081772	-0.1343207061290741	-0.0816546231508255	-0.39331862330436707	-0.2183586061000824	0.07599025964736938	0.39698660373687744	0.1476464718580246	-0.02284367009997368
PMN_LABEL_24	0.03972714766860008	-0.08597913384437561	0.2074211984872818	0.08093845844268799	-0.2561379075050354	0.8963757157325745	0.02268187701702118	n/a	-0.32333651185035706	-0.021695517003536224	-0.04267582297325134	-0.13571368157863617	-0.3006843030452728	0.07356071472167969	0.3156883418560028	-0.08105356246232986	-0.17206327617168427	-0.3235865831375122	-0.07278905063867569	0.0927387923002243	0.07492836564779282	0.007824519649147987	0.13265171647071838	1.0	-0.22392354905605316	-0.36121606826782227	-0.2153593897819519	-0.1358904242515564	-0.08626466989517212	0.4913690686225891	0.16925787925720215	-0.30660006403923035	0.8856765031814575	0.16364943981170654	n/a	0.03919287025928497	0.19626814126968384	0.2427404373884201	-0.062012553215026855	0.09393180161714554	0.1283378154039383	0.06486265361309052	-0.17754392325878143	0.07813230156898499	0.15387709438800812	0.2242586761713028	0.1470651924610138	0.9196450114250183	-0.05845971032977104	0.032991137355566025	0.25536590814590454	0.028048593550920486	-0.38294148445129395	-0.00983698945492506	-0.343764066696167	0.04098149389028549	0.17371289432048798	0.15748010575771332	0.12572887539863586	-0.1544615626335144	0.14036278426647186	0.20181269943714142	-0.21657881140708923	0.15558230876922607	0.03612849861383438	0.12503266334533691	0.13683566451072693	-0.34439989924430847	-0.1977393925189972	0.0061433096416294575	-0.12477026134729385	0.31023597717285156	-0.4280235767364502	-0.02538352832198143	-0.158427894115448	-0.053733695298433304	0.13519254326820374	0.24837541580200195	-0.12234421819448471	-0.03585342690348625
DAN_LABEL_25	-0.4232252240180969	0.45973095297813416	-0.23587746918201447	-0.25122198462486267	-0.06600481271743774	-0.18753179907798767	-0.17255567014217377	n/a	-0.011121140792965889	0.2530120313167572	-0.23015423119068146	0.054050642997026443	-0.05505574494600296	0.11796459555625916	0.3746001720428467	-0.46675026416778564	-0.17182156443595886	-0.30654263496398926	-0.4454697370529175	-0.07119853794574738	0.3011477291584015	-0.05522806569933891	0.5984684228897095	-0.22392354905605316	1.0	-0.06140003353357315	-0.31697162985801697	-0.41680750250816345	0.5220370888710022	0.09615971148014069	-0.16108664870262146	0.10825000703334808	-0.18521972000598907	0.05184229090809822	n/a	0.3799562454223633	-0.051169607788324356	0.20100602507591248	-0.09190977364778519	0.0741795003414154	0.5973107218742371	-0.23099090158939362	-0.20537102222442627	0.0898311585187912	0.21073010563850403	-0.10877090692520142	0.5598532557487488	-0.11836745589971542	0.8199481964111328	-0.301089346408844	0.254201203584671	-0.12137661129236221	-0.3206658661365509	0.393345445394516	-0.2561832666397095	-0.18648305535316467	-0.18042227625846863	0.1900162398815155	0.14265412092208862	-0.18342016637325287	0.3246065378189087	0.18487794697284698	-0.15479370951652527	0.010819877497851849	0.047109730541706085	-0.052346352487802505	-0.12837235629558563	0.1085626482963562	-0.17232297360897064	0.1517208069562912	-0.17826661467552185	-0.1931852102279663	0.032003916800022125	0.1027519628405571	-0.03508898988366127	0.07293019443750381	-0.1260422021150589	0.15789969265460968	0.10734839737415314	0.21029607951641083
