Node	LH_Vis_1	LH_Vis_2	LH_Vis_3	LH_Vis_4	LH_Vis_5	LH_Vis_6	LH_Vis_7	LH_Vis_8	LH_Vis_9	LH_SomMot_1	LH_SomMot_2	LH_SomMot_3	LH_SomMot_4	LH_SomMot_5	LH_SomMot_6	LH_DorsAttn_Post_1	LH_DorsAttn_Post_2	LH_DorsAttn_Post_3	LH_DorsAttn_Post_4	LH_DorsAttn_Post_5	LH_DorsAttn_Post_6	LH_DorsAttn_PrCv_1	LH_DorsAttn_FEF_1	LH_SalVentAttn_ParOper_1	LH_SalVentAttn_FrOperIns_1	LH_SalVentAttn_FrOperIns_2	LH_SalVentAttn_PFCl_1	LH_SalVentAttn_Med_1	LH_SalVentAttn_Med_2	LH_SalVentAttn_Med_3	LH_Limbic_OFC_1	LH_Limbic_TempPole_1	LH_Limbic_TempPole_2	LH_Cont_Par_1	LH_Cont_PFCl_1	LH_Cont_pCun_1	LH_Cont_Cing_1	LH_Default_Temp_1	LH_Default_Temp_2	LH_Default_Par_1	LH_Default_Par_2	LH_Default_PFC_1	LH_Default_PFC_2	LH_Default_PFC_3	LH_Default_PFC_4	LH_Default_PFC_5	LH_Default_PFC_6	LH_Default_PFC_7	LH_Default_pCunPCC_1	LH_Default_pCunPCC_2	RH_Vis_1	RH_Vis_2	RH_Vis_3	RH_Vis_4	RH_Vis_5	RH_Vis_6	RH_Vis_7	RH_Vis_8	RH_SomMot_1	RH_SomMot_2	RH_SomMot_3	RH_SomMot_4	RH_SomMot_5	RH_SomMot_6	RH_SomMot_7	RH_SomMot_8	RH_DorsAttn_Post_1	RH_DorsAttn_Post_2	RH_DorsAttn_Post_3	RH_DorsAttn_Post_4	RH_DorsAttn_Post_5	RH_DorsAttn_PrCv_1	RH_DorsAttn_FEF_1	RH_SalVentAttn_TempOccPar_1	RH_SalVentAttn_TempOccPar_2	RH_SalVentAttn_FrOperIns_1	RH_SalVentAttn_Med_1	RH_SalVentAttn_Med_2	RH_Limbic_OFC_1	RH_Limbic_TempPole_1	RH_Cont_Par_1	RH_Cont_Par_2	RH_Cont_PFCl_1	RH_Cont_PFCl_2	RH_Cont_PFCl_3	RH_Cont_PFCl_4	RH_Cont_Cing_1	RH_Cont_PFCmp_1	RH_Cont_pCun_1	RH_Default_Par_1	RH_Default_Temp_1	RH_Default_Temp_2	RH_Default_Temp_3	RH_Default_PFCv_1	RH_Default_PFCv_2	RH_Default_PFCdPFCm_1	RH_Default_PFCdPFCm_2	RH_Default_PFCdPFCm_3	RH_Default_pCunPCC_1	RH_Default_pCunPCC_2	LH-Pu	LH-Ca	LH-NAC	LH-EXA	LH-GPe	LH-GPi	LH-SNc_PBP_VTA	LH-RN	LH-SNr	LH-VeP	LH-HN	LH-HTH	LH-MN	LH-STH	RH-Pu	RH-Ca	RH-NAC	RH-EXA	RH-GPe	RH-GPi	RH-SNc_PBP_VTA	RH-RN	RH-SNr	RH-VeP	RH-HN	RH-HTH	RH-MN	RH-STH	LH-Pulvinar	LH-Anterior	LH-Medio_Dorsal	LH-Ventral_Latero_Dorsal	LH-Central_Lateral-Lateral_Posterior-Medial_Pulvinar	LH-Ventral_Anterior	LH-Ventral_Latero_Ventral	RH-Pulvinar	RH-Anterior	RH-Medio_Dorsal	RH-Ventral_Latero_Dorsal	RH-Central_Lateral-Lateral_Posterior-Medial_Pulvinar	RH-Ventral_Anterior	RH-Ventral_Latero_Ventral	LH_Hippocampus	LH_Amygdala	RH_Hippocampus	RH_Amygdala	Cerebellar_Region1	Cerebellar_Region2	Cerebellar_Region3	Cerebellar_Region4	Cerebellar_Region5	Cerebellar_Region6	Cerebellar_Region7	Cerebellar_Region8	Cerebellar_Region9	Cerebellar_Region10
LH_Vis_1	1.0	0.458303302526474	0.3992851674556732	-0.2601574957370758	-0.09201840311288834	0.18305137753486633	0.45494723320007324	0.2455163598060608	0.4936312139034271	0.2957761287689209	0.15885889530181885	0.0672396719455719	-0.19053113460540771	0.1604602336883545	-0.06713750958442688	0.47490358352661133	0.05980728194117546	0.3747754395008087	0.2691228687763214	0.47688496112823486	0.4061659276485443	0.13394047319889069	0.22222158312797546	0.4151672422885895	0.315106600522995	0.13924188911914825	-0.032334502786397934	0.2727242410182953	0.5461283922195435	0.13197755813598633	0.10171066969633102	0.5895842909812927	0.40049025416374207	0.3481460511684418	-0.16001012921333313	0.3151620924472809	0.19161371886730194	0.3127368986606598	0.01134559791535139	0.2116030901670456	0.3326362371444702	-0.12162405997514725	-0.30752643942832947	0.3739635944366455	-0.18636095523834229	0.06582759320735931	-0.0709119439125061	0.037022270262241364	0.739610493183136	0.2072153240442276	0.6735029816627502	0.6027526259422302	0.41292062401771545	-0.224313884973526	-0.02392890863120556	0.5607483386993408	0.4258922040462494	0.4151366055011749	0.3997984826564789	0.11799052357673645	-0.11562097072601318	-0.16360165178775787	0.14415064454078674	-0.09072209149599075	0.06211601942777634	-0.1888585388660431	0.49843692779541016	-0.12484981119632721	0.2211550772190094	0.35813355445861816	0.40138745307922363	-0.0455140545964241	0.10631226748228073	0.2880335748195648	0.2892943322658539	0.21214649081230164	0.430827260017395	0.2353816032409668	-0.1253804862499237	0.31633394956588745	0.15456587076187134	-0.26716408133506775	-0.6428363919258118	-0.32199254631996155	-0.020294949412345886	-0.47265639901161194	0.05228147283196449	-0.2966788411140442	0.18126052618026733	-0.17637862265110016	-0.14497201144695282	0.5409640669822693	0.023209651932120323	-0.4694264829158783	-0.5203354358673096	0.3648717999458313	-0.3669881522655487	-0.18367591500282288	0.7064012885093689	0.1352064609527588	0.015020331367850304	-0.23962508141994476	0.20458823442459106	-0.49325352907180786	0.14107200503349304	-0.039116088300943375	-0.06751444190740585	-0.17095153033733368	0.3061050474643707	-0.0156293585896492	-0.043667539954185486	0.002922254614531994	0.38356131315231323	0.3484601080417633	0.053567927330732346	-0.033242367208004	0.19980615377426147	-0.25145721435546875	-0.3468455672264099	-0.03086119145154953	0.18230710923671722	-0.05458449944853783	0.07693605870008469	-0.23348012566566467	-0.10971695929765701	0.1832781881093979	0.32480159401893616	-0.05025496333837509	-0.07782387733459473	-0.01909194514155388	0.09769771993160248	-0.12883660197257996	0.10881498456001282	-0.06529288738965988	0.24495278298854828	0.27993160486221313	-0.022556107491254807	-0.1339622586965561	-0.040768180042505264	-0.13488894701004028	-0.025729402899742126	-0.13971635699272156	0.4648601710796356	0.3571588397026062	0.4435710906982422	0.548065185546875	-0.2317802757024765	-0.1309463083744049	-0.4186158776283264	0.02617298625409603	-0.3333814740180969	-0.1746883988380432	-0.26921918988227844	-0.20061379671096802	0.03306454420089722	-0.10622936487197876
LH_Vis_2	0.458303302526474	1.0	0.4914012849330902	-0.023468704894185066	0.09955200552940369	0.2071898877620697	0.5698530673980713	0.6505492925643921	0.40783101320266724	0.33588457107543945	0.47849375009536743	0.451887845993042	0.21880681812763214	0.45509669184684753	0.15233871340751648	0.7636803984642029	0.36420199275016785	0.42599985003471375	0.3874933123588562	0.3578789532184601	0.563079833984375	0.0961025208234787	-0.01761092059314251	0.4704049825668335	0.3104167878627777	0.20793119072914124	-0.20168662071228027	0.08115914463996887	0.32952719926834106	0.17617757618427277	-0.13241925835609436	0.2193518429994583	0.34827983379364014	0.4329773187637329	-0.11911748349666595	0.1330091953277588	0.0905812457203865	0.31113147735595703	0.11723142117261887	0.35172325372695923	0.23356269299983978	-0.33975809812545776	-0.1400342583656311	0.05776225030422211	-0.264198362827301	-0.0886271521449089	-0.16502372920513153	0.14216381311416626	0.2646544575691223	0.02128375694155693	0.3825237452983856	0.6684813499450684	0.5595735311508179	-0.3237425684928894	-0.026894645765423775	0.5023840665817261	0.665364146232605	0.5467070937156677	0.48279064893722534	0.45712634921073914	0.3643217980861664	0.15232375264167786	0.5230778455734253	0.06630748510360718	0.3895697593688965	0.1372576206922531	0.19054029881954193	0.22185136377811432	-0.09983094781637192	0.22081369161605835	0.4028508961200714	0.037473518401384354	-0.029210055246949196	0.41158315539360046	0.522668719291687	0.3436952233314514	0.35202980041503906	0.4337659180164337	-0.36867257952690125	0.24644936621189117	0.1485075056552887	-0.2909127473831177	-0.7248895168304443	-0.35832479596138	-0.37391409277915955	-0.5750386714935303	-0.07950056344270706	-0.43214693665504456	-0.014153200201690197	-0.17038266360759735	-0.1492961198091507	0.2863478660583496	0.059344399720430374	-0.5722081661224365	-0.4552445709705353	-0.0021501921582967043	-0.3411579132080078	-0.5190368294715881	0.2298576831817627	-0.1265297681093216	0.1903643161058426	-0.27599337697029114	0.13806714117527008	-0.4256143569946289	0.0824701264500618	-0.5368129014968872	-0.25571128726005554	-0.09107273072004318	-0.038243334740400314	-0.19155462086200714	0.08404313772916794	0.029228119179606438	0.294624000787735	0.29833513498306274	0.049164097756147385	-0.21335215866565704	-0.05694107711315155	-0.14268995821475983	0.035862427204847336	0.038060035556554794	0.20299145579338074	0.06758952885866165	0.19028915464878082	-0.36497727036476135	-0.17394964396953583	0.13322824239730835	0.3138381242752075	0.1401887685060501	0.49246156215667725	-0.20786656439304352	0.22349119186401367	-0.3249947726726532	0.1348736584186554	-0.23748575150966644	0.0690632313489914	0.4558604955673218	-0.2512201964855194	-0.1018330454826355	-0.07829251140356064	-0.05037032067775726	-0.24259202182292938	0.3337429165840149	0.2554030120372772	-0.14411060512065887	0.2254333645105362	0.08313144743442535	-0.15915168821811676	-0.034130342304706573	-0.48777368664741516	0.09159968048334122	-0.5443457961082458	-0.3902016282081604	-0.37994590401649475	-0.2976711690425873	-0.12695935368537903	-0.23144207894802094
LH_Vis_3	0.3992851674556732	0.4914012849330902	1.0	-0.5056692957878113	-0.27459919452667236	0.43510866165161133	0.585457980632782	0.5549300909042358	0.6507290601730347	0.497991681098938	0.24550512433052063	0.20719166100025177	0.0403963066637516	0.4109341502189636	0.09499049186706543	0.47692862153053284	0.21214559674263	0.5411608815193176	0.21307601034641266	0.6178346872329712	0.41780927777290344	0.25287866592407227	0.19828054308891296	0.6342100501060486	0.6756608486175537	0.6221834421157837	0.2950332462787628	0.34906867146492004	0.7763142585754395	0.5671489834785461	-0.44618573784828186	0.062275126576423645	-0.19495460391044617	0.3114551305770874	-0.34191465377807617	0.1878882497549057	-0.08411797881126404	0.06582685559988022	-0.19263705611228943	0.4891815185546875	0.04851709306240082	-0.5171480178833008	-0.5453763008117676	-0.18317009508609772	-0.6696147918701172	-0.24074363708496094	-0.41742053627967834	-0.35886579751968384	0.1537635177373886	-0.3131159543991089	0.5754373669624329	0.8399239778518677	0.5299643278121948	-0.6113966703414917	0.04452173411846161	0.8672704696655273	0.6520568132400513	0.8203397393226624	0.5464243292808533	0.1417020708322525	0.05724998190999031	-0.0468578040599823	0.5441834926605225	-0.3412514328956604	0.16347067058086395	0.011148178949952126	0.6085250973701477	-0.13477514684200287	-0.039520908147096634	0.476203590631485	0.6179761290550232	0.3895188570022583	0.18169136345386505	0.6485376358032227	0.510553240776062	0.6303374171257019	0.8058308959007263	0.6872502565383911	-0.465965211391449	0.19964461028575897	0.575943648815155	-0.6184855699539185	-0.59319007396698	-0.3625379502773285	0.24869635701179504	-0.6172534823417664	-0.34454259276390076	-0.22857193648815155	0.14623059332370758	0.057982537895441055	-0.6465272903442383	0.20526660978794098	0.2951866090297699	-0.5954368114471436	-0.3214658796787262	-0.21820969879627228	-0.400312602519989	-0.605258584022522	0.32534900307655334	-0.4144728481769562	0.07596398890018463	-0.2736085057258606	0.24740293622016907	-0.32661864161491394	0.20152784883975983	-0.33982253074645996	-0.05422363057732582	0.28813284635543823	0.010604681447148323	-0.21172159910202026	0.2962425947189331	0.07704438269138336	0.17231960594654083	0.10963490605354309	0.08787885308265686	-0.16579164564609528	-0.019549870863556862	-0.3422906696796417	-0.09495886415243149	0.3865281343460083	0.24149204790592194	0.20002791285514832	0.11789520829916	0.26231735944747925	-0.08758775889873505	-0.07803592085838318	0.2662983238697052	0.17555534839630127	0.4974786937236786	-0.2701236307621002	0.006658619269728661	-0.06979133933782578	0.06071718409657478	-0.04133044555783272	0.1731915920972824	0.15090973675251007	-0.06359470635652542	-0.06569178402423859	0.018078260123729706	-0.2111874669790268	0.01585022360086441	-0.06456064432859421	0.45888033509254456	0.22029094398021698	0.35369762778282166	0.24331781268119812	-0.3535431921482086	0.09273380041122437	-0.09757641702890396	-0.13537931442260742	-0.5330954194068909	-0.3558163642883301	-0.4535013735294342	-0.6064284443855286	-0.3690319359302521	-0.42410656809806824
LH_Vis_4	-0.2601574957370758	-0.023468704894185066	-0.5056692957878113	1.0	0.18362991511821747	-0.21529175341129303	-0.08463704586029053	0.15371130406856537	-0.5049951076507568	-0.22100195288658142	0.023645401000976562	0.13175970315933228	0.21777530014514923	0.005414140410721302	0.1395215392112732	0.048990558832883835	-0.1318686455488205	0.056558333337306976	-0.1181044951081276	-0.09462951123714447	-0.04634273052215576	-0.10937158763408661	-0.18765351176261902	-0.31715425848960876	-0.2707183361053467	-0.3378068804740906	-0.5591169595718384	-0.3767329156398773	-0.3964127004146576	-0.23545843362808228	0.36732688546180725	0.12050263583660126	0.035280775278806686	-0.303747296333313	-0.11903899908065796	-0.07343371957540512	0.10104440897703171	-0.07260283082723618	-0.07965422421693802	-0.17775346338748932	-0.21762411296367645	0.1900235265493393	0.15225745737552643	0.15621812641620636	0.2685052752494812	-0.08153795450925827	-0.20301836729049683	0.053951606154441833	-0.09049654752016068	0.22559726238250732	-0.05825942009687424	-0.38460245728492737	-0.012588771060109138	0.6592467427253723	-0.15636076033115387	-0.32821306586265564	-0.051065441220998764	-0.3539300858974457	-0.1743846833705902	0.14634594321250916	0.24234801530838013	0.23258915543556213	0.0957987979054451	0.30239415168762207	0.027913248166441917	0.05512518063187599	-0.2593781650066376	0.12772081792354584	-0.09122153371572495	0.02768952026963234	-0.09059561789035797	0.0035521204117685556	0.05825534090399742	-0.2864834666252136	-0.22479014098644257	-0.15535421669483185	-0.29027631878852844	-0.09293302893638611	0.4787762761116028	0.12473738938570023	-0.19995291531085968	0.43312808871269226	0.3767238259315491	0.30522435903549194	-0.1575978845357895	0.36021605134010315	0.3399624824523926	0.14743776619434357	0.0009673265158198774	-0.0480533130466938	0.43319621682167053	-0.19749689102172852	-0.2760576903820038	0.38730520009994507	0.279693603515625	0.12950189411640167	-0.0553438700735569	0.12880997359752655	-0.23658005893230438	0.3315769135951996	0.35176026821136475	0.2083597034215927	-0.05365258455276489	0.1148919090628624	-0.1430133432149887	0.03164273500442505	0.24079068005084991	-0.3346348702907562	-0.26252084970474243	0.09052075445652008	-0.24645303189754486	-0.18574492633342743	0.17833277583122253	0.07149870693683624	0.304843008518219	0.16063234210014343	0.27894169092178345	0.48197993636131287	0.030832497403025627	-0.1698484867811203	0.1405927836894989	0.2893199920654297	-0.007420202251523733	-0.3545810878276825	0.46610280871391296	-0.04124900698661804	-0.30365273356437683	0.08214839547872543	-0.26038819551467896	-0.11846534162759781	-0.16822905838489532	-0.06947626173496246	0.12359127402305603	-0.08483089506626129	-0.06732466071844101	-0.1220172643661499	-0.21101602911949158	0.2062065303325653	-0.35884568095207214	0.34831956028938293	-0.031238051131367683	0.2257903516292572	-0.3260363042354584	0.03195790573954582	-0.08456002175807953	-0.23741866648197174	0.40886589884757996	0.13947483897209167	0.2192254662513733	0.37149882316589355	0.4288322925567627	0.30038243532180786	0.4029366374015808	0.4560995101928711	0.5147004723548889	0.607890784740448
LH_Vis_5	-0.09201840311288834	0.09955200552940369	-0.27459919452667236	0.18362991511821747	1.0	0.40267935395240784	-0.453593909740448	-0.16803577542304993	-0.14755591750144958	-0.40281185507774353	-0.08059390634298325	-0.06297840923070908	-0.2463609129190445	-0.37650802731513977	-0.5748068690299988	-0.26819083094596863	-0.044051263481378555	-0.42113348841667175	-0.34415745735168457	-0.45025816559791565	-0.3958612382411957	0.3100682497024536	-0.13022750616073608	-0.19195570051670074	-0.023793306201696396	0.043317776173353195	-0.2423187494277954	0.05284738913178444	-0.40064123272895813	-0.006868121214210987	0.10463414341211319	-0.12354391068220139	0.29019615054130554	0.3534485995769501	0.5867506265640259	0.13198620080947876	0.28198352456092834	-0.11592234671115875	0.04197315499186516	-0.4907098412513733	0.04083383455872536	0.046588387340307236	0.5348573923110962	-0.20910687744617462	0.11317628622055054	-0.09425334632396698	0.5518593788146973	0.27401408553123474	0.10897127538919449	0.14539967477321625	-0.44920939207077026	-0.14252923429012299	-0.49434828758239746	0.3866161108016968	0.8054878115653992	-0.2727866470813751	-0.2804853320121765	-0.27397745847702026	-0.3270733058452606	-0.10401114821434021	-0.047279100865125656	-0.24252788722515106	-0.3840566873550415	-0.1742594838142395	-0.450517863035202	-0.42947259545326233	-0.6173791289329529	-0.25954368710517883	-0.2822876274585724	-0.48531895875930786	-0.48096126317977905	-0.32696297764778137	-0.37414294481277466	-0.5396233797073364	-0.340569406747818	-0.10928311944007874	-0.27218249440193176	-0.27121344208717346	0.19372470676898956	-0.16018103063106537	-0.015914125367999077	0.4637805223464966	0.2883138060569763	0.5540895462036133	-0.004493901040405035	0.45775753259658813	0.24530453979969025	0.31632861495018005	-0.0446200929582119	0.08944494277238846	0.4074549973011017	-0.20313507318496704	-0.20400995016098022	0.33214181661605835	0.3068232536315918	-0.10011658817529678	0.19818413257598877	0.384158730506897	-0.09656695276498795	0.13120226562023163	0.24725162982940674	0.5577796697616577	-0.3125506341457367	0.3090205788612366	0.34889206290245056	-0.1324237883090973	0.05359163507819176	-0.24933059513568878	0.08404427766799927	0.3547935485839844	-0.014034430496394634	0.08798640221357346	0.15407389402389526	0.02832491137087345	0.12743011116981506	0.5112265944480896	0.004017989616841078	0.3338302969932556	0.4822861850261688	-0.1827935427427292	-0.35571423172950745	-0.24509307742118835	0.28764787316322327	-0.1639222353696823	0.031740959733724594	-0.4117673933506012	0.21791452169418335	0.4971388578414917	-0.12094327807426453	0.36579859256744385	0.5323572158813477	0.35799676179885864	-0.24378807842731476	0.047884661704301834	0.17286452651023865	0.047560617327690125	0.32031431794166565	0.29745641350746155	0.2539839744567871	0.11431926488876343	0.32614070177078247	0.19657228887081146	-0.4490559697151184	-0.24527743458747864	-0.4043496251106262	-0.3367435336112976	-0.2007676661014557	-0.16764980554580688	-0.31226646900177	0.027979422360658646	0.02970593236386776	0.1000199094414711	0.06288999319076538	0.13007932901382446	0.0963403657078743	0.1054278016090393
LH_Vis_6	0.18305137753486633	0.2071898877620697	0.43510866165161133	-0.21529175341129303	0.40267935395240784	1.0	0.18166160583496094	0.14187170565128326	0.3410680294036865	-0.007881566882133484	0.08216173946857452	0.05150016397237778	-0.23247042298316956	0.04664858803153038	-0.34244903922080994	-0.012171033769845963	0.13359542191028595	-0.10457254946231842	0.014633136801421642	-0.18763446807861328	0.06100195273756981	0.36842870712280273	-0.2626350522041321	0.3234238922595978	0.42848658561706543	0.5216864347457886	-0.1510160118341446	0.5852528214454651	0.17063534259796143	0.2406114935874939	-0.12090889364480972	0.1580893099308014	0.09350486844778061	0.20851191878318787	-0.004048739559948444	0.08216853439807892	-0.022431857883930206	0.0866604819893837	-0.023340940475463867	0.0014619478024542332	0.0664452537894249	-0.08829174190759659	-0.01780138537287712	-0.020431770011782646	-0.47844043374061584	-0.07507026940584183	-0.028178256005048752	-0.15454071760177612	0.2110794633626938	-0.2724795937538147	-0.02878248319029808	0.4107199013233185	0.003967647906392813	-0.15631748735904694	0.5971309542655945	0.5063890218734741	0.20288409292697906	0.26814165711402893	0.15460066497325897	-0.0867346003651619	-0.1671796590089798	-0.343288391828537	-0.14461690187454224	-0.46760115027427673	-0.201741024851799	-0.2963128685951233	-0.07162461429834366	-0.33129313588142395	-0.2647235691547394	-0.031309574842453	0.1759341061115265	-0.24215827882289886	-0.4112977683544159	0.01103947777301073	0.08914653211832047	0.40210455656051636	0.24588479101657867	0.1422765552997589	-0.11088498681783676	0.2550819516181946	0.3552102744579315	-0.13561245799064636	-0.05167028680443764	-0.015080032870173454	0.31852754950523376	-0.2153748869895935	-0.18170174956321716	0.33177173137664795	-0.12780173122882843	0.18363018333911896	0.10845086723566055	0.040724124759435654	0.1938287615776062	0.020194388926029205	0.13288773596286774	0.015818750485777855	0.06970661878585815	-0.10141830891370773	0.22829143702983856	-0.29694369435310364	0.342687726020813	0.04041391611099243	0.08127959817647934	0.03542989492416382	0.23291130363941193	0.007669525220990181	0.14397801458835602	0.27777349948883057	0.3831668496131897	0.0622854083776474	0.1629803627729416	0.252593070268631	0.26968488097190857	-0.2207590788602829	0.29003018140792847	0.3373851776123047	-0.1383890062570572	0.11659225821495056	0.08983742445707321	0.12612126767635345	-0.07865026593208313	0.17278973758220673	0.3818499743938446	0.09723146259784698	0.03627723082900047	-0.48126643896102905	0.07682699710130692	0.6097447276115417	0.2023470401763916	0.05137665942311287	0.4270744323730469	0.07716682553291321	0.10726988315582275	0.10655941814184189	0.34717947244644165	0.04182003438472748	0.21169038116931915	0.2377275675535202	0.05999050661921501	0.0355440154671669	0.15400567650794983	0.19125273823738098	0.20536591112613678	0.09206132590770721	0.23348043859004974	0.05554622784256935	-0.4491080343723297	0.009483760222792625	-0.07857508957386017	-0.3358364701271057	-0.4159680902957916	-0.347687304019928	-0.26590749621391296	-0.2658829987049103	-0.28294700384140015	-0.32287755608558655
LH_Vis_7	0.45494723320007324	0.5698530673980713	0.585457980632782	-0.08463704586029053	-0.453593909740448	0.18166160583496094	1.0	0.7333470582962036	0.4859623610973358	0.4743794798851013	0.18017370998859406	0.23934468626976013	0.2760472595691681	0.5750663876533508	0.5007224678993225	0.7540903687477112	0.1198035404086113	0.6532162427902222	0.48274701833724976	0.5049945116043091	0.6665264964103699	0.1030755490064621	0.014479231089353561	0.4052963852882385	0.3217077851295471	0.16017842292785645	-0.09241563826799393	0.13072676956653595	0.513637900352478	0.18703489005565643	-0.02707677148282528	0.38929301500320435	-0.0019928482361137867	-0.06401094049215317	-0.5465906262397766	-0.1879509538412094	-0.346405029296875	0.38913488388061523	0.04834696650505066	0.7624088525772095	0.03372199460864067	-0.200913667678833	-0.46188250184059143	0.23995773494243622	-0.3384352922439575	-0.05163253843784332	-0.6026299595832825	-0.33021020889282227	0.17201660573482513	-0.2209416776895523	0.6793429851531982	0.6961337327957153	0.866722583770752	-0.4770543575286865	-0.41685014963150024	0.7049328088760376	0.7852052450180054	0.6520023345947266	0.5399442315101624	0.17356187105178833	0.12622970342636108	0.2631075084209442	0.5925805568695068	0.022962696850299835	0.5190582871437073	0.39047810435295105	0.6418495178222656	0.1733962446451187	0.05927851423621178	0.562688410282135	0.6618292331695557	0.258017897605896	0.23217804729938507	0.7550798654556274	0.4459950625896454	0.39946356415748596	0.5259245038032532	0.5100106000900269	-0.12059294432401657	0.5845010876655579	0.15565860271453857	-0.6343842148780823	-0.5567830204963684	-0.4843229055404663	-0.01710323803126812	-0.7236478328704834	-0.37337926030158997	-0.45065557956695557	-0.16898897290229797	-0.190651074051857	-0.23952160775661469	0.4964444935321808	0.3188575208187103	-0.43893879652023315	-0.2801882326602936	0.18349358439445496	-0.3072134852409363	-0.7024657130241394	0.27165892720222473	-0.31477928161621094	0.22211232781410217	-0.5387256741523743	0.3654848039150238	-0.45147767663002014	-0.12062329798936844	-0.2618936002254486	-0.1613122671842575	0.0055832467041909695	-0.013371339067816734	-0.3225129544734955	-0.09600497037172318	-0.005912607070058584	0.25254541635513306	0.22023704648017883	0.16013573110103607	-0.2613770365715027	0.09358540922403336	-0.21635980904102325	-0.3629164695739746	0.17350177466869354	0.3185608386993408	0.2749227285385132	-0.00019504610099829733	-0.18294832110404968	-0.060700878500938416	0.187698632478714	0.11343980580568314	0.008783050812780857	0.20505152642726898	-0.5776963829994202	-0.13458266854286194	-0.5572532415390015	0.20677536725997925	-0.26276612281799316	0.033233948051929474	0.03720264509320259	-0.47210782766342163	-0.33095449209213257	-0.5306290984153748	-0.09529277682304382	-0.44299983978271484	0.12081515043973923	0.4557420015335083	0.2235831767320633	0.6036369800567627	0.3987719416618347	-0.1852332204580307	0.07763403654098511	-0.18310581147670746	-0.17202569544315338	-0.44868582487106323	-0.5452472567558289	-0.26837238669395447	-0.2622555196285248	-0.20036771893501282	-0.2602819800376892
LH_Vis_8	0.2455163598060608	0.6505492925643921	0.5549300909042358	0.15371130406856537	-0.16803577542304993	0.14187170565128326	0.7333470582962036	1.0	0.5539280772209167	0.3210839331150055	0.2067844122648239	0.34812262654304504	0.1925550401210785	0.4666126072406769	0.38747096061706543	0.715600311756134	0.17956578731536865	0.7962149977684021	0.31795212626457214	0.5109750032424927	0.490698903799057	0.3307945430278778	0.21448931097984314	0.35504940152168274	0.3658865988254547	0.26436087489128113	-0.13210776448249817	-0.12716317176818848	0.3107927739620209	0.33043864369392395	-0.15408912301063538	0.18332484364509583	-0.05811506509780884	0.08317140489816666	-0.3908531367778778	-0.06468323618173599	-0.28935375809669495	0.0990326926112175	-0.1158173456788063	0.46538159251213074	-0.23320116102695465	-0.35668206214904785	-0.3817458748817444	-0.05367528647184372	-0.39371412992477417	-0.2957960367202759	-0.5274510383605957	-0.33916786313056946	0.06116723269224167	-0.2460382580757141	0.482541561126709	0.6670604944229126	0.6697352528572083	-0.37223151326179504	-0.16440467536449432	0.5921778678894043	0.8828309774398804	0.7663453221321106	0.29438677430152893	0.29774734377861023	0.28596654534339905	0.17111775279045105	0.6466970443725586	0.016652125865221024	0.3473048210144043	0.23821787536144257	0.31212276220321655	0.12659727036952972	0.004232399631291628	0.569692850112915	0.5272891521453857	0.44082310795783997	0.31924763321876526	0.5146702527999878	0.3857412040233612	0.5416951775550842	0.41712871193885803	0.5846851468086243	-0.1598435640335083	0.3311411440372467	0.231672465801239	-0.4923178255558014	-0.4716827869415283	-0.18851318955421448	0.07651787251234055	-0.47148457169532776	-0.33211496472358704	-0.4694702923297882	-0.09270181506872177	-0.31888657808303833	-0.3993692100048065	0.0816219225525856	0.04790405184030533	-0.46637117862701416	-0.2848874628543854	-0.17412163317203522	-0.48745614290237427	-0.7530412673950195	0.07164125144481659	-0.32200178503990173	0.1695784032344818	-0.2571054697036743	0.26799681782722473	-0.34736141562461853	0.2114565670490265	-0.37141475081443787	-0.2744216322898865	-0.22556015849113464	-0.21967487037181854	-0.34429410099983215	-0.004300038330256939	-0.03875993564724922	0.3027002215385437	0.10300077497959137	0.006611477583646774	-0.27441462874412537	0.14210408926010132	-0.05968967452645302	0.049562741070985794	0.03718303143978119	0.3578404188156128	0.32167041301727295	-0.08216630667448044	-0.24064227938652039	0.18702925741672516	0.036814965307712555	0.13323570787906647	0.18589109182357788	0.25346946716308594	-0.4065611660480499	-0.04944073408842087	-0.2694866359233856	0.06358161568641663	-0.13709349930286407	-0.021770237013697624	-0.03155314177274704	-0.3772999048233032	-0.10354801267385483	-0.40144991874694824	-0.056111715734004974	-0.16455760598182678	0.08355211466550827	0.3803572952747345	0.1252274364233017	0.2493584305047989	0.20837187767028809	-0.13146831095218658	0.2503725588321686	-0.135639488697052	0.11704838275909424	-0.3209397494792938	-0.26865893602371216	-0.2000964879989624	-0.2857252061367035	-0.1022041067481041	-0.14738038182258606
LH_Vis_9	0.4936312139034271	0.40783101320266724	0.6507290601730347	-0.5049951076507568	-0.14755591750144958	0.3410680294036865	0.4859623610973358	0.5539280772209167	1.0	0.27917131781578064	-0.010266400873661041	0.05981965363025665	-0.13251738250255585	0.22483257949352264	0.13974833488464355	0.3573293089866638	0.16059847176074982	0.5634798407554626	0.31831875443458557	0.40677815675735474	0.31972697377204895	0.21046386659145355	0.3214322626590729	0.31399255990982056	0.2911217510700226	0.24063290655612946	0.11535979807376862	0.08452177792787552	0.40112125873565674	0.17328165471553802	-0.32179197669029236	0.16534827649593353	-0.08903410285711288	0.2621856927871704	-0.24374598264694214	0.19874750077724457	-0.15874886512756348	0.08026129007339478	-0.0576956644654274	0.2631886601448059	-0.03236037492752075	-0.2631499767303467	-0.44993487000465393	-0.016661275178194046	-0.6272603869438171	-0.23859725892543793	-0.25949159264564514	-0.4570873975753784	0.38430553674697876	-0.18198196589946747	0.3261258900165558	0.6779301762580872	0.3879367709159851	-0.500095546245575	0.13152152299880981	0.6801215410232544	0.6743091940879822	0.8560171723365784	0.24179083108901978	-0.02868460677564144	-0.10949409008026123	-0.16100646555423737	0.256022185087204	-0.16999411582946777	0.13341107964515686	0.07492205500602722	0.4066067337989807	-0.03108726069331169	0.16066454350948334	0.4409446120262146	0.475281298160553	0.11616180092096329	0.1954578459262848	0.40708309412002563	0.3129577934741974	0.36688145995140076	0.41754981875419617	0.26604124903678894	-0.43355879187583923	0.03984717279672623	0.15649470686912537	-0.45499858260154724	-0.6053865551948547	-0.35962581634521484	0.23248249292373657	-0.4637698233127594	-0.2679693400859833	-0.4186323285102844	0.14324595034122467	-0.24462413787841797	-0.5780999660491943	0.22005721926689148	0.06748054921627045	-0.6531689763069153	-0.5459315776824951	-0.11932781338691711	-0.44279056787490845	-0.4586949944496155	0.4723142683506012	-0.18920572102069855	-0.1955208033323288	-0.3753338158130646	0.12492509186267853	-0.29999324679374695	0.2700629234313965	-0.13146989047527313	-0.3470306396484375	0.02495472878217697	0.2564318776130676	-0.3297877013683319	0.057903725653886795	0.22832494974136353	0.2160424292087555	-0.07531455159187317	-0.23509225249290466	-0.29716983437538147	0.02533861994743347	-0.3254118263721466	-0.005403625313192606	0.07708662748336792	0.28892767429351807	0.1791216880083084	-0.18102052807807922	-0.008785842917859554	0.01666964963078499	0.02455589547753334	0.25913864374160767	0.014804993756115437	0.20287801325321198	-0.2004304975271225	-0.0034600109793245792	-0.15363675355911255	-0.04748966544866562	-0.12891757488250732	-0.020505471155047417	0.0707625076174736	-0.012802797369658947	-0.11171198636293411	-0.03292166441679001	-0.18461936712265015	-0.06413788348436356	-0.2434222400188446	0.6738560795783997	0.2774103879928589	0.23799681663513184	0.45766517519950867	-0.38363116979599	0.10984019190073013	-0.20857009291648865	-0.03378508612513542	-0.37954699993133545	-0.2140166461467743	-0.2932249903678894	-0.5240919589996338	-0.33383333683013916	-0.42187002301216125
LH_SomMot_1	0.2957761287689209	0.33588457107543945	0.497991681098938	-0.22100195288658142	-0.40281185507774353	-0.007881566882133484	0.4743794798851013	0.3210839331150055	0.27917131781578064	1.0	0.5597144365310669	0.4044746160507202	0.43460699915885925	0.5172258019447327	0.4295472204685211	0.3982846140861511	0.31554707884788513	0.31279078125953674	0.46138274669647217	0.43796589970588684	0.34915515780448914	-0.10854408890008926	0.0970294252038002	0.3726257383823395	0.36764222383499146	0.1797952502965927	0.13477225601673126	-0.08488074690103531	0.4380888342857361	0.07926560938358307	-0.40054967999458313	-0.060329094529151917	0.058726005256175995	0.10747863352298737	-0.30425316095352173	-0.0014398685889318585	-0.17299401760101318	0.19998013973236084	0.2698008418083191	0.7199709415435791	0.3113948404788971	-0.2477799504995346	-0.2634517252445221	-0.11394796520471573	-0.30420392751693726	-0.06847334653139114	-0.34723231196403503	-0.13052821159362793	0.06913979351520538	-0.15365266799926758	0.4902585744857788	0.4645308256149292	0.591926634311676	-0.5271552205085754	-0.48690474033355713	0.47583794593811035	0.4310111105442047	0.390617311000824	0.8644042015075684	0.39498767256736755	0.4167628288269043	0.3441825211048126	0.5227797031402588	0.12931255996227264	0.3434079885482788	0.45442017912864685	0.5150133371353149	0.2670033276081085	-0.10292662680149078	0.3135775923728943	0.44793587923049927	0.24321812391281128	0.13912932574748993	0.8081269860267639	0.39681756496429443	0.248135045170784	0.4047456383705139	0.37168893218040466	-0.46702346205711365	0.2518945038318634	0.24400192499160767	-0.4503648281097412	-0.4705345630645752	-0.31055083870887756	0.02108091674745083	-0.5263842344284058	-0.2959638833999634	-0.383268803358078	0.09738574922084808	0.10811757296323776	-0.31068161129951477	0.49536699056625366	0.6021876931190491	-0.5148900747299194	-0.29064810276031494	-0.19275698065757751	-0.33105146884918213	-0.4431636929512024	0.10439431667327881	-0.22616614401340485	-0.24832674860954285	-0.562178909778595	-0.0824522003531456	-0.66507887840271	0.08345028012990952	-0.2588820457458496	0.0011781585635617375	0.07101591676473618	0.1237843781709671	-0.12169536203145981	-0.17437855899333954	-0.3797641694545746	-0.10529889166355133	0.047704294323921204	-0.25582411885261536	-0.5608717203140259	-0.17052502930164337	-0.5172541737556458	-0.3252008259296417	-0.031207416206598282	0.5301855802536011	0.06530259549617767	0.08884339034557343	0.3192432224750519	0.07751409709453583	-0.06403924524784088	0.20105630159378052	-0.22013060748577118	0.03939393535256386	-0.5001443028450012	-0.3224225640296936	-0.3917486071586609	0.015262472443282604	-0.35073375701904297	-0.15282100439071655	0.01024084072560072	-0.45889270305633545	-0.25559988617897034	-0.4649432301521301	0.014105943031609058	-0.5107429027557373	-0.011415687389671803	0.14998142421245575	0.27897146344184875	0.2248782068490982	0.5449776649475098	0.22687794268131256	0.28232166171073914	-0.20446567237377167	0.13020765781402588	-0.21497458219528198	-0.22606439888477325	-0.08093895018100739	-0.2566657066345215	-0.05945887416601181	-0.04063604772090912
LH_SomMot_2	0.15885889530181885	0.47849375009536743	0.24550512433052063	0.023645401000976562	-0.08059390634298325	0.08216173946857452	0.18017370998859406	0.2067844122648239	-0.010266400873661041	0.5597144365310669	1.0	0.8323851227760315	0.5082371234893799	0.6293836236000061	0.2583632469177246	0.3497409522533417	0.7752269506454468	0.010655587539076805	0.4514812231063843	0.05754643306136131	0.5541790127754211	-0.07025158405303955	-0.21350741386413574	0.6070758104324341	0.3264386057853699	0.281107634305954	-0.21867303550243378	0.10942859947681427	0.27246758341789246	0.11645203083753586	-0.26217496395111084	-0.07076425105333328	0.17360036075115204	0.2823643088340759	-0.1774611473083496	0.2137015014886856	0.13053974509239197	-0.05818413570523262	0.08139973133802414	0.1533483862876892	0.0811544805765152	-0.37275439500808716	-0.10071069002151489	-0.12687864899635315	-0.15938785672187805	-0.22917892038822174	-0.2502824366092682	0.07042529433965683	0.11810758709907532	-0.17801934480667114	0.20704229176044464	0.2962000072002411	0.39894238114356995	-0.2620997130870819	-0.17660847306251526	0.2912887632846832	0.2006385177373886	0.1165124699473381	0.6567724347114563	0.7681916952133179	0.7699365019798279	0.36026930809020996	0.4436550438404083	0.28065505623817444	0.46875500679016113	0.17722859978675842	0.0036434924695640802	0.4765845239162445	-0.2068631798028946	-0.002875952050089836	0.34047651290893555	-0.08853841572999954	-0.3046489655971527	0.31277522444725037	0.6245110630989075	0.2773551046848297	0.1323162466287613	0.31759345531463623	-0.3905634582042694	0.10906310379505157	0.15686984360218048	-0.043852776288986206	-0.3755420446395874	-0.2772374749183655	-0.3635323941707611	-0.37185707688331604	0.025929534807801247	-0.020098013803362846	0.11704494804143906	-0.023764606565237045	0.01734241470694542	0.16717402637004852	0.16771434247493744	-0.33050715923309326	-0.23325251042842865	-0.11076252907514572	-0.33280831575393677	-0.3147346079349518	0.09554599225521088	-0.12405679374933243	-0.09736611694097519	-0.35711684823036194	-0.10022067278623581	-0.46713149547576904	0.01424152497202158	-0.2124457061290741	0.014079690910875797	0.0925835371017456	0.14531990885734558	-0.059919390827417374	0.19421842694282532	-0.4280387759208679	-0.03285488113760948	-0.1523226648569107	-0.2555968463420868	-0.44503480195999146	-0.27728554606437683	-0.26706480979919434	-0.19306902587413788	0.012176035903394222	0.24771371483802795	-0.014757065102458	0.088929183781147	0.045551542192697525	-0.008286670781672001	0.11911066621541977	0.26508402824401855	0.0145680271089077	0.2737513780593872	-0.17938236892223358	0.04608769714832306	-0.28817903995513916	0.2290218472480774	-0.14248116314411163	0.12252936512231827	0.45605018734931946	-0.2676142156124115	0.1682031899690628	-0.05968085676431656	0.24278822541236877	-0.24109593033790588	0.42086198925971985	0.04760730266571045	-0.09341516345739365	0.1563389152288437	0.12366443127393723	0.37347808480262756	0.4965983033180237	-0.00520710926502943	-0.01773480512201786	-0.4639669358730316	-0.31009799242019653	-0.41718924045562744	-0.3782867193222046	-0.24684278666973114	-0.2153925597667694
LH_SomMot_3	0.0672396719455719	0.451887845993042	0.20719166100025177	0.13175970315933228	-0.06297840923070908	0.05150016397237778	0.23934468626976013	0.34812262654304504	0.05981965363025665	0.4044746160507202	0.8323851227760315	1.0	0.4509541094303131	0.5990568399429321	0.2205340415239334	0.44004523754119873	0.8945098519325256	0.10129635781049728	0.3529495298862457	0.05572293698787689	0.5708863139152527	0.08602176606655121	-0.14811795949935913	0.6537104249000549	0.26124265789985657	0.23579759895801544	-0.30934593081474304	-0.066256083548069	0.21367666125297546	0.2466822862625122	-0.3639152944087982	-0.09367550909519196	-0.05196770280599594	0.24314013123512268	-0.318141907453537	0.22254213690757751	0.04210789129137993	-0.19023895263671875	-0.11728814244270325	0.04552678391337395	-0.1747179925441742	-0.5514513254165649	-0.2908410131931305	-0.24135416746139526	-0.2755802273750305	-0.47199517488479614	-0.39482781291007996	-0.1589757353067398	0.12586306035518646	-0.1675146371126175	0.12188339978456497	0.31214845180511475	0.36982303857803345	-0.12509427964687347	-0.11071112751960754	0.32935088872909546	0.2725850045681	0.22536996006965637	0.4879467785358429	0.8532779216766357	0.886361300945282	0.2885785698890686	0.5003017783164978	0.5387645959854126	0.5385357737541199	0.1008627712726593	-0.07372230291366577	0.5812265276908875	-0.2599112391471863	-0.025187605991959572	0.31509315967559814	-0.015446634963154793	-0.2035059928894043	0.2132287174463272	0.7111865878105164	0.40729793906211853	0.0946984812617302	0.4036810100078583	-0.3504892587661743	0.030359860509634018	0.17930975556373596	0.04521307721734047	-0.3652113378047943	-0.21282175183296204	-0.3153895139694214	-0.2492472231388092	0.10195418447256088	0.0007741180597804487	0.13461102545261383	-0.05653802305459976	-0.03817674145102501	0.0393143855035305	-0.015066099353134632	-0.3351992070674896	-0.2647251784801483	-0.1786656379699707	-0.4663275182247162	-0.29912230372428894	0.07524799555540085	-0.023661358281970024	4.462438664631918e-05	-0.3287772536277771	0.04408203437924385	-0.37365347146987915	0.04109460860490799	-0.18623852729797363	0.030888354405760765	-0.11263245344161987	0.17994485795497894	-0.3180162012577057	0.21663248538970947	-0.4009220004081726	0.07049560546875	-0.08799910545349121	-0.2585738003253937	-0.45163726806640625	-0.05678814649581909	-0.25543397665023804	-0.12019770592451096	0.13659891486167908	0.1330932080745697	0.07460451871156693	-0.073972187936306	-0.09573870152235031	0.024003593251109123	0.20891699194908142	0.2296338677406311	0.08024797588586807	0.19637276232242584	-0.14601747691631317	0.029833903536200523	-0.2702396512031555	0.21037374436855316	-0.16519111394882202	0.24870891869068146	0.2611123025417328	-0.3104000389575958	0.25044935941696167	-0.09945032745599747	0.3757489025592804	-0.17438575625419617	0.38845035433769226	0.08522918075323105	-0.07387062162160873	0.08853639662265778	0.07891795039176941	0.45549726486206055	0.5731817483901978	0.13194547593593597	0.0675550103187561	-0.4447050392627716	-0.19944548606872559	-0.4321368634700775	-0.4263775050640106	-0.2614440619945526	-0.21128949522972107
