Node	HIP-head-m-rh	HIP-head-l-rh	HIP-body-rh	HIP-tail-rh	THA-VPm-rh	THA-VPl-rh	THA-VAi-rh	THA-VAs-rh	THA-DAm-rh	THA-DAl-rh	PUT-VA-rh	PUT-DA-rh	PUT-VP-rh	PUT-DP-rh	CAU-VA-rh	CAU-DA-rh	CAU-body-rh	CAU-tail-rh	lAMY-rh	mAMY-rh	THA-DP-rh	NAc-shell-rh	NAc-core-rh	pGP-rh	aGP-rh	HIP-head-m-lh	HIP-head-l-l	HIP-body-l	HIP-tail-lh	THA-VPm-lh	THA-VPl-lh	THA-VAi-lh	THA-VAs-lh	THA-DAm-lh	THA-DAl-lh	PUT-VA-lh	PUT-DA-l	PUT-VP-lh	PUT-DP-lh	CAU-VA-lh	CAU-DA-lh	CAU-body-lh	CAU-tail-lh	lAMY-lh	mAMY-lh	THA-DP-lh	NAc-shell-lh	NAc-core-lh	pGP-lh	aGP-lh
HIP-head-m-rh	1.0	0.5000894665718079	0.38951653242111206	0.6127128601074219	0.4012843370437622	0.13599486649036407	0.03440496325492859	-0.1189601793885231	-0.059980977326631546	0.0017299273749813437	0.04816167801618576	-0.039672043174505234	0.2616425156593323	0.2783668041229248	0.0360688790678978	-0.012249130755662918	0.07018410414457321	0.02380245178937912	0.3895931839942932	0.5079066157341003	0.309603214263916	0.03700648993253708	0.20284762978553772	-0.1154632419347763	0.09978757053613663	0.39523133635520935	0.21669189631938934	0.227700337767601	0.2986234426498413	0.1735723465681076	0.0775262787938118	-0.002387509448453784	-0.11369283497333527	0.002780255861580372	-0.05559524893760681	0.051310379058122635	0.04400918632745743	0.265685498714447	0.2719533145427704	-0.06824963539838791	0.05928792804479599	0.08619273453950882	-0.012066754512488842	-0.235526442527771	0.26445719599723816	0.24287086725234985	-0.14790908992290497	0.0822344720363617	0.12866690754890442	0.07915773242712021
HIP-head-l-rh	0.5000894665718079	1.0	0.2493802011013031	0.4452947974205017	0.0744687020778656	-0.10292503982782364	-0.1765255630016327	-0.2231989949941635	-0.26423707604408264	-0.05770521238446236	-0.1334880143404007	-0.01207023486495018	0.06942136585712433	-0.03850797563791275	-0.15131549537181854	-0.33687806129455566	-0.19037164747714996	-0.2219645380973816	0.3411124348640442	0.27529966831207275	0.07384873926639557	-0.025196855887770653	-0.27103179693222046	-0.41015514731407166	-0.10766904801130295	0.35816001892089844	0.2331988513469696	0.18289324641227722	0.4211452603340149	0.06985264271497726	-0.016589539125561714	0.06319067627191544	0.135939359664917	-0.04058210924267769	-0.18162257969379425	-0.17157797515392303	-0.2023967206478119	0.06508234143257141	-0.13200905919075012	-0.2496412992477417	-0.08854685723781586	-0.11282163113355637	-0.1597522646188736	-0.04263170808553696	0.3895961344242096	0.45725828409194946	-0.07777639478445053	-0.08178349584341049	-0.09873829782009125	-0.1902187615633011
HIP-body-rh	0.38951653242111206	0.2493802011013031	1.0	0.49747273325920105	0.07607122510671616	-0.12635532021522522	0.07166492193937302	-0.1713702529668808	0.29205960035324097	0.11149600148200989	-0.14318495988845825	-0.10853572934865952	-0.014004339464008808	-0.028073512017726898	0.13577669858932495	0.037666670978069305	0.041667789220809937	0.03325585648417473	0.015337617136538029	0.25094735622406006	0.2474002242088318	0.22361411154270172	0.08346883207559586	0.027061255648732185	-0.23217852413654327	0.18442001938819885	0.4407421946525574	0.6609989404678345	0.3989110589027405	-0.003667457727715373	0.11814191192388535	-0.052127040922641754	-0.1983705461025238	0.38495832681655884	0.0876673012971878	-0.1905737966299057	0.004319796804338694	-0.14228038489818573	-0.04099820554256439	0.08142182230949402	0.09778228402137756	0.032128918915987015	-0.10477173328399658	0.0041751498356461525	-0.01314228679984808	0.1749901920557022	0.19405657052993774	0.2648438811302185	-0.0667017251253128	0.02022632211446762
HIP-tail-rh	0.6127128601074219	0.4452947974205017	0.49747273325920105	1.0	0.31940072774887085	-0.042464543133974075	0.1448925882577896	-0.18764300644397736	0.0759257972240448	-0.03130257502198219	-0.04061067849397659	-0.25128382444381714	0.06480024009943008	0.05504646524786949	-0.0878114104270935	0.09382269531488419	0.1099269688129425	0.22034583985805511	0.3097900152206421	0.401296466588974	0.24744164943695068	0.10869786143302917	0.054385337978601456	-0.19328810274600983	-0.1495753973722458	0.43078935146331787	0.23395764827728271	0.45967206358909607	0.548106849193573	0.08242173492908478	-0.02534896321594715	-0.032462362200021744	-0.2710712254047394	0.05920984596014023	-0.021287348121404648	-0.18175972998142242	-0.09598049521446228	0.11296582221984863	0.07158627361059189	-0.17312422394752502	-0.04593881219625473	-0.03403351083397865	-0.05902853235602379	-0.039134811609983444	0.17265184223651886	0.33051371574401855	-0.06354966014623642	0.05348590388894081	0.084745854139328	-0.10683237016201019
THA-VPm-rh	0.4012843370437622	0.0744687020778656	0.07607122510671616	0.31940072774887085	1.0	0.189354807138443	0.11975358426570892	0.07449688762426376	0.0786755308508873	0.20415790379047394	0.1181471198797226	0.04862568527460098	0.013305390253663063	0.17741049826145172	0.0955248773097992	0.13176913559436798	-0.03483893722295761	0.14721259474754333	0.12676671147346497	0.45038890838623047	0.3053063750267029	0.28295475244522095	0.30920013785362244	0.1833241730928421	0.16076888144016266	0.19020140171051025	-0.09247254580259323	0.09873716533184052	-0.021650483831763268	0.5615721940994263	0.2337769716978073	0.14172320067882538	-0.1847071647644043	-0.07856457680463791	0.0014325351221486926	0.08462408185005188	0.03760235384106636	0.141043022274971	0.13747328519821167	0.18174134194850922	0.003395117586478591	0.18037442862987518	0.11516915261745453	-0.47194015979766846	-0.03702910616993904	0.08650039881467819	0.15857680141925812	0.1764148473739624	-0.05016610771417618	0.013939684256911278
THA-VPl-rh	0.13599486649036407	-0.10292503982782364	-0.12635532021522522	-0.042464543133974075	0.189354807138443	1.0	0.1346748024225235	-0.06761109083890915	0.09162504971027374	0.09907364845275879	0.3929292559623718	0.21173539757728577	0.4340630769729614	0.29082924127578735	0.15126916766166687	0.3039220869541168	0.17767234146595	0.11021068692207336	0.08833222091197968	0.05929429456591606	0.3043772280216217	-0.11597425490617752	0.0012886793119832873	0.03258739784359932	0.14203496277332306	-0.12585259974002838	-0.16171211004257202	-0.10115581750869751	0.010272263549268246	0.45026886463165283	0.2289559245109558	-0.08712942898273468	0.012623132206499577	-0.029705749824643135	-0.1426171362400055	0.36391177773475647	0.01934233494102955	0.2898581027984619	0.2879053056240082	0.12161311507225037	0.26633694767951965	0.14860983192920685	0.17365875840187073	-0.4491405785083771	-0.2741444408893585	-0.17009153962135315	0.004254222847521305	0.39187929034233093	0.12458813190460205	-0.13828244805335999
THA-VAi-rh	0.03440496325492859	-0.1765255630016327	0.07166492193937302	0.1448925882577896	0.11975358426570892	0.1346748024225235	1.0	0.24333882331848145	0.23407894372940063	-0.0934201180934906	0.28804540634155273	-0.2261473834514618	-0.04339166358113289	0.15833209455013275	0.08942588418722153	0.2614430785179138	0.33380377292633057	0.550009548664093	0.09309374541044235	0.09143278747797012	-0.02418546751141548	-0.1357191503047943	0.21460644900798798	0.013942301273345947	0.19201304018497467	0.08134426921606064	0.11031857132911682	0.26589393615722656	-0.0013088182313367724	-0.17788179218769073	0.18004222214221954	0.41008809208869934	0.04625709354877472	0.01249190978705883	0.33973872661590576	-0.006131540983915329	0.1277296543121338	0.07319721579551697	0.20692254602909088	0.07031576335430145	-0.10131964087486267	0.17843466997146606	0.05711296945810318	0.17087297141551971	-0.11781179904937744	-0.21221020817756653	-0.03626969829201698	0.11325205117464066	0.10221992433071136	0.02405148558318615
THA-VAs-rh	-0.1189601793885231	-0.2231989949941635	-0.1713702529668808	-0.18764300644397736	0.07449688762426376	-0.06761109083890915	0.24333882331848145	1.0	0.41399312019348145	0.17082801461219788	0.2627195715904236	0.0603637769818306	0.057637088000774384	0.11451292783021927	0.1299341917037964	0.2725376784801483	0.15834736824035645	0.04982428252696991	0.16738411784172058	-0.1410413235425949	-0.0692829042673111	-0.039364442229270935	0.19947926700115204	0.1625903844833374	0.08561341464519501	-0.34453079104423523	-0.19078542292118073	-0.2679689824581146	-0.29910874366760254	-0.15524792671203613	0.07603852450847626	0.14795918762683868	0.06287552416324615	0.31450155377388	0.3437609076499939	0.2583100199699402	0.12192652374505997	-0.03240358456969261	0.178028404712677	0.203976109623909	0.01584942825138569	0.23816123604774475	-0.018370140343904495	0.05767040699720383	-0.34335944056510925	0.0017052270704880357	-0.024978678673505783	-0.17978529632091522	0.23189103603363037	0.08639568835496902
THA-DAm-rh	-0.059980977326631546	-0.26423707604408264	0.29205960035324097	0.0759257972240448	0.0786755308508873	0.09162504971027374	0.23407894372940063	0.41399312019348145	1.0	0.285884290933609	0.2918855547904968	-0.04958326742053032	-0.06962878257036209	-0.0033588872756808996	0.20398558676242828	0.3237563967704773	0.1334889680147171	0.05605755001306534	-0.008387130685150623	0.013288067653775215	0.15666218101978302	0.31225717067718506	0.3326941132545471	0.16017939150333405	-0.06513155996799469	-0.10148534178733826	0.22536657750606537	0.28556135296821594	0.08882618695497513	-0.012673442251980305	0.08869961649179459	-0.10204215347766876	-0.0947410985827446	0.5942508578300476	0.3454896807670593	0.24695469439029694	0.1498582661151886	-0.3482489287853241	-0.005792214069515467	0.2738633453845978	0.21434693038463593	-0.02074011228978634	-0.043600741773843765	0.11289260536432266	-0.2801852226257324	0.11298981308937073	0.35767462849617004	0.23464587330818176	-0.06314084678888321	-0.07406052947044373
THA-DAl-rh	0.0017299273749813437	-0.05770521238446236	0.11149600148200989	-0.03130257502198219	0.20415790379047394	0.09907364845275879	-0.0934201180934906	0.17082801461219788	0.285884290933609	1.0	0.19191814959049225	0.2000524252653122	0.16253507137298584	0.20577490329742432	0.33624550700187683	0.32186609506607056	0.19420458376407623	0.11536932736635208	-0.23753830790519714	0.062050167471170425	0.24158789217472076	0.24703754484653473	0.15158334374427795	0.33746957778930664	-0.09660407155752182	-0.006922279950231314	-0.031185854226350784	0.11979914456605911	0.12416371703147888	0.11956710368394852	0.24901080131530762	-0.07301820814609528	0.16249492764472961	0.48791342973709106	0.4856824576854706	0.08244096487760544	0.28601139783859253	-0.004272337071597576	0.21074876189231873	0.504562258720398	0.3630453050136566	0.22615160048007965	0.00720714358612895	-0.31793105602264404	-0.2641436457633972	0.1141793429851532	0.40942108631134033	0.05003578960895538	-0.04797870293259621	0.11384318768978119
PUT-VA-rh	0.04816167801618576	-0.1334880143404007	-0.14318495988845825	-0.04061067849397659	0.1181471198797226	0.3929292559623718	0.28804540634155273	0.2627195715904236	0.2918855547904968	0.19191814959049225	1.0	0.5226805210113525	0.5436705350875854	0.6885127425193787	0.214080810546875	0.5795109272003174	0.4903365671634674	0.31150656938552856	0.35547584295272827	0.20028656721115112	0.1335001438856125	0.10997092723846436	0.33200278878211975	0.0022180986125022173	0.3017846941947937	-0.15061597526073456	-0.0556698702275753	-0.052066195756196976	-0.10479765385389328	0.2071613371372223	0.17741559445858002	0.16485850512981415	0.24688488245010376	0.23862877488136292	0.2408580631017685	0.716568112373352	0.7002289891242981	0.3921670615673065	0.655998945236206	0.23417744040489197	0.45222318172454834	0.4054112136363983	0.31599897146224976	0.06858313083648682	-0.15987427532672882	0.021731432527303696	0.1653347611427307	0.29828205704689026	0.07736121118068695	0.31909802556037903
PUT-DA-rh	-0.039672043174505234	-0.01207023486495018	-0.10853572934865952	-0.25128382444381714	0.04862568527460098	0.21173539757728577	-0.2261473834514618	0.0603637769818306	-0.04958326742053032	0.2000524252653122	0.5226805210113525	1.0	0.6812505125999451	0.5319691300392151	0.17464423179626465	0.3734000623226166	0.3491398096084595	-0.018577266484498978	0.23186349868774414	0.11460208892822266	0.029088495299220085	-0.019686151295900345	-0.06579059362411499	0.1952989548444748	0.012999188154935837	-0.3132512867450714	-0.2155473381280899	-0.19897601008415222	-0.13242681324481964	0.3581961691379547	0.10219699144363403	0.042418286204338074	0.2882886528968811	0.1172608956694603	0.034632358700037	0.5630701780319214	0.5653113126754761	0.45728978514671326	0.5289433598518372	0.1018032655119896	0.46660304069519043	0.5037176012992859	0.4514022469520569	-0.0006171618006192148	-0.008653863333165646	0.0457196868956089	0.023071622475981712	0.23123100399971008	-0.03747310861945152	0.26642996072769165
PUT-VP-rh	0.2616425156593323	0.06942136585712433	-0.014004339464008808	0.06480024009943008	0.013305390253663063	0.4340630769729614	-0.04339166358113289	0.057637088000774384	-0.06962878257036209	0.16253507137298584	0.5436705350875854	0.6812505125999451	1.0	0.6889490485191345	0.05505834519863129	0.48996466398239136	0.5082127451896667	0.23940232396125793	0.3653383255004883	0.02164401113986969	0.08644533157348633	-0.20432037115097046	-0.009723370894789696	0.20392641425132751	0.0049214609898626804	-0.1847907155752182	-0.21214750409126282	-0.18502674996852875	-0.03193170949816704	0.32970330119132996	0.07479877769947052	0.08495204895734787	0.21840326488018036	0.09400487691164017	0.022154975682497025	0.4624668061733246	0.493672251701355	0.5594589710235596	0.7064676880836487	0.2201932668685913	0.4770723283290863	0.6026118993759155	0.40228408575057983	-0.15938255190849304	-0.16110409796237946	-0.03114175982773304	-0.07694263011217117	0.22752831876277924	0.2856084406375885	0.27330368757247925
PUT-DP-rh	0.2783668041229248	-0.03850797563791275	-0.028073512017726898	0.05504646524786949	0.17741049826145172	0.29082924127578735	0.15833209455013275	0.11451292783021927	-0.0033588872756808996	0.20577490329742432	0.6885127425193787	0.5319691300392151	0.6889490485191345	1.0	0.19044770300388336	0.35322070121765137	0.4520924389362335	0.2754698097705841	0.4665982127189636	0.30115920305252075	0.13460004329681396	-0.0543111227452755	0.25341132283210754	0.13674350082874298	0.20025308430194855	-0.10960783809423447	-0.13218533992767334	-0.11977389454841614	-0.1464749127626419	0.31221839785575867	0.11880031228065491	0.19208745658397675	0.2689264416694641	0.08606459200382233	0.22934147715568542	0.48291873931884766	0.6362796425819397	0.48553305864334106	0.7312115430831909	0.18390393257141113	0.2971845269203186	0.46166637539863586	0.39822205901145935	-0.1455114781856537	-0.1260717809200287	0.01299376878887415	-0.03209339827299118	0.09522698074579239	0.05539293959736824	0.43269893527030945
CAU-VA-rh	0.0360688790678978	-0.15131549537181854	0.13577669858932495	-0.0878114104270935	0.0955248773097992	0.15126916766166687	0.08942588418722153	0.1299341917037964	0.20398558676242828	0.33624550700187683	0.214080810546875	0.17464423179626465	0.05505834519863129	0.19044770300388336	1.0	0.3034919202327728	0.38695862889289856	0.19301098585128784	0.04554476588964462	0.2233128547668457	0.026119306683540344	0.27482399344444275	0.14194871485233307	0.263047993183136	-0.15439799427986145	0.004704117774963379	0.12802359461784363	-0.055611785501241684	-0.020412499085068703	-0.030259810388088226	0.25609737634658813	-0.01261904276907444	-0.006494499277323484	0.3250128924846649	0.27444973587989807	0.18739786744117737	0.25455641746520996	0.015356861054897308	0.20887917280197144	0.508356511592865	0.39311495423316956	0.17434071004390717	0.2534673810005188	0.028694069012999535	-0.26113876700401306	0.0856696292757988	0.2904789447784424	-0.007147612050175667	0.018519552424550056	0.1814301759004593
CAU-DA-rh	-0.012249130755662918	-0.33687806129455566	0.037666670978069305	0.09382269531488419	0.13176913559436798	0.3039220869541168	0.2614430785179138	0.2725376784801483	0.3237563967704773	0.32186609506607056	0.5795109272003174	0.3734000623226166	0.48996466398239136	0.35322070121765137	0.3034919202327728	1.0	0.711995542049408	0.4374186396598816	0.13171499967575073	-0.02587190270423889	0.08167994022369385	0.04648659750819206	0.37758052349090576	0.14883491396903992	0.046780962496995926	-0.1190250888466835	0.040423475205898285	0.09129776805639267	-0.050351791083812714	0.08859031647443771	0.20209521055221558	0.07301103323698044	-0.05856848508119583	0.30346429347991943	0.15627722442150116	0.5051599144935608	0.45977479219436646	0.21306902170181274	0.612803041934967	0.4464745819568634	0.6314321160316467	0.5926471948623657	0.3894355595111847	0.07339686900377274	-0.3172134757041931	-0.16584819555282593	0.2523548901081085	0.31954026222229004	0.12809911370277405	0.23419909179210663
CAU-body-rh	0.07018410414457321	-0.19037164747714996	0.041667789220809937	0.1099269688129425	-0.03483893722295761	0.17767234146595	0.33380377292633057	0.15834736824035645	0.1334889680147171	0.19420458376407623	0.4903365671634674	0.3491398096084595	0.5082127451896667	0.4520924389362335	0.38695862889289856	0.711995542049408	1.0	0.6068044304847717	0.43509045243263245	0.12188735604286194	-0.02756953053176403	-0.09336216002702713	0.19890186190605164	0.01729433611035347	-0.010691565461456776	0.010388696566224098	0.16677621006965637	-0.0028152274899184704	0.08754691481590271	-0.13395294547080994	0.11639520525932312	0.10340855270624161	0.050701599568128586	0.1730717420578003	0.17933422327041626	0.3357264995574951	0.4873211681842804	0.40698614716529846	0.6375163197517395	0.2805507481098175	0.38752344250679016	0.5396120548248291	0.37728431820869446	0.19529545307159424	-0.021778210997581482	-0.12473994493484497	0.12720878422260284	0.041513435542583466	0.131057471036911	0.2917310893535614
CAU-tail-rh	0.02380245178937912	-0.2219645380973816	0.03325585648417473	0.22034583985805511	0.14721259474754333	0.11021068692207336	0.550009548664093	0.04982428252696991	0.05605755001306534	0.11536932736635208	0.31150656938552856	-0.018577266484498978	0.23940232396125793	0.2754698097705841	0.19301098585128784	0.4374186396598816	0.6068044304847717	1.0	0.2661025822162628	0.13519568741321564	-0.13722170889377594	-0.12319177389144897	0.26567497849464417	0.218536376953125	0.12279585748910904	0.12694908678531647	0.04480975121259689	0.13058757781982422	0.02678832970559597	0.016062086448073387	0.12457656115293503	0.31739237904548645	-0.13927482068538666	-0.12237910181283951	0.16146159172058105	-0.09137896448373795	0.3021211624145508	0.30895501375198364	0.39783528447151184	0.2515990734100342	0.0874776691198349	0.4522085189819336	0.3694850206375122	-0.0012176367454230785	-0.0992826297879219	-0.29008182883262634	0.06274261325597763	0.05050527676939964	0.24677208065986633	0.22844623029232025
lAMY-rh	0.3895931839942932	0.3411124348640442	0.015337617136538029	0.3097900152206421	0.12676671147346497	0.08833222091197968	0.09309374541044235	0.16738411784172058	-0.008387130685150623	-0.23753830790519714	0.35547584295272827	0.23186349868774414	0.3653383255004883	0.4665982127189636	0.04554476588964462	0.13171499967575073	0.43509045243263245	0.2661025822162628	1.0	0.35502368211746216	-0.0818990170955658	-0.13396334648132324	0.009977342560887337	-0.3309703767299652	0.2506753206253052	0.11523906141519547	0.2455044835805893	-0.1068701222538948	0.18763259053230286	0.05163906142115593	-0.10033249109983444	0.04530655965209007	0.12767675518989563	-0.1407443732023239	-0.14633049070835114	0.2651565670967102	0.12180642783641815	0.48969465494155884	0.4007721543312073	-0.2328922003507614	-0.09308704733848572	0.19036218523979187	0.18356133997440338	-0.015176871791481972	0.25089654326438904	0.032660678029060364	-0.15104961395263672	-0.09132779389619827	0.0785021260380745	0.1624414622783661
mAMY-rh	0.5079066157341003	0.27529966831207275	0.25094735622406006	0.401296466588974	0.45038890838623047	0.05929429456591606	0.09143278747797012	-0.1410413235425949	0.013288067653775215	0.062050167471170425	0.20028656721115112	0.11460208892822266	0.02164401113986969	0.30115920305252075	0.2233128547668457	-0.02587190270423889	0.12188735604286194	0.13519568741321564	0.35502368211746216	1.0	0.4124595522880554	0.29336658120155334	0.10863666981458664	-0.007837625220417976	0.15663783252239227	0.30284473299980164	0.2092566043138504	0.2218746691942215	0.11523299664258957	0.34190285205841064	0.009099160321056843	-0.04260421171784401	0.13782143592834473	-0.15554265677928925	0.12408342957496643	0.21148940920829773	0.23356230556964874	0.18473806977272034	0.09103404730558395	-0.11680278927087784	-0.05892698094248772	0.057054467499256134	0.09636763483285904	-0.10146607458591461	0.14939843118190765	0.2176445573568344	-0.048161689192056656	0.06407426297664642	-0.20867130160331726	0.01561606302857399
THA-DP-rh	0.309603214263916	0.07384873926639557	0.2474002242088318	0.24744164943695068	0.3053063750267029	0.3043772280216217	-0.02418546751141548	-0.0692829042673111	0.15666218101978302	0.24158789217472076	0.1335001438856125	0.029088495299220085	0.08644533157348633	0.13460004329681396	0.026119306683540344	0.08167994022369385	-0.02756953053176403	-0.13722170889377594	-0.0818990170955658	0.4124595522880554	1.0	0.15217949450016022	-0.02577441744506359	0.03999133035540581	-0.1804436594247818	0.07168012112379074	0.06607731431722641	0.26891735196113586	0.23607102036476135	0.4064704179763794	0.09574470669031143	-0.1339513510465622	-0.16604828834533691	0.20096951723098755	0.035414423793554306	0.23202595114707947	0.12395699322223663	0.001635059597902	0.12804512679576874	-0.09456907212734222	0.051597803831100464	-0.01902650110423565	0.01474741566926241	-0.2644062638282776	-0.16667364537715912	0.369802325963974	-0.0031361838337033987	0.22187833487987518	-0.10519702732563019	-0.07316849380731583
NAc-shell-rh	0.03700648993253708	-0.025196855887770653	0.22361411154270172	0.10869786143302917	0.28295475244522095	-0.11597425490617752	-0.1357191503047943	-0.039364442229270935	0.31225717067718506	0.24703754484653473	0.10997092723846436	-0.019686151295900345	-0.20432037115097046	-0.0543111227452755	0.27482399344444275	0.04648659750819206	-0.09336216002702713	-0.12319177389144897	-0.13396334648132324	0.29336658120155334	0.15217949450016022	1.0	0.35547688603401184	0.0748225525021553	-0.10341426730155945	0.11479827016592026	0.3281201422214508	0.14936202764511108	0.20560404658317566	0.2898120880126953	0.07244352251291275	0.017292825505137444	0.07764175534248352	0.36516377329826355	0.09464766830205917	0.1827457994222641	0.2139124870300293	-0.25055402517318726	-0.06208166107535362	0.3515470325946808	0.20348726212978363	-0.16894270479679108	-0.31937655806541443	-0.0279620960354805	-0.10045121610164642	-0.002850428456440568	0.6582908034324646	0.45869144797325134	-0.21564804017543793	0.042323287576436996
NAc-core-rh	0.20284762978553772	-0.27103179693222046	0.08346883207559586	0.054385337978601456	0.30920013785362244	0.0012886793119832873	0.21460644900798798	0.19947926700115204	0.3326941132545471	0.15158334374427795	0.33200278878211975	-0.06579059362411499	-0.009723370894789696	0.25341132283210754	0.14194871485233307	0.37758052349090576	0.19890186190605164	0.26567497849464417	0.009977342560887337	0.10863666981458664	-0.02577441744506359	0.35547688603401184	1.0	0.08889316022396088	0.18512186408042908	0.05691150203347206	0.12280968576669693	0.10373213142156601	-0.22647467255592346	0.012159304693341255	0.2346758246421814	0.11776180565357208	-0.2555420398712158	0.15927016735076904	0.05064425989985466	0.21293173730373383	0.376559317111969	-0.09011166542768478	0.32502466440200806	0.4082898199558258	0.36855363845825195	0.25228601694107056	0.0966736227273941	0.015185738913714886	-0.0764002799987793	-0.2944020628929138	0.35885608196258545	0.2910199463367462	-0.1805419921875	0.260769784450531
pGP-rh	-0.1154632419347763	-0.41015514731407166	0.027061255648732185	-0.19328810274600983	0.1833241730928421	0.03258739784359932	0.013942301273345947	0.1625903844833374	0.16017939150333405	0.33746957778930664	0.0022180986125022173	0.1952989548444748	0.20392641425132751	0.13674350082874298	0.263047993183136	0.14883491396903992	0.01729433611035347	0.218536376953125	-0.3309703767299652	-0.007837625220417976	0.03999133035540581	0.0748225525021553	0.08889316022396088	1.0	-0.09331347793340683	-0.20452599227428436	-0.21127060055732727	-0.17303231358528137	-0.3412235975265503	0.2760348618030548	0.10355912148952484	0.09448833763599396	-0.023322954773902893	0.1317366659641266	0.31143316626548767	0.03174295648932457	0.3009829819202423	-0.11545941233634949	0.11673503369092941	0.4206372797489166	0.206144317984581	0.274198055267334	0.28855717182159424	-0.3440079689025879	-0.5030996203422546	0.00486495578661561	-1.8409560652798973e-05	0.010391255840659142	0.2681467831134796	0.10208720713853836
aGP-rh	0.09978757053613663	-0.10766904801130295	-0.23217852413654327	-0.1495753973722458	0.16076888144016266	0.14203496277332306	0.19201304018497467	0.08561341464519501	-0.06513155996799469	-0.09660407155752182	0.3017846941947937	0.012999188154935837	0.0049214609898626804	0.20025308430194855	-0.15439799427986145	0.046780962496995926	-0.010691565461456776	0.12279585748910904	0.2506753206253052	0.15663783252239227	-0.1804436594247818	-0.10341426730155945	0.18512186408042908	-0.09331347793340683	1.0	0.11948230117559433	0.03605077788233757	-0.03807763382792473	-0.3162411153316498	0.03799021616578102	0.003530707908794284	0.1904635727405548	0.25191280245780945	-0.306705504655838	-0.08298426866531372	0.2492622435092926	0.08021246641874313	0.3349902629852295	0.18953871726989746	-0.07112883031368256	-0.11498821526765823	-0.04903640225529671	-0.007970823906362057	-0.1477597951889038	0.02591482549905777	-0.19702354073524475	-0.0770087018609047	0.006732241250574589	-0.0519624687731266	0.10856365412473679
HIP-head-m-lh	0.39523133635520935	0.35816001892089844	0.18442001938819885	0.43078935146331787	0.19020140171051025	-0.12585259974002838	0.08134426921606064	-0.34453079104423523	-0.10148534178733826	-0.006922279950231314	-0.15061597526073456	-0.3132512867450714	-0.1847907155752182	-0.10960783809423447	0.004704117774963379	-0.1190250888466835	0.010388696566224098	0.12694908678531647	0.11523906141519547	0.30284473299980164	0.07168012112379074	0.11479827016592026	0.05691150203347206	-0.20452599227428436	0.11948230117559433	1.0	0.34212395548820496	0.37230145931243896	0.20921465754508972	-0.058190833777189255	0.29659348726272583	0.09020040929317474	-0.0775609016418457	-0.04035356268286705	-0.10707956552505493	-0.23839670419692993	-0.05380920693278313	-0.09835701435804367	-0.09808123856782913	-0.1262044608592987	-0.07356906682252884	-0.2385941594839096	0.10780158638954163	-0.08031424134969711	0.2677888572216034	0.2217654138803482	-0.05597183108329773	-0.023432528600096703	-0.1412266343832016	-0.06791754066944122
HIP-head-l-l	0.21669189631938934	0.2331988513469696	0.4407421946525574	0.23395764827728271	-0.09247254580259323	-0.16171211004257202	0.11031857132911682	-0.19078542292118073	0.22536657750606537	-0.031185854226350784	-0.0556698702275753	-0.2155473381280899	-0.21214750409126282	-0.13218533992767334	0.12802359461784363	0.040423475205898285	0.16677621006965637	0.04480975121259689	0.2455044835805893	0.2092566043138504	0.06607731431722641	0.3281201422214508	0.12280968576669693	-0.21127060055732727	0.03605077788233757	0.34212395548820496	1.0	0.45594334602355957	0.4241873323917389	-0.23535771667957306	-0.030552338808774948	-0.018346715718507767	0.043658558279275894	0.2175718992948532	-0.09392282366752625	-0.050882551819086075	-0.05128246918320656	-0.16317138075828552	-0.04764161258935928	-0.03815453499555588	0.0028525409288704395	-0.16123123466968536	-0.09635286778211594	0.043828681111335754	0.15565067529678345	0.09077786654233932	0.2368798404932022	0.2083306759595871	-0.16991882026195526	-0.1090751439332962
HIP-body-l	0.227700337767601	0.18289324641227722	0.6609989404678345	0.45967206358909607	0.09873716533184052	-0.10115581750869751	0.26589393615722656	-0.2679689824581146	0.28556135296821594	0.11979914456605911	-0.052066195756196976	-0.19897601008415222	-0.18502674996852875	-0.11977389454841614	-0.055611785501241684	0.09129776805639267	-0.0028152274899184704	0.13058757781982422	-0.1068701222538948	0.2218746691942215	0.26891735196113586	0.14936202764511108	0.10373213142156601	-0.17303231358528137	-0.03807763382792473	0.37230145931243896	0.45594334602355957	1.0	0.31805282831192017	-0.041549406945705414	0.0829622745513916	0.0830126404762268	-0.1794854998588562	0.24634842574596405	0.15201140940189362	-0.25030195713043213	-0.05991043150424957	-0.1299208551645279	-0.0894431471824646	-0.06707322597503662	0.11951687932014465	-0.06989693641662598	0.0072586797177791595	0.05970097333192825	0.09740063548088074	0.17838656902313232	0.16739098727703094	0.31190767884254456	-0.3364400267601013	-0.06696075946092606
HIP-tail-lh	0.2986234426498413	0.4211452603340149	0.3989110589027405	0.548106849193573	-0.021650483831763268	0.010272263549268246	-0.0013088182313367724	-0.29910874366760254	0.08882618695497513	0.12416371703147888	-0.10479765385389328	-0.13242681324481964	-0.03193170949816704	-0.1464749127626419	-0.020412499085068703	-0.050351791083812714	0.08754691481590271	0.02678832970559597	0.18763259053230286	0.11523299664258957	0.23607102036476135	0.20560404658317566	-0.22647467255592346	-0.3412235975265503	-0.3162411153316498	0.20921465754508972	0.4241873323917389	0.31805282831192017	1.0	0.027440065518021584	-0.0597812719643116	-0.14660628139972687	-0.12181098759174347	0.22822123765945435	-0.07081956416368484	-0.1818491816520691	-0.19455720484256744	-0.04894845560193062	-0.020471608266234398	-0.1795196831226349	-0.08658469468355179	-0.2762150168418884	-0.3243538439273834	0.005428804084658623	0.2070670872926712	0.18498863279819489	0.22041569650173187	0.21314463019371033	0.16570527851581573	-0.17134863138198853
THA-VPm-lh	0.1735723465681076	0.06985264271497726	-0.003667457727715373	0.08242173492908478	0.5615721940994263	0.45026886463165283	-0.17788179218769073	-0.15524792671203613	-0.012673442251980305	0.11956710368394852	0.2071613371372223	0.3581961691379547	0.32970330119132996	0.31221839785575867	-0.030259810388088226	0.08859031647443771	-0.13395294547080994	0.016062086448073387	0.05163906142115593	0.34190285205841064	0.4064704179763794	0.2898120880126953	0.012159304693341255	0.2760348618030548	0.03799021616578102	-0.058190833777189255	-0.23535771667957306	-0.041549406945705414	0.027440065518021584	1.0	0.09873298555612564	0.0643472895026207	0.022495878860354424	-0.12047906965017319	-0.19387149810791016	0.23961029946804047	0.18077169358730316	0.11793509125709534	0.16512984037399292	0.08690807968378067	0.1507459133863449	0.105572409927845	0.19261451065540314	-0.4841316044330597	-0.21005284786224365	0.030603818595409393	0.13189657032489777	0.4647282063961029	0.07605357468128204	-0.07679811120033264
THA-VPl-lh	0.0775262787938118	-0.016589539125561714	0.11814191192388535	-0.02534896321594715	0.2337769716978073	0.2289559245109558	0.18004222214221954	0.07603852450847626	0.08869961649179459	0.24901080131530762	0.17741559445858002	0.10219699144363403	0.07479877769947052	0.11880031228065491	0.25609737634658813	0.20209521055221558	0.11639520525932312	0.12457656115293503	-0.10033249109983444	0.009099160321056843	0.09574470669031143	0.07244352251291275	0.2346758246421814	0.10355912148952484	0.003530707908794284	0.29659348726272583	-0.030552338808774948	0.0829622745513916	-0.0597812719643116	0.09873298555612564	1.0	0.36127281188964844	-0.09982890635728836	0.21301056444644928	-0.0111625287681818	0.11245889216661453	0.18141110241413116	-0.0374186709523201	0.17448221147060394	0.18640738725662231	0.25539150834083557	0.24887683987617493	0.1491861641407013	-0.20521096885204315	-0.09237730503082275	0.028197625651955605	0.12439839541912079	0.3415345251560211	-0.043043918907642365	-0.09519282728433609
THA-VAi-lh	-0.002387509448453784	0.06319067627191544	-0.052127040922641754	-0.032462362200021744	0.14172320067882538	-0.08712942898273468	0.41008809208869934	0.14795918762683868	-0.10204215347766876	-0.07301820814609528	0.16485850512981415	0.042418286204338074	0.08495204895734787	0.19208745658397675	-0.01261904276907444	0.07301103323698044	0.10340855270624161	0.31739237904548645	0.04530655965209007	-0.04260421171784401	-0.1339513510465622	0.017292825505137444	0.11776180565357208	0.09448833763599396	0.1904635727405548	0.09020040929317474	-0.018346715718507767	0.0830126404762268	-0.14660628139972687	0.0643472895026207	0.36127281188964844	1.0	0.05980915576219559	0.000861611682921648	0.13619694113731384	0.06459154933691025	0.25320735573768616	0.14730951189994812	0.37360879778862	0.22935092449188232	0.125815287232399	0.33439481258392334	0.056811463087797165	0.07443796843290329	-0.02864808775484562	0.016191702336072922	0.2124895304441452	0.21869395673274994	0.09850673377513885	0.12157163769006729
THA-VAs-lh	-0.11369283497333527	0.135939359664917	-0.1983705461025238	-0.2710712254047394	-0.1847071647644043	0.012623132206499577	0.04625709354877472	0.06287552416324615	-0.0947410985827446	0.16249492764472961	0.24688488245010376	0.2882886528968811	0.21840326488018036	0.2689264416694641	-0.006494499277323484	-0.05856848508119583	0.050701599568128586	-0.13927482068538666	0.12767675518989563	0.13782143592834473	-0.16604828834533691	0.07764175534248352	-0.2555420398712158	-0.023322954773902893	0.25191280245780945	-0.0775609016418457	0.043658558279275894	-0.1794854998588562	-0.12181098759174347	0.022495878860354424	-0.09982890635728836	0.05980915576219559	1.0	-0.06335781514644623	0.2888716161251068	0.29172733426094055	0.26343822479248047	0.17491884529590607	0.07408490031957626	0.06094295531511307	-0.02010023035109043	0.11824113130569458	-0.07341613620519638	0.06157178804278374	-0.06162618100643158	-0.000986116356216371	0.05276946350932121	0.02979503758251667	-0.02790467068552971	-0.049007441848516464
THA-DAm-lh	0.002780255861580372	-0.04058210924267769	0.38495832681655884	0.05920984596014023	-0.07856457680463791	-0.029705749824643135	0.01249190978705883	0.31450155377388	0.5942508578300476	0.48791342973709106	0.23862877488136292	0.1172608956694603	0.09400487691164017	0.08606459200382233	0.3250128924846649	0.30346429347991943	0.1730717420578003	-0.12237910181283951	-0.1407443732023239	-0.15554265677928925	0.20096951723098755	0.36516377329826355	0.15927016735076904	0.1317366659641266	-0.306705504655838	-0.04035356268286705	0.2175718992948532	0.24634842574596405	0.22822123765945435	-0.12047906965017319	0.21301056444644928	0.000861611682921648	-0.06335781514644623	1.0	0.3554263710975647	0.15717211365699768	0.2523548901081085	-0.2522924542427063	0.16445185244083405	0.3595445156097412	0.4295505881309509	0.04963626340031624	-0.1168089509010315	0.09227121621370316	-0.16323669254779816	0.2567988932132721	0.4629356861114502	0.26093360781669617	-0.04755305126309395	0.1266101747751236
THA-DAl-lh	-0.05559524893760681	-0.18162257969379425	0.0876673012971878	-0.021287348121404648	0.0014325351221486926	-0.1426171362400055	0.33973872661590576	0.3437609076499939	0.3454896807670593	0.4856824576854706	0.2408580631017685	0.034632358700037	0.022154975682497025	0.22934147715568542	0.27444973587989807	0.15627722442150116	0.17933422327041626	0.16146159172058105	-0.14633049070835114	0.12408342957496643	0.035414423793554306	0.09464766830205917	0.05064425989985466	0.31143316626548767	-0.08298426866531372	-0.10707956552505493	-0.09392282366752625	0.15201140940189362	-0.07081956416368484	-0.19387149810791016	-0.0111625287681818	0.13619694113731384	0.2888716161251068	0.3554263710975647	1.0	0.16298945248126984	0.31957992911338806	-0.0729113444685936	0.1976184844970703	0.36785703897476196	0.1598339080810547	0.18068687617778778	-0.0461074635386467	0.14068183302879333	-0.2705136835575104	0.10745670646429062	0.174578458070755	-0.1522960364818573	0.13513828814029694	0.31093335151672363
PUT-VA-lh	0.051310379058122635	-0.17157797515392303	-0.1905737966299057	-0.18175972998142242	0.08462408185005188	0.36391177773475647	-0.006131540983915329	0.2583100199699402	0.24695469439029694	0.08244096487760544	0.716568112373352	0.5630701780319214	0.4624668061733246	0.48291873931884766	0.18739786744117737	0.5051599144935608	0.3357264995574951	-0.09137896448373795	0.2651565670967102	0.21148940920829773	0.23202595114707947	0.1827457994222641	0.21293173730373383	0.03174295648932457	0.2492622435092926	-0.23839670419692993	-0.050882551819086075	-0.25030195713043213	-0.1818491816520691	0.23961029946804047	0.11245889216661453	0.06459154933691025	0.29172733426094055	0.15717211365699768	0.16298945248126984	1.0	0.5678315758705139	0.2215704321861267	0.5331982970237732	0.19990524649620056	0.4621647298336029	0.34459540247917175	0.2104741930961609	0.071539506316185	-0.17638669908046722	0.0749010369181633	0.13444165885448456	0.28069543838500977	0.010528606362640858	0.21240824460983276
PUT-DA-l	0.04400918632745743	-0.2023967206478119	0.004319796804338694	-0.09598049521446228	0.03760235384106636	0.01934233494102955	0.1277296543121338	0.12192652374505997	0.1498582661151886	0.28601139783859253	0.7002289891242981	0.5653113126754761	0.493672251701355	0.6362796425819397	0.25455641746520996	0.45977479219436646	0.4873211681842804	0.3021211624145508	0.12180642783641815	0.23356230556964874	0.12395699322223663	0.2139124870300293	0.376559317111969	0.3009829819202423	0.08021246641874313	-0.05380920693278313	-0.05128246918320656	-0.05991043150424957	-0.19455720484256744	0.18077169358730316	0.18141110241413116	0.25320735573768616	0.26343822479248047	0.2523548901081085	0.31957992911338806	0.5678315758705139	1.0	0.2492564469575882	0.6852315068244934	0.40457281470298767	0.511224627494812	0.57423996925354	0.4299927353858948	0.1541333794593811	-0.16069115698337555	-0.01838267594575882	0.22727885842323303	0.2662988007068634	0.048092834651470184	0.48566463589668274
PUT-VP-lh	0.265685498714447	0.06508234143257141	-0.14228038489818573	0.11296582221984863	0.141043022274971	0.2898581027984619	0.07319721579551697	-0.03240358456969261	-0.3482489287853241	-0.004272337071597576	0.3921670615673065	0.45728978514671326	0.5594589710235596	0.48553305864334106	0.015356861054897308	0.21306902170181274	0.40698614716529846	0.30895501375198364	0.48969465494155884	0.18473806977272034	0.001635059597902	-0.25055402517318726	-0.09011166542768478	-0.11545941233634949	0.3349902629852295	-0.09835701435804367	-0.16317138075828552	-0.1299208551645279	-0.04894845560193062	0.11793509125709534	-0.0374186709523201	0.14730951189994812	0.17491884529590607	-0.2522924542427063	-0.0729113444685936	0.2215704321861267	0.2492564469575882	1.0	0.5585752725601196	-0.1116826981306076	-0.03545951470732689	0.3570198118686676	0.2145276814699173	-0.09442514926195145	0.17819683253765106	-0.1291717290878296	-0.16296081244945526	0.027285665273666382	0.12051662057638168	0.29158487915992737
PUT-DP-lh	0.2719533145427704	-0.13200905919075012	-0.04099820554256439	0.07158627361059189	0.13747328519821167	0.2879053056240082	0.20692254602909088	0.178028404712677	-0.005792214069515467	0.21074876189231873	0.655998945236206	0.5289433598518372	0.7064676880836487	0.7312115430831909	0.20887917280197144	0.612803041934967	0.6375163197517395	0.39783528447151184	0.4007721543312073	0.09103404730558395	0.12804512679576874	-0.06208166107535362	0.32502466440200806	0.11673503369092941	0.18953871726989746	-0.09808123856782913	-0.04764161258935928	-0.0894431471824646	-0.020471608266234398	0.16512984037399292	0.17448221147060394	0.37360879778862	0.07408490031957626	0.16445185244083405	0.1976184844970703	0.5331982970237732	0.6852315068244934	0.5585752725601196	1.0	0.36356058716773987	0.5057055950164795	0.6580992937088013	0.39970213174819946	-0.04741932451725006	-0.1223350390791893	-0.10798298567533493	0.12731723487377167	0.26389020681381226	0.22417403757572174	0.505032479763031
