Node	HIP-head-m-rh	HIP-head-l-rh	HIP-body-rh	HIP-tail-rh	THA-VPm-rh	THA-VPl-rh	THA-VAi-rh	THA-VAs-rh	THA-DAm-rh	THA-DAl-rh	PUT-VA-rh	PUT-DA-rh	PUT-VP-rh	PUT-DP-rh	CAU-VA-rh	CAU-DA-rh	CAU-body-rh	CAU-tail-rh	lAMY-rh	mAMY-rh	THA-DP-rh	NAc-shell-rh	NAc-core-rh	pGP-rh	aGP-rh	HIP-head-m-lh	HIP-head-l-l	HIP-body-l	HIP-tail-lh	THA-VPm-lh	THA-VPl-lh	THA-VAi-lh	THA-VAs-lh	THA-DAm-lh	THA-DAl-lh	PUT-VA-lh	PUT-DA-l	PUT-VP-lh	PUT-DP-lh	CAU-VA-lh	CAU-DA-lh	CAU-body-lh	CAU-tail-lh	lAMY-lh	mAMY-lh	THA-DP-lh	NAc-shell-lh	NAc-core-lh	pGP-lh	aGP-lh
HIP-head-m-rh	1.0	0.348499059677124	0.4396685063838959	0.44986987113952637	-0.01471176277846098	0.1311037391424179	0.26589664816856384	0.12304858863353729	-0.03478052839636803	0.04945351928472519	0.3904920220375061	0.2999815046787262	0.30090585350990295	0.14626114070415497	0.10324060916900635	0.2839312255382538	0.07816039025783539	0.06870466470718384	0.10200042277574539	0.32478418946266174	0.08499196171760559	0.31066033244132996	0.18308256566524506	0.3386826813220978	0.12266349792480469	0.5210761427879333	0.4699222147464752	0.48514607548713684	0.4350341558456421	0.07571713626384735	0.01041463389992714	0.24751096963882446	-0.04677223414182663	0.17292433977127075	0.10278420895338058	0.08173584938049316	0.1480485200881958	0.3502863347530365	0.19547952711582184	0.19112852215766907	0.18089725077152252	-0.03521373122930527	0.11312346160411835	0.25924280285835266	0.30753904581069946	0.09170927107334137	-0.010936286300420761	0.24473537504673004	-0.19560331106185913	-0.14068420231342316
HIP-head-l-rh	0.348499059677124	1.0	0.49511104822158813	0.27018824219703674	0.004863736219704151	-0.20407767593860626	0.1576608270406723	-0.03490029647946358	-0.3580514192581177	-0.2005644589662552	0.2622543275356293	-0.07247582077980042	0.12281796336174011	-0.17694707214832306	0.0013072574511170387	0.11065863072872162	0.16392762959003448	0.03083375096321106	0.28281915187835693	0.4133789539337158	0.19726964831352234	0.10637421905994415	0.33721038699150085	0.25553098320961	-0.002644265303388238	0.46531397104263306	0.3980806767940521	0.4691236913204193	0.38242027163505554	-0.014156090095639229	-0.06582308560609818	0.25886833667755127	0.034776341170072556	-0.05351556837558746	-0.12939925491809845	0.043048158288002014	0.08356510102748871	0.18604621291160583	-0.022775325924158096	-0.1586921513080597	-0.14296697080135345	0.023295948281884193	0.15351054072380066	0.23465684056282043	0.24600957334041595	0.13272425532341003	0.11481095105409622	0.25961586833000183	0.1058306023478508	0.019603252410888672
HIP-body-rh	0.4396685063838959	0.49511104822158813	1.0	0.4760882258415222	0.20427125692367554	-0.046916697174310684	0.3997739851474762	0.14491567015647888	0.07127991318702698	0.03652156889438629	0.42795372009277344	0.07630391418933868	0.2659107744693756	0.10047243535518646	0.2902516722679138	0.22821342945098877	0.2083314210176468	0.26441124081611633	-0.03430875763297081	0.43180394172668457	0.0878843441605568	0.18730267882347107	0.3495069444179535	0.29527363181114197	0.037010181695222855	0.43418800830841064	0.453093022108078	0.47739943861961365	0.5288970470428467	0.17140226066112518	-0.1501268744468689	0.38638508319854736	0.1903974860906601	0.2040458768606186	-0.004998133983463049	-0.1340440958738327	0.21841199696063995	0.19315753877162933	0.13578841090202332	0.026985445991158485	-0.07401163876056671	-0.033764760941267014	0.3054790198802948	0.4459822475910187	0.29660817980766296	0.2644946575164795	0.208950474858284	0.15893538296222687	-0.019338665530085564	0.013811410404741764
HIP-tail-rh	0.44986987113952637	0.27018824219703674	0.4760882258415222	1.0	0.20636694133281708	-0.06301525235176086	0.2577647566795349	0.06539463996887207	0.07277260720729828	-0.12141362577676773	0.32761240005493164	0.19625836610794067	0.006746406201273203	0.03722772374749184	0.27718713879585266	0.4515395760536194	0.12268280237913132	0.28788095712661743	0.17607185244560242	0.2645554542541504	0.09766282141208649	0.24349820613861084	0.474318265914917	0.06300859898328781	-0.017864326015114784	0.3585573136806488	0.5011863708496094	0.39177682995796204	0.44676387310028076	-0.047156114131212234	-0.025262759998440742	0.21158744394779205	0.19167795777320862	0.2024756520986557	0.021799635142087936	-0.042542267590761185	0.2683006227016449	0.30636677145957947	0.36432793736457825	0.10298217833042145	0.2706383764743805	0.18907718360424042	0.27357983589172363	0.40165889263153076	0.258387953042984	0.13254447281360626	0.07731044292449951	0.20492972433567047	-0.0008334012818522751	0.0041564167477190495
THA-VPm-rh	-0.01471176277846098	0.004863736219704151	0.20427125692367554	0.20636694133281708	1.0	0.2158522605895996	0.613139808177948	0.35651466250419617	0.4258289635181427	0.4483434855937958	0.1347958743572235	0.21672582626342773	0.31044021248817444	0.35036900639533997	0.3949147164821625	0.42039263248443604	0.46644270420074463	0.40015995502471924	0.011520061641931534	0.19792845845222473	0.3324989676475525	0.0940544530749321	0.1849450170993805	0.1380912810564041	0.29400792717933655	-0.08258403837680817	0.04904197156429291	0.12674856185913086	0.3014259338378906	0.4965895712375641	0.3893178403377533	0.5509020686149597	0.3842622935771942	0.47440972924232483	0.3590538203716278	0.1877186894416809	0.4547180235385895	0.23084045946598053	0.3637092709541321	0.4442347586154938	0.2400495857000351	0.46134206652641296	0.5387808084487915	0.1036299616098404	0.006989640183746815	0.4508374333381653	0.0842776820063591	0.21812815964221954	0.09176920354366302	0.3363727033138275
THA-VPl-rh	0.1311037391424179	-0.20407767593860626	-0.046916697174310684	-0.06301525235176086	0.2158522605895996	1.0	0.5060276985168457	0.42482513189315796	0.4502788782119751	0.5774917602539062	0.11703924834728241	0.35983532667160034	0.45310094952583313	0.37446749210357666	0.06624788790941238	0.13063465058803558	0.09275998175144196	0.10163917392492294	0.27276840806007385	0.06683450937271118	0.16891272366046906	0.11380011588335037	0.1863892674446106	0.3682357668876648	0.3320522904396057	-0.2821022570133209	-0.10944388061761856	0.1463059037923813	0.19348853826522827	0.32207900285720825	0.626423180103302	0.32242268323898315	0.2304539531469345	0.29195624589920044	0.6133167147636414	0.16545502841472626	0.20541596412658691	0.22517214715480804	0.1718115657567978	0.31825166940689087	0.07169695198535919	0.13069505989551544	0.03669443726539612	-0.10488790273666382	0.020894929766654968	0.2116444855928421	0.05302691459655762	0.12987807393074036	0.09267814457416534	-0.027338573709130287
THA-VAi-rh	0.26589664816856384	0.1576608270406723	0.3997739851474762	0.2577647566795349	0.613139808177948	0.5060276985168457	1.0	0.6482061743736267	0.5556134581565857	0.6407540440559387	0.3076142966747284	0.3455375134944916	0.39865925908088684	0.3801250755786896	0.5259629487991333	0.5759604573249817	0.5472767353057861	0.5185573697090149	0.2253171056509018	0.41562819480895996	0.24968214333057404	0.20659399032592773	0.38740405440330505	0.33721184730529785	0.38088223338127136	-0.022523287683725357	0.06986290961503983	0.2508009076118469	0.40830329060554504	0.333684504032135	0.4544891119003296	0.7659366130828857	0.5356629490852356	0.5959226489067078	0.6031020879745483	0.24841421842575073	0.4096568524837494	0.395740807056427	0.3831711411476135	0.5143208503723145	0.1796209216117859	0.5102684497833252	0.5331850647926331	0.05049429088830948	-0.011604772880673409	0.4890800416469574	0.24144068360328674	0.3337993025779724	0.16513946652412415	0.2630866765975952
THA-VAs-rh	0.12304858863353729	-0.03490029647946358	0.14491567015647888	0.06539463996887207	0.35651466250419617	0.42482513189315796	0.6482061743736267	1.0	0.5463212728500366	0.5162752866744995	0.12363352626562119	0.28525784611701965	0.2740781009197235	0.21935413777828217	0.5993225574493408	0.3043225407600403	0.4445289075374603	0.44350048899650574	-0.007593659218400717	0.2833218574523926	0.3000243604183197	0.20022626221179962	0.13388903439044952	0.24038909375667572	0.48454368114471436	-0.17831362783908844	-0.044112302362918854	0.1410108059644699	0.30683547258377075	0.2508760392665863	0.20884224772453308	0.42771780490875244	0.7358646392822266	0.5066328644752502	0.5322290658950806	-0.0455779954791069	0.09206854552030563	0.01826574094593525	0.11400829255580902	0.45198196172714233	-0.037240274250507355	0.30845320224761963	0.3869881331920624	-0.08548139780759811	-0.03752827271819115	0.26138296723365784	0.34145745635032654	0.08409661054611206	-0.08450852334499359	-0.02618562988936901
THA-DAm-rh	-0.03478052839636803	-0.3580514192581177	0.07127991318702698	0.07277260720729828	0.4258289635181427	0.4502788782119751	0.5556134581565857	0.5463212728500366	1.0	0.5168495774269104	0.08761995285749435	0.19887995719909668	0.2828170359134674	0.3403245210647583	0.21688692271709442	0.2991228401660919	0.1424569934606552	0.2581096887588501	0.05637965723872185	-0.03028135560452938	0.18666817247867584	0.15319393575191498	0.27375271916389465	0.025167452171444893	0.06097821146249771	-0.4147320091724396	-0.1287754625082016	-0.024501586332917213	0.18413536250591278	0.2461322546005249	0.3206823766231537	0.48906317353248596	0.4073982834815979	0.4950024485588074	0.3579557538032532	0.3196251690387726	0.3217315375804901	0.29137134552001953	0.3453313112258911	0.40044382214546204	0.290010005235672	0.2467033416032791	0.15835322439670563	-0.10013138502836227	-0.03159115090966225	0.17220017313957214	0.15842626988887787	-0.11045718193054199	-0.1138162612915039	0.260981023311615
THA-DAl-rh	0.04945351928472519	-0.2005644589662552	0.03652156889438629	-0.12141362577676773	0.4483434855937958	0.5774917602539062	0.6407540440559387	0.5162752866744995	0.5168495774269104	1.0	0.22405372560024261	0.4432850778102875	0.4557247757911682	0.4409482777118683	0.29874885082244873	0.2049373835325241	0.5054731369018555	0.3275655508041382	-0.1011975109577179	-0.15516027808189392	0.07907374948263168	0.10819648206233978	-0.007605189923197031	0.3618943989276886	0.22387929260730743	-0.2201087772846222	-0.19065779447555542	-0.0530429482460022	0.1257835179567337	0.5198462605476379	0.5771536827087402	0.434977650642395	0.37748444080352783	0.5341174602508545	0.6557605266571045	0.4321463108062744	0.3841409385204315	0.2619524896144867	0.24630537629127502	0.50412917137146	0.11732524633407593	0.3165048062801361	0.4155518114566803	-0.09750969707965851	0.016017209738492966	0.2858707010746002	0.127027228474617	0.2574484944343567	-0.05499786138534546	0.0784841924905777
PUT-VA-rh	0.3904920220375061	0.2622543275356293	0.42795372009277344	0.32761240005493164	0.1347958743572235	0.11703924834728241	0.3076142966747284	0.12363352626562119	0.08761995285749435	0.22405372560024261	1.0	0.5057767629623413	0.2321193516254425	0.3259173631668091	0.14829283952713013	0.3436945080757141	0.26011621952056885	0.31261202692985535	-0.052081894129514694	0.35326892137527466	-0.10002310574054718	0.21341657638549805	0.18954995274543762	0.15511585772037506	0.08123600482940674	0.4533429443836212	0.2088487297296524	0.18769927322864532	0.005204347427934408	-0.07133474200963974	0.037626154720783234	0.32752615213394165	0.15782222151756287	0.23320898413658142	0.06033454090356827	0.41806310415267944	0.6281465291976929	0.34126320481300354	0.34710535407066345	-0.1611746996641159	0.1179499626159668	-0.05373317003250122	0.27833306789398193	0.1838832050561905	0.3999839723110199	-0.12228810787200928	-0.049433108419179916	0.07481569051742554	0.1206047534942627	0.008026390336453915
PUT-DA-rh	0.2999815046787262	-0.07247582077980042	0.07630391418933868	0.19625836610794067	0.21672582626342773	0.35983532667160034	0.3455375134944916	0.28525784611701965	0.19887995719909668	0.4432850778102875	0.5057767629623413	1.0	0.6358755826950073	0.7367295026779175	0.24749013781547546	0.24528487026691437	0.397102415561676	0.484394371509552	0.10659129917621613	0.06550172716379166	0.02426321804523468	0.04315494745969772	-0.12195703387260437	0.3127371668815613	0.23366057872772217	0.1004204973578453	0.23862898349761963	0.046916618943214417	0.12455805391073227	0.21990150213241577	0.3907969892024994	0.28373149037361145	0.24621079862117767	0.4242248237133026	0.4007648229598999	0.33507776260375977	0.6740303635597229	0.4487394392490387	0.54669189453125	0.2971647381782532	0.32656651735305786	0.4224347472190857	0.3711836636066437	0.11582930386066437	0.36750975251197815	0.1569773107767105	-0.15970540046691895	-0.09126782417297363	-0.017138510942459106	-0.09465740621089935
PUT-VP-rh	0.30090585350990295	0.12281796336174011	0.2659107744693756	0.006746406201273203	0.31044021248817444	0.45310094952583313	0.39865925908088684	0.2740781009197235	0.2828170359134674	0.4557247757911682	0.2321193516254425	0.6358755826950073	1.0	0.6854168772697449	-0.08198164403438568	0.012562204152345657	0.2419789582490921	0.264060378074646	0.2028348743915558	0.02227199636399746	0.26229745149612427	0.017054248601198196	-0.047581225633621216	0.5492123365402222	0.07075603306293488	-0.059102777391672134	0.2522335648536682	0.13277092576026917	0.3966175615787506	0.4100620150566101	0.49392953515052795	0.42606765031814575	0.11211930215358734	0.48826706409454346	0.45286035537719727	0.23320737481117249	0.47728899121284485	0.6370960474014282	0.351773202419281	0.22839300334453583	0.09351284056901932	0.2686249315738678	0.2962830662727356	0.09506771713495255	0.25555434823036194	0.4320923089981079	-0.02582765929400921	-0.06444835662841797	-0.10579682886600494	-0.053825609385967255
PUT-DP-rh	0.14626114070415497	-0.17694707214832306	0.10047243535518646	0.03722772374749184	0.35036900639533997	0.37446749210357666	0.3801250755786896	0.21935413777828217	0.3403245210647583	0.4409482777118683	0.3259173631668091	0.7367295026779175	0.6854168772697449	1.0	0.07187912613153458	0.246358260512352	0.2854973375797272	0.4132826328277588	0.0597321093082428	0.06348668783903122	-0.023115772753953934	-0.0715857669711113	-0.23569506406784058	0.1849081963300705	0.09573323279619217	-0.011398445814847946	0.14463691413402557	-0.10156768560409546	0.11794393509626389	0.23852355778217316	0.4828300178050995	0.3308429419994354	0.2187129706144333	0.42014408111572266	0.3870113492012024	0.35526877641677856	0.611489474773407	0.568831741809845	0.6581804752349854	0.26141422986984253	0.26134660840034485	0.40089869499206543	0.31748345494270325	0.08103907853364944	0.3010447025299072	0.16450193524360657	-0.22075168788433075	-0.19264571368694305	0.003052965272217989	0.0690276026725769
CAU-VA-rh	0.10324060916900635	0.0013072574511170387	0.2902516722679138	0.27718713879585266	0.3949147164821625	0.06624788790941238	0.5259629487991333	0.5993225574493408	0.21688692271709442	0.29874885082244873	0.14829283952713013	0.24749013781547546	-0.08198164403438568	0.07187912613153458	1.0	0.5334153175354004	0.6359728574752808	0.5824389457702637	-0.1638263314962387	0.2975628972053528	0.1408645063638687	0.1998768448829651	0.2733774483203888	0.03164646029472351	0.4762238562107086	0.02191615290939808	0.11778778582811356	0.12059096992015839	0.18410857021808624	0.27123400568962097	-0.05398589000105858	0.3083479702472687	0.6142129302024841	0.28168901801109314	0.24412047863006592	-0.17273761332035065	0.11595816910266876	-0.22420598566532135	0.10036429017782211	0.41862714290618896	0.08425338566303253	0.4577101767063141	0.5016095042228699	0.022400204092264175	-0.11832785606384277	0.29253193736076355	0.24206970632076263	0.17287831008434296	-0.11693864315748215	-0.004495628178119659
CAU-DA-rh	0.2839312255382538	0.11065863072872162	0.22821342945098877	0.4515395760536194	0.42039263248443604	0.13063465058803558	0.5759604573249817	0.3043225407600403	0.2991228401660919	0.2049373835325241	0.3436945080757141	0.24528487026691437	0.012562204152345657	0.246358260512352	0.5334153175354004	1.0	0.5324965119361877	0.45857617259025574	0.1395535171031952	0.29731863737106323	0.07978176325559616	0.14999520778656006	0.5346155762672424	-0.17521148920059204	0.17048439383506775	0.1537688821554184	0.09717525541782379	-0.013346736319363117	0.26011770963668823	0.08147382736206055	0.16697737574577332	0.5002074241638184	0.34364452958106995	0.3279792368412018	0.32805007696151733	0.1645604372024536	0.3382081091403961	0.20376162230968475	0.46228381991386414	0.2204679548740387	0.5355418920516968	0.5017170906066895	0.3641276955604553	0.09861891716718674	-0.003864346072077751	0.10295025259256363	0.059511296451091766	0.2111126035451889	0.04138629138469696	0.2708289623260498
CAU-body-rh	0.07816039025783539	0.16392762959003448	0.2083314210176468	0.12268280237913132	0.46644270420074463	0.09275998175144196	0.5472767353057861	0.4445289075374603	0.1424569934606552	0.5054731369018555	0.26011621952056885	0.397102415561676	0.2419789582490921	0.2854973375797272	0.6359728574752808	0.5324965119361877	1.0	0.7067052125930786	-0.07965889573097229	0.19119811058044434	0.1935575306415558	-0.058054119348526	0.15265104174613953	0.12565098702907562	0.20861391723155975	-0.01618754118680954	0.12566989660263062	-0.05025266110897064	0.0823582336306572	0.3569556176662445	0.16581766307353973	0.5107688307762146	0.4586089253425598	0.3820175230503082	0.4258211851119995	0.1855345070362091	0.4086373448371887	0.07856576144695282	0.24208694696426392	0.3409128785133362	0.10891474038362503	0.6740525960922241	0.6867348551750183	0.073863685131073	0.026232827454805374	0.33458542823791504	-0.050117477774620056	0.24899545311927795	-0.1916828453540802	0.02457631751894951
CAU-tail-rh	0.06870466470718384	0.03083375096321106	0.26441124081611633	0.28788095712661743	0.40015995502471924	0.10163917392492294	0.5185573697090149	0.44350048899650574	0.2581096887588501	0.3275655508041382	0.31261202692985535	0.484394371509552	0.264060378074646	0.4132826328277588	0.5824389457702637	0.45857617259025574	0.7067052125930786	1.0	0.039644114673137665	0.3191058933734894	0.15245391428470612	0.016877727583050728	0.10339795798063278	0.07412519305944443	0.0864456370472908	-0.10083062201738358	0.11386120319366455	-0.07249439507722855	0.1118561401963234	0.12572428584098816	0.09205298125743866	0.4191390872001648	0.49106669425964355	0.3977602422237396	0.3401109278202057	0.19290564954280853	0.4362744092941284	0.16521093249320984	0.5029492378234863	0.38596659898757935	-0.018071908503770828	0.6092052459716797	0.5315545201301575	0.16878297924995422	0.08948110044002533	0.3284810781478882	-0.07187031209468842	-0.02981419302523136	-0.07922492176294327	0.005172799341380596
lAMY-rh	0.10200042277574539	0.28281915187835693	-0.03430875763297081	0.17607185244560242	0.011520061641931534	0.27276840806007385	0.2253171056509018	-0.007593659218400717	0.05637965723872185	-0.1011975109577179	-0.052081894129514694	0.10659129917621613	0.2028348743915558	0.0597321093082428	-0.1638263314962387	0.1395535171031952	-0.07965889573097229	0.039644114673137665	1.0	0.3197166919708252	0.15228407084941864	-0.04315164312720299	0.18137185275554657	0.17300598323345184	-0.02536294423043728	-0.06311726570129395	0.25763246417045593	0.06596630066633224	0.3322261869907379	-0.15548370778560638	0.13207949697971344	0.2927009165287018	0.01742820255458355	0.09769798815250397	0.18899020552635193	0.026969343423843384	0.024089649319648743	0.2750241756439209	0.21420180797576904	-0.16151075065135956	0.11192753165960312	0.19640211760997772	-0.2092522531747818	0.1733824908733368	0.07248273491859436	0.358309268951416	-0.02582511119544506	0.05256449058651924	0.2752651572227478	0.08060920983552933
mAMY-rh	0.32478418946266174	0.4133789539337158	0.43180394172668457	0.2645554542541504	0.19792845845222473	0.06683450937271118	0.41562819480895996	0.2833218574523926	-0.03028135560452938	-0.15516027808189392	0.35326892137527466	0.06550172716379166	0.02227199636399746	0.06348668783903122	0.2975628972053528	0.29731863737106323	0.19119811058044434	0.3191058933734894	0.3197166919708252	1.0	0.21891067922115326	0.24785827100276947	0.2573452889919281	0.20897066593170166	0.27970418334007263	0.3237394690513611	0.254875123500824	0.4161481261253357	0.22791559994220734	-0.12650959193706512	-0.08574884384870529	0.3551235496997833	0.3531144857406616	0.08401805907487869	0.021830860525369644	-0.18122045695781708	0.11997565627098083	0.1294427514076233	0.1534973680973053	-0.040813084691762924	-0.10582000017166138	0.09825602173805237	0.07854349166154861	0.2558179497718811	0.2516234517097473	0.19087548553943634	0.21683944761753082	0.17355835437774658	0.318707138299942	0.0859948918223381
THA-DP-rh	0.08499196171760559	0.19726964831352234	0.0878843441605568	0.09766282141208649	0.3324989676475525	0.16891272366046906	0.24968214333057404	0.3000243604183197	0.18666817247867584	0.07907374948263168	-0.10002310574054718	0.02426321804523468	0.26229745149612427	-0.023115772753953934	0.1408645063638687	0.07978176325559616	0.1935575306415558	0.15245391428470612	0.15228407084941864	0.21891067922115326	1.0	0.3922331631183624	0.2411479651927948	0.2040862739086151	0.025107931345701218	-0.18647044897079468	0.21538524329662323	0.28761640191078186	0.3422982096672058	0.249073326587677	0.05206500366330147	0.28246596455574036	0.12852060794830322	0.08053038269281387	0.07947131246328354	0.019707249477505684	-0.09232234209775925	0.0480492003262043	0.03186462074518204	0.19074422121047974	-0.05225386098027229	0.12058095633983612	0.10760430991649628	0.14224721491336823	-0.039809584617614746	0.49414098262786865	0.29479891061782837	0.0717039480805397	-0.09739791601896286	0.027883784845471382
NAc-shell-rh	0.31066033244132996	0.10637421905994415	0.18730267882347107	0.24349820613861084	0.0940544530749321	0.11380011588335037	0.20659399032592773	0.20022626221179962	0.15319393575191498	0.10819648206233978	0.21341657638549805	0.04315494745969772	0.017054248601198196	-0.0715857669711113	0.1998768448829651	0.14999520778656006	-0.058054119348526	0.016877727583050728	-0.04315164312720299	0.24785827100276947	0.3922331631183624	1.0	0.4069657325744629	0.22302399575710297	0.1480095386505127	0.14070695638656616	0.09418507665395737	0.38379907608032227	0.15689460933208466	-0.011221538297832012	0.01477791927754879	0.2048068791627884	0.06564457714557648	-0.027387257665395737	-0.08410295844078064	0.05798885598778725	-0.07181229442358017	-0.015037128701806068	-0.076701819896698	0.1556805521249771	0.1675766110420227	-0.16715210676193237	-0.07271413505077362	-0.05447821319103241	0.05773777514696121	0.1298983097076416	0.3557203412055969	0.2671108543872833	0.0651528462767601	0.2713257670402527
NAc-core-rh	0.18308256566524506	0.33721038699150085	0.3495069444179535	0.474318265914917	0.1849450170993805	0.1863892674446106	0.38740405440330505	0.13388903439044952	0.27375271916389465	-0.007605189923197031	0.18954995274543762	-0.12195703387260437	-0.047581225633621216	-0.23569506406784058	0.2733774483203888	0.5346155762672424	0.15265104174613953	0.10339795798063278	0.18137185275554657	0.2573452889919281	0.2411479651927948	0.4069657325744629	1.0	0.09614827483892441	0.062279898673295975	0.07207119464874268	0.08689121901988983	0.3207342326641083	0.2684777081012726	0.03421473130583763	0.12140882760286331	0.3754214644432068	0.12362106144428253	0.1110694631934166	0.10287067294120789	0.0007630565669387579	0.1386881321668625	0.12167870998382568	0.049575075507164	0.028721489012241364	0.26055723428726196	0.13523437082767487	0.05615682154893875	-0.06552811712026596	-0.08297135680913925	0.042081207036972046	0.2946150004863739	0.2475237250328064	0.046059273183345795	0.33941343426704407
pGP-rh	0.3386826813220978	0.25553098320961	0.29527363181114197	0.06300859898328781	0.1380912810564041	0.3682357668876648	0.33721184730529785	0.24038909375667572	0.025167452171444893	0.3618943989276886	0.15511585772037506	0.3127371668815613	0.5492123365402222	0.1849081963300705	0.03164646029472351	-0.17521148920059204	0.12565098702907562	0.07412519305944443	0.17300598323345184	0.20897066593170166	0.2040862739086151	0.22302399575710297	0.09614827483892441	1.0	0.1311379373073578	0.0613294281065464	0.12912343442440033	0.43421608209609985	0.25137659907341003	0.2066786289215088	0.2714247405529022	0.05808938294649124	0.001786229433491826	0.16109180450439453	0.26069217920303345	-0.009885589592158794	0.08827221393585205	0.31302350759506226	-0.025502149015665054	0.09449270367622375	-0.1806778609752655	0.011131886392831802	-0.007534164469689131	0.09631527960300446	0.161662757396698	0.3376011550426483	0.1736937016248703	0.24942007660865784	0.10070381313562393	-0.3095985949039459
aGP-rh	0.12266349792480469	-0.002644265303388238	0.037010181695222855	-0.017864326015114784	0.29400792717933655	0.3320522904396057	0.38088223338127136	0.48454368114471436	0.06097821146249771	0.22387929260730743	0.08123600482940674	0.23366057872772217	0.07075603306293488	0.09573323279619217	0.4762238562107086	0.17048439383506775	0.20861391723155975	0.0864456370472908	-0.02536294423043728	0.27970418334007263	0.025107931345701218	0.1480095386505127	0.062279898673295975	0.1311379373073578	1.0	-0.006054544821381569	-0.08249790966510773	0.25270700454711914	0.21208101511001587	0.18247948586940765	0.08509847521781921	0.2110413759946823	0.4580325186252594	0.14718225598335266	0.2502143681049347	-0.2266726940870285	0.0917731523513794	-0.19944459199905396	-0.038663752377033234	0.29926130175590515	0.1072675958275795	0.19459061324596405	0.2615545690059662	-0.1755169779062271	-0.07122739404439926	0.26477116346359253	0.11976370215415955	0.12958766520023346	0.1552812159061432	0.1216868907213211
HIP-head-m-lh	0.5210761427879333	0.46531397104263306	0.43418800830841064	0.3585573136806488	-0.08258403837680817	-0.2821022570133209	-0.022523287683725357	-0.17831362783908844	-0.4147320091724396	-0.2201087772846222	0.4533429443836212	0.1004204973578453	-0.059102777391672134	-0.011398445814847946	0.02191615290939808	0.1537688821554184	-0.01618754118680954	-0.10083062201738358	-0.06311726570129395	0.3237394690513611	-0.18647044897079468	0.14070695638656616	0.07207119464874268	0.0613294281065464	-0.006054544821381569	1.0	0.5075167417526245	0.3290342092514038	0.1462615430355072	-0.13895781338214874	-0.15929973125457764	0.03594082593917847	-0.15269960463047028	-0.05768821761012077	-0.2177157998085022	-0.042308297008275986	0.17066560685634613	0.12142010778188705	-0.03002045303583145	-0.23232948780059814	0.09878778457641602	-0.17951048910617828	0.1792888045310974	0.21488286554813385	0.4878775477409363	-0.2156132012605667	-0.024525217711925507	0.2969212532043457	0.13617652654647827	-0.08788662403821945
HIP-head-l-l	0.4699222147464752	0.3980806767940521	0.453093022108078	0.5011863708496094	0.04904197156429291	-0.10944388061761856	0.06986290961503983	-0.044112302362918854	-0.1287754625082016	-0.19065779447555542	0.2088487297296524	0.23862898349761963	0.2522335648536682	0.14463691413402557	0.11778778582811356	0.09717525541782379	0.12566989660263062	0.11386120319366455	0.25763246417045593	0.254875123500824	0.21538524329662323	0.09418507665395737	0.08689121901988983	0.12912343442440033	-0.08249790966510773	0.5075167417526245	1.0	0.4198029339313507	0.42759647965431213	0.10762860625982285	-0.12295380234718323	0.2262430042028427	0.0035724975168704987	0.03596536070108414	-0.13463947176933289	-0.0243043452501297	0.22249041497707367	0.22214005887508392	0.12384046614170074	-0.06534646451473236	0.10683104395866394	0.09214907139539719	0.2167232185602188	0.3972654342651367	0.4855230450630188	0.23106606304645538	-0.08745584636926651	0.08430349826812744	-0.1758430004119873	-0.14777597784996033
HIP-body-l	0.48514607548713684	0.4691236913204193	0.47739943861961365	0.39177682995796204	0.12674856185913086	0.1463059037923813	0.2508009076118469	0.1410108059644699	-0.024501586332917213	-0.0530429482460022	0.18769927322864532	0.046916618943214417	0.13277092576026917	-0.10156768560409546	0.12059096992015839	-0.013346736319363117	-0.05025266110897064	-0.07249439507722855	0.06596630066633224	0.4161481261253357	0.28761640191078186	0.38379907608032227	0.3207342326641083	0.43421608209609985	0.25270700454711914	0.3290342092514038	0.4198029339313507	1.0	0.46038106083869934	0.09903079271316528	-0.020517723634839058	0.1368756741285324	-0.02165733464062214	-0.132581889629364	-0.18359889090061188	-0.021741608157753944	-0.004583366215229034	0.05807580426335335	-0.10295305401086807	0.17888347804546356	-0.09158536046743393	-0.09926111251115799	0.06271057575941086	0.24668051302433014	0.20547953248023987	0.16290679574012756	0.25300082564353943	0.4838680922985077	-0.06568526476621628	-0.06442274153232574
HIP-tail-lh	0.4350341558456421	0.38242027163505554	0.5288970470428467	0.44676387310028076	0.3014259338378906	0.19348853826522827	0.40830329060554504	0.30683547258377075	0.18413536250591278	0.1257835179567337	0.005204347427934408	0.12455805391073227	0.3966175615787506	0.11794393509626389	0.18410857021808624	0.26011770963668823	0.0823582336306572	0.1118561401963234	0.3322261869907379	0.22791559994220734	0.3422982096672058	0.15689460933208466	0.2684777081012726	0.25137659907341003	0.21208101511001587	0.1462615430355072	0.42759647965431213	0.46038106083869934	1.0	0.2671183943748474	0.14669275283813477	0.3763432502746582	0.31905123591423035	0.33237406611442566	0.20498113334178925	-0.11760229617357254	0.041177842766046524	0.21442963182926178	0.11136015504598618	0.24459443986415863	0.11289408802986145	0.11844345182180405	0.19225339591503143	0.4419531226158142	0.14399319887161255	0.4604797959327698	0.38835933804512024	0.17466717958450317	-0.05340821295976639	0.07897893339395523
THA-VPm-lh	0.07571713626384735	-0.014156090095639229	0.17140226066112518	-0.047156114131212234	0.4965895712375641	0.32207900285720825	0.333684504032135	0.2508760392665863	0.2461322546005249	0.5198462605476379	-0.07133474200963974	0.21990150213241577	0.4100620150566101	0.23852355778217316	0.27123400568962097	0.08147382736206055	0.3569556176662445	0.12572428584098816	-0.15548370778560638	-0.12650959193706512	0.249073326587677	-0.011221538297832012	0.03421473130583763	0.2066786289215088	0.18247948586940765	-0.13895781338214874	0.10762860625982285	0.09903079271316528	0.2671183943748474	1.0	0.3715219497680664	0.3896137475967407	0.25518590211868286	0.3233460783958435	0.36404669284820557	0.129781112074852	0.2469044029712677	0.08883526921272278	0.08060230314731598	0.5513709783554077	0.08669745922088623	0.25434213876724243	0.4467640519142151	0.07584669440984726	0.013917234726250172	0.3667289614677429	0.03130318969488144	0.13326828181743622	-0.20773857831954956	0.006622839719057083
THA-VPl-lh	0.01041463389992714	-0.06582308560609818	-0.1501268744468689	-0.025262759998440742	0.3893178403377533	0.626423180103302	0.4544891119003296	0.20884224772453308	0.3206823766231537	0.5771536827087402	0.037626154720783234	0.3907969892024994	0.49392953515052795	0.4828300178050995	-0.05398589000105858	0.16697737574577332	0.16581766307353973	0.09205298125743866	0.13207949697971344	-0.08574884384870529	0.05206500366330147	0.01477791927754879	0.12140882760286331	0.2714247405529022	0.08509847521781921	-0.15929973125457764	-0.12295380234718323	-0.020517723634839058	0.14669275283813477	0.3715219497680664	1.0	0.3166409134864807	0.18499939143657684	0.45921212434768677	0.6537870168685913	0.2908017039299011	0.4139050543308258	0.5531455278396606	0.3404206931591034	0.42213723063468933	0.27764788269996643	0.3002360165119171	0.24684591591358185	-0.1828785538673401	0.010219352319836617	0.09325381368398666	0.07969795912504196	0.1487690806388855	0.19171690940856934	0.1994074583053589
THA-VAi-lh	0.24751096963882446	0.25886833667755127	0.38638508319854736	0.21158744394779205	0.5509020686149597	0.32242268323898315	0.7659366130828857	0.42771780490875244	0.48906317353248596	0.434977650642395	0.32752615213394165	0.28373149037361145	0.42606765031814575	0.3308429419994354	0.3083479702472687	0.5002074241638184	0.5107688307762146	0.4191390872001648	0.2927009165287018	0.3551235496997833	0.28246596455574036	0.2048068791627884	0.3754214644432068	0.05808938294649124	0.2110413759946823	0.03594082593917847	0.2262430042028427	0.1368756741285324	0.3763432502746582	0.3896137475967407	0.3166409134864807	1.0	0.4651474356651306	0.6339258551597595	0.47283390164375305	0.3546220064163208	0.4851796627044678	0.4251205623149872	0.31537169218063354	0.3807000517845154	0.3060433268547058	0.467978835105896	0.5559873580932617	0.07979343086481094	0.12891516089439392	0.4445134699344635	0.06248579919338226	0.2627502977848053	-0.0003254474722780287	0.40911737084388733
THA-VAs-lh	-0.04677223414182663	0.034776341170072556	0.1903974860906601	0.19167795777320862	0.3842622935771942	0.2304539531469345	0.5356629490852356	0.7358646392822266	0.4073982834815979	0.37748444080352783	0.15782222151756287	0.24621079862117767	0.11211930215358734	0.2187129706144333	0.6142129302024841	0.34364452958106995	0.4586089253425598	0.49106669425964355	0.01742820255458355	0.3531144857406616	0.12852060794830322	0.06564457714557648	0.12362106144428253	0.001786229433491826	0.4580325186252594	-0.15269960463047028	0.0035724975168704987	-0.02165733464062214	0.31905123591423035	0.25518590211868286	0.18499939143657684	0.4651474356651306	1.0	0.6046097874641418	0.5157582759857178	-0.015711773186922073	0.2683619558811188	0.07804621011018753	0.24279740452766418	0.37169149518013	0.08932608366012573	0.39918896555900574	0.39266592264175415	0.012256233021616936	0.14163844287395477	0.2766655683517456	0.31902962923049927	-0.04131195694208145	0.10068561881780624	0.08355432003736496
THA-DAm-lh	0.17292433977127075	-0.05351556837558746	0.2040458768606186	0.2024756520986557	0.47440972924232483	0.29195624589920044	0.5959226489067078	0.5066328644752502	0.4950024485588074	0.5341174602508545	0.23320898413658142	0.4242248237133026	0.48826706409454346	0.42014408111572266	0.28168901801109314	0.3279792368412018	0.3820175230503082	0.3977602422237396	0.09769798815250397	0.08401805907487869	0.08053038269281387	-0.027387257665395737	0.1110694631934166	0.16109180450439453	0.14718225598335266	-0.05768821761012077	0.03596536070108414	-0.132581889629364	0.33237406611442566	0.3233460783958435	0.45921212434768677	0.6339258551597595	0.6046097874641418	1.0	0.7719447016716003	0.22653934359550476	0.4912492334842682	0.5646743774414062	0.3558970093727112	0.44460412859916687	0.3624172508716583	0.48962485790252686	0.49132803082466125	0.03895844519138336	0.1789238154888153	0.3421919047832489	0.145468607544899	-0.06637004762887955	-0.021975256502628326	0.08522075414657593
THA-DAl-lh	0.10278420895338058	-0.12939925491809845	-0.004998133983463049	0.021799635142087936	0.3590538203716278	0.6133167147636414	0.6031020879745483	0.5322290658950806	0.3579557538032532	0.6557605266571045	0.06033454090356827	0.4007648229598999	0.45286035537719727	0.3870113492012024	0.24412047863006592	0.32805007696151733	0.4258211851119995	0.3401109278202057	0.18899020552635193	0.021830860525369644	0.07947131246328354	-0.08410295844078064	0.10287067294120789	0.26069217920303345	0.2502143681049347	-0.2177157998085022	-0.13463947176933289	-0.18359889090061188	0.20498113334178925	0.36404669284820557	0.6537870168685913	0.47283390164375305	0.5157582759857178	0.7719447016716003	1.0	0.12847138941287994	0.29710039496421814	0.41230785846710205	0.29636967182159424	0.44091859459877014	0.25650835037231445	0.5032501220703125	0.33544015884399414	-0.10106974095106125	0.03899797052145004	0.2858451008796692	0.09176597744226456	0.06608535349369049	0.07574065029621124	-0.016348600387573242
PUT-VA-lh	0.08173584938049316	0.043048158288002014	-0.1340440958738327	-0.042542267590761185	0.1877186894416809	0.16545502841472626	0.24841421842575073	-0.0455779954791069	0.3196251690387726	0.4321463108062744	0.41806310415267944	0.33507776260375977	0.23320737481117249	0.35526877641677856	-0.17273761332035065	0.1645604372024536	0.1855345070362091	0.19290564954280853	0.026969343423843384	-0.18122045695781708	0.019707249477505684	0.05798885598778725	0.0007630565669387579	-0.009885589592158794	-0.2266726940870285	-0.042308297008275986	-0.0243043452501297	-0.021741608157753944	-0.11760229617357254	0.129781112074852	0.2908017039299011	0.3546220064163208	-0.015711773186922073	0.22653934359550476	0.12847138941287994	1.0	0.5565908551216125	0.4087396264076233	0.43932798504829407	0.19303245842456818	0.17933043837547302	0.1861787885427475	0.17059671878814697	0.0007187401060946286	0.1892111450433731	-0.010547874495387077	-0.28504782915115356	0.06534206867218018	-0.08086227625608444	0.12597692012786865
PUT-DA-l	0.1480485200881958	0.08356510102748871	0.21841199696063995	0.2683006227016449	0.4547180235385895	0.20541596412658691	0.4096568524837494	0.09206854552030563	0.3217315375804901	0.3841409385204315	0.6281465291976929	0.6740303635597229	0.47728899121284485	0.611489474773407	0.11595816910266876	0.3382081091403961	0.4086373448371887	0.4362744092941284	0.024089649319648743	0.11997565627098083	-0.09232234209775925	-0.07181229442358017	0.1386881321668625	0.08827221393585205	0.0917731523513794	0.17066560685634613	0.22249041497707367	-0.004583366215229034	0.041177842766046524	0.2469044029712677	0.4139050543308258	0.4851796627044678	0.2683619558811188	0.4912492334842682	0.29710039496421814	0.5565908551216125	1.0	0.5860844254493713	0.6665292382240295	0.18890103697776794	0.35037440061569214	0.41897380352020264	0.48938998579978943	0.12405619025230408	0.4608626365661621	0.07709402590990067	-0.21787266433238983	-0.12438662350177765	0.11869335919618607	0.23769520223140717
PUT-VP-lh	0.3502863347530365	0.18604621291160583	0.19315753877162933	0.30636677145957947	0.23084045946598053	0.22517214715480804	0.395740807056427	0.01826574094593525	0.29137134552001953	0.2619524896144867	0.34126320481300354	0.4487394392490387	0.6370960474014282	0.568831741809845	-0.22420598566532135	0.20376162230968475	0.07856576144695282	0.16521093249320984	0.2750241756439209	0.1294427514076233	0.0480492003262043	-0.015037128701806068	0.12167870998382568	0.31302350759506226	-0.19944459199905396	0.12142010778188705	0.22214005887508392	0.05807580426335335	0.21442963182926178	0.08883526921272278	0.5531455278396606	0.4251205623149872	0.07804621011018753	0.5646743774414062	0.41230785846710205	0.4087396264076233	0.5860844254493713	1.0	0.5916359424591064	0.15569472312927246	0.3500264286994934	0.3216403126716614	0.16563358902931213	0.09978655725717545	0.39365458488464355	0.14460937678813934	-0.010183680802583694	-0.05728729069232941	0.14837822318077087	0.093710757791996
PUT-DP-lh	0.19547952711582184	-0.022775325924158096	0.13578841090202332	0.36432793736457825	0.3637092709541321	0.1718115657567978	0.3831711411476135	0.11400829255580902	0.3453313112258911	0.24630537629127502	0.34710535407066345	0.54669189453125	0.351773202419281	0.6581804752349854	0.10036429017782211	0.46228381991386414	0.24208694696426392	0.5029492378234863	0.21420180797576904	0.1534973680973053	0.03186462074518204	-0.076701819896698	0.049575075507164	-0.025502149015665054	-0.038663752377033234	-0.03002045303583145	0.12384046614170074	-0.10295305401086807	0.11136015504598618	0.08060230314731598	0.3404206931591034	0.31537169218063354	0.24279740452766418	0.3558970093727112	0.29636967182159424	0.43932798504829407	0.6665292382240295	0.5916359424591064	1.0	0.28916189074516296	0.35055801272392273	0.41364362835884094	0.2164066731929779	0.21618938446044922	0.3002278208732605	0.1449662297964096	-0.23147575557231903	-0.21114429831504822	0.11573426425457001	0.16169925034046173
