Node	LH_Vis_1	LH_Vis_2	LH_Vis_3	LH_Vis_4	LH_Vis_5	LH_Vis_6	LH_Vis_7	LH_Vis_8	LH_Vis_9	LH_SomMot_1	LH_SomMot_2	LH_SomMot_3	LH_SomMot_4	LH_SomMot_5	LH_SomMot_6	LH_DorsAttn_Post_1	LH_DorsAttn_Post_2	LH_DorsAttn_Post_3	LH_DorsAttn_Post_4	LH_DorsAttn_Post_5	LH_DorsAttn_Post_6	LH_DorsAttn_PrCv_1	LH_DorsAttn_FEF_1	LH_SalVentAttn_ParOper_1	LH_SalVentAttn_FrOperIns_1	LH_SalVentAttn_FrOperIns_2	LH_SalVentAttn_PFCl_1	LH_SalVentAttn_Med_1	LH_SalVentAttn_Med_2	LH_SalVentAttn_Med_3	LH_Limbic_OFC_1	LH_Limbic_TempPole_1	LH_Limbic_TempPole_2	LH_Cont_Par_1	LH_Cont_PFCl_1	LH_Cont_pCun_1	LH_Cont_Cing_1	LH_Default_Temp_1	LH_Default_Temp_2	LH_Default_Par_1	LH_Default_Par_2	LH_Default_PFC_1	LH_Default_PFC_2	LH_Default_PFC_3	LH_Default_PFC_4	LH_Default_PFC_5	LH_Default_PFC_6	LH_Default_PFC_7	LH_Default_pCunPCC_1	LH_Default_pCunPCC_2	RH_Vis_1	RH_Vis_2	RH_Vis_3	RH_Vis_4	RH_Vis_5	RH_Vis_6	RH_Vis_7	RH_Vis_8	RH_SomMot_1	RH_SomMot_2	RH_SomMot_3	RH_SomMot_4	RH_SomMot_5	RH_SomMot_6	RH_SomMot_7	RH_SomMot_8	RH_DorsAttn_Post_1	RH_DorsAttn_Post_2	RH_DorsAttn_Post_3	RH_DorsAttn_Post_4	RH_DorsAttn_Post_5	RH_DorsAttn_PrCv_1	RH_DorsAttn_FEF_1	RH_SalVentAttn_TempOccPar_1	RH_SalVentAttn_TempOccPar_2	RH_SalVentAttn_FrOperIns_1	RH_SalVentAttn_Med_1	RH_SalVentAttn_Med_2	RH_Limbic_OFC_1	RH_Limbic_TempPole_1	RH_Cont_Par_1	RH_Cont_Par_2	RH_Cont_PFCl_1	RH_Cont_PFCl_2	RH_Cont_PFCl_3	RH_Cont_PFCl_4	RH_Cont_Cing_1	RH_Cont_PFCmp_1	RH_Cont_pCun_1	RH_Default_Par_1	RH_Default_Temp_1	RH_Default_Temp_2	RH_Default_Temp_3	RH_Default_PFCv_1	RH_Default_PFCv_2	RH_Default_PFCdPFCm_1	RH_Default_PFCdPFCm_2	RH_Default_PFCdPFCm_3	RH_Default_pCunPCC_1	RH_Default_pCunPCC_2	LH-Pu	LH-Ca	LH-NAC	LH-EXA	LH-GPe	LH-GPi	LH-SNc_PBP_VTA	LH-RN	LH-SNr	LH-VeP	LH-HN	LH-HTH	LH-MN	LH-STH	RH-Pu	RH-Ca	RH-NAC	RH-EXA	RH-GPe	RH-GPi	RH-SNc_PBP_VTA	RH-RN	RH-SNr	RH-VeP	RH-HN	RH-HTH	RH-MN	RH-STH	LH-Pulvinar	LH-Anterior	LH-Medio_Dorsal	LH-Ventral_Latero_Dorsal	LH-Central_Lateral-Lateral_Posterior-Medial_Pulvinar	LH-Ventral_Anterior	LH-Ventral_Latero_Ventral	RH-Pulvinar	RH-Anterior	RH-Medio_Dorsal	RH-Ventral_Latero_Dorsal	RH-Central_Lateral-Lateral_Posterior-Medial_Pulvinar	RH-Ventral_Anterior	RH-Ventral_Latero_Ventral	LH_Hippocampus	LH_Amygdala	RH_Hippocampus	RH_Amygdala	Cerebellar_Region1	Cerebellar_Region2	Cerebellar_Region3	Cerebellar_Region4	Cerebellar_Region5	Cerebellar_Region6	Cerebellar_Region7	Cerebellar_Region8	Cerebellar_Region9	Cerebellar_Region10
LH_Vis_1	1.0	0.23356960713863373	0.4673374891281128	0.09813003242015839	0.04819674789905548	0.5890605449676514	0.3536413013935089	0.2550766170024872	0.4297901690006256	0.35784292221069336	0.3067660927772522	0.3729247450828552	0.22331944108009338	0.30082494020462036	-0.014700357802212238	0.28150448203086853	0.3250209391117096	0.13229584693908691	0.2803921401500702	-0.20028574764728546	-0.09239199012517929	0.0025557593908160925	-0.19058500230312347	-0.16704830527305603	0.16537275910377502	-0.14748172461986542	-0.42386940121650696	-0.23799720406532288	0.08476213365793228	-0.0860186219215393	0.05346746742725372	0.4458461105823517	0.09425456076860428	0.07746531069278717	0.015375343151390553	-0.03178483992815018	0.0017153560183942318	0.4935719072818756	0.44187530875205994	0.38579997420310974	-0.335787832736969	0.007918257266283035	-0.1983552724123001	0.12114232778549194	-0.20553724467754364	-0.1981901377439499	-0.20503661036491394	-0.28453585505485535	0.7323471307754517	0.12172643840312958	0.6794555187225342	0.3811127841472626	0.3008081614971161	0.1118486151099205	0.18937070667743683	0.5278248190879822	0.1919579654932022	0.3919210135936737	0.22904881834983826	0.3558410108089447	0.12664949893951416	0.2047414928674698	0.1731826514005661	0.17940378189086914	0.19575534760951996	-0.10937412828207016	0.37016674876213074	0.39569538831710815	0.22375597059726715	0.2300245463848114	-0.12105445563793182	0.277228444814682	0.023927660658955574	0.36827242374420166	0.0396755114197731	0.014450188726186752	0.21852892637252808	-0.13326074182987213	-0.02575989067554474	0.14070382714271545	-0.3206634521484375	-0.01962427794933319	-0.1032324880361557	0.43081748485565186	-0.30734944343566895	0.04027113690972328	0.07094015926122665	-0.19661617279052734	0.5143333673477173	-0.0893920287489891	0.4658050239086151	0.4560483992099762	0.3456522226333618	0.297078937292099	0.05386512726545334	0.24620625376701355	0.0945088267326355	-0.21473979949951172	0.6456219553947449	0.5001872181892395	-0.06545086950063705	-0.20866915583610535	0.09239844232797623	-0.1841333508491516	0.08879531174898148	-0.29493090510368347	0.0869532972574234	-0.13696448504924774	-0.2366737574338913	-0.005856501404196024	-0.4163607656955719	0.07549731433391571	0.24122585356235504	0.1543464958667755	-0.21869784593582153	-0.06111326068639755	0.24544869363307953	0.21779099106788635	-0.4091419279575348	-0.15589657425880432	0.018962988629937172	0.22639833390712738	0.019252073019742966	0.05066647753119469	-0.15610384941101074	-0.13953210413455963	0.31945037841796875	0.33366355299949646	0.26410427689552307	-0.07436484098434448	-0.021422792226076126	-0.13871431350708008	0.3649146556854248	-0.24648736417293549	0.1766938716173172	0.33707159757614136	0.05160029977560043	-0.18672555685043335	-0.1581774204969406	0.15704920887947083	-0.28831398487091064	0.0787772610783577	0.48381179571151733	0.3015243411064148	0.41587403416633606	0.23759549856185913	0.1844397634267807	0.05300470441579819	0.3288792669773102	0.23682193458080292	0.12882040441036224	0.05639830231666565	0.21958708763122559	-0.22290422022342682	-0.05916043370962143	-0.034590017050504684
LH_Vis_2	0.23356960713863373	1.0	0.7162793278694153	0.6049889326095581	0.30725064873695374	0.39032241702079773	0.6177051067352295	0.7393670082092285	0.5326943397521973	0.4250924289226532	0.3479521572589874	0.28517866134643555	0.5179769396781921	0.22266575694084167	0.4666024446487427	0.4638846218585968	0.09701575338840485	0.33432891964912415	-0.053247254341840744	0.1359107345342636	0.22186927497386932	0.012245448306202888	0.19155406951904297	0.23410865664482117	0.1428326666355133	0.03386882692575455	-0.22311769425868988	-0.4107777178287506	0.3484986126422882	0.29213911294937134	-0.5261362791061401	0.12681792676448822	-0.10157903283834457	0.1086878702044487	-0.37448176741600037	-0.15960641205310822	-0.31144776940345764	-0.1695791333913803	0.1734638810157776	0.557390570640564	-0.2527785301208496	-0.2857104241847992	-0.5058853030204773	-0.39086800813674927	-0.3647870719432831	-0.2692814767360687	-0.42248913645744324	-0.25094038248062134	0.17191679775714874	-0.21592402458190918	0.21692660450935364	0.8342846035957336	0.5884495377540588	0.6376400589942932	0.1409940868616104	0.5746820569038391	0.7651687264442444	0.6050593256950378	0.5328280329704285	0.44410890340805054	0.4479694664478302	0.5639110803604126	0.6023353934288025	0.531700611114502	0.2854209542274475	0.41209283471107483	0.480912446975708	0.08513815701007843	0.12626750767230988	0.4996474087238312	0.22311937808990479	0.28447961807250977	0.4873616099357605	0.48275044560432434	0.26666757464408875	0.26855847239494324	0.3973722457885742	0.4269207715988159	-0.32992249727249146	-0.16890960931777954	-0.2517486810684204	-0.22446584701538086	-0.404802143573761	0.05151383951306343	0.028683627024292946	-0.26177552342414856	-0.34586137533187866	-0.2857525646686554	0.29837238788604736	-0.17061755061149597	-0.057990361005067825	0.16863293945789337	0.29595574736595154	-0.29700443148612976	-0.317184180021286	-0.30755433440208435	-0.13934485614299774	-0.19650593400001526	0.19120760262012482	-0.15787480771541595	-0.11537432670593262	-0.4617370665073395	-0.04323713108897209	-0.1682664453983307	-0.1634569615125656	0.28396937251091003	-0.14675256609916687	0.2227853685617447	-0.28909802436828613	-0.147071972489357	-0.1780177652835846	-0.10407928377389908	0.17065580189228058	-0.12794385850429535	-0.014062941074371338	-0.46313047409057617	0.03842470049858093	-0.18245427310466766	-0.03150090202689171	0.2125643491744995	-0.18817868828773499	0.008260345086455345	-0.09438207000494003	-0.26818084716796875	0.19023801386356354	0.0825124979019165	0.025375066325068474	0.2251039445400238	0.32743126153945923	-0.36795127391815186	-0.055301252752542496	-0.27478694915771484	0.27656978368759155	-0.2001151144504547	0.05814921855926514	0.29088208079338074	-0.13822442293167114	-0.018226047977805138	0.2825302183628082	0.21488559246063232	-0.3183872401714325	0.41293853521347046	-0.15852029621601105	0.3530515432357788	-0.059570297598838806	-0.23835888504981995	0.6136763691902161	0.3846963942050934	0.40445995330810547	0.44803813099861145	-0.12171689420938492	0.22999006509780884	-0.18590252101421356	-0.4370952844619751	-0.3370111882686615	0.047787297517061234
LH_Vis_3	0.4673374891281128	0.7162793278694153	1.0	0.44576677680015564	0.07706661522388458	0.7248713374137878	0.6842116713523865	0.8212189674377441	0.7957504391670227	0.48049283027648926	0.3586423099040985	0.3546949028968811	0.4633506238460541	0.19490675628185272	0.3146969676017761	0.5131402611732483	0.19467198848724365	0.3669334053993225	0.07239307463169098	-0.003287519561126828	0.1367354542016983	-0.008265592157840729	-0.0476626493036747	0.11600079387426376	0.12085647881031036	-0.07277251780033112	-0.5205474495887756	-0.6136656403541565	0.32462960481643677	0.1109241396188736	-0.2991141080856323	0.22359544038772583	-0.3043003976345062	0.039325714111328125	-0.2327134907245636	-0.3353123664855957	-0.5112491846084595	0.19427050650119781	0.3559381067752838	0.5708493590354919	-0.43040403723716736	-0.14169467985630035	-0.4288861155509949	-0.28345414996147156	-0.4705556631088257	-0.37928321957588196	-0.4830778241157532	-0.48700466752052307	0.3811876177787781	-0.21317541599273682	0.49581214785575867	0.8446507453918457	0.6388687491416931	0.41367316246032715	0.2153467833995819	0.8470370769500732	0.7503756284713745	0.7186235189437866	0.5015175342559814	0.504683256149292	0.36511772871017456	0.4445050060749054	0.5335102677345276	0.36948859691619873	0.2863548696041107	0.3147740066051483	0.5702913403511047	0.23596453666687012	0.20342884957790375	0.5590952038764954	0.14965838193893433	0.43096375465393066	0.29934999346733093	0.557002067565918	0.2891410291194916	0.179705411195755	0.42328938841819763	0.22304891049861908	-0.06304250657558441	0.13195836544036865	-0.40341895818710327	-0.20493152737617493	-0.35878780484199524	0.1810975819826126	-0.32003024220466614	-0.27394744753837585	-0.36185622215270996	-0.40901386737823486	0.3223445415496826	-0.20101408660411835	0.22077462077140808	0.39027687907218933	0.3598215579986572	-0.08103126287460327	-0.12051606178283691	-0.12614990770816803	-0.11327140778303146	-0.45808136463165283	0.39194074273109436	0.03894569352269173	-0.31968629360198975	-0.6253036856651306	0.011105849407613277	-0.31819862127304077	-0.233055979013443	-0.043400999158620834	0.0020517990924417973	0.010588112287223339	-0.11786644160747528	-0.17746323347091675	-0.35401615500450134	-0.1950445920228958	0.03040464036166668	-0.04083050414919853	-0.2038356512784958	-0.418579638004303	0.17177939414978027	-0.10544423758983612	-0.24517804384231567	0.025290319696068764	-0.04169406369328499	0.10829827934503555	0.054745160043239594	-0.30409061908721924	-0.11819328367710114	-0.017412446439266205	0.19672797620296478	0.2009657919406891	0.5336496829986572	-0.5028199553489685	-0.26484373211860657	-0.3486185073852539	0.2482825517654419	-0.42708370089530945	-0.045944590121507645	0.41537901759147644	-0.25155705213546753	-0.29219791293144226	0.10999185591936111	0.21150213479995728	-0.33943280577659607	0.16041721403598785	0.15319934487342834	0.2205679714679718	0.09190624952316284	0.016623055562376976	0.262042760848999	0.06367792189121246	0.32373902201652527	0.1763768494129181	-0.33691737055778503	-0.09923315048217773	-0.25206315517425537	-0.42540624737739563	-0.5515270829200745	-0.2559874355792999
LH_Vis_4	0.09813003242015839	0.6049889326095581	0.44576677680015564	1.0	-0.003093905746936798	0.2088208794593811	0.5762805342674255	0.6799704432487488	0.3331323564052582	0.2526354193687439	0.116216279566288	0.034909844398498535	0.31039196252822876	-0.058645546436309814	0.13689029216766357	0.5872466564178467	-0.01563001237809658	0.403033584356308	-0.09249280393123627	-0.2915794551372528	-0.022889237850904465	-0.13175036013126373	-0.21732477843761444	0.023889895528554916	0.0005502903368324041	-0.3500058948993683	-0.49192821979522705	-0.601255476474762	-0.03646800294518471	-0.04745788127183914	-0.26793816685676575	0.004291252698749304	0.03322256729006767	0.11088989675045013	-0.2860405743122101	-0.22984595596790314	-0.24262933433055878	0.04068608582019806	0.2973407804965973	0.45545825362205505	0.010882382281124592	-0.27713802456855774	-0.23282168805599213	-0.4675970673561096	-0.30485522747039795	-0.18738189339637756	-0.13854435086250305	-0.13843218982219696	-0.04182993993163109	-0.20401151478290558	0.12655240297317505	0.5908713340759277	0.6374613046646118	0.8911538124084473	-0.13630834221839905	0.33806782960891724	0.7000179886817932	0.3985603153705597	0.32482078671455383	0.13549107313156128	0.1744701862335205	0.3317095935344696	0.400584876537323	0.3279297947883606	0.11209124326705933	0.10929621756076813	0.43474081158638	0.06364047527313232	0.14413852989673615	0.41608986258506775	-0.12088783085346222	0.32957422733306885	0.15051527321338654	0.37979987263679504	0.07583720237016678	0.01860934868454933	0.05549232289195061	0.08931495249271393	-0.17206506431102753	-0.2595239579677582	0.07933981716632843	0.18129222095012665	-0.21669809520244598	0.15003997087478638	-0.12505343556404114	0.08036953955888748	-0.19664444029331207	-0.47688233852386475	-0.16148853302001953	0.10975208133459091	0.19036956131458282	0.018764952197670937	0.3825588822364807	-0.17505624890327454	-0.09973703324794769	-0.4364777207374573	0.04812029004096985	-0.28195247054100037	0.10694437474012375	-0.20559881627559662	-0.3045853078365326	-0.288460373878479	-0.12041255831718445	-0.11786342412233353	-0.2342488318681717	0.06676376610994339	-0.1611834317445755	0.14353695511817932	0.0270946454256773	-0.09698163717985153	-0.2691517472267151	-0.07891635596752167	-0.16180601716041565	-0.24029971659183502	-0.05616948753595352	-0.22586700320243835	0.09779293835163116	-0.26634302735328674	-0.2633165419101715	-0.031592775136232376	-0.23081731796264648	-0.11358124762773514	-0.01763089932501316	-0.13890762627124786	-0.02389507368206978	-0.254838764667511	0.17217175662517548	0.015911508351564407	0.21832455694675446	-0.4497746527194977	-0.2528599500656128	-0.42089980840682983	-0.07258208841085434	-0.31560996174812317	-0.1787816435098648	0.17834429442882538	-0.40292757749557495	-0.27432459592819214	0.1733083426952362	-0.20996546745300293	-0.3078489601612091	0.09453365206718445	-0.26281964778900146	0.09039422124624252	-0.14387652277946472	-0.29020556807518005	0.2113204002380371	-0.028398165479302406	0.022531112655997276	0.1762775033712387	-0.09646286070346832	-0.07825437188148499	-0.13620591163635254	-0.22563032805919647	-0.19652202725410461	0.06176126375794411
LH_Vis_5	0.04819674789905548	0.30725064873695374	0.07706661522388458	-0.003093905746936798	1.0	0.346422404050827	-0.30019256472587585	0.16962620615959167	0.0869663804769516	-0.07829053699970245	-0.19532567262649536	-0.25588518381118774	-0.18695701658725739	-0.133956640958786	-0.19387251138687134	-0.36322110891342163	-0.408158540725708	-0.4214504063129425	-0.45002463459968567	0.034977614879608154	-0.271465539932251	-0.2249433845281601	-0.0648769736289978	-0.19433175027370453	-0.11279099434614182	-0.18966105580329895	-0.011005989275872707	0.02558988146483898	-0.01790269836783409	-0.19768379628658295	0.0036920877173542976	-0.02235439606010914	0.023206716403365135	-0.3873370885848999	-0.33284324407577515	0.2232379913330078	0.17647553980350494	-0.27852863073349	-0.38068345189094543	-0.2782767713069916	-0.015269236639142036	0.00499604269862175	0.00751881767064333	0.24075019359588623	0.17032094299793243	0.0868082344532013	0.0815831869840622	0.0660754144191742	0.07283784449100494	0.11707117408514023	-0.3135644495487213	0.12167104333639145	-0.3235885798931122	0.004942995496094227	0.7821912169456482	-0.08311686664819717	0.03475566953420639	0.4086461663246155	-0.07831782102584839	-0.24435000121593475	-0.17408688366413116	-0.16111890971660614	-0.09482758492231369	-0.0365743562579155	-0.3226970136165619	-0.12408649921417236	-0.3128322958946228	-0.4227527678012848	-0.4013693034648895	-0.19608892500400543	-0.018099358305335045	-0.25118955969810486	-0.02203112095594406	-0.3509049713611603	-0.3092540502548218	0.01628968119621277	0.11549539119005203	-0.11744943261146545	0.10461891442537308	-0.2861942648887634	-0.12049497663974762	-0.09911582618951797	0.19958268105983734	-0.07778478413820267	0.17032648622989655	0.11926288902759552	0.23161321878433228	0.27156537771224976	0.2916431725025177	-0.03238453343510628	-0.3083050549030304	-0.3319080173969269	-0.44576823711395264	0.06851512938737869	-0.052503153681755066	0.22695104777812958	-0.03419461473822594	0.30769604444503784	0.09742239862680435	0.09495985507965088	0.16501063108444214	0.1427774429321289	0.11897684633731842	0.08980588614940643	0.007640564348548651	0.35008037090301514	0.09647507220506668	0.19512934982776642	-0.02477644570171833	-0.05930959805846214	0.292319118976593	0.012153069488704205	0.08277320861816406	-0.06595941632986069	0.2869674265384674	0.2590670883655548	0.13703083992004395	0.1665998250246048	0.08859758079051971	0.24531149864196777	0.04418400302529335	0.17741642892360687	0.15948285162448883	0.16703179478645325	0.47815728187561035	0.2211596965789795	-0.05206216871738434	0.23721356689929962	0.18242810666561127	0.29057055711746216	0.3690338432788849	0.2260921746492386	0.03075098991394043	0.5059212446212769	0.070850670337677	-0.047997407615184784	0.29105812311172485	0.3678629696369171	0.27600398659706116	0.11025460809469223	0.3446238934993744	0.28028276562690735	-0.01438150741159916	-0.01828267239034176	-0.023471329361200333	0.02721022069454193	0.3096711039543152	0.2505457401275635	0.6230525970458984	0.34118369221687317	0.41551512479782104	0.39526426792144775	0.32304269075393677	0.17428845167160034	0.3083564043045044	0.542899489402771
LH_Vis_6	0.5890605449676514	0.39032241702079773	0.7248713374137878	0.2088208794593811	0.346422404050827	1.0	0.3493123948574066	0.5296818614006042	0.7548559308052063	0.3443637192249298	0.22005771100521088	0.3036768436431885	0.17402571439743042	0.13811364769935608	0.03436094522476196	0.2721911072731018	0.11991381645202637	0.12821966409683228	0.06475713849067688	-0.028166556730866432	0.019348248839378357	-0.05045387148857117	-0.18952308595180511	-0.0028790058568120003	0.21149416267871857	-0.10537891089916229	-0.5347080230712891	-0.44130682945251465	0.30581265687942505	-0.08748527616262436	-0.10431940853595734	0.21450762450695038	-0.21479931473731995	-0.043200645595788956	-0.18293358385562897	-0.10782849788665771	-0.26106375455856323	0.1977292001247406	0.1682589054107666	0.29958805441856384	-0.39737164974212646	0.06415687501430511	-0.3294881582260132	-0.08264303207397461	-0.3895869553089142	-0.35729432106018066	-0.37048035860061646	-0.5045387148857117	0.5278927683830261	-0.11000707000494003	0.4882860481739044	0.6230645775794983	0.3207588493824005	0.18456801772117615	0.6071338057518005	0.7997263073921204	0.44798964262008667	0.7849668264389038	0.3139687776565552	0.3004932105541229	0.19197478890419006	0.1262529045343399	0.3272736668586731	0.12763391435146332	0.10821466892957687	0.085687555372715	0.374621719121933	0.1456940919160843	0.03373408690094948	0.3331453800201416	0.09831532835960388	0.22623883187770844	0.06488890200853348	0.26546064019203186	0.11216910928487778	0.15086211264133453	0.46433550119400024	0.003987500444054604	0.020274683833122253	0.16908305883407593	-0.48040375113487244	-0.12291324883699417	-0.27894967794418335	0.18612223863601685	-0.4196503162384033	-0.2092743217945099	-0.014139996841549873	-0.14066556096076965	0.48880502581596375	-0.17488130927085876	0.20522210001945496	0.23313842713832855	0.09967496246099472	0.14935559034347534	-0.09957904368638992	0.09725065529346466	-0.1962166130542755	-0.42593684792518616	0.6464356780052185	0.22652162611484528	-0.09354851394891739	-0.2943951487541199	0.12705735862255096	-0.14403000473976135	-0.10063599050045013	-0.03315270319581032	0.16720636188983917	0.006795733701437712	0.12234315276145935	-0.2131720632314682	-0.22335705161094666	-0.20776474475860596	-0.1587587296962738	0.015503092668950558	-0.013022403232753277	-0.008823951706290245	0.28307443857192993	0.23338669538497925	-0.15461678802967072	0.032792169600725174	0.16438253223896027	0.26235488057136536	0.1846328228712082	-0.019009003415703773	-0.09336595982313156	0.04188268259167671	0.2346877157688141	0.16491501033306122	0.5618095993995667	-0.28476572036743164	-0.13693119585514069	-0.013220256194472313	0.17327183485031128	-0.1616622507572174	-0.050878461450338364	0.33244794607162476	-0.12218337506055832	-0.12088793516159058	0.08552657812833786	0.12300219386816025	0.0086580915376544	0.09266000986099243	0.3299175202846527	0.16293445229530334	0.2204471230506897	0.3707018494606018	0.18526577949523926	0.041790347546339035	0.5290403962135315	0.22733241319656372	0.022144712507724762	0.012803105637431145	0.058458805084228516	-0.2362818866968155	-0.20133769512176514	-0.08099742978811264
LH_Vis_7	0.3536413013935089	0.6177051067352295	0.6842116713523865	0.5762805342674255	-0.30019256472587585	0.3493123948574066	1.0	0.6623915433883667	0.5562250018119812	0.5307368636131287	0.391846239566803	0.5109052658081055	0.4727860987186432	0.2916394770145416	0.38028454780578613	0.8587530851364136	0.5175232291221619	0.7015488147735596	0.3745425045490265	0.00399193586781621	0.3697781562805176	0.23665417730808258	0.09865017235279083	0.38842934370040894	0.27834340929985046	0.04499203339219093	-0.4856710433959961	-0.6115424036979675	0.3305375277996063	0.29074376821517944	-0.34269288182258606	0.2619868516921997	-0.01648602820932865	0.42779406905174255	-0.07171063125133514	-0.429677814245224	-0.5276651382446289	0.15317277610301971	0.5492713451385498	0.8059649467468262	-0.3746945858001709	-0.32920652627944946	-0.5702051520347595	-0.557668149471283	-0.5518972277641296	-0.537877082824707	-0.6313421726226807	-0.4835696518421173	0.16656814515590668	-0.35311344265937805	0.5879252552986145	0.6725202798843384	0.9146673679351807	0.5417439937591553	-0.30503952503204346	0.6835609674453735	0.7178493142127991	0.38381093740463257	0.5610772371292114	0.5389472246170044	0.5319012403488159	0.45019158720970154	0.5057836174964905	0.45653656125068665	0.5854232907295227	0.30307283997535706	0.7911426424980164	0.5035098791122437	0.5326279401779175	0.7217814326286316	0.17798465490341187	0.5439566373825073	0.3548959791660309	0.6770932674407959	0.5246243476867676	0.27238911390304565	0.2769107520580292	0.34792616963386536	-0.23377875983715057	0.1202067956328392	-0.29271894693374634	-0.08724067360162735	-0.4881711006164551	0.2702896296977997	-0.36648908257484436	-0.3773666322231293	-0.5035302639007568	-0.5307267904281616	0.05838244408369064	-0.24276889860630035	0.41576096415519714	0.4167245924472809	0.6666220426559448	-0.06802858412265778	-0.3311590254306793	-0.42673444747924805	-0.22680670022964478	-0.5570817589759827	0.1923409402370453	-0.1745629757642746	-0.1920570433139801	-0.6804100871086121	-0.09338278323411942	-0.3494376242160797	-0.21840529143810272	-0.15199917554855347	-0.1353481262922287	-0.04598533734679222	-0.30549636483192444	-0.06700889766216278	-0.5911210179328918	-0.18747098743915558	0.14346709847450256	-0.2671220004558563	-0.22142621874809265	-0.5926441550254822	-0.11750797182321548	-0.23141473531723022	-0.1069910079240799	-0.11121517419815063	-0.32675793766975403	-0.029013078659772873	-0.2751537263393402	-0.3174213469028473	-0.22280943393707275	-0.2499522566795349	0.20969313383102417	0.15898162126541138	0.2958185374736786	-0.6295512318611145	-0.3722851276397705	-0.48115018010139465	0.21378597617149353	-0.649787425994873	-0.16901013255119324	0.3499612808227539	-0.45510345697402954	-0.4770747423171997	0.10465511679649353	0.06608510762453079	-0.518487811088562	-0.02367081493139267	0.04626091942191124	0.28712335228919983	0.05331435799598694	-0.0033043234143406153	0.2944646179676056	0.082429438829422	0.008428066037595272	0.18001189827919006	-0.36736124753952026	-0.09756714850664139	-0.1772489845752716	-0.4540112018585205	-0.48066169023513794	-0.3441329598426819
LH_Vis_8	0.2550766170024872	0.7393670082092285	0.8212189674377441	0.6799704432487488	0.16962620615959167	0.5296818614006042	0.6623915433883667	1.0	0.7329277992248535	0.3599604368209839	0.16399623453617096	0.13685497641563416	0.28902578353881836	-0.07853787392377853	0.12054606527090073	0.49432873725891113	-0.06906425952911377	0.3082978129386902	-0.24629215896129608	-0.20028741657733917	-0.10712436586618423	-0.24287845194339752	-0.29518985748291016	0.004942257888615131	-0.08911334723234177	-0.30703890323638916	-0.5493652820587158	-0.6727084517478943	0.09323488920927048	-0.14316335320472717	-0.24252799153327942	0.022792622447013855	-0.21082858741283417	-0.1395532190799713	-0.4047352373600006	-0.1730106621980667	-0.322163850069046	0.16365563869476318	0.2662181258201599	0.4377458095550537	-0.12954610586166382	-0.22116932272911072	-0.2573111653327942	-0.24978037178516388	-0.2886871099472046	-0.20085453987121582	-0.2956763803958893	-0.23425345122814178	0.24385207891464233	-0.05833902582526207	0.24216003715991974	0.7992432117462158	0.6446946859359741	0.5595775842666626	0.21113276481628418	0.6354935169219971	0.8908515572547913	0.7488070726394653	0.40639349818229675	0.313062846660614	0.2873503267765045	0.306469589471817	0.4204699993133545	0.3458177447319031	0.1064462959766388	0.13990327715873718	0.4707818925380707	0.018570881336927414	0.014028438366949558	0.4747391641139984	-0.08527296036481857	0.3003503084182739	0.13497842848300934	0.3856047987937927	0.13099393248558044	0.04185323044657707	0.238343745470047	0.061403628438711166	-0.04662010073661804	-0.07227852195501328	-0.17200839519500732	-0.0033300230279564857	-0.2404659539461136	0.03251447528600693	-0.22200210392475128	-0.11154352873563766	-0.21281807124614716	-0.4544692039489746	0.12965048849582672	0.04540415108203888	0.10111291706562042	0.03752366080880165	0.26664790511131287	-0.14803920686244965	-0.0748782604932785	-0.19924607872962952	-0.04906271770596504	-0.37395232915878296	0.26096978783607483	0.012579763308167458	-0.3754504919052124	-0.4757445156574249	0.043785564601421356	-0.20866985619068146	-0.3020728826522827	0.08748838305473328	-0.07209598273038864	0.11631125956773758	-0.054512009024620056	-0.3260999023914337	-0.25852352380752563	-0.1209288164973259	0.06386413425207138	-0.19122128188610077	-0.10293453931808472	-0.3136294186115265	0.10463070869445801	-0.20518992841243744	-0.14434540271759033	0.05017862468957901	-0.07429742813110352	0.10428682714700699	-0.02745957113802433	-0.24942615628242493	0.016014790162444115	-0.18122880160808563	0.29864081740379333	0.15465310215950012	0.4854666292667389	-0.4203907549381256	-0.19066406786441803	-0.38444221019744873	0.008002541027963161	-0.2726212441921234	-0.19188113510608673	0.22016988694667816	-0.31456801295280457	-0.2344294637441635	0.25801002979278564	-0.008173760026693344	-0.18211685121059418	0.13744176924228668	0.01528378576040268	0.044458046555519104	-0.07315406948328018	-0.16798265278339386	0.16676177084445953	-0.07166866958141327	0.2183491438627243	0.07738620042800903	-0.36132335662841797	-0.20714806020259857	-0.25739121437072754	-0.2609212100505829	-0.44070008397102356	-0.10039138048887253
LH_Vis_9	0.4297901690006256	0.5326943397521973	0.7957504391670227	0.3331323564052582	0.0869663804769516	0.7548559308052063	0.5562250018119812	0.7329277992248535	1.0	0.4964524507522583	0.22180089354515076	0.27059218287467957	0.3388872742652893	0.06668335199356079	0.11904548108577728	0.3372063636779785	0.008334736339747906	0.19516567885875702	-0.08990683406591415	-0.08708465844392776	-0.040369663387537	-0.16045895218849182	-0.2516240179538727	-0.06156430020928383	0.13445787131786346	-0.20131522417068481	-0.517734706401825	-0.5163351893424988	0.17162074148654938	-0.15393492579460144	-0.15636757016181946	0.14687570929527283	-0.19491273164749146	-0.13218550384044647	-0.24071888625621796	0.020439255982637405	-0.1733478456735611	0.3149161636829376	0.2936369478702545	0.44293519854545593	-0.14912492036819458	0.02791714482009411	-0.2471405267715454	-0.05535230413079262	-0.2916296720504761	-0.2120344042778015	-0.29023152589797974	-0.2555467486381531	0.5693486928939819	0.11614193767309189	0.4721500873565674	0.7103816866874695	0.5076521039009094	0.266946017742157	0.38290369510650635	0.8385925889015198	0.644178569316864	0.839475691318512	0.42649394273757935	0.35397058725357056	0.2825472056865692	0.309829980134964	0.3941459059715271	0.28797364234924316	0.11260059475898743	0.12385530769824982	0.421201229095459	0.12550751864910126	0.0054263826459646225	0.3642633855342865	-0.05278129130601883	0.15247750282287598	0.0359676219522953	0.3404616117477417	0.05172382667660713	-0.01200239360332489	0.2029760628938675	-0.01028599962592125	-0.035529304295778275	0.274799644947052	-0.45641693472862244	-0.005091932602226734	-0.307049959897995	-0.04318608343601227	-0.41807064414024353	-0.2540912330150604	-0.08231505751609802	-0.3437691628932953	0.3641229569911957	0.023763740435242653	0.19360411167144775	0.09805280715227127	0.1882649064064026	-0.02438882179558277	-0.2003769874572754	0.07176259905099869	-0.17783145606517792	-0.35611051321029663	0.5581135153770447	0.30756238102912903	-0.2722002863883972	-0.3766126334667206	0.1820860058069229	-0.16233134269714355	-0.1408531218767166	0.14148490130901337	0.06659786403179169	0.12203595042228699	0.09702090173959732	-0.26534345746040344	-0.21950335800647736	-0.18542994558811188	-0.02756342664361	-0.16040779650211334	-0.16550780832767487	-0.2377438098192215	0.16228871047496796	0.07585783302783966	-0.07787899672985077	-0.06863008439540863	-0.007453445345163345	0.21496328711509705	0.059242118149995804	-0.15705479681491852	-0.10727301985025406	-0.09112343937158585	0.3190704882144928	0.09447140246629715	0.5322834849357605	-0.34620267152786255	-0.1328522115945816	-0.19916264712810516	0.11205574870109558	-0.2251206636428833	-0.17597419023513794	0.3297671675682068	-0.27449607849121094	-0.24759146571159363	0.02237575128674507	0.0657261535525322	-0.1352551281452179	0.0048685576766729355	0.3000652492046356	-0.031786516308784485	0.07187554985284805	0.10322338342666626	0.05589444935321808	-0.16176527738571167	0.23029552400112152	-0.012070008553564548	-0.3552215099334717	-0.29628750681877136	-0.20688755810260773	-0.20987871289253235	-0.43738213181495667	-0.17383719980716705
LH_SomMot_1	0.35784292221069336	0.4250924289226532	0.48049283027648926	0.2526354193687439	-0.07829053699970245	0.3443637192249298	0.5307368636131287	0.3599604368209839	0.4964524507522583	1.0	0.686299741268158	0.6994357705116272	0.51263827085495	0.41678592562675476	0.5306503176689148	0.4717622995376587	0.46104881167411804	0.4796033203601837	0.37973490357398987	-0.045263100415468216	0.3437230587005615	0.3049251437187195	0.14705346524715424	0.35291075706481934	0.7278900742530823	0.2754996716976166	-0.38167425990104675	-0.3766691982746124	0.23491701483726501	0.2750301957130432	-0.4620581269264221	0.3204118013381958	-0.13836565613746643	0.22668957710266113	0.22888949513435364	-0.2384602576494217	-0.34936270117759705	0.31463223695755005	0.5901737809181213	0.6796733736991882	-0.4673446714878082	0.1661769151687622	-0.3529278635978699	-0.1801719069480896	-0.6212636828422546	-0.44065478444099426	-0.4340935945510864	-0.4669206440448761	0.38823258876800537	-0.15434913337230682	0.5880607962608337	0.5265272855758667	0.5762559771537781	0.36635860800743103	-0.008614344522356987	0.52201908826828	0.43603387475013733	0.31690099835395813	0.8928304314613342	0.592095136642456	0.5293739438056946	0.41365090012550354	0.4614047408103943	0.3796551525592804	0.4278934895992279	0.4261544644832611	0.6238541603088379	0.5424555540084839	0.39918625354766846	0.41647306084632874	0.13533015549182892	0.5475516319274902	0.39837077260017395	0.7002145051956177	0.4658339321613312	0.45496267080307007	0.22427092492580414	0.36578598618507385	-0.29701727628707886	0.38896626234054565	-0.3813638687133789	-0.1456591635942459	-0.46549534797668457	0.19906295835971832	-0.31544017791748047	-0.29001885652542114	-0.31486061215400696	-0.1597028523683548	0.0821952372789383	-0.3305501341819763	0.38803353905677795	0.5002076029777527	0.6358622312545776	0.2465745210647583	-0.11831317096948624	-0.04177073389291763	-0.1712622344493866	-0.4171520471572876	0.32366907596588135	-0.0009232268203049898	-0.09084395319223404	-0.45155349373817444	0.1410994678735733	-0.03807482123374939	-0.14330042898654938	-0.11917203664779663	0.09941720962524414	0.20080091059207916	-0.025870056822896004	-0.20735782384872437	-0.3009009063243866	-0.04424721375107765	0.03510524705052376	-0.11795186996459961	0.0198060255497694	-0.2555657625198364	0.18366031348705292	-0.2356954663991928	-0.06554874032735825	0.07939872145652771	-0.011831171810626984	0.19804883003234863	0.1224270835518837	-0.12085380405187607	-0.2596151530742645	0.03144361823797226	0.26309314370155334	0.09719294309616089	0.20336784422397614	-0.3105303943157196	-0.03026350401341915	-0.16143693029880524	0.37360715866088867	-0.374200701713562	-0.04763571172952652	0.46274125576019287	-0.2604149878025055	-0.1642567217350006	-0.15649671852588654	0.23643727600574493	-0.37515711784362793	0.11398708820343018	0.3588780462741852	0.25981462001800537	0.38515663146972656	0.2698071002960205	0.35118210315704346	0.3019504249095917	0.17226366698741913	0.27276092767715454	-0.1865168660879135	-0.0014015650376677513	-0.1325516551733017	-0.5039465427398682	-0.4781785309314728	-0.19162604212760925
LH_SomMot_2	0.3067660927772522	0.3479521572589874	0.3586423099040985	0.116216279566288	-0.19532567262649536	0.22005771100521088	0.391846239566803	0.16399623453617096	0.22180089354515076	0.686299741268158	1.0	0.7999046444892883	0.5466158390045166	0.4389420449733734	0.7447099089622498	0.4124525785446167	0.6673244833946228	0.5009455680847168	0.5031107664108276	0.23625363409519196	0.6322487592697144	0.45096877217292786	0.4155823886394501	0.5553819537162781	0.6748902797698975	0.5248591303825378	-0.15192191302776337	-0.1819850355386734	0.5520633459091187	0.6521390080451965	-0.42497506737709045	0.361430823802948	-0.19039613008499146	0.4215206205844879	0.22766202688217163	-0.35417699813842773	-0.45210856199264526	0.07800501585006714	0.2633059322834015	0.46498799324035645	-0.6790748238563538	-0.01599138043820858	-0.50215744972229	-0.3984549939632416	-0.660693883895874	-0.5329474210739136	-0.5586377382278442	-0.6025039553642273	0.2098359316587448	-0.40089982748031616	0.4859365224838257	0.36793142557144165	0.42874962091445923	0.30665409564971924	-0.13839304447174072	0.43254053592681885	0.2655237913131714	0.1369573175907135	0.7320896983146667	0.7793164253234863	0.6362019181251526	0.42593422532081604	0.5884351134300232	0.29140591621398926	0.5045773386955261	0.7065069675445557	0.5295353531837463	0.48244509100914	0.46932873129844666	0.46769648790359497	0.487375944852829	0.5508549809455872	0.5737931132316589	0.631977915763855	0.6676051020622253	0.5598390698432922	0.5026473999023438	0.6594299077987671	-0.3355526030063629	0.24042195081710815	-0.29709547758102417	-0.42510777711868286	-0.682938814163208	0.40599867701530457	-0.22457081079483032	-0.429526686668396	-0.42919206619262695	-0.05306726321578026	0.15222720801830292	-0.564136266708374	0.20525993406772614	0.5328215956687927	0.4385514557361603	0.09899498522281647	-0.13502787053585052	-0.2742791473865509	-0.26151204109191895	-0.5208995938301086	0.23888513445854187	-0.24194157123565674	0.16191217303276062	-0.468707412481308	-0.18096394836902618	-0.13114376366138458	-0.054711684584617615	-0.06459054350852966	0.12983906269073486	0.08534945547580719	-0.015703095123171806	-0.07342983037233353	-0.31049153208732605	-0.0074758026748895645	0.031929414719343185	0.05072803795337677	0.12452664226293564	-0.29081806540489197	0.10445941984653473	-0.1421355903148651	-0.13022111356258392	0.11242027580738068	0.018214460462331772	-0.08435683697462082	0.1363706737756729	-0.1538020223379135	-0.24884311854839325	0.143045574426651	0.10454846918582916	0.14237840473651886	-0.00018013307999353856	-0.26276445388793945	-0.049041517078876495	0.08401060104370117	0.430246502161026	-0.28704553842544556	0.19673316180706024	0.3221808075904846	-0.1918480396270752	0.04568270966410637	-0.022716408595442772	0.316789448261261	-0.24887080490589142	0.1813647300004959	0.20857495069503784	0.47335657477378845	0.3382127583026886	0.2545818090438843	0.41134586930274963	0.4340124726295471	0.19763068854808807	0.3564317226409912	-0.11906705796718597	0.17603914439678192	-0.0918361246585846	-0.5035416483879089	-0.3652583062648773	-0.32241544127464294
LH_SomMot_3	0.3729247450828552	0.28517866134643555	0.3546949028968811	0.034909844398498535	-0.25588518381118774	0.3036768436431885	0.5109052658081055	0.13685497641563416	0.27059218287467957	0.6994357705116272	0.7999046444892883	1.0	0.3640064597129822	0.586950957775116	0.5436708927154541	0.5511507391929626	0.817410945892334	0.5719723105430603	0.6627544164657593	0.0834156945347786	0.590749979019165	0.5951250791549683	0.3504866361618042	0.5699065327644348	0.7395688891410828	0.6248072385787964	-0.20727059245109558	-0.18621940910816193	0.4626700282096863	0.6183317303657532	-0.33846643567085266	0.43977680802345276	-0.14435629546642303	0.5600681900978088	0.27043473720550537	-0.35615670680999756	-0.4225521981716156	0.13754191994667053	0.43111202120780945	0.5716131925582886	-0.5890628099441528	-0.07680333405733109	-0.5224493145942688	-0.47604212164878845	-0.634309709072113	-0.5898496508598328	-0.6515848636627197	-0.6125020980834961	0.21726647019386292	-0.4573953449726105	0.6658779382705688	0.42604073882102966	0.5615531802177429	0.1741231083869934	-0.14042764902114868	0.529988169670105	0.3273492455482483	0.09034749865531921	0.7382217049598694	0.7736489176750183	0.8001854419708252	0.25021785497665405	0.46234187483787537	0.2529860734939575	0.5725005269050598	0.4543049931526184	0.6717185378074646	0.7058807611465454	0.5936559438705444	0.5352804064750671	0.3666020333766937	0.6685724258422852	0.5409393906593323	0.6481046080589294	0.7468125224113464	0.6610068082809448	0.45461368560791016	0.6323751211166382	-0.2462226152420044	0.4099779725074768	-0.3873797357082367	-0.2495909184217453	-0.6190314888954163	0.4385373592376709	-0.30673399567604065	-0.45798033475875854	-0.4053024649620056	-0.08189371973276138	0.07675252109766006	-0.4962434768676758	0.3637021481990814	0.655611515045166	0.6001169681549072	0.08671210706233978	-0.1913735568523407	-0.3562339246273041	-0.32108578085899353	-0.5832178592681885	0.28449052572250366	-0.26831209659576416	0.24810288846492767	-0.49947935342788696	-0.1679060012102127	-0.11722838133573532	0.04350902885198593	-0.14954735338687897	0.06432714313268661	-0.05370589345693588	-0.08813859522342682	-0.13822835683822632	-0.5135657787322998	-0.2080652415752411	0.09241867810487747	0.03594366833567619	0.11717619746923447	-0.3518437147140503	-0.0744461715221405	-0.11569924652576447	-0.04798134043812752	0.11570896953344345	0.0030048757325857878	0.019139181822538376	0.037345170974731445	-0.15888144075870514	-0.293843150138855	-0.09176164120435715	0.06857664883136749	0.1506783366203308	0.071236252784729	-0.37317341566085815	-0.24189382791519165	-0.1126217171549797	0.24271391332149506	-0.4631955921649933	0.2018585056066513	0.30759602785110474	-0.24291938543319702	-0.2017250806093216	-0.13308261334896088	0.21408326923847198	-0.23681193590164185	0.0781678780913353	0.20116379857063293	0.33627694845199585	0.30941128730773926	0.39635589718818665	0.4241063892841339	0.49734610319137573	0.18088990449905396	0.363741934299469	-0.060222357511520386	0.21316127479076385	-0.0986626073718071	-0.5458098649978638	-0.3116428554058075	-0.35570967197418213
