Node	HIP-head-m-rh	HIP-head-l-rh	HIP-body-rh	HIP-tail-rh	THA-VPm-rh	THA-VPl-rh	THA-VAi-rh	THA-VAs-rh	THA-DAm-rh	THA-DAl-rh	PUT-VA-rh	PUT-DA-rh	PUT-VP-rh	PUT-DP-rh	CAU-VA-rh	CAU-DA-rh	CAU-body-rh	CAU-tail-rh	lAMY-rh	mAMY-rh	THA-DP-rh	NAc-shell-rh	NAc-core-rh	pGP-rh	aGP-rh	HIP-head-m-lh	HIP-head-l-l	HIP-body-l	HIP-tail-lh	THA-VPm-lh	THA-VPl-lh	THA-VAi-lh	THA-VAs-lh	THA-DAm-lh	THA-DAl-lh	PUT-VA-lh	PUT-DA-l	PUT-VP-lh	PUT-DP-lh	CAU-VA-lh	CAU-DA-lh	CAU-body-lh	CAU-tail-lh	lAMY-lh	mAMY-lh	THA-DP-lh	NAc-shell-lh	NAc-core-lh	pGP-lh	aGP-lh
HIP-head-m-rh	1.0	0.6827295422554016	-0.09587778896093369	0.018702073022723198	0.27731552720069885	0.2771538197994232	0.07756506651639938	-0.059019625186920166	0.12089904397726059	0.1382872313261032	0.08935023099184036	0.02539815753698349	-0.0444314144551754	0.052648138254880905	0.16454468667507172	0.1558239459991455	-0.1255430430173874	-0.08336814492940903	-0.12187649309635162	0.027995148673653603	-0.017489328980445862	-0.0249995905905962	0.24093808233737946	-0.1942770928144455	-0.29899442195892334	0.5909345149993896	0.4634937047958374	0.282473087310791	0.11782610416412354	0.011705439537763596	-0.12487908452749252	0.029536817222833633	-0.13190947473049164	0.19498766958713531	0.13584257662296295	0.013041811995208263	0.014767706394195557	0.06845792382955551	0.08599115908145905	-0.21003927290439606	-0.00857977382838726	-0.06803497672080994	-0.08355621993541718	0.14261147379875183	0.038192734122276306	0.13071317970752716	0.008708986453711987	0.09674353897571564	0.035225946456193924	-0.14258414506912231
HIP-head-l-rh	0.6827295422554016	1.0	-0.027846641838550568	0.1381276547908783	0.21474607288837433	0.12855447828769684	0.07154618948698044	-0.03390514478087425	0.25767314434051514	0.25417718291282654	0.07541979849338531	-0.019774259999394417	0.09190864115953445	-0.006790472660213709	0.03906284645199776	0.24925146996974945	-0.01818806491792202	-0.13168686628341675	0.18446138501167297	0.0821065604686737	0.10128018260002136	-0.026934947818517685	0.32412654161453247	-0.021476414054632187	-0.11004111915826797	0.44073766469955444	0.5217504501342773	0.34711915254592896	0.40257206559181213	-0.02569923922419548	-0.15566353499889374	0.16243694722652435	0.011618869379162788	0.24897044897079468	0.1426875740289688	0.1871158927679062	-0.03348086029291153	0.051568347960710526	0.05905500426888466	-0.03122171200811863	-0.0038920966908335686	-0.007308011408895254	-0.009625397622585297	0.13489675521850586	0.039860017597675323	0.2995004653930664	0.08305905759334564	0.23456008732318878	-0.009685487486422062	-0.2353196144104004
HIP-body-rh	-0.09587778896093369	-0.027846641838550568	1.0	-0.2250201255083084	0.20874974131584167	-0.15534083545207977	0.26798105239868164	0.30007293820381165	0.043723370879888535	0.011285019107162952	0.527563750743866	0.4834901988506317	0.42020297050476074	0.17729167640209198	0.09840995073318481	-0.06264110654592514	0.23425346612930298	0.3757247030735016	-0.2898463010787964	0.41481131315231323	-0.11237430572509766	0.4073418974876404	-0.006224951706826687	0.0686248391866684	0.10684478282928467	0.04466131329536438	0.07906108349561691	0.43723857402801514	0.15674997866153717	0.04728829115629196	-0.11881326884031296	0.11582137644290924	0.2597678005695343	0.037087295204401016	0.32571306824684143	0.5949694514274597	0.44889524579048157	0.3398716151714325	0.20871062576770782	0.013378777541220188	-0.08142895251512527	0.06028344854712486	0.23720969259738922	0.15789784491062164	0.09414313733577728	0.22616715729236603	0.4307321608066559	0.21359816193580627	-0.07532002031803131	0.07143556326627731
HIP-tail-rh	0.018702073022723198	0.1381276547908783	-0.2250201255083084	1.0	-0.45802024006843567	0.1588297039270401	0.09070437401533127	-0.3760823905467987	0.14212194085121155	-0.2128157615661621	-0.13010327517986298	-0.050827328115701675	0.09214169532060623	0.0105974106118083	-0.3230443000793457	-0.3148852586746216	-0.01473676972091198	-0.1257818043231964	0.21548451483249664	-0.08254064619541168	0.12003514170646667	-0.03789364546537399	0.01810622029006481	0.03317201882600784	0.1016370952129364	-0.04453909397125244	-0.08916788548231125	0.06330561637878418	0.3067910969257355	-0.3071201741695404	0.28638675808906555	-0.06585529446601868	-0.2934556007385254	-0.20364467799663544	-0.21870608627796173	-0.13428246974945068	-0.214111328125	-0.08517463505268097	-0.1772426813840866	-0.19907118380069733	0.07386370748281479	-0.06445127725601196	-0.04882649704813957	-0.3001757264137268	0.0428098626434803	-0.0656304806470871	-0.02442162111401558	-0.07128570228815079	-0.0042250254191458225	-0.11828147619962692
THA-VPm-rh	0.27731552720069885	0.21474607288837433	0.20874974131584167	-0.45802024006843567	1.0	0.007771860808134079	0.3104112446308136	0.20224866271018982	0.14137810468673706	0.44316303730010986	0.27389460802078247	0.16248562932014465	-0.0015838190447539091	0.012790458276867867	0.21065761148929596	0.1288626343011856	0.11233215034008026	0.13276466727256775	-0.28417471051216125	0.1577916145324707	0.03596391901373863	0.09334319829940796	0.3209695518016815	0.23211874067783356	0.16849668323993683	0.15524597465991974	0.48001620173454285	0.0538843609392643	0.06999990344047546	0.35337644815444946	-0.07690595835447311	0.44078773260116577	0.12445725500583649	0.4430381953716278	0.25110334157943726	0.2201377898454666	0.30231955647468567	0.11539187282323837	0.14024068415164948	0.158798947930336	-0.0899682268500328	-0.10207121819257736	-0.08481339365243912	0.4639221131801605	0.07498490065336227	0.1646135002374649	0.13324469327926636	0.33580073714256287	-0.28706109523773193	-0.006240017246454954
THA-VPl-rh	0.2771538197994232	0.12855447828769684	-0.15534083545207977	0.1588297039270401	0.007771860808134079	1.0	0.29483622312545776	-0.16164615750312805	0.2991048991680145	0.08057893812656403	0.04896875470876694	-0.12114355713129044	-0.3537963628768921	-0.1807384490966797	-0.015038014389574528	0.04241058975458145	-0.42122113704681396	-0.3545299768447876	-0.06054425984621048	-0.1163371279835701	0.25271984934806824	-0.11494918167591095	0.1838940978050232	0.05087968334555626	-0.3128286600112915	0.4382462501525879	0.2831926941871643	-0.1991654336452484	0.011968443170189857	0.19903694093227386	0.06781767308712006	0.18988345563411713	-0.18668091297149658	0.09525544941425323	-0.28838375210762024	-0.13738355040550232	-0.10586389899253845	-0.19767066836357117	-0.06346926093101501	-0.15690496563911438	-0.14966709911823273	-0.21118728816509247	-0.35795149207115173	-0.20679864287376404	-0.16826680302619934	-0.07838603109121323	-0.06808145344257355	-0.05467453598976135	0.09976647049188614	0.020064866170287132
THA-VAi-rh	0.07756506651639938	0.07154618948698044	0.26798105239868164	0.09070437401533127	0.3104112446308136	0.29483622312545776	1.0	0.45014387369155884	0.6192126870155334	0.28047215938568115	0.27180445194244385	0.2668493688106537	0.20694127678871155	0.27012887597084045	0.0819217786192894	-0.21231572329998016	0.09725619107484818	0.19292446970939636	-0.3671219050884247	0.10889694094657898	0.013919979333877563	0.09320994466543198	0.1919381469488144	0.31284210085868835	0.16598254442214966	0.17123469710350037	0.3793279528617859	0.14857061207294464	0.21497464179992676	0.27765312790870667	0.0961148664355278	0.6396613121032715	0.3604942858219147	0.471497505903244	0.2453642338514328	0.38147273659706116	0.3665909469127655	0.3245914578437805	0.2781008780002594	0.02557693049311638	-0.1360691785812378	-0.16235314309597015	0.13158278167247772	0.22104334831237793	-0.1053064689040184	-0.2537798583507538	0.3558391034603119	0.38409438729286194	0.3528180718421936	0.04198358207941055
THA-VAs-rh	-0.059019625186920166	-0.03390514478087425	0.30007293820381165	-0.3760823905467987	0.20224866271018982	-0.16164615750312805	0.45014387369155884	1.0	0.4726322591304779	0.37175577878952026	0.05795242637395859	0.27191948890686035	0.1806100606918335	0.1921694427728653	0.3236977159976959	0.22545254230499268	0.25332126021385193	0.3426118493080139	-0.4711662530899048	-0.07486186176538467	0.0428406223654747	0.06574936211109161	0.12844356894493103	0.046663470566272736	0.14871351420879364	-0.0370391421020031	0.2822892665863037	0.05173042044043541	-0.020103096961975098	0.33715736865997314	-0.2477857619524002	0.5288688540458679	0.5786241292953491	0.4618951380252838	0.5637702941894531	0.3838871121406555	0.30338573455810547	0.3185814321041107	0.30728718638420105	0.3866969645023346	0.026912232860922813	0.2204369455575943	0.37926334142684937	0.2955939769744873	-0.1593928188085556	-0.11809688806533813	0.355079710483551	0.37061014771461487	0.2997594177722931	0.08568191528320312
THA-DAm-rh	0.12089904397726059	0.25767314434051514	0.043723370879888535	0.14212194085121155	0.14137810468673706	0.2991048991680145	0.6192126870155334	0.4726322591304779	1.0	0.32339635491371155	0.025812268257141113	-0.10608086735010147	-0.05214237421751022	0.05198671668767929	-0.05405829846858978	0.09690716862678528	-0.161135733127594	-0.017071954905986786	-0.22673003375530243	-0.22241422533988953	0.1899459958076477	0.042707402259111404	0.18524086475372314	0.03977743536233902	0.0791846215724945	-0.0053665065206587315	0.2887929081916809	-0.008515220135450363	0.14230215549468994	0.19293265044689178	-0.12063656747341156	0.6429845094680786	0.17336221039295197	0.5464785695075989	0.19891196489334106	0.22038067877292633	0.0590248666703701	-0.02273659221827984	-0.022391242906451225	0.09626442193984985	-0.1881168782711029	-0.2179165482521057	-0.07242334634065628	0.09047229588031769	-0.414608895778656	-0.09978844225406647	0.2702392637729645	0.20204350352287292	0.3199811279773712	0.041948191821575165
THA-DAl-rh	0.1382872313261032	0.25417718291282654	0.011285019107162952	-0.2128157615661621	0.44316303730010986	0.08057893812656403	0.28047215938568115	0.37175577878952026	0.32339635491371155	1.0	0.1505930870771408	0.1139252707362175	-0.15414009988307953	-0.006193849723786116	0.19451904296875	0.39331427216529846	0.16468748450279236	0.12824402749538422	-0.08560354262590408	0.161246657371521	0.005874680820852518	-0.04075556993484497	0.37229809165000916	0.2301226407289505	0.09895776212215424	0.0535091795027256	0.4211673438549042	-0.12335904687643051	-0.01765492931008339	0.38986966013908386	-0.20058467984199524	0.4760352373123169	0.38077622652053833	0.6553996205329895	0.5543907880783081	0.25512927770614624	0.17732001841068268	-0.07344686985015869	0.028840871527791023	0.37323445081710815	0.2325804978609085	0.047747816890478134	0.24772383272647858	0.24237777292728424	0.10156752169132233	0.2707810401916504	0.12611575424671173	0.292227178812027	0.036142151802778244	0.12257221341133118
PUT-VA-rh	0.08935023099184036	0.07541979849338531	0.527563750743866	-0.13010327517986298	0.27389460802078247	0.04896875470876694	0.27180445194244385	0.05795242637395859	0.025812268257141113	0.1505930870771408	1.0	0.6990825533866882	0.48770585656166077	0.652898371219635	0.1824161559343338	-0.0175231471657753	-0.003679512767121196	0.34590619802474976	-0.012822004966437817	0.5225127339363098	-0.040407441556453705	0.2989916503429413	0.2356823831796646	0.2220296710729599	-0.011149231344461441	0.06401480734348297	0.16558964550495148	0.21080681681632996	0.10577269643545151	0.17958807945251465	0.09347767382860184	0.042687635868787766	0.2382504940032959	0.14897553622722626	0.22868140041828156	0.7327333092689514	0.6685346364974976	0.588726818561554	0.6037101149559021	0.04318685457110405	0.11119943112134933	0.22189860045909882	0.3813616931438446	0.17121565341949463	0.34388551115989685	0.046801161020994186	0.3561311662197113	0.21868818998336792	0.07733464241027832	0.20755413174629211
PUT-DA-rh	0.02539815753698349	-0.019774259999394417	0.4834901988506317	-0.050827328115701675	0.16248562932014465	-0.12114355713129044	0.2668493688106537	0.27191948890686035	-0.10608086735010147	0.1139252707362175	0.6990825533866882	1.0	0.6507487893104553	0.6449667811393738	0.26279476284980774	0.006437961477786303	0.3227560520172119	0.4996042847633362	-0.22739939391613007	0.3901354670524597	0.06890428066253662	0.1662861555814743	0.30923911929130554	0.1965639442205429	0.2046731412410736	0.049494627863168716	0.17752592265605927	0.16523820161819458	0.23914270102977753	0.1474427431821823	0.12685737013816833	-0.007728921249508858	0.2776010036468506	-0.04430704563856125	0.39603540301322937	0.6823253631591797	0.6548132300376892	0.6462230682373047	0.5897306799888611	0.09897168725728989	0.18257300555706024	0.36326438188552856	0.4470332860946655	0.2127941995859146	0.38778218626976013	-0.06454244256019592	0.37839165329933167	0.4618971645832062	-0.016995152458548546	0.15373088419437408
PUT-VP-rh	-0.0444314144551754	0.09190864115953445	0.42020297050476074	0.09214169532060623	-0.0015838190447539091	-0.3537963628768921	0.20694127678871155	0.1806100606918335	-0.05214237421751022	-0.15414009988307953	0.48770585656166077	0.6507487893104553	1.0	0.5697442293167114	0.026602700352668762	-0.26278817653656006	0.40457937121391296	0.5082865953445435	-0.09342917799949646	0.18290086090564728	-0.13371078670024872	0.1640607863664627	0.21833255887031555	0.049076080322265625	0.4827118217945099	0.0323636420071125	0.0486292690038681	0.3639126121997833	0.2366926223039627	-0.0024023952428251505	0.2548241913318634	0.014204194769263268	0.13402141630649567	-0.1865392029285431	0.3252924978733063	0.43276119232177734	0.5932866334915161	0.7048144340515137	0.4542658030986786	-0.09655967354774475	0.19432669878005981	0.3024337887763977	0.3889993727207184	0.11916472762823105	0.20303303003311157	-0.08755474537611008	0.23622716963291168	0.3579094111919403	0.12238402664661407	0.07966674864292145
PUT-DP-rh	0.052648138254880905	-0.006790472660213709	0.17729167640209198	0.0105974106118083	0.012790458276867867	-0.1807384490966797	0.27012887597084045	0.1921694427728653	0.05198671668767929	-0.006193849723786116	0.652898371219635	0.6449667811393738	0.5697442293167114	1.0	0.29622331261634827	-0.16564667224884033	0.09549106657505035	0.37588444352149963	-0.04902823641896248	0.25190362334251404	-0.20303598046302795	0.14682312309741974	0.16645094752311707	0.18187399208545685	0.12829649448394775	-0.03622179105877876	0.16738343238830566	0.13699257373809814	0.048525162041187286	0.005871964618563652	0.24226051568984985	0.06665138155221939	0.22185276448726654	0.06892966479063034	0.3059566020965576	0.5408607721328735	0.5366286635398865	0.6821922063827515	0.6103729009628296	0.10268140584230423	0.16695930063724518	0.35770073533058167	0.4213376045227051	0.1958174705505371	0.27059680223464966	-0.27758893370628357	0.2539239525794983	0.26911070942878723	0.20651021599769592	0.3143899738788605
CAU-VA-rh	0.16454468667507172	0.03906284645199776	0.09840995073318481	-0.3230443000793457	0.21065761148929596	-0.015038014389574528	0.0819217786192894	0.3236977159976959	-0.05405829846858978	0.19451904296875	0.1824161559343338	0.26279476284980774	0.026602700352668762	0.29622331261634827	1.0	0.2741939425468445	-0.09275514632463455	-0.021706821396946907	-0.4081118702888489	-0.07541872560977936	-0.1570553332567215	-0.09520512074232101	-0.10116352885961533	0.028516417369246483	-0.0272788368165493	0.1910727471113205	0.47077301144599915	-0.09527572244405746	-0.03734133020043373	0.16999931633472443	-0.31406429409980774	0.2550860643386841	0.33177417516708374	0.2061370462179184	-0.04261375963687897	0.23856917023658752	0.08165986090898514	0.15020866692066193	0.19294621050357819	0.4984038770198822	-0.06168210878968239	0.4588468670845032	0.16729097068309784	0.2113836109638214	0.029334748163819313	-0.1525033712387085	0.12733931839466095	0.31645235419273376	-0.07448119670152664	0.24627357721328735
CAU-DA-rh	0.1558239459991455	0.24925146996974945	-0.06264110654592514	-0.3148852586746216	0.1288626343011856	0.04241058975458145	-0.21231572329998016	0.22545254230499268	0.09690716862678528	0.39331427216529846	-0.0175231471657753	0.006437961477786303	-0.26278817653656006	-0.16564667224884033	0.2741939425468445	1.0	-0.1022011935710907	0.012408090755343437	0.04391760751605034	-0.06262709200382233	0.15662279725074768	-0.023719223216176033	0.1517466902732849	-0.2014395147562027	0.03953470662236214	-0.021003860980272293	0.1602191925048828	-0.13279098272323608	-0.12041082978248596	0.1359338015317917	-0.32328909635543823	0.19595998525619507	0.27185285091400146	0.2854519188404083	0.083528071641922	0.12332633882761002	-0.1854391098022461	-0.3095010817050934	-0.0057158819399774075	0.581329345703125	0.1445196568965912	0.3242143988609314	0.15173721313476562	-0.11189015209674835	-0.05039706453680992	0.2754460275173187	-0.010183865204453468	0.18874715268611908	0.018963251262903214	0.16906477510929108
CAU-body-rh	-0.1255430430173874	-0.01818806491792202	0.23425346612930298	-0.01473676972091198	0.11233215034008026	-0.42122113704681396	0.09725619107484818	0.25332126021385193	-0.161135733127594	0.16468748450279236	-0.003679512767121196	0.3227560520172119	0.40457937121391296	0.09549106657505035	-0.09275514632463455	-0.1022011935710907	1.0	0.33501678705215454	-0.1187470480799675	0.24963346123695374	-0.09490109980106354	0.21180348098278046	0.2358735352754593	0.09147804975509644	0.43733149766921997	0.03447549045085907	-0.003509148256853223	0.21716777980327606	0.03716660290956497	0.05983233079314232	0.22805073857307434	0.05993171036243439	0.15834511816501617	-0.0351710207760334	0.47945088148117065	0.0573461651802063	0.10561501979827881	0.2566729187965393	-0.03897859528660774	-0.02679571509361267	0.3159860372543335	0.1803290694952011	0.242689847946167	0.021207060664892197	0.16924916207790375	0.1829763948917389	0.1318146288394928	0.4241105914115906	-0.18261966109275818	-0.11526927351951599
CAU-tail-rh	-0.08336814492940903	-0.13168686628341675	0.3757247030735016	-0.1257818043231964	0.13276466727256775	-0.3545299768447876	0.19292446970939636	0.3426118493080139	-0.017071954905986786	0.12824402749538422	0.34590619802474976	0.4996042847633362	0.5082865953445435	0.37588444352149963	-0.021706821396946907	0.012408090755343437	0.33501678705215454	1.0	-0.165571391582489	0.15725640952587128	-0.22794504463672638	0.3064573109149933	0.1889958381652832	-0.10821427404880524	0.34169575572013855	-0.11087548732757568	-0.1409757137298584	0.06510935723781586	-0.12709084153175354	-0.019007667899131775	-0.15190626680850983	0.12229467183351517	0.3095492720603943	-0.00845983438193798	0.5650816559791565	0.3763028383255005	0.5448280572891235	0.4898199141025543	0.2835334837436676	0.05942101404070854	0.33573538064956665	0.23691384494304657	0.49504178762435913	0.14096897840499878	0.02045011892914772	-0.22581973671913147	0.3425273001194	0.2746637463569641	0.14532870054244995	0.3221040964126587
lAMY-rh	-0.12187649309635162	0.18446138501167297	-0.2898463010787964	0.21548451483249664	-0.28417471051216125	-0.06054425984621048	-0.3671219050884247	-0.4711662530899048	-0.22673003375530243	-0.08560354262590408	-0.012822004966437817	-0.22739939391613007	-0.09342917799949646	-0.04902823641896248	-0.4081118702888489	0.04391760751605034	-0.1187470480799675	-0.165571391582489	1.0	0.3794371485710144	0.09565567970275879	-0.013660171069204807	-0.04271457716822624	0.054904546588659286	-0.14935745298862457	-0.05826466158032417	-0.194390669465065	-0.03964366763830185	0.10548955202102661	-0.1801443248987198	0.27392593026161194	-0.3943876028060913	-0.18630653619766235	-0.06322723627090454	-0.105684295296669	-0.04491044580936432	-0.08753243833780289	-0.11091335117816925	0.03447270393371582	0.0071956198662519455	0.2643339931964874	-0.023528005927801132	0.1439712941646576	-0.09981702268123627	0.42124879360198975	0.2954654097557068	-0.2408936619758606	-0.35969477891921997	-0.036528825759887695	-0.11984739452600479
mAMY-rh	0.027995148673653603	0.0821065604686737	0.41481131315231323	-0.08254064619541168	0.1577916145324707	-0.1163371279835701	0.10889694094657898	-0.07486186176538467	-0.22241422533988953	0.161246657371521	0.5225127339363098	0.3901354670524597	0.18290086090564728	0.25190362334251404	-0.07541872560977936	-0.06262709200382233	0.24963346123695374	0.15725640952587128	0.3794371485710144	1.0	-0.07129767537117004	0.24278128147125244	-0.0023074974305927753	0.2012520134449005	-0.1793145090341568	0.2330694943666458	0.01924913004040718	0.18528933823108673	0.18971212208271027	-0.043958187103271484	0.10364897549152374	-0.20753270387649536	0.19275818765163422	0.10680370032787323	0.26804831624031067	0.425570011138916	0.3836738169193268	0.2721838355064392	0.3551095128059387	-0.038067858666181564	0.11735904216766357	-0.1106153354048729	0.3317504823207855	0.31481197476387024	0.6655213832855225	0.44688162207603455	0.14688760042190552	0.06709510833024979	-0.13578365743160248	-0.07384083420038223
THA-DP-rh	-0.017489328980445862	0.10128018260002136	-0.11237430572509766	0.12003514170646667	0.03596391901373863	0.25271984934806824	0.013919979333877563	0.0428406223654747	0.1899459958076477	0.005874680820852518	-0.040407441556453705	0.06890428066253662	-0.13371078670024872	-0.20303598046302795	-0.1570553332567215	0.15662279725074768	-0.09490109980106354	-0.22794504463672638	0.09565567970275879	-0.07129767537117004	1.0	0.11674223840236664	0.3745545446872711	0.05035705864429474	-0.03351261466741562	-0.028729727491736412	0.04767487943172455	-0.14777322113513947	0.28479960560798645	0.08029964566230774	0.2897554039955139	0.07848120480775833	-0.006927964277565479	0.03994308412075043	-0.08076447248458862	0.14557991921901703	0.014282728545367718	-0.05764785036444664	0.019221311435103416	0.011232961900532246	-0.10747341066598892	0.025920849293470383	-0.11825133115053177	0.036155711859464645	-0.07457991689443588	0.004805300384759903	0.3798893094062805	0.16978289186954498	-0.0259371530264616	-0.28571903705596924
NAc-shell-rh	-0.0249995905905962	-0.026934947818517685	0.4073418974876404	-0.03789364546537399	0.09334319829940796	-0.11494918167591095	0.09320994466543198	0.06574936211109161	0.042707402259111404	-0.04075556993484497	0.2989916503429413	0.1662861555814743	0.1640607863664627	0.14682312309741974	-0.09520512074232101	-0.023719223216176033	0.21180348098278046	0.3064573109149933	-0.013660171069204807	0.24278128147125244	0.11674223840236664	1.0	0.18465541303157806	-0.10776887834072113	0.07479508966207504	-0.006830988451838493	-0.07978478819131851	0.3169320821762085	-0.03875284641981125	0.03444885089993477	0.1106569916009903	0.11424853652715683	0.23483490943908691	-0.01183252688497305	0.2635422348976135	0.2841888964176178	0.12050052732229233	0.2756444811820984	0.12235052138566971	0.06305525451898575	0.09447768330574036	0.13940295577049255	0.23474860191345215	-0.11532382667064667	0.00014386662223841995	-0.016422487795352936	0.5880212187767029	0.08758985996246338	0.011867101304233074	0.19140349328517914
NAc-core-rh	0.24093808233737946	0.32412654161453247	-0.006224951706826687	0.01810622029006481	0.3209695518016815	0.1838940978050232	0.1919381469488144	0.12844356894493103	0.18524086475372314	0.37229809165000916	0.2356823831796646	0.30923911929130554	0.21833255887031555	0.16645094752311707	-0.10116352885961533	0.1517466902732849	0.2358735352754593	0.1889958381652832	-0.04271457716822624	-0.0023074974305927753	0.3745545446872711	0.18465541303157806	1.0	0.1822519302368164	0.31589049100875854	0.28225019574165344	0.3800962269306183	0.054431866854429245	0.23730063438415527	0.4340362548828125	0.3481309115886688	0.2665880620479584	0.11073087155818939	0.0754799023270607	0.4398193657398224	0.2276860773563385	0.2065766602754593	0.1968584954738617	0.24006794393062592	0.04219652712345123	0.36014524102211	0.01276928000152111	0.047724660485982895	0.04575025290250778	0.04043709486722946	-0.09804172813892365	0.2956688106060028	0.5157414078712463	0.02073202282190323	-0.04589672014117241
pGP-rh	-0.1942770928144455	-0.021476414054632187	0.0686248391866684	0.03317201882600784	0.23211874067783356	0.05087968334555626	0.31284210085868835	0.046663470566272736	0.03977743536233902	0.2301226407289505	0.2220296710729599	0.1965639442205429	0.049076080322265625	0.18187399208545685	0.028516417369246483	-0.2014395147562027	0.09147804975509644	-0.10821427404880524	0.054904546588659286	0.2012520134449005	0.05035705864429474	-0.10776887834072113	0.1822519302368164	1.0	0.09843266755342484	-0.1568596512079239	0.2207803726196289	0.05082302540540695	0.29790806770324707	0.10498973727226257	0.20122428238391876	0.04926597326993942	0.35204941034317017	0.2578294575214386	0.013564146123826504	0.32751208543777466	0.11482733488082886	0.11907153576612473	0.3939110338687897	0.09302006661891937	0.012663774192333221	0.029286982491612434	0.20914718508720398	0.04766065999865532	0.28323566913604736	-0.0902058407664299	0.11659640073776245	0.021717773750424385	-0.16990184783935547	-0.28878551721572876
aGP-rh	-0.29899442195892334	-0.11004111915826797	0.10684478282928467	0.1016370952129364	0.16849668323993683	-0.3128286600112915	0.16598254442214966	0.14871351420879364	0.0791846215724945	0.09895776212215424	-0.011149231344461441	0.2046731412410736	0.4827118217945099	0.12829649448394775	-0.0272788368165493	0.03953470662236214	0.43733149766921997	0.34169575572013855	-0.14935745298862457	-0.1793145090341568	-0.03351261466741562	0.07479508966207504	0.31589049100875854	0.09843266755342484	1.0	-0.23709499835968018	-0.023646388202905655	0.10711681097745895	0.05034062638878822	0.060103315860033035	0.31444889307022095	0.33482271432876587	0.20278723537921906	0.008704479783773422	0.2248765528202057	0.08032788336277008	0.15333454310894012	0.1300886571407318	-0.0026410853024572134	0.19233626127243042	0.21873776614665985	0.2314368188381195	0.10183468461036682	-0.15877796709537506	-0.11891549080610275	-0.12772047519683838	0.07703708112239838	0.3841434717178345	-0.055466510355472565	0.14018188416957855
HIP-head-m-lh	0.5909345149993896	0.44073766469955444	0.04466131329536438	-0.04453909397125244	0.15524597465991974	0.4382462501525879	0.17123469710350037	-0.0370391421020031	-0.0053665065206587315	0.0535091795027256	0.06401480734348297	0.049494627863168716	0.0323636420071125	-0.03622179105877876	0.1910727471113205	-0.021003860980272293	0.03447549045085907	-0.11087548732757568	-0.05826466158032417	0.2330694943666458	-0.028729727491736412	-0.006830988451838493	0.28225019574165344	-0.1568596512079239	-0.23709499835968018	1.0	0.49307578802108765	0.07373340427875519	0.11419656872749329	0.19469459354877472	0.0244499109685421	0.0895705372095108	-0.08680514246225357	-0.04521525651216507	0.01532541960477829	-0.07404579967260361	0.0720427930355072	0.17711853981018066	0.10057906061410904	-0.23323118686676025	0.13308843970298767	-0.15702898800373077	-0.19098088145256042	0.14675450325012207	0.1546323299407959	0.072564996778965	0.0031101368367671967	0.14543886482715607	-0.07226391136646271	-0.0786147192120552
HIP-head-l-l	0.4634937047958374	0.5217504501342773	0.07906108349561691	-0.08916788548231125	0.48001620173454285	0.2831926941871643	0.3793279528617859	0.2822892665863037	0.2887929081916809	0.4211673438549042	0.16558964550495148	0.17752592265605927	0.0486292690038681	0.16738343238830566	0.47077301144599915	0.1602191925048828	-0.003509148256853223	-0.1409757137298584	-0.194390669465065	0.01924913004040718	0.04767487943172455	-0.07978478819131851	0.3800962269306183	0.2207803726196289	-0.023646388202905655	0.49307578802108765	1.0	0.11371921002864838	0.1715700328350067	0.3608008921146393	0.007856873795390129	0.49009954929351807	0.13473975658416748	0.40432772040367126	0.2513757050037384	0.26861822605133057	0.06807848811149597	0.1899687647819519	0.20573826134204865	0.21809671819210052	-0.007916262373328209	0.044707946479320526	-0.02841838449239731	0.4344055652618408	0.1242767721414566	0.043146777898073196	0.21775595843791962	0.33709368109703064	0.0010953356977552176	-0.11365125328302383
HIP-body-l	0.282473087310791	0.34711915254592896	0.43723857402801514	0.06330561637878418	0.0538843609392643	-0.1991654336452484	0.14857061207294464	0.05173042044043541	-0.008515220135450363	-0.12335904687643051	0.21080681681632996	0.16523820161819458	0.3639126121997833	0.13699257373809814	-0.09527572244405746	-0.13279098272323608	0.21716777980327606	0.06510935723781586	-0.03964366763830185	0.18528933823108673	-0.14777322113513947	0.3169320821762085	0.054431866854429245	0.05082302540540695	0.10711681097745895	0.07373340427875519	0.11371921002864838	1.0	0.41588807106018066	-0.09264577180147171	0.10767839103937149	-0.11946820467710495	0.10642637312412262	0.10096453875303268	0.22127434611320496	0.33673182129859924	0.18106648325920105	0.27501481771469116	0.16278918087482452	-0.1975516378879547	-0.14923851191997528	0.15206614136695862	0.21967864036560059	-0.007808341179043055	0.1463492214679718	0.23850500583648682	0.23178185522556305	0.07023941725492477	0.02350589446723461	-0.15629053115844727
HIP-tail-lh	0.11782610416412354	0.40257206559181213	0.15674997866153717	0.3067910969257355	0.06999990344047546	0.011968443170189857	0.21497464179992676	-0.020103096961975098	0.14230215549468994	-0.01765492931008339	0.10577269643545151	0.23914270102977753	0.2366926223039627	0.048525162041187286	-0.03734133020043373	-0.12041082978248596	0.03716660290956497	-0.12709084153175354	0.10548955202102661	0.18971212208271027	0.28479960560798645	-0.03875284641981125	0.23730063438415527	0.29790806770324707	0.05034062638878822	0.11419656872749329	0.1715700328350067	0.41588807106018066	1.0	-0.00847544427961111	0.07476199418306351	-0.036600399762392044	0.08377604186534882	0.06991531699895859	0.01951061189174652	0.32471925020217896	0.13306578993797302	0.08737745136022568	0.1769307404756546	-0.06827551871538162	-0.07603063434362411	0.13886678218841553	0.140745609998703	0.13107220828533173	0.26355913281440735	0.13562917709350586	0.08748012036085129	0.2567098140716553	-0.22779512405395508	-0.21121974289417267
THA-VPm-lh	0.011705439537763596	-0.02569923922419548	0.04728829115629196	-0.3071201741695404	0.35337644815444946	0.19903694093227386	0.27765312790870667	0.33715736865997314	0.19293265044689178	0.38986966013908386	0.17958807945251465	0.1474427431821823	-0.0024023952428251505	0.005871964618563652	0.16999931633472443	0.1359338015317917	0.05983233079314232	-0.019007667899131775	-0.1801443248987198	-0.043958187103271484	0.08029964566230774	0.03444885089993477	0.4340362548828125	0.10498973727226257	0.060103315860033035	0.19469459354877472	0.3608008921146393	-0.09264577180147171	-0.00847544427961111	1.0	0.04869648441672325	0.4232715964317322	0.0559612438082695	0.27017688751220703	0.24928829073905945	0.15890558063983917	0.129152312874794	0.14876408874988556	0.13623400032520294	0.14743047952651978	0.15314294397830963	0.04485097527503967	0.026915116235613823	0.17208589613437653	-0.020891034975647926	-0.06978670507669449	0.16024266183376312	0.22464483976364136	0.0802680104970932	0.06857456266880035
THA-VPl-lh	-0.12487908452749252	-0.15566353499889374	-0.11881326884031296	0.28638675808906555	-0.07690595835447311	0.06781767308712006	0.0961148664355278	-0.2477857619524002	-0.12063656747341156	-0.20058467984199524	0.09347767382860184	0.12685737013816833	0.2548241913318634	0.24226051568984985	-0.31406429409980774	-0.32328909635543823	0.22805073857307434	-0.15190626680850983	0.27392593026161194	0.10364897549152374	0.2897554039955139	0.1106569916009903	0.3481309115886688	0.20122428238391876	0.31444889307022095	0.0244499109685421	0.007856873795390129	0.10767839103937149	0.07476199418306351	0.04869648441672325	1.0	-0.08240436017513275	-0.1905357986688614	-0.13093939423561096	-0.007390853948891163	-0.05048248544335365	0.16022033989429474	0.204222172498703	0.13020126521587372	-0.2073071449995041	0.16772563755512238	0.015830062329769135	-0.01950196363031864	-0.07656256854534149	0.20601703226566315	-0.02949356846511364	0.03866692632436752	0.012937883846461773	0.12858998775482178	-0.25351160764694214
THA-VAi-lh	0.029536817222833633	0.16243694722652435	0.11582137644290924	-0.06585529446601868	0.44078773260116577	0.18988345563411713	0.6396613121032715	0.5288688540458679	0.6429845094680786	0.4760352373123169	0.042687635868787766	-0.007728921249508858	0.014204194769263268	0.06665138155221939	0.2550860643386841	0.19595998525619507	0.05993171036243439	0.12229467183351517	-0.3943876028060913	-0.20753270387649536	0.07848120480775833	0.11424853652715683	0.2665880620479584	0.04926597326993942	0.33482271432876587	0.0895705372095108	0.49009954929351807	-0.11946820467710495	-0.036600399762392044	0.4232715964317322	-0.08240436017513275	1.0	0.30789485573768616	0.5495895743370056	0.24171698093414307	0.2130226343870163	0.09742125123739243	0.047499384731054306	-0.03864426910877228	0.3394232392311096	-0.04943351075053215	0.025249546393752098	-0.013317840173840523	0.13929522037506104	-0.35274842381477356	-0.18193893134593964	0.3092987537384033	0.42528924345970154	0.21144632995128632	0.23936797678470612
THA-VAs-lh	-0.13190947473049164	0.011618869379162788	0.2597678005695343	-0.2934556007385254	0.12445725500583649	-0.18668091297149658	0.3604942858219147	0.5786241292953491	0.17336221039295197	0.38077622652053833	0.2382504940032959	0.2776010036468506	0.13402141630649567	0.22185276448726654	0.33177417516708374	0.27185285091400146	0.15834511816501617	0.3095492720603943	-0.18630653619766235	0.19275818765163422	-0.006927964277565479	0.23483490943908691	0.11073087155818939	0.35204941034317017	0.20278723537921906	-0.08680514246225357	0.13473975658416748	0.10642637312412262	0.08377604186534882	0.0559612438082695	-0.1905357986688614	0.30789485573768616	1.0	0.39907708764076233	0.36550500988960266	0.5113016366958618	0.27986758947372437	0.24294404685497284	0.5125246047973633	0.4564015567302704	0.1686909943819046	0.33729344606399536	0.5599695444107056	0.03526299074292183	0.06467262655496597	-0.2216830551624298	0.4057866036891937	0.24699673056602478	0.2482558637857437	0.07606875896453857
THA-DAm-lh	0.19498766958713531	0.24897044897079468	0.037087295204401016	-0.20364467799663544	0.4430381953716278	0.09525544941425323	0.471497505903244	0.4618951380252838	0.5464785695075989	0.6553996205329895	0.14897553622722626	-0.04430704563856125	-0.1865392029285431	0.06892966479063034	0.2061370462179184	0.2854519188404083	-0.0351710207760334	-0.00845983438193798	-0.06322723627090454	0.10680370032787323	0.03994308412075043	-0.01183252688497305	0.0754799023270607	0.2578294575214386	0.008704479783773422	-0.04521525651216507	0.40432772040367126	0.10096453875303268	0.06991531699895859	0.27017688751220703	-0.13093939423561096	0.5495895743370056	0.39907708764076233	1.0	0.3433282673358917	0.3684725761413574	0.21646681427955627	-0.052717167884111404	0.1133107990026474	0.3592148423194885	0.02660377509891987	0.05942414328455925	0.23862400650978088	0.2529124617576599	-0.11370065808296204	0.1763225942850113	0.21770115196704865	0.19073355197906494	0.15454015135765076	-0.03712983801960945
THA-DAl-lh	0.13584257662296295	0.1426875740289688	0.32571306824684143	-0.21870608627796173	0.25110334157943726	-0.28838375210762024	0.2453642338514328	0.5637702941894531	0.19891196489334106	0.5543907880783081	0.22868140041828156	0.39603540301322937	0.3252924978733063	0.3059566020965576	-0.04261375963687897	0.083528071641922	0.47945088148117065	0.5650816559791565	-0.105684295296669	0.26804831624031067	-0.08076447248458862	0.2635422348976135	0.4398193657398224	0.013564146123826504	0.2248765528202057	0.01532541960477829	0.2513757050037384	0.22127434611320496	0.01951061189174652	0.24928829073905945	-0.007390853948891163	0.24171698093414307	0.36550500988960266	0.3433282673358917	1.0	0.39060327410697937	0.4263474941253662	0.36086505651474	0.2605913579463959	0.09367968142032623	0.37541264295578003	0.09181167185306549	0.4379149079322815	0.32633525133132935	0.1644292026758194	0.13978774845600128	0.33861425518989563	0.3436146378517151	0.1747381091117859	0.10828366875648499
PUT-VA-lh	0.013041811995208263	0.1871158927679062	0.5949694514274597	-0.13428246974945068	0.2201377898454666	-0.13738355040550232	0.38147273659706116	0.3838871121406555	0.22038067877292633	0.25512927770614624	0.7327333092689514	0.6823253631591797	0.43276119232177734	0.5408607721328735	0.23856917023658752	0.12332633882761002	0.0573461651802063	0.3763028383255005	-0.04491044580936432	0.425570011138916	0.14557991921901703	0.2841888964176178	0.2276860773563385	0.32751208543777466	0.08032788336277008	-0.07404579967260361	0.26861822605133057	0.33673182129859924	0.32471925020217896	0.15890558063983917	-0.05048248544335365	0.2130226343870163	0.5113016366958618	0.3684725761413574	0.39060327410697937	1.0	0.5897455215454102	0.5391420125961304	0.6114299893379211	0.2595955431461334	0.06050070375204086	0.3232870101928711	0.5009588003158569	0.25974544882774353	0.27439627051353455	-0.025786077603697777	0.6029778122901917	0.3136138617992401	0.09094484150409698	0.09585610032081604
PUT-DA-l	0.014767706394195557	-0.03348086029291153	0.44889524579048157	-0.214111328125	0.30231955647468567	-0.10586389899253845	0.3665909469127655	0.30338573455810547	0.0590248666703701	0.17732001841068268	0.6685346364974976	0.6548132300376892	0.5932866334915161	0.5366286635398865	0.08165986090898514	-0.1854391098022461	0.10561501979827881	0.5448280572891235	-0.08753243833780289	0.3836738169193268	0.014282728545367718	0.12050052732229233	0.2065766602754593	0.11482733488082886	0.15333454310894012	0.0720427930355072	0.06807848811149597	0.18106648325920105	0.13306578993797302	0.129152312874794	0.16022033989429474	0.09742125123739243	0.27986758947372437	0.21646681427955627	0.4263474941253662	0.5897455215454102	1.0	0.6348634362220764	0.568182647228241	-0.02895195409655571	0.201941579580307	0.173413947224617	0.4519035816192627	0.27396202087402344	0.22830043733119965	-0.05196749418973923	0.3061496913433075	0.27594679594039917	0.1818835586309433	0.15123498439788818
PUT-VP-lh	0.06845792382955551	0.051568347960710526	0.3398716151714325	-0.08517463505268097	0.11539187282323837	-0.19767066836357117	0.3245914578437805	0.3185814321041107	-0.02273659221827984	-0.07344686985015869	0.588726818561554	0.6462230682373047	0.7048144340515137	0.6821922063827515	0.15020866692066193	-0.3095010817050934	0.2566729187965393	0.4898199141025543	-0.11091335117816925	0.2721838355064392	-0.05764785036444664	0.2756444811820984	0.1968584954738617	0.11907153576612473	0.1300886571407318	0.17711853981018066	0.1899687647819519	0.27501481771469116	0.08737745136022568	0.14876408874988556	0.204222172498703	0.047499384731054306	0.24294404685497284	-0.052717167884111404	0.36086505651474	0.5391420125961304	0.6348634362220764	1.0	0.7075027823448181	-0.14194156229496002	0.0847165659070015	0.3101730942726135	0.3679969906806946	0.31852486729621887	0.3196960389614105	-0.2626279294490814	0.42141467332839966	0.17351555824279785	0.236545130610466	0.1378643810749054
PUT-DP-lh	0.08599115908145905	0.05905500426888466	0.20871062576770782	-0.1772426813840866	0.14024068415164948	-0.06346926093101501	0.2781008780002594	0.30728718638420105	-0.022391242906451225	0.028840871527791023	0.6037101149559021	0.5897306799888611	0.4542658030986786	0.6103729009628296	0.19294621050357819	-0.0057158819399774075	-0.03897859528660774	0.2835334837436676	0.03447270393371582	0.3551095128059387	0.019221311435103416	0.12235052138566971	0.24006794393062592	0.3939110338687897	-0.0026410853024572134	0.10057906061410904	0.20573826134204865	0.16278918087482452	0.1769307404756546	0.13623400032520294	0.13020126521587372	-0.03864426910877228	0.5125246047973633	0.1133107990026474	0.2605913579463959	0.6114299893379211	0.568182647228241	0.7075027823448181	1.0	0.15895111858844757	0.13652697205543518	0.27027949690818787	0.4687976539134979	0.21064969897270203	0.4380686581134796	-0.2193370908498764	0.26363158226013184	0.06331129372119904	0.25093889236450195	0.00032122459379024804
