Node	HIP-head-m-rh	HIP-head-l-rh	HIP-body-rh	HIP-tail-rh	THA-VPm-rh	THA-VPl-rh	THA-VAi-rh	THA-VAs-rh	THA-DAm-rh	THA-DAl-rh	PUT-VA-rh	PUT-DA-rh	PUT-VP-rh	PUT-DP-rh	CAU-VA-rh	CAU-DA-rh	CAU-body-rh	CAU-tail-rh	lAMY-rh	mAMY-rh	THA-DP-rh	NAc-shell-rh	NAc-core-rh	pGP-rh	aGP-rh	HIP-head-m-lh	HIP-head-l-l	HIP-body-l	HIP-tail-lh	THA-VPm-lh	THA-VPl-lh	THA-VAi-lh	THA-VAs-lh	THA-DAm-lh	THA-DAl-lh	PUT-VA-lh	PUT-DA-l	PUT-VP-lh	PUT-DP-lh	CAU-VA-lh	CAU-DA-lh	CAU-body-lh	CAU-tail-lh	lAMY-lh	mAMY-lh	THA-DP-lh	NAc-shell-lh	NAc-core-lh	pGP-lh	aGP-lh
HIP-head-m-rh	1.0	0.3358932137489319	0.46206992864608765	0.4038091003894806	0.06637728214263916	0.10967518389225006	-0.048570241779088974	0.33115875720977783	-0.15521244704723358	-0.0693868026137352	0.2193898856639862	0.16374623775482178	0.06421235203742981	0.18019939959049225	0.41290274262428284	-0.18325503170490265	-0.13051165640354156	-0.15913011133670807	0.006374596152454615	0.027657950296998024	0.019547833129763603	0.17570102214813232	-0.09441087394952774	0.27867403626441956	0.023692596703767776	0.33197399973869324	-0.05039844289422035	0.5800856351852417	0.4092572033405304	-0.06823215633630753	-0.3418372571468353	0.10710329562425613	0.288551390171051	0.5036308169364929	-0.16679301857948303	0.10052534937858582	0.1025012657046318	0.056370899081230164	0.003362131305038929	0.3614329993724823	0.39763855934143066	0.35313835740089417	0.20933645963668823	0.02069501020014286	0.20750270783901215	0.04560945928096771	0.3403356373310089	0.22933605313301086	-0.21476052701473236	0.003285639453679323
HIP-head-l-rh	0.3358932137489319	1.0	0.7390909194946289	0.20602156221866608	-0.23714298009872437	0.1963721364736557	-0.2565036714076996	0.17070631682872772	0.20168615877628326	0.16342303156852722	0.3719235956668854	0.2465742528438568	0.04188895970582962	0.24971793591976166	0.43083512783050537	0.21005089581012726	0.2539766728878021	0.1314815878868103	0.6001976132392883	0.10721781849861145	0.367998868227005	0.3296867311000824	0.2783026099205017	0.3422078788280487	-0.08188106119632721	-0.21092097461223602	-0.3156421482563019	0.6989307999610901	0.17014260590076447	-0.22833524644374847	-0.01403141301125288	0.20834539830684662	-0.19890454411506653	0.5155436396598816	0.3899916410446167	0.3267520070075989	0.03655477240681648	0.4225884974002838	-0.15389417111873627	0.23161523044109344	0.529390275478363	0.511207103729248	0.3121819496154785	0.42024075984954834	-0.033116552978754044	0.07938510924577713	0.013102616183459759	0.3190753161907196	-0.2596725821495056	-0.40709856152534485
HIP-body-rh	0.46206992864608765	0.7390909194946289	1.0	0.4577350616455078	-0.37663230299949646	0.27294859290122986	-0.2692359387874603	0.2615775763988495	0.00505975354462862	0.07012170553207397	0.18805178999900818	-0.01052982360124588	-0.05995660275220871	0.19606506824493408	0.3948618769645691	0.006864428520202637	-0.05622825771570206	-0.14286795258522034	0.41976693272590637	0.2508506774902344	0.09350360184907913	0.24592597782611847	0.07809766381978989	0.4061605930328369	0.03350474685430527	-0.0814518854022026	-0.18957802653312683	0.7026554346084595	0.3127381503582001	-0.29047587513923645	-0.1963610202074051	0.14438913762569427	-0.039459194988012314	0.4293510615825653	0.27367737889289856	0.1259099543094635	-0.11424632370471954	0.3003849685192108	-0.26841479539871216	0.08756879717111588	0.37940359115600586	0.37114769220352173	0.15959598124027252	0.2665121257305145	0.13639619946479797	-0.18032673001289368	0.005357678048312664	0.03521537408232689	-0.1256951540708542	-0.2376079112291336
HIP-tail-rh	0.4038091003894806	0.20602156221866608	0.4577350616455078	1.0	-0.22799848020076752	0.274788498878479	-0.01017267070710659	0.3069538176059723	-0.09588921815156937	0.10604126751422882	0.36469367146492004	0.19570861756801605	-0.1679282784461975	0.23621287941932678	0.3089621067047119	-0.0975051075220108	-0.16601744294166565	-0.27526718378067017	0.11637509614229202	0.17041228711605072	-0.11732084304094315	0.2638693153858185	-0.11143635958433151	0.3871645927429199	0.08259063214063644	0.12332455068826675	-0.23291510343551636	0.23828348517417908	0.6419245600700378	-0.016164852306246758	-0.24114924669265747	0.22456656396389008	0.4852953553199768	0.15162038803100586	0.2574711740016937	0.21714799106121063	0.10252053290605545	0.2639596462249756	-0.014306162483990192	0.0012934908736497164	0.06955704838037491	-0.04629790037870407	-0.02596132829785347	0.017366908490657806	0.17898237705230713	-0.10298662632703781	0.18571072816848755	0.10103543847799301	0.11714919656515121	0.1983869969844818
THA-VPm-rh	0.06637728214263916	-0.23714298009872437	-0.37663230299949646	-0.22799848020076752	1.0	-0.20898562669754028	0.6225312948226929	0.3422623872756958	0.2549864947795868	0.26702529191970825	0.1946338415145874	0.32354435324668884	0.4114973247051239	0.19753922522068024	0.09216352552175522	0.13503548502922058	0.1597689390182495	0.26012754440307617	-0.23396238684654236	0.019248483702540398	-0.1618407815694809	-0.17329518496990204	-0.013773154467344284	-0.2327394038438797	0.27037662267684937	0.3969619870185852	0.1689482033252716	-0.13985112309455872	-0.2189524620771408	0.44776496291160583	0.1616002321243286	0.331378310918808	0.2611391842365265	0.1763119399547577	-0.03953740745782852	0.25378483533859253	0.40507766604423523	0.13033458590507507	0.565392792224884	0.18179771304130554	0.14474669098854065	-0.01809445396065712	0.19239270687103271	-0.4858682453632355	-0.12104335427284241	0.1341809779405594	0.4445730745792389	0.20920373499393463	0.1660357117652893	0.4249848425388336
THA-VPl-rh	0.10967518389225006	0.1963721364736557	0.27294859290122986	0.274788498878479	-0.20898562669754028	1.0	0.005946329794824123	-0.029993407428264618	0.1599595993757248	0.3051527142524719	0.1680382937192917	0.06175081059336662	0.08088338375091553	0.11120479553937912	0.003737823339179158	-0.04608816280961037	0.06978214532136917	0.14004699885845184	0.04773121327161789	0.36678576469421387	0.31347981095314026	-0.002570278709754348	-0.13724657893180847	0.11920514702796936	-0.006461717188358307	-0.09650424867868423	-0.06243304908275604	0.3460559844970703	0.4431282579898834	0.014632580801844597	-0.0018772842595353723	0.16622725129127502	0.15877880156040192	0.1793491095304489	0.11226216703653336	0.036193858832120895	0.03748704120516777	0.2684004604816437	-0.08581072092056274	0.06146881356835365	-0.01960984244942665	0.07222354412078857	-0.19047757983207703	0.22162817418575287	0.022408196702599525	0.13017985224723816	-0.17048215866088867	-0.018295006826519966	-0.17711904644966125	-0.04549471661448479
THA-VAi-rh	-0.048570241779088974	-0.2565036714076996	-0.2692359387874603	-0.01017267070710659	0.6225312948226929	0.005946329794824123	1.0	0.27548345923423767	0.5200843214988708	0.3501960337162018	0.3281860053539276	0.43142446875572205	0.6410648822784424	0.4074942171573639	0.04278700798749924	0.3063039183616638	0.16725996136665344	0.3034955859184265	-0.1566881239414215	0.13339771330356598	-0.19156640768051147	-0.10349953919649124	-0.006535722874104977	-0.04341411963105202	0.2686397135257721	0.39082011580467224	0.05725584551692009	-0.14020024240016937	0.08257434517145157	0.6143242120742798	0.28921860456466675	0.5645050406455994	0.43022358417510986	0.3882051408290863	0.1880847066640854	0.21364085376262665	0.49013420939445496	0.33666789531707764	0.5037949681282043	0.12723328173160553	0.15564239025115967	-0.17647869884967804	-0.026554420590400696	-0.390258252620697	-0.004163140896707773	-0.11197183281183243	0.20098768174648285	0.1732640117406845	0.27600234746932983	0.5583063364028931
THA-VAs-rh	0.33115875720977783	0.17070631682872772	0.2615775763988495	0.3069538176059723	0.3422623872756958	-0.029993407428264618	0.27548345923423767	1.0	0.16793842613697052	0.3712403476238251	0.21058577299118042	0.2608368396759033	0.22987228631973267	0.27697116136550903	0.09579502791166306	-0.037649527192115784	0.08341781795024872	0.0255129374563694	-0.16409194469451904	0.2614629566669464	-0.18443220853805542	0.025583626702427864	-0.020234238356351852	0.09734177589416504	0.04692574590444565	0.3243216574192047	0.055792275816202164	0.20932722091674805	0.11575338244438171	0.11514486372470856	0.10422596335411072	0.4438857436180115	0.49442169070243835	0.21233907341957092	0.18070712685585022	0.04493730142712593	0.18113455176353455	0.043509792536497116	0.2650512456893921	0.1496829390525818	0.31553876399993896	0.2884845733642578	0.20754870772361755	-0.23729930818080902	0.32791903614997864	0.2326888144016266	0.3266001343727112	0.15365898609161377	0.24913457036018372	0.2392318993806839
THA-DAm-rh	-0.15521244704723358	0.20168615877628326	0.00505975354462862	-0.09588921815156937	0.2549864947795868	0.1599595993757248	0.5200843214988708	0.16793842613697052	1.0	0.3338012397289276	0.4675961434841156	0.2777178883552551	0.5499548316001892	0.27990877628326416	0.1630808711051941	0.6007094383239746	0.44435247778892517	0.5326901078224182	0.07461825758218765	0.17624787986278534	-0.10834823548793793	-0.07406798750162125	0.299247682094574	0.22584672272205353	0.16061636805534363	-0.06044333800673485	0.026181168854236603	0.07503455132246017	0.14415456354618073	0.2768752872943878	0.22554022073745728	0.41914254426956177	0.27733975648880005	0.39114752411842346	0.4134272634983063	0.3778786361217499	0.3227478563785553	0.36590123176574707	0.22280211746692657	0.23182407021522522	0.26937970519065857	0.07772554457187653	0.03152615204453468	-0.15951654314994812	-0.17605523765087128	-0.1617920696735382	-0.1655564159154892	0.318894624710083	0.14151190221309662	0.3025553226470947
THA-DAl-rh	-0.0693868026137352	0.16342303156852722	0.07012170553207397	0.10604126751422882	0.26702529191970825	0.3051527142524719	0.3501960337162018	0.3712403476238251	0.3338012397289276	1.0	0.1780918389558792	0.3514683246612549	0.19691094756126404	0.15856140851974487	-0.2908368706703186	-0.03708583489060402	-0.15920525789260864	0.05458459258079529	-0.13413411378860474	0.7101322412490845	0.328124463558197	-0.26071712374687195	-0.14322598278522491	0.007616588845849037	-0.19019609689712524	-0.020843729376792908	0.09005381166934967	0.18335652351379395	0.06817054003477097	0.166344553232193	0.28197020292282104	0.19194266200065613	0.02343941666185856	0.15428785979747772	0.06196127459406853	0.0016019339673221111	0.03278857469558716	0.2207484096288681	-0.08744338899850845	-0.27336767315864563	-0.23361684381961823	-0.06924878060817719	-0.3495880663394928	0.08666887879371643	0.3277071714401245	0.16289526224136353	-0.1465557962656021	-0.12787915766239166	0.17417681217193604	0.01465761847794056
PUT-VA-rh	0.2193898856639862	0.3719235956668854	0.18805178999900818	0.36469367146492004	0.1946338415145874	0.1680382937192917	0.3281860053539276	0.21058577299118042	0.4675961434841156	0.1780918389558792	1.0	0.7391108870506287	0.4695224463939667	0.6286771297454834	0.6020116806030273	0.5703375935554504	0.5227794051170349	0.3393942713737488	0.18798156082630157	0.07880866527557373	-0.05279053375124931	0.21979549527168274	0.546204686164856	0.5365183353424072	0.23994797468185425	0.1473318487405777	-0.12852013111114502	0.16382166743278503	0.41683924198150635	0.24814100563526154	0.3331436812877655	0.5432316064834595	0.3973994851112366	0.52536541223526	0.38682857155799866	0.8135679960250854	0.7120503783226013	0.704749584197998	0.5314350128173828	0.32006698846817017	0.4393106698989868	0.11340569704771042	0.23412352800369263	-0.12648659944534302	-0.04762699827551842	-0.0786786898970604	0.1929081380367279	0.4681491255760193	0.13234269618988037	0.04027262330055237
PUT-DA-rh	0.16374623775482178	0.2465742528438568	-0.01052982360124588	0.19570861756801605	0.32354435324668884	0.06175081059336662	0.43142446875572205	0.2608368396759033	0.2777178883552551	0.3514683246612549	0.7391108870506287	1.0	0.5612419843673706	0.7836731672286987	0.35469353199005127	0.4550741910934448	0.2748957574367523	0.35520949959754944	0.16490380465984344	0.22823606431484222	0.15522070229053497	0.03869321197271347	0.2669113278388977	0.42192500829696655	0.0638570487499237	0.3048865795135498	-0.09051965177059174	0.022283298894762993	0.20315200090408325	0.17924447357654572	0.4162081182003021	0.44351139664649963	0.22544509172439575	0.3828180432319641	0.21703653037548065	0.6631109714508057	0.7829444408416748	0.6613369584083557	0.6690173149108887	0.010605260729789734	0.3912968933582306	0.1631120890378952	0.3717038035392761	-0.0035390062257647514	0.0124340346083045	0.081951804459095	0.17912143468856812	0.3252265751361847	0.24912263453006744	0.10625497996807098
PUT-VP-rh	0.06421235203742981	0.04188895970582962	-0.05995660275220871	-0.1679282784461975	0.4114973247051239	0.08088338375091553	0.6410648822784424	0.22987228631973267	0.5499548316001892	0.19691094756126404	0.4695224463939667	0.5612419843673706	1.0	0.6750974655151367	0.18693500757217407	0.5251558423042297	0.3065325915813446	0.5001404285430908	-0.07810785621404648	0.18038319051265717	-0.10536206513643265	-0.14610865712165833	0.17336995899677277	0.22345390915870667	0.15761974453926086	0.24716685712337494	0.037928540259599686	-0.1160358339548111	0.035753410309553146	0.336833119392395	0.5011983513832092	0.5284554958343506	0.3249671757221222	0.4235236346721649	0.11118586361408234	0.4603017568588257	0.7343346476554871	0.518057107925415	0.6463155746459961	0.17476268112659454	0.43260693550109863	0.1710931807756424	0.3047567307949066	-0.30032846331596375	0.1067270040512085	-0.14125332236289978	0.003340176772326231	0.14244616031646729	0.1001744195818901	0.25076374411582947
PUT-DP-rh	0.18019939959049225	0.24971793591976166	0.19606506824493408	0.23621287941932678	0.19753922522068024	0.11120479553937912	0.4074942171573639	0.27697116136550903	0.27990877628326416	0.15856140851974487	0.6286771297454834	0.7836731672286987	0.6750974655151367	1.0	0.40724050998687744	0.3117424249649048	0.22028705477714539	0.3472694456577301	0.18179640173912048	0.1814962774515152	-0.1223982647061348	-0.185807004570961	0.10566864907741547	0.45472946763038635	0.35133299231529236	0.18301916122436523	-0.134426087141037	0.10195161402225494	0.15567174553871155	-0.0035684348549693823	0.3797641694545746	0.3916760981082916	0.24734389781951904	0.30541911721229553	0.19254571199417114	0.606073796749115	0.7536072731018066	0.6311524510383606	0.7014279961585999	-0.09090141952037811	0.43722838163375854	0.10988803207874298	0.48494645953178406	-0.12470728158950806	-0.11541932076215744	-0.18275666236877441	-0.0271430816501379	0.04011489078402519	0.1832551658153534	0.1814555525779724
CAU-VA-rh	0.41290274262428284	0.43083512783050537	0.3948618769645691	0.3089621067047119	0.09216352552175522	0.003737823339179158	0.04278700798749924	0.09579502791166306	0.1630808711051941	-0.2908368706703186	0.6020116806030273	0.35469353199005127	0.18693500757217407	0.40724050998687744	1.0	0.5268992185592651	0.4663677215576172	0.26598644256591797	0.4503309428691864	-0.21847496926784515	-0.23707562685012817	0.37675362825393677	0.544063925743103	0.34145408868789673	0.43991386890411377	0.1982833296060562	-0.1035529300570488	0.2699734568595886	0.17313532531261444	0.13484591245651245	0.0010752204107120633	0.36133939027786255	0.2385404109954834	0.44116583466529846	0.2543734610080719	0.56871098279953	0.397483229637146	0.376575767993927	0.3413757383823395	0.4868164360523224	0.6509999632835388	0.34004470705986023	0.47289562225341797	0.10536111891269684	-0.3120248317718506	-0.22510746121406555	0.45396044850349426	0.5443392992019653	0.09087448567152023	0.10303042829036713
CAU-DA-rh	-0.18325503170490265	0.21005089581012726	0.006864428520202637	-0.0975051075220108	0.13503548502922058	-0.04608816280961037	0.3063039183616638	-0.037649527192115784	0.6007094383239746	-0.03708583489060402	0.5703375935554504	0.4550741910934448	0.5251558423042297	0.3117424249649048	0.5268992185592651	1.0	0.5748271346092224	0.5073080658912659	0.246465265750885	-0.021546021103858948	-0.0470341257750988	0.2870787978172302	0.5854542255401611	0.36973652243614197	0.09300622344017029	0.0748443752527237	0.05226638540625572	-0.17181630432605743	0.04095541685819626	0.28054335713386536	0.3925010561943054	0.41803058981895447	0.16098259389400482	0.39006438851356506	0.4321776032447815	0.6014411449432373	0.5615768432617188	0.52801114320755	0.441500186920166	0.3175217807292938	0.5230250358581543	0.27869004011154175	0.26734381914138794	-0.038985054939985275	-0.13230204582214355	-0.19254882633686066	0.1717100739479065	0.5300644636154175	0.20915447175502777	0.1020641028881073
CAU-body-rh	-0.13051165640354156	0.2539766728878021	-0.05622825771570206	-0.16601744294166565	0.1597689390182495	0.06978214532136917	0.16725996136665344	0.08341781795024872	0.44435247778892517	-0.15920525789260864	0.5227794051170349	0.2748957574367523	0.3065325915813446	0.22028705477714539	0.4663677215576172	0.5748271346092224	1.0	0.7066969871520996	0.27729833126068115	-0.35833293199539185	-0.007478930056095123	0.2696733772754669	0.5771306753158569	-0.018109992146492004	0.3432120084762573	-0.011449815705418587	-0.10979077219963074	0.0673811286687851	-0.003141453955322504	0.34165534377098083	0.2493889480829239	0.5242376327514648	0.21475942432880402	0.38420945405960083	0.4444030821323395	0.4790975749492645	0.4159270226955414	0.24832148849964142	0.41911551356315613	0.5340333580970764	0.512509286403656	0.3919077217578888	0.40521612763404846	0.09132328629493713	-0.3104593753814697	0.2808023989200592	0.2786512076854706	0.5607917308807373	-0.12604007124900818	0.0596635639667511
CAU-tail-rh	-0.15913011133670807	0.1314815878868103	-0.14286795258522034	-0.27526718378067017	0.26012754440307617	0.14004699885845184	0.3034955859184265	0.0255129374563694	0.5326901078224182	0.05458459258079529	0.3393942713737488	0.35520949959754944	0.5001404285430908	0.3472694456577301	0.26598644256591797	0.5073080658912659	0.7066969871520996	1.0	0.22685906291007996	-0.07450521737337112	0.0048764548264443874	-0.1330529749393463	0.27694201469421387	-0.049528010189533234	0.36815062165260315	-0.02787095494568348	0.03030761331319809	0.019680440425872803	-0.07922039926052094	0.33636921644210815	0.3033079206943512	0.4655405282974243	0.13130436837673187	0.30995211005210876	0.3456222712993622	0.43190982937812805	0.5119670629501343	0.19792237877845764	0.5199775695800781	0.2299971580505371	0.3583304286003113	0.3745846152305603	0.3290655314922333	0.15140394866466522	-0.19900625944137573	0.3566659390926361	0.1326616108417511	0.4360896646976471	0.012997657060623169	0.2309817373752594
lAMY-rh	0.006374596152454615	0.6001976132392883	0.41976693272590637	0.11637509614229202	-0.23396238684654236	0.04773121327161789	-0.1566881239414215	-0.16409194469451904	0.07461825758218765	-0.13413411378860474	0.18798156082630157	0.16490380465984344	-0.07810785621404648	0.18179640173912048	0.4503309428691864	0.246465265750885	0.27729833126068115	0.22685906291007996	1.0	-0.2731578052043915	0.09498755633831024	0.4160616099834442	0.2683931887149811	0.18964071571826935	0.15347710251808167	-0.07363275438547134	-0.43114593625068665	0.326769083738327	-0.054770901799201965	0.012110119685530663	-0.0896986871957779	0.17245401442050934	-0.1951439529657364	0.32663974165916443	0.4115270674228668	0.1454753577709198	0.07343737781047821	0.2011987566947937	-0.045943018049001694	0.1760113388299942	0.3651960492134094	0.23117463290691376	0.25848400592803955	0.44223693013191223	-0.35456252098083496	0.003334272652864456	0.12118304520845413	0.3467966914176941	-0.09082798659801483	-0.17886370420455933
mAMY-rh	0.027657950296998024	0.10721781849861145	0.2508506774902344	0.17041228711605072	0.019248483702540398	0.36678576469421387	0.13339771330356598	0.2614629566669464	0.17624787986278534	0.7101322412490845	0.07880866527557373	0.22823606431484222	0.18038319051265717	0.1814962774515152	-0.21847496926784515	-0.021546021103858948	-0.35833293199539185	-0.07450521737337112	-0.2731578052043915	1.0	0.09736421704292297	-0.3589617908000946	-0.3086546063423157	0.19087757170200348	-0.2164696753025055	-0.01571035012602806	0.32236266136169434	0.20361462235450745	0.16688387095928192	-0.13708573579788208	0.1344408243894577	-0.003797428449615836	-0.03284396231174469	0.0041785878129303455	-0.08446978032588959	0.04392171651124954	0.03277133032679558	0.24844136834144592	-0.08567839115858078	-0.4163757562637329	-0.2369324266910553	-0.06363534182310104	-0.27673885226249695	0.07804489880800247	0.3936001658439636	-0.14106935262680054	-0.30188819766044617	-0.33403363823890686	0.28012701869010925	0.0895363837480545
THA-DP-rh	0.019547833129763603	0.367998868227005	0.09350360184907913	-0.11732084304094315	-0.1618407815694809	0.31347981095314026	-0.19156640768051147	-0.18443220853805542	-0.10834823548793793	0.328124463558197	-0.05279053375124931	0.15522070229053497	-0.10536206513643265	-0.1223982647061348	-0.23707562685012817	-0.0470341257750988	-0.007478930056095123	0.0048764548264443874	0.09498755633831024	0.09736421704292297	1.0	0.1972884088754654	0.01731916144490242	-0.04305747523903847	-0.5111096501350403	-0.1845191866159439	-0.15913839638233185	0.33475860953330994	0.1393856257200241	-0.13531643152236938	0.18401099741458893	-0.10730011016130447	-0.36025744676589966	0.20100796222686768	-0.05476507544517517	-0.07293317466974258	-0.18673977255821228	0.1884620487689972	-0.250994473695755	0.02571856416761875	0.06792974472045898	0.3177575469017029	-0.12498246133327484	0.40979763865470886	0.14869792759418488	0.44041723012924194	-0.06265460699796677	0.10535143315792084	-0.42332181334495544	-0.569949746131897
NAc-shell-rh	0.17570102214813232	0.3296867311000824	0.24592597782611847	0.2638693153858185	-0.17329518496990204	-0.002570278709754348	-0.10349953919649124	0.025583626702427864	-0.07406798750162125	-0.26071712374687195	0.21979549527168274	0.03869321197271347	-0.14610865712165833	-0.185807004570961	0.37675362825393677	0.2870787978172302	0.2696733772754669	-0.1330529749393463	0.4160616099834442	-0.3589617908000946	0.1972884088754654	1.0	0.4424782395362854	0.25812816619873047	-0.11426249146461487	0.3186663091182709	-0.44514790177345276	0.10281539708375931	0.25493064522743225	0.3017977476119995	-0.16409452259540558	0.40531080961227417	0.20343917608261108	0.34906503558158875	0.3314126431941986	0.06889913231134415	0.008445946499705315	0.09572560340166092	-0.07950951159000397	0.6957259178161621	0.47537901997566223	0.3250483572483063	0.11048483848571777	0.0921364426612854	-0.013881687074899673	0.19475075602531433	0.581761360168457	0.6418968439102173	-0.06341778486967087	-0.17607924342155457
NAc-core-rh	-0.09441087394952774	0.2783026099205017	0.07809766381978989	-0.11143635958433151	-0.013773154467344284	-0.13724657893180847	-0.006535722874104977	-0.020234238356351852	0.299247682094574	-0.14322598278522491	0.546204686164856	0.2669113278388977	0.17336995899677277	0.10566864907741547	0.544063925743103	0.5854542255401611	0.5771306753158569	0.27694201469421387	0.2683931887149811	-0.3086546063423157	0.01731916144490242	0.4424782395362854	1.0	0.2545919716358185	0.15565736591815948	0.10437184572219849	-0.21032455563545227	-0.07238756120204926	-0.03389318287372589	0.2598517835140228	0.303383469581604	0.382693350315094	0.04748076945543289	0.26075977087020874	0.2675475776195526	0.4487324655056	0.24687334895133972	0.2975011467933655	0.15733355283737183	0.4815681278705597	0.41047629714012146	0.22045926749706268	0.18548484146595	0.03730735555291176	-0.13408106565475464	-0.032876674085855484	0.28392958641052246	0.5476520657539368	0.16038620471954346	-0.23889994621276855
pGP-rh	0.27867403626441956	0.3422078788280487	0.4061605930328369	0.3871645927429199	-0.2327394038438797	0.11920514702796936	-0.04341411963105202	0.09734177589416504	0.22584672272205353	0.007616588845849037	0.5365183353424072	0.42192500829696655	0.22345390915870667	0.45472946763038635	0.34145408868789673	0.36973652243614197	-0.018109992146492004	-0.049528010189533234	0.18964071571826935	0.19087757170200348	-0.04305747523903847	0.25812816619873047	0.2545919716358185	1.0	0.06635978817939758	0.16408362984657288	-0.32440823316574097	0.15438121557235718	0.38158971071243286	-0.22101424634456635	-0.03705858439207077	0.10418371111154556	0.1604766696691513	0.3011172115802765	0.3260065019130707	0.46893009543418884	0.41093650460243225	0.4064653217792511	0.2233325093984604	0.09917601197957993	0.3016376197338104	0.16494522988796234	0.11132883280515671	-0.11485819518566132	0.11539863049983978	-0.2082047313451767	0.04812769964337349	0.2689935266971588	0.16591879725456238	-0.19415020942687988
aGP-rh	0.023692596703767776	-0.08188106119632721	0.03350474685430527	0.08259063214063644	0.27037662267684937	-0.006461717188358307	0.2686397135257721	0.04692574590444565	0.16061636805534363	-0.19019609689712524	0.23994797468185425	0.0638570487499237	0.15761974453926086	0.35133299231529236	0.43991386890411377	0.09300622344017029	0.3432120084762573	0.36815062165260315	0.15347710251808167	-0.2164696753025055	-0.5111096501350403	-0.11426249146461487	0.15565736591815948	0.06635978817939758	1.0	0.09792172908782959	-0.19537203013896942	0.033107295632362366	0.02844994142651558	0.26374444365501404	-0.15912404656410217	0.2656029760837555	0.309928297996521	0.07636947184801102	0.31103676557540894	0.3071514070034027	0.2750653326511383	0.09873693436384201	0.4069717228412628	0.11770819872617722	0.14803612232208252	-0.07531487196683884	0.2552741765975952	-0.12758809328079224	-0.4587174952030182	-0.09693971276283264	0.24032747745513916	0.1552378088235855	0.219450905919075	0.47285813093185425
HIP-head-m-lh	0.33197399973869324	-0.21092097461223602	-0.0814518854022026	0.12332455068826675	0.3969619870185852	-0.09650424867868423	0.39082011580467224	0.3243216574192047	-0.06044333800673485	-0.020843729376792908	0.1473318487405777	0.3048865795135498	0.24716685712337494	0.18301916122436523	0.1982833296060562	0.0748443752527237	-0.011449815705418587	-0.02787095494568348	-0.07363275438547134	-0.01571035012602806	-0.1845191866159439	0.3186663091182709	0.10437184572219849	0.16408362984657288	0.09792172908782959	1.0	-0.018765561282634735	-0.1424243450164795	-0.06562209874391556	0.4725237488746643	0.0033733753953129053	0.485609233379364	0.33875760436058044	0.23905311524868011	-0.07239703834056854	-0.03368981555104256	0.36109334230422974	-0.014135614968836308	0.372173011302948	0.31832313537597656	0.30600684881210327	-0.0018073112005367875	0.048701029270887375	-0.3625692129135132	0.03717144951224327	0.08903687447309494	0.6387420296669006	0.3571758568286896	0.3604569733142853	0.3365742862224579
HIP-head-l-l	-0.05039844289422035	-0.3156421482563019	-0.18957802653312683	-0.23291510343551636	0.1689482033252716	-0.06243304908275604	0.05725584551692009	0.055792275816202164	0.026181168854236603	0.09005381166934967	-0.12852013111114502	-0.09051965177059174	0.037928540259599686	-0.134426087141037	-0.1035529300570488	0.05226638540625572	-0.10979077219963074	0.03030761331319809	-0.43114593625068665	0.32236266136169434	-0.15913839638233185	-0.44514790177345276	-0.21032455563545227	-0.32440823316574097	-0.19537203013896942	-0.018765561282634735	1.0	-0.04618353769183159	-0.1813500076532364	-0.032215096056461334	0.3742470443248749	-0.1783932000398636	-0.17476680874824524	-0.17118026316165924	-0.4392000734806061	-0.12364520132541656	-0.0315336175262928	-0.17662255465984344	0.011752917431294918	-0.16624002158641815	-0.09572312980890274	-0.20347774028778076	-0.2005959004163742	-0.11804547905921936	0.06140671670436859	-0.14517255127429962	-0.18642616271972656	-0.24747391045093536	0.05080484226346016	0.11810176074504852
HIP-body-l	0.5800856351852417	0.6989307999610901	0.7026554346084595	0.23828348517417908	-0.13985112309455872	0.3460559844970703	-0.14020024240016937	0.20932722091674805	0.07503455132246017	0.18335652351379395	0.16382166743278503	0.022283298894762993	-0.1160358339548111	0.10195161402225494	0.2699734568595886	-0.17181630432605743	0.0673811286687851	0.019680440425872803	0.326769083738327	0.20361462235450745	0.33475860953330994	0.10281539708375931	-0.07238756120204926	0.15438121557235718	0.033107295632362366	-0.1424243450164795	-0.04618353769183159	1.0	0.3517378270626068	-0.2010430097579956	-0.18422181904315948	0.03745562583208084	-0.13161727786064148	0.5873850584030151	0.1087607815861702	0.04041963070631027	-0.15679828822612762	0.16439282894134521	-0.2710518538951874	0.24464723467826843	0.35732126235961914	0.3415175974369049	0.03953394293785095	0.3786686658859253	0.03220386803150177	0.12264756113290787	0.004897238686680794	0.14165019989013672	-0.4229832589626312	-0.2523215115070343
HIP-tail-lh	0.4092572033405304	0.17014260590076447	0.3127381503582001	0.6419245600700378	-0.2189524620771408	0.4431282579898834	0.08257434517145157	0.11575338244438171	0.14415456354618073	0.06817054003477097	0.41683924198150635	0.20315200090408325	0.035753410309553146	0.15567174553871155	0.17313532531261444	0.04095541685819626	-0.003141453955322504	-0.07922039926052094	-0.054770901799201965	0.16688387095928192	0.1393856257200241	0.25493064522743225	-0.03389318287372589	0.38158971071243286	0.02844994142651558	-0.06562209874391556	-0.1813500076532364	0.3517378270626068	1.0	0.04336647689342499	-0.2465151697397232	0.15070344507694244	0.5293437838554382	0.2753710150718689	0.133955180644989	0.25754523277282715	0.09489872306585312	0.3708759546279907	0.008903173729777336	0.1744663566350937	0.09777148067951202	0.04083549231290817	-0.10077729821205139	0.05189257487654686	0.17940890789031982	-0.05462910234928131	-0.039328433573246	0.1331319808959961	-0.006082614883780479	0.15414714813232422
THA-VPm-lh	-0.06823215633630753	-0.22833524644374847	-0.29047587513923645	-0.016164852306246758	0.44776496291160583	0.014632580801844597	0.6143242120742798	0.11514486372470856	0.2768752872943878	0.166344553232193	0.24814100563526154	0.17924447357654572	0.336833119392395	-0.0035684348549693823	0.13484591245651245	0.28054335713386536	0.34165534377098083	0.33636921644210815	0.012110119685530663	-0.13708573579788208	-0.13531643152236938	0.3017977476119995	0.2598517835140228	-0.22101424634456635	0.26374444365501404	0.4725237488746643	-0.032215096056461334	-0.2010430097579956	0.04336647689342499	1.0	0.1991252452135086	0.641058087348938	0.4514618515968323	0.32034608721733093	0.13369476795196533	-0.00887240469455719	0.31290170550346375	0.031110860407352448	0.2675114572048187	0.4279951751232147	0.16648942232131958	-0.08019934594631195	-0.17391230165958405	-0.19854077696800232	-0.05011069029569626	0.19072794914245605	0.4654614329338074	0.45212215185165405	0.26369431614875793	0.4690541923046112
THA-VPl-lh	-0.3418372571468353	-0.01403141301125288	-0.1963610202074051	-0.24114924669265747	0.1616002321243286	-0.0018772842595353723	0.28921860456466675	0.10422596335411072	0.22554022073745728	0.28197020292282104	0.3331436812877655	0.4162081182003021	0.5011983513832092	0.3797641694545746	0.0010752204107120633	0.3925010561943054	0.2493889480829239	0.3033079206943512	-0.0896986871957779	0.1344408243894577	0.18401099741458893	-0.16409452259540558	0.303383469581604	-0.03705858439207077	-0.15912404656410217	0.0033733753953129053	0.3742470443248749	-0.18422181904315948	-0.2465151697397232	0.1991252452135086	1.0	0.2750111520290375	-0.09583187103271484	0.08951444923877716	-0.039248060435056686	0.24427136778831482	0.43820756673812866	0.3433663249015808	0.37369513511657715	-0.04236055165529251	0.18325434625148773	-0.0854601114988327	-0.08296465873718262	-0.09876219183206558	0.15430377423763275	0.012517659924924374	-0.11944659054279327	0.0034378559794276953	0.07416467368602753	-0.21830202639102936
THA-VAi-lh	0.10710329562425613	0.20834539830684662	0.14438913762569427	0.22456656396389008	0.331378310918808	0.16622725129127502	0.5645050406455994	0.4438857436180115	0.41914254426956177	0.19194266200065613	0.5432316064834595	0.44351139664649963	0.5284554958343506	0.3916760981082916	0.36133939027786255	0.41803058981895447	0.5242376327514648	0.4655405282974243	0.17245401442050934	-0.003797428449615836	-0.10730011016130447	0.40531080961227417	0.382693350315094	0.10418371111154556	0.2656029760837555	0.485609233379364	-0.1783932000398636	0.03745562583208084	0.15070344507694244	0.641058087348938	0.2750111520290375	1.0	0.522569477558136	0.5052312016487122	0.4423825740814209	0.3912924528121948	0.5509992241859436	0.38135865330696106	0.4663084149360657	0.5322290658950806	0.573931872844696	0.25098562240600586	0.2609091103076935	-0.18946127593517303	0.018316810950636864	0.260590136051178	0.5260446667671204	0.5395761728286743	0.19710125029087067	0.3308182656764984
THA-VAs-lh	0.288551390171051	-0.19890454411506653	-0.039459194988012314	0.4852953553199768	0.2611391842365265	0.15877880156040192	0.43022358417510986	0.49442169070243835	0.27733975648880005	0.02343941666185856	0.3973994851112366	0.22544509172439575	0.3249671757221222	0.24734389781951904	0.2385404109954834	0.16098259389400482	0.21475942432880402	0.13130436837673187	-0.1951439529657364	-0.03284396231174469	-0.36025744676589966	0.20343917608261108	0.04748076945543289	0.1604766696691513	0.309928297996521	0.33875760436058044	-0.17476680874824524	-0.13161727786064148	0.5293437838554382	0.4514618515968323	-0.09583187103271484	0.522569477558136	1.0	0.1701672226190567	0.211925208568573	0.21076099574565887	0.35247349739074707	0.15669295191764832	0.40311476588249207	0.3077351152896881	0.17150065302848816	0.08301552385091782	0.08622819930315018	-0.3608013391494751	0.09389565885066986	0.044873155653476715	0.3091144561767578	0.26813963055610657	0.3154391646385193	0.582703709602356
THA-DAm-lh	0.5036308169364929	0.5155436396598816	0.4293510615825653	0.15162038803100586	0.1763119399547577	0.1793491095304489	0.3882051408290863	0.21233907341957092	0.39114752411842346	0.15428785979747772	0.52536541223526	0.3828180432319641	0.4235236346721649	0.30541911721229553	0.44116583466529846	0.39006438851356506	0.38420945405960083	0.30995211005210876	0.32663974165916443	0.0041785878129303455	0.20100796222686768	0.34906503558158875	0.26075977087020874	0.3011172115802765	0.07636947184801102	0.23905311524868011	-0.17118026316165924	0.5873850584030151	0.2753710150718689	0.32034608721733093	0.08951444923877716	0.5052312016487122	0.1701672226190567	1.0	0.4013117253780365	0.35980942845344543	0.4009169936180115	0.45887988805770874	0.16277597844600677	0.5333088040351868	0.6038497686386108	0.41534268856048584	0.15786856412887573	0.1073177233338356	0.15827372670173645	0.07142192125320435	0.3339185118675232	0.5353472828865051	-0.28093230724334717	-0.055001452565193176
THA-DAl-lh	-0.16679301857948303	0.3899916410446167	0.27367737889289856	0.2574711740016937	-0.03953740745782852	0.11226216703653336	0.1880847066640854	0.18070712685585022	0.4134272634983063	0.06196127459406853	0.38682857155799866	0.21703653037548065	0.11118586361408234	0.19254571199417114	0.2543734610080719	0.4321776032447815	0.4444030821323395	0.3456222712993622	0.4115270674228668	-0.08446978032588959	-0.05476507544517517	0.3314126431941986	0.2675475776195526	0.3260065019130707	0.31103676557540894	-0.07239703834056854	-0.4392000734806061	0.1087607815861702	0.133955180644989	0.13369476795196533	-0.039248060435056686	0.4423825740814209	0.211925208568573	0.4013117253780365	1.0	0.4300500452518463	0.3137217164039612	0.4256499409675598	0.1952274888753891	0.16708093881607056	0.29481831192970276	0.2430901825428009	0.20833241939544678	0.008522762916982174	-0.06606603413820267	0.123496413230896	0.2269342690706253	0.4945051968097687	0.0113250482827425	0.04580160230398178
PUT-VA-lh	0.10052534937858582	0.3267520070075989	0.1259099543094635	0.21714799106121063	0.25378483533859253	0.036193858832120895	0.21364085376262665	0.04493730142712593	0.3778786361217499	0.0016019339673221111	0.8135679960250854	0.6631109714508057	0.4603017568588257	0.606073796749115	0.56871098279953	0.6014411449432373	0.4790975749492645	0.43190982937812805	0.1454753577709198	0.04392171651124954	-0.07293317466974258	0.06889913231134415	0.4487324655056	0.46893009543418884	0.3071514070034027	-0.03368981555104256	-0.12364520132541656	0.04041963070631027	0.25754523277282715	-0.00887240469455719	0.24427136778831482	0.3912924528121948	0.21076099574565887	0.35980942845344543	0.4300500452518463	1.0	0.7352101802825928	0.745100736618042	0.6324828863143921	0.1807577908039093	0.42820948362350464	0.21526697278022766	0.5046099424362183	-0.09466714411973953	-0.07160567492246628	-0.09107993543148041	0.1872398406267166	0.3870767652988434	0.0671190470457077	0.042923059314489365
PUT-DA-l	0.1025012657046318	0.03655477240681648	-0.11424632370471954	0.10252053290605545	0.40507766604423523	0.03748704120516777	0.49013420939445496	0.18113455176353455	0.3227478563785553	0.03278857469558716	0.7120503783226013	0.7829444408416748	0.7343346476554871	0.7536072731018066	0.397483229637146	0.5615768432617188	0.4159270226955414	0.5119670629501343	0.07343737781047821	0.03277133032679558	-0.18673977255821228	0.008445946499705315	0.24687334895133972	0.41093650460243225	0.2750653326511383	0.36109334230422974	-0.0315336175262928	-0.15679828822612762	0.09489872306585312	0.31290170550346375	0.43820756673812866	0.5509992241859436	0.35247349739074707	0.4009169936180115	0.3137217164039612	0.7352101802825928	1.0	0.6094050407409668	0.8741310834884644	0.16871145367622375	0.47860610485076904	0.12546582520008087	0.4136105179786682	-0.29957884550094604	0.010931507684290409	0.02042420208454132	0.2898024618625641	0.383980393409729	0.19349685311317444	0.21659325063228607
PUT-VP-lh	0.056370899081230164	0.4225884974002838	0.3003849685192108	0.2639596462249756	0.13033458590507507	0.2684004604816437	0.33666789531707764	0.043509792536497116	0.36590123176574707	0.2207484096288681	0.704749584197998	0.6613369584083557	0.518057107925415	0.6311524510383606	0.376575767993927	0.52801114320755	0.24832148849964142	0.19792237877845764	0.2011987566947937	0.24844136834144592	0.1884620487689972	0.09572560340166092	0.2975011467933655	0.4064653217792511	0.09873693436384201	-0.014135614968836308	-0.17662255465984344	0.16439282894134521	0.3708759546279907	0.031110860407352448	0.3433663249015808	0.38135865330696106	0.15669295191764832	0.45887988805770874	0.4256499409675598	0.745100736618042	0.6094050407409668	1.0	0.43376004695892334	-0.008361924439668655	0.37932518124580383	0.08340074121952057	0.24731548130512238	-0.05017206445336342	0.004208264406770468	-0.28239887952804565	-0.037177152931690216	0.16744105517864227	0.11760707199573517	-0.016363348811864853
PUT-DP-lh	0.003362131305038929	-0.15389417111873627	-0.26841479539871216	-0.014306162483990192	0.565392792224884	-0.08581072092056274	0.5037949681282043	0.2650512456893921	0.22280211746692657	-0.08744338899850845	0.5314350128173828	0.6690173149108887	0.6463155746459961	0.7014279961585999	0.3413757383823395	0.441500186920166	0.41911551356315613	0.5199775695800781	-0.045943018049001694	-0.08567839115858078	-0.250994473695755	-0.07950951159000397	0.15733355283737183	0.2233325093984604	0.4069717228412628	0.372173011302948	0.011752917431294918	-0.2710518538951874	0.008903173729777336	0.2675114572048187	0.37369513511657715	0.4663084149360657	0.40311476588249207	0.16277597844600677	0.1952274888753891	0.6324828863143921	0.8741310834884644	0.43376004695892334	1.0	0.12137766927480698	0.4123951494693756	0.11491195112466812	0.5144013166427612	-0.39707422256469727	-0.1609230935573578	0.09228440374135971	0.35190707445144653	0.2996988296508789	0.27977320551872253	0.36193594336509705
