Node	DMN_LABEL_1	Vis_LABEL_2	FP_LABEL_3	Aud_LABEL_4	Tpole_LABEL_5	PMN_LABEL_6	PON_LABEL_7	MTL_LABEL_8	PON_LABEL_9	CO_LABEL_10	Sal_LABEL_11	CO_LABEL_12	SMd_LABEL_13	SMl_LABEL_14	DAN_LABEL_15	DMN_LABEL_16	CO_LABEL_17	DMN_LABEL_18	VAN_LABEL_19	CO_LABEL_20	CO_LABEL_21	Sal_LABEL_22	DAN_LABEL_23	PMN_LABEL_24	DAN_LABEL_25	DMN_LABEL_26	DMN_LABEL_27	DMN_LABEL_28	Vis_LABEL_29	FP_LABEL_30	Aud_LABEL_31	Tpole_LABEL_32	PMN_LABEL_33	PON_LABEL_34	MTL_LABEL_35	CO_LABEL_36	Sal_LABEL_37	CO_LABEL_38	SMd_LABEL_39	SMl_LABEL_40	DAN_LABEL_41	CO_LABEL_42	VAN_LABEL_43	CO_LABEL_44	CO_LABEL_45	Sal_LABEL_46	DAN_LABEL_47	PMN_LABEL_48	DAN_LABEL_49	DMN_LABEL_50	FP_LABEL_51	DMN_LABEL_52	DMN_LABEL_53	PON_LABEL_54	DMN_LABEL_55	Tpole_LABEL_56	Tpole_LABEL_57	Sal_LABEL_58	Sal_LABEL_59	SMd_LABEL_60	DAN_LABEL_61	FP_LABEL_62	DMN_LABEL_63	FP_LABEL_64	FP_LABEL_65	SMd_LABEL_66	SMl_LABEL_67	SMd_LABEL_68	DMN_LABEL_69	DAN_LABEL_70	DMN_LABEL_71	FP_LABEL_72	SMd_LABEL_73	SMl_LABEL_74	MTL_LABEL_75	MTL_LABEL_76	CO_LABEL_77	CO_LABEL_78	Vis_LABEL_79	Vis_LABEL_80
DMN_LABEL_1	1.0	0.04073845222592354	-0.1073765829205513	-0.1709911972284317	0.5906059741973877	0.05120578780770302	-0.008557308465242386	n/a	0.43002617359161377	-0.18843768537044525	-0.32577383518218994	-0.5718535780906677	-0.13371729850769043	-0.2635200321674347	0.3637732267379761	0.793334424495697	-0.4318060874938965	0.749297022819519	0.4433693587779999	-0.4522106945514679	-0.37942567467689514	-0.1915147304534912	-0.08891963958740234	0.06942803412675858	0.09884783625602722	0.6636210680007935	0.6263850927352905	0.6390221118927002	0.1998501420021057	-0.3258974552154541	-0.19364629685878754	0.47684624791145325	-0.025869417935609818	0.16566447913646698	n/a	0.0189866591244936	-0.08502103388309479	-0.5270689725875854	0.10213536024093628	-0.23355397582054138	0.2624252736568451	-0.43501362204551697	0.09231402724981308	-0.40199336409568787	-0.44176149368286133	-0.2589254379272461	-0.11854473501443863	-0.010038577020168304	0.07131502777338028	0.29159626364707947	0.037400081753730774	0.5408124923706055	1.2425925888237543e-05	0.42140141129493713	0.5077415108680725	0.23270244896411896	-0.08882627636194229	-0.136212557554245	-0.1490268111228943	-0.40995222330093384	-0.060720909386873245	0.2558676302433014	0.29142266511917114	-0.013185149058699608	0.23516424000263214	-0.19112607836723328	-0.3237917423248291	0.00786629505455494	0.10092470049858093	-0.11042553186416626	0.5826829671859741	0.4052717983722687	0.020618697628378868	-0.4214446544647217	0.6315127015113831	-0.019984133541584015	-0.4087841808795929	-0.30674979090690613	-0.24882982671260834	0.2269916832447052
Vis_LABEL_2	0.04073845222592354	1.0	-0.6408025026321411	-0.20438675582408905	0.3237266540527344	-0.14938659965991974	-0.2807437479496002	n/a	0.3005889654159546	0.3445015847682953	0.17266100645065308	-0.014081589877605438	-0.344066858291626	0.04420705884695053	0.002569737611338496	-0.11184847354888916	-0.3919758200645447	0.17765675485134125	-0.008611422963440418	-0.322068452835083	-0.3458932340145111	-0.388569712638855	0.15101294219493866	-0.3872925639152527	0.09236674755811691	0.16348353028297424	0.3086068630218506	-0.005185217130929232	0.8423272967338562	-0.4501836895942688	-0.26718980073928833	0.25410696864128113	-0.1877247393131256	-0.18976113200187683	n/a	0.06582203507423401	-0.08076357841491699	0.0616687536239624	-0.4677034616470337	-0.036955028772354126	-0.182153582572937	-0.34184783697128296	0.23121102154254913	-0.2601325213909149	-0.26224955916404724	-0.4892948269844055	0.08757811039686203	-0.4633800685405731	0.036093346774578094	-0.020474961027503014	-0.3045164942741394	0.10450803488492966	-0.11031818389892578	0.2210540920495987	0.021795378997921944	0.26026156544685364	0.19989673793315887	-0.3893829584121704	-0.3428909480571747	-0.114017054438591	-0.00642727455124259	0.04272998869419098	0.4488915205001831	-0.08449900895357132	0.006857380736619234	-0.2698546051979065	-0.11249794065952301	0.125552237033844	0.14357861876487732	-0.1427578628063202	0.05486622080206871	-0.10347354412078857	-0.040059980005025864	-0.3168862760066986	0.09229113906621933	0.020790139213204384	0.1518390029668808	-0.07820571213960648	0.10266721248626709	0.29736196994781494
FP_LABEL_3	-0.1073765829205513	-0.6408025026321411	1.0	-0.22349746525287628	-0.2511235475540161	0.40923982858657837	-0.053739696741104126	n/a	-0.14963163435459137	-0.24723796546459198	0.0047845798544585705	0.0785176232457161	0.1896125227212906	-0.20351625978946686	0.16637195646762848	0.00863275770097971	0.15750475227832794	-0.1735696941614151	-0.1268002837896347	0.08769629150629044	0.3273986279964447	0.3683227300643921	-0.012759585864841938	0.4372279942035675	-0.012224349193274975	-0.04821939766407013	-0.15450085699558258	0.1363675743341446	-0.6832956671714783	0.770332396030426	-0.2140212059020996	-0.262344628572464	0.40315428376197815	-0.15005841851234436	n/a	-0.23285312950611115	0.31477946043014526	-0.02129664458334446	0.1111602857708931	-0.1259157657623291	0.3264828324317932	0.19017358124256134	-0.41336676478385925	0.028743227943778038	0.2269737422466278	0.4329696297645569	-0.051368266344070435	0.4350665807723999	-0.045748136937618256	-0.09509636461734772	0.48591601848602295	-0.18210573494434357	-0.027532126754522324	-0.2829277813434601	0.11470732092857361	-0.49587687849998474	-0.30535489320755005	0.4787910580635071	0.47309738397598267	0.0029379825573414564	-0.019512929022312164	0.1150088682770729	-0.1565544307231903	0.2563723921775818	0.2128523886203766	0.11388949304819107	0.2199719101190567	0.10179963707923889	0.11895979195833206	0.017325790598988533	7.515465404139832e-05	0.28264760971069336	0.16830898821353912	0.28899651765823364	-0.03607220947742462	0.027540255337953568	0.16397719085216522	0.31817999482154846	0.11522360891103745	-0.15764261782169342
Aud_LABEL_4	-0.1709911972284317	-0.20438675582408905	-0.22349746525287628	1.0	-0.4104709327220917	-0.29658111929893494	0.3973640501499176	n/a	-0.04734060540795326	0.06321308016777039	-0.01203158963471651	0.0146714486181736	0.39961934089660645	0.19985492527484894	-0.3563997447490692	-0.015297078527510166	0.31110528111457825	-0.13581311702728271	0.024669257923960686	0.3424781858921051	0.054721150547266006	-0.006610775366425514	0.010156176052987576	-0.16299638152122498	-0.3296346366405487	-0.10604855418205261	-0.16949166357517242	-0.3242545425891876	-0.10489144176244736	-0.15936386585235596	0.8639737963676453	-0.17455467581748962	-0.2383183240890503	0.3575719892978668	n/a	0.2831835448741913	-0.033353954553604126	0.041022248566150665	0.3784927725791931	0.10230953991413116	-0.12070532888174057	0.14260295033454895	-0.02563517913222313	0.12614169716835022	0.013586556538939476	0.03805355355143547	0.18688783049583435	-0.08232098072767258	-0.28685325384140015	-0.09094291925430298	-0.058055635541677475	0.006613322999328375	-0.04077041521668434	0.10348953306674957	-0.12381674349308014	-0.008633787743747234	-0.09333711862564087	-0.16223157942295074	-0.19041532278060913	0.1882207840681076	-0.0043791779316961765	0.03959506377577782	-0.47144144773483276	-0.26273462176322937	-0.30223405361175537	0.2646452486515045	-0.24578534066677094	-0.33828291296958923	0.13669271767139435	-0.09742677211761475	-0.3893546164035797	-0.5374014973640442	-0.2176496386528015	0.0005828511202707887	-0.21556158363819122	-0.21721291542053223	-0.30691444873809814	-0.3188570737838745	-0.15280596911907196	-0.10485639423131943
Tpole_LABEL_5	0.5906059741973877	0.3237266540527344	-0.2511235475540161	-0.4104709327220917	1.0	-0.1687324196100235	-0.15641124546527863	n/a	0.42669644951820374	0.11815278977155685	-0.2548682689666748	-0.47152987122535706	-0.10966561734676361	-0.3708384931087494	0.3822181820869446	0.3159770369529724	-0.6535518169403076	0.7376783490180969	0.5232245922088623	-0.596036970615387	-0.3775397539138794	-0.27419325709342957	0.033101636916399	-0.31378480792045593	0.057064734399318695	0.5123217701911926	0.5064123868942261	0.5357610583305359	0.29247501492500305	-0.2860289216041565	-0.43462222814559937	0.6458150148391724	-0.16837701201438904	-0.04943733289837837	n/a	0.04705812409520149	-0.34382569789886475	-0.4033125042915344	0.069559246301651	-0.36363765597343445	0.23992353677749634	-0.6523563861846924	0.4537789821624756	-0.32140564918518066	-0.2923354506492615	-0.3654307425022125	-0.1255977600812912	-0.4134339988231659	0.06855432689189911	-0.11582276225090027	0.14633382856845856	0.20504111051559448	0.1862560361623764	0.3822624385356903	0.3873581290245056	0.4817396104335785	0.19098815321922302	-0.3115200996398926	-0.3655957877635956	-0.1252956986427307	-0.007266663946211338	0.3189780116081238	0.349025160074234	-0.08000262081623077	0.23460690677165985	-0.03847193717956543	-0.31061527132987976	0.033889394253492355	0.040207814425230026	-0.28003621101379395	0.6807458996772766	0.3040151000022888	0.18951894342899323	-0.5417238473892212	0.5124385952949524	-0.028413256630301476	-0.21603204309940338	-0.16639219224452972	-0.24140654504299164	0.16131366789340973
PMN_LABEL_6	0.05120578780770302	-0.14938659965991974	0.40923982858657837	-0.29658111929893494	-0.1687324196100235	1.0	-0.45565065741539	n/a	-0.36989861726760864	0.2114713490009308	0.4606391489505768	0.540054440498352	-0.08467866480350494	-0.052415113896131516	0.045864686369895935	0.01953895017504692	0.22729147970676422	-0.19127550721168518	-0.44942623376846313	0.3021954596042633	0.5068438053131104	0.4634596109390259	-0.03342143073678017	0.8045252561569214	0.2372434437274933	0.12292062491178513	0.01127563789486885	0.09263250231742859	-0.22468718886375427	0.08771584928035736	-0.3588410019874573	-0.461074560880661	0.8526659607887268	-0.4590483605861664	n/a	0.21849755942821503	0.5048547983169556	0.4385583698749542	-0.43611016869544983	0.01563919335603714	-0.010276466608047485	0.4747171998023987	-0.5287517309188843	0.16239391267299652	0.3767058253288269	0.42931437492370605	-0.05044335126876831	0.5643646121025085	0.24857892096042633	0.0028604241088032722	-0.1558249592781067	-0.20047873258590698	-0.3252984881401062	-0.5125702023506165	-0.2484690248966217	0.027780871838331223	0.13763642311096191	0.5797187685966492	0.645831823348999	-0.3275260925292969	0.4687022566795349	-0.11239365488290787	0.12350158393383026	-0.010586190037429333	-0.003064718097448349	-0.4335545301437378	0.17952032387256622	0.2840912640094757	-0.0006525722565129399	0.09156161546707153	0.1510867476463318	0.4743635654449463	0.22186577320098877	0.11096987873315811	0.2768528163433075	0.01122737955302	0.4688984453678131	0.5857068300247192	0.24075207114219666	0.1727638840675354
PON_LABEL_7	-0.008557308465242386	-0.2807437479496002	-0.053739696741104126	0.3973640501499176	-0.15641124546527863	-0.45565065741539	1.0	n/a	0.17345547676086426	-0.5539816617965698	-0.48103663325309753	-0.4001293480396271	0.15161961317062378	0.04743392392992973	-0.37967410683631897	0.11615264415740967	-0.09171157330274582	-0.13382792472839355	0.2496052235364914	-0.009222820401191711	-0.49083104729652405	-0.2649284899234772	-0.12876398861408234	-0.03938837721943855	-0.5221478939056396	-0.3352372348308563	-0.3593314290046692	-0.23192957043647766	0.014706959947943687	0.10796881467103958	0.5063117146492004	0.0607697069644928	-0.3211093246936798	0.8992640376091003	n/a	-0.30836233496665955	-0.32066458463668823	-0.3277672231197357	0.658980131149292	0.06664687395095825	-0.1886492818593979	-0.08024926483631134	0.29079800844192505	-0.022689031437039375	-0.3769345283508301	-0.054722826927900314	0.01943865977227688	0.21723422408103943	-0.45320725440979004	0.11126179993152618	0.1058550700545311	0.2302972972393036	0.26819267868995667	0.37386178970336914	-0.009558401070535183	-0.1456003487110138	-0.2905339300632477	-0.2580449879169464	-0.2812711298465729	0.43958815932273865	-0.38665255904197693	-0.08004926890134811	-0.1770390421152115	0.0515061654150486	0.15947093069553375	0.7313502430915833	0.053360626101493835	-0.29369062185287476	-0.06783732026815414	0.16946187615394592	-0.13637715578079224	-0.38318297266960144	-0.2387363463640213	0.1872943937778473	-0.1515512764453888	0.02725653164088726	-0.622135579586029	-0.41520464420318604	-0.21386303007602692	-0.12096720188856125
MTL_LABEL_8	n/a	n/a	n/a	n/a	n/a	n/a	n/a	1.0	n/a	n/a	n/a	n/a	n/a	n/a	n/a	n/a	n/a	n/a	n/a	n/a	n/a	n/a	n/a	n/a	n/a	n/a	n/a	n/a	n/a	n/a	n/a	n/a	n/a	n/a	n/a	n/a	n/a	n/a	n/a	n/a	n/a	n/a	n/a	n/a	n/a	n/a	n/a	n/a	n/a	n/a	n/a	n/a	n/a	n/a	n/a	n/a	n/a	n/a	n/a	n/a	n/a	n/a	n/a	n/a	n/a	n/a	n/a	n/a	n/a	n/a	n/a	n/a	n/a	n/a	n/a	n/a	n/a	n/a	n/a	n/a
PON_LABEL_9	0.43002617359161377	0.3005889654159546	-0.14963163435459137	-0.04734060540795326	0.42669644951820374	-0.36989861726760864	0.17345547676086426	n/a	1.0	0.029340635985136032	-0.2388545572757721	-0.6393423676490784	0.033180899918079376	-0.4035970866680145	0.3667769432067871	0.2608146071434021	-0.6474649906158447	0.5199315547943115	0.17321567237377167	-0.6235554814338684	-0.7454602122306824	-0.6410295963287354	0.25050419569015503	-0.4942254424095154	-0.15202276408672333	0.44605353474617004	0.5591610670089722	0.33267533779144287	0.3179163336753845	-0.03067697212100029	-0.09162839502096176	0.5805037021636963	-0.3556366264820099	0.4091959297657013	n/a	0.02325504459440708	-0.026647046208381653	-0.5752227902412415	0.24570105969905853	-0.4575711786746979	0.34075719118118286	-0.6286767721176147	-0.040045831352472305	-0.4508470594882965	-0.6596864461898804	-0.6964633464813232	0.19173341989517212	-0.47315314412117004	-0.13169991970062256	-0.04609569162130356	0.4511718451976776	0.4440828561782837	0.056581687182188034	0.6853190660476685	0.7043543457984924	0.08274827152490616	-0.17548349499702454	-0.42243608832359314	-0.41801512241363525	-0.17158783972263336	-0.34921497106552124	0.1740151196718216	0.29666587710380554	0.031180765479803085	0.4203885793685913	0.10093246400356293	-0.2648998200893402	0.05414986610412598	0.24965794384479523	-0.2822931110858917	0.24454544484615326	-0.08999454975128174	0.11556288599967957	-0.3450199067592621	0.2312009185552597	0.2932770252227783	-0.4805160462856293	-0.25464972853660583	0.1048627719283104	-0.01318536140024662
CO_LABEL_10	-0.18843768537044525	0.3445015847682953	-0.24723796546459198	0.06321308016777039	0.11815278977155685	0.2114713490009308	-0.5539816617965698	n/a	0.029340635985136032	1.0	0.6493441462516785	0.5391650795936584	0.11927218735218048	-0.012006989680230618	0.03485974296927452	-0.3230752944946289	0.03581845760345459	0.03704129904508591	-0.3804679811000824	0.1261904090642929	0.35983073711395264	-0.01697915978729725	0.3585963249206543	-0.2109367549419403	0.09195125102996826	0.3150762915611267	0.25676897168159485	-0.09066013246774673	0.08061733841896057	-0.30269375443458557	-0.03023493103682995	0.006576321553438902	0.2171451449394226	-0.46524009108543396	n/a	0.7701541185379028	0.22730588912963867	0.5739519000053406	-0.38318780064582825	-0.07213732600212097	-0.06915392726659775	0.09190935641527176	-0.15632088482379913	0.18343327939510345	0.4458763301372528	-0.12850002944469452	0.14441724121570587	-0.4551003575325012	0.015841910615563393	-0.3640733063220978	-0.22994770109653473	-0.2196929007768631	-0.14678356051445007	-0.12372780591249466	-0.13865375518798828	0.4205547571182251	0.37988370656967163	-0.13203662633895874	-0.08007068932056427	-0.2276122123003006	0.502926766872406	0.055436719208955765	-0.13507522642612457	-0.29577937722206116	-0.2815305292606354	-0.43210816383361816	-0.05207150802016258	0.19349446892738342	-0.11246243119239807	-0.08693849295377731	-0.043191906064748764	0.02591649442911148	0.07573334872722626	-0.20992343127727509	0.08550645411014557	-0.11983634531497955	0.2747654318809509	0.3130139708518982	0.03193357586860657	-0.15331490337848663
Sal_LABEL_11	-0.32577383518218994	0.17266100645065308	0.0047845798544585705	-0.01203158963471651	-0.2548682689666748	0.4606391489505768	-0.48103663325309753	n/a	-0.2388545572757721	0.6493441462516785	1.0	0.636728048324585	-0.27480077743530273	-0.05623288452625275	-0.10959919542074203	-0.41057974100112915	0.14645741879940033	-0.3815041184425354	-0.6697396636009216	0.08479997515678406	0.5133020281791687	0.27545106410980225	0.4204878807067871	0.2467789351940155	0.23460467159748077	-0.07419492304325104	0.02874412015080452	-0.37319231033325195	-0.06613436341285706	0.004200268536806107	-0.014367704279720783	-0.34511587023735046	0.5160059332847595	-0.4809316396713257	n/a	0.4846513867378235	0.7338501214981079	0.6770078539848328	-0.6256216764450073	-0.06709598004817963	-0.07491181790828705	0.3932013213634491	-0.42767593264579773	0.05183609202504158	0.5873035192489624	0.2572936415672302	0.4092772603034973	0.15794230997562408	0.21286079287528992	-0.045299459248781204	-0.17375028133392334	-0.3478598892688751	-0.033966951072216034	-0.19449087977409363	-0.15329162776470184	0.1702907234430313	0.29251208901405334	0.4413570761680603	0.41840600967407227	-0.2813147306442261	0.1674472838640213	-0.06492940336465836	0.0998317301273346	-0.025454770773649216	-0.08220693469047546	-0.5280113220214844	-0.15421634912490845	-0.07067900151014328	-0.1092301532626152	0.05157043784856796	-0.33396607637405396	-0.05612018704414368	0.035865418612957	-0.25029483437538147	0.10939880460500717	-0.10357233881950378	0.6772305369377136	0.5607494711875916	0.2672055959701538	0.012977015227079391
CO_LABEL_12	-0.5718535780906677	-0.014081589877605438	0.0785176232457161	0.0146714486181736	-0.47152987122535706	0.540054440498352	-0.4001293480396271	n/a	-0.6393423676490784	0.5391650795936584	0.636728048324585	1.0	0.022817065939307213	0.18767471611499786	-0.35446396470069885	-0.4109513461589813	0.5120209455490112	-0.5312021374702454	-0.6247491836547852	0.5766481161117554	0.6539679169654846	0.36321359872817993	0.0703769102692604	0.3156510591506958	0.11981981992721558	-0.25970569252967834	-0.24116753041744232	-0.3763636350631714	-0.22891028225421906	0.03848257660865784	0.012580330483615398	-0.6545079350471497	0.48075008392333984	-0.5307297110557556	n/a	0.4275822341442108	0.3046804666519165	0.918237030506134	-0.4940214455127716	0.21792666614055634	-0.34901702404022217	0.669743001461029	-0.32341012358665466	0.44565531611442566	0.6653406023979187	0.38324427604675293	-0.01110550295561552	0.1891043335199356	0.07165001332759857	-0.08312440663576126	-0.402414470911026	-0.5390369892120361	-0.09760315716266632	-0.6581681370735168	-0.5455278158187866	-0.020476926118135452	0.24251051247119904	0.33845254778862	0.39796045422554016	-0.019730662927031517	0.5611956119537354	-0.1934715062379837	-0.24585004150867462	-0.06945105642080307	-0.27674904465675354	-0.3106688857078552	0.33569714426994324	0.15077950060367584	-0.26162809133529663	0.2757652699947357	-0.3618307411670685	0.023105701431632042	0.07541058957576752	0.280997633934021	-0.22765035927295685	-0.14318768680095673	0.6158934235572815	0.5090178847312927	0.08026211708784103	-0.016921518370509148
SMd_LABEL_13	-0.13371729850769043	-0.344066858291626	0.1896125227212906	0.39961934089660645	-0.10966561734676361	-0.08467866480350494	0.15161961317062378	n/a	0.033180899918079376	0.11927218735218048	-0.27480077743530273	0.022817065939307213	1.0	-0.06083302944898605	0.02294647879898548	0.06815008074045181	0.0722925215959549	0.09194143116474152	-0.04893306642770767	0.19878873229026794	0.08028465509414673	0.14273105561733246	0.1632123738527298	-0.1585261970758438	-0.4495631456375122	0.06089587137103081	-0.08736421912908554	0.04585909843444824	-0.3988708555698395	0.19866575300693512	0.26303988695144653	-0.0546918660402298	-0.06366381049156189	0.15486952662467957	n/a	0.36068788170814514	-0.24464480578899384	0.04620648920536041	0.5100253820419312	-0.06581569463014603	0.1735421121120453	-0.16326314210891724	-0.23206499218940735	0.0010597622022032738	0.09652064740657806	0.12801940739154816	0.0703340470790863	-0.1952781230211258	-0.4365609586238861	-0.1937030553817749	0.13462424278259277	0.04941976070404053	0.07208067923784256	-0.17963750660419464	-0.05474910885095596	-0.1744934320449829	-0.3095616102218628	-0.12868085503578186	-0.3181280791759491	0.1849740594625473	0.25616660714149475	-0.08747214078903198	-0.5721588730812073	-0.29695746302604675	-0.18800383806228638	0.3118837773799896	-0.05537818372249603	0.05664464086294174	-0.03674707189202309	-0.004616095684468746	0.013749930076301098	-0.31627362966537476	0.11309830844402313	0.13370101153850555	-0.270355761051178	-0.14491675794124603	-0.4772440493106842	-0.19712771475315094	-0.13097718358039856	-0.34479233622550964
SMl_LABEL_14	-0.2635200321674347	0.04420705884695053	-0.20351625978946686	0.19985492527484894	-0.3708384931087494	-0.052415113896131516	0.04743392392992973	n/a	-0.4035970866680145	-0.012006989680230618	-0.05623288452625275	0.18767471611499786	-0.06083302944898605	1.0	0.080867238342762	-0.358256459236145	0.4048776626586914	-0.4682338833808899	-0.06527832895517349	0.5405455827713013	0.33787354826927185	0.1028217151761055	-0.24878308176994324	0.12511703372001648	0.266740083694458	-0.1783447265625	-0.4670569598674774	-0.4307498335838318	0.13522665202617645	-0.3122319281101227	0.26833224296569824	-0.0522053986787796	-0.052768219262361526	-0.03178199753165245	n/a	-0.19150787591934204	-0.18446573615074158	0.20718130469322205	-0.08320703357458115	0.9642084836959839	-0.14457464218139648	0.26592421531677246	0.1658453792333603	0.3909991979598999	0.26347053050994873	0.07984287291765213	-0.3071885108947754	0.04284806177020073	0.14422686398029327	-0.02808225527405739	-0.5501066446304321	0.1131950318813324	-0.19119395315647125	-0.34951138496398926	-0.6035486459732056	0.12777040898799896	0.10634586215019226	-0.18456020951271057	0.05160835385322571	-0.027620995417237282	0.14016135036945343	-0.2591237723827362	-0.3071317672729492	-0.28950586915016174	-0.736613929271698	-0.1439291387796402	0.5571336150169373	0.13212382793426514	-0.039817925542593	-0.12071564048528671	-0.3624454438686371	-0.09305772185325623	-0.6582780480384827	0.5086358785629272	-0.3565675914287567	0.08659744262695312	-0.020843645557761192	-0.04838589206337929	0.07040471583604813	-0.22808536887168884
DAN_LABEL_15	0.3637732267379761	0.002569737611338496	0.16637195646762848	-0.3563997447490692	0.3822181820869446	0.045864686369895935	-0.37967410683631897	n/a	0.3667769432067871	0.03485974296927452	-0.10959919542074203	-0.35446396470069885	0.02294647879898548	0.080867238342762	1.0	0.18311962485313416	-0.3048553466796875	0.2348383516073227	0.034414224326610565	-0.4024496376514435	0.033558495342731476	0.09621021896600723	0.23710337281227112	-0.03000396490097046	0.5673421025276184	0.35853275656700134	0.3767331838607788	0.20966072380542755	-0.09204310923814774	0.015295847319066525	-0.47111332416534424	0.38786783814430237	0.10797523707151413	-0.30354559421539307	n/a	-0.06549293547868729	0.04612717404961586	-0.34071436524391174	-0.05881829187273979	0.08915825188159943	0.7619626522064209	-0.41908761858940125	-0.16359764337539673	-0.3122250437736511	-0.02815590426325798	-0.0749032124876976	0.0415586419403553	-0.17621725797653198	0.5218650102615356	0.025740375742316246	0.18702171742916107	0.21510004997253418	0.03168109431862831	0.0284947007894516	0.34821999073028564	0.14843744039535522	-0.10159479081630707	0.04589809104800224	0.036369845271110535	-0.4722486436367035	-0.01268694642931223	0.013041866943240166	0.09367703646421432	0.022333024069666862	-0.07849743217229843	-0.3733937442302704	-0.011041621677577496	0.23430708050727844	0.2506738305091858	-0.2713366746902466	0.3019493818283081	0.2816833257675171	0.006807211320847273	-0.22692444920539856	0.20897532999515533	0.29147985577583313	-0.05354733392596245	-0.009604603983461857	0.17748138308525085	-0.004079703241586685
DMN_LABEL_16	0.793334424495697	-0.11184847354888916	0.00863275770097971	-0.015297078527510166	0.3159770369529724	0.01953895017504692	0.11615264415740967	n/a	0.2608146071434021	-0.3230752944946289	-0.41057974100112915	-0.4109513461589813	0.06815008074045181	-0.358256459236145	0.18311962485313416	1.0	-0.25331977009773254	0.6425544619560242	0.38263073563575745	-0.40160179138183594	-0.3676794469356537	-0.12235287576913834	-0.04123876243829727	0.07454632222652435	-0.060544662177562714	0.4402478039264679	0.5845432281494141	0.5759144425392151	0.029576050117611885	-0.10804126411676407	-0.09931206703186035	0.1648074835538864	-0.045108869671821594	0.18016014993190765	n/a	0.024481263011693954	-0.139828622341156	-0.4249855875968933	0.16964291036128998	-0.3097005784511566	0.1838098168373108	-0.32410532236099243	0.014123606495559216	-0.39991945028305054	-0.45279061794281006	-0.11799690127372742	-0.04537755623459816	0.10019976645708084	-0.07006451487541199	0.4387674927711487	0.03575640171766281	0.3386959135532379	0.06674359738826752	0.2917115390300751	0.4899633824825287	-0.0833192691206932	-0.3397173285484314	-0.08527704328298569	-0.2207183986902237	-0.24983106553554535	-0.05252213776111603	0.24889400601387024	0.15321722626686096	0.16677901148796082	0.36611393094062805	0.019342070445418358	-0.33219829201698303	-0.06980569660663605	0.03318043798208237	0.21072551608085632	0.4906194508075714	0.3103933334350586	0.19855867326259613	-0.2700326442718506	0.3879428207874298	-0.2441016137599945	-0.3947847783565521	-0.4375303387641907	-0.43600842356681824	0.2812572717666626
CO_LABEL_17	-0.4318060874938965	-0.3919758200645447	0.15750475227832794	0.31110528111457825	-0.6535518169403076	0.22729147970676422	-0.09171157330274582	n/a	-0.6474649906158447	0.03581845760345459	0.14645741879940033	0.5120209455490112	0.0722925215959549	0.4048776626586914	-0.3048553466796875	-0.25331977009773254	1.0	-0.4633164405822754	-0.2826099693775177	0.7445797324180603	0.6773238778114319	0.49257007241249084	-0.25645965337753296	0.3692519962787628	0.25270819664001465	-0.22832202911376953	-0.5280128121376038	-0.35458144545555115	-0.3363776206970215	-0.08210933953523636	0.30876025557518005	-0.4385264217853546	0.09637770056724548	-0.23166921734809875	n/a	0.07312506437301636	0.02786496840417385	0.37537848949432373	-0.0022124052047729492	0.37537768483161926	-0.4597143232822418	0.8350773453712463	-0.1521071493625641	0.7464320063591003	0.5549589395523071	0.4329783022403717	-0.24829351902008057	0.3601527512073517	0.17284701764583588	0.06632918864488602	-0.41571441292762756	-0.3137786090373993	-0.22064109146595	-0.5115626454353333	-0.5682181119918823	-0.16569168865680695	0.036767181009054184	0.3542490601539612	0.3978303074836731	0.21210038661956787	0.3160230219364166	-0.23891475796699524	-0.543128490447998	-0.2152034491300583	-0.4819319248199463	-0.04226117208600044	0.29242509603500366	-0.015211679972708225	-0.14582309126853943	0.18383373320102692	-0.48227912187576294	0.07533138245344162	-0.1647806465625763	0.47587400674819946	-0.34015944600105286	-0.13830146193504333	0.29812365770339966	0.26336368918418884	-0.09213843941688538	-0.2521035373210907
DMN_LABEL_18	0.749297022819519	0.17765675485134125	-0.1735696941614151	-0.13581311702728271	0.7376783490180969	-0.19127550721168518	-0.13382792472839355	n/a	0.5199315547943115	0.03704129904508591	-0.3815041184425354	-0.5312021374702454	0.09194143116474152	-0.4682338833808899	0.2348383516073227	0.6425544619560242	-0.4633164405822754	1.0	0.5880264043807983	-0.5014817118644714	-0.46733278036117554	-0.3880578875541687	0.020681316033005714	-0.36939552426338196	-0.1410607397556305	0.7330974340438843	0.6763977408409119	0.8341478109359741	0.19461189210414886	-0.30363085865974426	-0.21799422800540924	0.5642244815826416	-0.3574051856994629	0.07550419867038727	n/a	0.17775462567806244	-0.2964428663253784	-0.5227465629577637	0.21853193640708923	-0.5084710121154785	0.10284515470266342	-0.5910777449607849	0.27443695068359375	-0.28928542137145996	-0.4895322322845459	-0.522582471370697	-0.16462579369544983	-0.44269275665283203	-0.15613317489624023	-0.021613024175167084	0.19470952451229095	0.3130633234977722	0.017162486910820007	0.44397103786468506	0.5630297660827637	0.18722029030323029	-0.1059064120054245	-0.36020398139953613	-0.4595799744129181	-0.16301269829273224	0.001485177199356258	0.4101228415966034	0.21321022510528564	-0.10815279185771942	0.33823686838150024	0.03011121042072773	-0.4468691647052765	0.0401991568505764	0.05863256752490997	-0.251799076795578	0.6477510929107666	0.3152902126312256	0.2434384971857071	-0.4521835744380951	0.4451168477535248	-0.171974778175354	-0.42103642225265503	-0.3736628592014313	-0.3657686114311218	0.10676758736371994
VAN_LABEL_19	0.4433693587779999	-0.008611422963440418	-0.1268002837896347	0.024669257923960686	0.5232245922088623	-0.44942623376846313	0.2496052235364914	n/a	0.17321567237377167	-0.3804679811000824	-0.6697396636009216	-0.6247491836547852	-0.04893306642770767	-0.06527832895517349	0.034414224326610565	0.38263073563575745	-0.2826099693775177	0.5880264043807983	1.0	-0.218061625957489	-0.3881569504737854	-0.2985285520553589	-0.3438234031200409	-0.3447172939777374	-0.2163674682378769	0.23413996398448944	0.19490107893943787	0.522283673286438	0.11207227408885956	-0.14284183084964752	-0.06095760315656662	0.42914968729019165	-0.44702276587486267	0.2777576446533203	n/a	-0.39831340312957764	-0.613348126411438	-0.690350353717804	0.3089078366756439	-0.11604759097099304	0.06000752002000809	-0.49182042479515076	0.7336058020591736	-0.15925809741020203	-0.49401620030403137	-0.32197871804237366	-0.32480278611183167	-0.28885167837142944	-0.23823630809783936	-0.17476539313793182	0.2760547995567322	0.13101397454738617	-0.021366765722632408	0.427530437707901	0.2860584855079651	0.15661953389644623	-0.059890732169151306	-0.5029204487800598	-0.47014468908309937	0.03476579114794731	-0.07659738510847092	0.5150004029273987	0.17052628099918365	0.14689603447914124	0.12012581527233124	0.3534219563007355	-0.10199503600597382	-0.04312094673514366	0.2840580940246582	-0.10789921134710312	0.5624626874923706	0.2338222712278366	0.11812064051628113	-0.039346884936094284	0.21426042914390564	-0.18862609565258026	-0.3985840678215027	-0.6426424980163574	-0.4615405201911926	0.15736639499664307
CO_LABEL_20	-0.4522106945514679	-0.322068452835083	0.08769629150629044	0.3424781858921051	-0.596036970615387	0.3021954596042633	-0.009222820401191711	n/a	-0.6235554814338684	0.1261904090642929	0.08479997515678406	0.5766481161117554	0.19878873229026794	0.5405455827713013	-0.4024496376514435	-0.40160179138183594	0.7445797324180603	-0.5014817118644714	-0.218061625957489	1.0	0.560576319694519	0.33485129475593567	-0.451128214597702	0.34142306447029114	-0.05832700803875923	-0.24143122136592865	-0.6308311820030212	-0.3175238370895386	-0.2400711327791214	-0.1219220831990242	0.3336552083492279	-0.367416650056839	0.14485229551792145	-0.05962792783975601	n/a	0.10357556492090225	-0.04209757223725319	0.4403071999549866	-0.008766597136855125	0.5292344093322754	-0.42893552780151367	0.6894552707672119	-0.08064030110836029	0.7229464650154114	0.42596760392189026	0.32604432106018066	-0.41322460770606995	0.20220798254013062	-0.0699707642197609	-0.12495972961187363	-0.3728165328502655	-0.1590416580438614	-0.2988715171813965	-0.6190367937088013	-0.7175818681716919	-0.02559206634759903	0.21352455019950867	0.15263144671916962	0.3397069573402405	0.11275874078273773	0.4942365884780884	-0.3390384316444397	-0.5151786208152771	-0.3041868209838867	-0.5689640641212463	-0.031000128015875816	0.5365088582038879	0.21562452614307404	-0.14635424315929413	0.10365718603134155	-0.3602011799812317	-0.0032489695586264133	-0.21195092797279358	0.6108037233352661	-0.3999072313308716	0.15008337795734406	0.14589910209178925	0.2776050865650177	0.02231297828257084	-0.2641712725162506
CO_LABEL_21	-0.37942567467689514	-0.3458932340145111	0.3273986279964447	0.054721150547266006	-0.3775397539138794	0.5068438053131104	-0.49083104729652405	n/a	-0.7454602122306824	0.35983073711395264	0.5133020281791687	0.6539679169654846	0.08028465509414673	0.33787354826927185	0.033558495342731476	-0.3676794469356537	0.6773238778114319	-0.46733278036117554	-0.3881569504737854	0.560576319694519	1.0	0.7594380378723145	-0.011910049244761467	0.46792325377464294	0.39164426922798157	-0.1311921328306198	-0.3462296724319458	-0.3418733775615692	-0.4660652279853821	0.06023382768034935	0.023536846041679382	-0.4546796977519989	0.5143316984176636	-0.6473525762557983	n/a	0.2662259638309479	0.29911741614341736	0.5965995788574219	-0.32214826345443726	0.363542765378952	-0.04132925719022751	0.6138884425163269	-0.2686814069747925	0.4791078567504883	0.8985031247138977	0.7055055499076843	-0.0630083754658699	0.3303108215332031	0.3117891252040863	-0.09232071787118912	-0.31828293204307556	-0.38442665338516235	-0.14457248151302338	-0.6634162068367004	-0.5141229629516602	0.026759181171655655	0.17642399668693542	0.5210238695144653	0.5269544720649719	-0.09916094690561295	0.44588127732276917	-0.11638928204774857	-0.4106670618057251	-0.1082201898097992	-0.5448176264762878	-0.3979996144771576	0.19089405238628387	0.045316196978092194	-0.10319293290376663	0.0804702639579773	-0.26113489270210266	0.20832878351211548	-0.09166885167360306	0.19536501169204712	-0.14010635018348694	-0.2032657265663147	0.5591614246368408	0.4598347544670105	0.03081599995493889	-0.22021178901195526
Sal_LABEL_22	-0.1915147304534912	-0.388569712638855	0.3683227300643921	-0.006610775366425514	-0.27419325709342957	0.4634596109390259	-0.2649284899234772	n/a	-0.6410295963287354	-0.01697915978729725	0.27545106410980225	0.36321359872817993	0.14273105561733246	0.1028217151761055	0.09621021896600723	-0.12235287576913834	0.49257007241249084	-0.3880578875541687	-0.2985285520553589	0.33485129475593567	0.7594380378723145	1.0	0.07952670753002167	0.5779086351394653	0.3528077304363251	-0.31018969416618347	-0.38456881046295166	-0.2889502942562103	-0.45244377851486206	0.14321762323379517	-0.09163792431354523	-0.3468100130558014	0.495269238948822	-0.46267449855804443	n/a	0.10962335765361786	0.2576628625392914	0.3595055043697357	-0.08801499754190445	0.1596621721982956	0.13092288374900818	0.4310305714607239	-0.27018415927886963	0.16879701614379883	0.7273055911064148	0.8804166913032532	0.10832546651363373	0.5151827335357666	0.3393864631652832	0.09509292989969254	-0.23875387012958527	-0.3347345292568207	-0.030748488381505013	-0.5423438549041748	-0.44308432936668396	-0.13028381764888763	-0.061590924859046936	0.6946927309036255	0.563306987285614	0.04521239548921585	0.33715006709098816	-0.21254245936870575	-0.39165109395980835	-0.00461778836324811	-0.29633012413978577	-0.20257039368152618	0.026537852361798286	-0.06513319164514542	-0.042800307273864746	0.22001580893993378	-0.18147428333759308	0.08991803228855133	-0.014601115137338638	-0.05047815665602684	0.009712103754281998	-0.09888428449630737	0.4061950445175171	0.36494341492652893	0.1020004004240036	-0.004086528904736042
DAN_LABEL_23	-0.08891963958740234	0.15101294219493866	-0.012759585864841938	0.010156176052987576	0.033101636916399	-0.03342143073678017	-0.12876398861408234	n/a	0.25050419569015503	0.3585963249206543	0.4204878807067871	0.0703769102692604	0.1632123738527298	-0.24878308176994324	0.23710337281227112	-0.04123876243829727	-0.25645965337753296	0.020681316033005714	-0.3438234031200409	-0.451128214597702	-0.011910049244761467	0.07952670753002167	1.0	-0.14849157631397247	-0.04272632300853729	-0.092674121260643	0.24509848654270172	-0.07586182653903961	-0.16817589104175568	0.1909310668706894	-0.11737802624702454	0.008981117978692055	0.15667413175106049	-0.1694629192352295	n/a	0.3887595534324646	0.3760825991630554	0.20749431848526	-0.07242189347743988	-0.3215852677822113	0.3082265853881836	-0.1881004273891449	-0.27521055936813354	-0.43636825680732727	0.16060426831245422	-0.021581731736660004	0.816646933555603	-0.1108999028801918	-0.011659066192805767	-0.19275546073913574	0.17600329220294952	-0.27904340624809265	0.17484550178050995	0.2583070397377014	0.17879225313663483	-0.15553903579711914	-0.3514973223209381	0.0844525620341301	-0.15427689254283905	0.00050930748693645	0.0022509628906846046	0.05972234904766083	-0.014231470413506031	0.06104319542646408	0.20623557269573212	0.04016872122883797	-0.31364625692367554	0.003423047484830022	0.05482235923409462	0.16161450743675232	-0.020108409225940704	-0.26447200775146484	0.2199563980102539	-0.39099401235580444	0.06902974098920822	-0.28052523732185364	0.05131904035806656	-0.06963153928518295	0.26378190517425537	0.13190847635269165
PMN_LABEL_24	0.06942803412675858	-0.3872925639152527	0.4372279942035675	-0.16299638152122498	-0.31378480792045593	0.8045252561569214	-0.03938837721943855	n/a	-0.4942254424095154	-0.2109367549419403	0.2467789351940155	0.3156510591506958	-0.1585261970758438	0.12511703372001648	-0.03000396490097046	0.07454632222652435	0.3692519962787628	-0.36939552426338196	-0.3447172939777374	0.34142306447029114	0.46792325377464294	0.5779086351394653	-0.14849157631397247	1.0	0.24127419292926788	-0.15904676914215088	-0.3381993770599365	-0.1317259520292282	-0.25791022181510925	0.11370357125997543	-0.1416754126548767	-0.41371282935142517	0.7360581755638123	-0.15700490772724152	n/a	-0.07907374203205109	0.43842649459838867	0.25551319122314453	-0.16094838082790375	0.2170400321483612	-0.06843699514865875	0.562646210193634	-0.38626912236213684	0.2059060037136078	0.3658647835254669	0.6366167664527893	-0.07156771421432495	0.8954426050186157	0.31064799427986145	0.18701566755771637	-0.21689580380916595	-0.09034430980682373	-0.13896657526493073	-0.47894713282585144	-0.36557453870773315	-0.07842612266540527	-0.024252507835626602	0.690700113773346	0.7338858246803284	-0.10235130786895752	0.2024816870689392	-0.24345818161964417	-0.04590335115790367	0.007393687963485718	-0.020630989223718643	-0.16202254593372345	0.18992134928703308	0.15792465209960938	-0.11143918335437775	0.1924542784690857	-0.002693336922675371	0.345668762922287	-0.014282875694334507	0.20260310173034668	0.18653562664985657	0.041578274220228195	0.2964871823787689	0.4295755922794342	0.15422584116458893	0.12610608339309692
DAN_LABEL_25	0.09884783625602722	0.09236674755811691	-0.012224349193274975	-0.3296346366405487	0.057064734399318695	0.2372434437274933	-0.5221478939056396	n/a	-0.15202276408672333	0.09195125102996826	0.23460467159748077	0.11981981992721558	-0.4495631456375122	0.266740083694458	0.5673421025276184	-0.060544662177562714	0.25270819664001465	-0.1410607397556305	-0.2163674682378769	-0.05832700803875923	0.39164426922798157	0.3528077304363251	-0.04272632300853729	0.24127419292926788	1.0	0.10614572465419769	0.11953256279230118	-0.17507407069206238	0.03984687849879265	-0.273112416267395	-0.3344241976737976	-0.0147506482899189	0.24516214430332184	-0.5754375457763672	n/a	-0.07149867713451385	0.1875985711812973	0.08791074901819229	-0.385009229183197	0.29935890436172485	0.250912070274353	0.22449328005313873	-0.12941421568393707	0.14282597601413727	0.3434651494026184	0.21519455313682556	-0.11064418405294418	0.13625624775886536	0.8922949433326721	0.24320238828659058	-0.3167326748371124	-0.1162528246641159	-0.053685903549194336	-0.2907329797744751	-0.05003141611814499	0.25650134682655334	0.29640841484069824	0.3502471446990967	0.4615619480609894	-0.3351922333240509	0.13018503785133362	-0.1491554230451584	0.042658161371946335	-0.039710234850645065	-0.26544585824012756	-0.6324135661125183	0.11865870654582977	0.0628298670053482	0.025175336748361588	-0.08996738493442535	-0.12538038194179535	0.34477657079696655	-0.1745745688676834	-0.11440189927816391	0.17922557890415192	0.24110886454582214	0.4848092794418335	0.3221825063228607	0.10094749182462692	0.09555019438266754
