Node	LH_Vis_1	LH_Vis_2	LH_Vis_3	LH_Vis_4	LH_Vis_5	LH_Vis_6	LH_Vis_7	LH_Vis_8	LH_Vis_9	LH_SomMot_1	LH_SomMot_2	LH_SomMot_3	LH_SomMot_4	LH_SomMot_5	LH_SomMot_6	LH_DorsAttn_Post_1	LH_DorsAttn_Post_2	LH_DorsAttn_Post_3	LH_DorsAttn_Post_4	LH_DorsAttn_Post_5	LH_DorsAttn_Post_6	LH_DorsAttn_PrCv_1	LH_DorsAttn_FEF_1	LH_SalVentAttn_ParOper_1	LH_SalVentAttn_FrOperIns_1	LH_SalVentAttn_FrOperIns_2	LH_SalVentAttn_PFCl_1	LH_SalVentAttn_Med_1	LH_SalVentAttn_Med_2	LH_SalVentAttn_Med_3	LH_Limbic_OFC_1	LH_Limbic_TempPole_1	LH_Limbic_TempPole_2	LH_Cont_Par_1	LH_Cont_PFCl_1	LH_Cont_pCun_1	LH_Cont_Cing_1	LH_Default_Temp_1	LH_Default_Temp_2	LH_Default_Par_1	LH_Default_Par_2	LH_Default_PFC_1	LH_Default_PFC_2	LH_Default_PFC_3	LH_Default_PFC_4	LH_Default_PFC_5	LH_Default_PFC_6	LH_Default_PFC_7	LH_Default_pCunPCC_1	LH_Default_pCunPCC_2	RH_Vis_1	RH_Vis_2	RH_Vis_3	RH_Vis_4	RH_Vis_5	RH_Vis_6	RH_Vis_7	RH_Vis_8	RH_SomMot_1	RH_SomMot_2	RH_SomMot_3	RH_SomMot_4	RH_SomMot_5	RH_SomMot_6	RH_SomMot_7	RH_SomMot_8	RH_DorsAttn_Post_1	RH_DorsAttn_Post_2	RH_DorsAttn_Post_3	RH_DorsAttn_Post_4	RH_DorsAttn_Post_5	RH_DorsAttn_PrCv_1	RH_DorsAttn_FEF_1	RH_SalVentAttn_TempOccPar_1	RH_SalVentAttn_TempOccPar_2	RH_SalVentAttn_FrOperIns_1	RH_SalVentAttn_Med_1	RH_SalVentAttn_Med_2	RH_Limbic_OFC_1	RH_Limbic_TempPole_1	RH_Cont_Par_1	RH_Cont_Par_2	RH_Cont_PFCl_1	RH_Cont_PFCl_2	RH_Cont_PFCl_3	RH_Cont_PFCl_4	RH_Cont_Cing_1	RH_Cont_PFCmp_1	RH_Cont_pCun_1	RH_Default_Par_1	RH_Default_Temp_1	RH_Default_Temp_2	RH_Default_Temp_3	RH_Default_PFCv_1	RH_Default_PFCv_2	RH_Default_PFCdPFCm_1	RH_Default_PFCdPFCm_2	RH_Default_PFCdPFCm_3	RH_Default_pCunPCC_1	RH_Default_pCunPCC_2	LH-Pu	LH-Ca	LH-NAC	LH-EXA	LH-GPe	LH-GPi	LH-SNc_PBP_VTA	LH-RN	LH-SNr	LH-VeP	LH-HN	LH-HTH	LH-MN	LH-STH	RH-Pu	RH-Ca	RH-NAC	RH-EXA	RH-GPe	RH-GPi	RH-SNc_PBP_VTA	RH-RN	RH-SNr	RH-VeP	RH-HN	RH-HTH	RH-MN	RH-STH	LH-Pulvinar	LH-Anterior	LH-Medio_Dorsal	LH-Ventral_Latero_Dorsal	LH-Central_Lateral-Lateral_Posterior-Medial_Pulvinar	LH-Ventral_Anterior	LH-Ventral_Latero_Ventral	RH-Pulvinar	RH-Anterior	RH-Medio_Dorsal	RH-Ventral_Latero_Dorsal	RH-Central_Lateral-Lateral_Posterior-Medial_Pulvinar	RH-Ventral_Anterior	RH-Ventral_Latero_Ventral	LH_Hippocampus	LH_Amygdala	RH_Hippocampus	RH_Amygdala	Cerebellar_Region1	Cerebellar_Region2	Cerebellar_Region3	Cerebellar_Region4	Cerebellar_Region5	Cerebellar_Region6	Cerebellar_Region7	Cerebellar_Region8	Cerebellar_Region9	Cerebellar_Region10
LH_Vis_1	1.0	0.38125184178352356	0.7229741215705872	-0.1319069266319275	0.13666269183158875	0.49786248803138733	0.39892223477363586	-0.056735485792160034	0.22019028663635254	0.44263747334480286	0.32471412420272827	0.37070566415786743	0.2139231562614441	0.037015046924352646	0.039401598274707794	0.24000045657157898	0.06872371584177017	-0.22915981709957123	-0.19015459716320038	-0.07324419170618057	-0.11541972309350967	0.05573749914765358	-0.18552200496196747	0.322689026594162	0.44359681010246277	0.2728736996650696	0.19782480597496033	0.3214591443538666	0.31935495138168335	0.12563084065914154	0.2273266315460205	0.2774236500263214	0.30562373995780945	-0.1109427809715271	-0.018730545416474342	-0.014058228582143784	-0.09057199954986572	0.33365893363952637	-0.028623433783650398	0.28826025128364563	-0.048904746770858765	0.5236480832099915	0.03277357295155525	0.28398483991622925	-0.003952491097152233	-0.15611054003238678	-0.1265881508588791	0.04561137035489082	0.19660496711730957	-0.11157049983739853	0.7542032599449158	0.5203170776367188	0.23195849359035492	-0.13037431240081787	0.25263723731040955	0.5226603746414185	-0.12690182030200958	0.1834980696439743	0.3440078794956207	0.17504402995109558	0.3381219506263733	0.10585164278745651	0.08796349912881851	-0.09015737473964691	-0.07591520994901657	-0.0450705923140049	0.14961716532707214	-0.13626757264137268	-0.10431686788797379	-0.20849664509296417	0.1505877673625946	0.21791887283325195	-0.14774249494075775	0.3895804286003113	0.09050624072551727	0.49240246415138245	0.17476457357406616	0.35832688212394714	0.18390540778636932	0.2609679400920868	0.18720440566539764	-0.0019949632696807384	0.06093309819698334	0.1738203763961792	0.20540112257003784	-0.014862442389130592	-0.06938347965478897	0.24788743257522583	-0.11706922948360443	0.1854802966117859	0.3271018862724304	0.21091385185718536	0.09842628985643387	0.45796218514442444	0.25484809279441833	0.2763192057609558	0.057771313935518265	0.13794972002506256	0.3012513220310211	0.0035576492082327604	0.2270808070898056	0.15635845065116882	0.2771262228488922	0.06758475303649902	0.24265079200267792	0.1849401891231537	-0.2520689368247986	0.02373141422867775	-0.1758144050836563	0.17542903125286102	0.06858663260936737	-0.1303306221961975	-0.09550304710865021	-0.08631273359060287	0.2593386173248291	0.12453189492225647	0.1321633905172348	0.06671864539384842	0.12179633975028992	0.1708306223154068	0.008824680000543594	-0.17608338594436646	0.11360996961593628	-0.1655087023973465	0.08315252512693405	-0.14940893650054932	-0.31007981300354004	-0.016114886850118637	-0.15814770758152008	0.06398660689592361	0.16519691050052643	0.29609063267707825	-0.14739738404750824	0.002583530265837908	0.08043970167636871	-0.08553742617368698	0.20257103443145752	0.059639062732458115	-0.05593309551477432	-0.0735553577542305	-0.04265454038977623	0.024675508961081505	0.3645669221878052	0.07632612437009811	0.5779013633728027	0.30177563428878784	0.25494804978370667	0.3647523522377014	0.29227402806282043	0.5389103293418884	0.4862585961818695	0.3189222812652588	0.40694668889045715	0.009561321698129177	0.10521067678928375	0.09292551130056381
LH_Vis_2	0.38125184178352356	1.0	0.5120242238044739	0.5013956427574158	0.6483513712882996	0.46292489767074585	0.41838034987449646	0.37402212619781494	0.3900381028652191	0.22987259924411774	0.25105175375938416	0.41610395908355713	0.26368582248687744	0.07598830759525299	-0.16651935875415802	0.4250173568725586	0.2759791910648346	0.1729104220867157	0.12285571545362473	0.16878549754619598	0.14976254105567932	0.3463454842567444	0.15503716468811035	0.37001216411590576	0.3623822331428528	0.3390205204486847	0.20275451242923737	0.4104187786579132	0.36191827058792114	0.3442259430885315	0.1983548104763031	0.3063163161277771	0.07750938832759857	0.2061314433813095	0.03220158442854881	0.3800455629825592	0.21122393012046814	0.0666244849562645	-0.10515442490577698	0.1800599992275238	-0.30206936597824097	0.38447216153144836	-0.02652679570019245	-0.06006862595677376	-0.10440611094236374	-0.4029431641101837	-0.3536323010921478	-0.1761186718940735	-0.022813325747847557	0.10325254499912262	0.5128904581069946	0.5309299826622009	0.20746615529060364	0.4223099648952484	0.4556407928466797	0.2465294748544693	0.21074146032333374	0.36830398440361023	0.23355509340763092	0.2640369236469269	0.381821870803833	0.10512969642877579	0.3172668218612671	0.07872645556926727	0.09585943818092346	-0.1596987247467041	-0.05526497960090637	0.0108976224437356	0.09651444852352142	0.23022036254405975	0.2724464535713196	0.3167370557785034	0.13755415380001068	0.268216609954834	0.24278582632541656	0.5754212141036987	0.23504462838172913	0.4592638611793518	0.20906902849674225	0.20135946571826935	0.037649404257535934	-0.145762100815773	-0.040479909628629684	0.27209997177124023	0.22397692501544952	-0.23327991366386414	0.28509077429771423	0.25468114018440247	0.3571985065937042	-0.15386071801185608	0.032823268324136734	0.14251677691936493	0.12911903858184814	0.25611722469329834	0.11337091773748398	0.04840404912829399	-0.2703094780445099	-0.18209488689899445	-0.015169684775173664	0.09618740528821945	0.3277615010738373	0.19935078918933868	0.19241155683994293	0.25903764367103577	0.30015134811401367	0.1391592174768448	0.06740496307611465	0.1651240885257721	0.05413634330034256	-0.031047236174345016	0.3065807819366455	0.1872090995311737	-0.02632567100226879	0.1943250596523285	0.4169800579547882	-0.0027712916489690542	0.0406704917550087	-0.01435905136168003	0.27311277389526367	0.13117997348308563	0.23545680940151215	0.11540064215660095	0.012220428325235844	-0.27154627442359924	-0.15580341219902039	0.12862426042556763	-0.27672427892684937	0.0005972555954940617	0.1900797039270401	0.027222897857427597	0.31154876947402954	0.22782056033611298	-0.05268750339746475	0.06318213790655136	-0.1933431178331375	0.061906058341264725	0.29715120792388916	0.2712668478488922	0.18836164474487305	0.10589303076267242	0.08828165382146835	0.09523924440145493	0.028981490060687065	-0.23992538452148438	0.23617464303970337	0.3129447102546692	0.2100146859884262	0.21346311271190643	0.3630387783050537	0.40895023941993713	0.24771292507648468	0.2120310515165329	0.18253736197948456	-0.13285569846630096	-0.024378633126616478	-0.01325965579599142
LH_Vis_3	0.7229741215705872	0.5120242238044739	1.0	-0.19861359894275665	0.2295253574848175	0.5937967896461487	0.5880510210990906	0.060813140124082565	0.5000474452972412	0.5519492030143738	0.49635744094848633	0.5440340042114258	0.3157196342945099	-0.0601939931511879	0.13916197419166565	0.24438683688640594	-0.023664018139243126	-0.24555832147598267	-0.20345954596996307	0.06564853340387344	-0.046547893434762955	-0.08884149044752121	-0.3180723488330841	0.43221530318260193	0.5718020796775818	0.2461414486169815	0.3023190200328827	0.49319759011268616	0.5606771111488342	0.30411526560783386	0.2229069471359253	0.31551843881607056	0.27323293685913086	-0.15328748524188995	-0.21856042742729187	0.17496033012866974	0.08957502990961075	0.2773340940475464	-0.12975232303142548	0.33064332604408264	-0.15110312402248383	0.483682781457901	-0.033916302025318146	0.15036121010780334	0.033634819090366364	-0.25746849179267883	-0.23251107335090637	-0.17219415307044983	0.0825781375169754	-0.08573789149522781	0.6767318248748779	0.680933952331543	0.4542924463748932	-0.21019993722438812	0.4804270267486572	0.6261099576950073	-0.08838222920894623	0.5146737098693848	0.44379159808158875	0.3677668869495392	0.5174475908279419	0.11387075483798981	0.41448748111724854	0.025339210405945778	0.10372036695480347	0.021776581183075905	0.10646750032901764	-0.17709854245185852	-0.23415349423885345	-0.19343870878219604	0.2950635552406311	0.10675171762704849	-0.22453735768795013	0.527855396270752	0.2612074911594391	0.564949631690979	0.41039371490478516	0.5889948010444641	0.16835133731365204	0.3125420808792114	0.1308373361825943	-0.08722992241382599	0.06904301792383194	-0.00751821743324399	0.25312963128089905	-0.16801676154136658	0.12146144360303879	0.23973020911216736	0.052540216594934464	0.11941256374120712	0.3023900091648102	0.2543216347694397	0.29049593210220337	0.3616395592689514	0.2528323531150818	0.23650193214416504	-0.07146918028593063	-0.04623923823237419	0.1624314785003662	0.03609667345881462	0.33688884973526	0.26507100462913513	0.20026879012584686	0.20870842039585114	0.19725900888442993	0.22872298955917358	-0.16775284707546234	0.004472516942769289	-0.12679800391197205	0.3316512405872345	0.22373248636722565	-0.05806274339556694	-0.15293873846530914	-0.04908346012234688	0.37259408831596375	0.07653935253620148	0.12422952055931091	0.09974285960197449	0.2642208933830261	0.2336246222257614	0.17484503984451294	0.06979988515377045	0.02883078344166279	-0.27972161769866943	0.07043798267841339	-0.13725736737251282	-0.28763142228126526	0.0884222686290741	-0.15748141705989838	0.09363411366939545	0.31429511308670044	0.4155798852443695	-0.11427752673625946	0.010048755444586277	-0.06516016274690628	-0.13548661768436432	0.2387612909078598	0.16963650286197662	0.05244787782430649	0.10163310170173645	-0.030269956216216087	0.09787800908088684	0.3337394595146179	-0.01519742514938116	0.49747052788734436	0.416930228471756	0.4977406859397888	0.5245073437690735	0.464583158493042	0.6336047649383545	0.515380322933197	0.52488774061203	0.4434613585472107	-0.14545787870883942	0.12896403670310974	-0.026151521131396294
LH_Vis_4	-0.1319069266319275	0.5013956427574158	-0.19861359894275665	1.0	0.4391443133354187	0.28531312942504883	0.1195283979177475	0.6373472809791565	0.22990365326404572	-0.20024904608726501	-0.07594439387321472	0.08408410102128983	0.20175801217556	-0.008826793171465397	-0.24761170148849487	0.42418673634529114	0.2051088958978653	0.532332718372345	0.3264097571372986	0.09701037406921387	0.04005468636751175	0.5669699907302856	0.5248335003852844	0.11563406139612198	-0.0224947277456522	0.11896952241659164	-0.09746917337179184	-0.040712229907512665	-0.16005626320838928	0.07820609211921692	0.02100999839603901	0.029151394963264465	-0.041178591549396515	0.3323465883731842	0.35243672132492065	0.2444794923067093	-0.08109687268733978	-0.14326223731040955	0.24983538687229156	0.10177884995937347	-0.2783140540122986	0.03788056597113609	0.1732170581817627	-0.30758073925971985	-0.10440092533826828	-0.3629474341869354	-0.2853931486606598	-0.14391504228115082	-0.009511133655905724	-0.0284770205616951	-0.016804885119199753	0.08805538713932037	-0.15188917517662048	0.8243390321731567	0.18925851583480835	-0.03559475019574165	0.5234003663063049	0.0684891939163208	-0.02383340150117874	0.03481181710958481	0.04680832847952843	0.22554035484790802	0.1318662315607071	-0.06784722208976746	-0.04414001479744911	-0.2461681365966797	-0.26020827889442444	0.1221838891506195	0.173817440867424	0.5204164385795593	-0.1848011612892151	0.24238228797912598	0.3452531397342682	-0.18257908523082733	-0.041300784796476364	0.12943211197853088	-0.28220993280410767	-0.12039238214492798	0.1964210718870163	-0.23056182265281677	-0.3161334693431854	-0.24563108384609222	-0.1415562778711319	0.3059931695461273	-0.07080435752868652	-0.21739228069782257	-0.04208192229270935	-0.003667502896860242	0.12805557250976562	-0.5155050754547119	-0.379303514957428	0.01915755681693554	-0.11549007892608643	0.021879887208342552	-0.06384070962667465	-0.1745050847530365	-0.501842200756073	-0.32201436161994934	-0.09236449748277664	-0.08873935043811798	-0.00556557159870863	-0.012365609407424927	0.06898842006921768	-0.05281325802206993	0.09350884705781937	0.0759030133485794	0.2750064730644226	0.3051132261753082	0.08008170872926712	-0.34513622522354126	0.16170857846736908	0.06285318732261658	0.1384705752134323	0.28830042481422424	0.013099487870931625	-0.17360317707061768	-0.08265402913093567	-0.33908405900001526	0.09339285641908646	-0.08991579711437225	0.2304435521364212	0.13704121112823486	-0.02034677565097809	-0.199248269200325	-0.09612355381250381	0.1639142632484436	-0.08282522857189178	-0.07357945293188095	0.4989798963069916	-0.12216362357139587	0.15972794592380524	-0.21326160430908203	-0.00510028749704361	0.1595514863729477	-0.09708518534898758	0.29565587639808655	0.076421819627285	0.10636302828788757	0.1367567926645279	-0.14353269338607788	0.09965460747480392	0.05568746477365494	-0.3675631582736969	-0.41022810339927673	-0.19804760813713074	-0.1399744749069214	-0.1226697564125061	-0.09030896425247192	0.2716873288154602	-0.07081890106201172	-0.00857104267925024	0.00011278702004346997	-0.0700250193476677	-0.04362032562494278	0.05082803964614868	-0.09607921540737152
LH_Vis_5	0.13666269183158875	0.6483513712882996	0.2295253574848175	0.4391443133354187	1.0	0.4561121463775635	0.23133228719234467	0.31557759642601013	0.4472073018550873	0.0387289822101593	0.1885077804327011	0.20461755990982056	0.14959651231765747	0.07034242898225784	-0.09438443928956985	0.33513152599334717	0.09150498360395432	0.2408493459224701	0.08833644539117813	0.20115546882152557	0.23713742196559906	0.32417768239974976	0.3627939522266388	0.3752230405807495	0.14980733394622803	0.06473705917596817	0.22946038842201233	0.24692924320697784	0.3015022277832031	0.28039056062698364	-0.02743173949420452	0.1930360198020935	0.03711830452084541	0.20136845111846924	0.08573374152183533	0.4170515239238739	0.2556132972240448	0.10195884853601456	0.04520135745406151	0.1293969601392746	-0.2249678373336792	0.23367053270339966	0.01552750263363123	-0.002292168326675892	-0.13548851013183594	-0.3415485620498657	-0.36353856325149536	-0.0934673473238945	0.08526043593883514	0.08759164065122604	0.3685678541660309	0.28100743889808655	0.24638283252716064	0.5255794525146484	0.6977605819702148	0.21679618954658508	0.30206412076950073	0.38698524236679077	0.16227556765079498	0.1908683329820633	0.22400546073913574	0.11960846930742264	0.1840773969888687	0.0468849241733551	0.1673901379108429	0.0025069003459066153	0.033248741179704666	0.005751393735408783	0.12929314374923706	0.42944279313087463	0.3310261070728302	0.16815495491027832	0.3583238422870636	0.15513762831687927	0.15188275277614594	0.2982408404350281	0.2011461853981018	0.27978312969207764	0.15251603722572327	0.187177836894989	0.044127631932497025	0.0011956183006986976	-0.0293600894510746	0.18398258090019226	0.21447084844112396	-0.14110590517520905	0.3175771236419678	0.26873332262039185	0.3168577551841736	-0.1175541803240776	0.03310752287507057	0.09865382313728333	0.14361047744750977	0.1981860250234604	0.06453341990709305	0.2095165252685547	-0.22047051787376404	-0.023701725527644157	0.022557374089956284	0.16453780233860016	0.29025498032569885	0.27472123503685	0.045133087784051895	0.029197851195931435	0.05491895228624344	0.15544214844703674	0.2076234668493271	0.17005790770053864	0.1275242418050766	-0.04464346170425415	0.21861708164215088	0.1289789080619812	-0.09483618289232254	0.12692762911319733	0.34249329566955566	0.1170327216386795	0.11348296701908112	0.044360287487506866	0.27222713828086853	-0.006474472116678953	0.2687860429286957	0.1944306641817093	0.07475835829973221	-0.29100772738456726	-0.23902107775211334	0.039572037756443024	-0.27339887619018555	-0.2753611207008362	0.30621886253356934	0.037989310920238495	0.25224268436431885	0.12986250221729279	0.1331329345703125	0.08695655316114426	-0.18083253502845764	0.2295031100511551	0.2812199592590332	0.326835960149765	0.3734968602657318	0.30411091446876526	0.04051121696829796	0.1814698576927185	0.009406398050487041	-0.32346171140670776	0.20685306191444397	0.3594653010368347	0.28817304968833923	0.19513283669948578	0.41772231459617615	0.29387933015823364	0.1775607019662857	0.1534651219844818	0.315883070230484	-0.027952246367931366	-0.07080014050006866	0.08662192523479462
LH_Vis_6	0.49786248803138733	0.46292489767074585	0.5937967896461487	0.28531312942504883	0.4561121463775635	1.0	0.38723039627075195	0.35593321919441223	0.777259111404419	0.1752147525548935	0.3367040157318115	0.2650642395019531	0.3845091760158539	-0.10880172997713089	0.06940916925668716	0.43273213505744934	-0.013340277597308159	0.15567590296268463	-0.01454398687928915	0.15142743289470673	-0.15414419770240784	0.1747545450925827	0.10525858402252197	0.33195969462394714	0.31580230593681335	0.07366874068975449	0.02055847831070423	0.23112034797668457	0.33863890171051025	0.04552805796265602	0.171962708234787	0.29071885347366333	0.2744230031967163	0.022091442719101906	0.18298448622226715	0.313869833946228	-0.005687780678272247	0.2979106307029724	0.1779094934463501	0.24237048625946045	-0.10143066942691803	0.4109633266925812	0.2285841703414917	0.12464471906423569	-0.02482699789106846	-0.4384807348251343	-0.2767406404018402	-0.08482757210731506	0.3552926778793335	0.045447804033756256	0.5196895003318787	0.4747871160507202	0.26153555512428284	0.188785120844841	0.7938537001609802	0.723774254322052	0.2811897099018097	0.6112114787101746	0.20362114906311035	0.2959379255771637	0.30904337763786316	0.3445465564727783	0.43778231739997864	-0.08309952914714813	0.03941221535205841	0.0042753638699650764	0.12629523873329163	-0.13897524774074554	-0.14126791059970856	0.21347792446613312	0.03454530984163284	0.13589812815189362	0.06222383305430412	0.15531772375106812	0.05126306414604187	0.3567330539226532	-0.006986027117818594	0.21473170816898346	0.22073444724082947	0.05373716354370117	-0.030180077999830246	-0.06355588138103485	-0.024122027680277824	0.2105778306722641	0.05802081152796745	-0.1460198163986206	0.007760022766888142	0.19645093381404877	0.14028514921665192	-0.11793814599514008	0.032936692237854004	0.18679040670394897	0.0713067427277565	0.35153335332870483	0.16399823129177094	0.3294380307197571	-0.2943897247314453	-0.04812024161219597	0.2826119363307953	0.13272874057292938	0.2155000865459442	0.23430201411247253	0.08145978301763535	0.10532139986753464	0.16718274354934692	0.2770512104034424	0.060050591826438904	0.25509732961654663	-0.0715041235089302	-0.017329854890704155	0.10815779119729996	-0.04658157750964165	0.10759223997592926	0.2415752410888672	0.24806123971939087	0.11059824377298355	-0.011715412139892578	-0.10753858089447021	0.2722773253917694	0.17837868630886078	0.2453048676252365	-0.008502992801368237	0.17606456577777863	-0.36491402983665466	-0.03186953812837601	-0.05031348392367363	-0.13676664233207703	0.035318732261657715	0.270275354385376	0.037979282438755035	0.33936217427253723	0.1868884265422821	0.025508349761366844	0.037503864616155624	0.07561448216438293	0.16020488739013672	0.41980743408203125	0.31551307439804077	0.25241634249687195	-0.009932274930179119	0.11604573577642441	0.2070031315088272	0.10083165764808655	-0.27320677042007446	0.4194234013557434	0.24275082349777222	0.3969981074333191	0.38096052408218384	0.6581429839134216	0.4141119122505188	0.4005011022090912	0.37499597668647766	0.4150521457195282	-0.16424456238746643	0.04369845613837242	-0.0612935833632946
LH_Vis_7	0.39892223477363586	0.41838034987449646	0.5880510210990906	0.1195283979177475	0.23133228719234467	0.38723039627075195	1.0	0.43469420075416565	0.22125542163848877	0.1715674251317978	0.14926105737686157	0.34068864583969116	0.01231278758496046	-0.0780341848731041	-0.05421185865998268	0.3645569086074829	0.13729044795036316	-0.06761298328638077	-0.02036580629646778	-0.14089053869247437	-0.15002118051052094	0.05370117723941803	-0.16761042177677155	0.33063071966171265	0.23377171158790588	0.15372706949710846	0.27425894141197205	0.32167792320251465	0.4214811623096466	0.17203675210475922	0.15672430396080017	-0.012113719247281551	0.21116439998149872	-0.14836911857128143	-0.2168964147567749	-0.026420103386044502	0.11448152363300323	0.03323616832494736	-0.3626965582370758	0.18682698905467987	-0.2390558123588562	0.23022213578224182	-0.20265382528305054	0.016230104491114616	0.014130770228803158	-0.22035402059555054	-0.3709104061126709	0.0043609049171209335	-0.06917981058359146	-0.25162234902381897	0.46173080801963806	0.6960316300392151	0.4522736072540283	0.13254758715629578	0.35053589940071106	0.32408958673477173	0.3358057141304016	0.433072030544281	0.1909136027097702	0.11190847307443619	0.334391325712204	-0.049436844885349274	0.37190884351730347	0.08383170515298843	0.07312124967575073	-0.18287621438503265	0.0913483202457428	-0.04886365681886673	-0.1554158329963684	-0.008255849592387676	0.02576693706214428	0.2873712480068207	0.03525077551603317	0.45393669605255127	0.25240787863731384	0.39215320348739624	0.21689379215240479	0.4971136450767517	0.31665030121803284	0.08570422232151031	-0.06696120649576187	-0.35724255442619324	-0.006948231253772974	0.12097081542015076	0.2303014099597931	-0.20468592643737793	0.02435573749244213	0.032410427927970886	-0.18510566651821136	-0.127247154712677	0.19012916088104248	0.1408909559249878	0.1640341579914093	0.21538512408733368	0.23250430822372437	0.09877227991819382	-0.12737861275672913	-0.18202170729637146	-0.02612375281751156	-0.056250568479299545	0.20170825719833374	0.005208523478358984	0.23222947120666504	0.17411509156227112	0.06283219903707504	0.08290982991456985	0.06797347217798233	-0.07255146652460098	-0.17329351603984833	0.37800368666648865	0.32572293281555176	-0.1247715875506401	-0.1360219568014145	-0.05426078289747238	0.2405509203672409	-0.05817324295639992	-0.15850000083446503	-0.08167072385549545	-0.06984376162290573	-0.09031572937965393	0.18629401922225952	0.12948375940322876	0.0733807161450386	-0.2285277098417282	0.14200785756111145	-0.051403507590293884	-0.22384819388389587	-0.025810783728957176	-0.14763255417346954	-0.14884142577648163	0.1411091536283493	0.09225054085254669	-0.033804357051849365	-0.1800571084022522	-0.19080321490764618	-0.22922545671463013	0.042146697640419006	0.020273670554161072	-0.07755345851182938	0.038100820034742355	-0.08292552083730698	-0.005556260701268911	0.1876763552427292	-0.12208516150712967	0.294463187456131	0.41168034076690674	0.2169567048549652	0.2748154103755951	0.28038960695266724	0.2630656361579895	0.2318798005580902	0.2993190586566925	0.3151094913482666	-0.033701613545417786	0.12088607996702194	-0.06263300776481628
LH_Vis_8	-0.056735485792160034	0.37402212619781494	0.060813140124082565	0.6373472809791565	0.31557759642601013	0.35593321919441223	0.43469420075416565	1.0	0.23036737740039825	-0.34578627347946167	-0.16287198662757874	0.036469653248786926	-0.11332032829523087	-0.15702815353870392	-0.3491446077823639	0.6122804284095764	0.07606712728738785	0.6117104291915894	0.23698070645332336	0.2315255105495453	-0.12793636322021484	0.2601211369037628	0.3406880795955658	0.03944452106952667	-0.17264506220817566	-0.25202029943466187	-0.10044585913419724	0.013574086129665375	0.09938176721334457	0.031541645526885986	0.1866382211446762	-0.021712642163038254	0.17049382627010345	0.23165461421012878	0.11476879566907883	0.0641726478934288	0.01232138928025961	-0.2222002148628235	0.002754123415797949	-0.16613765060901642	-0.24248415231704712	-0.008697502315044403	0.11648999899625778	-0.3189380168914795	-0.02814231440424919	-0.3639252781867981	-0.25622859597206116	-0.05969913676381111	-0.12319274246692657	-0.151959627866745	0.09997113049030304	0.4690931439399719	0.11336596310138702	0.4368445873260498	0.2737254500389099	0.10210613906383514	0.8415457010269165	0.36451661586761475	-0.24030426144599915	-0.1601724475622177	0.0038121582474559546	-0.11565059423446655	0.28468915820121765	-0.15110467374324799	-0.10392299294471741	-0.42769762873649597	-0.12481501698493958	-0.11697009205818176	0.11546746641397476	0.6692439913749695	-0.22043566405773163	0.08081568032503128	0.23371055722236633	-0.24030017852783203	-0.13942763209342957	-0.0843467265367508	-0.24800331890583038	-0.12755735218524933	0.37995246052742004	-0.2641034424304962	-0.3238984942436218	-0.18222545087337494	-0.0008618185529485345	0.122725710272789	-0.07768948376178741	-0.1489027887582779	-0.06065743416547775	-0.08203937858343124	0.04304845258593559	-0.49639278650283813	-0.10409776866436005	-0.17602869868278503	-0.2794354259967804	-0.010840225964784622	-0.06356446444988251	-0.22743350267410278	-0.5361555218696594	-0.14693842828273773	-0.19959799945354462	-0.06543846428394318	-0.19657748937606812	-0.01829400844871998	-0.14651210606098175	0.025766730308532715	-0.05834750831127167	0.10064922273159027	0.13583488762378693	-0.03424748405814171	-0.07253500074148178	-0.0578230582177639	0.2250790148973465	-0.22819086909294128	-0.07484795898199081	-0.0031082036439329386	-0.181349977850914	-0.16260506212711334	-0.22808675467967987	-0.3244338929653168	0.03603317588567734	-0.17320220172405243	0.29458481073379517	0.06107465922832489	0.11765177547931671	-0.4042471945285797	-0.11381018161773682	0.026092341169714928	-0.021941523998975754	-0.12027598172426224	0.2468537986278534	-0.4281546473503113	-0.011822357773780823	-0.26552054286003113	-0.25024673342704773	-0.011698903515934944	-0.3707958161830902	0.002153553068637848	-0.1326330453157425	-0.05026378855109215	0.04297930747270584	-0.3034142255783081	-0.17481446266174316	-0.1474825143814087	-0.39166033267974854	-0.31194013357162476	-0.16931165754795074	-0.020715152844786644	-0.03620357811450958	-0.01352609321475029	0.48542162775993347	-0.08990626037120819	0.3053068220615387	0.30268922448158264	0.11237648874521255	0.0762566477060318	0.3796764016151428	0.006538715213537216
LH_Vis_9	0.22019028663635254	0.3900381028652191	0.5000474452972412	0.22990365326404572	0.4472073018550873	0.777259111404419	0.22125542163848877	0.23036737740039825	1.0	0.19513922929763794	0.34135740995407104	0.26796841621398926	0.3184967041015625	-0.3464999496936798	0.1547953188419342	0.35547181963920593	-0.07309894263744354	0.19723626971244812	-0.0469505600631237	0.36200180649757385	-0.046069033443927765	-0.005179149564355612	-0.024982474744319916	0.3711627423763275	0.3561638593673706	0.019171619787812233	-0.06783810257911682	0.1822037249803543	0.4113747179508209	0.10754746943712234	0.10944753885269165	0.32756873965263367	0.10874544084072113	0.14778690040111542	0.04655993729829788	0.6975587010383606	0.20876872539520264	0.30843794345855713	0.164419487118721	0.15802539885044098	0.042279064655303955	0.2790065407752991	0.09947508573532104	0.18934373557567596	-0.0019206192810088396	-0.4348714351654053	-0.21321254968643188	-0.18595704436302185	0.5579366683959961	0.3935716152191162	0.32133948802948	0.24061711132526398	0.13670547306537628	0.12534616887569427	0.7004818320274353	0.6515332460403442	0.09020474553108215	0.7328973412513733	0.16827590763568878	0.3971552848815918	0.3098120391368866	0.28402358293533325	0.43749430775642395	0.0029461593367159367	0.12403926998376846	0.05987200886011124	0.14055462181568146	-0.16171179711818695	-0.1928069293498993	0.18291181325912476	0.09875469654798508	-0.05832693725824356	-0.059378545731306076	0.07904575020074844	0.20108453929424286	0.31643790006637573	0.21632015705108643	0.23323297500610352	0.13779577612876892	0.11088251322507858	-0.12862181663513184	-0.01008657831698656	-0.08025545626878738	0.03753819316625595	-0.14829590916633606	-0.2988949418067932	0.32663729786872864	0.09152717888355255	0.4379267990589142	-0.16559574007987976	-0.15702201426029205	0.1615050584077835	0.06469429284334183	0.1665305644273758	-0.03962330520153046	0.42584824562072754	-0.43121156096458435	-0.22427009046077728	0.40736955404281616	0.3339332938194275	0.2995260953903198	0.20606008172035217	0.05517243593931198	0.10457443445920944	0.0483221709728241	0.3997817039489746	0.16023169457912445	0.35791081190109253	0.18352045118808746	-0.09878711402416229	0.17683148384094238	0.12645521759986877	0.09675765782594681	0.218556746840477	0.34167754650115967	0.0907428190112114	0.12859442830085754	-0.1143776997923851	0.30850014090538025	0.3381951153278351	0.4247068166732788	0.23021440207958221	0.0967034325003624	-0.10166063904762268	0.03755929321050644	0.030627453699707985	-0.14135156571865082	0.08025217801332474	0.35390758514404297	0.08593617379665375	0.4512680172920227	0.3234129250049591	0.1699240654706955	0.18661342561244965	0.003673729719594121	0.23514212667942047	0.3584505021572113	0.40002384781837463	0.4039022624492645	0.20917165279388428	0.20443572103977203	0.38337498903274536	0.09641840308904648	-0.3912595510482788	0.30562832951545715	0.12733176350593567	0.4544767737388611	0.29359012842178345	0.5969827771186829	0.35787180066108704	0.20813103020191193	0.26167720556259155	0.21380382776260376	-0.38816726207733154	-0.18271642923355103	-0.2632158696651459
LH_SomMot_1	0.44263747334480286	0.22987259924411774	0.5519492030143738	-0.20024904608726501	0.0387289822101593	0.1752147525548935	0.1715674251317978	-0.34578627347946167	0.19513922929763794	1.0	0.7401703596115112	0.6131844520568848	0.5938405394554138	0.21546517312526703	0.6069772243499756	-0.1716918647289276	-0.10581061244010925	-0.45826661586761475	-0.2066049724817276	-0.15972043573856354	0.2366771399974823	-0.1371334344148636	-0.31011661887168884	0.3542185127735138	0.7389318346977234	0.42536139488220215	0.06398269534111023	0.2603095471858978	0.2538010776042938	0.43086105585098267	-0.06525653600692749	0.03493678197264671	0.10370496660470963	-0.128831148147583	-0.1366722285747528	0.0016950814751908183	-0.1963685005903244	0.20399555563926697	0.12034687399864197	0.6169435977935791	-0.15255485475063324	0.20669732987880707	-0.008187969215214252	0.09974140673875809	-0.07019085437059402	-0.19290083646774292	-0.1228584349155426	-0.4012789726257324	0.07458674907684326	-0.13492678105831146	0.33431658148765564	0.17666715383529663	0.230180025100708	-0.19669002294540405	0.08316623419523239	0.3665376305580139	-0.4845089614391327	0.15444627404212952	0.8545945882797241	0.6192965507507324	0.6331180334091187	0.48179715871810913	0.3906026780605316	0.19107332825660706	0.26227617263793945	0.47229892015457153	-0.1380380541086197	-0.008807381615042686	-0.21561065316200256	-0.4750053286552429	0.30250540375709534	-0.06187254935503006	-0.17165739834308624	0.5807627439498901	0.3386164903640747	0.5610460638999939	0.2792472541332245	0.5726768374443054	-0.08655323088169098	0.0992988795042038	0.012011843733489513	-0.0706600621342659	-0.07792726159095764	-0.12607696652412415	0.015499044209718704	-0.1683068722486496	-0.11035637557506561	0.056402307003736496	-0.12603364884853363	0.04403989389538765	0.05332767963409424	0.3923240602016449	0.5615838766098022	0.11331436783075333	-0.0020400001667439938	0.057850975543260574	-0.09429335594177246	-0.2057991772890091	0.23642244935035706	-0.2697140574455261	0.3669855296611786	0.1679997593164444	0.13277727365493774	-0.00836210511624813	0.10654496401548386	-0.010849361307919025	-0.20451337099075317	0.010548735968768597	-0.10604190081357956	0.10040031373500824	-0.010178781114518642	0.0544942244887352	0.06940499693155289	-0.23770850896835327	0.3442898094654083	-0.07023368030786514	0.19682873785495758	0.16858449578285217	0.18427668511867523	0.23947331309318542	-0.0972040668129921	-0.10100836306810379	-0.2609349489212036	-0.02523375302553177	0.11150898039340973	-0.23713742196559906	-0.1433100700378418	0.12273599207401276	-0.14749190211296082	0.17716637253761292	0.19157780706882477	0.3994627892971039	-0.01597178727388382	0.1930297613143921	0.28909796476364136	-0.011846950277686119	0.05466622859239578	-0.021712416782975197	-0.024647384881973267	0.19383259117603302	0.03926980867981911	0.3432418704032898	0.5264236927032471	-0.06975404918193817	0.49670976400375366	0.26798635721206665	0.43577736616134644	0.4935934543609619	0.07047779858112335	0.48781099915504456	0.17108099162578583	0.27201053500175476	0.10917290300130844	-0.2531697452068329	0.030405888333916664	-0.12015136331319809
LH_SomMot_2	0.32471412420272827	0.25105175375938416	0.49635744094848633	-0.07594439387321472	0.1885077804327011	0.3367040157318115	0.14926105737686157	-0.16287198662757874	0.34135740995407104	0.7401703596115112	1.0	0.8269844651222229	0.7410469055175781	0.3973444998264313	0.6515277028083801	0.0029982959385961294	-0.027794213965535164	-0.22820743918418884	-0.06949272006750107	0.017252640798687935	0.41398295760154724	-0.13411125540733337	-0.08854570984840393	0.38741928339004517	0.7373913526535034	0.2674880027770996	-0.03509065881371498	0.23368215560913086	0.3899904489517212	0.5248839855194092	-0.17986652255058289	0.04230888932943344	-0.022359145805239677	-0.16839857399463654	-0.14511564373970032	0.15276138484477997	-0.13728806376457214	0.12422093003988266	0.17883151769638062	0.4146645963191986	-0.3555149734020233	0.0156545490026474	-0.003966870717704296	-0.05086269602179527	-0.1838487684726715	-0.41629257798194885	-0.36859336495399475	-0.5600274801254272	0.1429455280303955	-0.10942792892456055	0.35693180561065674	0.15094386041164398	0.3217560648918152	-0.055488087236881256	0.28963419795036316	0.5031045079231262	-0.20118695497512817	0.277624249458313	0.760029673576355	0.8048771023750305	0.8356254696846008	0.538294792175293	0.5978213548660278	0.23684194684028625	0.39187920093536377	0.5449368953704834	-0.24197374284267426	0.0614953488111496	-0.32852840423583984	-0.20891840755939484	0.3820161819458008	-0.15034501254558563	0.061114292591810226	0.30255982279777527	0.4218808710575104	0.4982295036315918	0.39309465885162354	0.6188191175460815	-0.08371071517467499	0.07497011125087738	-0.23878681659698486	-0.192648246884346	-0.11467927694320679	-0.13939112424850464	-0.0343899130821228	-0.29654327034950256	0.03384065628051758	-0.021103598177433014	-0.007830891758203506	-0.25405701994895935	-0.10447211563587189	0.28390783071517944	0.3405354619026184	-0.06918872892856598	-0.13915222883224487	0.044787079095840454	-0.22151243686676025	-0.35039636492729187	0.2261810600757599	-0.2562379240989685	0.5059893727302551	0.18987023830413818	0.09328710287809372	0.1446417272090912	0.20605920255184174	0.18240636587142944	-0.19510121643543243	0.18991729617118835	-0.015743358060717583	0.09867799282073975	0.2179020345211029	0.02905621938407421	0.20244358479976654	-0.10440167784690857	0.4976024031639099	-0.12929052114486694	0.2521136403083801	0.016240250319242477	0.3126567006111145	0.1692849099636078	0.06668161600828171	-0.01559846568852663	-0.151988685131073	-0.12018779665231705	0.2481386810541153	-0.20348113775253296	-0.2012244313955307	0.10509640723466873	0.15877129137516022	0.16994957625865936	0.488974392414093	0.4951786994934082	0.15170659124851227	0.2140180617570877	0.3099287748336792	0.13232964277267456	0.12783879041671753	0.16141803562641144	0.27716776728630066	0.3160827159881592	0.14271581172943115	0.5948503613471985	0.4530690312385559	-0.2311280071735382	0.4697940945625305	0.2911382019519806	0.581166684627533	0.65766841173172	0.2502688467502594	0.5256296992301941	0.13734494149684906	0.2930891811847687	0.13666808605194092	-0.3993886709213257	-0.13811740279197693	-0.25390851497650146
LH_SomMot_3	0.37070566415786743	0.41610395908355713	0.5440340042114258	0.08408410102128983	0.20461755990982056	0.2650642395019531	0.34068864583969116	0.036469653248786926	0.26796841621398926	0.6131844520568848	0.8269844651222229	1.0	0.6606955528259277	0.41379258036613464	0.4207775592803955	0.11542782187461853	0.2249942272901535	-0.11982298642396927	0.09352679550647736	0.026451455429196358	0.44215017557144165	0.08901660144329071	-0.011461802758276463	0.4893130362033844	0.6887217164039612	0.36656153202056885	0.05735815688967705	0.32378125190734863	0.3117157220840454	0.6439012885093689	-0.10259829461574554	0.09342515468597412	-0.0684155747294426	-0.1176089271903038	-0.1413223296403885	0.1284393072128296	-0.21613971889019012	0.03224574029445648	0.0841766893863678	0.3840480148792267	-0.5347052216529846	0.057697366923093796	-0.057925935834646225	-0.20090466737747192	-0.17485305666923523	-0.5512267351150513	-0.4626176953315735	-0.6058057546615601	0.012719938531517982	-0.21153344213962555	0.3795021176338196	0.2833353281021118	0.2690928280353546	0.05347232148051262	0.20434358716011047	0.40977782011032104	-0.055185720324516296	0.25918760895729065	0.6532400846481323	0.692889392375946	0.9060896039009094	0.3548514246940613	0.5698287487030029	0.12218305468559265	0.266819030046463	0.28873082995414734	-0.3518128991127014	0.08279942721128464	-0.2488664984703064	-0.14016810059547424	0.2899552285671234	0.05634358152747154	0.08196966350078583	0.30389925837516785	0.5137666463851929	0.5904557108879089	0.3907589912414551	0.7021675109863281	0.04264364019036293	0.05643255263566971	-0.30683454871177673	-0.3585687279701233	-0.11091697961091995	-0.06362971663475037	0.035173043608665466	-0.37818023562431335	-0.005288749001920223	-0.011491033248603344	-0.12767751514911652	-0.4134446680545807	-0.1637534648180008	0.1709529608488083	0.1798042356967926	-0.10356034338474274	-0.14973589777946472	-0.17839939892292023	-0.38807225227355957	-0.4978983402252197	0.048543430864810944	-0.40001651644706726	0.5292699337005615	0.20322778820991516	0.13371509313583374	0.20504672825336456	0.20713001489639282	0.20417845249176025	-0.0919724851846695	0.09828357398509979	-0.006025324575603008	0.12997880578041077	0.2957261800765991	-0.03660110384225845	0.08358990401029587	-0.178424671292305	0.5242560505867004	-0.18637757003307343	0.18779200315475464	-0.03169906139373779	0.22996053099632263	0.12617233395576477	0.09474320709705353	-0.008946350775659084	-0.13370119035243988	-0.06559614837169647	0.2355516403913498	-0.16203641891479492	-0.3236290216445923	0.07637427002191544	0.19255481660366058	0.08207245916128159	0.5178185105323792	0.47255977988243103	0.0889289602637291	0.2543644607067108	0.18809975683689117	0.06893031299114227	0.034558627754449844	0.21890272200107574	0.21769936382770538	0.23771193623542786	0.208952859044075	0.5208997130393982	0.29541224241256714	-0.24680911004543304	0.34741324186325073	0.32325053215026855	0.40631014108657837	0.5332770347595215	0.23542800545692444	0.44961071014404297	0.1527295559644699	0.2872259318828583	-0.0014534826623275876	-0.3577350974082947	-0.13693217933177948	-0.29096460342407227
