Node	HIP-head-m-rh	HIP-head-l-rh	HIP-body-rh	HIP-tail-rh	THA-VPm-rh	THA-VPl-rh	THA-VAi-rh	THA-VAs-rh	THA-DAm-rh	THA-DAl-rh	PUT-VA-rh	PUT-DA-rh	PUT-VP-rh	PUT-DP-rh	CAU-VA-rh	CAU-DA-rh	CAU-body-rh	CAU-tail-rh	lAMY-rh	mAMY-rh	THA-DP-rh	NAc-shell-rh	NAc-core-rh	pGP-rh	aGP-rh	HIP-head-m-lh	HIP-head-l-l	HIP-body-l	HIP-tail-lh	THA-VPm-lh	THA-VPl-lh	THA-VAi-lh	THA-VAs-lh	THA-DAm-lh	THA-DAl-lh	PUT-VA-lh	PUT-DA-l	PUT-VP-lh	PUT-DP-lh	CAU-VA-lh	CAU-DA-lh	CAU-body-lh	CAU-tail-lh	lAMY-lh	mAMY-lh	THA-DP-lh	NAc-shell-lh	NAc-core-lh	pGP-lh	aGP-lh
HIP-head-m-rh	1.0	0.11926300823688507	0.36990413069725037	0.1722908914089203	0.045514676719903946	-0.10305233299732208	-0.02333938516676426	0.07421693950891495	-0.1037733405828476	0.08834418654441833	-0.2145823836326599	-0.29648780822753906	-0.2302859127521515	-0.2648462653160095	-0.31954097747802734	-0.03164060041308403	-0.2662177085876465	0.07480012625455856	-0.04587404057383537	0.1766255646944046	-0.3755505084991455	0.2692929804325104	-0.1047297939658165	0.1573573648929596	-0.031458549201488495	0.7716818451881409	0.2909342646598816	0.313662052154541	0.23534099757671356	-0.5057141780853271	0.18400874733924866	0.1258760243654251	0.0880419909954071	0.5386768579483032	0.0459885448217392	0.09827058762311935	-0.3250931203365326	0.0637083575129509	0.4267861843109131	-0.18630525469779968	-0.24360880255699158	0.03804426267743111	0.19084054231643677	0.15563632547855377	0.2868111729621887	-0.02698414772748947	0.24326278269290924	0.2335328310728073	-0.06120273843407631	0.12498147785663605
HIP-head-l-rh	0.11926300823688507	1.0	0.133956179022789	0.09969676285982132	0.29417380690574646	0.013721311464905739	0.03217795491218567	0.1861567348241806	0.10710760951042175	0.2805979251861572	0.20850051939487457	0.1715393364429474	-0.20662547647953033	0.2146395742893219	0.3310161828994751	0.14438994228839874	0.07355678826570511	0.12666332721710205	0.02044416032731533	0.24354438483715057	-0.34345826506614685	0.032008059322834015	0.29504823684692383	0.08711731433868408	-0.08469359576702118	0.1959460973739624	-0.11620271950960159	0.2087709754705429	0.13903425633907318	-0.5120472311973572	0.04072491452097893	0.023520007729530334	-0.08257679641246796	-0.0682489275932312	0.1750563383102417	0.061852071434259415	-0.1369779258966446	0.15789243578910828	0.4055207669734955	-0.030715614557266235	0.2326659858226776	0.053769197314977646	0.0774097889661789	-0.14623744785785675	-0.05868319049477577	-0.32751229405403137	-0.02171843685209751	-0.0416405126452446	-0.1776951104402542	-0.42858460545539856
HIP-body-rh	0.36990413069725037	0.133956179022789	1.0	0.5949569940567017	-0.33485132455825806	-0.059265099465847015	-0.0459924191236496	-0.2723923325538635	-0.15704894065856934	-0.0644415020942688	-0.2684282958507538	0.18288691341876984	0.03910296782851219	-0.0999813973903656	-0.4200209677219391	-0.3215329647064209	-0.28431233763694763	0.07255923002958298	0.07519848644733429	0.5128021240234375	-0.12176086753606796	0.29892176389694214	-0.13015912473201752	0.02811540849506855	-0.35037827491760254	0.6047122478485107	0.5198830366134644	0.7265195250511169	0.4955081343650818	-0.3568117320537567	0.18603844940662384	0.3152826428413391	-0.06500832736492157	0.43672728538513184	0.00843872595578432	-0.0710863396525383	-0.1708023101091385	0.030678922310471535	0.11628778278827667	-0.2741978168487549	-0.3226684033870697	-0.23499538004398346	-0.19703371822834015	-0.0898757129907608	0.47632816433906555	0.5680416822433472	0.01835392415523529	-0.19996678829193115	0.06976059824228287	-0.2500639259815216
HIP-tail-rh	0.1722908914089203	0.09969676285982132	0.5949569940567017	1.0	-0.06156579405069351	0.1369779407978058	0.14551930129528046	0.03939291089773178	0.13723888993263245	0.14759568870067596	0.07249181717634201	0.33674293756484985	0.32017552852630615	0.14152409136295319	-0.26226407289505005	-0.15820614993572235	-0.2375376969575882	-0.006247582845389843	0.037748634815216064	0.34300482273101807	-0.2994941174983978	0.23247480392456055	0.11256077140569687	-0.0019452921114861965	-0.09558387845754623	0.38036131858825684	0.1418525129556656	0.4503985345363617	0.3980705738067627	-0.38315972685813904	0.2777461111545563	0.28224992752075195	-0.14391206204891205	0.16113463044166565	-0.12854653596878052	-0.08632094413042068	-0.10019121319055557	0.28620755672454834	0.02785920724272728	-0.13601118326187134	-0.16250301897525787	-0.21887217462062836	0.09687134623527527	-0.22219054400920868	0.2496839016675949	0.4194183945655823	-0.09003078192472458	-0.13845396041870117	-0.06453785300254822	-0.3754395842552185
THA-VPm-rh	0.045514676719903946	0.29417380690574646	-0.33485132455825806	-0.06156579405069351	1.0	0.08379944413900375	0.00017290175310336053	0.3397271931171417	0.31334665417671204	0.3007964789867401	0.3215372860431671	-0.0022100056521594524	-0.11928033083677292	0.17657531797885895	0.28740909695625305	0.26280027627944946	0.27197158336639404	-0.015650007873773575	-0.34074538946151733	-0.3271543085575104	0.015812858939170837	0.1180666983127594	0.5708720088005066	0.13451139628887177	0.09221711754798889	-0.2288215309381485	-0.3985860347747803	-0.16816666722297668	-0.1177014634013176	0.03811796382069588	-0.019264614209532738	-0.4035404324531555	-0.27281367778778076	0.0022346503101289272	-0.18279965221881866	0.20118573307991028	-0.0030907478649169207	0.20413294434547424	0.2626020908355713	0.1011335477232933	0.20393550395965576	0.12801551818847656	0.37161746621131897	-0.1158984825015068	-0.4547371566295624	-0.38558024168014526	0.3388616740703583	-0.06342091411352158	-0.033847540616989136	0.11907274276018143
THA-VPl-rh	-0.10305233299732208	0.013721311464905739	-0.059265099465847015	0.1369779407978058	0.08379944413900375	1.0	0.22441191971302032	0.387980580329895	0.19823819398880005	0.2214970886707306	-0.033800158649683	-0.3243959844112396	0.1182364672422409	-0.03418078273534775	0.01008845865726471	0.05090516060590744	0.16799291968345642	-0.03640143573284149	-0.018200913444161415	-0.25556913018226624	0.34523048996925354	0.1567111313343048	0.230980783700943	0.267317533493042	0.332541286945343	-0.2699768841266632	-0.3334145247936249	-0.00865256693214178	-0.27048975229263306	0.10973606258630753	-0.08152180910110474	0.07956983894109726	0.02897416613996029	-0.10662360489368439	-0.09835226088762283	-0.2804569900035858	-0.3165247440338135	-0.058589544147253036	-0.24718596041202545	0.20483681559562683	-0.007838023826479912	-0.10521017014980316	-0.07671909779310226	-0.01994839496910572	-0.11807195842266083	-0.044533733278512955	-0.1736108660697937	-0.0697065144777298	0.47698909044265747	-0.019612429663538933
THA-VAi-rh	-0.02333938516676426	0.03217795491218567	-0.0459924191236496	0.14551930129528046	0.00017290175310336053	0.22441191971302032	1.0	0.5744172930717468	0.5087522268295288	0.6386112570762634	0.11318178474903107	-0.17835591733455658	0.02822125516831875	-0.0305804330855608	0.07126996666193008	-0.2112712860107422	0.03074057213962078	-0.03068787232041359	-0.3221461772918701	-0.3828851580619812	0.1390831172466278	0.37848979234695435	-0.01495665404945612	-0.28781792521476746	0.3111983835697174	-0.12850341200828552	0.0858459621667862	0.2473786622285843	-0.1706371307373047	-0.28959304094314575	0.22063787281513214	0.5743210315704346	0.19352103769779205	0.3160042464733124	0.5853205323219299	-0.17739824950695038	0.0333440937101841	0.24688901007175446	0.3390212655067444	0.14199960231781006	0.17835460603237152	0.347809374332428	0.014860994182527065	-0.3966183066368103	-0.26578277349472046	0.2876017987728119	0.03375241532921791	0.141689270734787	-0.035333603620529175	-0.181352436542511
THA-VAs-rh	0.07421693950891495	0.1861567348241806	-0.2723923325538635	0.03939291089773178	0.3397271931171417	0.387980580329895	0.5744172930717468	1.0	0.7383079528808594	0.6220155358314514	0.19138643145561218	-0.3359752893447876	-0.2332950234413147	-0.0976240336894989	0.2644912898540497	0.18363210558891296	0.31133872270584106	0.2053689807653427	-0.19509029388427734	-0.2780540883541107	0.12318551540374756	0.0809713825583458	0.2298695594072342	-0.10295069217681885	0.32400408387184143	-0.2077229619026184	-0.1611320525407791	-0.00533761503174901	-0.3407387137413025	-0.15727010369300842	-0.030362103134393692	0.08140181750059128	0.14959090948104858	0.11095263808965683	0.15606263279914856	-0.12385328114032745	-0.10356255620718002	0.028327330946922302	0.37439537048339844	0.10603562742471695	0.23639172315597534	0.4245130121707916	0.2439710944890976	-0.28617623448371887	-0.18714118003845215	-0.22184686362743378	-0.109507255256176	0.1123378723859787	0.06230407953262329	0.06415186077356339
THA-DAm-rh	-0.1037733405828476	0.10710760951042175	-0.15704894065856934	0.13723888993263245	0.31334665417671204	0.19823819398880005	0.5087522268295288	0.7383079528808594	1.0	0.4180096685886383	0.12422412633895874	-0.11346317082643509	-0.1825534701347351	0.026009315624833107	0.18669815361499786	-0.04497571662068367	0.11238669604063034	0.1558721512556076	-0.2940593361854553	-0.26075559854507446	0.21585306525230408	0.12874042987823486	0.11521796137094498	-0.15516404807567596	0.19579026103019714	-0.21490882337093353	0.0020528347231447697	0.06196125969290733	-0.35302382707595825	0.001376791507937014	0.13522303104400635	0.1352081447839737	0.03648415580391884	0.04830781742930412	0.2160215526819229	-0.09132825583219528	0.055137939751148224	0.0953773781657219	0.22679385542869568	-0.16029925644397736	0.04835573583841324	0.26765695214271545	0.10776427388191223	-0.40338873863220215	-0.12089871615171432	-0.07089035212993622	-0.14556053280830383	-0.12542754411697388	0.11587318032979965	-0.0769646093249321
THA-DAl-rh	0.08834418654441833	0.2805979251861572	-0.0644415020942688	0.14759568870067596	0.3007964789867401	0.2214970886707306	0.6386112570762634	0.6220155358314514	0.4180096685886383	1.0	0.26885637640953064	-0.1970393806695938	0.05160672217607498	-0.06027771160006523	0.08943227678537369	-0.06427785754203796	0.026804469525814056	-0.15112639963626862	-0.2996654510498047	-0.2901282012462616	-0.11493847519159317	0.3574115037918091	0.23759973049163818	0.09686879068613052	0.12769979238510132	-0.08342507481575012	-0.23108668625354767	0.300392746925354	-0.03849669545888901	-0.4489560127258301	0.3016890585422516	0.38087424635887146	0.030844440683722496	0.3088616728782654	0.4388766586780548	0.06156705319881439	-0.05615091696381569	0.2245006263256073	0.4535856246948242	0.16253258287906647	0.1488763839006424	0.2670917510986328	0.16571837663650513	-0.3613359034061432	-0.4045538306236267	0.04435346648097038	0.28338247537612915	0.1022590771317482	-0.03900037333369255	-0.1268346905708313
PUT-VA-rh	-0.2145823836326599	0.20850051939487457	-0.2684282958507538	0.07249181717634201	0.3215372860431671	-0.033800158649683	0.11318178474903107	0.19138643145561218	0.12422412633895874	0.26885637640953064	1.0	0.47816768288612366	0.2286454141139984	0.7916790246963501	0.12731723487377167	0.26475444436073303	-0.02694506198167801	-0.1471119523048401	0.07017958909273148	-0.1626851111650467	-0.17433574795722961	0.1674344390630722	0.6014835238456726	0.17086118459701538	-0.13184772431850433	-0.29812365770339966	-0.18445828557014465	-0.00802125409245491	0.0826093778014183	-0.0558716244995594	0.24161948263645172	-0.029673749580979347	0.09643211215734482	-0.07078823447227478	0.2304537445306778	0.6154515147209167	0.7072198987007141	0.08647684752941132	0.30519354343414307	0.10169345885515213	0.48915809392929077	0.03337712958455086	0.25411367416381836	0.27457618713378906	-0.1349196881055832	-0.01441208180040121	0.4206821620464325	0.28698739409446716	-0.3689594566822052	0.004848354961723089
PUT-DA-rh	-0.29648780822753906	0.1715393364429474	0.18288691341876984	0.33674293756484985	-0.0022100056521594524	-0.3243959844112396	-0.17835591733455658	-0.3359752893447876	-0.11346317082643509	-0.1970393806695938	0.47816768288612366	1.0	0.3023526072502136	0.63974529504776	0.16255313158035278	-0.008801798336207867	-0.04638601839542389	0.14804033935070038	0.10784771293401718	0.3844340741634369	-0.1519644409418106	-0.049419254064559937	0.2526279389858246	-0.07890398800373077	-0.07949095964431763	-0.13344404101371765	0.1395397186279297	0.12986202538013458	0.32059764862060547	-0.06445261090993881	0.12688711285591125	-0.1411331743001938	-0.10980206727981567	-0.24280840158462524	0.09349967539310455	0.38669008016586304	0.5406095385551453	0.23440265655517578	-0.02723592333495617	0.03641136735677719	0.07749933749437332	-0.25370827317237854	0.16256433725357056	0.2385442703962326	0.20470726490020752	0.3164636194705963	0.045617323368787766	-0.06743369996547699	-0.36488816142082214	-0.27658945322036743
PUT-VP-rh	-0.2302859127521515	-0.20662547647953033	0.03910296782851219	0.32017552852630615	-0.11928033083677292	0.1182364672422409	0.02822125516831875	-0.2332950234413147	-0.1825534701347351	0.05160672217607498	0.2286454141139984	0.3023526072502136	1.0	0.2977021038532257	-0.13648967444896698	-0.389984667301178	0.10726349800825119	-0.00066396250622347	0.06772618740797043	0.019862765446305275	-0.06947936117649078	-0.06912823766469955	0.05227562412619591	0.24451452493667603	0.011069335043430328	-0.22983284294605255	-0.2510988116264343	-0.010013993829488754	0.1905493438243866	-0.116199791431427	0.10098002105951309	0.07940361648797989	-0.0825948491692543	-0.03287363052368164	-0.03327455371618271	-0.13296811282634735	0.09959778189659119	0.5566446185112	-0.03828654810786247	0.22991375625133514	-0.08319347351789474	-0.20783646404743195	-0.06643986701965332	-0.1650376319885254	-0.09081681072711945	0.36600181460380554	-0.08152659237384796	-0.0994086042046547	0.08007525652647018	-0.31126508116722107
PUT-DP-rh	-0.2648462653160095	0.2146395742893219	-0.0999813973903656	0.14152409136295319	0.17657531797885895	-0.03418078273534775	-0.0305804330855608	-0.0976240336894989	0.026009315624833107	-0.06027771160006523	0.7916790246963501	0.63974529504776	0.2977021038532257	1.0	0.08285196870565414	0.12964513897895813	-0.20021848380565643	-0.15610843896865845	0.23643401265144348	0.1538640856742859	-0.23437853157520294	0.2141532003879547	0.35978636145591736	0.21224498748779297	-0.13829877972602844	-0.2596959173679352	0.017368769273161888	0.1547401249408722	0.28687238693237305	0.03908337280154228	0.4049139618873596	-0.05101078748703003	0.13571417331695557	-0.12910762429237366	0.169277623295784	0.48034805059432983	0.6442081928253174	0.21049970388412476	0.09968625754117966	0.1066790223121643	0.3009035885334015	-0.14316336810588837	0.12803657352924347	0.3509218990802765	0.1769271343946457	0.13492992520332336	0.2127397358417511	-0.010569257661700249	-0.22445634007453918	-0.1658671796321869
CAU-VA-rh	-0.31954097747802734	0.3310161828994751	-0.4200209677219391	-0.26226407289505005	0.28740909695625305	0.01008845865726471	0.07126996666193008	0.2644912898540497	0.18669815361499786	0.08943227678537369	0.12731723487377167	0.16255313158035278	-0.13648967444896698	0.08285196870565414	1.0	0.43661385774612427	0.5957241058349609	0.1586776226758957	-0.17946383357048035	-0.07288847863674164	0.12883010506629944	-0.20635001361370087	0.26137658953666687	-0.13770708441734314	0.3267104923725128	-0.41444796323776245	-0.1803092211484909	-0.3797239065170288	-0.18085035681724548	0.09187238663434982	-0.3258957862854004	-0.24423754215240479	0.2234075665473938	-0.14931246638298035	-0.07165442407131195	-0.18508665263652802	-0.0541946105659008	-0.060726962983608246	0.019797926768660545	0.5696507096290588	0.44313696026802063	0.424777626991272	0.4494948089122772	-0.049928218126297	-0.1994076818227768	-0.2884313762187958	-0.06648899614810944	0.13565154373645782	-0.14951765537261963	-0.042755864560604095
CAU-DA-rh	-0.03164060041308403	0.14438994228839874	-0.3215329647064209	-0.15820614993572235	0.26280027627944946	0.05090516060590744	-0.2112712860107422	0.18363210558891296	-0.04497571662068367	-0.06427785754203796	0.26475444436073303	-0.008801798336207867	-0.389984667301178	0.12964513897895813	0.43661385774612427	1.0	0.05097382888197899	-0.32460442185401917	0.11262991279363632	-0.1484668105840683	-0.1345823109149933	0.09870239347219467	0.5104005336761475	0.010665700770914555	0.10017728805541992	-0.11402139812707901	-0.10197833925485611	-0.3823099732398987	-0.08332005888223648	0.10296192765235901	-0.2156069427728653	-0.2089787721633911	0.35903820395469666	-0.0460655502974987	-0.4352099895477295	0.24514740705490112	0.01869555562734604	-0.5255680084228516	-0.0397828035056591	0.38335126638412476	0.6364911198616028	0.46958136558532715	0.49860063195228577	0.3412899076938629	0.02314198948442936	-0.5352819561958313	0.13505451381206512	0.48626697063446045	-0.206487238407135	0.2973027527332306
CAU-body-rh	-0.2662177085876465	0.07355678826570511	-0.28431233763694763	-0.2375376969575882	0.27197158336639404	0.16799291968345642	0.03074057213962078	0.31133872270584106	0.11238669604063034	0.026804469525814056	-0.02694506198167801	-0.04638601839542389	0.10726349800825119	-0.20021848380565643	0.5957241058349609	0.05097382888197899	1.0	0.5094238519668579	-0.3210679590702057	-0.1630428284406662	0.4895641505718231	-0.4759272336959839	0.2514079213142395	-0.0805443748831749	0.295736700296402	-0.4584670066833496	-0.3451150059700012	-0.4060874581336975	-0.30059853196144104	0.22151783108711243	-0.6354079246520996	-0.44828036427497864	-0.05962404981255531	-0.0856817290186882	-0.21791240572929382	-0.2825065553188324	-0.10575483739376068	0.13119205832481384	0.07973294705152512	0.4360212981700897	0.19959008693695068	0.2235575020313263	0.14276736974716187	-0.23025982081890106	-0.34508711099624634	-0.1467410773038864	-0.14888136088848114	-0.07247995585203171	0.0909651666879654	0.20528286695480347
CAU-tail-rh	0.07480012625455856	0.12666332721710205	0.07255923002958298	-0.006247582845389843	-0.015650007873773575	-0.03640143573284149	-0.03068787232041359	0.2053689807653427	0.1558721512556076	-0.15112639963626862	-0.1471119523048401	0.14804033935070038	-0.00066396250622347	-0.15610843896865845	0.1586776226758957	-0.32460442185401917	0.5094238519668579	1.0	-0.06271481513977051	0.3255423605442047	0.28906989097595215	-0.4641357660293579	-0.09370565414428711	-0.24708956480026245	0.1429622769355774	-0.05539652332663536	0.07053300738334656	-0.07029224187135696	-0.23361966013908386	0.02905241772532463	-0.435497909784317	-0.43609851598739624	-0.2484927624464035	-0.24343842267990112	0.09682425856590271	-0.24893303215503693	-0.0717378556728363	0.2563488483428955	0.09197556227445602	-0.14377720654010773	-0.2796728312969208	-0.28629207611083984	-0.20099839568138123	-0.06646005809307098	0.04262444004416466	0.014433974400162697	-0.4443186819553375	-0.2289450764656067	0.18862542510032654	-0.08174193650484085
lAMY-rh	-0.04587404057383537	0.02044416032731533	0.07519848644733429	0.037748634815216064	-0.34074538946151733	-0.018200913444161415	-0.3221461772918701	-0.19509029388427734	-0.2940593361854553	-0.2996654510498047	0.07017958909273148	0.10784771293401718	0.06772618740797043	0.23643401265144348	-0.17946383357048035	0.11262991279363632	-0.3210679590702057	-0.06271481513977051	1.0	0.4957529306411743	-0.30754703283309937	-0.18441958725452423	-0.2735225260257721	0.059225525707006454	-0.001776409917511046	-0.0017313427524641156	0.013260439969599247	0.09364806115627289	0.357474148273468	-0.052260056138038635	0.22135238349437714	-0.07254962623119354	0.14658789336681366	-0.24820463359355927	-0.10024450719356537	-0.049504123628139496	-0.05627893656492233	-0.007153215818107128	-0.25563690066337585	-0.09266755729913712	0.0636037141084671	-0.20295114815235138	-0.32598721981048584	0.3778010308742523	0.3859732747077942	-0.021043773740530014	-0.3413044512271881	-0.025076990947127342	-0.08285944908857346	-0.2006211280822754
mAMY-rh	0.1766255646944046	0.24354438483715057	0.5128021240234375	0.34300482273101807	-0.3271543085575104	-0.25556913018226624	-0.3828851580619812	-0.2780540883541107	-0.26075559854507446	-0.2901282012462616	-0.1626851111650467	0.3844340741634369	0.019862765446305275	0.1538640856742859	-0.07288847863674164	-0.1484668105840683	-0.1630428284406662	0.3255423605442047	0.4957529306411743	1.0	-0.4063979983329773	-0.13968759775161743	-0.3512302339076996	0.052093181759119034	-0.13500945270061493	0.3559950590133667	0.3209269642829895	0.431467205286026	0.47474542260169983	-0.24857379496097565	0.19207005202770233	-0.12764394283294678	0.0576440654695034	-0.03197358176112175	-0.09360815584659576	-0.08961418271064758	-0.17052911221981049	0.2078850269317627	-0.05077122896909714	-0.0701482817530632	-0.26703622937202454	-0.31442564725875854	-0.11520114541053772	0.17491687834262848	0.6600438952445984	0.1940024197101593	-0.38096246123313904	-0.40567904710769653	0.011019930243492126	-0.3389207422733307
THA-DP-rh	-0.3755505084991455	-0.34345826506614685	-0.12176086753606796	-0.2994941174983978	0.015812858939170837	0.34523048996925354	0.1390831172466278	0.12318551540374756	0.21585306525230408	-0.11493847519159317	-0.17433574795722961	-0.1519644409418106	-0.06947936117649078	-0.23437853157520294	0.12883010506629944	-0.1345823109149933	0.4895641505718231	0.28906989097595215	-0.30754703283309937	-0.4063979983329773	1.0	-0.18616309762001038	0.08853746950626373	-0.19398875534534454	0.3272596597671509	-0.5335724353790283	0.050747714936733246	-0.23086494207382202	-0.49618062376976013	0.5967292189598083	-0.5352442264556885	-0.24434147775173187	-0.06722407042980194	-0.13934053480625153	-0.0717167779803276	-0.09775668382644653	0.1057080402970314	-0.19097088277339935	-0.2825433015823364	0.044525064527988434	-0.09704232960939407	-0.02029099315404892	-0.27109625935554504	-0.032251354306936264	-0.25073984265327454	0.14272132515907288	-0.06680623441934586	-0.006003168411552906	0.3567214608192444	0.2921862304210663
NAc-shell-rh	0.2692929804325104	0.032008059322834015	0.29892176389694214	0.23247480392456055	0.1180666983127594	0.1567111313343048	0.37848979234695435	0.0809713825583458	0.12874042987823486	0.3574115037918091	0.1674344390630722	-0.049419254064559937	-0.06912823766469955	0.2141532003879547	-0.20635001361370087	0.09870239347219467	-0.4759272336959839	-0.4641357660293579	-0.18441958725452423	-0.13968759775161743	-0.18616309762001038	1.0	0.2564767897129059	0.29146263003349304	-0.16401979327201843	0.27312517166137695	0.21101072430610657	0.5575671195983887	0.25579580664634705	-0.25532063841819763	0.5751878619194031	0.5391728281974792	0.22375540435314178	0.5256739258766174	0.29563984274864197	0.22762127220630646	0.033561937510967255	-0.0961606502532959	0.28387004137039185	0.08942346274852753	0.09057922661304474	0.09695376455783844	0.2504633665084839	-0.011187241412699223	0.08568349480628967	0.27356719970703125	0.46494483947753906	0.053319938480854034	0.1758628785610199	-0.00861362461000681
NAc-core-rh	-0.1047297939658165	0.29504823684692383	-0.13015912473201752	0.11256077140569687	0.5708720088005066	0.230980783700943	-0.01495665404945612	0.2298695594072342	0.11521796137094498	0.23759973049163818	0.6014835238456726	0.2526279389858246	0.05227562412619591	0.35978636145591736	0.26137658953666687	0.5104005336761475	0.2514079213142395	-0.09370565414428711	-0.2735225260257721	-0.3512302339076996	0.08853746950626373	0.2564767897129059	1.0	0.25767427682876587	-0.026429541409015656	-0.2226363569498062	-0.2696162760257721	-0.10725193470716476	-0.009905588813126087	-0.012139215134084225	-0.20410655438899994	-0.19051750004291534	0.0254350658506155	-0.018161604180932045	-0.19522380828857422	0.4305632710456848	0.2706802785396576	-0.10694244503974915	0.18995413184165955	0.3101952373981476	0.45354828238487244	0.09328185766935349	0.36669668555259705	0.07381188869476318	-0.29247355461120605	-0.23322992026805878	0.39968714118003845	0.3156031370162964	-0.004052495583891869	0.1872522234916687
pGP-rh	0.1573573648929596	0.08711731433868408	0.02811540849506855	-0.0019452921114861965	0.13451139628887177	0.267317533493042	-0.28781792521476746	-0.10295069217681885	-0.15516404807567596	0.09686879068613052	0.17086118459701538	-0.07890398800373077	0.24451452493667603	0.21224498748779297	-0.13770708441734314	0.010665700770914555	-0.0805443748831749	-0.24708956480026245	0.059225525707006454	0.052093181759119034	-0.19398875534534454	0.29146263003349304	0.25767427682876587	1.0	-0.13584312796592712	0.11965733021497726	-0.3551562428474426	0.13749626278877258	0.11303971707820892	-0.09340829402208328	0.2313178926706314	-0.022020798176527023	0.13816209137439728	0.14538969099521637	-0.07975111901760101	0.2490949183702469	-0.13678590953350067	-0.018270384520292282	0.168818861246109	0.1380423605442047	-0.21781185269355774	-0.17018020153045654	0.17681722342967987	0.1839209347963333	-0.02578616887331009	-0.14781947433948517	0.331963449716568	-0.1306682825088501	0.2906474173069	0.022102944552898407
aGP-rh	-0.031458549201488495	-0.08469359576702118	-0.35037827491760254	-0.09558387845754623	0.09221711754798889	0.332541286945343	0.3111983835697174	0.32400408387184143	0.19579026103019714	0.12769979238510132	-0.13184772431850433	-0.07949095964431763	0.011069335043430328	-0.13829877972602844	0.3267104923725128	0.10017728805541992	0.295736700296402	0.1429622769355774	-0.001776409917511046	-0.13500945270061493	0.3272596597671509	-0.16401979327201843	-0.026429541409015656	-0.13584312796592712	1.0	-0.35060033202171326	-0.14795348048210144	-0.25566309690475464	-0.2713143229484558	-0.06305734813213348	-0.22473417222499847	-0.028658859431743622	0.31385546922683716	-0.16400177776813507	-0.02700267732143402	-0.16981929540634155	-0.27305713295936584	0.2811313271522522	-0.14946319162845612	0.44165438413619995	0.07422266155481339	0.23629800975322723	0.05497949570417404	0.025428468361496925	-0.08487410098314285	-0.15053042769432068	-0.29104864597320557	0.2483450025320053	0.06476151943206787	-0.08545514941215515
HIP-head-m-lh	0.7716818451881409	0.1959460973739624	0.6047122478485107	0.38036131858825684	-0.2288215309381485	-0.2699768841266632	-0.12850341200828552	-0.2077229619026184	-0.21490882337093353	-0.08342507481575012	-0.29812365770339966	-0.13344404101371765	-0.22983284294605255	-0.2596959173679352	-0.41444796323776245	-0.11402139812707901	-0.4584670066833496	-0.05539652332663536	-0.0017313427524641156	0.3559950590133667	-0.5335724353790283	0.27312517166137695	-0.2226363569498062	0.11965733021497726	-0.35060033202171326	1.0	0.3931240439414978	0.38514477014541626	0.325211763381958	-0.5395431518554688	0.20871998369693756	0.2879488468170166	-0.010986797511577606	0.38731202483177185	-0.006237044930458069	0.02905694954097271	-0.2928394675254822	-0.0633309856057167	0.28252193331718445	-0.3698102533817291	-0.31865572929382324	-0.0709928646683693	0.1231837347149849	-0.016704946756362915	0.38709768652915955	0.06323099136352539	0.12467136234045029	0.0810108631849289	-0.16556625068187714	-0.08474539965391159
HIP-head-l-l	0.2909342646598816	-0.11620271950960159	0.5198830366134644	0.1418525129556656	-0.3985860347747803	-0.3334145247936249	0.0858459621667862	-0.1611320525407791	0.0020528347231447697	-0.23108668625354767	-0.18445828557014465	0.1395397186279297	-0.2510988116264343	0.017368769273161888	-0.1803092211484909	-0.10197833925485611	-0.3451150059700012	0.07053300738334656	0.013260439969599247	0.3209269642829895	0.050747714936733246	0.21101072430610657	-0.2696162760257721	-0.3551562428474426	-0.14795348048210144	0.3931240439414978	1.0	0.43895232677459717	0.2537960708141327	-0.043599531054496765	0.09652285277843475	0.18908128142356873	0.29113662242889404	0.3679795563220978	0.11634500324726105	0.10228414833545685	0.21219201385974884	-0.16873671114444733	-0.025740191340446472	-0.185891792178154	-0.18206438422203064	0.08934934437274933	-0.03837791830301285	0.20156465470790863	0.6300109624862671	0.48750048875808716	-0.01619143597781658	0.13241583108901978	-0.09027525782585144	0.10764597356319427
HIP-body-l	0.313662052154541	0.2087709754705429	0.7265195250511169	0.4503985345363617	-0.16816666722297668	-0.00865256693214178	0.2473786622285843	-0.00533761503174901	0.06196125969290733	0.300392746925354	-0.00802125409245491	0.12986202538013458	-0.010013993829488754	0.1547401249408722	-0.3797239065170288	-0.3823099732398987	-0.4060874581336975	-0.07029224187135696	0.09364806115627289	0.431467205286026	-0.23086494207382202	0.5575671195983887	-0.10725193470716476	0.13749626278877258	-0.25566309690475464	0.38514477014541626	0.43895232677459717	1.0	0.6041348576545715	-0.41827666759490967	0.6264521479606628	0.5206558108329773	0.09131518751382828	0.5133876800537109	0.4142148792743683	0.10347163677215576	0.014232159592211246	0.1520485281944275	0.26318973302841187	-0.15529078245162964	-0.18002688884735107	-0.23064811527729034	-0.20496070384979248	-0.07230014353990555	0.43125593662261963	0.6129146814346313	0.15611670911312103	-0.3230806291103363	0.1922985166311264	-0.2168036252260208
HIP-tail-lh	0.23534099757671356	0.13903425633907318	0.4955081343650818	0.3980705738067627	-0.1177014634013176	-0.27048975229263306	-0.1706371307373047	-0.3407387137413025	-0.35302382707595825	-0.03849669545888901	0.0826093778014183	0.32059764862060547	0.1905493438243866	0.28687238693237305	-0.18085035681724548	-0.08332005888223648	-0.30059853196144104	-0.23361966013908386	0.357474148273468	0.47474542260169983	-0.49618062376976013	0.25579580664634705	-0.009905588813126087	0.11303971707820892	-0.2713143229484558	0.325211763381958	0.2537960708141327	0.6041348576545715	1.0	-0.29784345626831055	0.5186730027198792	0.27045920491218567	0.16414964199066162	0.25026118755340576	0.013998673297464848	0.05915766954421997	0.029398811981081963	0.2476157546043396	0.04127272218465805	0.08799947798252106	-0.027602359652519226	-0.23077496886253357	-0.08687655627727509	0.13379164040088654	0.3553212881088257	0.4324091374874115	0.18231353163719177	-0.10915718227624893	-0.07038004696369171	-0.15025824308395386
THA-VPm-lh	-0.5057141780853271	-0.5120472311973572	-0.3568117320537567	-0.38315972685813904	0.03811796382069588	0.10973606258630753	-0.28959304094314575	-0.15727010369300842	0.001376791507937014	-0.4489560127258301	-0.0558716244995594	-0.06445261090993881	-0.116199791431427	0.03908337280154228	0.09187238663434982	0.10296192765235901	0.22151783108711243	0.02905241772532463	-0.052260056138038635	-0.24857379496097565	0.5967292189598083	-0.25532063841819763	-0.012139215134084225	-0.09340829402208328	-0.06305734813213348	-0.5395431518554688	-0.043599531054496765	-0.41827666759490967	-0.29784345626831055	1.0	-0.28897908329963684	-0.4544200301170349	-0.10540799051523209	-0.36636239290237427	-0.30967628955841064	-0.007978970184922218	0.2525864839553833	-0.3543437421321869	-0.5246351957321167	-0.006231682375073433	-0.0975964367389679	-0.16352514922618866	-0.17495137453079224	0.2735452651977539	-0.13017918169498444	-0.011754452250897884	-0.026478182524442673	-0.1840430051088333	0.29955387115478516	0.47561705112457275
THA-VPl-lh	0.18400874733924866	0.04072491452097893	0.18603844940662384	0.2777461111545563	-0.019264614209532738	-0.08152180910110474	0.22063787281513214	-0.030362103134393692	0.13522303104400635	0.3016890585422516	0.24161948263645172	0.12688711285591125	0.10098002105951309	0.4049139618873596	-0.3258957862854004	-0.2156069427728653	-0.6354079246520996	-0.435497909784317	0.22135238349437714	0.19207005202770233	-0.5352442264556885	0.5751878619194031	-0.20410655438899994	0.2313178926706314	-0.22473417222499847	0.20871998369693756	0.09652285277843475	0.6264521479606628	0.5186730027198792	-0.28897908329963684	1.0	0.5212039947509766	0.07826174795627594	0.31165987253189087	0.4848755896091461	0.1903710514307022	0.14763954281806946	0.21087993681430817	0.15605275332927704	-0.16787271201610565	-0.06762899458408356	-0.178619384765625	-0.0027111193630844355	0.084040068089962	0.20823968946933746	0.37198060750961304	0.2860393524169922	-0.24592633545398712	-0.02299828641116619	-0.20657537877559662
THA-VAi-lh	0.1258760243654251	0.023520007729530334	0.3152826428413391	0.28224992752075195	-0.4035404324531555	0.07956983894109726	0.5743210315704346	0.08140181750059128	0.1352081447839737	0.38087424635887146	-0.029673749580979347	-0.1411331743001938	0.07940361648797989	-0.05101078748703003	-0.24423754215240479	-0.2089787721633911	-0.44828036427497864	-0.43609851598739624	-0.07254962623119354	-0.12764394283294678	-0.24434147775173187	0.5391728281974792	-0.19051750004291534	-0.022020798176527023	-0.028658859431743622	0.2879488468170166	0.18908128142356873	0.5206558108329773	0.27045920491218567	-0.4544200301170349	0.5212039947509766	1.0	0.366792768239975	0.37588661909103394	0.4985070824623108	-0.07790084928274155	-0.06690025329589844	0.02606150135397911	0.23742495477199554	-0.009413986466825008	0.07278722524642944	0.19206838309764862	-0.09149661660194397	-0.2913671135902405	0.13445784151554108	0.37821564078330994	0.10334918648004532	0.15829098224639893	0.005521257873624563	-0.3055533468723297
THA-VAs-lh	0.0880419909954071	-0.08257679641246796	-0.06500832736492157	-0.14391206204891205	-0.27281367778778076	0.02897416613996029	0.19352103769779205	0.14959090948104858	0.03648415580391884	0.030844440683722496	0.09643211215734482	-0.10980206727981567	-0.0825948491692543	0.13571417331695557	0.2234075665473938	0.35903820395469666	-0.05962404981255531	-0.2484927624464035	0.14658789336681366	0.0576440654695034	-0.06722407042980194	0.22375540435314178	0.0254350658506155	0.13816209137439728	0.31385546922683716	-0.010986797511577606	0.29113662242889404	0.09131518751382828	0.16414964199066162	-0.10540799051523209	0.07826174795627594	0.366792768239975	1.0	0.2612976133823395	0.019844787195324898	0.09194064140319824	-0.010874154046177864	-0.08341648429632187	0.10730843245983124	0.5097166299819946	0.2556772530078888	0.492708295583725	0.15114504098892212	0.20633304119110107	0.3829784691333771	-0.05041172727942467	-0.033179882913827896	0.41244223713874817	0.05683256313204765	0.09799317270517349
THA-DAm-lh	0.5386768579483032	-0.0682489275932312	0.43672728538513184	0.16113463044166565	0.0022346503101289272	-0.10662360489368439	0.3160042464733124	0.11095263808965683	0.04830781742930412	0.3088616728782654	-0.07078823447227478	-0.24280840158462524	-0.03287363052368164	-0.12910762429237366	-0.14931246638298035	-0.0460655502974987	-0.0856817290186882	-0.24343842267990112	-0.24820463359355927	-0.03197358176112175	-0.13934053480625153	0.5256739258766174	-0.018161604180932045	0.14538969099521637	-0.16400177776813507	0.38731202483177185	0.3679795563220978	0.5133876800537109	0.25026118755340576	-0.36636239290237427	0.31165987253189087	0.37588661909103394	0.2612976133823395	1.0	0.1734582781791687	0.1127375066280365	-0.06204249709844589	-0.01096059288829565	0.4964340031147003	0.12113869935274124	0.10771176218986511	0.3911457061767578	0.2891761064529419	-0.09508274495601654	0.21999070048332214	0.3787256181240082	0.45035314559936523	0.09316636621952057	-0.0743941143155098	0.2447224259376526
THA-DAl-lh	0.0459885448217392	0.1750563383102417	0.00843872595578432	-0.12854653596878052	-0.18279965221881866	-0.09835226088762283	0.5853205323219299	0.15606263279914856	0.2160215526819229	0.4388766586780548	0.2304537445306778	0.09349967539310455	-0.03327455371618271	0.169277623295784	-0.07165442407131195	-0.4352099895477295	-0.21791240572929382	0.09682425856590271	-0.10024450719356537	-0.09360815584659576	-0.0717167779803276	0.29563984274864197	-0.19522380828857422	-0.07975111901760101	-0.02700267732143402	-0.006237044930458069	0.11634500324726105	0.4142148792743683	0.013998673297464848	-0.30967628955841064	0.4848755896091461	0.4985070824623108	0.019844787195324898	0.1734582781791687	1.0	0.14262494444847107	0.31563106179237366	0.18136979639530182	0.3131452202796936	-0.15826554596424103	-0.0010648432653397322	-0.1133042648434639	-0.21444548666477203	-0.01568334363400936	-0.14423930644989014	0.33824774622917175	0.16946540772914886	-0.015556764788925648	-0.10151593387126923	-0.20247332751750946
PUT-VA-lh	0.09827058762311935	0.061852071434259415	-0.0710863396525383	-0.08632094413042068	0.20118573307991028	-0.2804569900035858	-0.17739824950695038	-0.12385328114032745	-0.09132825583219528	0.06156705319881439	0.6154515147209167	0.38669008016586304	-0.13296811282634735	0.48034805059432983	-0.18508665263652802	0.24514740705490112	-0.2825065553188324	-0.24893303215503693	-0.049504123628139496	-0.08961418271064758	-0.09775668382644653	0.22762127220630646	0.4305632710456848	0.2490949183702469	-0.16981929540634155	0.02905694954097271	0.10228414833545685	0.10347163677215576	0.05915766954421997	-0.007978970184922218	0.1903710514307022	-0.07790084928274155	0.09194064140319824	0.1127375066280365	0.14262494444847107	1.0	0.6701124310493469	-0.16313804686069489	0.25902578234672546	-0.09216121584177017	0.17801165580749512	0.01208087895065546	0.27090999484062195	0.5045372247695923	0.1144491583108902	-0.029361432418227196	0.5867537260055542	0.32480674982070923	-0.36178794503211975	0.3700093626976013
PUT-DA-l	-0.3250931203365326	-0.1369779258966446	-0.1708023101091385	-0.10019121319055557	-0.0030907478649169207	-0.3165247440338135	0.0333440937101841	-0.10356255620718002	0.055137939751148224	-0.05615091696381569	0.7072198987007141	0.5406095385551453	0.09959778189659119	0.6442081928253174	-0.0541946105659008	0.01869555562734604	-0.10575483739376068	-0.0717378556728363	-0.05627893656492233	-0.17052911221981049	0.1057080402970314	0.033561937510967255	0.2706802785396576	-0.13678590953350067	-0.27305713295936584	-0.2928394675254822	0.21219201385974884	0.014232159592211246	0.029398811981081963	0.2525864839553833	0.14763954281806946	-0.06690025329589844	-0.010874154046177864	-0.06204249709844589	0.31563106179237366	0.6701124310493469	1.0	-0.0968107283115387	0.07900623232126236	-0.12759843468666077	0.28712695837020874	-0.07213547080755234	0.037651948630809784	0.3177003562450409	0.03551984578371048	0.275233656167984	0.3582358658313751	0.17518916726112366	-0.3605708181858063	0.25367775559425354
PUT-VP-lh	0.0637083575129509	0.15789243578910828	0.030678922310471535	0.28620755672454834	0.20413294434547424	-0.058589544147253036	0.24688901007175446	0.028327330946922302	0.0953773781657219	0.2245006263256073	0.08647684752941132	0.23440265655517578	0.5566446185112	0.21049970388412476	-0.060726962983608246	-0.5255680084228516	0.13119205832481384	0.2563488483428955	-0.007153215818107128	0.2078850269317627	-0.19097088277339935	-0.0961606502532959	-0.10694244503974915	-0.018270384520292282	0.2811313271522522	-0.0633309856057167	-0.16873671114444733	0.1520485281944275	0.2476157546043396	-0.3543437421321869	0.21087993681430817	0.02606150135397911	-0.08341648429632187	-0.01096059288829565	0.18136979639530182	-0.16313804686069489	-0.0968107283115387	1.0	0.2163798063993454	0.10486374795436859	-0.21994604170322418	-0.1508689969778061	-0.12821708619594574	-0.3328345715999603	-0.10275072604417801	0.15975330770015717	-0.1939941793680191	-0.2525961101055145	-0.041966695338487625	-0.418102502822876
PUT-DP-lh	0.4267861843109131	0.4055207669734955	0.11628778278827667	0.02785920724272728	0.2626020908355713	-0.24718596041202545	0.3390212655067444	0.37439537048339844	0.22679385542869568	0.4535856246948242	0.30519354343414307	-0.02723592333495617	-0.03828654810786247	0.09968625754117966	0.019797926768660545	-0.0397828035056591	0.07973294705152512	0.09197556227445602	-0.25563690066337585	-0.05077122896909714	-0.2825433015823364	0.28387004137039185	0.18995413184165955	0.168818861246109	-0.14946319162845612	0.28252193331718445	-0.025740191340446472	0.26318973302841187	0.04127272218465805	-0.5246351957321167	0.15605275332927704	0.23742495477199554	0.10730843245983124	0.4964340031147003	0.3131452202796936	0.25902578234672546	0.07900623232126236	0.2163798063993454	1.0	-0.08383882790803909	0.15037699043750763	0.38517433404922485	0.3052518367767334	-0.27956804633140564	-0.07533238083124161	-0.09692981094121933	0.3606402277946472	0.13572661578655243	-0.2347874939441681	-0.09779970347881317
