Node	LH_Vis_1	LH_Vis_2	LH_Vis_3	LH_Vis_4	LH_Vis_5	LH_Vis_6	LH_Vis_7	LH_Vis_8	LH_Vis_9	LH_SomMot_1	LH_SomMot_2	LH_SomMot_3	LH_SomMot_4	LH_SomMot_5	LH_SomMot_6	LH_DorsAttn_Post_1	LH_DorsAttn_Post_2	LH_DorsAttn_Post_3	LH_DorsAttn_Post_4	LH_DorsAttn_Post_5	LH_DorsAttn_Post_6	LH_DorsAttn_PrCv_1	LH_DorsAttn_FEF_1	LH_SalVentAttn_ParOper_1	LH_SalVentAttn_FrOperIns_1	LH_SalVentAttn_FrOperIns_2	LH_SalVentAttn_PFCl_1	LH_SalVentAttn_Med_1	LH_SalVentAttn_Med_2	LH_SalVentAttn_Med_3	LH_Limbic_OFC_1	LH_Limbic_TempPole_1	LH_Limbic_TempPole_2	LH_Cont_Par_1	LH_Cont_PFCl_1	LH_Cont_pCun_1	LH_Cont_Cing_1	LH_Default_Temp_1	LH_Default_Temp_2	LH_Default_Par_1	LH_Default_Par_2	LH_Default_PFC_1	LH_Default_PFC_2	LH_Default_PFC_3	LH_Default_PFC_4	LH_Default_PFC_5	LH_Default_PFC_6	LH_Default_PFC_7	LH_Default_pCunPCC_1	LH_Default_pCunPCC_2	RH_Vis_1	RH_Vis_2	RH_Vis_3	RH_Vis_4	RH_Vis_5	RH_Vis_6	RH_Vis_7	RH_Vis_8	RH_SomMot_1	RH_SomMot_2	RH_SomMot_3	RH_SomMot_4	RH_SomMot_5	RH_SomMot_6	RH_SomMot_7	RH_SomMot_8	RH_DorsAttn_Post_1	RH_DorsAttn_Post_2	RH_DorsAttn_Post_3	RH_DorsAttn_Post_4	RH_DorsAttn_Post_5	RH_DorsAttn_PrCv_1	RH_DorsAttn_FEF_1	RH_SalVentAttn_TempOccPar_1	RH_SalVentAttn_TempOccPar_2	RH_SalVentAttn_FrOperIns_1	RH_SalVentAttn_Med_1	RH_SalVentAttn_Med_2	RH_Limbic_OFC_1	RH_Limbic_TempPole_1	RH_Cont_Par_1	RH_Cont_Par_2	RH_Cont_PFCl_1	RH_Cont_PFCl_2	RH_Cont_PFCl_3	RH_Cont_PFCl_4	RH_Cont_Cing_1	RH_Cont_PFCmp_1	RH_Cont_pCun_1	RH_Default_Par_1	RH_Default_Temp_1	RH_Default_Temp_2	RH_Default_Temp_3	RH_Default_PFCv_1	RH_Default_PFCv_2	RH_Default_PFCdPFCm_1	RH_Default_PFCdPFCm_2	RH_Default_PFCdPFCm_3	RH_Default_pCunPCC_1	RH_Default_pCunPCC_2	LH-Pu	LH-Ca	LH-NAC	LH-EXA	LH-GPe	LH-GPi	LH-SNc_PBP_VTA	LH-RN	LH-SNr	LH-VeP	LH-HN	LH-HTH	LH-MN	LH-STH	RH-Pu	RH-Ca	RH-NAC	RH-EXA	RH-GPe	RH-GPi	RH-SNc_PBP_VTA	RH-RN	RH-SNr	RH-VeP	RH-HN	RH-HTH	RH-MN	RH-STH	LH-Pulvinar	LH-Anterior	LH-Medio_Dorsal	LH-Ventral_Latero_Dorsal	LH-Central_Lateral-Lateral_Posterior-Medial_Pulvinar	LH-Ventral_Anterior	LH-Ventral_Latero_Ventral	RH-Pulvinar	RH-Anterior	RH-Medio_Dorsal	RH-Ventral_Latero_Dorsal	RH-Central_Lateral-Lateral_Posterior-Medial_Pulvinar	RH-Ventral_Anterior	RH-Ventral_Latero_Ventral	LH_Hippocampus	LH_Amygdala	RH_Hippocampus	RH_Amygdala	Cerebellar_Region1	Cerebellar_Region2	Cerebellar_Region3	Cerebellar_Region4	Cerebellar_Region5	Cerebellar_Region6	Cerebellar_Region7	Cerebellar_Region8	Cerebellar_Region9	Cerebellar_Region10
LH_Vis_1	1.0	0.33986786007881165	0.6353887915611267	-0.2500535845756531	0.36754217743873596	0.5898383855819702	0.3228965997695923	0.34433233737945557	0.5531339645385742	0.16844883561134338	-0.16543827950954437	-0.19774675369262695	-0.2628994584083557	-0.022270983085036278	-0.2566130757331848	0.3124612867832184	-0.05005383491516113	0.24523629248142242	0.03919576480984688	0.35767433047294617	0.2442176640033722	-0.03182470053434372	0.4717359244823456	-0.1750303953886032	0.48896750807762146	-0.27096331119537354	-0.39054590463638306	-0.15867961943149567	0.5220329761505127	-0.0006514543783850968	-0.030575232580304146	0.42326873540878296	0.08225777745246887	-0.4082654118537903	-0.36146509647369385	0.29423168301582336	0.03630011901259422	0.0974249541759491	-0.2775874733924866	-0.14624691009521484	-0.19700391590595245	0.1668667048215866	-0.21043795347213745	0.41222789883613586	-0.5327536463737488	0.1192273199558258	-0.4537665545940399	0.3952300548553467	0.8566343188285828	0.3894009292125702	0.8638179302215576	0.4458571672439575	0.14653487503528595	-0.07564985007047653	0.48850157856941223	0.6454052925109863	0.3233380913734436	0.44226232171058655	0.21168658137321472	-0.0921674445271492	-0.19391264021396637	-0.06939861178398132	-0.165087029337883	0.10143575072288513	0.1586284190416336	-0.3485449552536011	0.3877689838409424	0.11411112546920776	-0.2177424430847168	0.16851994395256042	0.2801438570022583	-0.31161296367645264	0.15205535292625427	-0.13590697944164276	-0.20708802342414856	-0.06317192316055298	0.12160639464855194	-0.3875284790992737	-0.27875402569770813	0.40856286883354187	-0.5581725239753723	-0.279948353767395	-0.6053690910339355	-0.2843080163002014	-0.2600192129611969	-0.6950330138206482	0.34420767426490784	-0.20472452044487	-0.10880368947982788	-0.3691050708293915	-0.2116250991821289	0.18770143389701843	-0.11509669572114944	0.0023715398274362087	-0.1287914663553238	0.561813473701477	-0.08222881704568863	0.11876331269741058	0.8529852628707886	0.4453684687614441	0.24847494065761566	0.16674384474754333	0.43009576201438904	0.45101237297058105	0.016536060720682144	-0.11584063619375229	0.1900739222764969	0.2971186339855194	-0.1843813806772232	0.008621718734502792	0.19130021333694458	0.04948432371020317	-0.08744504302740097	0.09758290648460388	-0.18061469495296478	-0.045299652963876724	-0.16540008783340454	-0.38565370440483093	-0.07284913957118988	0.21854038536548615	0.009180284105241299	-0.034708172082901	-0.1953798234462738	-0.2563566267490387	0.023851335048675537	0.11513272672891617	0.20555353164672852	-0.069060780107975	0.5705505609512329	0.1083466187119484	0.2854447662830353	0.2870347499847412	0.2797369956970215	0.3562544584274292	0.07368595153093338	0.500210165977478	0.31976205110549927	0.08438120782375336	-0.2789527475833893	-0.0645337849855423	-0.12567812204360962	6.902449240442365e-05	0.742889940738678	0.5625584721565247	0.6126712560653687	0.4029666483402252	0.20466673374176025	0.18552277982234955	0.4950415790081024	-0.003979403991252184	-0.25741615891456604	0.3369230031967163	0.032466914504766464	0.21225835382938385	-0.007304650265723467	-0.3223406672477722
LH_Vis_2	0.33986786007881165	1.0	0.7838797569274902	-0.026098091155290604	0.8080703020095825	0.5271360278129578	0.36516082286834717	0.7519214749336243	0.4500691294670105	-0.30850622057914734	-0.5371367931365967	-0.4230916202068329	-0.1347406655550003	-0.22342586517333984	-0.5005964040756226	-0.05030759796500206	-0.3106832504272461	0.15323595702648163	-0.09163491427898407	0.24511276185512543	0.0895688608288765	0.12369431555271149	0.41641470789909363	-0.4156097173690796	-0.17053824663162231	-0.025517527014017105	0.26340451836586	0.22190816700458527	0.2537778913974762	0.39329931139945984	-0.03376816213130951	0.2362806648015976	-0.23351600766181946	-0.5389651656150818	-0.07741198688745499	-0.05808798223733902	-0.08461210876703262	0.22162052989006042	-0.004079765174537897	-0.21313244104385376	-0.08765868842601776	0.6351771354675293	0.2764717936515808	0.4976603388786316	0.2723081111907959	0.4223800599575043	0.3010270595550537	0.39600151777267456	0.26984503865242004	0.12525580823421478	0.20378266274929047	0.8250961899757385	0.2585011422634125	0.5073245763778687	0.580792248249054	0.38826146721839905	0.668269157409668	0.4991898238658905	-0.42721298336982727	-0.3571963310241699	-0.34524938464164734	-0.07309290021657944	-0.31368449330329895	0.11255022138357162	-0.0752822682261467	-0.45534461736679077	-0.1546493023633957	0.12644048035144806	-0.3829489052295685	0.17230869829654694	0.22149232029914856	-0.024153919890522957	0.24421073496341705	-0.0853499174118042	-0.32430389523506165	-0.08218032866716385	-0.11389821767807007	-0.1453830450773239	-0.21190066635608673	0.2239510864019394	-0.4591183364391327	-0.5077270865440369	-0.1563197821378708	-0.17373153567314148	0.3463777005672455	-0.2717093527317047	-0.22895240783691406	0.16809383034706116	-0.15504461526870728	-0.14108069241046906	-0.4772107005119324	0.25870266556739807	-0.15794064104557037	0.19283826649188995	0.28187689185142517	0.5251011848449707	0.3772374093532562	0.05211278051137924	0.29255297780036926	-0.03309063985943794	0.026140466332435608	0.33317136764526367	0.542559027671814	-0.03209738805890083	0.5393269658088684	0.006197646725922823	-0.4448302388191223	-0.1726822406053543	-0.29033976793289185	0.34489360451698303	-0.02649284340441227	0.32538801431655884	-0.06460297107696533	-0.06414611637592316	-0.15947774052619934	0.11062164604663849	0.236515074968338	-0.19791512191295624	0.13978417217731476	0.09393597394227982	-0.3273404538631439	-0.04224618524312973	-0.015537884086370468	0.07262562215328217	0.38446033000946045	-0.13124287128448486	0.250986784696579	0.07876662164926529	0.22615289688110352	0.4296938180923462	0.223720982670784	-0.14698487520217896	0.2546602785587311	-0.23076023161411285	-0.15577314794063568	0.3852178156375885	0.14348359405994415	0.23468773066997528	-0.21246029436588287	-0.027887782081961632	-0.05128055065870285	0.006229871418327093	-0.06041417270898819	-0.017952842637896538	-0.2372456192970276	-0.2999345660209656	0.17335008084774017	-0.06321553885936737	0.14398424327373505	0.1088661253452301	-0.3431145250797272	0.14728771150112152	0.4414498507976532	0.5140517950057983	0.35212257504463196	-0.2402644008398056
LH_Vis_3	0.6353887915611267	0.7838797569274902	1.0	-0.3083306849002838	0.8089336156845093	0.8583661317825317	0.4195253849029541	0.7139246463775635	0.8258063197135925	-0.0833289623260498	-0.240803524851799	-0.26877903938293457	-0.14727945625782013	-0.21612070500850677	-0.566932201385498	0.057037681341171265	-0.19986054301261902	0.16775749623775482	-0.13148367404937744	0.28382807970046997	0.024579178541898727	0.14210145175457	0.4398386478424072	-0.17272137105464935	0.25191012024879456	-0.05843457579612732	-0.11718989163637161	0.151337131857872	0.4365851581096649	0.3722469210624695	-0.08965252339839935	0.17048224806785583	-0.1612793654203415	-0.49676141142845154	-0.16616548597812653	0.2121681421995163	-0.06180093437433243	0.13075745105743408	-0.13182860612869263	-0.0348178930580616	-0.19312912225723267	0.49533891677856445	0.1279979944229126	0.4544915556907654	-0.11939902603626251	0.21321897208690643	-0.03539730980992317	0.3021611273288727	0.6122604608535767	0.1954614818096161	0.46049660444259644	0.8124637007713318	0.08689454942941666	0.18239735066890717	0.8412207365036011	0.7582409381866455	0.5647241473197937	0.7739948630332947	-0.115867480635643	-0.1239805743098259	-0.23437149822711945	-0.06701397150754929	-0.23036015033721924	0.1971089392900467	-0.10393397510051727	-0.5605738162994385	0.11830904334783554	0.08988282829523087	-0.33446893095970154	0.11403767019510269	0.13095006346702576	-0.060597021132707596	0.14054375886917114	0.02666747011244297	-0.2161770761013031	0.05771360918879509	-0.018310818821191788	-0.2161674052476883	-0.20822952687740326	0.36903026700019836	-0.6336278915405273	-0.5120550990104675	-0.44666188955307007	-0.28852578997612	-0.009770826436579227	-0.6180659532546997	0.03687145933508873	0.002333077136427164	-0.12847861647605896	-0.3685176372528076	-0.533668041229248	0.26581934094429016	0.008431543596088886	0.25544172525405884	0.25516605377197266	0.582607626914978	0.09254544228315353	-0.09006325155496597	0.601875901222229	0.14700263738632202	0.268629789352417	0.2712746262550354	0.4711625576019287	0.13238760828971863	0.4437069594860077	0.15820248425006866	-0.18994943797588348	0.16822674870491028	-0.2213122844696045	0.13623201847076416	0.188943549990654	0.36591005325317383	-0.1138857826590538	-0.16075511276721954	-0.05723527446389198	0.10119172185659409	0.11696986854076385	-0.4467388987541199	0.07070986181497574	0.23624636232852936	-0.32848039269447327	0.13292741775512695	-0.02158050797879696	0.044891081750392914	0.2771180272102356	0.10877785831689835	0.25372937321662903	-0.04229770228266716	0.46151864528656006	0.3863064646720886	0.41565844416618347	0.06250976026058197	0.34157049655914307	0.14758291840553284	0.025425998494029045	0.5576357245445251	0.23523272573947906	0.3041343092918396	-0.3877272605895996	-0.004851644393056631	-0.07965032011270523	0.16932356357574463	0.326107382774353	0.2114008516073227	0.17797023057937622	-0.025791404768824577	0.2069602608680725	0.02646796405315399	0.34708157181739807	-0.1894647777080536	-0.40629878640174866	0.19265758991241455	0.26491376757621765	0.3123040497303009	0.021740758791565895	-0.5739392042160034
LH_Vis_4	-0.2500535845756531	-0.026098091155290604	-0.3083306849002838	1.0	-0.33086568117141724	-0.32389816641807556	0.18346455693244934	0.1589389592409134	-0.236103817820549	-0.11710845679044724	-0.17411698400974274	-0.3304586708545685	-0.07506399601697922	-0.19929280877113342	0.24843208491802216	-0.1247660219669342	-0.23354992270469666	0.05138031765818596	-0.12801595032215118	-0.06984297186136246	-0.10154895484447479	-0.22897550463676453	-0.23932747542858124	-0.38663917779922485	-0.45911842584609985	-0.06995747983455658	0.2459275871515274	0.027316410094499588	-0.054847829043865204	-0.05020373687148094	-0.06938015669584274	0.05886980518698692	-0.1518227607011795	-0.08234133571386337	-0.22843867540359497	-0.09118767827749252	-0.12590086460113525	-0.038434360176324844	-0.08591827005147934	-0.4563671350479126	-0.10459336638450623	0.1757642775774002	-0.2198479026556015	0.0028632257599383593	0.1832903027534485	0.07242817431688309	-0.13143032789230347	-0.09861767292022705	-0.17806056141853333	0.08289173990488052	-0.0686882734298706	-0.056280121207237244	0.31097209453582764	0.5558385252952576	-0.4300535023212433	-0.3293578624725342	0.2787887752056122	-0.2786465287208557	-0.16115476191043854	-0.17293787002563477	-0.16366884112358093	-0.05129193514585495	0.3489244282245636	-0.09122998267412186	-0.05008687451481819	0.4689260721206665	0.018955303356051445	-0.2006923407316208	0.3026881217956543	0.42625129222869873	0.16528019309043884	0.09441616386175156	-0.005364954937249422	-0.19290849566459656	-0.21505220234394073	-0.15717481076717377	0.1636660248041153	0.2765568494796753	0.10486418008804321	-0.2293236255645752	0.4120549261569977	0.4271427392959595	0.44955214858055115	0.27564287185668945	0.33134564757347107	0.4797186851501465	0.2765936851501465	0.3361678719520569	0.43690499663352966	0.3024848401546478	0.31722292304039	-0.10039176791906357	-0.149575874209404	0.08592560142278671	-0.018975187093019485	0.130693256855011	0.47061094641685486	0.47306326031684875	-0.17097638547420502	0.27107229828834534	-0.21079294383525848	0.050129231065511703	-0.045158904045820236	-0.26697462797164917	-0.22306282818317413	-0.23401160538196564	0.14009323716163635	-0.10516595840454102	0.02721204236149788	0.35745447874069214	-0.3146672546863556	0.030772587284445763	-0.19383400678634644	0.13724437355995178	0.10167402029037476	0.10852200537919998	0.1627911925315857	0.2018141746520996	-0.16226759552955627	-0.00039946092874743044	0.12734757363796234	-0.11468983441591263	0.01822233758866787	-0.2542169690132141	-0.020466940477490425	-0.23442654311656952	-0.13017138838768005	0.13866351544857025	-0.40430188179016113	-0.0880889892578125	-0.49387142062187195	-0.12484375387430191	-0.25175905227661133	-0.2749823033809662	-0.3198398947715759	-0.2741827964782715	-0.09775806218385696	-0.14175689220428467	0.22408130764961243	-0.1560813933610916	0.2717232406139374	-0.16373854875564575	-0.281620591878891	-0.12454584985971451	-0.23624101281166077	-0.0032057256903499365	-0.09180847555398941	-0.31784746050834656	-0.0002242129557998851	0.3221495449542999	0.23330290615558624	-0.2595188319683075	0.0857628658413887	0.05733796954154968	-0.04233672469854355	0.33622682094573975
LH_Vis_5	0.36754217743873596	0.8080703020095825	0.8089336156845093	-0.33086568117141724	1.0	0.7135063409805298	0.08773287385702133	0.6339097619056702	0.6129270792007446	-0.34719589352607727	-0.29122471809387207	-0.24615158140659332	-0.25077545642852783	-0.08026681840419769	-0.4845649003982544	-0.21480785310268402	-0.27964720129966736	-0.057005126029253006	-0.2064342051744461	0.06912095099687576	-0.08641379326581955	0.04606519639492035	0.2053680270910263	-0.28252890706062317	-0.08922892063856125	-0.14730456471443176	0.026435166597366333	0.04581334441900253	0.043432142585515976	0.2673424780368805	0.13258205354213715	0.10346226394176483	-0.22005543112754822	-0.4158053696155548	-0.03176242485642433	0.1820717751979828	-0.03470676764845848	0.0008227081270888448	-0.07244818657636642	-0.09072341024875641	-0.14878711104393005	0.4330000579357147	0.2996566593647003	0.4581831991672516	0.23983842134475708	0.274885356426239	0.2066194862127304	0.2913273274898529	0.34809714555740356	0.14167621731758118	0.282213419675827	0.8540235757827759	0.04609152302145958	0.40411749482154846	0.8407236933708191	0.5440733432769775	0.5405700206756592	0.6874880194664001	-0.29872843623161316	-0.17601041495800018	-0.18120667338371277	-0.10743481665849686	-0.3787408471107483	0.2242894023656845	-0.14981281757354736	-0.44793927669525146	-0.1734050065279007	0.11415225267410278	-0.41727307438850403	-0.025613928213715553	-0.032990701496601105	-0.056141696870326996	0.03483045473694801	0.09343978017568588	-0.30343762040138245	-0.1054055318236351	-0.4007107615470886	-0.2800460755825043	-0.06829863786697388	0.2960139513015747	-0.5694504976272583	-0.5289005637168884	-0.1534993201494217	-0.30821385979652405	0.14005713164806366	-0.4224608838558197	-0.1484445184469223	-0.05586686357855797	-0.20383577048778534	-0.2849912941455841	-0.5615547299385071	0.27561888098716736	-0.07948315143585205	0.22007180750370026	0.3222797214984894	0.5050345659255981	0.17628158628940582	-0.2135034054517746	0.4036727249622345	-0.037489619106054306	0.14259357750415802	0.2788885533809662	0.47566938400268555	0.0968281626701355	0.5549405217170715	-0.018130607903003693	-0.44090065360069275	-0.1025300994515419	-0.3477810323238373	0.11189933866262436	0.021878644824028015	0.18589219450950623	-0.13844791054725647	-0.26448339223861694	-0.1623407006263733	-0.021883048117160797	0.18547098338603973	-0.3395985960960388	0.08995770663022995	0.15219423174858093	-0.4081296920776367	-0.06403577327728271	-0.13242295384407043	0.19563739001750946	0.4725242555141449	-0.0029276867862790823	0.029786355793476105	-0.15304352343082428	0.2233310490846634	0.3027239739894867	0.24476197361946106	-0.2632877826690674	0.19183142483234406	-0.22082480788230896	0.013892490416765213	0.4184773564338684	-0.02530793286859989	0.0424736887216568	-0.5138739347457886	-0.13733609020709991	-0.2665269672870636	0.12601381540298462	0.03147280216217041	-0.08799118548631668	-0.16116054356098175	-0.2128448337316513	0.011929773725569248	0.10172578692436218	0.14842335879802704	-0.07889501005411148	-0.39514464139938354	0.2092568725347519	0.31841903924942017	0.4672621190547943	0.31907162070274353	-0.29732826352119446
LH_Vis_6	0.5898383855819702	0.5271360278129578	0.8583661317825317	-0.32389816641807556	0.7135063409805298	1.0	0.27228614687919617	0.5826846361160278	0.8861651420593262	-0.12643226981163025	-0.17679066956043243	-0.27147722244262695	-0.29244276881217957	-0.19250255823135376	-0.5562772750854492	-0.14223697781562805	-0.3098350167274475	-0.010558358393609524	-0.30689120292663574	0.08342495560646057	-0.21439938247203827	0.05403194576501846	0.1794470101594925	-0.19492217898368835	0.3289913833141327	-0.05829489603638649	-0.2256857454776764	-0.031986597925424576	0.2665253281593323	0.3610198199748993	0.11181990057229996	0.09312168508768082	-0.2404904067516327	-0.4190979599952698	-0.12115300446748734	0.3213825225830078	-0.185197114944458	-0.07915758341550827	-0.3416869640350342	-0.1628757119178772	-0.34223034977912903	0.37664973735809326	0.018208906054496765	0.47269850969314575	-0.0829881802201271	0.13251464068889618	-0.22348232567310333	0.3244418501853943	0.6243042349815369	0.1938513219356537	0.44736579060554504	0.7180319428443909	-0.02607501670718193	0.14289425313472748	0.8890966773033142	0.9095776677131653	0.432841420173645	0.8706700801849365	-0.06362023949623108	-0.13507619500160217	-0.24218443036079407	-0.2518860697746277	-0.21502937376499176	0.08194299787282944	-0.2761215269565582	-0.5556324124336243	0.08247113972902298	-0.12642434239387512	-0.2632139027118683	-0.004463156219571829	-0.14422601461410522	-0.11164195835590363	-0.1383306235074997	0.024650458246469498	-0.3326076567173004	0.04299091175198555	-0.24638400971889496	-0.3444868326187134	-0.017601460218429565	0.2719307243824005	-0.66609787940979	-0.39597204327583313	-0.34999364614486694	-0.31508132815361023	-0.14790748059749603	-0.6842923760414124	0.16238325834274292	-0.11001193523406982	-0.033194705843925476	-0.4698374569416046	-0.5653244256973267	0.23134362697601318	-0.0681903064250946	0.29840022325515747	0.1730327308177948	0.5735047459602356	0.026058493182063103	-0.18242931365966797	0.6597674489021301	0.23651671409606934	0.22164641320705414	0.17850515246391296	0.37049633264541626	0.24460658431053162	0.18426068127155304	0.02818344719707966	-0.006193927023559809	0.17415666580200195	-0.26852133870124817	-0.04250643402338028	0.22492580115795135	0.1420060247182846	-0.21718046069145203	-0.06691640615463257	-0.12938719987869263	-0.05852274224162102	-0.0045111291110515594	-0.42966246604919434	-0.08092279732227325	0.3033398985862732	-0.3560507297515869	-0.057063907384872437	-0.03678731992840767	-0.059668947011232376	0.1162189245223999	0.02287929505109787	0.16831925511360168	-0.19059357047080994	0.5296950340270996	0.15786686539649963	0.11426548659801483	-0.1106947734951973	0.1102449968457222	0.06483092159032822	0.009724724106490612	0.352974534034729	0.11050897091627121	0.1080014780163765	-0.6496192812919617	-0.2539474666118622	-0.3705880641937256	0.004440973047167063	0.40745025873184204	0.29594069719314575	0.2867247462272644	0.21180498600006104	-0.0015254331519827247	0.044524602591991425	0.3489377498626709	-0.24903441965579987	-0.432265967130661	0.166408970952034	0.16349489986896515	0.22990316152572632	-0.05617423728108406	-0.5035308003425598
LH_Vis_7	0.3228965997695923	0.36516082286834717	0.4195253849029541	0.18346455693244934	0.08773287385702133	0.27228614687919617	1.0	0.5932042002677917	0.43660470843315125	-0.11353100091218948	-0.3811541497707367	-0.26144811511039734	-0.10386829823255539	-0.22722071409225464	-0.31444862484931946	0.11259343475103378	-0.0361916683614254	0.39148932695388794	0.14613120257854462	0.3990640342235565	0.29919883608818054	-0.004816011991351843	0.487175315618515	-0.3854081630706787	-0.03258752450346947	0.2586227059364319	0.0721154659986496	0.08667191118001938	0.567858099937439	0.42673903703689575	-0.014090418815612793	0.1914774477481842	-0.19880320131778717	-0.5931156277656555	-0.2565363049507141	0.0586538203060627	-0.0835832878947258	0.1436714380979538	-0.3205411732196808	-0.2584957480430603	-0.2782366871833801	0.22167007625102997	-0.21210983395576477	0.4373254179954529	-0.2071429044008255	0.21067894995212555	-0.27159056067466736	0.2971811592578888	0.4002642333507538	0.12317544221878052	0.14518576860427856	0.3403264880180359	0.37432628870010376	0.09152522683143616	0.1623566597700119	0.33207184076309204	0.5234126448631287	0.3281175494194031	-0.2561360001564026	-0.2530677616596222	-0.1779237687587738	-0.12552312016487122	0.04196407273411751	-0.12828844785690308	0.027817003428936005	-0.3450598120689392	0.32453352212905884	0.06859711557626724	-0.13821473717689514	0.3422866463661194	0.4346500635147095	-0.11520875245332718	0.3752329647541046	-0.24114511907100677	-0.13006804883480072	0.12432025372982025	0.41873422265052795	0.2075781375169754	0.02200803905725479	0.02247972972691059	-0.36532965302467346	-0.2971419394016266	-0.2622315287590027	0.01775789074599743	0.2013499140739441	-0.28582414984703064	0.014890797436237335	0.17381598055362701	0.11008190363645554	-0.17701341211795807	-0.3515872061252594	0.024120239540934563	-0.31482842564582825	0.05440150201320648	-0.011218355037271976	0.5159516334533691	0.19596971571445465	0.2420680671930313	0.2783772647380829	0.23449690639972687	-0.04101506620645523	0.018177175894379616	0.21022629737854004	-0.1396457403898239	-0.14820149540901184	-0.004888124298304319	-0.10957470536231995	0.09520694613456726	-0.16453412175178528	0.06225079670548439	0.21836364269256592	0.2693101763725281	0.12999017536640167	0.2795850932598114	-0.17947426438331604	0.17737261950969696	0.004737878683954477	-0.277772456407547	0.017742259427905083	-0.04309316352009773	-0.20965082943439484	-0.018055522814393044	-0.17876993119716644	-0.44566524028778076	-0.18623951077461243	0.2594803273677826	0.43850839138031006	0.10624115914106369	0.2510201930999756	0.12643320858478546	0.006131133530288935	0.27308890223503113	0.13698938488960266	0.23557715117931366	-0.2008085548877716	0.13188467919826508	0.249701127409935	0.06484752893447876	0.10389082133769989	0.009216496720910072	0.15424150228500366	-0.15749284625053406	0.13859573006629944	0.08112791180610657	0.21014967560768127	0.14759425818920135	0.3034527897834778	0.03888336569070816	0.4756556451320648	-0.018507232889533043	-0.07274024188518524	0.06639543175697327	0.4411388039588928	0.36726436018943787	-0.06717553734779358	-0.2957342565059662
LH_Vis_8	0.34433233737945557	0.7519214749336243	0.7139246463775635	0.1589389592409134	0.6339097619056702	0.5826846361160278	0.5932042002677917	1.0	0.6554632186889648	-0.3138819932937622	-0.4959524869918823	-0.6214140057563782	-0.415823757648468	-0.40289023518562317	-0.5924877524375916	-0.04255251958966255	-0.5109531283378601	0.22867944836616516	-0.33425766229629517	0.16430236399173737	-0.19690677523612976	-0.043038658797740936	0.1945871263742447	-0.5519574880599976	-0.17916937172412872	-0.1296958178281784	0.09581971168518066	0.07515545189380646	0.2906312942504883	0.24535757303237915	-0.08199726790189743	0.024432934820652008	-0.3967067301273346	-0.5823163986206055	-0.23065149784088135	0.1941104382276535	-0.3421451449394226	-0.07058026641607285	-0.35771241784095764	-0.32652491331100464	-0.34947288036346436	0.4592134654521942	-0.12007216364145279	0.4589657187461853	0.12116339802742004	0.21601584553718567	-0.1501905918121338	0.21058684587478638	0.3450218141078949	0.048615530133247375	0.3012700080871582	0.7957502007484436	0.3963527977466583	0.5166659951210022	0.6051380038261414	0.5030463933944702	0.8866268396377563	0.6937065720558167	-0.403527170419693	-0.41827592253685	-0.4722483456134796	-0.339481920003891	-0.22410660982131958	-0.07030119746923447	-0.3224540054798126	-0.43209308385849	0.19999492168426514	-0.19942395389080048	-0.10392121225595474	0.4213680326938629	0.14681075513362885	0.11223898082971573	0.06840292364358902	0.03704090043902397	-0.37570130825042725	0.008510972373187542	-0.05065026879310608	-0.11422831565141678	0.09421331435441971	0.2303582727909088	-0.3527604639530182	-0.237222820520401	0.010514668188989162	0.048758458346128464	0.33892008662223816	-0.2475435584783554	0.033811312168836594	0.3167021870613098	0.26294535398483276	-0.18090124428272247	-0.5129066705703735	0.2117615044116974	-0.1699782907962799	0.400229811668396	0.40101510286331177	0.7163647413253784	0.4516918957233429	0.2347216159105301	0.4182392656803131	0.19742637872695923	0.06613311171531677	0.3311353921890259	0.4285803437232971	0.08626726269721985	0.1332029551267624	-0.08654429763555527	-0.313959538936615	-0.01626821793615818	-0.2872561514377594	0.10873819142580032	0.02561657689511776	0.31770122051239014	-0.1940125823020935	-0.06213850528001785	-0.024353433400392532	0.2343752384185791	0.23758986592292786	-0.2297515720129013	-0.03343218192458153	0.28642141819000244	-0.45943087339401245	-0.09283174574375153	-0.05408754572272301	-0.24138477444648743	0.1769532412290573	-0.06908804178237915	0.24611987173557281	-0.04917341470718384	0.15787288546562195	0.316277414560318	-0.040541719645261765	-0.12498977035284042	0.010547799058258533	-0.07419494539499283	-0.29380837082862854	0.21008425951004028	0.1574297696352005	0.016018806025385857	-0.34346386790275574	-0.21207571029663086	-0.0066762943752110004	-0.1541089564561844	-0.010558923706412315	-0.055110495537519455	-0.05178895965218544	0.019774124026298523	-0.039803214371204376	-0.264287531375885	0.2849099040031433	-0.17588849365711212	-0.22033922374248505	-0.10359461605548859	0.49288731813430786	0.3978463113307953	-0.017285585403442383	-0.4215877652168274
LH_Vis_9	0.5531339645385742	0.4500691294670105	0.8258063197135925	-0.236103817820549	0.6129270792007446	0.8861651420593262	0.43660470843315125	0.6554632186889648	1.0	-0.04756459221243858	-0.09139814227819443	-0.2720767855644226	-0.26832717657089233	-0.292553573846817	-0.5747671127319336	0.0011769651900976896	-0.26839613914489746	0.13370278477668762	-0.2958013415336609	0.18457508087158203	-0.22337080538272858	0.08477003127336502	0.1974036693572998	-0.15277719497680664	0.2636675536632538	-0.0646306723356247	-0.2583005726337433	0.03882431238889694	0.4444650113582611	0.3128799796104431	-0.1382407695055008	-0.0722535029053688	-0.2491898387670517	-0.3686067759990692	-0.1947159618139267	0.4939875602722168	-0.16026800870895386	-0.13815511763095856	-0.3494911789894104	-0.030500708147883415	-0.34382063150405884	0.2232959121465683	-0.1382264941930771	0.33841896057128906	-0.25703132152557373	0.003912670072168112	-0.3256949186325073	0.1706039011478424	0.6731874942779541	0.16971981525421143	0.44007036089897156	0.6640781760215759	0.02290349453687668	0.06888995319604874	0.8397496342658997	0.848517656326294	0.4882045090198517	0.8733070492744446	-0.009275125339627266	-0.020570574328303337	-0.18182219564914703	-0.21016153693199158	-0.05168643593788147	0.11479727923870087	-0.24466374516487122	-0.5076494216918945	0.30387628078460693	-0.11249300837516785	-0.1312997192144394	0.16225439310073853	-0.05003470927476883	-0.027729807421565056	-0.0512232631444931	0.08813802897930145	-0.2681978642940521	0.1062132865190506	-0.026948031038045883	-0.17884381115436554	-0.04675985127687454	0.15916071832180023	-0.5251569151878357	-0.2547473907470703	-0.34628891944885254	-0.17374694347381592	-0.13260000944137573	-0.5700421929359436	0.2328018695116043	-0.015044198371469975	0.18026866018772125	-0.39446625113487244	-0.5219064354896545	0.18751224875450134	0.004187478683888912	0.28338250517845154	0.18800652027130127	0.5567931532859802	-0.0031986497342586517	-0.0137256421148777	0.6681689023971558	0.3179170489311218	0.2488478571176529	0.1536746472120285	0.2697092592716217	0.13866271078586578	0.07260826230049133	0.06026943773031235	0.006597399245947599	0.23385295271873474	-0.1553380936384201	0.06047019362449646	0.32688024640083313	0.27711230516433716	-0.13819991052150726	-0.14912089705467224	-0.012333404272794724	0.019159870222210884	0.014204930514097214	-0.5080261826515198	-0.15098416805267334	0.29224440455436707	-0.29401928186416626	0.12095198780298233	-0.12239708006381989	-0.18229497969150543	0.0013730921782553196	0.18071657419204712	0.08987975120544434	-0.11542024463415146	0.37264490127563477	0.14739468693733215	0.14571981132030487	0.032196514308452606	0.07180044800043106	0.22073064744472504	-0.013912484049797058	0.34988752007484436	0.1261136531829834	0.08154187351465225	-0.4512467682361603	-0.16244487464427948	-0.11040224134922028	0.03570818901062012	0.37491026520729065	0.14636102318763733	0.36067160964012146	0.21015094220638275	0.07105651497840881	-0.03657278046011925	0.4320788085460663	-0.33402004837989807	-0.27745455503463745	0.11509095877408981	0.17457202076911926	0.1750618815422058	-0.2205241173505783	-0.6342326402664185
LH_SomMot_1	0.16844883561134338	-0.30850622057914734	-0.0833289623260498	-0.11710845679044724	-0.34719589352607727	-0.12643226981163025	-0.11353100091218948	-0.3138819932937622	-0.04756459221243858	1.0	0.5749168395996094	0.37230390310287476	0.48105645179748535	-0.04100427031517029	0.12461360543966293	0.5204979181289673	0.28433719277381897	0.07601502537727356	0.09040163457393646	-0.0517013743519783	-0.08651211112737656	0.2190374732017517	-0.026781290769577026	0.548002302646637	0.6188168525695801	-0.0262734554708004	-0.42287561297416687	0.1500745266675949	0.36149826645851135	-0.24239429831504822	-0.5456299185752869	-0.236772820353508	0.3111369013786316	0.41307035088539124	-0.2185322791337967	0.04723028466105461	0.1298716813325882	0.06637506186962128	0.13989441096782684	0.5713112354278564	-0.021865181624889374	-0.2845803201198578	-0.3853173553943634	-0.5146798491477966	-0.6691372990608215	-0.6010106205940247	-0.3471051752567291	-0.46967557072639465	0.14424043893814087	-0.15069378912448883	0.28957730531692505	-0.34283447265625	-0.049593858420848846	-0.5892526507377625	-0.190005823969841	-0.02464193105697632	-0.42668232321739197	-0.18266591429710388	0.8070214986801147	0.48854321241378784	0.2990390360355377	0.41196027398109436	0.49408379197120667	0.10807064920663834	0.1348998248577118	0.127405047416687	0.3294590413570404	0.03735118359327316	0.4890061020851135	0.005289855878800154	-0.1136726588010788	0.30394017696380615	0.012538587674498558	0.3470841348171234	0.519065260887146	0.4519326686859131	0.5225352644920349	0.18917891383171082	-0.4060266315937042	0.008824854157865047	0.382559210062027	0.3669693171977997	-0.22433193027973175	0.19619634747505188	-0.43181341886520386	0.0647478923201561	0.3587036430835724	0.12315361946821213	0.14221394062042236	0.046768851578235626	0.5523383021354675	0.0829087570309639	0.6195566654205322	0.03597079962491989	-0.12208763509988785	-0.3182721436023712	-0.3868609070777893	0.09608300030231476	0.09078583121299744	0.08415426313877106	0.3523145914077759	-0.0003705740673467517	-0.11817415058612823	0.34517231583595276	-0.09253204613924026	0.39943739771842957	0.24738653004169464	0.28059694170951843	0.5332678556442261	-0.07133897393941879	0.27945849299430847	0.07414814829826355	0.13878601789474487	-0.08715153485536575	0.40023624897003174	0.2804837226867676	-0.09389495104551315	0.1597520262002945	-0.010228345170617104	0.1239176020026207	0.4677458703517914	0.34369131922721863	-0.0135355768725276	-0.005091129802167416	-0.04007658734917641	0.13173016905784607	-0.04133353754878044	0.11938490718603134	0.08806098997592926	0.2010103315114975	0.3337653577327728	0.4114125967025757	-0.039986103773117065	0.4863884747028351	0.15744943916797638	0.3856033980846405	0.288332462310791	0.23115204274654388	0.36644837260246277	0.3934614360332489	0.4240707457065582	0.24568761885166168	0.3287009298801422	0.30183884501457214	0.5537449717521667	0.22940175235271454	0.229410782456398	-0.06296946853399277	0.03756974637508392	-0.052410025149583817	0.27310049533843994	0.17516939342021942	-0.4728832542896271	-0.515487790107727	-0.339889258146286	-0.19469787180423737
LH_SomMot_2	-0.16543827950954437	-0.5371367931365967	-0.240803524851799	-0.17411698400974274	-0.29122471809387207	-0.17679066956043243	-0.3811541497707367	-0.4959524869918823	-0.09139814227819443	0.5749168395996094	1.0	0.7701873779296875	0.40779027342796326	0.40093570947647095	0.4921407997608185	0.013453485444188118	0.44695043563842773	-0.3728894293308258	0.11337314546108246	-0.4304097592830658	-0.1391250491142273	-0.12850072979927063	-0.4449120759963989	0.7128528952598572	0.39089033007621765	-0.048296552151441574	-0.5899719595909119	0.03642796725034714	-0.1259142905473709	-0.3521547019481659	-0.3696718215942383	-0.25153645873069763	0.5164999961853027	0.5082277059555054	-0.26817190647125244	0.11034562438726425	0.4064335227012634	0.10743919014930725	0.3875104486942291	0.43682804703712463	0.32338303327560425	-0.28206950426101685	0.10446514189243317	-0.4742938280105591	-0.38463419675827026	-0.3304382562637329	-0.15709759294986725	-0.5247817039489746	-0.12810716032981873	0.06091092526912689	-0.06881508976221085	-0.4121641218662262	-0.33415544033050537	-0.48227745294570923	-0.09395331889390945	-0.1972203403711319	-0.5691121816635132	-0.1569845974445343	0.7736260294914246	0.8709666132926941	0.6857232451438904	0.5268096327781677	0.5184205174446106	0.4143647253513336	0.34664779901504517	0.5241162776947021	0.0565103255212307	0.19842800498008728	0.30243682861328125	-0.2843534052371979	-0.43967580795288086	0.045885540544986725	-0.35441774129867554	0.18469204008579254	0.5031859874725342	0.25605306029319763	0.18156158924102783	0.2202286273241043	-0.20953601598739624	-0.00964843574911356	0.2899523079395294	0.39876842498779297	-0.07241006195545197	-0.10519590228796005	-0.6007920503616333	0.024221686646342278	0.3799059987068176	-0.21766524016857147	-0.0371355302631855	0.2429429441690445	0.5897284150123596	0.02735687978565693	0.5084971785545349	0.06259293109178543	0.06344635039567947	-0.45242196321487427	-0.33611974120140076	-0.3919982612133026	-0.2195737063884735	0.09779199957847595	0.37265443801879883	-0.3092119097709656	-0.3533443212509155	-0.01898552104830742	-0.04611600562930107	0.29609984159469604	0.2872835695743561	0.5231839418411255	0.4856472313404083	-0.13692693412303925	-0.12290360033512115	-0.14778058230876923	-0.2813878357410431	-0.2123192548751831	0.4692794978618622	-0.07262091338634491	-0.0915801152586937	0.013497604988515377	0.11150635778903961	0.08320952951908112	0.38450363278388977	0.5055426359176636	0.20555321872234344	0.3109411597251892	-0.010022401809692383	0.40965744853019714	-0.4716775715351105	0.1430731564760208	-0.11768520623445511	-0.1647847443819046	0.23822280764579773	0.41086477041244507	-0.022997194901108742	0.43274712562561035	0.47314515709877014	0.06802826374769211	-0.23629271984100342	0.08684685826301575	0.21852172911167145	0.2474498599767685	0.18415747582912445	0.6307671666145325	0.15009087324142456	-0.07816824316978455	0.2796000838279724	0.03665556758642197	0.057753030210733414	0.2811470925807953	-0.2875076234340668	-0.13910111784934998	0.06002019718289375	0.11331134289503098	-0.6221824288368225	-0.47593337297439575	-0.3865584135055542	-0.19390693306922913
LH_SomMot_3	-0.19774675369262695	-0.4230916202068329	-0.26877903938293457	-0.3304586708545685	-0.24615158140659332	-0.27147722244262695	-0.26144811511039734	-0.6214140057563782	-0.2720767855644226	0.37230390310287476	0.7701873779296875	1.0	0.4459012746810913	0.6751079559326172	0.586733341217041	0.0345255583524704	0.7971629500389099	-0.2375233769416809	0.602448582649231	-0.38944384455680847	0.27376338839530945	-0.040301986038684845	-0.15665239095687866	0.6036576628684998	0.2782341539859772	0.17983534932136536	-0.47333478927612305	-0.03544720262289047	-0.24125437438488007	-0.15611056983470917	-0.10477764159440994	0.024887140840291977	0.5828128457069397	0.4566272497177124	-0.21558816730976105	-0.05371392145752907	0.5462294220924377	0.1803240329027176	0.4069462716579437	0.36409229040145874	0.3696643114089966	-0.3095368444919586	0.2815116345882416	-0.389950692653656	-0.2572956681251526	-0.17267659306526184	-0.00020437384955585003	-0.3658067286014557	-0.19794109463691711	0.1296931505203247	-0.19990801811218262	-0.38911688327789307	-0.2305222898721695	-0.5380761027336121	-0.18164770305156708	-0.2815767228603363	-0.610913872718811	-0.2802439332008362	0.5369231700897217	0.8265267014503479	0.8918435573577881	0.5725014805793762	0.38897252082824707	0.5341079235076904	0.613101065158844	0.3992847502231598	-0.08856170624494553	0.6252996921539307	0.12596818804740906	-0.32414454221725464	-0.18550018966197968	-0.1530253291130066	-0.09227658808231354	-0.02139844372868538	0.5906236171722412	0.17514672875404358	0.13126051425933838	0.1994178295135498	-0.30196690559387207	-0.10481470823287964	0.13093705475330353	0.10537784546613693	-0.1996259093284607	-0.3013415038585663	-0.5892025828361511	-0.0474618524312973	0.10586903989315033	-0.40398460626602173	-0.364980012178421	0.1560668647289276	0.4390525221824646	-0.12403617799282074	0.22151313722133636	-0.27406495809555054	-0.1728682667016983	-0.591252863407135	-0.44404029846191406	-0.6135434508323669	-0.340136855840683	-0.11351645737886429	0.27876386046409607	-0.3551379144191742	-0.3850139081478119	-0.2096734195947647	0.10561005026102066	0.2821732461452484	0.05199585482478142	0.30535799264907837	0.25437068939208984	-0.22990484535694122	-0.1918296217918396	-0.3173138201236725	-0.08754653483629227	-0.05644657835364342	0.20980049669742584	-0.20905376970767975	-0.35098913311958313	0.021309418603777885	0.3224698007106781	-0.3089982867240906	0.333575040102005	0.2844190001487732	0.06029220297932625	0.3707284927368164	0.0450873039662838	0.3373965919017792	-0.28786951303482056	0.08827042579650879	-0.007380188442766666	-0.2785436809062958	0.2919762134552002	0.3999444246292114	0.254381388425827	0.38684922456741333	0.6559862494468689	0.16224698722362518	-0.22450323402881622	0.014044445939362049	0.36632129549980164	0.2803027927875519	0.1266341507434845	0.6569428443908691	0.04605157673358917	-0.030503658577799797	0.06386275589466095	-0.059022415429353714	0.289046049118042	0.6334670782089233	-0.15722784399986267	0.18032975494861603	-0.026371488347649574	0.3689589500427246	-0.5658425092697144	-0.21956601738929749	-0.012366678565740585	0.055857572704553604
