../../.git/annex/objects/W2/zK/SHA256E-s4213179--8d33d334e883230a344f3cebcd3270ac1fe77c4b51bde34c85e7d16973aaf9a8.tsv/SHA256E-s4213179--8d33d334e883230a344f3cebcd3270ac1fe77c4b51bde34c85e7d16973aaf9a8.tsv