Node	DMN_LABEL_1	Vis_LABEL_2	FP_LABEL_3	Aud_LABEL_4	Tpole_LABEL_5	PMN_LABEL_6	PON_LABEL_7	MTL_LABEL_8	PON_LABEL_9	CO_LABEL_10	Sal_LABEL_11	CO_LABEL_12	SMd_LABEL_13	SMl_LABEL_14	DAN_LABEL_15	DMN_LABEL_16	CO_LABEL_17	DMN_LABEL_18	VAN_LABEL_19	CO_LABEL_20	CO_LABEL_21	Sal_LABEL_22	DAN_LABEL_23	PMN_LABEL_24	DAN_LABEL_25	DMN_LABEL_26	DMN_LABEL_27	DMN_LABEL_28	Vis_LABEL_29	FP_LABEL_30	Aud_LABEL_31	Tpole_LABEL_32	PMN_LABEL_33	PON_LABEL_34	MTL_LABEL_35	CO_LABEL_36	Sal_LABEL_37	CO_LABEL_38	SMd_LABEL_39	SMl_LABEL_40	DAN_LABEL_41	CO_LABEL_42	VAN_LABEL_43	CO_LABEL_44	CO_LABEL_45	Sal_LABEL_46	DAN_LABEL_47	PMN_LABEL_48	DAN_LABEL_49	DMN_LABEL_50	FP_LABEL_51	DMN_LABEL_52	DMN_LABEL_53	PON_LABEL_54	DMN_LABEL_55	Tpole_LABEL_56	Tpole_LABEL_57	Sal_LABEL_58	Sal_LABEL_59	SMd_LABEL_60	DAN_LABEL_61	FP_LABEL_62	DMN_LABEL_63	FP_LABEL_64	FP_LABEL_65	SMd_LABEL_66	SMl_LABEL_67	SMd_LABEL_68	DMN_LABEL_69	DAN_LABEL_70	DMN_LABEL_71	FP_LABEL_72	SMd_LABEL_73	SMl_LABEL_74	MTL_LABEL_75	MTL_LABEL_76	CO_LABEL_77	CO_LABEL_78	Vis_LABEL_79	Vis_LABEL_80
DMN_LABEL_1	1.0	0.06165510416030884	-0.3996800482273102	0.2284642904996872	0.27453240752220154	0.44005730748176575	0.7121899724006653	n/a	0.29606160521507263	-0.3357135057449341	-0.09270461648702621	-0.2777295410633087	-0.20369669795036316	-0.18181005120277405	-0.45452168583869934	0.801328182220459	-0.264823853969574	0.516506016254425	0.4049452841281891	0.1595245897769928	-0.3619254231452942	-0.3605392873287201	-0.17987868189811707	0.6343033909797668	-0.15328896045684814	0.42364078760147095	0.7216798663139343	0.5913833975791931	0.04467528313398361	-0.5973719954490662	0.1988282948732376	0.34827494621276855	0.07962123304605484	0.4624600410461426	n/a	-0.32974258065223694	-0.14659743010997772	-0.5062062740325928	-0.24346934258937836	-0.15829946100711823	-0.5594637393951416	-0.41228216886520386	0.31063634157180786	-0.19135554134845734	-0.3530707061290741	-0.49049532413482666	-0.2875184714794159	0.26697713136672974	-0.2178996056318283	0.5562419891357422	-0.6298418045043945	0.47733840346336365	0.2947724759578705	0.28412115573883057	0.6243845820426941	0.1554746925830841	-0.2713169753551483	-0.012392058037221432	-0.1677168905735016	-0.36070170998573303	-0.2107117623090744	-0.09651077538728714	-0.042621009051799774	-0.4523579776287079	-0.29011958837509155	-0.08471481502056122	-0.04003994166851044	-0.13567054271697998	0.11029472947120667	-0.10576975345611572	0.3470471501350403	-0.17737379670143127	-0.23574435710906982	-0.3006126284599304	0.23645001649856567	-0.009473036974668503	0.012209895998239517	0.09708151966333389	0.19592398405075073	-0.015721755102276802
Vis_LABEL_2	0.06165510416030884	1.0	-0.3381801247596741	0.18454799056053162	0.045532628893852234	-0.11252278834581375	0.18072693049907684	n/a	0.22916856408119202	-0.30456680059432983	-0.29348865151405334	-0.3266632854938507	-0.3530411422252655	-0.09529150277376175	-0.27287453413009644	0.05575447902083397	-0.11900143325328827	-0.14474715292453766	-0.010249635204672813	-0.051096200942993164	-0.11701500415802002	-0.2814137637615204	-0.238107368350029	-0.163279727101326	-0.04150315001606941	0.06390533596277237	-0.09496372193098068	0.0007039039046503603	0.8849532008171082	-0.22765876352787018	0.21668782830238342	0.3148720860481262	0.03157440200448036	0.22753380239009857	n/a	-0.196316659450531	-0.4355555772781372	-0.229309543967247	-0.037612978368997574	-0.034331850707530975	-0.2690177857875824	-0.10908501595258713	-0.2612040638923645	-0.182241290807724	-0.1299598664045334	-0.09101380407810211	-0.031304508447647095	-0.08434835076332092	0.08219823241233826	-0.0189500879496336	0.007453782483935356	-0.070401132106781	-0.06456904858350754	0.37603995203971863	-0.14541664719581604	-0.21332843601703644	0.17207276821136475	-0.30458304286003113	-0.3488708436489105	0.0956663265824318	0.07708459347486496	0.08052068948745728	-0.009954764507710934	-0.044093359261751175	-0.10984195023775101	0.02175358682870865	0.0561300553381443	-0.23844437301158905	-0.1786220818758011	0.059724755585193634	0.019509322941303253	-0.21485957503318787	-0.23253034055233002	0.17109833657741547	0.14492280781269073	-0.19907599687576294	-0.10419803857803345	-0.225190669298172	0.0036243144422769547	-0.010891971178352833
FP_LABEL_3	-0.3996800482273102	-0.3381801247596741	1.0	-0.33481934666633606	-0.15479542315006256	-0.28726711869239807	-0.5275859236717224	n/a	-0.43761780858039856	-0.08586221188306808	0.3388063311576843	-0.06327597051858902	-0.01199432834982872	-0.17478325963020325	0.09992192685604095	-0.0961889773607254	0.03054625727236271	0.23180341720581055	0.09930393099784851	-0.17936401069164276	0.09858401864767075	0.32303863763809204	-0.0360444001853466	-0.28361672163009644	-0.0871504619717598	0.163262739777565	-0.004468499682843685	0.11193203181028366	-0.3483264148235321	0.452319473028183	-0.32560572028160095	-0.49840080738067627	-0.3055749833583832	-0.6016586422920227	n/a	-0.10416490584611893	0.22002995014190674	-0.011403185315430164	-0.07357949763536453	-0.09541793912649155	0.11416807025671005	0.05121977627277374	0.06158257648348808	0.06947912275791168	0.17986200749874115	0.28023529052734375	-0.14043040573596954	-0.3757408559322357	-0.0633912980556488	-0.032335467636585236	0.18287700414657593	-0.1769362986087799	-0.014279916882514954	-0.3467327654361725	-0.21234257519245148	-0.011764062568545341	0.14294826984405518	0.3051912486553192	-0.056683581322431564	0.08744284510612488	-0.37653711438179016	-0.06911756098270416	0.11920437216758728	0.15427261590957642	0.19680386781692505	-0.0010493032168596983	-0.01429389975965023	-0.15014149248600006	0.10844512283802032	-0.29984575510025024	0.09766346961259842	0.45625513792037964	-0.005058122333139181	-0.3266519010066986	-0.0758315846323967	-0.08578415960073471	-0.26567181944847107	-0.20545990765094757	-0.0692163035273552	0.15974567830562592
Aud_LABEL_4	0.2284642904996872	0.18454799056053162	-0.33481934666633606	1.0	0.09674287587404251	0.14782793819904327	0.2541453242301941	n/a	0.15081454813480377	0.013496621511876583	0.13155633211135864	-0.10775744915008545	-0.014554758556187153	0.4274676740169525	-0.1701083481311798	0.1450570821762085	0.14253069460391998	0.06925350427627563	0.1969086229801178	0.3618795871734619	-0.07570687681436539	-0.04546651989221573	-0.18781062960624695	-0.014031079597771168	-0.25197842717170715	-0.16590268909931183	0.16759666800498962	0.08898364752531052	0.1293761283159256	-0.17747613787651062	0.812113344669342	0.3338044583797455	0.2048022747039795	0.18107733130455017	n/a	0.0210400577634573	0.021818917244672775	-0.10112407803535461	0.19310855865478516	0.4091539978981018	-0.06758077442646027	0.08649752289056778	0.17203488945960999	0.06478245556354523	0.1260279417037964	0.020188627764582634	-0.07195300608873367	0.11189322918653488	-0.14078804850578308	-0.02319256402552128	-0.17111586034297943	0.022655105218291283	-0.027357056736946106	0.07330860942602158	0.3003610372543335	0.2648952603340149	0.00932187307626009	-0.05237115919589996	-0.03399421274662018	0.08352977782487869	-0.04137790575623512	0.10580610483884811	-0.3939480483531952	-0.026123054325580597	-0.3220416009426117	-0.18473100662231445	0.2850481867790222	-0.19972991943359375	0.22732073068618774	-0.09892106056213379	-0.2928093373775482	-0.2985680103302002	-0.17754952609539032	0.13925062119960785	0.3740014433860779	0.1889624148607254	0.1186014860868454	0.23397353291511536	0.2853485643863678	0.14926625788211823
Tpole_LABEL_5	0.27453240752220154	0.045532628893852234	-0.15479542315006256	0.09674287587404251	1.0	-0.04135696589946747	0.07486531138420105	n/a	0.08016711473464966	-0.0644426941871643	-0.1551680713891983	-0.02788577601313591	-0.23392604291439056	0.19525457918643951	-0.27790939807891846	0.4504193067550659	-0.07720381766557693	0.3567599654197693	0.2892504930496216	-0.08038625121116638	-0.11936530470848083	-0.2535848319530487	-0.2876887023448944	-0.07701641321182251	-0.06794409453868866	0.03458425775170326	0.4707918167114258	0.35512226819992065	0.047393135726451874	-0.32758939266204834	0.1784050464630127	0.42229482531547546	-0.2888047993183136	0.07886456698179245	n/a	-0.22290705144405365	-0.27196839451789856	-0.18476200103759766	0.0805727019906044	0.10501458495855331	-0.21103566884994507	-0.23973031342029572	0.13308577239513397	0.36266881227493286	-0.2954508364200592	-0.3322712481021881	-0.2384040653705597	-0.24267050623893738	-0.02693238854408264	0.1497785896062851	-0.2540378272533417	-0.03304482623934746	0.3052169382572174	0.11959964036941528	0.32489973306655884	0.47814467549324036	0.27542659640312195	0.1790289729833603	0.4205913245677948	0.0898251086473465	-0.032778605818748474	0.027355803176760674	-0.1881987750530243	-0.264754980802536	-0.29457008838653564	0.11455561220645905	0.12867747247219086	-0.23038163781166077	0.042642202228307724	-0.24272483587265015	0.07331547141075134	-0.08388987928628922	-0.23961764574050903	-0.13638275861740112	0.1818324625492096	0.09037560969591141	0.2118729054927826	0.31032487750053406	0.18829463422298431	-0.18709325790405273
PMN_LABEL_6	0.44005730748176575	-0.11252278834581375	-0.28726711869239807	0.14782793819904327	-0.04135696589946747	1.0	0.5602529644966125	n/a	0.32809796929359436	0.2127765417098999	0.14868870377540588	0.24082644283771515	0.19124051928520203	0.11045912653207779	-0.140114426612854	0.12485722452402115	0.29286035895347595	-0.010104415938258171	0.01019227597862482	0.3742752969264984	0.27922484278678894	0.05982048064470291	0.028559936210513115	0.6627583503723145	0.10696230828762054	0.11833776533603668	0.09026346355676651	-0.0018695080652832985	0.022441091015934944	-0.2570103406906128	0.1418323665857315	0.018341245129704475	0.7165824174880981	0.2612897455692291	n/a	0.23519356548786163	0.1604563593864441	-7.466298120561987e-05	-0.11935285478830338	-0.06938525289297104	-0.24395567178726196	0.24430134892463684	0.006697393022477627	-0.09247739613056183	0.23990751802921295	-0.29337942600250244	-0.09882442653179169	0.6612772345542908	-0.13252650201320648	-0.11362189799547195	-0.13554945588111877	0.21467474102973938	-0.20253856480121613	0.07170911133289337	0.172105610370636	-0.10366017371416092	-0.22795020043849945	0.1650816798210144	-0.018639281392097473	-0.031257230788469315	-0.21131128072738647	-0.05903921276330948	-0.16538125276565552	-0.1530616730451584	0.004177304916083813	0.1797603964805603	0.18650470674037933	0.161526620388031	-0.005526323337107897	0.4312783181667328	-0.12005722522735596	-0.04009605199098587	0.19125942885875702	0.17904816567897797	0.23294393718242645	0.15287461876869202	0.10815154016017914	0.05375395342707634	0.10403827577829361	0.2574741244316101
PON_LABEL_7	0.7121899724006653	0.18072693049907684	-0.5275859236717224	0.2541453242301941	0.07486531138420105	0.5602529644966125	1.0	n/a	0.5627853274345398	-0.2023787647485733	-0.15358905494213104	-0.11985419690608978	-0.08993175625801086	-0.1504276841878891	-0.21017293632030487	0.3741753101348877	-0.07791902869939804	0.06945338100194931	0.08999918401241302	0.2486950010061264	-0.2039852887392044	-0.30594897270202637	-0.005320247728377581	0.6933575868606567	0.15819808840751648	0.1448446363210678	0.2542301416397095	0.17231157422065735	0.1233883649110794	-0.4082144498825073	0.26318714022636414	0.23872467875480652	0.34319525957107544	0.8025628328323364	n/a	-0.11420603841543198	-0.025907745584845543	-0.3558230400085449	-0.21820300817489624	-0.23307740688323975	-0.312681645154953	-0.17719466984272003	0.01293554063886404	-0.24371236562728882	-0.2505335211753845	-0.37805113196372986	0.03890502080321312	0.42762845754623413	-0.07194893807172775	0.21523967385292053	-0.20645828545093536	0.30214163661003113	0.025191865861415863	0.47289031744003296	0.3174552917480469	-0.08750823885202408	-0.329874187707901	-0.12038575112819672	-0.15880510210990906	-0.2044842392206192	-0.003480193903669715	-0.017297418788075447	-0.04529063031077385	-0.20656323432922363	-0.1525786966085434	0.025640293955802917	-0.06106005236506462	0.0935274288058281	-0.006330940406769514	0.19666138291358948	0.07299695163965225	-0.10759792476892471	-0.0494244247674942	-0.2107403576374054	0.22724325954914093	-0.03184866905212402	0.05385207757353783	0.07056354731321335	0.27196043729782104	0.08992825448513031
MTL_LABEL_8	n/a	n/a	n/a	n/a	n/a	n/a	n/a	1.0	n/a	n/a	n/a	n/a	n/a	n/a	n/a	n/a	n/a	n/a	n/a	n/a	n/a	n/a	n/a	n/a	n/a	n/a	n/a	n/a	n/a	n/a	n/a	n/a	n/a	n/a	n/a	n/a	n/a	n/a	n/a	n/a	n/a	n/a	n/a	n/a	n/a	n/a	n/a	n/a	n/a	n/a	n/a	n/a	n/a	n/a	n/a	n/a	n/a	n/a	n/a	n/a	n/a	n/a	n/a	n/a	n/a	n/a	n/a	n/a	n/a	n/a	n/a	n/a	n/a	n/a	n/a	n/a	n/a	n/a	n/a	n/a
PON_LABEL_9	0.29606160521507263	0.22916856408119202	-0.43761780858039856	0.15081454813480377	0.08016711473464966	0.32809796929359436	0.5627853274345398	n/a	1.0	0.05861682444810867	-0.010937970131635666	0.0833054780960083	0.022420303896069527	-0.024272141978144646	0.11718779802322388	0.14262479543685913	0.10314588993787766	-0.04774406924843788	-0.12404634058475494	0.10107213258743286	0.1378772258758545	-0.22418498992919922	0.2733141779899597	0.1935722529888153	0.38232335448265076	0.08956418931484222	0.09921211004257202	0.01538037694990635	0.29893380403518677	-0.416242390871048	0.2263503521680832	0.07137208431959152	0.08483881503343582	0.518700361251831	n/a	0.20777888596057892	-0.23268237709999084	0.03753654658794403	0.017643187195062637	-0.11422338336706161	-0.029858684167265892	-8.399663784075528e-05	-0.40192994475364685	-0.26173678040504456	-0.04869856312870979	-0.3968901038169861	0.22522087395191193	-0.02448481135070324	0.19465290009975433	-0.2362002581357956	-0.019339386373758316	-0.12659631669521332	-0.29292216897010803	0.6091222763061523	-0.026024075224995613	-0.1654238998889923	-0.13117672502994537	0.1220240443944931	-0.01759153977036476	0.11673532426357269	0.1947481483221054	0.06892835348844528	-0.32358068227767944	-0.20116931200027466	-0.10406910628080368	0.031857870519161224	-0.011572788469493389	0.048079583793878555	0.08270032703876495	0.21458648145198822	-0.12460409849882126	-0.08272478729486465	0.007939483970403671	0.06847721338272095	0.16773302853107452	-0.1466909945011139	0.25023022294044495	0.21564823389053345	-0.032390009611845016	0.0006733733462169766
CO_LABEL_10	-0.3357135057449341	-0.30456680059432983	-0.08586221188306808	0.013496621511876583	-0.0644426941871643	0.2127765417098999	-0.2023787647485733	n/a	0.05861682444810867	1.0	0.3344999849796295	0.812813401222229	0.752825915813446	0.3883989751338959	0.46051454544067383	-0.48493874073028564	0.7419161200523376	-0.5345871448516846	-0.41082558035850525	0.28514376282691956	0.7784646153450012	0.3254043161869049	0.41615039110183716	-0.15604205429553986	0.5838338732719421	-0.4919179677963257	-0.3770633339881897	-0.5731848478317261	-0.11096713691949844	-0.15002520382404327	0.04661625996232033	-0.1587241291999817	0.11283686012029648	-0.08056294918060303	n/a	0.8216812014579773	0.10889201611280441	0.8186896443367004	0.5524919629096985	0.19102250039577484	0.1867164671421051	0.7664442658424377	-0.14997389912605286	0.24364835023880005	0.6768558621406555	0.07282336056232452	0.22827966511249542	0.0006283813854679465	0.3559536635875702	-0.59113609790802	0.017675934359431267	-0.46397483348846436	-0.49434685707092285	-0.03949962928891182	-0.36309248208999634	0.06108667701482773	0.18594451248645782	0.07891112565994263	0.122310571372509	0.4817987084388733	0.21904830634593964	-0.12486081570386887	-0.5143476724624634	-0.10758478194475174	-0.21764563024044037	0.0950760766863823	0.10935398191213608	0.4911072254180908	-0.1395961046218872	0.4531906247138977	-0.5939074754714966	-0.17109636962413788	0.6925874948501587	0.4612489938735962	-0.05962260439991951	0.26312872767448425	0.32403600215911865	0.2497105449438095	-0.045364756137132645	-0.032489269971847534
Sal_LABEL_11	-0.09270461648702621	-0.29348865151405334	0.3388063311576843	0.13155633211135864	-0.1551680713891983	0.14868870377540588	-0.15358905494213104	n/a	-0.010937970131635666	0.3344999849796295	1.0	0.17533659934997559	0.2909308075904846	0.037731703370809555	-0.008943622000515461	-0.11082443594932556	0.38502851128578186	0.08556049317121506	0.009804296307265759	0.300129771232605	0.4834420680999756	0.5499767661094666	-0.02314140275120735	-0.10334478318691254	0.10937350988388062	0.12700675427913666	0.06104561313986778	-0.1599825918674469	-0.19115875661373138	-0.15624892711639404	0.09345833212137222	-0.11204203218221664	-0.07757565379142761	-0.21252457797527313	n/a	0.33372631669044495	0.505486249923706	0.23582105338573456	0.23208902776241302	-0.035685986280441284	-0.1154535561800003	0.3893078565597534	0.06614790111780167	0.14835871756076813	0.56745445728302	0.2950741946697235	-0.14769196510314941	-0.19154340028762817	0.016430575400590897	-0.2658000588417053	-0.19889742136001587	-0.12473715841770172	-0.2574339210987091	-0.04233795404434204	-0.03695261478424072	-0.03327988088130951	0.05771574005484581	0.3550820052623749	-0.16833361983299255	0.055725887417793274	0.015933247283101082	-0.32503068447113037	-0.23354697227478027	-0.18016569316387177	-0.10933833569288254	0.029008064419031143	0.04797901585698128	0.1536562740802765	0.2786216139793396	0.2133835405111313	-0.1187908798456192	-0.030695466324687004	0.27856937050819397	0.11040858179330826	0.22850506007671356	0.24249714612960815	0.021920526400208473	-0.18994492292404175	-0.2047506868839264	0.2019546777009964
CO_LABEL_12	-0.2777295410633087	-0.3266632854938507	-0.06327597051858902	-0.10775744915008545	-0.02788577601313591	0.24082644283771515	-0.11985419690608978	n/a	0.0833054780960083	0.812813401222229	0.17533659934997559	1.0	0.7274917960166931	0.44601789116859436	0.39430949091911316	-0.4341249167919159	0.7335960268974304	-0.4926488995552063	-0.44253823161125183	0.10566796362400055	0.7076846957206726	0.14292800426483154	0.24109429121017456	-0.1650490164756775	0.566550076007843	-0.5414319634437561	-0.281538188457489	-0.544497013092041	-0.16976360976696014	-0.016931699588894844	0.08965018391609192	-0.2683742940425873	0.2343771606683731	0.0048258351162076	n/a	0.7982559204101562	0.10956191271543503	0.7673757672309875	0.5906559228897095	0.22457930445671082	0.05380038172006607	0.646091639995575	-0.15591971576213837	0.14150649309158325	0.5169309973716736	-0.06433884054422379	0.0001035288514685817	0.11922302097082138	0.19630026817321777	-0.48469316959381104	0.0889686569571495	-0.4813517928123474	-0.40011653304100037	-0.10712210088968277	-0.2799493968486786	0.09825585782527924	0.22478066384792328	0.02675185166299343	0.1404995173215866	0.47573980689048767	0.10425297915935516	-0.08241979032754898	-0.3226217031478882	-0.20603065192699432	-0.17894068360328674	0.28824424743652344	-0.03654039651155472	0.5085503458976746	-0.2349727302789688	0.18848443031311035	-0.40052399039268494	-0.27037569880485535	0.6491594910621643	0.3749540448188782	0.011377678252756596	0.4043574929237366	0.3537997603416443	0.33504804968833923	-0.000360940262908116	-0.011838323436677456
SMd_LABEL_13	-0.20369669795036316	-0.3530411422252655	-0.01199432834982872	-0.014554758556187153	-0.23392604291439056	0.19124051928520203	-0.08993175625801086	n/a	0.022420303896069527	0.752825915813446	0.2909308075904846	0.7274917960166931	1.0	0.2406519502401352	0.3588489294052124	-0.340457946062088	0.5614525675773621	-0.44771069288253784	-0.3739844262599945	0.06500426679849625	0.5384752750396729	0.11932265013456345	0.374674916267395	-0.05122378468513489	0.5533834099769592	-0.3745672404766083	-0.24693363904953003	-0.4571341872215271	-0.27499762177467346	-0.04740944132208824	0.04908808693289757	-0.24705295264720917	0.16901430487632751	-0.007349702995270491	n/a	0.6750189661979675	0.16568920016288757	0.6765655875205994	0.43255168199539185	0.036744117736816406	0.10088038444519043	0.6274746656417847	-0.1564335823059082	0.02003597654402256	0.5309691429138184	0.1350639909505844	0.10837408155202866	0.12633150815963745	0.26179468631744385	-0.4507177472114563	0.0024543919134885073	-0.316078782081604	-0.47442370653152466	-0.018505271524190903	-0.2984370291233063	0.036152519285678864	-0.008871128782629967	0.09627725929021835	-0.007968759164214134	0.4033522605895996	0.19818267226219177	-0.0716106966137886	-0.36163923144340515	0.004461854696273804	-0.2613193094730377	0.1462436467409134	0.0005992788355797529	0.6631608605384827	-0.1811922788619995	0.31370842456817627	-0.44460612535476685	-0.17333246767520905	0.8245564103126526	0.39692750573158264	-0.0677497535943985	0.1276334822177887	0.23402616381645203	0.18852248787879944	-0.07820574939250946	-0.14375686645507812
SMl_LABEL_14	-0.18181005120277405	-0.09529150277376175	-0.17478325963020325	0.4274676740169525	0.19525457918643951	0.11045912653207779	-0.1504276841878891	n/a	-0.024272141978144646	0.3883989751338959	0.037731703370809555	0.44601789116859436	0.2406519502401352	1.0	0.13544781506061554	-0.2858907878398895	0.42551732063293457	-0.2648755609989166	-0.25298625230789185	0.1218346655368805	0.2463177889585495	0.11079882830381393	-0.13396157324314117	-0.2716484069824219	-0.032461978495121	-0.5846147537231445	-0.18989458680152893	-0.3696565330028534	-0.05898648127913475	0.137649267911911	0.5567112565040588	0.09647410362958908	0.26378923654556274	-0.03014654666185379	n/a	0.4206266403198242	0.07450533658266068	0.37525245547294617	0.5066192150115967	0.9087204337120056	0.1176893338561058	0.34898385405540466	0.013659476302564144	0.3017902970314026	0.2180938571691513	0.059326764196157455	-0.1204567551612854	0.16193683445453644	-0.0823424682021141	-0.3569737672805786	0.10082733631134033	-0.27618518471717834	-0.18765069544315338	-0.19072413444519043	-0.06602358818054199	0.30956825613975525	0.21241626143455505	0.052412666380405426	0.3169777989387512	0.31037768721580505	0.037538863718509674	-0.10356304049491882	-0.15138396620750427	-0.19896066188812256	-0.2544228136539459	0.14186754822731018	0.41253429651260376	0.05124318227171898	0.00670299818739295	-0.09056324511766434	-0.16664154827594757	-0.305310994386673	0.16470953822135925	0.33933156728744507	0.1660090982913971	0.3845314085483551	0.39201483130455017	0.30952391028404236	0.03325606882572174	0.014467890374362469
DAN_LABEL_15	-0.45452168583869934	-0.27287453413009644	0.09992192685604095	-0.1701083481311798	-0.27790939807891846	-0.140114426612854	-0.21017293632030487	n/a	0.11718779802322388	0.46051454544067383	-0.008943622000515461	0.39430949091911316	0.3588489294052124	0.13544781506061554	1.0	-0.4989672005176544	0.1271144151687622	-0.529072105884552	-0.262439101934433	-0.15813978016376495	0.28713753819465637	0.023012954741716385	0.7859827876091003	-0.08050259947776794	0.5716400146484375	-0.48647892475128174	-0.49705618619918823	-0.3811788260936737	-0.21272408962249756	0.24426104128360748	0.013341826386749744	-0.4340004026889801	-0.001034534303471446	0.1082838624715805	n/a	0.49769750237464905	0.00806043203920126	0.5194403529167175	0.4128611981868744	0.15926939249038696	0.7786645293235779	0.23239310085773468	-0.4466041922569275	-0.14808210730552673	0.20697778463363647	0.06618844717741013	0.757978618144989	-0.12835027277469635	0.6375568509101868	-0.6028996706008911	0.543396532535553	-0.5699440836906433	-0.5807393789291382	0.15147808194160461	-0.6493097543716431	-0.17255395650863647	0.0700521469116211	-0.10513628274202347	0.12229785323143005	0.32928410172462463	0.08513625711202621	0.17010372877120972	-0.22945311665534973	0.2571002244949341	-0.10195139795541763	0.12835170328617096	-0.09839577972888947	0.17432661354541779	-0.2907094359397888	0.17055948078632355	-0.3528875410556793	0.36085864901542664	0.2933177351951599	0.009411615319550037	-0.25618836283683777	-0.1400686353445053	0.10774336010217667	0.12965722382068634	-0.03741185739636421	-0.3025086522102356
DMN_LABEL_16	0.801328182220459	0.05575447902083397	-0.0961889773607254	0.1450570821762085	0.4504193067550659	0.12485722452402115	0.3741753101348877	n/a	0.14262479543685913	-0.48493874073028564	-0.11082443594932556	-0.4341249167919159	-0.340457946062088	-0.2858907878398895	-0.4989672005176544	1.0	-0.49551865458488464	0.8284411430358887	0.6453827023506165	-0.16344529390335083	-0.5003291368484497	-0.48949551582336426	-0.25352922081947327	0.3234719932079315	-0.2925039827823639	0.5849994421005249	0.9416728615760803	0.9007527232170105	-0.035186219960451126	-0.5294487476348877	0.09860606491565704	0.42050352692604065	-0.2637178897857666	0.13361899554729462	n/a	-0.5340139269828796	-0.2531808018684387	-0.6264786124229431	-0.2806907892227173	-0.2017235904932022	-0.5089695453643799	-0.6208118796348572	0.25242334604263306	-0.1639433652162552	-0.5341822504997253	-0.4795583486557007	-0.38657593727111816	-0.12655843794345856	-0.2373061180114746	0.6617796421051025	-0.5648264288902283	0.4005652368068695	0.501096785068512	0.19716329872608185	0.6349478960037231	0.3348459005355835	-0.013484477065503597	0.035381436347961426	-0.16301968693733215	-0.30850905179977417	-0.30560949444770813	-0.04617686569690704	0.01877743750810623	-0.3373735547065735	-0.38341084122657776	-0.11999677121639252	-0.10398426651954651	-0.3613903522491455	0.11973357200622559	-0.3638310134410858	0.4497656524181366	-0.03186202421784401	-0.39351698756217957	-0.42982012033462524	0.21509641408920288	-0.0472160279750824	-0.10389762371778488	0.021306488662958145	0.160174161195755	-0.13024476170539856
CO_LABEL_17	-0.264823853969574	-0.11900143325328827	0.03054625727236271	0.14253069460391998	-0.07720381766557693	0.29286035895347595	-0.07791902869939804	n/a	0.10314588993787766	0.7419161200523376	0.38502851128578186	0.7335960268974304	0.5614525675773621	0.42551732063293457	0.1271144151687622	-0.49551865458488464	1.0	-0.47595009207725525	-0.5067427754402161	0.5053114891052246	0.806708037853241	0.4713345766067505	0.08851420134305954	-0.2397957444190979	0.43887096643447876	-0.41535574197769165	-0.34888526797294617	-0.6043139696121216	0.07415559142827988	-0.12110932171344757	0.14991050958633423	-0.17416079342365265	0.2288580983877182	-0.08792879432439804	n/a	0.687346875667572	0.09976708143949509	0.6694262623786926	0.403400182723999	0.20196090638637543	-0.11954887956380844	0.9042819738388062	0.020134175196290016	0.30420756340026855	0.7776132225990295	0.058490313589572906	-0.05415312573313713	0.03528568893671036	0.12249341607093811	-0.49841806292533875	-0.07101032882928848	-0.36777016520500183	-0.41920456290245056	-0.08429528027772903	-0.2143896371126175	-0.003951325546950102	0.20507383346557617	0.15310345590114594	0.012312199920415878	0.3964826464653015	0.06333477050065994	-0.2465728223323822	-0.48519366979599	-0.300098180770874	-0.04373256862163544	-0.002890292089432478	0.12403207272291183	0.3194792866706848	-0.0557577908039093	0.20273303985595703	-0.534781277179718	-0.4007115960121155	0.4653795659542084	0.3799796998500824	0.17080722749233246	0.3932079076766968	0.25719332695007324	0.2687107026576996	0.04894092679023743	0.3429185152053833
DMN_LABEL_18	0.516506016254425	-0.14474715292453766	0.23180341720581055	0.06925350427627563	0.3567599654197693	-0.010104415938258171	0.06945338100194931	n/a	-0.04774406924843788	-0.5345871448516846	0.08556049317121506	-0.4926488995552063	-0.44771069288253784	-0.2648755609989166	-0.529072105884552	0.8284411430358887	-0.47595009207725525	1.0	0.6756649613380432	-0.12748399376869202	-0.4803944528102875	-0.159696564078331	-0.34735411405563354	0.1375579982995987	-0.5077028274536133	0.675122082233429	0.8481601476669312	0.8580300807952881	-0.2328919619321823	-0.2689112424850464	-0.042942725121974945	0.2830635905265808	-0.30874761939048767	-0.2361609935760498	n/a	-0.6098204851150513	-0.052864864468574524	-0.5909514427185059	-0.35257455706596375	-0.1565057635307312	-0.4104732275009155	-0.5939831137657166	0.33165243268013	-0.03616119548678398	-0.46761760115623474	-0.23665490746498108	-0.488303542137146	-0.22372998297214508	-0.40147721767425537	0.587346076965332	-0.4916369915008545	0.4065469205379486	0.6099112629890442	-0.1511353850364685	0.5384711623191833	0.2931709289550781	0.007441195659339428	0.189508855342865	-0.06355904042720795	-0.41406872868537903	-0.33194366097450256	-0.1736632138490677	0.1317281424999237	-0.28133004903793335	-0.11139250546693802	-0.1170448362827301	-0.11676706373691559	-0.484485000371933	0.3336600661277771	-0.4230230748653412	0.5128897428512573	0.08198381215333939	-0.4993739724159241	-0.45190122723579407	0.2581419050693512	0.01498655416071415	-0.20275883376598358	-0.09950577467679977	0.06310725957155228	0.04580546170473099
VAN_LABEL_19	0.4049452841281891	-0.010249635204672813	0.09930393099784851	0.1969086229801178	0.2892504930496216	0.01019227597862482	0.08999918401241302	n/a	-0.12404634058475494	-0.41082558035850525	0.009804296307265759	-0.44253823161125183	-0.3739844262599945	-0.25298625230789185	-0.262439101934433	0.6453827023506165	-0.5067427754402161	0.6756649613380432	1.0	-0.05831141397356987	-0.42737507820129395	-0.3503100872039795	-0.30093786120414734	0.22173187136650085	-0.28524088859558105	0.37425288558006287	0.5764837861061096	0.7582781314849854	-0.16055427491664886	-0.26789477467536926	0.11042559891939163	0.3704336881637573	-0.14161376655101776	-0.0370384119451046	n/a	-0.5904860496520996	-0.0051990388892591	-0.6121851205825806	-0.19941450655460358	-0.14263835549354553	-0.24570757150650024	-0.5521202087402344	0.31889259815216064	-0.07863812148571014	-0.40247300267219543	-0.24951235949993134	-0.24227000772953033	-0.08069386333227158	-0.07523839175701141	0.3554111421108246	-0.194761723279953	0.1877909004688263	0.2464982569217682	0.05123608186841011	0.25823548436164856	0.13269765675067902	-0.006443516816943884	-0.15042610466480255	-0.18720510601997375	-0.2343047708272934	-0.3114010989665985	0.16985437273979187	-0.1098582074046135	-0.006449915003031492	-0.14434809982776642	-0.012476352974772453	-0.03267457336187363	-0.4688998758792877	0.16974607110023499	-0.21342651546001434	0.11764279007911682	0.2723577320575714	-0.36099788546562195	-0.2610049247741699	0.19998636841773987	-0.007946371100842953	-0.15097156167030334	-0.11242145299911499	0.05610128492116928	-0.17406822741031647
CO_LABEL_20	0.1595245897769928	-0.051096200942993164	-0.17936401069164276	0.3618795871734619	-0.08038625121116638	0.3742752969264984	0.2486950010061264	n/a	0.10107213258743286	0.28514376282691956	0.300129771232605	0.10566796362400055	0.06500426679849625	0.1218346655368805	-0.15813978016376495	-0.16344529390335083	0.5053114891052246	-0.12748399376869202	-0.05831141397356987	1.0	0.41135868430137634	0.4790494740009308	-0.0776539072394371	0.1877146065235138	-0.029763054102659225	-0.08270400017499924	-0.10294646769762039	-0.25483614206314087	0.09785079956054688	-0.1954050362110138	0.0864570289850235	0.09770087897777557	0.2481726109981537	-0.006300239823758602	n/a	0.16872526705265045	0.12540343403816223	0.14691101014614105	-0.020297124981880188	0.005179768893867731	-0.22735442221164703	0.4376976490020752	0.38198792934417725	0.19432879984378815	0.5677080750465393	0.1024332270026207	-0.09889165312051773	0.25912266969680786	-0.13468223810195923	-0.07440885156393051	-0.3359904885292053	0.1663622111082077	-0.1140642911195755	-0.21006445586681366	0.20594841241836548	0.06874533742666245	-0.19299226999282837	0.10708979517221451	-0.05132274702191353	-0.034916579723358154	0.08967801183462143	-0.11682052910327911	-0.3887638747692108	-0.20143616199493408	0.25971803069114685	-0.14967086911201477	0.07148916274309158	0.10393307358026505	0.29747897386550903	0.26172852516174316	-0.43126896023750305	-0.20955608785152435	0.1041807234287262	0.23913119733333588	0.2570387125015259	0.4272986650466919	-0.11797885596752167	0.0018618050962686539	0.21944047510623932	0.42003923654556274
CO_LABEL_21	-0.3619254231452942	-0.11701500415802002	0.09858401864767075	-0.07570687681436539	-0.11936530470848083	0.27922484278678894	-0.2039852887392044	n/a	0.1378772258758545	0.7784646153450012	0.4834420680999756	0.7076846957206726	0.5384752750396729	0.2463177889585495	0.28713753819465637	-0.5003291368484497	0.806708037853241	-0.4803944528102875	-0.42737507820129395	0.41135868430137634	1.0	0.4598422646522522	0.2326483130455017	-0.22343215346336365	0.5057265758514404	-0.3272586166858673	-0.38191360235214233	-0.5628912448883057	0.10467726737260818	-0.06952878832817078	-0.052468884736299515	-0.2783775329589844	0.11672526597976685	-0.21281544864177704	n/a	0.766351580619812	0.13319289684295654	0.7269594073295593	0.42856162786483765	0.05963727831840515	0.03684777766466141	0.7972726821899414	-0.20558735728263855	0.13557149469852448	0.835826575756073	0.10126162320375443	0.05848048999905586	-0.07320685684680939	0.2646734416484833	-0.6153043508529663	0.049355488270521164	-0.49141907691955566	-0.5266067385673523	-0.06933825463056564	-0.3608108460903168	-0.10829661041498184	0.14658431708812714	0.23491328954696655	0.011798755265772343	0.4822050631046295	0.14353330433368683	-0.19082403182983398	-0.44487273693084717	-0.17376919090747833	0.07224604487419128	0.19378818571567535	0.13947921991348267	0.38396990299224854	-0.008421589620411396	0.3982221484184265	-0.5433053374290466	-0.09465492516756058	0.574052095413208	0.4753042459487915	0.01059399638324976	0.26302799582481384	0.20914505422115326	0.0951823741197586	-0.10048393160104752	0.22401578724384308
Sal_LABEL_22	-0.3605392873287201	-0.2814137637615204	0.32303863763809204	-0.04546651989221573	-0.2535848319530487	0.05982048064470291	-0.30594897270202637	n/a	-0.22418498992919922	0.3254043161869049	0.5499767661094666	0.14292800426483154	0.11932265013456345	0.11079882830381393	0.023012954741716385	-0.48949551582336426	0.4713345766067505	-0.159696564078331	-0.3503100872039795	0.4790494740009308	0.4598422646522522	1.0	0.0002868845476768911	-0.08758044987916946	-0.11684398353099823	-0.14164932072162628	-0.36616259813308716	-0.4250074625015259	-0.10325685143470764	0.20786504447460175	-0.16910545527935028	-0.3218649625778198	0.08572439849376678	-0.38562721014022827	n/a	0.3548247218132019	0.5744364857673645	0.3156936764717102	-0.06447850167751312	0.024681374430656433	0.06214842200279236	0.5083242654800415	0.2638518512248993	0.41299450397491455	0.6101572513580322	0.6215876936912537	-0.012389982119202614	0.020975204184651375	-0.1279461681842804	-0.2056436538696289	-0.021002985537052155	-0.06406167894601822	-0.12781883776187897	-0.43434861302375793	-0.11644449084997177	-0.049152061343193054	-0.15400397777557373	0.38814425468444824	0.08439821749925613	-0.13199368119239807	0.18585534393787384	-0.2533051073551178	-0.022347934544086456	0.010362586006522179	0.3523808717727661	-0.1565219908952713	0.03463361784815788	0.22945213317871094	0.2759260833263397	0.2808613181114197	-0.1979350596666336	0.04754497855901718	0.23261234164237976	0.18729564547538757	-0.11744049191474915	0.13558028638362885	-0.1574418991804123	-0.16883888840675354	-0.058363474905490875	0.3687966763973236
DAN_LABEL_23	-0.17987868189811707	-0.238107368350029	-0.0360444001853466	-0.18781062960624695	-0.2876887023448944	0.028559936210513115	-0.005320247728377581	n/a	0.2733141779899597	0.41615039110183716	-0.02314140275120735	0.24109429121017456	0.374674916267395	-0.13396157324314117	0.7859827876091003	-0.25352922081947327	0.08851420134305954	-0.34735411405563354	-0.30093786120414734	-0.0776539072394371	0.2326483130455017	0.0002868845476768911	1.0	0.0968547910451889	0.5764224529266357	-0.13187575340270996	-0.27830639481544495	-0.21271836757659912	-0.1301725059747696	-0.060531891882419586	-0.13774099946022034	-0.38149815797805786	-0.06492384523153305	0.12773074209690094	n/a	0.4100933074951172	-0.1271030455827713	0.44685086607933044	0.14816416800022125	-0.1081615686416626	0.5919608473777771	0.22911375761032104	-0.403805673122406	-0.24598878622055054	0.1692100614309311	-0.06910759955644608	0.7890828847885132	-0.1470615416765213	0.5054513812065125	-0.43101972341537476	0.1692046821117401	-0.3746519982814789	-0.45516857504844666	0.22780562937259674	-0.4728314280509949	-0.26433542370796204	-0.07857777923345566	0.043424881994724274	0.047504715621471405	0.14025729894638062	0.10276628285646439	0.06316584348678589	-0.31530988216400146	0.08906662464141846	-0.13389413058757782	-0.06934341043233871	-0.11705239117145538	0.13569404184818268	-0.22056682407855988	0.2601946294307709	-0.31083160638809204	0.2866044044494629	0.24282898008823395	-0.035739194601774216	-0.2600361406803131	-0.3092513382434845	0.06767189502716064	0.1318330615758896	-0.0036126472987234592	-0.21255895495414734
PMN_LABEL_24	0.6343033909797668	-0.163279727101326	-0.28361672163009644	-0.014031079597771168	-0.07701641321182251	0.6627583503723145	0.6933575868606567	n/a	0.1935722529888153	-0.15604205429553986	-0.10334478318691254	-0.1650490164756775	-0.05122378468513489	-0.2716484069824219	-0.08050259947776794	0.3234719932079315	-0.2397957444190979	0.1375579982995987	0.22173187136650085	0.1877146065235138	-0.22343215346336365	-0.08758044987916946	0.0968547910451889	1.0	0.021739553660154343	0.2300732433795929	0.194985032081604	0.264119029045105	-0.15721495449543	-0.19358079135417938	-0.0036041801795363426	-0.016770996153354645	0.4476863741874695	0.492292195558548	n/a	-0.13276810944080353	0.19080518186092377	-0.3323877453804016	-0.35359522700309753	-0.3042628765106201	-0.11944267898797989	-0.27513983845710754	0.09248418360948563	-0.18260511755943298	-0.21646718680858612	-0.20248307287693024	0.10387101769447327	0.6563230752944946	-0.050097282975912094	0.2656208574771881	-0.11870463192462921	0.3785947263240814	0.00921710766851902	0.1356326788663864	0.2356211543083191	-0.11663798987865448	-0.4657799303531647	0.026751087978482246	-0.044704370200634	-0.39963293075561523	-0.1759345382452011	0.012539664283394814	0.09656362980604172	0.022003669291734695	0.004743262659758329	0.05400833860039711	-0.020012235268950462	0.12734462320804596	0.09653545916080475	0.3525838255882263	0.14283311367034912	0.2263641655445099	0.035948172211647034	-0.2137555032968521	0.027177920565009117	-0.11045480519533157	-0.12553827464580536	-0.028638528659939766	0.19894972443580627	-0.04053507000207901
DAN_LABEL_25	-0.15328896045684814	-0.04150315001606941	-0.0871504619717598	-0.25197842717170715	-0.06794409453868866	0.10696230828762054	0.15819808840751648	n/a	0.38232335448265076	0.5838338732719421	0.10937350988388062	0.566550076007843	0.5533834099769592	-0.032461978495121	0.5716400146484375	-0.2925039827823639	0.43887096643447876	-0.5077028274536133	-0.28524088859558105	-0.029763054102659225	0.5057265758514404	-0.11684398353099823	0.5764224529266357	0.021739553660154343	1.0	-0.2599834203720093	-0.30760419368743896	-0.35025352239608765	0.0001223128492711112	-0.32032328844070435	-0.027208801358938217	-0.18382170796394348	-0.050940342247486115	0.3911829888820648	n/a	0.5218906998634338	-0.14353413879871368	0.5267208814620972	0.44894036650657654	-0.14773555099964142	0.14541909098625183	0.4400124251842499	-0.4411076009273529	-0.04145786538720131	0.27623504400253296	-0.2294485867023468	0.4567148983478546	-0.13204212486743927	0.6909643411636353	-0.5005524158477783	0.18106703460216522	-0.554410994052887	-0.5680744647979736	0.47469252347946167	-0.5246679782867432	-0.30082109570503235	0.1919770985841751	-0.0984407365322113	-0.15365421772003174	0.44546398520469666	0.11751948297023773	-0.07470614463090897	-0.4747643768787384	-0.17621658742427826	-0.24548353254795074	0.2507972717285156	-0.022324763238430023	0.37332090735435486	-0.25979623198509216	0.3397565186023712	-0.4521693289279938	0.012132330797612667	0.5374809503555298	0.06828009337186813	-0.03102223016321659	-0.03936129808425903	0.2865588665008545	0.1933705359697342	-0.06399250775575638	-0.2084185630083084
