Node	HIP-head-m-rh	HIP-head-l-rh	HIP-body-rh	HIP-tail-rh	THA-VPm-rh	THA-VPl-rh	THA-VAi-rh	THA-VAs-rh	THA-DAm-rh	THA-DAl-rh	PUT-VA-rh	PUT-DA-rh	PUT-VP-rh	PUT-DP-rh	CAU-VA-rh	CAU-DA-rh	CAU-body-rh	CAU-tail-rh	lAMY-rh	mAMY-rh	THA-DP-rh	NAc-shell-rh	NAc-core-rh	pGP-rh	aGP-rh	HIP-head-m-lh	HIP-head-l-l	HIP-body-l	HIP-tail-lh	THA-VPm-lh	THA-VPl-lh	THA-VAi-lh	THA-VAs-lh	THA-DAm-lh	THA-DAl-lh	PUT-VA-lh	PUT-DA-l	PUT-VP-lh	PUT-DP-lh	CAU-VA-lh	CAU-DA-lh	CAU-body-lh	CAU-tail-lh	lAMY-lh	mAMY-lh	THA-DP-lh	NAc-shell-lh	NAc-core-lh	pGP-lh	aGP-lh
HIP-head-m-rh	1.0	0.4565606117248535	0.4879395067691803	0.09112278372049332	-0.06481263786554337	-0.23510800302028656	0.03375963866710663	-0.012318016961216927	-0.02615278586745262	-0.24334126710891724	-0.14266470074653625	-0.08992267400026321	0.1295793056488037	0.3150560259819031	-0.27710509300231934	-0.32575422525405884	-0.24799682199954987	-0.2120349109172821	0.06357591599225998	0.18339547514915466	-0.09593890607357025	-0.0955008938908577	-0.4684089422225952	-0.19891463220119476	0.3138236999511719	0.21934157609939575	0.37346258759498596	0.31618499755859375	0.1336749941110611	0.11699441075325012	-0.4125507175922394	-0.14221110939979553	0.01704828441143036	-0.12075501680374146	-0.06797121465206146	-0.04244263097643852	-0.013372398912906647	0.08560363203287125	0.2621794641017914	-0.3513960838317871	-0.42060354351997375	-0.267532080411911	-0.3369540870189667	-0.029914651066064835	0.2888041138648987	0.08962427079677582	-0.1407664567232132	-0.18252916634082794	0.33896827697753906	-0.010599283501505852
HIP-head-l-rh	0.4565606117248535	1.0	0.5020495057106018	0.4621189534664154	0.19458337128162384	-0.08695735037326813	0.18487419188022614	0.0019886752124875784	0.0167146697640419	-0.20853006839752197	-0.035998404026031494	-0.07369314134120941	0.06403534859418869	0.2140020877122879	-0.171123206615448	-0.07254946231842041	0.11279858648777008	0.08073241263628006	0.39622318744659424	0.0947205126285553	-0.01504056341946125	-0.06982792913913727	-0.01122321654111147	-0.051317427307367325	0.22786404192447662	0.07151498645544052	0.4776482582092285	0.49626627564430237	0.436250776052475	0.32018837332725525	0.008222328498959541	0.023572109639644623	0.18501286208629608	0.03533751890063286	0.2709871828556061	-0.03704186901450157	0.15494504570960999	0.22208449244499207	0.09595949202775955	-0.14458201825618744	-0.07374273240566254	-0.17769315838813782	-0.13271483778953552	0.3262033760547638	0.43649664521217346	0.19054220616817474	0.039183586835861206	0.16024573147296906	-0.01704990491271019	0.11426357924938202
HIP-body-rh	0.4879395067691803	0.5020495057106018	1.0	0.36587607860565186	0.18737581372261047	-0.023246275261044502	0.35773083567619324	0.3255121409893036	0.15427562594413757	-0.22722260653972626	-0.12281370908021927	-0.28009629249572754	0.09675434976816177	0.04234444350004196	-0.19108033180236816	-0.042978234589099884	-0.014423505403101444	0.052439089864492416	0.3590627908706665	-0.16588038206100464	-0.16841933131217957	0.06490159779787064	-0.2400202602148056	-0.11905999481678009	0.34202197194099426	-2.15985255636042e-05	0.3165547549724579	0.4149010181427002	0.5311580300331116	0.1975030153989792	-0.2587880492210388	0.2674800157546997	0.0611242800951004	0.2147473394870758	0.07349733263254166	-0.06139157712459564	-0.014132660813629627	0.22808602452278137	0.04594562202692032	-0.08267130702733994	-0.15685561299324036	-0.2529185116291046	-0.08995621651411057	-0.0285833440721035	0.25589674711227417	0.1362602710723877	0.21004390716552734	-0.008900047279894352	0.19662481546401978	0.0995163694024086
HIP-tail-rh	0.09112278372049332	0.4621189534664154	0.36587607860565186	1.0	0.28324446082115173	-0.17597870528697968	0.23359009623527527	0.3959818482398987	-0.21380162239074707	-0.09969933331012726	0.02382013201713562	0.07983475923538208	0.05579147860407829	-0.06924165040254593	0.10801060497760773	0.13211172819137573	0.12006920576095581	0.24842117726802826	0.351507306098938	0.06555542349815369	0.132229283452034	0.14929237961769104	0.07588502019643784	-0.03705645352602005	0.10814113169908524	-0.10576734691858292	0.2579304575920105	0.4723168611526489	0.4071703255176544	0.4060932993888855	0.17092184722423553	0.23341432213783264	0.14755070209503174	-0.08784424513578415	0.1578490138053894	0.14475837349891663	0.11082588881254196	0.22442860901355743	0.0042585344053804874	-0.05806521698832512	0.24123820662498474	-0.03304687514901161	0.15178601443767548	0.15035194158554077	0.1779472827911377	0.05951651558279991	0.4086986184120178	0.0926605686545372	-0.007095726206898689	0.2103179395198822
THA-VPm-rh	-0.06481263786554337	0.19458337128162384	0.18737581372261047	0.28324446082115173	1.0	0.19166725873947144	0.45746126770973206	0.33373013138771057	0.2245071679353714	0.37096062302589417	-0.1267630159854889	0.11287456005811691	0.2980782389640808	0.12855315208435059	-0.20668752491474152	0.16860687732696533	0.23758171498775482	0.1732732653617859	0.32920947670936584	0.23436617851257324	0.25227802991867065	-0.1761454939842224	0.25115111470222473	0.29432329535484314	0.08305589109659195	-0.25277385115623474	-0.11054866760969162	0.18055585026741028	0.3549068570137024	0.5380155444145203	0.5208560824394226	0.16886091232299805	0.013052484020590782	0.01841823197901249	0.17780601978302002	0.050318166613578796	0.2455446571111679	0.29148074984550476	-0.04378419369459152	-0.1643761396408081	0.24449148774147034	-0.06327247619628906	-0.11115504801273346	0.22338539361953735	-0.22177518904209137	0.39942944049835205	0.06854984164237976	-0.08013472706079483	-0.029044385999441147	0.1219400092959404
THA-VPl-rh	-0.23510800302028656	-0.08695735037326813	-0.023246275261044502	-0.17597870528697968	0.19166725873947144	1.0	0.1726248562335968	0.06611400842666626	0.1612648367881775	0.04769100621342659	0.22713369131088257	0.3366636335849762	0.01484349463135004	0.23176637291908264	-0.004792327992618084	0.3528814911842346	0.21241885423660278	0.059266120195388794	0.2850108742713928	0.1278558224439621	0.06541406363248825	-0.04121780022978783	0.3742408752441406	0.33759644627571106	-0.15591663122177124	0.001713255885988474	-0.23508088290691376	-0.053793568164110184	-0.16853754222393036	-0.25460362434387207	0.04270173981785774	-0.04443050175905228	0.21718591451644897	0.3037995398044586	0.19484132528305054	0.09960173815488815	0.2510107159614563	-0.2512943744659424	0.10830815881490707	0.19986917078495026	0.20317621529102325	0.187050923705101	-0.10852246731519699	-0.17114122211933136	-0.3721104860305786	-0.08635042607784271	-0.03286369889974594	0.12038422375917435	0.03863997012376785	0.1601589024066925
THA-VAi-rh	0.03375963866710663	0.18487419188022614	0.35773083567619324	0.23359009623527527	0.45746126770973206	0.1726248562335968	1.0	0.28935644030570984	-0.012273171916604042	0.1527489572763443	0.06542547047138214	-0.0005826587439514697	0.1375742256641388	0.10456084460020065	-0.19863055646419525	0.2827480435371399	0.20991463959217072	0.2785590589046478	0.113352932035923	0.11411035805940628	0.20097659528255463	0.2846326529979706	0.1631040871143341	0.3705044090747833	0.4320078492164612	0.01587000861763954	0.11687996238470078	0.36840564012527466	0.4571543335914612	0.37032607197761536	0.051877230405807495	0.18233700096607208	0.29004064202308655	0.1550033539533615	0.11657349020242691	0.23624348640441895	0.2620142698287964	0.05168604478240013	0.16244839131832123	-0.05965462327003479	0.36597248911857605	0.004595182370394468	0.002661006757989526	-0.04772312194108963	0.06970365345478058	0.1491113305091858	0.2145269513130188	0.20405970513820648	0.1590089052915573	0.4224756360054016
THA-VAs-rh	-0.012318016961216927	0.0019886752124875784	0.3255121409893036	0.3959818482398987	0.33373013138771057	0.06611400842666626	0.28935644030570984	1.0	0.2098556011915207	0.22100989520549774	0.11906733363866806	0.15789344906806946	0.06323914229869843	-0.037398189306259155	-0.015278473496437073	0.03022678941488266	0.20840205252170563	0.30987951159477234	0.354120671749115	-0.021994777023792267	0.1748049557209015	0.09165503829717636	-0.006845945958048105	-0.15247026085853577	0.12263571470975876	-0.4105615019798279	-0.16916805505752563	0.11978825181722641	0.3487658202648163	0.2702814042568207	0.08226822316646576	0.1844123899936676	-0.03822258859872818	0.29064399003982544	-0.03626129776239395	0.0038807459641247988	-0.08861217647790909	0.09399676322937012	-0.04514157772064209	-0.004677683115005493	0.19770924746990204	0.07200416177511215	0.029258426278829575	-0.21009890735149384	-0.27274206280708313	-0.12350507080554962	0.37456753849983215	-0.13873067498207092	0.12695841491222382	-0.00862492062151432
THA-DAm-rh	-0.02615278586745262	0.0167146697640419	0.15427562594413757	-0.21380162239074707	0.2245071679353714	0.1612648367881775	-0.012273171916604042	0.2098556011915207	1.0	0.08796664327383041	-0.23198100924491882	-0.0318259634077549	-0.12902335822582245	-0.00410584919154644	0.04960852488875389	-0.15507295727729797	0.19741544127464294	-0.009657763876020908	-0.06771613657474518	-0.151796355843544	-0.00029813835863023996	-0.26767686009407043	-0.17720504105091095	-0.025406096130609512	-0.10769686102867126	-0.3445187509059906	-0.0557410903275013	-0.14824654161930084	-0.012404884211719036	-0.039248839020729065	0.06400905549526215	-0.06570836156606674	-0.02375643514096737	0.47164851427078247	0.059000592678785324	-0.31388571858406067	-0.366110622882843	0.07785215228796005	-0.31960999965667725	0.04798253998160362	-0.3033754825592041	-0.0692608654499054	0.03242041543126106	-0.20143286883831024	-0.3951457142829895	0.12476499378681183	0.053687337785959244	-0.2491224855184555	0.013287542387843132	-0.24935756623744965
THA-DAl-rh	-0.24334126710891724	-0.20853006839752197	-0.22722260653972626	-0.09969933331012726	0.37096062302589417	0.04769100621342659	0.1527489572763443	0.22100989520549774	0.08796664327383041	1.0	-0.007296082563698292	0.05137944221496582	0.17527088522911072	0.06549559533596039	-0.37601596117019653	-0.24027225375175476	-0.005742782726883888	0.1435399055480957	-0.049000974744558334	0.004439769312739372	0.38651666045188904	-0.44977569580078125	-0.15824680030345917	0.19384479522705078	0.13772052526474	-0.330353707075119	-0.4815687835216522	-0.28219354152679443	0.04760779067873955	0.14988602697849274	0.07845576107501984	0.10540220886468887	-0.06524962931871414	0.09418084472417831	-0.09490957111120224	-0.15813122689723969	0.19661301374435425	0.1992628425359726	0.1127871498465538	-0.3124658763408661	0.06651052832603455	-0.07634977996349335	-0.1512351632118225	-0.21307799220085144	-0.27158623933792114	-0.16284872591495514	-0.39285629987716675	-0.3955788314342499	0.029863271862268448	0.17099124193191528
PUT-VA-rh	-0.14266470074653625	-0.035998404026031494	-0.12281370908021927	0.02382013201713562	-0.1267630159854889	0.22713369131088257	0.06542547047138214	0.11906733363866806	-0.23198100924491882	-0.007296082563698292	1.0	0.6567052602767944	0.16361495852470398	-0.04356938600540161	0.08143221586942673	0.5198590755462646	0.2660318613052368	0.40138864517211914	0.28578895330429077	0.09744812548160553	-0.13688965141773224	0.4301132261753082	0.4126855731010437	-0.23988448083400726	-0.20154969394207	-0.11472874134778976	-0.4100247919559479	0.1494823843240738	-0.1277027428150177	0.05673150345683098	-0.16118474304676056	0.1447722464799881	0.4088464677333832	0.11812236905097961	0.15389427542686462	0.6275157332420349	0.5145463943481445	0.08191598951816559	0.13579586148262024	0.5446652173995972	0.624956488609314	0.6133043766021729	0.33174657821655273	-0.2424449920654297	-0.2032688707113266	-0.3687331974506378	0.007639123592525721	0.3016813397407532	-0.07637298107147217	0.2734566032886505
PUT-DA-rh	-0.08992267400026321	-0.07369314134120941	-0.28009629249572754	0.07983475923538208	0.11287456005811691	0.3366636335849762	-0.0005826587439514697	0.15789344906806946	-0.0318259634077549	0.05137944221496582	0.6567052602767944	1.0	0.32110077142715454	0.3598867952823639	0.03566978499293327	0.3996301591396332	0.35761645436286926	0.41802626848220825	0.22597621381282806	0.37639912962913513	0.07795388251543045	0.2118167132139206	0.3695039749145508	-0.06867627799510956	-0.26219066977500916	-0.07919757068157196	-0.32802489399909973	0.07829087227582932	-0.2565824091434479	0.02581843174993992	0.12940886616706848	-0.07688412815332413	0.42319944500923157	0.15802401304244995	0.3568156659603119	0.4211727976799011	0.5343390107154846	0.021485472097992897	0.24344149231910706	0.2637422978878021	0.508401095867157	0.6058791875839233	0.21081241965293884	-0.09980600327253342	-0.39539527893066406	-0.17868083715438843	0.0614420548081398	0.1378081738948822	-0.016891075298190117	0.25712713599205017
PUT-VP-rh	0.1295793056488037	0.06403534859418869	0.09675434976816177	0.05579147860407829	0.2980782389640808	0.01484349463135004	0.1375742256641388	0.06323914229869843	-0.12902335822582245	0.17527088522911072	0.16361495852470398	0.32110077142715454	1.0	0.583102822303772	-0.24846650660037994	0.042764630168676376	0.11656318604946136	0.24393914639949799	0.23542368412017822	0.06874293088912964	0.0715605616569519	-0.04508838802576065	0.04951730743050575	0.09813237935304642	0.2248557209968567	-0.004507849924266338	-0.2315448671579361	-0.13637599349021912	0.1355239450931549	0.1903134435415268	0.2230919599533081	0.22233720123767853	0.0033062370494008064	-0.1320798248052597	0.16468246281147003	0.1458953619003296	0.5816038846969604	0.48181578516960144	0.2854626476764679	-0.14733245968818665	0.2685384154319763	0.14508937299251556	-0.15705758333206177	-0.03280453383922577	-0.1617177575826645	0.0015946177300065756	-0.1557271033525467	-0.1472230702638626	0.17216119170188904	0.23532384634017944
PUT-DP-rh	0.3150560259819031	0.2140020877122879	0.04234444350004196	-0.06924165040254593	0.12855315208435059	0.23176637291908264	0.10456084460020065	-0.037398189306259155	-0.00410584919154644	0.06549559533596039	-0.04356938600540161	0.3598867952823639	0.583102822303772	1.0	-0.3170941174030304	-0.19162660837173462	0.019210482016205788	0.12582117319107056	0.13870809972286224	0.2893889248371124	0.1931651532649994	-0.24704337120056152	-0.1689535230398178	0.0802752822637558	0.2884404957294464	0.23950009047985077	-0.004926458466798067	-0.1612430065870285	-0.03198471665382385	0.029867246747016907	0.033995259553194046	0.01470882073044777	0.15101425349712372	0.08875497430562973	0.2252698838710785	-0.027857210487127304	0.5008218884468079	0.17219094932079315	0.4032725393772125	-0.3920142650604248	-0.05373961851000786	0.10277368873357773	-0.3472348153591156	-0.01296315249055624	-0.05467497184872627	0.0064850011840462685	-0.3547235429286957	-0.2365180253982544	0.3861529529094696	0.0640556663274765
CAU-VA-rh	-0.27710509300231934	-0.171123206615448	-0.19108033180236816	0.10801060497760773	-0.20668752491474152	-0.004792327992618084	-0.19863055646419525	-0.015278473496437073	0.04960852488875389	-0.37601596117019653	0.08143221586942673	0.03566978499293327	-0.24846650660037994	-0.3170941174030304	1.0	0.1577015370130539	0.2355542927980423	-0.06184172257781029	-0.12168431282043457	-0.21971645951271057	-0.11352942138910294	0.2905142605304718	0.314984530210495	0.05577531456947327	-0.3339276909828186	-0.16857768595218658	0.1672542691230774	0.02910802699625492	-0.2806941866874695	-0.18513859808444977	0.17728832364082336	-0.048715706914663315	-0.29736387729644775	-0.17923761904239655	-0.06606055051088333	-0.03005942702293396	-0.33432629704475403	0.015528944320976734	-0.3477172255516052	0.4942982792854309	0.06543052196502686	0.16493119299411774	0.41682055592536926	-0.08707456290721893	-0.2812383472919464	-0.012544844299554825	0.414834588766098	0.3139708340167999	-0.1445869505405426	-0.2143702656030655
CAU-DA-rh	-0.32575422525405884	-0.07254946231842041	-0.042978234589099884	0.13211172819137573	0.16860687732696533	0.3528814911842346	0.2827480435371399	0.03022678941488266	-0.15507295727729797	-0.24027225375175476	0.5198590755462646	0.3996301591396332	0.042764630168676376	-0.19162660837173462	0.1577015370130539	1.0	0.4184817969799042	0.4548218846321106	0.24445365369319916	0.048995740711688995	-0.10109225660562515	0.5363417863845825	0.6708616614341736	-0.05722559988498688	-0.06898652017116547	-0.13247688114643097	-0.1931215226650238	0.2318144291639328	0.003663850948214531	0.1544579267501831	0.21746821701526642	0.1565561592578888	0.37483084201812744	0.11729596555233002	0.2345791757106781	0.5864884853363037	0.3606303036212921	-0.07120828330516815	-0.20049579441547394	0.5109504461288452	0.6897064447402954	0.41865336894989014	0.3929760456085205	0.074753537774086	-0.07101412117481232	0.01587233692407608	0.2707763910293579	0.5641593337059021	-0.33699366450309753	0.34386947751045227
CAU-body-rh	-0.24799682199954987	0.11279858648777008	-0.014423505403101444	0.12006920576095581	0.23758171498775482	0.21241885423660278	0.20991463959217072	0.20840205252170563	0.19741544127464294	-0.005742782726883888	0.2660318613052368	0.35761645436286926	0.11656318604946136	0.019210482016205788	0.2355542927980423	0.4184817969799042	1.0	0.5863178372383118	0.1383075714111328	-0.02532895840704441	-0.17151635885238647	0.2899412512779236	0.41168540716171265	-0.04205845296382904	-0.04025765135884285	-0.24237476289272308	-0.09002741426229477	0.182940274477005	0.2803531289100647	0.032247550785541534	0.28967949748039246	-0.043578848242759705	0.20834267139434814	0.20526055991649628	0.25649282336235046	0.2502392530441284	0.1485806405544281	0.12021461129188538	-0.04573126509785652	0.4813365638256073	0.4800354838371277	0.516508936882019	0.40402838587760925	0.018579112365841866	-0.23519307374954224	0.1472025215625763	0.2548072636127472	0.41574200987815857	-0.18798600137233734	0.410796582698822
CAU-tail-rh	-0.2120349109172821	0.08073241263628006	0.052439089864492416	0.24842117726802826	0.1732732653617859	0.059266120195388794	0.2785590589046478	0.30987951159477234	-0.009657763876020908	0.1435399055480957	0.40138864517211914	0.41802626848220825	0.24393914639949799	0.12582117319107056	-0.06184172257781029	0.4548218846321106	0.5863178372383118	1.0	0.24415628612041473	0.030638916417956352	-0.0269011277705431	0.3572450876235962	0.17110496759414673	-0.303453266620636	0.14817586541175842	-0.27209150791168213	-0.32956409454345703	-0.0065144686959683895	0.2890859842300415	0.19477564096450806	0.047238096594810486	0.32509171962738037	0.3464947044849396	0.4468637704849243	0.36782756447792053	0.33830931782722473	0.45878729224205017	0.14481471478939056	-0.05137350410223007	0.24779225885868073	0.600318193435669	0.535697340965271	0.3889786899089813	-0.02710513398051262	-0.17382694780826569	-0.001035622670315206	0.13447387516498566	0.3022576868534088	-0.1285322904586792	0.35694652795791626
lAMY-rh	0.06357591599225998	0.39622318744659424	0.3590627908706665	0.351507306098938	0.32920947670936584	0.2850108742713928	0.113352932035923	0.354120671749115	-0.06771613657474518	-0.049000974744558334	0.28578895330429077	0.22597621381282806	0.23542368412017822	0.13870809972286224	-0.12168431282043457	0.24445365369319916	0.1383075714111328	0.24415628612041473	1.0	0.09004674851894379	0.039997294545173645	0.12873907387256622	0.29276686906814575	-0.08627622574567795	0.16227959096431732	-0.03373250365257263	-0.09369433671236038	0.1284819096326828	0.260299414396286	0.1535201072692871	0.0804637148976326	0.2638135850429535	0.16401489078998566	0.10623136162757874	0.13435795903205872	0.21296963095664978	0.2697087526321411	0.34074822068214417	-0.10986792296171188	0.08449432998895645	0.28113511204719543	0.1363203376531601	0.04816063493490219	0.2798134684562683	0.02083393558859825	0.04406661167740822	0.20010413229465485	0.20242522656917572	-0.14478722214698792	0.11331511288881302
mAMY-rh	0.18339547514915466	0.0947205126285553	-0.16588038206100464	0.06555542349815369	0.23436617851257324	0.1278558224439621	0.11411035805940628	-0.021994777023792267	-0.151796355843544	0.004439769312739372	0.09744812548160553	0.37639912962913513	0.06874293088912964	0.2893889248371124	-0.21971645951271057	0.048995740711688995	-0.02532895840704441	0.030638916417956352	0.09004674851894379	1.0	0.2027999758720398	0.21309275925159454	0.18447574973106384	0.01312338374555111	0.1188267320394516	0.09485472738742828	0.11564145982265472	0.07473959028720856	-0.007288072258234024	0.12045354396104813	-0.033289600163698196	-0.36962687969207764	0.027454068884253502	-0.07521937042474747	0.16788867115974426	0.25750482082366943	0.3357561528682709	-0.12597781419754028	0.09284788370132446	-0.2587575912475586	0.07950419932603836	-0.016589893028140068	-0.19252721965312958	0.26541173458099365	0.0565633587539196	0.269342839717865	0.002146732760593295	0.12021168321371078	0.17947420477867126	-0.018225792795419693
THA-DP-rh	-0.09593890607357025	-0.01504056341946125	-0.16841933131217957	0.132229283452034	0.25227802991867065	0.06541406363248825	0.20097659528255463	0.1748049557209015	-0.00029813835863023996	0.38651666045188904	-0.13688965141773224	0.07795388251543045	0.0715605616569519	0.1931651532649994	-0.11352942138910294	-0.10109225660562515	-0.17151635885238647	-0.0269011277705431	0.039997294545173645	0.2027999758720398	1.0	-0.14957429468631744	-0.023706216365098953	0.28658387064933777	0.14549130201339722	-0.16903024911880493	0.10952155292034149	0.010838547721505165	-0.1475820392370224	0.1612057089805603	0.1774674355983734	-0.12822937965393066	-0.18127824366092682	-0.16343598067760468	-0.2619326412677765	-0.23217953741550446	-0.020301660522818565	-0.052681393921375275	-0.039288949221372604	-0.35912153124809265	0.06954227387905121	-0.24941471219062805	-0.34107187390327454	-0.025068646296858788	-0.0980992391705513	-0.008673186413943768	-0.11796560883522034	-0.06591273099184036	0.031959667801856995	0.10014542937278748
NAc-shell-rh	-0.0955008938908577	-0.06982792913913727	0.06490159779787064	0.14929237961769104	-0.1761454939842224	-0.04121780022978783	0.2846326529979706	0.09165503829717636	-0.26767686009407043	-0.44977569580078125	0.4301132261753082	0.2118167132139206	-0.04508838802576065	-0.24704337120056152	0.2905142605304718	0.5363417863845825	0.2899412512779236	0.3572450876235962	0.12873907387256622	0.21309275925159454	-0.14957429468631744	1.0	0.43175649642944336	-0.22724561393260956	0.1259288191795349	0.1380654275417328	0.11516492068767548	0.22733913362026215	0.0841197744011879	-0.07637825608253479	-0.09595399349927902	-0.04437255859375	0.19122649729251862	-0.04807519540190697	0.09712207317352295	0.4857829809188843	0.14280198514461517	-0.11306168138980865	-0.19444657862186432	0.485371857881546	0.5174769163131714	0.31446170806884766	0.2837381064891815	0.13614128530025482	0.09085459262132645	0.036616697907447815	0.5229725241661072	0.6255672574043274	-0.08258151262998581	0.19757947325706482
NAc-core-rh	-0.4684089422225952	-0.01122321654111147	-0.2400202602148056	0.07588502019643784	0.25115111470222473	0.3742408752441406	0.1631040871143341	-0.006845945958048105	-0.17720504105091095	-0.15824680030345917	0.4126855731010437	0.3695039749145508	0.04951730743050575	-0.1689535230398178	0.314984530210495	0.6708616614341736	0.41168540716171265	0.17110496759414673	0.29276686906814575	0.18447574973106384	-0.023706216365098953	0.43175649642944336	1.0	0.20947404205799103	-0.10975702106952667	-0.16242468357086182	-0.14593558013439178	0.15340150892734528	-0.12531456351280212	0.06498324871063232	0.44946610927581787	-0.037276491522789	0.09647734463214874	-0.13781718909740448	0.1718171089887619	0.4738875925540924	0.24753068387508392	-0.04168236255645752	-0.14376819133758545	0.484829843044281	0.5714154243469238	0.30211174488067627	0.2550638020038605	0.2289094477891922	-0.09449933469295502	0.04914342984557152	0.2727492153644562	0.5831491351127625	-0.3379051685333252	0.0945303812623024
pGP-rh	-0.19891463220119476	-0.051317427307367325	-0.11905999481678009	-0.03705645352602005	0.29432329535484314	0.33759644627571106	0.3705044090747833	-0.15247026085853577	-0.025406096130609512	0.19384479522705078	-0.23988448083400726	-0.06867627799510956	0.09813237935304642	0.0802752822637558	0.05577531456947327	-0.05722559988498688	-0.04205845296382904	-0.303453266620636	-0.08627622574567795	0.01312338374555111	0.28658387064933777	-0.22724561393260956	0.20947404205799103	1.0	0.0010484355734661222	0.06946762651205063	0.12332980334758759	0.06798243522644043	0.05631126090884209	0.08958911895751953	0.23937709629535675	-0.037020932883024216	-0.14901387691497803	-0.17043952643871307	-0.09704940766096115	-0.11610332876443863	-0.03785296902060509	0.008147059939801693	0.22330817580223083	-0.1676354855298996	-0.07765719294548035	-0.173163041472435	-0.1454465687274933	0.006021211389452219	-0.03811284899711609	0.03804946318268776	0.04940848797559738	-0.04944903403520584	0.11419373005628586	0.2120584100484848
aGP-rh	0.3138236999511719	0.22786404192447662	0.34202197194099426	0.10814113169908524	0.08305589109659195	-0.15591663122177124	0.4320078492164612	0.12263571470975876	-0.10769686102867126	0.13772052526474	-0.20154969394207	-0.26219066977500916	0.2248557209968567	0.2884404957294464	-0.3339276909828186	-0.06898652017116547	-0.04025765135884285	0.14817586541175842	0.16227959096431732	0.1188267320394516	0.14549130201339722	0.1259288191795349	-0.10975702106952667	0.0010484355734661222	1.0	-0.06867558509111404	0.1439848095178604	-0.06403597444295883	0.403480589389801	0.21770508587360382	-0.2285350263118744	0.17811934649944305	-0.022852662950754166	0.09275718033313751	-0.12776097655296326	0.13342151045799255	0.14920160174369812	0.33915621042251587	-0.07697688043117523	-0.4471032917499542	-0.12113568186759949	-0.3460827171802521	-0.24889108538627625	0.08465366810560226	0.41706860065460205	0.12286487221717834	-0.16874463856220245	-0.039328910410404205	0.3141736090183258	0.07217047363519669
HIP-head-m-lh	0.21934157609939575	0.07151498645544052	-2.15985255636042e-05	-0.10576734691858292	-0.25277385115623474	0.001713255885988474	0.01587000861763954	-0.4105615019798279	-0.3445187509059906	-0.330353707075119	-0.11472874134778976	-0.07919757068157196	-0.004507849924266338	0.23950009047985077	-0.16857768595218658	-0.13247688114643097	-0.24237476289272308	-0.27209150791168213	-0.03373250365257263	0.09485472738742828	-0.16903024911880493	0.1380654275417328	-0.16242468357086182	0.06946762651205063	-0.06867558509111404	1.0	0.2643718719482422	0.02027280442416668	-0.14115485548973083	-0.28173142671585083	-0.12321460992097855	-0.24627839028835297	0.2554667592048645	-0.23346857726573944	0.0783485472202301	0.028517205268144608	0.1531400829553604	-0.27554309368133545	0.3336978852748871	-0.009107222780585289	-0.047478217631578445	-0.028520874679088593	-0.18611881136894226	0.26684829592704773	0.3502514064311981	0.07820877432823181	-0.00381022528745234	0.14942848682403564	0.033365774899721146	0.12102696299552917
HIP-head-l-l	0.37346258759498596	0.4776482582092285	0.3165547549724579	0.2579304575920105	-0.11054866760969162	-0.23508088290691376	0.11687996238470078	-0.16916805505752563	-0.0557410903275013	-0.4815687835216522	-0.4100247919559479	-0.32802489399909973	-0.2315448671579361	-0.004926458466798067	0.1672542691230774	-0.1931215226650238	-0.09002741426229477	-0.32956409454345703	-0.09369433671236038	0.11564145982265472	0.10952155292034149	0.11516492068767548	-0.14593558013439178	0.12332980334758759	0.1439848095178604	0.2643718719482422	1.0	0.5372408032417297	0.2334395945072174	0.015886390581727028	-0.004247922915965319	-0.3010624051094055	-0.1312536597251892	-0.22623534500598907	-0.005472175311297178	-0.27409443259239197	-0.2782442569732666	-0.10383877158164978	0.06714650243520737	-0.18607725203037262	-0.2923189103603363	-0.42183005809783936	-0.16968461871147156	0.2635108530521393	0.5251660346984863	0.3973798453807831	0.33950793743133545	0.2812058925628662	0.1449369192123413	-0.04139707237482071
HIP-body-l	0.31618499755859375	0.49626627564430237	0.4149010181427002	0.4723168611526489	0.18055585026741028	-0.053793568164110184	0.36840564012527466	0.11978825181722641	-0.14824654161930084	-0.28219354152679443	0.1494823843240738	0.07829087227582932	-0.13637599349021912	-0.1612430065870285	0.02910802699625492	0.2318144291639328	0.182940274477005	-0.0065144686959683895	0.1284819096326828	0.07473959028720856	0.010838547721505165	0.22733913362026215	0.15340150892734528	0.06798243522644043	-0.06403597444295883	0.02027280442416668	0.5372408032417297	1.0	0.341460257768631	0.2997300326824188	0.032387662678956985	-0.041679881513118744	0.2591133713722229	-0.1256520301103592	0.22063994407653809	0.13505910336971283	0.07239661365747452	-0.0977189913392067	0.33552563190460205	0.151023730635643	0.16263967752456665	0.030862953513860703	0.11421432346105576	0.004001744091510773	0.30078384280204773	0.11816316843032837	0.34132611751556396	0.3234885334968567	0.04206664487719536	0.35586047172546387
HIP-tail-lh	0.1336749941110611	0.436250776052475	0.5311580300331116	0.4071703255176544	0.3549068570137024	-0.16853754222393036	0.4571543335914612	0.3487658202648163	-0.012404884211719036	0.04760779067873955	-0.1277027428150177	-0.2565824091434479	0.1355239450931549	-0.03198471665382385	-0.2806941866874695	0.003663850948214531	0.2803531289100647	0.2890859842300415	0.260299414396286	-0.007288072258234024	-0.1475820392370224	0.0841197744011879	-0.12531456351280212	0.05631126090884209	0.403480589389801	-0.14115485548973083	0.2334395945072174	0.341460257768631	1.0	0.47355738282203674	0.00583117688074708	0.24206718802452087	0.09136764705181122	0.2019498646259308	0.14915679395198822	0.07018985599279404	0.09959524869918823	0.3682669997215271	0.04429373890161514	-0.1593310683965683	0.07912248373031616	-0.15344302356243134	-0.01984240487217903	0.19450999796390533	0.347445547580719	0.25698572397232056	0.24194973707199097	0.04356475546956062	0.2217472493648529	0.2143700122833252
THA-VPm-lh	0.11699441075325012	0.32018837332725525	0.1975030153989792	0.4060932993888855	0.5380155444145203	-0.25460362434387207	0.37032607197761536	0.2702814042568207	-0.039248839020729065	0.14988602697849274	0.05673150345683098	0.02581843174993992	0.1903134435415268	0.029867246747016907	-0.18513859808444977	0.1544579267501831	0.032247550785541534	0.19477564096450806	0.1535201072692871	0.12045354396104813	0.1612057089805603	-0.07637825608253479	0.06498324871063232	0.08958911895751953	0.21770508587360382	-0.28173142671585083	0.015886390581727028	0.2997300326824188	0.47355738282203674	1.0	0.33529648184776306	0.2639997899532318	0.14748679101467133	-0.049787502735853195	-0.07489398121833801	0.29015639424324036	0.2517679035663605	0.40081289410591125	0.03614836931228638	-0.11738299578428268	0.21956054866313934	-0.04169739782810211	0.004527426790446043	0.2500154674053192	0.13632169365882874	0.2776274085044861	0.061346568167209625	-0.14240522682666779	0.08539119362831116	0.025727273896336555
THA-VPl-lh	-0.4125507175922394	0.008222328498959541	-0.2587880492210388	0.17092184722423553	0.5208560824394226	0.04270173981785774	0.051877230405807495	0.08226822316646576	0.06400905549526215	0.07845576107501984	-0.16118474304676056	0.12940886616706848	0.2230919599533081	0.033995259553194046	0.17728832364082336	0.21746821701526642	0.28967949748039246	0.047238096594810486	0.0804637148976326	-0.033289600163698196	0.1774674355983734	-0.09595399349927902	0.44946610927581787	0.23937709629535675	-0.2285350263118744	-0.12321460992097855	-0.004247922915965319	0.032387662678956985	0.00583117688074708	0.33529648184776306	1.0	0.0237738024443388	-0.09229434281587601	-0.28686684370040894	0.07196401059627533	-0.03868971765041351	0.05681249499320984	0.14869734644889832	-0.0347866415977478	0.054516687989234924	0.3158172369003296	0.055174216628074646	-0.04449966177344322	0.37993094325065613	-0.16427764296531677	0.33888137340545654	0.1913554072380066	0.08351012319326401	-0.2452058643102646	-0.12231950461864471
THA-VAi-lh	-0.14221110939979553	0.023572109639644623	0.2674800157546997	0.23341432213783264	0.16886091232299805	-0.04443050175905228	0.18233700096607208	0.1844123899936676	-0.06570836156606674	0.10540220886468887	0.1447722464799881	-0.07688412815332413	0.22233720123767853	0.01470882073044777	-0.048715706914663315	0.1565561592578888	-0.043578848242759705	0.32509171962738037	0.2638135850429535	-0.36962687969207764	-0.12822937965393066	-0.04437255859375	-0.037276491522789	-0.037020932883024216	0.17811934649944305	-0.24627839028835297	-0.3010624051094055	-0.041679881513118744	0.24206718802452087	0.2639997899532318	0.0237738024443388	1.0	0.07925717532634735	0.28369027376174927	0.20190228521823883	0.1424492448568344	0.21369564533233643	0.274969220161438	-0.04811494052410126	0.03771115094423294	0.2073691040277481	0.2541988492012024	0.25054264068603516	-0.24437260627746582	-0.07138180732727051	-0.16692261397838593	-0.032316360622644424	-0.2551054358482361	0.06446300446987152	0.10735994577407837
THA-VAs-lh	0.01704828441143036	0.18501286208629608	0.0611242800951004	0.14755070209503174	0.013052484020590782	0.21718591451644897	0.29004064202308655	-0.03822258859872818	-0.02375643514096737	-0.06524962931871414	0.4088464677333832	0.42319944500923157	0.0033062370494008064	0.15101425349712372	-0.29736387729644775	0.37483084201812744	0.20834267139434814	0.3464947044849396	0.16401489078998566	0.027454068884253502	-0.18127824366092682	0.19122649729251862	0.09647734463214874	-0.14901387691497803	-0.022852662950754166	0.2554667592048645	-0.1312536597251892	0.2591133713722229	0.09136764705181122	0.14748679101467133	-0.09229434281587601	0.07925717532634735	1.0	0.35384824872016907	0.392539381980896	0.4824132025241852	0.42499327659606934	-0.14152181148529053	0.26817044615745544	0.24001659452915192	0.38082972168922424	0.4104997515678406	0.200682133436203	-0.007200365420430899	0.10882662236690521	-0.02662988379597664	-0.04541413486003876	0.1290445625782013	-0.030588148161768913	0.39916202425956726
THA-DAm-lh	-0.12075501680374146	0.03533751890063286	0.2147473394870758	-0.08784424513578415	0.01841823197901249	0.3037995398044586	0.1550033539533615	0.29064399003982544	0.47164851427078247	0.09418084472417831	0.11812236905097961	0.15802401304244995	-0.1320798248052597	0.08875497430562973	-0.17923761904239655	0.11729596555233002	0.20526055991649628	0.4468637704849243	0.10623136162757874	-0.07521937042474747	-0.16343598067760468	-0.04807519540190697	-0.13781718909740448	-0.17043952643871307	0.09275718033313751	-0.23346857726573944	-0.22623534500598907	-0.1256520301103592	0.2019498646259308	-0.049787502735853195	-0.28686684370040894	0.28369027376174927	0.35384824872016907	1.0	0.4686620235443115	-0.013090601190924644	0.08340589702129364	-0.09411539137363434	-0.08826639503240585	0.04226507991552353	0.007278879638761282	0.1799757033586502	0.22564861178398132	-0.28927719593048096	-0.10052081942558289	-0.051525551825761795	-0.006790999788790941	-0.061971649527549744	0.13626357913017273	-0.0037528923712670803
THA-DAl-lh	-0.06797121465206146	0.2709871828556061	0.07349733263254166	0.1578490138053894	0.17780601978302002	0.19484132528305054	0.11657349020242691	-0.03626129776239395	0.059000592678785324	-0.09490957111120224	0.15389427542686462	0.3568156659603119	0.16468246281147003	0.2252698838710785	-0.06606055051088333	0.2345791757106781	0.25649282336235046	0.36782756447792053	0.13435795903205872	0.16788867115974426	-0.2619326412677765	0.09712207317352295	0.1718171089887619	-0.09704940766096115	-0.12776097655296326	0.0783485472202301	-0.005472175311297178	0.22063994407653809	0.14915679395198822	-0.07489398121833801	0.07196401059627533	0.20190228521823883	0.392539381980896	0.4686620235443115	1.0	0.09414218366146088	0.4310351014137268	-0.1439238041639328	0.25130948424339294	0.11552629619836807	0.27645745873451233	0.29089784622192383	0.23616287112236023	-0.030100276693701744	0.012813364155590534	0.11846965551376343	0.1423777937889099	0.21173784136772156	0.0738789513707161	0.16475842893123627
PUT-VA-lh	-0.04244263097643852	-0.03704186901450157	-0.06139157712459564	0.14475837349891663	0.050318166613578796	0.09960173815488815	0.23624348640441895	0.0038807459641247988	-0.31388571858406067	-0.15813122689723969	0.6275157332420349	0.4211727976799011	0.1458953619003296	-0.027857210487127304	-0.03005942702293396	0.5864884853363037	0.2502392530441284	0.33830931782722473	0.21296963095664978	0.25750482082366943	-0.23217953741550446	0.4857829809188843	0.4738875925540924	-0.11610332876443863	0.13342151045799255	0.028517205268144608	-0.27409443259239197	0.13505910336971283	0.07018985599279404	0.29015639424324036	-0.03868971765041351	0.1424492448568344	0.4824132025241852	-0.013090601190924644	0.09414218366146088	1.0	0.44778040051460266	0.08841481804847717	0.033384770154953	0.37804922461509705	0.5460723638534546	0.457267165184021	0.3325125575065613	0.07191657274961472	0.1041322648525238	-0.01963096484541893	0.055217791348695755	0.34853556752204895	-0.07072771340608597	0.24737448990345
PUT-DA-l	-0.013372398912906647	0.15494504570960999	-0.014132660813629627	0.11082588881254196	0.2455446571111679	0.2510107159614563	0.2620142698287964	-0.08861217647790909	-0.366110622882843	0.19661301374435425	0.5145463943481445	0.5343390107154846	0.5816038846969604	0.5008218884468079	-0.33432629704475403	0.3606303036212921	0.1485806405544281	0.45878729224205017	0.2697087526321411	0.3357561528682709	-0.020301660522818565	0.14280198514461517	0.24753068387508392	-0.03785296902060509	0.14920160174369812	0.1531400829553604	-0.2782442569732666	0.07239661365747452	0.09959524869918823	0.2517679035663605	0.05681249499320984	0.21369564533233643	0.42499327659606934	0.08340589702129364	0.4310351014137268	0.44778040051460266	1.0	0.24665358662605286	0.3677935004234314	0.0610031858086586	0.5480962991714478	0.3006020188331604	-0.021978115662932396	0.03576219826936722	0.02417372167110443	-0.054596029222011566	-0.2403244525194168	0.15240566432476044	0.18113572895526886	0.3597027063369751
PUT-VP-lh	0.08560363203287125	0.22208449244499207	0.22808602452278137	0.22442860901355743	0.29148074984550476	-0.2512943744659424	0.05168604478240013	0.09399676322937012	0.07785215228796005	0.1992628425359726	0.08191598951816559	0.021485472097992897	0.48181578516960144	0.17219094932079315	0.015528944320976734	-0.07120828330516815	0.12021461129188538	0.14481471478939056	0.34074822068214417	-0.12597781419754028	-0.052681393921375275	-0.11306168138980865	-0.04168236255645752	0.008147059939801693	0.33915621042251587	-0.27554309368133545	-0.10383877158164978	-0.0977189913392067	0.3682669997215271	0.40081289410591125	0.14869734644889832	0.274969220161438	-0.14152181148529053	-0.09411539137363434	-0.1439238041639328	0.08841481804847717	0.24665358662605286	1.0	-0.20402641594409943	-0.08837983757257462	0.017070529982447624	-0.1374974250793457	0.058407895267009735	0.18796402215957642	0.02853408083319664	0.08715351670980453	-0.05864955484867096	-0.101723812520504	0.1506364494562149	-0.05498053878545761
PUT-DP-lh	0.2621794641017914	0.09595949202775955	0.04594562202692032	0.0042585344053804874	-0.04378419369459152	0.10830815881490707	0.16244839131832123	-0.04514157772064209	-0.31960999965667725	0.1127871498465538	0.13579586148262024	0.24344149231910706	0.2854626476764679	0.4032725393772125	-0.3477172255516052	-0.20049579441547394	-0.04573126509785652	-0.05137350410223007	-0.10986792296171188	0.09284788370132446	-0.039288949221372604	-0.19444657862186432	-0.14376819133758545	0.22330817580223083	-0.07697688043117523	0.3336978852748871	0.06714650243520737	0.33552563190460205	0.04429373890161514	0.03614836931228638	-0.0347866415977478	-0.04811494052410126	0.26817044615745544	-0.08826639503240585	0.25130948424339294	0.033384770154953	0.3677935004234314	-0.20402641594409943	1.0	-0.16879865527153015	0.022875189781188965	0.127955824136734	-0.15014316141605377	-0.2137034833431244	0.08155892044305801	-0.16740719974040985	-0.1297999769449234	-0.17123821377754211	0.39445146918296814	0.22104930877685547
