Node	HIP-head-m-rh	HIP-head-l-rh	HIP-body-rh	HIP-tail-rh	THA-VPm-rh	THA-VPl-rh	THA-VAi-rh	THA-VAs-rh	THA-DAm-rh	THA-DAl-rh	PUT-VA-rh	PUT-DA-rh	PUT-VP-rh	PUT-DP-rh	CAU-VA-rh	CAU-DA-rh	CAU-body-rh	CAU-tail-rh	lAMY-rh	mAMY-rh	THA-DP-rh	NAc-shell-rh	NAc-core-rh	pGP-rh	aGP-rh	HIP-head-m-lh	HIP-head-l-l	HIP-body-l	HIP-tail-lh	THA-VPm-lh	THA-VPl-lh	THA-VAi-lh	THA-VAs-lh	THA-DAm-lh	THA-DAl-lh	PUT-VA-lh	PUT-DA-l	PUT-VP-lh	PUT-DP-lh	CAU-VA-lh	CAU-DA-lh	CAU-body-lh	CAU-tail-lh	lAMY-lh	mAMY-lh	THA-DP-lh	NAc-shell-lh	NAc-core-lh	pGP-lh	aGP-lh
HIP-head-m-rh	1.0	0.6098835468292236	0.3682931363582611	0.10022259503602982	0.04690302163362503	0.43245723843574524	0.48574739694595337	0.4219997227191925	0.6036136746406555	0.508585512638092	0.05158666893839836	0.07871372252702713	0.7727818489074707	0.7630060315132141	0.1339995563030243	0.05196430906653404	0.33886733651161194	0.12523281574249268	0.45986780524253845	0.36354920268058777	-0.0640820860862732	-0.011199764907360077	-0.07417087256908417	0.21339982748031616	-0.4187374711036682	0.19627033174037933	0.21872957050800323	0.061209358274936676	0.22995373606681824	-0.1123233288526535	-0.00798217672854662	-0.01983189769089222	0.2763596177101135	-0.13080431520938873	0.17261984944343567	0.33791396021842957	0.3200381398200989	0.2818353772163391	0.2644452452659607	0.016905060037970543	0.23193101584911346	0.3429200351238251	0.06224780157208443	0.16866309940814972	0.32875528931617737	-0.22216135263442993	-0.27394625544548035	-0.3917297124862671	-0.10368739813566208	0.05890224874019623
HIP-head-l-rh	0.6098835468292236	1.0	0.24811983108520508	0.07593230158090591	0.13762959837913513	0.22410905361175537	0.6622065305709839	0.524246096611023	0.6117835640907288	0.40824249386787415	0.3746229112148285	-0.11147851496934891	0.522883415222168	0.5583990812301636	0.23114211857318878	0.21004176139831543	0.30610495805740356	0.46080803871154785	0.023282773792743683	0.271138995885849	0.25137612223625183	0.19894500076770782	-0.11207235604524612	-0.032679345458745956	0.06192988157272339	0.2476639300584793	0.4345429241657257	-0.025278298184275627	0.2902160584926605	-0.04146326705813408	-0.2665463984012604	0.12557269632816315	0.16650357842445374	-0.05245974287390709	0.12843886017799377	0.2954195439815521	0.36626461148262024	0.3645613193511963	0.3195587992668152	0.14484639465808868	0.37345460057258606	0.3621789813041687	0.04874473065137863	-0.16189458966255188	0.1433095633983612	-0.08076068013906479	-0.10127320140600204	-0.10060972720384598	-0.010960503481328487	0.24212001264095306
HIP-body-rh	0.3682931363582611	0.24811983108520508	1.0	0.23028114438056946	-0.0012348424643278122	-0.07485014200210571	0.3329254686832428	0.3113313615322113	0.2797400653362274	0.35952067375183105	-0.1813402622938156	0.05593123659491539	0.40756815671920776	0.33603957295417786	-0.20954452455043793	-0.029865503311157227	0.1272265762090683	-0.07172894477844238	0.12372703105211258	0.16228093206882477	0.2269466668367386	0.27702534198760986	-0.2716868817806244	0.22119930386543274	-0.08822842687368393	0.12267172336578369	0.20171186327934265	0.07226867973804474	0.39937490224838257	-0.10506698489189148	0.12410154193639755	0.1949709802865982	-0.18553100526332855	0.2370084822177887	0.30161771178245544	0.21772614121437073	-0.16331039369106293	-0.12740233540534973	0.1321984976530075	-0.08239638060331345	-0.06007828190922737	0.17387889325618744	0.07999858260154724	-0.09216996282339096	0.1772950142621994	0.11693964153528214	-0.38341468572616577	-0.17780476808547974	-0.28427526354789734	-0.126961812376976
HIP-tail-rh	0.10022259503602982	0.07593230158090591	0.23028114438056946	1.0	0.19669459760189056	0.1219821497797966	0.2075335681438446	0.2956472635269165	0.13564060628414154	0.21566900610923767	0.03245051950216293	0.5324500799179077	0.19775299727916718	0.22091859579086304	0.14883369207382202	0.16133452951908112	0.3401794135570526	0.20370079576969147	-0.13605007529258728	0.15577653050422668	0.5027572512626648	0.4753449559211731	0.37005430459976196	0.25127309560775757	0.4641222059726715	0.2697025239467621	0.3661174774169922	0.29155635833740234	0.24037960171699524	0.25389784574508667	0.3050763010978699	0.3208751976490021	-0.06515387445688248	0.5234396457672119	0.40429019927978516	0.3962852656841278	0.33315908908843994	0.14019975066184998	0.2662610113620758	0.34015339612960815	-0.0030747191049158573	0.2170303612947464	0.36805111169815063	-0.09416166692972183	0.21309344470500946	0.27420467138290405	0.4051238000392914	0.2008848786354065	-0.24908731877803802	0.2053183913230896
THA-VPm-rh	0.04690302163362503	0.13762959837913513	-0.0012348424643278122	0.19669459760189056	1.0	0.33090537786483765	0.33648940920829773	0.4735744595527649	0.360190749168396	0.372325599193573	0.48613086342811584	0.5662542581558228	0.1342574506998062	0.21414291858673096	0.5458220839500427	0.4646441340446472	0.4064939022064209	0.37035420536994934	-0.0007625498110428452	0.20940160751342773	0.3493134677410126	0.33473628759384155	0.5049930214881897	0.23682914674282074	0.2770518362522125	0.3527618944644928	0.255626380443573	0.026372352614998817	0.0980115458369255	0.3306758999824524	0.20892708003520966	0.5386090278625488	0.17653198540210724	0.2962533235549927	0.3512853980064392	0.4210570156574249	0.4659934937953949	0.24477286636829376	0.3756808936595917	0.5511148571968079	0.48255667090415955	0.4970775842666626	0.11714555323123932	0.17664088308811188	0.3731937110424042	0.16812556982040405	0.42719563841819763	0.4699508547782898	-0.06924515962600708	0.22101715207099915
THA-VPl-rh	0.43245723843574524	0.22410905361175537	-0.07485014200210571	0.1219821497797966	0.33090537786483765	1.0	0.24499553442001343	0.19364340603351593	0.5078091621398926	0.2074323445558548	0.24767275154590607	0.21457712352275848	0.48972225189208984	0.29992255568504333	0.19515946507453918	0.04815622791647911	0.21105322241783142	0.24257956445217133	0.17338070273399353	0.5466992259025574	0.07566022127866745	-0.10546978563070297	0.18801169097423553	-0.025774460285902023	-0.4028984010219574	0.22116108238697052	-0.02974901907145977	-0.06036830693483353	-0.05733320116996765	-0.025876708328723907	-0.06836061179637909	-0.032346442341804504	0.28803551197052	-0.28932031989097595	-0.13694827258586884	0.04571232944726944	0.3123347759246826	0.2636907994747162	0.2946816682815552	0.11115927249193192	0.2751499116420746	0.21145574748516083	0.17467552423477173	0.32476651668548584	0.38160765171051025	-0.3433471918106079	0.16219604015350342	-0.025515813380479813	0.08416354656219482	0.05857430025935173
THA-VAi-rh	0.48574739694595337	0.6622065305709839	0.3329254686832428	0.2075335681438446	0.33648940920829773	0.24499553442001343	1.0	0.5795400738716125	0.5475392937660217	0.23519641160964966	0.3672412931919098	0.09030786901712418	0.38081395626068115	0.43844839930534363	0.2387615293264389	0.2588208317756653	0.21582947671413422	0.4562789797782898	-0.013332106173038483	0.33786511421203613	0.4622787535190582	0.3447953462600708	-0.06652229279279709	-0.03328905627131462	0.1262880116701126	0.20356687903404236	0.5321445465087891	-0.03197108581662178	0.2658708095550537	0.10980875790119171	0.07725614309310913	0.2955862581729889	0.19354483485221863	0.113679900765419	0.29425808787345886	0.3803642988204956	0.36831265687942505	0.28975293040275574	0.3684537410736084	0.11416196823120117	0.25983119010925293	0.27540767192840576	-0.02201981469988823	-0.10481925308704376	0.31635481119155884	0.009688843041658401	0.1155228391289711	0.04309786483645439	-0.011977153830230236	0.11525610834360123
THA-VAs-rh	0.4219997227191925	0.524246096611023	0.3113313615322113	0.2956472635269165	0.4735744595527649	0.19364340603351593	0.5795400738716125	1.0	0.5500757694244385	0.5361756086349487	0.4671921133995056	0.4006423056125641	0.44614627957344055	0.630433201789856	0.5406139492988586	0.5422698259353638	0.48589372634887695	0.33176466822624207	0.10018952935934067	0.17156219482421875	0.36884936690330505	0.4537523090839386	0.2512977421283722	0.17060662806034088	0.1868906170129776	0.29867854714393616	0.5328289270401001	0.17821547389030457	0.27997180819511414	0.20412114262580872	0.26593151688575745	0.5263495445251465	0.43344834446907043	0.28072991967201233	0.49498000741004944	0.5590811371803284	0.5292514562606812	0.46408799290657043	0.5638834834098816	0.4546419084072113	0.5283671021461487	0.5096686482429504	0.24599754810333252	-0.020442571491003036	0.40792718529701233	0.22423984110355377	0.21176877617835999	0.24804770946502686	-0.07902565598487854	0.24776795506477356
THA-DAm-rh	0.6036136746406555	0.6117835640907288	0.2797400653362274	0.13564060628414154	0.360190749168396	0.5078091621398926	0.5475392937660217	0.5500757694244385	1.0	0.5578628778457642	0.3200989365577698	0.23203995823860168	0.5629583597183228	0.443364679813385	0.2228093445301056	0.1374131441116333	0.257722407579422	0.24467942118644714	0.2621346712112427	0.515870988368988	0.18730415403842926	0.2638249695301056	0.0274618212133646	0.0596524141728878	-0.1055266335606575	0.2535687983036041	0.31688591837882996	0.11550983786582947	0.45684659481048584	0.14788654446601868	0.09985167533159256	0.2464403510093689	0.30389249324798584	0.08619757741689682	0.26691126823425293	0.43049725890159607	0.39439284801483154	0.21539489924907684	0.2608981132507324	0.06713178008794785	0.359556645154953	0.5300760269165039	0.20311591029167175	0.20877110958099365	0.28532734513282776	0.10031966865062714	0.01984282210469246	-0.08471406996250153	0.060942571610212326	0.20436230301856995
THA-DAl-rh	0.508585512638092	0.40824249386787415	0.35952067375183105	0.21566900610923767	0.372325599193573	0.2074323445558548	0.23519641160964966	0.5361756086349487	0.5578628778457642	1.0	0.06431963294744492	0.4522242844104767	0.46062761545181274	0.6048209071159363	0.19107303023338318	0.1298777461051941	0.4110463261604309	0.05777166038751602	0.35289162397384644	0.2142278254032135	-0.009779747575521469	0.4644840359687805	0.27715906500816345	0.48716139793395996	-0.09734758734703064	0.3285354971885681	0.19842876493930817	0.033720988780260086	0.21247871220111847	-0.12204188853502274	0.2054273933172226	0.4509836733341217	-0.015520274639129639	0.24803607165813446	0.5588124990463257	0.5739947557449341	0.2988612949848175	0.08905954658985138	0.25018662214279175	0.26086869835853577	0.29952070116996765	0.6132704019546509	0.2454196959733963	0.16048814356327057	0.19444780051708221	0.06540963053703308	0.012452707625925541	-0.12577098608016968	-0.2155618816614151	0.06531355530023575
PUT-VA-rh	0.05158666893839836	0.3746229112148285	-0.1813402622938156	0.03245051950216293	0.48613086342811584	0.24767275154590607	0.3672412931919098	0.4671921133995056	0.3200989365577698	0.06431963294744492	1.0	0.2870614528656006	0.27689021825790405	0.25704559683799744	0.6904831528663635	0.7650710940361023	0.44615963101387024	0.5672576427459717	-0.22258734703063965	0.11987624317407608	0.43281859159469604	0.3142127990722656	0.41805967688560486	-0.09343032538890839	0.3095147907733917	0.35898950695991516	0.37247470021247864	0.046504419296979904	0.001996280625462532	0.2907916009426117	-0.17187435925006866	0.16928733885288239	0.3417055308818817	0.09625470638275146	0.07997457683086395	0.2891073226928711	0.595099151134491	0.6030965447425842	0.5719149112701416	0.5606167316436768	0.6719606518745422	0.3260301649570465	0.1885082721710205	0.031131692230701447	0.4127369821071625	-0.0006124574574641883	0.5437456965446472	0.5552524328231812	0.1496487259864807	0.35184186697006226
PUT-DA-rh	0.07871372252702713	-0.11147851496934891	0.05593123659491539	0.5324500799179077	0.5662542581558228	0.21457712352275848	0.09030786901712418	0.4006423056125641	0.23203995823860168	0.4522242844104767	0.2870614528656006	1.0	0.2232866734266281	0.34664154052734375	0.4562116861343384	0.43449369072914124	0.4246726930141449	0.11840101331472397	0.05230680853128433	0.18272799253463745	0.2798744738101959	0.5991611480712891	0.6644296646118164	0.5012590289115906	0.2788747251033783	0.30009695887565613	0.2541770339012146	0.2694275379180908	0.1750936061143875	0.22853991389274597	0.46132585406303406	0.49594375491142273	-0.06567186862230301	0.5558711290359497	0.5013064742088318	0.7077438831329346	0.41641977429389954	0.2020072340965271	0.31537649035453796	0.5743723511695862	0.31129130721092224	0.46456849575042725	0.43317097425460815	0.09398510307073593	0.32203054428100586	0.39274653792381287	0.4765428304672241	0.3942001163959503	-0.3504676818847656	0.011153473518788815
PUT-VP-rh	0.7727818489074707	0.522883415222168	0.40756815671920776	0.19775299727916718	0.1342574506998062	0.48972225189208984	0.38081395626068115	0.44614627957344055	0.5629583597183228	0.46062761545181274	0.27689021825790405	0.2232866734266281	1.0	0.7030466794967651	0.20601695775985718	0.3048914670944214	0.4303041696548462	0.19341741502285004	0.17438054084777832	0.3854740560054779	0.08491627871990204	0.10093516856431961	-0.013768795877695084	0.40808025002479553	-0.3240853548049927	0.24026891589164734	0.04315534234046936	0.007504096254706383	0.11632616072893143	-0.1153622642159462	-0.1628497689962387	0.03814583271741867	0.2376125305891037	-0.03899243846535683	0.18173345923423767	0.32590407133102417	0.2963896691799164	0.43586665391921997	0.4683651924133301	0.17374366521835327	0.4240737557411194	0.4400050640106201	0.25407058000564575	0.049775898456573486	0.4685608744621277	-0.23878389596939087	-0.077874556183815	-0.1413676142692566	-0.1617719680070877	0.101255863904953
PUT-DP-rh	0.7630060315132141	0.5583990812301636	0.33603957295417786	0.22091859579086304	0.21414291858673096	0.29992255568504333	0.43844839930534363	0.630433201789856	0.443364679813385	0.6048209071159363	0.25704559683799744	0.34664154052734375	0.7030466794967651	1.0	0.39621156454086304	0.37218764424324036	0.5997547507286072	0.3415684998035431	0.28796154260635376	0.11013863980770111	0.07413075119256973	0.24354052543640137	0.18946430087089539	0.2775510847568512	-0.20117507874965668	0.21214328706264496	0.3001742362976074	0.03164348006248474	0.12250585108995438	-0.10890330374240875	0.06846586614847183	0.1715182214975357	0.25182080268859863	0.09244833141565323	0.274368554353714	0.5332091450691223	0.4756847023963928	0.42336052656173706	0.5545003414154053	0.33394578099250793	0.4050033688545227	0.48241618275642395	0.24865098297595978	-0.005393548868596554	0.3723851144313812	-0.1105223149061203	-0.15066903829574585	-0.1529747098684311	-0.33981820940971375	-0.008784247562289238
CAU-VA-rh	0.1339995563030243	0.23114211857318878	-0.20954452455043793	0.14883369207382202	0.5458220839500427	0.19515946507453918	0.2387615293264389	0.5406139492988586	0.2228093445301056	0.19107303023338318	0.6904831528663635	0.4562116861343384	0.20601695775985718	0.39621156454086304	1.0	0.8184640407562256	0.6905878782272339	0.4901036322116852	-0.1098863035440445	0.022421354427933693	0.3477881848812103	0.2999840974807739	0.6256475448608398	0.12565360963344574	0.2961438000202179	0.3207749128341675	0.28287723660469055	0.0783388614654541	0.03186951205134392	0.29671040177345276	0.04438704997301102	0.29967984557151794	0.460167795419693	0.19975462555885315	0.31697145104408264	0.4396716356277466	0.7269076704978943	0.6170157790184021	0.5178163647651672	0.8023218512535095	0.762823224067688	0.5012394785881042	0.24871672689914703	0.0010051772696897388	0.27868545055389404	0.21234986186027527	0.4781399369239807	0.5772798657417297	-0.08062946796417236	0.285204142332077
CAU-DA-rh	0.05196430906653404	0.21004176139831543	-0.029865503311157227	0.16133452951908112	0.4646441340446472	0.04815622791647911	0.2588208317756653	0.5422698259353638	0.1374131441116333	0.1298777461051941	0.7650710940361023	0.43449369072914124	0.3048914670944214	0.37218764424324036	0.8184640407562256	1.0	0.5791599750518799	0.5216596126556396	-0.23746468126773834	-0.062214482575654984	0.44466927647590637	0.415560781955719	0.4815991520881653	0.1777319610118866	0.3224019706249237	0.2665463984012604	0.27273380756378174	0.15278764069080353	0.035186540335416794	0.3202495574951172	0.01618967205286026	0.1561974287033081	0.3860558569431305	0.24265500903129578	0.3447745740413666	0.4182029068470001	0.6109740138053894	0.6894643902778625	0.648984432220459	0.7187316417694092	0.7310450077056885	0.4238355755805969	0.2657586634159088	-0.08712493628263474	0.32501113414764404	0.16725395619869232	0.4828566610813141	0.5243314504623413	-0.08977866917848587	0.218691885471344
CAU-body-rh	0.33886733651161194	0.30610495805740356	0.1272265762090683	0.3401794135570526	0.4064939022064209	0.21105322241783142	0.21582947671413422	0.48589372634887695	0.257722407579422	0.4110463261604309	0.44615963101387024	0.4246726930141449	0.4303041696548462	0.5997547507286072	0.6905878782272339	0.5791599750518799	1.0	0.35982006788253784	-0.001936014974489808	-0.021209603175520897	0.33812329173088074	0.2846076488494873	0.5478639006614685	0.24402394890785217	0.13858073949813843	0.1811685413122177	0.1800832599401474	-0.14077605307102203	0.1505793333053589	-0.007615068461745977	-0.11077791452407837	0.21236425638198853	0.29908719658851624	0.19626881182193756	0.2684137523174286	0.5130680799484253	0.5367245078086853	0.36128416657447815	0.4673527479171753	0.63205486536026	0.5495840311050415	0.5969740748405457	0.4120243787765503	-0.19318412244319916	0.2620807886123657	0.032960738986730576	0.22706472873687744	0.3694515824317932	-0.3676779568195343	0.24349935352802277
CAU-tail-rh	0.12523281574249268	0.46080803871154785	-0.07172894477844238	0.20370079576969147	0.37035420536994934	0.24257956445217133	0.4562789797782898	0.33176466822624207	0.24467942118644714	0.05777166038751602	0.5672576427459717	0.11840101331472397	0.19341741502285004	0.3415684998035431	0.4901036322116852	0.5216596126556396	0.35982006788253784	1.0	-0.3784828782081604	0.12222294509410858	0.4610070288181305	0.2534532845020294	0.1535574048757553	-0.2255229949951172	0.2664985656738281	0.3963143527507782	0.4189416766166687	-0.047200050204992294	-0.14229357242584229	0.12747430801391602	-0.18702827394008636	0.08613168448209763	0.29113009572029114	0.06337115168571472	0.04874938353896141	0.16723236441612244	0.6437536478042603	0.504382312297821	0.7036876082420349	0.3245903551578522	0.4040335714817047	0.27981823682785034	0.08569132536649704	-0.11843055486679077	0.17775313556194305	-0.10718942433595657	0.17313577234745026	0.17191050946712494	-0.030707502737641335	0.19620893895626068
lAMY-rh	0.45986780524253845	0.023282773792743683	0.12372703105211258	-0.13605007529258728	-0.0007625498110428452	0.17338070273399353	-0.013332106173038483	0.10018952935934067	0.2621346712112427	0.35289162397384644	-0.22258734703063965	0.05230680853128433	0.17438054084777832	0.28796154260635376	-0.1098863035440445	-0.23746468126773834	-0.001936014974489808	-0.3784828782081604	1.0	0.001945953699760139	-0.3640645444393158	-0.03289426863193512	0.14396344125270844	0.050004903227090836	-0.40733304619789124	0.03200097754597664	-0.002522338181734085	0.2354394644498825	0.1827029436826706	-0.025835221633315086	0.24930912256240845	0.03709139674901962	-0.03075476363301277	-0.04090883955359459	0.011685625649988651	0.13831020891666412	-0.07015620172023773	-0.22835204005241394	-0.2573140561580658	-0.1417333036661148	-0.14960551261901855	-0.07816915959119797	0.002276115119457245	0.5749566555023193	0.27954646944999695	-0.10469713062047958	-0.2290181815624237	-0.3674876391887665	-0.001371780876070261	0.025644654408097267
mAMY-rh	0.36354920268058777	0.271138995885849	0.16228093206882477	0.15577653050422668	0.20940160751342773	0.5466992259025574	0.33786511421203613	0.17156219482421875	0.515870988368988	0.2142278254032135	0.11987624317407608	0.18272799253463745	0.3854740560054779	0.11013863980770111	0.022421354427933693	-0.062214482575654984	-0.021209603175520897	0.12222294509410858	0.001945953699760139	1.0	0.049974627792835236	0.10939367115497589	-0.1233462318778038	-0.045381106436252594	-0.04512839391827583	0.3417564332485199	0.2027972936630249	0.09971334040164948	0.14373062551021576	0.22390902042388916	0.15830104053020477	0.13135123252868652	0.145099937915802	0.10081365704536438	0.058142926543951035	0.05365073308348656	0.17813259363174438	0.22251677513122559	0.19499285519123077	-0.08469033241271973	0.056024689227342606	0.26084044575691223	0.28832384943962097	0.29503318667411804	0.40186807513237	-0.11267336457967758	0.17137520015239716	0.01662595011293888	0.229278564453125	0.1312313824892044
THA-DP-rh	-0.0640820860862732	0.25137612223625183	0.2269466668367386	0.5027572512626648	0.3493134677410126	0.07566022127866745	0.4622787535190582	0.36884936690330505	0.18730415403842926	-0.009779747575521469	0.43281859159469604	0.2798744738101959	0.08491627871990204	0.07413075119256973	0.3477881848812103	0.44466927647590637	0.33812329173088074	0.4610070288181305	-0.3640645444393158	0.049974627792835236	1.0	0.4114205539226532	0.24265708029270172	-0.125096395611763	0.5517449975013733	0.19172093272209167	0.426099568605423	0.024679381400346756	0.229525625705719	0.35146600008010864	0.05598125606775284	0.251375287771225	0.03772801160812378	0.43135789036750793	0.3248295485973358	0.3448072671890259	0.28710174560546875	0.13491365313529968	0.2744903564453125	0.44694530963897705	0.24857687950134277	0.1790057122707367	-0.023796841502189636	-0.32181188464164734	0.13209858536720276	0.4138149321079254	0.34912389516830444	0.4537193179130554	-0.22134731709957123	0.14415930211544037
NAc-shell-rh	-0.011199764907360077	0.19894500076770782	0.27702534198760986	0.4753449559211731	0.33473628759384155	-0.10546978563070297	0.3447953462600708	0.4537523090839386	0.2638249695301056	0.4644840359687805	0.3142127990722656	0.5991611480712891	0.10093516856431961	0.24354052543640137	0.2999840974807739	0.415560781955719	0.2846076488494873	0.2534532845020294	-0.03289426863193512	0.10939367115497589	0.4114205539226532	1.0	0.41956788301467896	0.2351071685552597	0.515857458114624	0.3162664771080017	0.445241779088974	0.21095973253250122	0.18759320676326752	0.1325199156999588	0.2981666028499603	0.5012484192848206	-0.2261238545179367	0.6064524054527283	0.5216878652572632	0.5490817427635193	0.26724833250045776	0.11993244290351868	0.26609674096107483	0.4726564586162567	0.2651134729385376	0.3232690393924713	0.37222421169281006	-0.031590212136507034	0.2600429356098175	0.3807186186313629	0.37451356649398804	0.32346153259277344	-0.2742365002632141	0.14736582338809967
NAc-core-rh	-0.07417087256908417	-0.11207235604524612	-0.2716868817806244	0.37005430459976196	0.5049930214881897	0.18801169097423553	-0.06652229279279709	0.2512977421283722	0.0274618212133646	0.27715906500816345	0.41805967688560486	0.6644296646118164	-0.013768795877695084	0.18946430087089539	0.6256475448608398	0.4815991520881653	0.5478639006614685	0.1535574048757553	0.14396344125270844	-0.1233462318778038	0.24265708029270172	0.41956788301467896	1.0	0.31166407465934753	0.32697197794914246	0.23483999073505402	0.11695645749568939	0.21470516920089722	0.019095048308372498	0.1409967839717865	0.07959119975566864	0.29553723335266113	-0.016883574426174164	0.2697144150733948	0.20961952209472656	0.43174293637275696	0.44591566920280457	0.13893075287342072	0.17119719088077545	0.7289427518844604	0.4208928346633911	0.23237812519073486	0.2101033478975296	0.19493982195854187	0.2255638986825943	0.1741277426481247	0.5926241278648376	0.4883686900138855	-0.19995622336864471	0.17190095782279968
pGP-rh	0.21339982748031616	-0.032679345458745956	0.22119930386543274	0.25127309560775757	0.23682914674282074	-0.025774460285902023	-0.03328905627131462	0.17060662806034088	0.0596524141728878	0.48716139793395996	-0.09343032538890839	0.5012590289115906	0.40808025002479553	0.2775510847568512	0.12565360963344574	0.1777319610118866	0.24402394890785217	-0.2255229949951172	0.050004903227090836	-0.045381106436252594	-0.125096395611763	0.2351071685552597	0.31166407465934753	1.0	-0.1001669317483902	0.02132526971399784	-0.21478936076164246	0.0069945137947797775	0.01955828070640564	-0.1439976841211319	0.07999208569526672	0.26024922728538513	-0.14046616852283478	0.13640068471431732	0.41574984788894653	0.4929935932159424	0.044848475605249405	0.10852418094873428	0.0837610736489296	0.3028164207935333	0.2626730799674988	0.4447459876537323	0.08880593627691269	-0.13242939114570618	0.04929918050765991	0.15363328158855438	0.13252882659435272	-0.0006421946454793215	-0.25855010747909546	-0.14934715628623962
aGP-rh	-0.4187374711036682	0.06192988157272339	-0.08822842687368393	0.4641222059726715	0.2770518362522125	-0.4028984010219574	0.1262880116701126	0.1868906170129776	-0.1055266335606575	-0.09734758734703064	0.3095147907733917	0.2788747251033783	-0.3240853548049927	-0.20117507874965668	0.2961438000202179	0.3224019706249237	0.13858073949813843	0.2664985656738281	-0.40733304619789124	-0.04512839391827583	0.5517449975013733	0.515857458114624	0.32697197794914246	-0.1001669317483902	1.0	0.21150492131710052	0.4384276270866394	0.24267053604125977	0.17007935047149658	0.4827405512332916	0.21085794270038605	0.4211175739765167	-0.09331981837749481	0.6630011796951294	0.32261568307876587	0.17365823686122894	0.19582344591617584	0.0629994198679924	0.045951925218105316	0.4117085039615631	0.048704277724027634	0.06580071151256561	0.12314599752426147	-0.19323138892650604	0.044615890830755234	0.5067229866981506	0.46923622488975525	0.6131687164306641	-0.05643627047538757	0.3724179267883301
HIP-head-m-lh	0.19627033174037933	0.2476639300584793	0.12267172336578369	0.2697025239467621	0.3527618944644928	0.22116108238697052	0.20356687903404236	0.29867854714393616	0.2535687983036041	0.3285354971885681	0.35898950695991516	0.30009695887565613	0.24026891589164734	0.21214328706264496	0.3207749128341675	0.2665463984012604	0.1811685413122177	0.3963143527507782	0.03200097754597664	0.3417564332485199	0.19172093272209167	0.3162664771080017	0.23483999073505402	0.02132526971399784	0.21150492131710052	1.0	0.5842050313949585	0.2543538212776184	0.054213520139455795	0.21736480295658112	0.13824887573719025	0.49139341711997986	0.03730948269367218	0.33301234245300293	0.28605905175209045	0.28602662682533264	0.5692116618156433	0.3336549699306488	0.4256655275821686	0.3275754451751709	0.32367458939552307	0.38105595111846924	0.27288004755973816	0.44494912028312683	0.3822506368160248	0.042043834924697876	0.2658311128616333	0.1558411866426468	-0.06304922699928284	0.5929690003395081
HIP-head-l-l	0.21872957050800323	0.4345429241657257	0.20171186327934265	0.3661174774169922	0.255626380443573	-0.02974901907145977	0.5321445465087891	0.5328289270401001	0.31688591837882996	0.19842876493930817	0.37247470021247864	0.2541770339012146	0.04315534234046936	0.3001742362976074	0.28287723660469055	0.27273380756378174	0.1800832599401474	0.4189416766166687	-0.002522338181734085	0.2027972936630249	0.426099568605423	0.445241779088974	0.11695645749568939	-0.21478936076164246	0.4384276270866394	0.5842050313949585	1.0	0.37176042795181274	0.3573000133037567	0.4060462415218353	0.33319053053855896	0.43327441811561584	0.12016575783491135	0.39072170853614807	0.3396734297275543	0.4143841564655304	0.5091633796691895	0.31575819849967957	0.41960716247558594	0.2406529039144516	0.08499326556921005	0.23829180002212524	0.21151678264141083	0.08218628913164139	0.2931981086730957	0.299165815114975	0.18740932643413544	0.20685945451259613	0.05806220695376396	0.3722841143608093
HIP-body-l	0.061209358274936676	-0.025278298184275627	0.07226867973804474	0.29155635833740234	0.026372352614998817	-0.06036830693483353	-0.03197108581662178	0.17821547389030457	0.11550983786582947	0.033720988780260086	0.046504419296979904	0.2694275379180908	0.007504096254706383	0.03164348006248474	0.0783388614654541	0.15278764069080353	-0.14077605307102203	-0.047200050204992294	0.2354394644498825	0.09971334040164948	0.024679381400346756	0.21095973253250122	0.21470516920089722	0.0069945137947797775	0.24267053604125977	0.2543538212776184	0.37176042795181274	1.0	0.4687393307685852	0.3513454794883728	0.36326873302459717	0.08248206973075867	-0.07072166353464127	0.2577257752418518	-0.003849517786875367	0.15773309767246246	0.25889402627944946	0.14477285742759705	0.014264670200645924	0.030324049293994904	-0.05847889930009842	-0.11352965980768204	0.16946811974048615	0.38671016693115234	0.22476723790168762	0.2923496663570404	0.1901133507490158	-0.06747844815254211	0.07150489091873169	0.21136759221553802
HIP-tail-lh	0.22995373606681824	0.2902160584926605	0.39937490224838257	0.24037960171699524	0.0980115458369255	-0.05733320116996765	0.2658708095550537	0.27997180819511414	0.45684659481048584	0.21247871220111847	0.001996280625462532	0.1750936061143875	0.11632616072893143	0.12250585108995438	0.03186951205134392	0.035186540335416794	0.1505793333053589	-0.14229357242584229	0.1827029436826706	0.14373062551021576	0.229525625705719	0.18759320676326752	0.019095048308372498	0.01955828070640564	0.17007935047149658	0.054213520139455795	0.3573000133037567	0.4687393307685852	1.0	0.26338884234428406	0.22238411009311676	0.21610166132450104	-0.05313067138195038	0.2906389832496643	0.1625993549823761	0.43736207485198975	0.10243141651153564	-0.13558948040008545	-0.15742070972919464	0.024587351828813553	0.06452693790197372	0.2826530635356903	0.2488386332988739	0.07031922042369843	0.06376967579126358	0.4696939289569855	0.011696617119014263	0.01660439744591713	-0.21542416512966156	0.20176486670970917
THA-VPm-lh	-0.1123233288526535	-0.04146326705813408	-0.10506698489189148	0.25389784574508667	0.3306758999824524	-0.025876708328723907	0.10980875790119171	0.20412114262580872	0.14788654446601868	-0.12204188853502274	0.2907916009426117	0.22853991389274597	-0.1153622642159462	-0.10890330374240875	0.29671040177345276	0.3202495574951172	-0.007615068461745977	0.12747430801391602	-0.025835221633315086	0.22390902042388916	0.35146600008010864	0.1325199156999588	0.1409967839717865	-0.1439976841211319	0.4827405512332916	0.21736480295658112	0.4060462415218353	0.3513454794883728	0.26338884234428406	1.0	0.4855128526687622	0.18669995665550232	0.35464006662368774	0.46022024750709534	0.2997559905052185	0.20846839249134064	0.3250018060207367	0.27779319882392883	0.1218688040971756	0.2806624472141266	0.11235596239566803	0.2124769687652588	0.15147072076797485	0.17810972034931183	0.28185731172561646	0.4855906367301941	0.46044766902923584	0.34849557280540466	0.2980509400367737	0.3784608840942383
THA-VPl-lh	-0.00798217672854662	-0.2665463984012604	0.12410154193639755	0.3050763010978699	0.20892708003520966	-0.06836061179637909	0.07725614309310913	0.26593151688575745	0.09985167533159256	0.2054273933172226	-0.17187435925006866	0.46132585406303406	-0.1628497689962387	0.06846586614847183	0.04438704997301102	0.01618967205286026	-0.11077791452407837	-0.18702827394008636	0.24930912256240845	0.15830104053020477	0.05598125606775284	0.2981666028499603	0.07959119975566864	0.07999208569526672	0.21085794270038605	0.13824887573719025	0.33319053053855896	0.36326873302459717	0.22238411009311676	0.4855128526687622	1.0	0.4134666621685028	0.11714918166399002	0.5438377857208252	0.5086525678634644	0.364170104265213	0.12610051035881042	0.04724668338894844	0.033934324979782104	0.021461280062794685	-0.18346689641475677	0.1696341335773468	0.1364697515964508	0.27525508403778076	0.2281966507434845	0.48697078227996826	0.1666906625032425	0.02983173169195652	1.401048393745441e-05	-0.0008616420673206449
THA-VAi-lh	-0.01983189769089222	0.12557269632816315	0.1949709802865982	0.3208751976490021	0.5386090278625488	-0.032346442341804504	0.2955862581729889	0.5263495445251465	0.2464403510093689	0.4509836733341217	0.16928733885288239	0.49594375491142273	0.03814583271741867	0.1715182214975357	0.29967984557151794	0.1561974287033081	0.21236425638198853	0.08613168448209763	0.03709139674901962	0.13135123252868652	0.251375287771225	0.5012484192848206	0.29553723335266113	0.26024922728538513	0.4211175739765167	0.49139341711997986	0.43327441811561584	0.08248206973075867	0.21610166132450104	0.18669995665550232	0.4134666621685028	1.0	-0.04731282219290733	0.5952469706535339	0.5588006377220154	0.43272602558135986	0.19416648149490356	-0.015489945188164711	0.16387350857257843	0.44426244497299194	0.21175724267959595	0.4163999855518341	0.22851577401161194	0.08270572125911713	0.27848702669143677	0.3895212411880493	0.27482789754867554	0.40804094076156616	-0.27890753746032715	0.27429449558258057
THA-VAs-lh	0.2763596177101135	0.16650357842445374	-0.18553100526332855	-0.06515387445688248	0.17653198540210724	0.28803551197052	0.19354483485221863	0.43344834446907043	0.30389249324798584	-0.015520274639129639	0.3417055308818817	-0.06567186862230301	0.2376125305891037	0.25182080268859863	0.460167795419693	0.3860558569431305	0.29908719658851624	0.29113009572029114	-0.03075476363301277	0.145099937915802	0.03772801160812378	-0.2261238545179367	-0.016883574426174164	-0.14046616852283478	-0.09331981837749481	0.03730948269367218	0.12016575783491135	-0.07072166353464127	-0.05313067138195038	0.35464006662368774	0.11714918166399002	-0.04731282219290733	1.0	-0.17140205204486847	0.10102715343236923	0.030339783057570457	0.47306028008461	0.6100223064422607	0.47159454226493835	0.1390993893146515	0.37650519609451294	0.3177943527698517	0.055797625333070755	0.007827624678611755	0.20661170780658722	-0.05074681341648102	0.11743887513875961	0.12128494679927826	0.34527912735939026	0.29211199283599854
THA-DAm-lh	-0.13080431520938873	-0.05245974287390709	0.2370084822177887	0.5234396457672119	0.2962533235549927	-0.28932031989097595	0.113679900765419	0.28072991967201233	0.08619757741689682	0.24803607165813446	0.09625470638275146	0.5558711290359497	-0.03899243846535683	0.09244833141565323	0.19975462555885315	0.24265500903129578	0.19626881182193756	0.06337115168571472	-0.04090883955359459	0.10081365704536438	0.43135789036750793	0.6064524054527283	0.2697144150733948	0.13640068471431732	0.6630011796951294	0.33301234245300293	0.39072170853614807	0.2577257752418518	0.2906389832496643	0.46022024750709534	0.5438377857208252	0.5952469706535339	-0.17140205204486847	1.0	0.5828166604042053	0.4656880795955658	0.10381064563989639	-0.06372638046741486	0.053456131368875504	0.39241108298301697	0.02294624224305153	0.30419474840164185	0.34708520770072937	0.011184612289071083	0.18371663987636566	0.6254490613937378	0.3101739287376404	0.3780396580696106	-0.29992735385894775	0.16197167336940765
THA-DAl-lh	0.17261984944343567	0.12843886017799377	0.30161771178245544	0.40429019927978516	0.3512853980064392	-0.13694827258586884	0.29425808787345886	0.49498000741004944	0.26691126823425293	0.5588124990463257	0.07997457683086395	0.5013064742088318	0.18173345923423767	0.274368554353714	0.31697145104408264	0.3447745740413666	0.2684137523174286	0.04874938353896141	0.011685625649988651	0.058142926543951035	0.3248295485973358	0.5216878652572632	0.20961952209472656	0.41574984788894653	0.32261568307876587	0.28605905175209045	0.3396734297275543	-0.003849517786875367	0.1625993549823761	0.2997559905052185	0.5086525678634644	0.5588006377220154	0.10102715343236923	0.5828166604042053	1.0	0.529789388179779	0.2797304093837738	0.14816074073314667	0.2527708411216736	0.4111711084842682	0.22968441247940063	0.4512486755847931	0.11803127080202103	-0.010377096943557262	0.11146021634340286	0.43365806341171265	0.24311763048171997	0.24760738015174866	-0.11509336531162262	0.07365815341472626
PUT-VA-lh	0.33791396021842957	0.2954195439815521	0.21772614121437073	0.3962852656841278	0.4210570156574249	0.04571232944726944	0.3803642988204956	0.5590811371803284	0.43049725890159607	0.5739947557449341	0.2891073226928711	0.7077438831329346	0.32590407133102417	0.5332091450691223	0.4396716356277466	0.4182029068470001	0.5130680799484253	0.16723236441612244	0.13831020891666412	0.05365073308348656	0.3448072671890259	0.5490817427635193	0.43174293637275696	0.4929935932159424	0.17365823686122894	0.28602662682533264	0.4143841564655304	0.15773309767246246	0.43736207485198975	0.20846839249134064	0.364170104265213	0.43272602558135986	0.030339783057570457	0.4656880795955658	0.529789388179779	1.0	0.5112119913101196	0.2247791290283203	0.2619234323501587	0.48297247290611267	0.4790688157081604	0.7114432454109192	0.3027331233024597	-0.06687726080417633	0.2296416163444519	0.5179014205932617	0.29121050238609314	0.14039726555347443	-0.40651941299438477	0.13327059149742126
PUT-DA-l	0.3200381398200989	0.36626461148262024	-0.16331039369106293	0.33315908908843994	0.4659934937953949	0.3123347759246826	0.36831265687942505	0.5292514562606812	0.39439284801483154	0.2988612949848175	0.595099151134491	0.41641977429389954	0.2963896691799164	0.4756847023963928	0.7269076704978943	0.6109740138053894	0.5367245078086853	0.6437536478042603	-0.07015620172023773	0.17813259363174438	0.28710174560546875	0.26724833250045776	0.44591566920280457	0.044848475605249405	0.19582344591617584	0.5692116618156433	0.5091633796691895	0.25889402627944946	0.10243141651153564	0.3250018060207367	0.12610051035881042	0.19416648149490356	0.47306028008461	0.10381064563989639	0.2797304093837738	0.5112119913101196	1.0	0.7001726627349854	0.6746863126754761	0.4729832708835602	0.6012052893638611	0.5135491490364075	0.237839475274086	0.18856114149093628	0.34109562635421753	0.07418406754732132	0.43464645743370056	0.1878540813922882	0.03123869001865387	0.5169559121131897
PUT-VP-lh	0.2818353772163391	0.3645613193511963	-0.12740233540534973	0.14019975066184998	0.24477286636829376	0.2636907994747162	0.28975293040275574	0.46408799290657043	0.21539489924907684	0.08905954658985138	0.6030965447425842	0.2020072340965271	0.43586665391921997	0.42336052656173706	0.6170157790184021	0.6894643902778625	0.36128416657447815	0.504382312297821	-0.22835204005241394	0.22251677513122559	0.13491365313529968	0.11993244290351868	0.13893075287342072	0.10852418094873428	0.0629994198679924	0.3336549699306488	0.31575819849967957	0.14477285742759705	-0.13558948040008545	0.27779319882392883	0.04724668338894844	-0.015489945188164711	0.6100223064422607	-0.06372638046741486	0.14816074073314667	0.2247791290283203	0.7001726627349854	1.0	0.7578026652336121	0.36956799030303955	0.5405125021934509	0.37137463688850403	0.23535801470279694	-0.05775917321443558	0.3470223844051361	-0.08303125202655792	0.33991846442222595	0.19580912590026855	0.24688586592674255	0.320249080657959
PUT-DP-lh	0.2644452452659607	0.3195587992668152	0.1321984976530075	0.2662610113620758	0.3756808936595917	0.2946816682815552	0.3684537410736084	0.5638834834098816	0.2608981132507324	0.25018662214279175	0.5719149112701416	0.31537649035453796	0.4683651924133301	0.5545003414154053	0.5178163647651672	0.648984432220459	0.4673527479171753	0.7036876082420349	-0.2573140561580658	0.19499285519123077	0.2744903564453125	0.26609674096107483	0.17119719088077545	0.0837610736489296	0.045951925218105316	0.4256655275821686	0.41960716247558594	0.014264670200645924	-0.15742070972919464	0.1218688040971756	0.033934324979782104	0.16387350857257843	0.47159454226493835	0.053456131368875504	0.2527708411216736	0.2619234323501587	0.6746863126754761	0.7578026652336121	1.0	0.3551262319087982	0.4440477788448334	0.3990565538406372	0.2877989113330841	-0.023301471024751663	0.4354197680950165	-0.1677044779062271	0.22192978858947754	0.21224859356880188	0.09669352322816849	0.15323887765407562
CAU-VA-lh	0.016905060037970543	0.14484639465808868	-0.08239638060331345	0.34015339612960815	0.5511148571968079	0.11115927249193192	0.11416196823120117	0.4546419084072113	0.06713178008794785	0.26086869835853577	0.5606167316436768	0.5743723511695862	0.17374366521835327	0.33394578099250793	0.8023218512535095	0.7187316417694092	0.63205486536026	0.3245903551578522	-0.1417333036661148	-0.08469033241271973	0.44694530963897705	0.4726564586162567	0.7289427518844604	0.3028164207935333	0.4117085039615631	0.3275754451751709	0.2406529039144516	0.030324049293994904	0.024587351828813553	0.2806624472141266	0.021461280062794685	0.44426244497299194	0.1390993893146515	0.39241108298301697	0.4111711084842682	0.48297247290611267	0.4729832708835602	0.36956799030303955	0.3551262319087982	1.0	0.7185608148574829	0.45286956429481506	0.29624074697494507	-0.0789046436548233	0.25118666887283325	0.3028806447982788	0.5199459791183472	0.6403862833976746	-0.2968672811985016	0.20834499597549438
