Node	DMN_LABEL_1	Vis_LABEL_2	FP_LABEL_3	Aud_LABEL_4	Tpole_LABEL_5	PMN_LABEL_6	PON_LABEL_7	MTL_LABEL_8	PON_LABEL_9	CO_LABEL_10	Sal_LABEL_11	CO_LABEL_12	SMd_LABEL_13	SMl_LABEL_14	DAN_LABEL_15	DMN_LABEL_16	CO_LABEL_17	DMN_LABEL_18	VAN_LABEL_19	CO_LABEL_20	CO_LABEL_21	Sal_LABEL_22	DAN_LABEL_23	PMN_LABEL_24	DAN_LABEL_25	DMN_LABEL_26	DMN_LABEL_27	DMN_LABEL_28	Vis_LABEL_29	FP_LABEL_30	Aud_LABEL_31	Tpole_LABEL_32	PMN_LABEL_33	PON_LABEL_34	MTL_LABEL_35	CO_LABEL_36	Sal_LABEL_37	CO_LABEL_38	SMd_LABEL_39	SMl_LABEL_40	DAN_LABEL_41	CO_LABEL_42	VAN_LABEL_43	CO_LABEL_44	CO_LABEL_45	Sal_LABEL_46	DAN_LABEL_47	PMN_LABEL_48	DAN_LABEL_49	DMN_LABEL_50	FP_LABEL_51	DMN_LABEL_52	DMN_LABEL_53	PON_LABEL_54	DMN_LABEL_55	Tpole_LABEL_56	Tpole_LABEL_57	Sal_LABEL_58	Sal_LABEL_59	SMd_LABEL_60	DAN_LABEL_61	FP_LABEL_62	DMN_LABEL_63	FP_LABEL_64	FP_LABEL_65	SMd_LABEL_66	SMl_LABEL_67	SMd_LABEL_68	DMN_LABEL_69	DAN_LABEL_70	DMN_LABEL_71	FP_LABEL_72	SMd_LABEL_73	SMl_LABEL_74	MTL_LABEL_75	MTL_LABEL_76	CO_LABEL_77	CO_LABEL_78	Vis_LABEL_79	Vis_LABEL_80
DMN_LABEL_1	1.0	-0.4406186640262604	-0.15882126986980438	0.364540159702301	0.24677608907222748	0.36274799704551697	0.42443379759788513	n/a	-0.16051343083381653	-0.5507930517196655	0.018988056108355522	-0.5265799164772034	-0.1579974740743637	-0.012960823252797127	-0.08371249586343765	0.8610031008720398	-0.46716979146003723	0.8097780346870422	-0.17141059041023254	-0.34027472138404846	-0.37386515736579895	-0.09163985401391983	-0.5580453276634216	0.1401263028383255	-0.5527933239936829	0.6401980519294739	0.6837509274482727	0.5963037610054016	-0.3504140079021454	0.02944514900445938	0.3133736550807953	0.2526322603225708	0.2781198024749756	0.29444751143455505	n/a	-0.3289130628108978	-0.08934585005044937	-0.45112064480781555	-0.09196411818265915	-0.04153185710310936	-0.22945357859134674	-0.4122660458087921	-0.07470832020044327	-0.24170944094657898	-0.06943080574274063	-0.00037165984394960105	-0.6148358583450317	0.29042935371398926	-0.48766329884529114	0.4887029528617859	-0.6045972108840942	0.6376009583473206	0.4077828824520111	0.14675851166248322	0.46980926394462585	0.14368949830532074	0.3421819806098938	-0.33115872740745544	-0.24936318397521973	-0.10672813653945923	-0.3940446376800537	-0.2984839975833893	0.516464352607727	-0.14864665269851685	-0.07367783039808273	0.31902173161506653	-0.04193691909313202	-0.05917726084589958	0.4103333055973053	-0.21813327074050903	0.5065512657165527	-0.4859124720096588	-0.19156093895435333	-0.029121944680809975	0.3934764564037323	0.4457743465900421	-0.26039841771125793	-0.04737738519906998	-0.14283621311187744	-0.3341408371925354
Vis_LABEL_2	-0.4406186640262604	1.0	-0.34128835797309875	-0.3629474937915802	-0.15859007835388184	-0.4993757903575897	-0.0746535211801529	n/a	0.700361967086792	-0.06899573653936386	-0.013717792928218842	0.1112566739320755	0.23326757550239563	-0.26037725806236267	0.17217184603214264	-0.47439897060394287	-0.21090693771839142	-0.19230957329273224	0.052208755165338516	-0.1379300057888031	-0.3252221941947937	0.05991461127996445	0.41773170232772827	-0.5525530576705933	0.3267807364463806	-0.18277814984321594	-0.16663050651550293	-0.07345309108495712	0.9590244293212891	-0.6267282962799072	-0.2735326290130615	-0.30843544006347656	-0.5034716129302979	-0.10033262521028519	n/a	-0.3424025774002075	-0.19476379454135895	-0.1644340306520462	0.235134094953537	-0.20442892611026764	0.16541112959384918	-0.18129770457744598	-0.40279388427734375	-0.2293146252632141	-0.5932868719100952	-0.2265855222940445	-0.05665623024106026	-0.5597366094589233	0.43843138217926025	-0.5073416233062744	0.05459640920162201	-0.21095101535320282	-0.1788346767425537	0.579447329044342	-0.40893086791038513	-0.3882206976413727	-0.3811633288860321	0.1246311217546463	0.02050759270787239	-0.07012588530778885	0.02436314895749092	-0.2822490930557251	-0.2668312191963196	-0.3846055269241333	-0.2858923375606537	-0.4428369402885437	-0.07843729108572006	-0.058591533452272415	-0.1425340473651886	-0.11504274606704712	-0.08286207169294357	0.14582176506519318	-0.029921500012278557	0.1476181298494339	-0.20519979298114777	-0.10780580341815948	0.05855783075094223	-0.2905367612838745	0.542239248752594	0.5569138526916504
FP_LABEL_3	-0.15882126986980438	-0.34128835797309875	1.0	-0.1815619021654129	-0.4233756363391876	0.4927777647972107	0.41100358963012695	n/a	-0.0724618062376976	0.34537360072135925	-0.13104023039340973	0.2431037575006485	-0.6064350605010986	-0.2509998381137848	0.1701999008655548	-0.13595518469810486	0.6810002326965332	-0.463372141122818	-0.520436704158783	0.563754141330719	0.6065449118614197	-0.08832839131355286	0.154030442237854	0.5894309878349304	0.2998100519180298	-0.32975804805755615	-0.5399678945541382	-0.4385075569152832	-0.2922474443912506	0.4880110025405884	-0.19256292283535004	-0.4941653609275818	0.4175538718700409	0.48236238956451416	n/a	0.45003849267959595	-0.21515662968158722	0.15918129682540894	-0.3058747947216034	-0.27425411343574524	0.10280027240514755	0.6051263213157654	-0.07939652353525162	0.6684802770614624	0.5489945411682129	-0.2042418271303177	0.4330722391605377	0.5475736856460571	0.0912524163722992	0.20706474781036377	0.4159141480922699	-0.4315243661403656	-0.5583018660545349	-0.21225236356258392	-0.42761391401290894	0.05203789100050926	-0.07411608099937439	-0.14309453964233398	-0.36356478929519653	0.42860686779022217	0.3476458191871643	0.5166090726852417	-0.09164636582136154	0.34112444519996643	0.5714893341064453	0.23383943736553192	-0.09129540622234344	0.23742587864398956	-0.01409820094704628	0.43405845761299133	-0.33450621366500854	0.20654037594795227	0.14553596079349518	-0.32915228605270386	0.23303648829460144	0.03242414444684982	-0.2792155146598816	-0.06530056893825531	-0.3078194558620453	-0.06821665167808533
Aud_LABEL_4	0.364540159702301	-0.3629474937915802	-0.1815619021654129	1.0	0.5987901091575623	0.1591830998659134	0.13060244917869568	n/a	-0.24122044444084167	-0.3419319689273834	-0.3874635100364685	-0.5065371990203857	0.08713115006685257	0.6385604739189148	0.05178409814834595	0.13342471420764923	-0.05521969124674797	0.28182727098464966	-0.06069023162126541	-0.05669764429330826	0.008635633625090122	-0.23416507244110107	-0.12158917635679245	-0.04128323867917061	-0.15523777902126312	-0.0399174802005291	0.45764225721359253	-0.041824933141469955	-0.31492534279823303	-0.02090933732688427	0.9560593962669373	0.5007813572883606	0.09850088506937027	0.09593036025762558	n/a	-0.26434648036956787	-0.23173324763774872	-0.12495528906583786	-0.12915171682834625	0.5129417777061462	-0.13161540031433105	-0.040847696363925934	0.25061196088790894	0.033796533942222595	0.18777915835380554	-0.20979897677898407	-0.3343203067779541	0.193268820643425	-0.17707960307598114	0.30707043409347534	-0.34755605459213257	0.5423110127449036	0.6327922940254211	-0.02964971959590912	0.5371717810630798	0.47483450174331665	0.42409995198249817	-0.16515898704528809	-0.13363759219646454	0.05383685231208801	-0.2999646067619324	-0.2685539424419403	0.08177275210618973	0.010318443179130554	0.0704970583319664	0.1719316840171814	0.0054243081249296665	-0.18873539566993713	0.31301450729370117	-0.3460090458393097	0.022668998688459396	-0.1338314265012741	-0.07593187689781189	0.29667872190475464	0.23709173500537872	0.4205006957054138	-0.05421795696020126	0.06909996271133423	-0.015594078227877617	-0.39177075028419495
Tpole_LABEL_5	0.24677608907222748	-0.15859007835388184	-0.4233756363391876	0.5987901091575623	1.0	0.06874403357505798	-0.0861247107386589	n/a	-0.2732938230037689	-0.4811320900917053	-0.0010200005490332842	-0.5445345640182495	0.38420799374580383	0.5918082594871521	0.06699701398611069	0.07762899994850159	-0.287714421749115	0.32697543501853943	0.20449340343475342	-0.10326281189918518	-0.20566439628601074	0.0831560268998146	-0.2665218412876129	-0.01542122196406126	-0.26352596282958984	0.10622427612543106	0.4436129927635193	0.04062006622552872	-0.16004566848278046	-0.1876678317785263	0.5459112524986267	0.7775636315345764	0.10001834481954575	-0.08690619468688965	n/a	-0.3984984755516052	-0.03936450928449631	-0.26152434945106506	0.1346282809972763	0.5452721118927002	0.16414853930473328	-0.22662976384162903	0.146959587931633	-0.24911698698997498	-0.19075536727905273	-0.04299323260784149	-0.27242806553840637	0.02961546555161476	-0.12020579725503922	0.0786016434431076	-0.21646900475025177	0.44618311524391174	0.5271610021591187	-0.04525179788470268	0.404903769493103	0.6194320321083069	0.7098461985588074	-0.2410668432712555	-0.18325534462928772	-0.3393940031528473	-0.4780948758125305	-0.4282969534397125	-0.06914485991001129	-0.11832256615161896	0.036799512803554535	0.326295405626297	0.18965795636177063	-0.2515701949596405	0.16631022095680237	-0.5088205933570862	0.20487049221992493	-0.43262991309165955	0.17773665487766266	0.33772000670433044	0.18322336673736572	0.3570328950881958	-0.17588213086128235	-0.08878298103809357	0.18182773888111115	0.09066624194383621
PMN_LABEL_6	0.36274799704551697	-0.4993757903575897	0.4927777647972107	0.1591830998659134	0.06874403357505798	1.0	0.6235039830207825	n/a	-0.3115229606628418	-0.03825036808848381	0.11509693413972855	-0.24860912561416626	-0.2912869155406952	-0.04983155429363251	0.3908752202987671	0.28942936658859253	0.2178703099489212	0.06868728995323181	-0.4772298038005829	0.4317159950733185	0.4963957667350769	0.09684071689844131	-0.35651835799217224	0.8776699900627136	-0.4273433983325958	0.168474018573761	-0.006540418136864901	-0.13957926630973816	-0.38365817070007324	0.23051197826862335	0.184084951877594	-0.0879463255405426	0.9580721259117126	0.5050423741340637	n/a	0.2599441111087799	-0.13313086330890656	-0.1512576937675476	-0.22064274549484253	-0.08207354694604874	0.20407617092132568	0.2775736451148987	-0.08387508988380432	0.4790551960468292	0.5512094497680664	0.06363967806100845	-0.06911895424127579	0.8801952600479126	-0.41295120120048523	0.16641511023044586	-0.08886460959911346	-0.03409196436405182	-0.3577989339828491	-0.2802359461784363	-0.17216548323631287	0.15486927330493927	0.36191821098327637	-0.3294452130794525	-0.46168509125709534	0.18569453060626984	-0.1458301544189453	0.23705710470676422	-0.020892389118671417	-0.06893988698720932	0.5019285082817078	0.5657088160514832	-0.056715525686740875	0.07291760295629501	0.10027984529733658	-0.03939240425825119	-0.09869116544723511	-0.4143899977207184	-0.14373277127742767	-0.18765991926193237	0.672608494758606	0.4362746775150299	-0.36114317178726196	-0.06013735011219978	-0.18303978443145752	-0.3890892565250397
PON_LABEL_7	0.42443379759788513	-0.0746535211801529	0.41100358963012695	0.13060244917869568	-0.0861247107386589	0.6235039830207825	1.0	n/a	0.30711424350738525	-0.12793868780136108	-0.04249889403581619	-0.1615912914276123	-0.4492298662662506	-0.3870863616466522	0.26247844099998474	0.22343896329402924	0.1425117403268814	0.15494728088378906	-0.6340002417564392	0.26402944326400757	0.20507292449474335	-0.04600048437714577	-0.19890601933002472	0.4691446125507355	-0.23514504730701447	-0.03791436553001404	0.010762855410575867	-0.11880399286746979	0.018761880695819855	-0.03637111186981201	0.13573269546031952	-0.2320653796195984	0.521431565284729	0.9233899712562561	n/a	0.021094929426908493	-0.32035213708877563	-0.2885597050189972	-0.30525702238082886	-0.4406924843788147	-0.06152774766087532	0.20374558866024017	-0.21368356049060822	0.4047994315624237	0.272127240896225	-0.2097122073173523	-0.23816388845443726	0.6559306383132935	-0.28912603855133057	0.4022872745990753	-0.30714738368988037	0.14275790750980377	-0.31056833267211914	0.4174140691757202	-0.08414731174707413	-0.06305227428674698	0.1273028552532196	-0.3188009560108185	-0.5823706984519958	0.36011388897895813	-0.041034996509552	0.01651931367814541	0.17993800342082977	-0.05796337500214577	0.34991779923439026	0.2480987012386322	-0.168659508228302	0.05565815791487694	0.13826951384544373	0.06579281389713287	-0.11398441344499588	-0.28880271315574646	-0.09303373098373413	-0.0812983587384224	0.5961170196533203	0.6758708953857422	-0.42964065074920654	-0.2761349081993103	-0.03154049068689346	-0.01669572852551937
MTL_LABEL_8	n/a	n/a	n/a	n/a	n/a	n/a	n/a	1.0	n/a	n/a	n/a	n/a	n/a	n/a	n/a	n/a	n/a	n/a	n/a	n/a	n/a	n/a	n/a	n/a	n/a	n/a	n/a	n/a	n/a	n/a	n/a	n/a	n/a	n/a	n/a	n/a	n/a	n/a	n/a	n/a	n/a	n/a	n/a	n/a	n/a	n/a	n/a	n/a	n/a	n/a	n/a	n/a	n/a	n/a	n/a	n/a	n/a	n/a	n/a	n/a	n/a	n/a	n/a	n/a	n/a	n/a	n/a	n/a	n/a	n/a	n/a	n/a	n/a	n/a	n/a	n/a	n/a	n/a	n/a	n/a
PON_LABEL_9	-0.16051343083381653	0.700361967086792	-0.0724618062376976	-0.24122044444084167	-0.2732938230037689	-0.3115229606628418	0.30711424350738525	n/a	1.0	0.0023190572392195463	-0.005643015261739492	0.1447351723909378	-0.15164145827293396	-0.4741719961166382	0.18242232501506805	-0.31189578771591187	-0.11792755126953125	-0.15119615197181702	-0.247294083237648	-0.1473008543252945	-0.2861174941062927	-0.026408793404698372	0.370483934879303	-0.37490642070770264	0.36061179637908936	-0.11984150856733322	-0.19156335294246674	-0.08137485384941101	0.719085156917572	-0.565085232257843	-0.22084003686904907	-0.4120480716228485	-0.3428364396095276	0.3533923327922821	n/a	-0.16399763524532318	-0.2420675903558731	-0.25042349100112915	-0.05601777881383896	-0.5016818642616272	0.09005864709615707	-0.11612975597381592	-0.4266788363456726	-0.07902144640684128	-0.44743016362190247	-0.2743178606033325	0.011297651566565037	-0.28811848163604736	0.3949502110481262	-0.10058455169200897	-0.05716008320450783	-0.1007501408457756	-0.22806349396705627	0.7689720988273621	-0.24739325046539307	-0.24028801918029785	-0.43537235260009766	-0.042854830622673035	-0.24231162667274475	0.1374836415052414	0.14303907752037048	-0.2821742594242096	-0.13339342176914215	-0.19812852144241333	-0.2654959261417389	-0.4465906620025635	-0.20479533076286316	-0.09631691128015518	-0.0458771251142025	0.0978943258523941	-0.13629844784736633	0.004117235541343689	-0.1741073727607727	-0.077028788626194	-0.015869630500674248	0.09783665090799332	-0.1767490953207016	-0.3937278091907501	0.35528692603111267	0.41531696915626526
CO_LABEL_10	-0.5507930517196655	-0.06899573653936386	0.34537360072135925	-0.3419319689273834	-0.4811320900917053	-0.03825036808848381	-0.12793868780136108	n/a	0.0023190572392195463	1.0	0.2825886011123657	0.7966728806495667	-0.3812536895275116	-0.2645302414894104	-0.3306958079338074	-0.45984533429145813	0.5562826991081238	-0.5744983553886414	0.22258341312408447	0.28469184041023254	0.5982044339179993	0.22826869785785675	0.12808240950107574	0.17110441625118256	0.15657638013362885	-0.4762730598449707	-0.6057331562042236	-0.3085830807685852	-0.0670747384428978	0.3105628490447998	-0.3458612859249115	-0.26912784576416016	0.0367424413561821	0.042997896671295166	n/a	0.7716931104660034	0.44046974182128906	0.6159283518791199	-0.41818466782569885	-0.280636191368103	-0.32215434312820435	0.5011589527130127	0.3588958978652954	0.2987561821937561	0.4312225580215454	0.3149072229862213	0.5213470458984375	0.08883495628833771	-0.08808258920907974	-0.14586077630519867	0.2980723977088928	-0.5397710204124451	-0.4918757975101471	-0.12441707402467728	-0.10342027992010117	-0.2499859631061554	-0.43634194135665894	0.5883739590644836	0.31906265020370483	0.4821673631668091	0.5567044615745544	0.45345816016197205	-0.3833684027194977	0.2639645040035248	-0.011747957207262516	-0.21024174988269806	0.10425963997840881	-0.010640484280884266	-0.40378621220588684	0.4221186339855194	-0.647650957107544	0.4944581687450409	-0.19320906698703766	-0.028911521658301353	-0.16649304330348969	-0.3007868230342865	0.4670678377151489	0.3814152479171753	-0.3336734175682068	-0.019152933731675148
Sal_LABEL_11	0.018988056108355522	-0.013717792928218842	-0.13104023039340973	-0.3874635100364685	-0.0010200005490332842	0.11509693413972855	-0.04249889403581619	n/a	-0.005643015261739492	0.2825886011123657	1.0	0.3475791811943054	-0.2025277316570282	-0.16554094851016998	-0.24063584208488464	0.044080041348934174	-0.23375408351421356	0.07326551526784897	0.37237077951431274	-0.2943384349346161	-0.10806765407323837	0.7328343987464905	-0.5107401013374329	0.18578921258449554	-0.44509726762771606	0.3325822353363037	-0.07866253703832626	0.24092420935630798	0.018469853326678276	0.1017911434173584	-0.47738370299339294	-0.022378362715244293	0.23746898770332336	0.014921629801392555	n/a	0.2705524265766144	0.7408460974693298	-0.053931303322315216	-0.3374972343444824	-0.14588193595409393	-0.16275081038475037	-0.334602952003479	0.12418566644191742	-0.3743794858455658	-0.21989013254642487	0.6722067594528198	0.0271266158670187	0.14774289727210999	-0.3457835018634796	-0.16419264674186707	-0.012067520059645176	-0.20113667845726013	-0.29771021008491516	-0.026562388986349106	0.10469241440296173	-0.03291742876172066	0.02426425740122795	0.4883236289024353	0.3955368995666504	-0.2734050750732422	-0.06568264961242676	0.12896215915679932	-0.20125812292099	-0.16583222150802612	-0.17087726294994354	0.2866622507572174	0.3178057372570038	-0.340310662984848	-0.16374839842319489	0.07808393985033035	-0.07703293114900589	-0.22561801970005035	-0.012315191328525543	0.2612236738204956	-0.04504138603806496	-0.26770806312561035	0.31693628430366516	0.37867751717567444	-0.296539843082428	0.17879091203212738
CO_LABEL_12	-0.5265799164772034	0.1112566739320755	0.2431037575006485	-0.5065371990203857	-0.5445345640182495	-0.24860912561416626	-0.1615912914276123	n/a	0.1447351723909378	0.7966728806495667	0.3475791811943054	1.0	-0.38566315174102783	-0.25620779395103455	-0.4582664370536804	-0.4084497094154358	0.5274600386619568	-0.5756078362464905	0.17307129502296448	0.1361558586359024	0.41177135705947876	0.4147762358188629	0.0407763347029686	0.029648590832948685	0.15509414672851562	-0.49690818786621094	-0.6613710522651672	-0.2688343822956085	0.09770998358726501	0.28205883502960205	-0.515682578086853	-0.32602959871292114	-0.18712687492370605	0.005357281770557165	n/a	0.6817673444747925	0.4685712158679962	0.7254323363304138	-0.4197661280632019	-0.17698781192302704	-0.40859758853912354	0.4169989824295044	0.4366047978401184	0.1982186883687973	0.20510873198509216	0.35975271463394165	0.537496030330658	-0.019930364564061165	-0.06683644652366638	0.05263591930270195	0.24492092430591583	-0.6337348818778992	-0.5268244743347168	-0.022817116230726242	-0.05553868040442467	-0.42454075813293457	-0.3641718924045563	0.687384307384491	0.41792741417884827	0.20501355826854706	0.7012060880661011	0.5377340316772461	-0.1504708230495453	0.3550402522087097	-0.040063321590423584	-0.38141316175460815	0.3973374366760254	0.01687072217464447	-0.39949482679367065	0.5896505117416382	-0.5256242156028748	0.45209479331970215	0.012629000470042229	0.2145335078239441	-0.4847593605518341	-0.5183843374252319	0.41888725757598877	0.3278127908706665	-0.3209148049354553	0.20905931293964386
SMd_LABEL_13	-0.1579974740743637	0.23326757550239563	-0.6064350605010986	0.08713115006685257	0.38420799374580383	-0.2912869155406952	-0.4492298662662506	n/a	-0.15164145827293396	-0.3812536895275116	-0.2025277316570282	-0.38566315174102783	1.0	0.33526289463043213	0.1281788945198059	-0.0123802674934268	-0.3329412639141083	0.19543273746967316	0.29770389199256897	-0.07146166265010834	-0.2802041471004486	-0.25584888458251953	0.14212661981582642	-0.28699398040771484	-0.0201218631118536	0.13515479862689972	0.2755737900733948	0.03155595809221268	0.09206876158714294	-0.38320809602737427	0.1667381227016449	0.42680948972702026	-0.25322961807250977	-0.5576035380363464	n/a	-0.41234052181243896	-0.07150641828775406	-0.11310368776321411	0.8062669634819031	0.378145307302475	0.31634730100631714	-0.19914034008979797	-0.11331436783075333	-0.24497446417808533	-0.26373717188835144	-0.055402547121047974	-0.12737838923931122	-0.4212495982646942	0.18016664683818817	-0.35600894689559937	-0.03913865610957146	0.24485743045806885	0.31340840458869934	-0.21356748044490814	-0.01018646638840437	0.08128134161233902	0.18109314143657684	-0.2743966281414032	0.12775005400180817	-0.29128822684288025	-0.3489651679992676	-0.3070683479309082	0.02890467457473278	-0.2158365696668625	-0.18577779829502106	-0.048629410564899445	-0.08192829042673111	0.22968387603759766	0.1352262943983078	-0.2871055006980896	0.32018664479255676	-0.08717047423124313	0.2231055349111557	-0.07636693120002747	-0.16380450129508972	-0.06368057429790497	0.005276094190776348	-0.149505153298378	0.42923882603645325	0.06674247235059738
SMl_LABEL_14	-0.012960823252797127	-0.26037725806236267	-0.2509998381137848	0.6385604739189148	0.5918082594871521	-0.04983155429363251	-0.3870863616466522	n/a	-0.4741719961166382	-0.2645302414894104	-0.16554094851016998	-0.25620779395103455	0.33526289463043213	1.0	-0.019531527534127235	-0.09385476261377335	-0.025236640125513077	0.06069428101181984	0.2529815435409546	-0.08039681613445282	-0.02239835448563099	0.05033174529671669	-0.10887041687965393	-0.0984264686703682	-0.09459203481674194	-0.05496800318360329	0.1823958158493042	-0.09188585728406906	-0.2506943643093109	0.15154896676540375	0.5845907926559448	0.4911336600780487	-0.06536358594894409	-0.3411715030670166	n/a	-0.2266014963388443	0.015925217419862747	0.041358280926942825	0.09516393393278122	0.9343729019165039	0.0426970012485981	-0.05619858577847481	0.3255036771297455	-0.15052583813667297	0.018393566831946373	-0.006130286492407322	-0.09830452501773834	-0.018952613696455956	-0.04103657975792885	0.09562947601079941	-0.060499418526887894	0.2001871019601822	0.5487616658210754	-0.37369829416275024	0.3415921926498413	0.40103188157081604	0.5060127973556519	0.031717799603939056	0.19151097536087036	-0.3430439233779907	-0.34326738119125366	-0.07410570234060287	0.02743634581565857	0.04541761055588722	0.12426341325044632	0.20461903512477875	0.33196336030960083	-0.22338618338108063	0.1708371937274933	-0.2547060251235962	0.05480215325951576	-0.13001374900341034	0.2544655501842499	0.45772042870521545	-0.21035335958003998	-0.1582469344139099	0.2049930840730667	0.30921509861946106	-0.009321359917521477	-0.0989869087934494
DAN_LABEL_15	-0.08371249586343765	0.17217184603214264	0.1701999008655548	0.05178409814834595	0.06699701398611069	0.3908752202987671	0.26247844099998474	n/a	0.18242232501506805	-0.3306958079338074	-0.24063584208488464	-0.4582664370536804	0.1281788945198059	-0.019531527534127235	1.0	-0.1637062430381775	0.018224244937300682	-0.15571877360343933	-0.5166152119636536	0.2677792012691498	0.11473559588193893	-0.15905459225177765	0.4033506214618683	0.20431897044181824	0.20891110599040985	0.1303570717573166	-0.07276852428913116	-0.26758697628974915	0.22998733818531036	-0.3255947530269623	0.14253084361553192	-0.3332533836364746	0.37488365173339844	0.13742583990097046	n/a	-0.10178056359291077	-0.599481463432312	-0.3903452754020691	0.22900107502937317	-0.08621451258659363	0.8236758708953857	0.09184648841619492	-0.5948742032051086	0.3219780921936035	0.07868333160877228	-0.34380728006362915	0.028285730630159378	0.18497654795646667	0.3822668492794037	-0.27513402700424194	0.18072596192359924	-0.09100735932588577	-0.19499333202838898	-0.008987510576844215	-0.6248942613601685	0.19543130695819855	0.106233611702919	-0.5905779004096985	-0.4857853949069977	-0.11532516032457352	-0.28273797035217285	-0.22169263660907745	-0.1571110337972641	-0.22423377633094788	0.22742792963981628	0.23830775916576385	-0.3637387454509735	-0.012168669141829014	-0.12886212766170502	-0.24876081943511963	0.12593519687652588	-0.3356733024120331	0.087181955575943	-0.2895330488681793	0.4309389591217041	0.2395477592945099	-0.4929989278316498	-0.3713540732860565	0.2895028293132782	-0.09248488396406174
DMN_LABEL_16	0.8610031008720398	-0.47439897060394287	-0.13595518469810486	0.13342471420764923	0.07762899994850159	0.28942936658859253	0.22343896329402924	n/a	-0.31189578771591187	-0.45984533429145813	0.044080041348934174	-0.4084497094154358	-0.0123802674934268	-0.09385476261377335	-0.1637062430381775	1.0	-0.48142215609550476	0.8100959658622742	-0.03003660775721073	-0.3913685083389282	-0.321625679731369	-0.10362295806407928	-0.6077771186828613	0.20592725276947021	-0.6232065558433533	0.6955459117889404	0.6706578731536865	0.7418291568756104	-0.4323573410511017	0.22042308747768402	0.13284027576446533	0.18063567578792572	0.2525413930416107	0.034986212849617004	n/a	-0.212724968791008	-0.014994371682405472	-0.309278666973114	0.053825292736291885	-0.05610835552215576	-0.23351697623729706	-0.3908877670764923	-0.04451017826795578	-0.24330566823482513	0.01022314466536045	0.12412208318710327	-0.5791453123092651	0.20454975962638855	-0.5732582211494446	0.38137754797935486	-0.5230903029441833	0.4527638256549835	0.32597216963768005	-0.07472140341997147	0.3661317229270935	-0.05270400643348694	0.1905178278684616	-0.239862859249115	-0.04979103058576584	-0.09273659437894821	-0.3063327670097351	-0.1484719216823578	0.4778546392917633	-0.12243080139160156	-0.17247474193572998	0.23452726006507874	0.004915447439998388	0.004650802351534367	0.2928108870983124	-0.17060422897338867	0.6109394431114197	-0.3412386178970337	-0.16550105810165405	-0.12499172240495682	0.21543557941913605	0.2549533247947693	-0.15950442850589752	0.0005425785784609616	-0.24282820522785187	-0.40458306670188904
CO_LABEL_17	-0.46716979146003723	-0.21090693771839142	0.6810002326965332	-0.05521969124674797	-0.287714421749115	0.2178703099489212	0.1425117403268814	n/a	-0.11792755126953125	0.5562826991081238	-0.23375408351421356	0.5274600386619568	-0.3329412639141083	-0.025236640125513077	0.018224244937300682	-0.48142215609550476	1.0	-0.7449667453765869	-0.3708066940307617	0.7650509476661682	0.869554340839386	-0.08252573758363724	0.328509122133255	0.3755981922149658	0.4615958333015442	-0.7300432324409485	-0.6517064571380615	-0.7357053756713867	-0.21305057406425476	0.25053173303604126	-0.017430076375603676	-0.25096797943115234	0.17216330766677856	0.24438010156154633	n/a	0.5948486924171448	-0.12521785497665405	0.6234270334243774	-0.252255916595459	0.02224159985780716	-0.02089526131749153	0.9297342300415039	0.284999281167984	0.8498967289924622	0.6796992421150208	-0.17706729471683502	0.6750361919403076	0.3276771306991577	0.17490901052951813	0.14908146858215332	0.4212472140789032	-0.5721849799156189	-0.5643835663795471	-0.27587461471557617	-0.3042396008968353	-0.030559491366147995	0.013998285867273808	0.13746243715286255	-0.12561386823654175	0.4537634253501892	0.6278747916221619	0.5993881821632385	-0.14605306088924408	0.48700833320617676	0.46569907665252686	-0.13081254065036774	0.13516493141651154	0.36268559098243713	-0.1971270591020584	0.509002685546875	-0.5221880078315735	0.43551644682884216	0.20576468110084534	-0.05518941208720207	-0.11933708190917969	-0.1286495178937912	-0.14495329558849335	-0.036497872322797775	-0.19140425324440002	-0.041203293949365616
DMN_LABEL_18	0.8097780346870422	-0.19230957329273224	-0.463372141122818	0.28182727098464966	0.32697543501853943	0.06868728995323181	0.15494728088378906	n/a	-0.15119615197181702	-0.5744983553886414	0.07326551526784897	-0.5756078362464905	0.19543273746967316	0.06069428101181984	-0.15571877360343933	0.8100959658622742	-0.7449667453765869	1.0	0.21127848327159882	-0.5379914045333862	-0.6059135794639587	-0.17960503697395325	-0.49169179797172546	-0.15744762122631073	-0.6039074063301086	0.7086328268051147	0.8416552543640137	0.7920774817466736	-0.17732509970664978	-0.07244337350130081	0.2600387930870056	0.3240365982055664	0.006980502046644688	0.02699805237352848	n/a	-0.5362885594367981	-0.0025571181904524565	-0.5587025284767151	0.13839246332645416	0.03614676371216774	-0.2987475097179413	-0.6229849457740784	-0.1804947853088379	-0.5354909300804138	-0.2923024594783783	-0.025832388550043106	-0.8440598249435425	-0.07601910084486008	-0.5486878156661987	0.17741858959197998	-0.7086490988731384	0.7491979598999023	0.5877183079719543	0.24213886260986328	0.4414448142051697	0.060341812670230865	0.16774816811084747	-0.23748049139976501	-0.05571597442030907	-0.11915342509746552	-0.6599403619766235	-0.48825302720069885	0.3665318489074707	-0.4437909722328186	-0.35164037346839905	0.29524534940719604	0.029201017692685127	-0.1527342051267624	0.4048885405063629	-0.4364108145236969	0.5998269319534302	-0.3964695632457733	-0.13416752219200134	0.0639631450176239	0.293872207403183	0.36084410548210144	-0.061987243592739105	-0.03323810175061226	-0.004148746840655804	-0.17208069562911987
VAN_LABEL_19	-0.17141059041023254	0.052208755165338516	-0.520436704158783	-0.06069023162126541	0.20449340343475342	-0.4772298038005829	-0.6340002417564392	n/a	-0.247294083237648	0.22258341312408447	0.37237077951431274	0.17307129502296448	0.29770389199256897	0.2529815435409546	-0.5166152119636536	-0.03003660775721073	-0.3708066940307617	0.21127848327159882	1.0	-0.46206939220428467	-0.3366709351539612	0.24253621697425842	-0.15187901258468628	-0.37095049023628235	-0.19336172938346863	0.1946256011724472	0.1729816347360611	0.40203312039375305	0.013810242526233196	0.07897310703992844	-0.1207813024520874	0.3674209713935852	-0.3425498902797699	-0.5303574204444885	n/a	-0.08641529083251953	0.5626507997512817	0.10070745646953583	0.07844000309705734	0.29351308941841125	-0.33760640025138855	-0.38289669156074524	0.35958293080329895	-0.6565350890159607	-0.3404079079627991	0.3086775541305542	-0.09223325550556183	-0.42860502004623413	-0.22560273110866547	-0.3651961386203766	-0.1226172223687172	0.07054288685321808	0.39143261313438416	-0.11200574785470963	0.36657679080963135	0.06414739787578583	-0.11843227595090866	0.5260367393493652	0.639671802520752	-0.2549545466899872	-0.13812993466854095	-0.23279109597206116	-0.24996505677700043	-0.12787899374961853	-0.47276946902275085	0.01693718321621418	0.21623581647872925	-0.3453068435192108	-0.0912044420838356	-0.3006732761859894	0.12364724278450012	0.18634897470474243	-0.003592502325773239	0.27020853757858276	-0.274713933467865	-0.3303115665912628	0.6176430583000183	0.4965948164463043	-0.1722627729177475	0.16330067813396454
CO_LABEL_20	-0.34027472138404846	-0.1379300057888031	0.563754141330719	-0.05669764429330826	-0.10326281189918518	0.4317159950733185	0.26402944326400757	n/a	-0.1473008543252945	0.28469184041023254	-0.2943384349346161	0.1361558586359024	-0.07146166265010834	-0.08039681613445282	0.2677792012691498	-0.3913685083389282	0.7650509476661682	-0.5379914045333862	-0.46206939220428467	1.0	0.7389444708824158	-0.21098558604717255	0.2905723452568054	0.47643765807151794	0.3373177945613861	-0.5296573638916016	-0.49224817752838135	-0.6922054886817932	-0.14338216185569763	0.013805046677589417	0.02229538932442665	-0.09214077889919281	0.3671857416629791	0.29173150658607483	n/a	0.33124351501464844	-0.338427871465683	0.2719673216342926	0.09642738848924637	-0.06952851265668869	0.22399172186851501	0.782962441444397	0.02678454853594303	0.7965574264526367	0.5420102477073669	-0.2495601624250412	0.44750872254371643	0.38153472542762756	0.16665120422840118	0.008890919387340546	0.25015851855278015	-0.314149409532547	-0.5336079001426697	-0.2452072650194168	-0.4716092348098755	-0.008107021450996399	0.09422003477811813	-0.2461526244878769	-0.47737938165664673	0.4733877182006836	0.2776585817337036	0.4232882261276245	-0.19662852585315704	0.14360392093658447	0.5389756560325623	0.12488020211458206	-0.05297715589404106	0.5814753770828247	-0.08047011494636536	0.22477640211582184	-0.41679224371910095	0.14588956534862518	0.16419720649719238	-0.2130613774061203	0.2182639241218567	0.19822749495506287	-0.4262283146381378	-0.3456617593765259	0.14216667413711548	0.013585533015429974
CO_LABEL_21	-0.37386515736579895	-0.3252221941947937	0.6065449118614197	0.008635633625090122	-0.20566439628601074	0.4963957667350769	0.20507292449474335	n/a	-0.2861174941062927	0.5982044339179993	-0.10806765407323837	0.41177135705947876	-0.2802041471004486	-0.02239835448563099	0.11473559588193893	-0.321625679731369	0.869554340839386	-0.6059135794639587	-0.3366709351539612	0.7389444708824158	1.0	0.003181039821356535	0.10297484695911407	0.62137371301651	0.11389294266700745	-0.5916643142700195	-0.49587908387184143	-0.6086110472679138	-0.3024153709411621	0.31531745195388794	0.09354443103075027	-0.20420075953006744	0.49608656764030457	0.21192654967308044	n/a	0.701926052570343	-0.03949856758117676	0.6017650961875916	-0.3136521279811859	-0.0029195838142186403	0.015419441275298595	0.8816361427307129	0.2954692244529724	0.8668413758277893	0.8656111359596252	0.013442812487483025	0.4937792420387268	0.5203663110733032	-0.11152373999357224	0.053723301738500595	0.32046377658843994	-0.5472087264060974	-0.5827472805976868	-0.3906248211860657	-0.2727712392807007	-0.08798409253358841	0.04007038474082947	0.13798397779464722	-0.11867959052324295	0.5016323328018188	0.48150014877319336	0.6039263606071472	-0.26511186361312866	0.33851727843284607	0.44341790676116943	-0.024137496948242188	0.09676498919725418	0.2120344638824463	-0.2716124355792999	0.35077887773513794	-0.5609967112541199	0.26992952823638916	-0.0636453926563263	-0.05409902334213257	0.10553546994924545	0.03825259208679199	-0.07940841466188431	0.0330040268599987	-0.21028375625610352	-0.29668325185775757
Sal_LABEL_22	-0.09163985401391983	0.05991461127996445	-0.08832839131355286	-0.23416507244110107	0.0831560268998146	0.09684071689844131	-0.04600048437714577	n/a	-0.026408793404698372	0.22826869785785675	0.7328343987464905	0.4147762358188629	-0.25584888458251953	0.05033174529671669	-0.15905459225177765	-0.10362295806407928	-0.08252573758363724	-0.17960503697395325	0.24253621697425842	-0.21098558604717255	0.003181039821356535	1.0	-0.4351638853549957	0.2682323753833771	-0.39086130261421204	0.01918110065162182	-0.33170485496520996	0.0002595882397145033	0.12549851834774017	0.21460837125778198	-0.3059566020965576	0.06852193176746368	0.2288386970758438	0.024259908124804497	n/a	0.2951430380344391	0.5758754014968872	0.20541825890541077	-0.42777445912361145	0.04739803820848465	-0.05519561469554901	-0.20010073482990265	0.38081052899360657	-0.28435951471328735	-0.1975114345550537	0.7126021385192871	0.1938668042421341	0.27348437905311584	-0.23171904683113098	0.06233640015125275	0.02644130028784275	-0.310689777135849	-0.22116237878799438	-0.06698580831289291	0.17175611853599548	-0.016812186688184738	0.1669650375843048	0.5002118945121765	0.29565155506134033	-0.42203038930892944	0.19714443385601044	0.17587532103061676	-0.19065332412719727	0.11782477796077728	0.10032568871974945	0.163498193025589	0.36328935623168945	-0.3867897093296051	-0.3669890761375427	0.09420610964298248	-0.28163325786590576	-0.28176113963127136	-0.0007966083358041942	0.4961596131324768	-0.09770330041646957	-0.2087712287902832	0.33017584681510925	0.39112362265586853	-0.24521976709365845	0.1986514776945114
DAN_LABEL_23	-0.5580453276634216	0.41773170232772827	0.154030442237854	-0.12158917635679245	-0.2665218412876129	-0.35651835799217224	-0.19890601933002472	n/a	0.370483934879303	0.12808240950107574	-0.5107401013374329	0.0407763347029686	0.14212661981582642	-0.10887041687965393	0.4033506214618683	-0.6077771186828613	0.328509122133255	-0.49169179797172546	-0.15187901258468628	0.2905723452568054	0.10297484695911407	-0.4351638853549957	1.0	-0.38072630763053894	0.8666992783546448	-0.39149823784828186	-0.3596213459968567	-0.45697250962257385	0.3406490385532379	-0.36215436458587646	-0.06348729878664017	-0.39969271421432495	-0.4177468717098236	-0.10682807862758636	n/a	-0.10733876377344131	-0.4527736306190491	0.0766630694270134	0.23765531182289124	-0.118828684091568	0.35853058099746704	0.3055962324142456	-0.33274465799331665	0.27314311265945435	-0.056417837738990784	-0.5825712084770203	0.4291009306907654	-0.4361397922039032	0.7415297627449036	-0.3595984876155853	0.373028427362442	-0.2062867432832718	-0.10563927888870239	0.1744428128004074	-0.511766791343689	0.06103678047657013	-0.40967801213264465	-0.18129223585128784	-0.18884386122226715	0.15290725231170654	0.22141680121421814	-0.13850945234298706	-0.2589014172554016	0.051207270473241806	-0.04987260699272156	-0.3283079266548157	-0.3601880371570587	0.2763940989971161	-0.1510429084300995	0.04771963134407997	-0.1486264020204544	0.4307044446468353	0.11826520413160324	-0.36400043964385986	-0.018527423962950706	-0.12136902660131454	-0.1851046234369278	-0.34978818893432617	0.41199612617492676	0.12480468302965164
PMN_LABEL_24	0.1401263028383255	-0.5525530576705933	0.5894309878349304	-0.04128323867917061	-0.01542122196406126	0.8776699900627136	0.4691446125507355	n/a	-0.37490642070770264	0.17110441625118256	0.18578921258449554	0.029648590832948685	-0.28699398040771484	-0.0984264686703682	0.20431897044181824	0.20592725276947021	0.3755981922149658	-0.15744762122631073	-0.37095049023628235	0.47643765807151794	0.62137371301651	0.2682323753833771	-0.38072630763053894	1.0	-0.3940911293029785	-0.02699950896203518	-0.2748984694480896	-0.2637614607810974	-0.4865807294845581	0.4701365828514099	-0.029968956485390663	-0.044293005019426346	0.9088078141212463	0.4061634838581085	n/a	0.49259230494499207	0.06860419362783432	0.15961189568042755	-0.23524963855743408	-0.11337941139936447	0.19362714886665344	0.411810964345932	0.17824240028858185	0.5312166213989258	0.6351984143257141	0.2870398461818695	0.2268799990415573	0.8953969478607178	-0.3854394853115082	0.2674486041069031	0.11489710956811905	-0.26830533146858215	-0.4849119782447815	-0.45791417360305786	-0.14751677215099335	0.09859625995159149	0.31526750326156616	-0.19838152825832367	-0.32933077216148376	0.14444026350975037	0.14097747206687927	0.4499886631965637	-0.059330135583877563	0.2480853646993637	0.6028971672058105	0.44714775681495667	-0.015574753284454346	0.11215927451848984	-0.08880996704101562	0.19545963406562805	-0.2513343095779419	-0.3223305940628052	-0.07074471563100815	-0.212143212556839	0.4641713798046112	0.2907433807849884	-0.2570701539516449	0.029477138072252274	-0.2818072438240051	-0.27629128098487854
DAN_LABEL_25	-0.5527933239936829	0.3267807364463806	0.2998100519180298	-0.15523777902126312	-0.26352596282958984	-0.4273433983325958	-0.23514504730701447	n/a	0.36061179637908936	0.15657638013362885	-0.44509726762771606	0.15509414672851562	-0.0201218631118536	-0.09459203481674194	0.20891110599040985	-0.6232065558433533	0.4615958333015442	-0.6039074063301086	-0.19336172938346863	0.3373177945613861	0.11389294266700745	-0.39086130261421204	0.8666992783546448	-0.3940911293029785	1.0	-0.4406874179840088	-0.4131319224834442	-0.4739018678665161	0.2758770287036896	-0.29011282324790955	-0.13162480294704437	-0.3433210551738739	-0.48635926842689514	-0.09737035632133484	n/a	-0.045450083911418915	-0.40947258472442627	0.1148473396897316	0.1912933737039566	-0.06654353439807892	0.28656938672065735	0.3634380102157593	-0.2603478729724884	0.2903905510902405	-0.10411132127046585	-0.5864474177360535	0.5613783001899719	-0.44534286856651306	0.8507346510887146	-0.2529487907886505	0.5144903063774109	-0.31580689549446106	-0.15826408565044403	0.11186782270669937	-0.44033363461494446	0.12739522755146027	-0.3248291313648224	-0.0943746566772461	-0.14706775546073914	0.16440659761428833	0.3596633970737457	-0.008211368694901466	-0.19490380585193634	0.18010148406028748	-0.0199773907661438	-0.36064672470092773	-0.2275761216878891	0.2957603633403778	-0.051296401768922806	0.18785370886325836	-0.10628437995910645	0.5009267330169678	0.25218069553375244	-0.29058751463890076	-0.25176501274108887	-0.2724362909793854	-0.24847228825092316	-0.32794997096061707	0.2625513970851898	0.22256678342819214
