../../.git/annex/objects/f9/0G/SHA256E-s3375768--ed327cc8f5223b4048eee3edc220893b6d823fb2c00481b40d8d02cc81f00352.tsv/SHA256E-s3375768--ed327cc8f5223b4048eee3edc220893b6d823fb2c00481b40d8d02cc81f00352.tsv