Node	HIP-head-m-rh	HIP-head-l-rh	HIP-body-rh	HIP-tail-rh	THA-VPm-rh	THA-VPl-rh	THA-VAi-rh	THA-VAs-rh	THA-DAm-rh	THA-DAl-rh	PUT-VA-rh	PUT-DA-rh	PUT-VP-rh	PUT-DP-rh	CAU-VA-rh	CAU-DA-rh	CAU-body-rh	CAU-tail-rh	lAMY-rh	mAMY-rh	THA-DP-rh	NAc-shell-rh	NAc-core-rh	pGP-rh	aGP-rh	HIP-head-m-lh	HIP-head-l-l	HIP-body-l	HIP-tail-lh	THA-VPm-lh	THA-VPl-lh	THA-VAi-lh	THA-VAs-lh	THA-DAm-lh	THA-DAl-lh	PUT-VA-lh	PUT-DA-l	PUT-VP-lh	PUT-DP-lh	CAU-VA-lh	CAU-DA-lh	CAU-body-lh	CAU-tail-lh	lAMY-lh	mAMY-lh	THA-DP-lh	NAc-shell-lh	NAc-core-lh	pGP-lh	aGP-lh
HIP-head-m-rh	1.0	0.326632022857666	0.450083464384079	0.19870945811271667	-0.054512009024620056	0.33998480439186096	-0.1682649701833725	-0.5870713591575623	-0.3618752956390381	-0.093785360455513	-0.18077844381332397	-0.1735151708126068	-0.2803914546966553	-0.0976521223783493	-0.5381085276603699	-0.39089566469192505	-0.31744831800460815	-0.35273218154907227	-0.13982489705085754	0.21940898895263672	0.13007912039756775	-0.07545358687639236	-0.24183505773544312	0.1516304314136505	-0.07029487937688828	0.4300692081451416	0.6763285398483276	0.46996986865997314	0.07683175057172775	-0.028855327516794205	0.19932051002979279	-0.3160075843334198	-0.2559439539909363	-0.19366072118282318	-0.1260155737400055	-0.3458586037158966	0.019994797185063362	0.07726900279521942	-0.15520106256008148	-0.2416231781244278	-0.2686867415904999	-0.4338870644569397	-0.40102458000183105	-0.1444823145866394	0.06485819816589355	0.04189139977097511	-0.11820808053016663	-0.252744197845459	0.048924367874860764	-0.14988020062446594
HIP-head-l-rh	0.326632022857666	1.0	0.03158939257264137	0.20060470700263977	-0.2972315549850464	0.2234761118888855	0.1345185488462448	-0.1489761620759964	0.27011457085609436	0.017114555463194847	-0.17038927972316742	0.0713544562458992	0.1135900542140007	-0.5345604419708252	0.03418346866965294	-0.008290071040391922	-0.20555689930915833	-0.32374855875968933	0.37084540724754333	0.07927455008029938	-0.09209795296192169	-0.05073567107319832	0.12210965901613235	-0.1595403552055359	0.5557276010513306	0.43229940533638	0.22488345205783844	-0.015506863594055176	0.12107518315315247	-0.16341249644756317	0.20541150867938995	0.0018354920903220773	-0.42769455909729004	0.01265278086066246	-0.39012908935546875	-0.24014228582382202	-0.2296718806028366	0.12762504816055298	-0.24781495332717896	-0.32636022567749023	-0.13206246495246887	-0.24186256527900696	-0.3559851050376892	0.43863168358802795	0.5884497761726379	-0.33593112230300903	0.011622007004916668	-0.19713318347930908	0.42982277274131775	0.20552176237106323
HIP-body-rh	0.450083464384079	0.03158939257264137	1.0	0.5666504502296448	0.16510628163814545	-0.00610961252823472	-0.3598294258117676	-0.19964878261089325	-0.311820924282074	-0.09474916756153107	-0.3544037938117981	-0.17278286814689636	-0.01788344234228134	0.13354524970054626	-0.10678096860647202	-0.1912144273519516	0.08317438513040543	0.04587823897600174	-0.14795731008052826	-0.047149140387773514	0.05470501631498337	0.015749091282486916	-0.10898404568433762	0.10342790186405182	-0.22052302956581116	0.14047746360301971	0.34009188413619995	0.7614832520484924	0.3965911865234375	-0.07996059209108353	-0.46243464946746826	-0.24066761136054993	-0.2335710972547531	-0.36042407155036926	-0.04727601632475853	-0.41291218996047974	-0.14293482899665833	-0.19872714579105377	-0.11379022896289825	-0.004037807229906321	-0.06308265775442123	-0.15547044575214386	-0.04116903990507126	-0.26719164848327637	-0.20985530316829681	0.10145644843578339	0.09844546020030975	0.07704786956310272	-0.3255760967731476	-0.099673330783844
HIP-tail-rh	0.19870945811271667	0.20060470700263977	0.5666504502296448	1.0	0.22090677917003632	-0.17212316393852234	-0.21002399921417236	-0.10259325057268143	0.16638031601905823	-0.30432406067848206	-0.2762332260608673	-0.34716781973838806	-0.16293317079544067	-0.17028707265853882	0.10490314662456512	-0.06814412772655487	0.04220226779580116	0.014389418065547943	0.039833396673202515	-0.16702806949615479	0.29598644375801086	0.18773449957370758	0.2809655964374542	0.02431435137987137	-0.1820092350244522	0.08755546063184738	0.29330193996429443	0.4431828558444977	0.5188804268836975	-0.0030611157417297363	-0.17316535115242004	0.11174490302801132	-0.17890705168247223	0.12512542307376862	-0.028417307883501053	-0.1626080423593521	-0.2661389708518982	-0.198510080575943	-0.32259249687194824	-0.16041675209999084	-0.2148071676492691	-0.13028311729431152	-0.09058063477277756	-0.08867001533508301	-0.23180194199085236	0.17155198752880096	0.2950161397457123	0.4057772755622864	-0.25906577706336975	-0.12619474530220032
THA-VPm-rh	-0.054512009024620056	-0.2972315549850464	0.16510628163814545	0.22090677917003632	1.0	0.07779824733734131	0.07900949567556381	0.0075549958273768425	0.10987085849046707	-0.018628662452101707	-0.018433701246976852	-0.13066624104976654	-0.19702325761318207	0.2110719233751297	0.09304322302341461	0.14949756860733032	0.13493818044662476	0.15208983421325684	-0.5291851162910461	-0.28650912642478943	0.44125330448150635	0.14760097861289978	0.01000688225030899	0.10184122622013092	-0.24429543316364288	0.0762571319937706	-0.006991066038608551	0.13318508863449097	0.02325425110757351	0.41449540853500366	-0.0266769677400589	0.3496444523334503	0.05060688778758049	0.24314142763614655	0.46363696455955505	0.027593063190579414	0.17473572492599487	-0.061028819531202316	0.06503692269325256	0.13580164313316345	0.12058150768280029	0.033072054386138916	0.08322175592184067	-0.2663680613040924	-0.579408586025238	0.5796363353729248	0.365294873714447	0.37147679924964905	-0.2821424901485443	-0.04256637021899223
THA-VPl-rh	0.33998480439186096	0.2234761118888855	-0.00610961252823472	-0.17212316393852234	0.07779824733734131	1.0	0.06907223165035248	-0.3402523100376129	-0.13524305820465088	-0.020427867770195007	-0.12448257207870483	-0.021029815077781677	-0.07006227225065231	-0.046405259519815445	-0.38021308183670044	-0.17633949220180511	-0.17210981249809265	-0.26246142387390137	0.020299073308706284	0.4664454758167267	0.2916787564754486	-0.39403435587882996	-0.4849519431591034	0.5561608672142029	0.04366236925125122	0.43127545714378357	0.09668857604265213	0.23251938819885254	0.22335194051265717	-0.03518137335777283	0.27264243364334106	-0.30497661232948303	-0.10861461609601974	0.051086973398923874	-0.119463711977005	-0.1760941743850708	0.013583594001829624	0.10191883146762848	0.10532180964946747	-0.08102726191282272	-0.02882869355380535	-0.24451541900634766	-0.36476558446884155	0.21748365461826324	0.3525965213775635	0.12385590374469757	-0.23192603886127472	-0.505276083946228	-0.10779442638158798	0.16485710442066193
THA-VAi-rh	-0.1682649701833725	0.1345185488462448	-0.3598294258117676	-0.21002399921417236	0.07900949567556381	0.06907223165035248	1.0	0.37624824047088623	0.5068175196647644	0.6284441947937012	0.640637993812561	0.5723817944526672	0.46643492579460144	0.05294579267501831	0.2420622706413269	0.1757257729768753	0.22885730862617493	0.31650298833847046	-0.010501062497496605	0.020297100767493248	0.12441897392272949	0.1259189397096634	0.3638084828853607	0.06494373828172684	0.5630555748939514	0.2569512128829956	-0.03399548679590225	-0.2856273055076599	0.017077837139368057	0.25778478384017944	0.40189328789711	0.5972500443458557	0.35369884967803955	0.4328051209449768	0.26670414209365845	0.6572550535202026	0.5510308146476746	0.5552148818969727	0.400445818901062	0.3130596876144409	0.3713294267654419	0.39452439546585083	0.2394988238811493	0.480232834815979	0.28580278158187866	0.08566828817129135	0.24987168610095978	0.12817484140396118	0.44698628783226013	0.3500189781188965
THA-VAs-rh	-0.5870713591575623	-0.1489761620759964	-0.19964878261089325	-0.10259325057268143	0.0075549958273768425	-0.3402523100376129	0.37624824047088623	1.0	0.4712675213813782	0.2908798158168793	0.37123364210128784	0.36630937457084656	0.45436275005340576	0.26834043860435486	0.462454229593277	0.43586480617523193	0.24016688764095306	0.46537432074546814	0.09492794424295425	-0.0733051747083664	-0.18868884444236755	0.040655024349689484	0.25086915493011475	-0.03592563048005104	0.3786136507987976	-0.2221360057592392	-0.45734310150146484	-0.3141380846500397	-0.13693365454673767	-0.18130876123905182	-0.2629530727863312	0.31258395314216614	0.49170446395874023	0.09610819071531296	0.38721340894699097	0.2035021334886551	0.18624939024448395	0.047911860048770905	0.1627756804227829	0.3875216841697693	0.2537398636341095	0.39655837416648865	0.24420881271362305	0.2766307592391968	0.10951433330774307	-0.04931982606649399	0.16156814992427826	0.2059970647096634	0.05917304754257202	0.3675457537174225
THA-DAm-rh	-0.3618752956390381	0.27011457085609436	-0.311820924282074	0.16638031601905823	0.10987085849046707	-0.13524305820465088	0.5068175196647644	0.4712675213813782	1.0	0.16163226962089539	0.20490817725658417	-0.000993903144262731	0.04141410440206528	-0.3338059186935425	0.2610114812850952	0.21734654903411865	0.00769230118021369	0.011915776878595352	0.13394427299499512	-0.1512010246515274	0.14828354120254517	0.0002457509108353406	0.33448317646980286	-0.12172214686870575	0.39405715465545654	0.08746609091758728	-0.30996012687683105	-0.33730053901672363	-0.01556310337036848	0.03574448823928833	0.1516263633966446	0.5713981986045837	0.22966481745243073	0.5283812880516052	0.17425096035003662	0.23268790543079376	-0.04957915470004082	0.031585972756147385	-0.18915897607803345	0.027294356375932693	-0.07152529805898666	0.16548962891101837	-0.059630416333675385	0.30764853954315186	0.08285868912935257	0.1388239860534668	0.2507370114326477	0.2002827674150467	0.16043369472026825	0.14793235063552856
THA-DAl-rh	-0.093785360455513	0.017114555463194847	-0.09474916756153107	-0.30432406067848206	-0.018628662452101707	-0.020427867770195007	0.6284441947937012	0.2908798158168793	0.16163226962089539	1.0	0.5401761531829834	0.8088147044181824	0.6887831687927246	0.4903090298175812	0.17515753209590912	0.05039527267217636	0.3884393870830536	0.32822132110595703	0.15648695826530457	0.22032898664474487	0.031499605625867844	-0.23612375557422638	0.07827788591384888	0.10712791979312897	0.3403860330581665	0.06889139860868454	-0.15218588709831238	-0.28911471366882324	0.04978500306606293	0.21676388382911682	0.11864113807678223	0.3017911911010742	0.10695741325616837	0.14674900472164154	0.36170002818107605	0.4482647478580475	0.6342242360115051	0.6564670205116272	0.6357758045196533	0.2621818780899048	0.27278202772140503	0.43660709261894226	0.4744853079319	0.4217088222503662	0.29584577679634094	-0.035079438239336014	0.002357609337195754	0.07618235051631927	0.3677460253238678	0.09225715696811676
PUT-VA-rh	-0.18077844381332397	-0.17038927972316742	-0.3544037938117981	-0.2762332260608673	-0.018433701246976852	-0.12448257207870483	0.640637993812561	0.37123364210128784	0.20490817725658417	0.5401761531829834	1.0	0.6473503112792969	0.4568004608154297	0.36156198382377625	0.3352508246898651	0.35738909244537354	0.29454588890075684	0.43355298042297363	-0.11728139221668243	0.20011529326438904	0.13914872705936432	0.048153121024370193	0.2552388310432434	-0.1793002486228943	0.2685548663139343	0.13249471783638	0.07702699303627014	-0.3877812623977661	-0.13057754933834076	0.21509787440299988	0.3506837785243988	0.5793077349662781	0.5674511790275574	0.4278964698314667	0.4481343626976013	0.8051888346672058	0.8097561597824097	0.6579369306564331	0.6030014753341675	0.5046350359916687	0.5314441323280334	0.6871548295021057	0.5636813044548035	0.2631782293319702	0.04261425882577896	0.19021674990653992	0.006853113416582346	0.23884308338165283	0.11219717562198639	0.1973980814218521
PUT-DA-rh	-0.1735151708126068	0.0713544562458992	-0.17278286814689636	-0.34716781973838806	-0.13066624104976654	-0.021029815077781677	0.5723817944526672	0.36630937457084656	-0.000993903144262731	0.8088147044181824	0.6473503112792969	1.0	0.8327412605285645	0.49685463309288025	0.38006317615509033	0.3018426299095154	0.49226704239845276	0.4021785259246826	0.1786712408065796	0.33262357115745544	-0.11163987964391708	-0.08302111178636551	0.1287505179643631	-0.004735511261969805	0.46437492966651917	0.12207590043544769	-0.17493808269500732	-0.28966084122657776	0.06718640774488449	0.00754165556281805	0.0895330160856247	0.22116205096244812	0.14567074179649353	0.11736547946929932	0.26582497358322144	0.5074493288993835	0.7357036471366882	0.7485772371292114	0.7920006513595581	0.4109485447406769	0.468789666891098	0.5522952675819397	0.5698122382164001	0.45454514026641846	0.45561397075653076	-0.09433253854513168	-0.0032933258917182684	0.03133874014019966	0.23786552250385284	0.2625366151332855
PUT-VP-rh	-0.2803914546966553	0.1135900542140007	-0.01788344234228134	-0.16293317079544067	-0.19702325761318207	-0.07006227225065231	0.46643492579460144	0.45436275005340576	0.04141410440206528	0.6887831687927246	0.4568004608154297	0.8327412605285645	1.0	0.4256460666656494	0.5182026028633118	0.3497048020362854	0.48500481247901917	0.5581014156341553	0.27174487709999084	0.3030460476875305	-0.04627973213791847	-0.08534643054008484	0.16503804922103882	0.07953646034002304	0.426241010427475	0.16578149795532227	-0.1555255800485611	-0.1916840672492981	0.10441036522388458	0.051284488290548325	-0.03738761320710182	0.2934727668762207	0.14321380853652954	0.11032984405755997	0.1784469485282898	0.46024322509765625	0.5092921257019043	0.6437054872512817	0.6772728562355042	0.4061221480369568	0.45073363184928894	0.5906400084495544	0.5537059307098389	0.5705766081809998	0.42301681637763977	-0.08239045739173889	0.08985260874032974	0.02310243248939514	0.18806429207324982	0.3376990854740143
PUT-DP-rh	-0.0976521223783493	-0.5345604419708252	0.13354524970054626	-0.17028707265853882	0.2110719233751297	-0.046405259519815445	0.05294579267501831	0.26834043860435486	-0.3338059186935425	0.4903090298175812	0.36156198382377625	0.49685463309288025	0.4256460666656494	1.0	0.01863831840455532	0.09799017012119293	0.3382421135902405	0.340579628944397	-0.14661762118339539	0.3721647560596466	-0.0839596763253212	-0.20581857860088348	-0.18801869451999664	0.24701693654060364	-0.2899201214313507	-0.27421143651008606	-0.053504008799791336	-0.04412848502397537	0.1008811667561531	0.0969112366437912	-0.18697331845760345	-0.03746696934103966	0.26226186752319336	-0.10090077668428421	0.47322630882263184	0.18982338905334473	0.5837437510490417	0.3056569993495941	0.7101918458938599	0.27706900238990784	0.3529398441314697	0.3150918483734131	0.46025556325912476	-0.1585768163204193	-0.1997808814048767	0.0900065079331398	-0.1329842209815979	0.10623003542423248	-0.272043377161026	-0.048930127173662186
CAU-VA-rh	-0.5381085276603699	0.03418346866965294	-0.10678096860647202	0.10490314662456512	0.09304322302341461	-0.38021308183670044	0.2420622706413269	0.462454229593277	0.2610114812850952	0.17515753209590912	0.3352508246898651	0.38006317615509033	0.5182026028633118	0.01863831840455532	1.0	0.7830398082733154	0.6207374334335327	0.6138824224472046	0.06344371289014816	-0.1974719762802124	0.1705353856086731	0.29584988951683044	0.4680210053920746	-0.3556961119174957	0.3510010838508606	0.10568992048501968	-0.3121565878391266	-0.2432878315448761	0.04081476852297783	0.19815772771835327	-0.1996658444404602	0.4586471915245056	0.15487954020500183	0.2977008819580078	0.22039265930652618	0.4614163041114807	0.20330791175365448	0.30518239736557007	0.293804794549942	0.5877048373222351	0.5993683338165283	0.7684487700462341	0.6759573221206665	0.20665696263313293	0.05627007037401199	0.06804288923740387	0.2184237241744995	0.38906383514404297	0.02435324527323246	0.4658454954624176
CAU-DA-rh	-0.39089566469192505	-0.008290071040391922	-0.1912144273519516	-0.06814412772655487	0.14949756860733032	-0.17633949220180511	0.1757257729768753	0.43586480617523193	0.21734654903411865	0.05039527267217636	0.35738909244537354	0.3018426299095154	0.3497048020362854	0.09799017012119293	0.7830398082733154	1.0	0.5304170250892639	0.37753361463546753	-0.19121834635734558	0.09926022589206696	0.07520777732133865	0.2358030378818512	0.38506338000297546	-0.2737986743450165	0.3244047462940216	0.10156331956386566	-0.1353493332862854	-0.2108672708272934	-0.10265158116817474	0.25716426968574524	-0.1421280950307846	0.4425598978996277	0.20114029943943024	0.34285613894462585	0.3760233223438263	0.4039941132068634	0.2756483256816864	0.32677799463272095	0.3640722334384918	0.5736104249954224	0.6799081563949585	0.6772193908691406	0.5445358157157898	0.10928764939308167	0.04803648591041565	0.18743620812892914	0.08445405960083008	0.3132593333721161	-0.18824665248394012	0.46445372700691223
CAU-body-rh	-0.31744831800460815	-0.20555689930915833	0.08317438513040543	0.04220226779580116	0.13493818044662476	-0.17210981249809265	0.22885730862617493	0.24016688764095306	0.00769230118021369	0.3884393870830536	0.29454588890075684	0.49226704239845276	0.48500481247901917	0.3382421135902405	0.6207374334335327	0.5304170250892639	1.0	0.370938241481781	0.022214019671082497	0.17415744066238403	0.31238460540771484	0.06590317189693451	0.18588310480117798	0.02844872698187828	-0.007173145655542612	-0.04114862158894539	-0.19352342188358307	0.06635145097970963	0.09504792839288712	0.353557288646698	-0.29567086696624756	0.2838619351387024	-0.024341078475117683	0.2152239829301834	0.48394903540611267	0.4001064896583557	0.32868698239326477	0.29936128854751587	0.4994870126247406	0.44610661268234253	0.39027613401412964	0.6832757592201233	0.6953945755958557	0.04977162927389145	0.008436293341219425	0.17348496615886688	-0.15300577878952026	0.3199484348297119	-0.3211429715156555	0.2958665192127228
CAU-tail-rh	-0.35273218154907227	-0.32374855875968933	0.04587823897600174	0.014389418065547943	0.15208983421325684	-0.26246142387390137	0.31650298833847046	0.46537432074546814	0.011915776878595352	0.32822132110595703	0.43355298042297363	0.4021785259246826	0.5581014156341553	0.340579628944397	0.6138824224472046	0.37753361463546753	0.370938241481781	1.0	-0.07425108551979065	-0.14815334975719452	0.14173252880573273	0.3699805438518524	0.2642556130886078	-0.04490114748477936	0.19321668148040771	0.1456093192100525	-0.20500034093856812	-0.090053990483284	0.11274740844964981	0.07708482444286346	-0.06402145326137543	0.376316100358963	0.5128999948501587	0.06284681707620621	0.1787162572145462	0.5322514772415161	0.4552049934864044	0.36005899310112	0.43052762746810913	0.7075430154800415	0.5805274844169617	0.6822745203971863	0.6437510848045349	0.1932324320077896	-0.09078758209943771	0.12511107325553894	0.3903236985206604	0.2302754670381546	0.06556368619203568	0.34816983342170715
lAMY-rh	-0.13982489705085754	0.37084540724754333	-0.14795731008052826	0.039833396673202515	-0.5291851162910461	0.020299073308706284	-0.010501062497496605	0.09492794424295425	0.13394427299499512	0.15648695826530457	-0.11728139221668243	0.1786712408065796	0.27174487709999084	-0.14661762118339539	0.06344371289014816	-0.19121834635734558	0.022214019671082497	-0.07425108551979065	1.0	0.2850440442562103	-0.10078240185976028	-0.06065996736288071	0.1365232616662979	0.12648414075374603	0.29980984330177307	-0.09708508849143982	-0.3063206374645233	-0.1789185255765915	0.16188237071037292	-0.16854025423526764	0.07802210003137589	-0.21574565768241882	-0.21279571950435638	-0.11092264205217361	-0.33370813727378845	-0.10484666377305984	-0.30592888593673706	-0.009379344992339611	-0.013412993401288986	-0.15773311257362366	-0.26883408427238464	-0.0806422010064125	-0.0746689960360527	0.34446313977241516	0.6399306654930115	-0.35595136880874634	-0.08235283941030502	-0.21904997527599335	0.29900267720222473	-0.04974643141031265
mAMY-rh	0.21940898895263672	0.07927455008029938	-0.047149140387773514	-0.16702806949615479	-0.28650912642478943	0.4664454758167267	0.020297100767493248	-0.0733051747083664	-0.1512010246515274	0.22032898664474487	0.20011529326438904	0.33262357115745544	0.3030460476875305	0.3721647560596466	-0.1974719762802124	0.09926022589206696	0.17415744066238403	-0.14815334975719452	0.2850440442562103	1.0	0.017281074076890945	-0.34904491901397705	-0.26103803515434265	0.3911423087120056	-0.0376250296831131	0.1025354340672493	0.14553165435791016	-0.011150509119033813	0.0860673263669014	-0.01446877233684063	0.11219380050897598	-0.18121205270290375	0.010064317844808102	0.07043763250112534	0.16820335388183594	0.10795331746339798	0.286201536655426	0.3654862642288208	0.5000900626182556	0.023547058925032616	0.05573514103889465	0.09484546631574631	0.0678504928946495	0.1978805959224701	0.42507094144821167	0.07930231839418411	-0.4438774585723877	-0.3309949040412903	-0.2714536786079407	-0.018958304077386856
THA-DP-rh	0.13007912039756775	-0.09209795296192169	0.05470501631498337	0.29598644375801086	0.44125330448150635	0.2916787564754486	0.12441897392272949	-0.18868884444236755	0.14828354120254517	0.031499605625867844	0.13914872705936432	-0.11163987964391708	-0.04627973213791847	-0.0839596763253212	0.1705353856086731	0.07520777732133865	0.31238460540771484	0.14173252880573273	-0.10078240185976028	0.017281074076890945	1.0	-0.0966067761182785	-0.025414563715457916	0.2296186238527298	-0.21569277346134186	0.36547547578811646	0.16200266778469086	0.13071860373020172	0.06926409900188446	0.5041650533676147	0.19419246912002563	0.3437652289867401	-0.010831338353455067	0.4775964319705963	0.33831730484962463	0.26000452041625977	0.08564262092113495	0.12220834195613861	-0.018047267571091652	0.16968776285648346	-0.0494752861559391	0.23382842540740967	0.07939884066581726	0.07411734014749527	-0.27874627709388733	0.5283119678497314	0.040815696120262146	0.2635244131088257	-0.2391589879989624	0.046218328177928925
NAc-shell-rh	-0.07545358687639236	-0.05073567107319832	0.015749091282486916	0.18773449957370758	0.14760097861289978	-0.39403435587882996	0.1259189397096634	0.040655024349689484	0.0002457509108353406	-0.23612375557422638	0.048153121024370193	-0.08302111178636551	-0.08534643054008484	-0.20581857860088348	0.29584988951683044	0.2358030378818512	0.06590317189693451	0.3699805438518524	-0.06065996736288071	-0.34904491901397705	-0.0966067761182785	1.0	0.6424856185913086	-0.2373567521572113	0.21324194967746735	0.01031660195440054	0.12357624620199203	0.09737008064985275	0.0022456562146544456	0.1489046961069107	0.14826516807079315	0.282269686460495	0.17135484516620636	-0.08274070918560028	-0.2120463103055954	0.24468368291854858	-0.011029222048819065	-0.06905388832092285	-0.020856041461229324	0.28750085830688477	0.2933584451675415	0.1426420956850052	0.19774068892002106	-0.19204692542552948	-0.11133933067321777	-0.0009276949567720294	0.6403664946556091	0.38382962346076965	0.07772417366504669	0.1234770342707634
NAc-core-rh	-0.24183505773544312	0.12210965901613235	-0.10898404568433762	0.2809655964374542	0.01000688225030899	-0.4849519431591034	0.3638084828853607	0.25086915493011475	0.33448317646980286	0.07827788591384888	0.2552388310432434	0.1287505179643631	0.16503804922103882	-0.18801869451999664	0.4680210053920746	0.38506338000297546	0.18588310480117798	0.2642556130886078	0.1365232616662979	-0.26103803515434265	-0.025414563715457916	0.6424856185913086	1.0	-0.30724865198135376	0.37537625432014465	-0.07784634828567505	0.07142633199691772	-0.12470722943544388	0.06287664920091629	0.3065597414970398	0.26909881830215454	0.5256956219673157	0.03256548196077347	0.26547718048095703	0.053529877215623856	0.4072934687137604	0.036866411566734314	0.21550041437149048	0.061100203543901443	0.17510512471199036	0.3039299547672272	0.2831336259841919	0.30389463901519775	0.09506337344646454	0.07964860647916794	-0.007376162335276604	0.5333210825920105	0.647743284702301	0.2737176716327667	0.05642767250537872
pGP-rh	0.1516304314136505	-0.1595403552055359	0.10342790186405182	0.02431435137987137	0.10184122622013092	0.5561608672142029	0.06494373828172684	-0.03592563048005104	-0.12172214686870575	0.10712791979312897	-0.1793002486228943	-0.004735511261969805	0.07953646034002304	0.24701693654060364	-0.3556961119174957	-0.2737986743450165	0.02844872698187828	-0.04490114748477936	0.12648414075374603	0.3911423087120056	0.2296186238527298	-0.2373567521572113	-0.30724865198135376	1.0	-0.054470717906951904	0.16780562698841095	-0.03201854228973389	0.25000038743019104	0.2656426429748535	-0.021951405331492424	-0.051848385483026505	-0.25752535462379456	0.05768636241555214	-0.08743438124656677	0.10838419198989868	-0.1009165421128273	0.038035858422517776	-0.07425864040851593	0.18083874881267548	-0.04657803103327751	-0.13499724864959717	-0.18629659712314606	-0.21376661956310272	0.26630115509033203	0.1806349903345108	0.054432667791843414	0.07704287767410278	-0.159992054104805	-0.21121327579021454	0.17750497162342072
aGP-rh	-0.07029487937688828	0.5557276010513306	-0.22052302956581116	-0.1820092350244522	-0.24429543316364288	0.04366236925125122	0.5630555748939514	0.3786136507987976	0.39405715465545654	0.3403860330581665	0.2685548663139343	0.46437492966651917	0.426241010427475	-0.2899201214313507	0.3510010838508606	0.3244047462940216	-0.007173145655542612	0.19321668148040771	0.29980984330177307	-0.0376250296831131	-0.21569277346134186	0.21324194967746735	0.37537625432014465	-0.054470717906951904	1.0	0.41596719622612	-0.16285912692546844	-0.2520344853401184	0.040134698152542114	-0.16659705340862274	0.14316605031490326	0.20304539799690247	0.03330444172024727	-0.00902530923485756	-0.17286910116672516	0.18602700531482697	0.1634548157453537	0.3332202136516571	0.10817684233188629	0.2400890737771988	0.32558581233024597	0.18239939212799072	0.02449820749461651	0.5808113813400269	0.6583737730979919	-0.2840788960456848	0.32118597626686096	-0.0374748520553112	0.592203676700592	0.5534892678260803
HIP-head-m-lh	0.4300692081451416	0.43229940533638	0.14047746360301971	0.08755546063184738	0.0762571319937706	0.43127545714378357	0.2569512128829956	-0.2221360057592392	0.08746609091758728	0.06889139860868454	0.13249471783638	0.12207590043544769	0.16578149795532227	-0.27421143651008606	0.10568992048501968	0.10156331956386566	-0.04114862158894539	0.1456093192100525	-0.09708508849143982	0.1025354340672493	0.36547547578811646	0.01031660195440054	-0.07784634828567505	0.16780562698841095	0.41596719622612	1.0	0.2160869687795639	0.1740853190422058	0.049264851957559586	-0.022975154221057892	0.20136144757270813	0.13457000255584717	-0.04276655614376068	0.05868024379014969	-0.16247700154781342	0.16007308661937714	0.20795133709907532	0.2803839445114136	0.02959098294377327	0.14809086918830872	0.15789289772510529	0.09413023293018341	-0.1222548857331276	0.31543123722076416	0.21696072816848755	0.1716945767402649	0.15588095784187317	-0.10604202747344971	0.07888168096542358	0.39110758900642395
HIP-head-l-l	0.6763285398483276	0.22488345205783844	0.34009188413619995	0.29330193996429443	-0.006991066038608551	0.09668857604265213	-0.03399548679590225	-0.45734310150146484	-0.30996012687683105	-0.15218588709831238	0.07702699303627014	-0.17493808269500732	-0.1555255800485611	-0.053504008799791336	-0.3121565878391266	-0.1353493332862854	-0.19352342188358307	-0.20500034093856812	-0.3063206374645233	0.14553165435791016	0.16200266778469086	0.12357624620199203	0.07142633199691772	-0.03201854228973389	-0.16285912692546844	0.2160869687795639	1.0	0.3194866180419922	0.009702825918793678	0.33568084239959717	0.24509519338607788	0.12908846139907837	-0.09752447158098221	0.05130486190319061	0.02168748900294304	0.040722060948610306	0.1024850532412529	0.12413053214550018	-0.07056742161512375	-0.1910170167684555	-0.0008030417375266552	-0.16505341231822968	-0.17864283919334412	-0.03481291979551315	-0.17305223643779755	0.0723152682185173	-0.009600438177585602	0.0555395744740963	0.021195964887738228	-0.1362665742635727
HIP-body-l	0.46996986865997314	-0.015506863594055176	0.7614832520484924	0.4431828558444977	0.13318508863449097	0.23251938819885254	-0.2856273055076599	-0.3141380846500397	-0.33730053901672363	-0.28911471366882324	-0.3877812623977661	-0.28966084122657776	-0.1916840672492981	-0.04412848502397537	-0.2432878315448761	-0.2108672708272934	0.06635145097970963	-0.090053990483284	-0.1789185255765915	-0.011150509119033813	0.13071860373020172	0.09737008064985275	-0.12470722943544388	0.25000038743019104	-0.2520344853401184	0.1740853190422058	0.3194866180419922	1.0	0.44892412424087524	-0.0916961058974266	-0.18243055045604706	-0.25543656945228577	-0.10545341670513153	-0.1558089256286621	-0.1514706015586853	-0.3737253248691559	-0.25157681107521057	-0.2176344245672226	-0.166599303483963	0.031419724225997925	-0.16294769942760468	-0.24081926047801971	-0.21090734004974365	-0.28446269035339355	-0.05757568031549454	0.32241198420524597	0.0691671147942543	-0.11667933315038681	-0.45001599192619324	-0.0899706557393074
HIP-tail-lh	0.07683175057172775	0.12107518315315247	0.3965911865234375	0.5188804268836975	0.02325425110757351	0.22335194051265717	0.017077837139368057	-0.13693365454673767	-0.01556310337036848	0.04978500306606293	-0.13057754933834076	0.06718640774488449	0.10441036522388458	0.1008811667561531	0.04081476852297783	-0.10265158116817474	0.09504792839288712	0.11274740844964981	0.16188237071037292	0.0860673263669014	0.06926409900188446	0.0022456562146544456	0.06287664920091629	0.2656426429748535	0.040134698152542114	0.049264851957559586	0.009702825918793678	0.44892412424087524	1.0	-0.2145560085773468	-0.07032471150159836	-0.1197836846113205	-0.006489942781627178	0.11699780821800232	-0.19164395332336426	-0.03406210616230965	-0.017142735421657562	0.1547113060951233	0.1312396079301834	0.1450461745262146	0.08386978507041931	0.032808396965265274	0.09761842340230942	0.1264202743768692	0.18854920566082	0.07512946426868439	0.22519545257091522	0.0248007383197546	-0.12914714217185974	0.0558474175632
THA-VPm-lh	-0.028855327516794205	-0.16341249644756317	-0.07996059209108353	-0.0030611157417297363	0.41449540853500366	-0.03518137335777283	0.25778478384017944	-0.18130876123905182	0.03574448823928833	0.21676388382911682	0.21509787440299988	0.00754165556281805	0.051284488290548325	0.0969112366437912	0.19815772771835327	0.25716426968574524	0.353557288646698	0.07708482444286346	-0.16854025423526764	-0.01446877233684063	0.5041650533676147	0.1489046961069107	0.3065597414970398	-0.021951405331492424	-0.16659705340862274	-0.022975154221057892	0.33568084239959717	-0.0916961058974266	-0.2145560085773468	1.0	0.2437695860862732	0.5409451723098755	-0.07694018632173538	0.4169960021972656	0.45315128564834595	0.4213593006134033	0.17453107237815857	0.233667254447937	0.23970848321914673	0.11480677127838135	0.23598600924015045	0.300483763217926	0.3090314269065857	-0.016425156965851784	-0.28602471947669983	0.330358624458313	0.05987583100795746	0.3239513635635376	0.029744770377874374	-0.09158841520547867
THA-VPl-lh	0.19932051002979279	0.20541150867938995	-0.46243464946746826	-0.17316535115242004	-0.0266769677400589	0.27264243364334106	0.40189328789711	-0.2629530727863312	0.1516263633966446	0.11864113807678223	0.3506837785243988	0.0895330160856247	-0.03738761320710182	-0.18697331845760345	-0.1996658444404602	-0.1421280950307846	-0.29567086696624756	-0.06402145326137543	0.07802210003137589	0.11219380050897598	0.19419246912002563	0.14826516807079315	0.26909881830215454	-0.051848385483026505	0.14316605031490326	0.20136144757270813	0.24509519338607788	-0.18243055045604706	-0.07032471150159836	0.2437695860862732	1.0	0.33224040269851685	0.10333701223134995	0.4089828431606293	-0.11640015989542007	0.3436354398727417	0.21418897807598114	0.4524651765823364	0.14537252485752106	-0.12185139209032059	-0.017272088676691055	-0.037437792867422104	-0.08543431013822556	0.15475232899188995	0.20991377532482147	0.16180656850337982	0.10870524495840073	-0.09063322842121124	0.3194466531276703	-0.2041601836681366
THA-VAi-lh	-0.3160075843334198	0.0018354920903220773	-0.24066761136054993	0.11174490302801132	0.3496444523334503	-0.30497661232948303	0.5972500443458557	0.31258395314216614	0.5713981986045837	0.3017911911010742	0.5793077349662781	0.22116205096244812	0.2934727668762207	-0.03746696934103966	0.4586471915245056	0.4425598978996277	0.2838619351387024	0.376316100358963	-0.21574565768241882	-0.18121205270290375	0.3437652289867401	0.282269686460495	0.5256956219673157	-0.25752535462379456	0.20304539799690247	0.13457000255584717	0.12908846139907837	-0.25543656945228577	-0.1197836846113205	0.5409451723098755	0.33224040269851685	1.0	0.36500996351242065	0.6831911206245422	0.4392074942588806	0.7033393979072571	0.3995266556739807	0.43265828490257263	0.22443842887878418	0.3226783573627472	0.33077341318130493	0.5672657489776611	0.43028712272644043	0.28749749064445496	-0.225870281457901	0.4344302713871002	0.3908233940601349	0.4711734652519226	0.08466849476099014	0.11055127531290054
THA-VAs-lh	-0.2559439539909363	-0.42769455909729004	-0.2335710972547531	-0.17890705168247223	0.05060688778758049	-0.10861461609601974	0.35369884967803955	0.49170446395874023	0.22966481745243073	0.10695741325616837	0.5674511790275574	0.14567074179649353	0.14321380853652954	0.26226186752319336	0.15487954020500183	0.20114029943943024	-0.024341078475117683	0.5128999948501587	-0.21279571950435638	0.010064317844808102	-0.010831338353455067	0.17135484516620636	0.03256548196077347	0.05768636241555214	0.03330444172024727	-0.04276655614376068	-0.09752447158098221	-0.10545341670513153	-0.006489942781627178	-0.07694018632173538	0.10333701223134995	0.36500996351242065	1.0	0.38211533427238464	0.300160676240921	0.5038957595825195	0.42428135871887207	0.1963403970003128	0.2833607494831085	0.6499736905097961	0.34327369928359985	0.4944312572479248	0.3105936646461487	0.07197180390357971	-0.126593679189682	0.3103320598602295	0.26029810309410095	-0.030856944620609283	-0.1185997873544693	0.18138010799884796
THA-DAm-lh	-0.19366072118282318	0.01265278086066246	-0.36042407155036926	0.12512542307376862	0.24314142763614655	0.051086973398923874	0.4328051209449768	0.09610819071531296	0.5283812880516052	0.14674900472164154	0.4278964698314667	0.11736547946929932	0.11032984405755997	-0.10090077668428421	0.2977008819580078	0.34285613894462585	0.2152239829301834	0.06284681707620621	-0.11092264205217361	0.07043763250112534	0.4775964319705963	-0.08274070918560028	0.26547718048095703	-0.08743438124656677	-0.00902530923485756	0.05868024379014969	0.05130486190319061	-0.1558089256286621	0.11699780821800232	0.4169960021972656	0.4089828431606293	0.6831911206245422	0.38211533427238464	1.0	0.4555133879184723	0.5605770349502563	0.2680101990699768	0.47710952162742615	0.2014133483171463	0.3123528063297272	0.11346663534641266	0.43980443477630615	0.2732906937599182	0.2837096154689789	-0.029605479910969734	0.5863191485404968	0.12532776594161987	0.16053780913352966	-0.08922810852527618	-0.07043608278036118
THA-DAl-lh	-0.1260155737400055	-0.39012908935546875	-0.04727601632475853	-0.028417307883501053	0.46363696455955505	-0.119463711977005	0.26670414209365845	0.38721340894699097	0.17425096035003662	0.36170002818107605	0.4481343626976013	0.26582497358322144	0.1784469485282898	0.47322630882263184	0.22039265930652618	0.3760233223438263	0.48394903540611267	0.1787162572145462	-0.33370813727378845	0.16820335388183594	0.33831730484962463	-0.2120463103055954	0.053529877215623856	0.10838419198989868	-0.17286910116672516	-0.16247700154781342	0.02168748900294304	-0.1514706015586853	-0.19164395332336426	0.45315128564834595	-0.11640015989542007	0.4392074942588806	0.300160676240921	0.4555133879184723	1.0	0.3427293598651886	0.4980998635292053	0.31010809540748596	0.3714893162250519	0.33897435665130615	0.19141709804534912	0.46452265977859497	0.44725847244262695	0.032538093626499176	-0.3146321177482605	0.4764638841152191	-0.12456619739532471	0.36113569140434265	-0.2284213900566101	0.08450587093830109
PUT-VA-lh	-0.3458586037158966	-0.24014228582382202	-0.41291218996047974	-0.1626080423593521	0.027593063190579414	-0.1760941743850708	0.6572550535202026	0.2035021334886551	0.23268790543079376	0.4482647478580475	0.8051888346672058	0.5074493288993835	0.46024322509765625	0.18982338905334473	0.4614163041114807	0.4039941132068634	0.4001064896583557	0.5322514772415161	-0.10484666377305984	0.10795331746339798	0.26000452041625977	0.24468368291854858	0.4072934687137604	-0.1009165421128273	0.18602700531482697	0.16007308661937714	0.040722060948610306	-0.3737253248691559	-0.03406210616230965	0.4213593006134033	0.3436354398727417	0.7033393979072571	0.5038957595825195	0.5605770349502563	0.3427293598651886	1.0	0.6847282648086548	0.6463212966918945	0.5818055868148804	0.539618968963623	0.5490310788154602	0.7558218836784363	0.6553741693496704	0.33374255895614624	-0.023247405886650085	0.2759605944156647	0.20086529850959778	0.3460156321525574	0.1119246780872345	0.19239482283592224
PUT-DA-l	0.019994797185063362	-0.2296718806028366	-0.14293482899665833	-0.2661389708518982	0.17473572492599487	0.013583594001829624	0.5510308146476746	0.18624939024448395	-0.04957915470004082	0.6342242360115051	0.8097561597824097	0.7357036471366882	0.5092921257019043	0.5837437510490417	0.20330791175365448	0.2756483256816864	0.32868698239326477	0.4552049934864044	-0.30592888593673706	0.286201536655426	0.08564262092113495	-0.011029222048819065	0.036866411566734314	0.038035858422517776	0.1634548157453537	0.20795133709907532	0.1024850532412529	-0.25157681107521057	-0.017142735421657562	0.17453107237815857	0.21418897807598114	0.3995266556739807	0.42428135871887207	0.2680101990699768	0.4980998635292053	0.6847282648086548	1.0	0.7716473937034607	0.8127966523170471	0.4919104278087616	0.5787402987480164	0.5855260491371155	0.6094729900360107	0.23514969646930695	-0.005014273803681135	0.20139959454536438	0.0757749006152153	0.18068137764930725	0.05866554379463196	0.19655297696590424
PUT-VP-lh	0.07726900279521942	0.12762504816055298	-0.19872714579105377	-0.198510080575943	-0.061028819531202316	0.10191883146762848	0.5552148818969727	0.047911860048770905	0.031585972756147385	0.6564670205116272	0.6579369306564331	0.7485772371292114	0.6437054872512817	0.3056569993495941	0.30518239736557007	0.32677799463272095	0.29936128854751587	0.36005899310112	-0.009379344992339611	0.3654862642288208	0.12220834195613861	-0.06905388832092285	0.21550041437149048	-0.07425864040851593	0.3332202136516571	0.2803839445114136	0.12413053214550018	-0.2176344245672226	0.1547113060951233	0.233667254447937	0.4524651765823364	0.43265828490257263	0.1963403970003128	0.47710952162742615	0.31010809540748596	0.6463212966918945	0.7716473937034607	1.0	0.7473260760307312	0.42717644572257996	0.46000194549560547	0.563162624835968	0.5733015537261963	0.4714856743812561	0.3519459068775177	0.21868008375167847	0.0447903610765934	0.02620374970138073	0.25518518686294556	0.09584477543830872
PUT-DP-lh	-0.15520106256008148	-0.24781495332717896	-0.11379022896289825	-0.32259249687194824	0.06503692269325256	0.10532180964946747	0.400445818901062	0.1627756804227829	-0.18915897607803345	0.6357758045196533	0.6030014753341675	0.7920006513595581	0.6772728562355042	0.7101918458938599	0.293804794549942	0.3640722334384918	0.4994870126247406	0.43052762746810913	-0.013412993401288986	0.5000900626182556	-0.018047267571091652	-0.020856041461229324	0.061100203543901443	0.18083874881267548	0.10817684233188629	0.02959098294377327	-0.07056742161512375	-0.166599303483963	0.1312396079301834	0.23970848321914673	0.14537252485752106	0.22443842887878418	0.2833607494831085	0.2014133483171463	0.3714893162250519	0.5818055868148804	0.8127966523170471	0.7473260760307312	1.0	0.4996159076690674	0.6368533968925476	0.614753007888794	0.7001460790634155	0.21159930527210236	0.2088281661272049	0.11690974980592728	0.013283399865031242	0.041432905942201614	-0.08003689348697662	0.15932640433311462
