Node	HIP-head-m-rh	HIP-head-l-rh	HIP-body-rh	HIP-tail-rh	THA-VPm-rh	THA-VPl-rh	THA-VAi-rh	THA-VAs-rh	THA-DAm-rh	THA-DAl-rh	PUT-VA-rh	PUT-DA-rh	PUT-VP-rh	PUT-DP-rh	CAU-VA-rh	CAU-DA-rh	CAU-body-rh	CAU-tail-rh	lAMY-rh	mAMY-rh	THA-DP-rh	NAc-shell-rh	NAc-core-rh	pGP-rh	aGP-rh	HIP-head-m-lh	HIP-head-l-l	HIP-body-l	HIP-tail-lh	THA-VPm-lh	THA-VPl-lh	THA-VAi-lh	THA-VAs-lh	THA-DAm-lh	THA-DAl-lh	PUT-VA-lh	PUT-DA-l	PUT-VP-lh	PUT-DP-lh	CAU-VA-lh	CAU-DA-lh	CAU-body-lh	CAU-tail-lh	lAMY-lh	mAMY-lh	THA-DP-lh	NAc-shell-lh	NAc-core-lh	pGP-lh	aGP-lh
HIP-head-m-rh	1.0	0.4098049998283386	0.08680281788110733	0.04854355752468109	0.3131280541419983	-0.07926572859287262	0.09324861317873001	0.06979598104953766	-0.11529602855443954	0.171434223651886	0.04101308435201645	-0.05962381884455681	0.17539802193641663	0.11271332204341888	-0.004838225897401571	0.000182205272722058	0.1326044350862503	-0.13464708626270294	-0.013971380889415741	0.22866959869861603	-0.02179589495062828	0.2461872100830078	0.07072800397872925	-0.15220974385738373	-0.08627516776323318	0.4663645029067993	0.16063061356544495	-0.028995424509048462	0.10364563763141632	-0.1529056578874588	-0.14329111576080322	-0.06558147072792053	0.045211099088191986	-0.20847010612487793	-0.1391693651676178	-0.14957976341247559	0.022223692387342453	-0.025707431137561798	0.12312756478786469	0.0009916749550029635	-0.24495738744735718	-0.26334139704704285	-0.1860092431306839	0.13732798397541046	0.382103830575943	-0.19650235772132874	0.24105560779571533	0.008725753985345364	-0.017474936321377754	0.03184947744011879
HIP-head-l-rh	0.4098049998283386	1.0	0.23561765253543854	0.40398135781288147	0.0010550387669354677	0.08003135770559311	-0.007523457519710064	-0.24249084293842316	-0.006243437062948942	-0.10714322328567505	0.07099705934524536	-0.3220213055610657	-0.1896970123052597	-0.2622375786304474	-0.006412961054593325	-0.035842593759298325	0.04788713529706001	0.004832490812987089	0.06510856002569199	0.06835154443979263	0.1359245330095291	-0.0028470715042203665	0.10995082557201385	-0.08038248121738434	-0.008493179455399513	0.18144291639328003	0.3773198425769806	0.027088206261396408	0.12330596148967743	-0.17603707313537598	0.012809213250875473	-0.14824889600276947	-0.00289306603372097	-0.025475269183516502	0.012058394961059093	-0.17372822761535645	-0.31084245443344116	-0.2112397849559784	-0.40016812086105347	0.15082672238349915	-0.12679362297058105	-0.054296333342790604	-0.22125691175460815	0.050777483731508255	0.08225161582231522	0.13828277587890625	-0.06983526051044464	-0.03983869031071663	0.3224855959415436	0.061379119753837585
HIP-body-rh	0.08680281788110733	0.23561765253543854	1.0	0.10134915262460709	0.0969272255897522	-0.08980653434991837	-0.23467430472373962	-0.13950027525424957	-0.1442634016275406	0.01871967501938343	-0.058086663484573364	-0.06910192221403122	0.042898859828710556	-0.11491642892360687	-0.03256538137793541	0.030510321259498596	-0.07221560925245285	0.06234154850244522	-0.15233783423900604	0.010327980853617191	-0.02554904669523239	-0.23311667144298553	-0.06757204979658127	0.154032364487648	0.08055148273706436	0.05564725399017334	0.40990495681762695	0.269385427236557	0.32485267519950867	0.24000592529773712	-0.0010948149720206857	-0.1184147372841835	0.001988112460821867	-0.11441215127706528	-0.1847703754901886	0.04708268493413925	-0.125498428940773	-0.07259280979633331	0.0008170034852810204	0.03940002992749214	0.04547981172800064	-0.0017621328588575125	-0.021242884919047356	-0.26196160912513733	-0.04052925109863281	0.1117488294839859	-0.009844732470810413	-0.043787192553281784	-0.10759327560663223	0.1845584362745285
HIP-tail-rh	0.04854355752468109	0.40398135781288147	0.10134915262460709	1.0	0.15369275212287903	0.05974525585770607	-0.17696739733219147	-0.048988889902830124	-0.13139814138412476	-0.17929573357105255	-0.011811614967882633	-0.19600847363471985	-0.14563758671283722	-0.15945696830749512	-0.1360529512166977	-0.32322946190834045	-0.11860869079828262	0.026109300553798676	-0.13775436580181122	0.0841449499130249	0.03527305647730827	0.04756337031722069	-0.022620761767029762	-0.18088185787200928	0.07953450083732605	0.2841957211494446	0.3171271085739136	0.24063394963741302	0.18248052895069122	-0.1929197907447815	0.19026105105876923	-0.06593656539916992	-0.09047319740056992	-0.19005851447582245	-0.14278586208820343	-0.3331819772720337	-0.3355301022529602	-0.22469528019428253	-0.34461477398872375	-0.14560279250144958	-0.157136008143425	-0.12547382712364197	-0.18624287843704224	0.03683370351791382	0.015741175040602684	0.09530675411224365	-0.16707298159599304	-0.048624783754348755	0.13132427632808685	-0.15911151468753815
THA-VPm-rh	0.3131280541419983	0.0010550387669354677	0.0969272255897522	0.15369275212287903	1.0	0.1594066023826599	0.25749847292900085	0.24656085669994354	0.3936772346496582	0.3785214126110077	0.1897464096546173	0.21642468869686127	0.3786860406398773	0.3712399899959564	-0.08381390571594238	0.02486019767820835	0.32679489254951477	-0.019356904551386833	-0.041483163833618164	-0.05437930300831795	0.23690521717071533	0.2831936776638031	0.3403168022632599	-0.19719582796096802	0.07294340431690216	0.047232627868652344	0.01400508638471365	0.12341466546058655	-0.0032224615570157766	0.005036470014601946	-0.12445778399705887	0.09400282800197601	-0.06329232454299927	-0.1476447880268097	0.17892304062843323	0.1494913101196289	0.17201077938079834	0.2091822624206543	0.3435351550579071	0.024508927017450333	-0.00546038243919611	-0.21741943061351776	-0.10776791721582413	0.05828937515616417	-0.16662096977233887	0.05112432315945625	0.27934738993644714	0.29497674107551575	-0.04939378798007965	-0.13740812242031097
THA-VPl-rh	-0.07926572859287262	0.08003135770559311	-0.08980653434991837	0.05974525585770607	0.1594066023826599	1.0	0.36489853262901306	0.13711044192314148	0.2308884859085083	0.1800089031457901	0.4510402977466583	0.374080091714859	0.14717628061771393	0.16628950834274292	-0.498399019241333	-0.12757745385169983	-0.004099242389202118	-0.11442463099956512	0.1410464346408844	-0.3688715100288391	-0.041349295526742935	-0.07360682636499405	0.026922954246401787	0.1891646385192871	0.32770946621894836	-0.047099146991968155	0.27471110224723816	0.16600777208805084	0.0067443279549479485	0.12689346075057983	0.39466893672943115	0.3337074816226959	-0.019662003964185715	0.31392472982406616	0.19687017798423767	0.22781899571418762	0.16502448916435242	0.29785749316215515	0.16961953043937683	-0.04061882570385933	0.03054875321686268	-0.044337816536426544	0.07241720706224442	0.2587527930736542	0.08393226563930511	0.22346749901771545	-0.18900984525680542	0.026256484910845757	0.15998511016368866	0.17836758494377136
THA-VAi-rh	0.09324861317873001	-0.007523457519710064	-0.23467430472373962	-0.17696739733219147	0.25749847292900085	0.36489853262901306	1.0	0.3434089422225952	0.6273870468139648	0.4230477511882782	0.3605601489543915	0.19581188261508942	0.10996991395950317	0.18187305331230164	-0.09650122374296188	0.0320841409265995	0.323141872882843	0.025759585201740265	0.16633924841880798	-0.3766597807407379	0.059723615646362305	0.10843345522880554	0.39971980452537537	0.05155558884143829	0.30117979645729065	-0.19564002752304077	-0.04667818173766136	-0.34434765577316284	0.07036801427602768	-0.014551750384271145	0.10209155827760696	0.5639734864234924	0.27472248673439026	0.5381441116333008	0.533449113368988	0.32519567012786865	0.4591968357563019	0.33291617035865784	0.2636517882347107	0.31112751364707947	0.1461637318134308	0.3285009562969208	0.40228015184402466	0.4053371846675873	-0.18262401223182678	0.3017684519290924	-0.02178054489195347	0.3554987907409668	0.01324036531150341	0.18675492703914642
THA-VAs-rh	0.06979598104953766	-0.24249084293842316	-0.13950027525424957	-0.048988889902830124	0.24656085669994354	0.13711044192314148	0.3434089422225952	1.0	0.42876705527305603	0.4044555723667145	0.19808652997016907	0.1997162401676178	0.059175215661525726	0.23527459800243378	0.0014776014722883701	0.031172916293144226	0.28460952639579773	0.1931094378232956	0.0022625441197305918	-0.319960355758667	0.03951173275709152	0.12304151803255081	0.1778113842010498	-0.15596535801887512	0.32238516211509705	-0.005137639120221138	-0.22721610963344574	0.047507818788290024	0.2661899924278259	0.013899493031203747	0.19722282886505127	0.30646780133247375	0.20623107254505157	0.3460833430290222	0.3460358679294586	0.08000225573778152	0.26319730281829834	0.22516915202140808	0.2018948793411255	0.05619027838110924	-0.047110576182603836	0.08268355578184128	0.1324290782213211	0.17935873568058014	0.0003739573585335165	0.47428950667381287	0.10427836328744888	0.12358199059963226	-0.11006336659193039	0.06694144010543823
THA-DAm-rh	-0.11529602855443954	-0.006243437062948942	-0.1442634016275406	-0.13139814138412476	0.3936772346496582	0.2308884859085083	0.6273870468139648	0.42876705527305603	1.0	0.3732413947582245	0.28859835863113403	0.15431317687034607	-0.08883436024188995	0.12872867286205292	-0.04950432851910591	0.08132783323526382	0.25471973419189453	0.1385209709405899	0.10437756776809692	-0.19722987711429596	0.2470829039812088	-0.12581321597099304	0.33989235758781433	-0.09685846418142319	0.23721452057361603	-0.19840198755264282	-0.2380892038345337	-0.2626595199108124	0.005546948406845331	0.0951828807592392	-0.09336289763450623	0.36876481771469116	0.2630898952484131	0.42332008481025696	0.4913712441921234	0.3264434337615967	0.3575637936592102	0.1538485437631607	0.15782353281974792	0.20367887616157532	0.062176626175642014	0.2821880578994751	0.2189917415380478	0.11513707786798477	-0.31516993045806885	0.37477290630340576	-0.05570031702518463	0.32596707344055176	0.15646207332611084	0.12138433009386063
THA-DAl-rh	0.171434223651886	-0.10714322328567505	0.01871967501938343	-0.17929573357105255	0.3785214126110077	0.1800089031457901	0.4230477511882782	0.4044555723667145	0.3732413947582245	1.0	0.18548475205898285	0.24414469301700592	0.40966713428497314	0.5121238231658936	0.036273203790187836	0.0675765872001648	0.11961118876934052	0.19879432022571564	0.0023000147193670273	-0.42095980048179626	0.08419208228588104	0.06769183278083801	0.12605619430541992	-0.012888452038168907	0.1482735127210617	-0.16535571217536926	-0.21115274727344513	-0.18021993339061737	-0.0657510831952095	-0.12655594944953918	0.1049828752875328	0.31406107544898987	0.08017731457948685	0.22784753143787384	0.36288419365882874	0.22230567038059235	0.3487977385520935	0.5121773481369019	0.35843706130981445	0.17415067553520203	-0.0614779107272625	-0.10167140513658524	0.27700328826904297	0.10662037134170532	-0.17737650871276855	0.14699262380599976	0.17078830301761627	0.2196231633424759	-0.17147576808929443	0.006337421014904976
PUT-VA-rh	0.04101308435201645	0.07099705934524536	-0.058086663484573364	-0.011811614967882633	0.1897464096546173	0.4510402977466583	0.3605601489543915	0.19808652997016907	0.28859835863113403	0.18548475205898285	1.0	0.6363502740859985	0.08075103163719177	0.3289709687232971	0.13006669282913208	0.1745051145553589	0.3670271933078766	0.2672252953052521	-0.24269716441631317	-0.23082861304283142	0.03400678187608719	0.15028516948223114	0.4433744251728058	-0.09563077986240387	0.1890745609998703	0.1918916404247284	0.14849026501178741	-0.07814884930849075	0.06934672594070435	-0.021533414721488953	0.12783168256282806	0.3211994767189026	0.10059577971696854	0.2287369668483734	0.3080068826675415	0.7057165503501892	0.6204186081886292	0.3133338391780853	0.3964584767818451	0.5047308802604675	0.34937041997909546	0.3569663166999817	0.3228626549243927	-0.059678398072719574	-0.035119201987981796	0.1354960948228836	0.3340591490268707	0.3123915493488312	0.17155006527900696	0.3946871757507324
PUT-DA-rh	-0.05962381884455681	-0.3220213055610657	-0.06910192221403122	-0.19600847363471985	0.21642468869686127	0.374080091714859	0.19581188261508942	0.1997162401676178	0.15431317687034607	0.24414469301700592	0.6363502740859985	1.0	0.30107825994491577	0.6682898998260498	-0.015617216937243938	0.05293780192732811	0.1322319358587265	0.15316881239414215	-0.20656849443912506	-0.2925175726413727	-0.10266570746898651	0.07133357226848602	0.1578359305858612	-0.021204346790909767	0.1802331507205963	-0.01775461807847023	-0.17269578576087952	0.02239900268614292	0.004817721899598837	0.1977338194847107	0.1603945791721344	0.04531612619757652	0.009416039101779461	0.11254463344812393	0.3202875852584839	0.6266246438026428	0.7530744671821594	0.5806209444999695	0.5965391993522644	0.08064601570367813	0.23435381054878235	0.08618203550577164	0.3384309411048889	-0.17394818365573883	-0.1047525629401207	-0.03684550151228905	0.0710710734128952	0.25055140256881714	0.06340182572603226	0.1992880403995514
PUT-VP-rh	0.17539802193641663	-0.1896970123052597	0.042898859828710556	-0.14563758671283722	0.3786860406398773	0.14717628061771393	0.10996991395950317	0.059175215661525726	-0.08883436024188995	0.40966713428497314	0.08075103163719177	0.30107825994491577	1.0	0.7145788669586182	-0.29479700326919556	-0.1875186413526535	-0.22456973791122437	-0.2138330340385437	0.12235590815544128	-0.18262284994125366	0.04038562625646591	0.3621569871902466	-0.10373526066541672	0.23847128450870514	0.31208255887031555	-0.2945786714553833	0.18490542471408844	0.22700437903404236	-0.0363893024623394	0.18305806815624237	0.05705970525741577	-0.015153937041759491	-0.15450389683246613	-0.25870493054389954	-0.1086011677980423	0.24029040336608887	0.25179508328437805	0.62367844581604	0.41950181126594543	-0.15692447125911713	-0.2078036516904831	-0.4083954393863678	-0.1453053057193756	0.09292849153280258	0.10391048341989517	-0.015308099798858166	0.33745694160461426	0.043266426771879196	-0.22134101390838623	0.026993127539753914
PUT-DP-rh	0.11271332204341888	-0.2622375786304474	-0.11491642892360687	-0.15945696830749512	0.3712399899959564	0.16628950834274292	0.18187305331230164	0.23527459800243378	0.12872867286205292	0.5121238231658936	0.3289709687232971	0.6682898998260498	0.7145788669586182	1.0	-0.05863974988460541	0.007470940239727497	-0.00865637231618166	0.0618632473051548	-0.11031363904476166	-0.343974769115448	0.12176458537578583	0.3613264262676239	0.1366710513830185	-0.023145092651247978	0.15624821186065674	-0.23554359376430511	-0.12709778547286987	0.1238083764910698	0.11508307605981827	0.2029854953289032	-0.00366034684702754	-0.04918361455202103	-0.003366844728589058	-0.11827241629362106	0.15214161574840546	0.4286404848098755	0.5400277972221375	0.6646023988723755	0.5650374889373779	-0.054356422275304794	-0.0494893454015255	-0.191838800907135	0.18805049359798431	-0.06847988069057465	-0.14694176614284515	0.055850300937891006	0.2709556221961975	0.22504805028438568	0.07249873876571655	-0.03733273223042488
CAU-VA-rh	-0.004838225897401571	-0.006412961054593325	-0.03256538137793541	-0.1360529512166977	-0.08381390571594238	-0.498399019241333	-0.09650122374296188	0.0014776014722883701	-0.04950432851910591	0.036273203790187836	0.13006669282913208	-0.015617216937243938	-0.29479700326919556	-0.05863974988460541	1.0	0.6063671112060547	0.392541766166687	0.39274975657463074	-0.3600274622440338	0.16557158529758453	0.11809691041707993	0.11217677593231201	0.398585706949234	-0.330560564994812	-0.30511948466300964	0.09816048294305801	-0.3483928143978119	-0.3533199429512024	-0.07464449852705002	-0.25664418935775757	-0.3016047179698944	-0.106340192258358	0.18790161609649658	0.010402923449873924	0.23975978791713715	0.17799662053585052	0.14867529273033142	-0.16960297524929047	-0.0348057746887207	0.6761652827262878	0.4690592288970947	0.41607025265693665	0.21409988403320312	-0.38190650939941406	-0.2964220345020294	-0.20417732000350952	0.29693591594696045	0.3357314467430115	0.037939220666885376	0.019381677731871605
CAU-DA-rh	0.000182205272722058	-0.035842593759298325	0.030510321259498596	-0.32322946190834045	0.02486019767820835	-0.12757745385169983	0.0320841409265995	0.031172916293144226	0.08132783323526382	0.0675765872001648	0.1745051145553589	0.05293780192732811	-0.1875186413526535	0.007470940239727497	0.6063671112060547	1.0	0.49359849095344543	0.3897283375263214	-0.25621119141578674	0.056851256638765335	0.08286575227975845	-0.0005968689802102745	0.5456185936927795	-0.21106168627738953	-0.05985385924577713	0.05843006819486618	-0.1547965705394745	-0.36843153834342957	-0.054488323628902435	-0.03938679024577141	-0.12400561571121216	0.09448400884866714	0.3444914221763611	0.04252631589770317	0.1829281449317932	0.36600667238235474	0.19256238639354706	-0.11993702501058578	0.06850670278072357	0.44027993083000183	0.5628763437271118	0.504683792591095	0.18605490028858185	-0.17648833990097046	-0.4058859348297119	-0.0511879101395607	0.24671344459056854	0.4915607273578644	-0.053820643573999405	0.30082228779792786
CAU-body-rh	0.1326044350862503	0.04788713529706001	-0.07221560925245285	-0.11860869079828262	0.32679489254951477	-0.004099242389202118	0.323141872882843	0.28460952639579773	0.25471973419189453	0.11961118876934052	0.3670271933078766	0.1322319358587265	-0.22456973791122437	-0.00865637231618166	0.392541766166687	0.49359849095344543	1.0	0.3491785228252411	-0.1100025400519371	-0.1575649380683899	0.25348398089408875	0.19980117678642273	0.5738307237625122	-0.32618770003318787	-0.1068989485502243	0.11955323815345764	-0.1561511605978012	-0.16425979137420654	0.1461876928806305	-0.14727655053138733	-0.03599710762500763	0.1472577601671219	0.08805246651172638	0.28622347116470337	0.4063396155834198	0.2382434755563736	0.24224857985973358	-0.15143339335918427	0.23464637994766235	0.42771023511886597	0.5279331207275391	0.4292788803577423	0.24882009625434875	0.18552365899085999	-0.27744781970977783	0.1958446055650711	0.31180596351623535	0.34866389632225037	0.17464028298854828	0.1623126119375229
CAU-tail-rh	-0.13464708626270294	0.004832490812987089	0.06234154850244522	0.026109300553798676	-0.019356904551386833	-0.11442463099956512	0.025759585201740265	0.1931094378232956	0.1385209709405899	0.19879432022571564	0.2672252953052521	0.15316881239414215	-0.2138330340385437	0.0618632473051548	0.39274975657463074	0.3897283375263214	0.3491785228252411	1.0	-0.16295823454856873	-0.08550174534320831	0.022328941151499748	-0.038721468299627304	0.21014435589313507	-0.1570959836244583	-0.15483368933200836	-0.0016688019968569279	-0.18877798318862915	-0.2727300226688385	0.08097033202648163	0.08974559605121613	-0.023602278903126717	0.18761660158634186	0.29755160212516785	0.10316143929958344	0.2289234846830368	0.18518170714378357	0.1536494493484497	0.003417140105739236	0.24787931144237518	0.3738781213760376	0.1879332959651947	0.41724056005477905	0.27956724166870117	-0.20577579736709595	-0.27829885482788086	0.11601117998361588	0.06324247270822525	0.10883042216300964	0.020358223468065262	0.3036509156227112
lAMY-rh	-0.013971380889415741	0.06510856002569199	-0.15233783423900604	-0.13775436580181122	-0.041483163833618164	0.1410464346408844	0.16633924841880798	0.0022625441197305918	0.10437756776809692	0.0023000147193670273	-0.24269716441631317	-0.20656849443912506	0.12235590815544128	-0.11031363904476166	-0.3600274622440338	-0.25621119141578674	-0.1100025400519371	-0.16295823454856873	1.0	0.034278303384780884	0.14260482788085938	-0.04185831546783447	-0.2865288257598877	0.271780788898468	0.21813595294952393	-0.2139643430709839	0.16239674389362335	0.06813355535268784	-0.03937818109989166	0.03402434661984444	0.08397545665502548	-0.004545045085251331	-0.21124602854251862	0.2915641665458679	0.13395129144191742	-0.1588248312473297	-0.27502259612083435	-0.016449162736535072	-0.14573386311531067	-0.1669764667749405	-0.24848897755146027	-0.34357261657714844	-0.1954231560230255	0.4558352828025818	0.26691746711730957	0.09848526120185852	-0.19851486384868622	-0.3771101236343384	0.14096924662590027	-0.18837161362171173
mAMY-rh	0.22866959869861603	0.06835154443979263	0.010327980853617191	0.0841449499130249	-0.05437930300831795	-0.3688715100288391	-0.3766597807407379	-0.319960355758667	-0.19722987711429596	-0.42095980048179626	-0.23082861304283142	-0.2925175726413727	-0.18262284994125366	-0.343974769115448	0.16557158529758453	0.056851256638765335	-0.1575649380683899	-0.08550174534320831	0.034278303384780884	1.0	-0.16823029518127441	-0.07096703350543976	-0.02453543432056904	-0.00558357173576951	-0.11569496244192123	0.4031318724155426	-0.0440300852060318	-0.23350302875041962	-0.23534388840198517	0.03237620368599892	-0.4253172278404236	-0.15774370729923248	-0.06524714827537537	-0.46411821246147156	-0.41666117310523987	-0.18793363869190216	-0.24109391868114471	-0.4848812520503998	-0.15200957655906677	-0.0005711436970159411	0.028294114395976067	-0.057675234973430634	-0.3362256586551666	-0.18317987024784088	0.33776378631591797	-0.47911345958709717	-0.003345274133607745	0.017787562683224678	-0.005444483365863562	0.04101090878248215
THA-DP-rh	-0.02179589495062828	0.1359245330095291	-0.02554904669523239	0.03527305647730827	0.23690521717071533	-0.041349295526742935	0.059723615646362305	0.03951173275709152	0.2470829039812088	0.08419208228588104	0.03400678187608719	-0.10266570746898651	0.04038562625646591	0.12176458537578583	0.11809691041707993	0.08286575227975845	0.25348398089408875	0.022328941151499748	0.14260482788085938	-0.16823029518127441	1.0	0.057864073663949966	0.05441643297672272	-0.0758410096168518	-0.12404949218034744	-0.33212125301361084	0.08789057284593582	0.2853061258792877	0.21142148971557617	0.10798747837543488	-0.11738444864749908	0.014114045538008213	0.025983568280935287	0.1582658588886261	0.1048402413725853	0.04833616688847542	-0.0806180089712143	0.007789142895489931	-0.045771274715662	0.04619742929935455	-0.12446624040603638	0.05774899572134018	-0.06674176454544067	0.1731380969285965	-0.34047529101371765	0.1795583814382553	0.09482724964618683	-0.16207996010780334	0.21737384796142578	0.024027405306696892
NAc-shell-rh	0.2461872100830078	-0.0028470715042203665	-0.23311667144298553	0.04756337031722069	0.2831936776638031	-0.07360682636499405	0.10843345522880554	0.12304151803255081	-0.12581321597099304	0.06769183278083801	0.15028516948223114	0.07133357226848602	0.3621569871902466	0.3613264262676239	0.11217677593231201	-0.0005968689802102745	0.19980117678642273	-0.038721468299627304	-0.04185831546783447	-0.07096703350543976	0.057864073663949966	1.0	0.46735262870788574	-0.14071202278137207	-0.14451511204242706	0.10722488909959793	0.06775018572807312	0.11581771820783615	0.06738364696502686	-0.239251971244812	0.07693392038345337	-0.09993331879377365	0.03592056781053543	-0.3276204764842987	0.037217386066913605	0.08060812950134277	0.08202645182609558	0.2612884044647217	0.20490889251232147	0.1307496279478073	-0.041474632918834686	-0.14146769046783447	0.0738144963979721	0.026568308472633362	-0.08368618786334991	0.0072101689875125885	0.6274378299713135	0.12588326632976532	0.040012627840042114	-0.257383793592453
NAc-core-rh	0.07072800397872925	0.10995082557201385	-0.06757204979658127	-0.022620761767029762	0.3403168022632599	0.026922954246401787	0.39971980452537537	0.1778113842010498	0.33989235758781433	0.12605619430541992	0.4433744251728058	0.1578359305858612	-0.10373526066541672	0.1366710513830185	0.398585706949234	0.5456185936927795	0.5738307237625122	0.21014435589313507	-0.2865288257598877	-0.02453543432056904	0.05441643297672272	0.46735262870788574	1.0	-0.21682097017765045	0.04525521770119667	0.16909414529800415	-0.020275583490729332	-0.25447848439216614	0.0634649246931076	-0.19058513641357422	-0.08399905264377594	0.1709250658750534	0.2905104458332062	0.056555505841970444	0.41224586963653564	0.44446900486946106	0.34366512298583984	0.04673423990607262	0.11931516975164413	0.5141634941101074	0.4841007888317108	0.4677947759628296	0.3513592481613159	-0.09855171293020248	-0.4426724910736084	0.18060055375099182	0.4188883602619171	0.6666125655174255	0.11872085183858871	0.05939536914229393
pGP-rh	-0.15220974385738373	-0.08038248121738434	0.154032364487648	-0.18088185787200928	-0.19719582796096802	0.1891646385192871	0.05155558884143829	-0.15596535801887512	-0.09685846418142319	-0.012888452038168907	-0.09563077986240387	-0.021204346790909767	0.23847128450870514	-0.023145092651247978	-0.330560564994812	-0.21106168627738953	-0.32618770003318787	-0.1570959836244583	0.271780788898468	-0.00558357173576951	-0.0758410096168518	-0.14071202278137207	-0.21682097017765045	1.0	0.21327677369117737	-0.24411290884017944	0.13439269363880157	0.09909947216510773	0.11755748838186264	0.24497272074222565	0.015527954325079918	0.11630919575691223	-0.05912097170948982	0.14559213817119598	-0.13443134725093842	0.14729207754135132	0.01337086409330368	0.0811517983675003	-0.036277446895837784	-0.17232173681259155	-0.06724821776151657	0.0014268388040363789	-0.07126329094171524	0.06272811442613602	0.25969192385673523	-0.00893713254481554	-0.15152741968631744	-0.1818414181470871	-0.1711982935667038	0.09944981336593628
aGP-rh	-0.08627516776323318	-0.008493179455399513	0.08055148273706436	0.07953450083732605	0.07294340431690216	0.32770946621894836	0.30117979645729065	0.32238516211509705	0.23721452057361603	0.1482735127210617	0.1890745609998703	0.1802331507205963	0.31208255887031555	0.15624821186065674	-0.30511948466300964	-0.05985385924577713	-0.1068989485502243	-0.15483368933200836	0.21813595294952393	-0.11569496244192123	-0.12404949218034744	-0.14451511204242706	0.04525521770119667	0.21327677369117737	1.0	-0.1406126469373703	0.2613241374492645	0.036689914762973785	0.188151553273201	0.29860416054725647	0.26320821046829224	0.31781619787216187	-0.07008920609951019	0.21900838613510132	0.2729431390762329	0.26503241062164307	0.22516967356204987	0.17541766166687012	0.03177296370267868	0.014814785681664944	0.13400857150554657	0.06440453231334686	-0.040230829268693924	0.20527906715869904	0.0715649351477623	0.2881229519844055	-0.04969039559364319	0.29780814051628113	-0.07317055761814117	0.16250671446323395
HIP-head-m-lh	0.4663645029067993	0.18144291639328003	0.05564725399017334	0.2841957211494446	0.047232627868652344	-0.047099146991968155	-0.19564002752304077	-0.005137639120221138	-0.19840198755264282	-0.16535571217536926	0.1918916404247284	-0.01775461807847023	-0.2945786714553833	-0.23554359376430511	0.09816048294305801	0.05843006819486618	0.11955323815345764	-0.0016688019968569279	-0.2139643430709839	0.4031318724155426	-0.33212125301361084	0.10722488909959793	0.16909414529800415	-0.24411290884017944	-0.1406126469373703	1.0	0.15725381672382355	-0.05268670246005058	0.025410400703549385	-0.3266788125038147	0.021097999066114426	-0.06059327721595764	0.043970897793769836	-0.2976381778717041	-0.3664221465587616	-0.16329339146614075	-0.04764586314558983	-0.3585066795349121	0.08274379372596741	0.053726501762866974	0.10974632948637009	-0.01658450812101364	0.024299733340740204	-0.12118873000144958	0.3557319939136505	-0.26335716247558594	0.1735258847475052	0.12817654013633728	0.007739701308310032	-0.034157268702983856
HIP-head-l-l	0.16063061356544495	0.3773198425769806	0.40990495681762695	0.3171271085739136	0.01400508638471365	0.27471110224723816	-0.04667818173766136	-0.22721610963344574	-0.2380892038345337	-0.21115274727344513	0.14849026501178741	-0.17269578576087952	0.18490542471408844	-0.12709778547286987	-0.3483928143978119	-0.1547965705394745	-0.1561511605978012	-0.18877798318862915	0.16239674389362335	-0.0440300852060318	0.08789057284593582	0.06775018572807312	-0.020275583490729332	0.13439269363880157	0.2613241374492645	0.15725381672382355	1.0	0.4065904915332794	0.2853395342826843	0.10683348029851913	0.31534942984580994	0.15525078773498535	-0.017636070027947426	-0.013935137540102005	-0.25582900643348694	0.02897474728524685	-0.175871804356575	-0.12219905853271484	-0.13319818675518036	-0.027748102322220802	-0.0670986920595169	-0.047801144421100616	0.008379419334232807	0.1479293555021286	0.13144421577453613	0.19499778747558594	0.07428353279829025	-0.1799864023923874	0.04557150974869728	0.08118302375078201
HIP-body-l	-0.028995424509048462	0.027088206261396408	0.269385427236557	0.24063394963741302	0.12341466546058655	0.16600777208805084	-0.34434765577316284	0.047507818788290024	-0.2626595199108124	-0.18021993339061737	-0.07814884930849075	0.02239900268614292	0.22700437903404236	0.1238083764910698	-0.3533199429512024	-0.36843153834342957	-0.16425979137420654	-0.2727300226688385	0.06813355535268784	-0.23350302875041962	0.2853061258792877	0.11581771820783615	-0.25447848439216614	0.09909947216510773	0.036689914762973785	-0.05268670246005058	0.4065904915332794	1.0	0.3024608790874481	0.3118418753147125	0.07701067626476288	-0.23872442543506622	-0.23845991492271423	-0.08983680605888367	-0.24984896183013916	-0.22202791273593903	-0.3080274164676666	0.04660879820585251	-0.11865383386611938	-0.40880048274993896	-0.31535816192626953	-0.37010735273361206	-0.32100391387939453	-0.039839453995227814	0.1074957326054573	0.30105292797088623	0.011538105085492134	-0.41351932287216187	0.0068583241663873196	-0.2899996042251587
HIP-tail-lh	0.10364563763141632	0.12330596148967743	0.32485267519950867	0.18248052895069122	-0.0032224615570157766	0.0067443279549479485	0.07036801427602768	0.2661899924278259	0.005546948406845331	-0.0657510831952095	0.06934672594070435	0.004817721899598837	-0.0363893024623394	0.11508307605981827	-0.07464449852705002	-0.054488323628902435	0.1461876928806305	0.08097033202648163	-0.03937818109989166	-0.23534388840198517	0.21142148971557617	0.06738364696502686	0.0634649246931076	0.11755748838186264	0.188151553273201	0.025410400703549385	0.2853395342826843	0.3024608790874481	1.0	0.18223170936107635	0.008441469632089138	-0.04739927873015404	0.0931079164147377	0.2248343676328659	-0.004630016628652811	0.11034394055604935	0.1162276417016983	-0.05444512888789177	0.09653522074222565	-0.038753531873226166	0.11109976470470428	0.2275254875421524	0.26861289143562317	0.0369119755923748	-0.010720493271946907	0.41408881545066833	-0.09447207301855087	0.0013806781498715281	0.04368771240115166	0.00967791024595499
THA-VPm-lh	-0.1529056578874588	-0.17603707313537598	0.24000592529773712	-0.1929197907447815	0.005036470014601946	0.12689346075057983	-0.014551750384271145	0.013899493031203747	0.0951828807592392	-0.12655594944953918	-0.021533414721488953	0.1977338194847107	0.18305806815624237	0.2029854953289032	-0.25664418935775757	-0.03938679024577141	-0.14727655053138733	0.08974559605121613	0.03402434661984444	0.03237620368599892	0.10798747837543488	-0.239251971244812	-0.19058513641357422	0.24497272074222565	0.29860416054725647	-0.3266788125038147	0.10683348029851913	0.3118418753147125	0.18223170936107635	1.0	-0.16117946803569794	0.06259161978960037	0.09953449666500092	-0.04225311055779457	-0.0791626125574112	0.1357448548078537	0.06598562002182007	0.01585470512509346	0.1771516650915146	-0.2270067185163498	-0.023275617510080338	0.06453274190425873	-0.14043009281158447	-0.1459667831659317	-0.03301168233156204	0.2237919718027115	-0.13276135921478271	-0.038419533520936966	0.03604428470134735	0.13835427165031433
THA-VPl-lh	-0.14329111576080322	0.012809213250875473	-0.0010948149720206857	0.19026105105876923	-0.12445778399705887	0.39466893672943115	0.10209155827760696	0.19722282886505127	-0.09336289763450623	0.1049828752875328	0.12783168256282806	0.1603945791721344	0.05705970525741577	-0.00366034684702754	-0.3016047179698944	-0.12400561571121216	-0.03599710762500763	-0.023602278903126717	0.08397545665502548	-0.4253172278404236	-0.11738444864749908	0.07693392038345337	-0.08399905264377594	0.015527954325079918	0.26320821046829224	0.021097999066114426	0.31534942984580994	0.07701067626476288	0.008441469632089138	-0.16117946803569794	1.0	0.2406303584575653	0.0022532925941050053	0.23595914244651794	0.22401851415634155	0.10112819075584412	0.06113530695438385	0.24094755947589874	-0.001274388749152422	-0.16761547327041626	-0.10045082867145538	-0.04543052241206169	0.22883100807666779	0.2787623405456543	-0.06957914680242538	0.2506846487522125	-0.0009886138141155243	-0.07039095461368561	0.08649073541164398	0.05687643215060234
THA-VAi-lh	-0.06558147072792053	-0.14824889600276947	-0.1184147372841835	-0.06593656539916992	0.09400282800197601	0.3337074816226959	0.5639734864234924	0.30646780133247375	0.36876481771469116	0.31406107544898987	0.3211994767189026	0.04531612619757652	-0.015153937041759491	-0.04918361455202103	-0.106340192258358	0.09448400884866714	0.1472577601671219	0.18761660158634186	-0.004545045085251331	-0.15774370729923248	0.014114045538008213	-0.09993331879377365	0.1709250658750534	0.11630919575691223	0.31781619787216187	-0.06059327721595764	0.15525078773498535	-0.23872442543506622	-0.04739927873015404	0.06259161978960037	0.2406303584575653	1.0	0.36359310150146484	0.4072704613208771	0.21284660696983337	0.18390275537967682	0.2745492458343506	0.04677388072013855	0.17608825862407684	0.28647056221961975	0.12245424836874008	0.4099303185939789	0.320648193359375	0.26470133662223816	-0.10018289089202881	0.2173716127872467	0.045521773397922516	0.0779719427227974	-0.15575401484966278	0.336917519569397
THA-VAs-lh	0.045211099088191986	-0.00289306603372097	0.001988112460821867	-0.09047319740056992	-0.06329232454299927	-0.019662003964185715	0.27472248673439026	0.20623107254505157	0.2630898952484131	0.08017731457948685	0.10059577971696854	0.009416039101779461	-0.15450389683246613	-0.003366844728589058	0.18790161609649658	0.3444914221763611	0.08805246651172638	0.29755160212516785	-0.21124602854251862	-0.06524714827537537	0.025983568280935287	0.03592056781053543	0.2905104458332062	-0.05912097170948982	-0.07008920609951019	0.043970897793769836	-0.017636070027947426	-0.23845991492271423	0.0931079164147377	0.09953449666500092	0.0022532925941050053	0.36359310150146484	1.0	0.14558379352092743	0.03641326725482941	0.07480953633785248	0.24817821383476257	0.06309357285499573	0.127152219414711	0.2808988094329834	0.13221803307533264	0.5387520790100098	0.3969409465789795	-0.00014311051927506924	-0.10887707769870758	0.29564163088798523	-0.030219409614801407	0.09667876362800598	-0.06621114164590836	0.2935326397418976
THA-DAm-lh	-0.20847010612487793	-0.025475269183516502	-0.11441215127706528	-0.19005851447582245	-0.1476447880268097	0.31392472982406616	0.5381441116333008	0.3460833430290222	0.42332008481025696	0.22784753143787384	0.2287369668483734	0.11254463344812393	-0.25870493054389954	-0.11827241629362106	0.010402923449873924	0.04252631589770317	0.28622347116470337	0.10316143929958344	0.2915641665458679	-0.46411821246147156	0.1582658588886261	-0.3276204764842987	0.056555505841970444	0.14559213817119598	0.21900838613510132	-0.2976381778717041	-0.013935137540102005	-0.08983680605888367	0.2248343676328659	-0.04225311055779457	0.23595914244651794	0.4072704613208771	0.14558379352092743	1.0	0.6129347681999207	0.2137528955936432	0.2544003427028656	0.0778716504573822	-0.05020792782306671	0.25586044788360596	0.2067938894033432	0.3747549057006836	0.3758006989955902	0.2761753499507904	-0.054806534200906754	0.4721677899360657	-0.30389267206192017	-0.07711953669786453	0.1773787885904312	0.14324422180652618
THA-DAl-lh	-0.1391693651676178	0.012058394961059093	-0.1847703754901886	-0.14278586208820343	0.17892304062843323	0.19687017798423767	0.533449113368988	0.3460358679294586	0.4913712441921234	0.36288419365882874	0.3080068826675415	0.3202875852584839	-0.1086011677980423	0.15214161574840546	0.23975978791713715	0.1829281449317932	0.4063396155834198	0.2289234846830368	0.13395129144191742	-0.41666117310523987	0.1048402413725853	0.037217386066913605	0.41224586963653564	-0.13443134725093842	0.2729431390762329	-0.3664221465587616	-0.25582900643348694	-0.24984896183013916	-0.004630016628652811	-0.0791626125574112	0.22401851415634155	0.21284660696983337	0.03641326725482941	0.6129347681999207	1.0	0.41467881202697754	0.38260549306869507	0.2982602119445801	0.015446223318576813	0.3798120617866516	0.24256440997123718	0.23120564222335815	0.31370630860328674	0.13515999913215637	-0.4196678102016449	0.3289214074611664	-0.009906874969601631	0.3003101050853729	0.2774313986301422	-0.05436224862933159
PUT-VA-lh	-0.14957976341247559	-0.17372822761535645	0.04708268493413925	-0.3331819772720337	0.1494913101196289	0.22781899571418762	0.32519567012786865	0.08000225573778152	0.3264434337615967	0.22230567038059235	0.7057165503501892	0.6266246438026428	0.24029040336608887	0.4286404848098755	0.17799662053585052	0.36600667238235474	0.2382434755563736	0.18518170714378357	-0.1588248312473297	-0.18793363869190216	0.04833616688847542	0.08060812950134277	0.44446900486946106	0.14729207754135132	0.26503241062164307	-0.16329339146614075	0.02897474728524685	-0.22202791273593903	0.11034394055604935	0.1357448548078537	0.10112819075584412	0.18390275537967682	0.07480953633785248	0.2137528955936432	0.41467881202697754	1.0	0.7417619824409485	0.42625892162323	0.3836894631385803	0.408975213766098	0.48557016253471375	0.4126277267932892	0.3909143805503845	-0.15287712216377258	-0.29545819759368896	0.1218552216887474	0.29250529408454895	0.4810187518596649	0.05884649604558945	0.3745984435081482
PUT-DA-l	0.022223692387342453	-0.31084245443344116	-0.125498428940773	-0.3355301022529602	0.17201077938079834	0.16502448916435242	0.4591968357563019	0.26319730281829834	0.3575637936592102	0.3487977385520935	0.6204186081886292	0.7530744671821594	0.25179508328437805	0.5400277972221375	0.14867529273033142	0.19256238639354706	0.24224857985973358	0.1536494493484497	-0.27502259612083435	-0.24109391868114471	-0.0806180089712143	0.08202645182609558	0.34366512298583984	0.01337086409330368	0.22516967356204987	-0.04764586314558983	-0.175871804356575	-0.3080274164676666	0.1162276417016983	0.06598562002182007	0.06113530695438385	0.2745492458343506	0.24817821383476257	0.2544003427028656	0.38260549306869507	0.7417619824409485	1.0	0.5568398833274841	0.6617633700370789	0.3045433461666107	0.35368290543556213	0.3967694938182831	0.5339748859405518	-0.14100711047649384	-0.13746869564056396	0.027071882039308548	0.15707002580165863	0.40534135699272156	-0.08964721113443375	0.29971298575401306
PUT-VP-lh	-0.025707431137561798	-0.2112397849559784	-0.07259280979633331	-0.22469528019428253	0.2091822624206543	0.29785749316215515	0.33291617035865784	0.22516915202140808	0.1538485437631607	0.5121773481369019	0.3133338391780853	0.5806209444999695	0.62367844581604	0.6646023988723755	-0.16960297524929047	-0.11993702501058578	-0.15143339335918427	0.003417140105739236	-0.016449162736535072	-0.4848812520503998	0.007789142895489931	0.2612884044647217	0.04673423990607262	0.0811517983675003	0.17541766166687012	-0.3585066795349121	-0.12219905853271484	0.04660879820585251	-0.05444512888789177	0.01585470512509346	0.24094755947589874	0.04677388072013855	0.06309357285499573	0.0778716504573822	0.2982602119445801	0.42625892162323	0.5568398833274841	1.0	0.5006294846534729	-0.018840251490473747	-0.18095238506793976	-0.13676489889621735	0.16271260380744934	-0.04548455774784088	-0.10792556405067444	0.15489794313907623	0.0754772201180458	0.03661095350980759	-0.24986840784549713	0.11518266797065735
PUT-DP-lh	0.12312756478786469	-0.40016812086105347	0.0008170034852810204	-0.34461477398872375	0.3435351550579071	0.16961953043937683	0.2636517882347107	0.2018948793411255	0.15782353281974792	0.35843706130981445	0.3964584767818451	0.5965391993522644	0.41950181126594543	0.5650374889373779	-0.0348057746887207	0.06850670278072357	0.23464637994766235	0.24787931144237518	-0.14573386311531067	-0.15200957655906677	-0.045771274715662	0.20490889251232147	0.11931516975164413	-0.036277446895837784	0.03177296370267868	0.08274379372596741	-0.13319818675518036	-0.11865383386611938	0.09653522074222565	0.1771516650915146	-0.001274388749152422	0.17608825862407684	0.127152219414711	-0.05020792782306671	0.015446223318576813	0.3836894631385803	0.6617633700370789	0.5006294846534729	1.0	0.0923747643828392	0.08625631034374237	0.04072604700922966	0.2823156416416168	-0.07328573614358902	0.07581331580877304	-0.13689397275447845	0.231748566031456	0.1578204482793808	-0.16635596752166748	0.1929018497467041
