CEREBELLUM_LEFT	THALAMUS_LEFT	CAUDATE_LEFT	PUTAMEN_LEFT	PALLIDUM_LEFT	BRAIN_STEM	HIPPOCAMPUS_LEFT	AMYGDALA_LEFT	ACCUMBENS_LEFT	DIENCEPHALON_VENTRAL_LEFT	CEREBELLUM_RIGHT	THALAMUS_RIGHT	CAUDATE_RIGHT	PUTAMEN_RIGHT	PALLIDUM_RIGHT	HIPPOCAMPUS_RIGHT	AMYGDALA_RIGHT	ACCUMBENS_RIGHT	DIENCEPHALON_VENTRAL_RIGHT
-0.20289090275764465	0.007539437618106604	0.2788858711719513	0.01428689993917942	0.16310621798038483	-0.08805286139249802	-0.109077587723732	-0.03598056361079216	0.22324992716312408	-0.05933757498860359	-0.14024293422698975	-0.039340145885944366	0.2122490555047989	0.006788648199290037	-0.01882815919816494	-0.03648049384355545	0.12359003722667694	0.0029934390913695097	-0.04223321005702019
-0.20505064725875854	-0.011896947398781776	0.3286953568458557	0.052000999450683594	0.17856810986995697	-0.07039134949445724	-0.11495079100131989	-0.05335010960698128	0.18540939688682556	-0.05917345732450485	-0.14078593254089355	-0.027099231258034706	0.26742008328437805	0.008324909955263138	-0.03174542263150215	-0.04748135060071945	0.18758155405521393	-0.02345212548971176	-0.03473996743559837
-0.1733522266149521	-0.03586085885763168	0.330914705991745	0.07167831808328629	0.1537426859140396	-0.04827440530061722	-0.10076121240854263	-0.05817816033959389	0.10033660382032394	-0.06051170453429222	-0.11030755937099457	-0.012680841609835625	0.28768086433410645	-0.008075416088104248	-0.04016637057065964	-0.05303359404206276	0.24486564099788666	-0.03648258000612259	-0.034440793097019196
-0.1118251383304596	-0.061896029859781265	0.28178566694259644	0.06874413043260574	0.09159237891435623	-0.025712667033076286	-0.06979992985725403	-0.052753765136003494	-0.020558342337608337	-0.059448931366205215	-0.05306432396173477	0.0014511840417981148	0.2698364555835724	-0.035681333392858505	-0.04305968061089516	-0.049592867493629456	0.2874630391597748	-0.03611929342150688	-0.03968994691967964
-0.03221428394317627	-0.08476529270410538	0.19439901411533356	0.04660889506340027	0.006108546629548073	-0.005676866043359041	-0.031820252537727356	-0.04421062394976616	-0.1476839929819107	-0.05189792439341545	0.019008396193385124	0.01181751862168312	0.22062182426452637	-0.06451545655727386	-0.04017886519432068	-0.03553621843457222	0.3061118423938751	-0.02597634866833687	-0.04917512089014053
0.05082615837454796	-0.09767979383468628	0.09197261929512024	0.014598164707422256	-0.08334837853908539	0.009965459816157818	0.002604915527626872	-0.038285836577415466	-0.2496008574962616	-0.03833521157503128	0.0924515426158905	0.01508866436779499	0.15185382962226868	-0.08909479528665543	-0.03347404673695564	-0.013190195895731449	0.2933650314807892	-0.012361698783934116	-0.06033562868833542
0.123488649725914	-0.09499244391918182	-0.0037628181744366884	-0.020297473296523094	-0.15696869790554047	0.01962944120168686	0.026501189917325974	-0.03661634773015976	-0.30828657746315	-0.023093828931450844	0.15576381981372833	0.010628719814121723	0.07641500979661942	-0.10978258401155472	-0.02676965296268463	0.01208432950079441	0.24715662002563477	-0.0019036851590499282	-0.06697820127010345
0.17627929151058197	-0.07489512115716934	-0.07807457447052002	-0.05677681788802147	-0.20254774391651154	0.023124175146222115	0.03797958791255951	-0.040438681840896606	-0.3213135600090027	-0.008783497847616673	0.20167241990566254	0.000620594306383282	0.0050756367854774	-0.13105012476444244	-0.02369711734354496	0.034258365631103516	0.1714768260717392	0.003615888301283121	-0.06311137229204178
0.203865647315979	-0.04043707624077797	-0.12111952155828476	-0.09601636976003647	-0.21764376759529114	0.021501226350665092	0.04053971916437149	-0.052127011120319366	-0.29683858156204224	0.0059078168123960495	0.22696059942245483	-0.012315670028328896	-0.05450952798128128	-0.15791411697864532	-0.026092011481523514	0.049529459327459335	0.07770852744579315	0.00732002966105938	-0.046658895909786224
0.2044254094362259	0.002435052301734686	-0.12845487892627716	-0.14053702354431152	-0.20336763560771942	0.015341123566031456	0.041479986160993576	-0.0689602643251419	-0.24629275500774384	0.023508504033088684	0.23028717935085297	-0.026565752923488617	-0.09756575524806976	-0.19205151498317719	-0.03233575075864792	0.05905882641673088	-0.015918713063001633	0.012267125770449638	-0.018438242375850677
0.18143536150455475	0.047425758093595505	-0.10439785569906235	-0.1919674575328827	-0.16315941512584686	0.00456183310598135	0.04803428798913956	-0.07967261970043182	-0.17872600257396698	0.04541653022170067	0.21275728940963745	-0.04174419865012169	-0.12293651700019836	-0.2308485358953476	-0.036643367260694504	0.06714999675750732	-0.09150080382823944	0.01928427442908287	0.016666065901517868
0.14142756164073944	0.08810187876224518	-0.060131367295980453	-0.24512657523155212	-0.10446446388959885	-0.010566492564976215	0.06456518173217773	-0.0721559002995491	-0.10054324567317963	0.07141932845115662	0.17863266170024872	-0.05786043405532837	-0.13148197531700134	-0.2665044665336609	-0.03127050772309303	0.07661274075508118	-0.13822788000106812	0.028530288487672806	0.04730898514389992
0.08954302966594696	0.11783482879400253	-0.008829793892800808	-0.2882436513900757	-0.035863254219293594	-0.02840457670390606	0.09124383330345154	-0.040378522127866745	-0.0159140694886446	0.09866239130496979	0.13336706161499023	-0.07418316602706909	-0.12363898754119873	-0.28625354170799255	-0.011634310707449913	0.08715072274208069	-0.15280847251415253	0.04207497090101242	0.06090164557099342
0.03030487522482872	0.1320524960756302	0.03850879520177841	-0.309501588344574	0.03342805802822113	-0.045731641352176666	0.1224038228392601	0.01785569079220295	0.07156911492347717	0.12098487466573715	0.08273490518331528	-0.08946792781352997	-0.100824736058712	-0.27828454971313477	0.019079463556408882	0.0951390191912651	-0.1373406946659088	0.06390240043401718	0.052262645214796066
-0.03094537742435932	0.1292833536863327	0.07483235746622086	-0.30061742663383484	0.09360936284065247	-0.05918602645397186	0.14749978482723236	0.0996696725487709	0.15502242743968964	0.13059398531913757	0.03186485171318054	-0.10236979275941849	-0.06795381009578705	-0.23736053705215454	0.050175443291664124	0.0942569449543953	-0.09841546416282654	0.09606459736824036	0.02508237585425377
-0.0895487368106842	0.10916288197040558	0.09388954192399979	-0.2588290274143219	0.13996179401874542	-0.06652521342039108	0.15602494776248932	0.19053827226161957	0.22692915797233582	0.12149783968925476	-0.017232786864042282	-0.110741026699543	-0.03367122262716293	-0.16513875126838684	0.06895092874765396	0.079495869576931	-0.04555194824934006	0.13425789773464203	-0.013043774291872978
-0.1409299373626709	0.0718834400177002	0.08877496421337128	-0.18880218267440796	0.17310966551303864	-0.06675050407648087	0.14184874296188354	0.2697179317474365	0.2842288613319397	0.09223291277885437	-0.06503774225711823	-0.1115940660238266	-0.007622031029313803	-0.07011634111404419	0.06755376607179642	0.05036039650440216	0.013061530888080597	0.16717879474163055	-0.054926879703998566
-0.17958159744739532	0.019604772329330444	0.05617581680417061	-0.0995161309838295	0.19227315485477448	-0.060442857444286346	0.10469701886177063	0.32504773139953613	0.32569432258605957	0.0449095144867897	-0.11203502118587494	-0.10313800722360611	0.00469372421503067	0.0340377613902092	0.04566582292318344	0.011262442916631699	0.07322831451892853	0.18286848068237305	-0.09453023225069046
-0.2016589194536209	-0.04313501715660095	-0.001070566475391388	-0.000632688810583204	0.19484339654445648	-0.04949271306395531	0.0503910556435585	0.3550746440887451	0.34858715534210205	-0.01652577333152294	-0.15883401036262512	-0.08675969392061234	0.004242388531565666	0.1343323141336441	0.0082588205114007	-0.028669506311416626	0.13197340071201324	0.1763630360364914	-0.12609079480171204
-0.2064262479543686	-0.10944361984729767	-0.07522636651992798	0.0960824191570282	0.18104146420955658	-0.03572714328765869	-0.010475064627826214	0.3586704730987549	0.3515200614929199	-0.08564462512731552	-0.2070147544145584	-0.06609464436769485	-0.00453962804749608	0.22173549234867096	-0.037294965237379074	-0.05868469923734665	0.18195955455303192	0.1494072526693344	-0.14484719932079315
-0.19472286105155945	-0.16983985900878906	-0.15460844337940216	0.1774788796901703	0.1552770733833313	-0.020235521718859673	-0.06735678762197495	0.3321894109249115	0.3371346890926361	-0.15378093719482422	-0.2580631375312805	-0.0438184030354023	-0.015782684087753296	0.29117387533187866	-0.08235084265470505	-0.07178200036287308	0.2097138613462448	0.10486485064029694	-0.1484644114971161
-0.1693737804889679	-0.21369335055351257	-0.22454023361206055	0.23617401719093323	0.12510946393013	-0.003921487834304571	-0.11567454785108566	0.27438485622406006	0.31162095069885254	-0.21185383200645447	-0.3114900588989258	-0.019106872379779816	-0.02156931720674038	0.343976765871048	-0.11752321571111679	-0.06792658567428589	0.20012757182121277	0.045439913868904114	-0.13618658483028412
-0.1362370401620865	-0.23305396735668182	-0.27042141556739807	0.27543050050735474	0.09777788817882538	0.011677726171910763	-0.15747439861297607	0.1866021305322647	0.28270450234413147	-0.2516401708126068	-0.3631288409233093	0.011473224498331547	-0.015331226401031017	0.38775238394737244	-0.13441535830497742	-0.054627176374197006	0.1435803920030594	-0.022595098242163658	-0.1080048680305481
-0.10236292332410812	-0.22586815059185028	-0.2826008200645447	0.3064920902252197	0.07365195453166962	0.02422109805047512	-0.1963575929403305	0.07238219678401947	0.25533759593963623	-0.2677493691444397	-0.40429723262786865	0.04979332908987999	0.002549926284700632	0.42866554856300354	-0.12737517058849335	-0.04497184231877327	0.04344438388943672	-0.08817591518163681	-0.06638215482234955
-0.07437724620103836	-0.19598278403282166	-0.2614780366420746	0.34286388754844666	0.045402467250823975	0.03135104477405548	-0.23306842148303986	-0.05893084406852722	0.22954493761062622	-0.2601776719093323	-0.4245336353778839	0.09335068613290787	0.025185219943523407	0.46625879406929016	-0.09430602937936783	-0.0513143315911293	-0.08101800829172134	-0.1390947699546814	-0.01710529997944832
-0.05757875740528107	-0.15045417845249176	-0.21869786083698273	0.3932483494281769	0.007493758574128151	0.03165827691555023	-0.26505106687545776	-0.19048456847667694	0.20298267900943756	-0.2336011379957199	-0.4172579050064087	0.1363728940486908	0.04316595941781998	0.4961712062358856	-0.03807055950164795	-0.07686510682106018	-0.201247900724411	-0.16725511848926544	0.03357410058379173
-0.05245983600616455	-0.09613916277885437	-0.16967956721782684	0.45398157835006714	-0.03654838353395462	0.02549242600798607	-0.2883060872554779	-0.2983095943927765	0.17138245701789856	-0.1929072141647339	-0.38189399242401123	0.17228274047374725	0.04729602113366127	0.5117382407188416	0.03275217115879059	-0.11339783668518066	-0.2885986864566803	-0.1737653911113739	0.08178378641605377
-0.05272655561566353	-0.03804196044802666	-0.12244115769863129	0.5091772079467773	-0.0780334323644638	0.015664564445614815	-0.29935207962989807	-0.35609281063079834	0.127199187874794	-0.140035942196846	-0.32123732566833496	0.19567421078681946	0.03301660344004631	0.5040616989135742	0.10653557628393173	-0.14837543666362762	-0.322278767824173	-0.1694895476102829	0.12481658905744553
-0.050543129444122314	0.01986030675470829	-0.07510965317487717	0.5411270260810852	-0.10761778801679611	0.006875619292259216	-0.29546865820884705	-0.3500332534313202	0.06683799624443054	-0.07545089721679688	-0.24092842638492584	0.2041444033384323	0.004874855745583773	0.46862754225730896	0.1736987978219986	-0.17240746319293976	-0.2990413010120392	-0.16616159677505493	0.1602131426334381
-0.043546970933675766	0.0732627734541893	-0.022981928661465645	0.5401005148887634	-0.11572442203760147	0.004072605166584253	-0.2734178900718689	-0.29086366295814514	0.000981385470367968	-0.0018152818083763123	-0.1509803682565689	0.19910643994808197	-0.02536659687757492	0.41141510009765625	0.22871755063533783	-0.18030381202697754	-0.23517464101314545	-0.16714394092559814	0.18794123828411102
-0.034553833305835724	0.11728803813457489	0.03528338670730591	0.5056484937667847	-0.09745828807353973	0.010822934098541737	-0.23093445599079132	-0.20718158781528473	-0.051493220031261444	0.07360956817865372	-0.06265208125114441	0.18375249207019806	-0.04581914842128754	0.3420107960700989	0.2662452161312103	-0.17158865928649902	-0.15468645095825195	-0.1693028062582016	0.20870472490787506
-0.026901807636022568	0.14710788428783417	0.09664390236139297	0.44224247336387634	-0.056649383157491684	0.02733500674366951	-0.17054589092731476	-0.1286313533782959	-0.0808718279004097	0.14029651880264282	0.016171440482139587	0.1601075381040573	-0.04994260519742966	0.2633313536643982	0.2778543531894684	-0.15112072229385376	-0.07691316306591034	-0.16889919340610504	0.2197173535823822
-0.02353065460920334	0.15943995118141174	0.15650968253612518	0.35564908385276794	-0.0013017687015235424	0.049915872514247894	-0.09879566729068756	-0.07481317967176437	-0.09123318642377853	0.18970085680484772	0.08089243620634079	0.128867045044899	-0.037050966173410416	0.17406845092773438	0.2548438012599945	-0.12433257699012756	-0.013972615823149681	-0.16169878840446472	0.21797679364681244
-0.02713952399790287	0.15495644509792328	0.21348512172698975	0.25362735986709595	0.060398247092962265	0.07331064343452454	-0.02212214283645153	-0.0526515357196331	-0.0932125374674797	0.22001966834068298	0.12939690053462982	0.0913211777806282	-0.0089560616761446	0.07716678082942963	0.1940881609916687	-0.09270962327718735	0.0255922582000494	-0.14388617873191833	0.20564065873622894
-0.038150809705257416	0.13910852372646332	0.27078497409820557	0.14784905314445496	0.12081841379404068	0.09321718662977219	0.0544976107776165	-0.06082858517765999	-0.09945071488618851	0.23566879332065582	0.16243253648281097	0.05112488940358162	0.03449215739965439	-0.01828635483980179	0.10159914195537567	-0.05448680743575096	0.03527168929576874	-0.11650696396827698	0.18728221952915192
-0.0541435182094574	0.11962046474218369	0.33165091276168823	0.050918687134981155	0.17526763677597046	0.107480987906456	0.12638626992702484	-0.09667447954416275	-0.12124287337064743	0.24234235286712646	0.1821705847978592	0.014728708192706108	0.09536033123731613	-0.10149887949228287	-0.009092294611036777	-0.007211672607809305	0.014166408218443394	-0.08441852778196335	0.16625165939331055
-0.06994049996137619	0.10280538350343704	0.3943428099155426	-0.029266344383358955	0.22096708416938782	0.11586051434278488	0.18707449734210968	-0.1558355838060379	-0.16513210535049438	0.24348540604114532	0.19143854081630707	-0.011137873865664005	0.17157059907913208	-0.16639497876167297	-0.12040737271308899	0.04753853380680084	-0.030132532119750977	-0.05355280265212059	0.14595267176628113
-0.07860797643661499	0.09098776429891586	0.45229437947273254	-0.08860515058040619	0.25374290347099304	0.11853566765785217	0.2280617505311966	-0.2309514433145523	-0.23018892109394073	0.2392360121011734	0.19343294203281403	-0.023600224405527115	0.25369518995285034	-0.21199718117713928	-0.2139793187379837	0.10038991272449493	-0.08500774949789047	-0.03034621849656105	0.12953120470046997
-0.07554793357849121	0.08221248537302017	0.4961977005004883	-0.12190889567136765	0.2702619135379791	0.1160687506198883	0.24312928318977356	-0.317073792219162	-0.3015276789665222	0.22623905539512634	0.18975524604320526	-0.02464347518980503	0.32790929079055786	-0.23575392365455627	-0.2762379050254822	0.13850043714046478	-0.13944202661514282	-0.016687123104929924	0.11789403110742569
-0.060280222445726395	0.07333487272262573	0.5148698091506958	-0.12396089732646942	0.271277517080307	0.11078677326440811	0.23165422677993774	-0.40884843468666077	-0.3501966893672943	0.20093682408332825	0.18058405816555023	-0.017746349796652794	0.37909653782844543	-0.23210494220256805	-0.3012353181838989	0.15298733115196228	-0.18682177364826202	-0.006410590838640928	0.11142552644014359
-0.03425464406609535	0.06322155147790909	0.4979839026927948	-0.09439389407634735	0.260436475276947	0.10565343499183655	0.19779938459396362	-0.48845773935317993	-0.35085952281951904	0.1632937490940094	0.16667219996452332	-0.004910110961645842	0.3939708471298218	-0.19784370064735413	-0.2876753807067871	0.14238110184669495	-0.22262613475322723	0.008937283419072628	0.11328808218240738
0.0008336934261023998	0.05197271332144737	0.4403827488422394	-0.040466781705617905	0.24096864461898804	0.10148920118808746	0.14980359375476837	-0.5268850922584534	-0.30097508430480957	0.1173517182469368	0.1495557427406311	0.012468998320400715	0.3649919629096985	-0.1362171471118927	-0.23781819641590118	0.11329978704452515	-0.2417762130498886	0.031444404274225235	0.12795603275299072
0.04275522008538246	0.039224736392498016	0.3459938168525696	0.024567604064941406	0.2136339396238327	0.09699636697769165	0.09810181707143784	-0.4996628761291504	-0.2203499674797058	0.07082672417163849	0.13092631101608276	0.031675200909376144	0.2931414842605591	-0.05729606747627258	-0.1598924994468689	0.07702307403087616	-0.23955067992210388	0.054359953850507736	0.15512283146381378
0.08703398704528809	0.024775736033916473	0.22907216846942902	0.0865689367055893	0.17935650050640106	0.09074960649013519	0.05128055810928345	-0.3984910845756531	-0.13504324853420258	0.032969363033771515	0.11192654818296432	0.048881761729717255	0.18939408659934998	0.025510797277092934	-0.06835652142763138	0.043503399938344955	-0.21350617706775665	0.06739262491464615	0.1872493177652359
0.1273917555809021	0.010162662714719772	0.10812072455883026	0.1326567381620407	0.14357790350914001	0.08224329352378845	0.014177372679114342	-0.23385512828826904	-0.06129305809736252	0.012231768108904362	0.09276017546653748	0.06089678034186363	0.07119274884462357	0.09878219664096832	0.019967224448919296	0.01912488229572773	-0.16316060721874237	0.06309161335229874	0.21501055359840393
0.15846535563468933	-0.0008019675733521581	-0.0018616605084389448	0.15311609208583832	0.11469729989767075	0.0721244215965271	-0.01126241683959961	-0.03217357397079468	-0.00010600329551380128	0.014939655549824238	0.07320734113454819	0.06672729551792145	-0.045105211436748505	0.1509436070919037	0.09058499336242676	0.006218413822352886	-0.09257569909095764	0.04037819057703018	0.23317934572696686
0.1757855862379074	-0.004138732794672251	-0.09105023741722107	0.14683403074741364	0.09835091233253479	0.06169172003865242	-0.02467317320406437	0.17357198894023895	0.055620722472667694	0.042116448283195496	0.052694667130708694	0.06770755350589752	-0.14758215844631195	0.17680981755256653	0.13403333723545074	0.001774796168319881	-0.01423525158315897	0.00597718358039856	0.24099040031433105
0.1760416477918625	0.0012891727965325117	-0.1553606539964676	0.12049850821495056	0.09303510934114456	0.052045125514268875	-0.02659984491765499	0.3563702404499054	0.11033803969621658	0.08689747005701065	0.03132897987961769	0.06556223332881927	-0.22894078493118286	0.1787044256925583	0.14782148599624634	-0.000599329883698374	0.05522604659199715	-0.028419826179742813	0.239693284034729
0.1597408503293991	0.013095410540699959	-0.19722795486450195	0.08278868347406387	0.08926655352115631	0.04399833455681801	-0.018198102712631226	0.500945508480072	0.16207855939865112	0.13499373197555542	0.012018663808703423	0.06008615717291832	-0.2871817648410797	0.1618773341178894	0.13624908030033112	-0.006711555179208517	0.10045009851455688	-0.05219833180308342	0.22939424216747284
0.1303967982530594	0.026835426688194275	-0.22213247418403625	0.04315769672393799	0.0765228122472763	0.03842838108539581	-0.0018970421515405178	0.599780261516571	0.2069191187620163	0.16856727004051208	-0.0007558944635093212	0.050199564546346664	-0.32331880927085876	0.13357706367969513	0.10674548149108887	-0.02083588019013405	0.10879336297512054	-0.060258589684963226	0.20865398645401
0.09305232018232346	0.03872170299291611	-0.2346375584602356	0.010515899397432804	0.051918819546699524	0.03624972701072693	0.01694365032017231	0.6485125422477722	0.24167855083942413	0.17430102825164795	-0.0036950299981981516	0.037822429090738297	-0.33811652660369873	0.10172257572412491	0.0675707682967186	-0.045488141477108	0.07734303176403046	-0.05507839843630791	0.17834456264972687
0.055102910846471786	0.04778778553009033	-0.23768198490142822	-0.010680217295885086	0.019028324633836746	0.03767414391040802	0.031239690259099007	0.6455574631690979	0.2606331706047058	0.14962433278560638	0.004522417206317186	0.02852850779891014	-0.3317565619945526	0.07007632404565811	0.02787594683468342	-0.0784936398267746	0.01963059790432453	-0.04439873993396759	0.14399531483650208
0.022943608462810516	0.054737262427806854	-0.23284569382667542	-0.020273342728614807	-0.01721617765724659	0.04170883819460869	0.03587600961327553	0.5896360278129578	0.25648343563079834	0.10113821178674698	0.022213300690054893	0.027576200664043427	-0.3043839931488037	0.04011721909046173	-0.004566407296806574	-0.11234109103679657	-0.04173250123858452	-0.03355035558342934	0.11392476409673691
-0.002189592458307743	0.059600863605737686	-0.2201627492904663	-0.01940876431763172	-0.052514851093292236	0.04661545902490616	0.028312698006629944	0.4767725169658661	0.22558748722076416	0.040364548563957214	0.04458852484822273	0.036661457270383835	-0.2574867606163025	0.0147213414311409	-0.02613268792629242	-0.1394510120153427	-0.08913838863372803	-0.02222025766968727	0.09397216141223907
-0.022151190787553787	0.061947185546159744	-0.19788768887519836	-0.008542238734662533	-0.08381257206201553	0.050617702305316925	0.007067117374390364	0.30711761116981506	0.16998620331287384	-0.019382325932383537	0.06579484045505524	0.054297856986522675	-0.19444499909877777	-0.003732444951310754	-0.036865971982479095	-0.15655893087387085	-0.1160663366317749	-0.009442221373319626	0.08329752087593079
-0.038268472999334335	0.0621563196182251	-0.16289833188056946	0.013392162509262562	-0.10701978951692581	0.05295989662408829	-0.028033088892698288	0.0964469388127327	0.0997592955827713	-0.06738156825304031	0.08073598891496658	0.07736928015947342	-0.1185680702328682	-0.013766607269644737	-0.03959484398365021	-0.16424478590488434	-0.1248646229505539	0.0033280968200415373	0.0772363469004631
-0.05064307153224945	0.06065869703888893	-0.11196581274271011	0.047045815736055374	-0.11680930107831955	0.05415919050574303	-0.074179507791996	-0.12386459857225418	0.03288814425468445	-0.09830022603273392	0.08700064569711685	0.10096936672925949	-0.03389310464262962	-0.014657163992524147	-0.0387667715549469	-0.16622424125671387	-0.12255822122097015	0.014107235707342625	0.07191292196512222
-0.059857044368982315	0.056221622973680496	-0.04430285096168518	0.09030035883188248	-0.11049380153417587	0.05489568039774895	-0.1239621564745903	-0.32046955823898315	-0.010514594614505768	-0.11199286580085754	0.08514481037855148	0.11813767999410629	0.05253693833947182	-0.007684275042265654	-0.03718779236078262	-0.16773758828639984	-0.1174674928188324	0.023720724508166313	0.06436754018068314
-0.06799644231796265	0.046683624386787415	0.03569555655121803	0.1382942646741867	-0.08837494999170303	0.05595890060067177	-0.16629531979560852	-0.46957531571388245	-0.01567567139863968	-0.11267169564962387	0.07667997479438782	0.12227415293455124	0.1324280947446823	0.004918633494526148	-0.03537425771355629	-0.17027774453163147	-0.1145985871553421	0.03722810745239258	0.05237836390733719
-0.07619339972734451	0.0319293811917305	0.11960328370332718	0.18366239964962006	-0.05406167730689049	0.058209314942359924	-0.19133877754211426	-0.5565618276596069	0.01688007451593876	-0.10532236844301224	0.06440580636262894	0.11011520773172379	0.19897043704986572	0.01988752745091915	-0.035340193659067154	-0.16861367225646973	-0.10931593924760818	0.060324255377054214	0.035612091422080994
-0.08269167691469193	0.015079597011208534	0.19866091012954712	0.21732960641384125	-0.01631738431751728	0.06108905375003815	-0.19588737189769745	-0.5756438970565796	0.06986600160598755	-0.09105413407087326	0.052802808582782745	0.08281540125608444	0.2484389841556549	0.03196880966424942	-0.042125482112169266	-0.15468746423721313	-0.08840059489011765	0.09525864571332932	0.015597449615597725
-0.08469201624393463	-6.919803854543716e-05	0.2650177478790283	0.23188747465610504	0.014315006323158741	0.06228030100464821	-0.18405000865459442	-0.5338519811630249	0.1212296411395073	-0.06802753359079361	0.04471896216273308	0.045165784657001495	0.28161224722862244	0.03559461236000061	-0.06029139459133148	-0.12457075715065002	-0.04023759439587593	0.13908587396144867	-0.0054290322586894035
-0.08033542335033417	-0.01196411531418562	0.31190043687820435	0.22455725073814392	0.03206217661499977	0.059219665825366974	-0.16251318156719208	-0.4471520483493805	0.15210556983947754	-0.03604021295905113	0.03932550549507141	0.0034309423062950373	0.30350226163864136	0.02721606008708477	-0.08985290676355362	-0.08170919120311737	0.039064519107341766	0.18431487679481506	-0.02564256452023983
-0.06769610941410065	-0.021197404712438583	0.3346593976020813	0.19587503373622894	0.03939022123813629	0.051063474267721176	-0.13556106388568878	-0.33240917325019836	0.14877334237098694	0.0022268390748649836	0.034388381987810135	-0.03616467863321304	0.3208891749382019	0.006132623180747032	-0.12468764930963516	-0.03420207276940346	0.14724569022655487	0.22454586625099182	-0.04272482171654701
-0.04356151446700096	-0.02888786979019642	0.33170008659362793	0.14785288274288177	0.043189093470573425	0.03955905884504318	-0.10522320121526718	-0.20508301258087158	0.1088389903306961	0.042310815304517746	0.02876644767820835	-0.06794997304677963	0.3383168876171112	-0.02627638354897499	-0.1554563194513321	0.008658154867589474	0.2767912745475769	0.2588081657886505	-0.052941206842660904
-0.005838062148541212	-0.03550665080547333	0.30516430735588074	0.08453921228647232	0.04799792543053627	0.027465110644698143	-0.07457301020622253	-0.07725156843662262	0.04492419213056564	0.07774948328733444	0.02192395180463791	-0.08798198401927948	0.35484787821769714	-0.06671588122844696	-0.1758202463388443	0.03930241987109184	0.4141242802143097	0.28828373551368713	-0.05348909646272659
0.043539028614759445	-0.040864910930395126	0.26107096672058105	0.010940228588879108	0.05363243818283081	0.016300896182656288	-0.04812932759523392	0.04734396934509277	-0.023234225809574127	0.10029676556587219	0.013061290606856346	-0.09517083317041397	0.3653317391872406	-0.11017190665006638	-0.18473824858665466	0.05662940815091133	0.5416250824928284	0.31156831979751587	-0.044866640120744705
0.09947894513607025	-0.04569486156105995	0.2079002410173416	-0.0696900263428688	0.05506039410829544	0.005740014370530844	-0.028810882940888405	0.1724063903093338	-0.0809192880988121	0.10407117754220963	0.002303539076820016	-0.09117244929075241	0.3646538257598877	-0.15273255109786987	-0.18297350406646729	0.06781992316246033	0.6428354978561401	0.3250000476837158	-0.029641933739185333
0.15575404465198517	-0.05217237398028374	0.15220971405506134	-0.1561378389596939	0.04438056796789169	-0.0053740995936095715	-0.01507230382412672	0.2996674180030823	-0.12152634561061859	0.0913814902305603	-0.008839190937578678	-0.0794849544763565	0.3488912582397461	-0.19364626705646515	-0.1705271154642105	0.08390351384878159	0.7077650427818298	0.325337290763855	-0.009123703464865685
0.2048628330230713	-0.06146469712257385	0.0949290543794632	-0.24440433084964752	0.016428938135504723	-0.017602810636162758	-0.0017841376829892397	0.4221935570240021	-0.14106106758117676	0.07107440382242203	-0.019842980429530144	-0.0643332451581955	0.3134850263595581	-0.23241747915744781	-0.14797431230545044	0.11312840133905411	0.7341119647026062	0.3108619451522827	0.01624745875597
0.23785841464996338	-0.07185909897089005	0.03404550999403	-0.3225904703140259	-0.027340680360794067	-0.030925581231713295	0.01597454585134983	0.5236913561820984	-0.1375453770160675	0.050483815371990204	-0.033088117837905884	-0.04939049109816551	0.2549847364425659	-0.2640008330345154	-0.11720925569534302	0.15710170567035675	0.7250320315361023	0.28097009658813477	0.04241102933883667
0.24762412905693054	-0.08019332587718964	-0.030193857848644257	-0.37631481885910034	-0.07969468086957932	-0.04525692015886307	0.040881216526031494	0.581916093826294	-0.11689496785402298	0.03321552649140358	-0.05182855576276779	-0.03666311502456665	0.17597901821136475	-0.28009963035583496	-0.08005443960428238	0.2112366408109665	0.6875980496406555	0.2333707958459854	0.060527052730321884
0.23228906095027924	-0.08429344743490219	-0.09410998225212097	-0.39894911646842957	-0.13097359240055084	-0.0597197562456131	0.07209672778844833	0.5816225409507751	-0.09267061948776245	0.022005371749401093	-0.07704272866249084	-0.02709640935063362	0.0860462412238121	-0.27613407373428345	-0.038065362721681595	0.2673015892505646	0.6303520798683167	0.16217879951000214	0.060826342552900314
0.19341923296451569	-0.08450200408697128	-0.15374471247196198	-0.39257848262786865	-0.17187385261058807	-0.07243524491786957	0.10408585518598557	0.5267325043678284	-0.07862471789121628	0.01847841963171959	-0.10703606903553009	-0.022716734558343887	-0.0025655340868979692	-0.253997802734375	0.006202199961990118	0.31642624735832214	0.559492826461792	0.06284893304109573	0.039096422493457794
0.13389530777931213	-0.08417245745658875	-0.20874236524105072	-0.3639066815376282	-0.19652774930000305	-0.08172260224819183	0.12930026650428772	0.4368951618671417	-0.083446204662323	0.0212660264223814	-0.13823442161083221	-0.027089931070804596	-0.08132391422986984	-0.22033828496932983	0.048635415732860565	0.35134273767471313	0.4784184396266937	-0.0615728497505188	0.00013935774040874094
0.059733908623456955	-0.08828665316104889	-0.26293057203292847	-0.3219028413295746	-0.20574522018432617	-0.08742334693670273	0.14215590059757233	0.3350076973438263	-0.10931500047445297	0.024996738880872726	-0.1661003828048706	-0.0431891605257988	-0.1499403715133667	-0.18478302657604218	0.08457695692777634	0.3664272427558899	0.3910341262817383	-0.19941897690296173	-0.04764091968536377
-0.0196747537702322	-0.10052048414945602	-0.3214702904224396	-0.27484768629074097	-0.20457184314727783	-0.09108590334653854	0.13987502455711365	0.2379118800163269	-0.15177392959594727	0.021853039041161537	-0.1864921599626541	-0.0705549344420433	-0.21474477648735046	-0.15609271824359894	0.11124033480882645	0.3573968708515167	0.30585169792175293	-0.33184877038002014	-0.09808098524808884
-0.09340117126703262	-0.12102051824331284	-0.3867433965206146	-0.22799979150295258	-0.19851501286029816	-0.0947938784956932	0.12195513397455215	0.15511265397071838	-0.20392592251300812	0.008008312433958054	-0.1955784410238266	-0.103996641933918	-0.2825819253921509	-0.1396719366312027	0.1296985149383545	0.3222394287586212	0.23590371012687683	-0.4387317895889282	-0.14685359597206116
-0.1510295420885086	-0.14657635986804962	-0.45449408888816833	-0.18244534730911255	-0.1932741105556488	-0.10013607889413834	0.09105803817510605	0.0909881591796875	-0.2609662115573883	-0.012445569969713688	-0.19059640169143677	-0.13546353578567505	-0.35437342524528503	-0.1368536800146103	0.143678680062294	0.26292386651039124	0.18930640816688538	-0.507105827331543	-0.19016198813915253
-0.1868845373392105	-0.17216506600379944	-0.5129792094230652	-0.13504742085933685	-0.19033662974834442	-0.10757019370794296	0.05390137806534767	0.045322857797145844	-0.31568822264671326	-0.03235418722033501	-0.17347368597984314	-0.15665699541568756	-0.42140477895736694	-0.14084471762180328	0.15579235553741455	0.18722039461135864	0.1600181758403778	-0.5306930541992188	-0.22304753959178925
-0.20110557973384857	-0.1920132339000702	-0.5467162132263184	-0.08271173387765884	-0.18516753613948822	-0.11592908948659897	0.01846911385655403	0.01519612967967987	-0.3544584810733795	-0.046201933175325394	-0.1507938951253891	-0.1608315259218216	-0.46907058358192444	-0.13834820687770844	0.1659330427646637	0.10761285573244095	0.13370926678180695	-0.5060783624649048	-0.23846548795700073
-0.19570434093475342	-0.20110443234443665	-0.5427717566490173	-0.02716721221804619	-0.17535366117954254	-0.12314421683549881	-0.010012544691562653	-0.002289342228323221	-0.3637832701206207	-0.049962908029556274	-0.12972892820835114	-0.1451464146375656	-0.48504289984703064	-0.11966538429260254	0.1737314760684967	0.03681856021285057	0.10035765171051025	-0.4376581311225891	-0.23174495995044708
-0.17348431050777435	-0.19733861088752747	-0.4967343807220459	0.02527041919529438	-0.1639486849308014	-0.1274898797273636	-0.028294561430811882	-0.009619899094104767	-0.3370787501335144	-0.04253381863236427	-0.11614013463258743	-0.11165031790733337	-0.46413812041282654	-0.08267935365438461	0.18049433827400208	-0.01632547192275524	0.05766838416457176	-0.3407541513442993	-0.2041022777557373
-0.13963769376277924	-0.18182553350925446	-0.4150336682796478	0.06746720522642136	-0.15596190094947815	-0.128202885389328	-0.032777152955532074	-0.008754109963774681	-0.275564968585968	-0.027899766340851784	-0.11272042244672775	-0.06649643182754517	-0.41058316826820374	-0.02995944768190384	0.18689462542533875	-0.049470435827970505	0.008110064081847668	-0.23318371176719666	-0.15997247397899628
-0.1018243208527565	-0.15749388933181763	-0.31291934847831726	0.09551143646240234	-0.156089648604393	-0.12561804056167603	-0.02140604704618454	-0.0013203092385083437	-0.18569062650203705	-0.01436948124319315	-0.1172279492020607	-0.018732720986008644	-0.33762243390083313	0.033069707453250885	0.1899273544549942	-0.06629949808120728	-0.044525500386953354	-0.1264960765838623	-0.10494368523359299
-0.0687200203537941	-0.12822303175926208	-0.21137389540672302	0.10869311541318893	-0.16504260897636414	-0.12037888169288635	0.003794886404648423	0.011465223506093025	-0.07520963996648788	-0.011120990850031376	-0.12415821105241776	0.021821560338139534	-0.26240772008895874	0.09864915162324905	0.18382251262664795	-0.07201739400625229	-0.09714461863040924	-0.025128858163952827	-0.046823106706142426
-0.04721652343869209	-0.09864082932472229	-0.13134008646011353	0.1060236245393753	-0.17919489741325378	-0.11273925006389618	0.03771856799721718	0.030255787074565887	0.04672384634613991	-0.023617440834641457	-0.1270960569381714	0.046173181384801865	-0.20008715987205505	0.1562482714653015	0.16272655129432678	-0.07044553011655807	-0.14657126367092133	0.07105875015258789	0.003219213103875518
-0.04083118587732315	-0.07349936664104462	-0.08426152914762497	0.0857924371957779	-0.19503812491893768	-0.10310368239879608	0.07472395151853561	0.05499642714858055	0.16757093369960785	-0.05233079567551613	-0.12150026857852936	0.048063162714242935	-0.15818703174591064	0.19518610835075378	0.12256555259227753	-0.06403987854719162	-0.19055765867233276	0.1631997525691986	0.03158588334918022
-0.04908695071935654	-0.055592674762010574	-0.06707829982042313	0.04778475686907768	-0.20949873328208923	-0.0919630378484726	0.110728420317173	0.0798264667391777	0.27220967411994934	-0.0926586464047432	-0.10654482990503311	0.027316581457853317	-0.13208827376365662	0.2098730206489563	0.06414958089590073	-0.052957016974687576	-0.2291305661201477	0.24806034564971924	0.02769034169614315
-0.0666348859667778	-0.043741375207901	-0.06472640484571457	-0.002771210391074419	-0.21826861798763275	-0.07920694351196289	0.1446312814950943	0.09262196719646454	0.3462744951248169	-0.1341758817434311	-0.08292589336633682	-0.00996010284870863	-0.10743944346904755	0.20159423351287842	-0.005480105523020029	-0.03646218404173851	-0.26355570554733276	0.31609460711479187	-0.0097857266664505
-0.08538398891687393	-0.03388369828462601	-0.05682842805981636	-0.051348913460969925	-0.2151280790567398	-0.06442708522081375	0.17785659432411194	0.07917553186416626	0.3834402859210968	-0.16530455648899078	-0.05152393504977226	-0.05487898364663124	-0.0689307227730751	0.1790100783109665	-0.07665517926216125	-0.016488276422023773	-0.2979758381843567	0.355369508266449	-0.07142619788646698
-0.09671898186206818	-0.02209480293095112	-0.028322136029601097	-0.08032309263944626	-0.19130611419677734	-0.047174617648124695	0.21135465800762177	0.031241940334439278	0.388631671667099	-0.1797078400850296	-0.013756613247096539	-0.09817613661289215	-0.009613840840756893	0.15567205846309662	-0.13944044709205627	0.0034353581722825766	-0.33845266699790955	0.3555328845977783	-0.14093030989170074
-0.09196165204048157	-0.006777673494070768	0.0239606574177742	-0.08003287762403488	-0.1408703327178955	-0.027108395472168922	0.242361918091774	-0.04813125729560852	0.3695378005504608	-0.17697185277938843	0.03005222976207733	-0.13163134455680847	0.06523764133453369	0.1420903354883194	-0.18522357940673828	0.020516378805041313	-0.38632747530937195	0.31106722354888916	-0.2023908942937851
-0.06656179577112198	0.010587744414806366	0.09494010359048843	-0.05142320692539215	-0.06796246767044067	-0.004984067287296057	0.26347482204437256	-0.15079127252101898	0.3309983015060425	-0.16080768406391144	0.07998912036418915	-0.15004363656044006	0.14334239065647125	0.1416013389825821	-0.2122037559747696	0.03103070706129074	-0.43761828541755676	0.22701846063137054	-0.2456371784210205
-0.023403294384479523	0.026819059625267982	0.17429965734481812	-0.00466809282079339	0.014191578142344952	0.01698286086320877	0.2641712725162506	-0.2692890763282776	0.27971401810646057	-0.13749384880065918	0.13366475701332092	-0.15204696357250214	0.21146519482135773	0.15100796520709991	-0.22558557987213135	0.029261110350489616	-0.4865751266479492	0.12170931696891785	-0.2667924761772156
0.030570603907108307	0.03914552554488182	0.24675926566123962	0.04382660984992981	0.08841083943843842	0.036093033850193024	0.23512262105941772	-0.389838844537735	0.2254261076450348	-0.11263184994459152	0.18708060681819916	-0.13950954377651215	0.25725334882736206	0.16017621755599976	-0.2293165922164917	0.010342210531234741	-0.5242295265197754	0.020576434209942818	-0.26645156741142273
0.0873551294207573	0.04565184935927391	0.29780298471450806	0.07934825122356415	0.139577716588974	0.05033966526389122	0.1742415726184845	-0.4877157211303711	0.17702904343605042	-0.08847623318433762	0.23609837889671326	-0.11643347144126892	0.27374565601348877	0.155922532081604	-0.2219540774822235	-0.02603936567902565	-0.5391287207603455	-0.0531536266207695	-0.24662025272846222
0.1384865939617157	0.04558786377310753	0.31985917687416077	0.09399977326393127	0.16056616604328156	0.058817293494939804	0.088903047144413	-0.5354568958282471	0.13983379304409027	-0.06536293029785156	0.2754690647125244	-0.08744179457426071	0.2639913558959961	0.12994889914989471	-0.20074200630187988	-0.07416397333145142	-0.5218075513839722	-0.08639395236968994	-0.20967692136764526
0.17662937939167023	0.039866719394922256	0.31380578875541687	0.08578616380691528	0.15273189544677734	0.06062684953212738	-0.006505964323878288	-0.5133926868438721	0.11348316818475723	-0.04475843906402588	0.2981877028942108	-0.056780457496643066	0.2389259785413742	0.08202534914016724	-0.1669088751077652	-0.1233224868774414	-0.46606889367103577	-0.08131080865859985	-0.16118790209293365
0.19554352760314941	0.02990155853331089	0.2878168821334839	0.05836370959877968	0.12456832826137543	0.05410654842853546	-0.0941297635436058	-0.4197900593280792	0.09350598603487015	-0.02908206917345524	0.29673174023628235	-0.028612792491912842	0.21079666912555695	0.01962236687541008	-0.12701943516731262	-0.16119131445884705	-0.3701464831829071	-0.05132649466395378	-0.10937928408384323
0.1912022829055786	0.017209555953741074	0.25221043825149536	0.019640449434518814	0.09035244584083557	0.03878838196396828	-0.1594604253768921	-0.27673134207725525	0.07353679090738297	-0.017216959968209267	0.2679084539413452	-0.007517470046877861	0.18564601242542267	-0.04519280046224594	-0.08901248127222061	-0.1788933426141739	-0.23954519629478455	-0.0144581850618124	-0.060646459460258484
0.16570255160331726	0.00420464389026165	0.21204732358455658	-0.024012336507439613	0.06289413571357727	0.017230980098247528	-0.19793017208576202	-0.12202786654233932	0.04556529223918915	-0.0036144729238003492	0.21669873595237732	0.0020365386735647917	0.15959855914115906	-0.10253637284040451	-0.056509338319301605	-0.17415575683116913	-0.09102091193199158	0.0076857502572238445	-0.02093011885881424
0.12563660740852356	-0.0071943458169698715	0.16449350118637085	-0.07006857544183731	0.04758987948298454	-0.005690222140401602	-0.21087710559368134	0.005220099817961454	0.006414488423615694	0.013593153096735477	0.1523713916540146	-0.0026316617149859667	0.12346658110618591	-0.1462525725364685	-0.028039829805493355	-0.14919692277908325	0.0447591096162796	-0.00413965480402112	0.0010011001722887158
0.07748008519411087	-0.016577010974287987	0.10309183597564697	-0.11672112345695496	0.045382577925920486	-0.02390662021934986	-0.19745685160160065	0.07718178629875183	-0.03675968572497368	0.028820428997278214	0.08450774103403091	-0.020320847630500793	0.07081808149814606	-0.17127330601215363	-0.000576880993321538	-0.10668721795082092	0.13429121673107147	-0.0560658760368824	-0.0011655335547402501
0.02791435271501541	-0.022956106811761856	0.025586193427443504	-0.16019347310066223	0.053436681628227234	-0.03246967867016792	-0.15689906477928162	0.08931662887334824	-0.07675398141145706	0.03733936324715614	0.026158872991800308	-0.04618501290678978	0.0022015641443431377	-0.17693547904491425	0.028835762292146683	-0.05076136812567711	0.16376091539859772	-0.13963642716407776	-0.02531266026198864
-0.01628943160176277	-0.023880217224359512	-0.06252850592136383	-0.1940300613641739	0.06392665952444077	-0.03119453601539135	-0.09512966126203537	0.06031021103262901	-0.11461246013641357	0.039891261607408524	-0.007654507178813219	-0.0744248628616333	-0.07540882378816605	-0.16792982816696167	0.062189653515815735	0.009241906926035881	0.14370162785053253	-0.23748688399791718	-0.06314285844564438
-0.05096013471484184	-0.017810553312301636	-0.15245741605758667	-0.211356520652771	0.07222495973110199	-0.02428126521408558	-0.024669047445058823	0.013875630684196949	-0.14761598408222198	0.03633234649896622	-0.011622811667621136	-0.10022031515836716	-0.15277406573295593	-0.14649949967861176	0.09741504490375519	0.059573106467723846	0.08864139020442963	-0.3281421661376953	-0.10482440143823624
-0.07437524199485779	-0.006151642184704542	-0.23293770849704742	-0.20551325380802155	0.0798228308558464	-0.015994668006896973	0.03932280093431473	-0.03665708750486374	-0.1625262349843979	0.022129034623503685	0.005821444559842348	-0.12103164196014404	-0.2210749089717865	-0.10961586236953735	0.12762700021266937	0.08591542392969131	0.006327515933662653	-0.39040619134902954	-0.1430736631155014
-0.08604138344526291	0.007502133958041668	-0.2869289517402649	-0.16696181893348694	0.08404704928398132	-0.008562218397855759	0.08453027904033661	-0.08600769937038422	-0.14918498694896698	-0.00610189326107502	0.03201459348201752	-0.13623714447021484	-0.26885780692100525	-0.05350412428379059	0.14491020143032074	0.07872850447893143	-0.09116582572460175	-0.40759435296058655	-0.1764543652534485
-0.08689360320568085	0.01935115084052086	-0.298633873462677	-0.08738940209150314	0.07697051763534546	-0.0032615428790450096	0.1069532185792923	-0.1288575679063797	-0.10938162356615067	-0.045296479016542435	0.05645495280623436	-0.14383065700531006	-0.28041842579841614	0.024200372397899628	0.14416800439357758	0.03967905417084694	-0.18244139850139618	-0.3717115819454193	-0.2059231698513031
-0.07844355702400208	0.02656605653464794	-0.2625722885131836	0.030327429994940758	0.05707238242030144	-0.0011294001014903188	0.10905595123767853	-0.15875302255153656	-0.05216582491993904	-0.08662734925746918	0.06974181532859802	-0.13915035128593445	-0.24219350516796112	0.12292622029781342	0.12414820492267609	-0.01827647164463997	-0.24852700531482697	-0.288130521774292	-0.22901427745819092
-0.06210983172059059	0.02834661491215229	-0.1805938482284546	0.17199304699897766	0.03350485861301422	-0.0023156118113547564	0.09356169402599335	-0.16924458742141724	0.011635299772024155	-0.11929405480623245	0.06441935151815414	-0.11787853389978409	-0.1513434648513794	0.23687228560447693	0.08689368516206741	-0.07795989513397217	-0.28219908475875854	-0.17611820995807648	-0.24131149053573608
-0.0411294549703598	0.027008920907974243	-0.056827958673238754	0.3210020065307617	0.019507089629769325	-0.005848689470440149	0.0632820650935173	-0.15569230914115906	0.0723835825920105	-0.13372762501239777	0.0384698323905468	-0.07921656221151352	-0.01787194237112999	0.35587599873542786	0.03768572211265564	-0.12474529445171356	-0.28498610854148865	-0.061944570392370224	-0.23984889686107635
-0.020786073058843613	0.027053849771618843	0.1003202497959137	0.462003618478775	0.02466273121535778	-0.010011112317442894	0.02365170791745186	-0.12011519074440002	0.1193104013800621	-0.12271086871623993	-0.0027669586706906557	-0.026414548978209496	0.13986381888389587	0.4653274416923523	-0.014833607710897923	-0.1509643793106079	-0.2611646056175232	0.02983330748975277	-0.22326895594596863
-0.00568405631929636	0.03255193680524826	0.2751811742782593	0.5774693489074707	0.05157500505447388	-0.012415401637554169	-0.018442437052726746	-0.0712633728981018	0.13894636929035187	-0.08304545283317566	-0.04898930341005325	0.03504171222448349	0.300616592168808	0.545539915561676	-0.06110221520066261	-0.15698306262493134	-0.21680189669132233	0.08319222927093506	-0.19204437732696533
0.0015541762113571167	0.04512671008706093	0.4443742632865906	0.6462364196777344	0.09637313336133957	-0.010295625776052475	-0.05602376163005829	-0.021663600578904152	0.12539857625961304	-0.019852830097079277	-0.09121108055114746	0.0990857407450676	0.4419589638710022	0.5770502686500549	-0.0954592227935791	-0.14828798174858093	-0.1634911149740219	0.09439727663993835	-0.14859655499458313
0.0005908781313337386	0.06333108246326447	0.5790236592292786	0.6492629647254944	0.14743603765964508	-0.0015618717297911644	-0.0827764943242073	0.01492085587233305	0.08520446717739105	0.05254751443862915	-0.12459854036569595	0.15885120630264282	0.5392336249351501	0.5467534065246582	-0.11805708706378937	-0.13271760940551758	-0.11765214055776596	0.06826453655958176	-0.09795162081718445
-0.006824083160609007	0.08345247805118561	0.6509672999382019	0.578193724155426	0.187493234872818	0.014213679358363152	-0.0945286899805069	0.03096490539610386	0.028003785759210587	0.11746319383382797	-0.14696870744228363	0.20717458426952362	0.569301426410675	0.45114633440971375	-0.1318182796239853	-0.1178339421749115	-0.08966409415006638	0.013849400915205479	-0.048060350120067596
-0.01786649227142334	0.10144267231225967	0.6407819390296936	0.43833374977111816	0.20312580466270447	0.03592224791646004	-0.09005156904459	0.029085444286465645	-0.0376211516559124	0.16457554697990417	-0.15844762325286865	0.23925386369228363	0.5201318860054016	0.29898545145988464	-0.13873732089996338	-0.10674545168876648	-0.07628176361322403	-0.05497434362769127	-0.005788947455585003
-0.02895975485444069	0.11498714238405228	0.5449045896530151	0.24761313199996948	0.18872864544391632	0.06094909831881523	-0.07182536274194717	0.018162908032536507	-0.10419608652591705	0.19307251274585724	-0.16054759919643402	0.25405773520469666	0.397514671087265	0.11057066172361374	-0.13769379258155823	-0.09714602679014206	-0.0662592351436615	-0.12426257878541946	0.026636961847543716
-0.03707081824541092	0.12466470897197723	0.378395140171051	0.034615397453308105	0.14596040546894073	0.08487275242805481	-0.046089351177215576	0.010874209925532341	-0.16837023198604584	0.20753304660320282	-0.15513309836387634	0.25345027446746826	0.22416946291923523	-0.0857829600572586	-0.12468957901000977	-0.0850072130560875	-0.050020743161439896	-0.18661965429782867	0.050565142184495926
-0.04095088317990303	0.13345272839069366	0.17102311551570892	-0.16839036345481873	0.08605240285396576	0.1034388393163681	-0.02092219516634941	0.01821810007095337	-0.22889071702957153	0.2127060741186142	-0.14511291682720184	0.24123968183994293	0.032222166657447815	-0.2592073678970337	-0.09725475311279297	-0.06873614341020584	-0.02614734135568142	-0.23895584046840668	0.06978949159383774
-0.04047262296080589	0.14488838613033295	-0.039418600499629974	-0.33347588777542114	0.025322366505861282	0.11482209712266922	-0.00420380849391222	0.04074074327945709	-0.28260987997055054	0.21190038323402405	-0.13285614550113678	0.22199960052967072	-0.14676225185394287	-0.385342001914978	-0.05842684954404831	-0.05112282186746597	-0.0024307805579155684	-0.2777131199836731	0.08996010571718216
-0.03682835027575493	0.16130147874355316	-0.21504083275794983	-0.44093120098114014	-0.024122146889567375	0.11915364861488342	-0.0013959932839497924	0.07053165882825851	-0.32327958941459656	0.20657098293304443	-0.11740433424711227	0.19933578372001648	-0.28726422786712646	-0.45256224274635315	-0.014879507012665272	-0.03749619424343109	0.010969874449074268	-0.29669222235679626	0.11622483283281326
-0.03171924874186516	0.18244358897209167	-0.3280332386493683	-0.48252418637275696	-0.05781339481472969	0.1176457405090332	-0.01292164996266365	0.10002537071704865	-0.3413504660129547	0.19734875857830048	-0.09411350637674332	0.17431944608688354	-0.3719901442527771	-0.4622419476509094	0.02830830216407776	-0.031790558248758316	0.010257270187139511	-0.28928473591804504	0.15095679461956024
-0.0252763070166111	0.20444566011428833	-0.3674498498439789	-0.46283847093582153	-0.0782397910952568	0.11151258647441864	-0.03421279788017273	0.1241324245929718	-0.32784098386764526	0.18742206692695618	-0.057153649628162384	0.14516937732696533	-0.3954496681690216	-0.4265386164188385	0.0705406591296196	-0.03396463766694069	0.0006572971469722688	-0.25688624382019043	0.19358700513839722
-0.01770040951669216	0.22059199213981628	-0.33823034167289734	-0.39582744240760803	-0.090751513838768	0.10000612586736679	-0.05828135088086128	0.1382899284362793	-0.2795337736606598	0.18248550593852997	-0.004666695836931467	0.1096787378191948	-0.36446818709373474	-0.36273279786109924	0.11327844858169556	-0.040153734385967255	-0.007531830575317144	-0.21025580167770386	0.2409203052520752
-0.01036249753087759	0.22408322989940643	-0.2561139762401581	-0.3003045320510864	-0.09726105630397797	0.08072522282600403	-0.07816343754529953	0.13922454416751862	-0.19864210486412048	0.18502160906791687	0.057925838977098465	0.06807345896959305	-0.2934625744819641	-0.28665557503700256	0.15623484551906586	-0.04600737988948822	-0.005349502898752689	-0.15887956321239471	0.28560206294059753
-0.0031586228869855404	0.21132609248161316	-0.14161540567874908	-0.19520995020866394	-0.0945432111620903	0.0526626817882061	-0.08838534355163574	0.12793034315109253	-0.08991516381502151	0.19113744795322418	0.12037234008312225	0.023742321878671646	-0.19851034879684448	-0.20872166752815247	0.19816730916500092	-0.04875262826681137	0.011275405995547771	-0.10458371788263321	0.3172644376754761
0.005498608574271202	0.18404832482337952	-0.01529895793646574	-0.0956249013543129	-0.07766090333461761	0.01852005161345005	-0.08502326905727386	0.10940980911254883	0.03858257457613945	0.19443033635616302	0.17206336557865143	-0.01660747267305851	-0.09269580245018005	-0.13254570960998535	0.2384571135044098	-0.04470568150281906	0.040344301611185074	-0.0437486469745636	0.3303532600402832
0.017019443213939667	0.14827975630760193	0.10321596264839172	-0.014505923725664616	-0.044609155505895615	-0.015933264046907425	-0.06694720685482025	0.08816997706890106	0.17258721590042114	0.19026388227939606	0.2045864760875702	-0.043902114033699036	0.013560649938881397	-0.06054122745990753	0.27445268630981445	-0.028411703184247017	0.0727081447839737	0.027315717190504074	0.3284931778907776
0.033363912254571915	0.11163973808288574	0.1971025913953781	0.035349611192941666	0.00041085152770392597	-0.044528763741254807	-0.03881481662392616	0.0663922056555748	0.2913442552089691	0.17674772441387177	0.21396557986736298	-0.05064631998538971	0.109246164560318	-0.001564284204505384	0.30044758319854736	0.003353922860696912	0.09560497850179672	0.10460346937179565	0.31865644454956055
0.05667223036289215	0.08205197006464005	0.2571040391921997	0.04747400060296059	0.049176886677742004	-0.06265845149755478	-0.01010972447693348	0.04364199936389923	0.3725701868534088	0.15485206246376038	0.20284000039100647	-0.03482116386294365	0.18470224738121033	0.03322193771600723	0.31171920895576477	0.04769519716501236	0.09958291053771973	0.17509427666664124	0.3066169321537018
0.08683008700609207	0.06634698808193207	0.28242027759552	0.028103215619921684	0.09440343827009201	-0.06761332601308823	0.009162897244095802	0.01542708557099104	0.40119272470474243	0.12690623104572296	0.1790619045495987	0.00011132075451314449	0.23552797734737396	0.04018145054578781	0.3073770999908447	0.09578116238117218	0.0808204784989357	0.22494018077850342	0.2977887988090515
0.11946294456720352	0.0666101723909378	0.27732691168785095	-0.007349128369241953	0.13090136647224426	-0.059091147035360336	0.011090654879808426	-0.022088807076215744	0.3743504583835602	0.09289854764938354	0.15083067119121552	0.047677356749773026	0.2612859010696411	0.024280758574604988	0.2886965870857239	0.13776178658008575	0.03998016193509102	0.24702535569667816	0.2955870032310486
0.14672468602657318	0.07812631130218506	0.24841473996639252	-0.0434131883084774	0.15616200864315033	-0.039556413888931274	-0.0075014373287558556	-0.06459417939186096	0.3002268671989441	0.05058350786566734	0.12386658787727356	0.09990003705024719	0.26248419284820557	-0.005706858355551958	0.2566860616207123	0.16775169968605042	-0.017896709963679314	0.24477756023406982	0.29994288086891174
0.16228488087654114	0.09273051470518112	0.2033708095550537	-0.06967975944280624	0.17068609595298767	-0.012767532840371132	-0.04233958199620247	-0.09901762753725052	0.1952781081199646	0.000876716454513371	0.1034010723233223	0.14799146354198456	0.2402588278055191	-0.04111213982105255	0.21280255913734436	0.18317626416683197	-0.0834987536072731	0.2298746258020401	0.3098515570163727
0.1645021289587021	0.10393495112657547	0.15043064951896667	-0.07929620146751404	0.17534370720386505	0.017636064440011978	-0.08292525261640549	-0.10738162696361542	0.0800558552145958	-0.05022892728447914	0.09531114995479584	0.18420326709747314	0.19788283109664917	-0.07494598627090454	0.1610807627439499	0.18272531032562256	-0.1443484127521515	0.21306206285953522	0.32543298602104187
0.1547553539276123	0.10870078951120377	0.09542343020439148	-0.06759938597679138	0.17103247344493866	0.0481017604470253	-0.11743759363889694	-0.07441512495279312	-0.02797846496105194	-0.09409593045711517	0.10318402200937271	0.2036556899547577	0.14065948128700256	-0.10169480741024017	0.10874467343091965	0.16748814284801483	-0.1862930804491043	0.19847124814987183	0.34736189246177673
0.13716895878314972	0.10619842261075974	0.03841043636202812	-0.03685242682695389	0.1603507697582245	0.0753304660320282	-0.13807383179664612	0.0015149066457524896	-0.12053879350423813	-0.12019425630569458	0.12632222473621368	0.204658642411232	0.07352699339389801	-0.11879003047943115	0.06504187732934952	0.14167526364326477	-0.19663049280643463	0.18249867856502533	0.3736227750778198
0.11823191493749619	0.09581445902585983	-0.023363729938864708	0.0013271333882585168	0.14650844037532806	0.09659422188997269	-0.14226241409778595	0.10431162267923355	-0.19789767265319824	-0.11985981464385986	0.15971744060516357	0.18805986642837524	0.0002436341455904767	-0.12786893546581268	0.036204349249601364	0.11135956645011902	-0.16878017783164978	0.15475325286388397	0.39634332060813904
0.10286513715982437	0.07596109807491302	-0.08960945904254913	0.03306525573134422	0.13179358839988708	0.1096339300274849	-0.12927883863449097	0.20609593391418457	-0.2625337839126587	-0.09377314150333405	0.19458745419979095	0.15601925551891327	-0.07551340013742447	-0.1323942095041275	0.01993943192064762	0.0822906568646431	-0.10437960177659988	0.107332743704319	0.40471670031547546
0.093458391726017	0.04534173384308815	-0.15464109182357788	0.04901483654975891	0.11767778545618057	0.11333607882261276	-0.09949284791946411	0.27852538228034973	-0.31385326385498047	-0.05183370038866997	0.22154422104358673	0.11134054511785507	-0.14916297793388367	-0.13562001287937164	0.007910840213298798	0.057811181992292404	-0.011507897637784481	0.0424310602247715	0.3899818956851959
0.09088706225156784	0.005159512162208557	-0.20870789885520935	0.046146683394908905	0.10505268722772598	0.10824253410100937	-0.0572647787630558	0.3048441708087921	-0.34752121567726135	-0.006816646084189415	0.23349377512931824	0.05726945400238037	-0.21393686532974243	-0.1397118866443634	-0.006834471598267555	0.039479851722717285	0.0977620780467987	-0.0323294959962368	0.34556421637535095
0.09222812950611115	-0.04096214100718498	-0.24264054000377655	0.02805500105023384	0.09518194198608398	0.09537322074174881	-0.011491913348436356	0.28394046425819397	-0.3577711880207062	0.0284475889056921	0.22473131120204926	-0.002351578790694475	-0.26056647300720215	-0.1435856968164444	-0.026335006579756737	0.02898617647588253	0.20823149383068085	-0.10881549119949341	0.26806122064590454
0.09150931239128113	-0.08888513594865799	-0.25165465474128723	0.0020129820331931114	0.0895872637629509	0.07532238960266113	0.026014817878603935	0.22601604461669922	-0.3423421084880829	0.04290679469704628	0.1910109519958496	-0.062381766736507416	-0.28073540329933167	-0.14311321079730988	-0.04842307046055794	0.02719741128385067	0.3015247583389282	-0.17904119193553925	0.1604805886745453
0.0841451957821846	-0.1351262331008911	-0.23373952507972717	-0.02398453652858734	0.08602268248796463	0.04859321191906929	0.04408017173409462	0.14848949015140533	-0.3070559799671173	0.03203248977661133	0.13297057151794434	-0.11788658797740936	-0.2723401188850403	-0.13469892740249634	-0.06829368323087692	0.03279467672109604	0.3595181405544281	-0.23669975996017456	0.03127233311533928
0.06825529783964157	-0.17588578164577484	-0.1887451857328415	-0.0422217957675457	0.07780575752258301	0.0162911769002676	0.03830277919769287	0.07085678726434708	-0.26375237107276917	0.0013012448325753212	0.05796226114034653	-0.1657477170228958	-0.24074463546276093	-0.11732546240091324	-0.08015480637550354	0.04376612603664398	0.3718692362308502	-0.27669352293014526	-0.10709457099437714
0.04466954991221428	-0.20576010644435883	-0.1224670261144638	-0.04880484938621521	0.059918999671936035	-0.01849276013672352	0.013036070391535759	0.007403431925922632	-0.22423475980758667	-0.03640851005911827	-0.0224466435611248	-0.20265062153339386	-0.1952686905860901	-0.09271303564310074	-0.0798049122095108	0.058296088129282	0.3397209048271179	-0.29477807879447937	-0.23835258185863495
0.015800626948475838	-0.2198105752468109	-0.04765617102384567	-0.04527117311954498	0.033456794917583466	-0.05034865811467171	-0.022654574364423752	-0.03479970991611481	-0.19640113413333893	-0.06911411136388779	-0.09783504903316498	-0.22450324892997742	-0.14549675583839417	-0.06394564360380173	-0.06820867955684662	0.07386340945959091	0.27287983894348145	-0.29011887311935425	-0.34686097502708435
-0.017496583983302116	-0.21718673408031464	0.02042950689792633	-0.03524590656161308	0.005925194825977087	-0.07397841662168503	-0.057989634573459625	-0.05493271350860596	-0.18166762590408325	-0.09191375225782394	-0.16275617480278015	-0.2294621616601944	-0.10022245347499847	-0.032202333211898804	-0.05233760178089142	0.08687081933021545	0.18495063483715057	-0.26524749398231506	-0.42225661873817444
-0.0544273816049099	-0.20105312764644623	0.06839387118816376	-0.023179853335022926	-0.012700524181127548	-0.08648598939180374	-0.08171363174915314	-0.05798674374818802	-0.17717422544956207	-0.10461175441741943	-0.21438561379909515	-0.2193296253681183	-0.06735240668058395	0.001988170202821493	-0.04073286056518555	0.09326046705245972	0.09007101505994797	-0.22557465732097626	-0.46064651012420654
-0.09093771129846573	-0.17623600363731384	0.0885896384716034	-0.01512692030519247	-0.017531994730234146	-0.08773750066757202	-0.0853029265999794	-0.05080213397741318	-0.18302546441555023	-0.10710334032773972	-0.24884997308254242	-0.19849449396133423	-0.05185458064079285	0.034327320754528046	-0.038501765578985214	0.08984570950269699	0.003535074647516012	-0.18100865185260773	-0.46513602137565613
-0.12267795950174332	-0.1482778638601303	0.07971710711717606	-0.016308555379509926	-0.011427236720919609	-0.08012006431818008	-0.06534801423549652	-0.03935098648071289	-0.19952446222305298	-0.10047540813684464	-0.2634578347206116	-0.17280203104019165	-0.054640550166368484	0.059098873287439346	-0.045990511775016785	0.07450124621391296	-0.059071317315101624	-0.14189709722995758	-0.444064199924469
-0.1470804661512375	-0.12174540758132935	0.042418792843818665	-0.02783726155757904	-0.0010333684040233493	-0.06760711222887039	-0.022727668285369873	-0.028009532019495964	-0.21849361062049866	-0.08851590007543564	-0.2590705156326294	-0.14784786105155945	-0.0753285214304924	0.0739065632224083	-0.0588126964867115	0.04601695016026497	-0.08719877898693085	-0.11243827641010284	-0.4067394733428955
-0.1606716364622116	-0.09847123175859451	-0.021668249741196632	-0.04663653299212456	0.007327625527977943	-0.0547296367585659	0.03889815881848335	-0.015819678083062172	-0.22788910567760468	-0.07549901306629181	-0.23830954730510712	-0.12679986655712128	-0.1133129820227623	0.07929246872663498	-0.06748208403587341	0.006318425759673119	-0.07766236364841461	-0.09173348546028137	-0.36144742369651794
-0.1609240174293518	-0.07935494184494019	-0.10614557564258575	-0.06811626255512238	0.00977671705186367	-0.04642968252301216	0.11498340219259262	0.0016470415284857154	-0.21853908896446228	-0.06556661427021027	-0.2056938111782074	-0.10985662788152695	-0.16458015143871307	0.07827784866094589	-0.060437433421611786	-0.0383274182677269	-0.03563505411148071	-0.07715810835361481	-0.3150952160358429
-0.14956454932689667	-0.06502985209226608	-0.19846034049987793	-0.08908591419458389	0.0043307035230100155	-0.04628787934780121	0.20043212175369263	0.024960100650787354	-0.1820748746395111	-0.061960767954587936	-0.16783131659030914	-0.09506730735301971	-0.21913810074329376	0.07602889835834503	-0.03168473020195961	-0.07920853048563004	0.024644598364830017	-0.06455201655626297	-0.2715870141983032
-0.13036620616912842	-0.05334155634045601	-0.2809765934944153	-0.10752802342176437	-0.011484176851809025	-0.053839005529880524	0.28731295466423035	0.05027535557746887	-0.11397150158882141	-0.06450287252664566	-0.13023290038108826	-0.0798238143324852	-0.26197555661201477	0.07636622339487076	0.0141349071636796	-0.10728782415390015	0.08839474618434906	-0.04968283697962761	-0.23169076442718506
-0.10815852135419846	-0.04067530110478401	-0.3341025412082672	-0.11973819881677628	-0.040300432592630386	-0.06569701433181763	0.365096777677536	0.07078107446432114	-0.01855512149631977	-0.07186523824930191	-0.09708665311336517	-0.06349953263998032	-0.27817821502685547	0.08110121637582779	0.06431673467159271	-0.11594714969396591	0.14891186356544495	-0.02848362922668457	-0.19573178887367249
-0.08882910013198853	-0.026440758258104324	-0.34239616990089417	-0.12095180153846741	-0.08295919001102448	-0.07883644849061966	0.42207154631614685	0.07528583705425262	0.09303595125675201	-0.08469733595848083	-0.07286909967660904	-0.04881620779633522	-0.26020580530166626	0.09066648036241531	0.10511180758476257	-0.10464419424533844	0.20479696989059448	0.0036783500108867884	-0.1668468415737152
-0.0764228105545044	-0.013155797496438026	-0.29969078302383423	-0.10910096019506454	-0.13761194050312042	-0.09152732789516449	0.4453067183494568	0.052589695900678635	0.20510058104991913	-0.10321857780218124	-0.060891274362802505	-0.04003969579935074	-0.21083445847034454	0.10190892964601517	0.12782174348831177	-0.07944566756486893	0.2555561363697052	0.047791771590709686	-0.15148337185382843
-0.07294775545597076	-0.002863369882106781	-0.21190424263477325	-0.08559884876012802	-0.19681964814662933	-0.10230416804552078	0.4243243634700775	-0.001542774261906743	0.3011060655117035	-0.1250394582748413	-0.062392499297857285	-0.03963771089911461	-0.13913114368915558	0.11030750721693039	0.1309172362089157	-0.04948180541396141	0.2997424304485321	0.09908086061477661	-0.15415877103805542
-0.07834915816783905	0.004400157369673252	-0.09712392836809158	-0.055515460669994354	-0.2471306324005127	-0.1088033989071846	0.35639435052871704	-0.08208337426185608	0.36742478609085083	-0.14559383690357208	-0.07587681710720062	-0.045698877424001694	-0.05544891208410263	0.11318188160657883	0.11921938508749008	-0.02331174910068512	0.3326978087425232	0.14799299836158752	-0.17310580611228943
-0.08828330039978027	0.009939887560904026	0.02145313285291195	-0.028148388490080833	-0.2747883200645447	-0.10726384073495865	0.2477310597896576	-0.1734420210123062	0.3935113847255707	-0.1594165712594986	-0.09616297483444214	-0.0521748922765255	0.031250160187482834	0.10841582715511322	0.10017944127321243	-0.006145819090306759	0.3474818170070648	0.18027468025684357	-0.20208564400672913
-0.09646177291870117	0.015379831194877625	0.12426988780498505	-0.013258603401482105	-0.26973459124565125	-0.09394019842147827	0.11291259527206421	-0.2524953782558441	0.3778929114341736	-0.16371265053749084	-0.11770473420619965	-0.05197261646389961	0.11438696831464767	0.09506470710039139	0.07852412760257721	0.0022642500698566437	0.33750537037849426	0.18434682488441467	-0.2316657304763794
-0.09877639263868332	0.020971855148673058	0.1976056545972824	-0.01645425334572792	-0.2285502403974533	-0.06838443130254745	-0.02770034782588482	-0.2992214262485504	0.3323807418346405	-0.16006869077682495	-0.13820429146289825	-0.0401582196354866	0.18815621733665466	0.07363925874233246	0.05509040132164955	0.005862466059625149	0.2985124886035919	0.15969541668891907	-0.2502964437007904
-0.09484513849020004	0.024857765063643456	0.23476997017860413	-0.03870059549808502	-0.15800274908542633	-0.03474733233451843	-0.15351420640945435	-0.3060360848903656	0.27497604489326477	-0.15177828073501587	-0.15852969884872437	-0.015131304040551186	0.24764668941497803	0.045349691063165665	0.027795130386948586	0.008844071999192238	0.2325773537158966	0.11738263815641403	-0.24864117801189423
-0.08694149553775787	0.02467416226863861	0.2372894436120987	-0.07865860313177109	-0.07364402711391449	0.0011126573663204908	-0.2480677366256714	-0.2806900441646576	0.22358617186546326	-0.14122503995895386	-0.18087223172187805	0.021062733605504036	0.29044589400291443	0.013169088400900364	-0.008808642625808716	0.014811716042459011	0.15032899379730225	0.07780396193265915	-0.22222676873207092
-0.07601150125265121	0.019367584958672523	0.2114662528038025	-0.1339426040649414	0.0034985016100108624	0.03448447585105896	-0.30228766798973083	-0.24146400392055511	0.1909227818250656	-0.12831959128379822	-0.20501139760017395	0.06219131126999855	0.3143208920955658	-0.020633647218346596	-0.06013695150613785	0.02554541826248169	0.06690344214439392	0.06272707134485245	-0.1720457375049591
-0.0617658793926239	0.009168385528028011	0.16507898271083832	-0.19866500794887543	0.053610652685165405	0.06149134784936905	-0.3159197270870209	-0.2071700096130371	0.1805461198091507	-0.11226677894592285	-0.22808697819709778	0.09929334372282028	0.3174160420894623	-0.05545666068792343	-0.1256859004497528	0.0390402153134346	-0.005452381446957588	0.08688657730817795	-0.10398689657449722
-0.04588398337364197	-0.005252703558653593	0.10660146176815033	-0.2613169550895691	0.06825459748506546	0.07869143784046173	-0.29425132274627686	-0.19130495190620422	0.19138982892036438	-0.09530647099018097	-0.2482951432466507	0.12451863288879395	0.3021945655345917	-0.0884445533156395	-0.19834177196025848	0.05083645507693291	-0.06225615367293358	0.1551513522863388	-0.02696690894663334
-0.03048982098698616	-0.022738683968782425	0.04473472759127617	-0.3068411946296692	0.04956489056348801	0.08414596319198608	-0.2451217621564865	-0.1996755450963974	0.21869146823883057	-0.08072981983423233	-0.2632232904434204	0.1342727094888687	0.27466142177581787	-0.11567620187997818	-0.26863446831703186	0.05721168592572212	-0.103729248046875	0.25691840052604675	0.046707816421985626
-0.01751772128045559	-0.041211362928152084	-0.013268699869513512	-0.3213740885257721	0.004418982192873955	0.07785932719707489	-0.17893089354038239	-0.22784821689128876	0.2523050606250763	-0.06985728442668915	-0.26778340339660645	0.13005828857421875	0.24092374742031097	-0.13506034016609192	-0.3293638229370117	0.056730497628450394	-0.1307860016822815	0.3694521188735962	0.10372111946344376
-0.010069023817777634	-0.056728947907686234	-0.06475022435188293	-0.2978941798210144	-0.052804913371801376	0.06203740835189819	-0.1080821305513382	-0.2625817060470581	0.28380122780799866	-0.06301472336053848	-0.25798770785331726	0.11714734137058258	0.20467354357242584	-0.1450490653514862	-0.37661364674568176	0.04979446902871132	-0.1478039026260376	0.4741317927837372	0.13700123131275177
-0.009606953710317612	-0.06336116790771484	-0.11108888685703278	-0.23783734440803528	-0.10282685607671738	0.041001275181770325	-0.045056551694869995	-0.2847368121147156	0.306214302778244	-0.05941479280591011	-0.23212727904319763	0.1016775369644165	0.165602445602417	-0.1453757882118225	-0.40642252564430237	0.037660352885723114	-0.16158346831798553	0.5599891543388367	0.14704295992851257
-0.014737715944647789	-0.056904371827840805	-0.15450142323970795	-0.14714159071445465	-0.131644606590271	0.019055910408496857	0.0014622084563598037	-0.27549678087234497	0.3081722557544708	-0.05712654069066048	-0.18981513381004333	0.08799735456705093	0.12204711139202118	-0.13714087009429932	-0.4136554002761841	0.023267947137355804	-0.17622192203998566	0.6179776787757874	0.13872061669826508
-0.02333538793027401	-0.03789564594626427	-0.1977788209915161	-0.034737683832645416	-0.13199231028556824	-0.000734251516405493	0.029637370258569717	-0.22858212888240814	0.2831774353981018	-0.0535571351647377	-0.13446229696273804	0.0782175213098526	0.07550323009490967	-0.119449682533741	-0.3959823548793793	0.012470748275518417	-0.19555701315402985	0.6432791352272034	0.12111339718103409
-0.032250769436359406	-0.009320531040430069	-0.24149399995803833	0.08673065900802612	-0.1016298308968544	-0.01547427661716938	0.041784677654504776	-0.15309473872184753	0.23863109946250916	-0.04469519853591919	-0.0741628110408783	0.07326499372720718	0.031382929533720016	-0.08967078477144241	-0.3560599982738495	0.010544341057538986	-0.22418232262134552	0.6354619264602661	0.10401606559753418
-0.038496389985084534	0.025877900421619415	-0.277548223733902	0.2039225995540619	-0.045759472995996475	-0.02283463440835476	0.04043164476752281	-0.06682223826646805	0.1892680823802948	-0.02744431607425213	-0.019802909344434738	0.07331061363220215	-0.001605536905117333	-0.045587826520204544	-0.29888615012168884	0.016988195478916168	-0.2593494951725006	0.5948354601860046	0.09140981733798981
-0.04177018627524376	0.06456702202558517	-0.2886485457420349	0.30490565299987793	0.023720355704426765	-0.02237740345299244	0.027737364172935486	0.007798825856298208	0.1470458209514618	-0.002474370179697871	0.018214650452136993	0.07790504395961761	-0.012071777135133743	0.01283916924148798	-0.22954142093658447	0.025778036564588547	-0.2872388958930969	0.522630512714386	0.08203935623168945
-0.041382431983947754	0.10338040441274643	-0.25722137093544006	0.37839359045028687	0.09242629259824753	-0.014748581685125828	0.00460919551551342	0.05294916033744812	0.1153688058257103	0.026404893025755882	0.03617788478732109	0.08676477521657944	0.009192002937197685	0.07935305684804916	-0.15357810258865356	0.028069958090782166	-0.2910354733467102	0.4216340184211731	0.07486933469772339
-0.03362197056412697	0.1387018859386444	-0.17746450006961823	0.415185809135437	0.14840589463710785	-0.0005298060714267194	-0.029713131487369537	0.06635349988937378	0.09069865196943283	0.05291416496038437	0.03947187587618828	0.0996013954281807	0.06240391358733177	0.14153485000133514	-0.07756640017032623	0.01471753604710102	-0.26318177580833435	0.29858148097991943	0.07166548818349838
-0.01626763679087162	0.1658555269241333	-0.05998106673359871	0.4109029173851013	0.18646885454654694	0.019302701577544212	-0.07329105585813522	0.057776644825935364	0.07003025710582733	0.07011403888463974	0.03727395832538605	0.11403870582580566	0.13512706756591797	0.1873612254858017	-0.009798274375498295	-0.018682079389691353	-0.21239575743675232	0.16787752509117126	0.07621221244335175
0.008194293826818466	0.17967194318771362	0.0732053741812706	0.367615282535553	0.2062099725008011	0.04233787581324577	-0.1178738921880722	0.03829248249530792	0.054346125572919846	0.07512331008911133	0.03818993642926216	0.12463852018117905	0.20230576395988464	0.2091023176908493	0.040366556495428085	-0.06924054026603699	-0.16003839671611786	0.04943886026740074	0.09120571613311768
0.03491784259676933	0.17666976153850555	0.19671721756458282	0.29428598284721375	0.20590196549892426	0.06425764411687851	-0.152973011136055	0.014340507797896862	0.04577818885445595	0.07052585482597351	0.048723988234996796	0.125791996717453	0.23450447618961334	0.20341190695762634	0.06704727560281754	-0.13005273044109344	-0.12791919708251953	-0.038608912378549576	0.1155695989727974
0.058219052851200104	0.1566554456949234	0.2895394563674927	0.20496590435504913	0.18289358913898468	0.08014728128910065	-0.17212310433387756	-0.012402946129441261	0.044606294482946396	0.05929070711135864	0.07043635100126266	0.11562611162662506	0.21256940066814423	0.17170317471027374	0.07130283862352371	-0.19348286092281342	-0.12728603184223175	-0.08609212934970856	0.1455085426568985
0.0727587565779686	0.12343142926692963	0.34141865372657776	0.11544361710548401	0.13835811614990234	0.08710996806621552	-0.17424793541431427	-0.038148120045661926	0.04643267020583153	0.04205811768770218	0.10020381957292557	0.09676094353199005	0.1350843459367752	0.11902546882629395	0.0599287711083889	-0.25244322419166565	-0.15547770261764526	-0.09380590915679932	0.17583997547626495
0.07585268467664719	0.08488927781581879	0.35593777894973755	0.03934808075428009	0.0786518007516861	0.08526577055454254	-0.16120681166648865	-0.05092531815171242	0.04197976738214493	0.020593736320734024	0.1328149139881134	0.07480058819055557	0.01744777150452137	0.052504487335681915	0.04242008924484253	-0.2994953989982605	-0.1990867257118225	-0.07112336903810501	0.2005314975976944
0.06774696707725525	0.050824496895074844	0.34679123759269714	-0.015210522338747978	0.014677414670586586	0.07655321806669235	-0.1349889039993286	-0.037646207958459854	0.024924252182245255	-0.0011005334090441465	0.16114337742328644	0.05682799592614174	-0.11216360330581665	-0.018040703609585762	0.028652040287852287	-0.3250020742416382	-0.24048282206058502	-0.027755331248044968	0.21604129672050476
0.0516219399869442	0.028727594763040543	0.3294820785522461	-0.04527546465396881	-0.04107162728905678	0.06366800516843796	-0.09813626110553741	0.005465625319629908	-0.0044341301545500755	-0.01840539649128914	0.17873676121234894	0.04922056198120117	-0.2219962328672409	-0.08100525289773941	0.02875540405511856	-0.32070884108543396	-0.2626778781414032	0.029316183179616928	0.2229091078042984
0.033020999282598495	0.020536229014396667	0.314439594745636	-0.05209022015333176	-0.07916955649852753	0.04938993602991104	-0.05509375035762787	0.07279155403375626	-0.044679537415504456	-0.02712268941104412	0.18290001153945923	0.054783035069704056	-0.28720200061798096	-0.1259540468454361	0.05148296430706978	-0.2851969599723816	-0.2522081136703491	0.09226397424936295	0.2231072187423706
0.01749233715236187	0.02179715782403946	0.30009204149246216	-0.04393744841217995	-0.09402698278427124	0.035550471395254135	-0.010039806365966797	0.15160289406776428	-0.09167248010635376	-0.026697248220443726	0.1721239984035492	0.07159785181283951	-0.297760009765625	-0.14607545733451843	0.09745550900697708	-0.223566472530365	-0.20402823388576508	0.15300224721431732	0.21898382902145386
0.009788772091269493	0.023378148674964905	0.2712661623954773	-0.034298375248909	-0.08228603005409241	0.022678744047880173	0.03423231840133667	0.22386538982391357	-0.13450074195861816	-0.021526502445340157	0.1443958431482315	0.09402798116207123	-0.2619277834892273	-0.14021086692810059	0.15536461770534515	-0.14580656588077545	-0.12271779775619507	0.20417387783527374	0.2125502973794937
0.012813325971364975	0.015440917573869228	0.21229392290115356	-0.03148884326219559	-0.04355695843696594	0.01051231101155281	0.07625530660152435	0.2732996344566345	-0.16138683259487152	-0.016964655369520187	0.09981731325387955	0.11378362774848938	-0.1992640197277069	-0.11180830001831055	0.2071147859096527	-0.06461899727582932	-0.016572732478380203	0.23795399069786072	0.20432156324386597
0.02623899281024933	-0.0074911415576934814	0.1203634962439537	-0.033773910254240036	0.018114350736141205	-0.0010098578641191125	0.11635403335094452	0.2908121943473816	-0.16534264385700226	-0.015629464760422707	0.04236489534378052	0.12168388068675995	-0.1287449598312378	-0.0656624510884285	0.2352014034986496	0.009965146891772747	0.1055365577340126	0.24699386954307556	0.195262148976326
0.04869617521762848	-0.04320249706506729	0.004930279217660427	-0.034851621836423874	0.09330131858587265	-0.010913084261119366	0.1522761583328247	0.2748892307281494	-0.14740747213363647	-0.016368303447961807	-0.019582603126764297	0.1116715744137764	-0.06303522735834122	-0.008655624464154243	0.22844862937927246	0.07256053388118744	0.23219431936740875	0.2231052815914154	0.18640798330307007
0.0781419649720192	-0.08413318544626236	-0.11667578667402267	-0.029099008068442345	0.16709227859973907	-0.017814483493566513	0.17700296640396118	0.23129771649837494	-0.11888044327497482	-0.01587577722966671	-0.07457402348518372	0.08362089097499847	-0.0087413489818573	0.0486590638756752	0.18629759550094604	0.12060733884572983	0.3485385477542877	0.15790815651416779	0.17560860514640808
0.10912930220365524	-0.12351936846971512	-0.22270196676254272	-0.014904558658599854	0.22249923646450043	-0.021350417286157608	0.18479372560977936	0.17043980956077576	-0.09366913139820099	-0.012512369081377983	-0.11161427944898605	0.041583966463804245	0.030567675828933716	0.094638891518116	0.11873658746480942	0.15316057205200195	0.4360526502132416	0.0496053546667099	0.15783682465553284
0.13430488109588623	-0.1576273888349533	-0.29346874356269836	0.002700446406379342	0.2457144558429718	-0.02259896881878376	0.174485981464386	0.10287458449602127	-0.080507293343544	-0.00786922313272953	-0.12161632627248764	-0.009501555934548378	0.05179537087678909	0.11933644860982895	0.04264942556619644	0.1691477745771408	0.4744013547897339	-0.09283402562141418	0.12665928900241852
0.1476270705461502	-0.18256260454654694	-0.3184812068939209	0.01524345763027668	0.23059016466140747	-0.02260005846619606	0.1488797962665558	0.03907052427530289	-0.08207638561725616	-0.004297918640077114	-0.0992811918258667	-0.06437989324331284	0.05326474457979202	0.11793814599514008	-0.023434463888406754	0.16852599382400513	0.4492564797401428	-0.24817222356796265	0.07839518785476685
0.1464865505695343	-0.19202354550361633	-0.3000359833240509	0.016661223024129868	0.18110503256320953	-0.020197290927171707	0.11542096734046936	-0.009185072965919971	-0.09406651556491852	-0.00024599386961199343	-0.046736620366573334	-0.1159663125872612	0.03660550341010094	0.09434986114501953	-0.06493750959634781	0.15631449222564697	0.36093348264694214	-0.3869684934616089	0.019688677042722702
0.13371704518795013	-0.1798628270626068	-0.24882370233535767	0.005773458164185286	0.1090182363986969	-0.012651421129703522	0.08266855776309967	-0.03479102626442909	-0.11016656458377838	0.010552999563515186	0.02694924734532833	-0.15544423460960388	0.008496146649122238	0.05861252173781395	-0.07461584359407425	0.14146843552589417	0.22518998384475708	-0.4860207140445709	-0.034414298832416534
0.1146254613995552	-0.144897922873497	-0.17619538307189941	-0.013717600144445896	0.028135133907198906	0.000952098285779357	0.05464354529976845	-0.04280439019203186	-0.12766756117343903	0.03133147954940796	0.10898266732692719	-0.1749819666147232	-0.019584301859140396	0.021828854456543922	-0.054467298090457916	0.13069212436676025	0.0662558525800705	-0.5367119908332825	-0.07177416235208511
0.09308018535375595	-0.09281595796346664	-0.09383851289749146	-0.03553379327058792	-0.050189342349767685	0.017943881452083588	0.030845103785395622	-0.04605144262313843	-0.1449470818042755	0.05710713565349579	0.18625162541866302	-0.17084185779094696	-0.03798096999526024	-0.007480263710021973	-0.015190182253718376	0.12293446063995361	-0.08952990919351578	-0.5411781072616577	-0.08994439989328384
0.0724789947271347	-0.03392985835671425	-0.016540508717298508	-0.05466832220554352	-0.1182216927409172	0.03311662748456001	0.010233000852167606	-0.054006870836019516	-0.16013412177562714	0.07897118479013443	0.2477140873670578	-0.14510773122310638	-0.04430864751338959	-0.026155147701501846	0.028245406225323677	0.1107095405459404	-0.21660318970680237	-0.5078707337379456	-0.09508440643548965
0.05556530877947807	0.019677575677633286	0.040689487010240555	-0.06913591176271439	-0.1719956248998642	0.04089758172631264	-0.005467449314892292	-0.06627070158720016	-0.17050780355930328	0.0884091928601265	0.28341156244277954	-0.1052497923374176	-0.04111454263329506	-0.03495712950825691	0.060936346650123596	0.08889642357826233	-0.29395338892936707	-0.4465154707431793	-0.09607458114624023
0.04334618151187897	0.05649800971150398	0.06648246943950653	-0.07888076454401016	-0.21134915947914124	0.03802359104156494	-0.013765599578619003	-0.0727950856089592	-0.17131340503692627	0.08025681227445602	0.2851060926914215	-0.06172006577253342	-0.033786412328481674	-0.03567032143473625	0.0716032013297081	0.058730099350214005	-0.30987921357154846	-0.3637266159057617	-0.09906104952096939
0.034520648419857025	0.06824416667222977	0.05427480861544609	-0.08259613066911697	-0.2363453358411789	0.0247493889182806	-0.015165023505687714	-0.06195119023323059	-0.15637505054473877	0.055038005113601685	0.24828927218914032	-0.024864561855793	-0.02959616109728813	-0.028684483841061592	0.05653738975524902	0.025494130328297615	-0.265937477350235	-0.26304692029953003	-0.10555057972669601
0.023143790662288666	0.05190393701195717	0.005158986896276474	-0.07475690543651581	-0.24495311081409454	0.0036814322229474783	-0.010491634719073772	-0.030647292733192444	-0.11632846295833588	0.016701696440577507	0.17257072031497955	-0.0026327206287533045	-0.033705007284879684	-0.009971359744668007	0.019992023706436157	-0.0007746741757728159	-0.17807385325431824	-0.14729289710521698	-0.11092732101678848
0.0021700020879507065	0.011393037624657154	-0.06954359263181686	-0.048001572489738464	-0.2363578826189041	-0.0215920340269804	0.0011807468254119158	0.013698878698050976	-0.041317056864500046	-0.028663957491517067	0.0662885457277298	0.00022732246725354344	-0.04812759533524513	0.02570486068725586	-0.02822921983897686	-0.00948812160640955	-0.07263495773077011	-0.024034935981035233	-0.10734258592128754
-0.028015591204166412	-0.04097064211964607	-0.14838549494743347	0.0021108791697770357	-0.21172654628753662	-0.047314390540122986	0.01846831664443016	0.05715559050440788	0.06719069182872772	-0.07109042257070541	-0.048266589641571045	-0.017027458176016808	-0.07224731147289276	0.07789158076047897	-0.07336439937353134	-0.00141782162245363	0.02064615488052368	0.09240543842315674	-0.0932883620262146
-0.05825652927160263	-0.08718694746494293	-0.2010783702135086	0.07297565788030624	-0.17419564723968506	-0.07036134600639343	0.035664960741996765	0.08380220830440521	0.18580056726932526	-0.10089781135320663	-0.1405499428510666	-0.04824123531579971	-0.09715232253074646	0.138729527592659	-0.09992462396621704	0.009510121308267117	0.07432981580495834	0.18433953821659088	-0.07814019918441772
-0.07584749907255173	-0.1125531867146492	-0.19826021790504456	0.14852340519428253	-0.13301339745521545	-0.08792582154273987	0.04525342956185341	0.0833660140633583	0.27133405208587646	-0.11634735763072968	-0.18791823089122772	-0.0782315731048584	-0.1014837846159935	0.19362686574459076	-0.10109958797693253	0.00910128653049469	0.06950464844703674	0.2296810746192932	-0.0749550610780716
-0.07097049057483673	-0.11313536018133163	-0.13148635625839233	0.20400682091712952	-0.10010042041540146	-0.09602778404951096	0.042965810745954514	0.05989864468574524	0.2821355164051056	-0.1193440854549408	-0.18562889099121094	-0.0902501791715622	-0.06403971463441849	0.22507774829864502	-0.07954935729503632	-0.004940051585435867	0.010289294645190239	0.20827917754650116	-0.08721727132797241
-0.042286455631256104	-0.09630608558654785	-0.02797028049826622	0.22321094572544098	-0.07830086350440979	-0.09020403027534485	0.03149710223078728	0.028769057244062424	0.20344048738479614	-0.10445288568735123	-0.14095723628997803	-0.08023300021886826	0.011598354205489159	0.22131861746311188	-0.0398884080350399	-0.022203534841537476	-0.06758573651313782	0.11966797709465027	-0.10250763595104218
0.0026537582743912935	-0.07673611491918564	0.05842316895723343	0.2025427669286728	-0.060966819524765015	-0.06959300488233566	0.01635488122701645	0.00349394790828228	0.052600063383579254	-0.06393974274396896	-0.06705493479967117	-0.059452977031469345	0.09100863337516785	0.18019765615463257	0.01127669494599104	-0.02842116914689541	-0.11580988019704819	-0.013695932924747467	-0.10283242911100388
0.05077692121267319	-0.06798774749040604	0.08117268234491348	0.14477543532848358	-0.046221211552619934	-0.04007982835173607	0.0014105712762102485	-0.008265325799584389	-0.13147132098674774	-0.0034578952472656965	0.015153186395764351	-0.04261501878499985	0.1345793604850769	0.10778043419122696	0.06095951050519943	-0.015820886939764023	-0.10311228036880493	-0.15904760360717773	-0.0817447379231453
0.08588205277919769	-0.07412181794643402	0.03028995916247368	0.059037476778030396	-0.04296725243330002	-0.013055793941020966	-0.0071584912948310375	-0.002504528034478426	-0.2967120110988617	0.05368558317422867	0.07802940160036087	-0.0368521623313427	0.12535177171230316	0.020990794524550438	0.0932704284787178	0.01359795592725277	-0.031502485275268555	-0.28147268295288086	-0.05083327367901802
0.09319090843200684	-0.08817894756793976	-0.06838488578796387	-0.03693918511271477	-0.05781027674674988	0.001493621850386262	0.00021700383513234556	0.01227959431707859	-0.3796374797821045	0.07807522267103195	0.09761460870504379	-0.039393357932567596	0.07028988003730774	-0.051251426339149475	0.09760217368602753	0.05129479244351387	0.05753715708851814	-0.34261181950569153	-0.028711650520563126
0.0706993043422699	-0.09718064963817596	-0.17185325920581818	-0.11935831606388092	-0.08261930197477341	0.003795644734054804	0.02559557743370533	0.013601749204099178	-0.32512107491493225	0.05385632812976837	0.07047895342111588	-0.042565710842609406	-0.013987508602440357	-0.08308643847703934	0.07285952568054199	0.08506868034601212	0.0999174416065216	-0.30912789702415466	-0.022497287020087242
0.03611340373754501	-0.09131679683923721	-0.23716826736927032	-0.17011237144470215	-0.10164517164230347	0.0022889655083417892	0.054605960845947266	-0.007192704826593399	-0.14275024831295013	-0.008111541159451008	0.021254202350974083	-0.040700722485780716	-0.1035340279340744	-0.07453286647796631	0.027294568717479706	0.1017240509390831	0.06453796476125717	-0.18802694976329803	-0.023880524560809135
0.012302261777222157	-0.06821387261152267	-0.22845406830310822	-0.18227480351924896	-0.10764946043491364	0.002800334244966507	0.06637075543403625	-0.028525304049253464	0.07448447495698929	-0.07364732772111893	-0.01264779269695282	-0.031391434371471405	-0.16367322206497192	-0.04940612614154816	-0.02141439914703369	0.09086176007986069	-0.01599685288965702	-0.04030410200357437	-0.021202022209763527
0.006561916787177324	-0.027755295857787132	-0.12539029121398926	-0.150705486536026	-0.10046056658029556	0.006169895175844431	0.04937408119440079	-0.0241863951086998	0.22305507957935333	-0.10435255616903305	-0.006466921418905258	-0.0133113544434309	-0.16459530591964722	-0.02886381186544895	-0.05172140523791313	0.04747006669640541	-0.08845150470733643	0.06858836859464645	-0.0057674976997077465
0.012034708634018898	0.02956896461546421	0.053596168756484985	-0.07403629273176193	-0.07369323074817657	0.013069829903542995	0.0031300184782594442	0.013994449749588966	0.2559038996696472	-0.08091437071561813	0.04073924943804741	0.012801965698599815	-0.10453067719936371	-0.01887720450758934	-0.05189266428351402	-0.025122564285993576	-0.12353619933128357	0.11528431624174118	0.030115565285086632
0.020038608461618423	0.09771513193845749	0.24943535029888153	0.03571510314941406	-0.020367953926324844	0.02456223964691162	-0.06396275758743286	0.07527560740709305	0.1771867871284485	-0.010161628015339375	0.11333639174699783	0.042849101126194	-0.009219898842275143	-0.016117865219712257	-0.024760602042078972	-0.11219720542430878	-0.1172795221209526	0.11042886227369308	0.08811306953430176
0.021836282685399055	0.1630098968744278	0.4013614058494568	0.15764865279197693	0.05110892653465271	0.038720760494470596	-0.13299579918384552	0.1302492469549179	0.018877791240811348	0.08352077752351761	0.18799170851707458	0.07080051302909851	0.08913033455610275	-0.01275559887290001	0.020144250243902206	-0.19129422307014465	-0.08614572882652283	0.07494081556797028	0.15408310294151306
0.008493325673043728	0.20790240168571472	0.4784427583217621	0.26825273036956787	0.11785387992858887	0.0495094358921051	-0.18291012942790985	0.14497782289981842	-0.17342685163021088	0.17087110877037048	0.2403736114501953	0.09024490416049957	0.16652517020702362	-0.002658654237166047	0.07282884418964386	-0.2439042180776596	-0.057899750769138336	0.027899665758013725	0.20076723396778107
-0.022950969636440277	0.21905983984470367	0.47733333706855774	0.3415774405002594	0.15777364373207092	0.05063243210315704	-0.20364290475845337	0.1077631339430809	-0.35517504811286926	0.23057107627391815	0.25404468178749084	0.09625212848186493	0.21137550473213196	0.011217806488275528	0.12324187159538269	-0.26230648159980774	-0.04788854718208313	-0.02036871388554573	0.2058619111776352
-0.06596168130636215	0.19334544241428375	0.407575786113739	0.35294416546821594	0.16295747458934784	0.03990718722343445	-0.1960192769765854	0.03591350466012955	-0.4887603223323822	0.25165116786956787	0.2236514687538147	0.08792229741811752	0.22357045114040375	0.019098542630672455	0.16063472628593445	-0.24486182630062103	-0.049581848084926605	-0.06761926412582397	0.16511492431163788
-0.10813705623149872	0.13628654181957245	0.28344354033470154	0.2901318669319153	0.13843613862991333	0.01930132880806923	-0.16481426358222961	-0.04000401496887207	-0.5447199940681458	0.22901998460292816	0.15384557843208313	0.06692679226398468	0.20522649586200714	0.012638931162655354	0.1757597029209137	-0.19368135929107666	-0.050116926431655884	-0.1121460422873497	0.0876912772655487
-0.13797862827777863	0.058132123202085495	0.12480425834655762	0.16375666856765747	0.09260787069797516	-0.007670179009437561	-0.11752038449048996	-0.09458070993423462	-0.5086053013801575	0.16541220247745514	0.05900053679943085	0.03337639570236206	0.15524780750274658	-0.00999824795871973	0.1632727086544037	-0.11784359067678452	-0.04348897561430931	-0.14778997004032135	-0.011608021333813667
-0.14856982231140137	-0.02718239463865757	-0.04150110110640526	0.004741175565868616	0.034881334751844406	-0.0369766540825367	-0.064312644302845	-0.11670416593551636	-0.3870584964752197	0.07495300471782684	-0.04030312970280647	-0.01242567878216505	0.0770360454916954	-0.04343205317854881	0.12286587059497833	-0.03122512623667717	-0.028431612998247147	-0.1653725802898407	-0.11324000358581543
-0.13555529713630676	-0.10303499549627304	-0.18581366539001465	-0.14733731746673584	-0.025773242115974426	-0.06314722448587418	-0.015768496319651604	-0.10571315884590149	-0.2109699547290802	-0.018463922664523125	-0.12100620567798615	-0.0646057203412056	-0.016095798462629318	-0.07792014628648758	0.06324847787618637	0.0512332059442997	-0.004464976955205202	-0.16073639690876007	-0.19607435166835785
-0.09779290109872818	-0.15449219942092896	-0.2834995985031128	-0.25529658794403076	-0.08461303263902664	-0.07995376735925674	0.01979161985218525	-0.06552309542894363	-0.028813008219003677	-0.0895528495311737	-0.16309474408626556	-0.11196040362119675	-0.10518552362918854	-0.1019851490855217	0.002143170451745391	0.1149677261710167	0.02551695518195629	-0.14029869437217712	-0.24430957436561584
-0.043251290917396545	-0.17443837225437164	-0.323700875043869	-0.29496273398399353	-0.13778941333293915	-0.08332184702157974	0.039910223335027695	-0.004530636593699455	0.11742617934942245	-0.1249532699584961	-0.16019892692565918	-0.14368803799152374	-0.1727074682712555	-0.10365629196166992	-0.044696204364299774	0.15006126463413239	0.053527701646089554	-0.11297611147165298	-0.251996785402298
0.011726093478500843	-0.16625115275382996	-0.31346848607063293	-0.2621554732322693	-0.17978978157043457	-0.07302414625883102	0.04827416315674782	0.06718054413795471	0.21020616590976715	-0.12819986045360565	-0.1221463680267334	-0.1544831097126007	-0.21001224219799042	-0.07568997889757156	-0.0716797336935997	0.1547490358352661	0.07186827808618546	-0.08149567246437073	-0.22478839755058289
0.05137694999575615	-0.13910800218582153	-0.2708978056907654	-0.17047517001628876	-0.20625604689121246	-0.05217302218079567	0.05030834302306175	0.1422143578529358	0.24968206882476807	-0.11052045226097107	-0.06571006774902344	-0.14465191960334778	-0.2185307741165161	-0.021372109651565552	-0.0788772776722908	0.1347767412662506	0.07827490568161011	-0.04605511203408241	-0.1761254072189331
0.06742905080318451	-0.10110190510749817	-0.21344132721424103	-0.044998832046985626	-0.21322859823703766	-0.026349909603595734	0.05077375844120979	0.21239472925662994	0.241286501288414	-0.08084513992071152	-0.007201803848147392	-0.11691413819789886	-0.2027626484632492	0.0464155413210392	-0.06642226874828339	0.10075511038303375	0.07299633324146271	-0.008997267112135887	-0.1180766224861145
0.0602022148668766	-0.05780169367790222	-0.15167807042598724	0.0825154036283493	-0.19546549022197723	-0.003101564245298505	0.05170387029647827	0.2620439827442169	0.1917717605829239	-0.04450126737356186	0.03854023292660713	-0.07520726323127747	-0.16497083008289337	0.1101507917046547	-0.03607622906565666	0.06244745850563049	0.05419224500656128	0.025873081758618355	-0.05632663145661354
0.03578033670783043	-0.013572142459452152	-0.08730632811784744	0.1788116842508316	-0.1444648653268814	0.009782673791050911	0.04870070517063141	0.26669442653656006	0.10931359231472015	-0.00690418528392911	0.058676138520240784	-0.024463629350066185	-0.10301732271909714	0.1528092324733734	0.0049667758867144585	0.023837745189666748	0.02028673328459263	0.0553923025727272	0.008387945592403412
0.0007257407996803522	0.024753369390964508	-0.020073268562555313	0.21810750663280487	-0.050650980323553085	0.00789557583630085	0.03419932350516319	0.20229759812355042	0.010153643786907196	0.021039849147200584	0.04588696360588074	0.02707439288496971	-0.019364142790436745	0.16434061527252197	0.04345115274190903	-0.015547061339020729	-0.02599756419658661	0.07749205827713013	0.07260768860578537
-0.0386369489133358	0.04532265290617943	0.04177406057715416	0.19458629190921783	0.07328871637582779	-0.005946134217083454	0.006479915697127581	0.07031988352537155	-0.07877303659915924	0.02753055840730667	0.006721396930515766	0.06334450095891953	0.06096898019313812	0.14448733627796173	0.06622559577226639	-0.053982265293598175	-0.07314877957105637	0.08462756872177124	0.11756137013435364
-0.06726779788732529	0.04601692780852318	0.09316978603601456	0.12574917078018188	0.17808160185813904	-0.019737305119633675	-0.028986141085624695	-0.08256959915161133	-0.13991788029670715	0.02437005378305912	-0.030519291758537292	0.0712091252207756	0.10607989877462387	0.09333406388759613	0.0696287453174591	-0.0801992416381836	-0.09289747476577759	0.05937778204679489	0.11805173754692078
-0.0654551163315773	0.04452776908874512	0.1414533406496048	0.04002607241272926	0.21404525637626648	-0.018310315907001495	-0.06368520110845566	-0.18825238943099976	-0.17718178033828735	0.04685330390930176	-0.028924832120537758	0.05537234991788864	0.1117594987154007	0.008031864650547504	0.05792425945401192	-0.07884770631790161	-0.05542083829641342	-0.0074811712838709354	0.07530205696821213
-0.030739836394786835	0.05451035127043724	0.18195541203022003	-0.03758306801319122	0.1697530895471573	0.002823448274284601	-0.08276870101690292	-0.20641539990901947	-0.19353337585926056	0.10499463230371475	0.025456242263317108	0.028747815638780594	0.0924258679151535	-0.10079918801784515	0.032012905925512314	-0.04753326624631882	0.02820109948515892	-0.09433853626251221	0.021867074072360992
0.01885896921157837	0.06264350563287735	0.18401364982128143	-0.09337937086820602	0.0657581016421318	0.030523404479026794	-0.06661023944616318	-0.14362680912017822	-0.17374086380004883	0.1583539843559265	0.10784230381250381	-0.004511155653744936	0.05281205475330353	-0.2018265575170517	-0.009503454901278019	-0.0009413989027962089	0.10236430913209915	-0.15800175070762634	-0.013090178370475769
0.05965529754757881	0.04230109602212906	0.12165722995996475	-0.12169680744409561	-0.06147535890340805	0.04363659396767616	-0.011119796894490719	-0.03956320881843567	-0.10056879371404648	0.15559238195419312	0.16934454441070557	-0.047218360006809235	-0.0076162018813192844	-0.25405997037887573	-0.05711344629526138	0.041457224637269974	0.12005061656236649	-0.1640043705701828	-0.02883746847510338
0.07423602789640427	-0.010827663354575634	0.012471946887671947	-0.1167028471827507	-0.1654238998889923	0.032331228256225586	0.05857919156551361	0.05498107150197029	0.013685779646039009	0.08889304101467133	0.17180098593235016	-0.09063490480184555	-0.07093720138072968	-0.22565852105617523	-0.09029003232717514	0.06748553365468979	0.07852913439273834	-0.11011934280395508	-0.04013971611857414
0.06165708228945732	-0.06847987323999405	-0.0934496521949768	-0.07937278598546982	-0.2037523239850998	0.006187723018229008	0.10317929089069366	0.10778455436229706	0.12095765769481659	0.0005830744630657136	0.11342864483594894	-0.10985668748617172	-0.10415540635585785	-0.11942443251609802	-0.09324106574058533	0.07475325465202332	0.011567235924303532	-0.028993530198931694	-0.05060954391956329
0.03611797094345093	-0.09962110966444016	-0.15868575870990753	-0.02465255931019783	-0.1607433408498764	-0.018165525048971176	0.09738137573003769	0.12335208058357239	0.17163072526454926	-0.06019860878586769	0.02389034628868103	-0.08928317576646805	-0.09068047255277634	0.021977156400680542	-0.06553670763969421	0.06558709591627121	-0.03170715644955635	0.03619227185845375	-0.04907182231545448
0.012506511993706226	-0.0933576300740242	-0.17215675115585327	0.029913663864135742	-0.0573909692466259	-0.030650800094008446	0.04595907777547836	0.12455315887928009	0.14886431396007538	-0.07341530174016953	-0.05757538974285126	-0.0386568047106266	-0.041088685393333435	0.14497172832489014	-0.02012043632566929	0.04505322501063347	-0.019251544028520584	0.06092353165149689	-0.026179131120443344
-0.0037512804847210646	-0.057491470128297806	-0.1399112045764923	0.07275328040122986	0.06233768165111542	-0.030241450294852257	-0.02365109883248806	0.12323681265115738	0.07443594187498093	-0.05121573805809021	-0.10568138211965561	0.01858646050095558	0.019799847155809402	0.2144603729248047	0.024338126182556152	0.022115100175142288	0.03852362185716629	0.04714982584118843	0.013926772400736809
-0.015899043530225754	-0.010707364417612553	-0.08069092035293579	0.09778103977441788	0.15404270589351654	-0.021192900836467743	-0.08029036223888397	0.11472158133983612	-0.007703534793108702	-0.02235085517168045	-0.1183866634964943	0.06086753308773041	0.06479261070489883	0.22135481238365173	0.05218590795993805	0.005747103597968817	0.1006130799651146	0.012615923769772053	0.054844364523887634
-0.029324496164917946	0.027347175404429436	-0.01618913561105728	0.10553759336471558	0.187092587351799	-0.008374037221074104	-0.10244573652744293	0.08994545787572861	-0.058924030512571335	-0.009489864110946655	-0.10522910952568054	0.07578036934137344	0.0751054659485817	0.17581623792648315	0.05668120086193085	-0.0009716420318000019	0.12751515209674835	-0.02328195981681347	0.07707300782203674
-0.0456322506070137	0.04375435411930084	0.037472303956747055	0.0983341634273529	0.15244565904140472	0.003531808964908123	-0.08508999645709991	0.04544009640812874	-0.06978102773427963	-0.014656470157206059	-0.07537748664617538	0.06033369153738022	0.04712051525712013	0.09564566612243652	0.04213013872504234	-0.0021651594433933496	0.10623688250780106	-0.05005551874637604	0.06822768598794937
-0.060988541692495346	0.03588717430830002	0.06963969022035599	0.0732278972864151	0.06552596390247345	0.009505745023488998	-0.04103873670101166	-0.013685907237231731	-0.06139364466071129	-0.022171122953295708	-0.03528742864727974	0.0197434164583683	-0.008848686702549458	-0.0015037836274132133	0.02248823083937168	-0.005539401900023222	0.052968863397836685	-0.06880277395248413	0.028106430545449257
-0.06967461109161377	0.011304039508104324	0.07765457779169083	0.028567517176270485	-0.04218996316194534	0.006564960815012455	0.007925599813461304	-0.07554332166910172	-0.059993959963321686	-0.014421605505049229	0.010647435672581196	-0.034214504063129425	-0.0735301747918129	-0.0976295918226242	0.011954917572438717	-0.015775952488183975	-0.00836306344717741	-0.0844898596405983	-0.033880624920129776
-0.0689479261636734	-0.01756938360631466	0.07131925225257874	-0.027503350749611855	-0.13814781606197357	-0.004865842405706644	0.04500700160861015	-0.1270916610956192	-0.07316481322050095	0.014777375385165215	0.057574208825826645	-0.0873870849609375	-0.12403261661529541	-0.17429958283901215	0.014273843728005886	-0.029122885316610336	-0.06217705085873604	-0.0981607511639595	-0.10412069410085678
-0.05870964378118515	-0.039091307669878006	0.06648555397987366	-0.08293068408966064	-0.19921045005321503	-0.021555399522185326	0.0632258728146553	-0.15971143543720245	-0.09243302047252655	0.062085554003715515	0.09996805340051651	-0.127592071890831	-0.1408068686723709	-0.219522163271904	0.024032006040215492	-0.036047931760549545	-0.09584671258926392	-0.10856770724058151	-0.1664806306362152
-0.03839130327105522	-0.044584278017282486	0.07279425114393234	-0.12957216799259186	-0.21563665568828583	-0.03780687227845192	0.060635823756456375	-0.16999408602714539	-0.10956510901451111	0.12171284109354019	0.13624370098114014	-0.14778052270412445	-0.11494126915931702	-0.23244449496269226	0.034597255289554596	-0.03090559132397175	-0.09700021147727966	-0.1159662976861	-0.20482729375362396
-0.008765502832829952	-0.030552031472325325	0.08977796137332916	-0.1616578847169876	-0.1893547773361206	-0.04775264486670494	0.038311589509248734	-0.15963990986347198	-0.12387634068727493	0.18447303771972656	0.16817688941955566	-0.14736078679561615	-0.05052099749445915	-0.2194260060787201	0.040443990379571915	-0.016474157571792603	-0.062402043491601944	-0.11999393999576569	-0.2099982053041458
0.024064578115940094	-0.0008561766589991748	0.11045366525650024	-0.1732335388660431	-0.1293984204530716	-0.04829338192939758	0.0029424349777400494	-0.13688568770885468	-0.1354149878025055	0.2372489869594574	0.19411946833133698	-0.12991437315940857	0.03816673904657364	-0.18925967812538147	0.03524206206202507	0.002395661547780037	-0.0019570142030715942	-0.1167457178235054	-0.18181557953357697
0.05068521946668625	0.03537404164671898	0.12616969645023346	-0.1605529636144638	-0.05077178403735161	-0.03932829201221466	-0.0350581631064415	-0.11325626820325851	-0.13860054314136505	0.2676036059856415	0.20803700387477875	-0.09989718347787857	0.1309153437614441	-0.15302793681621552	0.011959638446569443	0.023005126044154167	0.06577732414007187	-0.10093776881694794	-0.12643525004386902
0.06511147320270538	0.0681021437048912	0.13005217909812927	-0.12502001225948334	0.025856392458081245	-0.02275894396007061	-0.06811197102069855	-0.09686462581157684	-0.12828323245048523	0.26712387800216675	0.20523911714553833	-0.06264849007129669	0.20636354386806488	-0.12294124811887741	-0.03300033509731293	0.03974419832229614	0.1203240156173706	-0.07075536251068115	-0.05563326179981232
0.0671389102935791	0.08966663479804993	0.11805182695388794	-0.07256099581718445	0.08209063857793808	-0.0013322680024430156	-0.09260029345750809	-0.09132379293441772	-0.102942556142807	0.23342570662498474	0.18445084989070892	-0.024964584037661552	0.24860401451587677	-0.10537347197532654	-0.09432696551084518	0.044938959181308746	0.14447784423828125	-0.029942160472273827	0.017013035714626312
0.05985279753804207	0.09708977490663528	0.08878760784864426	-0.011658539064228535	0.11183810234069824	0.022483287379145622	-0.10465582460165024	-0.09719601273536682	-0.05819952115416527	0.1706097573041916	0.1463228464126587	0.007131937891244888	0.25174182653427124	-0.09568928927183151	-0.15781930088996887	0.03679434210062027	0.1282552033662796	0.014103387482464314	0.08128923922777176
0.05042620003223419	0.09109716862440109	0.042460016906261444	0.047126058489084244	0.12026789039373398	0.04611191526055336	-0.10244029015302658	-0.10795759409666061	0.004932194948196411	0.0885927602648735	0.0961536094546318	0.029479343444108963	0.2175380438566208	-0.08467873930931091	-0.206539586186409	0.016509581357240677	0.075379878282547	0.050164446234703064	0.12952633202075958
0.04917798191308975	0.0719175711274147	-0.01979134976863861	0.09272737801074982	0.11614930629730225	0.06562422960996628	-0.09146896749734879	-0.1100032702088356	0.06628736108541489	0.001586909987963736	0.0439022071659565	0.038396816700696945	0.1520894318819046	-0.06770950555801392	-0.22653858363628387	-0.017896611243486404	0.004970875568687916	0.06456960737705231	0.1546032875776291
0.05993281304836273	0.03874657675623894	-0.09335517883300781	0.11891252547502518	0.10895314812660217	0.07670185714960098	-0.07815675437450409	-0.09188764542341232	0.10351590067148209	-0.07707120478153229	-0.004271237645298243	0.03227066993713379	0.06610379368066788	-0.042247362434864044	-0.2106970101594925	-0.06281585246324539	-0.06080028414726257	0.052688997238874435	0.1530209481716156
0.07572127878665924	-0.0061018457636237144	-0.16841259598731995	0.12838339805603027	0.10763802379369736	0.07725533097982407	-0.06061117723584175	-0.04843297600746155	0.11638396233320236	-0.13885381817817688	-0.048712730407714844	0.014381766319274902	-0.026877615600824356	-0.002968137152493	-0.16157390177249908	-0.10151541233062744	-0.1081395074725151	0.026407629251480103	0.12924465537071228
0.0872422382235527	-0.05624240264296532	-0.233516126871109	0.12939245998859406	0.11737602204084396	0.06732520461082458	-0.03312777727842331	0.020208092406392097	0.1163463220000267	-0.179467111825943	-0.08947785943746567	-0.009400879964232445	-0.11420086026191711	0.053078051656484604	-0.08986522257328033	-0.1158151850104332	-0.12832453846931458	0.003930486273020506	0.0927991047501564
0.08863324671983719	-0.10460461676120758	-0.2794724106788635	0.12866848707199097	0.13737109303474426	0.04692096635699272	0.006545703392475843	0.10442236065864563	0.10605721175670624	-0.19803431630134583	-0.12447184324264526	-0.03430759161710739	-0.18522480130195618	0.12112601846456528	-0.009189603850245476	-0.09791674464941025	-0.11284543573856354	-0.003003118559718132	0.05086156353354454
0.07674402743577957	-0.14442171156406403	-0.3010076880455017	0.12737566232681274	0.16023129224777222	0.016877029091119766	0.058137375861406326	0.18640486896038055	0.08484070003032684	-0.1961142122745514	-0.15284475684165955	-0.056251201778650284	-0.23317919671535492	0.1906387060880661	0.0664384514093399	-0.04812944307923317	-0.057745471596717834	0.009341246448457241	0.008896087296307087
0.05401332676410675	-0.1677308976650238	-0.2993465065956116	0.12063883990049362	0.17334458231925964	-0.018225183710455894	0.11849215626716614	0.2527851462364197	0.060354262590408325	-0.17564111948013306	-0.17372560501098633	-0.0696912631392479	-0.2582634687423706	0.24786262214183807	0.12346331775188446	0.027244463562965393	0.029800986871123314	0.03629286214709282	-0.024295590817928314
0.028797008097171783	-0.1673099249601364	-0.28053465485572815	0.10109910368919373	0.16375604271888733	-0.05112588033080101	0.1789310723543167	0.301633358001709	0.04443184658885002	-0.14005430042743683	-0.18495289981365204	-0.06822916120290756	-0.2650275230407715	0.2796216905117035	0.15309661626815796	0.11419837176799774	0.13104689121246338	0.0637042298913002	-0.03956357389688492
0.005991934798657894	-0.1420934796333313	-0.24752530455589294	0.06599240750074387	0.12401783466339111	-0.0761474147439003	0.22868910431861877	0.3355410099029541	0.047642190009355545	-0.09862108528614044	-0.18825030326843262	-0.048220254480838776	-0.2562575340270996	0.28111913800239563	0.15551269054412842	0.19546519219875336	0.2214704155921936	0.07958371937274933	-0.03354473039507866
-0.01705963909626007	-0.09897962957620621	-0.19741319119930267	0.020784754306077957	0.054332900792360306	-0.09037462621927261	0.2596675157546997	0.3538510203361511	0.07837068289518356	-0.0651153028011322	-0.1908203661441803	-0.0113065205514431	-0.23275047540664673	0.2576286494731903	0.13870912790298462	0.2570793032646179	0.2786645293235779	0.0852683037519455	-0.009884776547551155
-0.04241567477583885	-0.04849370941519737	-0.12821421027183533	-0.023852281272411346	-0.038854971528053284	-0.09267928451299667	0.2663687467575073	0.35361865162849426	0.13660205900669098	-0.04992222785949707	-0.19803264737129211	0.0351395308971405	-0.19735434651374817	0.21695756912231445	0.11369868367910385	0.29000282287597656	0.29039379954338074	0.08843134343624115	0.020848950371146202
-0.06777916103601456	-0.0006302636465989053	-0.04512796178460121	-0.05685490742325783	-0.14304392039775848	-0.08449594676494598	0.24662193655967712	0.33040881156921387	0.2106722891330719	-0.05523469299077988	-0.2095308154821396	0.0792679712176323	-0.15459753572940826	0.16612853109836578	0.09027469903230667	0.2906837463378906	0.2576000392436981	0.09492267668247223	0.04352658614516258
-0.09067150205373764	0.03652088716626167	0.04201588034629822	-0.07010076195001602	-0.24006998538970947	-0.06957821547985077	0.20492663979530334	0.2759702205657959	0.2852551341056824	-0.07637778669595718	-0.22168506681919098	0.11015422642230988	-0.10599247366189957	0.11495181918144226	0.07493001222610474	0.2617313861846924	0.18856596946716309	0.10952556878328323	0.046953219920396805
-0.10865876078605652	0.058714672923088074	0.1250278651714325	-0.05988067016005516	-0.31171777844429016	-0.05158347636461258	0.15060782432556152	0.1871793270111084	0.34588465094566345	-0.10461461544036865	-0.22735749185085297	0.12346302717924118	-0.049115318804979324	0.07464531064033508	0.07042025774717331	0.20860131084918976	0.09431053698062897	0.13354772329330444	0.028550632297992706
-0.11862635612487793	0.06694865971803665	0.19942986965179443	-0.028063811361789703	-0.3458159267902374	-0.03338643163442612	0.09182098507881165	0.07808906584978104	0.37635040283203125	-0.12821821868419647	-0.21721245348453522	0.12117421627044678	0.018803659826517105	0.05100974068045616	0.07550762593746185	0.13760781288146973	-0.007722932379692793	0.16189394891262054	-0.00968298688530922
-0.12005138397216797	0.0652771070599556	0.26323646306991577	0.016375252977013588	-0.33747899532318115	-0.01772628352046013	0.034785639494657516	-0.028597407042980194	0.36560937762260437	-0.13605988025665283	-0.18749943375587463	0.10781610012054443	0.09813797473907471	0.04238252714276314	0.08373205363750458	0.059779178351163864	-0.09430612623691559	0.18794898688793182	-0.06276258826255798
-0.11399143934249878	0.05700859799981117	0.31474030017852783	0.0591903030872345	-0.29041847586631775	-0.006846346892416477	-0.014684881083667278	-0.11770004779100418	0.3163599371910095	-0.12416478246450424	-0.14263515174388885	0.08699808269739151	0.1839180588722229	0.041825078427791595	0.08511960506439209	-0.010347051545977592	-0.14688776433467865	0.2059950828552246	-0.12133684009313583
-0.0991666316986084	0.042824070900678635	0.3518178462982178	0.08613482117652893	-0.2169879972934723	-0.002287236275151372	-0.05259326100349426	-0.1834990531206131	0.23974914848804474	-0.09599409252405167	-0.08948122709989548	0.059596866369247437	0.26550182700157166	0.03816091641783714	0.07139661908149719	-0.06229132413864136	-0.15640804171562195	0.20802012085914612	-0.17336468398571014
-0.07473555952310562	0.021542128175497055	0.3709093928337097	0.08666873723268509	-0.12996889650821686	-0.004522671923041344	-0.07660605013370514	-0.2252068966627121	0.15049096941947937	-0.05863349512219429	-0.03455567732453346	0.025142567232251167	0.3305298388004303	0.019551295787096024	0.038107749074697495	-0.09205851703882217	-0.11987552046775818	0.18867149949073792	-0.20592768490314484
-0.04263259097933769	-0.007853836752474308	0.3617527484893799	0.05515935271978378	-0.03795141354203224	-0.01161122415214777	-0.08472763746976852	-0.24416498839855194	0.06443925946950912	-0.02043476328253746	0.016661005094647408	-0.016121476888656616	0.3635823726654053	-0.02173585444688797	-0.014641963876783848	-0.10051154345273972	-0.04058336094021797	0.15008032321929932	-0.2089129090309143
-0.004777232650667429	-0.04433808475732803	0.31040075421333313	-0.005963368806988001	0.048381395637989044	-0.019888726994395256	-0.07611390948295593	-0.24236172437667847	-0.009209413081407547	0.012342879548668861	0.06142312288284302	-0.06292056292295456	0.3468059003353119	-0.08660750836133957	-0.07974211126565933	-0.09184987097978592	0.06859885901212692	0.09578654170036316	-0.18142224848270416
0.0350690558552742	-0.08368788659572601	0.2135571539402008	-0.08271975815296173	0.11672934144735336	-0.026674319058656693	-0.052298855036497116	-0.22264638543128967	-0.06564515829086304	0.03653781861066818	0.09737937152385712	-0.11148149520158768	0.2732337713241577	-0.16472332179546356	-0.1448109894990921	-0.0712270513176918	0.18712235987186432	0.030588746070861816	-0.13195349276065826
0.07002171128988266	-0.11861323565244675	0.08389295637607574	-0.15439841151237488	0.16125434637069702	-0.03047109581530094	-0.0185604989528656	-0.18695829808712006	-0.09771417826414108	0.05229102075099945	0.12156595289707184	-0.1538769006729126	0.15572033822536469	-0.23619462549686432	-0.1972714066505432	-0.04347699508070946	0.2956993281841278	-0.03501446545124054	-0.07174123823642731
0.09526968747377396	-0.1406852900981903	-0.05553405359387398	-0.20491425693035126	0.18362532556056976	-0.02963518351316452	0.01562422700226307	-0.13614621758460999	-0.10246582329273224	0.06502008438110352	0.13250239193439484	-0.1800788789987564	0.022867275401949883	-0.2834183871746063	-0.22753208875656128	-0.012307028286159039	0.38209056854248047	-0.09056422859430313	-0.010875838808715343
0.10908753424882889	-0.14313842356204987	-0.17710910737514496	-0.22966545820236206	0.18867453932762146	-0.022891364991664886	0.04125157371163368	-0.07494467496871948	-0.08629655092954636	0.08102181553840637	0.12852749228477478	-0.18148960173130035	-0.08996302634477615	-0.29872316122055054	-0.23037421703338623	0.02111966907978058	0.4362725019454956	-0.1306680142879486	0.04148080199956894
0.11083150655031204	-0.12258323282003403	-0.2568729817867279	-0.23360908031463623	0.17832936346530914	-0.010007843375205994	0.05475834012031555	-0.013619581237435341	-0.06080387532711029	0.1007949635386467	0.10864508152008057	-0.15403448045253754	-0.15463364124298096	-0.28443142771720886	-0.2043166160583496	0.055418938398361206	0.4459998607635498	-0.15333282947540283	0.07800555229187012
0.10077130049467087	-0.07976818829774857	-0.2807943820953369	-0.22425022721290588	0.14877815544605255	0.007760232780128717	0.054616980254650116	0.03408162295818329	-0.039566535502672195	0.1196061447262764	0.07639838010072708	-0.10112026333808899	-0.16013337671756744	-0.25044453144073486	-0.1523890644311905	0.08385707437992096	0.4013383090496063	-0.15934041142463684	0.09442801028490067
0.07742538303136826	-0.021299362182617188	-0.24403934180736542	-0.20633146166801453	0.0977664366364479	0.02632644958794117	0.036464739590883255	0.05293627828359604	-0.033631641417741776	0.1305248737335205	0.03771102428436279	-0.03447921946644783	-0.11065011471509933	-0.20944170653820038	-0.08645539730787277	0.09596061706542969	0.30208131670951843	-0.15044118463993073	0.0890660360455513
0.0378870852291584	0.039551280438899994	-0.15171074867248535	-0.18219369649887085	0.0329161062836647	0.0395951010286808	-0.003203355008736253	0.033335670828819275	-0.04489273205399513	0.12746286392211914	-0.0014333870494738221	0.02793382667005062	-0.023656126111745834	-0.17298515141010284	-0.026555998250842094	0.08462739735841751	0.16292688250541687	-0.12762273848056793	0.06359925866127014
-0.016008755192160606	0.08535847812891006	-0.024888861924409866	-0.1547512710094452	-0.028814079239964485	0.04275016114115715	-0.05877431482076645	-0.02158959209918976	-0.06342671811580658	0.1085958406329155	-0.033661626279354095	0.06682279706001282	0.06902936100959778	-0.1473628580570221	0.008728028275072575	0.051330648362636566	0.014650819823145866	-0.09358367323875427	0.0234985388815403
-0.07432212680578232	0.10063961148262024	0.09906145930290222	-0.1282416135072708	-0.06882122159004211	0.03470173850655556	-0.11213915050029755	-0.09766709804534912	-0.07007914781570435	0.07584463804960251	-0.05167940631508827	0.0694018304347992	0.12915512919425964	-0.1298343539237976	0.013140197843313217	0.0061598485335707664	-0.10338712483644485	-0.05271618068218231	-0.024654753506183624
-0.12133458256721497	0.08287942409515381	0.1852908879518509	-0.10400702059268951	-0.07473410665988922	0.020129235461354256	-0.14092384278774261	-0.17373566329479218	-0.04552380368113518	0.03436057269573212	-0.0512823723256588	0.03849966451525688	0.13435250520706177	-0.11319616436958313	-0.002738453447818756	-0.03764616325497627	-0.16038963198661804	-0.006533815059810877	-0.0707288607954979
-0.14411069452762604	0.04777257516980171	0.22200100123882294	-0.0767284631729126	-0.041623495519161224	0.00796707533299923	-0.1333669275045395	-0.2262771874666214	0.016332294791936874	-0.006021225359290838	-0.03499765321612358	-0.005665050819516182	0.0945037230849266	-0.091732919216156	-0.017393678426742554	-0.07004217058420181	-0.14890354871749878	0.045689698308706284	-0.09801962971687317
-0.14126309752464294	0.016981523483991623	0.21726350486278534	-0.03921892121434212	0.026178231462836266	0.0039208983071148396	-0.09373082220554352	-0.2386540174484253	0.0994010642170906	-0.03433408588171005	-0.013522819615900517	-0.03858981654047966	0.03923998400568962	-0.06191428378224373	-0.013546801172196865	-0.08665439486503601	-0.08433188498020172	0.09868384152650833	-0.09412165731191635
-0.11916705220937729	0.004232284612953663	0.1890234798192978	0.011076411232352257	0.1101890504360199	0.007274294272065163	-0.03657955676317215	-0.20588886737823486	0.17010533809661865	-0.04252685233950615	0.003244570456445217	-0.04745553806424141	-0.004247582517564297	-0.025635425001382828	0.009649313054978848	-0.08821633458137512	0.007882911711931229	0.1382097750902176	-0.06210809946060181
-0.083506740629673	0.014228131622076035	0.16348129510879517	0.07306765764951706	0.1847696453332901	0.01587630994617939	0.018987206742167473	-0.13171404600143433	0.19610275328159332	-0.024494841694831848	0.01583586074411869	-0.03357848525047302	-0.018631653860211372	0.008586414158344269	0.038305994123220444	-0.0786399096250534	0.10550990700721741	0.14946268498897552	-0.016502745449543
-0.04133901000022888	0.04423459991812706	0.16542649269104004	0.14332003891468048	0.23138725757598877	0.028222784399986267	0.05614306405186653	-0.031088203191757202	0.16597265005111694	0.021049723029136658	0.029635272920131683	-0.005229349248111248	0.0012320706155151129	0.03286771848797798	0.05437801405787468	-0.061969347298145294	0.19096434116363525	0.12690237164497375	0.026486583054065704
-0.005235046613961458	0.08376878499984741	0.19875390827655792	0.21078352630138397	0.2431786060333252	0.040197260677814484	0.06859181821346283	0.06522832810878754	0.09522799402475357	0.08293334394693375	0.042226262390613556	0.028370127081871033	0.04406687989830971	0.044665057212114334	0.045777466148138046	-0.040469516068696976	0.24340133368968964	0.07796939462423325	0.05512474477291107
0.013232896104454994	0.11921744793653488	0.24118053913116455	0.25598180294036865	0.2222033441066742	0.045986201614141464	0.060657937079668045	0.1259056180715561	0.014631298370659351	0.13990378379821777	0.0439121313393116	0.059738218784332275	0.08647885918617249	0.043824322521686554	0.012514990754425526	-0.016178712248802185	0.24431778490543365	0.020822925493121147	0.06546247005462646
0.01286644209176302	0.14113596081733704	0.26133713126182556	0.2613639533519745	0.17673803865909576	0.043263308703899384	0.041370220482349396	0.14210127294063568	-0.04779904708266258	0.17485740780830383	0.02938075363636017	0.08444499224424362	0.10641436278820038	0.030636699870228767	-0.03323625400662422	0.007869555614888668	0.1938374787569046	-0.02439676597714424	0.06209344044327736
0.002426499966531992	0.14721925556659698	0.2380906045436859	0.2207735925912857	0.1183987483382225	0.03445638716220856	0.02145352028310299	0.127461776137352	-0.07633643597364426	0.1836860030889511	0.001985318260267377	0.10140496492385864	0.09366792440414429	0.007188114803284407	-0.07425451278686523	0.03003857471048832	0.1095905676484108	-0.046708282083272934	0.05457591637969017
-0.006868910044431686	0.1409485936164856	0.16943827271461487	0.14085152745246887	0.059154827147722244	0.02452264353632927	0.010318984277546406	0.10319618880748749	-0.06905320286750793	0.17216312885284424	-0.02916259877383709	0.11106601357460022	0.05188974365592003	-0.02309873327612877	-0.09962689131498337	0.05085752531886101	0.013954306952655315	-0.047015588730573654	0.05278680846095085
-0.007280254736542702	0.12885622680187225	0.073232501745224	0.03705857694149017	0.009218082763254642	0.01925584115087986	0.011730225756764412	0.08525426685810089	-0.0346834696829319	0.14994579553604126	-0.05148497596383095	0.11323892325162888	-0.004342326894402504	-0.05666578188538551	-0.11112293601036072	0.06952999532222748	-0.07152304798364639	-0.030936209484934807	0.06474028527736664
0.0035371596459299326	0.11776024848222733	-0.021817192435264587	-0.07298991829156876	-0.024293553084135056	0.023353612050414085	0.02301781065762043	0.07499664276838303	0.016800368204712868	0.12745332717895508	-0.05384085699915886	0.10756625980138779	-0.05631699413061142	-0.08961658924818039	-0.11760319769382477	0.08205090463161469	-0.13187175989151	-0.0019589271396398544	0.09486812353134155
0.0238698311150074	0.11232572793960571	-0.09396860748529434	-0.17425599694252014	-0.03709675371646881	0.03837438300251961	0.03557533025741577	0.06424179673194885	0.07983925193548203	0.11271406710147858	-0.031979914754629135	0.0954422727227211	-0.09141357988119125	-0.11811348050832748	-0.12438279390335083	0.08262951672077179	-0.1658790558576584	0.03798563405871391	0.14262910187244415
0.04937540739774704	0.11293155699968338	-0.141301691532135	-0.2548764944076538	-0.027752310037612915	0.06201542168855667	0.03782283142209053	0.0502857007086277	0.14743179082870483	0.1066083088517189	0.010606968775391579	0.08034311980009079	-0.10820160806179047	-0.13812494277954102	-0.12902788817882538	0.06620877236127853	-0.1824769824743271	0.08380089700222015	0.20250503718852997
0.07281909883022308	0.11570348590612411	-0.177957683801651	-0.3072099983692169	6.773404311388731e-05	0.08906307816505432	0.024299252778291702	0.03676094114780426	0.20907051861286163	0.10291082412004471	0.06321212649345398	0.06650974601507187	-0.11267930269241333	-0.14443179965019226	-0.1255769580602646	0.03394369035959244	-0.19254210591316223	0.1257915496826172	0.2634642422199249
0.08741103112697601	0.11588648706674576	-0.22135226428508759	-0.3314456343650818	0.03685815632343292	0.11391903460025787	0.00013105524703860283	0.02669273503124714	0.25747278332710266	0.09439168870449066	0.1101999580860138	0.05712642893195152	-0.11449985206127167	-0.13396915793418884	-0.11041748523712158	-0.0026687888894230127	-0.2046602964401245	0.15199019014835358	0.3093717694282532
0.09228763729333878	0.11112715303897858	-0.28142091631889343	-0.3339458107948303	0.0705462396144867	0.13232211768627167	-0.02517060749232769	0.025211447849869728	0.2879064381122589	0.07655434310436249	0.1387137472629547	0.052167605608701706	-0.12462509423494339	-0.10990018397569656	-0.08391539752483368	-0.027484579011797905	-0.21939383447170258	0.15207508206367493	0.32511603832244873
0.09034851938486099	0.10209720581769943	-0.35467249155044556	-0.31882864236831665	0.09239441901445389	0.14106544852256775	-0.04370156303048134	0.039282143115997314	0.294386088848114	0.04666944593191147	0.14439420402050018	0.04877409338951111	-0.1493849903345108	-0.07748454809188843	-0.04874930530786514	-0.029491806402802467	-0.22872747480869293	0.12294533103704453	0.3047102689743042
0.08356623351573944	0.09160532802343369	-0.4274197220802307	-0.2850640118122101	0.10059724003076553	0.13812653720378876	-0.05061180144548416	0.06984617561101913	0.2729567587375641	0.0037746478337794542	0.13024887442588806	0.04484911262989044	-0.18744422495365143	-0.038910288363695145	-0.007515935692936182	-0.006074896082282066	-0.22532662749290466	0.07051273435354233	0.25230684876441956
0.07392197102308273	0.08294342458248138	-0.48301294445991516	-0.23064562678337097	0.09681108593940735	0.12345179170370102	-0.045398321002721786	0.11230217665433884	0.2222958207130432	-0.04835257679224014	0.10447868704795837	0.04066096991300583	-0.23199079930782318	0.004369813017547131	0.03834379464387894	0.03782748803496361	-0.20664995908737183	0.005355718079954386	0.17870952188968658
0.06279252469539642	0.07764208316802979	-0.5030554533004761	-0.15506556630134583	0.08128245174884796	0.09904246032238007	-0.031162265688180923	0.16019155085086823	0.14440910518169403	-0.10001513361930847	0.07708282768726349	0.03749556839466095	-0.2709043323993683	0.04959513992071152	0.08675504475831985	0.08939565718173981	-0.17324604094028473	-0.05995186045765877	0.1002049595117569
0.04893116280436516	0.07467981427907944	-0.4707343280315399	-0.06006847321987152	0.053063005208969116	0.06881024688482285	-0.011419156566262245	0.20392824709415436	0.050857316702604294	-0.1394665539264679	0.054859358817338943	0.03667629882693291	-0.2888999879360199	0.09410060942173004	0.13371886312961578	0.12991856038570404	-0.13164731860160828	-0.11054255813360214	0.03553127497434616
0.031219691038131714	0.07227389514446259	-0.38282692432403564	0.04862232506275177	0.01456855796277523	0.03770902380347252	0.010232745669782162	0.23435387015342712	-0.03768389672040939	-0.15870074927806854	0.039084553718566895	0.03941616415977478	-0.27619993686676025	0.13643449544906616	0.17480909824371338	0.1425861418247223	-0.0947578102350235	-0.13225103914737701	-0.0012661342043429613
0.010816097259521484	0.0687367171049118	-0.2579502761363983	0.16022568941116333	-0.024628808721899986	0.009630032815039158	0.029427671805024147	0.24727897346019745	-0.09923507273197174	-0.15722480416297913	0.02600495144724846	0.04614274576306343	-0.23624922335147858	0.17760254442691803	0.20662157237529755	0.12129630148410797	-0.07305657863616943	-0.11903978139162064	-0.005924093537032604
-0.009918306022882462	0.061621055006980896	-0.12828999757766724	0.26070213317871094	-0.05197998881340027	-0.014033217914402485	0.04406627640128136	0.24020877480506897	-0.11893612146377563	-0.14152848720550537	0.009764258749783039	0.05523189529776573	-0.18348367512226105	0.21940208971500397	0.2275393158197403	0.07334084808826447	-0.0671066865324974	-0.07937098294496536	0.014671537093818188
-0.028797300532460213	0.04977908730506897	-0.020092792809009552	0.33638662099838257	-0.0588083416223526	-0.033624663949012756	0.05602182447910309	0.2116011381149292	-0.09575365483760834	-0.11936488002538681	-0.014375356025993824	0.06337714195251465	-0.13143061101436615	0.2583152651786804	0.23917588591575623	0.013726083561778069	-0.06769707053899765	-0.030726445838809013	0.045593250542879105
-0.04531220719218254	0.03639504685997963	0.058406807482242584	0.377809077501297	-0.04032117873430252	-0.049180176109075546	0.0661696270108223	0.1686740219593048	-0.04330398142337799	-0.09324690699577332	-0.04785185307264328	0.06770478188991547	-0.08417130261659622	0.282865434885025	0.2457619458436966	-0.04375685751438141	-0.05819064751267433	0.014726945199072361	0.07251197844743729
-0.0618947334587574	0.02687171660363674	0.11237634718418121	0.38197195529937744	0.007738674525171518	-0.05938486009836197	0.0708950087428093	0.1271475851535797	0.016757166013121605	-0.0616181455552578	-0.0880381166934967	0.0671657994389534	-0.03851459547877312	0.2814399302005768	0.24839235842227936	-0.08913730829954147	-0.02189835160970688	0.05487879738211632	0.0881149098277092
-0.0831296518445015	0.024455012753605843	0.14732789993286133	0.34952449798583984	0.08971777558326721	-0.06171558424830437	0.06680944561958313	0.09759409725666046	0.06550338119268417	-0.026025861501693726	-0.13061295449733734	0.06330808997154236	0.008701134473085403	0.2526184022426605	0.24065236747264862	-0.11350829154253006	0.04519117251038551	0.0899200364947319	0.09210830181837082
-0.11108286678791046	0.029506443068385124	0.16213852167129517	0.2818149924278259	0.20363152027130127	-0.05261228606104851	0.053767185658216476	0.07991163432598114	0.09123105555772781	0.007602994330227375	-0.16981180012226105	0.0599096454679966	0.05441342666745186	0.20437626540660858	0.21322430670261383	-0.11191563308238983	0.1311783343553543	0.11422745883464813	0.08878380805253983
-0.14175479114055634	0.04053308814764023	0.1537724733352661	0.18491624295711517	0.3322415351867676	-0.02921675518155098	0.03240761533379555	0.06893906742334366	0.08757636696100235	0.03277645260095596	-0.19769571721553802	0.06023559719324112	0.09076181799173355	0.14625416696071625	0.1616813987493515	-0.08782422542572021	0.21540705859661102	0.11861913651227951	0.08272859454154968
-0.16648615896701813	0.053629472851753235	0.12401284277439117	0.07263879477977753	0.4459058940410614	0.007299266755580902	0.003995771054178476	0.05743381008505821	0.055381033569574356	0.043825581669807434	-0.2082805037498474	0.06471424549818039	0.11117469519376755	0.08422013372182846	0.08991756290197372	-0.04945193603634834	0.2749843895435333	0.09985215961933136	0.0748017430305481
-0.1746322363615036	0.06278937309980392	0.08009013533592224	-0.03803427144885063	0.517074465751648	0.05010931193828583	-0.029312992468476295	0.037462953478097916	0.003585216123610735	0.03755912184715271	-0.20025750994682312	0.07088875025510788	0.11186496168375015	0.0188456978648901	0.0093370471149683	-0.006242782808840275	0.29159942269325256	0.0629148930311203	0.06265413016080856
-0.1585972160100937	0.06354804337024689	0.032487403601408005	-0.1310947686433792	0.5313364267349243	0.08860713243484497	-0.0654684454202652	0.0012240103678777814	-0.05612597241997719	0.016233809292316437	-0.17598050832748413	0.07480849325656891	0.09290975332260132	-0.05065936967730522	-0.06462885439395905	0.030388357117772102	0.25870171189308167	0.015996932983398438	0.04378628358244896
-0.119125597178936	0.056935593485832214	-0.0074709076434373856	-0.19278204441070557	0.4885201156139374	0.11348608881235123	-0.10140637308359146	-0.05612736940383911	-0.11439777910709381	-0.011364081874489784	-0.13968247175216675	0.07360488921403885	0.062397222965955734	-0.11920306086540222	-0.11670491099357605	0.05053234100341797	0.18318608403205872	-0.03248617425560951	0.018645256757736206
-0.06500013917684555	0.04865897446870804	-0.028817638754844666	-0.2140539586544037	0.3989362120628357	0.12118871510028839	-0.13229584693908691	-0.12855271995067596	-0.1634753793478012	-0.033138711005449295	-0.09528753161430359	0.06738188117742538	0.036603908985853195	-0.1742650270462036	-0.1377701312303543	0.05096432566642761	0.08136732876300812	-0.07344140857458115	-0.007066668011248112
-0.009305328130722046	0.04367753118276596	-0.021320657804608345	-0.19248664379119873	0.2787839472293854	0.11341444402933121	-0.1529204398393631	-0.1986272931098938	-0.1952311098575592	-0.04120763763785362	-0.04695901647210121	0.05810488387942314	0.03310307115316391	-0.2012145221233368	-0.1313493698835373	0.03406200930476189	-0.02693660371005535	-0.09767252951860428	-0.025793200358748436
0.03506012260913849	0.042655542492866516	0.018897905945777893	-0.1332729458808899	0.1472255140542984	0.094357430934906	-0.16012977063655853	-0.24923111498355865	-0.2034800499677658	-0.03670581430196762	-0.0012388949980959296	0.0475676991045475	0.06147032976150513	-0.1906043440103531	-0.11147492378950119	0.0037625033874064684	-0.12445167452096939	-0.1004175916314125	-0.03594685345888138
0.059246424585580826	0.043504271656274796	0.08241123706102371	-0.049585409462451935	0.02423340082168579	0.069358691573143	-0.1555010974407196	-0.27336862683296204	-0.18657810986042023	-0.02674255706369877	0.03432900086045265	0.03712606802582741	0.11845937371253967	-0.1423519253730774	-0.09240929782390594	-0.03558778390288353	-0.2014293074607849	-0.08475562930107117	-0.04366963729262352
0.060243088752031326	0.043968699872493744	0.1496441811323166	0.04167377948760986	-0.07577211409807205	0.04349229857325554	-0.1465025395154953	-0.27175799012184143	-0.1511552333831787	-0.017478805035352707	0.05589409917593002	0.0274032112210989	0.1898372918367386	-0.06611959636211395	-0.08049304783344269	-0.07970364391803741	-0.2541903853416443	-0.05922120809555054	-0.05671325698494911
0.039574503898620605	0.041353896260261536	0.20072242617607117	0.12695112824440002	-0.1487867534160614	0.01959574595093727	-0.1428242176771164	-0.2470151036977768	-0.1137557402253151	-0.011215717531740665	0.06454011052846909	0.017266808077692986	0.2568973898887634	0.02175462618470192	-0.07323554158210754	-0.12522388994693756	-0.2781030535697937	-0.031905487179756165	-0.07811110466718674
0.0006456712144427001	0.03144535794854164	0.220995232462883	0.19643639028072357	-0.1982826143503189	-0.0019579173531383276	-0.1479519009590149	-0.2052040845155716	-0.09047527611255646	-0.00902645569294691	0.06191274896264076	0.004094864707440138	0.30324333906173706	0.10360594838857651	-0.06448514014482498	-0.16726072132587433	-0.26643624901771545	-0.005853104405105114	-0.10527346283197403
-0.050108131021261215	0.010743915103375912	0.20205987989902496	0.23876062035560608	-0.2311360388994217	-0.021847466006875038	-0.1567893773317337	-0.15516315400600433	-0.08697521686553955	-0.0126852011308074	0.04820804297924042	-0.014353591948747635	0.3174799084663391	0.1632077842950821	-0.04903510957956314	-0.19798818230628967	-0.2171950340270996	0.019802425056695938	-0.13448257744312286
-0.1016736775636673	-0.019854575395584106	0.14306093752384186	0.24173206090927124	-0.253909170627594	-0.041186779737472534	-0.1630927175283432	-0.10213428735733032	-0.10085046291351318	-0.024968551471829414	0.023549813777208328	-0.037320997565984726	0.2939557433128357	0.18835876882076263	-0.02270229160785675	-0.21101482212543488	-0.1380285620689392	0.04498985409736633	-0.16389793157577515
-0.1416005790233612	-0.054553352296352386	0.051314577460289	0.19917386770248413	-0.2684321701526642	-0.061092179268598557	-0.16337630152702332	-0.04844822362065315	-0.12536314129829407	-0.04920143261551857	-0.011788095347583294	-0.06042814254760742	0.23328964412212372	0.17610274255275726	0.017721226438879967	-0.20449507236480713	-0.04667067900300026	0.06576088070869446	-0.19109544157981873
-0.16045056283473969	-0.08566215634346008	-0.06034596636891365	0.11646305024623871	-0.27292492985725403	-0.08125230669975281	-0.15302641689777374	-0.0005728901014663279	-0.150475412607193	-0.08641646057367325	-0.05634251981973648	-0.0786481499671936	0.141170933842659	0.13422510027885437	0.07248321920633316	-0.17922526597976685	0.029499506577849388	0.07449661195278168	-0.2116299420595169
-0.1556226909160614	-0.10751498490571976	-0.17654985189437866	0.011646119877696037	-0.26620393991470337	-0.09970784187316895	-0.12592686712741852	0.029604177922010422	-0.16740605235099792	-0.13326996564865112	-0.10583898425102234	-0.08936207741498947	0.027087951079010963	0.07734799385070801	0.13791894912719727	-0.13685663044452667	0.0620109997689724	0.06253515928983688	-0.22134527564048767
-0.13234153389930725	-0.11757836490869522	-0.27839964628219604	-0.09034083783626556	-0.2486274093389511	-0.11349406093358994	-0.08282268047332764	0.03287317603826523	-0.17257744073867798	-0.17995448410511017	-0.1522137075662613	-0.09306411445140839	-0.09567958116531372	0.021120695397257805	0.20650534331798553	-0.08156496286392212	0.04085909575223923	0.024098951369524002	-0.21683324873447418
-0.09921997785568237	-0.11394044756889343	-0.34354546666145325	-0.16684699058532715	-0.2229331135749817	-0.11878175288438797	-0.036578357219696045	0.011762283742427826	-0.16624094545841217	-0.20843778550624847	-0.18213008344173431	-0.09180232882499695	-0.21029673516750336	-0.02328263409435749	0.2668677270412445	-0.0222992692142725	-0.01716991700232029	-0.03986426070332527	-0.1947120875120163
-0.06338975578546524	-0.09430540353059769	-0.35454386472702026	-0.20401136577129364	-0.19462093710899353	-0.11248647421598434	-0.0024561549071222544	-0.016860704869031906	-0.15078003704547882	-0.20068636536598206	-0.17964404821395874	-0.08611366152763367	-0.2997799515724182	-0.05121356621384621	0.30627769231796265	0.030458051711320877	-0.08330214768648148	-0.11842107027769089	-0.15394027531147003
-0.029158787801861763	-0.05930623784661293	-0.3090088367462158	-0.20072944462299347	-0.1694217026233673	-0.0946194976568222	0.015543563291430473	-0.027564024552702904	-0.12986046075820923	-0.15219444036483765	-0.13510826230049133	-0.07473776489496231	-0.3544067144393921	-0.06398075819015503	0.3155384957790375	0.0711103230714798	-0.134132519364357	-0.19292593002319336	-0.09906449168920517
0.001195114804431796	-0.015511389821767807	-0.2201397567987442	-0.16678977012634277	-0.1517438441514969	-0.06852173805236816	0.025151733309030533	-0.0023329579271376133	-0.10558851808309555	-0.07426681369543076	-0.052340734750032425	-0.0584048256278038	-0.3762921392917633	-0.06739721447229385	0.29253917932510376	0.09927099198102951	-0.1586780697107315	-0.24556608498096466	-0.04026573896408081
0.02514233998954296	0.02704280987381935	-0.10732048749923706	-0.11366038769483566	-0.14224320650100708	-0.0392916165292263	0.0363263301551342	0.054926734417676926	-0.07798545062541962	0.0150309968739748	0.05135328695178032	-0.040857113897800446	-0.3725385367870331	-0.06579405069351196	0.24325940012931824	0.11551765352487564	-0.15973851084709167	-0.26532429456710815	0.011169623583555222
0.039076775312423706	0.06081791967153549	0.011605842970311642	-0.04923566058278084	-0.13489122688770294	-0.0120695810765028	0.05410371720790863	0.12414128333330154	-0.050206687301397324	0.09945888817310333	0.15127576887607574	-0.02472507394850254	-0.345135360956192	-0.05630893632769585	0.18027198314666748	0.1208554059267044	-0.14809252321720123	-0.25120431184768677	0.047163333743810654
0.039918698370456696	0.0823402851819992	0.11926358938217163	0.020303849130868912	-0.12127382308244705	0.008841359987854958	0.07801708579063416	0.18542291224002838	-0.03125760704278946	0.16638368368148804	0.22395993769168854	-0.010311681777238846	-0.29343900084495544	-0.03236350417137146	0.11805998533964157	0.11800699681043625	-0.13204123079776764	-0.21308784186840057	0.06332064419984818
0.02491346374154091	0.08882500231266022	0.20014004409313202	0.08944521099328995	-0.09695316106081009	0.02008984051644802	0.10585551708936691	0.22232703864574432	-0.028295785188674927	0.2060476690530777	0.25269898772239685	0.001369848265312612	-0.22107361257076263	0.010232445783913136	0.0677105113863945	0.11084641516208649	-0.11462222039699554	-0.1647668331861496	0.05995052307844162
-0.006883868481963873	0.0782039687037468	0.24823755025863647	0.15158173441886902	-0.061920009553432465	0.020034871995449066	0.13636696338653564	0.2210492491722107	-0.03665795177221298	0.21362264454364777	0.23022881150245667	0.00877423956990242	-0.13472022116184235	0.0705268532037735	0.03459184989333153	0.10418675094842911	-0.0975860133767128	-0.11618287116289139	0.042284298688173294
-0.05002032220363617	0.05235601216554642	0.2682608962059021	0.19727185368537903	-0.01931970939040184	0.0098981698974967	0.16772504150867462	0.18072599172592163	-0.04217921197414398	0.1907399296760559	0.16156433522701263	0.012336513958871365	-0.04235020652413368	0.1409236341714859	0.018704047426581383	0.10217760503292084	-0.08167564868927002	-0.07291640341281891	0.015847813338041306
-0.09475573152303696	0.016334841027855873	0.27042555809020996	0.21811476349830627	0.024848725646734238	-0.007277504540979862	0.1957012116909027	0.11552966386079788	-0.03339032083749771	0.14408473670482635	0.06276902556419373	0.014180655591189861	0.046110328286886215	0.2093585878610611	0.01630610041320324	0.10477151721715927	-0.06673702597618103	-0.03919003903865814	-0.016593070700764656
-0.13320907950401306	-0.025183334946632385	0.2645777463912964	0.21103619039058685	0.0614185556769371	-0.029170118272304535	0.21452653408050537	0.04087570309638977	-0.0072187623009085655	0.08207088708877563	-0.04542656987905502	0.015505458228290081	0.11979153752326965	0.26323994994163513	0.02176806330680847	0.10731694847345352	-0.05789872258901596	-0.018638864159584045	-0.05380195751786232
-0.15995939075946808	-0.06860227882862091	0.25383490324020386	0.1793666034936905	0.07965409010648727	-0.05431349575519562	0.21931587159633636	-0.03256583586335182	0.03597256541252136	0.011010942980647087	-0.14365500211715698	0.015265079215168953	0.16877678036689758	0.2927882969379425	0.028525862842798233	0.10334398597478867	-0.06803279370069504	-0.01091026421636343	-0.0948835238814354
-0.17141883075237274	-0.1093396246433258	0.23409374058246613	0.1329297125339508	0.07471569627523422	-0.07968421280384064	0.20937658846378326	-0.09400391578674316	0.09782417118549347	-0.0639011338353157	-0.21761180460453033	0.012415152974426746	0.18825183808803558	0.2966143488883972	0.029430611059069633	0.08720295131206512	-0.10698133707046509	-0.008640062995254993	-0.13599064946174622
-0.16587026417255402	-0.13994210958480835	0.20279763638973236	0.085210882127285	0.051853246986866	-0.0988873541355133	0.18949094414710999	-0.13100802898406982	0.1780017912387848	-0.1322595775127411	-0.257621169090271	0.009081953205168247	0.18385417759418488	0.2828528881072998	0.018485045060515404	0.056151170283555984	-0.167022705078125	-0.0022768734488636255	-0.1660567671060562
-0.14159339666366577	-0.15087144076824188	0.16679206490516663	0.04781092330813408	0.0203336663544178	-0.10383186489343643	0.1670461744070053	-0.13148760795593262	0.2652992904186249	-0.1780485361814499	-0.25600844621658325	0.009939229115843773	0.17018721997737885	0.2608887255191803	-0.005345824174582958	0.01230805553495884	-0.2245783805847168	0.011527912691235542	-0.17071962356567383
-0.09855251014232635	-0.13633348047733307	0.13723085820674896	0.025225380435585976	-0.01186835765838623	-0.09039611369371414	0.14906136691570282	-0.09004492312669754	0.34042128920555115	-0.19088652729988098	-0.21166963875293732	0.017492806538939476	0.1599666178226471	0.2341669201850891	-0.03653682768344879	-0.03619416430592537	-0.2601573169231415	0.031010206788778305	-0.14244501292705536
-0.04156371206045151	-0.0998612642288208	0.11891472339630127	0.013053632341325283	-0.039039891213178635	-0.0620662085711956	0.14048698544502258	-0.0169781893491745	0.38687223196029663	-0.17364738881587982	-0.13678190112113953	0.02992240898311138	0.15602877736091614	0.20126549899578094	-0.06676580756902695	-0.07640761137008667	-0.27055415511131287	0.05644499510526657	-0.0856190100312233
0.0218072347342968	-0.05124136805534363	0.11119161546230316	0.0037432205863296986	-0.058362819254398346	-0.026769161224365234	0.14148910343647003	0.06296346336603165	0.39383986592292786	-0.13674813508987427	-0.052422862499952316	0.045316021889448166	0.1578647494316101	0.16127490997314453	-0.08990313857793808	-0.09474767744541168	-0.26161491870880127	0.09023944288492203	-0.014747366309165955
0.0834970623254776	0.0002952095528598875	0.11337343603372574	-0.0057837627828121185	-0.06713370978832245	0.008255282416939735	0.146966353058815	0.12281158566474915	0.3547635078430176	-0.09144119173288345	0.021436987444758415	0.06472016870975494	0.17025010287761688	0.11706990003585815	-0.10321681946516037	-0.0831199362874031	-0.23945821821689606	0.13084201514720917	0.05185440927743912
0.13487468659877777	0.04692209139466286	0.1208018958568573	-0.014284763485193253	-0.06255718320608139	0.038131143897771835	0.1499597579240799	0.14494696259498596	0.269164502620697	-0.04759654402732849	0.07257644832134247	0.08772885054349899	0.19594985246658325	0.07277094572782516	-0.10675159096717834	-0.04378234222531319	-0.2094309777021408	0.16933251917362213	0.0999961793422699
0.16832807660102844	0.07928700000047684	0.12280894815921783	-0.020499270409345627	-0.04734089970588684	0.059454359114170074	0.14524787664413452	0.1234917864203453	0.14456488192081451	-0.012418489903211594	0.09805789589881897	0.10764361172914505	0.22548258304595947	0.030221939086914062	-0.10489381104707718	0.012202668003737926	-0.1778082549571991	0.19338460266590118	0.12198680639266968
0.18035279214382172	0.08794314414262772	0.11074339598417282	-0.025810997933149338	-0.029973527416586876	0.07001876831054688	0.1311473250389099	0.06082586199045181	-0.004125585313886404	0.009689779952168465	0.10057912766933441	0.11448891460895538	0.24288539588451385	-0.01195212360471487	-0.10600251704454422	0.07175138592720032	-0.15228240191936493	0.19351179897785187	0.11539455503225327
0.17320692539215088	0.06888090819120407	0.08402359485626221	-0.03495125472545624	-0.02023897133767605	0.06920261681079865	0.10792593657970428	-0.03195521980524063	-0.15600550174713135	0.017674030736088753	0.08552200347185135	0.10140995681285858	0.23737746477127075	-0.05843224748969078	-0.11625427007675171	0.12362110614776611	-0.14026805758476257	0.16670890152454376	0.08408932387828827
0.15215440094470978	0.025515230372548103	0.048408228904008865	-0.05305211618542671	-0.025709697976708412	0.05727630853652954	0.07501085102558136	-0.1373552531003952	-0.2864722013473511	0.014024943113327026	0.0605386346578598	0.06717544049024582	0.20805536210536957	-0.11292435228824615	-0.13410162925720215	0.15721893310546875	-0.14490406215190887	0.12110548466444016	0.03760956600308418
0.12280184775590897	-0.034149155020713806	0.010507648810744286	-0.08126626908779144	-0.04853663221001625	0.03545478358864784	0.03146443888545036	-0.24130085110664368	-0.3746142089366913	0.004171409644186497	0.03539535030722618	0.015372631140053272	0.1622297763824463	-0.17290130257606506	-0.15111643075942993	0.1622513234615326	-0.15938404202461243	0.0753805935382843	-0.013804567977786064
0.09215342998504639	-0.09982910007238388	-0.026722490787506104	-0.11436092108488083	-0.08453212678432465	0.007432835176587105	-0.02231568656861782	-0.3346758782863617	-0.4119490087032318	-0.004875479266047478	0.02137935534119606	-0.0471976138651371	0.10980194807052612	-0.23012371361255646	-0.15744498372077942	0.13280244171619415	-0.16670136153697968	0.04720816761255264	-0.06344471126794815
0.06698916852474213	-0.16018104553222656	-0.06307843327522278	-0.14091993868350983	-0.12375296652317047	-0.02131503075361252	-0.08370018750429153	-0.40679341554641724	-0.4025053083896637	-0.00938109029084444	0.026820184662938118	-0.1123785525560379	0.05842157080769539	-0.2727413773536682	-0.1481037437915802	0.07145482301712036	-0.14961551129817963	0.04478134959936142	-0.10703636705875397
0.051440540701150894	-0.20562168955802917	-0.09653012454509735	-0.14849865436553955	-0.1536458134651184	-0.04644775390625	-0.14700718224048615	-0.4468879997730255	-0.3573765754699707	-0.010512037202715874	0.0525805801153183	-0.1726488173007965	0.013221411034464836	-0.2897529602050781	-0.12630639970302582	-0.011528093367815018	-0.10210558027029037	0.06681203097105026	-0.1401253193616867
0.0485571064054966	-0.23086971044540405	-0.12024398893117905	-0.13075432181358337	-0.1659787893295288	-0.06597311049699783	-0.20397058129310608	-0.45191118121147156	-0.2907142639160156	-0.008550532162189484	0.09319306164979935	-0.22134558856487274	-0.01986164227128029	-0.2775059640407562	-0.1009168028831482	-0.10138987749814987	-0.03143073618412018	0.10254895687103271	-0.158513143658638
0.06051227077841759	-0.23467575013637543	-0.1250847429037094	-0.09089382737874985	-0.15879547595977783	-0.07941649109125137	-0.24628221988677979	-0.427053302526474	-0.2158833146095276	-0.000788834469858557	0.13944128155708313	-0.25066402554512024	-0.03272012248635292	-0.23949778079986572	-0.08043421059846878	-0.18248571455478668	0.049847424030303955	0.13276252150535583	-0.1597578376531601
0.0863238200545311	-0.21862724423408508	-0.1065039187669754	-0.03993251174688339	-0.1336936503648758	-0.08718171715736389	-0.26950588822364807	-0.3785107135772705	-0.14317628741264343	0.01406314130872488	0.18091316521167755	-0.25359296798706055	-0.02074611745774746	-0.18240226805210114	-0.06938270479440689	-0.2445984035730362	0.13194352388381958	0.1353413611650467	-0.14487767219543457
0.11979175359010696	-0.18648378551006317	-0.06686395406723022	0.010371612384915352	-0.09627117961645126	-0.09030836075544357	-0.27523234486579895	-0.3132117986679077	-0.07916712760925293	0.03358626738190651	0.20895569026470184	-0.2296946942806244	0.012636737897992134	-0.11398133635520935	-0.06851634383201599	-0.28672391176223755	0.20658287405967712	0.0953531339764595	-0.11840357631444931
0.14937670528888702	-0.1432827264070511	-0.011642217636108398	0.05363524332642555	-0.0552125945687294	-0.08936049044132233	-0.26889920234680176	-0.24392321705818176	-0.025083644315600395	0.05180688947439194	0.21768254041671753	-0.18538692593574524	0.05915927141904831	-0.041537005454301834	-0.07534287869930267	-0.3131146728992462	0.26269546151161194	0.01584615930914879	-0.08556882292032242
0.16263550519943237	-0.09532226622104645	0.05143057554960251	0.08954252302646637	-0.019439637660980225	-0.08418752998113632	-0.25729241967201233	-0.18411540985107422	0.021438580006361008	0.05965249612927437	0.20578216016292572	-0.13050048053264618	0.10751193016767502	0.027484694495797157	-0.08415516465902328	-0.32956963777542114	0.28917476534843445	-0.0802026093006134	-0.05143279582262039
0.1521894633769989	-0.05059800669550896	0.1104126125574112	0.12216171622276306	0.0018552432302385569	-0.07568708807229996	-0.24807335436344147	-0.13964954018592834	0.06143687292933464	0.04952320456504822	0.17878490686416626	-0.07648901641368866	0.14409710466861725	0.08445402979850769	-0.08862309157848358	-0.34249621629714966	0.2799272835254669	-0.16027459502220154	-0.021844884380698204
0.11975868791341782	-0.016188781708478928	0.1500587910413742	0.1552756279706955	0.0018356472719460726	-0.06570912897586823	-0.24775901436805725	-0.10879559069871902	0.0930313766002655	0.02126890979707241	0.14677196741104126	-0.033161140978336334	0.1586596667766571	0.12156186997890472	-0.08650247752666473	-0.3543848991394043	0.2362520843744278	-0.1976393610239029	-0.0025367990601807833
0.07673700898885727	0.005246145185083151	0.1553352028131485	0.1869603991508484	-0.01765570044517517	-0.05454745516180992	-0.25774991512298584	-0.08712564408779144	0.11125487089157104	-0.01797693595290184	0.1194024458527565	-0.005486105568706989	0.148361474275589	0.1348138302564621	-0.08143758028745651	-0.35939183831214905	0.1694479137659073	-0.18251094222068787	0.003228970570489764
0.0399724543094635	0.015011515468358994	0.11661276966333389	0.20824135839939117	-0.044480834156274796	-0.03978375345468521	-0.2715005576610565	-0.07081737369298935	0.10850708186626434	-0.05748538672924042	0.10335841774940491	0.006229089573025703	0.11766238510608673	0.12514081597328186	-0.07935039699077606	-0.3449793756008148	0.10152080655097961	-0.12422012537717819	-0.002556582447141409
0.025762716308236122	0.01599843055009842	0.03514768183231354	0.2065485417842865	-0.06252789497375488	-0.018021132797002792	-0.27629977464675903	-0.0535506010055542	0.07842519134283066	-0.08526613563299179	0.10260534286499023	0.00517661077901721	0.07587558031082153	0.09642639756202698	-0.08273456245660782	-0.29994267225265503	0.05696682259440422	-0.046501871198415756	-0.011632787995040417
0.04156864061951637	0.011385766789317131	-0.0742289125919342	0.17535196244716644	-0.06024400517344475	0.011608226224780083	-0.2595427632331848	-0.02952413074672222	0.019921010360121727	-0.09221003949642181	0.1157703548669815	-0.002085084794089198	0.03320213034749031	0.054820720106363297	-0.08905521035194397	-0.22454692423343658	0.04469282180070877	0.021770035848021507	-0.011849300004541874
0.07974771410226822	0.003667554585263133	-0.18747492134571075	0.12118984758853912	-0.036390867084264755	0.04562991484999657	-0.2150963842868805	-0.0052874041721224785	-0.05985436961054802	-0.07803608477115631	0.13247479498386383	-0.00767151266336441	-0.003274044720456004	0.00839143991470337	-0.09552837908267975	-0.13327467441558838	0.0480547770857811	0.05920824408531189	0.007603478152304888
0.12376543879508972	-0.0053237625397741795	-0.28169283270835876	0.0575793981552124	-0.0004315805563237518	0.07818105816841125	-0.14806337654590607	0.005884045269340277	-0.1441369205713272	-0.051742345094680786	0.13921038806438446	-0.007726630661636591	-0.032119303941726685	-0.03860696405172348	-0.10439763218164444	-0.048140011727809906	0.040020279586315155	0.0604945532977581	0.04992235451936722
0.15916277468204498	-0.01343767810612917	-0.341446191072464	-0.005577826872467995	0.03696504607796669	0.10453592985868454	-0.07459351420402527	0.0014153659576550126	-0.21076427400112152	-0.024129033088684082	0.12863744795322418	-0.0034197771456092596	-0.05423043668270111	-0.08719171583652496	-0.12220825999975204	0.011579563841223717	0.007208717986941338	0.03467806801199913	0.10832817852497101
0.17855305969715118	-0.019261620938777924	-0.35948434472084045	-0.06555571407079697	0.07105176150798798	0.12295980006456375	-0.013203315436840057	-0.010543362237513065	-0.24151819944381714	0.00021197595924604684	0.10033862292766571	0.003601974342018366	-0.06867145746946335	-0.1374816596508026	-0.15336261689662933	0.03790173679590225	-0.04234680160880089	-0.004401755519211292	0.1685933917760849
0.1820710450410843	-0.02377980202436447	-0.3354828953742981	-0.12165658175945282	0.0951339602470398	0.13334603607654572	0.024862775579094887	-0.022624345496296883	-0.23038972914218903	0.02270054817199707	0.05757440999150276	0.012893096543848515	-0.07388056069612503	-0.18587684631347656	-0.19396622478961945	0.035306476056575775	-0.08944299072027206	-0.04595058038830757	0.21340562403202057
0.17310503125190735	-0.029023755341768265	-0.2727109491825104	-0.16852430999279022	0.09674451500177383	0.13486963510513306	0.03794333338737488	-0.033399470150470734	-0.1848851889371872	0.04466123878955841	0.006006956100463867	0.02426866628229618	-0.06858748942613602	-0.2254645824432373	-0.23255077004432678	0.014404130168259144	-0.11796373128890991	-0.08160605281591415	0.22912003099918365
0.15423890948295593	-0.03556586802005768	-0.17941147089004517	-0.1977945864200592	0.06752672791481018	0.12640850245952606	0.03040011040866375	-0.04457264021039009	-0.12170657515525818	0.06526806205511093	-0.046318646520376205	0.03766191378235817	-0.05359920486807823	-0.2484823316335678	-0.2565627992153168	-0.015143641270697117	-0.12112592160701752	-0.10364647209644318	0.2115342915058136
0.12807433307170868	-0.04165457934141159	-0.07208171486854553	-0.2041487693786621	0.009608494117856026	0.10844431817531586	0.008909326046705246	-0.055921658873558044	-0.06085067614912987	0.08332765847444534	-0.09038619697093964	0.05266123265028	-0.0345822311937809	-0.25099462270736694	-0.25816068053245544	-0.046500902622938156	-0.09940402954816818	-0.10768911242485046	0.16560125350952148
0.09753789752721786	-0.04382902756333351	0.030404716730117798	-0.18662822246551514	-0.06660763174295425	0.08318110555410385	-0.01837090775370598	-0.06360539048910141	-0.018388641998171806	0.09716473519802094	-0.11974415183067322	0.06829723715782166	-0.019022496417164803	-0.23312732577323914	-0.23541946709156036	-0.0734417513012886	-0.05777530372142792	-0.09434892237186432	0.1025775671005249
0.06519373506307602	-0.03790418431162834	0.11499858647584915	-0.14682471752166748	-0.1460789442062378	0.053964368999004364	-0.04279777407646179	-0.061539869755506516	-0.0012627539690583944	0.10423524677753448	-0.1326264590024948	0.08359801024198532	-0.011243332177400589	-0.19609500467777252	-0.1902095079421997	-0.09059213846921921	-0.006464709062129259	-0.06836353242397308	0.03669709712266922
0.03316438943147659	-0.0202792976051569	0.1764814257621765	-0.08818957954645157	-0.2115734964609146	0.02513173222541809	-0.057058773934841156	-0.04381323233246803	-0.006158650387078524	0.10203626751899719	-0.13181176781654358	0.09794531017541885	-0.011161199770867825	-0.14063960313796997	-0.1280306726694107	-0.09515205025672913	0.03992507979273796	-0.03659209981560707	-0.019633056595921516
0.0027092050295323133	0.0093574533239007	0.21557655930519104	-0.016545208171010017	-0.24860690534114838	0.0008967611356638372	-0.05576156824827194	-0.008078187704086304	-0.021110964938998222	0.0897599458694458	-0.12254971265792847	0.11046682298183441	-0.01737792231142521	-0.06815485656261444	-0.058937400579452515	-0.08567845821380615	0.06967589259147644	-0.005538214463740587	-0.05969506874680519
-0.02524777501821518	0.04568304494023323	0.2357441633939743	0.060455482453107834	-0.25348615646362305	-0.016653265804052353	-0.036828573793172836	0.04190884158015251	-0.03129976615309715	0.06958188116550446	-0.10918305069208145	0.11837852746248245	-0.030356435105204582	0.015384288504719734	0.005707897711545229	-0.06149928271770477	0.08000549674034119	0.019425328820943832	-0.08329856395721436
-0.05055755376815796	0.0794370099902153	0.24091213941574097	0.1344059705734253	-0.2320132702589035	-0.028200730681419373	-0.002192081417888403	0.0976855605840683	-0.024053268134593964	0.0446145161986351	-0.09509969502687454	0.11727170646190643	-0.04976125434041023	0.09888074547052383	0.0579088032245636	-0.024563821032643318	0.07482567429542542	0.03566460683941841	-0.09362150728702545
-0.07380493730306625	0.10204571485519409	0.23352642357349396	0.1952427327632904	-0.19095873832702637	-0.03580891340970993	0.04417286813259125	0.15205591917037964	0.00805886834859848	0.0162552148103714	-0.08393626660108566	0.10413062572479248	-0.07311183214187622	0.16926389932632446	0.09466724097728729	0.02005908638238907	0.0597759410738945	0.0447247251868248	-0.09449627995491028
-0.09394671767950058	0.10873055458068848	0.21312953531742096	0.23359447717666626	-0.1390387862920761	-0.042034417390823364	0.09715032577514648	0.20320363342761993	0.06064017862081528	-0.014724134467542171	-0.07744844257831573	0.0790543332695961	-0.09993385523557663	0.21418146789073944	0.11774685978889465	0.0663752481341362	0.04002401977777481	0.05018404871225357	-0.09102679044008255
-0.10974633693695068	0.099480040371418	0.17774507403373718	0.24680252373218536	-0.08732694387435913	-0.04973617568612099	0.14955049753189087	0.2513621151447296	0.11867189407348633	-0.04580262675881386	-0.0749819278717041	0.04556499794125557	-0.13148681819438934	0.22791501879692078	0.13266700506210327	0.10961750149726868	0.018955575302243233	0.05688958242535591	-0.08650720119476318
-0.12194733321666718	0.07935960590839386	0.12636104226112366	0.23764576017856598	-0.04111931100487709	-0.06012163311243057	0.1918366551399231	0.2947823107242584	0.16857211291790009	-0.07171495258808136	-0.07558580487966537	0.01084013469517231	-0.16584816575050354	0.215372234582901	0.14633925259113312	0.14542879164218903	-0.0031419014558196068	0.07104314118623734	-0.07844047248363495
-0.13071896135807037	0.05682067573070526	0.06253328919410706	0.20890410244464874	0.0008000140660442412	-0.07111696898937225	0.214735209941864	0.3308274745941162	0.20447802543640137	-0.08595765382051468	-0.07844169437885284	-0.016102882102131844	-0.1962146908044815	0.18718336522579193	0.16347216069698334	0.16905184090137482	-0.026776816695928574	0.09820129722356796	-0.06248420476913452
-0.13448412716388702	0.03980743885040283	-0.003616048488765955	0.1641509234905243	0.040117938071489334	-0.07866371423006058	0.2139846235513687	0.3567855954170227	0.22759811580181122	-0.08485446870326996	-0.082646444439888	-0.027918735519051552	-0.2137937992811203	0.15405797958374023	0.1842026561498642	0.17759139835834503	-0.04854268208146095	0.1426435261964798	-0.037073202431201935
-0.13074854016304016	0.03280382603406906	-0.060051966458559036	0.11010770499706268	0.07637570053339005	-0.07919593155384064	0.19104845821857452	0.3691920340061188	0.24134866893291473	-0.0700560212135315	-0.08647605031728745	-0.022183502092957497	-0.21289309859275818	0.12443007528781891	0.20612192153930664	0.17060552537441254	-0.060523826628923416	0.20305514335632324	-0.003140890970826149
-0.11676181852817535	0.03603476285934448	-0.09816017001867294	0.054921478033065796	0.10868553817272186	-0.07145264744758606	0.14987242221832275	0.36316874623298645	0.2437998652458191	-0.047460440546274185	-0.08726842701435089	-0.0020833828020840883	-0.19318975508213043	0.10348724573850632	0.22764256596565247	0.1486738920211792	-0.05596153810620308	0.2640661597251892	0.03569987788796425
-0.09174784272909164	0.046080976724624634	-0.11380857229232788	0.004468172788619995	0.1392708569765091	-0.056425150483846664	0.09567154943943024	0.33245572447776794	0.22904042899608612	-0.024359464645385742	-0.0835145115852356	0.02631395496428013	-0.15848621726036072	0.09265466779470444	0.24758902192115784	0.1145087331533432	-0.0357137992978096	0.2984890639781952	0.07324986904859543
-0.05821782350540161	0.057797420769929886	-0.10718311369419098	-0.03917161747813225	0.17031073570251465	-0.036165542900562286	0.03555895760655403	0.2765541076660156	0.19261856377124786	-0.006331176497042179	-0.07474303245544434	0.055985644459724426	-0.11632057279348373	0.08719401806592941	0.26245439052581787	0.07308746874332428	-0.006669699680060148	0.2826365828514099	0.1027008518576622
-0.02223300188779831	0.06603164970874786	-0.08187568932771683	-0.07501866668462753	0.1963111013174057	-0.013680584728717804	-0.02020052634179592	0.20500478148460388	0.13186950981616974	0.004281449597328901	-0.059904493391513824	0.07883737981319427	-0.07626722007989883	0.07705406844615936	0.2647973895072937	0.030146457254886627	0.026669014245271683	0.21097521483898163	0.11830392479896545
0.008281830698251724	0.06638991087675095	-0.04415815696120262	-0.10153323411941528	0.20495067536830902	0.0073361704126000404	-0.05850398540496826	0.12808319926261902	0.0476895309984684	0.009170365519821644	-0.037153784185647964	0.08680768311023712	-0.046321477741003036	0.05183388665318489	0.24499908089637756	-0.0063682193867862225	0.0657598152756691	0.09972359240055084	0.11703525483608246
0.029375985264778137	0.057423319667577744	-0.0027686557732522488	-0.11736541241407394	0.18376250565052032	0.024252241477370262	-0.06827887892723083	0.052467070519924164	-0.04922708868980408	0.014517235569655895	-0.003608655882999301	0.07492861896753311	-0.031185844913125038	0.004795990884304047	0.19736453890800476	-0.026874100789427757	0.11041276156902313	-0.020623870193958282	0.09962967783212662
0.042788177728652954	0.042669251561164856	0.03366585820913315	-0.11936577409505844	0.12840300798416138	0.03618212044239044	-0.04701351001858711	-0.012013623490929604	-0.13425110280513763	0.027509154751896858	0.041253481060266495	0.04499863460659981	-0.029626665636897087	-0.06096062436699867	0.12665200233459473	-0.027135001495480537	0.14878606796264648	-0.11712761223316193	0.07144271582365036
0.04959997534751892	0.02647234871983528	0.05912693589925766	-0.10466930270195007	0.05093744024634361	0.041422683745622635	-0.006760790012776852	-0.052297092974185944	-0.17805242538452148	0.048095472157001495	0.08769921213388443	0.005748163443058729	-0.0321970134973526	-0.1293572038412094	0.046795666217803955	-0.01352241262793541	0.1597309112548828	-0.16535407304763794	0.041010234504938126
0.04685467481613159	0.00790429301559925	0.06956407427787781	-0.07949793338775635	-0.02525550313293934	0.034577250480651855	0.026224741712212563	-0.06087595224380493	-0.16677847504615784	0.06340112537145615	0.1149519830942154	-0.03193135932087898	-0.02594553492963314	-0.17931732535362244	-0.02779296599328518	0.0013733997475355864	0.13072052597999573	-0.15589293837547302	0.01220411341637373
0.032962363213300705	-0.014706273563206196	0.06294695287942886	-0.05477321520447731	-0.07797902077436447	0.012026488780975342	0.027605002745985985	-0.03973451629281044	-0.11322038620710373	0.05942867696285248	0.1058570146560669	-0.05731099471449852	-0.0027850426267832518	-0.19329994916915894	-0.08446603268384933	0.00873057171702385	0.07528328150510788	-0.09784045070409775	-0.017420006915926933
0.011852867901325226	-0.03450371325016022	0.04448981583118439	-0.029390856623649597	-0.09043040871620178	-0.016499606892466545	-0.004810594022274017	0.001662784954532981	-0.04679121449589729	0.04056135192513466	0.06128006428480148	-0.05836041644215584	0.035231370478868484	-0.15810899436473846	-0.10883156210184097	0.010334042832255363	0.0217385683208704	-0.018752625212073326	-0.04565798491239548
-0.011667262762784958	-0.04015684127807617	0.02860143780708313	0.009046608582139015	-0.05713847279548645	-0.029721645638346672	-0.04817432910203934	0.04389544203877449	0.01306278258562088	0.021316902711987495	-0.00692188274115324	-0.02635582722723484	0.07380808889865875	-0.06770755350589752	-0.09251536428928375	0.01780777797102928	-0.021594470366835594	0.04998154565691948	-0.06252483278512955
-0.0349295437335968	-0.026902951300144196	0.027088038623332977	0.06583224982023239	0.00985169317573309	-0.014351096004247665	-0.06933707743883133	0.059998080134391785	0.06771431118249893	0.0009489533258602023	-0.08617166429758072	0.03272061049938202	0.09113716334104538	0.06302178651094437	-0.044425901025533676	0.0403435043990612	-0.07020227611064911	0.09446429461240768	-0.058547671884298325
-0.04931139200925827	0.0029047129210084677	0.0357360877096653	0.12456454336643219	0.08816458284854889	0.019164789468050003	-0.04529518261551857	0.041721224784851074	0.11246388405561447	-0.02999117784202099	-0.1492547243833542	0.09131750464439392	0.07009949535131454	0.18407800793647766	0.014833720400929451	0.06733347475528717	-0.11521947383880615	0.11916494369506836	-0.02906637266278267
-0.035168591886758804	0.04025008901953697	0.025041479617357254	0.13829359412193298	0.15538206696510315	0.040676478296518326	0.021751228719949722	0.031343765556812286	0.1186794713139534	-0.058145515620708466	-0.14338377118110657	0.10577980428934097	0.0015807069139555097	0.22103513777256012	0.06706490367650986	0.06717374920845032	-0.08747114986181259	0.12621259689331055	0.02510603703558445
0.018592502921819687	0.06635485589504242	-0.03628222271800041	0.05821298807859421	0.18639148771762848	0.027906393632292747	0.09616660326719284	0.0875370129942894	0.07004114240407944	-0.05119415745139122	-0.034365322440862656	0.05157571658492088	-0.10178554058074951	0.13047844171524048	0.09605559706687927	0.02133921906352043	0.06490890681743622	0.10270918905735016	0.09438157826662064
0.08514612168073654	0.06385988742113113	-0.11774814873933792	-0.09063033759593964	0.14923527836799622	-0.0028017619624733925	0.12104086577892303	0.1863953322172165	0.005023644305765629	-0.005329454317688942	0.11899332702159882	-0.029555292800068855	-0.1814497411251068	-0.03685646504163742	0.08407070487737656	-0.032955773174762726	0.24203291535377502	0.03716209903359413	0.1507050096988678
0.11015062779188156	0.030939694494009018	-0.14514243602752686	-0.2073434740304947	0.03366079926490784	-0.018031572923064232	0.07375331223011017	0.21882349252700806	-0.01781987026333809	0.038706179708242416	0.18848669528961182	-0.06567100435495377	-0.180939719080925	-0.1689147651195526	0.034352559596300125	-0.0370866097509861	0.26801368594169617	-0.049112387001514435	0.15102411806583405
0.0649765282869339	-0.0182499922811985	-0.09544491767883301	-0.21847961843013763	-0.11322233080863953	-0.01674150489270687	-0.001319794449955225	0.12119364738464355	0.005171002820134163	0.044449202716350555	0.11361180245876312	-0.04493135213851929	-0.1130402460694313	-0.2031661421060562	-0.01716303452849388	0.006907795090228319	0.12219438701868057	-0.1033628061413765	0.07651060074567795
-0.021454675123095512	-0.05730711296200752	-0.006567190866917372	-0.1369384527206421	-0.21014872193336487	-0.017834322527050972	-0.047274794429540634	-0.05068498104810715	0.02116302214562893	0.022806644439697266	-0.034730467945337296	-0.008840127848088741	-0.023045038804411888	-0.1606285274028778	-0.03771656006574631	0.04779374226927757	-0.052393242716789246	-0.09407636523246765	-0.03686590492725372
-0.09185697883367538	-0.061739880591630936	0.07634001225233078	-0.025334283709526062	-0.20365825295448303	-0.021621474996209145	-0.048892516642808914	-0.18372014164924622	-0.013054019771516323	0.010606364347040653	-0.142338365316391	0.01472826860845089	0.06434664875268936	-0.09045810997486115	-0.02555752359330654	0.057767532765865326	-0.128558948636055	-0.042253073304891586	-0.12569783627986908
-0.1129714772105217	-0.0302837323397398	0.12519538402557373	0.06116383150219917	-0.10121826827526093	-0.016665097326040268	-0.021881746128201485	-0.2072714865207672	-0.08222612738609314	0.021244019269943237	-0.15732704102993011	0.02357880026102066	0.13118724524974823	-0.0254513006657362	0.002863509813323617	0.04594319313764572	-0.08786360174417496	0.014537573792040348	-0.1510554850101471
-0.09121856838464737	0.015580288134515285	0.13278545439243317	0.09986196458339691	0.045540064573287964	-0.0003674989566206932	0.011830443516373634	-0.13037829101085663	-0.1294526755809784	0.03577208146452904	-0.10261041671037674	0.022647513076663017	0.15523743629455566	0.023290026932954788	0.030933668836951256	0.028736378997564316	0.00816384982317686	0.05713474377989769	-0.11695651710033417
-0.04963946342468262	0.05171176418662071	0.10638085007667542	0.0907200500369072	0.17899362742900848	0.01938956417143345	0.03469746187329292	-0.005216069519519806	-0.11396949738264084	0.03320343792438507	-0.024505512788891792	0.01642998494207859	0.12512454390525818	0.052568428218364716	0.049141913652420044	0.013294156640768051	0.09221555292606354	0.07981604337692261	-0.05030830577015877
-0.006666956935077906	0.06591971218585968	0.056417617946863174	0.0424393005669117	0.25955235958099365	0.03237712010741234	0.03919973224401474	0.11750384420156479	-0.03908059746026993	0.010429386980831623	0.0429668091237545	0.009176166728138924	0.048287566751241684	0.058840636163949966	0.05617552995681763	0.0006941105821169913	0.13485214114189148	0.08156093955039978	0.022475291043519974
0.02742176502943039	0.059692490845918655	-0.006378459744155407	-0.030268441885709763	0.27157479524612427	0.03288622200489044	0.0286704134196043	0.20563845336437225	0.06101621687412262	-0.02265757881104946	0.08149319887161255	0.005972848739475012	-0.052126266062259674	0.04214886948466301	0.054871816188097	-0.007625474128872156	0.1370365470647812	0.0657016783952713	0.08404382318258286
0.04715316742658615	0.04193819314241409	-0.06973154842853546	-0.10835104435682297	0.22023369371891022	0.02090328186750412	0.01315197441726923	0.24593064188957214	0.14344467222690582	-0.05499117076396942	0.08529193699359894	0.010139104910194874	-0.146702840924263	0.009921426884829998	0.04761749878525734	-0.01008536946028471	0.11082915216684341	0.03789914399385452	0.12715789675712585
0.049474768340587616	0.02074534259736538	-0.12213382124900818	-0.17293918132781982	0.12387588620185852	-9.803078137338161e-05	0.004026335198432207	0.23893453180789948	0.17717160284519196	-0.08046124130487442	0.058871667832136154	0.019764119759202003	-0.21246939897537231	-0.024539092555642128	0.034938253462314606	-0.005581255536526442	0.0686798021197319	0.00383307714946568	0.1505288928747177
0.03279193118214607	-7.274771178344963e-06	-0.15466879308223724	-0.21026575565338135	0.00853121466934681	-0.0249845739454031	0.008768154308199883	0.1972629427909851	0.15381960570812225	-0.09679634869098663	0.0138299111276865	0.02918296679854393	-0.23741935193538666	-0.04724421352148056	0.016597116366028786	0.007563674356788397	0.022478748112916946	-0.031643759459257126	0.1532282531261444
-0.0013757542474195361	-0.01823600009083748	-0.16116255521774292	-0.21476010978221893	-0.09703841805458069	-0.04758945479989052	0.026884421706199646	0.14211803674697876	0.08578560501337051	-0.10234048962593079	-0.03452026844024658	0.03374694287776947	-0.2179163694381714	-0.04973088949918747	-0.006550804246217012	0.029229238629341125	-0.015159603208303452	-0.06261008232831955	0.13575980067253113
-0.04615931957960129	-0.03235667198896408	-0.14206966757774353	-0.18705472350120544	-0.17094717919826508	-0.06219816580414772	0.05171356722712517	0.09006037563085556	0.00031300183036364615	-0.09653317183256149	-0.07303892821073532	0.03145502880215645	-0.16026698052883148	-0.03147224709391594	-0.031720999628305435	0.05428145453333855	-0.03644592687487602	-0.07999090850353241	0.1011873409152031
-0.09107709676027298	-0.04221174493432045	-0.10734396427869797	-0.13218295574188232	-0.20281663537025452	-0.06552416831254959	0.07546749711036682	0.04463167116045952	-0.07172716408967972	-0.08099161088466644	-0.09602433443069458	0.02211548574268818	-0.08071285486221313	0.0018661308567970991	-0.05469381809234619	0.07435426861047745	-0.04095860943198204	-0.07552720606327057	0.054670028388500214
-0.1239524707198143	-0.0479654036462307	-0.07054609060287476	-0.06158396601676941	-0.19179287552833557	-0.05654900148510933	0.09121228754520416	0.0038966902066022158	-0.10956203937530518	-0.0571049265563488	-0.10264437645673752	0.007525755558162928	0.002845184179022908	0.040049776434898376	-0.0708744153380394	0.0839637890458107	-0.02974274754524231	-0.048001743853092194	0.0060548544861376286
-0.13243131339550018	-0.04892124608159065	-0.03841744363307953	0.01107008010149002	-0.1485031396150589	-0.03630778566002846	0.09546554088592529	-0.03349180147051811	-0.10529972612857819	-0.02582664228975773	-0.09332838654518127	-0.008609119802713394	0.07875135540962219	0.07243047654628754	-0.07645612210035324	0.08498993515968323	-0.006087190471589565	-0.0024901728611439466	-0.034269995987415314
-0.10986997187137604	-0.04434778168797493	-0.007028874475508928	0.077452652156353	-0.09065508842468262	-0.008735175244510174	0.09066125750541687	-0.07075494527816772	-0.060932815074920654	0.010062582790851593	-0.07120347768068314	-0.021393822506070137	0.14369498193264008	0.09457562863826752	-0.06988238543272018	0.08421690762042999	0.021620338782668114	0.05357779562473297	-0.06276406347751617
-0.05875474214553833	-0.034187935292720795	0.030940473079681396	0.13410207629203796	-0.030521150678396225	0.02095230668783188	0.08143757283687592	-0.11226955056190491	0.012816650792956352	0.04622112214565277	-0.041454799473285675	-0.025942299515008926	0.19935141503810883	0.10817284882068634	-0.053439121693372726	0.08705413341522217	0.04546133801341057	0.10949277877807617	-0.08065152913331985
0.012397087179124355	-0.019574901089072227	0.07734321802854538	0.18049387633800507	0.025949830189347267	0.048503194004297256	0.07074607908725739	-0.16088086366653442	0.10132262855768204	0.0762258842587471	-0.008569266647100449	-0.020307449623942375	0.246548593044281	0.11587316542863846	-0.03257547691464424	0.09417258203029633	0.058010514825582504	0.1530647724866867	-0.09028048813343048
0.09149633347988129	-0.0035078588407486677	0.1275203675031662	0.21812644600868225	0.0750219002366066	0.07037738710641861	0.06045259162783623	-0.21602775156497955	0.1901085078716278	0.0921345129609108	0.023925092071294785	-0.007481819950044155	0.28398406505584717	0.11945109069347382	-0.012515724636614323	0.10169404745101929	0.050614554435014725	0.17887696623802185	-0.09355208277702332
0.16580726206302643	0.01014428399503231	0.17329204082489014	0.2456567883491516	0.11637980490922928	0.08433926850557327	0.051895126700401306	-0.27089107036590576	0.2646573483943939	0.09050828218460083	0.053721096366643906	0.006608376279473305	0.30921125411987305	0.11948336660861969	0.003965786658227444	0.10378368198871613	0.021232441067695618	0.19016757607460022	-0.08954915404319763
0.22626923024654388	0.018729206174612045	0.20585861802101135	0.25922152400016785	0.1491309255361557	0.09055893868207932	0.04622597619891167	-0.312578022480011	0.3123055696487427	0.07514600455760956	0.07991544157266617	0.016293317079544067	0.317003071308136	0.11516939103603363	0.015786917880177498	0.09641799330711365	-0.023447444662451744	0.19136343896389008	-0.07725473493337631
0.2667246460914612	0.02194998413324356	0.2190753072500229	0.25763046741485596	0.16831836104393005	0.08990146219730377	0.04450596496462822	-0.32626304030418396	0.32480859756469727	0.05361853539943695	0.10145864635705948	0.01815885491669178	0.3010309636592865	0.10589376837015152	0.022706296294927597	0.07841907441616058	-0.07410062104463577	0.183174267411232	-0.05792001634836197
0.2823788523674011	0.022082997485995293	0.2113538682460785	0.24126072227954865	0.16961583495140076	0.0828922688961029	0.0451347641646862	-0.3024024963378906	0.30069294571876526	0.035622864961624146	0.11652790755033493	0.012117672711610794	0.25831112265586853	0.0906270444393158	0.02486187033355236	0.05019563436508179	-0.12201592326164246	0.16453343629837036	-0.031937506049871445
0.27251338958740234	0.022994598373770714	0.18582813441753387	0.20980043709278107	0.1526060700416565	0.07103175669908524	0.042766083031892776	-0.24382248520851135	0.24871830642223358	0.03142338991165161	0.12305093556642532	0.0006182787474244833	0.1908518522977829	0.06599264591932297	0.020636362954974174	0.014284503646194935	-0.1611633151769638	0.13555273413658142	0.0008266981458291411
0.24096320569515228	0.02818247862160206	0.14928141236305237	0.16387823224067688	0.12165005505084991	0.056379321962594986	0.0324738547205925	-0.16358010470867157	0.18546058237552643	0.046515092253685	0.11925414949655533	-0.012813563458621502	0.10677767544984818	0.028443004935979843	0.007717877626419067	-0.024815304204821587	-0.1863749623298645	0.0991099402308464	0.03862711042165756
0.19348859786987305	0.03996221721172333	0.10982030630111694	0.10647369921207428	0.08554020524024963	0.040013570338487625	0.014924230985343456	-0.07716111838817596	0.12636145949363708	0.07823711633682251	0.10539641231298447	-0.024225112050771713	0.019777651876211166	-0.02199121005833149	-0.010967410169541836	-0.0636681318283081	-0.18791982531547546	0.06114279106259346	0.07919052243232727
0.13630959391593933	0.05935340002179146	0.07440126687288284	0.04256664216518402	0.05274946615099907	0.022589970380067825	-0.0029728903900831938	-0.0015158725436776876	0.07909654080867767	0.11743941903114319	0.08480098843574524	-0.03044774755835533	-0.055322472006082535	-0.08130145072937012	-0.02706773392856121	-0.09913060069084167	-0.15293975174427032	0.027629368007183075	0.11999455094337463
0.07574064284563065	0.084555484354496	0.04521768540143967	-0.024962563067674637	0.027423284947872162	0.005464034155011177	-0.013243407942354679	0.04631539434194565	0.04313860461115837	0.15260180830955505	0.06229369342327118	-0.030748486518859863	-0.10914943367242813	-0.14499454200267792	-0.03395164757966995	-0.12368418276309967	-0.0740814357995987	-8.42945883050561e-05	0.15648548305034637
0.018061719834804535	0.1104588583111763	0.019307183101773262	-0.09642914682626724	0.008399100042879581	-0.009587404318153858	-0.013228247873485088	0.060116302222013474	0.013806737959384918	0.1742268055677414	0.042219378054142	-0.02654162421822548	-0.14156122505664825	-0.2098739892244339	-0.03007422760128975	-0.127324640750885	0.04108072817325592	-0.024723919108510017	0.18263165652751923
-0.03189290314912796	0.13139688968658447	-0.005427537020295858	-0.16804085671901703	-0.008371187373995781	-0.02072005346417427	-0.00666090240702033	0.048867929726839066	-0.013745137490332127	0.17787116765975952	0.027485830709338188	-0.01909426599740982	-0.15664297342300415	-0.26988333463668823	-0.01642925664782524	-0.10563507676124573	0.16916275024414062	-0.047144513577222824	0.19403867423534393
-0.07188480347394943	0.14364048838615417	-0.028636975213885307	-0.22926542162895203	-0.02358807437121868	-0.025888333097100258	-0.0004257205000612885	0.027981823310256004	-0.0435170978307724	0.16434118151664734	0.019964799284934998	-0.00862116739153862	-0.1576826423406601	-0.3150308430194855	0.005960923619568348	-0.06353630125522614	0.28300225734710693	-0.06482076644897461	0.1898166835308075
-0.10097712278366089	0.1456209272146225	-0.051227718591690063	-0.26855072379112244	-0.03483058512210846	-0.02414512261748314	-0.0005549220368266106	0.014648930169641972	-0.07779581099748611	0.13600625097751617	0.020597247406840324	0.0046479664742946625	-0.14975538849830627	-0.33680418133735657	0.036608077585697174	-0.012280886061489582	0.3628745377063751	-0.07576338946819305	0.17040811479091644
-0.11925090104341507	0.13698473572731018	-0.07545973360538483	-0.2791605591773987	-0.042441509664058685	-0.017560046166181564	-0.00771034462377429	0.02680753730237484	-0.11535143852233887	0.09380550682544708	0.027409665286540985	0.020114973187446594	-0.14010681211948395	-0.33047229051589966	0.07445315271615982	0.03644835576415062	0.3993828594684601	-0.08027249574661255	0.13567157089710236
-0.12807616591453552	0.1173495501279831	-0.10409565269947052	-0.2637418210506439	-0.04941872879862785	-0.009836450219154358	-0.015748238191008568	0.07477260380983353	-0.15149015188217163	0.040304217487573624	0.03482549265027046	0.03663118928670883	-0.13456422090530396	-0.2947293519973755	0.11549819260835648	0.07540173828601837	0.39445894956588745	-0.08162757009267807	0.08678355813026428
-0.1292860060930252	0.08619125932455063	-0.1386016309261322	-0.232217937707901	-0.05942901223897934	-0.0035424765665084124	-0.015856213867664337	0.15516991913318634	-0.18069668114185333	-0.018349532037973404	0.03581058606505394	0.051251642405986786	-0.1363772600889206	-0.23291882872581482	0.15189503133296967	0.10237686336040497	0.3591732680797577	-0.08700531721115112	0.027729853987693787
-0.12614527344703674	0.04395290091633797	-0.1769360899925232	-0.1947523057460785	-0.0745002031326294	-0.0003714857157319784	-0.002785220742225647	0.25534185767173767	-0.20009417831897736	-0.07604734599590302	0.02446148172020912	0.05935674160718918	-0.1464899182319641	-0.1535111963748932	0.17386068403720856	0.11819427460432053	0.3082261085510254	-0.10515885800123215	-0.03441205248236656
-0.12263268977403641	-0.006902767810970545	-0.21615652740001678	-0.1614636927843094	-0.08926360309123993	-0.0016363291069865227	0.021376928314566612	0.3590222895145416	-0.20990386605262756	-0.1272653490304947	-0.0010346174240112305	0.05690877139568329	-0.1647610068321228	-0.07069141417741776	0.17235474288463593	0.12585270404815674	0.2563527822494507	-0.1420467346906662	-0.08981991559267044
-0.12064051628112793	-0.06192130967974663	-0.2536650598049164	-0.14228594303131104	-0.0918387845158577	-0.007152347359806299	0.0492955707013607	0.44567516446113586	-0.2103303074836731	-0.16635018587112427	-0.037658240646123886	0.04188881441950798	-0.19015651941299438	-0.0021395168732851744	0.141201913356781	0.1299382746219635	0.21318179368972778	-0.19513772428035736	-0.13033732771873474
-0.12135395407676697	-0.11616423726081848	-0.2853532135486603	-0.1420324295759201	-0.07168307155370712	-0.015279670245945454	0.07394736260175705	0.4921092092990875	-0.20071707665920258	-0.19055545330047607	-0.0801369696855545	0.01422436349093914	-0.21779264509677887	0.03844496235251427	0.07932981103658676	0.13465294241905212	0.1794540137052536	-0.251118540763855	-0.152592271566391
-0.12568581104278564	-0.16539518535137177	-0.3076581358909607	-0.16134795546531677	-0.025913666933774948	-0.023764897137880325	0.09113278239965439	0.4836573302745819	-0.18161794543266296	-0.19900569319725037	-0.12155835330486298	-0.02441711723804474	-0.2397278994321823	0.04556511342525482	-0.00622978201135993	0.14275750517845154	0.15184386074543	-0.2944529950618744	-0.15566688776016235
-0.1311868578195572	-0.20552225410938263	-0.3198346495628357	-0.19808408617973328	0.03625449538230896	-0.030441001057624817	0.09817103296518326	0.42074283957481384	-0.1550232619047165	-0.18960794806480408	-0.1533903330564499	-0.07051016390323639	-0.2495977282524109	0.022192979231476784	-0.10017560422420502	0.1558702290058136	0.12612906098365784	-0.3161971867084503	-0.1416621059179306
-0.1338285654783249	-0.23231105506420135	-0.32275089621543884	-0.2436957061290741	0.09661786258220673	-0.034167755395174026	0.09343429654836655	0.31256142258644104	-0.12315929681062698	-0.16128890216350555	-0.1687179058790207	-0.11819268018007278	-0.24318429827690125	-0.020147375762462616	-0.18547315895557404	0.17415058612823486	0.0969129279255867	-0.3124760091304779	-0.11773370951414108
-0.13158953189849854	-0.24235646426677704	-0.31887301802635193	-0.2866850793361664	0.13903528451919556	-0.0348430760204792	0.07778170704841614	0.17223022878170013	-0.08797650784254074	-0.11699244379997253	-0.1645447164773941	-0.16000546514987946	-0.21859580278396606	-0.06656581163406372	-0.25064584612846375	0.19546034932136536	0.0631653368473053	-0.2824150323867798	-0.09118741750717163
-0.12346329540014267	-0.23367585241794586	-0.31168192625045776	-0.31911447644233704	0.15543232858181	-0.03254805877804756	0.05533343181014061	0.018553143367171288	-0.0519670695066452	-0.06395116448402405	-0.1415368765592575	-0.18940319120883942	-0.17873013019561768	-0.1053217276930809	-0.29059192538261414	0.21523314714431763	0.028944484889507294	-0.230388343334198	-0.06471219658851624
-0.1091405525803566	-0.20615361630916595	-0.30111950635910034	-0.33541759848594666	0.1464802324771881	-0.027233434841036797	0.03313853591680527	-0.12842027842998505	-0.020225612446665764	-0.011828696355223656	-0.10434282571077347	-0.20157989859580994	-0.12822473049163818	-0.12784047424793243	-0.3035220801830292	0.22785523533821106	-0.004824870266020298	-0.16597627103328705	-0.039577823132276535
-0.08969759196043015	-0.16221530735492706	-0.28275638818740845	-0.3318404257297516	0.12185129523277283	-0.018511133268475533	0.019231069833040237	-0.2573176324367523	-0.00015059039287734777	0.030469564720988274	-0.061156585812568665	-0.1927352398633957	-0.06828776746988297	-0.12927457690238953	-0.2887430489063263	0.22885288298130035	-0.0418052114546299	-0.1016399934887886	-0.020409591495990753
-0.06578757613897324	-0.10657479614019394	-0.253962904214859	-0.30979567766189575	0.0953381285071373	-0.005342272575944662	0.019595026969909668	-0.36405372619628906	0.002741526812314987	0.05745839700102806	-0.019981632009148598	-0.16221652925014496	0.0009082006290555	-0.11235881596803665	-0.2459823191165924	0.21688325703144073	-0.08340007066726685	-0.0495905838906765	-0.013671504333615303
-0.038630373775959015	-0.04601067677140236	-0.21744519472122192	-0.2757596969604492	0.07935955375432968	0.012813156470656395	0.03625199571251869	-0.44235458970069885	-0.011258414015173912	0.06808474659919739	0.014458625577390194	-0.11507827043533325	0.07555367797613144	-0.08508136123418808	-0.17792724072933197	0.19489368796348572	-0.12474626302719116	-0.016516244038939476	-0.020562635734677315
-0.012452064082026482	0.01047901064157486	-0.17781394720077515	-0.23905231058597565	0.08273226022720337	0.03402329608798027	0.06490378081798553	-0.4833431839942932	-0.0371677502989769	0.06447556614875793	0.0404193289577961	-0.060459237545728683	0.1482015699148178	-0.05570361763238907	-0.0951310470700264	0.16790440678596497	-0.157296285033226	-0.0027717563789337873	-0.03469347208738327
0.007439843844622374	0.05341067537665367	-0.13711325824260712	-0.20939338207244873	0.10602026432752609	0.054070547223091125	0.09337691217660904	-0.48193618655204773	-0.07046686857938766	0.04966023936867714	0.05847571790218353	-0.008762861602008343	0.20968537032604218	-0.032926592975854874	-0.01431817002594471	0.13821014761924744	-0.17445826530456543	-0.008133471943438053	-0.04954085126519203
0.0159017164260149	0.07583792507648468	-0.09463467448949814	-0.19389794766902924	0.13970384001731873	0.06858884543180466	0.10628874599933624	-0.43936964869499207	-0.10904522240161896	0.02637847512960434	0.070894256234169	0.02992919646203518	0.25171518325805664	-0.02518993429839611	0.050910238176584244	0.1044955626130104	-0.17395927011966705	-0.033273808658123016	-0.06414472311735153
0.00861749891191721	0.07542800158262253	-0.050763461738824844	-0.19688113033771515	0.1684531271457672	0.07466168701648712	0.09341020882129669	-0.3619879186153412	-0.15120777487754822	-0.002027219859883189	0.08063903450965881	0.047718822956085205	0.2688768208026886	-0.03889758512377739	0.09454871714115143	0.06562933325767517	-0.15657693147659302	-0.07630202174186707	-0.08102476596832275
-0.014526457525789738	0.055112794041633606	-0.009717161767184734	-0.21977369487285614	0.17572607100009918	0.07093853503465652	0.05461806431412697	-0.2618052065372467	-0.19453541934490204	-0.031176527962088585	0.0904885083436966	0.0403897762298584	0.2582198977470398	-0.07863171398639679	0.11428169161081314	0.023120427504181862	-0.12685425579547882	-0.1322818249464035	-0.10267147421836853
-0.0489078126847744	0.021702038124203682	0.02201724983751774	-0.25937193632125854	0.1501288115978241	0.05682073533535004	-0.0009279518271796405	-0.15641207993030548	-0.23637349903583527	-0.05769616365432739	0.10150830447673798	0.008176244795322418	0.2199578881263733	-0.14472126960754395	0.1091959998011589	-0.019608471542596817	-0.0902102142572403	-0.19503004848957062	-0.12866553664207458
-0.08698788285255432	-0.016863321885466576	0.03826412558555603	-0.3082176148891449	0.09109418839216232	0.03250817954540253	-0.05967436358332634	-0.06269573420286179	-0.27544939517974854	-0.0798046737909317	0.11261418461799622	-0.0433594211935997	0.15905022621154785	-0.23011143505573273	0.08288384974002838	-0.05903453379869461	-0.043961722403764725	-0.2579125761985779	-0.15498237311840057
-0.12040062248706818	-0.05390768498182297	0.034768249839544296	-0.35555192828178406	0.008175763301551342	-0.00019015275756828487	-0.10799089819192886	0.007018506061285734	-0.3116697669029236	-0.09651359915733337	0.12093953043222427	-0.10397174209356308	0.08495956659317017	-0.3202405571937561	0.04426797106862068	-0.092259481549263	0.021127011626958847	-0.313035249710083	-0.1768149584531784
-0.14450882375240326	-0.0856647863984108	0.010728796944022179	-0.3894985020160675	-0.08278413861989975	-0.03814052790403366	-0.13367263972759247	0.04327588155865669	-0.3407524526119232	-0.10797585546970367	0.12166150659322739	-0.162196084856987	0.010073778219521046	-0.3954828977584839	0.003309357212856412	-0.11638518422842026	0.10775848478078842	-0.3501622676849365	-0.18950001895427704
-0.15963836014270782	-0.11097610741853714	-0.02982858382165432	-0.40060073137283325	-0.16600725054740906	-0.07758918404579163	-0.1279699057340622	0.044636085629463196	-0.3494120240211487	-0.11369065940380096	0.1104152575135231	-0.20895761251449585	-0.05325251445174217	-0.43717896938323975	-0.032350216060876846	-0.12884049117565155	0.20693019032478333	-0.35892507433891296	-0.18800251185894012
-0.16737310588359833	-0.129435732960701	-0.07679198682308197	-0.38158276677131653	-0.23285825550556183	-0.11479780822992325	-0.08812791109085083	0.022505516186356544	-0.3207448720932007	-0.1097637265920639	0.08642622083425522	-0.23809629678726196	-0.09378117322921753	-0.43361738324165344	-0.057952068746089935	-0.128024160861969	0.30429887771606445	-0.33421194553375244	-0.1694021075963974
-0.16925351321697235	-0.14146098494529724	-0.11555846780538559	-0.32747429609298706	-0.28106316924095154	-0.14734229445457458	-0.017898183315992355	-0.007724375929683447	-0.24594397842884064	-0.09189955145120621	0.0515018031001091	-0.24564902484416962	-0.1016487181186676	-0.3816258907318115	-0.07193371653556824	-0.11358962208032608	0.3868703544139862	-0.2797877788543701	-0.13536444306373596
-0.166283518075943	-0.1492544412612915	-0.13280345499515533	-0.24026000499725342	-0.30857107043266296	-0.17428737878799438	0.07163077592849731	-0.03645579144358635	-0.13046318292617798	-0.062106162309646606	0.008114279247820377	-0.23073653876781464	-0.07371395081281662	-0.2865463197231293	-0.07496298104524612	-0.08754776418209076	0.44514235854148865	-0.20953215658664703	-0.092013418674469
-0.1571805775165558	-0.1552816778421402	-0.12132158130407333	-0.13037332892417908	-0.31101420521736145	-0.19430676102638245	0.16176392138004303	-0.06102042272686958	0.008161499164998531	-0.029947102069854736	-0.040447261184453964	-0.19630150496959686	-0.017318256199359894	-0.16087433695793152	-0.06828005611896515	-0.05310174077749252	0.4727720320224762	-0.1443633884191513	-0.047178659588098526
-0.14062047004699707	-0.16026246547698975	-0.08051355183124542	-0.01170175988227129	-0.2827816605567932	-0.2041117399930954	0.2308294177055359	-0.08523828536272049	0.1474989950656891	-0.006044834852218628	-0.08954782783985138	-0.1483490765094757	0.054653868079185486	-0.019928298890590668	-0.05464618280529976	-0.012541849166154861	0.46668845415115356	-0.10081767290830612	-0.005670001730322838
-0.11798646301031113	-0.16245652735233307	-0.014414014294743538	0.10466204583644867	-0.22115583717823029	-0.1986921727657318	0.26141372323036194	-0.11749932169914246	0.264980286359787	0.0054387422278523445	-0.13227301836013794	-0.09445210546255112	0.1297304481267929	0.12070155888795853	-0.03887123242020607	0.029930856078863144	0.4270739257335663	-0.08163738250732422	0.03263254463672638
-0.09174128621816635	-0.15739402174949646	0.06929265707731247	0.21442697942256927	-0.130952849984169	-0.173654243350029	0.24624088406562805	-0.1641257405281067	0.3381747305393219	0.007402328774333	-0.1601557582616806	-0.041317153722047806	0.1972520649433136	0.2461901307106018	-0.024203678593039513	0.0656718835234642	0.35310354828834534	-0.07916884124279022	0.07010027766227722
-0.06431696563959122	-0.13910089433193207	0.15856638550758362	0.31995657086372375	-0.021815331652760506	-0.12836408615112305	0.19039134681224823	-0.22368361055850983	0.35063672065734863	0.004725451581180096	-0.16687531769275665	0.0075413077138364315	0.24903187155723572	0.34719744324684143	-0.00888442900031805	0.08550333231687546	0.24131552875041962	-0.08434005081653595	0.10992838442325592
-0.03702281042933464	-0.10282599925994873	0.2378915250301361	0.42534226179122925	0.09592539817094803	-0.06659878045320511	0.10784605145454407	-0.2862899899482727	0.30038216710090637	0.0030023232102394104	-0.14944249391555786	0.052160147577524185	0.27993348240852356	0.42213916778564453	0.011944259516894817	0.08436313271522522	0.0952564924955368	-0.09207762777805328	0.15620540082454681
-0.00746076600626111	-0.04727776721119881	0.2926294207572937	0.5308886766433716	0.20875658094882965	0.004865606781095266	0.015154139138758183	-0.33627527952194214	0.19885562360286713	0.010270603001117706	-0.10726380348205566	0.09480773657560349	0.28712692856788635	0.473219096660614	0.04079572111368179	0.06232590973377228	-0.06813795119524002	-0.10181152820587158	0.2099679410457611
0.026844844222068787	0.02417604811489582	0.3141727149486542	0.6320397257804871	0.3020091652870178	0.07724529504776001	-0.07305878400802612	-0.36005699634552	0.06584540009498596	0.03187280520796776	-0.04525947570800781	0.13769474625587463	0.2713240385055542	0.5060459971427917	0.07502274960279465	0.02429085038602352	-0.22644196450710297	-0.11226984113454819	0.2658814489841461
0.06250907480716705	0.10381407290697098	0.302249550819397	0.7201612591743469	0.36707741022109985	0.14163470268249512	-0.14510191977024078	-0.35419929027557373	-0.0729716345667839	0.06307512521743774	0.024240709841251373	0.18089693784713745	0.2384069710969925	0.5303577184677124	0.10901584476232529	-0.020617401227355003	-0.3596145212650299	-0.11723262071609497	0.3146851360797882
0.09425205737352371	0.1814938634634018	0.2636308968067169	0.7818993926048279	0.39837026596069336	0.19148848950862885	-0.1919659823179245	-0.32236528396606445	-0.19235791265964508	0.09246092289686203	0.08755084127187729	0.22188575565814972	0.1957649141550064	0.5512529611587524	0.13815359771251678	-0.061949241906404495	-0.45173490047454834	-0.11191180348396301	0.3463071584701538
0.12083970755338669	0.24615442752838135	0.20837241411209106	0.8025849461555481	0.38755908608436584	0.22303040325641632	-0.20810946822166443	-0.2680341899394989	-0.2759048342704773	0.11138026416301727	0.13500256836414337	0.25558316707611084	0.14692024886608124	0.5627435445785522	0.15965023636817932	-0.09266331791877747	-0.49448639154434204	-0.09955691546201706	0.35181015729904175
0.1416829526424408	0.2868252694606781	0.14440767467021942	0.7728910446166992	0.33034422993659973	0.23474673926830292	-0.1920529454946518	-0.19431506097316742	-0.3162417411804199	0.11618359386920929	0.15942908823490143	0.2745523154735565	0.09083949774503708	0.5541284680366516	0.16963596642017365	-0.11045882850885391	-0.4889445900917053	-0.08581848442554474	0.326145201921463
0.153468519449234	0.2954810559749603	0.07428257912397385	0.6905770301818848	0.23336036503314972	0.2270432710647583	-0.1475372314453125	-0.10468064993619919	-0.3115876615047455	0.10460615158081055	0.15594545006752014	0.2712046504020691	0.025081414729356766	0.5152592062950134	0.16228339076042175	-0.11490647494792938	-0.4413832724094391	-0.0713660791516304	0.2689690589904785
0.15317508578300476	0.27037349343299866	-0.0023573769722133875	0.5594438910484314	0.11145869642496109	0.20141974091529846	-0.08526357263326645	-0.001565323444083333	-0.26642730832099915	0.07573642581701279	0.1258544772863388	0.24150682985782623	-0.04973438009619713	0.43706339597702026	0.13391222059726715	-0.10558220744132996	-0.3588135540485382	-0.05246766284108162	0.18438753485679626
0.13948214054107666	0.2162298858165741	-0.08394435793161392	0.3886381685733795	-0.014669124968349934	0.16051195561885834	-0.020305000245571136	0.11045771092176437	-0.19020818173885345	0.03390643745660782	0.07777338474988937	0.18694761395454407	-0.12625032663345337	0.31752216815948486	0.08637893199920654	-0.08316127955913544	-0.24677135050296783	-0.02374112419784069	0.0835898369550705
0.1124211847782135	0.1419832408428192	-0.16396325826644897	0.19061455130577087	-0.1228320300579071	0.1087295413017273	0.034418363124132156	0.22074417769908905	-0.09169971197843552	-0.011990536004304886	0.024409988895058632	0.11351852864027023	-0.19224315881729126	0.1664283573627472	0.025668609887361526	-0.050648998469114304	-0.11255016177892685	0.020763935521245003	-0.01613325998187065
0.0762081891298294	0.05897131562232971	-0.23184429109096527	-0.020181041210889816	-0.2001553326845169	0.05131144821643829	0.07202832400798798	0.31570667028427124	0.022105684503912926	-0.05482849106192589	-0.021886175498366356	0.030336983501911163	-0.2382519543170929	0.0009404047159478068	-0.03916308283805847	-0.012072665616869926	0.026370292529463768	0.08376540243625641	-0.1007092073559761
0.039740487933158875	-0.02076154388487339	-0.2778198719024658	-0.2274070531129837	-0.24678337574005127	-0.007130601909011602	0.0912853479385376	0.382906436920166	0.1413278430700302	-0.09155969321727753	-0.053133774548769	-0.0509677492082119	-0.26150235533714294	-0.1600136160850525	-0.0954674631357193	0.029538394883275032	0.14403782784938812	0.15887928009033203	-0.16492827236652374
0.011609602719545364	-0.08704251796007156	-0.29697558283805847	-0.4131675362586975	-0.2682664394378662	-0.06204121187329292	0.09500271081924438	0.41067400574684143	0.252682089805603	-0.11791743338108063	-0.06655067205429077	-0.11900974810123444	-0.26249659061431885	-0.2983470559120178	-0.1313004344701767	0.07138551771640778	0.21961431205272675	0.23185166716575623	-0.2069590985774994
-0.002956364070996642	-0.13323141634464264	-0.28988122940063477	-0.5588157176971436	-0.2697984278202057	-0.10767871141433716	0.08748592436313629	0.3914296329021454	0.3438546061515808	-0.12572626769542694	-0.06215434521436691	-0.16674008965492249	-0.2426551729440689	-0.39973849058151245	-0.14129917323589325	0.10818997025489807	0.24289895594120026	0.2889689803123474	-0.2238035947084427
-0.002603639382869005	-0.15653464198112488	-0.2606252133846283	-0.647041916847229	-0.25672537088394165	-0.13842104375362396	0.0722074955701828	0.32966989278793335	0.40660902857780457	-0.11096391826868057	-0.04298070818185806	-0.1924387514591217	-0.20482337474822998	-0.45389264822006226	-0.12810178101062775	0.13185562193393707	0.2095140665769577	0.3241191506385803	-0.2148747742176056
0.008379628881812096	-0.15829972922801971	-0.21395033597946167	-0.6665449142456055	-0.2344096302986145	-0.1513693779706955	0.05287403613328934	0.24334771931171417	0.43859541416168213	-0.07984817773103714	-0.016809264197945595	-0.19758757948875427	-0.15238457918167114	-0.4533369243144989	-0.10126326233148575	0.1356859803199768	0.12390847504138947	0.3403472900390625	-0.18405120074748993
0.022910816594958305	-0.1431087702512741	-0.1543225646018982	-0.6175028085708618	-0.20715638995170593	-0.14670436084270477	0.033544912934303284	0.15587416291236877	0.4423295855522156	-0.04136618226766586	0.007844476029276848	-0.18448075652122498	-0.09023810178041458	-0.39911773800849915	-0.07272691279649734	0.11893568933010101	0.008417551405727863	0.3437343239784241	-0.13783617317676544
0.03741372749209404	-0.11592625081539154	-0.08556639403104782	-0.510528564453125	-0.17906053364276886	-0.12678197026252747	0.014902948401868343	0.0854947566986084	0.42140135169029236	-0.0009651690488681197	0.026569118723273277	-0.15533319115638733	-0.027329768985509872	-0.3054041564464569	-0.04928005114197731	0.08567982167005539	-0.10465125739574432	0.33661437034606934	-0.08628499507904053
0.05133800208568573	-0.08031856268644333	-0.010009276680648327	-0.36081039905548096	-0.15289466083049774	-0.0963844284415245	-0.006191992200911045	0.03883906081318855	0.3790765404701233	0.03606674075126648	0.03754863888025284	-0.11318974196910858	0.026412582024931908	-0.19191209971904755	-0.030122525990009308	0.04031844064593315	-0.19391514360904694	0.3196592628955841	-0.04163539782166481
0.06341930478811264	-0.03967580571770668	0.06916036456823349	-0.18733428418636322	-0.12845389544963837	-0.06203112006187439	-0.03175325319170952	0.012976123951375484	0.32035574316978455	0.06406434625387192	0.03970491141080856	-0.06311935931444168	0.06570606678724289	-0.07521025836467743	-0.012069141492247581	-0.012921570800244808	-0.25490498542785645	0.29579898715019226	-0.011253124102950096
