Node	DMN_LABEL_1	Vis_LABEL_2	FP_LABEL_3	Aud_LABEL_4	Tpole_LABEL_5	PMN_LABEL_6	PON_LABEL_7	MTL_LABEL_8	PON_LABEL_9	CO_LABEL_10	Sal_LABEL_11	CO_LABEL_12	SMd_LABEL_13	SMl_LABEL_14	DAN_LABEL_15	DMN_LABEL_16	CO_LABEL_17	DMN_LABEL_18	VAN_LABEL_19	CO_LABEL_20	CO_LABEL_21	Sal_LABEL_22	DAN_LABEL_23	PMN_LABEL_24	DAN_LABEL_25	DMN_LABEL_26	DMN_LABEL_27	DMN_LABEL_28	Vis_LABEL_29	FP_LABEL_30	Aud_LABEL_31	Tpole_LABEL_32	PMN_LABEL_33	PON_LABEL_34	MTL_LABEL_35	CO_LABEL_36	Sal_LABEL_37	CO_LABEL_38	SMd_LABEL_39	SMl_LABEL_40	DAN_LABEL_41	CO_LABEL_42	VAN_LABEL_43	CO_LABEL_44	CO_LABEL_45	Sal_LABEL_46	DAN_LABEL_47	PMN_LABEL_48	DAN_LABEL_49	DMN_LABEL_50	FP_LABEL_51	DMN_LABEL_52	DMN_LABEL_53	PON_LABEL_54	DMN_LABEL_55	Tpole_LABEL_56	Tpole_LABEL_57	Sal_LABEL_58	Sal_LABEL_59	SMd_LABEL_60	DAN_LABEL_61	FP_LABEL_62	DMN_LABEL_63	FP_LABEL_64	FP_LABEL_65	SMd_LABEL_66	SMl_LABEL_67	SMd_LABEL_68	DMN_LABEL_69	DAN_LABEL_70	DMN_LABEL_71	FP_LABEL_72	SMd_LABEL_73	SMl_LABEL_74	MTL_LABEL_75	MTL_LABEL_76	CO_LABEL_77	CO_LABEL_78	Vis_LABEL_79	Vis_LABEL_80
DMN_LABEL_1	1.0	0.1590975672006607	0.12819701433181763	0.09269030392169952	-0.27455073595046997	0.40755850076675415	0.2019801288843155	n/a	-0.1552845537662506	0.13432154059410095	-0.22130714356899261	-0.0691201463341713	0.15795139968395233	-0.029829587787389755	-0.276967853307724	0.14967694878578186	0.12195112556219101	-0.1574970781803131	-0.4124671518802643	0.040187060832977295	-0.25449517369270325	0.008460399694740772	0.028419092297554016	0.08283799886703491	0.06966116279363632	0.13754452764987946	-0.4524731934070587	-0.41860660910606384	0.17137430608272552	0.18605685234069824	0.3715728521347046	0.1831434667110443	0.4330194890499115	0.5661723613739014	n/a	0.18338719010353088	0.1234903410077095	-0.006390913389623165	0.0946287140250206	-0.050404224544763565	0.15654847025871277	0.22037236392498016	0.19244743883609772	0.42895805835723877	-0.08522424846887589	0.044080037623643875	0.143513023853302	0.6581098437309265	0.008373397402465343	0.36639049649238586	-0.08657055348157883	0.23916295170783997	0.28378546237945557	0.045530010014772415	0.19404825568199158	0.008272436447441578	-0.16969998180866241	-0.2757275104522705	-0.2245042622089386	-0.21887236833572388	0.24908535182476044	-0.010671507567167282	-0.0816446840763092	-0.2567766010761261	0.19620643556118011	-0.2515353560447693	-0.1472025215625763	-0.5442965626716614	-0.2821027934551239	0.0158737450838089	-0.5326469540596008	-0.1393907517194748	-0.03898821771144867	-0.0005936496891081333	-0.14430485665798187	0.061157140880823135	-0.31443893909454346	0.15940284729003906	0.10471882671117783	0.3188611567020416
Vis_LABEL_2	0.1590975672006607	1.0	-0.02912949211895466	-0.42642101645469666	-0.12535980343818665	-0.10512641072273254	-0.2806885540485382	n/a	-0.05658266693353653	-0.15982122719287872	0.2708074152469635	-0.2686874270439148	-0.374141126871109	-0.5057736039161682	-0.013089477084577084	-0.40507492423057556	-0.20757092535495758	-0.4061729311943054	-0.22353495657444	-0.039391372352838516	-0.0803375095129013	0.1634931117296219	-0.031922079622745514	0.30064642429351807	-0.06877334415912628	-0.06601326167583466	0.22863847017288208	-0.06496536731719971	0.7980828881263733	-0.03106238692998886	-0.20547839999198914	0.21433931589126587	-0.37672796845436096	0.005967006552964449	n/a	-0.3516571521759033	0.12276040762662888	-0.16504201292991638	-0.5450506210327148	-0.38362985849380493	-0.12632523477077484	-0.17081783711910248	-0.11733601987361908	-0.15549294650554657	-0.3394121825695038	0.05236636847257614	-0.06694892048835754	-0.1329365074634552	0.21668799221515656	-0.27803435921669006	-0.12116620689630508	-0.08873157948255539	-0.34999752044677734	0.23068790137767792	-0.11420205980539322	-0.2964521050453186	-0.3005553185939789	-0.07396208494901657	-0.05082210898399353	0.039704788476228714	0.025713976472616196	-0.09715636074542999	-0.2672783434391022	-0.22312460839748383	0.0651344284415245	0.2560358941555023	0.4833950400352478	0.08234553784132004	-0.13647742569446564	-0.19347219169139862	-0.08970991522073746	0.046569857746362686	0.22708144783973694	0.23563715815544128	0.12296813726425171	-0.07727213948965073	0.16496819257736206	0.3514896333217621	-0.058631766587495804	0.2144700437784195
FP_LABEL_3	0.12819701433181763	-0.02912949211895466	1.0	-0.3127322196960449	-0.1991168111562729	0.08407788723707199	-0.13726185262203217	n/a	-0.19562280178070068	-0.19610249996185303	0.022835001349449158	-0.18806102871894836	0.05891644209623337	-0.31241369247436523	0.46636757254600525	0.22795739769935608	-0.1374962478876114	0.19589543342590332	-0.04134465381503105	-0.3135553300380707	-0.18497508764266968	-0.15578417479991913	0.5359972715377808	0.17937365174293518	-0.34899723529815674	-0.3918258845806122	0.23461146652698517	0.4439433217048645	0.02481505274772644	0.5670331716537476	-0.1615072637796402	-0.04676014930009842	-0.07165107131004333	-0.0834202915430069	n/a	-0.07681577652692795	0.16708099842071533	-0.28506919741630554	-0.041936539113521576	-0.3850257694721222	0.3543018698692322	-0.018042881041765213	-0.05914479121565819	-0.003398787695914507	-0.24197761714458466	-0.33027124404907227	0.10489512979984283	0.3199867904186249	-0.2051871120929718	0.07384592294692993	0.4726935923099518	-0.24408867955207825	0.14480233192443848	-0.09903428703546524	0.2614160478115082	-0.21153531968593597	0.16031691431999207	0.1802310198545456	0.2088916003704071	-0.06438925862312317	-0.06235571578145027	0.015211623162031174	0.0051259491592645645	0.1931447684764862	0.08303414285182953	-0.25287607312202454	-0.11531230807304382	-0.3205108046531677	-0.05790678411722183	-0.1644280105829239	-0.11920364946126938	0.18985062837600708	-0.13385000824928284	-0.08217883855104446	-0.044363632798194885	-0.2201494574546814	-0.22213439643383026	-0.04763448238372803	0.07570960372686386	-0.09031286090612411
Aud_LABEL_4	0.09269030392169952	-0.42642101645469666	-0.3127322196960449	1.0	-0.009555758908390999	-0.02339380979537964	0.4752484858036041	n/a	0.23709481954574585	0.2723076641559601	-0.09964431077241898	0.29649704694747925	0.23320478200912476	0.43041932582855225	-0.27663499116897583	0.17780578136444092	0.30493688583374023	0.08641131967306137	0.2620466649532318	0.4710184335708618	0.21920552849769592	-0.06488992273807526	-0.22826027870178223	-0.13915129005908966	0.5764192938804626	0.27412286400794983	-0.17627038061618805	-0.3569350838661194	-0.353480726480484	-0.3684719502925873	0.6349123120307922	0.23125216364860535	0.3229365348815918	0.38264572620391846	n/a	0.24850688874721527	-0.20591917634010315	0.392350435256958	0.48700040578842163	0.5271084308624268	-0.17815278470516205	0.08847861737012863	0.2869357764720917	0.3204894959926605	0.2979831099510193	0.08170723170042038	0.21467216312885284	0.0018467535264790058	0.30372628569602966	0.10311704128980637	-0.5099890828132629	0.22822001576423645	-0.005219231825321913	0.1256716251373291	-0.1698133647441864	0.1898425817489624	0.13547289371490479	-0.24880313873291016	-0.409483402967453	-0.30379170179367065	0.1394643634557724	-0.37674984335899353	-0.07203159481287003	-0.25080710649490356	-0.3167453408241272	-0.25401976704597473	-0.3729252815246582	-0.15712635219097137	-0.15378732979297638	0.2975565493106842	-0.15243472158908844	-0.2075796276330948	-0.02659079246222973	-0.04656681418418884	0.158296138048172	0.3798269033432007	-0.024857286363840103	-0.3070211112499237	0.01799852028489113	-0.03327849507331848
Tpole_LABEL_5	-0.27455073595046997	-0.12535980343818665	-0.1991168111562729	-0.009555758908390999	1.0	-0.25051262974739075	-0.028721582144498825	n/a	0.2845214605331421	0.11909616738557816	0.2232213318347931	0.25266513228416443	0.08772988617420197	-0.0008331693825311959	-0.019406601786613464	0.013019241392612457	-0.2404908537864685	0.15249627828598022	0.16498108208179474	0.15653158724308014	0.1399613469839096	0.25352317094802856	0.026796646416187286	0.17798197269439697	-0.11312346160411835	0.038029592484235764	0.290301114320755	0.2284298837184906	-0.05562888830900192	-0.1800905019044876	-0.13439327478408813	0.12748511135578156	-0.05589964613318443	-0.26372581720352173	n/a	0.21334587037563324	-0.015906495973467827	0.14828039705753326	0.08643271028995514	-0.06455843895673752	-0.20955628156661987	-0.2885204255580902	-0.2965475916862488	-0.009161855094134808	0.15553739666938782	-0.09109120070934296	-0.21081937849521637	-0.3345535695552826	-0.06122208386659622	-0.3818298280239105	0.007941970601677895	-0.2761906385421753	-0.30779069662094116	0.270834356546402	-0.4035673439502716	0.3008846938610077	0.4217417240142822	0.18738554418087006	0.04902026429772377	8.911071199690923e-05	0.005749249365180731	-0.13000990450382233	0.05086221918463707	-0.18287017941474915	-0.26310381293296814	0.23758922517299652	0.13084398210048676	0.24224577844142914	0.30304938554763794	0.03809410706162453	0.0431266650557518	0.2516893744468689	0.23543843626976013	-0.09717795997858047	0.08609083294868469	0.28488659858703613	0.09813947230577469	-0.05822477489709854	0.2105293720960617	-0.06634525954723358
PMN_LABEL_6	0.40755850076675415	-0.10512641072273254	0.08407788723707199	-0.02339380979537964	-0.25051262974739075	1.0	0.0014844528632238507	n/a	-0.34261950850486755	0.27734634280204773	-0.08834860473871231	0.016934391111135483	0.1949799656867981	0.20048612356185913	-0.24464409053325653	0.43930017948150635	0.23511402308940887	0.3184962868690491	-0.22546960413455963	-0.06514991074800491	0.1067601814866066	0.0040069748647511005	-0.03761091083288193	-0.16979435086250305	-0.1641981452703476	0.3353171646595001	-0.23085585236549377	-0.17469064891338348	-0.059613294899463654	-0.047375310212373734	0.0715969130396843	0.21098418533802032	0.5357325673103333	0.2350885272026062	n/a	0.2187122106552124	0.14054107666015625	-0.08451075851917267	-0.05998989939689636	0.14307469129562378	-0.16343745589256287	0.20078524947166443	0.20816661417484283	0.12913040816783905	0.1748485416173935	0.016606559976935387	-0.25849199295043945	0.22195568680763245	-0.30569425225257874	0.28657957911491394	-0.025777408853173256	0.20932111144065857	0.17926253378391266	-0.254657119512558	0.21458296477794647	0.14643943309783936	-0.11870364844799042	0.045249540358781815	0.09496152400970459	-0.10365515947341919	-0.010404985398054123	0.014136574231088161	0.20445479452610016	-0.14540070295333862	0.18808820843696594	-0.25439342856407166	-0.2750263810157776	-0.38474878668785095	-0.16641615331172943	-0.006891357712447643	-0.1699894219636917	0.18340064585208893	-0.10884515196084976	-0.21872113645076752	-0.1702604591846466	-0.2175142765045166	-0.20687070488929749	0.0024791890755295753	0.0977872982621193	0.06291250884532928
PON_LABEL_7	0.2019801288843155	-0.2806885540485382	-0.13726185262203217	0.4752484858036041	-0.028721582144498825	0.0014844528632238507	1.0	n/a	0.4068419635295868	0.2215452343225479	-0.1673240065574646	0.04793236404657364	0.2660280466079712	0.12295793741941452	-0.16007471084594727	0.20609039068222046	0.04456612840294838	0.26470068097114563	0.18315018713474274	0.4056713581085205	-0.21529461443424225	-0.31944796442985535	0.06997858732938766	0.08032010495662689	0.4889679551124573	0.07107742130756378	-0.18474048376083374	-0.23326848447322845	-0.18046258389949799	-0.06246640905737877	0.4281078279018402	0.18311718106269836	0.13961149752140045	0.704551100730896	n/a	0.20175296068191528	-0.19680587947368622	0.293220192193985	0.4930870234966278	0.07003898173570633	0.04838373884558678	-0.11526674777269363	0.04807084798812866	0.3045721650123596	0.03745963051915169	-0.101734459400177	0.5204273462295532	0.22413370013237	0.48777851462364197	0.09140271693468094	-0.15672294795513153	0.12611408531665802	0.11443567276000977	0.42761901021003723	-0.0536620058119297	0.3332211673259735	0.2886180579662323	-0.28188973665237427	-0.37695828080177307	-0.48009103536605835	-0.15760479867458344	-0.3896716833114624	-0.40962129831314087	-0.43778195977211	-0.3842458724975586	-0.19705234467983246	-0.40330255031585693	-0.12128935754299164	-0.11256469786167145	0.2227797955274582	-0.321773499250412	-0.19882778823375702	-0.009478814899921417	-0.10772339999675751	0.07547517120838165	0.6163036823272705	-0.20697785913944244	-0.21443580090999603	0.06820141524076462	0.2936317026615143
MTL_LABEL_8	n/a	n/a	n/a	n/a	n/a	n/a	n/a	1.0	n/a	n/a	n/a	n/a	n/a	n/a	n/a	n/a	n/a	n/a	n/a	n/a	n/a	n/a	n/a	n/a	n/a	n/a	n/a	n/a	n/a	n/a	n/a	n/a	n/a	n/a	n/a	n/a	n/a	n/a	n/a	n/a	n/a	n/a	n/a	n/a	n/a	n/a	n/a	n/a	n/a	n/a	n/a	n/a	n/a	n/a	n/a	n/a	n/a	n/a	n/a	n/a	n/a	n/a	n/a	n/a	n/a	n/a	n/a	n/a	n/a	n/a	n/a	n/a	n/a	n/a	n/a	n/a	n/a	n/a	n/a	n/a
PON_LABEL_9	-0.1552845537662506	-0.05658266693353653	-0.19562280178070068	0.23709481954574585	0.2845214605331421	-0.34261950850486755	0.4068419635295868	n/a	1.0	-0.016477324068546295	0.1723368614912033	0.035239432007074356	0.02818683534860611	-0.08197775483131409	-0.14934571087360382	-0.2508721947669983	-0.08811499923467636	-0.1024969294667244	0.17527684569358826	0.5779955387115479	0.0023418578784912825	-0.2149679809808731	-0.07326721400022507	0.19827182590961456	0.2721715569496155	-0.10629011690616608	0.19603067636489868	0.07766126096248627	-0.0640452578663826	-0.1687004119157791	0.06846433132886887	0.11380276083946228	-0.26257896423339844	0.03196147084236145	n/a	-0.09031225740909576	0.09533610194921494	0.21216119825839996	0.14942167699337006	0.11172301322221756	0.02166716568171978	-0.1389383226633072	-0.17311488091945648	0.000809531076811254	-0.03138059377670288	-0.0062781572341918945	0.14097893238067627	-0.2201743721961975	0.44253575801849365	-0.465771347284317	-0.07472018152475357	-0.21320949494838715	-0.274878591299057	0.683668851852417	-0.17942175269126892	0.2686445116996765	0.22318291664123535	0.0800454169511795	-0.023923030123114586	0.07994072139263153	-0.05270320549607277	-0.26838526129722595	0.01684064231812954	-0.1886056810617447	-0.32218533754348755	0.055688705295324326	-0.10463057458400726	0.31889888644218445	0.19223326444625854	0.27643823623657227	0.04078644886612892	0.19694900512695312	0.17620716989040375	-0.1352807581424713	0.3208855092525482	0.5081058740615845	0.09932982176542282	-0.2137727290391922	0.09193757176399231	0.0899922251701355
CO_LABEL_10	0.13432154059410095	-0.15982122719287872	-0.19610249996185303	0.2723076641559601	0.11909616738557816	0.27734634280204773	0.2215452343225479	n/a	-0.016477324068546295	1.0	0.1941664069890976	0.23769332468509674	0.4267599284648895	0.4324507415294647	-0.2589724659919739	0.16307702660560608	0.15588901937007904	0.11394453793764114	0.06995467841625214	0.1880996972322464	0.17911502718925476	0.06693564355373383	-0.27763113379478455	-0.04281176999211311	0.1552363485097885	0.3463659882545471	-0.11512443423271179	-0.35715892910957336	-0.09560670703649521	-0.43322837352752686	0.10404415428638458	0.31362318992614746	0.2587920129299164	0.27224308252334595	n/a	0.5714194774627686	0.10325625538825989	0.26624277234077454	0.31132224202156067	0.319468230009079	-0.24653969705104828	-0.02945748344063759	-0.05123067647218704	0.038653820753097534	0.2321065217256546	-0.009396255947649479	0.001792101189494133	-0.04262663796544075	0.06570103764533997	-0.07604977488517761	-0.34748372435569763	0.12463254481554031	-0.09587923437356949	0.06973311305046082	-0.15905499458312988	0.2982651889324188	0.14289511740207672	0.18785761296749115	0.13222970068454742	-0.3102203607559204	0.11815575510263443	-0.42394840717315674	0.19774803519248962	-0.46548593044281006	-0.2696940302848816	-0.14391407370567322	-0.19838885962963104	-0.2517428696155548	-0.1649278849363327	0.09002362936735153	-0.22176805138587952	0.11191292107105255	0.01061315555125475	-0.160306915640831	-0.1374095231294632	0.2324766218662262	0.06940677016973495	-0.02489962801337242	0.24931836128234863	0.1990376114845276
Sal_LABEL_11	-0.22130714356899261	0.2708074152469635	0.022835001349449158	-0.09964431077241898	0.2232213318347931	-0.08834860473871231	-0.1673240065574646	n/a	0.1723368614912033	0.1941664069890976	1.0	-0.22653381526470184	0.1010335385799408	0.006838106084614992	0.34015700221061707	-0.19916385412216187	-0.2775360941886902	-0.15045638382434845	0.39093855023384094	0.239783376455307	0.4088316261768341	0.2418636977672577	0.14830513298511505	0.46214354038238525	0.06314600259065628	-0.17357975244522095	0.6193539500236511	0.29358768463134766	0.20186658203601837	-0.2838763892650604	-0.29072028398513794	0.2515725791454315	-0.36518236994743347	-0.30730417370796204	n/a	-0.17150837182998657	0.2996813654899597	-0.26224544644355774	-0.10210150480270386	-0.18506044149398804	-0.2111678123474121	-0.4928642809391022	-0.2621510922908783	-0.09455687552690506	-0.07747840136289597	0.10301309823989868	-0.12844327092170715	-0.35460686683654785	0.22620543837547302	-0.6108964681625366	-0.2047014683485031	-0.44680461287498474	-0.6489918828010559	0.2841360569000244	-0.4023299217224121	-0.025390027090907097	0.066982202231884	0.37599095702171326	0.1664876788854599	-0.1355774849653244	0.10591968148946762	-0.39195647835731506	0.013873565942049026	-0.14444781839847565	-0.44698867201805115	0.46848970651626587	0.31374096870422363	0.4800543487071991	0.3361349403858185	0.04059279337525368	0.297031044960022	0.5280547142028809	0.45655936002731323	0.11344928294420242	0.20173047482967377	0.1895921528339386	0.03913465887308121	0.10416283458471298	0.2828519344329834	0.0428243912756443
CO_LABEL_12	-0.0691201463341713	-0.2686874270439148	-0.18806102871894836	0.29649704694747925	0.25266513228416443	0.016934391111135483	0.04793236404657364	n/a	0.035239432007074356	0.23769332468509674	-0.22653381526470184	1.0	0.10054413229227066	0.30371469259262085	-0.2596648633480072	0.15950749814510345	0.19512858986854553	0.14802712202072144	0.07483400404453278	0.18760865926742554	0.16537854075431824	0.04096587747335434	-0.27028754353523254	-0.10960347950458527	0.13868264853954315	0.14359615743160248	-0.1061910018324852	-0.18559035658836365	-0.2844155728816986	-0.28021061420440674	0.04908597469329834	0.005305844359099865	0.2764400243759155	0.08420690149068832	n/a	0.5121549367904663	-0.4040294587612152	0.7099402546882629	0.2972823679447174	0.37781038880348206	-0.19182436168193817	0.1273869276046753	-0.04722629487514496	-0.1770210862159729	0.5846348404884338	0.1249740943312645	-0.13110648095607758	-0.17195913195610046	-0.013457616791129112	0.020863408222794533	-0.2102765589952469	-0.004283994436264038	0.02541176788508892	-0.16391873359680176	-0.24946340918540955	0.15239277482032776	0.25791212916374207	0.02956688590347767	0.06964705139398575	-0.32509440183639526	0.022064946591854095	-0.14721141755580902	0.165474072098732	-0.07720556855201721	-0.26044121384620667	-0.2693372666835785	-0.18289808928966522	-0.039472829550504684	-0.020529648289084435	-0.1505124568939209	-0.10899034887552261	-0.14557486772537231	-0.25811678171157837	-0.4329747259616852	-0.1660836935043335	0.08735000342130661	0.3267836272716522	-0.1008542999625206	0.022421373054385185	-0.2787981927394867
SMd_LABEL_13	0.15795139968395233	-0.374141126871109	0.05891644209623337	0.23320478200912476	0.08772988617420197	0.1949799656867981	0.2660280466079712	n/a	0.02818683534860611	0.4267599284648895	0.1010335385799408	0.10054413229227066	1.0	0.7661772966384888	0.16484315693378448	0.06041359156370163	-0.10968576371669769	0.07158248871564865	0.4006669819355011	-0.020782826468348503	0.15466976165771484	-0.11794742196798325	-0.14455538988113403	0.05940963700413704	0.22661520540714264	-0.15216709673404694	-0.16944529116153717	-0.0940597802400589	-0.27829036116600037	-0.13899046182632446	0.006101267412304878	0.15264667570590973	0.11856118589639664	0.13347212970256805	n/a	0.37767836451530457	-0.19446972012519836	0.005928965751081705	0.5451464056968689	0.1560419350862503	-0.015663601458072662	-0.2739821970462799	0.16989189386367798	-0.110654316842556	0.19791172444820404	-0.19013386964797974	0.004460423719137907	0.0568273589015007	0.09752876311540604	-0.11530732363462448	-0.06084664165973663	-0.23994192481040955	-0.03728652000427246	0.2445850819349289	-0.25118160247802734	0.4028804302215576	0.26554569602012634	-0.031648315489292145	-0.04544863849878311	-0.21015776693820953	-0.10765406489372253	-0.541583776473999	-0.10661236196756363	-0.27720633149147034	-0.5202867984771729	0.005898738279938698	-0.333177775144577	-0.0784682035446167	0.16555461287498474	0.11085758358240128	-0.1683310717344284	0.21721123158931732	0.3116696774959564	-0.19550614058971405	-0.06381441652774811	0.3508286476135254	-0.021099211648106575	-0.09949638694524765	0.35373809933662415	-0.14503729343414307
SMl_LABEL_14	-0.029829587787389755	-0.5057736039161682	-0.31241369247436523	0.43041932582855225	-0.0008331693825311959	0.20048612356185913	0.12295793741941452	n/a	-0.08197775483131409	0.4324507415294647	0.006838106084614992	0.30371469259262085	0.7661772966384888	1.0	-0.07494332641363144	0.12152231484651566	0.1739857792854309	0.061121899634599686	0.3566087782382965	0.0007758388528600335	0.340446799993515	-0.04470169171690941	-0.40060147643089294	-0.26163914799690247	0.31224721670150757	0.11833032220602036	-0.2375514656305313	-0.2256062626838684	-0.4640148878097534	-0.4018840193748474	0.09947559237480164	-0.005863326136022806	0.2879190146923065	0.008202321827411652	n/a	0.39127781987190247	-0.25541532039642334	0.12492944300174713	0.46185892820358276	0.5051629543304443	-0.1911819875240326	-0.03847435489296913	0.2974776029586792	-0.08452102541923523	0.4381725490093231	0.03477633371949196	-0.14322201907634735	-0.10333535820245743	0.00904674082994461	0.05378592014312744	-0.2764317989349365	0.017101634293794632	0.06318510323762894	-0.07488121837377548	-0.19014553725719452	0.2621198892593384	0.04163304343819618	-0.040449339896440506	-0.022140245884656906	-0.11416339874267578	-0.016499361023306847	-0.3361841142177582	0.05478043109178543	-0.0782441645860672	-0.3596995770931244	0.007655933033674955	-0.2863970100879669	0.03135315328836441	0.17348672449588776	0.12688717246055603	0.06207267567515373	0.05966129153966904	0.16847556829452515	-0.19399672746658325	-0.04832323640584946	0.12023966014385223	0.11791598051786423	-0.09887833148241043	0.24597349762916565	-0.3099476993083954
DAN_LABEL_15	-0.276967853307724	-0.013089477084577084	0.46636757254600525	-0.27663499116897583	-0.019406601786613464	-0.24464409053325653	-0.16007471084594727	n/a	-0.14934571087360382	-0.2589724659919739	0.34015700221061707	-0.2596648633480072	0.16484315693378448	-0.07494332641363144	1.0	-0.2504233419895172	-0.4507952034473419	-0.01252018753439188	0.42326804995536804	-0.3502099812030792	0.08719032257795334	-0.05672820657491684	0.5828540325164795	0.46864965558052063	-0.05259271711111069	-0.6515836715698242	0.28746989369392395	0.47025585174560547	-0.11684449017047882	0.409650981426239	-0.27831166982650757	-0.051335591822862625	-0.38246822357177734	-0.3792261481285095	n/a	-0.3640151917934418	-0.050439245998859406	-0.3873191773891449	0.058922797441482544	-0.4613637626171112	0.34760725498199463	-0.42201289534568787	-0.1288038194179535	-0.18793359398841858	-0.2475394755601883	-0.19680483639240265	0.3490188419818878	0.08577992022037506	0.07442624866962433	-0.19194529950618744	0.3733478784561157	-0.5103039145469666	-0.13817696273326874	-0.05316164717078209	-0.1162748858332634	-0.24054627120494843	0.07173587381839752	0.09707756340503693	0.04587608948349953	-0.0104493647813797	-0.16847702860832214	-0.0565485954284668	-0.2634824216365814	0.3092302978038788	-0.22367699444293976	0.35727348923683167	0.2211182415485382	0.36311405897140503	0.37478142976760864	-0.15961585938930511	0.07772285491228104	0.16400758922100067	0.24928471446037292	0.09907735884189606	-0.059800200164318085	-0.08783259242773056	-0.23121121525764465	0.1589667797088623	0.15305255353450775	-0.11068852245807648
DMN_LABEL_16	0.14967694878578186	-0.40507492423057556	0.22795739769935608	0.17780578136444092	0.013019241392612457	0.43930017948150635	0.20609039068222046	n/a	-0.2508721947669983	0.16307702660560608	-0.19916385412216187	0.15950749814510345	0.06041359156370163	0.12152231484651566	-0.2504233419895172	1.0	0.3658047616481781	0.6937640309333801	-0.12580251693725586	-0.11033567041158676	-0.029907310381531715	-0.1358381062746048	0.1617087721824646	-0.369607150554657	-0.14649978280067444	0.5102204084396362	0.08807845413684845	-0.022939469665288925	-0.22831137478351593	-0.08260444551706314	0.15049369633197784	0.08282973617315292	0.6262635588645935	0.25049206614494324	n/a	0.40943750739097595	0.021438155323266983	0.09633186459541321	0.07931922376155853	0.22884389758110046	-0.12492724508047104	0.22277307510375977	0.030542664229869843	0.16758492588996887	0.21667103469371796	-0.2665643095970154	-0.07473808526992798	0.19350029528141022	-0.32681703567504883	0.4726038873195648	-0.14325536787509918	0.3319265842437744	0.2547049820423126	-0.21085715293884277	0.22729037702083588	0.1333204209804535	0.1911197155714035	0.02291606366634369	0.0534844845533371	-0.31923675537109375	-0.03748928755521774	-0.0032860252540558577	0.15886491537094116	-0.1648118942975998	0.1712261140346527	-0.19735857844352722	-0.1457982361316681	-0.49062129855155945	-0.21120581030845642	-0.021425843238830566	-0.10570152848958969	0.08802678436040878	-0.20868386328220367	-0.2268570363521576	-0.11057185381650925	-0.15090782940387726	-0.11842086166143417	-0.1977810561656952	0.08629655838012695	-0.13585306704044342
CO_LABEL_17	0.12195112556219101	-0.20757092535495758	-0.1374962478876114	0.30493688583374023	-0.2404908537864685	0.23511402308940887	0.04456612840294838	n/a	-0.08811499923467636	0.15588901937007904	-0.2775360941886902	0.19512858986854553	-0.10968576371669769	0.1739857792854309	-0.4507952034473419	0.3658047616481781	1.0	0.17815092206001282	-0.30486783385276794	0.20112237334251404	0.4376787841320038	-0.2924962341785431	-0.4205144941806793	-0.5654716491699219	0.09229481965303421	0.5152930617332458	-0.42475444078445435	-0.4570491313934326	-0.08273384720087051	-0.28495946526527405	0.3541635274887085	0.04618064686655998	0.45581042766571045	0.2535710036754608	n/a	0.4410960376262665	0.14567159116268158	0.2726835310459137	-0.0679159015417099	0.5075129866600037	-0.13962827622890472	0.7480218410491943	0.29386740922927856	0.30961334705352783	0.3391971290111542	0.20251472294330597	-0.13836295902729034	0.06537877023220062	-0.25481534004211426	0.390455424785614	-0.3785969614982605	0.6394465565681458	0.3254467248916626	-0.4053753614425659	0.25227034091949463	0.020518165081739426	-0.2905632257461548	-0.14994466304779053	-0.05516088381409645	0.05157686769962311	0.2888447642326355	0.004228412173688412	0.2670503854751587	-0.05223722383379936	0.3929465115070343	-0.2213929444551468	0.004996096715331078	-0.33652371168136597	-0.3120904564857483	0.24984915554523468	-0.1650102287530899	-0.30964893102645874	-0.1100221499800682	0.21864794194698334	-0.26358455419540405	-0.19379082322120667	0.1496260017156601	-0.10401920974254608	-0.2402838170528412	-0.1554867923259735
DMN_LABEL_18	-0.1574970781803131	-0.4061729311943054	0.19589543342590332	0.08641131967306137	0.15249627828598022	0.3184962868690491	0.26470068097114563	n/a	-0.1024969294667244	0.11394453793764114	-0.15045638382434845	0.14802712202072144	0.07158248871564865	0.061121899634599686	-0.01252018753439188	0.6937640309333801	0.17815092206001282	1.0	0.17693522572517395	-0.0645463839173317	-0.0390721932053566	-0.1466488540172577	0.2443324327468872	-0.2708321511745453	-0.23219826817512512	0.2711997926235199	0.061464183032512665	0.1816093474626541	-0.16715383529663086	0.021174056455492973	-0.023549726232886314	0.057379018515348434	0.26424872875213623	0.14062507450580597	n/a	0.2188701629638672	-0.009954597800970078	0.023616069927811623	0.10348247736692429	-0.029326489195227623	-0.15109650790691376	0.03369491174817085	-0.039698414504528046	-0.005870806518942118	0.08287203311920166	-0.26244011521339417	0.03160860389471054	0.014161527156829834	-0.23847834765911102	0.2626160979270935	0.07501208037137985	0.18708913028240204	0.20688876509666443	-0.11189600080251694	0.16776539385318756	0.04231540858745575	0.15084965527057648	0.05428227037191391	0.02469423972070217	-0.23410949110984802	-0.05764288455247879	-0.045793842524290085	0.1646268516778946	-0.11698959767818451	0.032700031995773315	-0.13208937644958496	-0.1560204178094864	-0.3338128924369812	-0.061816148459911346	-0.03518650680780411	-0.06299003213644028	0.2246490716934204	-0.043430738151073456	-0.11783692240715027	0.00874133501201868	-0.07023031264543533	-0.19063185155391693	-0.35863301157951355	-0.015607891604304314	-0.1583905965089798
VAN_LABEL_19	-0.4124671518802643	-0.22353495657444	-0.04134465381503105	0.2620466649532318	0.16498108208179474	-0.22546960413455963	0.18315018713474274	n/a	0.17527684569358826	0.06995467841625214	0.39093855023384094	0.07483400404453278	0.4006669819355011	0.3566087782382965	0.42326804995536804	-0.12580251693725586	-0.30486783385276794	0.17693522572517395	1.0	0.033989302814006805	0.17961494624614716	-0.08755883574485779	0.1270267814397812	0.3204563856124878	0.35954195261001587	-0.3545564115047455	0.30246320366859436	0.3311517834663391	-0.23606646060943604	-0.2348155677318573	-0.20105819404125214	0.11595449596643448	-0.25339382886886597	-0.13007260859012604	n/a	-0.07347717136144638	-0.1729402095079422	0.007709420286118984	0.35738933086395264	-0.03161388635635376	-0.09426519274711609	-0.4372163712978363	-0.17594851553440094	-0.25570330023765564	-0.02619967982172966	-0.0611322782933712	0.1115875095129013	-0.32763752341270447	0.32512569427490234	-0.4188835322856903	-0.13048800826072693	-0.41590461134910583	-0.3875519633293152	0.302682489156723	-0.4546626806259155	0.05566104128956795	0.28290319442749023	0.14007818698883057	-0.01725008152425289	-0.18503491580486298	0.03411034122109413	-0.4976348578929901	-0.24944235384464264	-0.14429160952568054	-0.655597984790802	0.23969504237174988	-0.027856051921844482	0.41060346364974976	0.26764804124832153	-0.12231403589248657	0.06176270544528961	0.31457018852233887	0.29513922333717346	-0.0812889114022255	0.23043988645076752	0.37538379430770874	0.0017364004161208868	-0.21190688014030457	0.22883115708827972	-0.18931058049201965
CO_LABEL_20	0.040187060832977295	-0.039391372352838516	-0.3135553300380707	0.4710184335708618	0.15653158724308014	-0.06514991074800491	0.4056713581085205	n/a	0.5779955387115479	0.1880996972322464	0.239783376455307	0.18760865926742554	-0.020782826468348503	0.0007758388528600335	-0.3502099812030792	-0.11033567041158676	0.20112237334251404	-0.0645463839173317	0.033989302814006805	1.0	0.21714654564857483	0.0409470871090889	-0.2473600208759308	0.09596148133277893	0.38469892740249634	0.1903587430715561	0.06509251892566681	-0.29350727796554565	0.03432462364435196	-0.465802937746048	0.42708098888397217	0.26912572979927063	-0.03302349895238876	0.2387407273054123	n/a	0.11638900637626648	0.11282699555158615	0.37279874086380005	0.3019335865974426	0.3325250744819641	-0.3783895969390869	0.0014935542130842805	-0.005787007976323366	0.21562084555625916	0.28464531898498535	0.26162996888160706	0.0022961741778999567	-0.33018311858177185	0.36737555265426636	-0.3837221562862396	-0.5049081444740295	0.014932024292647839	-0.30999624729156494	0.36160868406295776	-0.2215607464313507	0.1958988606929779	0.19871054589748383	-0.059642527252435684	-0.2588144838809967	-0.1845799684524536	0.15716832876205444	-0.385267972946167	0.08904395252466202	-0.3733815848827362	-0.29370319843292236	-0.04635249450802803	-0.19301286339759827	0.13390329480171204	0.026963336393237114	0.3548257350921631	-0.003399851731956005	0.10610926151275635	0.19806571304798126	0.10666225105524063	0.10735202580690384	0.4761635363101959	0.12434489279985428	-0.09625505656003952	0.1145879402756691	0.1398976594209671
CO_LABEL_21	-0.25449517369270325	-0.0803375095129013	-0.18497508764266968	0.21920552849769592	0.1399613469839096	0.1067601814866066	-0.21529461443424225	n/a	0.0023418578784912825	0.17911502718925476	0.4088316261768341	0.16537854075431824	0.15466976165771484	0.340446799993515	0.08719032257795334	-0.029907310381531715	0.4376787841320038	-0.0390721932053566	0.17961494624614716	0.21714654564857483	1.0	-0.05739949643611908	-0.10099902749061584	0.06362747400999069	0.14679943025112152	0.018302977085113525	0.06407751142978668	-0.05705789104104042	0.011524355039000511	-0.3335523307323456	-0.049358151853084564	0.17220214009284973	0.06651946157217026	-0.20304420590400696	n/a	0.22014322876930237	-0.008895737119019032	0.035537831485271454	-0.026849817484617233	0.2109069526195526	-0.18416740000247955	-0.00391601026058197	0.010108373127877712	0.0029173572547733784	0.4290049970149994	0.32829439640045166	-0.1331098973751068	-0.23820760846138	-0.047602105885744095	-0.2437068670988083	-0.26277270913124084	-0.13938499987125397	-0.3721410930156708	-0.13715019822120667	-0.3815315067768097	0.13210882246494293	-0.2813972234725952	0.18020322918891907	0.0896814689040184	0.05913400277495384	0.21491368114948273	-0.2681331932544708	0.1205134391784668	0.015766091644763947	-0.21526147425174713	0.29015934467315674	0.26921606063842773	0.301129013299942	0.2202613204717636	0.16573508083820343	0.0635906457901001	0.09787517040967941	0.2526092827320099	0.17209315299987793	-0.0998876541852951	0.03593400865793228	0.32757487893104553	0.14770235121250153	0.03284456580877304	-0.18353930115699768
Sal_LABEL_22	0.008460399694740772	0.1634931117296219	-0.15578417479991913	-0.06488992273807526	0.25352317094802856	0.0040069748647511005	-0.31944796442985535	n/a	-0.2149679809808731	0.06693564355373383	0.2418636977672577	0.04096587747335434	-0.11794742196798325	-0.04470169171690941	-0.05672820657491684	-0.1358381062746048	-0.2924962341785431	-0.1466488540172577	-0.08755883574485779	0.0409470871090889	-0.05739949643611908	1.0	-0.05371791124343872	0.061895016580820084	-0.19893918931484222	0.0808168277144432	0.15984605252742767	0.15020450949668884	0.18151046335697174	-0.20184926688671112	-0.1176910400390625	0.06488340348005295	-0.1261465698480606	-0.23530706763267517	n/a	-0.12857569754123688	-0.09130217880010605	-0.1645054668188095	-0.16197291016578674	-0.06865384429693222	-0.19180302321910858	-0.3179282248020172	-0.15864764153957367	0.0686131939291954	0.03621108829975128	0.11014160513877869	-0.32643821835517883	-0.1919025480747223	-0.12467339634895325	-0.2120375633239746	-0.12289586663246155	-0.152719184756279	-0.2869255840778351	-0.11492674052715302	-0.3418712317943573	0.03887800872325897	-0.02727709338068962	0.22680886089801788	0.0891934260725975	0.00467990105971694	0.07772280275821686	0.12097203731536865	0.1848786473274231	0.12941303849220276	-0.038161590695381165	0.1101466566324234	-0.012905317358672619	0.09198082983493805	0.06906158477067947	0.06937871128320694	0.4235258400440216	0.1539098024368286	0.0984129086136818	0.14500443637371063	0.06263644993305206	-0.12453683465719223	-0.10385874658823013	0.08915148675441742	0.14360091090202332	-0.14160048961639404
DAN_LABEL_23	0.028419092297554016	-0.031922079622745514	0.5359972715377808	-0.22826027870178223	0.026796646416187286	-0.03761091083288193	0.06997858732938766	n/a	-0.07326721400022507	-0.27763113379478455	0.14830513298511505	-0.27028754353523254	-0.14455538988113403	-0.40060147643089294	0.5828540325164795	0.1617087721824646	-0.4205144941806793	0.2443324327468872	0.1270267814397812	-0.2473600208759308	-0.10099902749061584	-0.05371791124343872	1.0	0.5675148367881775	-0.1932227462530136	-0.5039029121398926	0.33794546127319336	0.5997301340103149	0.022309986874461174	0.5931700468063354	-0.26269784569740295	-0.10939184576272964	-0.1356564611196518	-0.041611891239881516	n/a	-0.35618090629577637	0.022540409117937088	-0.4050370156764984	-0.05029452592134476	-0.6037459373474121	0.4085536301136017	-0.40157556533813477	-0.3179892599582672	-0.005643126554787159	-0.23400452733039856	-0.17512188851833344	0.4589911103248596	0.42396995425224304	0.021686524152755737	-0.01878000609576702	0.502299427986145	-0.4322025775909424	-0.10397845506668091	0.09965119510889053	-0.0842704176902771	-0.15064774453639984	0.029929539188742638	0.26657789945602417	0.10524425655603409	-0.07538774609565735	-0.1506914496421814	0.18192197382450104	-0.25197699666023254	0.2807353734970093	-0.08660866320133209	0.15728972852230072	0.16463544964790344	0.07747018337249756	0.2295634150505066	-0.15137866139411926	-0.10823633521795273	0.1071065291762352	-0.024318693205714226	-0.015103626996278763	-0.003654098603874445	-5.141601650393568e-05	-0.29384198784828186	0.057292528450489044	0.04870842769742012	0.14249834418296814
PMN_LABEL_24	0.08283799886703491	0.30064642429351807	0.17937365174293518	-0.13915129005908966	0.17798197269439697	-0.16979435086250305	0.08032010495662689	n/a	0.19827182590961456	-0.04281176999211311	0.46214354038238525	-0.10960347950458527	0.05940963700413704	-0.26163914799690247	0.46864965558052063	-0.369607150554657	-0.5654716491699219	-0.2708321511745453	0.3204563856124878	0.09596148133277893	0.06362747400999069	0.061895016580820084	0.5675148367881775	1.0	0.23979058861732483	-0.5973971486091614	0.37003204226493835	0.3423527479171753	0.17568260431289673	0.23014496266841888	-0.2463439553976059	0.024874096736311913	-0.32932785153388977	-0.015832653269171715	n/a	-0.21400155127048492	0.00952952727675438	-0.1638672649860382	0.09822462499141693	-0.5165365934371948	0.1654871255159378	-0.5702083706855774	-0.4040891230106354	-0.048017919063568115	-0.0899365097284317	0.07961811870336533	0.3640305697917938	0.06105528399348259	0.46485891938209534	-0.535400927066803	0.19041761755943298	-0.6573883891105652	-0.5416466593742371	0.4277840852737427	-0.48709961771965027	0.0036158787552267313	0.19911320507526398	0.24225027859210968	0.018126273527741432	-0.1731986403465271	-0.023595251142978668	-0.19956645369529724	-0.39346691966056824	-0.05458823963999748	-0.5125547051429749	0.24804040789604187	0.15239906311035156	0.3737097978591919	0.2232079803943634	-0.19157037138938904	-0.2070460319519043	0.18107889592647552	0.20386894047260284	-0.06260273605585098	0.058984532952308655	0.34461089968681335	-0.0212944895029068	0.2337232232093811	0.20487339794635773	0.2248990833759308
DAN_LABEL_25	0.06966116279363632	-0.06877334415912628	-0.34899723529815674	0.5764192938804626	-0.11312346160411835	-0.1641981452703476	0.4889679551124573	n/a	0.2721715569496155	0.1552363485097885	0.06314600259065628	0.13868264853954315	0.22661520540714264	0.31224721670150757	-0.05259271711111069	-0.14649978280067444	0.09229481965303421	-0.23219826817512512	0.35954195261001587	0.38469892740249634	0.14679943025112152	-0.19893918931484222	-0.1932227462530136	0.23979058861732483	1.0	0.0849662721157074	-0.03788900747895241	-0.3478665351867676	-0.3359702229499817	-0.318846732378006	0.35322535037994385	0.1270221620798111	0.0937785729765892	0.31153422594070435	n/a	0.15693850815296173	-0.21162115037441254	0.25949692726135254	0.37454602122306824	0.2850986421108246	-0.14691869914531708	-0.02828345261514187	0.16646473109722137	0.10143532603979111	0.12814836204051971	0.2269810289144516	0.44449377059936523	-0.043605927377939224	0.7788917422294617	-0.10499400645494461	-0.5493167638778687	0.06661681830883026	-0.24703964591026306	0.26009586453437805	-0.2848432660102844	0.00902649573981762	0.11363833397626877	-0.2400972843170166	-0.42886972427368164	-0.2977670133113861	0.07507532835006714	-0.39861947298049927	-0.4370375871658325	-0.3082287609577179	-0.4261704385280609	0.05592760071158409	-0.09427125751972198	0.23498749732971191	-0.014712858945131302	0.038122572004795074	-0.19285792112350464	-0.18461622297763824	0.009615958668291569	-0.11984994262456894	0.00037651436286978424	0.37885531783103943	0.15067613124847412	0.07117360085248947	-0.0051642851904034615	-0.014936620369553566
