Node	HIP-head-m-rh	HIP-head-l-rh	HIP-body-rh	HIP-tail-rh	THA-VPm-rh	THA-VPl-rh	THA-VAi-rh	THA-VAs-rh	THA-DAm-rh	THA-DAl-rh	PUT-VA-rh	PUT-DA-rh	PUT-VP-rh	PUT-DP-rh	CAU-VA-rh	CAU-DA-rh	CAU-body-rh	CAU-tail-rh	lAMY-rh	mAMY-rh	THA-DP-rh	NAc-shell-rh	NAc-core-rh	pGP-rh	aGP-rh	HIP-head-m-lh	HIP-head-l-l	HIP-body-l	HIP-tail-lh	THA-VPm-lh	THA-VPl-lh	THA-VAi-lh	THA-VAs-lh	THA-DAm-lh	THA-DAl-lh	PUT-VA-lh	PUT-DA-l	PUT-VP-lh	PUT-DP-lh	CAU-VA-lh	CAU-DA-lh	CAU-body-lh	CAU-tail-lh	lAMY-lh	mAMY-lh	THA-DP-lh	NAc-shell-lh	NAc-core-lh	pGP-lh	aGP-lh
HIP-head-m-rh	1.0	0.3859822154045105	0.10757914185523987	0.33847925066947937	0.18468448519706726	-0.03402973338961601	-0.22934718430042267	-0.005621397867798805	-0.14202819764614105	-0.1394897997379303	-0.1362665593624115	-0.035371068865060806	-0.179929718375206	-0.22200733423233032	-0.2224688082933426	-0.09815007448196411	-0.29470688104629517	-0.12485582381486893	0.19111847877502441	0.2035454660654068	0.26077014207839966	0.02157217636704445	0.033344198018312454	0.028618253767490387	-0.0994502380490303	0.409239798784256	0.1154124066233635	0.18330223858356476	0.4287067651748657	0.26982226967811584	0.07357202470302582	-0.1527089923620224	-0.061475783586502075	-0.08991851657629013	-0.28458595275878906	-0.19364464282989502	-0.19866511225700378	-0.12390577048063278	-0.12391280382871628	-0.17120997607707977	0.07162752747535706	-0.06574564427137375	0.007185458671301603	0.13850310444831848	0.0761365070939064	-0.19462861120700836	0.22797901928424835	-0.04014570638537407	-0.11410291492938995	-0.18398337066173553
HIP-head-l-rh	0.3859822154045105	1.0	0.5335310101509094	0.2272527813911438	0.04807101562619209	-0.08956005424261093	0.015216399915516376	0.3161851763725281	0.3157024681568146	0.14303433895111084	0.1957375705242157	0.37905818223953247	0.345427006483078	0.2768279016017914	-0.020760955289006233	0.05419718101620674	0.015877626836299896	-0.21086381375789642	-0.1335727721452713	0.5164904594421387	0.0344361737370491	-0.05405542626976967	0.03504382446408272	-0.293699711561203	0.009898915886878967	0.3565981686115265	0.5067831873893738	0.4120774269104004	0.3322364389896393	-0.0052873860113322735	0.2112000733613968	0.45798856019973755	0.13572315871715546	0.4870259165763855	0.30937960743904114	-0.16497667133808136	0.017044566571712494	0.4164086878299713	0.07459485530853271	0.13261161744594574	0.21690629422664642	-0.049842383712530136	0.2268928438425064	0.22668036818504333	0.06261786818504333	0.03944513574242592	0.003873479552567005	0.2537562847137451	-0.04057827219367027	-0.16818204522132874
HIP-body-rh	0.10757914185523987	0.5335310101509094	1.0	0.2728739082813263	0.2566355764865875	0.1217854768037796	-0.006716927047818899	0.1451108753681183	0.06520749628543854	-0.04597577080130577	-0.14470814168453217	0.051274243742227554	0.40504300594329834	0.12683504819869995	-0.060104850679636	-0.2814502716064453	-0.02536954917013645	-0.19908499717712402	0.1569407731294632	0.07708247750997543	3.378059045644477e-05	-0.042688120156526566	-0.3036365509033203	-0.049183718860149384	-0.06331619620323181	0.03977815434336662	0.39968785643577576	0.4318089485168457	0.2654806673526764	0.11493833363056183	0.0980173870921135	0.10318442434072495	-0.04010897874832153	0.19667038321495056	0.32479095458984375	-0.45521655678749084	-0.18267174065113068	0.18428778648376465	-0.01544701587408781	0.08816764503717422	0.09303054958581924	-0.08883979171514511	0.04008995741605759	0.016786884516477585	0.06286466866731644	0.10762995481491089	-0.2537998557090759	-0.025594506412744522	0.12517254054546356	-0.3157671391963959
HIP-tail-rh	0.33847925066947937	0.2272527813911438	0.2728739082813263	1.0	0.36797964572906494	0.47884657979011536	-0.055982451885938644	0.11972158402204514	-0.10727815330028534	0.05270107463002205	0.12939070165157318	0.06133652850985527	0.06750819087028503	0.053405340760946274	-0.2852168083190918	0.07564564794301987	0.04409828409552574	0.012619422748684883	0.26904264092445374	-0.06519189476966858	0.2902463674545288	0.20437243580818176	0.20127132534980774	0.24673591554164886	0.2964405119419098	-0.021552519872784615	0.0658886581659317	0.34614649415016174	0.48452797532081604	0.2461526244878769	0.05566518008708954	-0.023469706997275352	0.0360531248152256	0.013247647322714329	-0.05643191933631897	0.06296002119779587	-0.06606519222259521	-0.009618899784982204	0.1591912806034088	-0.12909388542175293	0.09870321303606033	0.22661057114601135	0.06250869482755661	-0.09871642291545868	0.21922899782657623	-0.012758707627654076	0.2932882010936737	0.01257253997027874	-0.01970786601305008	-0.031180737540125847
THA-VPm-rh	0.18468448519706726	0.04807101562619209	0.2566355764865875	0.36797964572906494	1.0	0.6930596828460693	0.3006618022918701	0.17974407970905304	0.0624941810965538	0.3294477164745331	-0.2503418028354645	-0.23705586791038513	0.041638605296611786	-0.023772649466991425	-0.3130851686000824	-0.12423638254404068	-0.14217063784599304	-0.06321936100721359	0.16970418393611908	-0.3502047061920166	0.30245348811149597	-0.2417774498462677	-0.15026924014091492	0.5252597332000732	0.27409395575523376	-0.337419718503952	-0.06146794185042381	0.2772997319698334	0.2663852870464325	0.6575033664703369	0.14347438514232635	-0.08191656321287155	-0.1867547631263733	0.14369870722293854	0.07581062614917755	-0.28733885288238525	-0.37925758957862854	0.0014871677849441767	0.260159432888031	-0.11228024214506149	0.026253387331962585	-0.010637436993420124	-0.05931389704346657	-0.4388677179813385	0.5243222713470459	0.27300915122032166	-0.08063461631536484	-0.3667773902416229	0.07985436171293259	-0.2215893268585205
THA-VPl-rh	-0.03402973338961601	-0.08956005424261093	0.1217854768037796	0.47884657979011536	0.6930596828460693	1.0	0.33969995379447937	0.2797766327857971	0.007772947661578655	0.3252708613872528	-0.11442656815052032	-0.17974741756916046	-0.17258219420909882	0.13706666231155396	-0.46927306056022644	-0.04593740031123161	-0.00835779495537281	-0.0414816252887249	0.015382308512926102	-0.4170350134372711	0.25885361433029175	-0.198081374168396	-0.0736745223402977	0.5538878440856934	0.40292197465896606	-0.46751487255096436	-0.11258389055728912	0.280147522687912	0.17205041646957397	0.5273724794387817	0.11036349833011627	-0.0963040217757225	-0.1241924837231636	0.20952926576137543	0.19137854874134064	-0.25392866134643555	-0.37010708451271057	0.0048114703968167305	0.36083096265792847	-0.22308282554149628	0.14240163564682007	0.1845065802335739	0.04277215152978897	-0.6546021699905396	0.652289867401123	0.3881685435771942	0.08137568831443787	-0.4104805290699005	0.203352689743042	-0.13175523281097412
THA-VAi-rh	-0.22934718430042267	0.015216399915516376	-0.006716927047818899	-0.055982451885938644	0.3006618022918701	0.33969995379447937	1.0	0.5585420727729797	0.614152729511261	0.3611147999763489	0.2593286335468292	0.16837063431739807	0.2395871877670288	0.13545867800712585	0.10715511441230774	0.25034716725349426	0.3002447485923767	-0.029969608411192894	-0.14038638770580292	0.035978056490421295	0.32871297001838684	0.18804463744163513	0.2618500888347626	0.18671759963035583	0.5643265247344971	-0.37794288992881775	0.35043275356292725	0.05317928269505501	0.05066372826695442	0.280558317899704	0.3289395868778229	0.5382384061813354	0.3335075378417969	0.5399298071861267	0.5555788278579712	0.09638334810733795	-0.05112314969301224	0.26721474528312683	-0.09347143024206161	-0.21941599249839783	0.16529422998428345	0.16280421614646912	0.14803068339824677	-0.042232826352119446	0.22472088038921356	0.5437803864479065	0.1466560810804367	0.07362700253725052	0.25222429633140564	0.3016969561576843
THA-VAs-rh	-0.005621397867798805	0.3161851763725281	0.1451108753681183	0.11972158402204514	0.17974407970905304	0.2797766327857971	0.5585420727729797	1.0	0.6524027585983276	0.5858291983604431	0.3367781937122345	0.3728145956993103	0.1959933340549469	0.417011559009552	0.1544928103685379	0.42016902565956116	0.4536219835281372	-0.11237175762653351	-0.40398791432380676	0.09528407454490662	0.1504259556531906	0.1859138011932373	0.2658260464668274	-0.116390660405159	0.515124499797821	-0.2621956169605255	0.5869438648223877	0.44868361949920654	0.1263660043478012	0.2438286989927292	0.341820627450943	0.5677662491798401	0.5355333685874939	0.7386065125465393	0.6722384691238403	0.07406460493803024	0.004431354813277721	0.4721567928791046	0.15262803435325623	0.11271452903747559	0.5568578839302063	0.26997917890548706	0.45339691638946533	-0.10790443420410156	0.36129242181777954	0.4897908568382263	0.1633521169424057	0.14543476700782776	0.21981628239154816	0.24783790111541748
THA-DAm-rh	-0.14202819764614105	0.3157024681568146	0.06520749628543854	-0.10727815330028534	0.0624941810965538	0.007772947661578655	0.614152729511261	0.6524027585983276	1.0	0.5582432746887207	0.4686729609966278	0.442371129989624	0.4249369204044342	0.2023618519306183	0.38232266902923584	0.4260954260826111	0.4272547960281372	-0.27363020181655884	-0.4341910779476166	0.15538617968559265	0.2733982801437378	0.3273333013057709	0.2792995274066925	-0.11418268084526062	0.41899287700653076	0.009190667420625687	0.4382447898387909	0.21572630107402802	0.06811472773551941	0.057236477732658386	0.26425254344940186	0.6183927655220032	0.566098690032959	0.7459652423858643	0.6343882083892822	0.3386697471141815	0.2607296109199524	0.4075201153755188	-0.014422908425331116	0.15733149647712708	0.30105826258659363	0.03198493644595146	0.14084729552268982	0.24601425230503082	-0.06591937690973282	0.5064667463302612	0.1468709260225296	0.4320068657398224	0.09042681008577347	0.2457118183374405
THA-DAl-rh	-0.1394897997379303	0.14303433895111084	-0.04597577080130577	0.05270107463002205	0.3294477164745331	0.3252708613872528	0.3611147999763489	0.5858291983604431	0.5582432746887207	1.0	0.2574703097343445	0.41729167103767395	0.27730855345726013	0.4814469516277313	-0.009140202775597572	0.2741958498954773	0.2614066004753113	-0.2567008137702942	-0.4354066848754883	-0.09884461760520935	0.14894691109657288	-0.0263211689889431	0.11894498765468597	-0.002300117164850235	0.42870429158210754	-0.2932165265083313	0.23811177909374237	0.30842673778533936	-0.04926442727446556	0.318782240152359	0.153201162815094	0.3783530592918396	0.3485991060733795	0.5163058638572693	0.5084227323532104	0.26862233877182007	0.1460980474948883	0.4482032060623169	0.4678915739059448	0.13183560967445374	0.43198174238204956	-0.006165070924907923	0.20552334189414978	-0.24968597292900085	0.23536142706871033	0.3705337643623352	0.04017528519034386	0.13388559222221375	0.10876494646072388	0.07788638770580292
PUT-VA-rh	-0.1362665593624115	0.1957375705242157	-0.14470814168453217	0.12939070165157318	-0.2503418028354645	-0.11442656815052032	0.2593286335468292	0.3367781937122345	0.4686729609966278	0.2574703097343445	1.0	0.6891712546348572	0.3686569333076477	0.31727609038352966	0.21226631104946136	0.39167332649230957	0.4571530520915985	-0.015963653102517128	-0.41926631331443787	0.2835039794445038	0.20070108771324158	0.3802597224712372	0.69316166639328	-0.17856697738170624	0.32640647888183594	-0.12222301959991455	0.23817862570285797	0.11592801660299301	0.021954355761408806	-0.11647414416074753	-0.010071724653244019	0.5674741268157959	0.5739478468894958	0.41524025797843933	0.3625118136405945	0.7012128829956055	0.5252833366394043	0.21800635755062103	0.02315613441169262	0.07720368355512619	0.37027817964553833	0.193057119846344	0.06954636424779892	0.3217075765132904	-0.1728854924440384	0.1988222748041153	0.26721832156181335	0.7092549204826355	-0.007276935037225485	0.28400373458862305
PUT-DA-rh	-0.035371068865060806	0.37905818223953247	0.051274243742227554	0.06133652850985527	-0.23705586791038513	-0.17974741756916046	0.16837063431739807	0.3728145956993103	0.442371129989624	0.41729167103767395	0.6891712546348572	1.0	0.5668745636940002	0.6040830612182617	0.08147245645523071	0.2679324448108673	0.3384086489677429	-0.20280537009239197	-0.24906137585639954	0.40761280059814453	0.1440112292766571	0.18982799351215363	0.31815105676651	-0.2729422450065613	0.15465667843818665	0.04690605401992798	0.35372135043144226	0.17533916234970093	0.027040431275963783	-0.18290510773658752	0.0413396991789341	0.4827210307121277	0.3921739161014557	0.30354517698287964	0.33612537384033203	0.5104064345359802	0.6375793814659119	0.46473103761672974	0.3183383047580719	0.08407937735319138	0.3628244698047638	-0.055994912981987	0.007266676053404808	0.2564953565597534	-0.17524251341819763	0.04150158911943436	0.12744911015033722	0.5698093771934509	0.05955343693494797	0.07090811431407928
PUT-VP-rh	-0.179929718375206	0.345427006483078	0.40504300594329834	0.06750819087028503	0.041638605296611786	-0.17258219420909882	0.2395871877670288	0.1959933340549469	0.4249369204044342	0.27730855345726013	0.3686569333076477	0.5668745636940002	1.0	0.40246015787124634	0.21758626401424408	0.05614558234810829	0.30491796135902405	0.0580657534301281	-0.03705162927508354	0.1451798975467682	0.20595663785934448	0.19100499153137207	0.05872176215052605	-0.02821468375623226	0.020366061478853226	-0.007061390671879053	0.35669827461242676	0.12257274985313416	-0.09243261069059372	-0.11436257511377335	0.10949371755123138	0.477262943983078	0.21450698375701904	0.3018381893634796	0.39635729789733887	0.268588662147522	0.34766313433647156	0.3971957862377167	0.1685434728860855	0.2924931049346924	0.1311127245426178	0.01423056609928608	-0.02388162352144718	0.3619120717048645	-0.2219271957874298	0.09683475643396378	-0.1964835524559021	0.4339626431465149	-0.003189484588801861	0.05925251916050911
PUT-DP-rh	-0.22200733423233032	0.2768279016017914	0.12683504819869995	0.053405340760946274	-0.023772649466991425	0.13706666231155396	0.13545867800712585	0.417011559009552	0.2023618519306183	0.4814469516277313	0.31727609038352966	0.6040830612182617	0.40246015787124634	1.0	-0.1759783923625946	0.09866494685411453	0.2541728615760803	0.0592627190053463	-0.19523243606090546	0.24199043214321136	-0.13513317704200745	-0.15235301852226257	-0.021528491750359535	-0.11626438796520233	0.2557903230190277	-0.16710545122623444	0.28837117552757263	0.3344900608062744	-0.17933548986911774	0.08136136829853058	-0.02078871615231037	0.3843618929386139	0.15991783142089844	0.36512869596481323	0.35463953018188477	0.12699146568775177	0.19319406151771545	0.5735727548599243	0.5991864204406738	0.21151570975780487	0.36753466725349426	0.10826531052589417	0.24388380348682404	-0.26057013869285583	0.32864564657211304	0.15726488828659058	-0.05012516677379608	0.015573624521493912	0.21589484810829163	0.1406882405281067
CAU-VA-rh	-0.2224688082933426	-0.020760955289006233	-0.060104850679636	-0.2852168083190918	-0.3130851686000824	-0.46927306056022644	0.10715511441230774	0.1544928103685379	0.38232266902923584	-0.009140202775597572	0.21226631104946136	0.08147245645523071	0.21758626401424408	-0.1759783923625946	1.0	0.6066055297851562	0.608058750629425	0.09805316478013992	-0.1921829879283905	0.04631984978914261	-0.01822296716272831	0.41615328192710876	0.3591240644454956	-0.08988029509782791	0.1301237791776657	0.15969227254390717	0.19252926111221313	-0.2904917597770691	-0.09293476492166519	-0.2857266664505005	0.010063905268907547	0.19680294394493103	0.3987439274787903	0.1283808946609497	0.3234095275402069	0.314325213432312	0.3330707848072052	-0.06901513785123825	-0.37640437483787537	0.5322471857070923	0.1402556449174881	0.3879200518131256	0.23328058421611786	0.47481775283813477	-0.5303645730018616	0.06157375127077103	0.08073445409536362	0.46091070771217346	-0.04229161888360977	0.26015499234199524
CAU-DA-rh	-0.09815007448196411	0.05419718101620674	-0.2814502716064453	0.07564564794301987	-0.12423638254404068	-0.04593740031123161	0.25034716725349426	0.42016902565956116	0.4260954260826111	0.2741958498954773	0.39167332649230957	0.2679324448108673	0.05614558234810829	0.09866494685411453	0.6066055297851562	1.0	0.655113160610199	0.1668941229581833	-0.24633294343948364	0.044196952134370804	0.14097538590431213	0.4522330164909363	0.4614773392677307	0.05374174937605858	0.4221554696559906	0.03412722423672676	0.29674994945526123	-0.029475094750523567	0.04266408085823059	-0.008324344642460346	0.3150940239429474	0.35523340106010437	0.4267600178718567	0.36306896805763245	0.4353744089603424	0.44284459948539734	0.3317890167236328	0.27859556674957275	0.1058523952960968	0.24113574624061584	0.4545176923274994	0.5203571915626526	0.38543620705604553	0.16741904616355896	-0.10736768692731857	0.062257733196020126	0.4434936046600342	0.3370942175388336	-0.008518128655850887	0.3436208665370941
CAU-body-rh	-0.29470688104629517	0.015877626836299896	-0.02536954917013645	0.04409828409552574	-0.14217063784599304	-0.00835779495537281	0.3002447485923767	0.4536219835281372	0.4272547960281372	0.2614066004753113	0.4571530520915985	0.3384086489677429	0.30491796135902405	0.2541728615760803	0.608058750629425	0.655113160610199	1.0	0.3910246193408966	-0.270226389169693	-0.10394379496574402	0.14682160317897797	0.4600992500782013	0.42144152522087097	0.020527126267552376	0.5056307911872864	-0.23630811274051666	0.34026509523391724	-0.06539028137922287	0.012820118106901646	-0.2029089629650116	-0.0028874282725155354	0.400452584028244	0.5294272899627686	0.4012918472290039	0.5698006749153137	0.31740453839302063	0.22502988576889038	0.07553164660930634	-0.013481225818395615	0.39449337124824524	0.43918830156326294	0.5354523658752441	0.33874958753585815	0.053810738027095795	-0.12175008654594421	0.19644582271575928	0.015800394117832184	0.3276257812976837	0.23586894571781158	0.24018412828445435
CAU-tail-rh	-0.12485582381486893	-0.21086381375789642	-0.19908499717712402	0.012619422748684883	-0.06321936100721359	-0.0414816252887249	-0.029969608411192894	-0.11237175762653351	-0.27363020181655884	-0.2567008137702942	-0.015963653102517128	-0.20280537009239197	0.0580657534301281	0.0592627190053463	0.09805316478013992	0.1668941229581833	0.3910246193408966	1.0	0.17555594444274902	-0.2129199057817459	-0.0674174427986145	0.06739246845245361	-0.013349710032343864	0.2726692855358124	0.07845085114240646	-0.17892751097679138	-0.11944202333688736	-0.31949782371520996	-0.21468551456928253	-0.133652463555336	-0.10103321820497513	0.013430333696305752	-0.17000553011894226	-0.0800611823797226	-0.06962911039590836	-0.020413901656866074	-0.1856698989868164	-0.10356006771326065	0.008880720473825932	0.19709058105945587	-0.05806778743863106	0.4781323969364166	0.32363349199295044	-0.15118476748466492	0.12043493241071701	-0.30190885066986084	-0.18044351041316986	-0.21500727534294128	0.14422403275966644	0.21792283654212952
lAMY-rh	0.19111847877502441	-0.1335727721452713	0.1569407731294632	0.26904264092445374	0.16970418393611908	0.015382308512926102	-0.14038638770580292	-0.40398791432380676	-0.4341910779476166	-0.4354066848754883	-0.41926631331443787	-0.24906137585639954	-0.03705162927508354	-0.19523243606090546	-0.1921829879283905	-0.24633294343948364	-0.270226389169693	0.17555594444274902	1.0	0.05848619341850281	-0.03559241071343422	-0.08218484371900558	-0.21777617931365967	0.23273861408233643	-0.083855040371418	0.21189475059509277	-0.3441508412361145	-0.10508227348327637	0.23833070695400238	0.07228115946054459	-0.013942839577794075	-0.3027802109718323	-0.2904367446899414	-0.3604363799095154	-0.28358736634254456	-0.2400231808423996	-0.17975807189941406	-0.2018391191959381	-0.026589836925268173	-0.16276195645332336	-0.36759859323501587	0.03966967388987541	-0.00701380567625165	-0.09816787391901016	0.025719495490193367	-0.1684040129184723	-0.12139968574047089	-0.3043053448200226	0.11152881383895874	-0.05994310975074768
mAMY-rh	0.2035454660654068	0.5164904594421387	0.07708247750997543	-0.06519189476966858	-0.3502047061920166	-0.4170350134372711	0.035978056490421295	0.09528407454490662	0.15538617968559265	-0.09884461760520935	0.2835039794445038	0.40761280059814453	0.1451798975467682	0.24199043214321136	0.04631984978914261	0.044196952134370804	-0.10394379496574402	-0.2129199057817459	0.05848619341850281	1.0	-0.30221766233444214	0.03817404434084892	0.1797344833612442	-0.40647366642951965	0.06415824592113495	0.40563052892684937	0.36984512209892273	0.2662932872772217	0.27193906903266907	-0.18380258977413177	0.09116522967815399	0.3842040002346039	0.28135043382644653	0.265201598405838	0.05812960863113403	0.0744747444987297	0.2629399597644806	0.42156922817230225	-0.0031833199318498373	-0.02163458615541458	0.08733512461185455	-0.06717271357774734	0.10023324191570282	0.34397003054618835	-0.07740026712417603	-0.03467950597405434	0.12961620092391968	0.3547545373439789	0.12574078142642975	0.043803583830595016
THA-DP-rh	0.26077014207839966	0.0344361737370491	3.378059045644477e-05	0.2902463674545288	0.30245348811149597	0.25885361433029175	0.32871297001838684	0.1504259556531906	0.2733982801437378	0.14894691109657288	0.20070108771324158	0.1440112292766571	0.20595663785934448	-0.13513317704200745	-0.01822296716272831	0.14097538590431213	0.14682160317897797	-0.0674174427986145	-0.03559241071343422	-0.30221766233444214	1.0	0.24778802692890167	0.1743588000535965	0.27110618352890015	0.21606087684631348	-0.08749862760305405	0.1194542869925499	0.09142821282148361	0.3062015771865845	0.36315879225730896	0.1661507934331894	0.10680104047060013	0.14726519584655762	0.03882816433906555	0.12313488870859146	0.17455948889255524	0.007131737656891346	-0.15072958171367645	-0.14330627024173737	-0.16758176684379578	0.103059321641922	0.03900124132633209	-0.20925115048885345	0.20120295882225037	-0.06448113918304443	0.19574172794818878	0.10152053833007812	0.10255676507949829	-0.1791132092475891	0.04080021753907204
NAc-shell-rh	0.02157217636704445	-0.05405542626976967	-0.042688120156526566	0.20437243580818176	-0.2417774498462677	-0.198081374168396	0.18804463744163513	0.1859138011932373	0.3273333013057709	-0.0263211689889431	0.3802597224712372	0.18982799351215363	0.19100499153137207	-0.15235301852226257	0.41615328192710876	0.4522330164909363	0.4600992500782013	0.06739246845245361	-0.08218484371900558	0.03817404434084892	0.24778802692890167	1.0	0.5185706615447998	-0.10112062841653824	0.2014283835887909	0.11020287126302719	0.32023611664772034	-0.04934850335121155	0.13634981215000153	-0.03885037079453468	0.14040789008140564	0.15383297204971313	0.4156252145767212	0.09871559590101242	0.21234562993049622	0.420162171125412	0.34792906045913696	0.013923456892371178	-0.2459488958120346	0.007863319478929043	0.2061178833246231	0.1405121088027954	0.028105922043323517	0.3432653546333313	-0.3386269509792328	0.11319658905267715	0.4194796085357666	0.5274752974510193	0.015782365575432777	0.2114526927471161
NAc-core-rh	0.033344198018312454	0.03504382446408272	-0.3036365509033203	0.20127132534980774	-0.15026924014091492	-0.0736745223402977	0.2618500888347626	0.2658260464668274	0.2792995274066925	0.11894498765468597	0.69316166639328	0.31815105676651	0.05872176215052605	-0.021528491750359535	0.3591240644454956	0.4614773392677307	0.42144152522087097	-0.013349710032343864	-0.21777617931365967	0.1797344833612442	0.1743588000535965	0.5185706615447998	1.0	0.02068016119301319	0.3882589638233185	-0.12729205191135406	0.11904321610927582	-0.07060834765434265	0.16361147165298462	-0.028074733912944794	-0.04943344369530678	0.3263658583164215	0.5663560628890991	0.20153813064098358	0.1646331399679184	0.6826332211494446	0.38665705919265747	-0.12628550827503204	-0.17205093801021576	0.07809088379144669	0.35825228691101074	0.30856800079345703	0.21201835572719574	0.2410806566476822	-0.12875182926654816	0.20357050001621246	0.4454716145992279	0.6513189077377319	-0.09269315004348755	0.3032679259777069
pGP-rh	0.028618253767490387	-0.293699711561203	-0.049183718860149384	0.24673591554164886	0.5252597332000732	0.5538878440856934	0.18671759963035583	-0.116390660405159	-0.11418268084526062	-0.002300117164850235	-0.17856697738170624	-0.2729422450065613	-0.02821468375623226	-0.11626438796520233	-0.08988029509782791	0.05374174937605858	0.020527126267552376	0.2726692855358124	0.23273861408233643	-0.40647366642951965	0.27110618352890015	-0.10112062841653824	0.02068016119301319	1.0	0.27743667364120483	-0.25512179732322693	-0.3690253496170044	-0.13899902999401093	-0.013599543832242489	0.3417307436466217	-0.08173240721225739	-0.22266092896461487	-0.1810627281665802	-0.12645387649536133	-0.08499830216169357	0.0019231513142585754	-0.23120640218257904	-0.20615890622138977	0.17540600895881653	0.021242307499051094	-0.10811281204223633	0.3225792646408081	0.09047825634479523	-0.35674890875816345	0.28679367899894714	0.011193332262337208	0.12705519795417786	-0.21190005540847778	0.014974771067500114	-0.02600608579814434
aGP-rh	-0.0994502380490303	0.009898915886878967	-0.06331619620323181	0.2964405119419098	0.27409395575523376	0.40292197465896606	0.5643265247344971	0.515124499797821	0.41899287700653076	0.42870429158210754	0.32640647888183594	0.15465667843818665	0.020366061478853226	0.2557903230190277	0.1301237791776657	0.4221554696559906	0.5056307911872864	0.07845085114240646	-0.083855040371418	0.06415824592113495	0.21606087684631348	0.2014283835887909	0.3882589638233185	0.27743667364120483	1.0	-0.4033149778842926	0.21695879101753235	0.31397745013237	0.3891257345676422	0.2896650731563568	0.11230190843343735	0.3758803606033325	0.5776214003562927	0.5066666007041931	0.46939268708229065	0.20700612664222717	-0.035790205001831055	0.19770866632461548	0.1270669549703598	0.05673264339566231	0.31374117732048035	0.3286782503128052	0.2865808606147766	-0.32310807704925537	0.38877955079078674	0.45856350660324097	0.1630135476589203	0.07256507128477097	0.37246569991111755	0.32917144894599915
HIP-head-m-lh	0.409239798784256	0.3565981686115265	0.03977815434336662	-0.021552519872784615	-0.337419718503952	-0.46751487255096436	-0.37794288992881775	-0.2621956169605255	0.009190667420625687	-0.2932165265083313	-0.12222301959991455	0.04690605401992798	-0.007061390671879053	-0.16710545122623444	0.15969227254390717	0.03412722423672676	-0.23630811274051666	-0.17892751097679138	0.21189475059509277	0.40563052892684937	-0.08749862760305405	0.11020287126302719	-0.12729205191135406	-0.25512179732322693	-0.4033149778842926	1.0	0.03214983269572258	-0.06668933480978012	0.10356201976537704	-0.15354950726032257	0.04292336478829384	-0.0655621811747551	-0.14732210338115692	-0.07587680220603943	-0.17458665370941162	-0.09507078677415848	0.11431337147951126	0.006803867407143116	-0.16411250829696655	0.09265818446874619	-0.22126878798007965	-0.022598879411816597	0.0355365090072155	0.4903295338153839	-0.4264754354953766	-0.24062712490558624	0.03937137499451637	0.14704151451587677	-0.11158835887908936	-0.03373120352625847
HIP-head-l-l	0.1154124066233635	0.5067831873893738	0.39968785643577576	0.0658886581659317	-0.06146794185042381	-0.11258389055728912	0.35043275356292725	0.5869438648223877	0.4382447898387909	0.23811177909374237	0.23817862570285797	0.35372135043144226	0.35669827461242676	0.28837117552757263	0.19252926111221313	0.29674994945526123	0.34026509523391724	-0.11944202333688736	-0.3441508412361145	0.36984512209892273	0.1194542869925499	0.32023611664772034	0.11904321610927582	-0.3690253496170044	0.21695879101753235	0.03214983269572258	1.0	0.47857022285461426	0.32131874561309814	-0.004285761155188084	0.2692711353302002	0.4894111752510071	0.3431527316570282	0.5118470191955566	0.5199550986289978	-0.10364256054162979	0.026898957788944244	0.48542675375938416	-0.06531713157892227	0.024592025205492973	0.5204673409461975	0.07213307917118073	0.11173602938652039	0.29645290970802307	0.012714711017906666	0.1340341567993164	0.021041719242930412	0.23083361983299255	0.12524718046188354	0.056546688079833984
HIP-body-l	0.18330223858356476	0.4120774269104004	0.4318089485168457	0.34614649415016174	0.2772997319698334	0.280147522687912	0.05317928269505501	0.44868361949920654	0.21572630107402802	0.30842673778533936	0.11592801660299301	0.17533916234970093	0.12257274985313416	0.3344900608062744	-0.2904917597770691	-0.029475094750523567	-0.06539028137922287	-0.31949782371520996	-0.10508227348327637	0.2662932872772217	0.09142821282148361	-0.04934850335121155	-0.07060834765434265	-0.13899902999401093	0.31397745013237	-0.06668933480978012	0.47857022285461426	1.0	0.49404165148735046	0.3381790816783905	0.16444078087806702	0.3048708438873291	0.36423295736312866	0.4496293365955353	0.33762332797050476	-0.1643570363521576	-0.1307755559682846	0.40959247946739197	0.2872104346752167	-0.05676664412021637	0.3707810640335083	-0.15716008841991425	0.13984419405460358	-0.17887715995311737	0.4570617973804474	0.2539980411529541	-0.07597193866968155	-0.06025774031877518	-0.04631691798567772	-0.06614498794078827
HIP-tail-lh	0.4287067651748657	0.3322364389896393	0.2654806673526764	0.48452797532081604	0.2663852870464325	0.17205041646957397	0.05066372826695442	0.1263660043478012	0.06811472773551941	-0.04926442727446556	0.021954355761408806	0.027040431275963783	-0.09243261069059372	-0.17933548986911774	-0.09293476492166519	0.04266408085823059	0.012820118106901646	-0.21468551456928253	0.23833070695400238	0.27193906903266907	0.3062015771865845	0.13634981215000153	0.16361147165298462	-0.013599543832242489	0.3891257345676422	0.10356201976537704	0.32131874561309814	0.49404165148735046	1.0	0.20582284033298492	0.029405495151877403	0.03745218738913536	0.18573831021785736	0.153743177652359	0.06375975906848907	-0.15350130200386047	-0.14587068557739258	-0.056582242250442505	-0.09618335962295532	-0.08888721466064453	0.13325457274913788	-0.05475911870598793	-0.13302728533744812	0.017082957550883293	0.17204371094703674	0.10704296082258224	0.02989492565393448	0.008342071436345577	0.13419650495052338	-0.20583218336105347
THA-VPm-lh	0.26982226967811584	-0.0052873860113322735	0.11493833363056183	0.2461526244878769	0.6575033664703369	0.5273724794387817	0.280558317899704	0.2438286989927292	0.057236477732658386	0.318782240152359	-0.11647414416074753	-0.18290510773658752	-0.11436257511377335	0.08136136829853058	-0.2857266664505005	-0.008324344642460346	-0.2029089629650116	-0.133652463555336	0.07228115946054459	-0.18380258977413177	0.36315879225730896	-0.03885037079453468	-0.028074733912944794	0.3417307436466217	0.2896650731563568	-0.15354950726032257	-0.004285761155188084	0.3381790816783905	0.20582284033298492	1.0	0.3432762920856476	-0.0467630997300148	-0.06910555064678192	0.15085741877555847	0.1913248598575592	-0.2148135006427765	-0.3085957169532776	0.16243478655815125	0.2542272210121155	-0.0984078049659729	0.11166791617870331	0.04224015027284622	0.11853210628032684	-0.3699497580528259	0.5425431728363037	0.4302402436733246	0.1599656045436859	-0.278909295797348	0.11374706774950027	-0.08670710772275925
THA-VPl-lh	0.07357202470302582	0.2112000733613968	0.0980173870921135	0.05566518008708954	0.14347438514232635	0.11036349833011627	0.3289395868778229	0.341820627450943	0.26425254344940186	0.153201162815094	-0.010071724653244019	0.0413396991789341	0.10949371755123138	-0.02078871615231037	0.010063905268907547	0.3150940239429474	-0.0028874282725155354	-0.10103321820497513	-0.013942839577794075	0.09116522967815399	0.1661507934331894	0.14040789008140564	-0.04943344369530678	-0.08173240721225739	0.11230190843343735	0.04292336478829384	0.2692711353302002	0.16444078087806702	0.029405495151877403	0.3432762920856476	1.0	0.3041001260280609	0.158818781375885	0.3326776623725891	0.3628004491329193	-0.11188643425703049	-0.024189088493585587	0.5589267611503601	0.20422175526618958	-0.26230913400650024	-0.006477821618318558	0.03930419683456421	0.24815422296524048	0.01763789914548397	0.1645919531583786	0.24983514845371246	0.3049684464931488	0.01995760388672352	0.01906132884323597	-0.02759493514895439
THA-VAi-lh	-0.1527089923620224	0.45798856019973755	0.10318442434072495	-0.023469706997275352	-0.08191656321287155	-0.0963040217757225	0.5382384061813354	0.5677662491798401	0.6183927655220032	0.3783530592918396	0.5674741268157959	0.4827210307121277	0.477262943983078	0.3843618929386139	0.19680294394493103	0.35523340106010437	0.400452584028244	0.013430333696305752	-0.3027802109718323	0.3842040002346039	0.10680104047060013	0.15383297204971313	0.3263658583164215	-0.22266092896461487	0.3758803606033325	-0.0655621811747551	0.4894111752510071	0.3048708438873291	0.03745218738913536	-0.0467630997300148	0.3041001260280609	1.0	0.5965580940246582	0.7161047458648682	0.6465323567390442	0.25095289945602417	0.10077517479658127	0.4608415365219116	0.053518861532211304	0.04088197275996208	0.3591879904270172	0.17592567205429077	0.39405545592308044	0.255016565322876	-0.0010750585934147239	0.32252994179725647	0.11064046621322632	0.44225436449050903	-0.07307069003582001	0.21562787890434265
THA-VAs-lh	-0.061475783586502075	0.13572315871715546	-0.04010897874832153	0.0360531248152256	-0.1867547631263733	-0.1241924837231636	0.3335075378417969	0.5355333685874939	0.566098690032959	0.3485991060733795	0.5739478468894958	0.3921739161014557	0.21450698375701904	0.15991783142089844	0.3987439274787903	0.4267600178718567	0.5294272899627686	-0.17000553011894226	-0.2904367446899414	0.28135043382644653	0.14726519584655762	0.4156252145767212	0.5663560628890991	-0.1810627281665802	0.5776214003562927	-0.14732210338115692	0.3431527316570282	0.36423295736312866	0.18573831021785736	-0.06910555064678192	0.158818781375885	0.5965580940246582	1.0	0.49855098128318787	0.49068087339401245	0.4538012742996216	0.26548120379447937	0.19401460886001587	-0.07327276468276978	0.08438210934400558	0.3390427529811859	0.09451622515916824	0.275067001581192	0.1781677007675171	-0.09862867742776871	0.3323889374732971	0.2346390187740326	0.5512176752090454	-0.04404230788350105	0.2984274923801422
THA-DAm-lh	-0.08991851657629013	0.4870259165763855	0.19667038321495056	0.013247647322714329	0.14369870722293854	0.20952926576137543	0.5399298071861267	0.7386065125465393	0.7459652423858643	0.5163058638572693	0.41524025797843933	0.30354517698287964	0.3018381893634796	0.36512869596481323	0.1283808946609497	0.36306896805763245	0.4012918472290039	-0.0800611823797226	-0.3604363799095154	0.265201598405838	0.03882816433906555	0.09871559590101242	0.20153813064098358	-0.12645387649536133	0.5066666007041931	-0.07587680220603943	0.5118470191955566	0.4496293365955353	0.153743177652359	0.15085741877555847	0.3326776623725891	0.7161047458648682	0.49855098128318787	1.0	0.7908017039299011	0.07349401712417603	-0.03163973614573479	0.5478461384773254	0.1699192076921463	0.15368859469890594	0.43397045135498047	0.24686862528324127	0.4008578658103943	-0.06664861738681793	0.33252227306365967	0.5992956757545471	0.05253194272518158	0.22865532338619232	0.24612390995025635	0.26070263981819153
THA-DAl-lh	-0.28458595275878906	0.30937960743904114	0.32479095458984375	-0.05643191933631897	0.07581062614917755	0.19137854874134064	0.5555788278579712	0.6722384691238403	0.6343882083892822	0.5084227323532104	0.3625118136405945	0.33612537384033203	0.39635729789733887	0.35463953018188477	0.3234095275402069	0.4353744089603424	0.5698006749153137	-0.06962911039590836	-0.28358736634254456	0.05812960863113403	0.12313488870859146	0.21234562993049622	0.1646331399679184	-0.08499830216169357	0.46939268708229065	-0.17458665370941162	0.5199550986289978	0.33762332797050476	0.06375975906848907	0.1913248598575592	0.3628004491329193	0.6465323567390442	0.49068087339401245	0.7908017039299011	1.0	0.014733970165252686	0.011161173693835735	0.44201990962028503	0.141154482960701	0.23018161952495575	0.47902294993400574	0.32620200514793396	0.3762304186820984	-0.07766570895910263	0.11514616757631302	0.5910137891769409	-0.026048485189676285	0.2305285781621933	0.255159467458725	0.13770002126693726
PUT-VA-lh	-0.19364464282989502	-0.16497667133808136	-0.45521655678749084	0.06296002119779587	-0.28733885288238525	-0.25392866134643555	0.09638334810733795	0.07406460493803024	0.3386697471141815	0.26862233877182007	0.7012128829956055	0.5104064345359802	0.268588662147522	0.12699146568775177	0.314325213432312	0.44284459948539734	0.31740453839302063	-0.020413901656866074	-0.2400231808423996	0.0744747444987297	0.17455948889255524	0.420162171125412	0.6826332211494446	0.0019231513142585754	0.20700612664222717	-0.09507078677415848	-0.10364256054162979	-0.1643570363521576	-0.15350130200386047	-0.2148135006427765	-0.11188643425703049	0.25095289945602417	0.4538012742996216	0.07349401712417603	0.014733970165252686	1.0	0.7250611186027527	0.0833166316151619	0.08127044141292572	0.13284724950790405	0.21192152798175812	0.09190718084573746	0.0352206826210022	0.31061795353889465	-0.30503010749816895	-0.03400060161948204	0.3887408971786499	0.653822660446167	-0.24839144945144653	0.4452526867389679
PUT-DA-l	-0.19866511225700378	0.017044566571712494	-0.18267174065113068	-0.06606519222259521	-0.37925758957862854	-0.37010708451271057	-0.05112314969301224	0.004431354813277721	0.2607296109199524	0.1460980474948883	0.5252833366394043	0.6375793814659119	0.34766313433647156	0.19319406151771545	0.3330707848072052	0.3317890167236328	0.22502988576889038	-0.1856698989868164	-0.17975807189941406	0.2629399597644806	0.007131737656891346	0.34792906045913696	0.38665705919265747	-0.23120640218257904	-0.035790205001831055	0.11431337147951126	0.026898957788944244	-0.1307755559682846	-0.14587068557739258	-0.3085957169532776	-0.024189088493585587	0.10077517479658127	0.26548120379447937	-0.03163973614573479	0.011161173693835735	0.7250611186027527	1.0	0.2649441957473755	0.22393861413002014	0.14864684641361237	0.18329395353794098	-0.11372309178113937	-0.1048966571688652	0.3640466332435608	-0.37414929270744324	-0.1438591480255127	0.1771419197320938	0.5594474673271179	-0.12167582660913467	0.2045155018568039
PUT-VP-lh	-0.12390577048063278	0.4164086878299713	0.18428778648376465	-0.009618899784982204	0.0014871677849441767	0.0048114703968167305	0.26721474528312683	0.4721567928791046	0.4075201153755188	0.4482032060623169	0.21800635755062103	0.46473103761672974	0.3971957862377167	0.5735727548599243	-0.06901513785123825	0.27859556674957275	0.07553164660930634	-0.10356006771326065	-0.2018391191959381	0.42156922817230225	-0.15072958171367645	0.013923456892371178	-0.12628550827503204	-0.20615890622138977	0.19770866632461548	0.006803867407143116	0.48542675375938416	0.40959247946739197	-0.056582242250442505	0.16243478655815125	0.5589267611503601	0.4608415365219116	0.19401460886001587	0.5478461384773254	0.44201990962028503	0.0833166316151619	0.2649441957473755	1.0	0.5232824683189392	0.00419321795925498	0.23600563406944275	-0.038122210651636124	0.2527583837509155	-0.0128603745251894	0.26111656427383423	0.17543721199035645	0.13844363391399384	0.13769881427288055	0.11721386015415192	0.09734759479761124
PUT-DP-lh	-0.12391280382871628	0.07459485530853271	-0.01544701587408781	0.1591912806034088	0.260159432888031	0.36083096265792847	-0.09347143024206161	0.15262803435325623	-0.014422908425331116	0.4678915739059448	0.02315613441169262	0.3183383047580719	0.1685434728860855	0.5991864204406738	-0.37640437483787537	0.1058523952960968	-0.013481225818395615	0.008880720473825932	-0.026589836925268173	-0.0031833199318498373	-0.14330627024173737	-0.2459488958120346	-0.17205093801021576	0.17540600895881653	0.1270669549703598	-0.16411250829696655	-0.06531713157892227	0.2872104346752167	-0.09618335962295532	0.2542272210121155	0.20422175526618958	0.053518861532211304	-0.07327276468276978	0.1699192076921463	0.141154482960701	0.08127044141292572	0.22393861413002014	0.5232824683189392	1.0	0.0936657041311264	0.22877228260040283	-0.056655868887901306	0.12348514795303345	-0.5380837321281433	0.4811931550502777	-0.028002891689538956	0.03020215779542923	-0.1704765409231186	0.13097485899925232	-0.16539821028709412
