Node	DMN_LABEL_1	Vis_LABEL_2	FP_LABEL_3	Aud_LABEL_4	Tpole_LABEL_5	PMN_LABEL_6	PON_LABEL_7	MTL_LABEL_8	PON_LABEL_9	CO_LABEL_10	Sal_LABEL_11	CO_LABEL_12	SMd_LABEL_13	SMl_LABEL_14	DAN_LABEL_15	DMN_LABEL_16	CO_LABEL_17	DMN_LABEL_18	VAN_LABEL_19	CO_LABEL_20	CO_LABEL_21	Sal_LABEL_22	DAN_LABEL_23	PMN_LABEL_24	DAN_LABEL_25	DMN_LABEL_26	DMN_LABEL_27	DMN_LABEL_28	Vis_LABEL_29	FP_LABEL_30	Aud_LABEL_31	Tpole_LABEL_32	PMN_LABEL_33	PON_LABEL_34	MTL_LABEL_35	CO_LABEL_36	Sal_LABEL_37	CO_LABEL_38	SMd_LABEL_39	SMl_LABEL_40	DAN_LABEL_41	CO_LABEL_42	VAN_LABEL_43	CO_LABEL_44	CO_LABEL_45	Sal_LABEL_46	DAN_LABEL_47	PMN_LABEL_48	DAN_LABEL_49	DMN_LABEL_50	FP_LABEL_51	DMN_LABEL_52	DMN_LABEL_53	PON_LABEL_54	DMN_LABEL_55	Tpole_LABEL_56	Tpole_LABEL_57	Sal_LABEL_58	Sal_LABEL_59	SMd_LABEL_60	DAN_LABEL_61	FP_LABEL_62	DMN_LABEL_63	FP_LABEL_64	FP_LABEL_65	SMd_LABEL_66	SMl_LABEL_67	SMd_LABEL_68	DMN_LABEL_69	DAN_LABEL_70	DMN_LABEL_71	FP_LABEL_72	SMd_LABEL_73	SMl_LABEL_74	MTL_LABEL_75	MTL_LABEL_76	CO_LABEL_77	CO_LABEL_78	Vis_LABEL_79	Vis_LABEL_80
DMN_LABEL_1	1.0	-0.012524950318038464	-0.5315529704093933	-0.38247933983802795	-0.015602189116179943	0.15364854037761688	0.7738659381866455	n/a	0.37280863523483276	-0.5519595146179199	-0.007341589313000441	-0.5678186416625977	-0.3167438805103302	-0.16020213067531586	-0.5987533926963806	0.7664614915847778	-0.545840322971344	0.8221121430397034	-0.0896330326795578	-0.6092458367347717	-0.6952331066131592	-0.03697855398058891	-0.303322970867157	0.2319822758436203	-0.2768060266971588	0.39513319730758667	0.6440456509590149	0.660416305065155	-0.03403178229928017	-0.22534464299678802	-0.424329549074173	0.15079455077648163	0.22009913623332977	0.6629521250724792	n/a	-0.5895501375198364	-0.15842391550540924	-0.4849116802215576	-0.42601925134658813	-0.1010274663567543	-0.4287727177143097	-0.4209766685962677	-0.1729263961315155	-0.6429646015167236	-0.7235251665115356	0.029366878792643547	-0.10102534294128418	0.3088023364543915	-0.36174607276916504	0.6074098944664001	-0.3154490292072296	0.7191160917282104	0.777489960193634	0.3174732029438019	0.4901055693626404	0.25532248616218567	-0.33148184418678284	-0.12293708324432373	0.0027290896978229284	0.08699770271778107	0.06663674116134644	0.2817210555076599	0.6395440101623535	-0.21850267052650452	0.30776482820510864	-0.21394924819469452	0.11602795869112015	-0.09842485189437866	0.6478914022445679	0.10772575438022614	0.3783726394176483	-0.26226070523262024	0.1473759263753891	-0.0569402351975441	0.04113129898905754	0.23839062452316284	-0.46466946601867676	-0.48741385340690613	0.007379663642495871	0.049945227801799774
Vis_LABEL_2	-0.012524950318038464	1.0	-0.5252912640571594	0.1279146671295166	-0.026013288646936417	0.12717114388942719	0.11991458386182785	n/a	0.17528493702411652	-0.15336205065250397	-0.5267274379730225	-0.16902051866054535	-0.19817939400672913	0.348438024520874	-0.4084957242012024	-0.05725409835577011	-0.0961737334728241	-0.14955466985702515	0.33009466528892517	0.06075041741132736	-0.17661654949188232	-0.2263776808977127	-0.00026947067817673087	0.06488581746816635	0.23446710407733917	-0.4221707880496979	-0.3524109125137329	0.1309218555688858	0.9453297257423401	-0.3936956822872162	0.12948885560035706	0.1634385734796524	0.23452112078666687	0.23460327088832855	n/a	-0.18419672548770905	-0.45397043228149414	-0.21046315133571625	0.12446919083595276	0.4147413372993469	-0.5223721861839294	-0.2064993679523468	0.22294063866138458	0.05718117207288742	-0.35417449474334717	-0.0779111459851265	0.09075050801038742	0.07545722275972366	0.21031121909618378	0.014865641482174397	-0.23170311748981476	0.015683215111494064	-0.026921037584543228	0.2145654410123825	-0.13580907881259918	-0.2887013554573059	-0.15371030569076538	-0.45038145780563354	-0.46000975370407104	0.0861504077911377	0.19006428122520447	-0.28966087102890015	-0.20638598501682281	-0.4025122821331024	-0.2216765135526657	-0.11955267190933228	-0.16101762652397156	-0.04046940430998802	-0.10535571724176407	0.19858954846858978	-0.3341304361820221	-0.4362991154193878	0.10788356512784958	-0.015967290848493576	-0.199221670627594	-0.32131344079971313	-0.34753450751304626	-0.2632614076137543	0.4150885045528412	0.4599962830543518
FP_LABEL_3	-0.5315529704093933	-0.5252912640571594	1.0	0.18999658524990082	-0.01800607144832611	0.08853913843631744	-0.6664031744003296	n/a	-0.47967529296875	0.33931800723075867	0.4037500321865082	0.3052252531051636	0.30820533633232117	-0.026119718328118324	0.7212871313095093	-0.30776447057724	0.2745150327682495	-0.34666308760643005	-0.3230682909488678	0.2634536027908325	0.44383612275123596	0.04038400948047638	0.14225289225578308	0.18143364787101746	-0.16516713798046112	-0.055534735321998596	-0.28719979524612427	-0.4809035360813141	-0.55509352684021	0.6378778219223022	0.14819785952568054	-0.15080370008945465	-0.12438094615936279	-0.6163920164108276	n/a	0.43235698342323303	0.4140496551990509	0.33739298582077026	0.16753870248794556	-0.10509184747934341	0.7763944864273071	0.22833679616451263	-0.14513321220874786	0.24709868431091309	0.6836729049682617	-0.09872183203697205	-0.00045067493920214474	0.009958948008716106	-0.0803348496556282	-0.3364860415458679	0.5615591406822205	-0.5340571999549866	-0.5084323287010193	-0.4289610683917999	-0.20146740972995758	-0.1238650381565094	0.29188281297683716	0.22295069694519043	0.18149341642856598	-0.0003838625270873308	-0.2917148768901825	0.11282259225845337	-0.3110184073448181	0.66481614112854	0.1272210031747818	0.31354182958602905	0.1709088832139969	0.16475284099578857	-0.5449047684669495	-0.4197164475917816	-0.07107887417078018	0.6163254380226135	-0.15379095077514648	0.22685541212558746	0.16453272104263306	0.1856916844844818	0.4691659212112427	0.19765111804008484	-0.26962193846702576	-0.20775118470191956
Aud_LABEL_4	-0.38247933983802795	0.1279146671295166	0.18999658524990082	1.0	0.26916804909706116	-0.1363261491060257	-0.36111071705818176	n/a	-0.29571497440338135	0.18827882409095764	-0.017998896539211273	0.26375654339790344	0.5538934469223022	0.6995552182197571	0.006093011703342199	-0.5364338159561157	0.18677450716495514	-0.48950111865997314	0.36577868461608887	0.5261579751968384	0.367919921875	0.0351138561964035	-0.17306537926197052	-0.20252998173236847	-0.13001856207847595	-0.22966624796390533	-0.2288186252117157	-0.4196981191635132	0.07237982749938965	0.005016158800572157	0.9232941269874573	-0.09458770602941513	-0.3349646329879761	-0.39147984981536865	n/a	0.24571381509304047	0.21961070597171783	0.23744334280490875	0.46615317463874817	0.6800970435142517	-0.10795053094625473	-0.019991012290120125	0.36453741788864136	0.3055713474750519	0.38869965076446533	0.04281292110681534	-0.2787289321422577	-0.30004358291625977	-0.1931886076927185	-0.3384930193424225	0.15678395330905914	-0.5198971629142761	-0.21285328269004822	-0.26551368832588196	-0.03875363618135452	-0.33834928274154663	-0.08253393322229385	-0.12215553224086761	-0.16701306402683258	0.12773270905017853	-0.18108592927455902	-0.11110564321279526	-0.4957635700702667	0.01484198123216629	-0.38021335005760193	0.001834732829593122	0.20207278430461884	0.4092278480529785	-0.2324175089597702	0.08362004160881042	-0.5445590615272522	-0.21366573870182037	0.15753787755966187	-0.02184223011136055	0.1285235434770584	0.03763781860470772	0.011368370614945889	-0.11725447326898575	-0.14992918074131012	0.2980707585811615
Tpole_LABEL_5	-0.015602189116179943	-0.026013288646936417	-0.01800607144832611	0.26916804909706116	1.0	-0.3592347502708435	-0.21711215376853943	n/a	0.06584860384464264	0.06042828783392906	-0.19177944958209991	0.1403658241033554	0.29730722308158875	0.11117714643478394	0.09730617702007294	-0.06268472224473953	0.33171263337135315	0.0884973481297493	0.24263231456279755	0.4646032452583313	0.18319635093212128	-0.17674142122268677	0.06802421063184738	-0.2643623948097229	0.30273282527923584	0.037989888340234756	0.025935960933566093	0.14287912845611572	-0.028903460130095482	-0.057677194476127625	0.37531930208206177	-0.014315797947347164	-0.40896177291870117	-0.28097349405288696	n/a	0.07605636864900589	-0.15038621425628662	0.03707803413271904	0.19415321946144104	0.08147143572568893	-0.034903328865766525	0.31653696298599243	0.05085279047489166	0.3998490869998932	0.03859075903892517	-0.248256117105484	-0.31671157479286194	-0.3023788332939148	-0.015346541069447994	-0.264301061630249	-0.1011287197470665	-0.1598690003156662	0.020786849781870842	-0.0025549118872731924	-0.284279465675354	0.2883886694908142	0.4381813108921051	-0.14096948504447937	-0.11134149134159088	0.3574490547180176	0.29677262902259827	0.12534049153327942	-0.29587939381599426	-0.10081738978624344	-0.27490830421447754	0.07528612017631531	-0.03677874431014061	0.49693211913108826	-0.05972830578684807	0.05336713790893555	-0.08080115914344788	0.08715463429689407	0.0015653588343411684	-0.09800072759389877	0.391109436750412	0.035308852791786194	0.15668398141860962	-0.11933325976133347	-0.28167080879211426	0.12667369842529297
PMN_LABEL_6	0.15364854037761688	0.12717114388942719	0.08853913843631744	-0.1363261491060257	-0.3592347502708435	1.0	0.1885172724723816	n/a	0.15104800462722778	-0.12049861252307892	-0.13589857518672943	-0.2114347517490387	0.13974179327487946	-0.020403947681188583	0.024967774748802185	0.18495942652225494	-0.213995561003685	0.011567464098334312	-0.39764702320098877	-0.1779954433441162	-0.24202772974967957	-0.25694823265075684	0.16681939363479614	0.8500792384147644	0.006905798800289631	-0.1834508776664734	-0.21084271371364594	-0.18175750970840454	0.18810740113258362	0.25434520840644836	-0.2203446626663208	0.2020716518163681	0.833836019039154	0.3499572277069092	n/a	-0.025610318407416344	0.05229739844799042	-0.17409856617450714	0.07646366208791733	-0.017210492864251137	-0.025666890665888786	-0.20149467885494232	-0.3526511490345001	-0.10551512241363525	-0.19587358832359314	-0.00916235987097025	0.21362391114234924	0.7870820164680481	-0.03308440372347832	0.3817598521709442	0.023784533143043518	0.08470340818166733	0.19701282680034637	0.3011067509651184	0.2478017657995224	-0.3184494972229004	-0.17922177910804749	-0.268766313791275	-0.17716042697429657	0.23323509097099304	-0.06003960967063904	0.009569813497364521	-0.06938973814249039	0.13659551739692688	0.2884928584098816	0.03640617057681084	0.3206256628036499	0.021400637924671173	-0.2083340883255005	0.20040026307106018	-0.16050921380519867	-0.1271553486585617	0.3375966250896454	0.32402074337005615	0.16164708137512207	0.436683714389801	-0.2644018232822418	-0.20156794786453247	0.17514444887638092	0.3038730323314667
PON_LABEL_7	0.7738659381866455	0.11991458386182785	-0.6664031744003296	-0.36111071705818176	-0.21711215376853943	0.1885172724723816	1.0	n/a	0.707182765007019	-0.3178081810474396	-0.16242998838424683	-0.37978506088256836	-0.28087708353996277	-0.11377698183059692	-0.6801353693008423	0.5769929885864258	-0.3824499845504761	0.6196428537368774	-0.14377081394195557	-0.5075525641441345	-0.5071093440055847	-0.21669483184814453	-0.25889265537261963	0.20469659566879272	-0.04710182175040245	0.40157467126846313	0.5205946564674377	0.4133473038673401	0.16075140237808228	-0.4323774576187134	-0.337900847196579	0.09855037182569504	0.2457415759563446	0.9038354754447937	n/a	-0.3351152837276459	-0.30423063039779663	-0.25772321224212646	-0.2666369676589966	0.006861172616481781	-0.6310622096061707	-0.27014797925949097	-0.24042829871177673	-0.4452662169933319	-0.6396194100379944	-0.07338657975196838	0.0930188000202179	0.25908809900283813	-0.051533252000808716	0.48616695404052734	-0.567131519317627	0.6768838763237	0.6403018832206726	0.5797030329704285	0.35605642199516296	0.13574467599391937	-0.34674084186553955	-0.25343650579452515	-0.17379151284694672	0.030865319073200226	0.27081596851348877	-0.01037856936454773	0.5302586555480957	-0.3692283630371094	0.0899808257818222	-0.03460107371211052	0.07031624019145966	-0.16246859729290009	0.589043915271759	0.22005070745944977	0.19844435155391693	-0.43724992871284485	0.2058851271867752	0.013320584781467915	0.04964820295572281	0.18115776777267456	-0.5864349603652954	-0.43342000246047974	0.2602526843547821	0.09165070950984955
MTL_LABEL_8	n/a	n/a	n/a	n/a	n/a	n/a	n/a	1.0	n/a	n/a	n/a	n/a	n/a	n/a	n/a	n/a	n/a	n/a	n/a	n/a	n/a	n/a	n/a	n/a	n/a	n/a	n/a	n/a	n/a	n/a	n/a	n/a	n/a	n/a	n/a	n/a	n/a	n/a	n/a	n/a	n/a	n/a	n/a	n/a	n/a	n/a	n/a	n/a	n/a	n/a	n/a	n/a	n/a	n/a	n/a	n/a	n/a	n/a	n/a	n/a	n/a	n/a	n/a	n/a	n/a	n/a	n/a	n/a	n/a	n/a	n/a	n/a	n/a	n/a	n/a	n/a	n/a	n/a	n/a	n/a
PON_LABEL_9	0.37280863523483276	0.17528493702411652	-0.47967529296875	-0.29571497440338135	0.06584860384464264	0.15104800462722778	0.707182765007019	n/a	1.0	-0.025149449706077576	-0.348961740732193	-0.297843873500824	-0.03769988939166069	-0.07503637671470642	-0.39711153507232666	0.4417538642883301	-0.13151519000530243	0.4830285608768463	-0.0843762755393982	-0.2070741504430771	-0.25982627272605896	-0.47670015692710876	0.03520844876766205	0.10313668847084045	0.3279348611831665	0.39231327176094055	0.3720530569553375	0.34789222478866577	0.32881972193717957	-0.5589990615844727	-0.0988357812166214	0.28468218445777893	0.08318546414375305	0.5987377762794495	n/a	0.03061630390584469	-0.5144233703613281	0.023648357018828392	0.10980625450611115	0.07066788524389267	-0.49612945318222046	-0.0017847474664449692	-0.276703417301178	0.09790666401386261	-0.49358323216438293	-0.41365107893943787	0.263374924659729	0.0036639156751334667	0.3686908185482025	0.17424948513507843	-0.7626729607582092	0.44671937823295593	0.4204771816730499	0.8751375675201416	0.09509178251028061	0.2780664563179016	0.03467497602105141	-0.43975189328193665	-0.5070809125900269	0.315583199262619	0.5183682441711426	-0.16241110861301422	0.13219042122364044	-0.4936116635799408	-0.21900363266468048	0.27680090069770813	0.12991535663604736	0.11367183178663254	0.34140828251838684	0.22301845252513885	0.12509874999523163	-0.31881648302078247	0.08847519010305405	-0.008747661486268044	0.24200889468193054	0.0760255977511406	-0.5680558681488037	-0.33363163471221924	0.17306748032569885	0.1111932247877121
CO_LABEL_10	-0.5519595146179199	-0.15336205065250397	0.33931800723075867	0.18827882409095764	0.06042828783392906	-0.12049861252307892	-0.3178081810474396	n/a	-0.025149449706077576	1.0	0.06544182449579239	0.7165300250053406	0.4191892743110657	-0.17540615797042847	0.28955861926078796	-0.3375400900840759	0.6207730770111084	-0.47851118445396423	0.04291044548153877	0.6004712581634521	0.8882535696029663	0.10377500206232071	0.4512794315814972	-0.08733709156513214	0.4736632704734802	-0.0745360478758812	-0.1977846473455429	-0.3486168682575226	-0.13848090171813965	-0.2128753513097763	0.34017321467399597	0.009951566345989704	-0.3178867697715759	-0.3841300904750824	n/a	0.9187750220298767	0.03459611535072327	0.861642599105835	0.6256093978881836	-0.09056414663791656	0.006770601496100426	0.6339699029922485	-0.17785842716693878	0.6615334749221802	0.7196977734565735	-0.10049286484718323	0.284134179353714	-0.25281569361686707	0.1998877078294754	-0.5099945664405823	-0.2416892796754837	-0.6928766369819641	-0.6120871305465698	-0.009147816337645054	-0.5955560207366943	-0.06122706085443497	0.5212350487709045	-0.04119836911559105	-0.14805705845355988	0.281402051448822	0.129940003156662	-0.46243181824684143	-0.6540555953979492	-0.18301276862621307	-0.6450221538543701	0.4148732125759125	-0.04458482190966606	0.26747211813926697	-0.2626078426837921	-0.05374543368816376	-0.16818590462207794	0.14627081155776978	-0.3190102279186249	-0.28133895993232727	0.21595464646816254	-0.04188109561800957	0.35714489221572876	0.43635058403015137	-0.033345598727464676	-0.15658554434776306
Sal_LABEL_11	-0.007341589313000441	-0.5267274379730225	0.4037500321865082	-0.017998896539211273	-0.19177944958209991	-0.13589857518672943	-0.16242998838424683	n/a	-0.348961740732193	0.06544182449579239	1.0	-0.04410255700349808	-0.1006440594792366	-0.24317198991775513	0.09579090774059296	0.24517130851745605	-0.2556517720222473	0.11465910077095032	-0.25826579332351685	-0.17320673167705536	0.043221037834882736	0.4470127522945404	-0.37624040246009827	-0.21315942704677582	-0.5437223315238953	0.5048030614852905	0.36946484446525574	-0.09360014647245407	-0.5075796842575073	0.25566452741622925	-0.05567415431141853	-0.27003276348114014	-0.21045954525470734	-0.27851220965385437	n/a	-0.043787915259599686	0.6564809679985046	-0.12902922928333282	-0.18255384266376495	-0.2231832891702652	0.31906887888908386	-0.21271073818206787	-0.08005160093307495	-0.3033421039581299	0.2812361419200897	0.38901689648628235	-0.1686936914920807	-0.24314363300800323	-0.1405317336320877	0.2580679655075073	0.3355589807033539	-0.02268289029598236	-0.042559392750263214	-0.2746824026107788	0.3426342010498047	-0.2336350381374359	-0.21214215457439423	0.5001561641693115	0.5384876132011414	-0.35109943151474	-0.4024105668067932	-0.014336704276502132	0.2352268099784851	0.3826588988304138	0.16752594709396362	-0.0625341534614563	0.11547866463661194	-0.2698326110839844	0.1366928368806839	-0.37147316336631775	0.34310176968574524	0.09285270422697067	-0.24047277867794037	-0.1594974398612976	0.06196224316954613	0.1803983747959137	0.25067901611328125	0.34506961703300476	-0.3852253556251526	-0.28093039989471436
CO_LABEL_12	-0.5678186416625977	-0.16902051866054535	0.3052252531051636	0.26375654339790344	0.1403658241033554	-0.2114347517490387	-0.37978506088256836	n/a	-0.297843873500824	0.7165300250053406	-0.04410255700349808	1.0	0.3065344989299774	-0.2558639943599701	0.4299304485321045	-0.6383271217346191	0.8848311305046082	-0.6217163801193237	-0.11030889302492142	0.6762986183166504	0.8494504690170288	0.028319064527750015	0.3714558482170105	-0.046662338078022	0.4997783303260803	-0.3190079629421234	-0.4480457007884979	-0.5910000205039978	-0.17140810191631317	0.16785603761672974	0.31585997343063354	-0.3732224106788635	-0.2057798057794571	-0.3913425803184509	n/a	0.6977437138557434	0.07731150090694427	0.7277979850769043	0.2938353419303894	-0.2681801915168762	0.18147128820419312	0.8133090734481812	-0.2652530372142792	0.5758714079856873	0.7546087503433228	0.029715172946453094	-0.0015495297266170382	-0.06902537494897842	0.0132860466837883	-0.5930214524269104	0.07870322465896606	-0.6473832726478577	-0.6963484287261963	-0.37908533215522766	-0.7119693756103516	-0.21664570271968842	0.26889848709106445	0.12051272392272949	0.19047825038433075	0.0363553985953331	0.04916836693882942	-0.1627085655927658	-0.46877163648605347	0.12833766639232635	-0.3290156126022339	0.24553343653678894	-0.39692333340644836	0.2514514923095703	-0.41500478982925415	0.00660355668514967	-0.38016873598098755	0.3213081359863281	-0.13664023578166962	-0.2443239688873291	0.15454526245594025	-0.0642736554145813	0.6084485650062561	0.49511924386024475	-0.0421101339161396	-0.20693278312683105
SMd_LABEL_13	-0.3167438805103302	-0.19817939400672913	0.30820533633232117	0.5538934469223022	0.29730722308158875	0.13974179327487946	-0.28087708353996277	n/a	-0.03769988939166069	0.4191892743110657	-0.1006440594792366	0.3065344989299774	1.0	0.20338134467601776	0.29434195160865784	-0.4108680784702301	0.29761987924575806	-0.39160147309303284	0.018900036811828613	0.4287247657775879	0.4931797385215759	0.07531063258647919	0.17658478021621704	0.08879474550485611	0.114749014377594	-0.23434016108512878	-0.1978195607662201	-0.37730810046195984	-0.1849287748336792	0.03634951636195183	0.5958932638168335	-0.008723028935492039	-0.06969362497329712	-0.35283809900283813	n/a	0.5101590752601624	0.3184105455875397	0.4116355776786804	0.6903715133666992	0.14895819127559662	0.11838071048259735	0.22404730319976807	0.07068368792533875	0.4975239336490631	0.4350329637527466	0.17688395082950592	-0.05097928270697594	-0.026963312178850174	-0.07519920915365219	-0.26850980520248413	0.012289002537727356	-0.4827885627746582	-0.16916689276695251	0.012403351254761219	-0.06481627374887466	-0.024734852835536003	0.2503417432308197	-0.14704342186450958	-0.2243555635213852	0.525326669216156	-0.06659549474716187	-0.15446192026138306	-0.6026676297187805	-0.03460167720913887	-0.4036268889904022	0.3545512855052948	0.24665185809135437	0.7062855362892151	-0.2733953893184662	0.0802125334739685	-0.47570282220840454	0.03100506030023098	0.3750421106815338	-0.01184791885316372	0.4775058329105377	0.23400723934173584	-0.010727561078965664	0.026682384312152863	-0.045910052955150604	0.15644420683383942
SMl_LABEL_14	-0.16020213067531586	0.348438024520874	-0.026119718328118324	0.6995552182197571	0.11117714643478394	-0.020403947681188583	-0.11377698183059692	n/a	-0.07503637671470642	-0.17540615797042847	-0.24317198991775513	-0.2558639943599701	0.20338134467601776	1.0	-0.25753074884414673	-0.25043052434921265	-0.27320998907089233	-0.2577943801879883	0.5770927667617798	0.10395513474941254	-0.0914405956864357	-0.0645931288599968	-0.24379922449588776	-0.09223046898841858	-0.3031949996948242	-0.25397202372550964	-0.19207674264907837	-0.02052590437233448	0.2442697435617447	-0.09619701653718948	0.5589545369148254	0.14756610989570618	-0.2002822756767273	-0.05151708424091339	n/a	-0.107948899269104	-0.08916106820106506	-0.11190444976091385	0.2240682989358902	0.9541454315185547	-0.2503855526447296	-0.4651699960231781	0.6099120378494263	-0.012548292055726051	-0.0824110135436058	-0.1613689363002777	-0.15945175290107727	-0.1593073457479477	-0.16361737251281738	-0.17300647497177124	0.06923811137676239	-0.2210211604833603	0.026826338842511177	-0.09255530685186386	0.13666968047618866	-0.2112419605255127	-0.136933833360672	-0.24918626248836517	-0.3698451519012451	0.043827734887599945	-0.05894537270069122	-0.0321221798658371	-0.2984234690666199	-0.09632505476474762	-0.23878665268421173	-0.07820985466241837	0.2963656187057495	0.08840654790401459	-0.047342341393232346	0.0832744836807251	-0.3738245666027069	-0.3413178622722626	0.06714249402284622	0.2114759385585785	-0.23337699472904205	-0.1880398541688919	-0.345586359500885	-0.4440305531024933	0.06211404129862785	0.3981272280216217
DAN_LABEL_15	-0.5987533926963806	-0.4084957242012024	0.7212871313095093	0.006093011703342199	0.09730617702007294	0.024967774748802185	-0.6801353693008423	n/a	-0.39711153507232666	0.28955861926078796	0.09579090774059296	0.4299304485321045	0.29434195160865784	-0.25753074884414673	1.0	-0.5171265602111816	0.5371629595756531	-0.4150911569595337	-0.37295421957969666	0.3128823935985565	0.4506381154060364	0.03309348225593567	0.5034078359603882	0.13342168927192688	0.2939474582672119	-0.23435506224632263	-0.4472246468067169	-0.5165608525276184	-0.40433093905448914	0.5656640529632568	0.040356021374464035	-0.19964708387851715	0.025616949424147606	-0.5469826459884644	n/a	0.34649983048439026	0.31216561794281006	0.27243906259536743	0.13177423179149628	-0.36381474137306213	0.8476225733757019	0.4948689639568329	-0.25003036856651306	0.3811383545398712	0.5933268070220947	0.00925831962376833	0.204489603638649	0.08094360679388046	0.25422969460487366	-0.430543452501297	0.4886571168899536	-0.4966658055782318	-0.5323917269706726	-0.38147422671318054	-0.3864055573940277	0.09772717207670212	0.4798126816749573	0.2603544294834137	0.2365497648715973	0.05710575357079506	-0.012346571311354637	0.1059638038277626	-0.2895033359527588	0.5291240811347961	0.2086641788482666	0.18811102211475372	-0.1719076782464981	0.14961469173431396	-0.6882789731025696	-0.023669730871915817	-0.18428421020507812	0.646205484867096	-0.10479980707168579	0.03813827782869339	0.2797493636608124	0.17777405679225922	0.5025703310966492	0.2872268557548523	-0.1636137068271637	-0.06454591453075409
DMN_LABEL_16	0.7664614915847778	-0.05725409835577011	-0.30776447057724	-0.5364338159561157	-0.06268472224473953	0.18495942652225494	0.5769929885864258	n/a	0.4417538642883301	-0.3375400900840759	0.24517130851745605	-0.6383271217346191	-0.4108680784702301	-0.25043052434921265	-0.5171265602111816	1.0	-0.6291402578353882	0.8721295595169067	-0.136723592877388	-0.5537559986114502	-0.6254355907440186	-0.1323552131652832	-0.20226532220840454	0.12166484445333481	-0.24078331887722015	0.5981612801551819	0.7421485781669617	0.7540178298950195	-0.016270248219370842	-0.2743118107318878	-0.514432966709137	0.2912259101867676	0.11955644190311432	0.4431963860988617	n/a	-0.39016443490982056	-0.24700148403644562	-0.4178757965564728	-0.3528405725955963	-0.13872869312763214	-0.332070916891098	-0.44104090332984924	-0.21880795061588287	-0.455803245306015	-0.6503557562828064	-0.20304715633392334	0.01940780319273472	0.06454714387655258	-0.11961755156517029	0.670954704284668	-0.3613709509372711	0.6345933079719543	0.6520345211029053	0.48039138317108154	0.5219532251358032	0.2331618070602417	-0.16900664567947388	-0.12136995792388916	-0.08053681254386902	0.07195746153593063	-0.000695001392159611	0.1086285263299942	0.5537151098251343	-0.2563486397266388	0.14135001599788666	-0.11642564833164215	0.2792854905128479	-0.2322932481765747	0.6067994236946106	-0.11053327471017838	0.6905853748321533	-0.2797163128852844	-0.09285809099674225	-0.04329346492886543	-0.06313212215900421	0.12456003576517105	-0.36658158898353577	-0.27090883255004883	-0.13733813166618347	-0.06074382737278938
CO_LABEL_17	-0.545840322971344	-0.0961737334728241	0.2745150327682495	0.18677450716495514	0.33171263337135315	-0.213995561003685	-0.3824499845504761	n/a	-0.13151519000530243	0.6207730770111084	-0.2556517720222473	0.8848311305046082	0.29761987924575806	-0.27320998907089233	0.5371629595756531	-0.6291402578353882	1.0	-0.5353450775146484	-0.15661397576332092	0.756647527217865	0.7816162109375	-0.1705222874879837	0.4415985941886902	-0.015563865192234516	0.6954540610313416	-0.29382842779159546	-0.5013481378555298	-0.5667109489440918	-0.061251915991306305	0.1212814450263977	0.32717952132225037	-0.2240770310163498	-0.16428864002227783	-0.3468359112739563	n/a	0.645908534526825	-0.06666325032711029	0.6780899167060852	0.3165864050388336	-0.26711004972457886	0.21874535083770752	0.9493281245231628	-0.36522176861763	0.7308015823364258	0.6596032977104187	-0.16003869473934174	0.03241065889596939	-0.04415639862418175	0.1881951093673706	-0.606677770614624	-0.03378327190876007	-0.5698481798171997	-0.6247147917747498	-0.20588941872119904	-0.7774976491928101	-0.024577774107456207	0.4560195803642273	-0.04113970324397087	0.04083849862217903	0.1588645726442337	0.2452566772699356	-0.17154674232006073	-0.4909629225730896	0.1206836849451065	-0.2871222496032715	0.3275914192199707	-0.40509292483329773	0.38277024030685425	-0.5388109087944031	0.13689807057380676	-0.42326319217681885	0.3948119580745697	-0.11115766316652298	-0.18307335674762726	0.3410051465034485	-0.010929711163043976	0.5718798637390137	0.36127352714538574	-0.07201402634382248	-0.16738855838775635
DMN_LABEL_18	0.8221121430397034	-0.14955466985702515	-0.34666308760643005	-0.48950111865997314	0.0884973481297493	0.011567464098334312	0.6196428537368774	n/a	0.4830285608768463	-0.47851118445396423	0.11465910077095032	-0.6217163801193237	-0.39160147309303284	-0.2577943801879883	-0.4150911569595337	0.8721295595169067	-0.5353450775146484	1.0	-0.22098079323768616	-0.5372190475463867	-0.6477760076522827	-0.15342813730239868	-0.2175973504781723	0.005534263327717781	-0.2006579488515854	0.6182613968849182	0.7884657382965088	0.7218707799911499	-0.11188166588544846	-0.2031039595603943	-0.4476788640022278	0.2797606289386749	0.01658155582845211	0.48669302463531494	n/a	-0.4854317903518677	-0.24960961937904358	-0.44153887033462524	-0.42358502745628357	-0.18627482652664185	-0.23561644554138184	-0.3538549840450287	-0.2617587745189667	-0.43793538212776184	-0.6544743776321411	-0.22713586688041687	-0.07987872511148453	0.0008512824424542487	-0.1326400190591812	0.5986699461936951	-0.28816697001457214	0.7488464117050171	0.800262451171875	0.48778247833251953	0.49093198776245117	0.483397901058197	-0.11696791648864746	-0.14375650882720947	-0.0791575163602829	0.08722610771656036	0.03818357363343239	0.25035643577575684	0.6448665261268616	-0.18191878497600555	0.29869234561920166	-0.17052941024303436	0.2849261462688446	-0.1156659796833992	0.6050902605056763	-0.05291679874062538	0.6517919301986694	-0.11824632436037064	0.059032686054706573	0.05386684834957123	0.07092373073101044	0.2430182546377182	-0.3454154431819916	-0.35971957445144653	-0.12320597469806671	-0.053463421761989594
VAN_LABEL_19	-0.0896330326795578	0.33009466528892517	-0.3230682909488678	0.36577868461608887	0.24263231456279755	-0.39764702320098877	-0.14377081394195557	n/a	-0.0843762755393982	0.04291044548153877	-0.25826579332351685	-0.11030889302492142	0.018900036811828613	0.5770927667617798	-0.37295421957969666	-0.136723592877388	-0.15661397576332092	-0.22098079323768616	1.0	0.06401528418064117	-0.019950365647673607	0.22466231882572174	0.03010929748415947	-0.4387708008289337	-0.04024892300367355	-0.16267910599708557	0.01403545867651701	0.3192206621170044	0.2572455108165741	-0.5122098326683044	0.3469846844673157	0.17738550901412964	-0.4175558388233185	-0.2096872329711914	n/a	-0.0683441236615181	-0.27570492029190063	0.04582316800951958	0.19837868213653564	0.584591805934906	-0.40639281272888184	-0.2298521250486374	0.7671976685523987	0.030984682962298393	-0.17869368195533752	-0.040806714445352554	0.06219916045665741	-0.422775536775589	-0.017777705565094948	-0.3709469139575958	-0.2564452290534973	-0.14607736468315125	-0.09637978672981262	-0.1372881829738617	-0.14355948567390442	0.05680512264370918	0.020908327773213387	0.048719365149736404	-0.21879838407039642	-0.04448407143354416	0.15956543385982513	-0.05949406698346138	-0.2321484535932541	-0.5648924112319946	-0.4904495179653168	-0.2735446095466614	-0.05306638404726982	-0.10835457593202591	0.2939230799674988	0.10975521057844162	-0.02824535220861435	-0.34468773007392883	-0.3422420024871826	-0.2551394999027252	-0.44278520345687866	-0.5050094723701477	-0.22453783452510834	-0.10812056809663773	-0.02722233533859253	0.08371975272893906
CO_LABEL_20	-0.6092458367347717	0.06075041741132736	0.2634536027908325	0.5261579751968384	0.4646032452583313	-0.1779954433441162	-0.5075525641441345	n/a	-0.2070741504430771	0.6004712581634521	-0.17320673167705536	0.6762986183166504	0.4287247657775879	0.10395513474941254	0.3128823935985565	-0.5537559986114502	0.756647527217865	-0.5372190475463867	0.06401528418064117	1.0	0.7561261653900146	-0.1856166422367096	0.1879098266363144	-0.19742919504642487	0.47189420461654663	-0.31467023491859436	-0.46206942200660706	-0.48105308413505554	0.06700719147920609	0.05556075647473335	0.6135589480400085	-0.004819881170988083	-0.29259225726127625	-0.44426730275154114	n/a	0.6405490636825562	0.0034256696235388517	0.5366578102111816	0.4988913834095001	0.10012365132570267	0.01717357523739338	0.6589052081108093	-0.046006083488464355	0.8224921226501465	0.6308149695396423	-0.21862149238586426	-0.26424136757850647	-0.26185527443885803	0.03765681013464928	-0.3928166329860687	0.03993517905473709	-0.6445667743682861	-0.4595995843410492	-0.1421198695898056	-0.5054559111595154	-0.11213137209415436	0.4387829005718231	-0.23470745980739594	-0.08678583800792694	0.3076017498970032	-0.02274438738822937	-0.2860536575317383	-0.6795872449874878	0.014617866836488247	-0.4678228199481964	0.20056845247745514	-0.003527710447087884	0.4935013949871063	-0.47874993085861206	0.1026960238814354	-0.44663479924201965	0.10340167582035065	0.0047348421066999435	-0.09401851147413254	0.31575649976730347	0.01719271019101143	0.5705263614654541	0.3628127872943878	-0.20900961756706238	0.05794395133852959
CO_LABEL_21	-0.6952331066131592	-0.17661654949188232	0.44383612275123596	0.367919921875	0.18319635093212128	-0.24202772974967957	-0.5071093440055847	n/a	-0.25982627272605896	0.8882535696029663	0.043221037834882736	0.8494504690170288	0.4931797385215759	-0.0914405956864357	0.4506381154060364	-0.6254355907440186	0.7816162109375	-0.6477760076522827	-0.019950365647673607	0.7561261653900146	1.0	0.14429819583892822	0.3231493830680847	-0.15730218589305878	0.40667039155960083	-0.2759789228439331	-0.43165725469589233	-0.5762646198272705	-0.18558266758918762	0.05346617475152016	0.47692036628723145	-0.15235598385334015	-0.35803356766700745	-0.5139577388763428	n/a	0.8682267069816589	0.20812876522541046	0.823053240776062	0.5936377644538879	-0.08463415503501892	0.1843307465314865	0.7232643365859985	-0.13845255970954895	0.705326497554779	0.9010345339775085	0.01144212856888771	0.04522337019443512	-0.2574068009853363	0.07952199876308441	-0.5970097780227661	0.04993126541376114	-0.8085546493530273	-0.7108627557754517	-0.2577599883079529	-0.6636594533920288	-0.11310292035341263	0.508933424949646	-0.03131909668445587	-0.038236044347286224	0.1993197798728943	0.023121898993849754	-0.3645969331264496	-0.7184373736381531	0.08442981541156769	-0.5046117305755615	0.45149102807044983	-0.11717919260263443	0.41409268975257874	-0.45199379324913025	-0.062222279608249664	-0.39890801906585693	0.3161553740501404	-0.13019981980323792	-0.15708677470684052	0.30124449729919434	-0.014651531353592873	0.5238997936248779	0.48035338521003723	-0.006097681820392609	-0.139178067445755
Sal_LABEL_22	-0.03697855398058891	-0.2263776808977127	0.04038400948047638	0.0351138561964035	-0.17674142122268677	-0.25694823265075684	-0.21669483184814453	n/a	-0.47670015692710876	0.10377500206232071	0.4470127522945404	0.028319064527750015	0.07531063258647919	-0.0645931288599968	0.03309348225593567	-0.1323552131652832	-0.1705222874879837	-0.15342813730239868	0.22466231882572174	-0.1856166422367096	0.14429819583892822	1.0	-0.0949418842792511	-0.2866443991661072	-0.38989225029945374	-0.12271128594875336	0.06113213300704956	-0.017591679468750954	-0.2987198233604431	-0.006956329569220543	-0.019874747842550278	0.049652524292469025	-0.13874170184135437	-0.28727585077285767	n/a	-0.13467468321323395	0.6084136962890625	-0.07037676125764847	-0.002821126254275441	-0.1340857744216919	0.14753054082393646	-0.19257795810699463	0.3310335874557495	-0.2100384682416916	0.25066518783569336	0.7778273224830627	-0.045162003487348557	-0.12323158234357834	-0.21764151751995087	-0.0007277610129676759	0.25416797399520874	-0.13972695171833038	-0.07821013033390045	-0.3675652742385864	0.08184339106082916	0.009819841012358665	-0.11898357421159744	0.4041728377342224	0.3471604287624359	-0.2863280177116394	-0.3206169605255127	-0.16103176772594452	-0.10290060192346573	0.022181523963809013	0.04831685870885849	-0.20515558123588562	-0.07297994941473007	-0.20701433718204498	0.20794594287872314	-0.1857091635465622	0.004319858271628618	0.09353399276733398	-0.11411509662866592	-0.2638442814350128	-0.09972347319126129	-0.05288339778780937	0.05987071245908737	0.3242313861846924	-0.012575817294418812	-0.2562517523765564
DAN_LABEL_23	-0.303322970867157	-0.00026947067817673087	0.14225289225578308	-0.17306537926197052	0.06802421063184738	0.16681939363479614	-0.25889265537261963	n/a	0.03520844876766205	0.4512794315814972	-0.37624040246009827	0.3714558482170105	0.17658478021621704	-0.24379922449588776	0.5034078359603882	-0.20226532220840454	0.4415985941886902	-0.2175973504781723	0.03010929748415947	0.1879098266363144	0.3231493830680847	-0.0949418842792511	1.0	0.22055833041667938	0.7305876016616821	-0.21886709332466125	-0.23767967522144318	-0.08253708481788635	0.0273448433727026	-0.08892400562763214	-0.10452330857515335	0.23600949347019196	0.1568019986152649	-0.22604729235172272	n/a	0.367301344871521	-0.34843820333480835	0.42380785942077637	0.20071198046207428	-0.22830995917320251	0.15611149370670319	0.473003625869751	-0.28503528237342834	0.4073268473148346	0.14983826875686646	-0.25758662819862366	0.6539963483810425	0.14581459760665894	0.31752386689186096	-0.4762671887874603	-0.21834036707878113	-0.3340971767902374	-0.31442445516586304	0.05664784088730812	-0.5614194869995117	0.2883368134498596	0.5162577629089355	0.02084670588374138	-0.1863078474998474	0.2515500485897064	0.3231096565723419	-0.0561232827603817	-0.3261002004146576	-0.2910526394844055	-0.18521353602409363	-0.04369283840060234	-0.13579174876213074	0.02321445196866989	-0.29739508032798767	0.36428603529930115	0.038445163518190384	0.24215105175971985	-0.21185140311717987	-0.15226580202579498	0.01787164807319641	-0.022149963304400444	0.12171421945095062	0.14155296981334686	0.04469354450702667	-0.045360125601291656
PMN_LABEL_24	0.2319822758436203	0.06488581746816635	0.18143364787101746	-0.20252998173236847	-0.2643623948097229	0.8500792384147644	0.20469659566879272	n/a	0.10313668847084045	-0.08733709156513214	-0.21315942704677582	-0.046662338078022	0.08879474550485611	-0.09223046898841858	0.13342168927192688	0.12166484445333481	-0.015563865192234516	0.005534263327717781	-0.4387708008289337	-0.19742919504642487	-0.15730218589305878	-0.2866443991661072	0.22055833041667938	1.0	0.08269896358251572	-0.24456113576889038	-0.31165310740470886	-0.16448643803596497	0.0627453476190567	0.34624433517456055	-0.2728344798088074	-0.017778215929865837	0.7422623634338379	0.35318177938461304	n/a	0.01499127596616745	-0.034106623381376266	-0.05811096727848053	-0.013990866020321846	-0.10491286963224411	0.10174243897199631	-0.02124771475791931	-0.4597657322883606	-0.13992474973201752	-0.11012410372495651	-0.059461645781993866	0.2306489646434784	0.9020834565162659	-0.12567073106765747	0.14486166834831238	0.03483862057328224	-0.0049561141058802605	0.021814949810504913	0.09240061044692993	-0.0330776646733284	-0.30904483795166016	-0.12047245353460312	-0.1867155283689499	-0.09182778745889664	0.24133659899234772	0.11004075407981873	0.13691383600234985	-0.05658998340368271	0.2662432789802551	0.3282320201396942	0.16014234721660614	0.047477900981903076	0.06286835670471191	-0.3193448483943939	0.15476877987384796	-0.2750023603439331	0.14217719435691833	0.1754981279373169	0.20673468708992004	0.18925896286964417	0.3537462651729584	-0.15861378610134125	-0.29636064171791077	0.17264601588249207	0.2565154731273651
DAN_LABEL_25	-0.2768060266971588	0.23446710407733917	-0.16516713798046112	-0.13001856207847595	0.30273282527923584	0.006905798800289631	-0.04710182175040245	n/a	0.3279348611831665	0.4736632704734802	-0.5437223315238953	0.4997783303260803	0.114749014377594	-0.3031949996948242	0.2939474582672119	-0.24078331887722015	0.6954540610313416	-0.2006579488515854	-0.04024892300367355	0.47189420461654663	0.40667039155960083	-0.38989225029945374	0.7305876016616821	0.08269896358251572	1.0	-0.14783157408237457	-0.279601126909256	-0.1448531597852707	0.3150619566440582	-0.30582940578460693	0.0742902010679245	0.09343349933624268	0.07234424352645874	-0.013648763298988342	n/a	0.4470587372779846	-0.5031473636627197	0.4785783886909485	0.31963759660720825	-0.2113054096698761	-0.1250665932893753	0.7348426580429077	-0.40048691630363464	0.6317400336265564	0.12340882420539856	-0.3580215275287628	0.4279227554798126	0.014118810184299946	0.52848219871521	-0.42379260063171387	-0.46314913034439087	-0.25541338324546814	-0.2878008484840393	0.2830578088760376	-0.6585309505462646	0.16576997935771942	0.49812033772468567	-0.19467082619667053	-0.24960283935070038	0.366659551858902	0.5884320139884949	-0.26853033900260925	-0.36080867052078247	-0.39510852098464966	-0.3630102872848511	0.1315230280160904	-0.29861730337142944	0.20374183356761932	-0.3432593047618866	0.4692803919315338	-0.17910046875476837	0.0608944408595562	-0.11423718929290771	-0.2163449078798294	0.2760288715362549	-0.021344054490327835	0.17034858465194702	0.16867151856422424	0.11263785511255264	0.1075645312666893
