Node	DMN_LABEL_1	Vis_LABEL_2	FP_LABEL_3	Aud_LABEL_4	Tpole_LABEL_5	PMN_LABEL_6	PON_LABEL_7	MTL_LABEL_8	PON_LABEL_9	CO_LABEL_10	Sal_LABEL_11	CO_LABEL_12	SMd_LABEL_13	SMl_LABEL_14	DAN_LABEL_15	DMN_LABEL_16	CO_LABEL_17	DMN_LABEL_18	VAN_LABEL_19	CO_LABEL_20	CO_LABEL_21	Sal_LABEL_22	DAN_LABEL_23	PMN_LABEL_24	DAN_LABEL_25	DMN_LABEL_26	DMN_LABEL_27	DMN_LABEL_28	Vis_LABEL_29	FP_LABEL_30	Aud_LABEL_31	Tpole_LABEL_32	PMN_LABEL_33	PON_LABEL_34	MTL_LABEL_35	CO_LABEL_36	Sal_LABEL_37	CO_LABEL_38	SMd_LABEL_39	SMl_LABEL_40	DAN_LABEL_41	CO_LABEL_42	VAN_LABEL_43	CO_LABEL_44	CO_LABEL_45	Sal_LABEL_46	DAN_LABEL_47	PMN_LABEL_48	DAN_LABEL_49	DMN_LABEL_50	FP_LABEL_51	DMN_LABEL_52	DMN_LABEL_53	PON_LABEL_54	DMN_LABEL_55	Tpole_LABEL_56	Tpole_LABEL_57	Sal_LABEL_58	Sal_LABEL_59	SMd_LABEL_60	DAN_LABEL_61	FP_LABEL_62	DMN_LABEL_63	FP_LABEL_64	FP_LABEL_65	SMd_LABEL_66	SMl_LABEL_67	SMd_LABEL_68	DMN_LABEL_69	DAN_LABEL_70	DMN_LABEL_71	FP_LABEL_72	SMd_LABEL_73	SMl_LABEL_74	MTL_LABEL_75	MTL_LABEL_76	CO_LABEL_77	CO_LABEL_78	Vis_LABEL_79	Vis_LABEL_80
DMN_LABEL_1	1.0	-0.5636242628097534	-0.007917004637420177	-0.11467355489730835	0.515040397644043	0.11731132864952087	0.43618243932724	n/a	0.15496955811977386	-0.3207148611545563	0.01237732544541359	-0.4245899021625519	0.015644926577806473	-0.22795921564102173	-0.004138209857046604	0.859359622001648	-0.06408696621656418	0.6858637928962708	0.41090521216392517	0.2889332175254822	-0.3384910523891449	-0.1585070937871933	-0.10930005460977554	0.5963422656059265	-0.24260705709457397	0.5804272890090942	0.5118288993835449	0.7937167286872864	-0.5525252819061279	0.14967744052410126	0.06113678961992264	0.4095940887928009	0.24025654792785645	-0.0016386688221246004	n/a	-0.4819251298904419	0.16399024426937103	-0.39204534888267517	0.07446325570344925	0.0037194055039435625	-0.01212347112596035	-0.06808263063430786	0.4370110034942627	0.08610034734010696	-0.30686911940574646	0.04271869733929634	-0.32973477244377136	0.25514739751815796	-0.2099103033542633	0.6648284196853638	0.4231661558151245	0.6270812749862671	0.45329299569129944	-0.09543970227241516	0.25375309586524963	-0.33670446276664734	-0.003038311842828989	-0.14559166133403778	0.06780219823122025	0.1852656602859497	-0.3409605920314789	-0.31672385334968567	0.5197746157646179	0.05560978502035141	0.2437131553888321	-0.06509408354759216	-0.3236266076564789	-0.12683828175067902	0.4873794615268707	-0.21577514708042145	0.6409431099891663	0.20653031766414642	-0.07977625727653503	-0.41075417399406433	-0.11160585284233093	-0.005288584623485804	-0.14704212546348572	-0.30905574560165405	-0.04131630063056946	0.10350368916988373
Vis_LABEL_2	-0.5636242628097534	1.0	-0.3623597323894501	-0.11685696244239807	-0.1726076304912567	-0.10143687576055527	-0.03335777670145035	n/a	0.1366158276796341	-0.09442087262868881	-0.3547500967979431	-0.09237387031316757	-0.4155215919017792	0.07887797057628632	-0.4747786521911621	-0.5003659725189209	-0.4750917851924896	-0.500074565410614	-0.16115346550941467	-0.6071522831916809	-0.15102477371692657	-0.14853507280349731	-0.27686887979507446	-0.4854355454444885	-0.07045295834541321	-0.28711825609207153	-0.5232528448104858	-0.5465160012245178	0.9450452923774719	-0.3664422333240509	-0.23490023612976074	-0.24498188495635986	-0.05224858596920967	0.3923976421356201	n/a	0.059291258454322815	-0.23705679178237915	0.04326415807008743	-0.42667508125305176	-0.0759703665971756	-0.4324822723865509	-0.39850133657455444	0.10565861314535141	-0.43414151668548584	-0.24246877431869507	0.0009764509741216898	0.06915705651044846	-0.09409400075674057	-0.15797655284404755	-0.18957218527793884	-0.13168388605117798	-0.27365294098854065	-0.3463729918003082	0.393074631690979	-0.19449946284294128	-0.0030977590940892696	-0.16787885129451752	-0.020783783867955208	0.042671989649534225	-0.4157474637031555	0.41439324617385864	0.061267413198947906	-0.2731866240501404	-0.15861542522907257	-0.17086942493915558	0.06715734302997589	0.07894345372915268	-0.06505536288022995	-0.08667832612991333	0.1437441110610962	-0.6677619218826294	-0.2836138606071472	-0.04872431978583336	0.19159671664237976	0.2850235402584076	0.10076358914375305	0.24274230003356934	0.1410192996263504	0.07336326688528061	0.02943466044962406
FP_LABEL_3	-0.007917004637420177	-0.3623597323894501	1.0	-0.15519088506698608	0.00853634998202324	-0.21606869995594025	-0.2798359990119934	n/a	-0.2597636878490448	0.06591993570327759	0.2030765563249588	-0.0018731256714090705	0.4170662760734558	0.07157810777425766	0.5930513739585876	0.20857518911361694	0.12801307439804077	0.21501389145851135	-0.13194571435451508	0.10346250981092453	0.14557774364948273	-0.019554467871785164	0.34584856033325195	0.06264946609735489	0.36392074823379517	-0.11779031157493591	0.5400736927986145	0.23511797189712524	-0.32973653078079224	0.4416835308074951	-0.05102578178048134	-0.002187941921874881	-0.3241325914859772	-0.32098492980003357	n/a	0.06081286817789078	-0.08206945657730103	0.0368785560131073	0.2437729835510254	0.01348567008972168	0.5479243397712708	-0.10055316984653473	-0.3472895324230194	-0.0678374171257019	0.07421376556158066	-0.06297226250171661	0.08658502250909805	-0.3029521703720093	0.3845750689506531	-0.21166831254959106	0.027402285486459732	-0.30230456590652466	-0.006369642913341522	-0.12776930630207062	0.23659126460552216	0.20256835222244263	-0.07124736160039902	0.02455507591366768	-0.3334121108055115	0.21415886282920837	-0.32583898305892944	0.002549669472500682	-0.22580786049365997	0.23705093562602997	0.1350988894701004	0.19316314160823822	0.2494286298751831	0.15673327445983887	-0.09472092986106873	-0.19302129745483398	0.2099013477563858	0.4395350515842438	-0.08119504153728485	0.14941705763339996	-0.2030474841594696	-0.42584851384162903	-0.21258293092250824	-0.2056899070739746	-0.15454982221126556	-0.21500621736049652
Aud_LABEL_4	-0.11467355489730835	-0.11685696244239807	-0.15519088506698608	1.0	0.05255013331770897	0.14079490303993225	-0.19843652844429016	n/a	-0.25744783878326416	0.46659642457962036	0.47033852338790894	0.420293390750885	0.0902305319905281	0.023358508944511414	-0.23366589844226837	-0.2987724840641022	0.35453805327415466	-0.0027290566358715296	0.1146940290927887	0.4321369230747223	0.44038382172584534	0.5589475035667419	0.02866131067276001	0.014496840536594391	-0.3947800397872925	-0.19515275955200195	-0.4145834445953369	-0.21607090532779694	-0.1933186799287796	-0.11096672713756561	0.841374397277832	-0.06494763493537903	0.19322311878204346	-0.1285131871700287	n/a	0.2954196333885193	0.35038644075393677	0.06638850271701813	0.21145093441009521	-0.27741286158561707	-0.05992402508854866	0.4346042275428772	-0.07608100026845932	0.609329879283905	0.26383906602859497	0.18308953940868378	-0.010984549298882484	0.09939470887184143	-0.2821968197822571	0.0028936814051121473	-0.23580269515514374	-0.009254173375666142	0.09930334240198135	-0.25567176938056946	-0.1360262930393219	0.07854511588811874	0.20346477627754211	0.3410791754722595	0.007390432991087437	0.23095732927322388	-0.020662864670157433	0.10238920152187347	-0.052146025002002716	0.19291874766349792	-0.04975532740354538	0.038951463997364044	-0.08471749722957611	0.12355372309684753	-0.06619925051927567	0.17228105664253235	-0.05559014901518822	-0.030213773250579834	0.017903845757246017	0.03804358094930649	0.10227370262145996	0.05690990388393402	0.06019238382577896	0.18635797500610352	0.06030871719121933	0.002512670587748289
Tpole_LABEL_5	0.515040397644043	-0.1726076304912567	0.00853634998202324	0.05255013331770897	1.0	-0.038604985922575	0.17321495711803436	n/a	0.06665504723787308	-0.168888121843338	-0.1591968983411789	-0.19726696610450745	-0.1707792431116104	0.08467736840248108	-0.1127331331372261	0.5208773612976074	-0.04175234213471413	0.47809815406799316	0.41172561049461365	0.19782689213752747	-0.24951320886611938	-0.22935594618320465	0.09647408872842789	0.18297037482261658	-0.13053421676158905	0.4256035089492798	0.35825449228286743	0.4823342561721802	-0.20611104369163513	-0.21840959787368774	0.18095751106739044	0.6034795641899109	0.10632051527500153	-0.03884045407176018	n/a	-0.3076275587081909	0.012336012907326221	-0.2537985146045685	0.17516584694385529	-0.031652845442295074	0.015454606153070927	-0.056895654648542404	0.21818096935749054	0.2015586644411087	-0.2923699915409088	-0.26650506258010864	0.002693348564207554	0.03336416184902191	-0.13748455047607422	0.3477102220058441	0.24598538875579834	0.4230850636959076	0.0791822224855423	-0.05745818838477135	0.14130890369415283	0.09191875159740448	0.15481235086917877	0.11189369857311249	0.03713762015104294	-0.005208092276006937	-0.27904415130615234	-0.33006036281585693	0.14788556098937988	0.03505010902881622	0.0049850898794829845	0.38269299268722534	-0.08808726817369461	-0.1102169081568718	0.5329020023345947	0.06471829116344452	0.4462555944919586	0.0014751299750059843	-0.10529576241970062	0.03840245306491852	0.004571090452373028	0.17535559833049774	0.2105914056301117	-0.20960837602615356	0.1886151134967804	0.19232945144176483
PMN_LABEL_6	0.11731132864952087	-0.10143687576055527	-0.21606869995594025	0.14079490303993225	-0.038604985922575	1.0	-0.02153494954109192	n/a	-0.2806239724159241	0.12227053195238113	0.284859299659729	-8.888586307875812e-05	0.03109157644212246	0.054397858679294586	-0.05259941890835762	-0.11718183010816574	0.13682794570922852	-0.14385992288589478	0.18349696695804596	0.08954145759344101	0.16365835070610046	0.28344446420669556	-0.07106579840183258	0.6114035248756409	-0.26591747999191284	-0.24632713198661804	-0.3503277599811554	0.022110015153884888	-0.10731270909309387	0.11490263789892197	0.040619611740112305	-0.08954160660505295	0.5923166275024414	0.02322760969400406	n/a	0.09847046434879303	0.3923306167125702	-0.08190436661243439	-0.08457303047180176	0.01931331306695938	-0.1320989727973938	0.21350742876529694	0.09948185086250305	0.22633130848407745	0.17783117294311523	0.08627244085073471	0.016206325963139534	0.6854302883148193	-0.13110961019992828	0.24051105976104736	0.0009421820868737996	-0.02165527641773224	0.05709252133965492	-0.2850108742713928	0.1302347183227539	-0.31361815333366394	-0.15690411627292633	-0.0014479534002020955	0.09322007745504379	-0.16353704035282135	-0.007795178331434727	0.12558160722255707	0.14258046448230743	0.19656898081302643	-0.12474693357944489	-0.26716533303260803	-0.138292133808136	-0.3053409457206726	-0.16172686219215393	0.09237779676914215	-0.17267605662345886	0.11481759697198868	0.139985591173172	-0.2103687971830368	0.013846672140061855	0.13355006277561188	0.029122916981577873	0.012695887126028538	0.030375657603144646	-0.18357490003108978
PON_LABEL_7	0.43618243932724	-0.03335777670145035	-0.2798359990119934	-0.19843652844429016	0.17321495711803436	-0.02153494954109192	1.0	n/a	0.6277361512184143	-0.3242376446723938	-0.15254370868206024	-0.44388750195503235	-0.29018956422805786	-0.1857762336730957	-0.2561730444431305	0.38794881105422974	-0.19758619368076324	0.21893663704395294	0.10811362415552139	-0.052198007702827454	-0.399119108915329	-0.22688235342502594	-0.3025761842727661	0.15586847066879272	-0.1275741010904312	0.35854995250701904	0.19043900072574615	0.36203163862228394	-0.01067395694553852	-0.014543402008712292	-0.20143793523311615	0.15211471915245056	0.06816914677619934	0.7019346952438354	n/a	-0.43754953145980835	-0.012771018780767918	-0.42440247535705566	-0.17997434735298157	-0.006662569474428892	-0.3216320276260376	-0.13822166621685028	0.506956934928894	-0.008965559303760529	-0.3792261481285095	0.18945032358169556	-0.3115624785423279	0.13613393902778625	-0.14512886106967926	0.4264553487300873	0.47271838784217834	0.47440311312675476	0.18743276596069336	0.46108660101890564	0.21160095930099487	-0.38667032122612	0.017827479168772697	-0.16856242716312408	0.10465749353170395	-0.17742231488227844	-0.03068854659795761	-0.1570214480161667	0.5265923142433167	-0.03368492051959038	0.23335395753383636	-0.10769379884004593	-0.2431662529706955	-0.14652855694293976	0.3757389783859253	0.0009271286544390023	0.0693214014172554	0.000846949580591172	-0.10586521029472351	-0.2916962206363678	-0.2175140380859375	0.09304340928792953	-0.1699269711971283	-0.21026812493801117	0.305105596780777	0.21560528874397278
MTL_LABEL_8	n/a	n/a	n/a	n/a	n/a	n/a	n/a	1.0	n/a	n/a	n/a	n/a	n/a	n/a	n/a	n/a	n/a	n/a	n/a	n/a	n/a	n/a	n/a	n/a	n/a	n/a	n/a	n/a	n/a	n/a	n/a	n/a	n/a	n/a	n/a	n/a	n/a	n/a	n/a	n/a	n/a	n/a	n/a	n/a	n/a	n/a	n/a	n/a	n/a	n/a	n/a	n/a	n/a	n/a	n/a	n/a	n/a	n/a	n/a	n/a	n/a	n/a	n/a	n/a	n/a	n/a	n/a	n/a	n/a	n/a	n/a	n/a	n/a	n/a	n/a	n/a	n/a	n/a	n/a	n/a
PON_LABEL_9	0.15496955811977386	0.1366158276796341	-0.2597636878490448	-0.25744783878326416	0.06665504723787308	-0.2806239724159241	0.6277361512184143	n/a	1.0	-0.3012672960758209	-0.2962024509906769	-0.34034499526023865	-0.20715612173080444	0.00643067667260766	-0.22387054562568665	0.2206415832042694	-0.2904818058013916	0.09788390249013901	-0.2462870180606842	-0.1691768318414688	-0.4197968542575836	-0.3851255178451538	-0.14775727689266205	-0.19103573262691498	0.09854388236999512	0.3351138234138489	0.13385696709156036	-0.01561764907091856	0.19945718348026276	-0.11862904578447342	-0.3119118809700012	0.13220715522766113	-0.28224852681159973	0.5516473054885864	n/a	-0.3640802502632141	-0.21656253933906555	0.05819261446595192	-0.14983391761779785	0.1141924113035202	-0.24110804498195648	-0.23683282732963562	0.2806684970855713	-0.2255619913339615	-0.284452885389328	0.06409754604101181	-0.18697591125965118	-0.15115201473236084	0.042062629014253616	0.20259107649326324	0.2224137932062149	0.38859647512435913	0.08296115696430206	0.6332368850708008	-0.06253772228956223	0.08291379362344742	0.18511508405208588	-0.2359030693769455	0.055616896599531174	-0.15479733049869537	0.2833011746406555	-0.25328078866004944	0.13664370775222778	-0.23880386352539062	0.0366349034011364	-0.037207506597042084	-0.2785922884941101	-0.16961577534675598	0.12819582223892212	0.12418599426746368	-0.048297662287950516	-0.0844164490699768	-0.19288457930088043	-0.3097279369831085	0.06746455281972885	0.1437617838382721	-0.17152605950832367	-0.1728820651769638	0.19954650104045868	0.1632302701473236
CO_LABEL_10	-0.3207148611545563	-0.09442087262868881	0.06591993570327759	0.46659642457962036	-0.168888121843338	0.12227053195238113	-0.3242376446723938	n/a	-0.3012672960758209	1.0	0.24485008418560028	0.740954577922821	0.39533892273902893	0.29479432106018066	0.19972707331180573	-0.39991068840026855	0.6904709935188293	-0.15699134767055511	-0.1371849626302719	0.42622941732406616	0.8510681390762329	0.4028906226158142	0.23502400517463684	-0.18713979423046112	0.004265633411705494	-0.37938252091407776	-0.19867338240146637	-0.426016241312027	-0.13244974613189697	-0.3285380005836487	0.47398287057876587	-0.22965189814567566	-0.056097328662872314	-0.22872163355350494	n/a	0.8507009744644165	0.09745877236127853	0.5663995146751404	0.3657744526863098	0.16536404192447662	0.07379166781902313	0.6745502948760986	-0.3422137200832367	0.6529209613800049	0.7167314887046814	-0.2028672844171524	0.09016650170087814	-0.2523936927318573	-0.06301827728748322	-0.3544224798679352	-0.5706432461738586	-0.433494508266449	-0.3771820664405823	-0.45989248156547546	-0.40377292037010193	0.15608219802379608	0.3383518159389496	-0.026012521237134933	-0.2695971131324768	0.005858233198523521	-0.032545141875743866	0.10622265189886093	-0.4507627785205841	0.06441137194633484	-0.17339791357517242	0.0934227779507637	0.15560686588287354	0.04344416409730911	-0.08727774024009705	0.08259641379117966	-0.19014915823936462	-0.05655473470687866	0.1652238965034485	0.17093074321746826	-0.17471256852149963	-0.1447766125202179	0.07185965776443481	0.14915941655635834	-0.013981964439153671	0.01980445347726345
Sal_LABEL_11	0.01237732544541359	-0.3547500967979431	0.2030765563249588	0.47033852338790894	-0.1591968983411789	0.284859299659729	-0.15254370868206024	n/a	-0.2962024509906769	0.24485008418560028	1.0	0.20369969308376312	0.03556521609425545	-0.27996599674224854	0.10061608999967575	-0.1402481645345688	0.20143981277942657	0.2063850611448288	0.08643998950719833	0.21579793095588684	0.3287412226200104	0.7506540417671204	-0.027227027341723442	0.16455715894699097	-0.18389791250228882	-0.017726628109812737	-0.15670570731163025	-0.019389819353818893	-0.33354654908180237	0.3692123591899872	0.23057396709918976	-0.05462213233113289	0.19958540797233582	-0.16359548270702362	n/a	0.2534817159175873	0.7161575555801392	0.013432762585580349	-0.10348791629076004	-0.37777188420295715	0.20160581171512604	0.17925730347633362	0.051009900867938995	0.3596261739730835	0.24933059513568878	0.547235906124115	-0.06564778089523315	0.10867531597614288	-0.034828752279281616	0.016325924545526505	-0.11311835795640945	0.0029666698537766933	0.4112381637096405	-0.18035641312599182	0.19691681861877441	-0.06862568110227585	0.16355757415294647	0.44198471307754517	0.10593103617429733	0.05462836101651192	-0.03795306384563446	0.4465678930282593	0.09645511955022812	0.1325594186782837	0.038130395114421844	-0.20603926479816437	0.011661694385111332	0.05269134044647217	-0.21973511576652527	0.04387674853205681	-0.020752722397446632	0.23402182757854462	0.09818369150161743	-0.13301289081573486	0.004721337929368019	-0.07640708237886429	-0.00034398239222355187	0.336263507604599	-0.11956372112035751	-0.08681967109441757
CO_LABEL_12	-0.4245899021625519	-0.09237387031316757	-0.0018731256714090705	0.420293390750885	-0.19726696610450745	-8.888586307875812e-05	-0.44388750195503235	n/a	-0.34034499526023865	0.740954577922821	0.20369969308376312	1.0	0.38520485162734985	0.2676597833633423	0.2581382393836975	-0.4740849733352661	0.6286446452140808	-0.29230594635009766	-0.17329081892967224	0.30996742844581604	0.7739826440811157	0.39471888542175293	0.4200001060962677	-0.23804859817028046	0.07188734412193298	-0.2811582088470459	-0.23994453251361847	-0.5043151378631592	-0.09181351214647293	-0.3299877643585205	0.3712012469768524	-0.1886848658323288	-0.07593482732772827	-0.271696001291275	n/a	0.7791069149971008	0.08862005174160004	0.6256804466247559	0.24941760301589966	0.1283901184797287	0.12227365374565125	0.672621488571167	-0.48810648918151855	0.4963032007217407	0.7308493852615356	-0.2279205322265625	0.31716611981391907	-0.264278769493103	0.10476430505514145	-0.5912295579910278	-0.652595579624176	-0.5159950256347656	-0.376652330160141	-0.3769615590572357	-0.4735289216041565	0.24063090980052948	0.292746365070343	0.18100722134113312	-0.14568404853343964	0.10389123111963272	0.12029536813497543	0.22005942463874817	-0.494253009557724	-0.123135045170784	-0.35706713795661926	0.06037933751940727	0.2663990259170532	0.18199129402637482	-0.2096555531024933	0.30835285782814026	-0.1633530706167221	-0.141921728849411	0.2458832710981369	0.34550589323043823	0.021335817873477936	-0.024131663143634796	0.18430829048156738	0.3813042938709259	-0.015170415863394737	-0.056058380752801895
SMd_LABEL_13	0.015644926577806473	-0.4155215919017792	0.4170662760734558	0.0902305319905281	-0.1707792431116104	0.03109157644212246	-0.29018956422805786	n/a	-0.20715612173080444	0.39533892273902893	0.03556521609425545	0.38520485162734985	1.0	0.04752829298377037	0.4409545660018921	0.0733315646648407	0.5711120367050171	-0.03817221522331238	-0.2325817197561264	0.43239691853523254	0.5553370714187622	0.09982448071241379	0.3112795650959015	0.22133925557136536	0.17015226185321808	-0.1777520328760147	0.3365834653377533	0.0010545540135353804	-0.4237542152404785	-0.023086879402399063	0.14861735701560974	-0.1815381497144699	-0.21376489102840424	-0.4015464782714844	n/a	0.31091320514678955	-0.09034869074821472	0.3753979504108429	0.4466839134693146	0.09316598623991013	0.1415502279996872	0.48933911323547363	-0.3912438154220581	0.24832835793495178	0.5483340620994568	-0.23894745111465454	-0.05409299209713936	-0.19246739149093628	0.18033644556999207	-0.33900606632232666	-0.3662652373313904	-0.3097834885120392	-0.27110233902931213	-0.305500328540802	-0.31816545128822327	0.1185009554028511	0.002124072052538395	-0.15381278097629547	-0.18972191214561462	0.32761886715888977	-0.0806785300374031	0.039862874895334244	-0.3183879554271698	-0.11188740283250809	-0.15638136863708496	0.04707800969481468	0.1098720133304596	0.4501878619194031	-0.21108445525169373	-0.1869473159313202	0.3325020372867584	0.18866890668869019	0.4063444435596466	0.04630771651864052	-0.1753728836774826	-0.3758900463581085	-0.14359603822231293	-0.0813046395778656	-0.2941773235797882	-0.19933156669139862
SMl_LABEL_14	-0.22795921564102173	0.07887797057628632	0.07157810777425766	0.023358508944511414	0.08467736840248108	0.054397858679294586	-0.1857762336730957	n/a	0.00643067667260766	0.29479432106018066	-0.27996599674224854	0.2676597833633423	0.04752829298377037	1.0	-0.019456462934613228	-0.12615393102169037	0.14003421366214752	-0.22885528206825256	0.0022064747754484415	-0.059419505298137665	0.18813936412334442	-0.3173658549785614	0.15733470022678375	-0.1576773077249527	0.21572919189929962	-0.24866725504398346	0.04851431027054787	-0.18109643459320068	0.10530979931354523	-0.37308409810066223	0.19807521998882294	0.004829377867281437	-0.2343384176492691	-0.055816832929849625	n/a	0.27633073925971985	-0.40083348751068115	0.27030277252197266	0.16365118324756622	0.821265459060669	-0.03578207269310951	0.10133683681488037	-0.2569771707057953	0.1610458344221115	0.09588716924190521	-0.4409938156604767	0.1767333596944809	-0.1670960932970047	0.08770974725484848	-0.21897198259830475	-0.22138197720050812	-0.23509469628334045	-0.4448966681957245	-0.19680511951446533	-0.30148279666900635	0.20913048088550568	0.29053783416748047	-0.03347054123878479	-0.23630580306053162	0.15645012259483337	-0.11831428855657578	-0.2250518798828125	-0.4152252972126007	0.03255592659115791	-0.28548628091812134	0.2045385092496872	0.4190019369125366	-0.04912586137652397	0.10610399395227432	0.17371883988380432	-0.15285736322402954	-0.10606667399406433	-0.15366919338703156	0.29449155926704407	-0.06450172513723373	0.11764418333768845	0.058518778532743454	-0.01476355642080307	0.1990698128938675	0.2498459368944168
DAN_LABEL_15	-0.004138209857046604	-0.4747786521911621	0.5930513739585876	-0.23366589844226837	-0.1127331331372261	-0.05259941890835762	-0.2561730444431305	n/a	-0.22387054562568665	0.19972707331180573	0.10061608999967575	0.2581382393836975	0.4409545660018921	-0.019456462934613228	1.0	0.06234801560640335	0.5538880825042725	0.0243645291775465	-0.35643839836120605	0.29194945096969604	0.3516266942024231	-0.02580668404698372	0.7345766425132751	-0.03905029967427254	0.6766533255577087	-0.16715316474437714	0.4577156901359558	0.016666851937770844	-0.41057512164115906	0.16353259980678558	-0.1469254046678543	-0.08701024204492569	-0.2702091932296753	-0.3076135516166687	n/a	0.2707081735134125	-0.11992115527391434	0.19997602701187134	0.34354257583618164	0.10333491116762161	0.7523293495178223	0.37844473123550415	-0.6015076041221619	0.18696963787078857	0.48001113533973694	-0.3795011639595032	0.5452134609222412	-0.30202892422676086	0.6899333000183105	-0.34453997015953064	-0.2623920142650604	-0.3729937970638275	-0.24568919837474823	-0.11737427860498428	-0.04228278994560242	0.20984221994876862	0.07646258920431137	-0.07920783013105392	-0.18002283573150635	0.12907597422599792	-0.1810474842786789	0.09718289226293564	-0.3594822883605957	-0.1670284867286682	-0.18929731845855713	0.0557638555765152	0.15022623538970947	0.01616816036403179	-0.128299281001091	-0.012155498377978802	0.22293631732463837	0.07018836587667465	0.1628759801387787	0.0068645174615085125	-0.1452006995677948	-0.22681666910648346	-0.06923474371433258	-0.02979457937180996	0.05451606214046478	-0.17251048982143402
DMN_LABEL_16	0.859359622001648	-0.5003659725189209	0.20857518911361694	-0.2987724840641022	0.5208773612976074	-0.11718183010816574	0.38794881105422974	n/a	0.2206415832042694	-0.39991068840026855	-0.1402481645345688	-0.4740849733352661	0.0733315646648407	-0.12615393102169037	0.06234801560640335	1.0	-0.1705484837293625	0.731421709060669	0.37422943115234375	0.2358568161725998	-0.4588814377784729	-0.4342738091945648	-0.12933309376239777	0.4732334315776825	-0.08958475291728973	0.5860121846199036	0.7237440347671509	0.8638371825218201	-0.4941982626914978	0.1797243058681488	-0.08528758585453033	0.4625990688800812	0.09034725278615952	-0.05015196651220322	n/a	-0.5296697616577148	-0.06067249923944473	-0.3249722719192505	0.0697455033659935	0.11010409891605377	-0.02066853456199169	-0.27655014395713806	0.33119112253189087	-0.10996323078870773	-0.4200488328933716	-0.0851345956325531	-0.38924312591552734	0.07692892104387283	-0.13537757098674774	0.5514038801193237	0.5144158601760864	0.522395670413971	0.379685640335083	-0.019261809065937996	0.2695629894733429	-0.2513136565685272	-0.046184636652469635	-0.2312995344400406	0.04969148710370064	0.15952004492282867	-0.5030767917633057	-0.4098382592201233	0.4043605327606201	0.089162178337574	0.2525429427623749	0.04474698752164841	-0.19475127756595612	0.0003209016576875001	0.5022022128105164	-0.3006683588027954	0.6735760569572449	0.3294614851474762	-0.13951562345027924	-0.2341032475233078	-0.035436831414699554	-0.05776526406407356	-0.21003437042236328	-0.3022463321685791	-0.04557446017861366	0.14547574520111084
CO_LABEL_17	-0.06408696621656418	-0.4750917851924896	0.12801307439804077	0.35453805327415466	-0.04175234213471413	0.13682794570922852	-0.19758619368076324	n/a	-0.2904818058013916	0.6904709935188293	0.20143981277942657	0.6286446452140808	0.5711120367050171	0.14003421366214752	0.5538880825042725	-0.1705484837293625	1.0	-0.1276061236858368	-0.13849706947803497	0.6686244606971741	0.7916890382766724	0.30379974842071533	0.5528347492218018	-0.01270491722971201	0.30265748500823975	-0.3348945081233978	0.10507379472255707	-0.18138889968395233	-0.5053128600120544	-0.250671923160553	0.35478606820106506	-0.15934696793556213	-0.10123047232627869	-0.3471332788467407	n/a	0.5642821192741394	0.010262769646942616	0.37628406286239624	0.5636723637580872	0.10259652882814407	0.35760319232940674	0.9153234362602234	-0.4883861243724823	0.7873380780220032	0.801904559135437	-0.42850640416145325	0.3219236433506012	-0.25088462233543396	0.32632601261138916	-0.38393139839172363	-0.5528812408447266	-0.36986902356147766	-0.42159631848335266	-0.4123174250125885	-0.40759366750717163	0.1762998253107071	0.2548178434371948	-0.09769740700721741	-0.2466137409210205	0.2388714849948883	-0.09293188899755478	0.036185529083013535	-0.3915409445762634	-0.08130455762147903	-0.3259817957878113	0.1674921214580536	0.18394459784030914	0.1707334965467453	-0.008342716842889786	-0.0066724480129778385	0.1922631859779358	-0.11482129991054535	0.42705845832824707	0.01577269844710827	-0.2413967102766037	-0.16042844951152802	0.08150110393762589	0.0695827379822731	0.1827719360589981	-0.12999528646469116
DMN_LABEL_18	0.6858637928962708	-0.500074565410614	0.21501389145851135	-0.0027290566358715296	0.47809815406799316	-0.14385992288589478	0.21893663704395294	n/a	0.09788390249013901	-0.15699134767055511	0.2063850611448288	-0.29230594635009766	-0.03817221522331238	-0.22885528206825256	0.0243645291775465	0.731421709060669	-0.1276061236858368	1.0	0.320400208234787	0.2670355439186096	-0.27811700105667114	-0.0074125067330896854	-0.2079634815454483	0.2614900469779968	-0.32350361347198486	0.7097055912017822	0.4299548864364624	0.6362637281417847	-0.45073461532592773	0.3189994692802429	0.06106920912861824	0.5379635095596313	0.1011984795331955	-0.14442205429077148	n/a	-0.3117944598197937	0.26068177819252014	-0.14710040390491486	0.0598609521985054	-0.07276447117328644	0.18656961619853973	-0.18561337888240814	0.33414188027381897	0.028163764625787735	-0.2826816141605377	0.2439068853855133	-0.357403039932251	-0.007208514492958784	-0.17382469773292542	0.4884210228919983	0.36309874057769775	0.6132737398147583	0.6140962243080139	-0.11297915130853653	0.34118589758872986	-0.04790038615465164	0.17221087217330933	0.08994412422180176	0.11409678310155869	0.1316952258348465	-0.49526312947273254	-0.12163861095905304	0.4436514377593994	0.15918301045894623	0.38294482231140137	0.06365977227687836	-0.20035897195339203	-0.0225782822817564	0.3716393709182739	-0.14407870173454285	0.6053482890129089	0.3312161862850189	-0.34323734045028687	-0.10430922359228134	-0.0031589162535965443	0.10446497797966003	-0.3046887516975403	-0.24210134148597717	-0.0735926628112793	0.09710080176591873
VAN_LABEL_19	0.41090521216392517	-0.16115346550941467	-0.13194571435451508	0.1146940290927887	0.41172561049461365	0.18349696695804596	0.10811362415552139	n/a	-0.2462870180606842	-0.1371849626302719	0.08643998950719833	-0.17329081892967224	-0.2325817197561264	0.0022064747754484415	-0.35643839836120605	0.37422943115234375	-0.13849706947803497	0.320400208234787	1.0	0.1837129443883896	-0.2693008482456207	0.05120578408241272	-0.3280145227909088	0.4329724609851837	-0.43048909306526184	0.13540536165237427	0.011212998069822788	0.5186159610748291	-0.23244363069534302	0.16521055996418	0.14982585608959198	0.36065882444381714	0.6208536028862	-0.31309565901756287	n/a	-0.24556103348731995	0.20995277166366577	-0.37882936000823975	-0.09742520749568939	-0.030320852994918823	-0.22402800619602203	-0.21331524848937988	0.5028729438781738	0.14142462611198425	-0.3095180094242096	0.11271582543849945	-0.4325478971004486	0.36544615030288696	-0.39568427205085754	0.2958280146121979	0.37907058000564575	0.3293646275997162	0.24064327776432037	-0.3602530062198639	0.2504793703556061	-0.24570800364017487	-0.24234135448932648	0.23033633828163147	0.21605202555656433	0.2207709550857544	-0.4498913884162903	-0.08420850336551666	0.3528359532356262	0.4366524815559387	0.276458740234375	-0.003502613166347146	-0.2231137603521347	0.05248367413878441	0.36270445585250854	-0.19953958690166473	0.18890148401260376	0.16135840117931366	-0.11691193282604218	-0.05234191566705704	0.0042078569531440735	0.11533772200345993	0.13352230191230774	0.07538818567991257	0.160366028547287	0.08513695746660233
CO_LABEL_20	0.2889332175254822	-0.6071522831916809	0.10346250981092453	0.4321369230747223	0.19782689213752747	0.08954145759344101	-0.052198007702827454	n/a	-0.1691768318414688	0.42622941732406616	0.21579793095588684	0.30996742844581604	0.43239691853523254	-0.059419505298137665	0.29194945096969604	0.2358568161725998	0.6686244606971741	0.2670355439186096	0.1837129443883896	1.0	0.3909159302711487	0.21059778332710266	0.3129202723503113	0.26421114802360535	-0.037060800939798355	0.017556892707943916	0.19961534440517426	0.16936331987380981	-0.6274682879447937	-0.04168987646698952	0.4772452116012573	0.21185468137264252	0.12341225147247314	-0.3256448209285736	n/a	0.20807069540023804	0.15458445250988007	0.14866101741790771	0.5509840250015259	-0.04377327859401703	0.27140477299690247	0.6026511788368225	-0.14543041586875916	0.7133817672729492	0.4531804323196411	-0.1897769570350647	-0.040784165263175964	-0.04573604092001915	0.08671049028635025	0.008518379181623459	-0.19400326907634735	0.1003529354929924	0.0033927985932677984	-0.3410148024559021	-0.18855708837509155	-0.10100748389959335	0.0476079098880291	-0.2075648307800293	-0.31001055240631104	0.31161773204803467	-0.23386670649051666	-0.1920485943555832	-0.044992730021476746	0.14733262360095978	-0.1250883787870407	0.0300137922167778	-0.23229603469371796	0.13166731595993042	0.08326806873083115	-0.13630063831806183	0.3724175989627838	0.10130800306797028	0.05743206664919853	-0.14343708753585815	-0.058806411921978	-0.16171710193157196	0.05432639271020889	0.004877147730439901	0.03055405244231224	-0.01598335988819599
CO_LABEL_21	-0.3384910523891449	-0.15102477371692657	0.14557774364948273	0.44038382172584534	-0.24951320886611938	0.16365835070610046	-0.399119108915329	n/a	-0.4197968542575836	0.8510681390762329	0.3287412226200104	0.7739826440811157	0.5553370714187622	0.18813936412334442	0.3516266942024231	-0.4588814377784729	0.7916890382766724	-0.27811700105667114	-0.2693008482456207	0.3909159302711487	1.0	0.5397561192512512	0.3657810389995575	-0.16548627614974976	0.1073947474360466	-0.4406510591506958	-0.16937820613384247	-0.4661695063114166	-0.1731153130531311	-0.29450637102127075	0.3723507523536682	-0.3501396179199219	-0.12960949540138245	-0.24378210306167603	n/a	0.815156102180481	0.09417619556188583	0.528328537940979	0.25015273690223694	0.07908229529857635	0.18755611777305603	0.7756329774856567	-0.4675077199935913	0.6049668192863464	0.8667447566986084	-0.1913667470216751	0.274676114320755	-0.2911660373210907	0.12021041661500931	-0.4843156933784485	-0.7129293084144592	-0.5750741362571716	-0.4164412021636963	-0.40440282225608826	-0.4648396372795105	0.20815856754779816	0.2997615337371826	0.02613019198179245	-0.2973049581050873	0.05504202842712402	0.07033103704452515	0.23274683952331543	-0.517982006072998	-0.11448022723197937	-0.3078691363334656	0.11364703625440598	0.32760947942733765	0.1753019392490387	-0.11364879459142685	0.17041419446468353	-0.15409113466739655	-0.06169561296701431	0.40095117688179016	0.2340875118970871	-0.1418362855911255	-0.2672339677810669	0.07016617804765701	0.147074893116951	-0.03830518573522568	-0.1441003680229187
Sal_LABEL_22	-0.1585070937871933	-0.14853507280349731	-0.019554467871785164	0.5589475035667419	-0.22935594618320465	0.28344446420669556	-0.22688235342502594	n/a	-0.3851255178451538	0.4028906226158142	0.7506540417671204	0.39471888542175293	0.09982448071241379	-0.3173658549785614	-0.02580668404698372	-0.4342738091945648	0.30379974842071533	-0.0074125067330896854	0.05120578408241272	0.21059778332710266	0.5397561192512512	1.0	-0.05952255800366402	0.05354870855808258	-0.37358421087265015	-0.1226968839764595	-0.5011773705482483	-0.27950891852378845	-0.14119556546211243	0.2234208732843399	0.2547290623188019	-0.1703903079032898	0.24008432030677795	-0.1662098914384842	n/a	0.4455659091472626	0.6447139382362366	0.14315582811832428	-0.07194163650274277	-0.43263858556747437	0.15909035503864288	0.4022413492202759	0.025076424703001976	0.3658977150917053	0.48238834738731384	0.5261397361755371	0.007652926724404097	0.11858250200748444	-0.1048329696059227	-0.1402750015258789	-0.3419598340988159	-0.1658421903848648	0.24805119633674622	-0.29324933886528015	0.051525216549634933	0.05775648355484009	0.0962277352809906	0.358344167470932	0.01370830088853836	0.035641856491565704	0.17944391071796417	0.48993077874183655	0.02564310096204281	0.10486524552106857	0.09490633010864258	-0.19064868986606598	-0.005785773508250713	0.03969322517514229	-0.2590983808040619	0.16638515889644623	-0.2411332130432129	0.10479766875505447	0.21161679923534393	0.03334956243634224	-0.10759181529283524	-0.14194026589393616	-0.014010838232934475	0.2078753113746643	-0.16598807275295258	-0.28623488545417786
DAN_LABEL_23	-0.10930005460977554	-0.27686887979507446	0.34584856033325195	0.02866131067276001	0.09647408872842789	-0.07106579840183258	-0.3025761842727661	n/a	-0.14775727689266205	0.23502400517463684	-0.027227027341723442	0.4200001060962677	0.3112795650959015	0.15733470022678375	0.7345766425132751	-0.12933309376239777	0.5528347492218018	-0.2079634815454483	-0.3280145227909088	0.3129202723503113	0.3657810389995575	-0.05952255800366402	1.0	-0.16740116477012634	0.6841462850570679	-0.2775249481201172	0.30096325278282166	-0.1497994363307953	-0.21455992758274078	-0.19928094744682312	0.1010289266705513	-0.039100728929042816	-0.3253118097782135	-0.17254452407360077	n/a	0.23884041607379913	-0.24295632541179657	0.19440065324306488	0.45852187275886536	0.06666795164346695	0.6263539791107178	0.4607025980949402	-0.735054612159729	0.3368855118751526	0.43974125385284424	-0.5575267672538757	0.7889411449432373	-0.36589422821998596	0.6595638990402222	-0.5187425017356873	-0.35962578654289246	-0.39041775465011597	-0.4828450679779053	0.053671855479478836	-0.2006703019142151	0.3093121349811554	0.07265736907720566	0.053593479096889496	-0.3019610345363617	0.2701055705547333	0.12352772057056427	-0.002264239126816392	-0.5526307225227356	-0.22828266024589539	-0.4978502094745636	0.23947863280773163	0.1029282882809639	0.02603933773934841	-0.13922615349292755	0.2393556386232376	0.11484704911708832	-0.17554447054862976	0.22456376254558563	-0.025303859263658524	-0.02181101217865944	-0.08212055265903473	0.30425184965133667	0.06862862408161163	0.2098027616739273	-0.1284749060869217
PMN_LABEL_24	0.5963422656059265	-0.4854355454444885	0.06264946609735489	0.014496840536594391	0.18297037482261658	0.6114035248756409	0.15586847066879272	n/a	-0.19103573262691498	-0.18713979423046112	0.16455715894699097	-0.23804859817028046	0.22133925557136536	-0.1576773077249527	-0.03905029967427254	0.4732334315776825	-0.01270491722971201	0.2614900469779968	0.4329724609851837	0.26421114802360535	-0.16548627614974976	0.05354870855808258	-0.16740116477012634	1.0	-0.38351526856422424	0.07287139445543289	0.12627600133419037	0.6211244463920593	-0.5283082723617554	0.40215402841567993	0.07942837476730347	0.13614307343959808	0.581528902053833	-0.12436774373054504	n/a	-0.3046227991580963	0.3447781205177307	-0.3550628423690796	0.0710940882563591	-0.06164894625544548	-0.1838938295841217	-0.01716255396604538	0.2628159523010254	0.10321588069200516	-0.1180105060338974	0.12690098583698273	-0.3621135950088501	0.755863606929779	-0.3080357015132904	0.484097421169281	0.3924266993999481	0.2529957890510559	0.34562772512435913	-0.33980318903923035	0.30721983313560486	-0.40693405270576477	-0.314549058675766	-0.052309077233076096	0.13306018710136414	0.12084213644266129	-0.3267500400543213	-0.08103199303150177	0.4911041557788849	0.2788379490375519	0.22005386650562286	-0.23309464752674103	-0.2940036654472351	-0.07900717854499817	0.07586830854415894	-0.13427811861038208	0.3883495628833771	0.3792913854122162	0.08224347978830338	-0.27157795429229736	-0.18151098489761353	-0.07306185364723206	-0.169008269906044	-0.2554584741592407	-0.18035408854484558	-0.2088465839624405
DAN_LABEL_25	-0.24260705709457397	-0.07045295834541321	0.36392074823379517	-0.3947800397872925	-0.13053421676158905	-0.26591747999191284	-0.1275741010904312	n/a	0.09854388236999512	0.004265633411705494	-0.18389791250228882	0.07188734412193298	0.17015226185321808	0.21572919189929962	0.6766533255577087	-0.08958475291728973	0.30265748500823975	-0.32350361347198486	-0.43048909306526184	-0.037060800939798355	0.1073947474360466	-0.37358421087265015	0.6841462850570679	-0.38351526856422424	1.0	-0.32423675060272217	0.46939635276794434	-0.14322420954704285	-0.011602508835494518	-0.18746650218963623	-0.25217658281326294	-0.2222364842891693	-0.5456461906433105	-0.05971864238381386	n/a	0.08030449599027634	-0.5057578682899475	0.14761784672737122	0.2702096998691559	0.28378522396087646	0.49311840534210205	0.1437874287366867	-0.5495477318763733	-0.0010459451004862785	0.20090268552303314	-0.5372039079666138	0.5731408596038818	-0.5184363126754761	0.7660467624664307	-0.5039794445037842	-0.17139852046966553	-0.3945503830909729	-0.5547800660133362	0.30428653955459595	-0.19761809706687927	0.2831936478614807	0.05754382163286209	-0.08707006275653839	-0.15462113916873932	0.14110252261161804	0.10314962267875671	0.050590530037879944	-0.5190722346305847	-0.2687091529369354	-0.4603126645088196	0.2203439474105835	0.2575789988040924	0.120050810277462	-0.15732066333293915	-0.06163489818572998	0.021521031856536865	-0.29067233204841614	0.20265266299247742	-0.011706756427884102	-0.016522414982318878	-0.0788787305355072	0.1945950835943222	0.14072322845458984	0.2556615471839905	0.09155924618244171
