Node	HIP-head-m-rh	HIP-head-l-rh	HIP-body-rh	HIP-tail-rh	THA-VPm-rh	THA-VPl-rh	THA-VAi-rh	THA-VAs-rh	THA-DAm-rh	THA-DAl-rh	PUT-VA-rh	PUT-DA-rh	PUT-VP-rh	PUT-DP-rh	CAU-VA-rh	CAU-DA-rh	CAU-body-rh	CAU-tail-rh	lAMY-rh	mAMY-rh	THA-DP-rh	NAc-shell-rh	NAc-core-rh	pGP-rh	aGP-rh	HIP-head-m-lh	HIP-head-l-l	HIP-body-l	HIP-tail-lh	THA-VPm-lh	THA-VPl-lh	THA-VAi-lh	THA-VAs-lh	THA-DAm-lh	THA-DAl-lh	PUT-VA-lh	PUT-DA-l	PUT-VP-lh	PUT-DP-lh	CAU-VA-lh	CAU-DA-lh	CAU-body-lh	CAU-tail-lh	lAMY-lh	mAMY-lh	THA-DP-lh	NAc-shell-lh	NAc-core-lh	pGP-lh	aGP-lh
HIP-head-m-rh	1.0	0.6144152879714966	0.5539160966873169	0.5743593573570251	0.34585949778556824	-0.08011273294687271	0.27760621905326843	0.013895793817937374	-0.017171766608953476	-0.0824672132730484	-0.02487983927130699	0.2362920641899109	0.39090457558631897	0.21856048703193665	-0.006547780707478523	0.2610791027545929	-0.13773129880428314	-0.007176562212407589	0.4852065145969391	0.6669831275939941	-0.02868378907442093	-0.041729990392923355	-0.05279967933893204	-0.042770929634571075	-0.05429019406437874	0.6619929671287537	0.7261461019515991	0.5055810809135437	0.41360151767730713	0.08446995913982391	0.266084760427475	0.2555330991744995	-0.12649771571159363	0.2530165910720825	-0.06887985020875931	0.12135230004787445	-0.037252672016620636	0.028724050149321556	0.016720710322260857	0.10566158592700958	0.2531423270702362	0.180137500166893	0.022108422592282295	0.561721682548523	0.5183165073394775	0.23402203619480133	0.4617370665073395	-0.11120273172855377	0.14587469398975372	0.035679347813129425
HIP-head-l-rh	0.6144152879714966	1.0	0.47735604643821716	0.5156542062759399	0.2240269035100937	-0.06468815356492996	0.28376999497413635	-0.0037002265453338623	0.1568608582019806	0.042547110468149185	0.16774465143680573	0.10394921153783798	0.16088742017745972	0.14285092055797577	0.17514875531196594	0.19903765618801117	0.09597425907850266	-0.02993999421596527	0.47695720195770264	0.5431011915206909	0.26831838488578796	-0.04356696084141731	0.09111056476831436	-0.15266308188438416	0.12974004447460175	0.6539595127105713	0.5311158895492554	0.23833349347114563	0.5176220536231995	0.08038754016160965	0.1999473124742508	0.40529659390449524	0.1332811862230301	0.3510564863681793	0.008850549347698689	0.24655374884605408	0.053161755204200745	0.06690821796655655	-0.02667243964970112	0.04041019082069397	0.27482643723487854	0.3686036467552185	0.15923446416854858	0.2345913201570511	0.40694427490234375	0.1787520945072174	0.2710120379924774	0.026220936328172684	0.18710857629776	-0.07886741310358047
HIP-body-rh	0.5539160966873169	0.47735604643821716	1.0	0.6164491772651672	0.0636008158326149	0.2837420701980591	0.3622162342071533	0.05886221304535866	-0.10081912577152252	-0.10057732462882996	-0.09805455058813095	-0.03214006498456001	0.228274866938591	-0.04537840187549591	-0.003976786974817514	0.21469064056873322	-0.01666240394115448	-0.12374173849821091	0.4532458484172821	0.6034296751022339	-0.13593365252017975	-0.15231837332248688	-0.059385377913713455	0.09054886549711227	0.17952997982501984	0.5629767775535583	0.46471962332725525	0.7198927402496338	0.5758146643638611	0.073209248483181	0.3032590448856354	0.4640098810195923	-0.052371423691511154	0.3619117736816406	0.009776730090379715	0.0951223149895668	-0.24588322639465332	0.13562917709350586	-0.34444311261177063	0.13983577489852905	0.10308951884508133	0.3691031336784363	0.11989129334688187	0.281326562166214	0.36200812458992004	-0.13010266423225403	0.1904226690530777	-0.05424525961279869	-0.097112737596035	-0.10385475307703018
HIP-tail-rh	0.5743593573570251	0.5156542062759399	0.6164491772651672	1.0	0.21900664269924164	0.18658363819122314	0.4582784175872803	0.0017769822152331471	0.3038405776023865	0.16568966209888458	-0.08138278126716614	0.05989694595336914	0.1507142335176468	-0.07856450229883194	0.025499308481812477	0.1785004436969757	0.059977371245622635	-0.052640169858932495	0.3821757733821869	0.383436918258667	-0.06777506321668625	0.040003351867198944	0.07167649269104004	-0.08726528286933899	0.25564298033714294	0.42315053939819336	0.35497987270355225	0.5938093662261963	0.5702678561210632	0.338040292263031	0.43597930669784546	0.3882674276828766	0.026384614408016205	0.4582587480545044	0.1670932173728943	0.09994258731603622	-0.26136866211891174	0.014407174661755562	-0.15099483728408813	0.1890038400888443	0.12205799669027328	0.17167580127716064	0.18162062764167786	0.22993922233581543	0.10723504424095154	-0.0597761832177639	0.17154079675674438	-0.19720792770385742	0.03522000461816788	0.23702684044837952
THA-VPm-rh	0.34585949778556824	0.2240269035100937	0.0636008158326149	0.21900664269924164	1.0	-0.05904591828584671	0.2703208923339844	-0.01585311070084572	0.15234385430812836	0.21424561738967896	0.28539738059043884	0.4401171803474426	0.3054851293563843	0.39798229932785034	0.3234001398086548	0.31468698382377625	0.11907916516065598	0.08130376040935516	0.06101127341389656	0.15744104981422424	0.1933036893606186	0.16645316779613495	0.03359484672546387	0.28072836995124817	0.022119930014014244	0.14569230377674103	0.11081178486347198	0.01932218298316002	0.04822934418916702	0.30890798568725586	0.004528104327619076	0.10841777920722961	-0.19031180441379547	0.31010186672210693	-0.11837854981422424	0.23060311377048492	0.1939014494419098	0.03259633854031563	0.31925931572914124	0.2962260842323303	0.20223601162433624	0.13896173238754272	0.11358555406332016	0.20176911354064941	0.2573740780353546	0.061490535736083984	0.22292941808700562	-0.0006274068146012723	0.4355752170085907	0.15829606354236603
THA-VPl-rh	-0.08011273294687271	-0.06468815356492996	0.2837420701980591	0.18658363819122314	-0.05904591828584671	1.0	0.0959417000412941	0.11181727796792984	0.19417040050029755	0.19719938933849335	-0.07375480234622955	-0.05379563197493553	-0.08233717828989029	-0.154020756483078	-0.0124732106924057	-0.03894691541790962	0.2481318712234497	0.08590732514858246	0.07833991944789886	0.14491486549377441	0.010701293125748634	0.00013024375948589295	-0.18051983416080475	0.37207353115081787	0.03762686625123024	0.05463770404458046	-0.0013536476762965322	0.12902893126010895	0.18915660679340363	0.1131114661693573	0.2608959972858429	0.10763870924711227	-0.26905083656311035	-0.14703795313835144	-0.0051604872569441795	-0.07307397574186325	-0.3236970901489258	0.09858672320842743	-0.240076944231987	0.08520129323005676	-0.08038748800754547	0.32041531801223755	0.19586052000522614	-0.08321326225996017	-0.1583862006664276	0.04842263460159302	-0.0009016205440275371	-0.214389830827713	-0.08341111242771149	0.3357947766780853
THA-VAi-rh	0.27760621905326843	0.28376999497413635	0.3622162342071533	0.4582784175872803	0.2703208923339844	0.0959417000412941	1.0	-0.04999522864818573	0.395944744348526	0.3094903230667114	0.09062311798334122	0.06547597795724869	-0.07188538461923599	-0.04810122400522232	0.24261875450611115	0.18530267477035522	0.05501018464565277	-0.12902329862117767	0.25274044275283813	0.35723090171813965	-0.12150092422962189	0.07351484894752502	0.048322148621082306	0.04485638439655304	0.186898335814476	0.2658684253692627	0.2523459792137146	0.20455442368984222	0.35078665614128113	0.3437374532222748	0.26165592670440674	0.6539109349250793	0.10801273584365845	0.48734673857688904	0.10409395396709442	0.06982135772705078	-0.1731126308441162	0.0199576523154974	-0.2160111367702484	0.27706179022789	0.3540050983428955	0.1343676894903183	0.06723179668188095	0.1448589265346527	0.05715106055140495	-0.28586408495903015	0.24325379729270935	0.2344512641429901	-0.2215518355369568	-0.158304363489151
THA-VAs-rh	0.013895793817937374	-0.0037002265453338623	0.05886221304535866	0.0017769822152331471	-0.01585311070084572	0.11181727796792984	-0.04999522864818573	1.0	0.051724378019571304	0.25369301438331604	0.262207955121994	0.410475492477417	0.06610037386417389	0.2310340702533722	0.4564768075942993	0.29618358612060547	0.4755215048789978	0.5633332133293152	-0.2615724503993988	-0.0020302438642829657	-0.11519844830036163	0.29993847012519836	0.33868029713630676	0.027272315695881844	0.23943527042865753	0.2846304178237915	0.007359633222222328	-0.0610395148396492	-0.1899372637271881	0.148492693901062	-0.04316586256027222	0.22867700457572937	0.3302119970321655	-0.08964092284440994	0.33545953035354614	0.3609849810600281	0.1844012439250946	0.30618876218795776	0.33801329135894775	0.5251648426055908	0.15405091643333435	0.13726361095905304	0.2492792159318924	-0.05184787139296532	-0.1472119390964508	-0.020393693819642067	-0.009789809584617615	0.1505626142024994	-0.04597688838839531	0.1930873841047287
THA-DAm-rh	-0.017171766608953476	0.1568608582019806	-0.10081912577152252	0.3038405776023865	0.15234385430812836	0.19417040050029755	0.395944744348526	0.051724378019571304	1.0	0.5172075629234314	0.2692511975765228	0.0870133638381958	-0.17022942006587982	-0.11936420202255249	0.10459074378013611	0.012743020430207253	0.11214712262153625	0.07545842230319977	0.11655651777982712	0.017017723992466927	0.16360048949718475	0.10984093695878983	0.20845763385295868	-0.0132593447342515	0.17425234615802765	0.04816894233226776	0.04266896843910217	-0.18680186569690704	0.16903077065944672	0.2901157736778259	-0.013491325080394745	0.26641032099723816	0.3201737701892853	0.3122010827064514	0.19692294299602509	0.11083345860242844	-0.024059098213911057	-0.03923358768224716	0.0744694322347641	0.22880429029464722	0.19035115838050842	0.10843239724636078	0.13996057212352753	-0.0083915488794446	-0.2744815945625305	0.202613964676857	-0.06238231435418129	0.11802341043949127	0.0494958870112896	0.2627887725830078
THA-DAl-rh	-0.0824672132730484	0.042547110468149185	-0.10057732462882996	0.16568966209888458	0.21424561738967896	0.19719938933849335	0.3094903230667114	0.25369301438331604	0.5172075629234314	1.0	0.2919091284275055	0.07000131160020828	-0.1475553810596466	-0.07489942014217377	0.3455631136894226	0.008114627562463284	0.40937724709510803	0.34185388684272766	0.060042817145586014	0.019884701818227768	-0.003504064865410328	0.15754906833171844	0.28523170948028564	0.011983457952737808	0.5271605253219604	-0.00813440140336752	0.021894605830311775	-0.31070655584335327	0.07060115039348602	0.5868239402770996	-0.1275639533996582	0.3127261996269226	0.4281116724014282	0.17352813482284546	0.35968881845474243	0.17304156720638275	-0.01664268597960472	-0.00557019142434001	0.02618374489247799	0.20718564093112946	0.2969861328601837	0.012956704944372177	0.06704352796077728	-0.04724548012018204	-0.1883152276277542	-0.07880454510450363	-0.15636548399925232	0.14647434651851654	-0.11379081010818481	0.13719026744365692
PUT-VA-rh	-0.02487983927130699	0.16774465143680573	-0.09805455058813095	-0.08138278126716614	0.28539738059043884	-0.07375480234622955	0.09062311798334122	0.262207955121994	0.2692511975765228	0.2919091284275055	1.0	0.6117029786109924	-0.001888203201815486	0.4365571141242981	0.5475124716758728	0.4278528690338135	0.39467963576316833	0.19535218179225922	0.05537238344550133	0.042268749326467514	0.19019579887390137	0.30759739875793457	0.4727724492549896	0.14385078847408295	0.15515856444835663	0.11652909219264984	-0.04310310259461403	-0.20061606168746948	-0.019313542172312737	0.03251947462558746	-0.36439648270606995	0.32098647952079773	0.30348244309425354	0.13713523745536804	0.09881298989057541	0.7284597754478455	0.5838327407836914	0.1604558527469635	0.4594898223876953	0.34949472546577454	0.576650083065033	0.34271663427352905	0.10689738392829895	0.0337103009223938	0.07751201093196869	0.21309921145439148	-0.06255423277616501	0.4701217710971832	0.2020585983991623	0.061543550342321396
PUT-DA-rh	0.2362920641899109	0.10394921153783798	-0.03214006498456001	0.05989694595336914	0.4401171803474426	-0.05379563197493553	0.06547597795724869	0.410475492477417	0.0870133638381958	0.07000131160020828	0.6117029786109924	1.0	0.28154444694519043	0.8006998300552368	0.42772918939590454	0.33984169363975525	0.19472208619117737	0.2279488444328308	0.10687871277332306	0.18247704207897186	0.025062911212444305	0.27766865491867065	0.2040616273880005	0.30975452065467834	0.028803626075387	0.26312556862831116	0.2182416021823883	-0.05456319823861122	-0.09568843990564346	0.12999524176120758	-0.20890742540359497	0.16969075798988342	0.1319841593503952	0.16423796117305756	0.007426398806273937	0.5720214247703552	0.6890274286270142	0.2912127375602722	0.6665298938751221	0.40837031602859497	0.4203953146934509	0.26505979895591736	0.21395376324653625	0.2218465954065323	0.1843232810497284	0.24134331941604614	0.16996082663536072	0.1730932593345642	0.4308379292488098	0.162833109498024
PUT-VP-rh	0.39090457558631897	0.16088742017745972	0.228274866938591	0.1507142335176468	0.3054851293563843	-0.08233717828989029	-0.07188538461923599	0.06610037386417389	-0.17022942006587982	-0.1475553810596466	-0.001888203201815486	0.28154444694519043	1.0	0.36891019344329834	-0.07905316352844238	-0.058944784104824066	-0.23553402721881866	0.030829405412077904	0.14997509121894836	0.12549783289432526	0.04892665892839432	0.09673352539539337	-0.19827362895011902	0.1849718987941742	-0.2721174657344818	0.2632429301738739	0.2530116140842438	0.20563137531280518	-0.1690518856048584	0.03563663735985756	0.1492583453655243	-0.02713903971016407	-0.20613007247447968	0.0428827702999115	-0.09069252759218216	0.25004640221595764	0.2329413741827011	0.5733647346496582	0.28975310921669006	-0.0919894427061081	-0.16993987560272217	0.03860669210553169	-0.1191599890589714	0.2555601894855499	0.3294050097465515	0.1544555425643921	0.17848579585552216	-0.13125869631767273	0.2984001934528351	-0.1069977656006813
PUT-DP-rh	0.21856048703193665	0.14285092055797577	-0.04537840187549591	-0.07856450229883194	0.39798229932785034	-0.154020756483078	-0.04810122400522232	0.2310340702533722	-0.11936420202255249	-0.07489942014217377	0.4365571141242981	0.8006998300552368	0.36891019344329834	1.0	0.2697172164916992	0.14892110228538513	0.05916506424546242	0.08164167404174805	0.1267765313386917	0.17147104442119598	-0.0042423768900334835	0.11007428914308548	0.19511285424232483	0.19957678020000458	0.03078414686024189	0.2690045237541199	0.3568047285079956	-0.09986396133899689	-0.10866234451532364	-0.07866446673870087	-0.23729366064071655	0.07334727048873901	0.049778155982494354	0.1438160091638565	-0.1799846738576889	0.4604862630367279	0.6745074987411499	0.37297946214675903	0.6505236625671387	0.08894082903862	0.33928000926971436	0.19324292242527008	0.174414724111557	0.28867098689079285	0.2960735857486725	0.07771657407283783	0.13764207065105438	-0.038648899644613266	0.42497578263282776	0.0029723315965384245
CAU-VA-rh	-0.006547780707478523	0.17514875531196594	-0.003976786974817514	0.025499308481812477	0.3234001398086548	-0.0124732106924057	0.24261875450611115	0.4564768075942993	0.10459074378013611	0.3455631136894226	0.5475124716758728	0.42772918939590454	-0.07905316352844238	0.2697172164916992	1.0	0.5524080991744995	0.628436267375946	0.3237072825431824	-0.16071395576000214	0.14793682098388672	0.06796665489673615	0.5656020045280457	0.5163910984992981	0.05122952163219452	0.2707792818546295	0.002120529068633914	-0.022618047893047333	-0.22480744123458862	-0.06729213893413544	0.2184063196182251	-0.03353894129395485	0.38056138157844543	0.14827801287174225	0.03647446259856224	0.07535680383443832	0.46597129106521606	0.32733669877052307	0.16032399237155914	0.36446353793144226	0.6009775400161743	0.5194712281227112	0.375343918800354	0.3281409740447998	0.007344888523221016	0.15421967208385468	-0.07935250550508499	0.36520200967788696	0.4400217533111572	0.06723998486995697	0.21827812492847443
CAU-DA-rh	0.2610791027545929	0.19903765618801117	0.21469064056873322	0.1785004436969757	0.31468698382377625	-0.03894691541790962	0.18530267477035522	0.29618358612060547	0.012743020430207253	0.008114627562463284	0.4278528690338135	0.33984169363975525	-0.058944784104824066	0.14892110228538513	0.5524080991744995	1.0	0.3808199465274811	0.29216960072517395	-0.06292790174484253	0.23707185685634613	-0.15699926018714905	0.1949741244316101	0.4568617045879364	0.1399233639240265	0.11955526471138	0.24179832637310028	-0.0237079206854105	0.14699244499206543	0.2059859335422516	-0.012053255923092365	0.06400410085916519	0.3007141053676605	0.09300430864095688	0.11684310436248779	0.15327706933021545	0.33742478489875793	0.0823533907532692	0.014666354283690453	0.30501845479011536	0.7245402336120605	0.6043554544448853	0.5087838768959045	0.30513718724250793	0.16325242817401886	0.13179756700992584	0.10180328041315079	0.2821899354457855	0.3818764388561249	0.0010595135390758514	0.09402354061603546
CAU-body-rh	-0.13773129880428314	0.09597425907850266	-0.01666240394115448	0.059977371245622635	0.11907916516065598	0.2481318712234497	0.05501018464565277	0.4755215048789978	0.11214712262153625	0.40937724709510803	0.39467963576316833	0.19472208619117737	-0.23553402721881866	0.05916506424546242	0.628436267375946	0.3808199465274811	1.0	0.6097237467765808	-0.25145167112350464	-0.13323351740837097	0.04507890343666077	0.18206393718719482	0.2827345132827759	-0.01061960868537426	0.22497978806495667	-0.05176428332924843	-0.15854071080684662	-0.17915654182434082	-0.08039728552103043	0.2539980113506317	0.021626660600304604	0.19143876433372498	0.21941502392292023	-0.048757538199424744	0.059098079800605774	0.2974739670753479	-0.002313161501660943	-0.03347962349653244	0.09162227064371109	0.510614812374115	0.3053567707538605	0.3604985773563385	0.5337267518043518	-0.18261905014514923	-0.24963697791099548	-0.11327309906482697	-0.0375792533159256	0.129186749458313	-0.03945314511656761	0.3895588219165802
CAU-tail-rh	-0.007176562212407589	-0.02993999421596527	-0.12374173849821091	-0.052640169858932495	0.08130376040935516	0.08590732514858246	-0.12902329862117767	0.5633332133293152	0.07545842230319977	0.34185388684272766	0.19535218179225922	0.2279488444328308	0.030829405412077904	0.08164167404174805	0.3237072825431824	0.29216960072517395	0.6097237467765808	1.0	-0.3573234975337982	-0.20363985002040863	-0.07304343581199646	0.06363260746002197	0.1482067108154297	0.10501787066459656	0.1818530559539795	-0.005613973829895258	-0.031726542860269547	-0.23626670241355896	-0.27047258615493774	0.20330145955085754	0.0887657180428505	-0.06715917587280273	0.1370866298675537	-0.17477431893348694	-0.02421587146818638	0.1496650129556656	-0.07156592607498169	0.046627290546894073	0.2153390645980835	0.5023275017738342	0.1686670482158661	0.22650028765201569	0.49793604016304016	0.10922477394342422	-0.19545839726924896	0.06427960097789764	-0.018393464386463165	0.12670089304447174	0.10228415578603745	0.1681841015815735
lAMY-rh	0.4852065145969391	0.47695720195770264	0.4532458484172821	0.3821757733821869	0.06101127341389656	0.07833991944789886	0.25274044275283813	-0.2615724503993988	0.11655651777982712	0.060042817145586014	0.05537238344550133	0.10687871277332306	0.14997509121894836	0.1267765313386917	-0.16071395576000214	-0.06292790174484253	-0.25145167112350464	-0.3573234975337982	1.0	0.5362306237220764	-0.03445043787360191	-0.26222312450408936	0.04393679276108742	-0.0857183039188385	0.05136333033442497	0.42878687381744385	0.48502999544143677	0.4218514859676361	0.5958282947540283	0.09035564213991165	-0.003879799973219633	0.34921717643737793	0.02879251539707184	0.3025255799293518	-0.014452739618718624	0.017348812893033028	0.05908731743693352	0.15461505949497223	-0.07871586829423904	-0.2572762966156006	0.2308679223060608	0.16142317652702332	-0.13497285544872284	0.37442997097969055	0.43106916546821594	0.15129263699054718	0.2450709044933319	-0.1250307857990265	0.147831991314888	-0.1985156536102295
mAMY-rh	0.6669831275939941	0.5431011915206909	0.6034296751022339	0.383436918258667	0.15744104981422424	0.14491486549377441	0.35723090171813965	-0.0020302438642829657	0.017017723992466927	0.019884701818227768	0.042268749326467514	0.18247704207897186	0.12549783289432526	0.17147104442119598	0.14793682098388672	0.23707185685634613	-0.13323351740837097	-0.20363985002040863	0.5362306237220764	1.0	-0.025798050686717033	0.04275979474186897	0.046370990574359894	0.005284305661916733	0.05679727718234062	0.5863795280456543	0.6977923512458801	0.41112595796585083	0.5791858434677124	0.09021524339914322	0.08075794577598572	0.46660661697387695	-0.12124557793140411	0.2932986319065094	-0.10311120003461838	0.05675416812300682	0.006805783603340387	0.07040852308273315	-0.04842424765229225	0.041639626026153564	0.2861420512199402	0.30890437960624695	-0.018980832770466805	0.5007079243659973	0.7197699546813965	0.10803354531526566	0.5645371079444885	0.08068715035915375	-0.034545063972473145	-0.11149238049983978
THA-DP-rh	-0.02868378907442093	0.26831838488578796	-0.13593365252017975	-0.06777506321668625	0.1933036893606186	0.010701293125748634	-0.12150092422962189	-0.11519844830036163	0.16360048949718475	-0.003504064865410328	0.19019579887390137	0.025062911212444305	0.04892665892839432	-0.0042423768900334835	0.06796665489673615	-0.15699926018714905	0.04507890343666077	-0.07304343581199646	-0.03445043787360191	-0.025798050686717033	1.0	0.13815167546272278	-0.12899455428123474	0.005432733800262213	-0.22930845618247986	-0.1081121489405632	-0.04113880917429924	-0.2458651214838028	-0.11041669547557831	-0.12833938002586365	-0.045974843204021454	-0.1314995288848877	-0.06229575723409653	-0.13339251279830933	-0.2943923771381378	0.022550098598003387	0.07418058067560196	-0.17666953802108765	-0.003627622965723276	-0.1397034227848053	-0.13034382462501526	-0.05583780258893967	-0.08147025853395462	-0.19215933978557587	0.060599785298109055	0.2576237916946411	-0.03440313786268234	-0.01087850984185934	0.3166547417640686	0.30198878049850464
NAc-shell-rh	-0.041729990392923355	-0.04356696084141731	-0.15231837332248688	0.040003351867198944	0.16645316779613495	0.00013024375948589295	0.07351484894752502	0.29993847012519836	0.10984093695878983	0.15754906833171844	0.30759739875793457	0.27766865491867065	0.09673352539539337	0.11007428914308548	0.5656020045280457	0.1949741244316101	0.18206393718719482	0.06363260746002197	-0.26222312450408936	0.04275979474186897	0.13815167546272278	1.0	0.3078900873661041	0.008334647864103317	0.02975090779364109	-0.11510394513607025	-0.11248361319303513	-0.12199575453996658	-0.18442168831825256	0.17887131869792938	0.09933101385831833	0.13284166157245636	-0.08258450776338577	-0.053119927644729614	0.0452648401260376	0.20882904529571533	0.18675343692302704	0.007346050813794136	0.23676051199436188	0.2991226613521576	0.0639951154589653	-0.0365106463432312	-0.14489145576953888	0.007373450323939323	0.035634804517030716	0.013821188360452652	0.3214735984802246	0.3323443531990051	-0.006205388344824314	0.2708588242530823
NAc-core-rh	-0.05279967933893204	0.09111056476831436	-0.059385377913713455	0.07167649269104004	0.03359484672546387	-0.18051983416080475	0.048322148621082306	0.33868029713630676	0.20845763385295868	0.28523170948028564	0.4727724492549896	0.2040616273880005	-0.19827362895011902	0.19511285424232483	0.5163910984992981	0.4568617045879364	0.2827345132827759	0.1482067108154297	0.04393679276108742	0.046370990574359894	-0.12899455428123474	0.3078900873661041	1.0	-0.2602386474609375	0.5107563138008118	0.09243999421596527	-0.031297605484724045	-0.06582731008529663	0.152898371219635	0.08549407869577408	-0.28562214970588684	0.3097410798072815	0.4251408874988556	0.1020858958363533	0.2934175431728363	0.37495023012161255	0.26081132888793945	0.11786716431379318	0.37628376483917236	0.2724524140357971	0.5542678833007812	0.1710103154182434	0.08430007100105286	0.023028500378131866	0.08513335138559341	-0.12348926812410355	0.08330323547124863	0.292269229888916	0.08754467964172363	0.046361345797777176
pGP-rh	-0.042770929634571075	-0.15266308188438416	0.09054886549711227	-0.08726528286933899	0.28072836995124817	0.37207353115081787	0.04485638439655304	0.027272315695881844	-0.0132593447342515	0.011983457952737808	0.14385078847408295	0.30975452065467834	0.1849718987941742	0.19957678020000458	0.05122952163219452	0.1399233639240265	-0.01061960868537426	0.10501787066459656	-0.0857183039188385	0.005284305661916733	0.005432733800262213	0.008334647864103317	-0.2602386474609375	1.0	-0.02171904221177101	-0.05916127189993858	-0.003578696632757783	-0.021316776052117348	-0.22154070436954498	0.05778734013438225	0.024402452632784843	0.03398238494992256	-0.19368292391300201	-0.11628369987010956	-0.11151032894849777	0.19397848844528198	0.19677160680294037	0.1698407083749771	0.08994505554437637	0.337812602519989	0.17926713824272156	0.3181614875793457	0.07841822504997253	-0.05701277032494545	-0.051172759383916855	0.27042320370674133	-0.007846425287425518	0.04101857542991638	0.14105810225009918	0.13740579783916473
aGP-rh	-0.05429019406437874	0.12974004447460175	0.17952997982501984	0.25564298033714294	0.022119930014014244	0.03762686625123024	0.186898335814476	0.23943527042865753	0.17425234615802765	0.5271605253219604	0.15515856444835663	0.028803626075387	-0.2721174657344818	0.03078414686024189	0.2707792818546295	0.11955526471138	0.22497978806495667	0.1818530559539795	0.05136333033442497	0.05679727718234062	-0.22930845618247986	0.02975090779364109	0.5107563138008118	-0.02171904221177101	1.0	0.16996334493160248	0.10536495596170425	0.021313698962330818	0.3471201956272125	0.3296016752719879	-0.2746242880821228	0.26476746797561646	0.43556079268455505	0.2380148023366928	0.28450945019721985	0.1785171777009964	-0.014851034618914127	-0.10221721231937408	-0.11265671253204346	0.17984193563461304	0.3318280577659607	0.1880045384168625	0.2090606838464737	-0.08338699489831924	-0.05406813323497772	-0.3872557580471039	-0.11121666431427002	0.044683512300252914	0.04939529672265053	-0.021248674020171165
HIP-head-m-lh	0.6619929671287537	0.6539595127105713	0.5629767775535583	0.42315053939819336	0.14569230377674103	0.05463770404458046	0.2658684253692627	0.2846304178237915	0.04816894233226776	-0.00813440140336752	0.11652909219264984	0.26312556862831116	0.2632429301738739	0.2690045237541199	0.002120529068633914	0.24179832637310028	-0.05176428332924843	-0.005613973829895258	0.42878687381744385	0.5863795280456543	-0.1081121489405632	-0.11510394513607025	0.09243999421596527	-0.05916127189993858	0.16996334493160248	1.0	0.661899983882904	0.4199705719947815	0.5395925045013428	0.07314835488796234	0.10459957271814346	0.409742534160614	0.1698186844587326	0.3917238116264343	0.24482612311840057	0.3082434833049774	0.03933132067322731	0.21152055263519287	0.036077503114938736	0.10085612535476685	0.23022742569446564	0.3319893479347229	0.08935824036598206	0.3368038237094879	0.3539482355117798	0.16971644759178162	0.19407017529010773	-0.02967318333685398	0.06056925281882286	-0.19679588079452515
HIP-head-l-l	0.7261461019515991	0.5311158895492554	0.46471962332725525	0.35497987270355225	0.11081178486347198	-0.0013536476762965322	0.2523459792137146	0.007359633222222328	0.04266896843910217	0.021894605830311775	-0.04310310259461403	0.2182416021823883	0.2530116140842438	0.3568047285079956	-0.022618047893047333	-0.0237079206854105	-0.15854071080684662	-0.031726542860269547	0.48502999544143677	0.6977923512458801	-0.04113880917429924	-0.11248361319303513	-0.031297605484724045	-0.003578696632757783	0.10536495596170425	0.661899983882904	1.0	0.2775736451148987	0.3853326439857483	0.07473520189523697	0.13532140851020813	0.25847601890563965	-0.04914364591240883	0.32194066047668457	-0.21714332699775696	0.0699324831366539	0.029732782393693924	0.11559722572565079	0.02166624739766121	-0.07180750370025635	0.2609756588935852	0.10250246524810791	0.010924768634140491	0.6144161820411682	0.5036988258361816	0.15467122197151184	0.38632747530937195	-0.057602494955062866	0.13946697115898132	-0.08092398196458817
HIP-body-l	0.5055810809135437	0.23833349347114563	0.7198927402496338	0.5938093662261963	0.01932218298316002	0.12902893126010895	0.20455442368984222	-0.0610395148396492	-0.18680186569690704	-0.31070655584335327	-0.20061606168746948	-0.05456319823861122	0.20563137531280518	-0.09986396133899689	-0.22480744123458862	0.14699244499206543	-0.17915654182434082	-0.23626670241355896	0.4218514859676361	0.41112595796585083	-0.2458651214838028	-0.12199575453996658	-0.06582731008529663	-0.021316776052117348	0.021313698962330818	0.4199705719947815	0.2775736451148987	1.0	0.497860312461853	0.024369433522224426	0.347413569688797	0.3522316515445709	-0.22228240966796875	0.2873772978782654	0.054749708622694016	-0.07657280564308167	-0.2482670247554779	0.18429085612297058	-0.22462303936481476	-0.009618423879146576	-0.05487934127449989	0.19946172833442688	0.08443013578653336	0.3106788396835327	0.33741360902786255	-0.035667385905981064	0.2285880446434021	-0.1615619957447052	-0.08850672841072083	-0.06207835674285889
HIP-tail-lh	0.41360151767730713	0.5176220536231995	0.5758146643638611	0.5702678561210632	0.04822934418916702	0.18915660679340363	0.35078665614128113	-0.1899372637271881	0.16903077065944672	0.07060115039348602	-0.019313542172312737	-0.09568843990564346	-0.1690518856048584	-0.10866234451532364	-0.06729213893413544	0.2059859335422516	-0.08039728552103043	-0.27047258615493774	0.5958282947540283	0.5791858434677124	-0.11041669547557831	-0.18442168831825256	0.152898371219635	-0.22154070436954498	0.3471201956272125	0.5395925045013428	0.3853326439857483	0.497860312461853	1.0	0.14767572283744812	0.11852099001407623	0.36092430353164673	0.050844307988882065	0.4801543951034546	0.11205381155014038	-0.08360886573791504	-0.2921406924724579	-0.2002589851617813	-0.3064171373844147	-0.05287140980362892	0.23467512428760529	0.247813418507576	0.10818462818861008	0.15318597853183746	0.28568145632743835	-0.11342521756887436	0.17713330686092377	-0.02450287714600563	0.0775371789932251	-0.06784748286008835
THA-VPm-lh	0.08446995913982391	0.08038754016160965	0.073209248483181	0.338040292263031	0.30890798568725586	0.1131114661693573	0.3437374532222748	0.148492693901062	0.2901157736778259	0.5868239402770996	0.03251947462558746	0.12999524176120758	0.03563663735985756	-0.07866446673870087	0.2184063196182251	-0.012053255923092365	0.2539980113506317	0.20330145955085754	0.09035564213991165	0.09021524339914322	-0.12833938002586365	0.17887131869792938	0.08549407869577408	0.05778734013438225	0.3296016752719879	0.07314835488796234	0.07473520189523697	0.024369433522224426	0.14767572283744812	1.0	0.041762884706258774	0.35141512751579285	0.22659853100776672	0.5002648830413818	0.20761027932167053	-0.066222183406353	-0.141149640083313	-0.01308139692991972	-0.16151368618011475	0.2809816896915436	0.17188914120197296	-0.04977751150727272	0.06499583274126053	0.0010244587901979685	-0.06248612701892853	-0.18456166982650757	0.21253901720046997	0.020532244816422462	-0.01020821463316679	0.08350297808647156
THA-VPl-lh	0.266084760427475	0.1999473124742508	0.3032590448856354	0.43597930669784546	0.004528104327619076	0.2608959972858429	0.26165592670440674	-0.04316586256027222	-0.013491325080394745	-0.1275639533996582	-0.36439648270606995	-0.20890742540359497	0.1492583453655243	-0.23729366064071655	-0.03353894129395485	0.06400410085916519	0.021626660600304604	0.0887657180428505	-0.003879799973219633	0.08075794577598572	-0.045974843204021454	0.09933101385831833	-0.28562214970588684	0.024402452632784843	-0.2746242880821228	0.10459957271814346	0.13532140851020813	0.347413569688797	0.11852099001407623	0.041762884706258774	1.0	0.052357736974954605	-0.31427356600761414	0.05152645334601402	-0.06360289454460144	-0.27002689242362976	-0.44598573446273804	0.07589435577392578	-0.2264097034931183	0.18212518095970154	-0.15073567628860474	0.004346731584519148	0.15234580636024475	0.14371755719184875	-0.047118064016103745	0.05782657116651535	0.225356325507164	-0.01780366338789463	-0.06425552815198898	0.22275513410568237
THA-VAi-lh	0.2555330991744995	0.40529659390449524	0.4640098810195923	0.3882674276828766	0.10841777920722961	0.10763870924711227	0.6539109349250793	0.22867700457572937	0.26641032099723816	0.3127261996269226	0.32098647952079773	0.16969075798988342	-0.02713903971016407	0.07334727048873901	0.38056138157844543	0.3007141053676605	0.19143876433372498	-0.06715917587280273	0.34921717643737793	0.46660661697387695	-0.1314995288848877	0.13284166157245636	0.3097410798072815	0.03398238494992256	0.26476746797561646	0.409742534160614	0.25847601890563965	0.3522316515445709	0.36092430353164673	0.35141512751579285	0.052357736974954605	1.0	0.31098294258117676	0.4369998276233673	0.28474313020706177	0.26149120926856995	0.08294691890478134	0.3203761577606201	0.01039697416126728	0.23954012989997864	0.45054203271865845	0.35073208808898926	0.10241732746362686	0.13477911055088043	0.25024881958961487	-0.11363812536001205	0.2676284909248352	0.3548278212547302	-0.33534812927246094	-0.13566143810749054
THA-VAs-lh	-0.12649771571159363	0.1332811862230301	-0.052371423691511154	0.026384614408016205	-0.19031180441379547	-0.26905083656311035	0.10801273584365845	0.3302119970321655	0.3201737701892853	0.4281116724014282	0.30348244309425354	0.1319841593503952	-0.20613007247447968	0.049778155982494354	0.14827801287174225	0.09300430864095688	0.21941502392292023	0.1370866298675537	0.02879251539707184	-0.12124557793140411	-0.06229575723409653	-0.08258450776338577	0.4251408874988556	-0.19368292391300201	0.43556079268455505	0.1698186844587326	-0.04914364591240883	-0.22228240966796875	0.050844307988882065	0.22659853100776672	-0.31427356600761414	0.31098294258117676	1.0	0.25813448429107666	0.5285289287567139	0.2858239412307739	0.289240300655365	0.0380130261182785	0.03764428570866585	0.2364128679037094	0.38007283210754395	0.028068983927369118	0.07966826856136322	-0.31027933955192566	-0.3006739020347595	-0.04270409420132637	-0.39113643765449524	0.21061697602272034	-0.19870296120643616	-0.07761915773153305
THA-DAm-lh	0.2530165910720825	0.3510564863681793	0.3619117736816406	0.4582587480545044	0.31010186672210693	-0.14703795313835144	0.48734673857688904	-0.08964092284440994	0.3122010827064514	0.17352813482284546	0.13713523745536804	0.16423796117305756	0.0428827702999115	0.1438160091638565	0.03647446259856224	0.11684310436248779	-0.048757538199424744	-0.17477431893348694	0.3025255799293518	0.2932986319065094	-0.13339251279830933	-0.053119927644729614	0.1020858958363533	-0.11628369987010956	0.2380148023366928	0.3917238116264343	0.32194066047668457	0.2873772978782654	0.4801543951034546	0.5002648830413818	0.05152645334601402	0.4369998276233673	0.25813448429107666	1.0	0.10398269444704056	0.09597136080265045	-0.025975383818149567	-0.0134804742410779	-0.07703915238380432	0.17134079337120056	0.2416766881942749	0.08305111527442932	0.17730483412742615	0.24165596067905426	0.16877183318138123	-0.17853735387325287	0.10908656567335129	0.12399086356163025	0.03921995684504509	-0.14882993698120117
THA-DAl-lh	-0.06887985020875931	0.008850549347698689	0.009776730090379715	0.1670932173728943	-0.11837854981422424	-0.0051604872569441795	0.10409395396709442	0.33545953035354614	0.19692294299602509	0.35968881845474243	0.09881298989057541	0.007426398806273937	-0.09069252759218216	-0.1799846738576889	0.07535680383443832	0.15327706933021545	0.059098079800605774	-0.02421587146818638	-0.014452739618718624	-0.10311120003461838	-0.2943923771381378	0.0452648401260376	0.2934175431728363	-0.11151032894849777	0.28450945019721985	0.24482612311840057	-0.21714332699775696	0.054749708622694016	0.11205381155014038	0.20761027932167053	-0.06360289454460144	0.28474313020706177	0.5285289287567139	0.10398269444704056	1.0	0.36463770270347595	0.15924465656280518	0.23989683389663696	0.11633844673633575	0.1950472742319107	0.17243435978889465	0.09536488354206085	-0.04310712590813637	-0.24979229271411896	-0.33356013894081116	0.042847003787755966	-0.26195815205574036	0.0922698900103569	-0.29650554060935974	-0.09986159950494766
PUT-VA-lh	0.12135230004787445	0.24655374884605408	0.0951223149895668	0.09994258731603622	0.23060311377048492	-0.07307397574186325	0.06982135772705078	0.3609849810600281	0.11083345860242844	0.17304156720638275	0.7284597754478455	0.5720214247703552	0.25004640221595764	0.4604862630367279	0.46597129106521606	0.33742478489875793	0.2974739670753479	0.1496650129556656	0.017348812893033028	0.05675416812300682	0.022550098598003387	0.20882904529571533	0.37495023012161255	0.19397848844528198	0.1785171777009964	0.3082434833049774	0.0699324831366539	-0.07657280564308167	-0.08360886573791504	-0.066222183406353	-0.27002689242362976	0.26149120926856995	0.2858239412307739	0.09597136080265045	0.36463770270347595	1.0	0.6374478340148926	0.3822444975376129	0.5102895498275757	0.3002386689186096	0.44947123527526855	0.4210098683834076	0.1468765139579773	0.028259191662073135	0.04836893454194069	0.16364845633506775	-0.09921257197856903	0.1642218828201294	0.16005396842956543	0.03035677596926689
PUT-DA-l	-0.037252672016620636	0.053161755204200745	-0.24588322639465332	-0.26136866211891174	0.1939014494419098	-0.3236970901489258	-0.1731126308441162	0.1844012439250946	-0.024059098213911057	-0.01664268597960472	0.5838327407836914	0.6890274286270142	0.2329413741827011	0.6745074987411499	0.32733669877052307	0.0823533907532692	-0.002313161501660943	-0.07156592607498169	0.05908731743693352	0.006805783603340387	0.07418058067560196	0.18675343692302704	0.26081132888793945	0.19677160680294037	-0.014851034618914127	0.03933132067322731	0.029732782393693924	-0.2482670247554779	-0.2921406924724579	-0.141149640083313	-0.44598573446273804	0.08294691890478134	0.289240300655365	-0.025975383818149567	0.15924465656280518	0.6374478340148926	1.0	0.43284741044044495	0.7013400793075562	0.0681256428360939	0.3392016589641571	0.16711163520812988	-0.05060073360800743	-0.03192833811044693	0.16332924365997314	0.29262080788612366	-0.044478658586740494	0.23394620418548584	0.2097564935684204	-0.06255263090133667
PUT-VP-lh	0.028724050149321556	0.06690821796655655	0.13562917709350586	0.014407174661755562	0.03259633854031563	0.09858672320842743	0.0199576523154974	0.30618876218795776	-0.03923358768224716	-0.00557019142434001	0.1604558527469635	0.2912127375602722	0.5733647346496582	0.37297946214675903	0.16032399237155914	0.014666354283690453	-0.03347962349653244	0.046627290546894073	0.15461505949497223	0.07040852308273315	-0.17666953802108765	0.007346050813794136	0.11786716431379318	0.1698407083749771	-0.10221721231937408	0.21152055263519287	0.11559722572565079	0.18429085612297058	-0.2002589851617813	-0.01308139692991972	0.07589435577392578	0.3203761577606201	0.0380130261182785	-0.0134804742410779	0.23989683389663696	0.3822444975376129	0.43284741044044495	1.0	0.48512229323387146	0.05469340831041336	0.0654885321855545	0.292896032333374	0.07753443717956543	0.18010395765304565	0.20293061435222626	0.17217282950878143	0.09985874593257904	0.058824725449085236	-0.02531181462109089	-0.21447820961475372
PUT-DP-lh	0.016720710322260857	-0.02667243964970112	-0.34444311261177063	-0.15099483728408813	0.31925931572914124	-0.240076944231987	-0.2160111367702484	0.33801329135894775	0.0744694322347641	0.02618374489247799	0.4594898223876953	0.6665298938751221	0.28975310921669006	0.6505236625671387	0.36446353793144226	0.30501845479011536	0.09162227064371109	0.2153390645980835	-0.07871586829423904	-0.04842424765229225	-0.003627622965723276	0.23676051199436188	0.37628376483917236	0.08994505554437637	-0.11265671253204346	0.036077503114938736	0.02166624739766121	-0.22462303936481476	-0.3064171373844147	-0.16151368618011475	-0.2264097034931183	0.01039697416126728	0.03764428570866585	-0.07703915238380432	0.11633844673633575	0.5102895498275757	0.7013400793075562	0.48512229323387146	1.0	0.19230318069458008	0.2693210244178772	0.13853494822978973	0.1275804489850998	0.2216264009475708	0.135050430893898	0.3436964452266693	0.04020131751894951	0.2315213829278946	0.32201358675956726	0.12269840389490128
