Node	DMN_LABEL_1	Vis_LABEL_2	FP_LABEL_3	Aud_LABEL_4	Tpole_LABEL_5	PMN_LABEL_6	PON_LABEL_7	MTL_LABEL_8	PON_LABEL_9	CO_LABEL_10	Sal_LABEL_11	CO_LABEL_12	SMd_LABEL_13	SMl_LABEL_14	DAN_LABEL_15	DMN_LABEL_16	CO_LABEL_17	DMN_LABEL_18	VAN_LABEL_19	CO_LABEL_20	CO_LABEL_21	Sal_LABEL_22	DAN_LABEL_23	PMN_LABEL_24	DAN_LABEL_25	DMN_LABEL_26	DMN_LABEL_27	DMN_LABEL_28	Vis_LABEL_29	FP_LABEL_30	Aud_LABEL_31	Tpole_LABEL_32	PMN_LABEL_33	PON_LABEL_34	MTL_LABEL_35	CO_LABEL_36	Sal_LABEL_37	CO_LABEL_38	SMd_LABEL_39	SMl_LABEL_40	DAN_LABEL_41	CO_LABEL_42	VAN_LABEL_43	CO_LABEL_44	CO_LABEL_45	Sal_LABEL_46	DAN_LABEL_47	PMN_LABEL_48	DAN_LABEL_49	DMN_LABEL_50	FP_LABEL_51	DMN_LABEL_52	DMN_LABEL_53	PON_LABEL_54	DMN_LABEL_55	Tpole_LABEL_56	Tpole_LABEL_57	Sal_LABEL_58	Sal_LABEL_59	SMd_LABEL_60	DAN_LABEL_61	FP_LABEL_62	DMN_LABEL_63	FP_LABEL_64	FP_LABEL_65	SMd_LABEL_66	SMl_LABEL_67	SMd_LABEL_68	DMN_LABEL_69	DAN_LABEL_70	DMN_LABEL_71	FP_LABEL_72	SMd_LABEL_73	SMl_LABEL_74	MTL_LABEL_75	MTL_LABEL_76	CO_LABEL_77	CO_LABEL_78	Vis_LABEL_79	Vis_LABEL_80
DMN_LABEL_1	1.0	0.009229283779859543	0.018076224252581596	-0.20615154504776	0.2456018179655075	0.47611039876937866	0.49320560693740845	n/a	0.4199691712856293	-0.380818247795105	0.07464003562927246	-0.5526366233825684	-0.07519485801458359	-0.2719820439815521	-0.1117091178894043	0.5914737582206726	-0.10324352234601974	0.2340685874223709	0.12555213272571564	-0.017042363062500954	-0.4401005208492279	0.10151363909244537	0.014265008270740509	0.4702386260032654	-0.052128832787275314	0.487589567899704	0.30941706895828247	0.20600031316280365	0.04058749973773956	0.08338179439306259	-0.157954141497612	0.43340596556663513	0.2509223222732544	0.4485379755496979	n/a	-0.4918999671936035	-0.17569857835769653	-0.5785508155822754	-0.11988941580057144	-0.17903804779052734	-0.2690315842628479	-0.20490437746047974	0.3135380148887634	-0.2788252532482147	-0.5100659132003784	-0.10079100728034973	0.012118974700570107	0.38683778047561646	-0.2229088842868805	0.5563363432884216	-0.035852689296007156	0.3121974766254425	0.2406158447265625	0.3078885078430176	0.23551781475543976	-0.19505754113197327	0.07776851952075958	-0.10709316283464432	-0.020443465560674667	-0.051806069910526276	-0.26691415905952454	-0.00019787723431363702	0.41032373905181885	-0.11813842505216599	-0.01229275856167078	-0.09040509164333344	-0.08777976036071777	0.008984078653156757	0.36221009492874146	-0.09531565010547638	0.24837738275527954	0.07451869547367096	0.01169480662792921	0.019876187667250633	0.08515308797359467	-0.0679771900177002	-0.05842883512377739	-0.1288144886493683	0.15419194102287292	0.16557376086711884
Vis_LABEL_2	0.009229283779859543	1.0	-0.3959679901599884	-0.20949256420135498	-0.004643259570002556	0.094512440264225	0.4356341063976288	n/a	0.23499302566051483	-0.1650952249765396	-0.3175472915172577	-0.1236189603805542	-0.49978402256965637	0.15887004137039185	-0.28955721855163574	0.10810941457748413	-0.010853809304535389	-0.0024233332369476557	-0.2301676720380783	-0.04731886461377144	-0.14132970571517944	-0.37400737404823303	0.2953334152698517	0.3616641163825989	-0.17449402809143066	-0.40031588077545166	-0.309167742729187	-0.4490988850593567	0.9286715388298035	-0.28182822465896606	-0.2687968611717224	-0.21606576442718506	0.2661568820476532	0.3848794102668762	n/a	-0.1857208013534546	-0.39955800771713257	-0.10922616720199585	-0.2639807462692261	0.17947369813919067	-0.29971086978912354	-0.27153584361076355	-0.004599437583237886	0.017928313463926315	-0.3148830235004425	-0.26617276668548584	0.07252780348062515	0.25274619460105896	-0.20619919896125793	-0.18656539916992188	-0.45893511176109314	-0.3152486979961395	-0.11276962608098984	0.1996619701385498	-0.27708303928375244	0.18335376679897308	0.2292713075876236	-0.35517677664756775	-0.44650349020957947	-0.28794631361961365	-0.13119031488895416	-0.24575750529766083	-0.3491477370262146	-0.6128525733947754	-0.42017510533332825	-0.3306792676448822	-0.09096105396747589	-0.412187784910202	-0.17318260669708252	-0.07963136583566666	-0.4305686950683594	-0.5200735330581665	-0.43181848526000977	0.05698104947805405	0.34245991706848145	0.36483559012413025	-0.2901358902454376	-0.06431706994771957	0.4859924912452698	0.5670296549797058
FP_LABEL_3	0.018076224252581596	-0.3959679901599884	1.0	-0.2567713260650635	-0.42363104224205017	-0.18129219114780426	-0.42009061574935913	n/a	-0.3479984700679779	-0.19113682210445404	-0.04522024467587471	0.03414269536733627	0.22349007427692413	-0.17777690291404724	0.5101924538612366	-0.15204383432865143	-0.35348039865493774	-0.10713665932416916	-0.0725550726056099	-0.5227305889129639	-0.15920813381671906	0.47430822253227234	-0.1984066367149353	-0.07589897513389587	0.25026077032089233	0.08800546824932098	0.41362959146499634	0.589513897895813	-0.2207333892583847	0.7294973731040955	-0.15534931421279907	-0.29870495200157166	-0.12535229325294495	-0.2379513382911682	n/a	0.012102747336030006	0.10530238598585129	-0.0940680280327797	0.18610471487045288	-0.23852719366550446	0.6297979354858398	-0.2474544197320938	-0.046462032943964005	-0.44765427708625793	0.025786330923438072	0.3903600871562958	0.13450755178928375	0.027767160907387733	0.1791459172964096	0.03086833655834198	0.7372993230819702	-0.044789258390665054	-0.11932651698589325	-0.28309565782546997	0.2525841295719147	-0.29055771231651306	-0.49081042408943176	0.11210067570209503	0.2189790904521942	0.21527665853500366	0.17088092863559723	0.5676534175872803	0.1416962891817093	0.6005712151527405	0.5138358473777771	0.22283633053302765	-0.09784889221191406	0.30312639474868774	0.06301462650299072	-0.03833865001797676	0.14538712799549103	0.6573064923286438	0.3110625147819519	-0.18772049248218536	-0.5551512837409973	-0.4522038996219635	0.21763743460178375	-0.016454504802823067	-0.3510061204433441	-0.34131959080696106
Aud_LABEL_4	-0.20615154504776	-0.20949256420135498	-0.2567713260650635	1.0	0.15420199930667877	0.16323880851268768	0.11441978067159653	n/a	-0.03870002552866936	0.5263594388961792	0.36667901277542114	0.3645450472831726	0.29874905943870544	0.408844918012619	0.002029083902016282	-0.2584272623062134	0.4955441653728485	-0.22173422574996948	0.4028482735157013	0.5161443948745728	0.6158947944641113	0.11574488878250122	-0.2083951234817505	0.061263080686330795	0.12992911040782928	-0.027397286146879196	-0.08613602817058563	-0.2464359700679779	-0.2952648997306824	-0.23777329921722412	0.8665673732757568	0.11477594077587128	0.2835232615470886	0.1275944709777832	n/a	0.20253366231918335	0.4106798470020294	0.18681825697422028	-0.10088440775871277	0.3374248445034027	-0.11038138717412949	0.6097090244293213	0.08177715539932251	0.6833863258361816	0.3693353831768036	0.0853368416428566	-0.2631559371948242	0.1855754405260086	0.06189892441034317	-0.1064910888671875	-0.10285332798957825	0.18325966596603394	-0.12563757598400116	-0.007620745338499546	-0.02499730885028839	-0.09009464830160141	0.19113095104694366	0.4659503698348999	0.2506125271320343	-0.19551467895507812	-0.10946504026651382	-0.5465985536575317	-0.49698135256767273	-0.14976342022418976	-0.40821078419685364	-0.10796689987182617	0.22592227160930634	0.05436823144555092	-0.2562755346298218	0.3766759932041168	-0.20177078247070312	-0.17254924774169922	0.08133164793252945	0.3627706468105316	0.16605022549629211	0.021251551806926727	0.14924250543117523	0.4468766152858734	-0.10050541907548904	0.16845618188381195
Tpole_LABEL_5	0.2456018179655075	-0.004643259570002556	-0.42363104224205017	0.15420199930667877	1.0	0.12638822197914124	0.288310706615448	n/a	0.3416503667831421	0.016850879415869713	-0.10228351503610611	-0.30314889550209045	-0.10801314562559128	0.1544691026210785	-0.5022481083869934	0.3131055533885956	0.08289360255002975	0.3043351471424103	0.14891508221626282	0.3543360233306885	0.058763857930898666	-0.20913271605968475	-0.21830233931541443	-0.020250754430890083	-0.28884053230285645	0.34224700927734375	-0.22071950137615204	-0.14068472385406494	-0.09129013866186142	-0.34952512383461	0.06258627772331238	0.638787567615509	-0.014896206557750702	0.15718446671962738	n/a	-0.12278996407985687	-0.12514439225196838	-0.17529365420341492	0.11482612043619156	0.1972428262233734	-0.4318840801715851	0.06244255229830742	0.15948231518268585	0.24050168693065643	-0.1031990796327591	-0.1765880137681961	-0.29738038778305054	-0.05550362914800644	-0.3015105724334717	0.2045951783657074	-0.3226504325866699	0.23305431008338928	0.3449557423591614	0.27118298411369324	-0.06767143309116364	0.16138005256652832	0.3532172739505768	0.003923377022147179	-0.12336599826812744	-0.03396571800112724	-0.20019999146461487	-0.4023054242134094	0.16236795485019684	-0.33945199847221375	-0.31988653540611267	0.04077118635177612	0.059889309108257294	-0.28161776065826416	0.2923789620399475	-0.06977526843547821	0.22458456456661224	-0.4180680811405182	-0.09475486725568771	0.1998848021030426	0.3967641294002533	0.2146690934896469	-0.17964182794094086	0.23280759155750275	0.1944594830274582	0.14906145632266998
PMN_LABEL_6	0.47611039876937866	0.094512440264225	-0.18129219114780426	0.16323880851268768	0.12638822197914124	1.0	0.5373202562332153	n/a	0.29467347264289856	-0.1280544102191925	0.4456695020198822	-0.2425704002380371	-0.2187197208404541	-0.10800622403621674	0.02461063675582409	0.09347670525312424	0.1520078033208847	-0.0977725088596344	0.2708803415298462	0.21603885293006897	-0.11236093193292618	0.18885836005210876	0.1824156939983368	0.6829037666320801	0.0285477377474308	0.08909158408641815	-0.049589671194553375	-0.18795089423656464	0.014082755893468857	-0.1611279994249344	0.2410297840833664	0.38614994287490845	0.5444101691246033	0.46377286314964294	n/a	-0.17013195157051086	0.1314956396818161	-0.1065186932682991	-0.07806448638439178	0.054126180708408356	-0.18701565265655518	0.10886865109205246	0.3902013599872589	0.20016033947467804	-0.12151753902435303	-0.014924269169569016	0.10115014761686325	0.6238449811935425	-0.08913373202085495	0.14603260159492493	-0.23613427579402924	0.14660559594631195	-0.11301000416278839	0.26252731680870056	-0.2355896681547165	-0.2568630576133728	0.11619394272565842	0.19651855528354645	0.14187704026699066	-0.06851916015148163	-0.09644139558076859	-0.22460618615150452	0.02866150438785553	-0.2582786977291107	-0.34283581376075745	-0.08728731423616409	0.04226906970143318	-0.1805250644683838	0.025451257824897766	0.05052211508154869	0.026707151904702187	-0.005178540479391813	-0.08206195384263992	0.03489433601498604	0.16144268214702606	0.172385111451149	-0.051879916340112686	0.1927657276391983	0.05925264209508896	0.28238117694854736
PON_LABEL_7	0.49320560693740845	0.4356341063976288	-0.42009061574935913	0.11441978067159653	0.288310706615448	0.5373202562332153	1.0	n/a	0.7550467848777771	-0.20804327726364136	-0.02212776616215706	-0.40563130378723145	-0.21337124705314636	-0.0165279358625412	-0.3609318733215332	0.4668196141719818	0.25450190901756287	0.15378428995609283	0.3004668951034546	0.24742306768894196	-0.14431868493556976	-0.10882199555635452	0.15946857631206512	0.5525293946266174	-0.0628192126750946	0.1775406301021576	0.014630265533924103	-0.39360395073890686	0.3649817109107971	-0.3160839378833771	0.08440195769071579	0.2912105321884155	0.4419962465763092	0.9170485734939575	n/a	-0.4679158627986908	-0.3101884424686432	-0.3712146282196045	-0.35752296447753906	0.03196513280272484	-0.6288953423500061	-0.037276558578014374	0.408617228269577	0.046357471495866776	-0.5148856043815613	-0.2598181962966919	-0.025166168808937073	0.4437240958213806	-0.18643665313720703	0.14474380016326904	-0.37351155281066895	0.20898960530757904	0.2788102626800537	0.6562811136245728	-0.09785792976617813	0.08596456795930862	0.21315498650074005	-0.059221841394901276	-0.07453778386116028	-0.3882642090320587	-0.17162397503852844	-0.398293673992157	-0.22030164301395416	-0.5818257927894592	-0.3945709764957428	-0.3798786699771881	-0.20475514233112335	-0.06993427872657776	0.17902743816375732	0.21937032043933868	-0.3022662103176117	-0.28391894698143005	-0.10000433027744293	0.07504156976938248	0.5382875204086304	0.42788562178611755	-0.08699017763137817	0.05714331567287445	0.5757843255996704	0.6362062096595764
MTL_LABEL_8	n/a	n/a	n/a	n/a	n/a	n/a	n/a	1.0	n/a	n/a	n/a	n/a	n/a	n/a	n/a	n/a	n/a	n/a	n/a	n/a	n/a	n/a	n/a	n/a	n/a	n/a	n/a	n/a	n/a	n/a	n/a	n/a	n/a	n/a	n/a	n/a	n/a	n/a	n/a	n/a	n/a	n/a	n/a	n/a	n/a	n/a	n/a	n/a	n/a	n/a	n/a	n/a	n/a	n/a	n/a	n/a	n/a	n/a	n/a	n/a	n/a	n/a	n/a	n/a	n/a	n/a	n/a	n/a	n/a	n/a	n/a	n/a	n/a	n/a	n/a	n/a	n/a	n/a	n/a	n/a
PON_LABEL_9	0.4199691712856293	0.23499302566051483	-0.3479984700679779	-0.03870002552866936	0.3416503667831421	0.29467347264289856	0.7550467848777771	n/a	1.0	-0.25075381994247437	-0.028869593515992165	-0.540166974067688	-0.2695747911930084	-0.18213891983032227	-0.4234187602996826	0.4429691731929779	0.09750249981880188	0.3462817668914795	0.048874083906412125	0.2625904977321625	-0.22329804301261902	-0.09341299533843994	0.013265409506857395	0.2333623319864273	-0.101012222468853	0.34097445011138916	0.020224973559379578	-0.21920497715473175	0.269379585981369	-0.2568633258342743	-0.12208593636751175	0.4104759991168976	0.18437519669532776	0.661531388759613	n/a	-0.49204543232917786	-0.2986687123775482	-0.3929411470890045	-0.30200427770614624	-0.15434029698371887	-0.5759823322296143	-0.18292124569416046	0.27588096261024475	-0.1511683166027069	-0.48627281188964844	-0.11435065418481827	-0.11382939666509628	0.10812227427959442	-0.12178456038236618	0.10083446651697159	-0.3225923180580139	0.19828833639621735	0.5808445811271667	0.858970046043396	0.014039215631783009	0.15602318942546844	0.13081206381320953	-0.09259413182735443	-0.15202918648719788	-0.23045672476291656	-0.1547066867351532	-0.20543208718299866	-0.17189542949199677	-0.4054189622402191	-0.21910633146762848	-0.15687288343906403	-0.09290287643671036	-0.07964114844799042	0.30742302536964417	-0.03162725269794464	-0.13339711725711823	-0.2924683094024658	-0.0784362256526947	0.09466762095689774	0.6642231345176697	0.5752674341201782	-0.15098008513450623	0.09920919686555862	0.520054042339325	0.48092731833457947
CO_LABEL_10	-0.380818247795105	-0.1650952249765396	-0.19113682210445404	0.5263594388961792	0.016850879415869713	-0.1280544102191925	-0.20804327726364136	n/a	-0.25075381994247437	1.0	0.3509099781513214	0.6005451083183289	0.0996982753276825	0.13671660423278809	0.07773849368095398	-0.2548094391822815	0.5208555459976196	-0.12308291345834732	0.1286802738904953	0.4152284264564514	0.6712557673454285	0.06334557384252548	-0.17657439410686493	-0.1773308515548706	0.12445724755525589	-0.20025748014450073	-0.1523362249135971	-0.0747482031583786	-0.25037816166877747	-0.3091903626918793	0.4847995340824127	-0.24996693432331085	-0.07862009853124619	-0.2976073920726776	n/a	0.7624279856681824	0.5802683234214783	0.573251485824585	0.3430514931678772	0.11043661087751389	0.04605180770158768	0.6579297184944153	-0.17570911347866058	0.5350379943847656	0.6887136697769165	0.08181517571210861	-0.1941053718328476	-0.07292616367340088	0.03026857227087021	-0.34281134605407715	-0.16803984344005585	-0.3258648216724396	-0.36921513080596924	-0.31481868028640747	-0.29786574840545654	0.11143205314874649	0.06271657347679138	0.249790757894516	0.032837629318237305	0.2819061577320099	0.3548385202884674	-0.08453480154275894	-0.31255269050598145	0.16842076182365417	-0.12031177431344986	0.38918811082839966	0.433956503868103	0.018286237493157387	-0.19607937335968018	0.37001925706863403	0.049664393067359924	-0.03946400806307793	0.004537436179816723	0.27255377173423767	0.11187441647052765	-0.12236030399799347	0.12005098909139633	0.34456637501716614	-0.13081969320774078	-0.03328080102801323
Sal_LABEL_11	0.07464003562927246	-0.3175472915172577	-0.04522024467587471	0.36667901277542114	-0.10228351503610611	0.4456695020198822	-0.02212776616215706	n/a	-0.028869593515992165	0.3509099781513214	1.0	0.058767739683389664	-0.09561378508806229	-0.3341620862483978	0.2733282446861267	-0.13530997931957245	0.427118718624115	-0.02653280831873417	0.33643779158592224	0.3655271828174591	0.3583391606807709	0.5026854872703552	0.05581947788596153	0.2036067545413971	0.16152259707450867	0.13238410651683807	0.09094841778278351	0.05574424937367439	-0.329946905374527	-0.20768234133720398	0.40039071440696716	0.16005031764507294	0.09645970165729523	-0.06688153743743896	n/a	0.2395780086517334	0.7943844199180603	0.21516737341880798	0.0809723511338234	-0.2386990785598755	0.2034761905670166	0.37095341086387634	0.17473047971725464	0.30671438574790955	0.37748411297798157	0.17042262852191925	0.09378349781036377	0.2741744816303253	0.12923507392406464	0.0632554441690445	-0.06671561300754547	0.020124295726418495	-0.2600444555282593	-0.17524537444114685	-0.0504709891974926	-0.3615228533744812	0.026343192905187607	0.45885536074638367	0.3115216791629791	0.05294471234083176	0.008471748791635036	-0.014923826791346073	-0.005558783654123545	0.16031332314014435	-0.01258217915892601	0.07244855910539627	0.07940114289522171	-0.1139044463634491	-0.21021075546741486	0.14924876391887665	0.2667625844478607	0.2904690206050873	-0.20736265182495117	-0.14329981803894043	0.000720284238923341	-0.04319567605853081	0.10186924785375595	0.08186951279640198	-0.32644304633140564	-0.08649272471666336
CO_LABEL_12	-0.5526366233825684	-0.1236189603805542	0.03414269536733627	0.3645450472831726	-0.30314889550209045	-0.2425704002380371	-0.40563130378723145	n/a	-0.540166974067688	0.6005451083183289	0.058767739683389664	1.0	0.21265411376953125	0.2910798490047455	0.2599523365497589	-0.4374547302722931	0.31667444109916687	-0.1802077740430832	0.10728438198566437	-0.007546805776655674	0.5634262561798096	-0.02814028598368168	0.04284040629863739	-0.1709907054901123	0.1602320373058319	-0.4059098958969116	-0.13356511294841766	-0.060067273676395416	-0.1271025538444519	-0.08109880983829498	0.31198951601982117	-0.36618879437446594	-0.14468157291412354	-0.43919435143470764	n/a	0.6303836703300476	0.34565913677215576	0.6962782144546509	0.052369602024555206	0.20055527985095978	0.27615901827812195	0.43724140524864197	-0.25477737188339233	0.4024820923805237	0.6962102055549622	0.015312779694795609	-0.03403928875923157	-0.11190281808376312	0.25404009222984314	-0.3270731270313263	-0.04784746840596199	-0.18175733089447021	-0.33178290724754333	-0.4896552860736847	-0.2789231836795807	0.05066452920436859	-0.00033832769258879125	0.12269219011068344	0.09556466341018677	0.03101903572678566	0.1497754454612732	-0.1090296059846878	-0.31686028838157654	0.13387329876422882	-0.05846625939011574	0.018872180953621864	0.2018042504787445	0.14441737532615662	-0.29525089263916016	0.24412274360656738	-0.16388250887393951	0.04488322511315346	0.17027027904987335	0.21023350954055786	-0.2711790204048157	-0.21220526099205017	0.3223675489425659	0.07006045430898666	-0.3510606288909912	-0.05926835536956787
SMd_LABEL_13	-0.07519485801458359	-0.49978402256965637	0.22349007427692413	0.29874905943870544	-0.10801314562559128	-0.2187197208404541	-0.21337124705314636	n/a	-0.2695747911930084	0.0996982753276825	-0.09561378508806229	0.21265411376953125	1.0	0.10214779525995255	0.25299519300460815	-0.1614062339067459	0.11177008599042892	-0.024155674502253532	0.0759839117527008	-0.017418965697288513	0.21589447557926178	-0.042294666171073914	-0.2304183691740036	-0.22632798552513123	0.1750013381242752	0.17594727873802185	0.21603623032569885	0.21121299266815186	-0.4604550898075104	0.09425674378871918	0.30779945850372314	-0.06346967816352844	-0.1462167352437973	-0.14758776128292084	n/a	0.025995494797825813	-0.037353672087192535	-0.00037153897574171424	0.026393037289381027	-0.0106922946870327	0.14160969853401184	0.22791843116283417	-0.3506647050380707	0.03804504871368408	0.05070137977600098	-0.08778128772974014	-0.08734429627656937	-0.20204029977321625	0.20015600323677063	-0.10389215499162674	0.26902076601982117	0.18852104246616364	-0.0421428345143795	-0.18073680996894836	-0.01192713063210249	0.33228713274002075	0.07206309586763382	0.07051000744104385	0.25063541531562805	-3.0393573979381472e-05	0.16703489422798157	0.019587809219956398	-0.09504207968711853	0.09872927516698837	0.010047930292785168	-0.011814841069281101	-0.011316981166601181	0.8032156825065613	-0.03858048841357231	0.473972886800766	0.18539495766162872	0.2667674422264099	0.7721219062805176	0.07405952364206314	-0.4069794714450836	-0.35613325238227844	0.2566019296646118	-0.011679061688482761	-0.12859366834163666	-0.24820023775100708
SMl_LABEL_14	-0.2719820439815521	0.15887004137039185	-0.17777690291404724	0.408844918012619	0.1544691026210785	-0.10800622403621674	-0.0165279358625412	n/a	-0.18213891983032227	0.13671660423278809	-0.3341620862483978	0.2910798490047455	0.10214779525995255	1.0	-0.2577108144760132	-0.12803195416927338	-0.18201321363449097	-0.21870331466197968	0.056581176817417145	-0.05418916791677475	0.07602203637361526	-0.3095182776451111	-0.08445523679256439	0.03247540071606636	-0.2803401052951813	-0.3771475553512573	-0.27290380001068115	-0.4853031039237976	0.13551181554794312	0.028439080342650414	0.33289799094200134	-0.02101333625614643	0.1845492124557495	0.027098113670945168	n/a	0.04676249250769615	-0.14059433341026306	-0.08049091696739197	0.055740490555763245	0.9484730958938599	-0.17115819454193115	0.1147451400756836	-0.06571636348962784	0.2240482121706009	0.09540224075317383	-0.07233262807130814	-0.1396344155073166	0.07259457558393478	-0.07770206779241562	-0.04147099331021309	-0.011815236881375313	0.2845281660556793	-0.062075212597846985	-0.1057148277759552	0.037240270525217056	0.10662396252155304	0.20508450269699097	-0.10438190400600433	-0.027059948071837425	-0.05911117047071457	-0.09869954735040665	-0.3656371533870697	-0.22068943083286285	-0.25397220253944397	-0.4254773259162903	-0.06397651135921478	0.3443058133125305	-0.06680479645729065	-0.32927319407463074	-0.008149572648108006	-0.5778254866600037	-0.5579668879508972	-0.03000037558376789	0.5330974459648132	0.03082478605210781	0.057224392890930176	-0.08345083892345428	0.24830463528633118	0.021258072927594185	0.24257034063339233
DAN_LABEL_15	-0.1117091178894043	-0.28955721855163574	0.5101924538612366	0.002029083902016282	-0.5022481083869934	0.02461063675582409	-0.3609318733215332	n/a	-0.4234187602996826	0.07773849368095398	0.2733282446861267	0.2599523365497589	0.25299519300460815	-0.2577108144760132	1.0	-0.4934055209159851	0.052892159670591354	-0.47239944338798523	-0.269225537776947	-0.2061583548784256	0.0760146751999855	0.11775991320610046	0.4053876996040344	0.090140700340271	0.710005521774292	-0.1473095417022705	0.016563810408115387	0.2180682271718979	-0.23723091185092926	0.2829980254173279	0.15466636419296265	-0.31176114082336426	0.10737721621990204	-0.229206845164299	n/a	0.2311091125011444	0.24611078202724457	0.3052188754081726	-0.04079550877213478	-0.25001704692840576	0.7948353290557861	0.054618943482637405	-0.3255505859851837	0.008456910960376263	0.11385198682546616	-0.04962403327226639	0.5423523783683777	0.16980332136154175	0.5443279147148132	-0.16212880611419678	0.4245290458202362	-0.08832002431154251	-0.44032734632492065	-0.3078347444534302	-0.22973662614822388	-0.03100542724132538	-0.32102230191230774	0.17522309720516205	0.07448295503854752	0.02343936450779438	0.14859150350093842	0.20478931069374084	-0.014145661145448685	0.3891370892524719	0.10566026717424393	0.008594375103712082	-0.1814306527376175	0.22544130682945251	-0.20652173459529877	0.1995566338300705	0.10191912949085236	0.5153050422668457	0.2547553777694702	-0.3046930432319641	-0.4285429120063782	-0.35581934452056885	0.15914888679981232	-0.020738694816827774	-0.40616628527641296	-0.3851688802242279
DMN_LABEL_16	0.5914737582206726	0.10810941457748413	-0.15204383432865143	-0.2584272623062134	0.3131055533885956	0.09347670525312424	0.4668196141719818	n/a	0.4429691731929779	-0.2548094391822815	-0.13530997931957245	-0.4374547302722931	-0.1614062339067459	-0.12803195416927338	-0.4934055209159851	1.0	-0.05087893083691597	0.6056066751480103	0.3458457589149475	-0.06770558655261993	-0.3934440314769745	0.13989996910095215	-0.22516518831253052	0.0841534286737442	-0.3448490798473358	0.3997436761856079	0.37081193923950195	0.12064261734485626	0.11207244545221329	-0.19657182693481445	-0.15101557970046997	0.20606683194637299	-0.1783064901828766	0.3823069930076599	n/a	-0.2608465552330017	-0.2154754400253296	-0.4001981317996979	0.09229104220867157	-0.047134045511484146	-0.6072462201118469	-0.17182476818561554	0.28281041979789734	-0.256600022315979	-0.44253700971603394	-0.02546989545226097	-0.30089491605758667	-0.046414680778980255	-0.4381828010082245	0.4355350434780121	-0.19850194454193115	0.1966482400894165	0.4245377779006958	0.301209032535553	0.37621426582336426	-0.059263087809085846	0.05563034489750862	-0.15751352906227112	0.01388977188616991	0.1357300579547882	-0.06325559318065643	-0.02260793000459671	0.2802237272262573	-0.17939434945583344	0.0855381116271019	0.06413775682449341	-0.06700611114501953	0.022563057020306587	0.4819867014884949	-0.016271915286779404	0.10519877821207047	-0.06974446028470993	-0.16833820939064026	-0.08319267630577087	0.2847062647342682	0.23397965729236603	-0.047006022185087204	-0.1967165768146515	0.28805533051490784	0.24873745441436768
CO_LABEL_17	-0.10324352234601974	-0.010853809304535389	-0.35348039865493774	0.4955441653728485	0.08289360255002975	0.1520078033208847	0.25450190901756287	n/a	0.09750249981880188	0.5208555459976196	0.427118718624115	0.31667444109916687	0.11177008599042892	-0.18201321363449097	0.052892159670591354	-0.05087893083691597	1.0	0.06280438601970673	0.2897813618183136	0.6465434432029724	0.7011886239051819	0.09110073745250702	0.08343791216611862	0.18747276067733765	0.30135756731033325	0.08240021765232086	-0.14366981387138367	-0.2057231366634369	-0.1306757926940918	-0.5286732912063599	0.36003851890563965	-0.00029206217732280493	0.08912850171327591	0.11965924501419067	n/a	0.3092283010482788	0.40017062425613403	0.30943483114242554	-0.20716165006160736	-0.24633672833442688	-0.11543558537960052	0.6247705221176147	0.09226032346487045	0.5534637570381165	0.36943843960762024	-0.11125379800796509	-0.0536654107272625	0.17628024518489838	0.19951695203781128	-0.25236132740974426	-0.463790625333786	-0.13418635725975037	-0.163842111825943	-0.04287666454911232	-0.38819289207458496	0.05713958665728569	0.2018088400363922	0.250691682100296	2.6256084311171435e-05	-0.21032793819904327	0.16534176468849182	-0.2491631954908371	-0.4497936964035034	-0.3258094787597656	-0.2785904109477997	-0.20410923659801483	-0.16049838066101074	0.08016634732484818	-0.11065372079610825	0.5766599178314209	-0.014973566867411137	-0.06482648104429245	0.10271982848644257	0.12505924701690674	0.21870145201683044	0.21791459619998932	0.281355619430542	0.2045849859714508	0.053341373801231384	0.21400223672389984
DMN_LABEL_18	0.2340685874223709	-0.0024233332369476557	-0.10713665932416916	-0.22173422574996948	0.3043351471424103	-0.0977725088596344	0.15378428995609283	n/a	0.3462817668914795	-0.12308291345834732	-0.02653280831873417	-0.1802077740430832	-0.024155674502253532	-0.21870331466197968	-0.47239944338798523	0.6056066751480103	0.06280438601970673	1.0	0.3233374357223511	-0.14036445319652557	-0.09482171386480331	0.11186239868402481	-0.3585473299026489	-0.27167630195617676	-0.432003378868103	0.5383433103561401	0.410457581281662	0.310957133769989	0.05655553191900253	-0.2835313677787781	-0.19993512332439423	0.29696816205978394	-0.5041759014129639	-0.034842103719711304	n/a	-0.13317808508872986	-0.09151508659124374	-0.05657512694597244	0.0665040984749794	-0.1880103200674057	-0.3547542095184326	0.0063061886467039585	-0.054041240364313126	-0.23382680118083954	-0.16456419229507446	0.03406248614192009	-0.34123870730400085	-0.42178016901016235	-0.19507375359535217	-0.0005920464755035937	-0.28989294171333313	0.15188632905483246	0.601524829864502	0.11916337162256241	0.15737353265285492	0.11989540606737137	0.198940247297287	-0.08993986994028091	-0.00803501345217228	0.07362331449985504	0.10109703987836838	0.14741064608097076	0.092180997133255	-0.16740164160728455	0.10248424112796783	0.04156513512134552	5.056955706095323e-05	0.11994893848896027	0.3869659900665283	0.02386643923819065	0.4188455641269684	-0.013319279067218304	-0.028193365782499313	-0.03891938552260399	0.06126860901713371	0.24115301668643951	0.05965052545070648	-0.18530568480491638	0.10378450900316238	0.16453947126865387
VAN_LABEL_19	0.12555213272571564	-0.2301676720380783	-0.0725550726056099	0.4028482735157013	0.14891508221626282	0.2708803415298462	0.3004668951034546	n/a	0.048874083906412125	0.1286802738904953	0.33643779158592224	0.10728438198566437	0.0759839117527008	0.056581176817417145	-0.269225537776947	0.3458457589149475	0.2897813618183136	0.3233374357223511	1.0	0.17699697613716125	0.2354951649904251	0.4326002597808838	-0.37642350792884827	0.09112174808979034	-0.232625812292099	0.19011837244033813	0.3986024558544159	0.12190278619527817	-0.3034522235393524	-0.10606011003255844	0.38736459612846375	0.2368253916501999	-0.09391084313392639	0.24746009707450867	n/a	0.02131040021777153	0.36234980821609497	-0.0072056143544614315	-0.02810833975672722	0.07870360463857651	-0.32746729254722595	0.28702935576438904	0.5102963447570801	0.299967885017395	0.1911984086036682	0.23813335597515106	-0.4461144804954529	0.11880698800086975	-0.26235347986221313	0.21077682077884674	-0.07050181180238724	0.2124563306570053	0.20375309884548187	-0.05902821570634842	0.2412857711315155	-0.2707965075969696	0.1479562371969223	0.32814139127731323	0.5124908685684204	-0.10703850537538528	-0.0822034552693367	-0.1448996663093567	-0.021862458437681198	-0.06821741908788681	0.05237502604722977	-0.11662796884775162	0.06571236252784729	0.11342164129018784	0.22988754510879517	0.19916938245296478	0.06281213462352753	0.1382177174091339	-0.0071663507260382175	0.08536477386951447	0.04771917685866356	-0.04962316155433655	0.3933526873588562	-0.02246578224003315	-0.0204852893948555	0.1910434067249298
CO_LABEL_20	-0.017042363062500954	-0.04731886461377144	-0.5227305889129639	0.5161443948745728	0.3543360233306885	0.21603885293006897	0.24742306768894196	n/a	0.2625904977321625	0.4152284264564514	0.3655271828174591	-0.007546805776655674	-0.017418965697288513	-0.05418916791677475	-0.2061583548784256	-0.06770558655261993	0.6465434432029724	-0.14036445319652557	0.17699697613716125	1.0	0.5517119765281677	0.0664219930768013	-0.11173675954341888	0.2055334448814392	0.1120714619755745	0.0713062584400177	-0.3163239657878876	-0.3297925889492035	-0.20361033082008362	-0.4110856354236603	0.2740003764629364	0.21866711974143982	0.2631673514842987	0.20577755570411682	n/a	0.08456947654485703	0.27930596470832825	-0.005646581295877695	-0.12620842456817627	-0.11001195758581161	-0.28730177879333496	0.36959612369537354	0.31912168860435486	0.599181056022644	0.277445524930954	0.013364213518798351	-0.1950533539056778	0.2489728331565857	-0.05419524013996124	-0.06185845285654068	-0.4555736482143402	-0.050978705286979675	-0.08760606497526169	0.14200818538665771	-0.25018054246902466	0.010724316351115704	0.1800188273191452	0.2506769895553589	-0.0426940880715847	-0.1546051800251007	-0.02232486940920353	-0.4321519434452057	-0.30253446102142334	-0.35460445284843445	-0.3733273148536682	-0.056179843842983246	0.026140479370951653	-0.25323963165283203	-0.013831254094839096	0.1869501918554306	-0.04982321336865425	-0.37270012497901917	-0.08801034092903137	0.22262492775917053	0.5207425951957703	0.30708935856819153	0.07633167505264282	0.3940795958042145	0.2952674329280853	0.16945916414260864
CO_LABEL_21	-0.4401005208492279	-0.14132970571517944	-0.15920813381671906	0.6158947944641113	0.058763857930898666	-0.11236093193292618	-0.14431868493556976	n/a	-0.22329804301261902	0.6712557673454285	0.3583391606807709	0.5634262561798096	0.21589447557926178	0.07602203637361526	0.0760146751999855	-0.3934440314769745	0.7011886239051819	-0.09482171386480331	0.2354951649904251	0.5517119765281677	1.0	0.1694168597459793	-0.19387558102607727	-0.10080850124359131	0.20911288261413574	-0.007480267900973558	-0.20827656984329224	-0.11385411769151688	-0.18549545109272003	-0.30387723445892334	0.38584545254707336	-0.07662352919578552	-0.007070498540997505	-0.18034011125564575	n/a	0.447020560503006	0.5304637551307678	0.4378480613231659	-0.0986940860748291	-0.06528369337320328	0.13533617556095123	0.6180709004402161	-0.026460543274879456	0.6290020942687988	0.7118703126907349	0.10135607421398163	-0.2033659815788269	-0.00746291596442461	0.22087174654006958	-0.4179129898548126	-0.2318280190229416	-0.1448553502559662	-0.26171550154685974	-0.33305925130844116	-0.31649595499038696	0.06988194584846497	0.19557799398899078	0.4397341310977936	0.1519443243741989	-0.21884553134441376	0.12051878124475479	-0.2822818458080292	-0.49639731645584106	-0.13473494350910187	-0.15719826519489288	-0.11315004527568817	-0.009711334481835365	0.03734545037150383	-0.26827311515808105	0.37563011050224304	-0.0032868634443730116	-0.07957800477743149	0.059772904962301254	0.11808469146490097	0.06210982799530029	-0.07455500215291977	0.36311426758766174	0.39225873351097107	-0.048317842185497284	0.099651999771595
Sal_LABEL_22	0.10151363909244537	-0.37400737404823303	0.47430822253227234	0.11574488878250122	-0.20913271605968475	0.18885836005210876	-0.10882199555635452	n/a	-0.09341299533843994	0.06334557384252548	0.5026854872703552	-0.02814028598368168	-0.042294666171073914	-0.3095182776451111	0.11775991320610046	0.13989996910095215	0.09110073745250702	0.11186239868402481	0.4326002597808838	0.0664219930768013	0.1694168597459793	1.0	-0.38430172204971313	0.06089985743165016	0.009530436247587204	0.2780132293701172	0.4596866965293884	0.45092397928237915	-0.32064300775527954	0.31639811396598816	0.16048647463321686	-0.10157747566699982	-0.041182421147823334	-0.003158339997753501	n/a	0.03205281123518944	0.587554395198822	-0.0443267822265625	0.09029636532068253	-0.32405322790145874	0.19283875823020935	0.09669031947851181	0.41911780834198	-0.029978014528751373	0.2552056610584259	0.79347163438797	-0.23744136095046997	0.18526114523410797	-0.05637617036700249	0.11727845668792725	0.31387126445770264	0.03824639692902565	-0.06126335263252258	-0.12899039685726166	0.37469956278800964	-0.5492473840713501	-0.21002764999866486	0.48810553550720215	0.4795460104942322	0.14341403543949127	0.15685155987739563	0.23065462708473206	0.05655813589692116	0.3252421021461487	0.409736692905426	0.18400636315345764	-0.1250980645418167	0.05209407955408096	0.194500133395195	0.04010695964097977	0.22448284924030304	0.4613647758960724	-0.050392184406518936	-0.25973716378211975	-0.12048100680112839	-0.10129747539758682	0.3102418780326843	0.15172521770000458	-0.21380017697811127	-0.07932303845882416
DAN_LABEL_23	0.014265008270740509	0.2953334152698517	-0.1984066367149353	-0.2083951234817505	-0.21830233931541443	0.1824156939983368	0.15946857631206512	n/a	0.013265409506857395	-0.17657439410686493	0.05581947788596153	0.04284040629863739	-0.2304183691740036	-0.08445523679256439	0.4053876996040344	-0.22516518831253052	0.08343791216611862	-0.3585473299026489	-0.37642350792884827	-0.11173675954341888	-0.19387558102607727	-0.38430172204971313	1.0	0.2760125696659088	0.38905248045921326	-0.2874754071235657	-0.275012731552124	-0.3908710777759552	0.2401265650987625	-0.17657378315925598	-0.07799363881349564	-0.15891681611537933	0.2672346532344818	0.17539337277412415	n/a	-0.012505297549068928	-0.1252225637435913	0.20809069275856018	-0.2556096315383911	-0.02164304070174694	0.2311864048242569	-0.008170911110937595	-0.1513873189687729	-0.02600620687007904	-0.19489380717277527	-0.4779151976108551	0.8024046421051025	0.24140281975269318	0.46190395951271057	0.034216705709695816	-0.09635357558727264	-0.0024397000670433044	-0.2650797665119171	0.01998884789645672	-0.29478245973587036	0.03713233768939972	-0.030939973890781403	-0.19295912981033325	-0.2747643291950226	-0.25753775238990784	-0.0631958469748497	-0.15602047741413116	0.025750840082764626	-0.10978540778160095	-0.22642260789871216	-0.323904424905777	-0.2940114140510559	-0.1394878327846527	-0.3389720320701599	0.0712013840675354	-0.28087058663368225	-0.05340370163321495	-0.18176327645778656	-0.2480955272912979	-0.07329881191253662	0.16849806904792786	-0.11578567326068878	-0.16060316562652588	-0.14670728147029877	-0.029482053592801094
PMN_LABEL_24	0.4702386260032654	0.3616641163825989	-0.07589897513389587	0.061263080686330795	-0.020250754430890083	0.6829037666320801	0.5525293946266174	n/a	0.2333623319864273	-0.1773308515548706	0.2036067545413971	-0.1709907054901123	-0.22632798552513123	0.03247540071606636	0.090140700340271	0.0841534286737442	0.18747276067733765	-0.27167630195617676	0.09112174808979034	0.2055334448814392	-0.10080850124359131	0.06089985743165016	0.2760125696659088	1.0	0.027621904388070107	-0.24287082254886627	-0.2574637234210968	-0.37131479382514954	0.2938880920410156	0.04661841318011284	0.019842227920889854	0.08493181318044662	0.7451068162918091	0.5436236262321472	n/a	-0.22946833074092865	-0.00278105097822845	-0.30724459886550903	-0.26827970147132874	0.08953409641981125	-0.12442069500684738	-0.16650249063968658	0.47394534945487976	0.12789516150951385	-0.18276984989643097	-0.10474621504545212	0.15433171391487122	0.9292389154434204	-0.1725410521030426	0.17512524127960205	-0.11384778469800949	0.055989380925893784	-0.2731933295726776	0.2032386213541031	-0.2321700155735016	-0.20477856695652008	0.1936316192150116	-0.13231950998306274	-0.24410493671894073	-0.2690102458000183	-0.31025615334510803	-0.2452215999364853	-0.06421606242656708	-0.47669586539268494	-0.5446435809135437	-0.29609423875808716	-0.17607684433460236	-0.22558121383190155	-0.12623046338558197	0.0074741472490131855	-0.35920748114585876	-0.21851761639118195	-0.05216598138213158	0.1679106056690216	0.17659524083137512	0.15308073163032532	-0.12045571208000183	0.10068938136100769	0.23736335337162018	0.4910902976989746
DAN_LABEL_25	-0.052128832787275314	-0.17449402809143066	0.25026077032089233	0.12992911040782928	-0.28884053230285645	0.0285477377474308	-0.0628192126750946	n/a	-0.101012222468853	0.12445724755525589	0.16152259707450867	0.1602320373058319	0.1750013381242752	-0.2803401052951813	0.710005521774292	-0.3448490798473358	0.30135756731033325	-0.432003378868103	-0.232625812292099	0.1120714619755745	0.20911288261413574	0.009530436247587204	0.38905248045921326	0.027621904388070107	1.0	0.07433520257472992	-0.018283409997820854	0.05701103061437607	-0.12207821756601334	0.027623074129223824	0.12220489233732224	-0.2908232808113098	0.22995011508464813	0.07905102521181107	n/a	0.13708284497261047	0.0985383689403534	0.1837543398141861	-0.22288958728313446	-0.34357017278671265	0.5136167407035828	0.12957417964935303	-0.26825159788131714	0.18727239966392517	-0.005425102077424526	-0.2236890196800232	0.4929889142513275	0.11152566224336624	0.7292612791061401	-0.2106562703847885	0.08717787265777588	-0.16017843782901764	-0.3015589714050293	-0.03533667325973511	-0.2832808494567871	0.10418103635311127	-0.41838550567626953	0.4040207862854004	0.08801855891942978	-0.1693655401468277	0.1710217148065567	-0.03130163624882698	-0.29708608984947205	0.2635560631752014	0.07945148646831512	-0.11610542982816696	-0.2174488753080368	0.10461872071027756	0.021735863760113716	0.42058897018432617	0.05473168194293976	0.39728614687919617	0.18303856253623962	-0.21277669072151184	-0.05967717990279198	-0.0921105220913887	0.22373490035533905	0.14055542647838593	-0.1835540533065796	-0.23680689930915833
