Node	DMN_LABEL_1	Vis_LABEL_2	FP_LABEL_3	Aud_LABEL_4	Tpole_LABEL_5	PMN_LABEL_6	PON_LABEL_7	MTL_LABEL_8	PON_LABEL_9	CO_LABEL_10	Sal_LABEL_11	CO_LABEL_12	SMd_LABEL_13	SMl_LABEL_14	DAN_LABEL_15	DMN_LABEL_16	CO_LABEL_17	DMN_LABEL_18	VAN_LABEL_19	CO_LABEL_20	CO_LABEL_21	Sal_LABEL_22	DAN_LABEL_23	PMN_LABEL_24	DAN_LABEL_25	DMN_LABEL_26	DMN_LABEL_27	DMN_LABEL_28	Vis_LABEL_29	FP_LABEL_30	Aud_LABEL_31	Tpole_LABEL_32	PMN_LABEL_33	PON_LABEL_34	MTL_LABEL_35	CO_LABEL_36	Sal_LABEL_37	CO_LABEL_38	SMd_LABEL_39	SMl_LABEL_40	DAN_LABEL_41	CO_LABEL_42	VAN_LABEL_43	CO_LABEL_44	CO_LABEL_45	Sal_LABEL_46	DAN_LABEL_47	PMN_LABEL_48	DAN_LABEL_49	DMN_LABEL_50	FP_LABEL_51	DMN_LABEL_52	DMN_LABEL_53	PON_LABEL_54	DMN_LABEL_55	Tpole_LABEL_56	Tpole_LABEL_57	Sal_LABEL_58	Sal_LABEL_59	SMd_LABEL_60	DAN_LABEL_61	FP_LABEL_62	DMN_LABEL_63	FP_LABEL_64	FP_LABEL_65	SMd_LABEL_66	SMl_LABEL_67	SMd_LABEL_68	DMN_LABEL_69	DAN_LABEL_70	DMN_LABEL_71	FP_LABEL_72	SMd_LABEL_73	SMl_LABEL_74	MTL_LABEL_75	MTL_LABEL_76	CO_LABEL_77	CO_LABEL_78	Vis_LABEL_79	Vis_LABEL_80
DMN_LABEL_1	1.0	0.015594329684972763	-0.0008719383040443063	-0.3002418279647827	-0.07797636836767197	0.584181010723114	0.4183196425437927	n/a	0.1215476244688034	-0.268190860748291	0.12324803322553635	-0.40380266308784485	-0.31450700759887695	-0.29018446803092957	-0.5651467442512512	0.6452603936195374	-0.35885554552078247	0.4767013490200043	0.1758655607700348	0.09809902310371399	-0.14061903953552246	0.2955423593521118	-0.3919738829135895	0.5041074752807617	-0.6739679574966431	0.15433648228645325	0.5914740562438965	0.3837602734565735	0.13337668776512146	-0.04351243004202843	-0.013042091391980648	0.211181640625	0.6659504175186157	0.43868494033813477	n/a	-0.38797077536582947	-0.010674471966922283	-0.01767701655626297	-0.1381995975971222	-0.27276700735092163	-0.5012912750244141	-0.25460365414619446	0.0015604491345584393	-0.32936131954193115	-0.03682442754507065	0.025346001610159874	-0.3561708927154541	0.5617908239364624	-0.4444851577281952	0.5715296268463135	0.10710346698760986	0.26897040009498596	0.5548338890075684	0.0360146090388298	0.4447828531265259	-0.062214553356170654	0.08357978612184525	0.005322812590748072	-0.12745678424835205	-0.10948861390352249	-0.40953946113586426	-0.4550761580467224	0.39414432644844055	-0.5287744402885437	-0.22841939330101013	-0.01043328084051609	-0.2100476175546646	-0.23075047135353088	0.3642076253890991	-0.27694040536880493	-0.198966383934021	-0.05627944692969322	-0.22454933822155	-0.16787837445735931	-0.2390000820159912	0.08168166130781174	-0.24214965105056763	-0.21327686309814453	0.2373582124710083	0.22349604964256287
Vis_LABEL_2	0.015594329684972763	1.0	0.012639185413718224	-0.08259731531143188	-0.4282448887825012	0.17959879338741302	0.4799014627933502	n/a	0.4097859859466553	-0.32412755489349365	-0.053735632449388504	-0.10770846903324127	-0.4613562822341919	-0.07849039882421494	-0.37862420082092285	0.1875070333480835	-0.27750974893569946	0.10567636787891388	0.5376887321472168	-0.08408558368682861	-0.4923834800720215	-0.24093972146511078	0.24883566796779633	0.15055589377880096	0.0401691235601902	-0.07917667180299759	-0.18150007724761963	-0.3500952124595642	0.863906741142273	0.14039911329746246	-0.28529319167137146	-0.08697875589132309	-0.08464793115854263	0.376056432723999	n/a	-0.31350138783454895	-0.20248593389987946	-0.1697249412536621	-0.5034157037734985	-0.11460054665803909	-0.2309369146823883	-0.3406575322151184	0.5423846244812012	-0.12081072479486465	-0.22725287079811096	0.0019357491983100772	0.04200512915849686	0.17467692494392395	0.007700555957853794	0.29525426030158997	-0.2091113179922104	0.24561569094657898	-0.14634378254413605	0.16621746122837067	0.2662148177623749	0.2537325620651245	0.464801162481308	-0.027506744489073753	-0.0006289695156738162	-0.13974621891975403	0.09488722681999207	0.13680173456668854	-0.3893583416938782	0.3546398878097534	0.5187720656394958	-0.0268844161182642	0.2779160141944885	-0.2196752429008484	0.34681347012519836	-0.36311566829681396	-0.29316839575767517	-0.26408761739730835	-0.3425079584121704	0.0509350411593914	0.035740531980991364	-0.10200786590576172	-0.15567713975906372	-0.3141024112701416	0.23008793592453003	0.23527894914150238
FP_LABEL_3	-0.0008719383040443063	0.012639185413718224	1.0	0.08241885900497437	-0.18524889647960663	0.08233002573251724	0.2806256413459778	n/a	0.4541115164756775	0.20005853474140167	0.024023374542593956	0.13290362060070038	0.3431015610694885	0.23920415341854095	0.35660555958747864	0.07573515921831131	0.002582559594884515	0.21504193544387817	0.24451670050621033	0.12924431264400482	0.06790190190076828	0.310220867395401	0.10908296704292297	-0.22721348702907562	0.24602335691452026	-0.0983973890542984	0.15298137068748474	0.07981294393539429	-0.00827553030103445	0.2206079661846161	-0.02752993255853653	-0.08287372440099716	-0.01100760605186224	0.3317923843860626	n/a	-0.05104507878422737	0.21688960492610931	0.05352102592587471	-0.07420394569635391	-0.001935103558935225	0.11170607060194016	-0.3531303107738495	0.13174647092819214	0.01112094521522522	-0.021743303164839745	0.15264052152633667	-0.062168415635824203	-0.1463201493024826	0.01543866004794836	0.04217741638422012	0.009725796058773994	-0.22246405482292175	-0.20072594285011292	0.027835465967655182	0.24262158572673798	0.19371463358402252	-0.025569260120391846	0.419020414352417	0.41591501235961914	-0.27158045768737793	-0.2184210866689682	-0.2125522494316101	0.01565738581120968	0.02111046388745308	-0.2291896492242813	-0.13115441799163818	-0.11816751211881638	0.09533022344112396	-0.29456624388694763	-0.13662485778331757	-0.08389485627412796	-0.027966978028416634	0.13578109443187714	-0.12075254321098328	0.30647924542427063	0.3194206953048706	0.12126530706882477	0.2979121208190918	0.22189359366893768	0.23951981961727142
Aud_LABEL_4	-0.3002418279647827	-0.08259731531143188	0.08241885900497437	1.0	0.3245196044445038	-0.17167501151561737	-0.006311564240604639	n/a	-0.10003086924552917	0.6312406659126282	0.4109133780002594	0.12261092662811279	0.3543744385242462	0.6865622401237488	0.3724591135978699	-0.37268561124801636	0.2808367609977722	0.1338498741388321	-0.11223478615283966	0.37085968255996704	0.602329671382904	0.24599961936473846	-0.04013916850090027	-0.271158903837204	0.2081359624862671	-0.02585032396018505	-0.02174292877316475	-0.05815315246582031	-0.14762860536575317	-0.21365633606910706	0.6821261644363403	-0.07576923817396164	-0.24359670281410217	-0.05605543404817581	n/a	0.439616322517395	0.5216730237007141	0.16857264935970306	-0.08563677221536636	0.37895506620407104	0.1978607028722763	-0.06679248809814453	0.2503778338432312	0.42382490634918213	0.5619990825653076	0.26274460554122925	-0.1010982021689415	-0.22737081348896027	-7.947466656332836e-05	-0.4099114239215851	0.05784625932574272	-0.2786826491355896	-0.394921213388443	-0.0459614172577858	-0.020890211686491966	-0.03341084346175194	-0.23816914856433868	0.3426702320575714	0.4661691188812256	-0.3132229149341583	-0.2005731463432312	-0.008756207302212715	-0.018516143783926964	0.19643284380435944	-0.3668968081474304	-0.37514519691467285	-0.5559371113777161	-0.17856143414974213	-0.45303961634635925	-0.1948297917842865	0.27031591534614563	-0.3039223849773407	0.027915095910429955	-0.107143834233284	0.007617049850523472	-0.08208347856998444	0.4354761838912964	0.3940185606479645	-0.13606058061122894	-0.47710251808166504
Tpole_LABEL_5	-0.07797636836767197	-0.4282448887825012	-0.18524889647960663	0.3245196044445038	1.0	-0.4010458290576935	-0.5083321332931519	n/a	-0.29377955198287964	0.3439953625202179	0.09852458536624908	-0.03877505287528038	0.21187470853328705	0.21608604490756989	0.34482455253601074	-0.12102677673101425	0.22721029818058014	0.23285378515720367	-0.5596379041671753	0.19421295821666718	0.5595732927322388	0.16173483431339264	-0.4739212095737457	-0.3235076069831848	0.06014637649059296	0.0963873565196991	-0.027968065813183784	0.2877297103404999	-0.620191752910614	-0.529988706111908	0.30048516392707825	0.36519330739974976	-0.1965658813714981	-0.46311265230178833	n/a	0.166511669754982	0.14770372211933136	-0.04975177347660065	0.31482556462287903	-0.01147615909576416	0.13899388909339905	-0.01864071749150753	-0.550491988658905	0.31478574872016907	0.3253469467163086	-0.08842527121305466	-0.26691168546676636	-0.42235440015792847	-0.11538582295179367	-0.48297733068466187	0.0541016161441803	-0.1744830310344696	0.2346256822347641	-0.008427695371210575	-0.2606358230113983	-0.11120538413524628	-0.23544248938560486	-0.049223560839891434	0.04117791727185249	0.18125388026237488	-0.16839060187339783	0.2449096292257309	0.18644392490386963	-0.03282187134027481	-0.2828211486339569	0.04462631419301033	-0.3191138207912445	-0.23138117790222168	-0.21512456238269806	0.10777883976697922	0.6146141886711121	0.2534738779067993	0.07661677151918411	-0.22056010365486145	-0.16603317856788635	-0.14990150928497314	-0.014753114432096481	0.03587248548865318	-0.19968083500862122	-0.2869814336299896
PMN_LABEL_6	0.584181010723114	0.17959879338741302	0.08233002573251724	-0.17167501151561737	-0.4010458290576935	1.0	0.542959988117218	n/a	0.1660557985305786	0.08295361697673798	0.1975812166929245	0.2051546424627304	0.07886165380477905	0.038967523723840714	-0.4022686183452606	0.300769180059433	-0.17007245123386383	0.11234527081251144	0.3597205877304077	0.16867908835411072	-0.0986083596944809	0.18710333108901978	0.10250051319599152	0.6085732579231262	-0.2336190789937973	-0.10731042921543121	0.28996381163597107	0.1190611720085144	0.32444295287132263	0.07550656795501709	-0.1757432371377945	-0.11478636413812637	0.7261930704116821	0.5731664896011353	n/a	-0.13204604387283325	0.10438092797994614	0.22804392874240875	-0.4524432122707367	-0.07190433889627457	-0.31960538029670715	-0.35390180349349976	0.23400697112083435	-0.15175017714500427	0.09349969774484634	0.26231056451797485	-0.2514829635620117	0.6259298920631409	-0.374798446893692	0.419626384973526	-0.006651995237916708	0.003891897853463888	-0.0028460018802434206	-0.018315967172384262	0.42283275723457336	-0.07928580045700073	0.27758803963661194	0.17249919474124908	0.07692006975412369	-0.28044092655181885	-0.3401634097099304	-0.3227919340133667	-0.07980730384588242	-0.2632185220718384	-0.18855009973049164	-0.23575659096240997	-0.04320592060685158	0.07849769294261932	0.043681856244802475	-0.22013692557811737	-0.5138038396835327	-0.2752261757850647	0.1378333568572998	-0.10970844328403473	0.06835528463125229	0.07803338021039963	0.0952468141913414	0.03274131566286087	0.5366884469985962	0.3572852313518524
PON_LABEL_7	0.4183196425437927	0.4799014627933502	0.2806256413459778	-0.006311564240604639	-0.5083321332931519	0.542959988117218	1.0	n/a	0.6108276844024658	-0.21151666343212128	0.01829356886446476	-0.04565688595175743	-0.2382771372795105	0.08230193704366684	-0.39259737730026245	0.4159400463104248	-0.3013955056667328	0.11866220086812973	0.5690115094184875	0.15155121684074402	-0.41706621646881104	-0.0431612990796566	0.24177595973014832	0.4885624945163727	-0.2778894305229187	0.0041158501990139484	0.149519681930542	-0.22551807761192322	0.6705021858215332	0.2657204270362854	-0.03780591860413551	0.13344916701316833	0.5140159726142883	0.9034655690193176	n/a	-0.3694595992565155	-0.059376779943704605	0.05644727498292923	-0.5972414612770081	0.0503927581012249	-0.42282718420028687	-0.4075791537761688	0.4401375353336334	-0.2971827983856201	-0.31532707810401917	-0.08513197302818298	0.010660314932465553	0.638409435749054	-0.19766642153263092	0.5353701710700989	-0.23954765498638153	0.2718256115913391	0.12699797749519348	0.45412713289260864	0.3006182909011841	0.39336416125297546	0.3115807771682739	0.20027993619441986	0.1129133403301239	-0.45773208141326904	-0.03974863886833191	-0.5597395300865173	0.10480641573667526	-0.2908335030078888	-0.15426687896251678	-0.3211473822593689	-0.08182293176651001	0.016498493030667305	0.3179868459701538	-0.22750233113765717	-0.5437948107719421	-0.5233010053634644	-0.12675409018993378	0.07582934200763702	0.24464121460914612	0.28896623849868774	0.08452871441841125	-0.01330153364688158	0.5390998125076294	0.3115229606628418
MTL_LABEL_8	n/a	n/a	n/a	n/a	n/a	n/a	n/a	1.0	n/a	n/a	n/a	n/a	n/a	n/a	n/a	n/a	n/a	n/a	n/a	n/a	n/a	n/a	n/a	n/a	n/a	n/a	n/a	n/a	n/a	n/a	n/a	n/a	n/a	n/a	n/a	n/a	n/a	n/a	n/a	n/a	n/a	n/a	n/a	n/a	n/a	n/a	n/a	n/a	n/a	n/a	n/a	n/a	n/a	n/a	n/a	n/a	n/a	n/a	n/a	n/a	n/a	n/a	n/a	n/a	n/a	n/a	n/a	n/a	n/a	n/a	n/a	n/a	n/a	n/a	n/a	n/a	n/a	n/a	n/a	n/a
PON_LABEL_9	0.1215476244688034	0.4097859859466553	0.4541115164756775	-0.10003086924552917	-0.29377955198287964	0.1660557985305786	0.6108276844024658	n/a	1.0	-0.2860448360443115	-0.42491284012794495	-0.20505407452583313	-0.0594869963824749	-0.1767049878835678	-0.016610978171229362	0.14807619154453278	-0.22560635209083557	0.005631504580378532	0.31413939595222473	0.08182258903980255	-0.2625586688518524	-0.17306627333164215	0.14920614659786224	-0.179414302110672	0.16187968850135803	0.10026475787162781	-0.03439295291900635	-0.23962362110614777	0.3993874192237854	0.15534281730651855	-0.13486531376838684	0.2596217095851898	-0.0445319302380085	0.6142658591270447	n/a	-0.24568726122379303	-0.3518369495868683	-0.2975761592388153	-0.42493873834609985	-0.2783883213996887	-0.12026629596948624	-0.3893766403198242	0.07790142297744751	-0.14781346917152405	-0.48099595308303833	-0.3360137343406677	-0.023107461631298065	-0.03408301621675491	0.12552672624588013	0.20026595890522003	-0.3170124888420105	0.18129009008407593	0.19621825218200684	0.6078671813011169	0.019067466259002686	0.7144924402236938	0.4011738896369934	0.09024040400981903	-0.031742267310619354	-0.2497868835926056	0.2365608960390091	-0.14389584958553314	0.07560048252344131	0.1745825707912445	0.22549135982990265	-0.1499473601579666	0.20252692699432373	0.28844529390335083	0.4586603045463562	-0.011553451418876648	-0.1888977587223053	-0.07113137096166611	0.2239207625389099	0.28608429431915283	0.5047746300697327	0.4771037697792053	-0.019479157403111458	-0.07298079133033752	0.26778891682624817	0.45381373167037964
CO_LABEL_10	-0.268190860748291	-0.32412755489349365	0.20005853474140167	0.6312406659126282	0.3439953625202179	0.08295361697673798	-0.21151666343212128	n/a	-0.2860448360443115	1.0	0.5074045062065125	0.5491442084312439	0.6994359493255615	0.5912467241287231	0.4345919191837311	-0.38669905066490173	0.546789824962616	0.15791372954845428	-0.08269856870174408	0.29623377323150635	0.7054442763328552	0.4321325123310089	0.07399154454469681	-0.26011228561401367	0.27139511704444885	-0.2322653979063034	0.13478140532970428	0.2101578563451767	-0.33629104495048523	0.0608874149620533	0.29547107219696045	-0.2518647015094757	0.03300581872463226	-0.09332448244094849	n/a	0.7088301777839661	0.754892885684967	0.5510509610176086	0.15649759769439697	0.11466020345687866	0.42621174454689026	0.10229519754648209	-0.01025072019547224	0.4145132005214691	0.7748174071311951	0.5162264704704285	-0.08958334475755692	-0.2309684306383133	-0.08038607239723206	-0.3879024088382721	0.3907841145992279	-0.5557496547698975	-0.5005154609680176	-0.28406625986099243	0.1292276680469513	-0.33671149611473083	-0.29879266023635864	0.37433794140815735	0.4081308841705322	0.02060782164335251	-0.23754514753818512	0.16538849472999573	-0.33801376819610596	0.07710477709770203	-0.42053651809692383	-0.17788010835647583	-0.4585295617580414	0.01615542359650135	-0.6518290042877197	-0.011101769283413887	0.015934837982058525	-0.20696651935577393	0.2343711107969284	-0.2898111045360565	-0.08255944401025772	-0.19303400814533234	0.5980042219161987	0.5556599497795105	-0.004342225845903158	-0.2898564636707306
Sal_LABEL_11	0.12324803322553635	-0.053735632449388504	0.024023374542593956	0.4109133780002594	0.09852458536624908	0.1975812166929245	0.01829356886446476	n/a	-0.42491284012794495	0.5074045062065125	1.0	0.32926473021507263	0.12674345076084137	0.3873611092567444	0.060154810547828674	-0.12408210337162018	0.09756946563720703	0.4718683362007141	0.2672733962535858	0.247111976146698	0.40044525265693665	0.609219491481781	-0.06154775246977806	0.1603088527917862	-0.24270465970039368	-0.16347473859786987	0.30490899085998535	-0.029576214030385017	-0.02042042277753353	-0.03134889900684357	0.19559362530708313	-0.13037288188934326	0.14662683010101318	-0.0875043049454689	n/a	0.25400346517562866	0.8320322632789612	0.27863842248916626	-0.12847311794757843	0.2035231590270996	0.13962103426456451	0.049058351665735245	0.4394001364707947	0.1246853843331337	0.7053036689758301	0.6571915745735168	-0.11077208071947098	0.1542409509420395	-0.10685225576162338	-0.0045928810723125935	0.277071088552475	-0.1035626158118248	-0.3811652362346649	-0.44268596172332764	0.3845341205596924	-0.25521320104599	0.08607446402311325	0.5351547598838806	0.5731178522109985	-0.28848281502723694	-0.33997786045074463	-0.21059507131576538	0.04743226617574692	-0.04015800729393959	-0.42306146025657654	-0.36704662442207336	-0.5028153657913208	-0.3715662956237793	-0.297354131937027	-0.4047835171222687	-0.0021389818284660578	-0.44252270460128784	-0.32342860102653503	-0.27031418681144714	-0.09611482173204422	-0.14737024903297424	0.3236105740070343	0.43629032373428345	-0.16884063184261322	-0.13454444706439972
CO_LABEL_12	-0.40380266308784485	-0.10770846903324127	0.13290362060070038	0.12261092662811279	-0.03877505287528038	0.2051546424627304	-0.04565688595175743	n/a	-0.20505407452583313	0.5491442084312439	0.32926473021507263	1.0	0.5591962337493896	0.4618964195251465	0.2267468422651291	-0.37946122884750366	0.2665417492389679	-0.1475526988506317	0.1222667396068573	0.03759016841650009	0.17447064816951752	0.15723346173763275	0.514525294303894	0.008463645353913307	0.3101339042186737	-0.44372299313545227	-0.18346460163593292	-0.1263408660888672	-0.014332231134176254	0.15549945831298828	-0.19753390550613403	-0.3464183211326599	0.12086522579193115	0.015008477494120598	n/a	0.40149158239364624	0.4042058289051056	0.4184899926185608	-0.10089825093746185	0.18763260543346405	0.23038820922374725	0.08342104405164719	0.027364429086446762	0.07888452708721161	0.2888602316379547	0.34015294909477234	0.19189094007015228	-0.020524587482213974	-0.010279128327965736	-0.2509395480155945	0.05542248114943504	-0.5137965679168701	-0.6230694055557251	-0.11942366510629654	-0.04862616956233978	-0.20564907789230347	-0.02682724967598915	0.20780649781227112	0.2485228180885315	-0.02569449320435524	0.05852050706744194	0.0421270988881588	-0.4893072545528412	0.09803473949432373	-0.2207377403974533	-0.07248878479003906	0.025836873799562454	0.18753664195537567	-0.44665077328681946	0.163997083902359	-0.2618606388568878	-0.3483515977859497	0.2824811637401581	-0.0566156730055809	0.27352651953697205	-0.10715850442647934	0.3994695246219635	0.3624020516872406	0.338678777217865	0.15607166290283203
SMd_LABEL_13	-0.31450700759887695	-0.4613562822341919	0.3431015610694885	0.3543744385242462	0.21187470853328705	0.07886165380477905	-0.2382771372795105	n/a	-0.0594869963824749	0.6994359493255615	0.12674345076084137	0.5591962337493896	1.0	0.5129519701004028	0.5223957896232605	-0.38297387957572937	0.44151991605758667	-0.15717154741287231	-0.20513063669204712	0.08566313236951828	0.504791796207428	0.3134325444698334	0.15315760672092438	-0.3456849753856659	0.493329256772995	-0.2826615869998932	0.06336548924446106	0.11301317065954208	-0.45287850499153137	-0.09432867914438248	0.1471600979566574	-0.3457411527633667	-0.024387581273913383	-0.10834382474422455	n/a	0.5385797023773193	0.43857112526893616	0.17713241279125214	0.10240911692380905	0.14909589290618896	0.3904789984226227	-0.03501224145293236	-0.24031798541545868	0.1977834850549698	0.3684607744216919	0.2766675651073456	-0.05719803646206856	-0.4019966423511505	0.061325665563344955	-0.5057573318481445	0.20982234179973602	-0.6884955167770386	-0.4170532524585724	-0.06785482913255692	-0.08840961009263992	-0.19033044576644897	-0.19197984039783478	0.3605159521102905	0.38587942719459534	0.0332593098282814	-0.07667902112007141	0.219155952334404	-0.23440289497375488	0.22357653081417084	-0.34261569380760193	-0.16555160284042358	-0.2243482917547226	0.5069515109062195	-0.5284696817398071	0.3170715570449829	-0.03377694636583328	-0.03703894093632698	0.7473644614219666	0.03935711085796356	0.200010284781456	0.0419655442237854	0.5246989727020264	0.5569620132446289	0.08498166501522064	-0.18597771227359772
SMl_LABEL_14	-0.29018446803092957	-0.07849039882421494	0.23920415341854095	0.6865622401237488	0.21608604490756989	0.038967523723840714	0.08230193704366684	n/a	-0.1767049878835678	0.5912467241287231	0.3873611092567444	0.4618964195251465	0.5129519701004028	1.0	0.21101564168930054	-0.18360023200511932	0.26858964562416077	0.07867881655693054	-0.041437577456235886	0.3243837058544159	0.4028500020503998	0.24419967830181122	0.10184618085622787	-0.042675502598285675	0.3171103894710541	-0.37913715839385986	-0.1910320669412613	-0.13328661024570465	-0.05598142370581627	-0.2208225578069687	0.4943404197692871	-0.17272603511810303	0.05269945412874222	0.12764541804790497	n/a	0.23884794116020203	0.4332137703895569	0.16615040600299835	-0.10960806906223297	0.753598153591156	-0.035058148205280304	-0.24434050917625427	0.3146590292453766	0.4187086820602417	0.47617900371551514	0.2899453043937683	-0.12481622397899628	-0.028780315071344376	-0.17257215082645416	-0.24096176028251648	-0.17534585297107697	-0.4126061797142029	-0.40114960074424744	-0.021109092980623245	-0.03318018093705177	-0.16446147859096527	-0.2163635492324829	0.2442466765642166	0.43662014603614807	-0.3095760941505432	-0.39936062693595886	-0.04220905527472496	-0.23470771312713623	0.10194854438304901	-0.497306227684021	-0.3516232669353485	-0.34984856843948364	-0.08857730031013489	-0.6606264114379883	-0.07344110310077667	0.03285541385412216	-0.36184990406036377	0.18958957493305206	-0.046895548701286316	0.19730070233345032	0.10742472857236862	0.28824523091316223	0.36634787917137146	0.17749522626399994	-0.3595615327358246
DAN_LABEL_15	-0.5651467442512512	-0.37862420082092285	0.35660555958747864	0.3724591135978699	0.34482455253601074	-0.4022686183452606	-0.39259737730026245	n/a	-0.016610978171229362	0.4345919191837311	0.060154810547828674	0.2267468422651291	0.5223957896232605	0.21101564168930054	1.0	-0.44479766488075256	0.5093321204185486	-0.1160520687699318	-0.31403031945228577	0.1386815458536148	0.5700842142105103	0.03367886319756508	0.05880635976791382	-0.5214114189147949	0.6134647130966187	-0.04106730967760086	-0.3394291400909424	-0.08537551015615463	-0.5401939749717712	-0.1766490638256073	0.23160971701145172	-0.17836105823516846	-0.5374184250831604	-0.38803812861442566	n/a	0.3318029046058655	0.22384147346019745	-0.06722234934568405	0.23640765249729156	0.06566891074180603	0.5975350737571716	0.19876904785633087	-0.22943435609340668	0.36721834540367126	0.23680846393108368	-0.018097274005413055	0.1100480780005455	-0.5726526379585266	0.3249112367630005	-0.5563492178916931	-0.0063982452265918255	-0.3029806613922119	-0.34386175870895386	-0.09201538562774658	-0.337740957736969	0.2107222080230713	-0.04066583514213562	0.2715666890144348	0.3612295687198639	-0.014341567642986774	0.09778287261724472	0.21462726593017578	0.09915965050458908	0.18037015199661255	-0.20798662304878235	-0.1906520277261734	-0.15071351826190948	0.23485881090164185	-0.4140675365924835	0.24377261102199554	0.5365847945213318	0.21991166472434998	0.34913915395736694	0.09645143151283264	0.12417895346879959	0.03211423009634018	0.3113132119178772	0.4401097893714905	-0.20155547559261322	-0.1747019737958908
DMN_LABEL_16	0.6452603936195374	0.1875070333480835	0.07573515921831131	-0.37268561124801636	-0.12102677673101425	0.300769180059433	0.4159400463104248	n/a	0.14807619154453278	-0.38669905066490173	-0.12408210337162018	-0.37946122884750366	-0.38297387957572937	-0.18360023200511932	-0.44479766488075256	1.0	-0.15634462237358093	0.4698277413845062	0.35007745027542114	0.1284954994916916	-0.3818512260913849	0.14705011248588562	-0.37229520082473755	0.5229384303092957	-0.4462360441684723	0.0315973162651062	0.2606244683265686	0.22650232911109924	0.26906803250312805	-0.009459014050662518	-0.05490725859999657	0.13787761330604553	0.5436252355575562	0.45291978120803833	n/a	-0.6461772322654724	-0.16516418755054474	-0.18891313672065735	-0.059206824749708176	-0.03605399280786514	-0.6315500736236572	-0.30132055282592773	0.09554360061883926	-0.07825615257024765	-0.24070517718791962	0.016168080270290375	-0.407743364572525	0.5712283849716187	-0.5807740092277527	0.7320013046264648	-0.10068382322788239	0.34579387307167053	0.667980432510376	0.07690273970365524	0.3629628121852875	-0.09284161776304245	0.002757346723228693	-0.1681821644306183	-0.16507965326309204	0.11524761468172073	-0.35255682468414307	-0.12756727635860443	0.08221570402383804	-0.44926974177360535	0.0050379931926727295	0.19558872282505035	0.1393674612045288	-0.1637614518404007	0.30671581625938416	-0.10732961446046829	-0.23176240921020508	0.12218734622001648	-0.2155906856060028	-0.045843418687582016	-0.26245447993278503	0.2335471510887146	-0.4332943558692932	-0.4070141017436981	0.34860295057296753	0.13907843828201294
CO_LABEL_17	-0.35885554552078247	-0.27750974893569946	0.002582559594884515	0.2808367609977722	0.22721029818058014	-0.17007245123386383	-0.3013955056667328	n/a	-0.22560635209083557	0.546789824962616	0.09756946563720703	0.2665417492389679	0.44151991605758667	0.26858964562416077	0.5093321204185486	-0.15634462237358093	1.0	-0.21362587809562683	-0.0826946496963501	0.42394405603408813	0.5698806047439575	0.17645768821239471	-0.042002879083156586	-0.2579871118068695	0.4623645544052124	-0.4239445626735687	-0.24830414354801178	-0.11266372352838516	-0.2834875285625458	0.05824440345168114	0.3941783905029297	-0.31933313608169556	-0.1355714499950409	-0.1298857480287552	n/a	0.5860531330108643	0.33670109510421753	0.05792480334639549	0.39132216572761536	0.172521710395813	0.3910987377166748	0.5014435052871704	-0.12080790847539902	0.5371674299240112	0.5579832196235657	0.23911720514297485	-0.0423818863928318	-0.19197121262550354	0.15262247622013092	-0.0668705403804779	0.16301502287387848	-0.49051031470298767	-0.1941232532262802	-0.0023252868559211493	-0.2629839777946472	-0.10752472281455994	-0.024665316566824913	0.00824959296733141	-0.01251907553523779	0.4716895818710327	0.08520091325044632	0.4018680453300476	-0.3736130893230438	0.043622858822345734	-0.01216915249824524	0.06986064463853836	0.0717083141207695	0.4274078905582428	-0.2725518047809601	0.5560042858123779	0.0734686627984047	0.14662188291549683	0.4312671720981598	0.31493058800697327	-0.2202545702457428	0.09151192754507065	0.39113810658454895	0.24577897787094116	-0.009098227135837078	-0.17836682498455048
DMN_LABEL_18	0.4767013490200043	0.10567636787891388	0.21504193544387817	0.1338498741388321	0.23285378515720367	0.11234527081251144	0.11866220086812973	n/a	0.005631504580378532	0.15791372954845428	0.4718683362007141	-0.1475526988506317	-0.15717154741287231	0.07867881655693054	-0.1160520687699318	0.4698277413845062	-0.21362587809562683	1.0	0.2947906255722046	0.14072377979755402	0.1549231857061386	0.4659968912601471	-0.3183550238609314	0.08114876598119736	-0.2978939712047577	0.057215895503759384	0.34657976031303406	0.32776886224746704	0.03139651566743851	-0.1304265558719635	0.07384303212165833	0.1985958367586136	0.17674365639686584	0.128059983253479	n/a	-0.28136301040649414	0.3540685772895813	0.06006443500518799	-0.0321769155561924	-0.13851262629032135	-0.2367601990699768	-0.29624465107917786	0.24023860692977905	0.11379720270633698	0.2919714152812958	0.32875722646713257	-0.3784814476966858	0.0986885130405426	-0.4241865873336792	0.25459423661231995	0.09243137389421463	0.21831455826759338	0.24857178330421448	-0.3017793595790863	0.5353445410728455	-0.1752610206604004	-0.11947297304868698	0.12467509508132935	0.14140601456165314	-0.12206174433231354	-0.49231916666030884	-0.08740568906068802	0.10991272330284119	-0.10907263308763504	-0.211557537317276	0.028552308678627014	-0.287627249956131	-0.6391502022743225	-0.022098790854215622	-0.5451196432113647	0.1955566555261612	-0.10305904597043991	-0.46297672390937805	-0.35445916652679443	-0.10615193843841553	-0.08212340623140335	-0.2770577073097229	-0.08695630729198456	-0.06376741081476212	0.002897783415392041
VAN_LABEL_19	0.1758655607700348	0.5376887321472168	0.24451670050621033	-0.11223478615283966	-0.5596379041671753	0.3597205877304077	0.5690115094184875	n/a	0.31413939595222473	-0.08269856870174408	0.2672733962535858	0.1222667396068573	-0.20513063669204712	-0.041437577456235886	-0.31403031945228577	0.35007745027542114	-0.0826946496963501	0.2947906255722046	1.0	0.20852130651474	-0.32897236943244934	0.18303196132183075	0.21789677441120148	0.3054541349411011	-0.17317816615104675	-0.2950257360935211	0.09332778304815292	-0.24045565724372864	0.6198252439498901	0.2866123616695404	-0.18430675566196442	-0.15375541150569916	0.25754228234291077	0.5029099583625793	n/a	-0.15585413575172424	0.21390247344970703	0.129117950797081	-0.4210282564163208	-0.11482162773609161	-0.3538549244403839	-0.19826948642730713	0.6241810917854309	-0.01029258780181408	-0.03725915402173996	0.34560978412628174	-0.08963772654533386	0.39198172092437744	-0.07840801030397415	0.6501061320304871	-0.13173836469650269	0.08284017443656921	-0.0854661762714386	-0.09906810522079468	0.4434678256511688	0.12233863025903702	0.30687329173088074	0.11704766005277634	0.07634929567575455	-0.0997101292014122	0.08256643265485764	-0.18422076106071472	-0.26176515221595764	0.014974791556596756	0.24535506963729858	0.0038379451725631952	0.22099941968917847	-0.005643598269671202	0.2832006514072418	-0.24413199722766876	-0.5305585265159607	-0.3898160755634308	-0.21428214013576508	0.1763991266489029	0.0802038237452507	0.19966870546340942	0.054522622376680374	-0.09194354712963104	0.31856268644332886	0.45254969596862793
CO_LABEL_20	0.09809902310371399	-0.08408558368682861	0.12924431264400482	0.37085968255996704	0.19421295821666718	0.16867908835411072	0.15155121684074402	n/a	0.08182258903980255	0.29623377323150635	0.247111976146698	0.03759016841650009	0.08566313236951828	0.3243837058544159	0.1386815458536148	0.1284954994916916	0.42394405603408813	0.14072377979755402	0.20852130651474	1.0	0.5124030709266663	0.4579288065433502	-0.2743648290634155	-0.07760395854711533	0.04140732064843178	-0.28452494740486145	-0.035001058131456375	-0.2085135132074356	-0.027486395090818405	-0.2739625871181488	0.5208370089530945	0.10456030070781708	0.07562978565692902	0.24180524051189423	n/a	0.2043457329273224	0.27595409750938416	-0.12090912461280823	-0.15776921808719635	0.1833631545305252	-0.21216872334480286	-0.06239417940378189	0.1458767205476761	0.567847728729248	0.4060055911540985	0.23185990750789642	-0.40603214502334595	0.08976611495018005	-0.11973404884338379	0.30098390579223633	-0.2934880554676056	-0.190286323428154	0.11294171959161758	0.11713509261608124	-0.15878446400165558	0.24356934428215027	0.18514621257781982	0.17790727317333221	0.15367496013641357	-0.08360137045383453	-0.1309187412261963	-0.1549275666475296	0.05294667184352875	-0.11816629767417908	-0.14576995372772217	-0.24050919711589813	-0.05885568633675575	0.148849219083786	-0.0629202201962471	0.1833420991897583	0.07905304431915283	0.11516378074884415	0.22125303745269775	0.30157604813575745	0.05104518681764603	0.4846383333206177	0.18151621520519257	0.0799710676074028	0.22298212349414825	0.2508564293384552
CO_LABEL_21	-0.14061903953552246	-0.4923834800720215	0.06790190190076828	0.602329671382904	0.5595732927322388	-0.0986083596944809	-0.41706621646881104	n/a	-0.2625586688518524	0.7054442763328552	0.40044525265693665	0.17447064816951752	0.504791796207428	0.4028500020503998	0.5700842142105103	-0.3818512260913849	0.5698806047439575	0.1549231857061386	-0.32897236943244934	0.5124030709266663	1.0	0.46614620089530945	-0.3227151930332184	-0.3642277419567108	0.30107277631759644	-0.1177368313074112	0.01797127164900303	0.11843981593847275	-0.6159441471099854	-0.3844805657863617	0.5931510925292969	-0.04707132279872894	-0.19275999069213867	-0.3343816101551056	n/a	0.5709633827209473	0.49454131722450256	0.12413341552019119	0.23825691640377045	0.13589327037334442	0.3250366449356079	0.1714077591896057	-0.1987173855304718	0.5788231492042542	0.7752972841262817	0.2752537727355957	-0.3002321422100067	-0.36386412382125854	0.06934060901403427	-0.36708933115005493	0.07463821023702621	-0.3348980247974396	-0.1456274390220642	-0.23476944863796234	-0.1501893252134323	-0.07007558643817902	-0.1303621083498001	0.21445809304714203	0.2401619702577591	0.041778504848480225	-0.22718150913715363	0.1679379642009735	0.06592226773500443	0.09089907258749008	-0.35914409160614014	-0.2226306051015854	-0.3770877718925476	0.03160513937473297	-0.43028733134269714	0.1051749587059021	0.42695167660713196	0.10610312223434448	0.29137924313545227	0.0017382941441610456	-0.037028729915618896	0.04727885127067566	0.31886810064315796	0.3632339537143707	-0.24926188588142395	-0.22201578319072723
Sal_LABEL_22	0.2955423593521118	-0.24093972146511078	0.310220867395401	0.24599961936473846	0.16173483431339264	0.18710333108901978	-0.0431612990796566	n/a	-0.17306627333164215	0.4321325123310089	0.609219491481781	0.15723346173763275	0.3134325444698334	0.24419967830181122	0.03367886319756508	0.14705011248588562	0.17645768821239471	0.4659968912601471	0.18303196132183075	0.4579288065433502	0.46614620089530945	1.0	-0.3535269498825073	-0.07923262566328049	-0.22288186848163605	-0.03804761916399002	0.6068015098571777	0.12045057862997055	-0.20796406269073486	-0.1319228857755661	0.1561388224363327	-0.016212478280067444	0.16938887536525726	-0.02850934863090515	n/a	0.21620036661624908	0.6857733726501465	0.035477276891469955	-0.04300665855407715	-0.029348721727728844	0.06612619757652283	-0.17275211215019226	0.05426635965704918	0.06109519302845001	0.6035287380218506	0.7000813484191895	-0.3957049250602722	-0.03503060340881348	-0.217896968126297	0.08787191659212112	0.308790385723114	-0.16226746141910553	-0.015026943758130074	-0.2142958790063858	0.38166898488998413	-0.2617682218551636	0.03877786546945572	0.5709969997406006	0.4625042974948883	-0.023112235590815544	-0.34689804911613464	-0.049319107085466385	0.061373960226774216	-0.06285830587148666	-0.3286929130554199	-0.1719418615102768	-0.2784578502178192	-0.007495958358049393	-0.1446656733751297	-0.08418775349855423	-0.11295048147439957	-0.003929596859961748	0.0860670655965805	-0.12618045508861542	-0.06744500994682312	0.17180205881595612	0.16376273334026337	0.22925999760627747	-0.025236403569579124	0.0574183315038681
DAN_LABEL_23	-0.3919738829135895	0.24883566796779633	0.10908296704292297	-0.04013916850090027	-0.4739212095737457	0.10250051319599152	0.24177595973014832	n/a	0.14920614659786224	0.07399154454469681	-0.06154775246977806	0.514525294303894	0.15315760672092438	0.10184618085622787	0.05880635976791382	-0.37229520082473755	-0.042002879083156586	-0.3183550238609314	0.21789677441120148	-0.2743648290634155	-0.3227151930332184	-0.3535269498825073	1.0	0.005685059819370508	0.3799644410610199	-0.37747740745544434	-0.33582261204719543	-0.3770531713962555	0.43144872784614563	0.3851918578147888	-0.2688186466693878	-0.37283459305763245	-0.0159873366355896	0.25960251688957214	n/a	0.23634403944015503	-0.03377676010131836	0.25470834970474243	-0.09352854639291763	0.0941103920340538	0.24080124497413635	0.18771523237228394	0.1848224401473999	-0.1288856416940689	-0.28112196922302246	-0.1789005994796753	0.7870537638664246	-0.0192008838057518	0.4431665241718292	-0.18332184851169586	-0.06861424446105957	-0.2680976092815399	-0.5520070195198059	0.20251567661762238	-0.1892969012260437	0.12036700546741486	0.10332512855529785	0.1001092866063118	-0.03536525368690491	-0.03676747530698776	0.5393449664115906	-0.09899865090847015	-0.38648608326911926	0.22607894241809845	0.05180740728974342	0.08903861045837402	0.28505411744117737	0.19510556757450104	-0.1475268453359604	0.16808097064495087	-0.2574540674686432	-0.23122113943099976	0.09043072909116745	0.2319088876247406	0.3110816478729248	-0.15131495893001556	0.13612240552902222	0.22001518309116364	0.311360627412796	0.1691310852766037
PMN_LABEL_24	0.5041074752807617	0.15055589377880096	-0.22721348702907562	-0.271158903837204	-0.3235076069831848	0.6085732579231262	0.4885624945163727	n/a	-0.179414302110672	-0.26011228561401367	0.1603088527917862	0.008463645353913307	-0.3456849753856659	-0.042675502598285675	-0.5214114189147949	0.5229384303092957	-0.2579871118068695	0.08114876598119736	0.3054541349411011	-0.07760395854711533	-0.3642277419567108	-0.07923262566328049	0.005685059819370508	1.0	-0.4754285216331482	-0.08269523829221725	0.08631118386983871	0.11139078438282013	0.3211382031440735	0.046716466546058655	-0.07638772577047348	-0.08739814907312393	0.7631107568740845	0.3954131305217743	n/a	-0.4482935965061188	-0.0646507665514946	0.2409660816192627	-0.16327765583992004	0.19860470294952393	-0.5201611518859863	-0.12534725666046143	0.20130187273025513	-0.22175322473049164	-0.12348468601703644	0.08414306491613388	-0.10478563606739044	0.9149045348167419	-0.4306477904319763	0.5527716279029846	-0.08232986181974411	0.2761359214782715	0.21467366814613342	-0.13593535125255585	0.27325376868247986	-0.2767389714717865	0.04260624572634697	-0.17670445144176483	-0.1180468425154686	-0.08231734484434128	-0.2934255003929138	-0.3674202263355255	0.05074268952012062	-0.5230302214622498	-0.19469420611858368	0.044950515031814575	-0.00664896983653307	-0.20955069363117218	0.06464064121246338	-0.20074696838855743	-0.4272732734680176	-0.3615618646144867	-0.30566585063934326	-0.169437438249588	-0.2076304852962494	-0.07954783737659454	-0.15313246846199036	-0.15946146845817566	0.39145323634147644	0.1176789402961731
DAN_LABEL_25	-0.6739679574966431	0.0401691235601902	0.24602335691452026	0.2081359624862671	0.06014637649059296	-0.2336190789937973	-0.2778894305229187	n/a	0.16187968850135803	0.27139511704444885	-0.24270465970039368	0.3101339042186737	0.493329256772995	0.3171103894710541	0.6134647130966187	-0.4462360441684723	0.4623645544052124	-0.2978939712047577	-0.17317816615104675	0.04140732064843178	0.30107277631759644	-0.22288186848163605	0.3799644410610199	-0.4754285216331482	1.0	-0.3206789493560791	-0.596400797367096	-0.274038702249527	-0.14918026328086853	-0.1557883620262146	0.11605134606361389	-0.24839849770069122	-0.5117797255516052	-0.19759465754032135	n/a	0.2544953525066376	-0.1250324547290802	-0.2235797494649887	0.11083967238664627	0.2377602756023407	0.45415425300598145	0.058446452021598816	-0.020808301866054535	0.4618394374847412	0.053302206099033356	-0.09933538734912872	0.20553819835186005	-0.5660419464111328	0.4817190170288086	-0.45420607924461365	-0.2921399772167206	-0.380206435918808	-0.39604583382606506	0.12003608047962189	-0.37891557812690735	0.17554084956645966	0.10120774805545807	-0.022130891680717468	-0.009744534268975258	0.13352246582508087	0.2282218486070633	0.5358778238296509	-0.4417062997817993	0.5930741429328918	0.23910219967365265	-0.009644879028201103	0.32501038908958435	0.38558340072631836	-0.34360307455062866	0.3834288716316223	0.2740831673145294	0.2049507349729538	0.5445835590362549	0.36216628551483154	0.34417083859443665	0.02657347172498703	0.01059340126812458	0.0915292277932167	-0.01674310304224491	-0.0784752368927002
