Node	DMN_LABEL_1	Vis_LABEL_2	FP_LABEL_3	Aud_LABEL_4	Tpole_LABEL_5	PMN_LABEL_6	PON_LABEL_7	MTL_LABEL_8	PON_LABEL_9	CO_LABEL_10	Sal_LABEL_11	CO_LABEL_12	SMd_LABEL_13	SMl_LABEL_14	DAN_LABEL_15	DMN_LABEL_16	CO_LABEL_17	DMN_LABEL_18	VAN_LABEL_19	CO_LABEL_20	CO_LABEL_21	Sal_LABEL_22	DAN_LABEL_23	PMN_LABEL_24	DAN_LABEL_25	DMN_LABEL_26	DMN_LABEL_27	DMN_LABEL_28	Vis_LABEL_29	FP_LABEL_30	Aud_LABEL_31	Tpole_LABEL_32	PMN_LABEL_33	PON_LABEL_34	MTL_LABEL_35	CO_LABEL_36	Sal_LABEL_37	CO_LABEL_38	SMd_LABEL_39	SMl_LABEL_40	DAN_LABEL_41	CO_LABEL_42	VAN_LABEL_43	CO_LABEL_44	CO_LABEL_45	Sal_LABEL_46	DAN_LABEL_47	PMN_LABEL_48	DAN_LABEL_49	DMN_LABEL_50	FP_LABEL_51	DMN_LABEL_52	DMN_LABEL_53	PON_LABEL_54	DMN_LABEL_55	Tpole_LABEL_56	Tpole_LABEL_57	Sal_LABEL_58	Sal_LABEL_59	SMd_LABEL_60	DAN_LABEL_61	FP_LABEL_62	DMN_LABEL_63	FP_LABEL_64	FP_LABEL_65	SMd_LABEL_66	SMl_LABEL_67	SMd_LABEL_68	DMN_LABEL_69	DAN_LABEL_70	DMN_LABEL_71	FP_LABEL_72	SMd_LABEL_73	SMl_LABEL_74	MTL_LABEL_75	MTL_LABEL_76	CO_LABEL_77	CO_LABEL_78	Vis_LABEL_79	Vis_LABEL_80
DMN_LABEL_1	1.0	-0.12355733662843704	-0.34409230947494507	-0.16971299052238464	-0.13130034506320953	0.3648756742477417	0.23701594769954681	n/a	-0.05336510390043259	-0.40943941473960876	0.13205529749393463	-0.3134271502494812	-0.24888649582862854	-0.19717566668987274	-0.023967871442437172	0.7712999582290649	-0.47515541315078735	0.6158589720726013	0.5682158470153809	-0.12469980865716934	-0.4343937337398529	0.11255817115306854	-0.3807224631309509	0.577915370464325	-0.27203628420829773	0.5021557211875916	0.5354859232902527	0.7004980444908142	-0.038727354258298874	-0.5492852926254272	0.053049828857183456	0.09023788571357727	0.3057449460029602	0.08766631782054901	n/a	-0.5631484389305115	-0.3069782257080078	-0.24496030807495117	-0.27676302194595337	-0.14111362397670746	-0.34700724482536316	-0.4074701964855194	0.12362818419933319	-0.20422004163265228	-0.45471686124801636	0.12482988089323044	-0.478477418422699	0.4581323266029358	-0.2233351171016693	0.5855452418327332	-0.11714886128902435	0.45409172773361206	0.44048088788986206	-0.04882239177823067	0.394265353679657	0.215940460562706	0.2892646789550781	0.3457339107990265	0.46623310446739197	0.005958677269518375	-0.19395685195922852	0.020695213228464127	0.2456192672252655	-0.07648810744285583	0.0517558827996254	-0.11281850934028625	-0.1583101600408554	-0.04190871864557266	0.20709146559238434	-0.15410572290420532	0.165479376912117	-0.12798379361629486	-0.19681790471076965	-0.12871934473514557	0.18712028861045837	0.31681081652641296	-0.2324277013540268	-0.002888933988288045	-0.11406015604734421	-0.03560952469706535
Vis_LABEL_2	-0.12355733662843704	1.0	-0.23782086372375488	-0.10548499971628189	-0.22392350435256958	-0.3092789351940155	0.17122577130794525	n/a	-0.1477569043636322	0.32192277908325195	-0.10403460264205933	0.3174270987510681	-0.07052510976791382	0.2760172486305237	-0.34320083260536194	-0.36376655101776123	-0.10269896686077118	-0.367824524641037	-0.19072669744491577	-0.018958700820803642	0.2463250756263733	-0.16093851625919342	0.05095735564827919	-0.10887731611728668	0.4234878420829773	-0.4007607400417328	-0.17002299427986145	-0.3403288424015045	0.8001227378845215	-0.2746143043041229	-0.13064412772655487	-0.21492132544517517	-0.23234811425209045	0.24395547807216644	n/a	0.2171102911233902	0.29129767417907715	0.4144841134548187	-0.0969865620136261	0.27120381593704224	0.04250110685825348	-0.044228728860616684	-0.19158369302749634	-0.2457958310842514	0.32659634947776794	-0.2675298750400543	0.2931581437587738	-0.2942362129688263	0.002769880462437868	-0.5205322504043579	-0.3568876087665558	-0.39938706159591675	-0.30693551898002625	0.012901941314339638	-0.5134521126747131	-0.2624807059764862	-0.04263962060213089	-0.34285855293273926	-0.2450396567583084	0.36213579773902893	0.3453525900840759	0.1237981915473938	-0.49454572796821594	-0.03459383174777031	-0.25949519872665405	0.13231562077999115	0.23391710221767426	0.229508176445961	-0.028707198798656464	0.15362495183944702	-0.33212950825691223	0.31701430678367615	0.04736030101776123	0.30468061566352844	0.017687253654003143	-0.13114628195762634	0.19808846712112427	-0.15222272276878357	0.46970945596694946	0.26066699624061584
FP_LABEL_3	-0.34409230947494507	-0.23782086372375488	1.0	0.0910896584391594	-0.1843394935131073	0.16100835800170898	-0.09310303628444672	n/a	0.09106212854385376	0.050146542489528656	0.3208705484867096	0.1737814098596573	-0.10463038086891174	0.101817786693573	-0.22301748394966125	-0.08702700585126877	0.13586053252220154	-0.1184108555316925	0.03909445181488991	0.050012774765491486	0.21607114374637604	0.03300352022051811	0.22871243953704834	-0.09055398404598236	-0.01859341748058796	-0.18349029123783112	-0.15895380079746246	-0.034470755606889725	-0.20569130778312683	0.5965913534164429	0.18788665533065796	-0.1801099330186844	0.132798433303833	-0.004932749550789595	n/a	0.14947518706321716	0.050249021500349045	0.009460887871682644	-0.017624787986278534	0.10320938378572464	-0.22954803705215454	0.06599761545658112	0.07079800963401794	0.4733412563800812	0.07781469821929932	-0.11782936006784439	0.06858270615339279	-0.006886689458042383	-0.20719148218631744	-0.08106772601604462	0.22529956698417664	-0.34173092246055603	-0.05746648833155632	0.02229056879878044	0.024914616718888283	-0.06813651323318481	-0.3303591310977936	0.19546590745449066	0.040347080677747726	-0.0359552837908268	0.15641650557518005	-0.024462779983878136	-0.2081405371427536	0.12679839134216309	0.11989777535200119	0.2695051431655884	0.14436547458171844	-0.016731129959225655	0.08649183809757233	0.035074975341558456	-0.1045772135257721	0.19506141543388367	-0.0049478900618851185	0.06436912715435028	0.046920258551836014	-0.16308245062828064	-0.03081257827579975	0.23574946820735931	-0.1563485711812973	-0.1128871887922287
Aud_LABEL_4	-0.16971299052238464	-0.10548499971628189	0.0910896584391594	1.0	0.09924349933862686	0.058676887303590775	-0.01985231786966324	n/a	-0.004106528591364622	0.25562021136283875	0.34581226110458374	-0.07708033919334412	0.15536148846149445	0.1640344262123108	-0.10694745182991028	0.06433787941932678	0.18527543544769287	-0.010980717837810516	-0.007042272947728634	0.02800433523952961	0.3142310380935669	0.3233460783958435	-0.19330552220344543	-0.18405850231647491	-0.1657285839319229	-0.002788316225633025	0.2765641212463379	0.12505243718624115	-0.020798852667212486	-0.13747340440750122	0.7549421191215515	-0.08710777759552002	-0.014356459490954876	-0.10931667685508728	n/a	0.24901172518730164	-0.055041611194610596	-0.11401332169771194	0.2678869366645813	0.22984211146831512	-0.06542730331420898	0.11259405314922333	0.14345547556877136	0.36379528045654297	0.24189233779907227	0.29602354764938354	-0.23848965764045715	-0.09327547252178192	-0.1280858963727951	0.11199962347745895	-0.09885647892951965	-0.07613946497440338	0.28787970542907715	0.07218688726425171	0.3220987319946289	0.09325584769248962	-0.1141200065612793	0.31709906458854675	0.18842396140098572	-0.17205527424812317	-0.08651449531316757	-0.0840538814663887	-0.06266101449728012	-0.11234172433614731	-0.09331312030553818	-0.1620461791753769	-0.032656535506248474	-0.05629538372159004	0.13010019063949585	-0.2817654311656952	-0.04613492265343666	-0.029910674318671227	0.11602070182561874	-0.014475248754024506	0.0980195626616478	0.13156133890151978	-0.058552902191877365	-0.013597535900771618	0.15290126204490662	0.16605359315872192
Tpole_LABEL_5	-0.13130034506320953	-0.22392350435256958	-0.1843394935131073	0.09924349933862686	1.0	0.18366745114326477	-0.003767419373616576	n/a	0.14128772914409637	0.05123300477862358	-0.1306339055299759	-0.19296590983867645	0.092542365193367	-0.1601056158542633	0.16954100131988525	-0.09193263947963715	0.23622626066207886	-0.1878705620765686	-0.09882903099060059	0.03553356975317001	0.001311190309934318	-0.16147315502166748	-0.05626273527741432	-0.11098304390907288	-0.28104108572006226	0.10707627236843109	-0.0526583194732666	0.09201212972402573	-0.08299374580383301	-0.08961212635040283	-0.011411946266889572	0.7323063015937805	0.0958239957690239	-0.04823147878050804	n/a	0.27472779154777527	-0.0362105593085289	-0.13859553635120392	0.11074677854776382	-0.13828030228614807	0.030503209680318832	0.2108587920665741	-0.16739515960216522	0.0061387778259813786	0.03358268365263939	0.0641077309846878	-0.024125540629029274	0.04259178042411804	-0.08744696527719498	0.064199298620224	-0.1471881866455078	0.12790578603744507	0.06904127448797226	0.22866493463516235	0.020925914868712425	0.11691124737262726	0.14413940906524658	-0.38367798924446106	-0.36703163385391235	-0.4719127118587494	-0.11829038709402084	-0.41649550199508667	0.37892866134643555	-0.40060490369796753	-0.2842768132686615	-0.18423210084438324	-0.42764610052108765	-0.3928993344306946	-0.16650184988975525	-0.3408562242984772	0.3366249203681946	-0.5188561677932739	-0.16590502858161926	-0.43658336997032166	-0.047337763011455536	0.05547342076897621	0.1044081375002861	-0.006741504650563002	-0.08257590979337692	0.08566300570964813
PMN_LABEL_6	0.3648756742477417	-0.3092789351940155	0.16100835800170898	0.058676887303590775	0.18366745114326477	1.0	-0.08365388214588165	n/a	-0.0989733636379242	-0.2002563178539276	0.11357633024454117	-0.2639687955379486	-0.22338585555553436	-0.42423537373542786	-0.12544643878936768	0.5100128650665283	-0.10538735240697861	0.23624539375305176	0.33018964529037476	0.0689617469906807	-0.29231202602386475	-0.06605242192745209	-0.1368563026189804	0.5886105895042419	-0.35585805773735046	0.3480207920074463	0.14742913842201233	0.42788463830947876	-0.011884777806699276	-0.20227620005607605	0.22307342290878296	0.27106982469558716	0.8512606024742126	-0.11932127922773361	n/a	-0.22255361080169678	-0.34844285249710083	-0.3201920688152313	-0.08393669128417969	-0.34810155630111694	-0.4823199212551117	0.011044604703783989	0.0766330361366272	0.18610605597496033	-0.3741295337677002	0.025382379069924355	-0.25308388471603394	0.6493091583251953	-0.34610721468925476	0.49411439895629883	-0.3489137887954712	0.16950806975364685	0.22487208247184753	-0.05010461434721947	0.24768581986427307	0.18904998898506165	0.10073045641183853	0.12419450283050537	0.13344791531562805	-0.17075467109680176	-0.22828461229801178	-0.2654217779636383	0.300401508808136	-0.3792398273944855	-0.20611600577831268	0.01824076473712921	-0.4367818832397461	-0.30631354451179504	-0.027705946937203407	-0.30859509110450745	0.29429081082344055	-0.4194696843624115	-0.24106770753860474	-0.4804547131061554	0.18604683876037598	0.20925232768058777	-0.18801148235797882	-0.16022007167339325	-0.045636553317308426	-0.17448242008686066
PON_LABEL_7	0.23701594769954681	0.17122577130794525	-0.09310303628444672	-0.01985231786966324	-0.003767419373616576	-0.08365388214588165	1.0	n/a	0.6665477752685547	-0.15314646065235138	0.06832338869571686	0.14718367159366608	-0.3063685894012451	0.16733011603355408	-0.2049151360988617	0.03798136115074158	-0.3203607499599457	0.1920420229434967	-0.10309012234210968	-0.33055001497268677	-0.20186056196689606	-0.27402615547180176	-0.10929353535175323	0.4023982286453247	-0.28361091017723083	0.12632402777671814	0.3592652380466461	0.06701213866472244	-0.04433155432343483	-0.34435197710990906	0.12995576858520508	-0.1006346046924591	-0.018968956544995308	0.9142818450927734	n/a	-0.014357737265527248	-0.2909800112247467	0.02558675967156887	0.059899743646383286	0.2280430793762207	-0.1847364902496338	-0.18164993822574615	-0.009385748766362667	-0.40950798988342285	-0.20171916484832764	-0.3508458733558655	-0.2246345728635788	0.3550124168395996	-0.21759049594402313	-0.026144379749894142	-0.09425923228263855	0.22336000204086304	0.46985897421836853	0.5624458193778992	0.3503240644931793	-0.22563505172729492	-0.013958323746919632	0.03822566941380501	0.18759098649024963	-0.09737329185009003	0.1466333419084549	-0.07759355008602142	0.13070550560951233	-0.11558344215154648	0.23213806748390198	0.14565390348434448	0.09748480468988419	-0.10099247097969055	0.16236773133277893	-0.11831142753362656	0.17455033957958221	0.11238545179367065	-0.18106168508529663	0.023618388921022415	0.28348594903945923	0.19266900420188904	-0.12984463572502136	0.048479992896318436	-0.01626252382993698	0.14551188051700592
MTL_LABEL_8	n/a	n/a	n/a	n/a	n/a	n/a	n/a	1.0	n/a	n/a	n/a	n/a	n/a	n/a	n/a	n/a	n/a	n/a	n/a	n/a	n/a	n/a	n/a	n/a	n/a	n/a	n/a	n/a	n/a	n/a	n/a	n/a	n/a	n/a	n/a	n/a	n/a	n/a	n/a	n/a	n/a	n/a	n/a	n/a	n/a	n/a	n/a	n/a	n/a	n/a	n/a	n/a	n/a	n/a	n/a	n/a	n/a	n/a	n/a	n/a	n/a	n/a	n/a	n/a	n/a	n/a	n/a	n/a	n/a	n/a	n/a	n/a	n/a	n/a	n/a	n/a	n/a	n/a	n/a	n/a
PON_LABEL_9	-0.05336510390043259	-0.1477569043636322	0.09106212854385376	-0.004106528591364622	0.14128772914409637	-0.0989733636379242	0.6665477752685547	n/a	1.0	-0.11902903765439987	-0.026704365387558937	-0.004282893147319555	-0.13575461506843567	-0.015544170513749123	-0.02690190076828003	-0.06424211710691452	0.013819245621562004	0.00041895313188433647	-0.273386150598526	0.16245737671852112	-0.23400340974330902	-0.22824738919734955	0.34425610303878784	0.28208035230636597	-0.0823778584599495	0.053045473992824554	0.19726386666297913	-0.08909491449594498	-0.25147849321365356	-0.04769173637032509	-0.013531265780329704	0.03966058790683746	-0.015153788961470127	0.6774497628211975	n/a	0.10705644637346268	-0.24252833425998688	-0.10787085443735123	0.07605457305908203	0.011846515350043774	0.03794689103960991	0.020317785441875458	0.00936177559196949	-0.1111118420958519	-0.2312277853488922	-0.30063632130622864	0.11353159695863724	0.24939267337322235	0.02296118624508381	-0.12335421144962311	-0.11582975089550018	0.07114573568105698	0.26369330286979675	0.7627010941505432	0.3472062349319458	0.08883664757013321	0.06800527125597	-0.08254436403512955	-0.000642499013338238	-0.013166735880076885	0.2540680170059204	0.18692898750305176	0.017409775406122208	0.0853537917137146	0.244077667593956	0.0860120877623558	0.13133864104747772	-0.09095250815153122	0.13241808116436005	0.06429874151945114	-0.021021783351898193	0.13774390518665314	0.028154868632555008	0.009531009942293167	0.22368206083774567	-0.021257229149341583	0.0426667220890522	0.09244898706674576	-0.06334692239761353	0.13559773564338684
CO_LABEL_10	-0.40943941473960876	0.32192277908325195	0.050146542489528656	0.25562021136283875	0.05123300477862358	-0.2002563178539276	-0.15314646065235138	n/a	-0.11902903765439987	1.0	0.24271149933338165	0.5213883519172668	0.5953912138938904	0.3525545299053192	0.07432384043931961	-0.510081946849823	0.631196916103363	-0.5252909064292908	-0.2233773022890091	0.18166930973529816	0.8550763726234436	0.2611904740333557	0.24057969450950623	-0.2256261557340622	0.2772112488746643	-0.366832435131073	-0.3671075105667114	-0.5660656690597534	0.22674019634723663	0.22924387454986572	0.16372139751911163	-0.22057309746742249	-0.18556442856788635	-0.0344817228615284	n/a	0.7275856137275696	0.5295917391777039	0.5851446986198425	0.3164903521537781	0.370003879070282	0.3199233412742615	0.5174851417541504	-0.016270717605948448	0.07840438187122345	0.8138980865478516	0.2721463143825531	0.3999621868133545	-0.3720855414867401	0.08168847113847733	-0.5205511450767517	-0.22579926252365112	-0.4994950592517853	-0.37714383006095886	-0.07070140540599823	-0.4690135419368744	-0.08131946623325348	0.025044556707143784	0.0158222708851099	-0.007062231190502644	0.011379629373550415	0.04279021546244621	0.040614981204271317	-0.5679810047149658	0.06606512516736984	-0.30738988518714905	0.061538636684417725	0.24746474623680115	0.14970484375953674	-0.16565926373004913	0.12021251767873764	-0.4451914429664612	0.177610382437706	0.3839012682437897	0.24278482794761658	-0.10301412642002106	-0.049419235438108444	0.551210880279541	0.1891869306564331	0.05425984784960747	-0.1373681277036667
Sal_LABEL_11	0.13205529749393463	-0.10403460264205933	0.3208705484867096	0.34581226110458374	-0.1306339055299759	0.11357633024454117	0.06832338869571686	n/a	-0.026704365387558937	0.24271149933338165	1.0	-0.05729616805911064	0.004248977173119783	-0.05482438951730728	-0.23641470074653625	0.12235122919082642	-0.005762570537626743	0.003747310023754835	0.19840499758720398	-0.00022138483473099768	0.39686819911003113	0.5816946029663086	-0.2907117009162903	0.11031036078929901	-0.29300808906555176	0.09401650726795197	0.09286853671073914	0.16937196254730225	0.03651750087738037	-0.03324679657816887	0.3787112236022949	-0.1090877577662468	0.15158119797706604	-0.002444526180624962	n/a	0.0075083025731146336	0.4326237738132477	-0.13779650628566742	-0.05217915028333664	0.03269592300057411	-0.33241939544677734	-0.025385431945323944	0.053982000797986984	0.24139323830604553	0.15295517444610596	0.38691017031669617	-0.40297287702560425	0.12308001518249512	-0.358354389667511	0.17991115152835846	-0.02175554633140564	-0.06311968713998795	0.2507176101207733	0.029345134273171425	0.21041153371334076	-0.091892771422863	-0.0375143326818943	0.5368191599845886	0.34213972091674805	-0.13349649310112	-0.151032492518425	-0.041154421865940094	-0.21513068675994873	-0.003944795113056898	-0.059490907937288284	-0.1420176923274994	-0.1845937967300415	-0.09887609630823135	0.18886339664459229	-0.12279943376779556	-0.20389153063297272	0.13302567601203918	-0.10048355162143707	-0.11746969074010849	0.12340503185987473	0.1927400678396225	0.0949440747499466	0.061156872659921646	-0.20177121460437775	0.0005459305830299854
CO_LABEL_12	-0.3134271502494812	0.3174270987510681	0.1737814098596573	-0.07708033919334412	-0.19296590983867645	-0.2639687955379486	0.14718367159366608	n/a	-0.004282893147319555	0.5213883519172668	-0.05729616805911064	1.0	0.3018874228000641	0.6341879963874817	0.06977075338363647	-0.4799812138080597	0.15891480445861816	-0.42069777846336365	-0.38558974862098694	-0.2132655680179596	0.4383779466152191	-0.17015962302684784	0.3470056354999542	-0.09502378851175308	0.2761332094669342	-0.38039422035217285	-0.15930162370204926	-0.43172088265419006	0.12322691828012466	0.24906408786773682	-0.07413432747125626	-0.44094204902648926	-0.34520426392555237	0.2375129908323288	n/a	0.27937355637550354	0.06767447292804718	0.7481407523155212	0.1245991587638855	0.6116728782653809	0.2560388743877411	0.06278449296951294	0.039720319211483	-0.200617253780365	0.4302607774734497	-0.2931099534034729	0.45804154872894287	-0.29143643379211426	0.11525721848011017	-0.5845353603363037	0.08480701595544815	-0.3909773826599121	-0.1866069734096527	-0.10998046398162842	-0.32371383905410767	-0.2991323173046112	-0.21807487308979034	-0.061038363724946976	-0.05784808471798897	0.057482197880744934	0.16277523338794708	-0.1048152893781662	-0.35671305656433105	0.09752922505140305	-0.13416197896003723	0.17383037507534027	0.42543840408325195	0.006992856040596962	-0.013748844154179096	0.04037884622812271	-0.10847079753875732	0.27282580733299255	0.16986222565174103	0.3960554003715515	-0.09755361080169678	-0.17076033353805542	0.2124255895614624	0.11307226866483688	0.05478096380829811	-0.39369115233421326
SMd_LABEL_13	-0.24888649582862854	-0.07052510976791382	-0.10463038086891174	0.15536148846149445	0.092542365193367	-0.22338585555553436	-0.3063685894012451	n/a	-0.13575461506843567	0.5953912138938904	0.004248977173119783	0.3018874228000641	1.0	0.26674556732177734	0.6285737156867981	-0.3244176506996155	0.49922582507133484	-0.24889108538627625	-0.1613638550043106	0.10439883917570114	0.562533974647522	0.32642680406570435	0.24572226405143738	-0.3162212669849396	0.3795611262321472	-0.32671400904655457	-0.13755080103874207	-0.389039546251297	-0.2826027274131775	0.2442799210548401	0.03048587590456009	-0.2681279480457306	-0.28994569182395935	-0.24489308893680573	n/a	0.34829580783843994	0.24869105219841003	0.42854249477386475	0.48518168926239014	0.23350262641906738	0.7008437514305115	0.2704119384288788	0.13124918937683105	0.08969885855913162	0.5634915232658386	0.46353647112846375	0.3757217824459076	-0.4619010090827942	0.43890950083732605	-0.35320886969566345	0.09964226931333542	-0.3186483085155487	-0.2741522192955017	-0.3527195453643799	-0.24754270911216736	0.08156191557645798	-0.044299524277448654	0.11590178310871124	0.01951008103787899	0.14669805765151978	0.17977966368198395	0.3270185887813568	-0.31278902292251587	0.4503915011882782	-0.011111398227512836	0.1910550743341446	0.40388232469558716	0.3374747037887573	0.06301146000623703	0.10411317646503448	-0.3163781762123108	0.198327898979187	0.793768048286438	0.40930014848709106	-0.14882105588912964	-0.15974803268909454	0.23905415832996368	-0.056390587240457535	-0.19932861626148224	-0.2608065605163574
SMl_LABEL_14	-0.19717566668987274	0.2760172486305237	0.101817786693573	0.1640344262123108	-0.1601056158542633	-0.42423537373542786	0.16733011603355408	n/a	-0.015544170513749123	0.3525545299053192	-0.05482438951730728	0.6341879963874817	0.26674556732177734	1.0	0.003993115853518248	-0.3957453966140747	-0.03731913864612579	-0.21951249241828918	-0.2259964495897293	-0.3592640161514282	0.32667410373687744	0.009863059036433697	0.15153585374355316	-0.28898441791534424	0.27645453810691833	-0.2851477861404419	0.06124519184231758	-0.2688833773136139	0.011304748244583607	0.019048752263188362	0.041821740567684174	-0.40566182136535645	-0.5389872193336487	0.14706894755363464	n/a	0.14848323166370392	-0.08697043359279633	0.6448090076446533	0.05944771319627762	0.9594509601593018	0.2169356644153595	-0.2097080945968628	0.046934448182582855	-0.19458115100860596	0.3306844234466553	-0.1828998476266861	0.22565118968486786	-0.47079625725746155	0.0707012414932251	-0.4655349552631378	0.1960407793521881	-0.35121849179267883	-0.1616048663854599	-0.09073518961668015	-0.17803944647312164	-0.046843212097883224	-0.27555719017982483	0.05486387759447098	0.08835180848836899	0.006015575956553221	0.1789543777704239	-0.016220122575759888	-0.3800232708454132	0.16144169867038727	0.01632092334330082	-0.04640432074666023	0.617525577545166	0.09886416047811508	0.0748460665345192	0.03051713854074478	-0.10382277518510818	0.3033462166786194	0.19290019571781158	0.6127302050590515	0.022800693288445473	-0.13243791460990906	0.012076828628778458	0.08760327845811844	0.1353417932987213	-0.12594960629940033
DAN_LABEL_15	-0.023967871442437172	-0.34320083260536194	-0.22301748394966125	-0.10694745182991028	0.16954100131988525	-0.12544643878936768	-0.2049151360988617	n/a	-0.02690190076828003	0.07432384043931961	-0.23641470074653625	0.06977075338363647	0.6285737156867981	0.003993115853518248	1.0	0.01686045713722706	0.1576753556728363	0.035993434488773346	-0.018160605803132057	-0.08807123452425003	0.04291204363107681	0.11538625508546829	0.27413901686668396	-0.17536063492298126	0.3219813108444214	-0.24626053869724274	0.1278798133134842	-0.07838133722543716	-0.458173543214798	0.22897189855575562	-0.10366202145814896	-0.08446576446294785	-0.2192729115486145	-0.17699755728244781	n/a	-0.08584588021039963	-0.028907939791679382	0.05949903652071953	0.30731257796287537	0.010272287763655186	0.6989879608154297	0.01577477902173996	0.13143572211265564	-0.03190311789512634	0.08211180567741394	0.3810270428657532	0.33127444982528687	-0.21599048376083374	0.48857903480529785	-0.056089337915182114	0.313350647687912	-0.07059280574321747	-0.04557108134031296	-0.2330143004655838	0.01327676884829998	0.11056174337863922	-0.006189127452671528	-0.04476524889469147	-0.14205344021320343	0.11031100898981094	0.15126971900463104	0.2824602425098419	0.13999319076538086	0.3943914771080017	0.2744511365890503	0.17875075340270996	0.2719937860965729	0.2623143792152405	0.2087721973657608	0.18713603913784027	-0.04230690374970436	0.15889061987400055	0.5481736063957214	0.2807824909687042	-0.0818505734205246	-0.10212859511375427	0.049405258148908615	-0.01310595590621233	-0.25808268785476685	-0.23825065791606903
DMN_LABEL_16	0.7712999582290649	-0.36376655101776123	-0.08702700585126877	0.06433787941932678	-0.09193263947963715	0.5100128650665283	0.03798136115074158	n/a	-0.06424211710691452	-0.510081946849823	0.12235122919082642	-0.4799812138080597	-0.3244176506996155	-0.3957453966140747	0.01686045713722706	1.0	-0.39431583881378174	0.6954105496406555	0.7117777466773987	-0.01377201545983553	-0.4721868336200714	0.20788788795471191	-0.40246933698654175	0.47209632396698	-0.3046356439590454	0.45414865016937256	0.5921921730041504	0.8631344437599182	-0.17833885550498962	-0.32340702414512634	0.351065993309021	0.16428634524345398	0.4705325961112976	-0.10583488643169403	n/a	-0.5144068598747253	-0.38171860575675964	-0.5374914407730103	-0.16974960267543793	-0.316787451505661	-0.396016925573349	-0.29055124521255493	0.33004239201545715	0.25364720821380615	-0.5202879309654236	0.2537890374660492	-0.5574688911437988	0.5135246515274048	-0.3128286302089691	0.8153078556060791	0.06274215877056122	0.3687402307987213	0.551826000213623	-0.029901525005698204	0.5687432885169983	0.36810725927352905	0.18239589035511017	0.3115375339984894	0.3486934006214142	-0.03236021846532822	-0.1347370445728302	0.05233372002840042	0.36182790994644165	-0.02307167276740074	0.22182880342006683	-0.059893615543842316	-0.19005157053470612	-0.023336859419941902	0.3848760724067688	-0.16768348217010498	0.2010996788740158	-0.12309373915195465	-0.19740630686283112	-0.1824333369731903	0.21282325685024261	0.22604256868362427	-0.3357684016227722	-0.033359989523887634	-0.06519872695207596	0.030283743515610695
CO_LABEL_17	-0.47515541315078735	-0.10269896686077118	0.13586053252220154	0.18527543544769287	0.23622626066207886	-0.10538735240697861	-0.3203607499599457	n/a	0.013819245621562004	0.631196916103363	-0.005762570537626743	0.15891480445861816	0.49922582507133484	-0.03731913864612579	0.1576753556728363	-0.39431583881378174	1.0	-0.4282660484313965	-0.3674495816230774	0.46529632806777954	0.6103691458702087	0.07663533836603165	0.3158981204032898	-0.17669141292572021	0.11145823448896408	-0.10201520472764969	-0.4011494517326355	-0.47901666164398193	-0.11620399355888367	0.4611664414405823	0.08247073739767075	-0.06755413860082626	-0.07053782045841217	-0.120391845703125	n/a	0.6854060292243958	0.3025377094745636	0.14172759652137756	0.5524543523788452	-0.07816135883331299	0.37088873982429504	0.815454363822937	-0.05990620329976082	0.17754578590393066	0.6456817388534546	0.3118981719017029	0.36652103066444397	-0.18385760486125946	0.17422352731227875	-0.2712538242340088	-0.10584422945976257	-0.24292756617069244	-0.32744500041007996	-0.0951240062713623	-0.28193342685699463	0.15984082221984863	-0.05585652217268944	-0.024389490485191345	-0.08636128157377243	-0.20306546986103058	-0.1653580218553543	-0.052024371922016144	-0.1546250432729721	-0.03133323788642883	-0.22655799984931946	0.12961310148239136	-0.041765227913856506	-0.08795775473117828	-0.3676140010356903	-0.12608563899993896	-0.19962561130523682	-0.14171966910362244	0.27115651965141296	-0.12263303250074387	-0.20286186039447784	-0.19325567781925201	0.5556188225746155	0.2432156652212143	-0.2149677723646164	-0.22708117961883545
DMN_LABEL_18	0.6158589720726013	-0.367824524641037	-0.1184108555316925	-0.010980717837810516	-0.1878705620765686	0.23624539375305176	0.1920420229434967	n/a	0.00041895313188433647	-0.5252909064292908	0.003747310023754835	-0.42069777846336365	-0.24889108538627625	-0.21951249241828918	0.035993434488773346	0.6954105496406555	-0.4282660484313965	1.0	0.5559560656547546	-0.14999713003635406	-0.48159006237983704	0.043304070830345154	-0.27156439423561096	0.30251064896583557	-0.17875418066978455	0.4769672751426697	0.6029580235481262	0.6223898530006409	-0.42205482721328735	-0.22079116106033325	0.21033887565135956	-0.030883440747857094	0.23103472590446472	-0.0019742369186133146	n/a	-0.46913933753967285	-0.455975204706192	-0.43885356187820435	-0.11761129647493362	-0.18717174232006073	-0.19615095853805542	-0.2866027355194092	0.14602406322956085	-0.07353216409683228	-0.52004075050354	0.08903069794178009	-0.4519706666469574	0.2950748801231384	-0.01207804773002863	0.5782231688499451	0.2500014901161194	0.49295881390571594	0.4997214674949646	-0.052505575120449066	0.5804554224014282	0.05997953191399574	0.13513538241386414	0.2890288829803467	0.3351142108440399	-0.04221302270889282	-0.09713459014892578	0.13603496551513672	0.33725130558013916	0.09820562601089478	0.4173092842102051	0.06519163399934769	-0.025986362248659134	0.18511296808719635	0.35241588950157166	-0.08251719176769257	0.2573871612548828	0.04787096381187439	-0.07430972158908844	-0.055824581533670425	0.11686809360980988	0.25385043025016785	-0.44587939977645874	-0.010467716492712498	-0.1834428310394287	0.10275451093912125
VAN_LABEL_19	0.5682158470153809	-0.19072669744491577	0.03909445181488991	-0.007042272947728634	-0.09882903099060059	0.33018964529037476	-0.10309012234210968	n/a	-0.273386150598526	-0.2233773022890091	0.19840499758720398	-0.38558974862098694	-0.1613638550043106	-0.2259964495897293	-0.018160605803132057	0.7117777466773987	-0.3674495816230774	0.5559560656547546	1.0	-0.03652274236083031	-0.20128133893013	0.37328511476516724	-0.3636475205421448	0.21544040739536285	-0.14673340320587158	0.20561766624450684	0.26025334000587463	0.6083796620368958	-0.0969308465719223	-0.10580508410930634	0.2886529266834259	0.11079173535108566	0.2829637825489044	-0.16334329545497894	n/a	-0.3431055247783661	-0.06657982617616653	-0.3060060143470764	-0.18579907715320587	-0.15721631050109863	-0.29865559935569763	-0.28603866696357727	0.3366323709487915	0.3218919336795807	-0.2271602302789688	0.4011853039264679	-0.4506286382675171	0.23578010499477386	-0.2782348394393921	0.4847290515899658	0.15021786093711853	0.08492647111415863	0.14660832285881042	-0.0933292955160141	0.10623132437467575	0.30751240253448486	0.24789799749851227	0.26772573590278625	0.2918815314769745	0.06132224202156067	-0.02357589453458786	0.13346661627292633	0.01603863202035427	0.023511750623583794	0.1212848648428917	0.060890283435583115	-0.006095996592193842	0.11870205402374268	0.3247610032558441	0.0071412003599107265	0.04127892479300499	0.0018252063309773803	-0.11906228959560394	-0.004830424208194017	0.1718614101409912	0.22715024650096893	-0.1506955623626709	-0.0037535782903432846	0.07037121802568436	0.18114042282104492
CO_LABEL_20	-0.12469980865716934	-0.018958700820803642	0.050012774765491486	0.02800433523952961	0.03553356975317001	0.0689617469906807	-0.33055001497268677	n/a	0.16245737671852112	0.18166930973529816	-0.00022138483473099768	-0.2132655680179596	0.10439883917570114	-0.3592640161514282	-0.08807123452425003	-0.01377201545983553	0.46529632806777954	-0.14999713003635406	-0.03652274236083031	1.0	0.1055225133895874	0.14520952105522156	0.33594927191734314	0.005201790481805801	0.19287504255771637	0.09265224635601044	-0.1827426552772522	-0.1045796200633049	0.051716215908527374	0.058044422417879105	-0.14758296310901642	0.048866357654333115	0.1511741727590561	-0.19460542500019073	n/a	0.1384134590625763	0.2045692652463913	-0.15395022928714752	-0.08079547435045242	-0.45230773091316223	0.02296352945268154	0.28997325897216797	0.07362908124923706	0.35247689485549927	0.09048821032047272	0.14365670084953308	0.1811542510986328	-0.06121424213051796	0.05699143931269646	-0.06816510856151581	-0.24906820058822632	-0.09715263545513153	-0.3757988214492798	0.0013506412506103516	-0.17789548635482788	0.33516228199005127	0.04752228036522865	-0.02715315856039524	-0.026064228266477585	0.2918366491794586	0.040178004652261734	0.3591674268245697	-0.25398334860801697	0.1979515254497528	-0.2299249917268753	0.04679190367460251	-0.06937621533870697	0.0859304890036583	-0.0894278734922409	0.02153892070055008	-0.31353339552879333	-0.013753630220890045	0.1356503665447235	-0.112226702272892	0.09586837142705917	-0.22999010980129242	0.4073558449745178	0.0035577898379415274	0.1239621713757515	0.03640468791127205
CO_LABEL_21	-0.4343937337398529	0.2463250756263733	0.21607114374637604	0.3142310380935669	0.001311190309934318	-0.29231202602386475	-0.20186056196689606	n/a	-0.23400340974330902	0.8550763726234436	0.39686819911003113	0.4383779466152191	0.562533974647522	0.32667410373687744	0.04291204363107681	-0.4721868336200714	0.6103691458702087	-0.48159006237983704	-0.20128133893013	0.1055225133895874	1.0	0.3754708766937256	0.07377781718969345	-0.3901960849761963	0.21734127402305603	-0.33701375126838684	-0.3069576025009155	-0.4553432762622833	0.10112278163433075	0.35407906770706177	0.26639828085899353	-0.2611980736255646	-0.2728371024131775	-0.10655379295349121	n/a	0.652672290802002	0.5899762511253357	0.5098329782485962	0.34761521220207214	0.34931525588035583	0.2514553964138031	0.4188928008079529	-0.06386007368564606	0.2275768369436264	0.8773066401481628	0.3708142936229706	0.2423287183046341	-0.467022180557251	-0.01883433759212494	-0.44871535897254944	-0.029550308361649513	-0.4975513219833374	-0.2907588481903076	-0.21937356889247894	-0.35629507899284363	-0.167947456240654	-0.11483465135097504	0.11661242693662643	0.021329885348677635	-0.05832827836275101	0.04841235652565956	0.025804581120610237	-0.484199583530426	0.16251955926418304	-0.2690695822238922	0.11066588759422302	0.23638956248760223	0.13024955987930298	-0.028642192482948303	-0.02777932956814766	-0.38839128613471985	0.21993392705917358	0.3751922845840454	0.21412773430347443	-0.18669641017913818	-0.07635854929685593	0.4686588943004608	0.23608069121837616	-0.05541279539465904	-0.12929245829582214
Sal_LABEL_22	0.11255817115306854	-0.16093851625919342	0.03300352022051811	0.3233460783958435	-0.16147315502166748	-0.06605242192745209	-0.27402615547180176	n/a	-0.22824738919734955	0.2611904740333557	0.5816946029663086	-0.17015962302684784	0.32642680406570435	0.009863059036433697	0.11538625508546829	0.20788788795471191	0.07663533836603165	0.043304070830345154	0.37328511476516724	0.14520952105522156	0.3754708766937256	1.0	-0.24346914887428284	-0.10033974051475525	-0.0027564435731619596	0.031416576355695724	0.04819865524768829	0.1320866048336029	-0.16812190413475037	0.00949942134320736	0.3433668911457062	-0.2283502221107483	0.000313008000375703	-0.3720655143260956	n/a	-0.05372864380478859	0.31211167573928833	-0.08869510889053345	-0.03941390663385391	0.037022046744823456	-0.04082605615258217	-0.03250101953744888	0.3246738314628601	0.4689679443836212	0.259272962808609	0.7883267402648926	-0.27536654472351074	-0.12471789121627808	-0.19265438616275787	0.2096082717180252	0.12311230599880219	-0.17596997320652008	0.019225753843784332	-0.164685919880867	0.054689619690179825	0.2536173462867737	0.12973150610923767	0.5266959071159363	0.260981947183609	0.08950404077768326	-0.03597292676568031	0.23984794318675995	-0.34348514676094055	0.2943957448005676	0.11592110991477966	-0.2848375737667084	0.07246480882167816	0.16046635806560516	0.2713650166988373	0.04733731970191002	-0.3244188129901886	0.13129746913909912	0.18121670186519623	0.14043155312538147	-0.0786585882306099	0.056288231164216995	0.02566085197031498	-0.08687681704759598	-0.11995454132556915	0.057047825306653976
DAN_LABEL_23	-0.3807224631309509	0.05095735564827919	0.22871243953704834	-0.19330552220344543	-0.05626273527741432	-0.1368563026189804	-0.10929353535175323	n/a	0.34425610303878784	0.24057969450950623	-0.2907117009162903	0.3470056354999542	0.24572226405143738	0.15153585374355316	0.27413901686668396	-0.40246933698654175	0.3158981204032898	-0.27156439423561096	-0.3636475205421448	0.33594927191734314	0.07377781718969345	-0.24346914887428284	1.0	-0.06979276239871979	0.6438447833061218	-0.47564056515693665	-0.1293002814054489	-0.42979535460472107	-0.06995882093906403	0.38009122014045715	-0.2785353660583496	-0.2610812783241272	-0.21878062188625336	0.052689652889966965	n/a	0.19586549699306488	-0.09830315411090851	0.32360774278640747	0.005135763436555862	0.10273157805204391	0.46332570910453796	0.258705735206604	-0.08599875867366791	-0.010505028069019318	0.17001792788505554	-0.30176684260368347	0.8407086133956909	-0.28813108801841736	0.4352758228778839	-0.6232379674911499	-0.06897655874490738	-0.4409157335758209	-0.432176798582077	0.16632883250713348	-0.30013278126716614	0.06804630905389786	-0.12436017394065857	-0.24352367222309113	-0.37371107935905457	0.21597516536712646	0.3396134078502655	0.3076647222042084	-0.41309818625450134	0.16872023046016693	-0.06123235449194908	0.21706213057041168	0.2837088406085968	0.06653783470392227	0.02778724581003189	0.3819429278373718	-0.17781801521778107	0.41379833221435547	0.32129496335983276	0.23514585196971893	-0.13017016649246216	-0.3702017366886139	0.34809166193008423	0.1007784903049469	0.00726711843162775	-0.13158707320690155
PMN_LABEL_24	0.577915370464325	-0.10887731611728668	-0.09055398404598236	-0.18405850231647491	-0.11098304390907288	0.5886105895042419	0.4023982286453247	n/a	0.28208035230636597	-0.2256261557340622	0.11031036078929901	-0.09502378851175308	-0.3162212669849396	-0.28898441791534424	-0.17536063492298126	0.47209632396698	-0.17669141292572021	0.30251064896583557	0.21544040739536285	0.005201790481805801	-0.3901960849761963	-0.10033974051475525	-0.06979276239871979	1.0	-0.3519192039966583	0.40826886892318726	0.13993020355701447	0.27635321021080017	-0.016077252104878426	-0.3143453001976013	0.11413399130105972	0.010483400896191597	0.6659848093986511	0.4015229642391205	n/a	-0.2438998818397522	-0.35050809383392334	-0.22610466182231903	0.05471197888255119	-0.2437586486339569	-0.34011510014533997	0.052473027259111404	0.04539667069911957	-0.1932191550731659	-0.3802688717842102	-0.07087849080562592	-0.2366858422756195	0.8800318837165833	-0.26105576753616333	0.3784604072570801	-0.3376452624797821	0.2579958140850067	0.34621694684028625	0.22366659343242645	0.28103920817375183	0.17211315035820007	0.23440395295619965	0.18800771236419678	0.25066322088241577	-0.10916588455438614	-0.27152833342552185	-0.1482497602701187	0.14473897218704224	-0.29284095764160156	-0.03942948952317238	0.021300120279192924	-0.28246214985847473	-0.313259094953537	-0.07659738510847092	-0.11457730829715729	0.12311171740293503	-0.16618600487709045	-0.2982465326786041	-0.33616510033607483	0.18965423107147217	0.14340327680110931	0.019460374489426613	-0.050849076360464096	-0.16001315414905548	-0.20251113176345825
DAN_LABEL_25	-0.27203628420829773	0.4234878420829773	-0.01859341748058796	-0.1657285839319229	-0.28104108572006226	-0.35585805773735046	-0.28361091017723083	n/a	-0.0823778584599495	0.2772112488746643	-0.29300808906555176	0.2761332094669342	0.3795611262321472	0.27645453810691833	0.3219813108444214	-0.3046356439590454	0.11145823448896408	-0.17875418066978455	-0.14673340320587158	0.19287504255771637	0.21734127402305603	-0.0027564435731619596	0.6438447833061218	-0.3519192039966583	1.0	-0.627061128616333	-0.034497275948524475	-0.3718527853488922	0.19373901188373566	0.22741174697875977	-0.2500327527523041	-0.4153473973274231	-0.3707548677921295	-0.14986126124858856	n/a	0.06000763177871704	0.13405749201774597	0.39933741092681885	0.02867424674332142	0.23555006086826324	0.5918557643890381	-0.014141276478767395	0.04607066884636879	0.0680670440196991	0.29503920674324036	-0.05880515277385712	0.7540920376777649	-0.6035013198852539	0.599105954170227	-0.6292062401771545	0.04613383859395981	-0.5961250066757202	-0.4944586753845215	-0.14531035721302032	-0.42338886857032776	0.0757809430360794	-0.11419722437858582	-0.21783605217933655	-0.2757502496242523	0.5482853651046753	0.5007625818252563	0.576924741268158	-0.6313636898994446	0.45507603883743286	0.036409083753824234	0.26937156915664673	0.5998496413230896	0.47648555040359497	0.2844243049621582	0.3692353367805481	-0.4968761205673218	0.6652406454086304	0.5604684948921204	0.6118046641349792	-0.01101074367761612	-0.19893349707126617	0.1771252304315567	0.014520080760121346	0.24467052519321442	0.03267095983028412
