Node	DMN_LABEL_1	Vis_LABEL_2	FP_LABEL_3	Aud_LABEL_4	Tpole_LABEL_5	PMN_LABEL_6	PON_LABEL_7	MTL_LABEL_8	PON_LABEL_9	CO_LABEL_10	Sal_LABEL_11	CO_LABEL_12	SMd_LABEL_13	SMl_LABEL_14	DAN_LABEL_15	DMN_LABEL_16	CO_LABEL_17	DMN_LABEL_18	VAN_LABEL_19	CO_LABEL_20	CO_LABEL_21	Sal_LABEL_22	DAN_LABEL_23	PMN_LABEL_24	DAN_LABEL_25	DMN_LABEL_26	DMN_LABEL_27	DMN_LABEL_28	Vis_LABEL_29	FP_LABEL_30	Aud_LABEL_31	Tpole_LABEL_32	PMN_LABEL_33	PON_LABEL_34	MTL_LABEL_35	CO_LABEL_36	Sal_LABEL_37	CO_LABEL_38	SMd_LABEL_39	SMl_LABEL_40	DAN_LABEL_41	CO_LABEL_42	VAN_LABEL_43	CO_LABEL_44	CO_LABEL_45	Sal_LABEL_46	DAN_LABEL_47	PMN_LABEL_48	DAN_LABEL_49	DMN_LABEL_50	FP_LABEL_51	DMN_LABEL_52	DMN_LABEL_53	PON_LABEL_54	DMN_LABEL_55	Tpole_LABEL_56	Tpole_LABEL_57	Sal_LABEL_58	Sal_LABEL_59	SMd_LABEL_60	DAN_LABEL_61	FP_LABEL_62	DMN_LABEL_63	FP_LABEL_64	FP_LABEL_65	SMd_LABEL_66	SMl_LABEL_67	SMd_LABEL_68	DMN_LABEL_69	DAN_LABEL_70	DMN_LABEL_71	FP_LABEL_72	SMd_LABEL_73	SMl_LABEL_74	MTL_LABEL_75	MTL_LABEL_76	CO_LABEL_77	CO_LABEL_78	Vis_LABEL_79	Vis_LABEL_80
DMN_LABEL_1	1.0	0.03110368549823761	0.226829394698143	-0.41875767707824707	0.2678802013397217	0.577764630317688	0.6032665371894836	n/a	0.1251320093870163	-0.07514264434576035	0.2089134156703949	-0.2932316064834595	-0.3911294639110565	-0.2938847243785858	-0.6210978627204895	0.5136491060256958	-0.3342101573944092	0.5157086253166199	0.08857826143503189	-0.5497869253158569	-0.6266795992851257	0.3479292690753937	-0.24732406437397003	0.6958743929862976	-0.6089781522750854	0.4604491889476776	0.4849986135959625	0.36753901839256287	-0.018596338108181953	0.3720974326133728	-0.3763129413127899	-0.12136397510766983	0.658577024936676	0.4902664124965668	n/a	-0.24171710014343262	0.15458829700946808	-0.08551853895187378	-0.5940196514129639	-0.2866160571575165	-0.3756052851676941	-0.3700278699398041	0.13499633967876434	-0.4729611873626709	-0.3035711646080017	0.31648552417755127	-0.22292101383209229	0.8316848874092102	-0.333997905254364	0.3383714556694031	0.05070794001221657	0.06803161650896072	0.05353006720542908	0.04058099538087845	0.43693387508392334	-0.7224069833755493	-0.39050906896591187	0.22508221864700317	0.04086702689528465	-0.16372187435626984	0.03690328076481819	0.3920288383960724	0.2307676523923874	0.439195454120636	0.383408784866333	-0.4371761977672577	-0.47107237577438354	-0.035062044858932495	0.2537384033203125	0.21485628187656403	0.3930981159210205	0.11589620262384415	0.1695038080215454	-0.3516039550304413	0.046546291559934616	0.06732503324747086	-0.2927224338054657	-0.06363189220428467	0.25970083475112915	-0.008614959195256233
Vis_LABEL_2	0.03110368549823761	1.0	-0.12962327897548676	0.0806489810347557	0.043776802718639374	0.3487333655357361	0.35294628143310547	n/a	-0.20094943046569824	0.23625630140304565	0.1030147597193718	0.2850392460823059	-0.051653388887643814	-0.01898074522614479	-0.27314892411231995	-0.032668039202690125	-0.2945452928543091	-0.10282231867313385	-0.4482809007167816	-0.3557503819465637	-0.09095655381679535	-0.09629857540130615	-0.07994219660758972	0.2877409756183624	-0.0026167533360421658	-0.040614865720272064	-0.11871422827243805	0.0962362289428711	0.873920738697052	-0.14087669551372528	0.09607552736997604	0.04183906316757202	0.22125671803951263	0.38828739523887634	n/a	0.3619689345359802	0.06773161888122559	0.24116164445877075	-0.032310523092746735	-0.10139309614896774	-0.1554466187953949	-0.22095748782157898	-0.2195287048816681	-0.05859395116567612	0.054323602467775345	-0.17819510400295258	-0.13541445136070251	0.23562587797641754	-0.019360752776265144	-0.1392090618610382	0.0043835723772645	-0.11022910475730896	-0.19119994342327118	0.01227569580078125	-0.09123142063617706	-0.062474530190229416	-0.11625856906175613	-0.503582775592804	-0.3397805094718933	-0.08759039640426636	0.2698463201522827	-0.35296058654785156	-0.4860450327396393	-0.397294282913208	-0.34739288687705994	0.19830432534217834	0.22952862083911896	0.10688292980194092	-0.16744978725910187	-0.09860307723283768	-0.4022887647151947	-0.32558944821357727	0.0420520082116127	0.13702724874019623	0.16249516606330872	-0.04744948819279671	0.46938356757164	0.40825948119163513	0.6170740127563477	0.6643035411834717
FP_LABEL_3	0.226829394698143	-0.12962327897548676	1.0	-0.31953805685043335	-0.2587745189666748	0.19719527661800385	0.12758733332157135	n/a	-0.17178094387054443	-0.20134972035884857	-0.09532653540372849	-0.4641098082065582	-0.034986771643161774	-0.06522250175476074	0.0631338581442833	0.2593919038772583	-0.2785109579563141	0.5256843566894531	-0.02404317632317543	-0.3283337950706482	-0.30117177963256836	0.3473080098628998	0.16816198825836182	0.32470953464508057	-0.22776180505752563	-0.11548686027526855	-0.1402984857559204	0.6852924227714539	-0.0617605522274971	0.8162395358085632	-0.33846667408943176	-0.3487034738063812	0.1523532122373581	-0.08896581083536148	n/a	-0.30882081389427185	-0.11722435057163239	-0.2266162782907486	-0.14486749470233917	-0.16369442641735077	-0.13280054926872253	-0.2556721270084381	0.016216395422816277	-0.38715222477912903	-0.43915411829948425	0.15133661031723022	-0.10868413001298904	0.21448372304439545	-0.19550374150276184	0.027570297941565514	0.4169614911079407	-0.3325961232185364	-0.03075050376355648	-0.24173276126384735	-0.17565281689167023	-0.29967230558395386	-0.43276259303092957	0.08125734329223633	-0.21326720714569092	-0.041649170219898224	-0.40863075852394104	0.29889222979545593	-0.2897264063358307	0.45799458026885986	0.29261666536331177	-0.2739311754703522	-0.12811872363090515	-0.03145765885710716	-0.11959907412528992	0.11372677981853485	0.055612482130527496	0.4426356554031372	-0.13284556567668915	0.04088578745722771	-0.018645374104380608	0.026369115337729454	-0.5109624266624451	-0.5982893705368042	-0.10469909012317657	-0.2519337832927704
Aud_LABEL_4	-0.41875767707824707	0.0806489810347557	-0.31953805685043335	1.0	0.24196891486644745	0.03663371130824089	0.022394506260752678	n/a	0.006519129034131765	0.3999291658401489	0.47575944662094116	0.43093952536582947	0.7065131664276123	0.7755646109580994	-0.05830476060509682	-0.6193298101425171	-0.09758986532688141	-0.7375967502593994	-0.4809283912181854	0.674038290977478	0.6143369078636169	0.24082396924495697	-0.5814687609672546	-0.15208643674850464	-0.11085277795791626	0.10475605726242065	-0.5669775605201721	-0.36514949798583984	-0.07219885289669037	-0.4297044277191162	0.988334059715271	0.6050825715065002	-0.17481596767902374	0.05150793865323067	n/a	0.5040146112442017	0.4738248288631439	0.3681139051914215	0.3885360360145569	0.7821990251541138	-0.4368414878845215	0.13291332125663757	-0.06358712166547775	0.8899828195571899	0.43033310770988464	0.37814417481422424	-0.6299281120300293	-0.3478700816631317	-0.3555644750595093	-0.4557511508464813	0.011159559711813927	0.10579566657543182	-0.1389664113521576	0.15739604830741882	-0.3084089457988739	0.44967371225357056	0.6565248370170593	-0.05715518072247505	0.00609219865873456	0.2687269449234009	0.11027039587497711	-0.4630752503871918	-0.25955885648727417	-0.4296324551105499	-0.2914084494113922	0.006287186406552792	-0.037370216101408005	0.3160262405872345	-0.08068228513002396	0.12029359489679337	-0.4081437587738037	-0.1266792118549347	-0.13438649475574493	0.26846450567245483	0.5440338850021362	0.5040807723999023	0.2561712861061096	0.2591482102870941	-0.22612546384334564	-0.07594870030879974
Tpole_LABEL_5	0.2678802013397217	0.043776802718639374	-0.2587745189666748	0.24196891486644745	1.0	0.3567255139350891	0.19489672780036926	n/a	-0.0947767049074173	0.08832264691591263	0.2919159531593323	0.05281742289662361	0.23931127786636353	0.1256786286830902	-0.2931928336620331	-0.004762270022183657	0.03238662704825401	-0.1502276510000229	0.08315227925777435	0.18353572487831116	-0.1198539137840271	0.1752672642469406	-0.26772549748420715	0.29811960458755493	-0.37878477573394775	0.18035663664340973	0.10923758894205093	-0.3873603343963623	-0.05630473792552948	-0.24573008716106415	0.2469606101512909	0.6909646391868591	0.28691211342811584	0.19518037140369415	n/a	0.1291627287864685	0.1556784212589264	-0.04438858851790428	0.16679257154464722	0.0794520154595375	-0.37057024240493774	-0.14278505742549896	0.5035393238067627	0.12583424150943756	-0.004138943273574114	0.22957752645015717	-0.32006990909576416	0.2601296007633209	-0.42327871918678284	-0.08552546799182892	-0.07340031862258911	-6.19385828031227e-05	-0.1258607804775238	-0.03417237475514412	0.02361082285642624	0.05680157616734505	0.2907339930534363	0.143964484333992	0.12529633939266205	0.1866123527288437	-0.05059630423784256	-0.37890610098838806	0.005583025980740786	-0.14644460380077362	0.19346462190151215	-0.027525482699275017	-0.41014060378074646	0.2644403874874115	0.06538388878107071	0.03984363004565239	-0.1172947883605957	-0.30388885736465454	0.2547615170478821	0.16740739345550537	0.35377776622772217	0.25099101662635803	0.13486303389072418	0.1054367646574974	-0.0008501866250298917	0.13141463696956635
PMN_LABEL_6	0.577764630317688	0.3487333655357361	0.19719527661800385	0.03663371130824089	0.3567255139350891	1.0	0.4193118214607239	n/a	-0.2782675325870514	0.49626678228378296	0.46392300724983215	0.17849677801132202	-0.02830866537988186	-0.1936962753534317	-0.4816149175167084	0.04625854641199112	-0.2157309502363205	0.09347694367170334	-0.21887771785259247	-0.3377939462661743	-0.15377359092235565	0.3743641972541809	-0.23346829414367676	0.9200895428657532	-0.5065302848815918	0.13362979888916016	-0.16710034012794495	0.07005122303962708	0.33656084537506104	0.15259745717048645	0.026828758418560028	0.05384346842765808	0.8375778794288635	0.25633254647254944	n/a	0.43333199620246887	0.37050506472587585	0.34997648000717163	-0.2867821156978607	-0.2351757138967514	-0.5024562478065491	-0.05977696552872658	0.316025048494339	-0.0736590176820755	0.10123960673809052	0.2624301016330719	-0.3704633116722107	0.7434874176979065	-0.43101149797439575	-0.15076720714569092	-0.13719826936721802	-0.365251749753952	-0.17225098609924316	-0.2869928181171417	-0.18928559124469757	-0.5050353407859802	-0.2869642376899719	-0.20088672637939453	-0.3468625545501709	-0.1534142941236496	-0.0616367943584919	-0.16065847873687744	-0.3757001459598541	-0.0739118829369545	-0.05586296692490578	-0.19034309685230255	-0.36249807476997375	0.3931926488876343	-0.24188296496868134	0.2188781052827835	-0.31451156735420227	-0.18697881698608398	0.12684409320354462	-0.05391767621040344	0.26345542073249817	0.33979710936546326	0.15705585479736328	0.0488387867808342	0.04173252731561661	0.13725705444812775
PON_LABEL_7	0.6032665371894836	0.35294628143310547	0.12758733332157135	0.022394506260752678	0.19489672780036926	0.4193118214607239	1.0	n/a	0.32430556416511536	-0.1957675665616989	0.2882816195487976	-0.2112714648246765	0.07438217848539352	0.1130947470664978	-0.44596320390701294	0.3304719924926758	-0.7153562903404236	0.23849114775657654	-0.5969774723052979	-0.3189607560634613	-0.42827939987182617	0.3588694632053375	-0.4082125723361969	0.4146859645843506	-0.39212796092033386	0.567948043346405	0.11729217320680618	0.4065355658531189	0.029433585703372955	0.2462920993566513	0.07142949849367142	0.2853195369243622	0.31317734718322754	0.8537111282348633	n/a	-0.15402469038963318	0.24007779359817505	-0.20618616044521332	-0.1397496461868286	0.0967714712023735	-0.4233357310295105	-0.5812829732894897	-0.37566137313842773	-0.06822225451469421	-0.23872560262680054	0.4023495018482208	-0.42798489332199097	0.5144733190536499	-0.4309789538383484	0.31778591871261597	0.2647569179534912	0.3378978967666626	0.1938067525625229	0.4231315553188324	0.5340701341629028	-0.4197148382663727	-0.030944880098104477	-0.11605316400527954	-0.1353897750377655	0.17357563972473145	-0.03883691504597664	0.09425606578588486	-0.07928109169006348	0.17510908842086792	0.15972073376178741	-0.11126304417848587	-0.15659774839878082	0.2530381977558136	0.360249787569046	-0.01446357648819685	-0.027501557022333145	-0.04181951284408569	0.23768079280853271	0.097327321767807	0.605503261089325	0.45915257930755615	-0.11520759761333466	0.0025586511474102736	0.4727218449115753	0.1914842575788498
MTL_LABEL_8	n/a	n/a	n/a	n/a	n/a	n/a	n/a	1.0	n/a	n/a	n/a	n/a	n/a	n/a	n/a	n/a	n/a	n/a	n/a	n/a	n/a	n/a	n/a	n/a	n/a	n/a	n/a	n/a	n/a	n/a	n/a	n/a	n/a	n/a	n/a	n/a	n/a	n/a	n/a	n/a	n/a	n/a	n/a	n/a	n/a	n/a	n/a	n/a	n/a	n/a	n/a	n/a	n/a	n/a	n/a	n/a	n/a	n/a	n/a	n/a	n/a	n/a	n/a	n/a	n/a	n/a	n/a	n/a	n/a	n/a	n/a	n/a	n/a	n/a	n/a	n/a	n/a	n/a	n/a	n/a
PON_LABEL_9	0.1251320093870163	-0.20094943046569824	-0.17178094387054443	0.006519129034131765	-0.0947767049074173	-0.2782675325870514	0.32430556416511536	n/a	1.0	-0.44702619314193726	-0.3799499571323395	-0.2703806757926941	-0.2520807981491089	-0.045525744557380676	0.11515109241008759	0.4044484496116638	-0.011507656425237656	0.06786216050386429	-0.08782802522182465	0.1583663374185562	-0.21751269698143005	-0.28498420119285583	-0.12000014632940292	-0.3744859993457794	0.11017504334449768	0.09929980337619781	0.22141309082508087	0.04753588140010834	-0.358826607465744	-0.04717370122671127	0.013044490478932858	0.028099143877625465	-0.3087500035762787	0.39936983585357666	n/a	-0.3376162350177765	-0.2762138843536377	-0.38717755675315857	-0.15991276502609253	0.045740511268377304	0.20949403941631317	-0.13839125633239746	-0.5088495016098022	0.1489754021167755	-0.25012990832328796	-0.09914011508226395	-0.10830146819353104	-0.18929488956928253	-0.03193570300936699	0.27532196044921875	0.2265409678220749	0.4369375705718994	0.22942887246608734	0.6377784609794617	0.6180301904678345	-0.005147021263837814	-0.03359519690275192	-0.15977253019809723	-0.14164385199546814	0.06328197568655014	0.2167523056268692	0.11352460086345673	0.2122124433517456	0.1293652355670929	-0.0017139202682301402	0.09801394492387772	-0.16280145943164825	-0.28326860070228577	0.49596598744392395	0.06931427866220474	0.09420457482337952	-0.008596622385084629	-0.27852165699005127	-0.06196350231766701	0.36157500743865967	0.3175569176673889	-0.20321638882160187	-0.15404698252677917	0.3273388743400574	0.1294129341840744
CO_LABEL_10	-0.07514264434576035	0.23625630140304565	-0.20134972035884857	0.3999291658401489	0.08832264691591263	0.49626678228378296	-0.1957675665616989	n/a	-0.44702619314193726	1.0	0.559638500213623	0.7481749057769775	0.12772291898727417	0.09986814111471176	-0.3053746521472931	-0.3623828887939453	0.25727716088294983	-0.3314613401889801	-0.12172117829322815	0.18681325018405914	0.6256440281867981	0.237354576587677	-0.3045157492160797	0.36667540669441223	-0.23190049827098846	-0.029916994273662567	-0.3345961272716522	-0.2859862446784973	0.3530619144439697	-0.37420979142189026	0.39359694719314575	0.01904718205332756	0.4129529893398285	-0.25711318850517273	n/a	0.8680225014686584	0.5179272890090942	0.8537084460258484	-0.19794510304927826	0.1055758148431778	-0.34894099831581116	0.4823349416255951	0.27449551224708557	0.3569462299346924	0.6961315274238586	0.1818423569202423	-0.3330369293689728	0.16455914080142975	-0.18182583153247833	-0.4175374507904053	-0.47929418087005615	-0.2982199788093567	-0.26654964685440063	-0.4506976008415222	-0.49509283900260925	0.03092660754919052	0.18386997282505035	-0.1333012580871582	-0.12830843031406403	-0.27898478507995605	0.1445552408695221	-0.3829464912414551	-0.3426641821861267	-0.47478777170181274	-0.44701093435287476	-0.1609586924314499	-0.16628830134868622	0.35643893480300903	-0.4214872717857361	0.11481720209121704	-0.3818604648113251	-0.11806932836771011	-0.11388898640871048	-0.09978525340557098	-0.002841721987351775	0.17224358022212982	0.3402954339981079	0.4548512101173401	-0.27974459528923035	0.05965442210435867
Sal_LABEL_11	0.2089134156703949	0.1030147597193718	-0.09532653540372849	0.47575944662094116	0.2919159531593323	0.46392300724983215	0.2882816195487976	n/a	-0.3799499571323395	0.559638500213623	1.0	0.3192999064922333	0.3282770812511444	0.4816669523715973	-0.5931163430213928	-0.4810672700405121	-0.3253566026687622	-0.2918471097946167	-0.35284924507141113	0.21524664759635925	0.3507611155509949	0.7489853501319885	-0.6559453010559082	0.45515453815460205	-0.5755492448806763	0.6183189749717712	-0.1966491937637329	0.00010747927444754168	0.03259291127324104	-0.12802216410636902	0.5206499695777893	0.38809195160865784	0.42198890447616577	0.28959763050079346	n/a	0.441253662109375	0.869064450263977	0.46482759714126587	-0.05626312270760536	0.47276607155799866	-0.7752203941345215	-0.034222789108753204	0.23804424703121185	0.3037751615047455	0.381085067987442	0.711994469165802	-0.6079108715057373	0.36474454402923584	-0.5050202012062073	-0.0861871987581253	-0.1368335634469986	0.07522530853748322	-0.02887772023677826	-0.017371971160173416	-0.15851101279258728	-0.22553636133670807	0.4409717321395874	0.2556900084018707	0.27431753277778625	-0.03480549156665802	-0.0600733682513237	-0.10535014420747757	-0.1760687530040741	-0.05169398710131645	-0.08725021034479141	-0.23310162127017975	-0.19091477990150452	0.3285328447818756	-0.07465657591819763	-0.059538379311561584	-0.07497844099998474	0.0654369369149208	0.18224205076694489	-0.031508225947618484	0.31260108947753906	0.3520490825176239	0.046900201588869095	0.4232608377933502	-0.3676629960536957	-0.30460941791534424
CO_LABEL_12	-0.2932316064834595	0.2850392460823059	-0.4641098082065582	0.43093952536582947	0.05281742289662361	0.17849677801132202	-0.2112714648246765	n/a	-0.2703806757926941	0.7481749057769775	0.3192999064922333	1.0	0.1993180811405182	0.19580547511577606	-0.05398550629615784	-0.4063270688056946	0.29689109325408936	-0.5371949672698975	-0.11645503342151642	0.22546659409999847	0.6305839419364929	0.05617730692028999	-0.21568134427070618	0.07440333068370819	0.08392458409070969	-0.06175027787685394	-0.2082930952310562	-0.4692758619785309	0.39836716651916504	-0.6105341911315918	0.4329054653644562	0.0731101781129837	0.006437475327402353	-0.2934473156929016	n/a	0.7361454963684082	0.3539123237133026	0.7816805839538574	0.0002451165346428752	0.2710002660751343	-0.11291670799255371	0.5897924304008484	0.07128161936998367	0.49201205372810364	0.7619743347167969	0.09803880006074905	-0.1709255576133728	-0.15530936419963837	0.15768149495124817	-0.5899251103401184	-0.5321033596992493	-0.34904909133911133	-0.5054144859313965	-0.4151683747768402	-0.4754981994628906	0.3200082778930664	0.26432493329048157	-0.11837916076183319	-0.07784401625394821	-0.35113969445228577	0.16585569083690643	-0.39866724610328674	-0.2931329905986786	-0.6925573945045471	-0.4808225631713867	-0.08137894421815872	-0.11528605967760086	0.19666703045368195	-0.2914894223213196	-0.08254990726709366	-0.5040236711502075	-0.4322362542152405	-0.19449111819267273	-0.2109498381614685	-0.005928361788392067	0.0389091894030571	0.689230740070343	0.5654059648513794	-0.17044669389724731	0.1343804895877838
SMd_LABEL_13	-0.3911294639110565	-0.051653388887643814	-0.034986771643161774	0.7065131664276123	0.23931127786636353	-0.02830866537988186	0.07438217848539352	n/a	-0.2520807981491089	0.12772291898727417	0.3282770812511444	0.1993180811405182	1.0	0.7261186838150024	0.17051449418067932	-0.5043993592262268	-0.3162025213241577	-0.45125362277030945	-0.4678398072719574	0.46099939942359924	0.4475648105144501	0.2982473373413086	-0.25322359800338745	-0.12069989740848541	0.0316484235227108	0.05639432370662689	-0.5491335988044739	-0.2193012535572052	-0.20433318614959717	-0.18226689100265503	0.7018918395042419	0.584457516670227	-0.1804659068584442	-0.02083965204656124	n/a	0.23976339399814606	0.28196603059768677	0.11398055404424667	0.6666092872619629	0.6954693794250488	-0.3256775736808777	-0.07203313708305359	-0.05551789700984955	0.5842539668083191	0.26697680354118347	0.35943692922592163	-0.3506821095943451	-0.28558436036109924	-0.2195466160774231	-0.34266069531440735	-0.07311457395553589	0.03765473514795303	-0.006075065582990646	-0.02119406871497631	-0.2936757504940033	0.47434887290000916	0.4645390212535858	0.10097549855709076	0.04577384144067764	0.3796919882297516	-0.07593051344156265	-0.26950547099113464	-0.17062923312187195	-0.13998080790042877	-0.06467615813016891	0.04762718081474304	0.15640789270401	0.43975889682769775	-0.20966848731040955	0.13819922506809235	-0.3484043776988983	-0.028046375140547752	0.16647528111934662	0.39972737431526184	0.39252081513404846	0.41308024525642395	0.08379299938678741	-0.0664723664522171	-0.2829950749874115	-0.2793676555156708
SMl_LABEL_14	-0.2938847243785858	-0.01898074522614479	-0.06522250175476074	0.7755646109580994	0.1256786286830902	-0.1936962753534317	0.1130947470664978	n/a	-0.045525744557380676	0.09986814111471176	0.4816669523715973	0.19580547511577606	0.7261186838150024	1.0	-0.10402438044548035	-0.560850977897644	-0.34366515278816223	-0.5183432698249817	-0.4358856678009033	0.5396130084991455	0.41410309076309204	0.48355036973953247	-0.5422037243843079	-0.22251997888088226	-0.21645332872867584	0.29045790433883667	-0.3784947991371155	-0.06288374960422516	-0.15278097987174988	-0.16471830010414124	0.804373025894165	0.485195130109787	-0.3380599617958069	0.13042069971561432	n/a	0.12566114962100983	0.4883298873901367	0.15868793427944183	0.36243075132369995	0.9670810699462891	-0.5071543455123901	-0.08549420535564423	-0.1675209105014801	0.6064243912696838	0.15757830440998077	0.5523961186408997	-0.6172652840614319	-0.35642942786216736	-0.3090713620185852	-0.3153918981552124	0.19782666862010956	0.1782572716474533	-0.1364753693342209	0.1970120519399643	-0.20937666296958923	0.37902283668518066	0.5953187942504883	0.24383307993412018	0.29817289113998413	0.24151718616485596	0.11778081953525543	-0.11981957405805588	-0.14928193390369415	-0.0979669839143753	0.00013166337157599628	-0.12907671928405762	0.04650010168552399	0.13091105222702026	0.09441119432449341	0.07900752872228622	-0.1163705438375473	0.15082290768623352	-0.12972918152809143	0.14486481249332428	0.4246229827404022	0.30402350425720215	-0.007063012104481459	0.18508516252040863	-0.21720023453235626	-0.29716071486473083
DAN_LABEL_15	-0.6210978627204895	-0.27314892411231995	0.0631338581442833	-0.05830476060509682	-0.2931928336620331	-0.4816149175167084	-0.44596320390701294	n/a	0.11515109241008759	-0.3053746521472931	-0.5931163430213928	-0.05398550629615784	0.17051449418067932	-0.10402438044548035	1.0	-0.10153141617774963	0.3778497874736786	-0.185543030500412	0.11529619991779327	0.21140410006046295	0.28956252336502075	-0.4031607210636139	0.7269808053970337	-0.5251494646072388	0.8030339479446411	-0.5585640668869019	-0.22502945363521576	-0.22421406209468842	-0.22025559842586517	-0.0320073738694191	-0.11405583471059799	-0.14828453958034515	-0.610856294631958	-0.4615684151649475	n/a	-0.11780005693435669	-0.45971357822418213	-0.2756115198135376	0.3881794512271881	-0.0777692198753357	0.7603657841682434	0.35065388679504395	-0.21706180274486542	0.19436389207839966	0.06559105962514877	-0.39210066199302673	0.5707761645317078	-0.6491698622703552	0.5045682191848755	-0.25042086839675903	0.02490091882646084	-0.3009786605834961	-0.1543969213962555	-0.17622007429599762	-0.2606898546218872	0.4116712212562561	-0.15547695755958557	-0.2469683140516281	-0.36341771483421326	0.19697003066539764	-0.14521043002605438	-0.13098162412643433	-0.09851375967264175	-0.11805982887744904	-0.08224613219499588	0.401729941368103	0.3731701076030731	-0.1268714815378189	-0.12844866514205933	-0.009566577151417732	-0.3287275731563568	-0.1738358587026596	-0.1922147572040558	0.2638632655143738	-0.0876365602016449	-0.050841156393289566	0.05280092731118202	-0.43855053186416626	-0.17998439073562622	-0.1441350281238556
DMN_LABEL_16	0.5136491060256958	-0.032668039202690125	0.2593919038772583	-0.6193298101425171	-0.004762270022183657	0.04625854641199112	0.3304719924926758	n/a	0.4044484496116638	-0.3623828887939453	-0.4810672700405121	-0.4063270688056946	-0.5043993592262268	-0.560850977897644	-0.10153141617774963	1.0	-0.0170077383518219	0.8132713437080383	0.25841644406318665	-0.48990270495414734	-0.6293665766716003	-0.25120142102241516	0.19893543422222137	0.10712135583162308	-0.08961917459964752	-0.03491554781794548	0.6325684189796448	0.48507097363471985	-0.07211463898420334	0.2373218983411789	-0.5899884700775146	-0.23331476747989655	0.1218947321176529	0.1403813660144806	n/a	-0.44039207696914673	-0.5537707209587097	-0.3655037581920624	-0.4122157096862793	-0.5451509952545166	0.19169217348098755	-0.31110963225364685	-0.12350069731473923	-0.5220251679420471	-0.43780896067619324	-0.26863524317741394	0.17175889015197754	0.3131057024002075	-6.688489520456642e-05	0.42834004759788513	0.08701057732105255	0.162319615483284	0.21288473904132843	0.047926634550094604	0.5977423191070557	-0.31555676460266113	-0.3600372076034546	-0.04198778420686722	-0.1597810834646225	-0.10431135445833206	-0.061392828822135925	0.2846915125846863	0.1598605066537857	0.25520458817481995	0.1645260900259018	-0.16455385088920593	-0.22750167548656464	-0.08203239738941193	0.36332011222839355	0.08678384125232697	0.33798569440841675	0.1876639425754547	0.16740065813064575	-0.04730887711048126	-0.05679696798324585	-0.06331736594438553	-0.2941954731941223	-0.2213844507932663	0.4203067421913147	0.34945207834243774
CO_LABEL_17	-0.3342101573944092	-0.2945452928543091	-0.2785109579563141	-0.09758986532688141	0.03238662704825401	-0.2157309502363205	-0.7153562903404236	n/a	-0.011507656425237656	0.25727716088294983	-0.3253566026687622	0.29689109325408936	-0.3162025213241577	-0.34366515278816223	0.3778497874736786	-0.0170077383518219	1.0	-0.1881149262189865	0.5994023680686951	0.28271231055259705	0.35579147934913635	-0.4174830913543701	0.37172091007232666	-0.2583332061767578	0.34528064727783203	-0.46229803562164307	0.16050155460834503	-0.5628448724746704	-0.07707866281270981	-0.37244912981987	-0.14461977779865265	-0.16960784792900085	-0.13468967378139496	-0.6889604330062866	n/a	0.22558797895908356	-0.2028304934501648	0.17031961679458618	-0.11871396005153656	-0.2914135456085205	0.49306243658065796	0.7681359648704529	0.40035179257392883	0.09976031631231308	0.35591793060302734	-0.3366844058036804	0.3577193021774292	-0.32939788699150085	0.29711049795150757	-0.23058508336544037	-0.3449424207210541	-0.32428714632987976	-0.29452744126319885	-0.37005266547203064	-0.298876017332077	0.3178434371948242	0.003130296478047967	-0.11418117582798004	-0.010640189051628113	-0.26089781522750854	-0.01941949687898159	-0.2824356257915497	0.15151718258857727	-0.3753545880317688	-0.0743272677063942	0.07733442634344101	-0.13962388038635254	-0.15589961409568787	-0.11786709725856781	-0.04946531355381012	-0.0926937460899353	-0.2744894325733185	-0.21755900979042053	-0.08717408776283264	-0.4079679548740387	-0.3074699640274048	0.17002059519290924	0.11225875467061996	-0.3093937933444977	0.08904227614402771
DMN_LABEL_18	0.5157086253166199	-0.10282231867313385	0.5256843566894531	-0.7375967502593994	-0.1502276510000229	0.09347694367170334	0.23849114775657654	n/a	0.06786216050386429	-0.3314613401889801	-0.2918471097946167	-0.5371949672698975	-0.45125362277030945	-0.5183432698249817	-0.185543030500412	0.8132713437080383	-0.1881149262189865	1.0	0.25288495421409607	-0.5862233638763428	-0.6694036722183228	-0.047306690365076065	0.2500108778476715	0.1985575556755066	-0.15265704691410065	0.07903903722763062	0.512093186378479	0.6574704647064209	-0.058313485234975815	0.49309292435646057	-0.7096466422080994	-0.3628944456577301	0.2741294503211975	0.08202316612005234	n/a	-0.5068930387496948	-0.45021864771842957	-0.4020330309867859	-0.3284856081008911	-0.550099790096283	0.04007948189973831	-0.45410704612731934	0.030703797936439514	-0.7657912969589233	-0.5672649145126343	-0.20873889327049255	0.21494238078594208	0.4020862281322479	0.015882091596722603	0.5301371216773987	0.08071798831224442	0.11176726967096329	0.39559611678123474	-0.04903831705451012	0.4673382341861725	-0.42951643466949463	-0.4475923180580139	0.1486290693283081	0.03944641724228859	-0.23225829005241394	-0.18493208289146423	0.5191317200660706	0.17463120818138123	0.5530780553817749	0.24455340206623077	-0.12844213843345642	-0.08072206377983093	-0.06381210684776306	0.12643922865390778	-0.04397132992744446	0.48240408301353455	0.41596537828445435	0.21145664155483246	-0.11304640769958496	-0.25075578689575195	-0.16449372470378876	-0.39473456144332886	-0.30531466007232666	0.18209829926490784	0.08785918354988098
VAN_LABEL_19	0.08857826143503189	-0.4482809007167816	-0.02404317632317543	-0.4809283912181854	0.08315227925777435	-0.21887771785259247	-0.5969774723052979	n/a	-0.08782802522182465	-0.12172117829322815	-0.35284924507141113	-0.11645503342151642	-0.4678398072719574	-0.4358856678009033	0.11529619991779327	0.25841644406318665	0.5994023680686951	0.25288495421409607	1.0	-0.15903453528881073	-0.20928657054901123	-0.2248200625181198	0.33972644805908203	-0.08483701944351196	0.04539467766880989	-0.23714081943035126	0.5611351728439331	-0.1361684650182724	-0.12047283351421356	-0.07718541473150253	-0.48423147201538086	-0.3682538866996765	-0.03553769364953041	-0.5655940771102905	n/a	-0.3201828896999359	-0.40098199248313904	-0.12076671421527863	-0.22320984303951263	-0.3746146857738495	0.29840028285980225	0.21534369885921478	0.5193270444869995	-0.3958703577518463	-0.19125553965568542	-0.30914899706840515	0.4362512528896332	-0.06062137335538864	0.3190005421638489	-0.05277823284268379	-0.19207371771335602	-0.25890249013900757	-0.23185868561267853	-0.36798813939094543	-0.09038721770048141	0.01621433161199093	-0.2094263881444931	0.383411705493927	0.25327804684638977	-0.25954410433769226	-0.09278038144111633	0.2635971009731293	0.3679352402687073	0.1483413279056549	0.18256382644176483	-0.2380325198173523	-0.23052525520324707	-0.4091971218585968	0.09020649641752243	-0.03986700624227524	0.45884376764297485	0.09010346233844757	-0.03658309951424599	-0.356310099363327	-0.6453998684883118	-0.5737987756729126	-0.12132676690816879	-0.13930271565914154	-0.25947222113609314	-0.175447016954422
CO_LABEL_20	-0.5497869253158569	-0.3557503819465637	-0.3283337950706482	0.674038290977478	0.18353572487831116	-0.3377939462661743	-0.3189607560634613	n/a	0.1583663374185562	0.18681325018405914	0.21524664759635925	0.22546659409999847	0.46099939942359924	0.5396130084991455	0.21140410006046295	-0.48990270495414734	0.28271231055259705	-0.5862233638763428	-0.15903453528881073	1.0	0.6703447699546814	0.03730439022183418	-0.2633746862411499	-0.4651874005794525	0.0716542899608612	-0.12630373239517212	-0.42577025294303894	-0.5037947297096252	-0.460530161857605	-0.3318384289741516	0.6517729163169861	0.5681365728378296	-0.38380810618400574	-0.17677484452724457	n/a	0.3327459692955017	0.26489701867103577	0.14682453870773315	0.40452560782432556	0.5609299540519714	-0.08870633691549301	0.3992179334163666	0.07130644470453262	0.7392719388008118	0.4156835079193115	0.23153957724571228	-0.3354330062866211	-0.4912518560886383	-0.2485221028327942	-0.15759219229221344	0.0017952920170500875	0.19524219632148743	0.11692523211240768	0.20339630544185638	-0.15928247570991516	0.5307391881942749	0.660370945930481	0.03710826486349106	0.1614534854888916	0.27530646324157715	0.06511322408914566	-0.4113779664039612	-0.05967853590846062	-0.30536949634552	-0.1945989578962326	0.2253367155790329	-0.08437380194664001	0.15816940367221832	-0.0887598991394043	-0.026171131059527397	-0.2885906994342804	-0.08703887462615967	-0.1011868491768837	0.3407839238643646	0.3673768639564514	0.4524683952331543	-0.060474928468465805	0.0712290108203888	-0.4564165771007538	-0.2189790904521942
CO_LABEL_21	-0.6266795992851257	-0.09095655381679535	-0.30117177963256836	0.6143369078636169	-0.1198539137840271	-0.15377359092235565	-0.42827939987182617	n/a	-0.21751269698143005	0.6256440281867981	0.3507611155509949	0.6305839419364929	0.4475648105144501	0.41410309076309204	0.28956252336502075	-0.6293665766716003	0.35579147934913635	-0.6694036722183228	-0.20928657054901123	0.6703447699546814	1.0	0.11935655027627945	-0.13531576097011566	-0.2716408371925354	0.23293274641036987	-0.12145886570215225	-0.5013092160224915	-0.43534916639328003	-0.06231242045760155	-0.47423893213272095	0.6019247770309448	0.1923850029706955	-0.24945996701717377	-0.3880317807197571	n/a	0.6816579103469849	0.4269995391368866	0.5873714089393616	0.22357110679149628	0.4661046266555786	0.009685194119811058	0.6497982144355774	-0.024600908160209656	0.727525532245636	0.8168317675590515	0.19357608258724213	-0.15552474558353424	-0.44429904222488403	0.027844399213790894	-0.4238640069961548	-0.35029542446136475	-0.11876966804265976	-0.18455664813518524	-0.22029994428157806	-0.4769083857536316	0.4563053548336029	0.4602338671684265	-0.09529433399438858	-0.08573422580957413	0.0030461293645203114	0.08657341450452805	-0.4345638155937195	-0.23791621625423431	-0.4734334349632263	-0.4420569837093353	0.0898481160402298	0.13741493225097656	0.1669456511735916	-0.3248962461948395	0.044491592794656754	-0.44840267300605774	-0.08301670849323273	-0.1930360645055771	0.17564520239830017	0.06355264782905579	0.21436052024364471	0.18672199547290802	0.24316516518592834	-0.501813530921936	-0.23646126687526703
Sal_LABEL_22	0.3479292690753937	-0.09629857540130615	0.3473080098628998	0.24082396924495697	0.1752672642469406	0.3743641972541809	0.3588694632053375	n/a	-0.28498420119285583	0.237354576587677	0.7489853501319885	0.05617730692028999	0.2982473373413086	0.48355036973953247	-0.4031607210636139	-0.25120142102241516	-0.4174830913543701	-0.047306690365076065	-0.2248200625181198	0.03730439022183418	0.11935655027627945	1.0	-0.4632772207260132	0.5085424780845642	-0.6098634600639343	0.5617127418518066	-0.06866836547851562	0.3201634883880615	-0.1315336972475052	0.21267402172088623	0.29661568999290466	0.15352831780910492	0.2426016628742218	0.16544583439826965	n/a	0.034354016184806824	0.7144883275032043	0.2095136195421219	-0.19953344762325287	0.4832862913608551	-0.708602786064148	-0.1218511313199997	0.12711139023303986	0.12136011570692062	0.08695999532938004	0.8949666619300842	-0.5597493648529053	0.327884703874588	-0.49714216589927673	-0.06645038723945618	0.11875269562005997	-0.13136634230613708	-0.17246726155281067	-0.17036844789981842	-0.14402544498443604	-0.34877291321754456	0.14910419285297394	0.3711718022823334	0.1943691372871399	0.04841089993715286	-0.12198922783136368	0.18756377696990967	-0.17898814380168915	0.2556467354297638	0.2610695958137512	-0.3714149296283722	-0.3706323206424713	0.2904965877532959	0.17035889625549316	0.057721398770809174	0.00780877098441124	0.3120443820953369	0.09454848617315292	-0.07165774703025818	0.2842024564743042	0.2484092265367508	-0.2818126380443573	0.0521891713142395	-0.40766456723213196	-0.46084514260292053
DAN_LABEL_23	-0.24732406437397003	-0.07994219660758972	0.16816198825836182	-0.5814687609672546	-0.26772549748420715	-0.23346829414367676	-0.4082125723361969	n/a	-0.12000014632940292	-0.3045157492160797	-0.6559453010559082	-0.21568134427070618	-0.25322359800338745	-0.5422037243843079	0.7269808053970337	0.19893543422222137	0.37172091007232666	0.2500108778476715	0.33972644805908203	-0.2633746862411499	-0.13531576097011566	-0.4632772207260132	1.0	-0.1864967942237854	0.7002580761909485	-0.5895527601242065	0.07683117687702179	-0.07768949121236801	0.06672113388776779	0.15955066680908203	-0.6346214413642883	-0.4511646032333374	-0.23208095133304596	-0.4092288911342621	n/a	-0.219853937625885	-0.5755429863929749	-0.2992960810661316	0.08939579874277115	-0.5842280983924866	0.8175016641616821	0.20656804740428925	0.01062709093093872	-0.3942771553993225	-0.18490181863307953	-0.6019484996795654	0.8547136187553406	-0.203330859541893	0.6134589314460754	0.016874760389328003	-0.047250840812921524	-0.3957366943359375	-0.058408305048942566	-0.35342711210250854	-0.19178424775600433	0.04959002137184143	-0.5289992690086365	-0.2965681850910187	-0.3580709397792816	0.014616891741752625	-0.07670146226882935	-0.0014103447319939733	-0.06466104835271835	0.04471942409873009	-0.00492553086951375	0.4360286295413971	0.37889721989631653	-0.13500307500362396	-0.228169247508049	-0.00444219121709466	-0.13846048712730408	-0.15295767784118652	-0.01831120252609253	0.17045749723911285	-0.37385767698287964	-0.32674187421798706	0.015787357464432716	-0.3699434995651245	0.008795824833214283	0.09078192710876465
PMN_LABEL_24	0.6958743929862976	0.2877409756183624	0.32470953464508057	-0.15208643674850464	0.29811960458755493	0.9200895428657532	0.4146859645843506	n/a	-0.3744859993457794	0.36667540669441223	0.45515453815460205	0.07440333068370819	-0.12069989740848541	-0.22251997888088226	-0.5251494646072388	0.10712135583162308	-0.2583332061767578	0.1985575556755066	-0.08483701944351196	-0.4651874005794525	-0.2716408371925354	0.5085424780845642	-0.1864967942237854	1.0	-0.5892785787582397	0.17207857966423035	0.005403911229223013	0.2196943759918213	0.29093509912490845	0.32228145003318787	-0.140434131026268	-0.06049758940935135	0.8059276938438416	0.2221234291791916	n/a	0.23157097399234772	0.3880224823951721	0.29849860072135925	-0.4268700182437897	-0.26147934794425964	-0.5152262449264526	-0.09956827759742737	0.379507452249527	-0.25735875964164734	0.0073874760419130325	0.3721500337123871	-0.3138960599899292	0.849555492401123	-0.4179806113243103	-0.04625379666686058	-0.0242704339325428	-0.41637876629829407	-0.22622458636760712	-0.36611777544021606	-0.16625924408435822	-0.6262902021408081	-0.34211400151252747	-0.06541968882083893	-0.23239724338054657	-0.1607504040002823	-0.1273951232433319	0.015986932441592216	-0.29539352655410767	0.06728100776672363	0.1333075761795044	-0.32897090911865234	-0.3892507255077362	0.30444782972335815	-0.1353088617324829	0.21451357007026672	-0.14893727004528046	-0.08250202983617783	0.23577144742012024	-0.13774257898330688	0.09704627841711044	0.15134437382221222	-0.0025358654092997313	0.024686366319656372	0.020300639793276787	0.03953995555639267
DAN_LABEL_25	-0.6089781522750854	-0.0026167533360421658	-0.22776180505752563	-0.11085277795791626	-0.37878477573394775	-0.5065302848815918	-0.39212796092033386	n/a	0.11017504334449768	-0.23190049827098846	-0.5755492448806763	0.08392458409070969	0.0316484235227108	-0.21645332872867584	0.8030339479446411	-0.08961917459964752	0.34528064727783203	-0.15265704691410065	0.04539467766880989	0.0716542899608612	0.23293274641036987	-0.6098634600639343	0.7002580761909485	-0.5892785787582397	1.0	-0.42469534277915955	-0.07105804234743118	-0.3266272246837616	0.0499754399061203	-0.22219567000865936	-0.16386958956718445	-0.2482539713382721	-0.5138211846351624	-0.29926544427871704	n/a	-0.008082534186542034	-0.4322841465473175	-0.1582658886909485	0.34246039390563965	-0.18211981654167175	0.8284973502159119	0.2931644320487976	-0.3304165005683899	0.10628995299339294	0.15301330387592316	-0.5813674926757812	0.7157371044158936	-0.5808493494987488	0.7963076829910278	-0.11579375714063644	-0.21480914950370789	-0.1323545277118683	0.00017354304145555943	-0.08938241750001907	-0.14320367574691772	0.4872318506240845	-0.2106243222951889	-0.3854043483734131	-0.3405148386955261	-0.035321298986673355	0.09153947979211807	-0.1318514198064804	0.025487078353762627	-0.15612055361270905	-0.3159326910972595	0.4971311092376709	0.5470221638679504	-0.2099420726299286	-0.27983349561691284	-0.1272677183151245	-0.270982950925827	-0.31038355827331543	-0.21139104664325714	0.16204088926315308	-0.20633965730667114	-0.17696380615234375	0.27092117071151733	-0.1352822631597519	0.020249614492058754	0.03374657779932022
