Node	HIP-head-m-rh	HIP-head-l-rh	HIP-body-rh	HIP-tail-rh	THA-VPm-rh	THA-VPl-rh	THA-VAi-rh	THA-VAs-rh	THA-DAm-rh	THA-DAl-rh	PUT-VA-rh	PUT-DA-rh	PUT-VP-rh	PUT-DP-rh	CAU-VA-rh	CAU-DA-rh	CAU-body-rh	CAU-tail-rh	lAMY-rh	mAMY-rh	THA-DP-rh	NAc-shell-rh	NAc-core-rh	pGP-rh	aGP-rh	HIP-head-m-lh	HIP-head-l-l	HIP-body-l	HIP-tail-lh	THA-VPm-lh	THA-VPl-lh	THA-VAi-lh	THA-VAs-lh	THA-DAm-lh	THA-DAl-lh	PUT-VA-lh	PUT-DA-l	PUT-VP-lh	PUT-DP-lh	CAU-VA-lh	CAU-DA-lh	CAU-body-lh	CAU-tail-lh	lAMY-lh	mAMY-lh	THA-DP-lh	NAc-shell-lh	NAc-core-lh	pGP-lh	aGP-lh
HIP-head-m-rh	1.0	0.6008475422859192	0.3789606988430023	0.437481164932251	-0.18999089300632477	-0.12206799536943436	-0.5836136937141418	-0.5866146683692932	-0.4212852418422699	-0.39105018973350525	-0.3704943060874939	-0.1823493391275406	0.06708025932312012	-0.2429538369178772	-0.3235529661178589	-0.16254691779613495	-0.4924062192440033	-0.4393537640571594	0.29025283455848694	0.22553274035453796	-0.20731666684150696	-0.28736844658851624	-0.3605690598487854	-0.35387805104255676	-0.22296907007694244	0.8075551390647888	0.45391032099723816	0.5880511999130249	0.2978133261203766	-0.3395880162715912	0.16940371692180634	-0.6321055889129639	-0.5516912341117859	-0.47704169154167175	-0.42278850078582764	-0.24204199016094208	-0.2111807018518448	0.14787201583385468	-0.20312029123306274	-0.4131043255329132	-0.23315484821796417	-0.30830466747283936	-0.4159530699253082	-0.10442032665014267	0.40966445207595825	0.013220644555985928	-0.31358712911605835	-0.21996474266052246	0.017901403829455376	-0.32764217257499695
HIP-head-l-rh	0.6008475422859192	1.0	0.5513907670974731	0.41713404655456543	-0.19964952766895294	0.2778726816177368	-0.36354345083236694	-0.17064984142780304	-0.0962349995970726	0.06671657413244247	-0.3337881565093994	-0.13592657446861267	0.00911592599004507	-0.24604403972625732	-0.12403714656829834	-0.04039259999990463	-0.3345218002796173	-0.3883456885814667	0.5162842869758606	-0.0846494734287262	0.008232077583670616	-0.0811660885810852	0.009311357513070107	-0.11032123118638992	-0.1540108472108841	0.6334108710289001	0.2658538222312927	0.4247208535671234	0.5080280900001526	-0.053972601890563965	0.10493365675210953	-0.5882136225700378	-0.4387838542461395	-0.4806876480579376	-0.5315976738929749	-0.31456154584884644	-0.398254930973053	-0.18469077348709106	-0.26584815979003906	-0.3610646724700928	-0.24953770637512207	-0.41961848735809326	-0.523537814617157	0.10292021185159683	0.28144627809524536	-0.07937004417181015	-0.03893046826124191	-0.157073974609375	-0.19139721989631653	-0.2652915120124817
HIP-body-rh	0.3789606988430023	0.5513907670974731	1.0	0.5121709704399109	-0.012868781574070454	0.10722415894269943	-0.13482606410980225	-0.04941961541771889	0.02075239084661007	-0.024808760732412338	-0.2250966727733612	-0.17074358463287354	-0.2417391836643219	-0.33920976519584656	0.06747182458639145	-0.16218450665473938	-0.26971474289894104	-0.3092832863330841	0.28491148352622986	-0.20969295501708984	0.2729029655456543	0.13563594222068787	0.062128834426403046	-0.31385791301727295	-0.11723032593727112	0.48076748847961426	0.512545645236969	0.5836473703384399	0.6101828217506409	0.14123108983039856	-0.017989711835980415	-0.21425539255142212	-0.2158593088388443	-0.27774226665496826	-0.4315837323665619	-0.11887852102518082	-0.3680753707885742	-0.2942584455013275	-0.3259742259979248	-0.0800250768661499	-0.07731341570615768	-0.23753178119659424	-0.4010932147502899	0.0844104066491127	-0.05420837551355362	0.08138952404260635	0.22583018243312836	0.058871764689683914	-0.10961750894784927	-0.039118580520153046
HIP-tail-rh	0.437481164932251	0.41713404655456543	0.5121709704399109	1.0	-0.05848251283168793	-0.13830137252807617	-0.3904150128364563	-0.2292981743812561	-0.09842967242002487	-0.34367698431015015	-0.15221403539180756	-0.300113707780838	-0.11598418653011322	-0.13210980594158173	-0.08648756891489029	-0.11906637996435165	-0.4802335798740387	-0.3201513886451721	0.16109248995780945	0.2371906340122223	-0.05592804774641991	0.08376005291938782	0.08384693413972855	-0.23048508167266846	-0.07105270028114319	0.35357794165611267	0.3370882570743561	0.3628081977367401	0.44213712215423584	0.038874320685863495	0.021181417629122734	-0.2501920461654663	-0.41067686676979065	-0.14343030750751495	-0.13814447820186615	-0.06900689750909805	-0.18243414163589478	-0.04166702553629875	-0.1386406421661377	-0.2989513874053955	-0.1500978171825409	-0.2751423120498657	-0.15092144906520844	0.10226577520370483	0.08837917447090149	0.07856937497854233	0.1416524350643158	0.1415773183107376	-0.02362428605556488	-0.016265813261270523
THA-VPm-rh	-0.18999089300632477	-0.19964952766895294	-0.012868781574070454	-0.05848251283168793	1.0	0.24656996130943298	0.4156508445739746	0.26010802388191223	0.3889997899532318	0.19737151265144348	0.01148622389882803	-0.0810013860464096	-0.07729247957468033	0.05972956493496895	0.10615822672843933	0.03999884054064751	0.21785958111286163	0.1945706009864807	-0.20999589562416077	0.10576659440994263	0.29889750480651855	-0.049131859093904495	0.14833097159862518	0.22795741260051727	0.05743557959794998	-0.1806672364473343	0.03580004721879959	-0.16673177480697632	-0.008838365785777569	0.4338991343975067	-0.05150768905878067	0.3090640604496002	0.31394630670547485	0.28939127922058105	0.26174095273017883	-0.06756090372800827	0.013746188953518867	-0.020306535065174103	0.020842736586928368	0.061410319060087204	0.09446738660335541	0.25485220551490784	0.21212530136108398	0.013444716110825539	-0.2503562271595001	0.2751278579235077	-0.024264654144644737	0.09752658754587173	-0.01497877947986126	0.20752717554569244
THA-VPl-rh	-0.12206799536943436	0.2778726816177368	0.10722415894269943	-0.13830137252807617	0.24656996130943298	1.0	0.27455049753189087	0.21274001896381378	0.3180393874645233	0.3976939022541046	0.1406240314245224	0.3232347369194031	0.1526019275188446	0.2719646096229553	-0.02639348991215229	0.026482878252863884	0.2517351806163788	0.08952973783016205	0.10024478286504745	-0.08113057166337967	0.35981082916259766	0.08175856620073318	0.21967902779579163	0.5111767053604126	0.09921268373727798	-0.008718598634004593	0.208078995347023	0.04900915548205376	0.27834993600845337	0.3488921523094177	0.09603654593229294	0.1760958433151245	0.14832988381385803	0.09217224270105362	-0.18857035040855408	0.12084612250328064	0.18654246628284454	0.1767691969871521	0.26941734552383423	-0.050441447645425797	0.11532194167375565	-0.020337294787168503	0.001937694731168449	0.09318279474973679	0.12874460220336914	0.17808017134666443	0.03132780268788338	-0.011813688091933727	-0.10732896625995636	0.06052466854453087
THA-VAi-rh	-0.5836136937141418	-0.36354345083236694	-0.13482606410980225	-0.3904150128364563	0.4156508445739746	0.27455049753189087	1.0	0.6364535093307495	0.6203241944313049	0.4490422010421753	0.2787642776966095	0.2015615850687027	-0.08163634687662125	0.071373350918293	0.39845773577690125	0.1567627489566803	0.5851206183433533	0.41304999589920044	-0.31341370940208435	-0.16551516950130463	0.43503260612487793	0.28611889481544495	0.2898915112018585	0.37555989623069763	0.45462673902511597	-0.3586888015270233	-0.1369534432888031	-0.2745952606201172	-0.26892566680908203	0.48395323753356934	0.09197108447551727	0.5807979106903076	0.6052931547164917	0.5730944275856018	0.4321916699409485	0.12170691043138504	0.19280356168746948	0.03279292583465576	0.15005500614643097	0.47697898745536804	0.31478580832481384	0.4456940293312073	0.4726181924343109	0.063665471971035	-0.2505965530872345	0.25435447692871094	0.31924036145210266	0.18079069256782532	0.14371240139007568	0.5494496822357178
THA-VAs-rh	-0.5866146683692932	-0.17064984142780304	-0.04941961541771889	-0.2292981743812561	0.26010802388191223	0.21274001896381378	0.6364535093307495	1.0	0.4916195869445801	0.37593549489974976	0.19528914988040924	0.1666177660226822	-0.2422066330909729	0.019195126369595528	0.3089224100112915	0.22147797048091888	0.47351667284965515	0.2950243353843689	-0.04759363830089569	-0.31260785460472107	0.28470125794410706	0.24477609992027283	0.4252299964427948	0.28600358963012695	0.27502840757369995	-0.3834247589111328	-0.4639190435409546	-0.3615308701992035	-0.1891012340784073	0.2896503508090973	-0.08734076470136642	0.4467504322528839	0.7017359137535095	0.2865850031375885	0.4271955192089081	0.0875343456864357	0.020095279440283775	-0.1859169453382492	0.1128876805305481	0.3318284749984741	0.3289928436279297	0.23239867389202118	0.25405699014663696	0.013751350343227386	-0.3173705041408539	0.10867372155189514	0.44337254762649536	0.29518190026283264	-0.10748563706874847	0.45707976818084717
THA-DAm-rh	-0.4212852418422699	-0.0962349995970726	0.02075239084661007	-0.09842967242002487	0.3889997899532318	0.3180393874645233	0.6203241944313049	0.4916195869445801	1.0	0.4597814977169037	0.09603627026081085	-0.09491395950317383	-0.08393999934196472	-0.03917191922664642	0.27925989031791687	-0.23479002714157104	0.12319029867649078	0.11292990297079086	-0.028885971754789352	0.13193772733211517	0.4152717888355255	0.24746249616146088	0.27674177289009094	0.2947276532649994	0.2034415304660797	-0.20683646202087402	0.06478149443864822	-0.1321767121553421	-0.06989400833845139	0.3637789785861969	0.22590871155261993	0.5028547048568726	0.3285820186138153	0.5438849925994873	0.30508437752723694	-0.05334632471203804	-0.05785612389445305	-0.04924982413649559	0.09304679185152054	0.09112779051065445	-0.07239202409982681	-0.014688859693706036	0.08074628561735153	0.3096749782562256	-0.17543475329875946	0.12143798172473907	0.1768122762441635	0.09899935126304626	0.1876196265220642	0.36341536045074463
THA-DAl-rh	-0.39105018973350525	0.06671657413244247	-0.024808760732412338	-0.34367698431015015	0.19737151265144348	0.3976939022541046	0.4490422010421753	0.37593549489974976	0.4597814977169037	1.0	0.2825445830821991	0.2558180093765259	0.23088091611862183	0.15695473551750183	0.29096320271492004	0.08199586719274521	0.42720821499824524	0.1748117357492447	0.07990151643753052	0.013828545808792114	0.31451454758644104	0.261590838432312	0.41374099254608154	0.32975468039512634	0.2177005261182785	-0.1105637326836586	-0.1845548003911972	-0.22647643089294434	0.00602197227999568	0.35850271582603455	0.20675891637802124	0.2920886278152466	0.23260167241096497	0.06731031090021133	0.08420489728450775	0.20310194790363312	0.11388950049877167	0.0783998966217041	0.22678670287132263	0.18702957034111023	0.21277448534965515	0.037702180445194244	0.07730109244585037	0.3301011919975281	0.0058128563687205315	-0.0285743847489357	0.2002178430557251	0.1207151710987091	0.15033984184265137	0.08969420194625854
PUT-VA-rh	-0.3704943060874939	-0.3337881565093994	-0.2250966727733612	-0.15221403539180756	0.01148622389882803	0.1406240314245224	0.2787642776966095	0.19528914988040924	0.09603627026081085	0.2825445830821991	1.0	0.5821504592895508	0.36462801694869995	0.4205158054828644	0.3279748857021332	0.28416287899017334	0.5634748339653015	0.6792876720428467	-0.3204379677772522	0.24648375809192657	0.14920476078987122	0.16768451035022736	0.4315050542354584	0.16428843140602112	0.16194498538970947	-0.29437318444252014	-0.03527224808931351	-0.2493913173675537	-0.3860437273979187	0.2653059661388397	0.08101984113454819	0.3041927218437195	0.14548557996749878	0.1574532389640808	0.12751688063144684	0.7579454779624939	0.6534351110458374	0.4039229452610016	0.5499106049537659	0.5431607961654663	0.35829511284828186	0.44981566071510315	0.5359020233154297	-0.015185635536909103	0.2678872048854828	-0.03428807854652405	0.2157813012599945	0.3802199959754944	0.06516147404909134	0.2826918363571167
PUT-DA-rh	-0.1823493391275406	-0.13592657446861267	-0.17074358463287354	-0.300113707780838	-0.0810013860464096	0.3232347369194031	0.2015615850687027	0.1666177660226822	-0.09491395950317383	0.2558180093765259	0.5821504592895508	1.0	0.3650953471660614	0.629209041595459	0.019292647019028664	0.2755165100097656	0.4353649914264679	0.4944630563259125	-0.0925569161772728	0.002160739153623581	0.0862126350402832	-0.20915882289409637	0.1211753785610199	0.3179796636104584	0.4636531472206116	-0.11502933502197266	-0.09438684582710266	-0.1641538292169571	-0.21719342470169067	0.03317560255527496	0.16331039369106293	0.15248146653175354	0.1096791997551918	0.1216607466340065	0.011672207154333591	0.4973096549510956	0.7353350520133972	0.5161048173904419	0.7582499384880066	0.322232186794281	0.3592294454574585	0.28058767318725586	0.29828810691833496	0.05382495000958443	0.3005730211734772	-0.10480169951915741	-0.08948946744203568	-0.016562309116125107	0.1177266538143158	0.21227487921714783
PUT-VP-rh	0.06708025932312012	0.00911592599004507	-0.2417391836643219	-0.11598418653011322	-0.07729247957468033	0.1526019275188446	-0.08163634687662125	-0.2422066330909729	-0.08393999934196472	0.23088091611862183	0.36462801694869995	0.3650953471660614	1.0	0.5720368027687073	0.10437260568141937	-0.18661993741989136	0.27076464891433716	0.2612174153327942	-0.23104476928710938	0.3908440172672272	-0.10637558251619339	0.1422273814678192	0.004678848199546337	0.168280228972435	-0.08368990570306778	0.1076759621500969	0.1954079270362854	-0.05796102061867714	-0.1701679527759552	0.09380392730236053	0.3098256587982178	0.14025071263313293	-0.30316296219825745	0.0357113815844059	-0.1322786659002304	0.2891971170902252	0.46659770607948303	0.6114932298660278	0.4631028175354004	0.13517175614833832	-0.06168795004487038	0.08108200877904892	0.1679985076189041	0.06980156898498535	0.4253781735897064	-0.1917748749256134	-0.061900459229946136	0.07256479561328888	0.2453741729259491	-0.21185515820980072
PUT-DP-rh	-0.2429538369178772	-0.24604403972625732	-0.33920976519584656	-0.13210980594158173	0.05972956493496895	0.2719646096229553	0.071373350918293	0.019195126369595528	-0.03917191922664642	0.15695473551750183	0.4205158054828644	0.629209041595459	0.5720368027687073	1.0	-0.1634402871131897	0.024034934118390083	0.27029693126678467	0.24396273493766785	-0.3322637379169464	0.30721166729927063	0.09397844225168228	-0.18000875413417816	-0.015991779044270515	0.48272642493247986	0.23838771879673004	-0.19572027027606964	-0.08935517072677612	-0.15822388231754303	-0.12269885092973709	0.10266836732625961	0.08139481395483017	0.266793429851532	-0.024692434817552567	0.32176390290260315	0.22136197984218597	0.2834559679031372	0.7490482926368713	0.5164857506752014	0.8310014009475708	-0.00152621790766716	0.06384177505970001	0.09938344359397888	0.3517857789993286	0.0413324311375618	0.1715896874666214	-0.16629065573215485	-0.26062607765197754	-0.06242857873439789	0.08042120933532715	0.03783337026834488
CAU-VA-rh	-0.3235529661178589	-0.12403714656829834	0.06747182458639145	-0.08648756891489029	0.10615822672843933	-0.02639348991215229	0.39845773577690125	0.3089224100112915	0.27925989031791687	0.29096320271492004	0.3279748857021332	0.019292647019028664	0.10437260568141937	-0.1634402871131897	1.0	0.2664501368999481	0.4607919752597809	0.39536479115486145	-0.09215652197599411	0.02509782835841179	0.3206968605518341	0.5986707806587219	0.49540942907333374	-0.1771295666694641	-0.08448569476604462	-0.17320816218852997	0.06696829199790955	-0.2005431056022644	-0.06848916411399841	0.26525843143463135	0.06396515667438507	0.16853345930576324	0.09866438060998917	0.038444653153419495	-0.057281244546175	0.24728432297706604	-0.011830687522888184	-0.134868785738945	-0.16159017384052277	0.7066537737846375	0.2871630787849426	0.41691017150878906	0.38527989387512207	-0.02897331677377224	-0.06309844553470612	0.12430519610643387	0.5358002185821533	0.37195056676864624	0.12354004383087158	0.10034282505512238
CAU-DA-rh	-0.16254691779613495	-0.04039259999990463	-0.16218450665473938	-0.11906637996435165	0.03999884054064751	0.026482878252863884	0.1567627489566803	0.22147797048091888	-0.23479002714157104	0.08199586719274521	0.28416287899017334	0.2755165100097656	-0.18661993741989136	0.024034934118390083	0.2664501368999481	1.0	0.4879736602306366	0.2831580638885498	0.09535791724920273	-0.21423275768756866	0.07912079244852066	0.06568003445863724	0.40319520235061646	-0.06759026646614075	0.13037404417991638	-0.2098635882139206	-0.3469886779785156	-0.2523799240589142	-0.06616176664829254	0.07497165352106094	0.04321201518177986	-0.1853555589914322	0.2477775663137436	-0.10905791074037552	0.09574120491743088	0.2852362394332886	0.14997796714305878	-0.18150468170642853	0.010874221101403236	0.24728842079639435	0.5383122563362122	0.22251440584659576	0.2701893150806427	-0.2736142873764038	-0.10293847322463989	0.06746632605791092	0.17977707087993622	0.39451485872268677	-0.19626301527023315	0.15493671596050262
CAU-body-rh	-0.4924062192440033	-0.3345218002796173	-0.26971474289894104	-0.4802335798740387	0.21785958111286163	0.2517351806163788	0.5851206183433533	0.47351667284965515	0.12319029867649078	0.42720821499824524	0.5634748339653015	0.4353649914264679	0.27076464891433716	0.27029693126678467	0.4607919752597809	0.4879736602306366	1.0	0.6532244682312012	-0.27216947078704834	-0.131697878241539	0.3270258903503418	0.2768065631389618	0.3391984701156616	0.22143372893333435	0.1217968687415123	-0.38260263204574585	-0.19594086706638336	-0.33123502135276794	-0.30103230476379395	0.3271726965904236	0.013748561032116413	0.33174654841423035	0.39661136269569397	0.17172041535377502	0.1359008103609085	0.44182077050209045	0.34223631024360657	0.08864826709032059	0.25613173842430115	0.6452162861824036	0.5300710797309875	0.5848161578178406	0.5918766856193542	-0.2641409933567047	-0.06930509209632874	0.10356340557336807	0.2812538743019104	0.2757377028465271	-0.022823497653007507	0.27990686893463135
CAU-tail-rh	-0.4393537640571594	-0.3883456885814667	-0.3092832863330841	-0.3201513886451721	0.1945706009864807	0.08952973783016205	0.41304999589920044	0.2950243353843689	0.11292990297079086	0.1748117357492447	0.6792876720428467	0.4944630563259125	0.2612174153327942	0.24396273493766785	0.39536479115486145	0.2831580638885498	0.6532244682312012	1.0	-0.3466716706752777	-0.008488733321428299	0.14854095876216888	0.02786116674542427	0.2533462941646576	0.14356175065040588	0.16070355474948883	-0.4406346380710602	-0.10736679285764694	-0.32839274406433105	-0.4663722813129425	0.20553776621818542	-0.11347232013940811	0.2916034162044525	0.2349482923746109	0.20416946709156036	0.06624480336904526	0.48910507559776306	0.4528571665287018	0.22058682143688202	0.32718536257743835	0.621587872505188	0.3589814603328705	0.6399283409118652	0.5254860520362854	-0.1549946516752243	0.22116917371749878	-0.12984375655651093	0.08187973499298096	0.19973449409008026	-0.09510543942451477	0.22606350481510162
lAMY-rh	0.29025283455848694	0.5162842869758606	0.28491148352622986	0.16109248995780945	-0.20999589562416077	0.10024478286504745	-0.31341370940208435	-0.04759363830089569	-0.028885971754789352	0.07990151643753052	-0.3204379677772522	-0.0925569161772728	-0.23104476928710938	-0.3322637379169464	-0.09215652197599411	0.09535791724920273	-0.27216947078704834	-0.3466716706752777	1.0	-0.021854965016245842	-0.17794375121593475	-0.07713544368743896	-0.035800751298666	-0.11912549287080765	-0.07358182221651077	0.2692622244358063	-0.08773808926343918	0.16885097324848175	0.31754717230796814	-0.2579740881919861	0.06816138327121735	-0.49804583191871643	-0.24353136122226715	-0.5382798314094543	-0.36538586020469666	-0.272556334733963	-0.38777726888656616	-0.27921682596206665	-0.1774926781654358	-0.29802390933036804	-0.06687884777784348	-0.3997011184692383	-0.4531751275062561	0.30664700269699097	0.20058976113796234	-0.008798843249678612	-0.10753504931926727	-0.22723250091075897	-0.19816206395626068	-0.28854212164878845
mAMY-rh	0.22553274035453796	-0.0846494734287262	-0.20969295501708984	0.2371906340122223	0.10576659440994263	-0.08113057166337967	-0.16551516950130463	-0.31260785460472107	0.13193772733211517	0.013828545808792114	0.24648375809192657	0.002160739153623581	0.3908440172672272	0.30721166729927063	0.02509782835841179	-0.21423275768756866	-0.131697878241539	-0.008488733321428299	-0.021854965016245842	1.0	-0.11044897884130478	-0.0067779021337628365	0.09305670112371445	0.05265684053301811	0.035046402364969254	0.19644562900066376	0.18903355300426483	0.014961686916649342	-0.02213558740913868	0.045590270310640335	0.09382487833499908	0.07288246601819992	-0.4501931071281433	0.016178816556930542	0.05614113435149193	0.2779649794101715	0.3851589262485504	0.5237371921539307	0.384159654378891	-0.14518645405769348	-0.08661886304616928	-0.05386795848608017	0.11290052533149719	0.27633294463157654	0.4592479467391968	0.05324247106909752	-0.22888003289699554	0.021399741992354393	0.2769596576690674	-0.022831490263342857
THA-DP-rh	-0.20731666684150696	0.008232077583670616	0.2729029655456543	-0.05592804774641991	0.29889750480651855	0.35981082916259766	0.43503260612487793	0.28470125794410706	0.4152717888355255	0.31451454758644104	0.14920476078987122	0.0862126350402832	-0.10637558251619339	0.09397844225168228	0.3206968605518341	0.07912079244852066	0.3270258903503418	0.14854095876216888	-0.17794375121593475	-0.11044897884130478	1.0	0.238985076546669	0.2356785535812378	0.19848480820655823	0.03648299351334572	-0.06956026703119278	0.23238036036491394	0.12758168578147888	0.2342340052127838	0.46352365612983704	0.14113640785217285	0.14375638961791992	0.21309828758239746	0.2033046931028366	-0.09227059036493301	0.04180978611111641	-0.08033900707960129	-0.19710129499435425	-0.021078145131468773	0.15368913114070892	0.08782391250133514	0.0746285542845726	0.1177559420466423	0.12001366168260574	-0.16510146856307983	0.31752845644950867	0.2152795046567917	0.16523315012454987	-0.022454872727394104	0.28725823760032654
NAc-shell-rh	-0.28736844658851624	-0.0811660885810852	0.13563594222068787	0.08376005291938782	-0.049131859093904495	0.08175856620073318	0.28611889481544495	0.24477609992027283	0.24746249616146088	0.261590838432312	0.16768451035022736	-0.20915882289409637	0.1422273814678192	-0.18000875413417816	0.5986707806587219	0.06568003445863724	0.2768065631389618	0.02786116674542427	-0.07713544368743896	-0.0067779021337628365	0.238985076546669	1.0	0.5300343036651611	-0.06160229071974754	-0.11576740443706512	-0.15650597214698792	0.15812553465366364	0.03944918140769005	0.1814126968383789	0.3855784237384796	0.08181537687778473	0.32832071185112	0.22645586729049683	0.14984257519245148	0.01648522913455963	0.2927658259868622	-0.12255922704935074	-0.1051119714975357	-0.240096777677536	0.3081417977809906	0.28021717071533203	0.17323368787765503	0.23377372324466705	0.13822387158870697	-0.12116117775440216	0.1859981119632721	0.7932160496711731	0.5679926872253418	0.09817209094762802	0.09658653289079666
NAc-core-rh	-0.3605690598487854	0.009311357513070107	0.062128834426403046	0.08384693413972855	0.14833097159862518	0.21967902779579163	0.2898915112018585	0.4252299964427948	0.27674177289009094	0.41374099254608154	0.4315050542354584	0.1211753785610199	0.004678848199546337	-0.015991779044270515	0.49540942907333374	0.40319520235061646	0.3391984701156616	0.2533462941646576	-0.035800751298666	0.09305670112371445	0.2356785535812378	0.5300343036651611	1.0	-0.001743391272611916	0.14935649931430817	-0.2509639859199524	-0.09160119295120239	-0.394567608833313	0.016243254765868187	0.5320802330970764	0.07612308114767075	0.20776456594467163	0.2203821986913681	0.0979081466794014	0.11913873255252838	0.3918054699897766	0.12632913887500763	-0.050829965621232986	0.06236860156059265	0.17835670709609985	0.19325652718544006	0.038581859320402145	0.14619605243206024	0.14696933329105377	-0.12174598127603531	0.2583213150501251	0.5270801186561584	0.6004648804664612	-0.003591045970097184	0.33320122957229614
pGP-rh	-0.35387805104255676	-0.11032123118638992	-0.31385791301727295	-0.23048508167266846	0.22795741260051727	0.5111767053604126	0.37555989623069763	0.28600358963012695	0.2947276532649994	0.32975468039512634	0.16428843140602112	0.3179796636104584	0.168280228972435	0.48272642493247986	-0.1771295666694641	-0.06759026646614075	0.22143372893333435	0.14356175065040588	-0.11912549287080765	0.05265684053301811	0.19848480820655823	-0.06160229071974754	-0.001743391272611916	1.0	0.4108522832393646	-0.3292873501777649	-0.22256538271903992	-0.16259925067424774	-0.061994519084692	0.08621154725551605	-0.03442509472370148	0.291307657957077	0.19942115247249603	0.31002867221832275	0.24080535769462585	0.0009515697602182627	0.3047689199447632	0.2318638563156128	0.5040603280067444	-0.043795160949230194	-0.04936430603265762	0.003736988641321659	0.2575374245643616	0.1062411516904831	0.037146542221307755	-0.07420065999031067	-0.08100716024637222	-0.16478264331817627	0.008782031945884228	0.13356587290763855
aGP-rh	-0.22296907007694244	-0.1540108472108841	-0.11723032593727112	-0.07105270028114319	0.05743557959794998	0.09921268373727798	0.45462673902511597	0.27502840757369995	0.2034415304660797	0.2177005261182785	0.16194498538970947	0.4636531472206116	-0.08368990570306778	0.23838771879673004	-0.08448569476604462	0.13037404417991638	0.1217968687415123	0.16070355474948883	-0.07358182221651077	0.035046402364969254	0.03648299351334572	-0.11576740443706512	0.14935649931430817	0.4108522832393646	1.0	-0.16220706701278687	-0.2145916372537613	-0.15133258700370789	-0.18827727437019348	0.2221578061580658	0.13292379677295685	0.2977953553199768	0.2156030833721161	0.42171233892440796	0.3569680154323578	0.24778573215007782	0.43630513548851013	0.38111045956611633	0.48020845651626587	-0.012241493910551071	0.22044415771961212	0.04171713814139366	0.24973459541797638	0.24766458570957184	-0.027902089059352875	0.21515898406505585	-0.012875096872448921	-0.08705661445856094	0.25490209460258484	0.47507622838020325
HIP-head-m-lh	0.8075551390647888	0.6334108710289001	0.48076748847961426	0.35357794165611267	-0.1806672364473343	-0.008718598634004593	-0.3586888015270233	-0.3834247589111328	-0.20683646202087402	-0.1105637326836586	-0.29437318444252014	-0.11502933502197266	0.1076759621500969	-0.19572027027606964	-0.17320816218852997	-0.2098635882139206	-0.38260263204574585	-0.4406346380710602	0.2692622244358063	0.19644562900066376	-0.06956026703119278	-0.15650597214698792	-0.2509639859199524	-0.3292873501777649	-0.16220706701278687	1.0	0.4140992760658264	0.5661028623580933	0.3086787760257721	-0.21142269670963287	0.21574880182743073	-0.4632353186607361	-0.4875538647174835	-0.38861986994743347	-0.4548190236091614	-0.0919635072350502	-0.19405192136764526	0.15673620998859406	-0.16452090442180634	-0.23935779929161072	-0.18821440637111664	-0.29440805315971375	-0.4482293426990509	0.04064122587442398	0.37734127044677734	0.023324571549892426	-0.17858856916427612	-0.1627691388130188	0.12290343642234802	-0.20917768776416779
HIP-head-l-l	0.45391032099723816	0.2658538222312927	0.512545645236969	0.3370882570743561	0.03580004721879959	0.208078995347023	-0.1369534432888031	-0.4639190435409546	0.06478149443864822	-0.1845548003911972	-0.03527224808931351	-0.09438684582710266	0.1954079270362854	-0.08935517072677612	0.06696829199790955	-0.3469886779785156	-0.19594086706638336	-0.10736679285764694	-0.08773808926343918	0.18903355300426483	0.23238036036491394	0.15812553465366364	-0.09160119295120239	-0.22256538271903992	-0.2145916372537613	0.4140992760658264	1.0	0.6298575401306152	0.367536336183548	0.18420639634132385	0.16849839687347412	-0.03342124819755554	-0.3916321396827698	0.0029912113677710295	-0.43530547618865967	0.08041083812713623	-0.004769272170960903	0.19267407059669495	-0.12388887256383896	-0.04941229522228241	-0.12137182056903839	-0.001565119600854814	-0.12457244843244553	0.048349034041166306	0.23343801498413086	0.06368137896060944	0.04533768445253372	0.03669694438576698	0.18309718370437622	-0.0857221931219101
HIP-body-l	0.5880511999130249	0.4247208535671234	0.5836473703384399	0.3628081977367401	-0.16673177480697632	0.04900915548205376	-0.2745952606201172	-0.3615308701992035	-0.1321767121553421	-0.22647643089294434	-0.2493913173675537	-0.1641538292169571	-0.05796102061867714	-0.15822388231754303	-0.2005431056022644	-0.2523799240589142	-0.33123502135276794	-0.32839274406433105	0.16885097324848175	0.014961686916649342	0.12758168578147888	0.03944918140769005	-0.394567608833313	-0.16259925067424774	-0.15133258700370789	0.5661028623580933	0.6298575401306152	1.0	0.534473717212677	-0.12118645757436752	0.0028145466931164265	-0.22645366191864014	-0.3369612693786621	-0.192729189991951	-0.3914300799369812	-0.0658353865146637	-0.14664225280284882	-0.010371748358011246	-0.18291355669498444	-0.18564638495445251	0.000436904258094728	-0.09765136986970901	-0.23168563842773438	0.05594220757484436	0.2824121415615082	-0.2270495593547821	-0.005532920826226473	-0.07257057726383209	-0.01168026402592659	-0.1833951622247696
HIP-tail-lh	0.2978133261203766	0.5080280900001526	0.6101828217506409	0.44213712215423584	-0.008838365785777569	0.27834993600845337	-0.26892566680908203	-0.1891012340784073	-0.06989400833845139	0.00602197227999568	-0.3860437273979187	-0.21719342470169067	-0.1701679527759552	-0.12269885092973709	-0.06848916411399841	-0.06616176664829254	-0.30103230476379395	-0.4663722813129425	0.31754717230796814	-0.02213558740913868	0.2342340052127838	0.1814126968383789	0.016243254765868187	-0.061994519084692	-0.18827727437019348	0.3086787760257721	0.367536336183548	0.534473717212677	1.0	0.1588042825460434	-0.0931914672255516	-0.21769769489765167	-0.3200508952140808	-0.24735628068447113	-0.3929353952407837	-0.2195403277873993	-0.25759872794151306	-0.28151676058769226	-0.2309873253107071	-0.3158002197742462	0.04315732419490814	-0.1996610313653946	-0.3182094693183899	0.24003955721855164	0.019252846017479897	0.04857775941491127	0.14566752314567566	0.04407694190740585	-0.08015061169862747	-0.15676724910736084
THA-VPm-lh	-0.3395880162715912	-0.053972601890563965	0.14123108983039856	0.038874320685863495	0.4338991343975067	0.3488921523094177	0.48395323753356934	0.2896503508090973	0.3637789785861969	0.35850271582603455	0.2653059661388397	0.03317560255527496	0.09380392730236053	0.10266836732625961	0.26525843143463135	0.07497165352106094	0.3271726965904236	0.20553776621818542	-0.2579740881919861	0.045590270310640335	0.46352365612983704	0.3855784237384796	0.5320802330970764	0.08621154725551605	0.2221578061580658	-0.21142269670963287	0.18420639634132385	-0.12118645757436752	0.1588042825460434	1.0	0.23089861869812012	0.34408122301101685	0.2449139654636383	0.32623469829559326	0.16688835620880127	0.2626676559448242	0.18432219326496124	0.0550222285091877	0.10048453509807587	0.08540158718824387	0.25176942348480225	0.19419127702713013	0.2526879906654358	0.2604682147502899	-0.10544116050004959	0.3840941786766052	0.39304572343826294	0.39614245295524597	0.15603256225585938	0.35902559757232666
THA-VPl-lh	0.16940371692180634	0.10493365675210953	-0.017989711835980415	0.021181417629122734	-0.05150768905878067	0.09603654593229294	0.09197108447551727	-0.08734076470136642	0.22590871155261993	0.20675891637802124	0.08101984113454819	0.16331039369106293	0.3098256587982178	0.08139481395483017	0.06396515667438507	0.04321201518177986	0.013748561032116413	-0.11347232013940811	0.06816138327121735	0.09382487833499908	0.14113640785217285	0.08181537687778473	0.07612308114767075	-0.03442509472370148	0.13292379677295685	0.21574880182743073	0.16849839687347412	0.0028145466931164265	-0.0931914672255516	0.23089861869812012	1.0	-0.06268788874149323	0.028650647029280663	0.1351921558380127	0.07318297028541565	0.052225664258003235	0.10364075750112534	0.2986358404159546	0.2355125993490219	-0.09238903224468231	-0.013591950759291649	-0.22827498614788055	-0.04562021791934967	0.07611599564552307	0.15628549456596375	0.10948386788368225	-0.038927704095840454	0.05603697523474693	0.5358678698539734	0.09259605407714844
THA-VAi-lh	-0.6321055889129639	-0.5882136225700378	-0.21425539255142212	-0.2501920461654663	0.3090640604496002	0.1760958433151245	0.5807979106903076	0.4467504322528839	0.5028547048568726	0.2920886278152466	0.3041927218437195	0.15248146653175354	0.14025071263313293	0.266793429851532	0.16853345930576324	-0.1853555589914322	0.33174654841423035	0.2916034162044525	-0.49804583191871643	0.07288246601819992	0.14375638961791992	0.32832071185112	0.20776456594467163	0.291307657957077	0.2977953553199768	-0.4632353186607361	-0.03342124819755554	-0.22645366191864014	-0.21769769489765167	0.34408122301101685	-0.06268788874149323	1.0	0.5117615461349487	0.6441783308982849	0.51338791847229	0.36487331986427307	0.35983753204345703	0.30183178186416626	0.2982143461704254	0.3253323435783386	0.28788456320762634	0.32744333148002625	0.4158449172973633	0.18704207241535187	-0.35855937004089355	0.019617723301053047	0.2887163460254669	0.2821805775165558	0.24589671194553375	0.4856802821159363
THA-VAs-lh	-0.5516912341117859	-0.4387838542461395	-0.2158593088388443	-0.41067686676979065	0.31394630670547485	0.14832988381385803	0.6052931547164917	0.7017359137535095	0.3285820186138153	0.23260167241096497	0.14548557996749878	0.1096791997551918	-0.30316296219825745	-0.024692434817552567	0.09866438060998917	0.2477775663137436	0.39661136269569397	0.2349482923746109	-0.24353136122226715	-0.4501931071281433	0.21309828758239746	0.22645586729049683	0.2203821986913681	0.19942115247249603	0.2156030833721161	-0.4875538647174835	-0.3916321396827698	-0.3369612693786621	-0.3200508952140808	0.2449139654636383	0.028650647029280663	0.5117615461349487	1.0	0.4524090588092804	0.6325148940086365	0.10909774154424667	0.02302682399749756	-0.12856468558311462	0.0402894988656044	0.2680329978466034	0.40266165137290955	0.2927708327770233	0.33789533376693726	-0.14346973598003387	-0.4542173743247986	0.17171192169189453	0.3943459689617157	0.30129972100257874	-0.11943010240793228	0.40404072403907776
THA-DAm-lh	-0.47704169154167175	-0.4806876480579376	-0.27774226665496826	-0.14343030750751495	0.28939127922058105	0.09217224270105362	0.5730944275856018	0.2865850031375885	0.5438849925994873	0.06731031090021133	0.1574532389640808	0.1216607466340065	0.0357113815844059	0.32176390290260315	0.038444653153419495	-0.10905791074037552	0.17172041535377502	0.20416946709156036	-0.5382798314094543	0.016178816556930542	0.2033046931028366	0.14984257519245148	0.0979081466794014	0.31002867221832275	0.42171233892440796	-0.38861986994743347	0.0029912113677710295	-0.192729189991951	-0.24735628068447113	0.32623469829559326	0.1351921558380127	0.6441783308982849	0.4524090588092804	1.0	0.5895697474479675	0.08188235014677048	0.32303914427757263	0.1961369663476944	0.3396987020969391	0.07976687699556351	0.02320762537419796	0.1874360591173172	0.372750461101532	-0.008298337459564209	-0.3267277479171753	0.07648051530122757	0.11735817790031433	0.09160622209310532	0.2913444936275482	0.4875607192516327
THA-DAl-lh	-0.42278850078582764	-0.5315976738929749	-0.4315837323665619	-0.13814447820186615	0.26174095273017883	-0.18857035040855408	0.4321916699409485	0.4271955192089081	0.30508437752723694	0.08420489728450775	0.12751688063144684	0.011672207154333591	-0.1322786659002304	0.22136197984218597	-0.057281244546175	0.09574120491743088	0.1359008103609085	0.06624480336904526	-0.36538586020469666	0.05614113435149193	-0.09227059036493301	0.01648522913455963	0.11913873255252838	0.24080535769462585	0.3569680154323578	-0.4548190236091614	-0.43530547618865967	-0.3914300799369812	-0.3929353952407837	0.16688835620880127	0.07318297028541565	0.51338791847229	0.6325148940086365	0.5895697474479675	1.0	0.041051991283893585	0.2893727719783783	0.07539679110050201	0.3172112703323364	0.05238376557826996	0.18207953870296478	0.16136939823627472	0.48680150508880615	-0.02651619352400303	-0.40722277760505676	0.020120440050959587	0.17664402723312378	0.21310685575008392	0.09974903613328934	0.39660659432411194
PUT-VA-lh	-0.24204199016094208	-0.31456154584884644	-0.11887852102518082	-0.06900689750909805	-0.06756090372800827	0.12084612250328064	0.12170691043138504	0.0875343456864357	-0.05334632471203804	0.20310194790363312	0.7579454779624939	0.4973096549510956	0.2891971170902252	0.2834559679031372	0.24728432297706604	0.2852362394332886	0.44182077050209045	0.48910507559776306	-0.272556334733963	0.2779649794101715	0.04180978611111641	0.2927658259868622	0.3918054699897766	0.0009515697602182627	0.24778573215007782	-0.0919635072350502	0.08041083812713623	-0.0658353865146637	-0.2195403277873993	0.2626676559448242	0.052225664258003235	0.36487331986427307	0.10909774154424667	0.08188235014677048	0.041051991283893585	1.0	0.6408266425132751	0.5140447020530701	0.4274625778198242	0.4061240553855896	0.5769656896591187	0.35794323682785034	0.39949530363082886	0.04745125770568848	0.27588823437690735	0.023808734491467476	0.31295159459114075	0.4471456706523895	0.17900776863098145	0.23561441898345947
PUT-DA-l	-0.2111807018518448	-0.398254930973053	-0.3680753707885742	-0.18243414163589478	0.013746188953518867	0.18654246628284454	0.19280356168746948	0.020095279440283775	-0.05785612389445305	0.11388950049877167	0.6534351110458374	0.7353350520133972	0.46659770607948303	0.7490482926368713	-0.011830687522888184	0.14997796714305878	0.34223631024360657	0.4528571665287018	-0.38777726888656616	0.3851589262485504	-0.08033900707960129	-0.12255922704935074	0.12632913887500763	0.3047689199447632	0.43630513548851013	-0.19405192136764526	-0.004769272170960903	-0.14664225280284882	-0.25759872794151306	0.18432219326496124	0.10364075750112534	0.35983753204345703	0.02302682399749756	0.32303914427757263	0.2893727719783783	0.6408266425132751	1.0	0.6978248953819275	0.8525955677032471	0.2291661947965622	0.37895315885543823	0.35195425152778625	0.528156578540802	0.050851233303546906	0.3253045380115509	-0.11209555715322495	-0.07811640948057175	0.11238762736320496	0.28019753098487854	0.19094079732894897
PUT-VP-lh	0.14787201583385468	-0.18469077348709106	-0.2942584455013275	-0.04166702553629875	-0.020306535065174103	0.1767691969871521	0.03279292583465576	-0.1859169453382492	-0.04924982413649559	0.0783998966217041	0.4039229452610016	0.5161048173904419	0.6114932298660278	0.5164857506752014	-0.134868785738945	-0.18150468170642853	0.08864826709032059	0.22058682143688202	-0.27921682596206665	0.5237371921539307	-0.19710129499435425	-0.1051119714975357	-0.050829965621232986	0.2318638563156128	0.38111045956611633	0.15673620998859406	0.19267407059669495	-0.010371748358011246	-0.28151676058769226	0.0550222285091877	0.2986358404159546	0.30183178186416626	-0.12856468558311462	0.1961369663476944	0.07539679110050201	0.5140447020530701	0.6978248953819275	1.0	0.648777961730957	0.013458910398185253	0.15233857929706573	0.1545589417219162	0.22129076719284058	0.11037401109933853	0.48277050256729126	0.02162616327404976	-0.21841596066951752	-0.04051284119486809	0.4812779724597931	0.2058521807193756
PUT-DP-lh	-0.20312029123306274	-0.26584815979003906	-0.3259742259979248	-0.1386406421661377	0.020842736586928368	0.26941734552383423	0.15005500614643097	0.1128876805305481	0.09304679185152054	0.22678670287132263	0.5499106049537659	0.7582499384880066	0.4631028175354004	0.8310014009475708	-0.16159017384052277	0.010874221101403236	0.25613173842430115	0.32718536257743835	-0.1774926781654358	0.384159654378891	-0.021078145131468773	-0.240096777677536	0.06236860156059265	0.5040603280067444	0.48020845651626587	-0.16452090442180634	-0.12388887256383896	-0.18291355669498444	-0.2309873253107071	0.10048453509807587	0.2355125993490219	0.2982143461704254	0.0402894988656044	0.3396987020969391	0.3172112703323364	0.4274625778198242	0.8525955677032471	0.648777961730957	1.0	0.03331952914595604	0.16035494208335876	0.09342476725578308	0.36342209577560425	0.0950087234377861	0.2901415228843689	-0.15073594450950623	-0.23777203261852264	-0.09681769460439682	0.27031758427619934	0.21181966364383698
