Node	LH_Vis_1	LH_Vis_2	LH_Vis_3	LH_Vis_4	LH_Vis_5	LH_Vis_6	LH_Vis_7	LH_Vis_8	LH_Vis_9	LH_SomMot_1	LH_SomMot_2	LH_SomMot_3	LH_SomMot_4	LH_SomMot_5	LH_SomMot_6	LH_DorsAttn_Post_1	LH_DorsAttn_Post_2	LH_DorsAttn_Post_3	LH_DorsAttn_Post_4	LH_DorsAttn_Post_5	LH_DorsAttn_Post_6	LH_DorsAttn_PrCv_1	LH_DorsAttn_FEF_1	LH_SalVentAttn_ParOper_1	LH_SalVentAttn_FrOperIns_1	LH_SalVentAttn_FrOperIns_2	LH_SalVentAttn_PFCl_1	LH_SalVentAttn_Med_1	LH_SalVentAttn_Med_2	LH_SalVentAttn_Med_3	LH_Limbic_OFC_1	LH_Limbic_TempPole_1	LH_Limbic_TempPole_2	LH_Cont_Par_1	LH_Cont_PFCl_1	LH_Cont_pCun_1	LH_Cont_Cing_1	LH_Default_Temp_1	LH_Default_Temp_2	LH_Default_Par_1	LH_Default_Par_2	LH_Default_PFC_1	LH_Default_PFC_2	LH_Default_PFC_3	LH_Default_PFC_4	LH_Default_PFC_5	LH_Default_PFC_6	LH_Default_PFC_7	LH_Default_pCunPCC_1	LH_Default_pCunPCC_2	RH_Vis_1	RH_Vis_2	RH_Vis_3	RH_Vis_4	RH_Vis_5	RH_Vis_6	RH_Vis_7	RH_Vis_8	RH_SomMot_1	RH_SomMot_2	RH_SomMot_3	RH_SomMot_4	RH_SomMot_5	RH_SomMot_6	RH_SomMot_7	RH_SomMot_8	RH_DorsAttn_Post_1	RH_DorsAttn_Post_2	RH_DorsAttn_Post_3	RH_DorsAttn_Post_4	RH_DorsAttn_Post_5	RH_DorsAttn_PrCv_1	RH_DorsAttn_FEF_1	RH_SalVentAttn_TempOccPar_1	RH_SalVentAttn_TempOccPar_2	RH_SalVentAttn_FrOperIns_1	RH_SalVentAttn_Med_1	RH_SalVentAttn_Med_2	RH_Limbic_OFC_1	RH_Limbic_TempPole_1	RH_Cont_Par_1	RH_Cont_Par_2	RH_Cont_PFCl_1	RH_Cont_PFCl_2	RH_Cont_PFCl_3	RH_Cont_PFCl_4	RH_Cont_Cing_1	RH_Cont_PFCmp_1	RH_Cont_pCun_1	RH_Default_Par_1	RH_Default_Temp_1	RH_Default_Temp_2	RH_Default_Temp_3	RH_Default_PFCv_1	RH_Default_PFCv_2	RH_Default_PFCdPFCm_1	RH_Default_PFCdPFCm_2	RH_Default_PFCdPFCm_3	RH_Default_pCunPCC_1	RH_Default_pCunPCC_2	LH-Pu	LH-Ca	LH-NAC	LH-EXA	LH-GPe	LH-GPi	LH-SNc_PBP_VTA	LH-RN	LH-SNr	LH-VeP	LH-HN	LH-HTH	LH-MN	LH-STH	RH-Pu	RH-Ca	RH-NAC	RH-EXA	RH-GPe	RH-GPi	RH-SNc_PBP_VTA	RH-RN	RH-SNr	RH-VeP	RH-HN	RH-HTH	RH-MN	RH-STH	LH-Pulvinar	LH-Anterior	LH-Medio_Dorsal	LH-Ventral_Latero_Dorsal	LH-Central_Lateral-Lateral_Posterior-Medial_Pulvinar	LH-Ventral_Anterior	LH-Ventral_Latero_Ventral	RH-Pulvinar	RH-Anterior	RH-Medio_Dorsal	RH-Ventral_Latero_Dorsal	RH-Central_Lateral-Lateral_Posterior-Medial_Pulvinar	RH-Ventral_Anterior	RH-Ventral_Latero_Ventral	LH_Hippocampus	LH_Amygdala	RH_Hippocampus	RH_Amygdala	Cerebellar_Region1	Cerebellar_Region2	Cerebellar_Region3	Cerebellar_Region4	Cerebellar_Region5	Cerebellar_Region6	Cerebellar_Region7	Cerebellar_Region8	Cerebellar_Region9	Cerebellar_Region10
LH_Vis_1	1.0	0.5161452889442444	0.46751582622528076	-0.11959552019834518	0.20221267640590668	0.3505516052246094	0.2855619788169861	-0.041659433394670486	0.21205656230449677	0.27210208773612976	0.2678430378437042	0.18892395496368408	0.08014883100986481	-0.1498023271560669	0.29125678539276123	0.6904750466346741	0.15755195915699005	0.0021001745481044054	0.2338860034942627	-0.12643596529960632	-0.09176464378833771	0.5318801999092102	0.36818328499794006	0.23223353922367096	0.33986932039260864	0.3829193711280823	-0.2579609155654907	0.48938223719596863	0.2293122410774231	0.33857932686805725	0.2863278388977051	0.46358510851860046	-0.11082204431295395	-0.14049679040908813	0.21564345061779022	0.2994201183319092	-0.05888529494404793	0.5215709209442139	0.4007977545261383	0.3566924035549164	-0.16914798319339752	0.5336856842041016	0.483341783285141	0.32642874121665955	-0.03621735796332359	0.12006006389856339	0.0419519878923893	0.02846420928835869	0.5801764726638794	0.2761138081550598	0.8009374737739563	0.5476939082145691	0.2313220053911209	0.03463698923587799	0.1693565547466278	0.35617944598197937	0.12901067733764648	0.08759094774723053	0.2705235779285431	0.2644179165363312	0.03504082188010216	-0.03241622447967529	-0.026421885937452316	0.1951165646314621	-0.04873276874423027	0.25379976630210876	0.129275381565094	0.24243640899658203	0.0779702216386795	-0.10698632150888443	-0.09783545136451721	0.48753297328948975	0.34975630044937134	0.3118121922016144	0.1136568933725357	0.3721659779548645	0.24692730605602264	0.3160765469074249	0.17972540855407715	0.3380880653858185	-0.11469608545303345	-0.2539834976196289	-0.11259522289037704	0.259991317987442	0.09558586031198502	-0.0667358860373497	0.044968489557504654	0.5174034237861633	0.12822967767715454	-0.08747618645429611	0.03149912878870964	0.340716689825058	0.07270318269729614	0.5854315161705017	0.4776410162448883	0.3366405963897705	0.043860048055648804	0.08283219486474991	0.6127617359161377	0.3694954216480255	0.3775748014450073	0.3018932044506073	0.1359463781118393	0.06511060893535614	0.2542259097099304	-0.006631231401115656	0.14911194145679474	-0.13403749465942383	0.16737401485443115	-0.08237404376268387	0.3919130861759186	0.0187988318502903	-0.04371558502316475	0.018941082060337067	0.5033506751060486	0.13480235636234283	0.07623801380395889	0.05932382866740227	0.44074031710624695	-0.34909072518348694	0.1524457335472107	0.3949111998081207	-0.07734259963035583	-0.0037347031757235527	0.48026999831199646	-0.1669548600912094	0.00807007122784853	0.054769933223724365	0.49977871775627136	0.20713506639003754	0.3532589375972748	0.3978797197341919	0.5439995527267456	-0.03468317165970802	0.12725532054901123	0.5471417307853699	0.37183117866516113	0.3349889814853668	0.5059240460395813	0.5386678576469421	0.2315608114004135	0.2534906268119812	0.47134876251220703	0.3500675857067108	0.4967065751552582	0.6387283802032471	0.4914342164993286	0.19909508526325226	0.3686940670013428	0.36612576246261597	0.21592220664024353	0.06809602677822113	0.09459205716848373	-0.4094262719154358	-0.12104535847902298	-0.36117488145828247
LH_Vis_2	0.5161452889442444	1.0	0.6569624543190002	0.1371421068906784	0.7793274521827698	0.5422192811965942	0.05041500926017761	0.3523182272911072	0.5621783137321472	0.09552724659442902	0.39641544222831726	0.2998754680156708	0.3385300636291504	0.1477314680814743	0.2157372087240219	0.5269432663917542	0.35145509243011475	-0.12251412123441696	0.4284864068031311	-0.07796689867973328	-0.17599952220916748	0.5210745930671692	0.24329766631126404	0.1395607888698578	0.13429932296276093	0.215702623128891	-0.10662669688463211	0.5395305156707764	0.09093663841485977	0.22585321962833405	0.23133701086044312	0.2984364926815033	0.02766050584614277	-0.0031155929900705814	0.36421439051628113	0.5775974988937378	0.3577653467655182	0.42800813913345337	0.5895437002182007	0.6010763645172119	-0.03575076535344124	0.40819406509399414	0.4513477385044098	0.2694452404975891	-0.10426102578639984	0.19391557574272156	0.25328049063682556	0.020623764023184776	0.573013186454773	0.3869151473045349	0.4117029905319214	0.7505909204483032	0.07987020164728165	0.4066137671470642	0.38797926902770996	0.5211589336395264	0.6233802437782288	0.39662718772888184	0.04971977323293686	0.28843724727630615	0.23150870203971863	0.15011800825595856	-0.02931196428835392	-0.031232211738824844	-0.23699653148651123	0.15816906094551086	0.0982413962483406	0.35567861795425415	0.18201012909412384	-0.11798974871635437	-0.19833455979824066	0.2732992172241211	0.10820025205612183	0.17739710211753845	-0.04610294848680496	0.07381275296211243	0.05941769853234291	0.04752511903643608	-0.14003077149391174	0.05936916172504425	-0.131808340549469	0.0245341993868351	-0.2437824010848999	0.14483129978179932	0.02820057049393654	0.08817320317029953	0.33765581250190735	0.36964404582977295	0.37622785568237305	0.016851572319865227	-0.004662840627133846	0.23310382664203644	-0.06408128142356873	0.2676634192466736	0.183885857462883	0.250623881816864	-0.16616737842559814	0.04520507529377937	0.5591450929641724	0.42759889364242554	0.38927751779556274	0.485282301902771	-0.014449333772063255	0.22570858895778656	0.3390555679798126	0.10582750290632248	0.08517873287200928	-0.16383595764636993	0.1460225135087967	-0.12442001700401306	0.21657705307006836	0.11367011070251465	-0.00836840458214283	0.08404731005430222	0.45791560411453247	0.25458037853240967	-0.02516964264214039	0.23530569672584534	0.33557507395744324	-0.36761710047721863	-0.09219308942556381	0.5529778003692627	-0.19482986629009247	0.14817161858081818	0.41625604033470154	-0.09394437819719315	0.01885131187736988	0.15455883741378784	0.5354310274124146	0.0844302549958229	0.2823663651943207	0.462248295545578	0.6145540475845337	0.17582005262374878	0.1872984915971756	0.5699588656425476	0.3457067906856537	0.3394676744937897	0.4582277834415436	0.32447654008865356	0.30456435680389404	0.05786161869764328	0.2694791555404663	0.26357609033584595	0.2752077877521515	0.325268417596817	0.475800484418869	0.3153247833251953	0.44010815024375916	0.25903451442718506	0.3144419193267822	0.11504141986370087	0.18342506885528564	-0.6496423482894897	-0.11093823611736298	-0.5523504018783569
LH_Vis_3	0.46751582622528076	0.6569624543190002	1.0	-0.29712316393852234	0.34606900811195374	0.8495188355445862	0.48597481846809387	0.3039688467979431	0.7118667364120483	0.09102261811494827	0.4511869251728058	0.29204753041267395	0.09791982173919678	0.04476556181907654	0.5501683354377747	0.43230190873146057	-0.02282172068953514	0.021691985428333282	0.16841371357440948	0.25371283292770386	0.198866605758667	0.5613322257995605	0.41435539722442627	0.290311336517334	0.03581568971276283	0.3493479788303375	-0.05889059230685234	0.5676340460777283	0.5412763357162476	0.45349788665771484	-0.21594630181789398	0.10419320315122604	0.05600103735923767	-0.044431522488594055	0.2610827386379242	0.39886683225631714	0.014811262488365173	0.23982186615467072	0.4397468566894531	0.5146678686141968	0.11805989593267441	0.255562424659729	0.2891632318496704	0.4269520938396454	-0.34390994906425476	0.3068443834781647	0.2528926432132721	0.2714043855667114	0.62351393699646	0.4102018475532532	0.49802738428115845	0.816120445728302	0.4564395844936371	-0.21213965117931366	0.6829043030738831	0.8747338056564331	0.5015459656715393	0.6553895473480225	0.24423930048942566	0.4947093725204468	0.17080922424793243	0.03496094420552254	0.1624448150396347	0.2348158061504364	0.21717360615730286	0.5816612243652344	0.5011315941810608	0.08310126513242722	0.11267577111721039	0.09415426850318909	0.217549666762352	0.32142364978790283	0.3418961763381958	0.48402971029281616	0.2838570177555084	0.19019542634487152	0.5006745457649231	0.41568320989608765	-0.4450056254863739	-0.15684236586093903	0.1232842430472374	-0.011053097434341908	-0.42847055196762085	0.058538731187582016	0.09510622173547745	0.10269481688737869	0.16019560396671295	0.4459957480430603	0.3971916139125824	0.3722652792930603	-0.023125819861888885	0.2401239275932312	0.04820394888520241	0.17832989990711212	0.24416330456733704	0.4288578927516937	-0.0489097498357296	0.22160543501377106	0.5630922317504883	0.5299404263496399	0.3454700708389282	0.5903831124305725	0.37230825424194336	0.1737007200717926	0.24006696045398712	-0.06729187816381454	-0.09109433740377426	-0.21707583963871002	-0.11168704926967621	-0.010212427005171776	0.13644622266292572	0.05567372590303421	-0.17331527173519135	0.2815888524055481	0.4910998046398163	0.35997650027275085	0.23721610009670258	0.3785300850868225	0.23165737092494965	-0.38526666164398193	-0.02631976827979088	0.3986501395702362	-0.17555400729179382	0.2963012754917145	0.2990993559360504	-0.07119285315275192	-0.1346261352300644	0.06719907373189926	0.48627257347106934	-0.04884824901819229	0.19539716839790344	0.5472946763038635	0.45668959617614746	0.268023818731308	0.06414734572172165	0.6352252960205078	0.3850882947444916	0.2285209745168686	0.5842068195343018	0.4662296175956726	0.3686487078666687	0.22472739219665527	0.11148685961961746	0.15339875221252441	0.4449571669101715	0.2956205904483795	0.5510550141334534	0.5820409655570984	0.5388233661651611	0.33055442571640015	0.29487356543540955	0.4460897147655487	0.23179492354393005	-0.5045053958892822	0.1447622925043106	-0.37199121713638306
LH_Vis_4	-0.11959552019834518	0.1371421068906784	-0.29712316393852234	1.0	0.30042141675949097	-0.30833378434181213	-0.2997383773326874	0.21228696405887604	-0.12566913664340973	-0.1394820362329483	-0.16026635468006134	-0.07739114761352539	0.14349260926246643	0.13947203755378723	-0.1324346363544464	0.009962870739400387	0.33135268092155457	0.11263283342123032	0.1376807987689972	-0.28001394867897034	-0.27716001868247986	-0.29124629497528076	-0.1593979001045227	-0.18838997185230255	-0.03548085317015648	-0.26996108889579773	-0.06296032667160034	-0.1225215345621109	-0.3605869710445404	-0.19487588107585907	0.16187132894992828	-0.010361472144722939	-0.06056772172451019	0.05060692876577377	-0.1888495683670044	0.0023514877539128065	0.305652379989624	-0.02112405374646187	-0.16555155813694	-0.23050245642662048	-0.1685970425605774	0.05428003892302513	-0.10993441939353943	-0.19229252636432648	0.03685867786407471	-0.2917722165584564	-0.12593211233615875	-0.18332909047603607	-0.0359993651509285	-0.06454024463891983	-0.1307978630065918	-0.12466248124837875	-0.2643847167491913	0.8089357018470764	-0.35899412631988525	-0.2869688868522644	0.23431144654750824	-0.29312780499458313	-0.37082308530807495	-0.3050713539123535	-0.11617903411388397	0.055010635405778885	-0.28481385111808777	-0.5329098105430603	-0.4007854759693146	-0.18926739692687988	-0.3543080687522888	0.21706725656986237	0.18691013753414154	0.01924971677362919	-0.20974139869213104	-0.16337531805038452	-0.20107674598693848	-0.44542890787124634	-0.34623637795448303	-0.23017537593841553	-0.38223302364349365	-0.4285637140274048	0.02927587553858757	0.05422741547226906	-0.3356695771217346	0.1464390605688095	0.06885478645563126	-0.059461161494255066	-0.11982621252536774	-0.08136891573667526	0.1834910660982132	-0.11790625005960464	-0.10649885982275009	-0.21801476180553436	0.01233490277081728	-0.1272326409816742	-0.2093796283006668	-0.028799064457416534	-0.14652597904205322	-0.09889531880617142	-0.12167293578386307	-0.09633471816778183	-0.07656542956829071	-0.10956637561321259	0.045677490532398224	-0.09474116563796997	-0.24180293083190918	0.2070871740579605	0.06291524320840836	0.30898764729499817	-0.0561152808368206	-0.1545899212360382	0.0329565554857254	-0.0765208825469017	-0.08959892392158508	0.11476466059684753	0.1231328621506691	-0.29124921560287476	-0.05418948829174042	0.10396081209182739	-0.22041235864162445	-0.026924382895231247	0.028813820332288742	0.27952632308006287	-0.04722065478563309	0.030577465891838074	-0.03621479496359825	-0.27361565828323364	-0.006236425135284662	-0.23502220213413239	0.11026520282030106	-0.12702533602714539	0.10016679018735886	-0.011506995186209679	-0.11230611801147461	-0.08562721312046051	-0.13263154029846191	-0.003398968605324626	0.09089785814285278	-0.1718803346157074	-0.20975559949874878	0.038088828325271606	-0.2618783712387085	-0.2290443629026413	-0.08751719444990158	-0.20836971700191498	0.06141483038663864	-0.0365801677107811	-0.09569353610277176	-0.024444757029414177	-0.29611876606941223	-0.29188212752342224	-0.10197963565587997	0.014083685353398323	0.07740530371665955	-0.195480078458786	0.09974341839551926	0.05611823499202728	-0.06974603980779648	0.09845434874296188
LH_Vis_5	0.20221267640590668	0.7793274521827698	0.34606900811195374	0.30042141675949097	1.0	0.39190858602523804	-0.11165446043014526	0.3003525137901306	0.47514837980270386	0.00976756401360035	0.2072819471359253	0.18918678164482117	0.47494879364967346	0.07751162350177765	-0.04087644815444946	0.3299658000469208	0.40310654044151306	-0.15551556646823883	0.28356942534446716	-0.12947629392147064	-0.24149741232395172	0.22847558557987213	0.017478719353675842	0.011740783229470253	0.07632434368133545	0.06638546288013458	-0.05748198926448822	0.2883038818836212	-0.0746733769774437	0.05196995660662651	0.24094437062740326	0.28886502981185913	-0.022429348900914192	0.05094944313168526	0.24851711094379425	0.4427756667137146	0.4445478916168213	0.19779300689697266	0.3455568253993988	0.31072551012039185	-0.09338532388210297	0.1935350000858307	0.2909090518951416	0.11620903015136719	-0.024705255404114723	0.15843357145786285	0.11446184664964676	-0.13216419517993927	0.32117190957069397	0.17511631548404694	0.11564600467681885	0.45496273040771484	-0.07780160754919052	0.6284050345420837	0.37071189284324646	0.37324658036231995	0.47463080286979675	0.2625824213027954	-0.0785248652100563	0.14704588055610657	0.2473146617412567	0.3273671269416809	0.12486740201711655	-0.008582785725593567	-0.2876688838005066	-0.05621391162276268	-0.10280682891607285	0.2911108434200287	0.11891565471887589	-0.14374521374702454	-0.22345197200775146	0.06600990891456604	-0.05334215238690376	-0.06645148992538452	-0.12336938828229904	-0.03749919682741165	-0.06098293140530586	-0.1346837431192398	-0.08328675478696823	0.09287963062524796	-0.2196529656648636	0.007967048324644566	-0.10926401615142822	0.16230157017707825	-0.05403453856706619	0.014542842283844948	0.25391268730163574	0.13512033224105835	0.15316615998744965	-0.17105545103549957	-0.011055917479097843	0.05009131133556366	-0.20382943749427795	0.09609314054250717	-0.010733433067798615	0.07373995333909988	-0.12147257477045059	-0.0967651754617691	0.34437093138694763	0.201179638504982	0.1577761024236679	0.359764963388443	-0.19095374643802643	0.28390103578567505	0.210572749376297	0.11074674874544144	0.16533499956130981	-0.07633138447999954	0.19826462864875793	-0.22506603598594666	0.09395256638526917	0.07981505244970322	0.12490607798099518	0.01117568090558052	0.2321520298719406	0.23394055664539337	-0.07671615481376648	0.13950489461421967	0.28140366077423096	-0.09724850207567215	-0.16116474568843842	0.3165491223335266	-0.09642257541418076	-0.050276223570108414	0.2022261917591095	0.04549277946352959	0.0625654086470604	0.12878969311714172	0.4455263316631317	0.13964049518108368	0.29189395904541016	0.2052813619375229	0.3325146734714508	0.06827572733163834	0.27667030692100525	0.3629414737224579	0.203914612531662	0.2349053919315338	0.16387321054935455	0.08764554560184479	0.1683947592973709	0.0675254836678505	0.16905231773853302	0.2032264620065689	0.0576055645942688	0.14910545945167542	0.2550845444202423	0.11921229958534241	0.25957873463630676	0.19405683875083923	0.16005481779575348	-0.06605900079011917	0.02869921550154686	-0.491533100605011	-0.17477497458457947	-0.3965877294540405
LH_Vis_6	0.3505516052246094	0.5422192811965942	0.8495188355445862	-0.30833378434181213	0.39190858602523804	1.0	0.4135289788246155	0.2951381206512451	0.8444591760635376	0.04677985981106758	0.2765662372112274	0.2272549420595169	0.12407186627388	0.029661737382411957	0.4222489595413208	0.27923452854156494	-0.028696004301309586	-0.09706506133079529	-0.010255703702569008	0.19802631437778473	0.09182586520910263	0.3767462968826294	0.13906234502792358	0.16691400110721588	0.053428616374731064	0.21193015575408936	-0.2647753953933716	0.3066543638706207	0.4704163074493408	0.34848472476005554	-0.26911410689353943	0.2388785481452942	-0.1755841225385666	-0.18836598098278046	0.07081001996994019	0.36872902512550354	-0.14603032171726227	0.18356390297412872	0.3586471378803253	0.3946598768234253	-0.013980351388454437	0.11656888574361801	0.26707735657691956	0.45104703307151794	-0.4372924566268921	0.36468225717544556	-0.008707760833203793	0.03094913624227047	0.5633280873298645	0.4302540123462677	0.43312501907348633	0.6583918929100037	0.4126015305519104	-0.1627930998802185	0.8628681302070618	0.9451515078544617	0.41871726512908936	0.790156364440918	0.2336329221725464	0.45409563183784485	0.25226888060569763	0.1609041839838028	0.2870551347732544	0.1338777393102646	0.1950012594461441	0.46023619174957275	0.5493966937065125	0.1275710016489029	0.01122791413217783	-0.019718164578080177	0.11390811949968338	0.18640880286693573	0.058482203632593155	0.48377561569213867	0.2750488817691803	0.18540269136428833	0.47654247283935547	0.2037394791841507	-0.2935633659362793	0.060392916202545166	0.03978552296757698	-0.1579219400882721	-0.4559026062488556	-0.00038700614823028445	-0.14373262226581573	-0.1244887113571167	-0.07414302974939346	0.2771872282028198	0.3422276973724365	0.3228026330471039	-0.08839710056781769	0.33982598781585693	0.17942726612091064	0.15569598972797394	0.2337614744901657	0.4824521243572235	0.07685490697622299	0.08628757297992706	0.6071749329566956	0.4934113621711731	0.21288876235485077	0.43465718626976013	0.2208804190158844	0.010642522014677525	0.1433829963207245	-0.06437725573778152	-0.03220491483807564	-0.21282100677490234	-0.1263550966978073	-0.12296713143587112	0.08570849895477295	-0.07041987776756287	-0.20615504682064056	0.1306237429380417	0.3136241137981415	0.2953459918498993	0.13769489526748657	0.20540478825569153	0.3542458713054657	-0.2200547754764557	-0.03638870641589165	0.2540399134159088	-0.11882385611534119	0.0467977412045002	0.18509656190872192	-0.05603234842419624	-0.20417071878910065	0.02157636731863022	0.43103307485580444	0.13936106860637665	0.1917383074760437	0.33848750591278076	0.2588401734828949	0.23383615911006927	0.14153124392032623	0.5208069086074829	0.29141536355018616	0.1478595733642578	0.2614451050758362	0.30051368474960327	0.19482405483722687	0.271048903465271	0.18546706438064575	0.23164957761764526	0.42793142795562744	0.18082715570926666	0.3439260423183441	0.4132814407348633	0.30771172046661377	0.17920053005218506	0.044682495296001434	0.26178261637687683	0.02945837192237377	-0.43832850456237793	-0.08209097385406494	-0.2846852242946625
LH_Vis_7	0.2855619788169861	0.05041500926017761	0.48597481846809387	-0.2997383773326874	-0.11165446043014526	0.4135289788246155	1.0	0.2105749547481537	0.27659180760383606	-0.07496154308319092	-0.11846897006034851	-0.10919980704784393	-0.16137701272964478	-0.059137191623449326	0.3135225474834442	0.31951406598091125	-0.28440651297569275	0.4056624472141266	0.05745815485715866	0.5413709878921509	0.39626801013946533	0.09812776744365692	0.40602707862854004	0.18113015592098236	-0.19389979541301727	0.011464991606771946	0.07488425076007843	0.14440466463565826	0.5017032027244568	0.21967321634292603	-0.4898707866668701	-0.1183745339512825	0.10562005639076233	0.03690382093191147	-0.11516040563583374	-0.0722297728061676	-0.0615847110748291	-0.12425671517848969	-0.01978042908012867	0.14694663882255554	0.33847668766975403	-0.22088195383548737	-0.1432470828294754	0.1952444165945053	-0.2818005084991455	0.12480870634317398	-0.07903851568698883	0.38196295499801636	0.3085371255874634	0.20978371798992157	0.2445652186870575	0.30271050333976746	0.5421825647354126	-0.3501667380332947	0.4135613441467285	0.4465741515159607	0.24499790370464325	0.3030189871788025	0.060450851917266846	0.011745207011699677	-0.24059966206550598	-0.14706629514694214	0.19892430305480957	0.24033699929714203	0.33867374062538147	0.36261507868766785	0.6144983768463135	-0.23647475242614746	-0.04746522009372711	0.33830615878105164	0.4569444954395294	0.015502037480473518	0.4507218897342682	0.3863717317581177	0.14333923161029816	-0.043282099068164825	0.4790252149105072	0.2786865830421448	-0.43883946537971497	-0.12132618576288223	0.1448989361524582	0.0027329064905643463	-0.2616521716117859	-0.007609379943460226	0.1086447536945343	0.0056596314534544945	0.11333572119474411	0.11448117345571518	0.14852170646190643	0.4620232880115509	0.14781257510185242	-0.11872338503599167	0.08178581297397614	-0.15015703439712524	-0.04284932464361191	0.25683528184890747	0.09045781940221786	0.4281069338321686	0.22796645760536194	0.25501495599746704	-0.22573792934417725	0.15186256170272827	0.2523432970046997	-0.014087568037211895	-0.09182462096214294	-0.27668848633766174	-0.2384505271911621	-0.29838207364082336	-0.29547420144081116	0.12625886499881744	-0.07049103826284409	-0.11442296952009201	-0.22241678833961487	-0.03839386999607086	-0.08044561743736267	0.12462945282459259	0.2023695409297943	0.33011940121650696	-0.12154757231473923	-0.25399404764175415	-0.03236475586891174	-0.18131692707538605	-0.15191203355789185	0.1783374845981598	-0.01453473698347807	-0.09300496429204941	-0.17908436059951782	-0.2792539596557617	0.1515377312898636	-0.1752982884645462	-0.220939502120018	0.04842552915215492	-0.07142973691225052	-0.044703464955091476	-0.2776660919189453	0.2990376055240631	0.05132054537534714	-0.34617525339126587	0.18918587267398834	0.06498225778341293	0.017953382804989815	0.018269669264554977	-0.16853073239326477	-0.11748803406953812	0.20812098681926727	0.06582891941070557	0.44016414880752563	0.44742411375045776	0.4531293213367462	0.35503825545310974	0.3262880742549896	0.5136638283729553	0.4422452747821808	0.18272365629673004	0.39468902349472046	0.03179939091205597
LH_Vis_8	-0.041659433394670486	0.3523182272911072	0.3039688467979431	0.21228696405887604	0.3003525137901306	0.2951381206512451	0.2105749547481537	1.0	0.5954144597053528	-0.013765246607363224	-0.22520165145397186	-0.04799201712012291	0.13886325061321259	-0.0610690675675869	-0.23922055959701538	0.21405556797981262	0.03695725277066231	0.3263874053955078	-0.09104354679584503	0.22078098356723785	-0.3568013906478882	-0.1661425232887268	0.006366782821714878	-0.2951015830039978	-0.0663902536034584	-0.25223201513290405	-0.11683814227581024	-0.0564645379781723	-0.21994519233703613	-0.08473674952983856	-0.37151968479156494	-0.06191582605242729	0.075942263007164	0.1195860430598259	-0.13481685519218445	0.28590187430381775	0.08486483246088028	0.026839619502425194	0.18069002032279968	0.2184450626373291	0.052245475351810455	-0.08966990560293198	-0.08473845571279526	-0.15356877446174622	-0.2029217630624771	-0.08444270491600037	0.023419490084052086	0.04511334374547005	0.006511132698506117	0.06653424352407455	0.06251581758260727	0.2160700559616089	0.2341625690460205	0.23557405173778534	0.45082101225852966	0.36738553643226624	0.7611210346221924	0.48685741424560547	-0.08336371183395386	-0.3275333344936371	0.06764187663793564	0.08681312948465347	0.11288273334503174	-0.35525035858154297	-0.29375389218330383	-0.19907431304454803	0.1538727879524231	-0.031147446483373642	0.42795875668525696	0.3334408402442932	-0.2198311686515808	-0.07353375107049942	0.09017248451709747	0.23834910988807678	-0.32858699560165405	-0.1832810640335083	-0.14368189871311188	-0.1751703917980194	-0.3639952540397644	-0.016458816826343536	-0.11164120584726334	0.12855000793933868	-0.09093410521745682	-0.0014028976438567042	0.0013290605274960399	0.04027993232011795	0.15210850536823273	-0.09973341226577759	0.27327805757522583	0.19290991127490997	0.24716825783252716	0.008700503036379814	0.10270912200212479	-0.13676171004772186	-0.09663238376379013	-0.05791177973151207	-0.09091261774301529	-0.003504089778289199	-0.042429305613040924	0.049758847802877426	-0.08800877630710602	0.051716774702072144	-0.13925743103027344	0.0937400832772255	0.0019558982457965612	-0.102434903383255	-0.005882385186851025	-0.11800228804349899	-0.08061377704143524	0.12086459994316101	-0.3022463619709015	-0.12218959629535675	0.1410570591688156	-0.22790582478046417	-0.06451531499624252	0.058071013540029526	-0.27891358733177185	0.3451260030269623	-0.0833052545785904	-0.09333580732345581	-0.16058382391929626	0.08167620748281479	-0.30319711565971375	-0.1060214564204216	0.14608550071716309	-0.22305266559123993	0.05403144285082817	-0.25730517506599426	0.07739360630512238	-0.11154289543628693	-0.2120150923728943	-0.11531011015176773	-0.05127643793821335	0.026374930515885353	0.03789248690009117	0.0019024848006665707	0.030199766159057617	-0.0948326513171196	-0.1316838413476944	-0.036700449883937836	-0.057524435222148895	-0.19027204811573029	0.009502328000962734	0.09172133356332779	-0.02568633109331131	-0.008656379766762257	-0.019809985533356667	-0.073247529566288	0.17924702167510986	0.1558508574962616	0.18111096322536469	0.08874616026878357	0.25876978039741516	0.130809023976326	0.14563944935798645	0.1313217431306839
LH_Vis_9	0.21205656230449677	0.5621783137321472	0.7118667364120483	-0.12566913664340973	0.47514837980270386	0.8444591760635376	0.27659180760383606	0.5954144597053528	1.0	0.15940983593463898	0.15389981865882874	0.21448560059070587	0.10789626836776733	0.07622652500867844	0.16984158754348755	0.1382097750902176	-0.06849788129329681	-0.15325438976287842	-0.02649562619626522	0.07325708121061325	-0.07456231117248535	0.1392798274755478	-0.09811928123235703	0.0770357996225357	0.13660664856433868	0.12013181298971176	-0.39688700437545776	0.157454252243042	0.2314245104789734	0.20630764961242676	-0.36089274287223816	0.20903386175632477	-0.2507825791835785	-0.3221639394760132	-0.10296814143657684	0.4892255663871765	-0.06722886115312576	0.2343837469816208	0.4040706157684326	0.3817736506462097	-0.17165198922157288	0.08306895941495895	0.2018955796957016	0.3018757998943329	-0.5308526754379272	0.24393242597579956	-0.10659462213516235	-0.1884516030550003	0.43418267369270325	0.43154022097587585	0.37094834446907043	0.5949013233184814	0.28746721148490906	0.02950933761894703	0.823715329170227	0.8415777683258057	0.5766773819923401	0.9019173383712769	0.283835768699646	0.25616294145584106	0.3355187773704529	0.15425646305084229	0.25168317556381226	-0.062072403728961945	-0.004071452654898167	0.21443547308444977	0.3782704174518585	0.10103824734687805	0.07621390372514725	-0.07627033442258835	-0.11293487995862961	-0.04880994185805321	-0.10587885975837708	0.5281524062156677	0.12586383521556854	0.12428359687328339	0.3082476258277893	0.07000217586755753	-0.3171382546424866	0.09865837544202805	-0.1284264624118805	-0.1422543227672577	-0.5084061622619629	-0.1252862513065338	-0.2588493525981903	-0.2322530895471573	0.039513032883405685	0.1616401970386505	0.36843377351760864	0.20187078416347504	-0.09145805239677429	0.3891502022743225	0.3216564357280731	0.09217263758182526	0.21468482911586761	0.3875301778316498	-0.0373685322701931	-0.16845911741256714	0.5057743787765503	0.4292782247066498	0.18698112666606903	0.25408944487571716	0.1039600819349289	0.021028930321335793	0.09659816324710846	-0.03971032425761223	-0.038310036063194275	-0.17625901103019714	-0.08619792014360428	-0.12758402526378632	0.03036029264330864	-0.19807709753513336	-0.08105075359344482	0.013429232873022556	0.22328104078769684	0.13768039643764496	0.016190340742468834	0.24549166858196259	0.24924875795841217	-0.1558660864830017	-0.052079327404499054	0.2579862177371979	-0.09021928906440735	-0.03332728147506714	0.1793786734342575	-0.08688166737556458	-0.14281386137008667	-0.097691610455513	0.24825043976306915	0.1597539335489273	0.1436886042356491	0.25022876262664795	0.19744189083576202	0.2133118063211441	0.23601128160953522	0.32914066314697266	0.32019615173339844	0.20002596080303192	0.12616343796253204	0.2315777987241745	0.13917791843414307	0.15807883441448212	0.20031076669692993	0.31881842017173767	0.3701886534690857	0.11740554124116898	0.1208423525094986	0.21589195728302002	0.1586110144853592	0.06321991980075836	-0.08747667819261551	0.10293709486722946	-0.06708486378192902	-0.32761135697364807	-0.2013513594865799	-0.16446471214294434
LH_SomMot_1	0.27210208773612976	0.09552724659442902	0.09102261811494827	-0.1394820362329483	0.00976756401360035	0.04677985981106758	-0.07496154308319092	-0.013765246607363224	0.15940983593463898	1.0	0.4708099961280823	0.7046319246292114	0.1604616791009903	0.2082136869430542	0.07449772208929062	0.19833026826381683	0.054198380559682846	-0.3067012429237366	-0.12954923510551453	-0.4156283438205719	-0.17884892225265503	0.38756322860717773	-0.25358152389526367	0.502518892288208	0.7115208506584167	0.5595278739929199	-0.3515282869338989	0.3913296163082123	0.17057910561561584	0.5138905644416809	0.029703732579946518	0.24019619822502136	-0.3266933560371399	-0.30851009488105774	-0.04011574387550354	0.3718639314174652	-0.1684223711490631	0.6452362537384033	0.5754021406173706	0.14289623498916626	-0.41004297137260437	0.5139303803443909	0.5956584811210632	0.28095653653144836	-0.4299826920032501	0.2113831341266632	0.02378322184085846	-0.42241033911705017	0.288910448551178	0.3133266568183899	0.3288779854774475	0.14732959866523743	-0.10565201193094254	-0.03775326535105705	0.03315380588173866	0.1364068239927292	-0.0422615110874176	0.1121155396103859	0.8883013129234314	0.27854523062705994	0.5698379278182983	0.07898295670747757	0.4354429543018341	0.04922834038734436	-0.025210916996002197	0.0866585522890091	-0.24147872626781464	-0.06735390424728394	0.04649639502167702	-0.3178311884403229	-0.29973727464675903	0.24495384097099304	-0.14593812823295593	0.3247638940811157	0.2766079902648926	0.6423096060752869	0.2742658853530884	0.5087283849716187	0.12559349834918976	0.28340306878089905	-0.18837180733680725	-0.39267784357070923	-0.40295642614364624	0.1850675791501999	-0.35599976778030396	-0.2721424400806427	0.04580473527312279	0.47766610980033875	0.036376699805259705	-0.20374919474124908	-0.39118826389312744	0.5617364645004272	0.6733561158180237	0.5466799736022949	0.751473605632782	0.1264086663722992	0.08840980380773544	-0.47032400965690613	0.3429853320121765	0.3288523554801941	0.48296424746513367	0.15814006328582764	0.27755460143089294	0.009115198627114296	0.11115507781505585	-0.11541207879781723	0.49346235394477844	0.483671098947525	0.6331158876419067	-0.07960424572229385	-0.010760861448943615	0.16020244359970093	0.2896166145801544	0.4717651307582855	0.43342137336730957	0.13135334849357605	0.1282246708869934	0.12609632313251495	0.1686118245124817	-0.16432307660579681	0.14740745723247528	0.3866802453994751	0.2267603576183319	0.20239464938640594	0.2834272086620331	0.4478979706764221	0.29588478803634644	0.28394651412963867	0.059225935488939285	0.2695429027080536	0.5355841517448425	0.17279016971588135	0.32789599895477295	0.4249200224876404	0.26924362778663635	0.06503141671419144	0.29874685406684875	0.38249272108078003	0.1450650542974472	0.41473209857940674	0.38269758224487305	0.018185872584581375	0.18665915727615356	0.2500488758087158	0.23971089720726013	0.2311858832836151	-0.03959378972649574	-0.05729842931032181	-0.14160743355751038	0.027044955641031265	-0.3895159661769867	-0.3506016731262207	-0.46873390674591064	-0.27144449949264526	-0.37109750509262085	-0.15813392400741577
LH_SomMot_2	0.2678430378437042	0.39641544222831726	0.4511869251728058	-0.16026635468006134	0.2072819471359253	0.2765662372112274	-0.11846897006034851	-0.22520165145397186	0.15389981865882874	0.4708099961280823	1.0	0.6716160774230957	0.2847056984901428	0.38374459743499756	0.5899744033813477	0.17082108557224274	0.16595354676246643	-0.420310914516449	0.13595633208751678	-0.2403487265110016	0.1601051688194275	0.6583853960037231	0.05351000651717186	0.5413705110549927	0.3964076638221741	0.6525509357452393	-0.1555696725845337	0.6113615036010742	0.5573708415031433	0.6303296685218811	0.30961042642593384	0.10023950040340424	-0.12913832068443298	-0.2032921463251114	0.30008721351623535	0.32338374853134155	0.08719409257173538	0.4255838394165039	0.5142512321472168	0.28193798661231995	-0.18765535950660706	0.5198655128479004	0.5521917939186096	0.3423994183540344	-0.18491066992282867	0.2302788645029068	0.24908731877803802	-0.07839157432317734	0.42832791805267334	0.3412252366542816	0.30235084891319275	0.500225305557251	-0.016487842425704002	-0.10959677398204803	0.14675189554691315	0.2943718135356903	0.03716736659407616	0.16139261424541473	0.5446458458900452	0.8245269060134888	0.540009081363678	0.22019106149673462	0.1884266883134842	0.32001084089279175	0.27534928917884827	0.5627492070198059	-0.019724266603589058	0.23443607985973358	-0.023071562871336937	-0.3188694715499878	0.05380922928452492	0.3681313097476959	0.022174203768372536	0.2096254527568817	0.4007309377193451	0.5138345956802368	0.4950466454029083	0.543371319770813	0.10867460817098618	-0.07273054867982864	-0.021992947906255722	-0.2088576853275299	-0.3878743648529053	0.07426127046346664	-0.14274071156978607	-0.07564765214920044	0.1266947239637375	0.5205957293510437	0.1764029562473297	-0.03324544429779053	-0.34771785140037537	0.3758094906806946	0.20952831208705902	0.36100414395332336	0.5119174122810364	0.16675284504890442	-0.10638304799795151	-0.12932725250720978	0.3989945948123932	0.4154178500175476	0.6344203948974609	0.4796460270881653	0.2996140122413635	0.11838184297084808	0.3621150851249695	0.011204108595848083	0.12034011632204056	0.06169397011399269	0.2082791030406952	-0.045205116271972656	0.3677294850349426	0.22658196091651917	-0.042956653982400894	0.48237696290016174	0.6327099800109863	0.3703906238079071	0.20946277678012848	0.10048112273216248	0.1961517333984375	-0.24123378098011017	-0.02841625176370144	0.5256998538970947	0.0224824957549572	0.2385527342557907	0.4402844309806824	0.20215566456317902	0.08593093603849411	0.5548735857009888	0.278083473443985	0.06471342593431473	0.5062309503555298	0.6055785417556763	0.583839476108551	0.5526255965232849	0.26656490564346313	0.41859209537506104	0.34188079833984375	0.5358203053474426	0.6527217626571655	0.4862261414527893	0.584153413772583	0.23594637215137482	0.0043635182082653046	0.0253754835575819	0.17210076749324799	0.1930302530527115	0.26106923818588257	0.32077550888061523	0.0877569243311882	0.0031200507655739784	-0.1164550930261612	-0.02560335397720337	-0.232402965426445	-0.5782681107521057	-0.16492068767547607	-0.46461358666419983
LH_SomMot_3	0.18892395496368408	0.2998754680156708	0.29204753041267395	-0.07739114761352539	0.18918678164482117	0.2272549420595169	-0.10919980704784393	-0.04799201712012291	0.21448560059070587	0.7046319246292114	0.6716160774230957	1.0	0.19849799573421478	0.3394632637500763	0.2517547607421875	0.12928292155265808	0.30762210488319397	-0.46942511200904846	0.0520334467291832	-0.4759947657585144	-0.15230782330036163	0.553220808506012	-0.08706816285848618	0.6467859148979187	0.467360258102417	0.6606073975563049	-0.1308964341878891	0.6137429475784302	0.2921556830406189	0.6683324575424194	0.10692359507083893	0.30161622166633606	-0.14210964739322662	-0.1697596311569214	0.18879052996635437	0.3391147255897522	0.02788686566054821	0.6188104152679443	0.5023176670074463	0.12058625370264053	-0.21059882640838623	0.5823941230773926	0.6538803577423096	0.48598381876945496	-0.3022848963737488	0.4657104015350342	0.2279302328824997	-0.20991474390029907	0.41356074810028076	0.4242146611213684	0.19578836858272552	0.25284963846206665	-0.1904997080564499	-0.006648274138569832	0.18977488577365875	0.2705647945404053	-0.007394489832222462	0.18873323500156403	0.6306430697441101	0.5491257905960083	0.7766427993774414	0.026794135570526123	0.39756906032562256	-0.024686209857463837	0.005694099236279726	0.22921936213970184	-0.1884474754333496	0.14267173409461975	-0.0809950903058052	-0.41182631254196167	-0.31225237250328064	0.32578083872795105	-0.16251243650913239	0.07950577139854431	0.42808136343955994	0.639725923538208	0.32698342204093933	0.52764493227005	0.06721359491348267	0.2409438192844391	-0.11134716868400574	-0.3441227972507477	-0.3699854910373688	0.13536317646503448	-0.2684604525566101	-0.1063605472445488	0.08491285145282745	0.57350754737854	0.03301858901977539	-0.04408007487654686	-0.3197450637817383	0.48092901706695557	0.32906991243362427	0.5377373695373535	0.6200957894325256	0.29908856749534607	0.21892103552818298	-0.21767385303974152	0.4014359712600708	0.4344477355480194	0.6533631086349487	0.3822452425956726	0.21736374497413635	-0.015432792715728283	0.398675799369812	0.11467734724283218	0.3495536744594574	0.4158441126346588	0.4558418095111847	-0.11699553579092026	-0.0955352708697319	0.27691954374313354	0.05584621801972389	0.5250403881072998	0.5870972871780396	0.35632139444351196	0.06100626662373543	0.0553298182785511	0.19077496230602264	-0.09901709109544754	-0.021135084331035614	0.47953301668167114	0.14504563808441162	0.17100118100643158	0.1978556215763092	0.3834065794944763	0.15499882400035858	0.5828694701194763	0.19382357597351074	0.3311050534248352	0.6698222160339355	0.26852065324783325	0.48673462867736816	0.48160871863365173	0.27243515849113464	0.20678193867206573	0.3782256245613098	0.5579738020896912	0.26996099948883057	0.37965381145477295	0.4117640554904938	0.018558355048298836	0.13732114434242249	0.270722895860672	0.13729624450206757	0.16182877123355865	-0.05648205056786537	-0.009420805610716343	-0.1457921266555786	0.013712476007640362	-0.33476516604423523	-0.2765626013278961	-0.463010311126709	-0.5616931319236755	-0.3702360689640045	-0.26528990268707275
