Node	DMN_LABEL_1	Vis_LABEL_2	FP_LABEL_3	Aud_LABEL_4	Tpole_LABEL_5	PMN_LABEL_6	PON_LABEL_7	MTL_LABEL_8	PON_LABEL_9	CO_LABEL_10	Sal_LABEL_11	CO_LABEL_12	SMd_LABEL_13	SMl_LABEL_14	DAN_LABEL_15	DMN_LABEL_16	CO_LABEL_17	DMN_LABEL_18	VAN_LABEL_19	CO_LABEL_20	CO_LABEL_21	Sal_LABEL_22	DAN_LABEL_23	PMN_LABEL_24	DAN_LABEL_25	DMN_LABEL_26	DMN_LABEL_27	DMN_LABEL_28	Vis_LABEL_29	FP_LABEL_30	Aud_LABEL_31	Tpole_LABEL_32	PMN_LABEL_33	PON_LABEL_34	MTL_LABEL_35	CO_LABEL_36	Sal_LABEL_37	CO_LABEL_38	SMd_LABEL_39	SMl_LABEL_40	DAN_LABEL_41	CO_LABEL_42	VAN_LABEL_43	CO_LABEL_44	CO_LABEL_45	Sal_LABEL_46	DAN_LABEL_47	PMN_LABEL_48	DAN_LABEL_49	DMN_LABEL_50	FP_LABEL_51	DMN_LABEL_52	DMN_LABEL_53	PON_LABEL_54	DMN_LABEL_55	Tpole_LABEL_56	Tpole_LABEL_57	Sal_LABEL_58	Sal_LABEL_59	SMd_LABEL_60	DAN_LABEL_61	FP_LABEL_62	DMN_LABEL_63	FP_LABEL_64	FP_LABEL_65	SMd_LABEL_66	SMl_LABEL_67	SMd_LABEL_68	DMN_LABEL_69	DAN_LABEL_70	DMN_LABEL_71	FP_LABEL_72	SMd_LABEL_73	SMl_LABEL_74	MTL_LABEL_75	MTL_LABEL_76	CO_LABEL_77	CO_LABEL_78	Vis_LABEL_79	Vis_LABEL_80
DMN_LABEL_1	1.0	-0.1645847111940384	-0.38759005069732666	0.0678357183933258	-0.09174124151468277	0.20036983489990234	0.21848443150520325	n/a	-0.26607999205589294	-0.3348275125026703	-0.11489255726337433	-0.321144700050354	-0.13850733637809753	0.025220640003681183	-0.4123798608779907	0.4414077699184418	-0.1400766223669052	0.19628524780273438	0.4136059284210205	-0.17346599698066711	-0.39652836322784424	0.12865464389324188	-0.42999520897865295	0.04412970691919327	-0.4540000557899475	0.27771416306495667	0.01604996621608734	0.507003664970398	-0.09883183240890503	-0.5368893146514893	0.002463871380314231	0.10555346310138702	0.05905653536319733	0.2274641990661621	n/a	-0.28960120677948	-0.3626980781555176	-0.011019473895430565	0.007314525078982115	0.04360424727201462	-0.40173444151878357	-0.10934802889823914	0.5455343723297119	-0.27618923783302307	-0.17103451490402222	0.18014279007911682	-0.3607885241508484	-0.029348336160182953	-0.3838844895362854	0.09836200624704361	-0.5734366774559021	0.7020723819732666	0.19660109281539917	-0.328847736120224	0.4726203382015228	0.09668342024087906	0.051942724734544754	0.05085831880569458	0.2125607281923294	-0.004596393555402756	-0.18911296129226685	0.13055875897407532	0.5225303173065186	0.0817706435918808	-0.09490220248699188	-0.0227446760982275	-0.11288664489984512	-0.238412007689476	0.2906312644481659	-0.21800972521305084	0.545876681804657	-0.058800678700208664	-0.13062262535095215	-0.05678556114435196	-0.15666350722312927	0.008171936497092247	0.05379858613014221	-0.03598429635167122	0.0235921498388052	0.07025153189897537
Vis_LABEL_2	-0.1645847111940384	1.0	-0.36299243569374084	0.055333394557237625	-0.2168010175228119	0.04308994114398956	-0.08969678729772568	n/a	-0.1514362394809723	-0.06815826892852783	-0.21427734196186066	-0.11970856785774231	-0.23983727395534515	-0.13291484117507935	-0.3120275139808655	-0.2777624726295471	0.02483038417994976	-0.42744600772857666	-0.17417177557945251	-0.04064685106277466	-0.24574238061904907	-0.15676407516002655	0.460133820772171	-0.050102122128009796	0.22371837496757507	-0.33771756291389465	-0.21224713325500488	-0.05536085367202759	0.9156379699707031	-0.3760697543621063	0.07636501640081406	-0.38285887241363525	0.02424905262887478	0.13389576971530914	n/a	-0.2728617191314697	-0.19895105063915253	0.07902500778436661	-0.14572648704051971	-0.0824250727891922	-0.0358525775372982	-0.08053252846002579	-0.2814462184906006	-0.19318249821662903	-0.09495009481906891	-0.23434893786907196	0.39131447672843933	-0.04356939718127251	0.10937526822090149	-0.4009236991405487	-0.09965085983276367	-0.3479399085044861	-0.411128431558609	0.08267468214035034	-0.22995053231716156	-0.045519113540649414	0.2223212569952011	-0.19668535888195038	-0.02552969567477703	-0.34806638956069946	0.11029110103845596	-0.23694753646850586	-0.22896890342235565	-0.24692273139953613	-0.07626301050186157	0.07730309665203094	-0.20938518643379211	-0.24740517139434814	-0.10091080516576767	0.04574751853942871	-0.09623713791370392	-0.13574044406414032	-0.2512713372707367	-0.07835792005062103	-0.42068585753440857	-0.4009774923324585	0.13742013275623322	0.27322840690612793	0.4160729646682739	0.7340584993362427
FP_LABEL_3	-0.38759005069732666	-0.36299243569374084	1.0	-0.10639914870262146	0.22727885842323303	-0.1937023401260376	-0.041385017335414886	n/a	0.215873122215271	0.1519811600446701	0.44194546341896057	0.10303995758295059	0.28497079014778137	-0.0912693589925766	0.6207578778266907	0.02108452282845974	0.04053616151213646	0.23171962797641754	0.055869344621896744	0.028835255652666092	0.22604890167713165	-0.18739835917949677	0.09004518389701843	-0.11248721182346344	0.10021932423114777	-0.07758843898773193	0.3050561845302582	-0.10848589986562729	-0.35755014419555664	0.5414741039276123	-0.0033866858575493097	0.08872836083173752	-0.3676609992980957	-0.21900415420532227	n/a	0.18261177837848663	0.1502663642168045	-0.2334216684103012	0.09321697056293488	-0.10882408171892166	0.474139541387558	-0.07592460513114929	-0.14513897895812988	0.2302546352148056	-0.21727506816387177	-0.05567255988717079	0.04038483649492264	-0.3072393834590912	0.23766092956066132	0.3455950617790222	0.27683576941490173	-0.2564964294433594	0.15635842084884644	0.20320984721183777	-0.06144345924258232	0.025764336809515953	-0.26849547028541565	0.16001246869564056	0.024476071819663048	0.30623945593833923	-0.05134788900613785	-0.2520669400691986	-0.2524469792842865	0.1385045200586319	0.008043252862989902	0.03599231690168381	0.10101858526468277	0.4286007583141327	-0.026056453585624695	0.2779057025909424	-0.11281827092170715	0.44278934597969055	0.3011249899864197	0.11180611699819565	0.2297430783510208	0.3325613737106323	-0.06213967129588127	-0.0989333912730217	-0.19816026091575623	-0.3048616945743561
Aud_LABEL_4	0.0678357183933258	0.055333394557237625	-0.10639914870262146	1.0	-0.014571046456694603	0.012532904744148254	0.4408711791038513	n/a	-0.0949082300066948	-0.05531707778573036	-0.16408531367778778	0.3596968352794647	0.4791334271430969	0.5714938640594482	-0.25470131635665894	-0.339664489030838	0.4393494427204132	-0.09814789891242981	-0.12166576087474823	0.23476949334144592	0.042243558913469315	-0.004929517395794392	-0.10595156252384186	-0.020611463114619255	-0.2567904591560364	-0.11919689923524857	-0.0022206029389053583	-0.13038140535354614	-0.008351505734026432	-0.41420644521713257	0.8215722441673279	0.043929554522037506	0.11773471534252167	0.39718469977378845	n/a	0.21042373776435852	-0.16694645583629608	0.02777400240302086	0.621889054775238	0.5777834057807922	-0.0690181776881218	0.4023211896419525	0.19999609887599945	0.17782996594905853	0.1997506022453308	-0.07317769527435303	-0.06184262037277222	-0.06723617762327194	-0.19152341783046722	-0.2377198040485382	-0.4198172390460968	0.18141914904117584	-0.07143615186214447	-0.16936051845550537	0.0904494896531105	0.2862875461578369	0.31583350896835327	-0.12558718025684357	-0.1163531169295311	0.2295166403055191	-0.2580079138278961	-0.4509974420070648	-0.4175514876842499	-0.5076903700828552	-0.20954753458499908	-0.15363195538520813	0.044852323830127716	0.17807455360889435	-0.0334516316652298	-0.03515203297138214	-0.38413819670677185	-0.39165225625038147	-0.32103431224823	-0.18408696353435516	0.11769580096006393	0.42267513275146484	0.045864880084991455	-0.10787596553564072	0.2071412056684494	0.08396873623132706
Tpole_LABEL_5	-0.09174124151468277	-0.2168010175228119	0.22727885842323303	-0.014571046456694603	1.0	-0.34875625371932983	-0.06398842483758926	n/a	0.10696537792682648	0.20246830582618713	0.2674059569835663	0.15070514380931854	-0.014733592048287392	0.19870218634605408	-0.048964738845825195	-0.2633996307849884	-0.1251857876777649	0.034104395657777786	0.12687523663043976	0.0239438246935606	0.13243983685970306	-0.09639767557382584	-0.20530566573143005	-0.3518568277359009	-0.13817954063415527	-0.13968218863010406	0.09834947437047958	-0.17383353412151337	-0.18655015528202057	0.09057091921567917	-0.022944007068872452	0.5596903562545776	-0.24933530390262604	0.006138614844530821	n/a	0.22676895558834076	0.1641370952129364	0.342338889837265	0.07248352468013763	0.17004679143428802	-0.09122913330793381	0.15589869022369385	0.2666844427585602	0.38170918822288513	0.13039417564868927	0.18641036748886108	-0.04906829819083214	-0.25256410241127014	-0.01833214983344078	-0.016956055536866188	0.08052019774913788	0.054550979286432266	0.43057960271835327	0.10447034984827042	0.30083003640174866	0.06393082439899445	-0.06760206818580627	0.39877912402153015	0.33525097370147705	0.02186415158212185	0.21821896731853485	-0.1717039793729782	0.05381963774561882	0.011606551706790924	-0.037396226078271866	-0.12477659434080124	0.23494142293930054	-0.030363183468580246	-0.10783220827579498	0.2017269730567932	-0.3024752736091614	0.18688847124576569	0.17923760414123535	0.2482897788286209	0.4580443203449249	0.4474344551563263	0.21358899772167206	0.2679309844970703	0.13641713559627533	-0.15143007040023804
PMN_LABEL_6	0.20036983489990234	0.04308994114398956	-0.1937023401260376	0.012532904744148254	-0.34875625371932983	1.0	0.12172793596982956	n/a	-0.006451980210840702	0.005151914898306131	0.13951115310192108	0.05638141930103302	-0.2095351219177246	-0.20186877250671387	-0.02870813012123108	0.2075796127319336	-0.16841323673725128	0.16799049079418182	-0.07284978032112122	-0.018093666061758995	-0.013933070935308933	0.28518953919410706	0.1397918164730072	0.6620205640792847	0.12903155386447906	0.5625126361846924	0.05588548257946968	0.39445045590400696	-0.054830096662044525	-0.17904211580753326	-0.19230011105537415	-0.34123337268829346	0.650597870349884	0.06715098768472672	n/a	-0.06810945272445679	0.07632652670145035	0.1290832757949829	-0.17307287454605103	-0.16568197309970856	-0.2116110920906067	-0.08071370422840118	-0.27121350169181824	-0.16097453236579895	-0.14692935347557068	0.13968868553638458	-0.17596332728862762	0.41139665246009827	-0.28615036606788635	-0.032131973654031754	-0.08770934492349625	0.06565383821725845	-0.2887163460254669	-0.223050057888031	-0.25223803520202637	-0.02763541229069233	-0.02414669655263424	-0.10494928807020187	-0.046483274549245834	-0.01825009286403656	-0.06695690751075745	-0.021472783759236336	-0.032531049102544785	-0.1060924232006073	0.27262523770332336	-0.11358694732189178	-0.033286042511463165	-0.06053278595209122	-0.027824288234114647	0.018045315518975258	0.3113380968570709	0.17360663414001465	-0.051180873066186905	-0.02415524050593376	-0.05403362214565277	-0.09504624456167221	0.09940401464700699	-0.12051650136709213	0.10529947280883789	0.010741572827100754
PON_LABEL_7	0.21848443150520325	-0.08969678729772568	-0.041385017335414886	0.4408711791038513	-0.06398842483758926	0.12172793596982956	1.0	n/a	0.47634634375572205	-0.12301712483167648	-0.17139747738838196	0.07686322182416916	0.3589819073677063	0.32354286313056946	0.046022865921258926	-0.30391445755958557	0.10182368010282516	-0.2760232090950012	-0.14077329635620117	-0.035049110651016235	-0.04085160419344902	0.03165014460682869	-0.1987282782793045	0.1310502588748932	-0.28543001413345337	0.0905262753367424	0.43585333228111267	-0.2548905611038208	-0.0857754647731781	-0.39429226517677307	0.42092618346214294	0.14435754716396332	0.2751895785331726	0.8335003852844238	n/a	0.08111178874969482	-0.10958590358495712	0.10377160459756851	0.5431863069534302	0.26398229598999023	0.17556700110435486	0.3178175687789917	0.14508473873138428	0.26542016863822937	0.005647739395499229	0.10319370031356812	-0.12766705453395844	0.04753302410244942	-0.06775100529193878	-0.1755983531475067	-0.3543683588504791	0.42780575156211853	-0.06297555565834045	0.15949037671089172	0.14640094339847565	0.20843826234340668	-0.0815996527671814	0.031752556562423706	0.019244490191340446	0.18760105967521667	-0.041700419038534164	-0.438008576631546	-0.20874866843223572	-0.2775540053844452	-0.12849092483520508	0.06752799451351166	-0.051648445427417755	0.2514602839946747	0.1231672391295433	0.020801981911063194	-0.1951381117105484	-0.17154079675674438	-0.28775927424430847	-0.3261542320251465	0.1722823828458786	0.24716755747795105	0.1640949845314026	-0.19115222990512848	0.28560712933540344	0.08832396566867828
MTL_LABEL_8	n/a	n/a	n/a	n/a	n/a	n/a	n/a	1.0	n/a	n/a	n/a	n/a	n/a	n/a	n/a	n/a	n/a	n/a	n/a	n/a	n/a	n/a	n/a	n/a	n/a	n/a	n/a	n/a	n/a	n/a	n/a	n/a	n/a	n/a	n/a	n/a	n/a	n/a	n/a	n/a	n/a	n/a	n/a	n/a	n/a	n/a	n/a	n/a	n/a	n/a	n/a	n/a	n/a	n/a	n/a	n/a	n/a	n/a	n/a	n/a	n/a	n/a	n/a	n/a	n/a	n/a	n/a	n/a	n/a	n/a	n/a	n/a	n/a	n/a	n/a	n/a	n/a	n/a	n/a	n/a
PON_LABEL_9	-0.26607999205589294	-0.1514362394809723	0.215873122215271	-0.0949082300066948	0.10696537792682648	-0.006451980210840702	0.47634634375572205	n/a	1.0	0.06507633626461029	0.034271251410245895	0.1460990011692047	0.15248453617095947	-0.1344739943742752	0.34182044863700867	-0.2560982406139374	0.13379843533039093	-0.16195052862167358	-0.16860224306583405	0.21146997809410095	0.17227448523044586	0.10525573790073395	0.12939168512821198	-0.01860174350440502	0.25742921233177185	0.03215174004435539	0.4233761131763458	-0.2946307361125946	-0.12283337116241455	0.1073145940899849	0.03725949674844742	0.14925025403499603	0.17749646306037903	0.33050569891929626	n/a	-0.06726554036140442	0.13363517820835114	0.2936077415943146	0.0640181303024292	-0.18709668517112732	0.35965684056282043	0.2409675121307373	-0.17772547900676727	0.35643503069877625	0.013609156012535095	0.09460955113172531	0.11920057982206345	-0.030817991122603416	0.41680511832237244	-0.278337687253952	-0.03499659523367882	0.08026355504989624	0.01714492030441761	0.5332198739051819	-0.19732153415679932	0.1291913092136383	-0.22473345696926117	0.2986711859703064	0.1711016148328781	-0.06866679340600967	0.14455479383468628	-0.19747142493724823	-0.18392381072044373	-0.12262184917926788	-0.12714077532291412	0.08963503688573837	-0.0479351244866848	0.28099551796913147	0.18262284994125366	0.41432660818099976	-0.3038851320743561	0.040558770298957825	0.21216386556625366	-0.18265023827552795	0.30331453680992126	0.10477028787136078	-0.030779683962464333	-0.08526576310396194	0.37992939352989197	0.07705840468406677
CO_LABEL_10	-0.3348275125026703	-0.06815826892852783	0.1519811600446701	-0.05531707778573036	0.20246830582618713	0.005151914898306131	-0.12301712483167648	n/a	0.06507633626461029	1.0	-0.058130957186222076	0.5184492468833923	0.23544341325759888	-0.01389668881893158	0.360790491104126	-0.1858677715063095	0.31513381004333496	-0.06404854357242584	-0.3210311233997345	0.209330752491951	0.6085869073867798	0.11555524915456772	0.041490338742733	-0.03804444894194603	0.23836152255535126	-0.22225473821163177	-0.18852664530277252	-0.2060704529285431	-0.16247861087322235	0.3207267224788666	-0.05662652850151062	0.09499502927064896	0.07720478624105453	-0.1471441239118576	n/a	0.6741563081741333	0.42351895570755005	0.3302309811115265	-0.08189058303833008	-0.036762889474630356	0.10776273906230927	0.4103473126888275	-0.25960391759872437	0.43583038449287415	0.4344628155231476	0.07391321659088135	-0.004792007617652416	-0.06828377395868301	-0.04819189012050629	-0.18153615295886993	0.2505231499671936	-0.3160080313682556	-0.11427170038223267	0.23790337145328522	-0.3257862329483032	-0.10979361832141876	-0.24673348665237427	-0.1258927583694458	-0.14978718757629395	-0.11095723509788513	0.2524668872356415	-0.1092347726225853	-0.23447416722774506	-0.08057675510644913	-0.03167431056499481	-0.1273776888847351	-0.017659366130828857	0.10383018106222153	-0.42232954502105713	-0.13560819625854492	-0.4238731861114502	-0.057073481380939484	0.15409769117832184	0.017375018447637558	0.20884351432323456	0.1764487326145172	0.2079586237668991	-0.007473568897694349	-0.12462383508682251	-0.23992624878883362
Sal_LABEL_11	-0.11489255726337433	-0.21427734196186066	0.44194546341896057	-0.16408531367778778	0.2674059569835663	0.13951115310192108	-0.17139747738838196	n/a	0.034271251410245895	-0.058130957186222076	1.0	-0.145952045917511	-0.08819372951984406	-0.18391138315200806	0.2157163918018341	-0.049606192857027054	-0.3429393470287323	0.05021890997886658	0.015278330072760582	-0.024109259247779846	0.12131334096193314	0.25503262877464294	-0.03395719826221466	0.20620962977409363	-0.00557327875867486	0.016151148825883865	0.36775991320610046	-0.06111985445022583	-0.21494676172733307	0.286760151386261	-0.2245865911245346	-0.10460563749074936	-0.14833055436611176	-0.2619478404521942	n/a	-0.0765264555811882	0.5763651728630066	-0.14808551967144012	-0.02063656412065029	-0.2358231544494629	0.19002997875213623	-0.09383038431406021	-0.06562909483909607	0.20907050371170044	-0.09057702869176865	0.4123339354991913	-0.10669403523206711	-0.007630921900272369	-0.03183234855532646	0.09988962113857269	0.2329501509666443	-0.18870289623737335	-0.08090798556804657	0.11276189237833023	-0.09445665776729584	-0.21034491062164307	-0.25132620334625244	0.27472740411758423	0.1916957050561905	0.10980058461427689	-0.11743615567684174	-0.05340801179409027	-0.17320185899734497	0.26027679443359375	0.21089290082454681	-0.05140809342265129	0.039471980184316635	-0.12434370815753937	-0.08048585802316666	0.2621419131755829	0.10131825506687164	0.4934430718421936	0.16320931911468506	0.08798140287399292	0.0702957808971405	0.08542131632566452	0.1550719141960144	0.016934925690293312	0.04841519892215729	-0.23135291039943695
CO_LABEL_12	-0.321144700050354	-0.11970856785774231	0.10303995758295059	0.3596968352794647	0.15070514380931854	0.05638141930103302	0.07686322182416916	n/a	0.1460990011692047	0.5184492468833923	-0.145952045917511	1.0	0.4435577094554901	0.27924391627311707	0.27405259013175964	-0.1981915980577469	0.5816040635108948	0.03775522857904434	-0.17699211835861206	0.35908618569374084	0.4887702167034149	0.08930874615907669	0.03638404980301857	-0.060161661356687546	0.1263994574546814	-0.16810694336891174	-0.009252545423805714	-0.06953804939985275	-0.23548591136932373	0.07560621947050095	0.3296150267124176	0.12823426723480225	0.21217530965805054	0.01689792238175869	n/a	0.4546293020248413	0.08909682929515839	0.3525729775428772	0.24738872051239014	0.29692578315734863	0.14751216769218445	0.6375293731689453	-0.20048679411411285	0.37275657057762146	0.2572924792766571	-0.16204459965229034	0.05532537028193474	-0.13378190994262695	0.011164646595716476	-0.21134530007839203	-0.01951790414750576	-0.09966697543859482	-0.10751126706600189	0.022645017132163048	-0.13091324269771576	0.0019535080064088106	0.010491990484297276	-0.04478435963392258	-0.21592764556407928	0.11430015414953232	0.2998494505882263	-0.44831496477127075	-0.45872947573661804	-0.5353974103927612	-0.19581417739391327	-0.3246290385723114	0.25030675530433655	0.3689638078212738	-0.22749468684196472	0.059862349182367325	-0.5989195108413696	-0.24822762608528137	0.08801526576280594	0.029298309236764908	0.18418219685554504	0.4232763648033142	0.051849108189344406	-0.0846661925315857	-0.10769574344158173	-0.2085135281085968
SMd_LABEL_13	-0.13850733637809753	-0.23983727395534515	0.28497079014778137	0.4791334271430969	-0.014733592048287392	-0.2095351219177246	0.3589819073677063	n/a	0.15248453617095947	0.23544341325759888	-0.08819372951984406	0.4435577094554901	1.0	0.6126448512077332	0.3585582971572876	-0.20755870640277863	0.38471710681915283	-0.15976914763450623	-0.44113224744796753	0.09712241590023041	0.19605696201324463	-0.366683691740036	-0.0813632681965828	0.1207309365272522	-0.1589655727148056	-0.2855149209499359	0.0686236172914505	-0.41249069571495056	-0.35766029357910156	0.15260793268680573	0.5390183925628662	0.08379665017127991	0.10347166657447815	0.28800174593925476	n/a	0.4275188446044922	-0.005415675695985556	-0.21335192024707794	0.7075505256652832	0.5182152986526489	0.3469966650009155	0.3689184784889221	-0.22107195854187012	0.26884377002716064	0.08080978691577911	-0.33704766631126404	0.0397430956363678	0.10061419010162354	-0.04864161089062691	0.145944282412529	0.01735753007233143	0.011493277736008167	0.045356858521699905	0.09752333909273148	0.11989639699459076	0.10203584283590317	-0.146087184548378	-0.18640831112861633	-0.23736093938350677	0.5222361087799072	-0.16305787861347198	-0.20770253241062164	-0.33118319511413574	-0.15078473091125488	-0.16317208111286163	0.17896626889705658	0.16470417380332947	0.5583627223968506	-0.10026541352272034	-0.08500999957323074	-0.4691983461380005	-0.17498600482940674	-0.07076176255941391	-0.20841555297374725	0.23422417044639587	0.2862217128276825	0.1139182448387146	-0.30607861280441284	-0.07529522478580475	-0.11797019094228745
SMl_LABEL_14	0.025220640003681183	-0.13291484117507935	-0.0912693589925766	0.5714938640594482	0.19870218634605408	-0.20186877250671387	0.32354286313056946	n/a	-0.1344739943742752	-0.01389668881893158	-0.18391138315200806	0.27924391627311707	0.6126448512077332	1.0	-0.07590289413928986	-0.29525861144065857	0.18389569222927094	-0.12472207099199295	-0.2151222974061966	-0.1335776299238205	-0.052250850945711136	-0.40076684951782227	-0.21986643970012665	-0.05662330612540245	-0.42696353793144226	-0.20995086431503296	-0.07039153575897217	-0.3953953981399536	-0.24967500567436218	-0.1781468540430069	0.6571179628372192	0.4185812771320343	0.07780321687459946	0.4064899981021881	n/a	0.2565609812736511	-0.22149434685707092	-0.03992507606744766	0.7640252113342285	0.9506707787513733	-0.02337667904794216	0.2648826837539673	0.061727460473775864	0.1450897604227066	0.07886708527803421	-0.31417691707611084	-0.03191383555531502	0.07895757257938385	-0.311518132686615	0.07812772691249847	-0.19535675644874573	0.1689738780260086	0.2594835162162781	-0.10133229941129684	0.3321286141872406	0.20094914734363556	0.15875807404518127	-0.08458214998245239	-0.13792525231838226	0.4616061747074127	-0.2443198710680008	-0.2017689198255539	-0.12736085057258606	-0.24246782064437866	-0.3268176317214966	0.10736940056085587	0.42900753021240234	0.22521914541721344	-0.10373766720294952	-0.3003711700439453	-0.3319038450717926	-0.39356529712677	-0.3484783470630646	-0.02064717747271061	0.28396421670913696	0.33483871817588806	0.09029297530651093	-0.14622262120246887	0.0270851980894804	-0.018178816884756088
DAN_LABEL_15	-0.4123798608779907	-0.3120275139808655	0.6207578778266907	-0.25470131635665894	-0.048964738845825195	-0.02870813012123108	0.046022865921258926	n/a	0.34182044863700867	0.360790491104126	0.2157163918018341	0.27405259013175964	0.3585582971572876	-0.07590289413928986	1.0	0.03579845279455185	0.06109826639294624	0.07853982597589493	-0.17841753363609314	-0.0783083438873291	0.1872139871120453	-0.14189456403255463	0.35763999819755554	0.12799935042858124	0.4248914122581482	-0.11210322380065918	0.3981139361858368	-0.22177976369857788	-0.34538158774375916	0.4831660985946655	-0.15515796840190887	-0.09445100277662277	-0.0315442755818367	-0.14322718977928162	n/a	0.27941372990608215	0.25835108757019043	-0.10668756067752838	0.04196985438466072	-0.13314759731292725	0.6932306885719299	0.11165758222341537	-0.4064089357852936	0.2124030739068985	-0.1512417197227478	-0.10141059011220932	0.2708885669708252	-0.06539153307676315	0.3286522328853607	0.1672922968864441	0.24110284447669983	-0.26166778802871704	-0.03681204095482826	0.5390458106994629	-0.2037675678730011	-0.2989906668663025	-0.5540599226951599	-0.0951516404747963	-0.26368504762649536	0.19414223730564117	0.13413724303245544	0.006189363542944193	-0.18014758825302124	0.13019075989723206	-0.010043082758784294	-0.10545428097248077	0.1556258499622345	0.5259032845497131	-0.058689363300800323	0.2218603491783142	-0.11986414343118668	0.3182571828365326	0.4214194715023041	0.03137414902448654	0.07198923826217651	-0.08713965117931366	0.17414812743663788	-0.16672028601169586	-0.30574584007263184	-0.35398101806640625
DMN_LABEL_16	0.4414077699184418	-0.2777624726295471	0.02108452282845974	-0.339664489030838	-0.2633996307849884	0.2075796127319336	-0.30391445755958557	n/a	-0.2560982406139374	-0.1858677715063095	-0.049606192857027054	-0.1981915980577469	-0.20755870640277863	-0.29525861144065857	0.03579845279455185	1.0	-0.28871864080429077	0.7577451467514038	0.32359397411346436	-0.19563467800617218	-0.2486112415790558	-0.10627982020378113	-0.04104429855942726	0.08786007761955261	-0.0690120980143547	0.4961831569671631	0.008897611871361732	0.6823522448539734	-0.2605467736721039	0.13383826613426208	-0.3738310933113098	-0.13497580587863922	-0.07394111156463623	-0.411942720413208	n/a	-0.23774120211601257	-0.30544155836105347	-0.33315759897232056	-0.37453389167785645	-0.244694784283638	-0.1971205621957779	-0.43907472491264343	0.003973070532083511	-0.3891187906265259	-0.3069123327732086	-0.06875284016132355	-0.17276805639266968	0.005103385075926781	-0.11739805340766907	0.5246624946594238	-0.03793736547231674	0.14037954807281494	0.25090527534484863	-0.24073907732963562	0.1554662436246872	-0.03757356479763985	0.019606461748480797	-0.13042958080768585	0.01064362097531557	0.026322897523641586	-0.1984114646911621	0.4558640122413635	0.41654208302497864	0.33717507123947144	0.015112882480025291	0.1279175877571106	0.08707187324762344	-0.004019706975668669	0.12224109470844269	-0.1568017154932022	0.6010534763336182	0.2365291714668274	0.2690800726413727	0.16377326846122742	-0.194158136844635	-0.2590186297893524	-0.09821844846010208	-0.1973695307970047	-0.4139244556427002	-0.2505761981010437
CO_LABEL_17	-0.1400766223669052	0.02483038417994976	0.04053616151213646	0.4393494427204132	-0.1251857876777649	-0.16841323673725128	0.10182368010282516	n/a	0.13379843533039093	0.31513381004333496	-0.3429393470287323	0.5816040635108948	0.38471710681915283	0.18389569222927094	0.06109826639294624	-0.28871864080429077	1.0	-0.1735304296016693	-0.04769771918654442	0.41536805033683777	0.46492883563041687	0.14665034413337708	-0.021476546302437782	-0.17329828441143036	0.16268357634544373	-0.28318437933921814	-0.1850089132785797	-0.1124621257185936	-0.022347476333379745	-0.08941557258367538	0.45471078157424927	0.0933493971824646	0.010142737999558449	0.049822788685560226	n/a	0.21658626198768616	-0.14466920495033264	0.22456246614456177	0.27453139424324036	0.24319255352020264	0.08670762926340103	0.6674486994743347	-0.05493301525712013	0.20518049597740173	0.3028286099433899	-0.23100730776786804	0.007779701612889767	-0.2088714987039566	0.13130877912044525	-0.4820798933506012	-0.29103517532348633	-0.024462690576910973	-0.21656301617622375	-0.02012624777853489	-0.23656313121318817	0.2669990360736847	0.009390353225171566	-0.16309122741222382	-0.2760220170021057	0.011679681949317455	0.01292747724801302	-0.3718099892139435	-0.33819258213043213	-0.39698874950408936	-0.2835395038127899	-0.10539469867944717	0.1527693122625351	0.15614162385463715	-0.10646022856235504	-0.01856023631989956	-0.47558367252349854	-0.46745923161506653	-0.07629562169313431	-0.0785360112786293	0.02953868918120861	0.35045403242111206	-0.22635772824287415	-0.15418633818626404	0.004826347343623638	0.018517453223466873
DMN_LABEL_18	0.19628524780273438	-0.42744600772857666	0.23171962797641754	-0.09814789891242981	0.034104395657777786	0.16799049079418182	-0.2760232090950012	n/a	-0.16195052862167358	-0.06404854357242584	0.05021890997886658	0.03775522857904434	-0.15976914763450623	-0.12472207099199295	0.07853982597589493	0.7577451467514038	-0.1735304296016693	1.0	0.38475751876831055	0.018829969689249992	-0.1678341180086136	-0.09578143060207367	-0.014456701464951038	-0.07838310301303864	-0.053897932171821594	0.5882124900817871	0.032685499638319016	0.5737790465354919	-0.4169004261493683	0.1847485899925232	-0.12414620071649551	0.17395448684692383	-0.09153617918491364	-0.48361289501190186	n/a	-0.10951497405767441	-0.22503069043159485	-0.15940462052822113	-0.3044850826263428	-0.028380360454320908	-0.25224828720092773	-0.3082819879055023	0.027857931330800056	-0.2600608170032501	-0.23681855201721191	-0.07700596749782562	-0.2127264142036438	-0.18507081270217896	-0.2113765925168991	0.5004852414131165	0.025854406878352165	0.1541210412979126	0.49888530373573303	-0.21317656338214874	0.22643502056598663	0.19931578636169434	0.07287880778312683	0.05137565732002258	0.03409712761640549	0.019721167162060738	-0.19452373683452606	0.25311487913131714	0.2432945966720581	0.10944844037294388	-0.062172356992959976	-0.15704746544361115	0.17404331266880035	0.17923471331596375	0.1389242261648178	-0.09609322994947433	0.3715360164642334	0.23000235855579376	0.4037693440914154	0.3695034086704254	0.10529331862926483	0.07943085581064224	-0.1396481990814209	-0.18929894268512726	-0.3819572925567627	-0.37273654341697693
VAN_LABEL_19	0.4136059284210205	-0.17417177557945251	0.055869344621896744	-0.12166576087474823	0.12687523663043976	-0.07284978032112122	-0.14077329635620117	n/a	-0.16860224306583405	-0.3210311233997345	0.015278330072760582	-0.17699211835861206	-0.44113224744796753	-0.2151222974061966	-0.17841753363609314	0.32359397411346436	-0.04769771918654442	0.38475751876831055	1.0	-0.017120826989412308	-0.19838358461856842	0.18470226228237152	-0.05477369576692581	-0.48939281702041626	-0.0530988909304142	0.07621970772743225	-0.07028210163116455	0.61613529920578	-0.011648349463939667	-0.4017484188079834	-0.14208975434303284	0.1649903506040573	-0.4995255172252655	-0.19129584729671478	n/a	-0.24910204112529755	-0.4217945337295532	0.23556922376155853	-0.17582282423973083	-0.10758176445960999	-0.14271192252635956	-0.2264205813407898	0.602847695350647	-0.10160773247480392	-0.15715305507183075	0.0495782345533371	-0.03625829890370369	-0.5951403379440308	0.13319334387779236	-0.05787721648812294	-0.43174439668655396	0.2520724833011627	0.32424989342689514	-0.14363093674182892	0.12097813934087753	-0.006103521678596735	0.2230226844549179	0.3308224081993103	0.30989870429039	-0.1470717042684555	0.0744251161813736	-0.0547415167093277	0.26791927218437195	-0.12020055949687958	-0.28016749024391174	-0.38595128059387207	0.13854937255382538	-0.09531734138727188	0.4138455092906952	0.20679406821727753	0.3797866404056549	0.20523835718631744	0.23192846775054932	0.24197201430797577	0.021400339901447296	0.1708032488822937	-0.11384318023920059	0.25047874450683594	-0.0630657970905304	-0.005201860796660185
CO_LABEL_20	-0.17346599698066711	-0.04064685106277466	0.028835255652666092	0.23476949334144592	0.0239438246935606	-0.018093666061758995	-0.035049110651016235	n/a	0.21146997809410095	0.209330752491951	-0.024109259247779846	0.35908618569374084	0.09712241590023041	-0.1335776299238205	-0.0783083438873291	-0.19563467800617218	0.41536805033683777	0.018829969689249992	-0.017120826989412308	1.0	0.3459475636482239	0.2557775378227234	-0.08568570762872696	-0.12415957450866699	0.3540753126144409	0.09918159991502762	-0.12112417817115784	0.09455432742834091	0.016844425350427628	0.005983030889183283	0.22182756662368774	-0.12375751882791519	0.03517851606011391	-0.12347560375928879	n/a	0.15342022478580475	0.1243252381682396	0.19875817000865936	-0.12301816791296005	-0.10524824261665344	-0.05376257747411728	0.2959620952606201	0.021173056215047836	0.3193897306919098	0.366778165102005	0.011691250838339329	-0.14493735134601593	-0.14370344579219818	0.13080310821533203	-0.37193360924720764	0.05150517821311951	-0.031486447900533676	-0.10136812925338745	-0.027441656216979027	-0.2974078059196472	0.3248788118362427	0.17967645823955536	0.09962815046310425	-0.10601601004600525	-0.25317326188087463	0.04466376081109047	-0.18700051307678223	-0.3179655969142914	-0.5405502915382385	-0.10927603393793106	-0.26986223459243774	-0.1549479216337204	0.11528211086988449	-0.058742400258779526	0.17375671863555908	-0.4135889410972595	-0.25380444526672363	0.2359905242919922	0.004502884577959776	0.11175461858510971	0.28876322507858276	-0.21225903928279877	0.004486008081585169	0.10607526451349258	-0.025075282901525497
CO_LABEL_21	-0.39652836322784424	-0.24574238061904907	0.22604890167713165	0.042243558913469315	0.13243983685970306	-0.013933070935308933	-0.04085160419344902	n/a	0.17227448523044586	0.6085869073867798	0.12131334096193314	0.4887702167034149	0.19605696201324463	-0.052250850945711136	0.1872139871120453	-0.2486112415790558	0.46492883563041687	-0.1678341180086136	-0.19838358461856842	0.3459475636482239	1.0	0.46919071674346924	-0.2758304476737976	-0.011373292654752731	0.12107978016138077	-0.12659096717834473	-0.14183951914310455	-0.15702150762081146	-0.282774955034256	0.337483674287796	-0.07315180450677872	-0.018573233857750893	-0.04445295408368111	-0.14019037783145905	n/a	0.5996803045272827	0.45443177223205566	0.2639564871788025	0.1484808474779129	-0.10565665364265442	0.1239459365606308	0.4743129312992096	-0.15050087869167328	0.5895026326179504	0.6915413737297058	0.2773225009441376	-0.2561388909816742	0.0001757907884893939	0.09512963891029358	-0.23703433573246002	0.2741297483444214	-0.3792992830276489	-0.3137335181236267	0.011655246838927269	-0.5233879685401917	-0.04028468206524849	-0.10396558046340942	0.09536241739988327	-0.008452688343822956	0.04769313707947731	0.18187279999256134	-0.2527894973754883	-0.43621179461479187	-0.13121247291564941	0.11332829296588898	0.0010276245884597301	0.07517372816801071	-0.09528101980686188	-0.38658028841018677	0.01248438935726881	-0.5185226798057556	-0.1600937843322754	-0.1354091763496399	-0.12140867114067078	0.2352444976568222	0.3227926790714264	-0.0953119620680809	0.006947212852537632	-0.1894351840019226	-0.32435300946235657
Sal_LABEL_22	0.12865464389324188	-0.15676407516002655	-0.18739835917949677	-0.004929517395794392	-0.09639767557382584	0.28518953919410706	0.03165014460682869	n/a	0.10525573790073395	0.11555524915456772	0.25503262877464294	0.08930874615907669	-0.366683691740036	-0.40076684951782227	-0.14189456403255463	-0.10627982020378113	0.14665034413337708	-0.09578143060207367	0.18470226228237152	0.2557775378227234	0.46919071674346924	1.0	-0.27431434392929077	0.1005682572722435	0.05863649398088455	0.15682628750801086	0.04403198882937431	0.19664393365383148	-0.08609254658222198	-0.12038788199424744	-0.17249087989330292	-0.17877180874347687	0.14024336636066437	0.0021489309147000313	n/a	-0.004021829925477505	0.4783567190170288	0.35923171043395996	-0.18911321461200714	-0.3667062520980835	-0.11162693798542023	0.20182228088378906	0.3073519170284271	0.24755078554153442	0.454592764377594	0.7487568855285645	-0.38103213906288147	-0.02464941143989563	-0.009237589314579964	-0.34932273626327515	-0.105185866355896	0.12939779460430145	-0.3904566168785095	-0.05026337504386902	-0.30243173241615295	-0.15079069137573242	-0.09707734733819962	0.29067936539649963	0.23791033029556274	-0.2615185081958771	0.20020192861557007	-0.10656708478927612	-0.10272067040205002	-0.15188747644424438	0.24643489718437195	-0.348415732383728	-0.2299932837486267	-0.3793635070323944	0.030366279184818268	0.20118360221385956	-0.0017675545532256365	-0.16390356421470642	-0.05766632407903671	-0.15127791464328766	-0.11134439706802368	0.0837315022945404	-0.06969659775495529	0.12957319617271423	0.021803414449095726	-0.17572134733200073
DAN_LABEL_23	-0.42999520897865295	0.460133820772171	0.09004518389701843	-0.10595156252384186	-0.20530566573143005	0.1397918164730072	-0.1987282782793045	n/a	0.12939168512821198	0.041490338742733	-0.03395719826221466	0.03638404980301857	-0.0813632681965828	-0.21986643970012665	0.35763999819755554	-0.04104429855942726	-0.021476546302437782	-0.014456701464951038	-0.05477369576692581	-0.08568570762872696	-0.2758304476737976	-0.27431434392929077	1.0	0.10149624943733215	0.572160005569458	-0.18237796425819397	0.08290273696184158	-0.07118247449398041	0.4146108031272888	-0.01258797012269497	-0.09667947888374329	-0.32071247696876526	0.031030261889100075	-0.15817798674106598	n/a	-0.1374804973602295	-0.13165298104286194	-0.016786277294158936	-0.23452095687389374	-0.17947641015052795	0.39765915274620056	-0.09189727902412415	-0.45455679297447205	-0.07616264373064041	-0.33562469482421875	-0.36939990520477295	0.7808904051780701	-0.00397813506424427	0.39633896946907043	-0.19680891931056976	0.015991181135177612	-0.44020095467567444	-0.16430068016052246	0.35021868348121643	-0.374357134103775	-0.1861182153224945	-0.0860244631767273	-0.2905043065547943	-0.2704184353351593	-0.17328135669231415	0.18088236451148987	-0.03715446591377258	-0.2101355344057083	-0.017021097242832184	-0.10598457604646683	-0.13978378474712372	0.07869404554367065	0.32893532514572144	-0.01564100757241249	0.354808509349823	-0.004864834249019623	0.30431118607521057	0.2993708848953247	0.1832694560289383	-0.17908957600593567	-0.3415725827217102	0.2598283290863037	-0.052866142243146896	0.22747266292572021	0.26511022448539734
PMN_LABEL_24	0.04412970691919327	-0.050102122128009796	-0.11248721182346344	-0.020611463114619255	-0.3518568277359009	0.6620205640792847	0.1310502588748932	n/a	-0.01860174350440502	-0.03804444894194603	0.20620962977409363	-0.060161661356687546	0.1207309365272522	-0.05662330612540245	0.12799935042858124	0.08786007761955261	-0.17329828441143036	-0.07838310301303864	-0.48939281702041626	-0.12415957450866699	-0.011373292654752731	0.1005682572722435	0.10149624943733215	1.0	0.05533793941140175	0.4044012129306793	0.2030360996723175	-0.05198680981993675	-0.20964881777763367	0.21069133281707764	-0.17624470591545105	-0.41082680225372314	0.7060872316360474	0.13003945350646973	n/a	-0.013729593716561794	0.3104991018772125	-0.26054736971855164	-0.005122850649058819	-0.07476203143596649	-0.07709558308124542	0.03420775383710861	-0.4422485828399658	-0.07656621187925339	-0.11267038434743881	0.05977481231093407	-0.14791031181812286	0.8203585743904114	-0.30551877617836	0.12558959424495697	0.23998259007930756	-0.043709855526685715	-0.4642605185508728	-0.1947452872991562	-0.12069977074861526	-0.1290757656097412	-0.3394407331943512	-0.33598989248275757	-0.2416454702615738	0.25440412759780884	-0.16196951270103455	0.21360306441783905	-0.045446041971445084	0.2968091666698456	0.5184527635574341	0.18557767570018768	-0.009436178021132946	0.07453587651252747	-0.2390729784965515	-0.10217150300741196	0.20596271753311157	0.20924296975135803	-0.10163605213165283	-0.0706038847565651	-0.1019229143857956	-0.20268596708774567	0.20619170367717743	-0.37133070826530457	0.019227271899580956	-0.14210772514343262
DAN_LABEL_25	-0.4540000557899475	0.22371837496757507	0.10021932423114777	-0.2567904591560364	-0.13817954063415527	0.12903155386447906	-0.28543001413345337	n/a	0.25742921233177185	0.23836152255535126	-0.00557327875867486	0.1263994574546814	-0.1589655727148056	-0.42696353793144226	0.4248914122581482	-0.0690120980143547	0.16268357634544373	-0.053897932171821594	-0.0530988909304142	0.3540753126144409	0.12107978016138077	0.05863649398088455	0.572160005569458	0.05533793941140175	1.0	-0.02250133454799652	-0.027838565409183502	0.07432828843593597	0.18487605452537537	0.1767512708902359	-0.32731515169143677	-0.4371657967567444	0.03730584681034088	-0.3680248260498047	n/a	0.0399126261472702	0.15391449630260468	0.1748674064874649	-0.42057037353515625	-0.4166668951511383	0.2200838327407837	-0.05089398846030235	-0.4003525376319885	0.10802615433931351	-0.02778531238436699	-0.10350310802459717	0.28998687863349915	0.022535745054483414	0.4654916822910309	-0.3426476716995239	0.16795769333839417	-0.3893860876560211	-0.2268168032169342	0.40984266996383667	-0.5585079789161682	-0.12345140427350998	-0.16673606634140015	-0.11058709025382996	-0.2278386652469635	-0.27536770701408386	0.168806791305542	0.10656409710645676	-0.1425628811120987	-0.10113922506570816	0.0899408683180809	-0.16081073880195618	0.024326760321855545	0.11536158621311188	-0.07887580245733261	0.43020662665367126	-0.1435248702764511	0.12841874361038208	0.5150538086891174	0.2531186044216156	-0.09924601018428802	-0.2718808352947235	0.04674958810210228	0.14564970135688782	0.1301887482404709	-0.015308906324207783
