Node	HIP-head-m-rh	HIP-head-l-rh	HIP-body-rh	HIP-tail-rh	THA-VPm-rh	THA-VPl-rh	THA-VAi-rh	THA-VAs-rh	THA-DAm-rh	THA-DAl-rh	PUT-VA-rh	PUT-DA-rh	PUT-VP-rh	PUT-DP-rh	CAU-VA-rh	CAU-DA-rh	CAU-body-rh	CAU-tail-rh	lAMY-rh	mAMY-rh	THA-DP-rh	NAc-shell-rh	NAc-core-rh	pGP-rh	aGP-rh	HIP-head-m-lh	HIP-head-l-l	HIP-body-l	HIP-tail-lh	THA-VPm-lh	THA-VPl-lh	THA-VAi-lh	THA-VAs-lh	THA-DAm-lh	THA-DAl-lh	PUT-VA-lh	PUT-DA-l	PUT-VP-lh	PUT-DP-lh	CAU-VA-lh	CAU-DA-lh	CAU-body-lh	CAU-tail-lh	lAMY-lh	mAMY-lh	THA-DP-lh	NAc-shell-lh	NAc-core-lh	pGP-lh	aGP-lh
HIP-head-m-rh	1.0	0.1751551330089569	-0.04998636245727539	0.13409821689128876	-0.04130106419324875	-0.28236931562423706	-0.3786250650882721	0.07229219377040863	0.11178556084632874	0.03146614134311676	0.3035149574279785	0.23253238201141357	0.539925217628479	0.22773796319961548	0.24153278768062592	0.18720199167728424	-0.006849334109574556	0.23094959557056427	0.15273167192935944	0.3681725859642029	0.48617544770240784	-0.024290096014738083	0.5639970898628235	0.1768217533826828	0.37287670373916626	0.415670782327652	-0.3193458020687103	-0.3785450756549835	0.09360100328922272	0.029522892087697983	0.020555386319756508	-0.32909107208251953	0.1869976818561554	0.1803761124610901	-0.10863473266363144	0.4052387475967407	0.593936562538147	0.21917878091335297	0.044856272637844086	0.4800664782524109	0.22471857070922852	0.3605620563030243	0.43327727913856506	-0.4141269624233246	-0.13091889023780823	-0.22269460558891296	0.5736958384513855	0.22913245856761932	-0.06864169239997864	-0.05516026169061661
HIP-head-l-rh	0.1751551330089569	1.0	0.3678329586982727	0.14964152872562408	-0.21295274794101715	-0.1322048008441925	0.015410949476063251	0.2852359712123871	-0.2435302585363388	-0.003134001512080431	0.16064095497131348	-0.20752952992916107	0.022865571081638336	-0.31046515703201294	0.24629928171634674	0.2636753022670746	-0.04331735894083977	0.11087372899055481	0.4359962046146393	0.15416792035102844	0.011708475649356842	0.48659393191337585	0.36293354630470276	0.3937329351902008	0.6866636872291565	0.42696452140808105	0.06342112272977829	-0.17897632718086243	0.158868208527565	-0.16778577864170074	-0.14124535024166107	0.00453299842774868	-0.16527807712554932	0.20060406625270844	-0.06742601841688156	0.5005466341972351	-0.20947091281414032	-0.21685725450515747	-0.6278247833251953	0.16857025027275085	-0.03917524591088295	0.04980151727795601	-0.0801667645573616	0.3307218551635742	0.3362828493118286	-0.13790878653526306	0.14002324640750885	0.44409269094467163	0.18817748129367828	0.014964348636567593
HIP-body-rh	-0.04998636245727539	0.3678329586982727	1.0	0.05264152213931084	-0.1547854244709015	0.01724931225180626	0.050837136805057526	0.12155089527368546	-0.13091377913951874	0.17513279616832733	-0.18331699073314667	-0.0318145789206028	-0.26466983556747437	-0.08322533965110779	-0.03574589267373085	-0.0451834611594677	0.08283181488513947	0.05123544856905937	0.1852942705154419	-0.02089008316397667	-0.09020750224590302	0.26433447003364563	0.22550642490386963	-0.07282236218452454	0.2625355124473572	0.060312721878290176	0.1424032598733902	0.1988239735364914	-0.03614656999707222	-0.16294319927692413	-0.3447401225566864	0.07105260342359543	-0.11578867584466934	0.0680566057562828	-0.06544356048107147	0.19051122665405273	-0.21415399014949799	-0.2233995497226715	0.0029663629829883575	-0.038041021674871445	0.27494990825653076	-0.022933313623070717	-0.13697952032089233	0.14534927904605865	-0.2872341275215149	0.039451129734516144	-0.07065531611442566	0.5476939082145691	0.31912264227867126	0.02556840516626835
HIP-tail-rh	0.13409821689128876	0.14964152872562408	0.05264152213931084	1.0	-0.37362322211265564	-0.38434794545173645	-0.292197585105896	-0.22982367873191833	-0.2582886219024658	-0.46271079778671265	0.01979687251150608	-0.10269134491682053	0.07357924431562424	-0.03765816614031792	0.1124863550066948	-0.14005324244499207	-0.3471835255622864	-0.1984265148639679	0.255964070558548	0.3693334460258484	0.08238523453474045	0.2019885927438736	-0.12579524517059326	0.2591181695461273	0.3630721867084503	0.20340006053447723	0.17606982588768005	0.09063205122947693	0.3250691294670105	0.27486559748649597	0.03831874579191208	0.4672086536884308	-0.3642650246620178	-0.015899434685707092	-0.21122977137565613	0.11703690886497498	-0.1498350352048874	-0.11504477262496948	-0.356363445520401	-0.11289818584918976	-0.0828656405210495	-0.04299051687121391	-0.14764247834682465	0.2039189636707306	0.419786274433136	-0.23641769587993622	0.13538780808448792	0.30905812978744507	-0.10054022818803787	-0.4199138581752777
THA-VPm-rh	-0.04130106419324875	-0.21295274794101715	-0.1547854244709015	-0.37362322211265564	1.0	0.43849971890449524	0.39464136958122253	0.49842125177383423	0.12528029084205627	0.3413422405719757	0.025097480043768883	-0.2149462252855301	-0.30233892798423767	-0.09712302684783936	0.1785467267036438	0.4510584771633148	0.47688165307044983	0.22246186435222626	-0.5741048455238342	-0.3304707705974579	-0.2181287705898285	-0.31530606746673584	0.011394533328711987	-0.3955839276313782	-0.5253657102584839	-0.017895253375172615	-0.18090175092220306	-0.04391626641154289	-0.0837147906422615	-0.099799744784832	0.49260398745536804	-0.17513862252235413	0.5428418517112732	0.2078297734260559	0.23912347853183746	-0.32110702991485596	0.05268736183643341	0.19966545701026917	0.23167964816093445	0.04006186127662659	-0.009198125451803207	-0.14135505259037018	-0.08921307325363159	-0.342763751745224	-0.2777296304702759	0.14487197995185852	0.09266087412834167	-0.5439168214797974	-0.13984473049640656	0.42834070324897766
THA-VPl-rh	-0.28236931562423706	-0.1322048008441925	0.01724931225180626	-0.38434794545173645	0.43849971890449524	1.0	0.34241288900375366	0.3380586802959442	0.4080043137073517	0.19399778544902802	0.023276623338460922	0.15341565012931824	-0.16455121338367462	0.2090492844581604	-0.3624776005744934	-0.010017209686338902	0.05671555921435356	0.12674057483673096	-0.3247722387313843	0.07753466814756393	-0.1944492608308792	-0.32783451676368713	0.02395963855087757	0.1284889131784439	-0.22338749468326569	-0.1381005048751831	0.14189259707927704	0.24858646094799042	0.07686074078083038	0.3262399137020111	0.2098366618156433	0.3037487268447876	0.2888578772544861	0.11039934307336807	0.3006913661956787	-0.2806851267814636	-0.24115601181983948	-0.3630064129829407	0.3108665645122528	-0.40942901372909546	-0.27727028727531433	-0.2094118595123291	-0.10001088678836823	0.18259744346141815	-0.17806656658649445	-0.07752695679664612	-0.1156853511929512	-0.40012454986572266	0.118987537920475	0.4328421950340271
THA-VAi-rh	-0.3786250650882721	0.015410949476063251	0.050837136805057526	-0.292197585105896	0.39464136958122253	0.34241288900375366	1.0	0.4744599461555481	0.3195924460887909	0.3020526170730591	-0.022695211693644524	-0.06611459702253342	-0.40510326623916626	-0.22330999374389648	-0.16126097738742828	-0.018817346543073654	0.12630873918533325	0.07067068666219711	-0.29628080129623413	-0.508965015411377	0.0675274208188057	-0.21014615893363953	-0.03432663902640343	-0.1774437129497528	-0.3268277943134308	-0.25141623616218567	-0.030066555365920067	0.06954915821552277	-0.1778937131166458	-0.025348808616399765	0.33228665590286255	0.1810186356306076	0.16526518762111664	0.3693515658378601	0.6603869199752808	-0.40147465467453003	-0.485283225774765	-0.1069524884223938	-0.008996563032269478	-0.4412379562854767	-0.28474488854408264	-0.24092979729175568	-0.13380108773708344	0.320875883102417	-0.07799787819385529	0.10265989601612091	-0.5667554140090942	-0.44462719559669495	0.14639827609062195	0.49669358134269714
THA-VAs-rh	0.07229219377040863	0.2852359712123871	0.12155089527368546	-0.22982367873191833	0.49842125177383423	0.3380586802959442	0.4744599461555481	1.0	0.47637298703193665	0.35087883472442627	0.10979507118463516	-0.07953379303216934	-0.28004375100135803	-0.077083058655262	0.18708321452140808	0.43543440103530884	0.49395355582237244	0.36683380603790283	-0.14306293427944183	-0.11914227902889252	0.06317714601755142	-0.12588919699192047	0.3292008340358734	-0.02398701012134552	0.00013192558253649622	0.3451487421989441	-0.11860562860965729	-0.0936337262392044	0.08016765117645264	-0.09778431057929993	0.14528612792491913	-0.0010339398868381977	0.518557071685791	0.3726723790168762	0.39757823944091797	0.020968040451407433	-0.09621720016002655	-0.26934099197387695	-0.07798721641302109	0.02067582681775093	-0.0569758377969265	0.026783771812915802	0.09142236411571503	0.10573410242795944	-0.10867369174957275	-0.1255965381860733	0.08422376960515976	-0.06197810545563698	0.040639180690050125	0.5138275623321533
THA-DAm-rh	0.11178556084632874	-0.2435302585363388	-0.13091377913951874	-0.2582886219024658	0.12528029084205627	0.4080043137073517	0.3195924460887909	0.47637298703193665	1.0	0.3027271330356598	0.06314228475093842	0.1278093308210373	-0.0017929928144440055	0.04006050527095795	-0.15032677352428436	-0.0007517292397096753	0.24931780993938446	0.27002984285354614	-0.1275935173034668	0.008996537886559963	0.34965014457702637	-0.3642463684082031	0.33089056611061096	-0.0526152104139328	-0.1313018500804901	0.0056605106219649315	-0.23992890119552612	-0.013116714544594288	0.1203814297914505	0.26940104365348816	-0.034115616232156754	0.08990255743265152	0.6447968482971191	0.2704813480377197	0.47050216794013977	-0.18146027624607086	0.0455663837492466	-0.3177798092365265	0.36244696378707886	-0.03127284348011017	-0.04492783918976784	0.38871198892593384	0.5257238745689392	0.03674148768186569	-0.3129558563232422	-0.054400794208049774	-0.050098322331905365	-0.11933454126119614	0.12341137230396271	0.5178901553153992
THA-DAl-rh	0.03146614134311676	-0.003134001512080431	0.17513279616832733	-0.46271079778671265	0.3413422405719757	0.19399778544902802	0.3020526170730591	0.35087883472442627	0.3027271330356598	1.0	0.3496450185775757	0.07569613307714462	-0.22576133906841278	0.012169367633759975	0.15042831003665924	0.5186722874641418	0.4948071837425232	0.3497864305973053	-0.3166886866092682	-0.33240070939064026	-0.08837385475635529	-0.06536807119846344	0.32717764377593994	-0.4974309504032135	-0.24188293516635895	-0.22765116393566132	-0.5906295776367188	-0.5942187905311584	-0.584448516368866	-0.3271304965019226	-0.051671095192432404	-0.2610543668270111	0.5444170236587524	0.3470819294452667	0.1359703689813614	0.030083270743489265	0.05226678028702736	0.1939854770898819	0.15321341156959534	0.30265694856643677	0.3264656364917755	0.08492981642484665	0.24895109236240387	-0.3629870116710663	-0.6415237188339233	0.17430312931537628	0.008697301149368286	0.002001380082219839	0.2725999653339386	0.588124692440033
PUT-VA-rh	0.3035149574279785	0.16064095497131348	-0.18331699073314667	0.01979687251150608	0.025097480043768883	0.023276623338460922	-0.022695211693644524	0.10979507118463516	0.06314228475093842	0.3496450185775757	1.0	0.4329978823661804	0.4033925235271454	0.4012390375137329	0.037507958710193634	0.317871630191803	-0.11214161664247513	0.19211919605731964	-0.2087436318397522	0.1595323085784912	0.06156723201274872	0.1798117756843567	0.4489939212799072	0.0645831897854805	0.12466535717248917	-0.13284483551979065	-0.6563760042190552	-0.6879252195358276	-0.2613407373428345	0.13085231184959412	-0.08382055163383484	-0.038888316601514816	0.03467240929603577	0.08208471536636353	-0.2639157772064209	0.4143490493297577	0.13459134101867676	0.10453473776578903	-0.11082983016967773	0.1069105789065361	0.0912722498178482	-0.1514722853899002	-0.13309600949287415	-0.04707745835185051	-0.18987494707107544	-0.33651602268218994	0.3369952440261841	0.05986035242676735	-0.034120604395866394	0.2465863674879074
PUT-DA-rh	0.23253238201141357	-0.20752952992916107	-0.0318145789206028	-0.10269134491682053	-0.2149462252855301	0.15341565012931824	-0.06611459702253342	-0.07953379303216934	0.1278093308210373	0.07569613307714462	0.4329978823661804	1.0	0.44627854228019714	0.761840283870697	-0.4979586899280548	-0.13569477200508118	-0.1473454385995865	-0.0873432457447052	-0.22229474782943726	0.10199519991874695	0.06756215542554855	0.10027307271957397	0.1691799908876419	0.14843450486660004	0.04054208844900131	-0.3848513662815094	-0.21731036901474	-0.09499718993902206	-0.21764898300170898	0.08803068101406097	-0.0004050150455441326	0.09740471094846725	-0.13953673839569092	-0.1229613721370697	-0.1020134687423706	0.43355998396873474	0.14119721949100494	-0.09921547025442123	0.24560508131980896	-0.2856557071208954	0.2255955934524536	-0.3258724808692932	-0.17945918440818787	-0.04638373479247093	-0.3768313527107239	-0.6577005386352539	0.31766319274902344	0.11152216047048569	-0.29664215445518494	-0.09006998687982559
PUT-VP-rh	0.539925217628479	0.022865571081638336	-0.26466983556747437	0.07357924431562424	-0.30233892798423767	-0.16455121338367462	-0.40510326623916626	-0.28004375100135803	-0.0017929928144440055	-0.22576133906841278	0.4033925235271454	0.44627854228019714	1.0	0.3955431878566742	-0.14548298716545105	0.03301661089062691	-0.3005388081073761	-0.2254076451063156	0.200643852353096	0.2998163104057312	0.38027238845825195	0.2546370327472687	0.2999346852302551	0.24364285171031952	0.26719000935554504	-0.018869265913963318	-0.3745999336242676	-0.3416326344013214	0.05394303798675537	0.12804536521434784	-0.0829017236828804	-0.34471768140792847	-0.15149377286434174	-0.197967529296875	-0.2813388407230377	0.4579378366470337	0.4760124981403351	0.21150320768356323	0.11225295066833496	0.19744527339935303	0.23959597945213318	0.2603685259819031	0.08999154716730118	-0.17429259419441223	-0.09731582552194595	-0.2549970746040344	0.4135016202926636	0.05024959146976471	-0.36187613010406494	-0.2943202257156372
PUT-DP-rh	0.22773796319961548	-0.31046515703201294	-0.08322533965110779	-0.03765816614031792	-0.09712302684783936	0.2090492844581604	-0.22330999374389648	-0.077083058655262	0.04006050527095795	0.012169367633759975	0.4012390375137329	0.761840283870697	0.3955431878566742	1.0	-0.2395191788673401	-0.18306386470794678	-0.19843068718910217	0.02957203797996044	-0.1702502965927124	0.24662180244922638	0.03195834159851074	-0.12342173606157303	0.056822407990694046	0.1852700263261795	0.13140779733657837	-0.1552094966173172	-0.1692691594362259	-0.15197430551052094	-0.16625207662582397	0.3020350933074951	0.03442254662513733	0.13063248991966248	-0.2247866839170456	-0.26412543654441833	-0.21861062943935394	0.2701023817062378	0.1404237300157547	-0.04015379399061203	0.25474411249160767	-0.2660137116909027	0.09195201843976974	-0.26463547348976135	-0.15023891627788544	-0.011532612144947052	-0.20121292769908905	-0.4950442612171173	0.3286830484867096	0.01515148300677538	-0.1607499122619629	-0.12314532697200775
CAU-VA-rh	0.24153278768062592	0.24629928171634674	-0.03574589267373085	0.1124863550066948	0.1785467267036438	-0.3624776005744934	-0.16126097738742828	0.18708321452140808	-0.15032677352428436	0.15042831003665924	0.037507958710193634	-0.4979586899280548	-0.14548298716545105	-0.2395191788673401	1.0	0.4547733962535858	0.24046097695827484	0.12099135667085648	-0.044776733964681625	-0.032581981271505356	0.07821480929851532	0.07924134284257889	0.18554076552391052	-0.11516669392585754	0.2744749188423157	0.33944910764694214	-0.19634510576725006	-0.3202078640460968	0.0871875137090683	-0.04568091407418251	0.05147843435406685	-0.1881873607635498	0.17635497450828552	0.19906342029571533	-0.05394561588764191	0.10559123754501343	0.03225155919790268	0.4525951147079468	-0.2757062017917633	0.46509018540382385	0.11910708993673325	0.3709775507450104	0.22025392949581146	-0.14183080196380615	0.23774933815002441	0.2709781229496002	0.2898017168045044	0.1954890787601471	0.11139644682407379	-0.06258678436279297
CAU-DA-rh	0.18720199167728424	0.2636753022670746	-0.0451834611594677	-0.14005324244499207	0.4510584771633148	-0.010017209686338902	-0.018817346543073654	0.43543440103530884	-0.0007517292397096753	0.5186722874641418	0.317871630191803	-0.13569477200508118	0.03301661089062691	-0.18306386470794678	0.4547733962535858	1.0	0.5667250156402588	0.30464527010917664	-0.22460825741291046	-0.15448147058486938	-0.1528208702802658	0.24124471843242645	0.2667525112628937	-0.35730528831481934	-0.08102188259363174	0.0510210357606411	-0.5378400683403015	-0.5531920194625854	-0.1398129165172577	-0.4219748079776764	0.046743180602788925	-0.42651137709617615	0.5096510648727417	0.29936957359313965	-0.15809491276741028	0.27921760082244873	0.24643629789352417	0.24702607095241547	-0.16809597611427307	0.5689800977706909	0.3887755572795868	0.1395411640405655	0.03202763944864273	-0.5094146132469177	-0.27787819504737854	0.0682186484336853	0.38479602336883545	0.01865442655980587	-0.2627421021461487	0.25164517760276794
CAU-body-rh	-0.006849334109574556	-0.04331735894083977	0.08283181488513947	-0.3471835255622864	0.47688165307044983	0.05671555921435356	0.12630873918533325	0.49395355582237244	0.24931780993938446	0.4948071837425232	-0.11214161664247513	-0.1473454385995865	-0.3005388081073761	-0.19843068718910217	0.24046097695827484	0.5667250156402588	1.0	0.42281726002693176	-0.33393827080726624	-0.4120919704437256	-0.10405517369508743	-0.019780268892645836	0.16829092800617218	-0.5376171469688416	-0.19724984467029572	-0.020889606326818466	-0.269291490316391	-0.11167917400598526	-0.17728258669376373	-0.5879309773445129	0.007133995648473501	-0.37485870718955994	0.7026511430740356	-0.013811086304485798	-0.025988727807998657	0.08424362540245056	0.17457471787929535	0.010027050040662289	0.15465988218784332	0.335833340883255	0.39706623554229736	0.06991573423147202	0.18262416124343872	-0.5160067677497864	-0.4731830060482025	-0.0020677181892096996	0.23121459782123566	0.006550483871251345	-0.14037592709064484	0.3585226535797119
CAU-tail-rh	0.23094959557056427	0.11087372899055481	0.05123544856905937	-0.1984265148639679	0.22246186435222626	0.12674057483673096	0.07067068666219711	0.36683380603790283	0.27002984285354614	0.3497864305973053	0.19211919605731964	-0.0873432457447052	-0.2254076451063156	0.02957203797996044	0.12099135667085648	0.30464527010917664	0.42281726002693176	1.0	0.06544720381498337	-3.3807453291956335e-05	-0.08385011553764343	-0.25518301129341125	0.23749886453151703	-0.11658912897109985	-0.030619392171502113	0.2975078225135803	-0.24446971714496613	-0.30788078904151917	0.10413745045661926	-0.20401781797409058	-0.2979806661605835	-0.22175584733486176	0.35908257961273193	0.1854037344455719	-0.07519344985485077	0.06352872401475906	0.20029054582118988	-0.2640368640422821	-0.07642769813537598	0.35401007533073425	0.01345080230385065	0.12912143766880035	0.28672513365745544	-0.30229753255844116	-0.18836282193660736	0.04051130264997482	0.050568997859954834	-0.02859332598745823	0.004151743371039629	0.547167181968689
lAMY-rh	0.15273167192935944	0.4359962046146393	0.1852942705154419	0.255964070558548	-0.5741048455238342	-0.3247722387313843	-0.29628080129623413	-0.14306293427944183	-0.1275935173034668	-0.3166886866092682	-0.2087436318397522	-0.22229474782943726	0.200643852353096	-0.1702502965927124	-0.044776733964681625	-0.22460825741291046	-0.33393827080726624	0.06544720381498337	1.0	0.3583620488643646	0.11655324697494507	0.18811428546905518	0.044644150882959366	0.3590543866157532	0.44876453280448914	0.408670574426651	0.29318341612815857	-0.010416661389172077	0.2984980046749115	-0.0665019229054451	-0.2663111090660095	-0.024865733459591866	-0.40972527861595154	-0.01901943050324917	-0.009156431071460247	0.1293296366930008	0.061386264860630035	-0.2319180816411972	-0.41168588399887085	0.2253698855638504	0.0017776604508981109	0.38542798161506653	0.2111636847257614	0.22994594275951385	0.35341528058052063	0.21162302792072296	-0.13162150979042053	0.3002696633338928	0.11583302170038223	-0.2366809844970703
mAMY-rh	0.3681725859642029	0.15416792035102844	-0.02089008316397667	0.3693334460258484	-0.3304707705974579	0.07753466814756393	-0.508965015411377	-0.11914227902889252	0.008996537886559963	-0.33240070939064026	0.1595323085784912	0.10199519991874695	0.2998163104057312	0.24662180244922638	-0.032581981271505356	-0.15448147058486938	-0.4120919704437256	-3.3807453291956335e-05	0.3583620488643646	1.0	0.29230162501335144	-0.07355084270238876	0.09774458408355713	0.5773695111274719	0.4741768538951874	0.36370882391929626	0.2258157730102539	0.04552118107676506	0.29609987139701843	0.5406266450881958	-0.15688712894916534	0.14511452615261078	-0.17440538108348846	-0.020526157692074776	-0.1915607750415802	0.10134536027908325	0.19718605279922485	-0.22644521296024323	-0.01651611179113388	0.044572245329618454	-0.19714663922786713	0.16831140220165253	0.08575151115655899	0.12774524092674255	0.344953715801239	-0.21430686116218567	0.20980258285999298	0.2145247906446457	0.06552056968212128	-0.2328294813632965
THA-DP-rh	0.48617544770240784	0.011708475649356842	-0.09020750224590302	0.08238523453474045	-0.2181287705898285	-0.1944492608308792	0.0675274208188057	0.06317714601755142	0.34965014457702637	-0.08837385475635529	0.06156723201274872	0.06756215542554855	0.38027238845825195	0.03195834159851074	0.07821480929851532	-0.1528208702802658	-0.10405517369508743	-0.08385011553764343	0.11655324697494507	0.29230162501335144	1.0	-0.2621555030345917	0.3051570951938629	0.17047226428985596	0.302021324634552	0.17692655324935913	-0.1419341266155243	-0.11617738753557205	0.03192871809005737	0.190715953707695	-0.03633449599146843	-0.13210460543632507	0.08973468840122223	0.31831854581832886	0.13536173105239868	0.03306640312075615	0.21734179556369781	0.019694462418556213	0.036950062960386276	0.05373378098011017	-0.12979771196842194	0.3029465079307556	0.39557209610939026	0.04770393669605255	0.0305672325193882	-0.0004948278656229377	-0.10229090601205826	0.07320043444633484	0.14951066672801971	-0.03348492458462715
NAc-shell-rh	-0.024290096014738083	0.48659393191337585	0.26433447003364563	0.2019885927438736	-0.31530606746673584	-0.32783451676368713	-0.21014615893363953	-0.12588919699192047	-0.3642463684082031	-0.06536807119846344	0.1798117756843567	0.10027307271957397	0.2546370327472687	-0.12342173606157303	0.07924134284257889	0.24124471843242645	-0.019780268892645836	-0.25518301129341125	0.18811428546905518	-0.07355084270238876	-0.2621555030345917	1.0	0.3110630214214325	0.14743955433368683	0.3289016783237457	-0.15968993306159973	-0.22307346761226654	-0.13740426301956177	-0.045946504920721054	-0.2822141647338867	-0.2624953091144562	-0.13339273631572723	-0.2430797815322876	-0.13794107735157013	-0.3151196241378784	0.5927544832229614	-0.2509792447090149	0.025766616687178612	-0.42184239625930786	0.16534419357776642	0.5492412447929382	0.07650506496429443	-0.2954605519771576	0.07275637239217758	-0.015917403623461723	-0.3238537907600403	0.38083115220069885	0.46379590034484863	-0.322998970746994	-0.33499574661254883
NAc-core-rh	0.5639970898628235	0.36293354630470276	0.22550642490386963	-0.12579524517059326	0.011394533328711987	0.02395963855087757	-0.03432663902640343	0.3292008340358734	0.33089056611061096	0.32717764377593994	0.4489939212799072	0.1691799908876419	0.2999346852302551	0.056822407990694046	0.18554076552391052	0.2667525112628937	0.16829092800617218	0.23749886453151703	0.044644150882959366	0.09774458408355713	0.3051570951938629	0.3110630214214325	1.0	0.18788540363311768	0.30215901136398315	0.13818708062171936	-0.5180266499519348	-0.37742021679878235	-0.06480235606431961	-0.051100458949804306	-0.17966485023498535	-0.2168922871351242	0.3389687240123749	0.31306490302085876	-0.030999979004263878	0.4085785448551178	0.12785522639751434	-0.02405546046793461	-0.09731274098157883	0.3398449420928955	0.35717225074768066	0.347647488117218	0.34145691990852356	-0.09161779284477234	-0.36693739891052246	-0.23735325038433075	0.4203963875770569	0.28493160009384155	0.189316987991333	0.28126341104507446
pGP-rh	0.1768217533826828	0.3937329351902008	-0.07282236218452454	0.2591181695461273	-0.3955839276313782	0.1284889131784439	-0.1774437129497528	-0.02398701012134552	-0.0526152104139328	-0.4974309504032135	0.0645831897854805	0.14843450486660004	0.24364285171031952	0.1852700263261795	-0.11516669392585754	-0.35730528831481934	-0.5376171469688416	-0.11658912897109985	0.3590543866157532	0.5773695111274719	0.17047226428985596	0.14743955433368683	0.18788540363311768	1.0	0.5543060898780823	0.3802393078804016	0.3409815728664398	0.2338714599609375	0.39590102434158325	0.4240361452102661	-0.08674759417772293	0.3598271310329437	-0.4339416027069092	0.0981765165925026	-0.04577729105949402	0.23096592724323273	-0.2137317657470703	-0.36370185017585754	-0.42072582244873047	-0.3346457779407501	-0.4279545545578003	-0.0038264936301857233	0.014571075327694416	0.5800760984420776	0.5641045570373535	-0.39919784665107727	0.04254191368818283	0.06137542799115181	0.030868297442793846	-0.14848801493644714
aGP-rh	0.37287670373916626	0.6866636872291565	0.2625355124473572	0.3630721867084503	-0.5253657102584839	-0.22338749468326569	-0.3268277943134308	0.00013192558253649622	-0.1313018500804901	-0.24188293516635895	0.12466535717248917	0.04054208844900131	0.26719000935554504	0.13140779733657837	0.2744749188423157	-0.08102188259363174	-0.19724984467029572	-0.030619392171502113	0.44876453280448914	0.4741768538951874	0.302021324634552	0.3289016783237457	0.30215901136398315	0.5543060898780823	1.0	0.4020475447177887	0.11763277649879456	-0.06919527053833008	0.25925692915916443	0.19363437592983246	-0.13341182470321655	0.14764142036437988	-0.28888076543807983	-0.08561443537473679	-0.1778230518102646	0.567442774772644	-0.08257352560758591	-0.21496137976646423	-0.39648622274398804	0.01862087845802307	-0.04142721742391586	0.14839614927768707	0.07777924090623856	0.3584158718585968	0.4293576776981354	-0.3657689690589905	0.32266631722450256	0.5700570344924927	0.2021353840827942	-0.2838180959224701
HIP-head-m-lh	0.415670782327652	0.42696452140808105	0.060312721878290176	0.20340006053447723	-0.017895253375172615	-0.1381005048751831	-0.25141623616218567	0.3451487421989441	0.0056605106219649315	-0.22765116393566132	-0.13284483551979065	-0.3848513662815094	-0.018869265913963318	-0.1552094966173172	0.33944910764694214	0.0510210357606411	-0.020889606326818466	0.2975078225135803	0.408670574426651	0.36370882391929626	0.17692655324935913	-0.15968993306159973	0.13818708062171936	0.3802393078804016	0.4020475447177887	1.0	0.26746049523353577	0.033842552453279495	0.48689207434654236	0.08860059827566147	-0.16717278957366943	-0.045476146042346954	0.05533139407634735	0.17412279546260834	-0.016602732241153717	0.15809591114521027	0.2450147420167923	-0.23265491425991058	-0.2534917891025543	0.3051726818084717	-0.3240693509578705	0.32165566086769104	0.38788530230522156	0.09471962600946426	0.415989488363266	0.0418674498796463	0.16501863300800323	0.1771908700466156	0.16711871325969696	0.14660677313804626
HIP-head-l-l	-0.3193458020687103	0.06342112272977829	0.1424032598733902	0.17606982588768005	-0.18090175092220306	0.14189259707927704	-0.030066555365920067	-0.11860562860965729	-0.23992890119552612	-0.5906295776367188	-0.6563760042190552	-0.21731036901474	-0.3745999336242676	-0.1692691594362259	-0.19634510576725006	-0.5378400683403015	-0.269291490316391	-0.24446971714496613	0.29318341612815857	0.2258157730102539	-0.1419341266155243	-0.22307346761226654	-0.5180266499519348	0.3409815728664398	0.11763277649879456	0.26746049523353577	1.0	0.7992647290229797	0.3753385841846466	0.18818947672843933	0.16662605106830597	0.4679561257362366	-0.3723379671573639	-0.1345697045326233	0.2075585275888443	-0.3122864365577698	-0.2780427634716034	-0.3281914293766022	-0.06706705689430237	-0.39672014117240906	-0.4810086190700531	-0.2348528504371643	-0.19957706332206726	0.38966456055641174	0.5698138475418091	0.06644228100776672	-0.3080286979675293	0.030770178884267807	0.14901581406593323	-0.32849350571632385
HIP-body-l	-0.3785450756549835	-0.17897632718086243	0.1988239735364914	0.09063205122947693	-0.04391626641154289	0.24858646094799042	0.06954915821552277	-0.0936337262392044	-0.013116714544594288	-0.5942187905311584	-0.6879252195358276	-0.09499718993902206	-0.3416326344013214	-0.15197430551052094	-0.3202078640460968	-0.5531920194625854	-0.11167917400598526	-0.30788078904151917	-0.010416661389172077	0.04552118107676506	-0.11617738753557205	-0.13740426301956177	-0.37742021679878235	0.2338714599609375	-0.06919527053833008	0.033842552453279495	0.7992647290229797	1.0	0.46546071767807007	0.19917835295200348	0.12940242886543274	0.395683228969574	-0.20376713573932648	-0.19012673199176788	0.19713549315929413	-0.29998230934143066	-0.28477057814598083	-0.3863532245159149	0.18056727945804596	-0.5276658535003662	-0.29667332768440247	-0.2110196352005005	-0.20242074131965637	0.3505104184150696	0.28464218974113464	-0.07487186044454575	-0.24863581359386444	-0.06398378312587738	-0.028870169073343277	-0.24886900186538696
HIP-tail-lh	0.09360100328922272	0.158868208527565	-0.03614656999707222	0.3250691294670105	-0.0837147906422615	0.07686074078083038	-0.1778937131166458	0.08016765117645264	0.1203814297914505	-0.584448516368866	-0.2613407373428345	-0.21764898300170898	0.05394303798675537	-0.16625207662582397	0.0871875137090683	-0.1398129165172577	-0.17728258669376373	0.10413745045661926	0.2984980046749115	0.29609987139701843	0.03192871809005737	-0.045946504920721054	-0.06480235606431961	0.39590102434158325	0.25925692915916443	0.48689207434654236	0.3753385841846466	0.46546071767807007	1.0	0.3409114181995392	0.00767738651484251	0.18618051707744598	-0.1083056628704071	0.07916004210710526	0.12728416919708252	0.08229121565818787	0.0980638638138771	-0.3349837064743042	-0.11025998741388321	-0.01976161077618599	-0.2789105176925659	0.3042140007019043	0.1569768488407135	0.24121230840682983	0.4747697412967682	-0.035482414066791534	0.12010584026575089	-0.03665461763739586	-0.2393355816602707	-0.11919496208429337
THA-VPm-lh	0.029522892087697983	-0.16778577864170074	-0.16294319927692413	0.27486559748649597	-0.099799744784832	0.3262399137020111	-0.025348808616399765	-0.09778431057929993	0.26940104365348816	-0.3271304965019226	0.13085231184959412	0.08803068101406097	0.12804536521434784	0.3020350933074951	-0.04568091407418251	-0.4219748079776764	-0.5879309773445129	-0.20401781797409058	-0.0665019229054451	0.5406266450881958	0.190715953707695	-0.2822141647338867	-0.051100458949804306	0.4240361452102661	0.19363437592983246	0.08860059827566147	0.18818947672843933	0.19917835295200348	0.3409114181995392	1.0	0.1273709535598755	0.5049558877944946	-0.12171638011932373	0.055697761476039886	0.23390015959739685	-0.23810720443725586	-0.12304741889238358	-0.1062449961900711	0.24750089645385742	-0.3825960159301758	-0.46880120038986206	0.10812921822071075	0.028433216735720634	0.4388187825679779	0.36439499258995056	-0.1362876445055008	0.010562420822679996	-0.09148360043764114	0.17656171321868896	-0.09903111308813095
THA-VPl-lh	0.020555386319756508	-0.14124535024166107	-0.3447401225566864	0.03831874579191208	0.49260398745536804	0.2098366618156433	0.33228665590286255	0.14528612792491913	-0.034115616232156754	-0.051671095192432404	-0.08382055163383484	-0.0004050150455441326	-0.0829017236828804	0.03442254662513733	0.05147843435406685	0.046743180602788925	0.007133995648473501	-0.2979806661605835	-0.2663111090660095	-0.15688712894916534	-0.03633449599146843	-0.2624953091144562	-0.17966485023498535	-0.08674759417772293	-0.13341182470321655	-0.16717278957366943	0.16662605106830597	0.12940242886543274	0.00767738651484251	0.1273709535598755	1.0	0.22036661207675934	0.06404625624418259	0.07933683693408966	0.4849734902381897	-0.3136429190635681	-0.07113055139780045	0.24450631439685822	0.058477532118558884	-0.26171180605888367	-0.1770501434803009	-0.27332836389541626	-0.15154336392879486	-0.03707350045442581	0.18078665435314178	-0.038767509162425995	0.030477436259388924	-0.49131977558135986	-0.05147488787770271	-0.08942611515522003
THA-VAi-lh	-0.32909107208251953	0.00453299842774868	0.07105260342359543	0.4672086536884308	-0.17513862252235413	0.3037487268447876	0.1810186356306076	-0.0010339398868381977	0.08990255743265152	-0.2610543668270111	-0.038888316601514816	0.09740471094846725	-0.34471768140792847	0.13063248991966248	-0.1881873607635498	-0.42651137709617615	-0.37485870718955994	-0.22175584733486176	-0.024865733459591866	0.14511452615261078	-0.13210460543632507	-0.13339273631572723	-0.2168922871351242	0.3598271310329437	0.14764142036437988	-0.045476146042346954	0.4679561257362366	0.395683228969574	0.18618051707744598	0.5049558877944946	0.22036661207675934	1.0	-0.2652766704559326	0.10383736342191696	0.17698147892951965	-0.18870258331298828	-0.5877600908279419	-0.3828158378601074	-0.20403838157653809	-0.6527612209320068	-0.4497370421886444	-0.3650280237197876	-0.23266226053237915	0.6174873113632202	0.3647439181804657	-0.22453539073467255	-0.18369674682617188	0.07492583990097046	0.23394888639450073	-0.05342214182019234
THA-VAs-lh	0.1869976818561554	-0.16527807712554932	-0.11578867584466934	-0.3642650246620178	0.5428418517112732	0.2888578772544861	0.16526518762111664	0.518557071685791	0.6447968482971191	0.5444170236587524	0.03467240929603577	-0.13953673839569092	-0.15149377286434174	-0.2247866839170456	0.17635497450828552	0.5096510648727417	0.7026511430740356	0.35908257961273193	-0.40972527861595154	-0.17440538108348846	0.08973468840122223	-0.2430797815322876	0.3389687240123749	-0.4339416027069092	-0.28888076543807983	0.05533139407634735	-0.3723379671573639	-0.20376713573932648	-0.1083056628704071	-0.12171638011932373	0.06404625624418259	-0.2652766704559326	1.0	0.24413125216960907	0.23735496401786804	-0.11764005571603775	0.2803010046482086	0.054133038967847824	0.3959013819694519	0.4077804982662201	0.23192481696605682	0.3621301054954529	0.42018622159957886	-0.495514839887619	-0.5059998035430908	0.051341164857149124	0.25350505113601685	-0.11600907146930695	0.017442738637328148	0.5613906383514404
THA-DAm-lh	0.1803761124610901	0.20060406625270844	0.0680566057562828	-0.015899434685707092	0.2078297734260559	0.11039934307336807	0.3693515658378601	0.3726723790168762	0.2704813480377197	0.3470819294452667	0.08208471536636353	-0.1229613721370697	-0.197967529296875	-0.26412543654441833	0.19906342029571533	0.29936957359313965	-0.013811086304485798	0.1854037344455719	-0.01901943050324917	-0.020526157692074776	0.31831854581832886	-0.13794107735157013	0.31306490302085876	0.0981765165925026	-0.08561443537473679	0.17412279546260834	-0.1345697045326233	-0.19012673199176788	0.07916004210710526	0.055697761476039886	0.07933683693408966	0.10383736342191696	0.24413125216960907	1.0	0.3807148337364197	-0.08436483144760132	-0.08954684436321259	0.01298896037042141	-0.3099573850631714	0.13827788829803467	-0.13983918726444244	0.24478472769260406	0.342792809009552	0.013937238603830338	-0.039810288697481155	0.21068741381168365	-0.18218854069709778	-0.07717550545930862	0.12860934436321259	0.3597453534603119
THA-DAl-lh	-0.10863473266363144	-0.06742601841688156	-0.06544356048107147	-0.21122977137565613	0.23912347853183746	0.3006913661956787	0.6603869199752808	0.39757823944091797	0.47050216794013977	0.1359703689813614	-0.2639157772064209	-0.1020134687423706	-0.2813388407230377	-0.21861062943935394	-0.05394561588764191	-0.15809491276741028	-0.025988727807998657	-0.07519344985485077	-0.009156431071460247	-0.1915607750415802	0.13536173105239868	-0.3151196241378784	-0.030999979004263878	-0.04577729105949402	-0.1778230518102646	-0.016602732241153717	0.2075585275888443	0.19713549315929413	0.12728416919708252	0.23390015959739685	0.4849734902381897	0.17698147892951965	0.23735496401786804	0.3807148337364197	1.0	-0.4696139097213745	-0.20897680521011353	0.0149930939078331	0.1859302818775177	-0.2161238044500351	-0.23464666306972504	0.19483405351638794	0.2325635403394699	0.22969521582126617	0.08334245532751083	0.15960854291915894	-0.32848474383354187	-0.37149837613105774	0.20169776678085327	0.2705771028995514
PUT-VA-lh	0.4052387475967407	0.5005466341972351	0.19051122665405273	0.11703690886497498	-0.32110702991485596	-0.2806851267814636	-0.40147465467453003	0.020968040451407433	-0.18146027624607086	0.030083270743489265	0.4143490493297577	0.43355998396873474	0.4579378366470337	0.2701023817062378	0.10559123754501343	0.27921760082244873	0.08424362540245056	0.06352872401475906	0.1293296366930008	0.10134536027908325	0.03306640312075615	0.5927544832229614	0.4085785448551178	0.23096592724323273	0.567442774772644	0.15809591114521027	-0.3122864365577698	-0.29998230934143066	0.08229121565818787	-0.23810720443725586	-0.3136429190635681	-0.18870258331298828	-0.11764005571603775	-0.08436483144760132	-0.4696139097213745	1.0	0.20286329090595245	-0.12369067966938019	-0.31132015585899353	0.2674737870693207	0.40246468782424927	0.012792143039405346	-0.0719577819108963	-0.07079242169857025	-0.08663130551576614	-0.5497307777404785	0.6446771025657654	0.5939099192619324	-0.281141459941864	-0.11681291460990906
PUT-DA-l	0.593936562538147	-0.20947091281414032	-0.21415399014949799	-0.1498350352048874	0.05268736183643341	-0.24115601181983948	-0.485283225774765	-0.09621720016002655	0.0455663837492466	0.05226678028702736	0.13459134101867676	0.14119721949100494	0.4760124981403351	0.1404237300157547	0.03225155919790268	0.24643629789352417	0.17457471787929535	0.20029054582118988	0.061386264860630035	0.19718605279922485	0.21734179556369781	-0.2509792447090149	0.12785522639751434	-0.2137317657470703	-0.08257352560758591	0.2450147420167923	-0.2780427634716034	-0.28477057814598083	0.0980638638138771	-0.12304741889238358	-0.07113055139780045	-0.5877600908279419	0.2803010046482086	-0.08954684436321259	-0.20897680521011353	0.20286329090595245	1.0	0.33232927322387695	0.42874374985694885	0.5810299515724182	0.20935118198394775	0.3151509165763855	0.3615449368953705	-0.6341910362243652	-0.2766406536102295	0.09061134606599808	0.3843208849430084	-0.05438455194234848	-0.16700907051563263	0.01815122924745083
PUT-VP-lh	0.21917878091335297	-0.21685725450515747	-0.2233995497226715	-0.11504477262496948	0.19966545701026917	-0.3630064129829407	-0.1069524884223938	-0.26934099197387695	-0.3177798092365265	0.1939854770898819	0.10453473776578903	-0.09921547025442123	0.21150320768356323	-0.04015379399061203	0.4525951147079468	0.24702607095241547	0.010027050040662289	-0.2640368640422821	-0.2319180816411972	-0.22644521296024323	0.019694462418556213	0.025766616687178612	-0.02405546046793461	-0.36370185017585754	-0.21496137976646423	-0.23265491425991058	-0.3281914293766022	-0.3863532245159149	-0.3349837064743042	-0.1062449961900711	0.24450631439685822	-0.3828158378601074	0.054133038967847824	0.01298896037042141	0.0149930939078331	-0.12369067966938019	0.33232927322387695	1.0	0.22788383066654205	0.33413106203079224	0.28252825140953064	0.23176610469818115	0.04039885848760605	-0.41636496782302856	-0.16049928963184357	0.34891894459724426	0.1402786821126938	-0.18854078650474548	-0.08779734373092651	-0.24399301409721375
PUT-DP-lh	0.044856272637844086	-0.6278247833251953	0.0029663629829883575	-0.356363445520401	0.23167964816093445	0.3108665645122528	-0.008996563032269478	-0.07798721641302109	0.36244696378707886	0.15321341156959534	-0.11082983016967773	0.24560508131980896	0.11225295066833496	0.25474411249160767	-0.2757062017917633	-0.16809597611427307	0.15465988218784332	-0.07642769813537598	-0.41168588399887085	-0.01651611179113388	0.036950062960386276	-0.42184239625930786	-0.09731274098157883	-0.42072582244873047	-0.39648622274398804	-0.2534917891025543	-0.06706705689430237	0.18056727945804596	-0.11025998741388321	0.24750089645385742	0.058477532118558884	-0.20403838157653809	0.3959013819694519	-0.3099573850631714	0.1859302818775177	-0.31132015585899353	0.42874374985694885	0.22788383066654205	1.0	-0.037650492042303085	0.10682997107505798	0.11027538776397705	0.13558293879032135	-0.3360385596752167	-0.5014423727989197	0.07036945968866348	0.05252469331026077	-0.20501233637332916	0.04248592630028725	0.0826103612780571
